"cod_uf";"uf";"municipio_codigo";"COD_MUN";"municipio";"capitais";"NOME_CATMETROPOL";"tipo";"2000";"2001";"2002";"2003";"2004";"2005";"2006";"2007";"2008";"2009";"2010";"2011";"2012";"2013";"2014";"2015";"2016";"2017";"2018";"2019";"2020";"2021";"2022";"2023";"2024"
11;"RO";1100015;"110001";"Alta Floresta D'Oeste";"Não";"-";"Total";2;3;1;NA;4;1;4;1;3;7;5;NA;1;2;3;5;3;3;NA;3;3;1;2;1;NA
11;"RO";1100023;"110002";"Ariquemes";"Não";"-";"Total";9;8;12;14;17;13;11;11;18;21;24;30;28;31;20;28;25;19;23;22;17;21;23;28;NA
11;"RO";1100031;"110003";"Cabixi";"Não";"-";"Total";NA;NA;NA;NA;NA;NA;NA;NA;NA;NA;NA;NA;1;NA;1;1;1;1;1;1;NA;1;1;NA;NA
11;"RO";1100049;"110004";"Cacoal";"Não";"-";"Total";11;11;7;7;8;4;13;5;3;9;14;12;27;19;14;18;48;66;32;43;47;55;55;52;NA
11;"RO";1100056;"110005";"Cerejeiras";"Não";"-";"Total";1;NA;NA;1;1;1;1;1;NA;1;4;4;4;3;NA;4;3;2;2;1;1;NA;2;4;NA
11;"RO";1100064;"110006";"Colorado do Oeste";"Não";"-";"Total";NA;NA;2;NA;NA;NA;1;NA;NA;NA;4;3;3;2;NA;3;1;1;4;2;NA;NA;3;1;NA
11;"RO";1100072;"110007";"Corumbiara";"Não";"-";"Total";NA;NA;NA;NA;NA;2;NA;NA;NA;NA;NA;1;NA;NA;1;2;NA;1;1;NA;3;2;NA;NA;NA
11;"RO";1100080;"110008";"Costa Marques";"Não";"-";"Total";NA;1;NA;NA;NA;NA;1;NA;NA;1;NA;NA;1;NA;NA;4;NA;2;NA;1;2;NA;1;1;NA
11;"RO";1100098;"110009";"Espigão D'Oeste";"Não";"-";"Total";1;NA;NA;2;3;2;NA;1;NA;1;1;1;3;1;NA;4;4;3;2;2;5;6;6;7;NA
11;"RO";1100106;"110010";"Guajará-Mirim";"Não";"-";"Total";5;3;6;1;3;3;1;3;5;3;8;6;7;4;7;11;1;1;2;NA;5;5;2;3;NA
11;"RO";1100114;"110011";"Jaru";"Não";"-";"Total";NA;2;2;8;2;9;7;4;14;6;10;15;11;8;13;7;10;17;10;11;7;10;6;11;NA
11;"RO";1100122;"110012";"Ji-Paraná";"Não";"-";"Total";6;13;16;20;16;18;18;21;26;22;34;37;40;18;12;11;13;8;7;11;8;13;8;15;NA
11;"RO";1100130;"110013";"Machadinho D'Oeste";"Não";"-";"Total";4;3;3;6;5;4;5;NA;NA;7;3;5;6;5;10;11;6;7;2;10;5;16;12;11;NA
11;"RO";1100148;"110014";"Nova Brasilândia D'Oeste";"Não";"-";"Total";1;NA;NA;2;1;4;1;3;4;4;NA;2;1;1;3;1;3;5;1;1;1;NA;2;1;NA
11;"RO";1100155;"110015";"Ouro Preto do Oeste";"Não";"-";"Total";1;9;8;6;7;7;3;4;15;5;3;10;6;11;11;6;12;13;7;8;5;9;4;8;NA
11;"RO";1100189;"110018";"Pimenta Bueno";"Não";"-";"Total";9;2;6;4;7;8;3;6;NA;7;10;3;6;7;5;11;8;9;3;4;7;9;5;5;NA
11;"RO";1100205;"110020";"Porto Velho";"Sim";"Região Metropolitana de Porto Velho";"Total";68;51;73;85;84;65;132;106;121;137;178;146;183;140;129;126;95;71;70;63;73;67;94;98;NA
11;"RO";1100254;"110025";"Presidente Médici";"Não";"-";"Total";NA;1;2;3;NA;1;3;2;3;9;4;3;2;NA;3;1;2;7;6;1;NA;1;1;1;NA
11;"RO";1100262;"110026";"Rio Crespo";"Não";"-";"Total";NA;NA;1;NA;NA;1;NA;NA;NA;NA;NA;NA;1;NA;NA;NA;NA;NA;NA;NA;2;NA;2;NA;NA
11;"RO";1100288;"110028";"Rolim de Moura";"Não";"-";"Total";2;3;5;5;4;4;5;4;1;8;9;5;17;5;7;9;4;8;6;4;3;7;6;4;NA
11;"RO";1100296;"110029";"Santa Luzia D'Oeste";"Não";"-";"Total";NA;NA;1;3;NA;NA;NA;NA;NA;1;1;NA;1;1;1;NA;1;2;NA;NA;2;NA;3;NA;NA
11;"RO";1100304;"110030";"Vilhena";"Não";"-";"Total";2;4;6;10;14;16;8;3;13;5;18;6;16;20;15;24;13;11;14;22;12;16;11;21;NA
11;"RO";1100320;"110032";"São Miguel do Guaporé";"Não";"-";"Total";1;1;1;NA;NA;3;1;2;2;1;3;NA;1;6;5;8;6;5;2;1;4;8;3;7;NA
11;"RO";1100338;"110033";"Nova Mamoré";"Não";"-";"Total";2;1;1;2;2;3;3;6;4;6;2;3;3;2;5;6;4;6;4;3;4;4;9;2;NA
11;"RO";1100346;"110034";"Alvorada D'Oeste";"Não";"-";"Total";NA;NA;3;1;2;NA;3;NA;1;2;6;1;4;NA;3;2;4;4;1;2;1;NA;1;3;NA
11;"RO";1100379;"110037";"Alto Alegre dos Parecis";"Não";"-";"Total";NA;NA;NA;2;1;1;2;1;1;NA;1;4;2;1;NA;NA;3;2;NA;1;1;2;1;NA;NA
11;"RO";1100403;"110040";"Alto Paraíso";"Não";"-";"Total";2;NA;NA;1;1;1;4;NA;4;2;5;9;3;NA;1;6;3;5;2;4;3;3;1;4;NA
11;"RO";1100452;"110045";"Buritis";"Não";"-";"Total";2;NA;1;3;1;3;3;4;3;1;8;2;5;7;5;4;5;3;4;6;3;6;10;8;NA
11;"RO";1100502;"110050";"Novo Horizonte do Oeste";"Não";"-";"Total";NA;NA;1;1;NA;1;1;1;NA;1;4;1;1;2;NA;1;1;1;NA;NA;1;NA;1;NA;NA
11;"RO";1100601;"110060";"Cacaulândia";"Não";"-";"Total";3;1;NA;NA;NA;NA;NA;NA;1;1;NA;NA;1;NA;1;NA;2;1;1;NA;NA;NA;NA;NA;NA
11;"RO";1100700;"110070";"Campo Novo de Rondônia";"Não";"-";"Total";1;NA;NA;2;NA;NA;NA;NA;1;NA;NA;NA;NA;NA;1;1;NA;NA;NA;NA;1;NA;NA;1;NA
11;"RO";1100809;"110080";"Candeias do Jamari";"Não";"Região Metropolitana de Porto Velho";"Total";1;NA;NA;2;3;1;1;3;1;NA;3;6;5;8;5;10;3;8;5;2;5;3;10;2;NA
11;"RO";1100908;"110090";"Castanheiras";"Não";"-";"Total";NA;NA;NA;NA;NA;NA;NA;NA;NA;NA;NA;NA;NA;NA;1;2;1;1;1;1;NA;1;1;NA;NA
11;"RO";1100924;"110092";"Chupinguaia";"Não";"-";"Total";1;NA;NA;NA;NA;2;NA;NA;NA;NA;NA;NA;NA;1;1;NA;2;1;NA;NA;NA;2;3;1;NA
11;"RO";1100940;"110094";"Cujubim";"Não";"-";"Total";2;1;NA;1;1;NA;4;NA;5;2;2;1;3;NA;NA;4;2;1;NA;2;4;5;4;2;NA
11;"RO";1101005;"110100";"Governador Jorge Teixeira";"Não";"-";"Total";NA;NA;NA;2;1;NA;NA;1;2;NA;NA;NA;1;NA;NA;1;NA;1;2;NA;2;NA;1;3;NA
11;"RO";1101104;"110110";"Itapuã do Oeste";"Não";"-";"Total";NA;1;NA;5;NA;3;NA;1;1;1;2;2;1;NA;5;3;3;3;1;1;1;5;4;1;NA
11;"RO";1101203;"110120";"Ministro Andreazza";"Não";"-";"Total";NA;1;NA;1;NA;NA;1;NA;1;NA;1;NA;NA;NA;3;NA;1;1;NA;NA;1;1;NA;NA;NA
11;"RO";1101302;"110130";"Mirante da Serra";"Não";"-";"Total";NA;NA;NA;NA;1;NA;5;1;1;2;NA;NA;3;2;5;2;1;1;NA;NA;2;NA;NA;1;NA
11;"RO";1101401;"110140";"Monte Negro";"Não";"-";"Total";1;3;1;3;1;2;NA;4;5;1;NA;1;1;1;6;1;NA;NA;NA;1;3;4;1;3;NA
11;"RO";1101435;"110143";"Nova União";"Não";"-";"Total";3;1;NA;1;NA;NA;1;1;NA;2;NA;NA;2;NA;NA;NA;1;3;NA;NA;1;NA;1;1;NA
11;"RO";1101450;"110145";"Parecis";"Não";"-";"Total";NA;NA;NA;NA;NA;NA;NA;NA;NA;NA;NA;NA;NA;2;1;NA;NA;NA;NA;NA;NA;NA;NA;NA;NA
11;"RO";1101468;"110146";"Pimenteiras do Oeste";"Não";"-";"Total";NA;NA;NA;NA;NA;NA;NA;1;NA;1;NA;NA;NA;1;NA;NA;NA;NA;NA;NA;NA;1;NA;4;NA
11;"RO";1101476;"110147";"Primavera de Rondônia";"Não";"-";"Total";NA;NA;NA;1;NA;NA;NA;NA;NA;NA;2;NA;NA;NA;NA;NA;NA;NA;NA;NA;1;NA;NA;NA;NA
11;"RO";1101484;"110148";"São Felipe D'Oeste";"Não";"-";"Total";NA;NA;NA;1;NA;NA;NA;NA;NA;NA;1;NA;NA;NA;1;NA;2;1;NA;NA;NA;NA;NA;1;NA
11;"RO";1101492;"110149";"São Francisco do Guaporé";"Não";"-";"Total";2;2;3;1;NA;NA;2;NA;NA;1;2;2;7;2;4;2;4;1;1;5;1;5;1;7;NA
11;"RO";1101500;"110150";"Seringueiras";"Não";"-";"Total";NA;NA;2;1;NA;2;NA;NA;NA;1;1;2;1;5;2;2;5;2;2;3;1;2;NA;1;NA
11;"RO";1101559;"110155";"Teixeirópolis";"Não";"-";"Total";NA;NA;NA;1;NA;1;NA;NA;NA;NA;NA;NA;NA;1;1;NA;1;NA;1;NA;NA;NA;NA;NA;NA
11;"RO";1101609;"110160";"Theobroma";"Não";"-";"Total";NA;NA;1;1;NA;1;3;NA;1;2;1;1;3;2;NA;NA;NA;1;NA;NA;1;2;NA;NA;NA
11;"RO";1101708;"110170";"Urupá";"Não";"-";"Total";NA;NA;2;3;NA;NA;NA;NA;3;1;NA;NA;5;NA;2;NA;NA;3;2;1;2;3;NA;NA;NA
11;"RO";1101757;"110175";"Vale do Anari";"Não";"-";"Total";NA;NA;NA;1;NA;3;1;1;NA;1;2;7;3;1;1;2;3;NA;NA;2;4;2;3;2;NA
11;"RO";1101807;"110180";"Vale do Paraíso";"Não";"-";"Total";NA;NA;NA;NA;1;NA;NA;NA;1;NA;NA;3;NA;NA;2;NA;1;NA;NA;1;NA;NA;1;2;NA
12;"AC";1200013;"120001";"Acrelândia";"Não";"-";"Total";NA;NA;1;2;NA;1;1;1;NA;NA;NA;1;4;NA;2;2;4;2;4;1;2;2;NA;NA;NA
12;"AC";1200054;"120005";"Assis Brasil";"Não";"-";"Total";NA;NA;NA;NA;NA;NA;NA;NA;1;1;NA;NA;NA;NA;1;NA;NA;1;NA;NA;NA;NA;1;NA;NA
12;"AC";1200104;"120010";"Brasiléia";"Não";"-";"Total";NA;1;NA;2;2;4;3;2;2;NA;3;3;5;3;5;3;NA;3;1;6;4;2;3;1;NA
12;"AC";1200138;"120013";"Bujari";"Não";"-";"Total";NA;1;NA;NA;1;NA;1;NA;NA;NA;NA;1;7;3;2;2;NA;1;NA;1;NA;2;2;2;NA
12;"AC";1200179;"120017";"Capixaba";"Não";"-";"Total";1;1;NA;NA;NA;3;1;NA;NA;1;NA;1;6;4;2;3;NA;2;1;1;NA;NA;NA;1;NA
12;"AC";1200203;"120020";"Cruzeiro do Sul";"Não";"-";"Total";3;3;4;7;2;5;6;5;4;8;14;11;4;8;13;11;14;7;5;11;15;7;10;12;NA
12;"AC";1200252;"120025";"Epitaciolândia";"Não";"-";"Total";NA;NA;2;3;NA;NA;2;NA;2;1;2;NA;3;3;NA;1;NA;2;NA;NA;NA;NA;3;1;NA
12;"AC";1200302;"120030";"Feijó";"Não";"-";"Total";1;1;1;NA;NA;1;1;NA;NA;NA;1;2;NA;2;2;3;NA;1;1;3;3;6;NA;2;NA
12;"AC";1200328;"120032";"Jordão";"Não";"-";"Total";NA;NA;NA;NA;NA;NA;NA;NA;NA;NA;NA;NA;NA;NA;NA;NA;NA;NA;NA;1;NA;NA;1;NA;NA
12;"AC";1200336;"120033";"Mâncio Lima";"Não";"-";"Total";NA;NA;NA;1;NA;NA;NA;1;NA;1;1;2;4;2;1;NA;NA;1;1;1;3;1;1;NA;NA
12;"AC";1200344;"120034";"Manoel Urbano";"Não";"-";"Total";NA;NA;1;NA;1;NA;NA;NA;NA;1;NA;NA;2;1;1;1;NA;1;NA;NA;1;NA;1;NA;NA
12;"AC";1200351;"120035";"Marechal Thaumaturgo";"Não";"-";"Total";NA;NA;NA;NA;NA;NA;NA;NA;2;NA;NA;NA;NA;NA;1;NA;NA;NA;NA;NA;NA;NA;NA;NA;NA
12;"AC";1200385;"120038";"Plácido de Castro";"Não";"-";"Total";NA;NA;1;1;2;NA;2;NA;3;NA;1;4;3;3;3;1;2;1;1;4;1;1;1;1;NA
12;"AC";1200393;"120039";"Porto Walter";"Não";"-";"Total";NA;NA;NA;NA;NA;NA;NA;NA;NA;NA;NA;NA;NA;NA;NA;NA;NA;NA;1;NA;1;NA;NA;NA;NA
12;"AC";1200401;"120040";"Rio Branco";"Sim";"-";"Total";19;36;43;28;27;40;23;44;28;44;63;69;70;56;69;53;59;43;47;56;60;53;51;54;NA
12;"AC";1200427;"120042";"Rodrigues Alves";"Não";"-";"Total";NA;NA;1;NA;NA;NA;1;1;NA;NA;NA;1;NA;NA;2;NA;NA;NA;1;1;NA;1;1;NA;NA
12;"AC";1200435;"120043";"Santa Rosa do Purus";"Não";"-";"Total";NA;NA;NA;NA;NA;NA;NA;NA;NA;NA;NA;NA;NA;NA;NA;NA;NA;NA;NA;NA;NA;NA;NA;NA;NA
12;"AC";1200450;"120045";"Senador Guiomard";"Não";"-";"Total";1;1;3;NA;1;1;NA;NA;1;1;2;3;3;2;4;1;13;1;4;3;2;NA;2;2;NA
12;"AC";1200500;"120050";"Sena Madureira";"Não";"-";"Total";1;1;1;NA;3;NA;2;1;NA;2;1;6;2;2;2;4;2;5;2;NA;3;1;4;2;NA
12;"AC";1200609;"120060";"Tarauacá";"Não";"-";"Total";NA;NA;NA;1;4;NA;1;2;NA;NA;1;NA;1;1;2;2;5;2;1;2;4;1;NA;1;NA
12;"AC";1200708;"120070";"Xapuri";"Não";"-";"Total";NA;1;1;2;3;NA;NA;NA;1;NA;1;NA;1;NA;4;2;1;3;4;3;2;1;5;1;NA
12;"AC";1200807;"120080";"Porto Acre";"Não";"-";"Total";NA;NA;1;NA;NA;NA;1;1;NA;NA;1;5;3;1;1;NA;3;3;1;NA;1;2;1;1;NA
13;"AM";1300029;"130002";"Alvarães";"Não";"-";"Total";NA;NA;NA;NA;NA;1;NA;1;NA;NA;1;NA;1;NA;1;1;2;NA;NA;NA;NA;NA;NA;1;NA
13;"AM";1300060;"130006";"Amaturá";"Não";"-";"Total";NA;NA;NA;NA;NA;NA;NA;NA;NA;NA;NA;NA;NA;NA;NA;NA;NA;NA;NA;NA;1;1;NA;NA;NA
13;"AM";1300086;"130008";"Anamã";"Não";"-";"Total";NA;NA;NA;NA;NA;NA;NA;NA;NA;NA;NA;NA;NA;NA;NA;NA;NA;NA;NA;NA;NA;NA;NA;NA;NA
13;"AM";1300102;"130010";"Anori";"Não";"-";"Total";NA;NA;NA;1;NA;NA;NA;2;NA;NA;1;1;1;NA;NA;NA;NA;1;NA;NA;NA;1;NA;NA;NA
13;"AM";1300144;"130014";"Apuí";"Não";"-";"Total";1;NA;2;NA;2;2;1;5;1;5;6;3;6;NA;5;3;5;2;1;4;4;3;6;4;NA
13;"AM";1300201;"130020";"Atalaia do Norte";"Não";"-";"Total";NA;NA;NA;NA;NA;NA;NA;NA;NA;1;NA;NA;1;NA;1;NA;NA;NA;NA;NA;NA;NA;NA;NA;NA
13;"AM";1300300;"130030";"Autazes";"Não";"Região Metropolitana de Manaus";"Total";1;NA;NA;NA;NA;2;1;1;2;2;7;6;NA;2;2;2;2;3;1;3;6;1;1;3;NA
13;"AM";1300409;"130040";"Barcelos";"Não";"-";"Total";NA;1;NA;NA;NA;NA;NA;NA;NA;NA;1;1;2;NA;NA;NA;NA;NA;NA;NA;NA;NA;NA;1;NA
13;"AM";1300508;"130050";"Barreirinha";"Não";"-";"Total";NA;NA;NA;NA;NA;1;NA;NA;NA;NA;NA;2;NA;NA;2;1;2;1;NA;NA;1;NA;1;NA;NA
13;"AM";1300607;"130060";"Benjamin Constant";"Não";"-";"Total";2;1;NA;4;2;1;NA;3;NA;2;4;1;2;2;1;NA;NA;NA;NA;NA;2;1;2;1;NA
13;"AM";1300631;"130063";"Beruri";"Não";"-";"Total";NA;NA;NA;NA;NA;1;NA;NA;NA;NA;NA;NA;NA;NA;NA;NA;NA;NA;NA;NA;NA;NA;NA;NA;NA
13;"AM";1300680;"130068";"Boa Vista do Ramos";"Não";"-";"Total";NA;NA;1;NA;NA;1;NA;3;3;1;NA;NA;NA;NA;1;NA;1;NA;NA;NA;1;NA;1;NA;NA
13;"AM";1300706;"130070";"Boca do Acre";"Não";"-";"Total";NA;3;3;1;2;NA;NA;1;1;2;1;5;5;1;4;4;1;3;5;5;2;4;1;1;NA
13;"AM";1300805;"130080";"Borba";"Não";"-";"Total";NA;NA;2;1;NA;NA;NA;NA;1;1;NA;3;2;1;2;1;NA;1;1;2;1;1;NA;2;NA
13;"AM";1300839;"130083";"Caapiranga";"Não";"-";"Total";NA;NA;NA;NA;NA;NA;NA;NA;NA;NA;NA;NA;NA;1;NA;NA;NA;NA;NA;NA;NA;NA;NA;2;NA
13;"AM";1300904;"130090";"Canutama";"Não";"-";"Total";NA;NA;NA;NA;NA;NA;NA;1;NA;NA;NA;NA;NA;NA;1;1;1;NA;1;NA;NA;1;NA;1;NA
13;"AM";1301001;"130100";"Carauari";"Não";"-";"Total";1;NA;NA;NA;NA;3;1;NA;1;NA;2;1;NA;1;NA;NA;2;1;1;1;1;1;NA;2;NA
13;"AM";1301100;"130110";"Careiro";"Não";"Região Metropolitana de Manaus";"Total";1;NA;1;2;6;1;1;NA;1;1;5;8;5;1;3;3;5;5;4;NA;3;3;6;2;NA
13;"AM";1301159;"130115";"Careiro da Várzea";"Não";"Região Metropolitana de Manaus";"Total";NA;NA;NA;NA;NA;NA;NA;1;NA;NA;1;1;NA;1;NA;NA;1;NA;1;1;1;2;NA;NA;NA
13;"AM";1301209;"130120";"Coari";"Não";"-";"Total";4;1;2;NA;1;NA;1;3;7;2;3;2;2;3;2;3;NA;6;2;4;6;7;3;5;NA
13;"AM";1301308;"130130";"Codajás";"Não";"-";"Total";1;1;NA;NA;NA;NA;NA;NA;NA;NA;NA;1;NA;1;NA;NA;NA;2;NA;NA;2;NA;1;1;NA
13;"AM";1301407;"130140";"Eirunepé";"Não";"-";"Total";NA;NA;NA;1;2;2;NA;1;NA;3;NA;NA;2;NA;2;NA;1;NA;2;1;4;3;2;1;NA
13;"AM";1301506;"130150";"Envira";"Não";"-";"Total";NA;NA;1;NA;NA;2;NA;NA;NA;1;NA;1;NA;NA;NA;1;NA;NA;1;1;NA;2;NA;NA;NA
13;"AM";1301605;"130160";"Fonte Boa";"Não";"-";"Total";NA;NA;NA;NA;4;2;NA;1;3;NA;1;NA;1;NA;1;NA;NA;1;NA;NA;NA;2;NA;NA;NA
13;"AM";1301654;"130165";"Guajará";"Não";"-";"Total";NA;NA;NA;NA;1;NA;NA;NA;1;NA;NA;1;NA;NA;NA;NA;NA;NA;NA;NA;NA;NA;NA;1;NA
13;"AM";1301704;"130170";"Humaitá";"Não";"-";"Total";1;1;2;1;1;1;NA;1;1;3;7;4;3;4;2;4;7;8;2;4;8;7;7;12;NA
13;"AM";1301803;"130180";"Ipixuna";"Não";"-";"Total";NA;NA;NA;1;NA;NA;NA;NA;1;NA;NA;NA;NA;NA;NA;NA;NA;1;1;2;NA;NA;NA;1;NA
13;"AM";1301852;"130185";"Iranduba";"Não";"Região Metropolitana de Manaus";"Total";4;2;3;1;2;3;7;5;4;5;15;11;12;8;9;12;5;13;9;6;7;12;6;8;NA
13;"AM";1301902;"130190";"Itacoatiara";"Não";"Região Metropolitana de Manaus";"Total";13;3;8;15;9;8;12;9;7;14;4;11;6;13;8;4;17;13;19;8;15;13;13;7;NA
13;"AM";1301951;"130195";"Itamarati";"Não";"-";"Total";NA;NA;NA;NA;NA;NA;NA;1;NA;NA;NA;NA;NA;NA;NA;NA;NA;NA;NA;NA;NA;1;1;NA;NA
13;"AM";1302009;"130200";"Itapiranga";"Não";"Região Metropolitana de Manaus";"Total";NA;NA;NA;NA;NA;1;NA;NA;NA;1;1;1;2;2;NA;3;NA;2;NA;1;NA;NA;NA;NA;NA
13;"AM";1302108;"130210";"Japurá";"Não";"-";"Total";NA;NA;NA;NA;NA;NA;NA;NA;NA;NA;NA;NA;NA;1;NA;NA;NA;NA;NA;NA;NA;NA;NA;NA;NA
13;"AM";1302207;"130220";"Juruá";"Não";"-";"Total";NA;NA;NA;NA;NA;NA;NA;1;NA;NA;NA;NA;NA;NA;NA;NA;NA;NA;NA;NA;NA;NA;NA;NA;NA
13;"AM";1302306;"130230";"Jutaí";"Não";"-";"Total";1;NA;1;NA;NA;NA;NA;NA;NA;NA;NA;NA;NA;1;1;NA;1;NA;NA;NA;1;3;NA;NA;NA
13;"AM";1302405;"130240";"Lábrea";"Não";"-";"Total";NA;NA;NA;NA;1;NA;NA;NA;1;NA;3;1;1;2;NA;1;NA;2;4;7;3;5;6;2;NA
13;"AM";1302504;"130250";"Manacapuru";"Não";"Região Metropolitana de Manaus";"Total";3;1;6;1;9;8;6;4;14;19;12;7;11;12;17;22;9;8;11;6;8;11;6;10;NA
13;"AM";1302553;"130255";"Manaquiri";"Não";"Região Metropolitana de Manaus";"Total";NA;NA;NA;1;NA;NA;NA;2;NA;NA;2;NA;1;NA;NA;NA;NA;1;NA;NA;NA;NA;NA;1;NA
13;"AM";1302603;"130260";"Manaus";"Sim";"Região Metropolitana de Manaus";"Total";234;178;191;203;204;246;295;242;246;223;311;309;277;268;282;286;268;245;256;251;245;234;280;273;NA
13;"AM";1302702;"130270";"Manicoré";"Não";"-";"Total";NA;NA;NA;NA;NA;NA;NA;NA;NA;3;1;3;1;3;3;2;4;2;8;1;1;4;3;5;NA
13;"AM";1302801;"130280";"Maraã";"Não";"-";"Total";NA;NA;NA;NA;NA;1;NA;NA;1;NA;NA;NA;NA;NA;NA;NA;NA;NA;2;NA;1;NA;NA;NA;NA
13;"AM";1302900;"130290";"Maués";"Não";"-";"Total";2;1;2;NA;2;2;3;NA;2;2;3;3;2;3;2;1;5;NA;1;5;3;4;3;1;NA
13;"AM";1303007;"130300";"Nhamundá";"Não";"-";"Total";NA;NA;NA;NA;NA;NA;NA;NA;NA;NA;NA;NA;NA;NA;1;NA;NA;NA;NA;NA;NA;1;NA;NA;NA
13;"AM";1303106;"130310";"Nova Olinda do Norte";"Não";"-";"Total";NA;NA;1;NA;NA;NA;1;NA;1;1;NA;2;1;NA;1;2;1;1;3;NA;1;1;1;NA;NA
13;"AM";1303205;"130320";"Novo Airão";"Não";"Região Metropolitana de Manaus";"Total";NA;2;NA;NA;NA;NA;2;NA;2;3;3;1;2;NA;3;4;4;4;2;3;NA;2;NA;3;NA
13;"AM";1303304;"130330";"Novo Aripuanã";"Não";"-";"Total";1;1;NA;1;1;3;NA;NA;1;NA;3;1;1;1;NA;3;NA;3;1;2;NA;1;1;1;NA
13;"AM";1303403;"130340";"Parintins";"Não";"-";"Total";1;1;9;1;6;8;2;4;6;9;4;3;5;7;15;7;9;7;10;10;6;8;7;7;NA
13;"AM";1303502;"130350";"Pauini";"Não";"-";"Total";NA;NA;NA;NA;NA;NA;NA;NA;NA;NA;NA;NA;NA;1;NA;NA;NA;NA;1;1;NA;1;1;2;NA
13;"AM";1303536;"130353";"Presidente Figueiredo";"Não";"Região Metropolitana de Manaus";"Total";8;7;5;1;6;2;5;1;4;12;9;19;9;10;5;5;7;4;10;7;2;1;3;4;NA
13;"AM";1303569;"130356";"Rio Preto da Eva";"Não";"Região Metropolitana de Manaus";"Total";3;5;1;1;6;4;NA;1;4;4;8;10;3;1;2;5;11;6;5;8;4;8;6;2;NA
13;"AM";1303601;"130360";"Santa Isabel do Rio Negro";"Não";"-";"Total";NA;NA;NA;NA;NA;NA;NA;NA;NA;NA;NA;NA;NA;NA;1;NA;NA;NA;NA;NA;NA;NA;NA;NA;NA
13;"AM";1303700;"130370";"Santo Antônio do Içá";"Não";"-";"Total";NA;NA;NA;1;1;1;NA;1;NA;NA;NA;NA;NA;1;NA;NA;1;NA;NA;NA;NA;NA;NA;NA;NA
13;"AM";1303809;"130380";"São Gabriel da Cachoeira";"Não";"-";"Total";1;NA;NA;NA;1;NA;NA;NA;2;NA;NA;NA;NA;NA;NA;NA;NA;1;NA;NA;1;NA;NA;2;NA
13;"AM";1303908;"130390";"São Paulo de Olivença";"Não";"-";"Total";NA;NA;NA;NA;NA;NA;NA;2;2;NA;NA;NA;2;NA;1;1;1;NA;1;1;NA;1;NA;2;NA
13;"AM";1303957;"130395";"São Sebastião do Uatumã";"Não";"-";"Total";NA;NA;NA;NA;NA;NA;2;NA;NA;NA;NA;NA;NA;NA;NA;NA;NA;2;NA;NA;NA;NA;NA;NA;NA
13;"AM";1304005;"130400";"Silves";"Não";"Região Metropolitana de Manaus";"Total";NA;NA;NA;NA;2;NA;1;1;1;NA;1;1;1;2;NA;NA;1;NA;2;NA;NA;NA;NA;3;NA
13;"AM";1304062;"130406";"Tabatinga";"Não";"-";"Total";1;1;NA;NA;NA;3;3;1;2;7;1;1;5;2;1;1;1;NA;5;4;NA;3;2;4;NA
13;"AM";1304104;"130410";"Tapauá";"Não";"-";"Total";NA;NA;NA;NA;NA;NA;1;2;NA;NA;NA;NA;1;NA;2;NA;1;NA;NA;NA;1;1;NA;NA;NA
13;"AM";1304203;"130420";"Tefé";"Não";"-";"Total";NA;2;3;NA;6;4;6;3;5;4;1;3;5;3;2;3;3;3;5;1;1;1;6;3;NA
13;"AM";1304237;"130423";"Tonantins";"Não";"-";"Total";NA;NA;NA;NA;NA;NA;NA;NA;NA;1;NA;NA;1;NA;NA;NA;NA;NA;NA;NA;NA;2;NA;NA;NA
13;"AM";1304260;"130426";"Uarini";"Não";"-";"Total";NA;NA;NA;NA;NA;NA;NA;NA;NA;NA;NA;NA;NA;1;NA;NA;NA;NA;NA;NA;NA;1;1;NA;NA
13;"AM";1304302;"130430";"Urucará";"Não";"-";"Total";2;NA;NA;1;1;1;NA;1;1;NA;NA;1;3;NA;2;NA;2;1;1;NA;NA;NA;1;1;NA
13;"AM";1304401;"130440";"Urucurituba";"Não";"-";"Total";NA;1;NA;NA;NA;NA;1;NA;NA;1;NA;NA;NA;NA;NA;1;NA;NA;1;NA;NA;NA;1;NA;NA
14;"RR";1400027;"140002";"Amajari";"Não";"-";"Total";NA;NA;NA;1;1;NA;2;1;NA;NA;2;2;1;1;1;3;2;2;1;NA;NA;NA;1;1;NA
14;"RR";1400050;"140005";"Alto Alegre";"Não";"Região Metropolitana da Capital";"Total";3;5;1;1;4;3;1;3;2;3;3;1;3;6;3;5;2;NA;1;4;2;6;5;1;NA
14;"RR";1400100;"140010";"Boa Vista";"Sim";"Região Metropolitana da Capital";"Total";47;55;79;40;31;51;53;81;61;69;82;75;70;95;72;99;59;81;47;61;67;63;88;64;NA
14;"RR";1400159;"140015";"Bonfim";"Não";"Região Metropolitana da Capital";"Total";2;2;2;1;2;1;3;3;NA;1;3;4;NA;1;2;4;4;3;2;4;4;3;4;10;NA
14;"RR";1400175;"140017";"Cantá";"Não";"Região Metropolitana da Capital";"Total";3;4;3;2;2;3;2;NA;3;1;3;9;3;3;2;6;8;5;5;2;3;4;4;4;NA
14;"RR";1400209;"140020";"Caracaraí";"Não";"Região Metropolitana de Central";"Total";7;2;6;7;1;4;1;4;1;4;5;5;7;5;5;2;3;2;1;2;8;7;3;5;NA
14;"RR";1400233;"140023";"Caroebe";"Não";"Região Metropolitana do Sul do Estado";"Total";NA;NA;NA;1;NA;NA;NA;3;2;2;NA;NA;NA;NA;1;1;NA;2;2;1;NA;2;1;1;NA
14;"RR";1400282;"140028";"Iracema";"Não";"Região Metropolitana de Central";"Total";1;3;3;2;3;NA;NA;3;2;1;7;3;NA;1;4;NA;NA;1;2;NA;2;NA;NA;1;NA
14;"RR";1400308;"140030";"Mucajaí";"Não";"Região Metropolitana da Capital";"Total";7;2;3;2;1;3;3;1;5;3;NA;2;5;3;2;7;3;4;1;3;6;4;11;6;NA
14;"RR";1400407;"140040";"Normandia";"Não";"-";"Total";1;1;NA;NA;NA;NA;NA;NA;NA;1;1;1;NA;NA;NA;1;NA;NA;1;1;NA;1;1;NA;NA
14;"RR";1400456;"140045";"Pacaraima";"Não";"-";"Total";5;5;2;2;4;2;1;3;4;1;5;NA;NA;NA;1;2;1;1;3;3;1;1;2;NA;NA
14;"RR";1400472;"140047";"Rorainópolis";"Não";"Região Metropolitana do Sul do Estado";"Total";6;7;2;2;3;5;5;5;1;9;7;6;14;7;14;19;2;9;13;5;6;9;4;10;NA
14;"RR";1400506;"140050";"São João da Baliza";"Não";"Região Metropolitana do Sul do Estado";"Total";NA;2;NA;NA;NA;NA;NA;1;NA;3;NA;NA;1;1;3;4;NA;1;NA;1;1;1;1;4;NA
14;"RR";1400605;"140060";"São Luiz";"Não";"Região Metropolitana do Sul do Estado";"Total";NA;NA;NA;NA;3;2;1;1;NA;NA;2;NA;1;1;NA;2;1;2;1;2;NA;2;NA;NA;NA
14;"RR";1400704;"140070";"Uiramutã";"Não";"-";"Total";NA;NA;4;NA;NA;NA;NA;NA;1;NA;NA;NA;NA;NA;NA;NA;NA;NA;NA;NA;NA;NA;NA;NA;NA
15;"PA";1500107;"150010";"Abaetetuba";"Não";"-";"Total";1;3;NA;7;6;4;3;5;11;7;9;12;15;5;8;12;12;15;7;7;15;11;17;13;NA
15;"PA";1500131;"150013";"Abel Figueiredo";"Não";"-";"Total";NA;NA;3;NA;2;4;4;1;1;2;2;1;8;3;2;2;6;1;3;5;2;1;1;NA;NA
15;"PA";1500206;"150020";"Acará";"Não";"-";"Total";NA;1;1;NA;3;1;1;3;2;1;NA;1;8;11;8;13;6;12;8;8;11;6;12;7;NA
15;"PA";1500305;"150030";"Afuá";"Não";"-";"Total";NA;NA;NA;NA;NA;NA;NA;NA;NA;NA;NA;1;NA;NA;NA;NA;NA;NA;NA;NA;NA;NA;NA;NA;NA
15;"PA";1500347;"150034";"Água Azul do Norte";"Não";"-";"Total";NA;NA;2;1;1;1;1;4;1;5;2;1;1;3;5;3;1;4;4;4;NA;11;2;6;NA
15;"PA";1500404;"150040";"Alenquer";"Não";"-";"Total";NA;2;NA;NA;1;2;3;4;7;7;7;11;5;9;7;11;8;1;4;1;NA;1;11;2;NA
15;"PA";1500503;"150050";"Almeirim";"Não";"-";"Total";2;2;1;1;1;NA;1;1;1;NA;4;2;4;4;2;4;2;3;2;NA;1;5;2;1;NA
15;"PA";1500602;"150060";"Altamira";"Não";"-";"Total";6;7;10;15;16;9;16;18;16;19;39;40;49;58;59;50;51;40;36;29;30;19;25;33;NA
15;"PA";1500701;"150070";"Anajás";"Não";"-";"Total";NA;NA;NA;NA;NA;NA;NA;NA;NA;NA;NA;NA;NA;NA;NA;NA;NA;NA;NA;1;1;NA;NA;NA;NA
15;"PA";1500800;"150080";"Ananindeua";"Não";"Região Metropolitana de Belém";"Total";1;15;14;24;15;28;111;83;131;98;219;233;282;221;243;285;235;170;179;192;172;186;210;171;NA
15;"PA";1500859;"150085";"Anapu";"Não";"-";"Total";NA;NA;1;2;1;2;2;5;4;3;7;3;5;8;10;3;8;6;14;7;4;3;11;5;NA
15;"PA";1500909;"150090";"Augusto Corrêa";"Não";"-";"Total";1;1;NA;NA;NA;NA;NA;NA;NA;NA;NA;1;NA;2;NA;3;1;1;2;NA;NA;4;9;2;NA
15;"PA";1500958;"150095";"Aurora do Pará";"Não";"-";"Total";NA;1;2;NA;NA;6;2;2;1;2;3;2;NA;3;7;2;2;4;6;3;6;13;3;10;NA
15;"PA";1501006;"150100";"Aveiro";"Não";"-";"Total";NA;NA;NA;NA;NA;NA;NA;NA;NA;NA;NA;NA;NA;NA;NA;NA;NA;2;NA;NA;NA;NA;NA;1;NA
15;"PA";1501105;"150110";"Bagre";"Não";"-";"Total";NA;NA;NA;NA;NA;NA;NA;NA;NA;NA;NA;NA;NA;NA;NA;NA;NA;NA;NA;1;NA;NA;NA;NA;NA
15;"PA";1501204;"150120";"Baião";"Não";"-";"Total";NA;NA;1;NA;NA;2;NA;3;1;3;NA;2;1;6;3;15;5;1;2;1;NA;4;3;4;NA
15;"PA";1501253;"150125";"Bannach";"Não";"-";"Total";NA;NA;NA;NA;NA;2;NA;NA;NA;NA;1;NA;NA;1;NA;NA;NA;NA;NA;NA;NA;NA;NA;NA;NA
15;"PA";1501303;"150130";"Barcarena";"Não";"-";"Total";NA;6;22;7;8;9;7;4;8;6;6;5;12;10;6;8;1;12;15;18;16;18;15;11;NA
15;"PA";1501402;"150140";"Belém";"Sim";"Região Metropolitana de Belém";"Total";196;181;257;279;228;290;162;124;124;117;141;138;116;86;94;68;78;101;82;90;84;69;90;73;NA
15;"PA";1501451;"150145";"Belterra";"Não";"Região Metropolitana de Santarém";"Total";NA;NA;NA;1;NA;NA;2;NA;2;NA;NA;3;1;1;7;NA;1;NA;1;3;3;NA;4;4;NA
15;"PA";1501501;"150150";"Benevides";"Não";"Região Metropolitana de Belém";"Total";2;11;10;1;7;7;8;4;7;4;10;7;6;3;10;7;11;12;4;4;10;13;10;7;NA
15;"PA";1501576;"150157";"Bom Jesus do Tocantins";"Não";"-";"Total";4;1;2;1;5;3;1;3;NA;3;3;3;10;6;NA;5;2;2;2;2;NA;3;NA;1;NA
15;"PA";1501600;"150160";"Bonito";"Não";"-";"Total";NA;NA;NA;NA;NA;NA;NA;NA;NA;NA;NA;1;3;3;3;2;4;NA;3;1;1;NA;1;7;NA
15;"PA";1501709;"150170";"Bragança";"Não";"-";"Total";5;1;4;NA;3;3;8;5;12;3;8;5;9;2;7;1;3;4;10;7;12;21;22;15;NA
15;"PA";1501725;"150172";"Brasil Novo";"Não";"-";"Total";1;NA;3;1;2;1;1;NA;NA;2;2;4;4;5;6;7;6;5;1;3;2;6;NA;2;NA
15;"PA";1501758;"150175";"Brejo Grande do Araguaia";"Não";"-";"Total";NA;NA;NA;NA;2;1;NA;NA;1;1;2;2;5;NA;NA;4;2;NA;1;2;2;NA;2;1;NA
15;"PA";1501782;"150178";"Breu Branco";"Não";"-";"Total";3;2;4;8;9;7;2;3;7;4;3;8;2;4;9;3;9;1;2;7;1;6;5;5;NA
15;"PA";1501808;"150180";"Breves";"Não";"-";"Total";2;2;2;NA;1;4;NA;3;1;2;1;2;3;2;1;5;3;5;3;NA;5;3;6;2;NA
15;"PA";1501907;"150190";"Bujaru";"Não";"-";"Total";NA;NA;NA;1;1;NA;3;3;NA;3;3;NA;2;2;2;5;5;1;4;NA;5;1;3;NA;NA
15;"PA";1501956;"150195";"Cachoeira do Piriá";"Não";"-";"Total";NA;NA;NA;NA;NA;NA;1;NA;NA;NA;1;1;3;2;1;2;1;2;1;5;2;4;5;5;NA
15;"PA";1502004;"150200";"Cachoeira do Arari";"Não";"-";"Total";NA;NA;NA;NA;NA;NA;NA;NA;NA;NA;NA;NA;NA;NA;1;NA;3;2;2;2;1;2;1;NA;NA
15;"PA";1502103;"150210";"Cametá";"Não";"-";"Total";NA;NA;3;2;1;2;3;3;3;2;5;4;6;10;5;10;9;11;7;10;5;9;4;11;NA
15;"PA";1502152;"150215";"Canaã dos Carajás";"Não";"-";"Total";NA;1;3;3;2;2;3;4;9;1;8;9;10;19;18;13;15;9;5;7;7;9;5;15;NA
15;"PA";1502202;"150220";"Capanema";"Não";"-";"Total";1;NA;NA;NA;NA;2;10;7;10;10;7;11;22;5;10;14;4;9;5;10;28;29;22;33;NA
15;"PA";1502301;"150230";"Capitão Poço";"Não";"-";"Total";1;2;NA;5;3;2;9;5;3;5;10;10;7;3;3;8;10;7;12;6;12;9;4;7;NA
15;"PA";1502400;"150240";"Castanhal";"Não";"Região Metropolitana de Belém";"Total";38;34;11;5;25;21;20;29;25;28;31;35;32;29;41;21;46;30;31;34;34;26;24;31;NA
15;"PA";1502509;"150250";"Chaves";"Não";"-";"Total";NA;NA;NA;NA;NA;NA;NA;NA;NA;NA;NA;NA;NA;NA;NA;NA;NA;NA;NA;NA;NA;NA;NA;NA;NA
15;"PA";1502608;"150260";"Colares";"Não";"-";"Total";NA;NA;NA;NA;NA;NA;NA;NA;NA;NA;1;NA;NA;1;1;NA;1;NA;NA;2;NA;NA;1;3;NA
15;"PA";1502707;"150270";"Conceição do Araguaia";"Não";"-";"Total";4;NA;2;4;1;4;4;3;11;4;5;6;5;14;7;10;7;2;7;3;2;5;17;10;NA
15;"PA";1502756;"150275";"Concórdia do Pará";"Não";"-";"Total";NA;NA;3;2;3;NA;NA;NA;NA;1;NA;NA;1;2;1;3;4;3;1;6;4;3;3;11;NA
15;"PA";1502764;"150276";"Cumaru do Norte";"Não";"-";"Total";NA;NA;NA;NA;NA;2;NA;NA;NA;NA;2;2;1;1;1;1;2;1;2;NA;1;1;3;1;NA
15;"PA";1502772;"150277";"Curionópolis";"Não";"-";"Total";1;2;4;2;3;3;3;5;4;NA;3;10;13;11;10;7;6;3;6;5;1;5;5;8;NA
15;"PA";1502806;"150280";"Curralinho";"Não";"-";"Total";NA;1;NA;NA;NA;NA;NA;NA;NA;NA;NA;NA;NA;NA;NA;NA;NA;NA;NA;NA;NA;2;NA;NA;NA
15;"PA";1502855;"150285";"Curuá";"Não";"-";"Total";NA;NA;NA;NA;NA;NA;NA;NA;NA;2;NA;NA;NA;1;5;NA;1;1;2;NA;1;2;1;1;NA
15;"PA";1502905;"150290";"Curuçá";"Não";"-";"Total";NA;NA;NA;2;NA;2;3;5;4;2;4;3;4;5;1;3;2;8;5;3;8;5;3;7;NA
15;"PA";1502939;"150293";"Dom Eliseu";"Não";"-";"Total";9;9;8;1;3;2;11;5;11;3;10;10;6;13;10;15;15;10;14;5;13;13;10;10;NA
15;"PA";1502954;"150295";"Eldorado do Carajás";"Não";"-";"Total";3;4;3;2;14;7;11;4;11;4;15;12;11;18;11;25;15;13;9;6;5;5;14;6;NA
15;"PA";1503002;"150300";"Faro";"Não";"-";"Total";NA;NA;NA;NA;NA;NA;NA;NA;NA;NA;NA;NA;NA;NA;NA;NA;NA;NA;NA;NA;NA;NA;NA;NA;NA
15;"PA";1503044;"150304";"Floresta do Araguaia";"Não";"-";"Total";NA;NA;3;3;3;2;NA;NA;1;4;4;3;7;3;6;3;7;11;5;6;6;4;3;5;NA
15;"PA";1503077;"150307";"Garrafão do Norte";"Não";"-";"Total";NA;NA;NA;2;NA;1;NA;1;NA;NA;3;2;7;4;11;11;15;4;1;5;4;6;6;5;NA
15;"PA";1503093;"150309";"Goianésia do Pará";"Não";"-";"Total";4;11;8;13;14;8;11;22;11;5;18;9;11;10;18;11;13;9;8;10;8;5;5;14;NA
15;"PA";1503101;"150310";"Gurupá";"Não";"-";"Total";NA;NA;NA;NA;NA;NA;NA;NA;NA;NA;1;NA;1;NA;NA;1;1;NA;NA;NA;NA;1;2;1;NA
15;"PA";1503200;"150320";"Igarapé-Açu";"Não";"-";"Total";3;3;1;NA;NA;4;1;2;5;3;6;1;6;5;5;6;5;5;7;5;9;5;6;11;NA
15;"PA";1503309;"150330";"Igarapé-Miri";"Não";"-";"Total";NA;NA;2;1;1;NA;4;NA;10;3;3;1;1;6;1;1;4;2;3;1;NA;NA;9;2;NA
15;"PA";1503408;"150340";"Inhangapi";"Não";"-";"Total";NA;NA;NA;NA;NA;NA;NA;1;1;NA;1;2;NA;1;NA;2;1;NA;1;4;1;2;1;2;NA
15;"PA";1503457;"150345";"Ipixuna do Pará";"Não";"-";"Total";1;NA;2;NA;1;NA;3;4;2;11;5;4;3;5;3;2;6;2;7;9;3;4;8;4;NA
15;"PA";1503507;"150350";"Irituia";"Não";"-";"Total";1;5;NA;NA;1;1;1;3;5;5;4;5;2;5;1;7;12;7;10;9;14;5;17;8;NA
15;"PA";1503606;"150360";"Itaituba";"Não";"-";"Total";3;8;12;9;1;6;6;11;9;25;22;18;19;31;34;42;37;42;33;28;42;50;66;64;NA
15;"PA";1503705;"150370";"Itupiranga";"Não";"-";"Total";3;1;3;6;3;7;7;6;1;3;4;5;8;8;4;10;8;6;4;5;5;7;6;4;NA
15;"PA";1503754;"150375";"Jacareacanga";"Não";"-";"Total";NA;NA;NA;1;NA;NA;NA;1;NA;NA;NA;NA;1;NA;NA;2;NA;4;1;2;4;NA;NA;2;NA
15;"PA";1503804;"150380";"Jacundá";"Não";"-";"Total";12;14;21;7;16;23;12;17;17;6;7;13;9;15;9;9;10;6;6;4;4;4;5;5;NA
15;"PA";1503903;"150390";"Juruti";"Não";"-";"Total";NA;NA;NA;NA;1;NA;NA;1;5;1;1;2;2;3;3;5;7;1;5;3;3;8;5;6;NA
15;"PA";1504000;"150400";"Limoeiro do Ajuru";"Não";"-";"Total";NA;NA;1;NA;NA;NA;NA;NA;NA;NA;NA;NA;NA;NA;NA;NA;NA;2;NA;NA;NA;NA;NA;NA;NA
15;"PA";1504059;"150405";"Mãe do Rio";"Não";"-";"Total";1;1;2;NA;1;2;5;1;9;2;7;5;2;7;7;3;5;6;4;5;9;10;6;3;NA
15;"PA";1504109;"150410";"Magalhães Barata";"Não";"-";"Total";NA;NA;NA;NA;NA;1;NA;NA;NA;NA;1;1;3;2;NA;2;1;3;NA;2;2;NA;2;2;NA
15;"PA";1504208;"150420";"Marabá";"Não";"-";"Total";32;42;60;38;48;60;63;124;99;75;101;91;89;104;102;86;79;94;83;89;97;82;97;115;NA
15;"PA";1504307;"150430";"Maracanã";"Não";"-";"Total";NA;NA;NA;1;NA;1;NA;1;NA;1;1;NA;3;3;6;2;4;NA;1;NA;3;2;2;6;NA
15;"PA";1504406;"150440";"Marapanim";"Não";"-";"Total";1;NA;NA;NA;NA;1;3;3;3;2;2;1;1;3;1;2;1;2;4;4;4;3;8;3;NA
15;"PA";1504422;"150442";"Marituba";"Não";"Região Metropolitana de Belém";"Total";2;10;12;14;11;11;23;15;11;12;5;11;21;13;14;12;5;9;6;5;9;13;11;10;NA
15;"PA";1504455;"150445";"Medicilândia";"Não";"-";"Total";2;1;NA;2;NA;2;1;1;1;5;3;3;6;2;5;14;10;8;3;1;3;3;8;1;NA
15;"PA";1504505;"150450";"Melgaço";"Não";"-";"Total";NA;NA;NA;NA;NA;NA;NA;NA;NA;NA;NA;NA;NA;NA;NA;NA;NA;NA;NA;NA;NA;NA;NA;NA;NA
15;"PA";1504604;"150460";"Mocajuba";"Não";"-";"Total";NA;NA;NA;2;1;NA;NA;3;1;1;1;NA;NA;1;1;1;2;2;3;2;3;2;1;4;NA
15;"PA";1504703;"150470";"Moju";"Não";"-";"Total";1;NA;NA;6;2;2;5;2;7;6;4;9;6;16;14;15;5;12;13;6;10;11;8;7;NA
15;"PA";1504752;"150475";"Mojuí dos Campos";"Não";"Região Metropolitana de Santarém";"Total";NA;NA;NA;NA;NA;NA;NA;NA;NA;NA;NA;NA;NA;NA;NA;NA;NA;2;1;1;2;NA;1;3;NA
15;"PA";1504802;"150480";"Monte Alegre";"Não";"-";"Total";1;1;NA;1;1;1;1;1;1;3;8;6;3;2;9;7;10;6;4;10;8;8;9;7;NA
15;"PA";1504901;"150490";"Muaná";"Não";"-";"Total";NA;NA;NA;NA;1;NA;NA;NA;NA;NA;NA;NA;1;NA;1;2;NA;1;NA;1;NA;2;NA;1;NA
15;"PA";1504950;"150495";"Nova Esperança do Piriá";"Não";"-";"Total";NA;NA;NA;NA;NA;1;NA;1;NA;NA;1;4;1;2;2;2;3;4;4;3;4;1;2;1;NA
15;"PA";1504976;"150497";"Nova Ipixuna";"Não";"-";"Total";1;1;NA;1;7;4;3;1;3;NA;3;2;5;2;NA;1;5;2;4;2;5;4;2;3;NA
15;"PA";1505007;"150500";"Nova Timboteua";"Não";"-";"Total";NA;NA;4;1;2;1;4;1;8;1;NA;2;5;NA;NA;1;2;1;2;4;8;3;2;5;NA
15;"PA";1505031;"150503";"Novo Progresso";"Não";"-";"Total";2;1;1;NA;8;NA;NA;2;1;5;5;6;6;9;6;3;8;11;13;14;20;19;16;22;NA
15;"PA";1505064;"150506";"Novo Repartimento";"Não";"-";"Total";1;2;1;14;7;8;4;1;6;6;10;7;14;13;15;17;15;10;11;11;13;17;14;17;NA
15;"PA";1505106;"150510";"Óbidos";"Não";"-";"Total";1;NA;NA;NA;NA;NA;NA;1;1;6;2;NA;3;5;5;9;4;4;3;3;1;3;4;7;NA
15;"PA";1505205;"150520";"Oeiras do Pará";"Não";"-";"Total";1;NA;1;NA;NA;NA;NA;NA;1;NA;NA;NA;NA;2;2;NA;1;NA;3;NA;NA;1;NA;NA;NA
15;"PA";1505304;"150530";"Oriximiná";"Não";"-";"Total";2;2;2;2;3;2;NA;2;3;4;3;7;2;5;9;5;4;9;5;4;3;5;3;4;NA
15;"PA";1505403;"150540";"Ourém";"Não";"-";"Total";NA;NA;NA;NA;2;1;2;NA;2;1;5;NA;2;NA;4;3;4;NA;1;2;NA;1;2;NA;NA
15;"PA";1505437;"150543";"Ourilândia do Norte";"Não";"-";"Total";7;2;3;2;5;7;3;6;11;5;6;4;9;14;4;10;6;6;10;8;13;3;12;15;NA
15;"PA";1505486;"150548";"Pacajá";"Não";"-";"Total";NA;NA;5;6;13;4;6;5;8;9;7;5;13;11;19;21;11;7;14;6;13;11;17;9;NA
15;"PA";1505494;"150549";"Palestina do Pará";"Não";"-";"Total";NA;NA;NA;NA;1;NA;1;4;1;NA;1;NA;1;1;NA;8;4;NA;2;NA;1;1;NA;NA;NA
15;"PA";1505502;"150550";"Paragominas";"Não";"-";"Total";9;13;11;10;8;10;12;17;10;16;11;12;18;10;15;28;39;29;23;15;34;38;32;37;NA
15;"PA";1505536;"150553";"Parauapebas";"Não";"-";"Total";9;12;12;24;18;24;28;20;30;31;32;38;51;66;60;55;24;28;24;26;36;44;19;35;NA
15;"PA";1505551;"150555";"Pau D'Arco";"Não";"-";"Total";NA;NA;NA;3;2;NA;2;NA;NA;1;2;2;NA;4;3;4;1;2;NA;1;NA;4;4;3;NA
15;"PA";1505601;"150560";"Peixe-Boi";"Não";"-";"Total";NA;1;NA;NA;NA;NA;NA;NA;NA;NA;NA;1;NA;1;1;3;5;NA;2;1;NA;NA;1;1;NA
15;"PA";1505635;"150563";"Piçarra";"Não";"-";"Total";NA;1;1;1;1;NA;NA;1;1;3;NA;1;3;6;NA;NA;NA;3;2;2;1;3;1;1;NA
15;"PA";1505650;"150565";"Placas";"Não";"-";"Total";NA;NA;NA;NA;NA;NA;NA;NA;2;5;NA;3;4;NA;3;5;3;2;1;6;6;6;5;4;NA
15;"PA";1505700;"150570";"Ponta de Pedras";"Não";"-";"Total";NA;NA;NA;NA;NA;NA;1;NA;NA;NA;NA;NA;2;1;NA;NA;NA;NA;2;NA;NA;NA;2;3;NA
15;"PA";1505809;"150580";"Portel";"Não";"-";"Total";NA;NA;NA;NA;1;NA;NA;1;NA;NA;NA;3;NA;2;2;NA;2;1;NA;1;1;3;3;NA;NA
15;"PA";1505908;"150590";"Porto de Moz";"Não";"-";"Total";NA;NA;NA;1;NA;1;NA;1;NA;3;1;NA;NA;1;4;NA;NA;NA;1;NA;1;NA;1;1;NA
15;"PA";1506005;"150600";"Prainha";"Não";"-";"Total";NA;1;NA;NA;NA;NA;NA;2;NA;1;4;1;NA;2;3;5;3;1;2;5;2;5;1;3;NA
15;"PA";1506104;"150610";"Primavera";"Não";"-";"Total";NA;NA;NA;NA;NA;NA;NA;1;1;NA;1;1;1;NA;NA;NA;2;NA;1;1;2;NA;NA;1;NA
15;"PA";1506112;"150611";"Quatipuru";"Não";"-";"Total";NA;NA;NA;NA;NA;NA;NA;NA;1;NA;NA;NA;1;NA;1;NA;1;NA;1;3;1;1;NA;1;NA
15;"PA";1506138;"150613";"Redenção";"Não";"-";"Total";26;21;15;19;16;10;19;24;30;38;42;34;45;40;67;50;46;56;63;50;66;46;52;42;NA
15;"PA";1506161;"150616";"Rio Maria";"Não";"-";"Total";4;3;4;NA;NA;NA;2;1;5;5;4;3;1;5;2;2;8;2;6;2;3;6;6;1;NA
15;"PA";1506187;"150618";"Rondon do Pará";"Não";"-";"Total";16;12;8;3;7;4;8;13;7;7;11;9;10;9;15;13;10;5;6;9;5;2;13;6;NA
15;"PA";1506195;"150619";"Rurópolis";"Não";"-";"Total";6;NA;NA;1;1;2;NA;3;3;4;2;7;5;2;3;3;4;4;6;8;1;4;3;5;NA
15;"PA";1506203;"150620";"Salinópolis";"Não";"-";"Total";4;1;NA;4;1;4;1;5;5;4;5;4;7;3;5;3;3;3;4;7;5;6;1;4;NA
15;"PA";1506302;"150630";"Salvaterra";"Não";"-";"Total";NA;NA;NA;1;NA;1;1;2;4;4;3;1;5;4;4;4;3;6;5;2;3;4;4;1;NA
15;"PA";1506351;"150635";"Santa Bárbara do Pará";"Não";"Região Metropolitana de Belém";"Total";2;1;NA;2;1;NA;NA;2;NA;1;1;4;1;1;NA;1;3;5;2;3;3;3;4;1;NA
15;"PA";1506401;"150640";"Santa Cruz do Arari";"Não";"-";"Total";NA;NA;NA;NA;NA;NA;NA;NA;NA;NA;NA;NA;NA;NA;NA;1;NA;NA;1;1;NA;NA;NA;1;NA
15;"PA";1506500;"150650";"Santa Izabel do Pará";"Não";"Região Metropolitana de Belém";"Total";6;12;13;10;2;6;5;8;7;11;14;20;17;9;15;9;11;7;10;15;14;12;15;7;NA
15;"PA";1506559;"150655";"Santa Luzia do Pará";"Não";"-";"Total";NA;2;NA;1;1;NA;2;1;3;1;6;NA;5;NA;2;NA;1;2;4;NA;3;3;6;1;NA
15;"PA";1506583;"150658";"Santa Maria das Barreiras";"Não";"-";"Total";3;NA;NA;NA;1;3;NA;NA;6;7;6;3;4;5;1;7;2;6;4;NA;4;8;12;3;NA
15;"PA";1506609;"150660";"Santa Maria do Pará";"Não";"-";"Total";5;4;5;1;3;2;20;6;3;2;12;6;3;7;13;7;14;5;4;4;9;14;5;7;NA
15;"PA";1506708;"150670";"Santana do Araguaia";"Não";"-";"Total";6;7;6;5;9;12;15;4;8;6;13;6;8;7;26;11;7;8;16;8;17;14;16;21;NA
15;"PA";1506807;"150680";"Santarém";"Não";"Região Metropolitana de Santarém";"Total";7;7;14;33;38;31;22;31;48;17;22;30;2;1;NA;1;22;60;32;81;85;35;60;46;NA
15;"PA";1506906;"150690";"Santarém Novo";"Não";"-";"Total";NA;NA;NA;NA;NA;NA;NA;NA;1;NA;NA;NA;1;NA;2;NA;NA;1;1;3;NA;1;NA;2;NA
15;"PA";1507003;"150700";"Santo Antônio do Tauá";"Não";"-";"Total";1;NA;NA;2;NA;3;3;2;2;3;4;1;4;3;7;4;6;2;2;2;8;7;3;4;NA
15;"PA";1507102;"150710";"São Caetano de Odivelas";"Não";"-";"Total";NA;NA;NA;1;NA;NA;NA;1;1;2;NA;NA;2;NA;NA;NA;1;1;NA;5;4;2;3;2;NA
15;"PA";1507151;"150715";"São Domingos do Araguaia";"Não";"-";"Total";8;6;NA;3;3;8;1;6;7;8;4;3;4;7;6;15;6;6;4;7;5;6;NA;4;NA
15;"PA";1507201;"150720";"São Domingos do Capim";"Não";"-";"Total";NA;NA;NA;NA;1;1;3;NA;NA;NA;1;NA;NA;2;3;2;NA;1;3;1;1;NA;5;1;NA
15;"PA";1507300;"150730";"São Félix do Xingu";"Não";"-";"Total";2;1;7;8;5;3;7;1;4;12;14;9;4;16;17;11;21;24;19;13;15;15;14;15;NA
15;"PA";1507409;"150740";"São Francisco do Pará";"Não";"-";"Total";NA;3;2;3;2;2;1;2;7;3;7;1;4;3;2;5;7;3;5;5;4;7;4;8;NA
15;"PA";1507458;"150745";"São Geraldo do Araguaia";"Não";"-";"Total";1;3;1;1;NA;3;4;8;6;2;10;4;6;4;6;3;8;4;5;3;5;8;4;2;NA
15;"PA";1507466;"150746";"São João da Ponta";"Não";"-";"Total";NA;NA;NA;NA;NA;NA;NA;NA;1;NA;NA;2;NA;3;2;2;2;1;NA;1;4;NA;1;NA;NA
15;"PA";1507474;"150747";"São João de Pirabas";"Não";"-";"Total";NA;NA;NA;NA;NA;NA;NA;NA;NA;NA;1;NA;1;1;4;NA;1;2;4;2;NA;4;3;2;NA
15;"PA";1507508;"150750";"São João do Araguaia";"Não";"-";"Total";NA;3;NA;3;1;NA;2;1;3;4;3;2;2;3;8;6;2;1;2;5;NA;2;4;2;NA
15;"PA";1507607;"150760";"São Miguel do Guamá";"Não";"-";"Total";3;2;2;NA;NA;NA;3;8;6;4;4;1;3;3;4;1;10;9;8;7;13;8;9;10;NA
15;"PA";1507706;"150770";"São Sebastião da Boa Vista";"Não";"-";"Total";NA;NA;NA;NA;NA;NA;NA;NA;1;NA;NA;NA;NA;NA;NA;NA;1;1;NA;NA;NA;NA;1;NA;NA
15;"PA";1507755;"150775";"Sapucaia";"Não";"-";"Total";NA;1;NA;NA;NA;NA;NA;NA;1;1;2;3;1;NA;1;1;NA;3;1;1;5;2;NA;3;NA
15;"PA";1507805;"150780";"Senador José Porfírio";"Não";"-";"Total";NA;2;NA;1;NA;NA;NA;1;NA;NA;NA;1;NA;1;NA;NA;NA;1;4;1;2;2;4;1;NA
15;"PA";1507904;"150790";"Soure";"Não";"-";"Total";NA;NA;NA;NA;NA;2;NA;NA;1;1;NA;1;3;1;2;NA;NA;2;3;2;1;3;1;1;NA
15;"PA";1507953;"150795";"Tailândia";"Não";"-";"Total";7;7;20;30;28;34;20;28;18;13;23;21;9;6;10;16;21;18;21;11;15;15;18;21;NA
15;"PA";1507961;"150796";"Terra Alta";"Não";"-";"Total";NA;NA;1;NA;2;1;1;3;2;4;NA;1;4;2;3;2;NA;2;2;1;3;2;1;2;NA
15;"PA";1507979;"150797";"Terra Santa";"Não";"-";"Total";NA;NA;NA;NA;NA;NA;1;1;NA;NA;NA;NA;1;1;1;1;3;1;1;3;3;NA;1;3;NA
15;"PA";1508001;"150800";"Tomé-Açu";"Não";"-";"Total";9;2;2;2;3;4;6;9;4;2;13;9;13;11;9;5;9;5;12;10;14;10;13;25;NA
15;"PA";1508035;"150803";"Tracuateua";"Não";"-";"Total";NA;NA;NA;NA;NA;NA;NA;1;NA;5;2;2;2;1;NA;2;3;1;3;4;4;2;7;9;NA
15;"PA";1508050;"150805";"Trairão";"Não";"-";"Total";NA;NA;1;NA;3;1;2;2;NA;NA;NA;NA;NA;1;1;1;7;5;10;6;13;12;12;18;NA
15;"PA";1508084;"150808";"Tucumã";"Não";"-";"Total";5;3;7;6;7;6;5;12;9;10;15;13;13;8;6;6;9;8;7;10;19;13;13;8;NA
15;"PA";1508100;"150810";"Tucuruí";"Não";"-";"Total";5;15;18;20;27;33;30;30;23;26;29;31;29;34;47;29;37;40;34;31;39;36;25;52;NA
15;"PA";1508126;"150812";"Ulianópolis";"Não";"-";"Total";5;5;3;5;2;3;8;10;8;3;12;11;10;8;6;8;11;10;5;12;6;8;8;11;NA
15;"PA";1508159;"150815";"Uruará";"Não";"-";"Total";1;1;1;NA;3;1;6;4;2;2;3;6;8;6;9;7;6;2;5;8;12;5;10;3;NA
15;"PA";1508209;"150820";"Vigia";"Não";"-";"Total";NA;1;1;3;NA;4;1;1;1;5;3;6;4;4;6;2;8;5;4;4;6;7;5;8;NA
15;"PA";1508308;"150830";"Viseu";"Não";"-";"Total";NA;NA;NA;NA;NA;NA;NA;1;NA;1;2;1;3;1;2;7;4;2;4;2;2;4;1;4;NA
15;"PA";1508357;"150835";"Vitória do Xingu";"Não";"-";"Total";NA;NA;NA;NA;NA;NA;NA;NA;1;5;1;1;4;5;8;6;6;3;7;2;2;2;1;1;NA
15;"PA";1508407;"150840";"Xinguara";"Não";"-";"Total";3;5;1;4;4;6;8;14;7;9;15;8;8;15;10;12;17;8;7;8;9;10;15;18;NA
16;"AP";1600055;"160005";"Serra do Navio";"Não";"-";"Total";NA;NA;1;NA;NA;NA;NA;NA;NA;NA;NA;NA;NA;NA;NA;2;1;NA;NA;NA;NA;NA;2;NA;NA
16;"AP";1600105;"160010";"Amapá";"Não";"-";"Total";NA;NA;NA;1;NA;NA;1;NA;NA;NA;NA;NA;NA;1;NA;NA;NA;2;NA;NA;NA;NA;1;NA;NA
16;"AP";1600154;"160015";"Pedra Branca do Amapari";"Não";"-";"Total";NA;NA;NA;NA;NA;1;NA;NA;NA;NA;1;1;1;NA;1;NA;NA;NA;NA;NA;NA;1;1;1;NA
16;"AP";1600204;"160020";"Calçoene";"Não";"-";"Total";NA;1;NA;NA;NA;1;1;1;1;1;1;7;2;3;3;NA;2;NA;NA;1;2;1;2;NA;NA
16;"AP";1600212;"160021";"Cutias";"Não";"-";"Total";NA;NA;NA;NA;NA;NA;1;NA;NA;NA;NA;NA;NA;NA;NA;NA;NA;NA;NA;1;NA;NA;1;NA;NA
16;"AP";1600238;"160023";"Ferreira Gomes";"Não";"-";"Total";2;1;NA;NA;5;1;NA;2;1;NA;NA;2;NA;3;1;1;1;1;1;NA;NA;1;3;3;NA
16;"AP";1600253;"160025";"Itaubal";"Não";"-";"Total";NA;1;NA;1;1;NA;NA;NA;NA;NA;NA;1;NA;NA;NA;NA;1;NA;1;NA;NA;NA;NA;NA;NA
16;"AP";1600279;"160027";"Laranjal do Jari";"Não";"-";"Total";NA;NA;5;1;2;NA;3;1;3;4;3;1;3;NA;3;NA;3;2;4;3;2;6;4;5;NA
16;"AP";1600303;"160030";"Macapá";"Sim";"Região Metropolitana de Macapá";"Total";70;89;87;86;80;83;87;66;68;81;73;87;80;59;75;63;59;64;44;59;53;58;64;58;NA
16;"AP";1600402;"160040";"Mazagão";"Não";"Região Metropolitana de Macapá";"Total";NA;NA;NA;NA;NA;NA;NA;NA;1;NA;3;1;2;4;NA;NA;NA;1;1;NA;NA;4;4;2;NA
16;"AP";1600501;"160050";"Oiapoque";"Não";"-";"Total";2;NA;NA;1;NA;NA;3;3;1;1;1;2;1;NA;2;1;2;NA;2;3;2;3;1;NA;NA
16;"AP";1600535;"160053";"Porto Grande";"Não";"-";"Total";NA;NA;2;NA;1;2;1;3;3;5;3;2;NA;8;7;1;1;1;NA;2;1;1;4;3;NA
16;"AP";1600550;"160055";"Pracuúba";"Não";"-";"Total";NA;NA;NA;NA;1;2;NA;NA;NA;NA;NA;NA;NA;NA;2;1;NA;NA;NA;1;NA;2;NA;NA;NA
16;"AP";1600600;"160060";"Santana";"Não";"Região Metropolitana de Macapá";"Total";2;4;1;11;5;8;4;2;6;4;9;3;8;7;12;9;6;4;4;8;3;14;9;10;NA
16;"AP";1600709;"160070";"Tartarugalzinho";"Não";"-";"Total";NA;NA;NA;2;2;1;NA;3;NA;NA;NA;9;NA;1;2;NA;3;1;NA;1;1;2;2;NA;NA
16;"AP";1600808;"160080";"Vitória do Jari";"Não";"-";"Total";NA;NA;1;NA;1;NA;NA;NA;NA;1;NA;NA;NA;NA;1;NA;NA;NA;NA;NA;NA;NA;NA;NA;NA
17;"TO";1700251;"170025";"Abreulândia";"Não";"-";"Total";NA;NA;NA;1;NA;NA;NA;NA;2;1;1;1;NA;NA;2;1;1;NA;NA;NA;NA;1;NA;NA;NA
17;"TO";1700301;"170030";"Aguiarnópolis";"Não";"-";"Total";1;1;NA;NA;NA;NA;NA;2;NA;NA;2;NA;NA;NA;2;NA;2;NA;2;NA;1;1;2;NA;NA
17;"TO";1700350;"170035";"Aliança do Tocantins";"Não";"Região Metropolitana de Gurupi";"Total";NA;NA;NA;NA;NA;NA;3;2;NA;5;6;7;7;2;1;5;1;NA;4;4;4;2;5;6;NA
17;"TO";1700400;"170040";"Almas";"Não";"-";"Total";NA;NA;NA;1;NA;NA;NA;1;NA;NA;NA;NA;NA;NA;1;NA;2;1;3;NA;2;NA;1;1;NA
17;"TO";1700707;"170070";"Alvorada";"Não";"Região Metropolitana de Gurupi";"Total";1;NA;1;NA;NA;3;NA;5;NA;4;3;5;2;3;9;5;13;4;2;3;2;2;4;2;NA
17;"TO";1701002;"170100";"Ananás";"Não";"-";"Total";2;1;NA;NA;1;1;1;1;2;1;2;NA;2;2;1;2;1;2;1;NA;1;NA;1;7;NA
17;"TO";1701051;"170105";"Angico";"Não";"-";"Total";1;2;NA;NA;1;1;NA;NA;NA;1;NA;NA;NA;1;NA;NA;NA;NA;NA;NA;1;4;1;NA;NA
17;"TO";1701101;"170110";"Aparecida do Rio Negro";"Não";"Região Metropolitana de Palmas";"Total";1;NA;NA;1;NA;1;2;NA;NA;NA;3;6;3;1;2;NA;6;6;1;NA;1;1;2;1;NA
17;"TO";1701309;"170130";"Aragominas";"Não";"-";"Total";NA;1;1;1;NA;2;NA;NA;NA;2;1;NA;3;1;NA;NA;NA;2;3;NA;1;1;2;1;NA
17;"TO";1701903;"170190";"Araguacema";"Não";"-";"Total";2;2;NA;NA;NA;1;1;3;NA;2;1;1;NA;NA;1;2;2;6;NA;1;NA;2;2;NA;NA
17;"TO";1702000;"170200";"Araguaçu";"Não";"Região Metropolitana de Gurupi";"Total";1;1;1;2;1;2;NA;1;3;NA;NA;1;3;NA;1;1;NA;1;1;2;1;3;2;1;NA
17;"TO";1702109;"170210";"Araguaína";"Não";"-";"Total";60;70;71;93;99;68;52;53;71;48;47;59;53;39;66;61;68;82;59;66;48;69;58;55;NA
17;"TO";1702158;"170215";"Araguanã";"Não";"-";"Total";3;NA;NA;NA;1;NA;1;2;1;1;1;NA;NA;1;5;NA;2;NA;NA;2;NA;NA;1;NA;NA
17;"TO";1702208;"170220";"Araguatins";"Não";"-";"Total";1;NA;NA;2;2;NA;1;3;4;2;8;5;7;4;6;6;2;5;6;NA;12;11;10;7;NA
17;"TO";1702307;"170230";"Arapoema";"Não";"-";"Total";3;1;NA;1;1;1;NA;NA;1;2;4;NA;NA;3;6;2;3;NA;2;2;1;2;2;1;NA
17;"TO";1702406;"170240";"Arraias";"Não";"-";"Total";NA;1;NA;1;2;NA;NA;3;1;2;1;2;2;2;1;2;3;3;5;2;1;3;3;1;NA
17;"TO";1702554;"170255";"Augustinópolis";"Não";"-";"Total";1;4;7;6;7;3;3;10;6;4;7;16;10;5;4;4;11;7;7;6;6;10;11;13;NA
17;"TO";1702703;"170270";"Aurora do Tocantins";"Não";"-";"Total";NA;NA;NA;1;NA;1;1;3;1;NA;2;1;1;NA;1;1;NA;NA;NA;1;NA;1;NA;NA;NA
17;"TO";1702901;"170290";"Axixá do Tocantins";"Não";"-";"Total";1;1;NA;1;NA;NA;NA;NA;5;1;2;1;5;1;2;1;2;4;5;2;2;2;4;6;NA
17;"TO";1703008;"170300";"Babaçulândia";"Não";"-";"Total";2;3;NA;1;2;3;NA;4;5;1;1;1;2;4;4;1;4;1;4;5;1;NA;1;2;NA
17;"TO";1703057;"170305";"Bandeirantes do Tocantins";"Não";"-";"Total";NA;1;NA;NA;NA;NA;NA;1;NA;2;2;1;1;2;2;1;3;NA;2;NA;1;1;2;NA;NA
17;"TO";1703073;"170307";"Barra do Ouro";"Não";"-";"Total";NA;NA;NA;NA;2;NA;NA;NA;1;NA;3;NA;2;2;1;NA;2;NA;NA;NA;1;2;7;3;NA
17;"TO";1703107;"170310";"Barrolândia";"Não";"Região Metropolitana de Palmas";"Total";1;NA;1;NA;2;1;NA;NA;NA;NA;2;8;2;1;2;1;2;1;NA;1;1;NA;3;1;NA
17;"TO";1703206;"170320";"Bernardo Sayão";"Não";"-";"Total";NA;NA;NA;NA;NA;1;2;3;1;1;2;3;1;NA;1;2;1;NA;NA;1;2;NA;NA;1;NA
17;"TO";1703305;"170330";"Bom Jesus do Tocantins";"Não";"-";"Total";NA;NA;NA;1;NA;NA;NA;1;1;NA;2;1;NA;NA;NA;2;NA;NA;4;NA;NA;NA;1;NA;NA
17;"TO";1703602;"170360";"Brasilândia do Tocantins";"Não";"-";"Total";NA;NA;1;2;1;3;1;3;NA;NA;NA;1;NA;3;1;2;1;3;1;2;1;1;3;1;NA
17;"TO";1703701;"170370";"Brejinho de Nazaré";"Não";"Região Metropolitana de Palmas";"Total";NA;1;NA;NA;NA;NA;NA;1;NA;1;1;2;2;2;1;2;NA;3;NA;1;1;1;1;2;NA
17;"TO";1703800;"170380";"Buriti do Tocantins";"Não";"-";"Total";NA;1;NA;3;NA;3;1;NA;1;NA;1;NA;NA;NA;NA;1;2;3;1;NA;2;NA;2;1;NA
17;"TO";1703826;"170382";"Cachoeirinha";"Não";"-";"Total";NA;NA;NA;1;NA;NA;NA;NA;NA;NA;1;NA;1;NA;NA;NA;1;NA;NA;2;NA;3;3;NA;NA
17;"TO";1703842;"170384";"Campos Lindos";"Não";"-";"Total";NA;NA;NA;1;NA;NA;NA;1;1;NA;3;NA;NA;2;2;2;3;3;1;1;2;1;1;1;NA
17;"TO";1703867;"170386";"Cariri do Tocantins";"Não";"Região Metropolitana de Gurupi";"Total";NA;1;3;NA;1;NA;NA;2;1;3;5;2;5;3;NA;2;1;NA;2;4;2;5;3;5;NA
17;"TO";1703883;"170388";"Carmolândia";"Não";"-";"Total";1;1;1;3;1;1;1;1;NA;NA;2;1;3;3;1;2;2;2;1;NA;1;NA;NA;2;NA
17;"TO";1703891;"170389";"Carrasco Bonito";"Não";"-";"Total";NA;NA;1;NA;NA;NA;NA;NA;2;1;NA;1;NA;NA;1;1;NA;1;NA;NA;1;3;1;2;NA
17;"TO";1703909;"170390";"Caseara";"Não";"-";"Total";NA;1;NA;NA;1;1;NA;1;3;NA;NA;NA;1;NA;3;1;NA;1;NA;NA;NA;1;NA;5;NA
17;"TO";1704105;"170410";"Centenário";"Não";"-";"Total";NA;NA;NA;NA;1;NA;1;2;NA;NA;NA;NA;NA;NA;1;NA;2;NA;1;2;NA;NA;NA;NA;NA
17;"TO";1704600;"170460";"Chapada de Areia";"Não";"-";"Total";NA;NA;NA;NA;NA;NA;NA;NA;NA;NA;NA;NA;1;NA;1;NA;NA;NA;NA;NA;3;NA;1;NA;NA
17;"TO";1705102;"170510";"Chapada da Natividade";"Não";"-";"Total";NA;NA;1;NA;1;1;1;1;NA;1;1;2;NA;NA;NA;NA;4;1;4;1;1;NA;1;2;NA
17;"TO";1705508;"170550";"Colinas do Tocantins";"Não";"-";"Total";6;NA;5;4;10;7;11;7;8;10;17;9;16;11;9;9;4;16;10;7;14;5;7;5;NA
17;"TO";1705557;"170555";"Combinado";"Não";"-";"Total";NA;NA;NA;NA;2;NA;NA;1;NA;1;1;2;1;NA;NA;NA;1;1;1;1;NA;1;NA;NA;NA
17;"TO";1705607;"170560";"Conceição do Tocantins";"Não";"-";"Total";NA;NA;NA;1;NA;1;NA;NA;1;NA;2;NA;NA;NA;NA;NA;1;NA;1;NA;NA;NA;NA;2;NA
17;"TO";1706001;"170600";"Couto Magalhães";"Não";"-";"Total";NA;NA;NA;NA;1;1;1;2;1;NA;1;NA;2;1;1;1;NA;4;1;NA;3;2;3;1;NA
17;"TO";1706100;"170610";"Cristalândia";"Não";"-";"Total";1;NA;NA;NA;1;2;1;NA;1;4;3;2;3;3;1;3;3;5;NA;3;1;2;2;3;NA
17;"TO";1706258;"170625";"Crixás do Tocantins";"Não";"Região Metropolitana de Gurupi";"Total";NA;NA;1;NA;3;NA;1;NA;NA;NA;2;3;1;NA;1;NA;1;NA;1;NA;1;1;NA;1;NA
17;"TO";1706506;"170650";"Darcinópolis";"Não";"-";"Total";NA;3;1;NA;1;2;1;1;2;NA;3;3;2;2;1;3;2;5;3;1;1;5;1;5;NA
17;"TO";1707009;"170700";"Dianópolis";"Não";"-";"Total";3;1;1;2;2;2;4;7;1;8;4;3;2;5;6;5;5;5;NA;5;3;5;3;10;NA
17;"TO";1707108;"170710";"Divinópolis do Tocantins";"Não";"-";"Total";NA;2;NA;NA;4;1;2;2;2;2;2;NA;2;9;6;3;6;2;3;2;4;1;1;6;NA
17;"TO";1707207;"170720";"Dois Irmãos do Tocantins";"Não";"-";"Total";1;NA;1;NA;1;1;1;NA;NA;1;NA;1;NA;1;1;1;2;2;1;NA;3;2;3;NA;NA
17;"TO";1707306;"170730";"Dueré";"Não";"Região Metropolitana de Gurupi";"Total";3;NA;1;NA;NA;1;3;NA;2;1;1;5;2;2;5;2;NA;2;1;2;NA;2;2;1;NA
17;"TO";1707405;"170740";"Esperantina";"Não";"-";"Total";NA;1;NA;NA;2;NA;NA;1;2;NA;NA;NA;NA;1;3;1;1;6;3;2;1;1;1;1;NA
17;"TO";1707553;"170755";"Fátima";"Não";"Região Metropolitana de Palmas";"Total";1;2;NA;1;2;2;NA;1;2;NA;1;1;NA;NA;NA;1;NA;NA;1;NA;1;NA;1;NA;NA
17;"TO";1707652;"170765";"Figueirópolis";"Não";"Região Metropolitana de Gurupi";"Total";NA;NA;NA;NA;NA;NA;NA;NA;NA;1;4;1;4;2;2;3;NA;1;NA;2;1;3;2;1;NA
17;"TO";1707702;"170770";"Filadélfia";"Não";"-";"Total";1;1;3;2;4;NA;2;2;NA;4;5;2;3;5;2;2;3;NA;2;2;1;1;1;2;NA
17;"TO";1708205;"170820";"Formoso do Araguaia";"Não";"Região Metropolitana de Gurupi";"Total";2;2;2;1;NA;7;5;1;3;3;5;1;7;4;7;8;1;3;1;5;4;3;5;7;NA
17;"TO";1708254;"170825";"Tabocão";"Não";"-";"Total";2;NA;NA;1;NA;NA;NA;NA;NA;NA;2;2;4;NA;1;3;NA;NA;4;NA;NA;3;NA;1;NA
17;"TO";1708304;"170830";"Goianorte";"Não";"-";"Total";NA;NA;1;NA;NA;NA;NA;NA;1;NA;NA;3;NA;NA;NA;1;NA;2;NA;NA;NA;1;NA;2;NA
17;"TO";1709005;"170900";"Goiatins";"Não";"-";"Total";NA;2;NA;NA;NA;NA;NA;1;NA;NA;3;1;NA;1;NA;2;2;1;1;NA;NA;1;5;3;NA
17;"TO";1709302;"170930";"Guaraí";"Não";"-";"Total";2;1;3;NA;3;2;3;4;2;5;10;2;9;12;3;14;13;6;8;5;10;8;10;12;NA
17;"TO";1709500;"170950";"Gurupi";"Não";"Região Metropolitana de Gurupi";"Total";16;17;24;21;26;15;25;25;39;24;27;32;42;39;29;28;38;50;27;15;14;37;28;22;NA
17;"TO";1709807;"170980";"Ipueiras";"Não";"Região Metropolitana de Palmas";"Total";NA;1;NA;NA;NA;NA;NA;NA;NA;NA;NA;NA;NA;1;NA;NA;NA;NA;NA;2;1;NA;NA;1;NA
17;"TO";1710508;"171050";"Itacajá";"Não";"-";"Total";1;2;NA;NA;NA;NA;NA;1;NA;NA;1;NA;1;1;NA;NA;NA;1;NA;NA;2;NA;2;1;NA
17;"TO";1710706;"171070";"Itaguatins";"Não";"-";"Total";2;1;NA;NA;2;1;NA;NA;NA;1;NA;NA;NA;2;3;NA;NA;4;1;NA;1;1;1;NA;NA
17;"TO";1710904;"171090";"Itapiratins";"Não";"-";"Total";NA;NA;NA;NA;5;NA;NA;NA;NA;NA;NA;1;NA;NA;1;NA;NA;NA;1;NA;1;NA;1;NA;NA
17;"TO";1711100;"171110";"Itaporã do Tocantins";"Não";"-";"Total";NA;NA;NA;NA;NA;NA;2;NA;NA;NA;NA;1;NA;NA;NA;NA;NA;NA;NA;NA;NA;NA;1;NA;NA
17;"TO";1711506;"171150";"Jaú do Tocantins";"Não";"Região Metropolitana de Gurupi";"Total";NA;1;1;NA;NA;NA;NA;NA;1;NA;NA;NA;2;2;NA;1;1;1;NA;NA;NA;4;4;NA;NA
17;"TO";1711803;"171180";"Juarina";"Não";"-";"Total";NA;NA;NA;NA;NA;1;NA;NA;NA;NA;1;NA;NA;NA;NA;NA;NA;NA;NA;NA;1;NA;1;NA;NA
17;"TO";1711902;"171190";"Lagoa da Confusão";"Não";"Região Metropolitana de Gurupi";"Total";NA;NA;NA;7;1;NA;1;1;5;3;2;1;3;NA;4;7;1;2;4;2;3;3;1;5;NA
17;"TO";1711951;"171195";"Lagoa do Tocantins";"Não";"-";"Total";NA;NA;NA;NA;NA;NA;1;NA;NA;NA;NA;NA;1;2;1;1;1;NA;NA;1;1;NA;1;NA;NA
17;"TO";1712009;"171200";"Lajeado";"Não";"Região Metropolitana de Palmas";"Total";NA;NA;1;NA;NA;1;NA;NA;NA;2;NA;NA;1;3;NA;1;NA;4;1;1;3;NA;1;NA;NA
17;"TO";1712157;"171215";"Lavandeira";"Não";"-";"Total";NA;NA;NA;NA;NA;NA;NA;NA;NA;NA;NA;NA;NA;NA;NA;NA;NA;NA;NA;NA;NA;NA;NA;1;NA
17;"TO";1712405;"171240";"Lizarda";"Não";"-";"Total";NA;NA;NA;NA;NA;1;NA;NA;NA;1;NA;NA;1;2;NA;1;3;NA;1;NA;1;1;NA;1;NA
17;"TO";1712454;"171245";"Luzinópolis";"Não";"-";"Total";NA;NA;NA;NA;3;1;NA;NA;NA;2;2;1;NA;2;1;NA;NA;NA;1;NA;1;NA;NA;1;NA
17;"TO";1712504;"171250";"Marianópolis do Tocantins";"Não";"-";"Total";NA;5;NA;2;4;NA;NA;NA;NA;1;NA;1;1;2;3;NA;1;5;NA;1;1;2;1;1;NA
17;"TO";1712702;"171270";"Mateiros";"Não";"-";"Total";NA;NA;NA;NA;NA;NA;NA;NA;NA;1;1;NA;NA;NA;NA;NA;NA;NA;NA;NA;1;NA;1;NA;NA
17;"TO";1712801;"171280";"Maurilândia do Tocantins";"Não";"-";"Total";NA;NA;1;NA;NA;NA;NA;NA;NA;NA;NA;NA;NA;1;2;NA;1;NA;1;NA;NA;NA;NA;1;NA
17;"TO";1713205;"171320";"Miracema do Tocantins";"Não";"Região Metropolitana de Palmas";"Total";1;5;2;NA;6;7;2;5;3;5;7;9;5;2;4;2;3;4;4;5;4;2;1;4;NA
17;"TO";1713304;"171330";"Miranorte";"Não";"Região Metropolitana de Palmas";"Total";2;7;7;2;3;2;NA;8;2;2;1;2;4;2;4;6;4;2;3;4;5;3;5;7;NA
17;"TO";1713601;"171360";"Monte do Carmo";"Não";"Região Metropolitana de Palmas";"Total";1;NA;NA;NA;1;NA;NA;NA;1;1;NA;2;NA;1;2;2;4;2;NA;NA;1;1;1;3;NA
17;"TO";1713700;"171370";"Monte Santo do Tocantins";"Não";"-";"Total";NA;1;NA;NA;NA;NA;NA;1;2;2;NA;NA;NA;NA;3;1;NA;3;1;1;NA;NA;1;1;NA
17;"TO";1713809;"171380";"Palmeiras do Tocantins";"Não";"-";"Total";1;NA;4;NA;4;NA;NA;NA;NA;NA;2;2;2;2;1;1;3;2;1;1;NA;NA;3;1;NA
17;"TO";1713957;"171395";"Muricilândia";"Não";"-";"Total";NA;NA;NA;2;NA;NA;NA;NA;NA;NA;NA;NA;NA;1;1;NA;NA;1;1;1;NA;NA;1;NA;NA
17;"TO";1714203;"171420";"Natividade";"Não";"-";"Total";1;2;NA;NA;5;1;1;1;5;4;3;1;1;3;2;1;5;4;2;1;1;8;2;14;NA
17;"TO";1714302;"171430";"Nazaré";"Não";"-";"Total";NA;NA;1;1;NA;1;1;1;NA;NA;1;1;1;4;NA;1;1;1;NA;1;2;1;NA;1;NA
17;"TO";1714880;"171488";"Nova Olinda";"Não";"-";"Total";4;1;2;2;2;1;2;2;5;3;4;5;3;4;4;2;7;4;4;4;1;7;2;2;NA
17;"TO";1715002;"171500";"Nova Rosalândia";"Não";"-";"Total";NA;NA;2;2;2;2;1;1;2;NA;2;1;NA;1;3;NA;1;NA;1;1;NA;1;NA;NA;NA
17;"TO";1715101;"171510";"Novo Acordo";"Não";"-";"Total";NA;NA;NA;NA;NA;2;NA;NA;NA;NA;1;NA;1;NA;1;1;NA;NA;NA;1;1;1;NA;2;NA
17;"TO";1715150;"171515";"Novo Alegre";"Não";"-";"Total";NA;NA;NA;NA;NA;NA;NA;1;NA;NA;NA;NA;NA;NA;NA;NA;NA;NA;NA;1;NA;NA;NA;NA;NA
17;"TO";1715259;"171525";"Novo Jardim";"Não";"-";"Total";NA;NA;NA;NA;NA;NA;NA;NA;NA;2;1;NA;1;NA;NA;NA;1;1;5;2;NA;NA;NA;1;NA
17;"TO";1715507;"171550";"Oliveira de Fátima";"Não";"Região Metropolitana de Palmas";"Total";2;NA;NA;NA;NA;1;NA;NA;NA;NA;NA;NA;NA;1;NA;NA;3;1;NA;NA;NA;NA;NA;1;NA
17;"TO";1715705;"171570";"Palmeirante";"Não";"-";"Total";NA;NA;NA;NA;NA;NA;2;NA;1;NA;NA;1;1;2;1;1;3;3;1;NA;NA;NA;2;2;NA
17;"TO";1715754;"171575";"Palmeirópolis";"Não";"Região Metropolitana de Gurupi";"Total";NA;NA;NA;2;NA;3;1;4;1;2;1;NA;1;1;2;3;2;1;NA;1;1;1;1;3;NA
17;"TO";1716109;"171610";"Paraíso do Tocantins";"Não";"Região Metropolitana de Palmas";"Total";3;1;3;5;5;10;7;5;12;14;10;9;3;4;12;13;6;14;5;17;16;20;11;9;NA
17;"TO";1716208;"171620";"Paranã";"Não";"-";"Total";NA;NA;NA;NA;1;NA;2;NA;2;2;2;3;NA;3;2;5;2;5;2;1;1;2;3;NA;NA
17;"TO";1716307;"171630";"Pau D'Arco";"Não";"-";"Total";1;1;NA;1;NA;NA;2;1;NA;NA;2;NA;NA;1;NA;NA;1;NA;NA;NA;1;NA;3;1;NA
17;"TO";1716505;"171650";"Pedro Afonso";"Não";"-";"Total";1;1;2;1;3;1;NA;2;NA;3;2;NA;1;7;2;1;1;2;3;3;1;3;3;2;NA
17;"TO";1716604;"171660";"Peixe";"Não";"Região Metropolitana de Gurupi";"Total";1;NA;NA;2;4;2;2;6;1;6;2;8;6;2;1;2;1;1;3;2;3;5;5;1;NA
17;"TO";1716653;"171665";"Pequizeiro";"Não";"-";"Total";1;NA;1;1;1;NA;1;NA;NA;2;1;1;NA;NA;1;1;2;NA;NA;1;NA;2;1;2;NA
17;"TO";1716703;"171670";"Colméia";"Não";"-";"Total";1;NA;4;1;NA;1;NA;1;NA;3;2;4;2;NA;NA;3;2;7;4;NA;NA;2;2;2;NA
17;"TO";1717008;"171700";"Pindorama do Tocantins";"Não";"-";"Total";NA;NA;NA;NA;NA;1;NA;NA;NA;NA;NA;NA;NA;NA;1;NA;NA;3;NA;1;NA;NA;1;3;NA
17;"TO";1717206;"171720";"Piraquê";"Não";"-";"Total";1;1;3;NA;2;NA;NA;NA;NA;NA;NA;NA;NA;NA;NA;1;1;NA;1;NA;1;1;NA;NA;NA
17;"TO";1717503;"171750";"Pium";"Não";"-";"Total";2;NA;NA;NA;2;NA;NA;NA;NA;1;1;3;1;1;4;1;1;1;4;1;2;2;2;1;NA
17;"TO";1717800;"171780";"Ponte Alta do Bom Jesus";"Não";"-";"Total";NA;NA;NA;1;NA;NA;1;NA;1;1;NA;NA;NA;1;1;NA;1;NA;NA;NA;NA;NA;1;3;NA
17;"TO";1717909;"171790";"Ponte Alta do Tocantins";"Não";"-";"Total";NA;NA;NA;NA;NA;NA;NA;1;1;NA;1;1;3;NA;3;NA;2;2;1;3;4;NA;1;1;NA
17;"TO";1718006;"171800";"Porto Alegre do Tocantins";"Não";"-";"Total";NA;NA;NA;NA;1;NA;NA;NA;3;NA;1;NA;NA;NA;NA;NA;NA;1;1;1;NA;NA;NA;NA;NA
17;"TO";1718204;"171820";"Porto Nacional";"Não";"Região Metropolitana de Palmas";"Total";4;6;13;7;3;8;7;13;7;20;21;15;13;10;12;19;12;10;12;15;16;19;12;21;NA
17;"TO";1718303;"171830";"Praia Norte";"Não";"-";"Total";NA;NA;NA;NA;NA;NA;NA;NA;NA;1;1;1;1;NA;NA;1;NA;NA;NA;1;NA;1;1;NA;NA
17;"TO";1718402;"171840";"Presidente Kennedy";"Não";"-";"Total";NA;NA;NA;NA;3;NA;NA;3;5;NA;7;2;NA;NA;1;NA;2;NA;NA;1;NA;3;3;NA;NA
17;"TO";1718451;"171845";"Pugmil";"Não";"Região Metropolitana de Palmas";"Total";NA;1;NA;1;2;3;NA;NA;NA;NA;NA;3;NA;4;1;2;3;1;2;2;2;NA;NA;1;NA
17;"TO";1718501;"171850";"Recursolândia";"Não";"-";"Total";NA;NA;NA;NA;NA;1;NA;1;NA;NA;NA;NA;NA;1;NA;3;NA;NA;1;NA;1;NA;NA;NA;NA
17;"TO";1718550;"171855";"Riachinho";"Não";"-";"Total";NA;NA;NA;NA;NA;NA;1;NA;2;1;NA;NA;1;1;2;NA;1;NA;NA;NA;1;NA;2;4;NA
17;"TO";1718659;"171865";"Rio da Conceição";"Não";"-";"Total";NA;NA;NA;NA;NA;1;NA;NA;NA;NA;NA;NA;NA;1;NA;NA;NA;1;NA;NA;NA;NA;2;NA;NA
17;"TO";1718709;"171870";"Rio dos Bois";"Não";"-";"Total";NA;NA;NA;NA;NA;1;1;1;NA;1;NA;3;2;1;3;1;1;3;NA;1;2;2;1;NA;NA
17;"TO";1718758;"171875";"Rio Sono";"Não";"-";"Total";NA;1;NA;NA;NA;NA;NA;NA;1;2;NA;1;NA;NA;2;1;NA;1;1;1;4;NA;NA;1;NA
17;"TO";1718808;"171880";"Sampaio";"Não";"-";"Total";NA;NA;NA;NA;NA;NA;NA;NA;NA;NA;NA;1;NA;NA;NA;NA;NA;1;1;1;NA;1;2;NA;NA
17;"TO";1718840;"171884";"Sandolândia";"Não";"Região Metropolitana de Gurupi";"Total";3;NA;NA;NA;NA;NA;NA;3;NA;NA;NA;1;2;NA;1;3;1;1;2;2;NA;1;1;2;NA
17;"TO";1718865;"171886";"Santa Fé do Araguaia";"Não";"-";"Total";1;1;1;1;4;NA;NA;1;NA;3;1;NA;1;1;NA;NA;1;2;3;2;1;2;NA;2;NA
17;"TO";1718881;"171888";"Santa Maria do Tocantins";"Não";"-";"Total";NA;1;NA;NA;NA;NA;NA;3;NA;NA;NA;NA;NA;NA;1;2;1;NA;NA;NA;NA;1;1;1;NA
17;"TO";1718899;"171889";"Santa Rita do Tocantins";"Não";"-";"Total";NA;1;3;NA;NA;NA;1;2;4;1;3;3;3;1;NA;NA;2;NA;1;NA;2;NA;1;1;NA
17;"TO";1718907;"171890";"Santa Rosa do Tocantins";"Não";"-";"Total";1;NA;1;1;NA;1;2;1;3;2;NA;NA;2;NA;NA;4;3;NA;2;4;NA;NA;2;2;NA
17;"TO";1719004;"171900";"Santa Tereza do Tocantins";"Não";"-";"Total";NA;NA;NA;NA;NA;1;NA;NA;NA;NA;NA;NA;NA;NA;2;1;2;1;1;NA;2;NA;NA;1;NA
17;"TO";1720002;"172000";"Santa Terezinha do Tocantins";"Não";"-";"Total";NA;NA;1;NA;NA;NA;NA;NA;NA;NA;NA;1;NA;NA;NA;NA;1;NA;NA;NA;NA;NA;1;1;NA
17;"TO";1720101;"172010";"São Bento do Tocantins";"Não";"-";"Total";1;NA;NA;1;NA;NA;1;2;1;NA;1;2;1;NA;3;NA;NA;NA;NA;1;1;2;1;4;NA
17;"TO";1720150;"172015";"São Félix do Tocantins";"Não";"-";"Total";NA;NA;NA;NA;NA;NA;NA;NA;NA;NA;NA;NA;NA;NA;NA;NA;NA;1;NA;NA;NA;NA;NA;1;NA
17;"TO";1720200;"172020";"São Miguel do Tocantins";"Não";"-";"Total";NA;NA;NA;1;NA;NA;NA;NA;2;1;NA;2;1;3;3;1;2;7;4;NA;2;1;1;6;NA
17;"TO";1720259;"172025";"São Salvador do Tocantins";"Não";"Região Metropolitana de Gurupi";"Total";NA;NA;NA;NA;1;NA;NA;NA;NA;NA;NA;NA;6;NA;NA;NA;NA;NA;1;NA;NA;1;NA;NA;NA
17;"TO";1720309;"172030";"São Sebastião do Tocantins";"Não";"-";"Total";NA;NA;NA;NA;NA;NA;NA;NA;NA;NA;1;NA;NA;NA;NA;NA;1;1;1;1;NA;1;1;2;NA
17;"TO";1720499;"172049";"São Valério";"Não";"Região Metropolitana de Gurupi";"Total";NA;NA;NA;NA;NA;1;2;NA;1;1;1;2;1;3;1;2;1;1;2;2;2;NA;NA;NA;NA
17;"TO";1720655;"172065";"Silvanópolis";"Não";"Região Metropolitana de Palmas";"Total";NA;1;NA;2;1;1;1;NA;3;2;NA;1;1;1;1;NA;2;NA;1;NA;2;1;NA;NA;NA
17;"TO";1720804;"172080";"Sítio Novo do Tocantins";"Não";"-";"Total";NA;NA;1;1;1;NA;NA;1;NA;NA;5;1;1;1;2;3;1;1;NA;2;1;5;2;1;NA
17;"TO";1720853;"172085";"Sucupira";"Não";"Região Metropolitana de Gurupi";"Total";NA;NA;NA;NA;NA;NA;NA;NA;1;1;NA;NA;NA;NA;NA;NA;NA;NA;NA;1;NA;NA;NA;1;NA
17;"TO";1720903;"172090";"Taguatinga";"Não";"-";"Total";NA;5;2;5;1;NA;3;2;5;3;2;1;3;1;2;2;2;4;NA;1;3;5;1;3;NA
17;"TO";1720937;"172093";"Taipas do Tocantins";"Não";"-";"Total";1;NA;NA;NA;NA;NA;NA;NA;NA;3;1;NA;NA;NA;NA;NA;NA;NA;NA;NA;NA;NA;NA;NA;NA
17;"TO";1720978;"172097";"Talismã";"Não";"Região Metropolitana de Gurupi";"Total";2;NA;1;NA;1;2;NA;2;1;NA;3;1;2;2;2;1;3;2;2;NA;5;NA;NA;2;NA
17;"TO";1721000;"172100";"Palmas";"Sim";"Região Metropolitana de Palmas";"Total";31;27;43;45;36;38;42;72;45;68;61;76;75;67;59;75;64;73;73;69;69;83;94;90;NA
17;"TO";1721109;"172110";"Tocantínia";"Não";"Região Metropolitana de Palmas";"Total";NA;NA;NA;NA;NA;NA;NA;NA;2;NA;2;NA;1;2;NA;1;3;NA;NA;1;NA;NA;2;NA;NA
17;"TO";1721208;"172120";"Tocantinópolis";"Não";"-";"Total";1;1;NA;NA;1;2;3;2;2;8;2;NA;2;1;2;3;5;3;NA;5;NA;1;4;3;NA
17;"TO";1721257;"172125";"Tupirama";"Não";"-";"Total";NA;NA;NA;NA;NA;NA;NA;NA;1;NA;NA;2;1;NA;NA;NA;2;1;NA;1;NA;NA;NA;NA;NA
17;"TO";1721307;"172130";"Tupiratins";"Não";"-";"Total";NA;NA;NA;NA;NA;1;NA;NA;NA;NA;NA;NA;NA;NA;NA;NA;NA;1;NA;NA;NA;NA;NA;1;NA
17;"TO";1722081;"172208";"Wanderlândia";"Não";"-";"Total";3;3;1;9;8;5;4;4;4;5;4;5;1;6;8;3;3;5;5;3;7;5;6;4;NA
17;"TO";1722107;"172210";"Xambioá";"Não";"-";"Total";2;4;NA;NA;2;2;2;NA;1;NA;2;NA;3;NA;NA;3;NA;2;2;2;1;3;2;3;NA
21;"MA";2100055;"210005";"Açailândia";"Não";"Região Metropolitana do Sudoeste Maranhense";"Total";4;9;22;33;28;42;31;27;40;34;39;27;34;27;32;28;24;35;23;16;28;44;18;26;NA
21;"MA";2100105;"210010";"Afonso Cunha";"Não";"-";"Total";NA;NA;NA;NA;NA;NA;NA;NA;NA;NA;NA;NA;NA;NA;1;2;1;NA;NA;NA;1;NA;NA;NA;NA
21;"MA";2100154;"210015";"Água Doce do Maranhão";"Não";"-";"Total";NA;NA;NA;NA;NA;NA;NA;2;NA;NA;NA;2;NA;NA;NA;NA;NA;NA;1;NA;NA;NA;NA;NA;NA
21;"MA";2100204;"210020";"Alcântara";"Não";"Região Metropolitana da Grande São Luís";"Total";1;NA;1;NA;4;NA;2;6;1;NA;1;3;NA;2;4;4;3;2;2;3;3;2;3;5;NA
21;"MA";2100303;"210030";"Aldeias Altas";"Não";"Região Metropolitana da Zona Leste do Estado do Maranhão";"Total";NA;NA;1;NA;1;2;4;1;1;3;3;1;1;NA;2;1;6;3;1;NA;5;3;NA;1;NA
21;"MA";2100402;"210040";"Altamira do Maranhão";"Não";"-";"Total";NA;NA;1;NA;NA;1;1;NA;NA;NA;NA;NA;NA;NA;1;1;3;1;NA;1;1;NA;NA;NA;NA
21;"MA";2100436;"210043";"Alto Alegre do Maranhão";"Não";"-";"Total";NA;1;NA;3;1;2;NA;5;4;3;7;9;6;5;7;8;3;3;3;4;8;6;8;10;NA
21;"MA";2100477;"210047";"Alto Alegre do Pindaré";"Não";"-";"Total";NA;1;1;3;3;1;4;4;6;1;1;2;7;7;4;1;4;1;NA;4;1;4;6;1;NA
21;"MA";2100501;"210050";"Alto Parnaíba";"Não";"-";"Total";NA;NA;NA;NA;NA;NA;NA;1;1;3;1;1;2;1;NA;4;4;1;1;3;NA;2;2;4;NA
21;"MA";2100550;"210055";"Amapá do Maranhão";"Não";"-";"Total";NA;NA;NA;1;NA;NA;NA;1;NA;1;1;1;1;1;NA;1;NA;1;1;2;NA;NA;NA;NA;NA
21;"MA";2100600;"210060";"Amarante do Maranhão";"Não";"Região Metropolitana do Sudoeste Maranhense";"Total";1;NA;1;1;NA;5;NA;2;5;4;NA;4;6;4;4;4;8;1;2;6;4;3;6;2;NA
21;"MA";2100709;"210070";"Anajatuba";"Não";"-";"Total";NA;NA;2;NA;NA;NA;1;NA;NA;1;NA;1;3;1;1;2;6;1;1;1;2;1;NA;1;NA
21;"MA";2100808;"210080";"Anapurus";"Não";"-";"Total";NA;NA;NA;NA;NA;NA;1;2;2;4;3;NA;2;4;4;5;9;2;1;4;5;1;2;2;NA
21;"MA";2100832;"210083";"Apicum-Açu";"Não";"-";"Total";NA;NA;NA;NA;NA;NA;1;NA;NA;NA;2;2;NA;2;2;1;NA;1;NA;NA;1;3;2;NA;NA
21;"MA";2100873;"210087";"Araguanã";"Não";"-";"Total";NA;NA;NA;NA;NA;NA;NA;NA;NA;NA;5;1;1;NA;2;1;4;NA;NA;NA;3;NA;1;2;NA
21;"MA";2100907;"210090";"Araioses";"Não";"-";"Total";NA;NA;NA;NA;NA;1;NA;NA;1;NA;2;3;5;2;4;5;2;4;3;5;3;2;8;6;NA
21;"MA";2100956;"210095";"Arame";"Não";"-";"Total";NA;1;2;2;2;2;2;1;2;5;2;1;8;3;2;8;1;7;2;3;4;2;3;2;NA
21;"MA";2101004;"210100";"Arari";"Não";"-";"Total";2;NA;NA;2;2;1;1;1;2;2;4;7;5;2;8;7;5;NA;4;4;4;4;4;5;NA
21;"MA";2101103;"210110";"Axixá";"Não";"Região Metropolitana da Grande São Luís";"Total";NA;NA;NA;NA;1;3;1;NA;NA;NA;1;1;NA;2;2;NA;1;NA;2;1;NA;NA;1;1;NA
21;"MA";2101202;"210120";"Bacabal";"Não";"-";"Total";8;9;12;6;5;10;16;14;12;9;16;20;18;19;17;11;21;20;33;28;27;43;39;41;NA
21;"MA";2101251;"210125";"Bacabeira";"Não";"Região Metropolitana da Grande São Luís";"Total";1;1;1;NA;5;5;5;16;14;11;15;13;12;5;10;16;12;8;11;NA;5;6;1;3;NA
21;"MA";2101301;"210130";"Bacuri";"Não";"-";"Total";NA;NA;NA;2;1;NA;NA;NA;2;2;2;NA;1;2;11;2;3;2;NA;1;2;1;1;3;NA
21;"MA";2101350;"210135";"Bacurituba";"Não";"-";"Total";NA;NA;NA;1;NA;NA;NA;NA;NA;1;1;NA;NA;1;NA;1;NA;NA;NA;1;NA;1;2;NA;NA
21;"MA";2101400;"210140";"Balsas";"Não";"-";"Total";5;2;1;16;3;13;11;10;15;21;20;22;11;18;23;15;17;27;31;35;25;37;39;51;NA
21;"MA";2101509;"210150";"Barão de Grajaú";"Não";"-";"Total";1;NA;NA;NA;NA;NA;1;2;2;2;1;1;2;4;6;7;5;3;3;4;3;NA;2;8;NA
21;"MA";2101608;"210160";"Barra do Corda";"Não";"-";"Total";NA;7;6;9;10;8;6;17;18;11;25;29;16;16;22;13;10;11;9;18;26;12;10;17;NA
21;"MA";2101707;"210170";"Barreirinhas";"Não";"-";"Total";1;NA;1;2;3;6;6;3;5;4;4;1;6;7;11;3;9;16;10;4;13;17;14;20;NA
21;"MA";2101731;"210173";"Belágua";"Não";"-";"Total";NA;NA;NA;NA;2;NA;NA;NA;NA;NA;NA;NA;NA;NA;1;2;1;NA;NA;NA;NA;1;1;NA;NA
21;"MA";2101772;"210177";"Bela Vista do Maranhão";"Não";"-";"Total";NA;NA;NA;NA;NA;NA;NA;1;NA;NA;NA;NA;2;NA;1;NA;1;1;1;NA;4;NA;NA;NA;NA
21;"MA";2101806;"210180";"Benedito Leite";"Não";"-";"Total";NA;NA;NA;NA;NA;NA;NA;NA;NA;1;NA;1;1;NA;NA;NA;1;NA;3;NA;NA;1;1;1;NA
21;"MA";2101905;"210190";"Bequimão";"Não";"-";"Total";NA;NA;NA;NA;NA;NA;NA;2;4;NA;NA;1;NA;2;5;3;2;2;2;2;2;3;2;2;NA
21;"MA";2101939;"210193";"Bernardo do Mearim";"Não";"-";"Total";NA;NA;NA;1;NA;NA;NA;NA;NA;NA;NA;NA;1;NA;NA;NA;NA;NA;NA;NA;1;NA;NA;1;NA
21;"MA";2101970;"210197";"Boa Vista do Gurupi";"Não";"-";"Total";NA;NA;NA;NA;NA;NA;NA;NA;NA;1;1;1;NA;NA;NA;1;NA;1;2;NA;NA;NA;1;NA;NA
21;"MA";2102002;"210200";"Bom Jardim";"Não";"-";"Total";4;1;1;NA;NA;NA;1;2;5;3;1;5;3;7;2;8;2;4;4;2;5;9;1;7;NA
21;"MA";2102036;"210203";"Bom Jesus das Selvas";"Não";"-";"Total";2;10;8;5;3;14;4;8;9;11;1;NA;9;7;13;24;5;2;3;9;11;7;12;10;NA
21;"MA";2102077;"210207";"Bom Lugar";"Não";"-";"Total";NA;NA;NA;NA;1;NA;NA;1;NA;NA;NA;NA;1;NA;1;1;1;NA;1;NA;NA;3;2;2;NA
21;"MA";2102101;"210210";"Brejo";"Não";"-";"Total";NA;NA;1;3;NA;2;2;NA;5;1;1;1;5;3;6;7;5;7;4;2;2;4;2;1;NA
21;"MA";2102150;"210215";"Brejo de Areia";"Não";"-";"Total";NA;NA;NA;NA;NA;NA;NA;NA;NA;NA;NA;NA;1;NA;NA;NA;NA;NA;1;NA;1;NA;2;1;NA
21;"MA";2102200;"210220";"Buriti";"Não";"-";"Total";NA;1;2;NA;2;5;NA;2;4;2;1;1;2;3;6;1;6;6;2;4;1;6;5;1;NA
21;"MA";2102309;"210230";"Buriti Bravo";"Não";"-";"Total";1;NA;1;1;1;NA;1;2;3;2;NA;2;2;7;5;5;4;2;3;6;3;2;6;5;NA
21;"MA";2102325;"210232";"Buriticupu";"Não";"-";"Total";11;10;14;17;17;20;3;16;14;13;11;12;14;23;24;9;19;19;15;22;24;26;26;27;NA
21;"MA";2102358;"210235";"Buritirana";"Não";"Região Metropolitana do Sudoeste Maranhense";"Total";1;1;NA;NA;NA;NA;7;2;1;NA;NA;NA;3;2;2;2;3;4;1;NA;4;2;1;1;NA
21;"MA";2102374;"210237";"Cachoeira Grande";"Não";"Região Metropolitana da Grande São Luís";"Total";1;NA;NA;NA;NA;NA;NA;NA;NA;NA;NA;NA;1;1;NA;NA;1;NA;1;NA;1;1;1;NA;NA
21;"MA";2102408;"210240";"Cajapió";"Não";"-";"Total";NA;NA;NA;NA;NA;NA;NA;NA;NA;NA;NA;NA;3;1;NA;NA;1;2;1;NA;NA;NA;NA;NA;NA
21;"MA";2102507;"210250";"Cajari";"Não";"-";"Total";NA;NA;NA;NA;NA;NA;NA;NA;NA;NA;NA;NA;NA;NA;2;1;1;NA;1;1;1;2;NA;1;NA
21;"MA";2102556;"210255";"Campestre do Maranhão";"Não";"Região Metropolitana do Sudoeste Maranhense";"Total";NA;1;NA;1;NA;3;NA;1;NA;NA;2;1;2;3;3;4;4;3;2;6;7;2;6;1;NA
21;"MA";2102606;"210260";"Cândido Mendes";"Não";"-";"Total";NA;NA;NA;NA;NA;1;NA;NA;1;1;3;NA;1;NA;NA;1;2;NA;2;NA;1;1;NA;NA;NA
21;"MA";2102705;"210270";"Cantanhede";"Não";"-";"Total";NA;NA;NA;NA;NA;3;NA;NA;1;2;NA;NA;2;NA;1;3;1;2;NA;1;NA;2;NA;3;NA
21;"MA";2102754;"210275";"Capinzal do Norte";"Não";"-";"Total";1;4;NA;1;2;1;1;NA;1;3;8;6;5;5;4;3;3;4;1;NA;3;3;2;5;NA
21;"MA";2102804;"210280";"Carolina";"Não";"Região Metropolitana do Sudoeste Maranhense";"Total";1;1;5;2;3;4;NA;1;2;2;11;7;9;7;7;7;9;NA;6;6;12;5;6;5;NA
21;"MA";2102903;"210290";"Carutapera";"Não";"-";"Total";NA;1;4;NA;1;2;2;NA;NA;3;2;1;1;NA;NA;NA;4;NA;1;NA;1;2;2;3;NA
21;"MA";2103000;"210300";"Caxias";"Não";"Região Metropolitana da Zona Leste do Estado do Maranhão";"Total";15;5;18;16;22;15;17;26;28;26;30;46;49;50;66;33;60;35;47;42;52;46;52;46;NA
21;"MA";2103109;"210310";"Cedral";"Não";"-";"Total";NA;NA;NA;NA;NA;NA;NA;NA;NA;NA;1;NA;1;1;1;NA;1;NA;NA;NA;NA;1;NA;1;NA
21;"MA";2103125;"210312";"Central do Maranhão";"Não";"-";"Total";NA;NA;1;NA;NA;NA;NA;NA;NA;NA;1;4;NA;NA;1;NA;3;NA;2;NA;1;1;3;1;NA
21;"MA";2103158;"210315";"Centro do Guilherme";"Não";"-";"Total";NA;NA;1;2;NA;NA;NA;NA;NA;NA;1;NA;1;NA;NA;3;3;1;4;1;1;2;NA;NA;NA
21;"MA";2103174;"210317";"Centro Novo do Maranhão";"Não";"-";"Total";NA;NA;NA;NA;NA;4;NA;NA;NA;1;1;NA;2;1;2;3;NA;NA;1;NA;1;2;1;6;NA
21;"MA";2103208;"210320";"Chapadinha";"Não";"-";"Total";2;1;4;1;1;5;5;1;4;20;10;13;22;21;23;15;10;14;11;8;14;12;18;3;NA
21;"MA";2103257;"210325";"Cidelândia";"Não";"Região Metropolitana do Sudoeste Maranhense";"Total";NA;3;5;NA;3;NA;1;3;2;3;1;NA;1;2;2;4;1;3;7;4;2;3;4;7;NA
21;"MA";2103307;"210330";"Codó";"Não";"Região Metropolitana da Zona Leste do Estado do Maranhão";"Total";3;2;3;4;4;11;10;9;13;8;15;16;14;17;30;17;30;10;10;9;16;18;10;19;NA
21;"MA";2103406;"210340";"Coelho Neto";"Não";"-";"Total";NA;NA;2;4;3;NA;1;4;8;6;4;10;8;7;11;7;6;13;6;10;4;6;7;2;NA
21;"MA";2103505;"210350";"Colinas";"Não";"-";"Total";NA;1;4;2;2;1;3;4;2;10;4;14;11;16;10;9;16;6;6;14;5;6;9;8;NA
21;"MA";2103554;"210355";"Conceição do Lago-Açu";"Não";"-";"Total";NA;NA;NA;NA;NA;NA;NA;NA;1;NA;NA;2;3;NA;2;1;1;NA;NA;1;NA;NA;NA;NA;NA
21;"MA";2103604;"210360";"Coroatá";"Não";"-";"Total";3;3;2;2;7;3;7;9;3;3;3;5;6;12;19;22;20;18;14;9;7;8;20;16;NA
21;"MA";2103703;"210370";"Cururupu";"Não";"-";"Total";NA;NA;2;1;NA;2;1;NA;2;8;5;13;2;13;10;7;8;7;4;6;NA;6;7;6;NA
21;"MA";2103752;"210375";"Davinópolis";"Não";"Região Metropolitana do Sudoeste Maranhense";"Total";NA;1;1;NA;NA;NA;2;NA;1;NA;NA;NA;2;1;NA;1;1;1;1;NA;3;4;1;3;NA
21;"MA";2103802;"210380";"Dom Pedro";"Não";"-";"Total";2;1;1;3;3;NA;1;NA;4;3;5;5;6;1;3;5;8;7;4;3;2;6;7;7;NA
21;"MA";2103901;"210390";"Duque Bacelar";"Não";"-";"Total";NA;NA;NA;1;1;NA;1;1;NA;NA;4;NA;1;NA;NA;1;NA;NA;1;1;NA;1;1;NA;NA
21;"MA";2104008;"210400";"Esperantinópolis";"Não";"-";"Total";NA;NA;3;1;NA;2;NA;NA;NA;2;1;2;2;3;6;5;7;3;1;5;3;1;4;3;NA
21;"MA";2104057;"210405";"Estreito";"Não";"Região Metropolitana do Sudoeste Maranhense";"Total";6;2;7;1;6;7;2;3;1;9;8;9;5;6;6;8;10;9;9;4;4;4;9;11;NA
21;"MA";2104073;"210407";"Feira Nova do Maranhão";"Não";"-";"Total";NA;NA;NA;1;NA;NA;NA;NA;2;NA;1;NA;NA;2;NA;1;1;1;NA;2;3;1;NA;2;NA
21;"MA";2104081;"210408";"Fernando Falcão";"Não";"-";"Total";NA;NA;NA;NA;NA;NA;NA;1;NA;1;1;NA;NA;NA;1;1;1;1;1;2;2;1;NA;2;NA
21;"MA";2104099;"210409";"Formosa da Serra Negra";"Não";"-";"Total";NA;NA;NA;NA;NA;NA;NA;1;NA;NA;NA;NA;1;6;2;1;1;NA;1;1;2;1;2;NA;NA
21;"MA";2104107;"210410";"Fortaleza dos Nogueiras";"Não";"-";"Total";NA;1;NA;1;NA;NA;NA;2;NA;NA;NA;NA;2;10;6;3;2;5;6;4;4;2;3;3;NA
21;"MA";2104206;"210420";"Fortuna";"Não";"-";"Total";NA;1;1;2;NA;NA;1;4;2;1;NA;6;5;3;2;3;1;5;3;1;3;NA;4;2;NA
21;"MA";2104305;"210430";"Godofredo Viana";"Não";"-";"Total";1;NA;NA;NA;NA;1;NA;NA;NA;NA;NA;NA;1;1;1;1;1;NA;1;NA;NA;NA;NA;NA;NA
21;"MA";2104404;"210440";"Gonçalves Dias";"Não";"-";"Total";NA;NA;NA;NA;1;NA;2;1;1;3;2;2;5;1;8;1;3;1;2;NA;1;2;2;1;NA
21;"MA";2104503;"210450";"Governador Archer";"Não";"-";"Total";NA;NA;NA;NA;NA;NA;1;NA;NA;NA;1;1;3;3;2;2;4;NA;2;1;2;3;2;NA;NA
21;"MA";2104552;"210455";"Governador Edison Lobão";"Não";"Região Metropolitana do Sudoeste Maranhense";"Total";1;1;2;1;1;3;1;9;5;NA;4;1;3;7;6;6;5;5;8;6;12;1;3;6;NA
21;"MA";2104602;"210460";"Governador Eugênio Barros";"Não";"-";"Total";NA;NA;4;NA;4;NA;2;NA;1;1;4;6;4;3;2;3;1;4;1;3;NA;3;4;2;NA
21;"MA";2104628;"210462";"Governador Luiz Rocha";"Não";"-";"Total";NA;NA;NA;2;NA;NA;2;NA;NA;NA;NA;NA;1;1;NA;NA;1;NA;NA;2;2;NA;1;3;NA
21;"MA";2104651;"210465";"Governador Newton Bello";"Não";"-";"Total";1;NA;NA;1;NA;2;1;NA;2;NA;3;1;2;NA;1;1;1;NA;NA;NA;1;2;1;2;NA
21;"MA";2104677;"210467";"Governador Nunes Freire";"Não";"-";"Total";2;6;3;4;2;4;8;8;5;4;6;9;3;7;13;13;8;11;9;9;7;9;5;6;NA
21;"MA";2104701;"210470";"Graça Aranha";"Não";"-";"Total";NA;NA;NA;NA;NA;NA;NA;NA;NA;NA;NA;3;NA;2;3;2;1;1;NA;NA;1;1;2;1;NA
21;"MA";2104800;"210480";"Grajaú";"Não";"-";"Total";5;2;6;11;10;3;5;14;15;14;11;18;11;14;20;15;23;20;17;17;31;31;45;37;NA
21;"MA";2104909;"210490";"Guimarães";"Não";"-";"Total";NA;3;3;NA;1;2;1;NA;NA;NA;NA;NA;1;1;1;NA;1;2;3;NA;NA;NA;NA;NA;NA
21;"MA";2105005;"210500";"Humberto de Campos";"Não";"-";"Total";1;NA;NA;NA;2;NA;1;NA;4;1;2;3;3;6;3;3;5;3;1;2;3;2;NA;1;NA
21;"MA";2105104;"210510";"Icatu";"Não";"Região Metropolitana da Grande São Luís";"Total";1;NA;NA;NA;1;NA;1;NA;NA;1;1;NA;NA;NA;2;2;1;1;NA;3;2;2;NA;1;NA
21;"MA";2105153;"210515";"Igarapé do Meio";"Não";"-";"Total";NA;NA;NA;NA;NA;NA;2;2;1;2;NA;NA;2;3;1;3;NA;NA;2;1;NA;1;5;2;NA
21;"MA";2105203;"210520";"Igarapé Grande";"Não";"-";"Total";1;1;1;1;1;NA;NA;2;4;2;1;3;2;NA;2;3;2;5;1;3;2;2;2;2;NA
21;"MA";2105302;"210530";"Imperatriz";"Não";"Região Metropolitana do Sudoeste Maranhense";"Total";21;37;29;43;72;70;76;105;96;105;132;139;164;150;167;148;169;155;120;124;91;88;73;83;NA
21;"MA";2105351;"210535";"Itaipava do Grajaú";"Não";"-";"Total";NA;NA;NA;1;2;NA;NA;NA;NA;NA;1;1;2;1;3;NA;NA;3;5;3;2;3;1;5;NA
21;"MA";2105401;"210540";"Itapecuru Mirim";"Não";"-";"Total";4;4;5;3;4;7;13;12;13;10;13;10;13;6;13;9;15;6;12;7;14;13;16;6;NA
21;"MA";2105427;"210542";"Itinga do Maranhão";"Não";"Região Metropolitana do Sudoeste Maranhense";"Total";NA;1;2;4;NA;NA;13;1;2;3;5;2;4;5;10;5;7;2;7;3;8;2;4;6;NA
21;"MA";2105450;"210545";"Jatobá";"Não";"-";"Total";NA;NA;1;NA;NA;NA;NA;1;NA;NA;NA;NA;4;1;NA;NA;NA;NA;3;NA;1;2;2;3;NA
21;"MA";2105476;"210547";"Jenipapo dos Vieiras";"Não";"-";"Total";NA;NA;NA;NA;NA;NA;NA;NA;1;NA;NA;1;NA;NA;1;1;NA;NA;NA;2;2;1;2;1;NA
21;"MA";2105500;"210550";"João Lisboa";"Não";"Região Metropolitana do Sudoeste Maranhense";"Total";1;NA;1;NA;1;3;NA;4;3;NA;2;2;4;2;3;2;5;1;2;3;3;1;1;1;NA
21;"MA";2105609;"210560";"Joselândia";"Não";"-";"Total";NA;NA;NA;NA;NA;1;NA;1;NA;3;2;1;4;4;NA;1;1;3;2;1;2;2;3;1;NA
21;"MA";2105658;"210565";"Junco do Maranhão";"Não";"-";"Total";NA;NA;1;NA;NA;NA;NA;NA;1;4;NA;1;NA;2;1;2;4;2;NA;NA;NA;5;1;NA;NA
21;"MA";2105708;"210570";"Lago da Pedra";"Não";"-";"Total";NA;4;6;NA;1;5;NA;3;1;10;5;5;6;6;5;8;4;10;7;4;10;16;5;6;NA
21;"MA";2105807;"210580";"Lago do Junco";"Não";"-";"Total";NA;NA;NA;NA;NA;NA;3;NA;NA;2;NA;NA;1;1;NA;2;1;1;NA;1;NA;2;1;2;NA
21;"MA";2105906;"210590";"Lago Verde";"Não";"-";"Total";NA;NA;NA;NA;NA;NA;1;1;NA;1;1;NA;3;2;3;1;1;1;NA;NA;2;2;1;1;NA
21;"MA";2105922;"210592";"Lagoa do Mato";"Não";"-";"Total";NA;NA;NA;NA;NA;NA;NA;NA;NA;1;2;3;NA;3;2;NA;2;2;1;3;1;2;5;1;NA
21;"MA";2105948;"210594";"Lago dos Rodrigues";"Não";"-";"Total";NA;NA;NA;NA;NA;NA;NA;NA;NA;NA;2;1;1;2;1;1;2;2;1;1;1;NA;NA;NA;NA
21;"MA";2105963;"210596";"Lagoa Grande do Maranhão";"Não";"-";"Total";NA;NA;NA;1;NA;1;NA;NA;1;2;1;NA;1;NA;NA;NA;3;NA;3;5;4;5;2;3;NA
21;"MA";2105989;"210598";"Lajeado Novo";"Não";"Região Metropolitana do Sudoeste Maranhense";"Total";NA;NA;12;1;NA;NA;NA;2;NA;1;2;6;1;7;NA;3;NA;2;3;2;1;4;3;3;NA
21;"MA";2106003;"210600";"Lima Campos";"Não";"-";"Total";NA;NA;NA;NA;1;2;1;NA;NA;1;4;1;3;4;6;1;1;2;2;4;3;3;NA;4;NA
21;"MA";2106102;"210610";"Loreto";"Não";"-";"Total";NA;NA;NA;1;1;1;1;NA;2;2;5;2;3;1;NA;NA;2;1;1;2;3;1;NA;1;NA
21;"MA";2106201;"210620";"Luís Domingues";"Não";"-";"Total";NA;NA;NA;1;NA;1;NA;1;NA;2;NA;1;NA;1;NA;1;NA;1;2;NA;NA;1;NA;1;NA
21;"MA";2106300;"210630";"Magalhães de Almeida";"Não";"-";"Total";NA;NA;NA;1;1;1;1;NA;NA;NA;NA;NA;1;NA;2;1;1;NA;NA;1;NA;1;NA;1;NA
21;"MA";2106326;"210632";"Maracaçumé";"Não";"-";"Total";NA;NA;1;1;1;NA;NA;NA;NA;2;3;NA;3;2;3;1;2;2;1;NA;1;5;2;7;NA
21;"MA";2106359;"210635";"Marajá do Sena";"Não";"-";"Total";NA;NA;2;NA;1;1;NA;1;NA;NA;NA;NA;NA;2;NA;NA;NA;NA;1;1;NA;NA;1;1;NA
21;"MA";2106375;"210637";"Maranhãozinho";"Não";"-";"Total";NA;NA;NA;NA;1;NA;1;1;NA;1;1;1;1;1;1;1;NA;1;1;1;1;NA;1;3;NA
21;"MA";2106409;"210640";"Mata Roma";"Não";"-";"Total";1;NA;NA;NA;1;1;NA;1;2;1;2;1;1;2;5;4;6;5;NA;NA;2;2;2;1;NA
21;"MA";2106508;"210650";"Matinha";"Não";"-";"Total";NA;NA;NA;NA;NA;NA;2;2;NA;2;4;1;3;4;8;5;1;1;9;3;2;6;2;3;NA
21;"MA";2106607;"210660";"Matões";"Não";"Região Metropolitana da Zona Leste do Estado do Maranhão";"Total";NA;NA;NA;NA;NA;1;NA;1;5;2;1;2;3;2;NA;3;2;2;3;NA;2;2;4;4;NA
21;"MA";2106631;"210663";"Matões do Norte";"Não";"-";"Total";NA;1;1;NA;NA;6;NA;NA;1;2;1;4;2;NA;4;5;2;6;2;1;2;2;NA;NA;NA
21;"MA";2106672;"210667";"Milagres do Maranhão";"Não";"-";"Total";NA;NA;NA;NA;NA;NA;2;1;NA;NA;1;NA;NA;1;1;NA;NA;NA;NA;1;NA;NA;2;NA;NA
21;"MA";2106706;"210670";"Mirador";"Não";"-";"Total";1;NA;NA;NA;NA;2;NA;3;NA;2;4;2;4;4;5;5;NA;3;4;2;4;5;NA;2;NA
21;"MA";2106755;"210675";"Miranda do Norte";"Não";"-";"Total";2;1;NA;2;6;2;3;4;2;2;1;6;4;10;8;3;8;7;4;4;6;4;9;10;NA
21;"MA";2106805;"210680";"Mirinzal";"Não";"-";"Total";NA;NA;NA;2;3;1;NA;NA;1;1;NA;NA;1;1;1;NA;1;1;NA;3;1;1;1;NA;NA
21;"MA";2106904;"210690";"Monção";"Não";"-";"Total";NA;NA;NA;NA;NA;NA;NA;2;1;NA;4;2;NA;1;1;1;2;3;1;1;2;2;5;2;NA
21;"MA";2107001;"210700";"Montes Altos";"Não";"Região Metropolitana do Sudoeste Maranhense";"Total";NA;NA;NA;NA;NA;2;NA;NA;NA;NA;3;11;3;1;1;4;2;2;2;5;1;4;NA;4;NA
21;"MA";2107100;"210710";"Morros";"Não";"Região Metropolitana da Grande São Luís";"Total";2;NA;NA;NA;1;NA;2;NA;3;5;NA;NA;4;1;1;1;NA;3;3;3;2;1;2;2;NA
21;"MA";2107209;"210720";"Nina Rodrigues";"Não";"-";"Total";NA;NA;1;1;NA;NA;NA;NA;NA;1;NA;NA;NA;1;NA;NA;1;NA;NA;4;4;NA;1;1;NA
21;"MA";2107258;"210725";"Nova Colinas";"Não";"-";"Total";NA;NA;NA;NA;NA;1;NA;NA;NA;NA;1;1;NA;NA;NA;NA;4;2;NA;1;2;1;1;2;NA
21;"MA";2107308;"210730";"Nova Iorque";"Não";"-";"Total";NA;NA;NA;NA;NA;NA;NA;NA;NA;NA;NA;NA;NA;NA;NA;NA;1;NA;NA;NA;1;1;NA;NA;NA
21;"MA";2107357;"210735";"Nova Olinda do Maranhão";"Não";"-";"Total";NA;NA;NA;NA;NA;NA;1;1;2;2;4;2;3;4;5;4;4;1;NA;1;NA;NA;1;2;NA
21;"MA";2107407;"210740";"Olho d'Água das Cunhãs";"Não";"-";"Total";NA;NA;1;1;NA;NA;2;2;1;1;6;1;3;2;4;2;3;2;2;NA;4;1;3;NA;NA
21;"MA";2107456;"210745";"Olinda Nova do Maranhão";"Não";"-";"Total";NA;NA;NA;NA;NA;NA;NA;NA;NA;2;NA;1;2;1;2;2;1;NA;4;NA;1;2;1;NA;NA
21;"MA";2107506;"210750";"Paço do Lumiar";"Não";"Região Metropolitana da Grande São Luís";"Total";NA;2;8;5;6;8;10;4;4;2;3;7;4;4;1;5;5;5;5;7;5;10;10;4;NA
21;"MA";2107605;"210760";"Palmeirândia";"Não";"-";"Total";NA;NA;NA;NA;NA;NA;1;NA;3;2;1;NA;2;NA;NA;3;2;1;1;2;3;1;3;2;NA
21;"MA";2107704;"210770";"Paraibano";"Não";"-";"Total";1;3;3;3;1;3;2;7;5;4;4;6;11;4;7;5;11;4;7;5;3;4;3;4;NA
21;"MA";2107803;"210780";"Parnarama";"Não";"Região Metropolitana da Zona Leste do Estado do Maranhão";"Total";NA;NA;NA;1;NA;NA;1;2;3;6;3;2;3;NA;1;2;4;4;4;2;6;2;3;2;NA
21;"MA";2107902;"210790";"Passagem Franca";"Não";"-";"Total";1;NA;NA;NA;NA;1;1;3;1;4;1;5;4;3;1;4;5;3;3;1;2;4;4;8;NA
21;"MA";2108009;"210800";"Pastos Bons";"Não";"-";"Total";3;2;2;3;2;NA;1;3;2;7;7;6;7;9;6;4;3;5;6;5;8;6;5;10;NA
21;"MA";2108058;"210805";"Paulino Neves";"Não";"-";"Total";NA;NA;NA;NA;NA;NA;NA;NA;NA;NA;1;2;2;NA;2;1;2;2;NA;3;2;NA;1;2;NA
21;"MA";2108108;"210810";"Paulo Ramos";"Não";"-";"Total";NA;NA;NA;NA;NA;2;2;2;NA;NA;2;NA;NA;3;2;1;6;3;NA;NA;6;2;3;4;NA
21;"MA";2108207;"210820";"Pedreiras";"Não";"-";"Total";2;NA;1;3;NA;2;3;5;4;4;11;13;7;7;5;2;5;6;2;6;2;9;4;1;NA
21;"MA";2108256;"210825";"Pedro do Rosário";"Não";"-";"Total";NA;NA;NA;NA;NA;NA;NA;NA;1;NA;NA;1;NA;1;2;1;1;2;4;1;NA;1;2;1;NA
21;"MA";2108306;"210830";"Penalva";"Não";"-";"Total";NA;1;NA;1;1;NA;1;NA;2;2;NA;NA;2;4;5;7;2;4;1;2;2;2;NA;3;NA
21;"MA";2108405;"210840";"Peri Mirim";"Não";"-";"Total";NA;NA;NA;NA;NA;NA;NA;1;2;NA;1;1;1;3;NA;3;3;1;NA;1;4;2;1;1;NA
21;"MA";2108454;"210845";"Peritoró";"Não";"-";"Total";NA;2;2;NA;1;7;11;5;5;2;7;1;5;11;11;9;18;10;9;9;9;2;6;1;NA
21;"MA";2108504;"210850";"Pindaré-Mirim";"Não";"-";"Total";NA;1;NA;1;1;4;1;1;NA;1;3;3;3;NA;5;2;5;4;4;4;3;4;NA;4;NA
21;"MA";2108603;"210860";"Pinheiro";"Não";"-";"Total";5;4;12;3;5;9;10;7;16;9;24;22;22;11;23;25;26;26;45;31;31;22;27;25;NA
21;"MA";2108702;"210870";"Pio XII";"Não";"-";"Total";NA;NA;NA;NA;NA;NA;1;1;3;1;3;4;7;4;2;4;5;3;3;2;1;2;2;4;NA
21;"MA";2108801;"210880";"Pirapemas";"Não";"-";"Total";NA;NA;NA;NA;NA;1;NA;NA;1;1;1;2;NA;1;1;3;2;NA;4;NA;2;NA;NA;2;NA
21;"MA";2108900;"210890";"Poção de Pedras";"Não";"-";"Total";NA;NA;1;1;1;NA;2;3;5;3;4;NA;2;1;NA;3;NA;2;2;2;1;2;NA;NA;NA
21;"MA";2109007;"210900";"Porto Franco";"Não";"Região Metropolitana do Sudoeste Maranhense";"Total";3;3;3;3;2;NA;5;11;6;6;14;11;5;6;13;8;7;8;4;7;12;3;8;9;NA
21;"MA";2109056;"210905";"Porto Rico do Maranhão";"Não";"-";"Total";NA;NA;NA;NA;1;NA;NA;NA;NA;NA;NA;1;NA;NA;NA;1;1;NA;1;NA;NA;1;NA;1;NA
21;"MA";2109106;"210910";"Presidente Dutra";"Não";"-";"Total";4;5;3;6;5;3;7;7;7;14;35;96;75;74;67;46;68;43;46;37;24;41;32;37;NA
21;"MA";2109205;"210920";"Presidente Juscelino";"Não";"Região Metropolitana da Grande São Luís";"Total";NA;NA;NA;NA;NA;1;1;NA;NA;NA;NA;1;1;NA;NA;1;1;NA;NA;NA;NA;1;NA;2;NA
21;"MA";2109239;"210923";"Presidente Médici";"Não";"-";"Total";NA;NA;NA;NA;1;NA;1;NA;NA;1;3;NA;NA;2;1;1;1;NA;1;NA;NA;NA;NA;NA;NA
21;"MA";2109270;"210927";"Presidente Sarney";"Não";"-";"Total";NA;NA;NA;NA;NA;NA;NA;NA;NA;2;1;1;1;2;3;4;6;2;NA;2;2;2;1;4;NA
21;"MA";2109304;"210930";"Presidente Vargas";"Não";"-";"Total";NA;NA;NA;NA;NA;1;NA;NA;NA;NA;NA;NA;NA;2;1;3;NA;2;NA;1;NA;1;NA;NA;NA
21;"MA";2109403;"210940";"Primeira Cruz";"Não";"-";"Total";NA;NA;2;NA;NA;NA;NA;NA;NA;1;NA;NA;NA;NA;NA;NA;5;NA;NA;NA;NA;NA;1;NA;NA
21;"MA";2109452;"210945";"Raposa";"Não";"Região Metropolitana da Grande São Luís";"Total";NA;1;NA;NA;NA;2;1;3;7;NA;6;4;3;NA;NA;1;NA;3;1;1;2;1;2;1;NA
21;"MA";2109502;"210950";"Riachão";"Não";"-";"Total";NA;1;2;1;6;NA;2;NA;3;2;1;3;3;3;8;5;2;5;5;7;9;11;7;10;NA
21;"MA";2109551;"210955";"Ribamar Fiquene";"Não";"Região Metropolitana do Sudoeste Maranhense";"Total";NA;NA;NA;2;NA;NA;1;1;1;NA;4;2;4;6;5;4;2;3;3;6;3;NA;3;2;NA
21;"MA";2109601;"210960";"Rosário";"Não";"Região Metropolitana da Grande São Luís";"Total";NA;6;3;3;4;3;5;6;3;NA;5;5;7;6;NA;4;6;3;2;7;5;4;2;4;NA
21;"MA";2109700;"210970";"Sambaíba";"Não";"-";"Total";NA;NA;NA;NA;1;1;NA;1;NA;NA;NA;NA;NA;1;NA;1;1;1;2;NA;2;NA;NA;1;NA
21;"MA";2109759;"210975";"Santa Filomena do Maranhão";"Não";"-";"Total";NA;NA;NA;NA;NA;NA;NA;NA;NA;1;NA;1;1;NA;1;NA;NA;NA;3;1;NA;1;1;1;NA
21;"MA";2109809;"210980";"Santa Helena";"Não";"-";"Total";NA;3;1;NA;NA;1;NA;NA;1;2;1;NA;8;2;4;4;4;2;NA;2;1;NA;1;1;NA
21;"MA";2109908;"210990";"Santa Inês";"Não";"-";"Total";9;1;7;7;10;12;13;7;17;10;10;17;15;21;19;25;15;30;20;22;14;12;16;19;NA
21;"MA";2110005;"211000";"Santa Luzia";"Não";"-";"Total";NA;2;5;9;6;8;5;11;9;13;9;5;13;18;15;15;12;18;16;6;17;15;21;15;NA
21;"MA";2110039;"211003";"Santa Luzia do Paruá";"Não";"-";"Total";1;NA;NA;NA;NA;5;3;2;4;2;4;2;6;5;3;5;5;4;4;5;2;2;2;9;NA
21;"MA";2110104;"211010";"Santa Quitéria do Maranhão";"Não";"-";"Total";1;1;1;2;1;NA;1;3;3;1;6;7;5;7;5;4;8;2;3;2;6;1;3;5;NA
21;"MA";2110203;"211020";"Santa Rita";"Não";"Região Metropolitana da Grande São Luís";"Total";NA;7;4;2;3;7;4;2;3;5;8;3;4;9;13;5;7;6;14;7;10;11;6;10;NA
21;"MA";2110237;"211023";"Santana do Maranhão";"Não";"-";"Total";NA;NA;NA;NA;NA;NA;NA;1;1;NA;2;NA;2;NA;NA;NA;NA;NA;NA;1;NA;NA;NA;NA;NA
21;"MA";2110278;"211027";"Santo Amaro do Maranhão";"Não";"-";"Total";NA;NA;NA;NA;NA;NA;NA;NA;NA;NA;3;1;1;NA;NA;2;NA;NA;NA;NA;1;NA;1;2;NA
21;"MA";2110302;"211030";"Santo Antônio dos Lopes";"Não";"-";"Total";1;2;1;3;4;2;NA;NA;3;1;3;1;3;2;1;NA;1;1;3;3;3;6;3;3;NA
21;"MA";2110401;"211040";"São Benedito do Rio Preto";"Não";"-";"Total";NA;1;1;2;NA;NA;NA;1;4;2;5;2;5;NA;2;2;2;2;2;2;1;1;2;NA;NA
21;"MA";2110500;"211050";"São Bento";"Não";"-";"Total";NA;1;2;2;NA;1;NA;1;6;4;3;3;4;NA;7;2;1;4;6;2;3;1;NA;1;NA
21;"MA";2110609;"211060";"São Bernardo";"Não";"-";"Total";10;2;1;2;2;NA;1;NA;4;4;7;6;8;8;7;4;4;3;4;3;4;8;6;3;NA
21;"MA";2110658;"211065";"São Domingos do Azeitão";"Não";"-";"Total";NA;NA;NA;NA;NA;1;NA;2;1;5;1;2;2;3;3;4;9;4;3;2;1;3;4;4;NA
21;"MA";2110708;"211070";"São Domingos do Maranhão";"Não";"-";"Total";1;1;7;3;5;1;1;2;4;NA;4;8;5;9;7;7;12;4;6;5;9;9;7;12;NA
21;"MA";2110807;"211080";"São Félix de Balsas";"Não";"-";"Total";NA;NA;NA;NA;NA;NA;NA;NA;1;1;NA;1;NA;1;NA;NA;1;2;NA;NA;NA;NA;NA;NA;NA
21;"MA";2110856;"211085";"São Francisco do Brejão";"Não";"Região Metropolitana do Sudoeste Maranhense";"Total";NA;NA;2;NA;2;3;NA;2;3;NA;1;1;NA;2;2;4;2;2;2;2;4;1;2;NA;NA
21;"MA";2110906;"211090";"São Francisco do Maranhão";"Não";"-";"Total";NA;NA;NA;NA;NA;NA;NA;NA;NA;NA;NA;NA;NA;1;1;NA;NA;3;2;1;1;2;2;1;NA
21;"MA";2111003;"211100";"São João Batista";"Não";"-";"Total";NA;2;1;NA;NA;2;1;NA;NA;NA;1;NA;NA;NA;1;1;1;3;1;NA;2;1;1;3;NA
21;"MA";2111029;"211102";"São João do Carú";"Não";"-";"Total";NA;NA;NA;NA;NA;NA;NA;NA;NA;1;1;NA;NA;1;2;1;2;NA;1;1;1;2;1;1;NA
21;"MA";2111052;"211105";"São João do Paraíso";"Não";"Região Metropolitana do Sudoeste Maranhense";"Total";NA;NA;NA;NA;1;NA;1;1;NA;1;NA;NA;1;NA;2;2;NA;1;3;NA;NA;4;NA;3;NA
21;"MA";2111078;"211107";"São João do Soter";"Não";"Região Metropolitana da Zona Leste do Estado do Maranhão";"Total";NA;1;1;NA;NA;NA;NA;NA;NA;NA;4;1;1;NA;4;3;4;1;3;3;6;1;1;1;NA
21;"MA";2111102;"211110";"São João dos Patos";"Não";"-";"Total";5;1;2;NA;2;3;2;1;6;6;6;4;7;7;14;12;8;6;10;6;7;9;2;3;NA
21;"MA";2111201;"211120";"São José de Ribamar";"Não";"Região Metropolitana da Grande São Luís";"Total";1;7;5;14;8;3;4;12;10;4;5;13;13;4;14;12;9;10;8;3;8;9;8;NA;NA
21;"MA";2111250;"211125";"São José dos Basílios";"Não";"-";"Total";1;1;NA;1;NA;NA;NA;1;NA;NA;NA;2;1;2;1;1;1;NA;1;1;1;1;2;2;NA
21;"MA";2111300;"211130";"São Luís";"Sim";"Região Metropolitana da Grande São Luís";"Total";97;131;156;151;153;175;159;187;250;210;231;233;294;253;237;214;205;163;159;165;182;179;156;169;NA
21;"MA";2111409;"211140";"São Luís Gonzaga do Maranhão";"Não";"-";"Total";NA;NA;NA;NA;NA;NA;NA;NA;NA;2;NA;2;2;2;3;NA;2;NA;NA;1;2;2;2;2;NA
21;"MA";2111508;"211150";"São Mateus do Maranhão";"Não";"-";"Total";1;1;4;10;16;3;5;3;5;9;8;5;4;4;7;10;7;6;11;4;7;NA;3;9;NA
21;"MA";2111532;"211153";"São Pedro da Água Branca";"Não";"Região Metropolitana do Sudoeste Maranhense";"Total";NA;NA;1;NA;NA;1;3;1;2;6;NA;1;NA;2;1;5;2;2;1;2;NA;1;2;1;NA
21;"MA";2111573;"211157";"São Pedro dos Crentes";"Não";"-";"Total";NA;NA;NA;NA;NA;NA;NA;NA;NA;NA;NA;NA;3;NA;1;1;1;1;1;1;NA;NA;1;NA;NA
21;"MA";2111607;"211160";"São Raimundo das Mangabeiras";"Não";"-";"Total";1;2;NA;1;3;NA;NA;NA;9;4;6;6;2;6;7;2;7;7;7;2;7;8;9;10;NA
21;"MA";2111631;"211163";"São Raimundo do Doca Bezerra";"Não";"-";"Total";NA;NA;NA;NA;NA;NA;NA;NA;NA;NA;NA;1;NA;NA;NA;NA;3;NA;2;1;NA;2;NA;1;NA
21;"MA";2111672;"211167";"São Roberto";"Não";"-";"Total";NA;NA;NA;NA;NA;NA;NA;NA;NA;NA;NA;NA;NA;NA;1;1;NA;NA;NA;1;NA;2;NA;1;NA
21;"MA";2111706;"211170";"São Vicente Ferrer";"Não";"-";"Total";NA;1;NA;NA;NA;1;NA;NA;1;2;2;9;1;1;1;5;5;3;1;NA;1;2;NA;NA;NA
21;"MA";2111722;"211172";"Satubinha";"Não";"-";"Total";NA;NA;NA;1;NA;NA;NA;NA;NA;NA;NA;NA;NA;NA;NA;NA;NA;NA;NA;1;NA;NA;NA;NA;NA
21;"MA";2111748;"211174";"Senador Alexandre Costa";"Não";"-";"Total";1;1;NA;NA;NA;NA;NA;NA;3;NA;3;3;3;NA;NA;2;3;4;2;1;7;3;7;1;NA
21;"MA";2111763;"211176";"Senador La Rocque";"Não";"Região Metropolitana do Sudoeste Maranhense";"Total";NA;NA;NA;1;NA;NA;NA;NA;NA;NA;NA;NA;NA;3;3;2;2;1;4;NA;4;4;2;2;NA
21;"MA";2111789;"211178";"Serrano do Maranhão";"Não";"-";"Total";NA;NA;NA;NA;NA;NA;NA;NA;NA;NA;NA;1;NA;1;1;NA;1;NA;NA;NA;2;NA;1;1;NA
21;"MA";2111805;"211180";"Sítio Novo";"Não";"Região Metropolitana do Sudoeste Maranhense";"Total";1;1;NA;NA;NA;2;3;1;3;2;1;2;1;6;6;4;5;1;3;5;6;4;10;6;NA
21;"MA";2111904;"211190";"Sucupira do Norte";"Não";"-";"Total";NA;NA;NA;NA;NA;NA;NA;2;1;NA;NA;1;2;NA;1;1;2;1;NA;1;2;NA;NA;4;NA
21;"MA";2111953;"211195";"Sucupira do Riachão";"Não";"-";"Total";NA;NA;NA;NA;1;NA;NA;NA;1;1;3;NA;1;NA;NA;NA;NA;1;1;1;1;2;1;1;NA
21;"MA";2112001;"211200";"Tasso Fragoso";"Não";"-";"Total";NA;1;1;1;NA;3;2;1;2;NA;3;3;3;2;8;4;3;1;3;1;2;3;3;3;NA
21;"MA";2112100;"211210";"Timbiras";"Não";"-";"Total";NA;NA;1;2;3;NA;1;NA;NA;2;NA;3;5;2;5;2;1;NA;4;2;1;1;1;NA;NA
21;"MA";2112209;"211220";"Timon";"Não";"Região Integrada de Desenvolvimento da Grande Teresina";"Total";7;3;6;10;10;9;13;22;14;6;10;9;12;19;24;45;22;35;25;33;22;26;28;20;NA
21;"MA";2112233;"211223";"Trizidela do Vale";"Não";"-";"Total";1;NA;NA;NA;NA;NA;NA;NA;NA;1;1;1;5;NA;2;1;NA;2;1;1;NA;3;1;4;NA
21;"MA";2112274;"211227";"Tufilândia";"Não";"-";"Total";NA;NA;NA;NA;NA;NA;NA;NA;NA;NA;1;NA;1;2;NA;NA;1;NA;1;1;NA;NA;NA;NA;NA
21;"MA";2112308;"211230";"Tuntum";"Não";"-";"Total";NA;NA;1;NA;2;2;2;8;5;3;2;2;3;2;3;12;2;4;6;6;3;5;3;2;NA
21;"MA";2112407;"211240";"Turiaçu";"Não";"-";"Total";3;1;2;3;2;2;NA;1;4;4;6;1;5;4;7;3;4;7;4;3;2;2;4;3;NA
21;"MA";2112456;"211245";"Turilândia";"Não";"-";"Total";NA;NA;2;NA;4;2;NA;NA;NA;NA;2;1;2;2;1;3;3;NA;NA;1;1;3;1;NA;NA
21;"MA";2112506;"211250";"Tutóia";"Não";"-";"Total";NA;2;1;NA;5;3;4;3;5;3;3;10;14;12;9;3;14;5;3;4;7;6;4;5;NA
21;"MA";2112605;"211260";"Urbano Santos";"Não";"-";"Total";NA;NA;NA;NA;2;1;NA;1;2;NA;2;NA;2;NA;3;4;2;5;5;4;2;1;3;NA;NA
21;"MA";2112704;"211270";"Vargem Grande";"Não";"-";"Total";1;NA;NA;NA;8;4;6;5;6;6;3;12;8;14;14;12;9;2;4;4;7;6;8;11;NA
21;"MA";2112803;"211280";"Viana";"Não";"-";"Total";2;NA;NA;4;NA;3;3;4;6;5;3;6;7;5;12;3;8;5;7;8;8;6;5;2;NA
21;"MA";2112852;"211285";"Vila Nova dos Martírios";"Não";"Região Metropolitana do Sudoeste Maranhense";"Total";NA;NA;1;NA;NA;1;NA;NA;NA;1;2;10;NA;NA;2;4;3;1;2;2;NA;3;1;2;NA
21;"MA";2112902;"211290";"Vitória do Mearim";"Não";"-";"Total";2;1;3;5;1;8;3;5;6;3;6;5;7;6;7;3;9;8;8;5;4;4;2;4;NA
21;"MA";2113009;"211300";"Vitorino Freire";"Não";"-";"Total";NA;NA;NA;1;1;5;3;2;1;2;3;6;11;1;5;5;4;6;3;3;1;1;2;NA;NA
21;"MA";2114007;"211400";"Zé Doca";"Não";"-";"Total";2;NA;1;NA;1;4;4;8;13;11;9;9;11;15;11;16;13;17;8;10;8;8;5;10;NA
22;"PI";2200053;"220005";"Acauã";"Não";"-";"Total";NA;NA;3;1;NA;NA;NA;2;1;1;1;NA;NA;1;2;NA;1;2;1;1;1;NA;1;NA;NA
22;"PI";2200103;"220010";"Agricolândia";"Não";"-";"Total";NA;1;NA;NA;NA;1;NA;NA;NA;1;1;NA;NA;NA;2;NA;1;1;3;NA;2;NA;2;2;NA
22;"PI";2200202;"220020";"Água Branca";"Não";"-";"Total";1;2;NA;NA;NA;3;3;1;4;4;4;7;2;10;3;8;4;4;1;NA;7;2;3;5;NA
22;"PI";2200251;"220025";"Alagoinha do Piauí";"Não";"-";"Total";NA;NA;NA;NA;NA;1;NA;1;NA;2;1;1;NA;NA;2;1;1;NA;1;NA;2;NA;1;2;NA
22;"PI";2200277;"220027";"Alegrete do Piauí";"Não";"-";"Total";NA;NA;NA;NA;NA;NA;3;NA;1;2;NA;NA;NA;1;NA;1;NA;NA;NA;NA;NA;2;NA;2;NA
22;"PI";2200301;"220030";"Alto Longá";"Não";"-";"Total";1;NA;NA;NA;2;3;2;3;1;1;1;5;3;2;5;5;3;5;1;1;1;3;2;2;NA
22;"PI";2200400;"220040";"Altos";"Não";"Região Integrada de Desenvolvimento da Grande Teresina";"Total";5;NA;2;4;4;6;14;6;7;13;5;6;13;7;14;7;5;8;7;2;8;12;10;17;NA
22;"PI";2200459;"220045";"Alvorada do Gurguéia";"Não";"-";"Total";NA;1;NA;1;NA;1;4;3;3;4;3;4;5;3;3;3;NA;3;4;1;3;1;1;2;NA
22;"PI";2200509;"220050";"Amarante";"Não";"-";"Total";1;4;7;3;2;2;5;2;8;NA;4;NA;11;6;5;4;2;5;4;7;2;1;6;4;NA
22;"PI";2200608;"220060";"Angical do Piauí";"Não";"-";"Total";1;2;NA;1;NA;1;2;1;1;1;2;3;1;3;3;3;2;1;1;4;1;4;2;1;NA
22;"PI";2200707;"220070";"Anísio de Abreu";"Não";"-";"Total";NA;NA;1;NA;NA;2;2;1;2;NA;NA;3;2;1;1;1;1;NA;2;3;NA;1;3;NA;NA
22;"PI";2200806;"220080";"Antônio Almeida";"Não";"-";"Total";NA;NA;NA;NA;1;NA;NA;NA;1;1;1;NA;NA;NA;NA;1;3;1;NA;NA;NA;2;2;3;NA
22;"PI";2200905;"220090";"Aroazes";"Não";"-";"Total";NA;NA;NA;NA;NA;1;NA;NA;NA;NA;NA;1;1;NA;NA;NA;NA;1;NA;1;NA;2;NA;3;NA
22;"PI";2200954;"220095";"Aroeiras do Itaim";"Não";"-";"Total";NA;NA;NA;NA;NA;NA;NA;NA;NA;NA;NA;NA;NA;NA;1;5;1;1;1;NA;1;NA;NA;NA;NA
22;"PI";2201002;"220100";"Arraial";"Não";"-";"Total";NA;NA;NA;NA;NA;NA;NA;NA;NA;NA;NA;1;NA;NA;1;1;NA;NA;3;NA;NA;NA;NA;NA;NA
22;"PI";2201051;"220105";"Assunção do Piauí";"Não";"-";"Total";NA;NA;1;NA;NA;NA;NA;NA;NA;1;NA;NA;1;2;NA;2;NA;NA;NA;1;2;1;1;NA;NA
22;"PI";2201101;"220110";"Avelino Lopes";"Não";"-";"Total";NA;NA;NA;NA;1;NA;2;3;NA;1;2;NA;1;3;1;1;NA;NA;3;1;NA;NA;4;1;NA
22;"PI";2201150;"220115";"Baixa Grande do Ribeiro";"Não";"-";"Total";2;NA;NA;NA;4;1;1;2;3;3;9;4;4;1;6;5;5;2;2;NA;6;4;4;7;NA
22;"PI";2201176;"220117";"Barra D'Alcântara";"Não";"-";"Total";NA;NA;NA;NA;NA;NA;NA;NA;NA;1;NA;NA;NA;3;2;1;3;NA;2;1;NA;NA;1;NA;NA
22;"PI";2201200;"220120";"Barras";"Não";"-";"Total";3;3;6;4;2;3;1;5;5;7;5;9;9;8;6;9;8;10;4;7;8;5;11;6;NA
22;"PI";2201309;"220130";"Barreiras do Piauí";"Não";"-";"Total";1;NA;NA;NA;NA;NA;NA;1;NA;NA;NA;1;NA;NA;NA;NA;NA;NA;1;NA;1;NA;NA;NA;NA
22;"PI";2201408;"220140";"Barro Duro";"Não";"-";"Total";2;1;NA;NA;1;2;2;2;3;NA;9;2;7;NA;2;1;3;1;NA;NA;NA;3;3;3;NA
22;"PI";2201507;"220150";"Batalha";"Não";"-";"Total";2;3;2;4;NA;NA;8;4;3;10;6;5;4;3;3;6;5;6;6;9;10;4;5;5;NA
22;"PI";2201556;"220155";"Bela Vista do Piauí";"Não";"-";"Total";NA;NA;NA;NA;NA;NA;NA;NA;NA;NA;NA;NA;NA;NA;NA;1;NA;NA;NA;NA;NA;NA;1;NA;NA
22;"PI";2201572;"220157";"Belém do Piauí";"Não";"-";"Total";NA;NA;NA;NA;NA;NA;NA;NA;NA;NA;NA;1;NA;NA;NA;NA;NA;NA;1;1;1;NA;NA;2;NA
22;"PI";2201606;"220160";"Beneditinos";"Não";"Região Integrada de Desenvolvimento da Grande Teresina";"Total";NA;NA;NA;NA;NA;1;1;NA;1;4;1;1;NA;1;NA;2;4;1;1;2;3;1;NA;NA;NA
22;"PI";2201705;"220170";"Bertolínia";"Não";"-";"Total";NA;NA;NA;NA;1;NA;1;NA;2;1;NA;3;2;2;3;1;3;1;2;2;2;1;2;2;NA
22;"PI";2201739;"220173";"Betânia do Piauí";"Não";"-";"Total";NA;NA;NA;1;NA;NA;NA;NA;1;1;NA;NA;NA;NA;1;1;1;NA;NA;NA;1;1;NA;NA;NA
22;"PI";2201770;"220177";"Boa Hora";"Não";"-";"Total";NA;NA;NA;NA;NA;1;1;NA;1;2;NA;NA;1;1;1;1;1;2;1;2;NA;2;2;2;NA
22;"PI";2201804;"220180";"Bocaina";"Não";"-";"Total";NA;1;NA;1;1;NA;4;NA;1;NA;NA;NA;1;1;2;1;1;NA;3;3;3;NA;1;NA;NA
22;"PI";2201903;"220190";"Bom Jesus";"Não";"-";"Total";4;1;4;3;4;1;4;3;8;10;8;7;6;11;16;5;18;14;6;12;3;4;6;14;NA
22;"PI";2201919;"220191";"Bom Princípio do Piauí";"Não";"-";"Total";NA;NA;NA;NA;NA;NA;NA;NA;NA;NA;NA;NA;NA;NA;NA;NA;1;2;NA;1;NA;2;1;2;NA
22;"PI";2201929;"220192";"Bonfim do Piauí";"Não";"-";"Total";NA;NA;NA;NA;NA;NA;NA;NA;NA;NA;1;2;NA;1;NA;1;1;NA;NA;NA;1;NA;NA;NA;NA
22;"PI";2201945;"220194";"Boqueirão do Piauí";"Não";"-";"Total";NA;NA;NA;1;NA;1;NA;2;NA;NA;1;1;1;4;3;2;3;1;2;2;3;NA;1;4;NA
22;"PI";2201960;"220196";"Brasileira";"Não";"-";"Total";NA;NA;NA;NA;NA;NA;NA;NA;1;2;3;3;NA;NA;2;NA;1;NA;2;NA;1;2;NA;NA;NA
22;"PI";2201988;"220198";"Brejo do Piauí";"Não";"-";"Total";1;NA;NA;NA;NA;NA;NA;NA;NA;NA;NA;NA;NA;1;1;1;NA;1;1;NA;NA;NA;NA;2;NA
22;"PI";2202000;"220200";"Buriti dos Lopes";"Não";"-";"Total";4;3;7;2;NA;11;8;1;1;2;3;2;5;1;6;2;2;2;3;5;4;3;7;5;NA
22;"PI";2202026;"220202";"Buriti dos Montes";"Não";"-";"Total";NA;1;NA;NA;NA;1;1;NA;NA;1;NA;NA;1;1;1;2;1;NA;NA;NA;NA;1;1;1;NA
22;"PI";2202059;"220205";"Cabeceiras do Piauí";"Não";"-";"Total";NA;1;3;1;NA;NA;NA;NA;1;2;2;4;5;2;3;NA;1;2;NA;3;NA;1;2;1;NA
22;"PI";2202075;"220207";"Cajazeiras do Piauí";"Não";"-";"Total";NA;1;NA;NA;1;NA;NA;1;NA;NA;2;1;1;NA;1;NA;1;1;NA;NA;NA;2;2;NA;NA
22;"PI";2202083;"220208";"Cajueiro da Praia";"Não";"-";"Total";NA;NA;NA;1;NA;NA;1;1;NA;1;NA;2;NA;NA;NA;1;1;NA;2;NA;NA;1;1;1;NA
22;"PI";2202091;"220209";"Caldeirão Grande do Piauí";"Não";"-";"Total";NA;NA;NA;NA;1;NA;NA;NA;NA;1;NA;NA;2;1;1;1;1;1;1;1;NA;NA;1;1;NA
22;"PI";2202109;"220210";"Campinas do Piauí";"Não";"-";"Total";NA;NA;NA;NA;NA;NA;NA;1;1;NA;1;NA;NA;2;1;1;1;1;1;NA;1;3;2;1;NA
22;"PI";2202117;"220211";"Campo Alegre do Fidalgo";"Não";"-";"Total";NA;NA;NA;NA;NA;NA;NA;NA;NA;1;1;2;NA;2;2;1;2;1;NA;2;NA;1;NA;1;NA
22;"PI";2202133;"220213";"Campo Grande do Piauí";"Não";"-";"Total";NA;NA;NA;2;NA;1;3;NA;NA;1;1;1;3;1;4;3;NA;NA;2;NA;2;3;5;1;NA
22;"PI";2202174;"220217";"Campo Largo do Piauí";"Não";"-";"Total";NA;NA;NA;1;NA;NA;NA;NA;NA;NA;NA;1;1;2;1;1;2;2;NA;NA;NA;NA;NA;1;NA
22;"PI";2202208;"220220";"Campo Maior";"Não";"-";"Total";6;6;6;9;6;14;6;9;9;11;16;18;10;8;15;16;10;13;15;15;16;12;14;15;NA
22;"PI";2202251;"220225";"Canavieira";"Não";"-";"Total";NA;NA;NA;NA;NA;NA;NA;NA;NA;NA;NA;NA;NA;NA;2;NA;1;NA;NA;NA;NA;NA;1;NA;NA
22;"PI";2202307;"220230";"Canto do Buriti";"Não";"-";"Total";2;2;NA;2;3;3;4;3;2;4;7;4;8;10;4;8;6;7;5;3;3;6;1;7;NA
22;"PI";2202406;"220240";"Capitão de Campos";"Não";"-";"Total";NA;1;NA;3;1;1;NA;1;NA;4;1;2;3;NA;3;NA;3;3;NA;1;1;NA;4;3;NA
22;"PI";2202455;"220245";"Capitão Gervásio Oliveira";"Não";"-";"Total";NA;NA;NA;NA;NA;NA;NA;NA;NA;1;NA;NA;NA;NA;NA;NA;1;NA;1;2;NA;1;3;3;NA
22;"PI";2202505;"220250";"Caracol";"Não";"-";"Total";NA;NA;NA;3;NA;1;2;NA;NA;2;NA;1;2;NA;3;NA;2;2;5;NA;1;2;1;NA;NA
22;"PI";2202539;"220253";"Caraúbas do Piauí";"Não";"-";"Total";NA;NA;NA;NA;NA;2;1;NA;NA;1;NA;NA;2;2;NA;2;NA;NA;3;2;1;NA;NA;1;NA
22;"PI";2202554;"220255";"Caridade do Piauí";"Não";"-";"Total";NA;NA;NA;NA;NA;NA;NA;NA;1;NA;2;NA;1;NA;NA;2;NA;NA;NA;NA;1;2;1;NA;NA
22;"PI";2202604;"220260";"Castelo do Piauí";"Não";"-";"Total";1;NA;4;2;2;6;3;1;5;6;2;4;10;6;3;2;6;5;5;4;4;5;1;NA;NA
22;"PI";2202653;"220265";"Caxingó";"Não";"-";"Total";NA;NA;NA;NA;1;NA;1;1;NA;NA;4;NA;NA;2;5;NA;1;3;NA;1;3;NA;1;1;NA
22;"PI";2202703;"220270";"Cocal";"Não";"-";"Total";NA;NA;1;NA;2;3;1;1;3;2;2;NA;1;1;1;4;6;8;9;6;4;7;5;8;NA
22;"PI";2202711;"220271";"Cocal de Telha";"Não";"-";"Total";NA;NA;NA;NA;3;NA;NA;3;2;NA;NA;4;1;NA;NA;3;3;1;1;1;3;1;1;1;NA
22;"PI";2202729;"220272";"Cocal dos Alves";"Não";"-";"Total";NA;NA;NA;NA;NA;NA;1;2;NA;NA;1;NA;1;NA;1;1;NA;NA;1;NA;NA;1;1;NA;NA
22;"PI";2202737;"220273";"Coivaras";"Não";"Região Integrada de Desenvolvimento da Grande Teresina";"Total";1;NA;NA;NA;NA;NA;2;NA;NA;1;1;1;NA;NA;NA;NA;1;NA;1;NA;NA;2;NA;NA;NA
22;"PI";2202752;"220275";"Colônia do Gurguéia";"Não";"-";"Total";NA;NA;NA;1;2;NA;3;1;1;2;2;2;1;1;2;4;1;1;2;2;2;5;2;3;NA
22;"PI";2202778;"220277";"Colônia do Piauí";"Não";"-";"Total";NA;NA;NA;NA;NA;NA;1;1;NA;2;2;1;3;1;NA;1;2;NA;NA;NA;1;NA;3;1;NA
22;"PI";2202802;"220280";"Conceição do Canindé";"Não";"-";"Total";NA;NA;NA;NA;NA;NA;NA;1;NA;NA;1;NA;NA;1;1;NA;1;NA;NA;NA;4;NA;NA;NA;NA
22;"PI";2202851;"220285";"Coronel José Dias";"Não";"-";"Total";NA;NA;NA;NA;NA;NA;NA;NA;2;2;1;NA;NA;NA;1;1;NA;NA;NA;1;NA;1;NA;NA;NA
22;"PI";2202901;"220290";"Corrente";"Não";"-";"Total";NA;2;4;NA;4;2;5;2;7;6;11;10;5;10;11;20;9;9;7;12;16;11;7;17;NA
22;"PI";2203008;"220300";"Cristalândia do Piauí";"Não";"-";"Total";NA;NA;1;NA;NA;NA;1;3;2;5;NA;1;NA;NA;1;2;1;4;1;2;1;1;NA;NA;NA
22;"PI";2203107;"220310";"Cristino Castro";"Não";"-";"Total";2;2;1;NA;1;2;4;3;3;2;2;2;3;3;4;4;NA;2;2;2;3;1;1;3;NA
22;"PI";2203206;"220320";"Curimatá";"Não";"-";"Total";1;NA;NA;1;1;2;1;1;3;4;3;4;1;4;4;2;1;4;2;1;5;NA;1;2;NA
22;"PI";2203230;"220323";"Currais";"Não";"-";"Total";NA;NA;NA;NA;NA;NA;NA;1;NA;1;NA;1;2;3;1;NA;1;NA;NA;1;1;NA;2;NA;NA
22;"PI";2203255;"220325";"Curralinhos";"Não";"Região Integrada de Desenvolvimento da Grande Teresina";"Total";NA;NA;1;NA;NA;NA;1;NA;NA;1;1;1;NA;1;NA;1;NA;2;1;NA;NA;NA;1;1;NA
22;"PI";2203271;"220327";"Curral Novo do Piauí";"Não";"-";"Total";NA;NA;NA;NA;NA;NA;NA;NA;NA;NA;NA;NA;NA;NA;2;NA;NA;4;2;3;1;1;2;1;NA
22;"PI";2203305;"220330";"Demerval Lobão";"Não";"Região Integrada de Desenvolvimento da Grande Teresina";"Total";NA;1;NA;NA;NA;3;3;1;3;2;NA;4;6;1;6;3;3;4;10;5;3;NA;4;3;NA
22;"PI";2203354;"220335";"Dirceu Arcoverde";"Não";"-";"Total";NA;NA;1;NA;NA;NA;NA;NA;NA;NA;1;NA;NA;NA;2;1;NA;1;1;NA;1;NA;NA;4;NA
22;"PI";2203404;"220340";"Dom Expedito Lopes";"Não";"-";"Total";1;NA;NA;NA;NA;NA;NA;5;4;4;3;2;6;NA;2;1;1;5;NA;NA;NA;1;NA;2;NA
22;"PI";2203420;"220342";"Domingos Mourão";"Não";"-";"Total";NA;1;NA;NA;NA;NA;NA;NA;NA;NA;NA;1;NA;NA;NA;NA;3;NA;1;NA;NA;NA;3;NA;NA
22;"PI";2203453;"220345";"Dom Inocêncio";"Não";"-";"Total";NA;NA;1;NA;NA;NA;1;NA;NA;1;NA;NA;1;NA;NA;NA;NA;NA;2;NA;1;1;NA;1;NA
22;"PI";2203503;"220350";"Elesbão Veloso";"Não";"-";"Total";NA;2;2;2;NA;5;2;2;2;2;2;5;9;1;3;4;4;7;3;4;2;2;1;8;NA
22;"PI";2203602;"220360";"Eliseu Martins";"Não";"-";"Total";NA;NA;1;1;NA;2;2;2;3;1;2;1;6;1;2;2;4;3;1;1;2;2;1;NA;NA
22;"PI";2203701;"220370";"Esperantina";"Não";"-";"Total";1;2;5;2;4;3;7;4;7;4;7;7;9;6;13;15;3;12;10;9;11;6;8;11;NA
22;"PI";2203750;"220375";"Fartura do Piauí";"Não";"-";"Total";NA;NA;NA;NA;1;NA;NA;NA;NA;1;2;NA;NA;NA;3;NA;NA;NA;1;NA;NA;1;1;NA;NA
22;"PI";2203800;"220380";"Flores do Piauí";"Não";"-";"Total";NA;NA;NA;NA;NA;NA;NA;2;3;1;1;1;3;1;NA;2;2;NA;2;1;NA;NA;3;NA;NA
22;"PI";2203859;"220385";"Floresta do Piauí";"Não";"-";"Total";NA;NA;NA;NA;NA;NA;NA;NA;NA;NA;NA;NA;1;NA;NA;1;2;NA;NA;NA;1;NA;1;2;NA
22;"PI";2203909;"220390";"Floriano";"Não";"-";"Total";11;5;9;2;8;9;10;9;19;16;31;27;20;27;24;21;18;63;65;51;61;43;52;52;NA
22;"PI";2204006;"220400";"Francinópolis";"Não";"-";"Total";NA;NA;NA;NA;NA;1;NA;NA;2;1;1;2;2;1;3;1;NA;2;1;NA;NA;NA;NA;3;NA
22;"PI";2204105;"220410";"Francisco Ayres";"Não";"-";"Total";NA;NA;NA;NA;NA;NA;NA;NA;NA;NA;2;1;1;NA;NA;NA;2;NA;NA;NA;1;1;1;NA;NA
22;"PI";2204154;"220415";"Francisco Macedo";"Não";"-";"Total";NA;NA;NA;1;2;NA;1;NA;NA;NA;1;NA;1;1;NA;1;1;1;1;1;1;NA;2;1;NA
22;"PI";2204204;"220420";"Francisco Santos";"Não";"-";"Total";NA;NA;NA;2;2;2;2;4;NA;2;3;2;1;2;3;1;5;2;NA;2;1;NA;2;3;NA
22;"PI";2204303;"220430";"Fronteiras";"Não";"-";"Total";NA;3;NA;NA;1;NA;1;2;2;NA;2;2;3;4;2;6;4;2;2;1;3;1;3;1;NA
22;"PI";2204352;"220435";"Geminiano";"Não";"-";"Total";NA;NA;NA;NA;1;NA;3;2;3;1;1;1;5;5;2;4;NA;2;NA;1;5;2;2;NA;NA
22;"PI";2204402;"220440";"Gilbués";"Não";"-";"Total";NA;NA;NA;NA;NA;NA;3;NA;2;2;3;2;2;10;4;5;1;1;4;3;1;1;NA;1;NA
22;"PI";2204501;"220450";"Guadalupe";"Não";"-";"Total";2;NA;NA;1;1;NA;1;NA;NA;NA;NA;NA;NA;2;2;1;4;3;2;1;NA;1;2;NA;NA
22;"PI";2204550;"220455";"Guaribas";"Não";"-";"Total";NA;NA;NA;NA;NA;1;NA;NA;1;NA;NA;NA;1;NA;NA;NA;NA;1;NA;1;NA;NA;2;NA;NA
22;"PI";2204600;"220460";"Hugo Napoleão";"Não";"-";"Total";NA;NA;NA;NA;NA;NA;NA;NA;NA;NA;NA;1;NA;1;3;1;NA;NA;NA;NA;2;NA;NA;1;NA
22;"PI";2204659;"220465";"Ilha Grande";"Não";"-";"Total";NA;NA;1;NA;NA;NA;1;1;NA;3;NA;NA;NA;NA;NA;NA;3;2;NA;1;NA;NA;2;NA;NA
22;"PI";2204709;"220470";"Inhuma";"Não";"-";"Total";1;1;1;NA;1;1;9;4;5;6;7;1;3;3;6;2;5;8;3;3;4;3;5;2;NA
22;"PI";2204808;"220480";"Ipiranga do Piauí";"Não";"-";"Total";2;1;1;NA;NA;NA;2;2;NA;3;NA;2;1;2;NA;2;2;1;NA;NA;NA;2;4;2;NA
22;"PI";2204907;"220490";"Isaías Coelho";"Não";"-";"Total";NA;NA;NA;NA;NA;NA;1;NA;NA;NA;NA;NA;3;NA;NA;2;3;NA;1;3;4;1;1;4;NA
22;"PI";2205003;"220500";"Itainópolis";"Não";"-";"Total";NA;NA;NA;NA;1;2;NA;NA;NA;NA;3;6;NA;2;2;3;3;1;NA;2;1;1;2;2;NA
22;"PI";2205102;"220510";"Itaueira";"Não";"-";"Total";1;2;2;2;NA;3;2;2;2;4;NA;2;6;5;2;4;2;3;5;4;1;3;2;1;NA
22;"PI";2205151;"220515";"Jacobina do Piauí";"Não";"-";"Total";1;NA;NA;NA;NA;1;NA;NA;NA;1;NA;2;NA;1;3;2;1;2;5;2;2;NA;1;3;NA
22;"PI";2205201;"220520";"Jaicós";"Não";"-";"Total";1;NA;NA;1;3;1;2;4;2;NA;4;5;2;4;4;7;6;5;9;5;2;4;2;6;NA
22;"PI";2205250;"220525";"Jardim do Mulato";"Não";"-";"Total";NA;NA;NA;NA;NA;NA;NA;1;NA;NA;NA;NA;1;1;NA;NA;NA;1;NA;1;1;1;NA;NA;NA
22;"PI";2205276;"220527";"Jatobá do Piauí";"Não";"-";"Total";NA;1;NA;NA;NA;2;NA;1;NA;1;1;NA;NA;2;NA;1;2;3;1;NA;NA;1;1;NA;NA
22;"PI";2205300;"220530";"Jerumenha";"Não";"-";"Total";NA;NA;NA;NA;2;NA;NA;NA;NA;2;NA;NA;NA;NA;1;NA;3;NA;NA;2;2;1;2;2;NA
22;"PI";2205359;"220535";"João Costa";"Não";"-";"Total";NA;NA;NA;NA;1;NA;1;NA;NA;NA;NA;1;NA;NA;NA;NA;NA;1;NA;NA;NA;1;1;NA;NA
22;"PI";2205409;"220540";"Joaquim Pires";"Não";"-";"Total";NA;NA;NA;1;4;1;3;NA;1;2;2;4;1;2;1;4;1;3;NA;2;1;1;3;4;NA
22;"PI";2205458;"220545";"Joca Marques";"Não";"-";"Total";NA;NA;NA;1;NA;NA;NA;NA;1;NA;2;NA;NA;1;1;NA;1;NA;1;NA;NA;2;1;NA;NA
22;"PI";2205508;"220550";"José de Freitas";"Não";"Região Integrada de Desenvolvimento da Grande Teresina";"Total";4;2;4;9;NA;1;1;7;6;5;7;5;6;13;7;8;10;8;6;7;6;7;4;7;NA
22;"PI";2205516;"220551";"Juazeiro do Piauí";"Não";"-";"Total";NA;NA;NA;1;NA;1;NA;NA;NA;NA;NA;1;NA;1;1;NA;NA;NA;NA;NA;NA;NA;1;1;NA
22;"PI";2205524;"220552";"Júlio Borges";"Não";"-";"Total";NA;NA;NA;NA;NA;NA;NA;2;1;NA;NA;1;NA;NA;1;1;NA;NA;NA;NA;NA;NA;NA;NA;NA
22;"PI";2205532;"220553";"Jurema";"Não";"-";"Total";NA;NA;NA;1;NA;1;NA;NA;NA;NA;NA;1;NA;3;1;2;3;1;1;NA;1;1;1;1;NA
22;"PI";2205540;"220554";"Lagoinha do Piauí";"Não";"-";"Total";1;NA;2;NA;1;NA;1;NA;NA;NA;1;2;2;NA;1;2;NA;1;1;NA;2;4;2;NA;NA
22;"PI";2205557;"220555";"Lagoa Alegre";"Não";"Região Integrada de Desenvolvimento da Grande Teresina";"Total";NA;NA;NA;NA;1;NA;1;NA;NA;NA;1;NA;2;2;2;2;1;NA;1;1;2;3;NA;NA;NA
22;"PI";2205565;"220556";"Lagoa do Barro do Piauí";"Não";"-";"Total";NA;NA;NA;NA;NA;NA;NA;1;NA;NA;NA;2;NA;NA;NA;1;1;NA;2;NA;NA;NA;1;NA;NA
22;"PI";2205573;"220557";"Lagoa de São Francisco";"Não";"-";"Total";1;NA;NA;NA;NA;1;NA;NA;1;1;NA;NA;2;1;NA;NA;1;1;NA;NA;NA;NA;NA;NA;NA
22;"PI";2205581;"220558";"Lagoa do Piauí";"Não";"Região Integrada de Desenvolvimento da Grande Teresina";"Total";NA;NA;NA;2;1;NA;2;2;NA;1;1;2;1;2;NA;2;1;2;2;1;2;NA;2;1;NA
22;"PI";2205599;"220559";"Lagoa do Sítio";"Não";"-";"Total";NA;NA;NA;NA;NA;1;NA;2;NA;NA;NA;NA;NA;NA;1;NA;NA;2;1;NA;NA;NA;NA;1;NA
22;"PI";2205607;"220560";"Landri Sales";"Não";"-";"Total";NA;NA;NA;NA;NA;NA;NA;1;NA;NA;1;1;1;NA;1;1;1;NA;NA;1;1;1;1;NA;NA
22;"PI";2205706;"220570";"Luís Correia";"Não";"-";"Total";NA;NA;1;2;NA;2;4;2;3;4;3;5;7;7;4;6;4;5;1;5;9;10;3;4;NA
22;"PI";2205805;"220580";"Luzilândia";"Não";"-";"Total";4;2;2;2;1;3;2;1;7;2;4;3;12;1;14;6;1;6;3;3;2;5;4;3;NA
22;"PI";2205854;"220585";"Madeiro";"Não";"-";"Total";NA;NA;NA;NA;NA;NA;1;1;1;NA;NA;NA;NA;NA;1;NA;NA;NA;NA;NA;2;NA;NA;1;NA
22;"PI";2205904;"220590";"Manoel Emídio";"Não";"-";"Total";NA;NA;NA;NA;NA;1;NA;NA;5;1;NA;NA;2;NA;3;NA;1;1;NA;2;1;2;1;NA;NA
22;"PI";2205953;"220595";"Marcolândia";"Não";"-";"Total";1;NA;1;NA;NA;5;2;7;3;1;5;2;2;3;4;4;4;2;NA;2;NA;1;1;5;NA
22;"PI";2206001;"220600";"Marcos Parente";"Não";"-";"Total";NA;NA;NA;NA;1;NA;NA;1;1;NA;2;NA;1;2;2;NA;1;NA;3;2;2;NA;1;4;NA
22;"PI";2206050;"220605";"Massapê do Piauí";"Não";"-";"Total";NA;NA;NA;NA;NA;NA;NA;NA;1;NA;NA;NA;NA;NA;NA;NA;NA;NA;1;2;NA;NA;NA;1;NA
22;"PI";2206100;"220610";"Matias Olímpio";"Não";"-";"Total";1;NA;NA;1;1;NA;NA;NA;NA;1;NA;1;NA;NA;1;1;1;1;4;2;1;1;NA;1;NA
22;"PI";2206209;"220620";"Miguel Alves";"Não";"-";"Total";NA;NA;NA;3;1;3;3;2;1;4;3;3;6;5;6;4;9;9;7;4;5;4;6;5;NA
22;"PI";2206308;"220630";"Miguel Leão";"Não";"Região Integrada de Desenvolvimento da Grande Teresina";"Total";NA;NA;NA;NA;NA;NA;NA;1;NA;NA;NA;NA;NA;NA;NA;NA;NA;1;1;NA;NA;1;NA;2;NA
22;"PI";2206357;"220635";"Milton Brandão";"Não";"-";"Total";NA;NA;1;NA;NA;NA;NA;1;1;NA;1;NA;1;NA;NA;1;1;1;NA;1;NA;1;1;NA;NA
22;"PI";2206407;"220640";"Monsenhor Gil";"Não";"Região Integrada de Desenvolvimento da Grande Teresina";"Total";1;2;NA;NA;4;1;5;1;1;3;NA;5;5;13;8;3;2;6;6;2;6;4;4;3;NA
22;"PI";2206506;"220650";"Monsenhor Hipólito";"Não";"-";"Total";NA;NA;NA;NA;1;2;2;3;1;2;NA;1;1;NA;3;3;2;NA;4;2;4;1;2;1;NA
22;"PI";2206605;"220660";"Monte Alegre do Piauí";"Não";"-";"Total";NA;1;NA;NA;2;1;3;2;1;3;4;7;2;4;3;4;1;9;2;5;3;2;4;3;NA
22;"PI";2206654;"220665";"Morro Cabeça no Tempo";"Não";"-";"Total";NA;NA;NA;NA;NA;NA;1;1;NA;NA;NA;NA;NA;NA;NA;NA;2;NA;NA;NA;NA;NA;NA;NA;NA
22;"PI";2206670;"220667";"Morro do Chapéu do Piauí";"Não";"-";"Total";NA;1;1;NA;NA;1;1;NA;NA;1;1;3;2;1;NA;1;NA;NA;NA;1;NA;NA;1;NA;NA
22;"PI";2206696;"220669";"Murici dos Portelas";"Não";"-";"Total";NA;NA;2;1;NA;NA;NA;1;3;1;1;1;1;1;3;1;NA;2;1;2;NA;2;NA;3;NA
22;"PI";2206704;"220670";"Nazaré do Piauí";"Não";"-";"Total";NA;NA;NA;NA;NA;1;2;1;NA;2;1;NA;NA;1;NA;1;NA;2;NA;1;1;2;2;1;NA
22;"PI";2206720;"220672";"Nazária";"Não";"Região Integrada de Desenvolvimento da Grande Teresina";"Total";NA;NA;NA;NA;NA;NA;NA;NA;NA;2;2;2;2;5;4;3;1;1;NA;4;8;2;1;4;NA
22;"PI";2206753;"220675";"Nossa Senhora de Nazaré";"Não";"-";"Total";NA;NA;NA;NA;NA;NA;NA;3;NA;NA;NA;NA;1;NA;1;NA;NA;1;NA;NA;NA;NA;NA;1;NA
22;"PI";2206803;"220680";"Nossa Senhora dos Remédios";"Não";"-";"Total";NA;NA;NA;NA;2;NA;1;NA;NA;1;1;1;2;1;NA;2;NA;1;1;NA;NA;1;1;2;NA
22;"PI";2206902;"220690";"Novo Oriente do Piauí";"Não";"-";"Total";NA;NA;NA;NA;1;1;NA;NA;NA;2;2;1;1;4;NA;1;NA;1;NA;NA;NA;1;1;3;NA
22;"PI";2206951;"220695";"Novo Santo Antônio";"Não";"-";"Total";NA;NA;NA;1;NA;NA;NA;NA;NA;1;1;NA;NA;1;NA;1;NA;1;NA;NA;NA;NA;NA;1;NA
22;"PI";2207009;"220700";"Oeiras";"Não";"-";"Total";5;1;6;3;5;10;2;2;2;15;13;20;16;14;15;16;10;12;13;11;15;10;12;8;NA
22;"PI";2207108;"220710";"Olho D'Água do Piauí";"Não";"-";"Total";NA;NA;NA;NA;NA;NA;NA;1;NA;NA;NA;NA;NA;1;1;NA;NA;NA;NA;NA;NA;1;NA;NA;NA
22;"PI";2207207;"220720";"Padre Marcos";"Não";"-";"Total";NA;1;NA;NA;1;2;NA;NA;NA;1;NA;1;1;NA;1;NA;1;1;NA;NA;1;NA;NA;NA;NA
22;"PI";2207306;"220730";"Paes Landim";"Não";"-";"Total";NA;NA;NA;NA;NA;NA;1;NA;3;3;2;NA;1;NA;1;1;1;2;2;NA;1;NA;3;NA;NA
22;"PI";2207355;"220735";"Pajeú do Piauí";"Não";"-";"Total";NA;NA;NA;1;NA;NA;NA;NA;NA;NA;NA;NA;NA;1;NA;NA;NA;NA;NA;1;NA;NA;NA;1;NA
22;"PI";2207405;"220740";"Palmeira do Piauí";"Não";"-";"Total";NA;NA;NA;NA;NA;1;2;NA;NA;NA;NA;NA;2;1;NA;1;NA;NA;1;NA;1;2;NA;1;NA
22;"PI";2207504;"220750";"Palmeirais";"Não";"-";"Total";1;NA;1;NA;2;1;1;2;4;3;2;3;8;5;2;5;2;NA;2;NA;5;4;1;3;NA
22;"PI";2207553;"220755";"Paquetá";"Não";"-";"Total";NA;NA;NA;NA;NA;NA;NA;NA;NA;NA;1;3;NA;3;1;1;NA;NA;NA;NA;NA;NA;1;NA;NA
22;"PI";2207603;"220760";"Parnaguá";"Não";"-";"Total";NA;NA;NA;2;1;NA;NA;1;NA;1;1;3;3;3;2;NA;NA;NA;NA;2;NA;1;1;1;NA
22;"PI";2207702;"220770";"Parnaíba";"Não";"-";"Total";13;10;18;12;13;22;22;32;27;13;33;27;17;38;56;48;44;43;56;55;58;80;47;82;NA
22;"PI";2207751;"220775";"Passagem Franca do Piauí";"Não";"-";"Total";1;NA;NA;NA;NA;1;2;1;NA;1;NA;1;1;3;1;2;1;1;NA;1;NA;1;NA;2;NA
22;"PI";2207777;"220777";"Patos do Piauí";"Não";"-";"Total";NA;NA;NA;1;NA;NA;1;2;NA;NA;NA;1;3;NA;2;3;4;2;1;4;3;2;NA;1;NA
22;"PI";2207793;"220779";"Pau D'Arco do Piauí";"Não";"-";"Total";NA;NA;NA;NA;NA;NA;1;NA;NA;2;NA;NA;3;NA;NA;NA;NA;2;NA;NA;NA;NA;NA;2;NA
22;"PI";2207801;"220780";"Paulistana";"Não";"-";"Total";1;NA;1;1;NA;3;3;4;2;6;4;3;7;4;4;7;4;4;6;2;3;1;5;5;NA
22;"PI";2207850;"220785";"Pavussu";"Não";"-";"Total";1;NA;NA;1;NA;NA;NA;NA;NA;NA;1;NA;NA;1;NA;NA;1;NA;1;1;1;NA;1;NA;NA
22;"PI";2207900;"220790";"Pedro II";"Não";"-";"Total";NA;2;1;3;1;2;3;3;1;8;4;9;5;6;4;9;6;4;2;5;3;4;4;8;NA
22;"PI";2207934;"220793";"Pedro Laurentino";"Não";"-";"Total";NA;NA;NA;NA;NA;NA;NA;NA;NA;NA;NA;NA;NA;NA;NA;1;1;1;2;NA;NA;NA;NA;2;NA
22;"PI";2207959;"220795";"Nova Santa Rita";"Não";"-";"Total";NA;NA;NA;1;NA;2;NA;NA;NA;NA;NA;NA;1;1;NA;NA;1;NA;1;1;1;1;NA;NA;NA
22;"PI";2208007;"220800";"Picos";"Não";"-";"Total";9;7;11;6;26;21;20;20;28;28;26;35;33;28;33;34;38;30;41;35;20;22;48;57;NA
22;"PI";2208106;"220810";"Pimenteiras";"Não";"-";"Total";NA;1;2;NA;1;1;NA;2;NA;NA;2;1;3;NA;NA;1;NA;2;NA;1;NA;6;1;3;NA
22;"PI";2208205;"220820";"Pio IX";"Não";"-";"Total";1;4;1;NA;1;1;4;1;1;3;3;7;2;5;6;5;3;8;3;3;7;6;10;6;NA
22;"PI";2208304;"220830";"Piracuruca";"Não";"-";"Total";2;3;1;2;4;4;1;4;5;7;7;6;3;9;9;8;4;9;6;3;6;5;8;7;NA
22;"PI";2208403;"220840";"Piripiri";"Não";"-";"Total";7;9;5;8;6;6;10;13;4;13;14;11;15;3;14;14;10;21;10;15;6;15;19;27;NA
22;"PI";2208502;"220850";"Porto";"Não";"-";"Total";1;NA;NA;NA;1;NA;1;1;NA;3;1;2;1;1;4;2;4;2;2;1;1;2;NA;1;NA
22;"PI";2208551;"220855";"Porto Alegre do Piauí";"Não";"-";"Total";NA;NA;NA;NA;NA;NA;NA;NA;NA;1;NA;1;NA;1;NA;NA;NA;NA;NA;NA;1;NA;1;NA;NA
22;"PI";2208601;"220860";"Prata do Piauí";"Não";"-";"Total";NA;NA;NA;NA;NA;NA;NA;NA;NA;1;NA;NA;NA;2;NA;1;NA;NA;NA;1;NA;2;NA;1;NA
22;"PI";2208650;"220865";"Queimada Nova";"Não";"-";"Total";NA;NA;NA;NA;NA;1;NA;NA;NA;NA;NA;1;NA;1;NA;3;NA;3;1;NA;5;NA;3;NA;NA
22;"PI";2208700;"220870";"Redenção do Gurguéia";"Não";"-";"Total";NA;NA;NA;2;2;1;4;1;6;3;4;2;2;8;6;3;1;3;1;1;NA;2;1;NA;NA
22;"PI";2208809;"220880";"Regeneração";"Não";"-";"Total";NA;NA;NA;1;NA;1;NA;2;1;1;3;3;5;6;4;6;8;5;2;2;NA;2;5;2;NA
22;"PI";2208858;"220885";"Riacho Frio";"Não";"-";"Total";NA;NA;NA;NA;NA;NA;NA;NA;NA;NA;NA;1;NA;NA;NA;NA;NA;NA;NA;NA;NA;NA;NA;1;NA
22;"PI";2208874;"220887";"Ribeira do Piauí";"Não";"-";"Total";NA;NA;NA;NA;NA;NA;1;NA;NA;NA;NA;NA;NA;NA;NA;3;NA;NA;NA;2;NA;1;NA;1;NA
22;"PI";2208908;"220890";"Ribeiro Gonçalves";"Não";"-";"Total";1;NA;NA;NA;NA;NA;1;NA;1;NA;NA;3;1;1;NA;1;NA;NA;2;1;4;3;5;2;NA
22;"PI";2209005;"220900";"Rio Grande do Piauí";"Não";"-";"Total";NA;NA;1;1;NA;NA;NA;1;2;NA;NA;NA;NA;2;1;NA;NA;NA;1;1;NA;2;1;NA;NA
22;"PI";2209104;"220910";"Santa Cruz do Piauí";"Não";"-";"Total";NA;NA;NA;1;NA;NA;NA;NA;2;NA;1;NA;4;2;NA;1;NA;2;NA;NA;NA;NA;NA;1;NA
22;"PI";2209153;"220915";"Santa Cruz dos Milagres";"Não";"-";"Total";NA;NA;NA;NA;NA;NA;NA;NA;1;1;2;1;NA;1;NA;NA;2;1;1;NA;NA;1;NA;1;NA
22;"PI";2209203;"220920";"Santa Filomena";"Não";"-";"Total";NA;NA;NA;NA;1;NA;NA;1;NA;1;NA;2;2;1;2;1;1;2;4;NA;3;1;4;3;NA
22;"PI";2209302;"220930";"Santa Luz";"Não";"-";"Total";NA;NA;1;1;1;NA;1;NA;2;NA;NA;3;2;3;NA;2;NA;2;4;1;1;1;NA;1;NA
22;"PI";2209351;"220935";"Santana do Piauí";"Não";"-";"Total";NA;NA;NA;NA;NA;NA;NA;NA;NA;NA;NA;1;1;1;NA;2;1;1;NA;1;1;2;NA;NA;NA
22;"PI";2209377;"220937";"Santa Rosa do Piauí";"Não";"-";"Total";NA;NA;NA;NA;NA;NA;1;NA;NA;2;1;2;1;NA;NA;NA;NA;NA;2;1;1;1;1;NA;NA
22;"PI";2209401;"220940";"Santo Antônio de Lisboa";"Não";"-";"Total";1;NA;1;NA;NA;2;NA;NA;1;1;1;1;1;3;3;NA;3;2;1;2;1;3;NA;NA;NA
22;"PI";2209450;"220945";"Santo Antônio dos Milagres";"Não";"-";"Total";NA;NA;NA;NA;NA;NA;NA;NA;NA;NA;1;NA;1;NA;NA;NA;NA;NA;NA;1;1;NA;NA;NA;NA
22;"PI";2209500;"220950";"Santo Inácio do Piauí";"Não";"-";"Total";NA;NA;NA;NA;NA;NA;NA;NA;NA;NA;1;3;2;1;1;1;NA;1;NA;2;NA;NA;NA;NA;NA
22;"PI";2209559;"220955";"São Braz do Piauí";"Não";"-";"Total";NA;NA;NA;1;NA;NA;NA;2;1;1;1;NA;NA;1;NA;1;2;NA;NA;2;NA;NA;NA;NA;NA
22;"PI";2209609;"220960";"São Félix do Piauí";"Não";"-";"Total";NA;NA;1;1;NA;1;NA;NA;1;1;1;NA;NA;1;1;3;2;1;NA;NA;1;NA;NA;NA;NA
22;"PI";2209658;"220965";"São Francisco de Assis do Piauí";"Não";"-";"Total";NA;NA;NA;NA;NA;2;NA;NA;NA;NA;NA;NA;NA;NA;NA;1;1;NA;NA;NA;1;NA;NA;1;NA
22;"PI";2209708;"220970";"São Francisco do Piauí";"Não";"-";"Total";NA;NA;NA;NA;NA;NA;1;NA;NA;NA;3;NA;NA;3;3;2;1;1;1;1;2;NA;2;1;NA
22;"PI";2209757;"220975";"São Gonçalo do Gurguéia";"Não";"-";"Total";NA;NA;NA;NA;NA;NA;NA;1;1;1;NA;1;NA;1;NA;NA;1;NA;NA;3;2;1;NA;2;NA
22;"PI";2209807;"220980";"São Gonçalo do Piauí";"Não";"-";"Total";NA;NA;NA;NA;NA;NA;NA;NA;NA;1;1;NA;NA;NA;1;NA;1;1;NA;1;NA;NA;NA;2;NA
22;"PI";2209856;"220985";"São João da Canabrava";"Não";"-";"Total";NA;1;NA;NA;NA;NA;NA;NA;NA;NA;1;NA;1;NA;NA;NA;1;NA;NA;NA;NA;NA;NA;NA;NA
22;"PI";2209872;"220987";"São João da Fronteira";"Não";"-";"Total";NA;1;NA;1;NA;1;NA;NA;2;NA;NA;NA;2;NA;1;NA;2;NA;2;NA;NA;2;4;NA;NA
22;"PI";2209906;"220990";"São João da Serra";"Não";"-";"Total";NA;1;1;NA;NA;NA;NA;NA;1;NA;1;NA;NA;NA;NA;1;2;NA;NA;3;1;1;1;2;NA
22;"PI";2209955;"220995";"São João da Varjota";"Não";"-";"Total";NA;NA;NA;NA;NA;2;1;NA;NA;2;NA;2;NA;2;NA;1;2;NA;NA;1;NA;NA;1;NA;NA
22;"PI";2209971;"220997";"São João do Arraial";"Não";"-";"Total";NA;NA;NA;NA;1;NA;NA;1;NA;NA;NA;1;NA;4;1;2;3;1;NA;2;1;NA;NA;NA;NA
22;"PI";2210003;"221000";"São João do Piauí";"Não";"-";"Total";5;1;NA;1;2;1;2;NA;1;8;3;6;7;6;2;9;3;9;2;2;4;4;3;2;NA
22;"PI";2210052;"221005";"São José do Divino";"Não";"-";"Total";NA;NA;NA;NA;NA;NA;NA;NA;1;NA;NA;NA;NA;1;2;2;NA;1;2;NA;1;1;NA;1;NA
22;"PI";2210102;"221010";"São José do Peixe";"Não";"-";"Total";NA;NA;NA;1;NA;1;1;NA;NA;NA;NA;NA;NA;NA;1;1;NA;NA;1;NA;2;NA;NA;1;NA
22;"PI";2210201;"221020";"São José do Piauí";"Não";"-";"Total";NA;NA;NA;NA;NA;NA;NA;NA;1;NA;NA;NA;NA;2;NA;NA;NA;2;NA;2;1;NA;1;NA;NA
22;"PI";2210300;"221030";"São Julião";"Não";"-";"Total";NA;NA;NA;1;NA;NA;1;1;2;NA;2;NA;1;1;1;1;NA;NA;1;NA;NA;NA;NA;3;NA
22;"PI";2210359;"221035";"São Lourenço do Piauí";"Não";"-";"Total";NA;1;NA;NA;NA;1;NA;1;1;3;1;NA;2;3;2;NA;1;NA;2;NA;NA;NA;NA;NA;NA
22;"PI";2210375;"221037";"São Luis do Piauí";"Não";"-";"Total";NA;NA;NA;NA;NA;NA;NA;NA;NA;NA;NA;NA;1;1;NA;NA;1;NA;NA;NA;NA;NA;1;NA;NA
22;"PI";2210383;"221038";"São Miguel da Baixa Grande";"Não";"-";"Total";NA;NA;NA;NA;NA;NA;NA;NA;NA;2;NA;NA;3;1;NA;NA;NA;NA;1;NA;NA;NA;NA;NA;NA
22;"PI";2210391;"221039";"São Miguel do Fidalgo";"Não";"-";"Total";NA;NA;NA;NA;NA;NA;NA;1;NA;NA;NA;NA;2;1;2;1;1;1;1;NA;1;1;1;NA;NA
22;"PI";2210409;"221040";"São Miguel do Tapuio";"Não";"-";"Total";3;NA;1;NA;1;NA;2;1;6;4;2;4;4;3;6;2;5;2;2;1;1;6;3;3;NA
22;"PI";2210508;"221050";"São Pedro do Piauí";"Não";"-";"Total";1;NA;1;NA;NA;1;1;NA;1;4;6;4;3;3;2;3;4;3;1;6;3;3;2;4;NA
22;"PI";2210607;"221060";"São Raimundo Nonato";"Não";"-";"Total";3;NA;3;1;4;3;5;3;10;7;5;18;14;12;12;14;15;8;12;17;10;14;14;17;NA
22;"PI";2210623;"221062";"Sebastião Barros";"Não";"-";"Total";NA;NA;NA;NA;NA;NA;NA;1;NA;NA;NA;NA;1;NA;NA;NA;NA;NA;NA;NA;NA;2;1;NA;NA
22;"PI";2210631;"221063";"Sebastião Leal";"Não";"-";"Total";1;NA;NA;NA;NA;1;NA;NA;NA;1;NA;1;1;1;1;NA;NA;NA;1;NA;1;2;1;1;NA
22;"PI";2210656;"221065";"Sigefredo Pacheco";"Não";"-";"Total";2;NA;1;1;NA;NA;1;1;NA;1;NA;1;3;NA;3;1;NA;2;2;1;5;NA;2;4;NA
22;"PI";2210706;"221070";"Simões";"Não";"-";"Total";NA;1;NA;1;2;1;6;NA;2;1;2;2;6;2;4;3;7;1;5;4;2;1;NA;3;NA
22;"PI";2210805;"221080";"Simplício Mendes";"Não";"-";"Total";NA;2;NA;1;2;4;2;4;4;3;1;5;8;8;9;6;9;5;4;2;7;8;2;3;NA
22;"PI";2210904;"221090";"Socorro do Piauí";"Não";"-";"Total";NA;NA;NA;NA;NA;NA;NA;NA;NA;1;3;NA;3;NA;1;2;1;2;NA;NA;NA;1;1;1;NA
22;"PI";2210938;"221093";"Sussuapara";"Não";"-";"Total";NA;NA;NA;1;NA;1;1;2;3;3;NA;1;2;1;2;2;2;1;4;1;3;1;5;1;NA
22;"PI";2210953;"221095";"Tamboril do Piauí";"Não";"-";"Total";NA;NA;NA;NA;NA;NA;NA;NA;NA;NA;NA;NA;1;NA;NA;NA;NA;NA;NA;NA;NA;NA;NA;NA;NA
22;"PI";2210979;"221097";"Tanque do Piauí";"Não";"-";"Total";NA;2;NA;NA;NA;NA;NA;NA;NA;1;2;2;NA;1;2;NA;1;1;1;2;NA;NA;NA;1;NA
22;"PI";2211001;"221100";"Teresina";"Sim";"Região Integrada de Desenvolvimento da Grande Teresina";"Total";140;171;200;214;215;198;280;302;284;299;357;342;374;350;394;360;363;267;254;239;246;232;211;226;NA
22;"PI";2211100;"221110";"União";"Não";"Região Integrada de Desenvolvimento da Grande Teresina";"Total";NA;NA;2;1;4;5;2;3;2;2;9;8;10;8;6;9;7;8;8;11;6;9;14;11;NA
22;"PI";2211209;"221120";"Uruçuí";"Não";"-";"Total";2;3;2;3;2;3;4;3;4;5;8;2;9;8;3;4;7;3;4;10;8;10;7;11;NA
22;"PI";2211308;"221130";"Valença do Piauí";"Não";"-";"Total";3;2;NA;5;1;5;2;1;7;2;6;13;13;14;11;14;10;3;4;9;6;5;3;5;NA
22;"PI";2211357;"221135";"Várzea Branca";"Não";"-";"Total";NA;NA;NA;NA;NA;NA;NA;NA;2;1;NA;NA;NA;NA;1;NA;1;NA;NA;NA;NA;1;2;NA;NA
22;"PI";2211407;"221140";"Várzea Grande";"Não";"-";"Total";NA;NA;NA;NA;NA;NA;1;NA;NA;3;NA;2;4;1;NA;NA;NA;NA;1;NA;NA;NA;NA;2;NA
22;"PI";2211506;"221150";"Vera Mendes";"Não";"-";"Total";NA;NA;NA;NA;NA;NA;1;NA;NA;1;NA;NA;NA;4;1;3;1;1;1;NA;NA;NA;1;1;NA
22;"PI";2211605;"221160";"Vila Nova do Piauí";"Não";"-";"Total";NA;NA;NA;NA;NA;3;NA;NA;3;NA;2;NA;NA;2;2;1;NA;1;NA;1;1;1;NA;NA;NA
22;"PI";2211704;"221170";"Wall Ferraz";"Não";"-";"Total";1;1;NA;NA;NA;1;NA;1;1;1;NA;3;2;1;NA;NA;2;1;1;1;NA;NA;1;NA;NA
23;"CE";2300101;"230010";"Abaiara";"Não";"-";"Total";NA;NA;NA;NA;NA;NA;NA;NA;NA;NA;2;NA;2;2;1;1;1;1;NA;1;NA;NA;NA;NA;NA
23;"CE";2300150;"230015";"Acarape";"Não";"-";"Total";3;1;NA;1;NA;NA;NA;NA;2;NA;NA;1;2;NA;1;1;1;3;NA;NA;1;3;1;NA;NA
23;"CE";2300200;"230020";"Acaraú";"Não";"-";"Total";3;1;2;5;11;5;7;15;10;8;19;8;8;9;21;20;11;18;15;11;16;15;8;5;NA
23;"CE";2300309;"230030";"Acopiara";"Não";"-";"Total";4;5;10;5;6;7;5;4;6;9;14;10;17;8;8;12;13;4;14;13;18;12;9;6;NA
23;"CE";2300408;"230040";"Aiuaba";"Não";"-";"Total";NA;NA;NA;2;NA;1;2;NA;1;3;2;2;3;2;3;1;4;1;4;4;5;2;3;1;NA
23;"CE";2300507;"230050";"Alcântaras";"Não";"Região Metropolitana de Sobral";"Total";NA;NA;1;1;1;NA;2;1;1;1;2;3;2;1;6;4;3;2;2;NA;NA;1;3;NA;NA
23;"CE";2300606;"230060";"Altaneira";"Não";"-";"Total";NA;NA;NA;NA;NA;NA;NA;NA;NA;NA;NA;NA;2;NA;NA;NA;1;NA;NA;1;NA;1;NA;NA;NA
23;"CE";2300705;"230070";"Alto Santo";"Não";"-";"Total";4;4;6;1;1;6;NA;3;4;4;5;3;5;9;5;4;3;3;4;1;1;7;4;3;NA
23;"CE";2300754;"230075";"Amontada";"Não";"-";"Total";2;2;2;3;2;1;1;5;3;5;8;10;12;6;16;9;8;3;9;9;4;8;4;5;NA
23;"CE";2300804;"230080";"Antonina do Norte";"Não";"-";"Total";NA;NA;NA;NA;1;1;NA;1;2;NA;2;NA;4;3;3;3;2;2;1;1;1;1;1;3;NA
23;"CE";2300903;"230090";"Apuiarés";"Não";"-";"Total";1;NA;2;1;NA;NA;NA;1;1;1;2;1;2;1;1;2;4;2;2;1;NA;1;NA;NA;NA
23;"CE";2301000;"230100";"Aquiraz";"Não";"Região Metropolitana de Fortaleza";"Total";4;8;1;2;5;5;8;7;10;6;4;5;2;9;4;8;2;6;6;8;1;1;1;2;NA
23;"CE";2301109;"230110";"Aracati";"Não";"-";"Total";8;11;15;5;8;6;10;6;3;3;8;NA;12;11;4;3;4;6;5;10;12;7;7;9;NA
23;"CE";2301208;"230120";"Aracoiaba";"Não";"-";"Total";2;NA;NA;4;5;1;3;3;6;3;1;2;7;5;NA;7;4;5;3;5;3;8;NA;1;NA
23;"CE";2301257;"230125";"Ararendá";"Não";"-";"Total";NA;1;3;1;NA;1;1;4;2;3;NA;1;2;2;NA;2;1;4;3;1;2;4;2;5;NA
23;"CE";2301307;"230130";"Araripe";"Não";"-";"Total";2;NA;NA;1;1;3;2;2;1;7;2;4;4;7;8;5;7;2;1;2;NA;1;4;NA;NA
23;"CE";2301406;"230140";"Aratuba";"Não";"-";"Total";1;1;NA;NA;NA;1;NA;NA;2;NA;3;3;1;2;4;7;1;2;1;1;2;4;1;NA;NA
23;"CE";2301505;"230150";"Arneiroz";"Não";"-";"Total";NA;NA;NA;NA;1;NA;NA;1;NA;NA;1;4;4;3;4;7;2;4;2;3;4;NA;2;2;NA
23;"CE";2301604;"230160";"Assaré";"Não";"-";"Total";NA;NA;NA;1;1;NA;1;3;NA;4;5;4;6;2;2;4;3;NA;NA;1;2;4;5;2;NA
23;"CE";2301703;"230170";"Aurora";"Não";"-";"Total";2;NA;NA;2;1;1;3;NA;NA;6;1;2;3;NA;2;1;2;NA;2;1;1;1;NA;2;NA
23;"CE";2301802;"230180";"Baixio";"Não";"-";"Total";NA;NA;NA;NA;NA;NA;NA;NA;NA;NA;1;2;1;2;1;NA;NA;NA;1;NA;NA;NA;NA;1;NA
23;"CE";2301851;"230185";"Banabuiú";"Não";"-";"Total";NA;NA;1;1;1;NA;1;2;3;1;3;2;2;5;1;2;NA;1;1;NA;1;3;1;2;NA
23;"CE";2301901;"230190";"Barbalha";"Não";"Região Metropolitana do Cariri";"Total";25;27;NA;NA;19;56;53;52;83;67;64;97;93;84;52;45;36;25;12;8;6;11;11;8;NA
23;"CE";2301950;"230195";"Barreira";"Não";"-";"Total";NA;NA;NA;1;NA;1;4;1;1;1;NA;2;NA;5;3;NA;3;1;2;1;1;1;1;NA;NA
23;"CE";2302008;"230200";"Barro";"Não";"-";"Total";NA;3;1;1;NA;1;1;1;1;3;3;7;5;4;5;7;3;1;2;3;1;NA;1;NA;NA
23;"CE";2302057;"230205";"Barroquinha";"Não";"-";"Total";1;2;NA;NA;3;3;2;1;1;1;1;3;3;2;2;1;3;1;NA;1;2;1;NA;4;NA
23;"CE";2302107;"230210";"Baturité";"Não";"-";"Total";5;1;5;5;2;1;3;1;2;4;3;1;7;5;5;4;3;2;3;4;2;2;1;2;NA
23;"CE";2302206;"230220";"Beberibe";"Não";"-";"Total";8;5;5;6;6;5;10;9;5;8;6;4;3;5;5;5;4;1;4;5;5;2;6;5;NA
23;"CE";2302305;"230230";"Bela Cruz";"Não";"-";"Total";NA;NA;2;1;3;3;3;NA;3;NA;4;5;10;3;4;10;9;4;6;6;4;7;7;NA;NA
23;"CE";2302404;"230240";"Boa Viagem";"Não";"-";"Total";1;5;4;6;4;5;7;9;6;8;11;12;6;6;19;9;10;15;9;7;8;15;8;3;NA
23;"CE";2302503;"230250";"Brejo Santo";"Não";"-";"Total";NA;1;3;2;1;1;NA;1;2;4;7;10;12;7;11;9;10;4;8;1;2;6;6;7;NA
23;"CE";2302602;"230260";"Camocim";"Não";"-";"Total";2;6;8;4;4;6;8;6;6;8;12;9;9;5;7;13;5;4;3;10;7;8;10;13;NA
23;"CE";2302701;"230270";"Campos Sales";"Não";"-";"Total";4;NA;1;1;1;1;1;NA;1;1;2;6;12;6;2;1;4;1;1;3;1;3;1;3;NA
23;"CE";2302800;"230280";"Canindé";"Não";"-";"Total";7;4;1;4;9;7;10;9;12;14;20;18;15;23;35;16;16;12;16;10;19;11;10;9;NA
23;"CE";2302909;"230290";"Capistrano";"Não";"-";"Total";1;NA;2;1;1;1;NA;NA;1;5;3;1;12;5;NA;2;1;NA;4;3;1;2;1;3;NA
23;"CE";2303006;"230300";"Caridade";"Não";"-";"Total";1;NA;1;2;NA;5;3;3;1;2;2;5;5;6;4;3;2;4;2;7;2;2;1;2;NA
23;"CE";2303105;"230310";"Cariré";"Não";"Região Metropolitana de Sobral";"Total";NA;NA;NA;1;2;1;1;5;2;3;1;3;NA;NA;6;3;5;7;3;2;4;1;1;1;NA
23;"CE";2303204;"230320";"Caririaçu";"Não";"Região Metropolitana do Cariri";"Total";NA;2;1;NA;NA;1;NA;NA;1;2;2;5;6;3;8;3;2;1;4;3;2;2;4;2;NA
23;"CE";2303303;"230330";"Cariús";"Não";"-";"Total";1;1;NA;NA;1;1;NA;NA;1;1;2;3;1;1;2;NA;3;5;4;1;5;1;1;4;NA
23;"CE";2303402;"230340";"Carnaubal";"Não";"-";"Total";NA;1;NA;NA;2;1;1;1;3;3;3;2;3;3;7;2;6;5;4;5;3;7;3;4;NA
23;"CE";2303501;"230350";"Cascavel";"Não";"Região Metropolitana de Fortaleza";"Total";7;5;NA;2;3;1;2;8;7;6;10;4;3;3;4;4;5;3;2;5;3;1;1;2;NA
23;"CE";2303600;"230360";"Catarina";"Não";"-";"Total";NA;1;NA;1;2;3;NA;1;1;NA;2;1;2;1;4;1;2;1;1;NA;2;2;NA;1;NA
23;"CE";2303659;"230365";"Catunda";"Não";"-";"Total";7;2;2;3;2;1;NA;NA;5;5;3;1;4;4;4;2;3;2;3;NA;3;1;3;2;NA
23;"CE";2303709;"230370";"Caucaia";"Não";"Região Metropolitana de Fortaleza";"Total";28;27;21;22;13;28;33;31;42;31;33;43;41;25;32;23;29;29;32;12;8;3;3;6;NA
23;"CE";2303808;"230380";"Cedro";"Não";"-";"Total";3;NA;3;NA;NA;NA;2;4;2;2;5;6;3;4;1;6;6;3;4;7;7;2;2;3;NA
23;"CE";2303907;"230390";"Chaval";"Não";"-";"Total";NA;1;1;NA;1;1;1;1;NA;1;4;2;NA;NA;2;1;1;2;3;1;1;2;4;3;NA
23;"CE";2303931;"230393";"Choró";"Não";"-";"Total";1;NA;NA;3;2;3;NA;2;1;1;1;2;2;1;3;2;1;3;NA;NA;2;1;NA;NA;NA
23;"CE";2303956;"230395";"Chorozinho";"Não";"Região Metropolitana de Fortaleza";"Total";5;2;1;NA;3;2;2;6;3;1;2;4;6;2;8;4;2;3;3;NA;1;1;NA;NA;NA
23;"CE";2304004;"230400";"Coreaú";"Não";"Região Metropolitana de Sobral";"Total";1;1;2;2;4;1;3;6;1;2;4;4;7;2;2;7;6;6;2;2;5;9;7;7;NA
23;"CE";2304103;"230410";"Crateús";"Não";"-";"Total";7;9;10;12;14;10;10;8;10;7;15;9;18;21;26;10;12;12;14;11;17;15;15;15;NA
23;"CE";2304202;"230420";"Crato";"Não";"Região Metropolitana do Cariri";"Total";12;5;13;11;43;12;11;6;20;14;15;27;14;21;31;15;13;7;6;5;7;10;11;9;NA
23;"CE";2304236;"230423";"Croatá";"Não";"-";"Total";2;2;3;7;2;2;1;3;4;NA;5;3;3;3;3;3;7;4;8;6;5;3;3;2;NA
23;"CE";2304251;"230425";"Cruz";"Não";"-";"Total";1;NA;1;1;2;4;1;5;4;4;7;6;11;4;6;8;6;7;6;11;7;14;6;2;NA
23;"CE";2304269;"230426";"Deputado Irapuan Pinheiro";"Não";"-";"Total";NA;NA;NA;NA;1;NA;1;NA;1;2;1;2;3;3;1;1;4;6;2;NA;1;2;2;1;NA
23;"CE";2304277;"230427";"Ereré";"Não";"-";"Total";NA;NA;NA;NA;NA;NA;NA;NA;1;2;NA;1;2;3;2;2;1;1;1;3;1;1;2;NA;NA
23;"CE";2304285;"230428";"Eusébio";"Não";"Região Metropolitana de Fortaleza";"Total";3;2;1;7;3;1;2;3;6;3;6;4;2;NA;5;1;3;5;5;1;2;NA;1;2;NA
23;"CE";2304301;"230430";"Farias Brito";"Não";"Região Metropolitana do Cariri";"Total";NA;1;5;3;4;2;1;3;2;2;4;NA;6;3;NA;3;3;3;NA;NA;NA;2;NA;2;NA
23;"CE";2304350;"230435";"Forquilha";"Não";"Região Metropolitana de Sobral";"Total";NA;1;1;6;5;2;3;3;NA;2;3;4;10;4;5;4;2;3;5;3;6;8;2;6;NA
23;"CE";2304400;"230440";"Fortaleza";"Sim";"Região Metropolitana de Fortaleza";"Total";239;252;225;185;186;163;242;371;241;160;332;257;203;226;272;238;280;331;270;200;178;173;226;240;NA
23;"CE";2304459;"230445";"Fortim";"Não";"-";"Total";4;2;2;NA;2;2;2;NA;NA;1;1;1;2;1;NA;NA;NA;NA;1;1;1;5;5;2;NA
23;"CE";2304509;"230450";"Frecheirinha";"Não";"Região Metropolitana de Sobral";"Total";1;2;NA;1;6;3;1;NA;2;1;1;6;1;4;1;3;2;NA;1;3;3;6;4;4;NA
23;"CE";2304608;"230460";"General Sampaio";"Não";"-";"Total";NA;NA;NA;1;1;NA;NA;1;2;NA;2;2;1;2;2;1;2;NA;1;5;2;NA;NA;1;NA
23;"CE";2304657;"230465";"Graça";"Não";"Região Metropolitana de Sobral";"Total";NA;NA;NA;1;NA;2;2;1;2;1;1;NA;1;2;4;1;3;3;1;3;1;2;4;4;NA
23;"CE";2304707;"230470";"Granja";"Não";"-";"Total";NA;3;2;4;2;4;3;3;10;5;1;5;3;6;11;10;7;9;10;5;11;7;12;7;NA
23;"CE";2304806;"230480";"Granjeiro";"Não";"-";"Total";NA;1;1;NA;1;NA;NA;1;NA;NA;NA;NA;3;NA;NA;NA;NA;NA;NA;NA;NA;NA;NA;4;NA
23;"CE";2304905;"230490";"Groaíras";"Não";"Região Metropolitana de Sobral";"Total";NA;NA;NA;3;NA;4;NA;NA;2;NA;1;5;2;NA;NA;1;NA;2;NA;NA;4;2;1;1;NA
23;"CE";2304954;"230495";"Guaiúba";"Não";"Região Metropolitana de Fortaleza";"Total";1;1;1;2;1;NA;3;5;8;5;2;3;1;3;2;3;NA;5;2;1;1;2;1;1;NA
23;"CE";2305001;"230500";"Guaraciaba do Norte";"Não";"-";"Total";4;14;8;5;8;1;7;7;11;6;13;13;12;5;8;14;10;10;9;5;9;5;7;10;NA
23;"CE";2305100;"230510";"Guaramiranga";"Não";"-";"Total";1;NA;NA;NA;NA;1;1;NA;1;NA;NA;1;1;2;NA;1;1;1;NA;NA;NA;NA;1;2;NA
23;"CE";2305209;"230520";"Hidrolândia";"Não";"-";"Total";1;NA;2;3;3;6;2;NA;1;2;6;3;3;2;5;4;5;4;4;5;1;3;1;3;NA
23;"CE";2305233;"230523";"Horizonte";"Não";"Região Metropolitana de Fortaleza";"Total";2;4;1;4;2;2;3;2;12;2;11;6;4;5;8;7;4;6;5;3;1;NA;NA;2;NA
23;"CE";2305266;"230526";"Ibaretama";"Não";"-";"Total";NA;NA;2;3;NA;2;2;1;4;2;1;NA;NA;4;3;7;2;6;1;3;3;3;1;3;NA
23;"CE";2305308;"230530";"Ibiapina";"Não";"-";"Total";NA;6;1;5;5;2;4;6;8;3;2;4;7;2;6;3;1;5;4;3;9;5;6;3;NA
23;"CE";2305332;"230533";"Ibicuitinga";"Não";"-";"Total";2;1;NA;NA;NA;NA;NA;NA;NA;1;4;3;5;2;2;4;NA;3;NA;1;2;2;1;NA;NA
23;"CE";2305357;"230535";"Icapuí";"Não";"-";"Total";1;1;1;NA;2;1;1;4;3;2;4;NA;4;3;4;4;4;3;3;3;7;2;3;3;NA
23;"CE";2305407;"230540";"Icó";"Não";"-";"Total";5;7;6;3;7;6;13;17;11;13;16;15;13;18;11;12;15;11;13;9;10;9;7;7;NA
23;"CE";2305506;"230550";"Iguatu";"Não";"-";"Total";6;10;10;11;5;12;10;7;16;18;29;27;25;32;23;31;19;23;25;22;27;19;11;17;NA
23;"CE";2305605;"230560";"Independência";"Não";"-";"Total";2;3;NA;4;3;1;6;6;6;7;2;10;6;12;7;5;8;5;7;5;5;1;5;1;NA
23;"CE";2305654;"230565";"Ipaporanga";"Não";"-";"Total";NA;NA;1;NA;1;2;1;NA;NA;1;NA;NA;NA;1;2;3;1;4;4;1;3;4;4;2;NA
23;"CE";2305704;"230570";"Ipaumirim";"Não";"-";"Total";1;NA;NA;NA;NA;1;3;1;2;1;4;1;2;3;3;3;5;4;2;NA;2;2;3;NA;NA
23;"CE";2305803;"230580";"Ipu";"Não";"-";"Total";4;3;5;5;9;3;16;9;6;7;9;9;9;9;10;4;11;7;9;4;10;2;7;5;NA
23;"CE";2305902;"230590";"Ipueiras";"Não";"-";"Total";2;2;3;6;3;4;7;6;3;6;4;3;3;5;10;7;7;7;6;13;8;8;8;10;NA
23;"CE";2306009;"230600";"Iracema";"Não";"-";"Total";2;1;NA;NA;2;1;3;5;3;1;2;1;11;5;NA;4;2;1;2;2;NA;NA;6;3;NA
23;"CE";2306108;"230610";"Irauçuba";"Não";"-";"Total";5;NA;1;5;1;2;5;5;4;2;6;2;12;7;4;6;2;3;7;3;4;1;3;5;NA
23;"CE";2306207;"230620";"Itaiçaba";"Não";"-";"Total";1;NA;1;NA;NA;NA;2;3;2;NA;1;NA;1;4;2;NA;NA;1;1;NA;1;1;1;3;NA
23;"CE";2306256;"230625";"Itaitinga";"Não";"Região Metropolitana de Fortaleza";"Total";2;3;NA;NA;3;1;3;1;4;3;4;1;4;4;4;3;3;5;2;NA;3;1;1;3;NA
23;"CE";2306306;"230630";"Itapajé";"Não";"-";"Total";5;1;3;4;1;7;8;3;3;3;8;3;8;6;20;12;10;18;7;12;7;15;7;3;NA
23;"CE";2306405;"230640";"Itapipoca";"Não";"-";"Total";13;5;6;10;1;19;7;14;16;16;16;19;28;13;23;8;18;15;23;13;NA;4;16;12;NA
23;"CE";2306504;"230650";"Itapiúna";"Não";"-";"Total";NA;3;NA;4;NA;2;1;NA;2;1;2;1;7;1;5;3;2;5;1;3;2;2;7;2;NA
23;"CE";2306553;"230655";"Itarema";"Não";"-";"Total";NA;1;3;1;5;6;1;3;7;3;8;6;4;8;10;7;6;7;4;9;16;4;6;2;NA
23;"CE";2306603;"230660";"Itatira";"Não";"-";"Total";NA;NA;2;1;1;1;NA;2;4;4;3;2;2;1;6;3;6;3;2;3;3;5;1;1;NA
23;"CE";2306702;"230670";"Jaguaretama";"Não";"-";"Total";NA;1;1;NA;4;3;NA;2;3;2;2;3;5;3;2;7;1;4;5;3;1;10;5;1;NA
23;"CE";2306801;"230680";"Jaguaribara";"Não";"-";"Total";NA;NA;1;NA;1;3;1;1;1;1;3;2;2;2;2;2;6;4;1;1;NA;2;2;NA;NA
23;"CE";2306900;"230690";"Jaguaribe";"Não";"-";"Total";2;6;4;3;2;4;3;3;3;7;9;9;8;8;11;7;7;11;9;7;14;6;9;8;NA
23;"CE";2307007;"230700";"Jaguaruana";"Não";"-";"Total";1;1;1;4;1;1;2;4;6;5;5;6;7;10;8;4;5;7;5;6;5;2;1;3;NA
23;"CE";2307106;"230710";"Jardim";"Não";"Região Metropolitana do Cariri";"Total";1;2;NA;NA;NA;2;3;3;1;2;1;5;4;3;6;3;4;4;1;2;4;3;2;5;NA
23;"CE";2307205;"230720";"Jati";"Não";"-";"Total";NA;NA;NA;NA;NA;NA;NA;1;NA;2;1;3;4;3;3;6;4;2;1;NA;NA;1;NA;1;NA
23;"CE";2307254;"230725";"Jijoca de Jericoacoara";"Não";"-";"Total";NA;NA;NA;NA;NA;3;1;3;NA;2;5;2;NA;2;5;6;6;8;3;5;4;6;2;3;NA
23;"CE";2307304;"230730";"Juazeiro do Norte";"Não";"Região Metropolitana do Cariri";"Total";22;23;17;18;16;21;11;23;16;18;23;32;49;33;48;85;67;28;61;51;31;39;55;50;NA
23;"CE";2307403;"230740";"Jucás";"Não";"-";"Total";2;1;3;2;NA;5;5;3;3;3;6;11;14;10;8;6;9;7;6;7;6;5;8;4;NA
23;"CE";2307502;"230750";"Lavras da Mangabeira";"Não";"-";"Total";NA;1;2;1;1;1;3;1;4;3;5;3;11;5;10;8;5;NA;NA;NA;3;5;7;7;NA
23;"CE";2307601;"230760";"Limoeiro do Norte";"Não";"-";"Total";11;3;5;4;11;2;7;6;11;9;8;10;16;17;16;18;16;9;12;12;7;4;11;23;NA
23;"CE";2307635;"230763";"Madalena";"Não";"-";"Total";NA;NA;2;1;1;NA;NA;1;2;NA;6;1;4;3;3;10;2;1;2;3;NA;1;3;NA;NA
23;"CE";2307650;"230765";"Maracanaú";"Não";"Região Metropolitana de Fortaleza";"Total";7;5;5;6;4;3;5;14;15;10;15;6;7;10;10;7;7;9;14;10;4;5;7;3;NA
23;"CE";2307700;"230770";"Maranguape";"Não";"Região Metropolitana de Fortaleza";"Total";4;6;5;10;14;19;19;10;9;6;8;7;11;14;11;12;13;7;7;8;7;NA;2;2;NA
23;"CE";2307809;"230780";"Marco";"Não";"-";"Total";NA;1;2;3;NA;4;5;2;3;4;4;3;6;3;3;5;7;4;3;1;4;5;6;2;NA
23;"CE";2307908;"230790";"Martinópole";"Não";"-";"Total";1;NA;2;NA;NA;NA;2;1;3;1;NA;NA;NA;2;1;4;2;3;NA;1;2;3;2;NA;NA
23;"CE";2308005;"230800";"Massapê";"Não";"Região Metropolitana de Sobral";"Total";2;NA;1;2;4;NA;1;6;1;2;6;8;6;4;7;5;12;3;9;7;8;10;11;5;NA
23;"CE";2308104;"230810";"Mauriti";"Não";"-";"Total";NA;2;1;NA;NA;2;1;2;6;6;7;5;6;5;7;12;5;NA;2;3;2;3;2;8;NA
23;"CE";2308203;"230820";"Meruoca";"Não";"Região Metropolitana de Sobral";"Total";NA;NA;NA;4;1;NA;2;1;NA;NA;4;2;4;NA;2;1;1;1;2;2;1;NA;2;2;NA
23;"CE";2308302;"230830";"Milagres";"Não";"-";"Total";1;NA;1;1;2;NA;NA;NA;1;2;4;5;10;3;9;7;5;1;1;1;2;3;2;2;NA
23;"CE";2308351;"230835";"Milhã";"Não";"-";"Total";NA;3;5;2;3;1;NA;4;3;3;NA;NA;5;4;7;4;5;5;4;9;4;4;2;3;NA
23;"CE";2308377;"230837";"Miraíma";"Não";"-";"Total";NA;NA;NA;NA;NA;NA;NA;1;NA;1;4;2;NA;1;3;1;2;1;3;NA;1;NA;2;1;NA
23;"CE";2308401;"230840";"Missão Velha";"Não";"Região Metropolitana do Cariri";"Total";1;1;1;NA;1;5;NA;3;3;5;4;6;9;5;5;6;6;2;1;2;NA;3;1;NA;NA
23;"CE";2308500;"230850";"Mombaça";"Não";"-";"Total";4;10;6;3;3;3;3;5;2;8;7;7;10;13;5;6;6;3;6;7;5;3;8;10;NA
23;"CE";2308609;"230860";"Monsenhor Tabosa";"Não";"-";"Total";1;NA;1;3;3;5;6;3;1;3;3;3;3;2;2;3;4;NA;1;1;NA;2;4;1;NA
23;"CE";2308708;"230870";"Morada Nova";"Não";"-";"Total";4;4;6;6;7;8;6;3;8;6;4;12;17;18;21;16;17;11;14;15;11;17;15;21;NA
23;"CE";2308807;"230880";"Moraújo";"Não";"Região Metropolitana de Sobral";"Total";NA;NA;2;NA;NA;2;NA;3;NA;1;NA;3;NA;NA;NA;NA;1;NA;1;1;NA;4;4;NA;NA
23;"CE";2308906;"230890";"Morrinhos";"Não";"-";"Total";1;1;NA;2;3;3;5;NA;4;3;7;10;11;9;5;NA;3;5;5;2;1;5;2;2;NA
23;"CE";2309003;"230900";"Mucambo";"Não";"Região Metropolitana de Sobral";"Total";NA;NA;1;4;2;NA;2;NA;3;5;1;1;5;2;3;4;3;1;NA;6;1;2;4;2;NA
23;"CE";2309102;"230910";"Mulungu";"Não";"-";"Total";NA;NA;NA;NA;NA;NA;NA;NA;1;2;2;2;NA;2;1;2;NA;1;1;NA;NA;1;1;NA;NA
23;"CE";2309201;"230920";"Nova Olinda";"Não";"Região Metropolitana do Cariri";"Total";NA;NA;2;3;4;1;2;2;1;5;5;5;4;7;8;1;4;1;2;2;1;NA;NA;2;NA
23;"CE";2309300;"230930";"Nova Russas";"Não";"-";"Total";2;2;NA;1;5;4;3;6;13;7;5;4;7;6;4;14;7;9;6;5;9;6;5;6;NA
23;"CE";2309409;"230940";"Novo Oriente";"Não";"-";"Total";NA;1;2;1;5;2;6;1;7;1;3;10;17;8;6;8;2;13;3;3;11;16;2;5;NA
23;"CE";2309458;"230945";"Ocara";"Não";"-";"Total";3;2;1;2;1;4;2;5;1;NA;7;3;8;6;9;5;2;4;2;1;1;1;6;1;NA
23;"CE";2309508;"230950";"Orós";"Não";"-";"Total";NA;2;2;1;3;3;2;2;1;1;2;1;3;4;4;6;2;2;4;3;4;11;2;5;NA
23;"CE";2309607;"230960";"Pacajus";"Não";"Região Metropolitana de Fortaleza";"Total";6;3;3;2;2;1;2;4;8;4;4;5;7;3;11;3;4;6;6;5;1;NA;3;NA;NA
23;"CE";2309706;"230970";"Pacatuba";"Não";"Região Metropolitana de Fortaleza";"Total";3;2;1;2;2;5;1;2;3;3;2;2;2;6;2;2;1;4;2;6;NA;NA;NA;1;NA
23;"CE";2309805;"230980";"Pacoti";"Não";"-";"Total";NA;NA;NA;NA;NA;NA;NA;NA;1;NA;1;NA;NA;1;2;1;3;NA;NA;1;1;1;1;NA;NA
23;"CE";2309904;"230990";"Pacujá";"Não";"Região Metropolitana de Sobral";"Total";NA;1;1;2;2;1;NA;NA;2;NA;NA;1;NA;2;2;1;NA;1;1;1;2;2;1;1;NA
23;"CE";2310001;"231000";"Palhano";"Não";"-";"Total";NA;NA;NA;NA;1;NA;NA;2;1;1;NA;2;NA;3;4;1;NA;1;2;NA;NA;NA;NA;1;NA
23;"CE";2310100;"231010";"Palmácia";"Não";"-";"Total";NA;NA;1;NA;NA;NA;NA;NA;NA;NA;1;2;NA;1;NA;NA;1;1;1;NA;1;NA;NA;NA;NA
23;"CE";2310209;"231020";"Paracuru";"Não";"Região Metropolitana de Fortaleza";"Total";4;1;5;6;3;2;4;2;1;3;1;1;2;3;6;2;4;4;2;NA;NA;1;1;2;NA
23;"CE";2310258;"231025";"Paraipaba";"Não";"Região Metropolitana de Fortaleza";"Total";2;1;1;6;2;3;6;3;3;4;3;3;4;4;3;NA;5;2;1;1;1;NA;5;1;NA
23;"CE";2310308;"231030";"Parambu";"Não";"-";"Total";NA;NA;NA;NA;2;1;3;4;4;4;8;8;9;11;5;6;7;9;6;9;6;10;5;8;NA
23;"CE";2310407;"231040";"Paramoti";"Não";"-";"Total";NA;2;NA;NA;NA;NA;NA;1;NA;1;2;NA;3;1;NA;6;2;2;3;1;NA;1;1;NA;NA
23;"CE";2310506;"231050";"Pedra Branca";"Não";"-";"Total";4;2;9;7;9;6;9;7;6;3;9;6;12;12;18;6;13;13;7;9;9;11;3;5;NA
23;"CE";2310605;"231060";"Penaforte";"Não";"-";"Total";NA;NA;NA;NA;NA;NA;NA;1;1;1;3;3;1;NA;2;4;3;1;NA;1;2;NA;NA;2;NA
23;"CE";2310704;"231070";"Pentecoste";"Não";"-";"Total";NA;2;2;1;NA;5;1;5;4;3;1;2;2;5;3;5;2;1;3;NA;NA;1;2;3;NA
23;"CE";2310803;"231080";"Pereiro";"Não";"-";"Total";NA;1;NA;2;NA;NA;1;NA;NA;2;4;3;4;4;2;1;5;1;4;3;2;3;4;2;NA
23;"CE";2310852;"231085";"Pindoretama";"Não";"Região Metropolitana de Fortaleza";"Total";4;5;2;1;3;2;6;3;7;1;NA;NA;1;NA;NA;2;NA;2;2;3;NA;NA;1;1;NA
23;"CE";2310902;"231090";"Piquet Carneiro";"Não";"-";"Total";1;NA;NA;2;NA;1;2;NA;1;2;2;5;NA;2;7;6;3;4;4;4;4;3;3;4;NA
23;"CE";2310951;"231095";"Pires Ferreira";"Não";"Região Metropolitana de Sobral";"Total";NA;NA;1;NA;NA;NA;2;1;2;1;2;1;1;NA;NA;NA;1;NA;1;3;NA;1;2;1;NA
23;"CE";2311009;"231100";"Poranga";"Não";"-";"Total";NA;NA;NA;NA;NA;NA;NA;1;3;2;2;2;NA;NA;2;1;NA;NA;3;NA;2;1;1;4;NA
23;"CE";2311108;"231110";"Porteiras";"Não";"-";"Total";NA;NA;NA;NA;2;NA;NA;NA;NA;1;2;5;NA;1;2;5;4;2;2;1;1;NA;1;NA;NA
23;"CE";2311207;"231120";"Potengi";"Não";"-";"Total";3;2;NA;2;NA;NA;NA;1;NA;NA;2;3;3;5;2;1;NA;NA;NA;NA;NA;NA;1;NA;NA
23;"CE";2311231;"231123";"Potiretama";"Não";"-";"Total";NA;NA;2;1;NA;NA;NA;2;NA;1;NA;NA;NA;1;3;4;5;2;2;NA;NA;NA;2;1;NA
23;"CE";2311264;"231126";"Quiterianópolis";"Não";"-";"Total";NA;NA;1;1;NA;2;2;4;5;6;1;7;3;2;6;5;6;7;3;1;4;6;5;5;NA
23;"CE";2311306;"231130";"Quixadá";"Não";"-";"Total";8;3;13;22;10;11;16;5;6;12;10;11;18;15;13;16;5;9;10;9;16;8;14;9;NA
23;"CE";2311355;"231135";"Quixelô";"Não";"-";"Total";NA;2;1;1;NA;1;1;NA;NA;1;7;3;6;2;4;1;7;3;6;6;6;3;2;4;NA
23;"CE";2311405;"231140";"Quixeramobim";"Não";"-";"Total";9;15;6;12;6;9;6;7;13;7;11;9;13;27;25;17;10;16;9;19;14;17;18;6;NA
23;"CE";2311504;"231150";"Quixeré";"Não";"-";"Total";6;NA;3;7;NA;4;6;4;6;6;1;5;6;8;11;6;6;4;NA;3;5;4;2;2;NA
23;"CE";2311603;"231160";"Redenção";"Não";"-";"Total";1;3;2;1;1;1;1;2;3;2;2;1;1;1;3;3;NA;2;NA;1;1;1;NA;1;NA
23;"CE";2311702;"231170";"Reriutaba";"Não";"Região Metropolitana de Sobral";"Total";1;NA;NA;3;NA;3;1;NA;3;2;2;5;1;1;10;4;2;1;2;2;1;3;5;NA;NA
23;"CE";2311801;"231180";"Russas";"Não";"-";"Total";7;9;7;7;6;7;15;24;23;15;17;10;18;21;26;24;10;13;15;14;13;22;13;9;NA
23;"CE";2311900;"231190";"Saboeiro";"Não";"-";"Total";4;1;1;1;1;1;NA;1;1;2;2;4;5;1;1;1;2;2;5;3;2;2;2;2;NA
23;"CE";2311959;"231195";"Salitre";"Não";"-";"Total";NA;1;NA;1;2;1;2;1;2;2;5;3;4;3;2;3;3;NA;1;2;3;2;1;2;NA
23;"CE";2312007;"231200";"Santana do Acaraú";"Não";"Região Metropolitana de Sobral";"Total";1;4;4;1;5;1;3;3;3;6;2;10;6;3;3;4;3;1;4;4;6;5;7;5;NA
23;"CE";2312106;"231210";"Santana do Cariri";"Não";"Região Metropolitana do Cariri";"Total";NA;NA;1;1;1;1;1;1;1;2;1;6;4;6;5;5;2;1;1;1;NA;4;1;NA;NA
23;"CE";2312205;"231220";"Santa Quitéria";"Não";"-";"Total";2;5;3;13;2;5;8;5;6;2;7;6;7;12;6;10;5;9;5;3;3;6;6;2;NA
23;"CE";2312304;"231230";"São Benedito";"Não";"-";"Total";9;8;7;10;3;4;5;9;17;7;12;6;9;9;6;10;9;6;16;8;6;5;8;11;NA
23;"CE";2312403;"231240";"São Gonçalo do Amarante";"Não";"Região Metropolitana de Fortaleza";"Total";1;2;13;4;2;13;11;13;10;3;5;10;8;10;4;4;9;9;9;10;2;1;5;3;NA
23;"CE";2312502;"231250";"São João do Jaguaribe";"Não";"-";"Total";1;NA;NA;NA;1;NA;1;1;NA;2;3;1;1;NA;1;3;4;NA;1;1;3;1;1;2;NA
23;"CE";2312601;"231260";"São Luís do Curu";"Não";"Região Metropolitana de Fortaleza";"Total";2;1;4;5;5;2;1;5;2;2;NA;1;1;1;1;NA;1;4;3;NA;1;2;1;NA;NA
23;"CE";2312700;"231270";"Senador Pompeu";"Não";"-";"Total";3;2;1;1;4;3;2;3;5;1;10;3;5;8;7;5;5;4;6;5;7;7;4;2;NA
23;"CE";2312809;"231280";"Senador Sá";"Não";"Região Metropolitana de Sobral";"Total";NA;NA;2;NA;NA;NA;2;NA;NA;NA;NA;NA;1;1;NA;NA;NA;3;1;NA;1;NA;4;1;NA
23;"CE";2312908;"231290";"Sobral";"Não";"Região Metropolitana de Sobral";"Total";8;3;18;14;16;40;60;63;64;59;100;92;113;154;215;217;214;186;200;157;204;165;175;213;NA
23;"CE";2313005;"231300";"Solonópole";"Não";"-";"Total";NA;4;3;1;3;NA;4;3;2;4;2;6;8;3;10;9;9;10;6;8;2;3;4;5;NA
23;"CE";2313104;"231310";"Tabuleiro do Norte";"Não";"-";"Total";3;NA;1;5;NA;4;1;2;6;3;9;NA;14;8;5;6;10;6;4;9;6;4;6;6;NA
23;"CE";2313203;"231320";"Tamboril";"Não";"-";"Total";2;4;6;10;3;4;3;2;5;3;6;8;5;4;6;5;3;10;5;7;9;11;9;7;NA
23;"CE";2313252;"231325";"Tarrafas";"Não";"-";"Total";NA;NA;NA;NA;NA;NA;NA;NA;1;NA;NA;NA;2;3;2;3;1;1;NA;1;NA;1;4;2;NA
23;"CE";2313302;"231330";"Tauá";"Não";"-";"Total";1;2;6;4;9;4;5;4;7;16;14;10;14;18;26;16;9;22;23;6;12;15;14;19;NA
23;"CE";2313351;"231335";"Tejuçuoca";"Não";"-";"Total";NA;NA;3;NA;NA;3;2;NA;1;2;1;2;1;3;3;2;NA;1;4;1;3;1;2;1;NA
23;"CE";2313401;"231340";"Tianguá";"Não";"-";"Total";19;8;10;10;7;21;8;27;20;16;14;21;8;13;17;14;15;17;14;14;15;15;21;27;NA
23;"CE";2313500;"231350";"Trairi";"Não";"Região Metropolitana de Fortaleza";"Total";4;3;2;8;4;7;8;9;4;5;2;2;NA;4;7;7;2;9;4;2;2;3;7;7;NA
23;"CE";2313559;"231355";"Tururu";"Não";"-";"Total";NA;2;NA;NA;NA;1;NA;2;2;1;2;NA;NA;1;2;3;2;2;3;NA;1;1;1;NA;NA
23;"CE";2313609;"231360";"Ubajara";"Não";"-";"Total";4;1;4;6;5;5;10;5;10;7;5;6;7;6;7;3;7;4;2;5;8;3;6;7;NA
23;"CE";2313708;"231370";"Umari";"Não";"-";"Total";NA;NA;NA;1;NA;2;NA;2;NA;NA;NA;2;1;2;3;2;1;NA;3;1;2;1;2;1;NA
23;"CE";2313757;"231375";"Umirim";"Não";"-";"Total";1;2;2;1;NA;5;3;2;5;1;NA;NA;1;1;3;1;2;NA;4;1;1;1;2;NA;NA
23;"CE";2313807;"231380";"Uruburetama";"Não";"-";"Total";2;NA;NA;NA;NA;1;1;NA;1;NA;NA;1;NA;NA;2;2;2;2;1;NA;2;NA;1;NA;NA
23;"CE";2313906;"231390";"Uruoca";"Não";"-";"Total";2;NA;1;1;3;NA;NA;2;2;NA;2;3;5;3;3;2;4;6;2;NA;1;1;3;2;NA
23;"CE";2313955;"231395";"Varjota";"Não";"Região Metropolitana de Sobral";"Total";NA;NA;1;2;3;4;NA;1;3;6;3;2;3;2;NA;2;1;2;1;5;3;2;4;5;NA
23;"CE";2314003;"231400";"Várzea Alegre";"Não";"-";"Total";1;NA;2;2;4;1;9;2;5;12;6;8;5;12;5;6;7;4;9;6;7;3;7;10;NA
23;"CE";2314102;"231410";"Viçosa do Ceará";"Não";"-";"Total";5;1;6;5;5;2;5;10;4;7;7;10;9;10;13;10;16;14;8;20;16;8;7;15;NA
24;"RN";2400109;"240010";"Acari";"Não";"-";"Total";NA;1;1;NA;1;1;1;NA;3;2;1;NA;NA;NA;1;5;1;2;1;NA;NA;NA;2;NA;NA
24;"RN";2400208;"240020";"Açu";"Não";"-";"Total";2;1;6;12;12;9;10;12;8;7;12;4;6;12;11;14;8;4;4;2;4;2;1;8;NA
24;"RN";2400307;"240030";"Afonso Bezerra";"Não";"-";"Total";NA;NA;1;1;NA;3;3;2;NA;1;NA;NA;1;5;3;1;NA;NA;NA;1;NA;1;NA;NA;NA
24;"RN";2400406;"240040";"Água Nova";"Não";"-";"Total";NA;NA;NA;NA;NA;NA;NA;NA;NA;1;1;NA;NA;NA;NA;NA;NA;NA;NA;NA;1;NA;NA;NA;NA
24;"RN";2400505;"240050";"Alexandria";"Não";"-";"Total";1;NA;NA;NA;2;2;1;1;2;2;1;NA;3;2;NA;1;1;2;3;4;3;1;NA;2;NA
24;"RN";2400604;"240060";"Almino Afonso";"Não";"-";"Total";NA;1;NA;NA;NA;NA;1;NA;NA;NA;1;1;NA;NA;NA;3;1;NA;NA;NA;NA;NA;NA;1;NA
24;"RN";2400703;"240070";"Alto do Rodrigues";"Não";"-";"Total";1;2;1;1;1;2;3;2;4;2;3;2;1;2;NA;3;8;1;NA;4;1;1;1;2;NA
24;"RN";2400802;"240080";"Angicos";"Não";"-";"Total";2;1;3;1;1;NA;NA;NA;7;5;2;3;3;1;2;4;2;1;1;2;5;2;1;NA;NA
24;"RN";2400901;"240090";"Antônio Martins";"Não";"-";"Total";NA;2;NA;NA;NA;1;2;NA;1;1;NA;1;NA;NA;NA;3;1;2;1;1;1;NA;1;2;NA
24;"RN";2401008;"240100";"Apodi";"Não";"-";"Total";NA;4;1;1;6;2;NA;5;2;4;5;5;3;5;4;7;3;1;4;2;2;2;7;4;NA
24;"RN";2401107;"240110";"Areia Branca";"Não";"-";"Total";1;3;3;4;1;NA;3;5;3;1;5;2;7;2;4;2;4;2;4;2;3;2;NA;NA;NA
24;"RN";2401206;"240120";"Arês";"Não";"Região Metropolitana de Natal";"Total";1;NA;NA;NA;2;1;1;2;1;NA;NA;NA;2;2;NA;1;1;NA;2;1;2;NA;1;2;NA
24;"RN";2401305;"240130";"Campo Grande";"Não";"-";"Total";NA;NA;1;NA;NA;NA;NA;NA;1;2;NA;NA;2;1;1;2;3;1;1;NA;NA;1;2;NA;NA
24;"RN";2401404;"240140";"Baía Formosa";"Não";"-";"Total";NA;NA;2;NA;2;1;1;NA;NA;1;NA;NA;NA;1;NA;NA;1;NA;1;2;NA;NA;NA;1;NA
24;"RN";2401453;"240145";"Baraúna";"Não";"-";"Total";NA;2;3;3;3;3;7;1;4;2;5;9;2;3;2;4;6;2;5;3;4;7;5;3;NA
24;"RN";2401503;"240150";"Barcelona";"Não";"-";"Total";1;NA;NA;1;NA;NA;NA;1;NA;NA;2;NA;NA;1;NA;4;NA;1;NA;NA;NA;NA;1;NA;NA
24;"RN";2401602;"240160";"Bento Fernandes";"Não";"-";"Total";NA;NA;NA;NA;NA;NA;NA;NA;NA;2;1;1;2;NA;NA;NA;NA;3;NA;NA;NA;NA;NA;NA;NA
24;"RN";2401651;"240165";"Bodó";"Não";"-";"Total";NA;NA;NA;NA;NA;NA;NA;NA;NA;NA;NA;NA;NA;NA;NA;NA;NA;NA;NA;1;NA;NA;NA;NA;NA
24;"RN";2401701;"240170";"Bom Jesus";"Não";"Região Metropolitana de Natal";"Total";NA;NA;2;1;1;2;NA;1;NA;NA;NA;NA;1;2;NA;NA;2;NA;NA;NA;3;NA;1;NA;NA
24;"RN";2401800;"240180";"Brejinho";"Não";"-";"Total";1;NA;NA;NA;4;NA;NA;NA;1;1;3;2;1;2;NA;3;3;2;3;NA;3;2;3;NA;NA
24;"RN";2401859;"240185";"Caiçara do Norte";"Não";"-";"Total";NA;1;NA;1;NA;1;1;NA;NA;NA;1;NA;NA;NA;NA;1;NA;NA;NA;1;NA;NA;NA;NA;NA
24;"RN";2401909;"240190";"Caiçara do Rio do Vento";"Não";"-";"Total";NA;NA;1;1;NA;1;2;NA;1;2;1;1;NA;NA;3;NA;1;3;NA;2;4;1;2;1;NA
24;"RN";2402006;"240200";"Caicó";"Não";"-";"Total";3;6;5;5;3;5;7;NA;1;6;8;4;2;1;2;3;3;5;5;2;4;6;6;7;NA
24;"RN";2402105;"240210";"Campo Redondo";"Não";"-";"Total";3;NA;2;NA;NA;2;NA;NA;1;2;2;3;NA;1;1;3;1;NA;1;NA;NA;NA;NA;1;NA
24;"RN";2402204;"240220";"Canguaretama";"Não";"-";"Total";3;1;4;2;16;6;4;2;2;4;6;7;8;1;4;4;2;5;5;3;NA;3;2;7;NA
24;"RN";2402303;"240230";"Caraúbas";"Não";"-";"Total";5;NA;2;2;5;3;3;3;1;2;3;4;5;3;2;NA;8;3;3;1;2;NA;1;3;NA
24;"RN";2402402;"240240";"Carnaúba dos Dantas";"Não";"-";"Total";NA;NA;NA;NA;1;NA;NA;2;1;NA;NA;NA;NA;NA;NA;2;NA;NA;3;1;NA;1;1;3;NA
24;"RN";2402501;"240250";"Carnaubais";"Não";"-";"Total";1;1;NA;1;1;NA;NA;3;NA;2;3;NA;4;2;2;3;3;NA;2;2;1;NA;2;NA;NA
24;"RN";2402600;"240260";"Ceará-Mirim";"Não";"Região Metropolitana de Natal";"Total";5;6;5;7;4;4;7;8;6;8;5;10;3;13;18;10;7;10;10;11;10;2;10;7;NA
24;"RN";2402709;"240270";"Cerro Corá";"Não";"-";"Total";NA;NA;NA;1;1;NA;NA;2;NA;NA;1;NA;1;2;2;1;1;NA;5;NA;NA;NA;NA;1;NA
24;"RN";2402808;"240280";"Coronel Ezequiel";"Não";"-";"Total";NA;NA;NA;NA;NA;NA;1;1;NA;NA;2;NA;NA;NA;NA;NA;1;NA;4;NA;NA;NA;NA;NA;NA
24;"RN";2402907;"240290";"Coronel João Pessoa";"Não";"-";"Total";NA;NA;NA;NA;1;1;NA;1;NA;1;NA;NA;NA;NA;NA;NA;NA;2;NA;2;NA;NA;NA;NA;NA
24;"RN";2403004;"240300";"Cruzeta";"Não";"-";"Total";2;NA;NA;NA;NA;NA;NA;1;NA;NA;1;1;NA;1;NA;1;NA;NA;1;NA;NA;NA;NA;NA;NA
24;"RN";2403103;"240310";"Currais Novos";"Não";"-";"Total";2;2;6;3;NA;4;4;4;2;2;5;2;1;4;1;2;4;3;3;1;6;6;2;6;NA
24;"RN";2403202;"240320";"Doutor Severiano";"Não";"-";"Total";NA;NA;NA;NA;NA;NA;NA;4;1;NA;NA;NA;NA;2;1;NA;1;NA;NA;NA;NA;1;NA;NA;NA
24;"RN";2403251;"240325";"Parnamirim";"Não";"Região Metropolitana de Natal";"Total";8;6;4;1;6;7;7;6;4;13;9;9;14;11;14;13;12;14;16;18;11;9;8;8;NA
24;"RN";2403301;"240330";"Encanto";"Não";"-";"Total";NA;NA;1;NA;NA;NA;NA;NA;NA;1;1;NA;1;NA;NA;1;NA;NA;NA;1;NA;NA;NA;NA;NA
24;"RN";2403400;"240340";"Equador";"Não";"-";"Total";NA;1;NA;NA;1;NA;1;1;NA;1;NA;NA;NA;NA;NA;NA;NA;1;1;NA;1;3;1;NA;NA
24;"RN";2403509;"240350";"Espírito Santo";"Não";"-";"Total";1;NA;1;1;1;NA;NA;3;NA;NA;NA;NA;1;1;NA;NA;NA;2;1;1;1;2;NA;NA;NA
24;"RN";2403608;"240360";"Extremoz";"Não";"Região Metropolitana de Natal";"Total";NA;2;3;4;2;2;1;1;4;2;1;NA;3;5;3;4;3;1;5;3;3;2;NA;NA;NA
24;"RN";2403707;"240370";"Felipe Guerra";"Não";"-";"Total";NA;NA;NA;NA;NA;2;1;NA;NA;NA;2;NA;NA;1;NA;1;1;2;NA;NA;NA;1;NA;1;NA
24;"RN";2403756;"240375";"Fernando Pedroza";"Não";"-";"Total";NA;1;NA;3;NA;NA;1;NA;2;2;1;1;2;NA;1;2;NA;NA;NA;NA;NA;NA;NA;NA;NA
24;"RN";2403806;"240380";"Florânia";"Não";"-";"Total";NA;NA;NA;NA;3;NA;NA;NA;NA;3;NA;2;3;2;NA;1;NA;2;NA;1;NA;NA;NA;3;NA
24;"RN";2403905;"240390";"Francisco Dantas";"Não";"-";"Total";NA;NA;NA;NA;NA;NA;NA;NA;1;3;NA;NA;1;NA;NA;NA;NA;1;NA;NA;NA;1;NA;NA;NA
24;"RN";2404002;"240400";"Frutuoso Gomes";"Não";"-";"Total";3;2;NA;NA;1;NA;NA;1;3;NA;1;NA;NA;NA;NA;NA;1;NA;NA;NA;NA;1;NA;NA;NA
24;"RN";2404101;"240410";"Galinhos";"Não";"-";"Total";NA;NA;NA;NA;NA;NA;1;NA;NA;NA;NA;NA;NA;NA;NA;NA;NA;NA;NA;NA;NA;NA;NA;NA;NA
24;"RN";2404200;"240420";"Goianinha";"Não";"Região Metropolitana de Natal";"Total";2;2;1;1;6;3;5;3;6;3;4;7;4;7;2;4;NA;8;5;4;2;4;3;4;NA
24;"RN";2404309;"240430";"Governador Dix-Sept Rosado";"Não";"-";"Total";NA;5;1;NA;1;NA;1;2;2;7;NA;3;4;3;3;1;NA;2;1;1;1;5;NA;3;NA
24;"RN";2404408;"240440";"Grossos";"Não";"-";"Total";2;NA;NA;NA;2;NA;NA;NA;NA;2;1;NA;1;3;NA;2;NA;1;NA;NA;NA;2;NA;NA;NA
24;"RN";2404507;"240450";"Guamaré";"Não";"-";"Total";2;1;NA;1;2;1;1;2;5;2;3;NA;6;2;7;NA;5;4;2;4;1;3;1;NA;NA
24;"RN";2404606;"240460";"Ielmo Marinho";"Não";"Região Metropolitana de Natal";"Total";NA;2;NA;NA;NA;NA;1;NA;NA;2;2;NA;1;NA;1;1;1;NA;NA;3;NA;NA;2;NA;NA
24;"RN";2404705;"240470";"Ipanguaçu";"Não";"-";"Total";1;1;1;NA;3;NA;1;3;1;1;3;3;4;2;2;1;NA;5;1;NA;NA;2;NA;4;NA
24;"RN";2404804;"240480";"Ipueira";"Não";"-";"Total";NA;NA;NA;NA;1;NA;1;NA;1;NA;2;NA;NA;NA;1;2;NA;NA;NA;NA;NA;NA;NA;NA;NA
24;"RN";2404853;"240485";"Itajá";"Não";"-";"Total";2;NA;4;1;NA;1;2;NA;1;2;1;2;3;NA;NA;NA;NA;NA;1;1;1;NA;NA;1;NA
24;"RN";2404903;"240490";"Itaú";"Não";"-";"Total";1;1;NA;NA;NA;NA;NA;NA;1;NA;NA;NA;NA;1;NA;1;NA;NA;1;1;1;NA;NA;1;NA
24;"RN";2405009;"240500";"Jaçanã";"Não";"-";"Total";3;NA;2;NA;2;NA;NA;2;NA;NA;1;NA;NA;2;NA;NA;NA;NA;NA;NA;1;1;NA;NA;NA
24;"RN";2405108;"240510";"Jandaíra";"Não";"-";"Total";1;NA;1;NA;2;1;1;3;1;NA;7;4;2;4;5;2;4;1;3;NA;NA;NA;NA;1;NA
24;"RN";2405207;"240520";"Janduís";"Não";"-";"Total";NA;NA;NA;3;NA;NA;NA;NA;NA;NA;NA;NA;2;NA;NA;NA;NA;NA;NA;1;2;NA;1;NA;NA
24;"RN";2405306;"240530";"Januário Cicco";"Não";"-";"Total";1;NA;1;NA;NA;NA;NA;3;NA;NA;1;NA;NA;NA;2;NA;NA;NA;NA;NA;NA;NA;2;2;NA
24;"RN";2405405;"240540";"Japi";"Não";"-";"Total";NA;NA;NA;NA;NA;NA;NA;NA;NA;NA;NA;NA;NA;NA;1;4;NA;NA;NA;NA;1;1;1;NA;NA
24;"RN";2405504;"240550";"Jardim de Angicos";"Não";"-";"Total";NA;NA;NA;NA;1;NA;NA;NA;NA;1;NA;NA;NA;NA;1;NA;1;NA;1;NA;1;NA;NA;NA;NA
24;"RN";2405603;"240560";"Jardim de Piranhas";"Não";"-";"Total";NA;1;1;NA;1;NA;1;2;1;1;NA;NA;1;NA;NA;NA;1;NA;NA;NA;NA;2;3;1;NA
24;"RN";2405702;"240570";"Jardim do Seridó";"Não";"-";"Total";NA;1;1;NA;1;1;NA;NA;NA;2;1;1;1;1;NA;4;NA;2;NA;NA;NA;1;NA;1;NA
24;"RN";2405801;"240580";"João Câmara";"Não";"-";"Total";2;NA;5;5;5;3;3;1;4;7;4;5;7;3;1;1;2;6;10;3;3;4;8;3;NA
24;"RN";2405900;"240590";"João Dias";"Não";"-";"Total";NA;NA;NA;NA;NA;NA;NA;1;NA;NA;NA;NA;NA;NA;NA;NA;NA;1;NA;NA;1;NA;2;NA;NA
24;"RN";2406007;"240600";"José da Penha";"Não";"-";"Total";NA;NA;NA;NA;NA;1;1;1;1;NA;NA;NA;NA;1;NA;1;NA;1;NA;3;1;1;1;1;NA
24;"RN";2406106;"240610";"Jucurutu";"Não";"-";"Total";4;2;1;NA;1;3;2;2;5;2;2;NA;3;4;2;2;NA;NA;1;1;3;4;2;6;NA
24;"RN";2406155;"240615";"Jundiá";"Não";"-";"Total";NA;NA;1;NA;NA;NA;NA;NA;NA;NA;1;NA;NA;NA;NA;NA;NA;NA;NA;NA;1;NA;NA;NA;NA
24;"RN";2406205;"240620";"Lagoa d'Anta";"Não";"-";"Total";NA;NA;NA;NA;NA;NA;1;1;1;4;1;3;3;NA;3;NA;NA;NA;1;2;NA;2;NA;2;NA
24;"RN";2406304;"240630";"Lagoa de Pedras";"Não";"-";"Total";1;1;1;NA;NA;NA;2;NA;1;NA;NA;2;1;2;NA;1;2;1;NA;4;2;2;NA;NA;NA
24;"RN";2406403;"240640";"Lagoa de Velhos";"Não";"-";"Total";NA;NA;NA;NA;1;NA;NA;1;NA;1;NA;NA;NA;NA;1;2;NA;NA;NA;NA;NA;1;NA;NA;NA
24;"RN";2406502;"240650";"Lagoa Nova";"Não";"-";"Total";NA;NA;NA;NA;NA;2;3;NA;NA;NA;2;2;1;NA;2;NA;1;2;NA;2;3;2;2;NA;NA
24;"RN";2406601;"240660";"Lagoa Salgada";"Não";"-";"Total";NA;1;1;NA;NA;NA;NA;NA;NA;NA;2;NA;1;NA;2;1;NA;NA;NA;5;1;NA;NA;NA;NA
24;"RN";2406700;"240670";"Lajes";"Não";"-";"Total";1;NA;2;2;2;1;NA;7;NA;NA;1;3;2;1;5;1;NA;4;NA;NA;NA;1;1;1;NA
24;"RN";2406809;"240680";"Lajes Pintadas";"Não";"-";"Total";NA;1;2;NA;NA;1;2;1;NA;NA;NA;NA;NA;1;NA;1;NA;NA;NA;NA;1;2;NA;NA;NA
24;"RN";2406908;"240690";"Lucrécia";"Não";"-";"Total";NA;NA;1;NA;NA;1;NA;1;NA;NA;NA;NA;1;NA;NA;NA;1;2;NA;NA;NA;NA;NA;NA;NA
24;"RN";2407005;"240700";"Luís Gomes";"Não";"-";"Total";5;NA;NA;NA;NA;NA;NA;NA;NA;2;1;NA;3;1;2;NA;NA;3;2;NA;NA;NA;NA;1;NA
24;"RN";2407104;"240710";"Macaíba";"Não";"Região Metropolitana de Natal";"Total";3;6;5;3;3;NA;9;3;7;10;3;8;10;8;5;5;15;13;9;9;3;5;6;3;NA
24;"RN";2407203;"240720";"Macau";"Não";"-";"Total";2;2;4;NA;2;6;3;NA;3;5;6;2;2;NA;1;7;1;2;1;NA;1;5;1;3;NA
24;"RN";2407252;"240725";"Major Sales";"Não";"-";"Total";NA;NA;NA;NA;NA;1;1;NA;1;NA;1;NA;NA;2;NA;NA;3;NA;NA;NA;1;NA;NA;NA;NA
24;"RN";2407302;"240730";"Marcelino Vieira";"Não";"-";"Total";1;NA;NA;NA;NA;1;1;NA;NA;NA;NA;1;NA;NA;NA;NA;1;NA;1;NA;NA;1;1;1;NA
24;"RN";2407401;"240740";"Martins";"Não";"-";"Total";NA;NA;NA;1;NA;NA;NA;NA;2;1;NA;NA;1;NA;NA;1;2;NA;NA;NA;NA;3;1;NA;NA
24;"RN";2407500;"240750";"Maxaranguape";"Não";"Região Metropolitana de Natal";"Total";NA;NA;NA;2;1;NA;1;NA;1;NA;2;NA;NA;NA;NA;NA;1;2;2;NA;1;NA;NA;NA;NA
24;"RN";2407609;"240760";"Messias Targino";"Não";"-";"Total";NA;NA;1;1;1;NA;NA;NA;1;1;1;NA;NA;NA;1;NA;NA;NA;5;3;NA;1;NA;NA;NA
24;"RN";2407708;"240770";"Montanhas";"Não";"-";"Total";NA;1;NA;NA;NA;1;5;NA;NA;NA;NA;NA;1;2;1;1;NA;NA;NA;4;NA;1;NA;NA;NA
24;"RN";2407807;"240780";"Monte Alegre";"Não";"Região Metropolitana de Natal";"Total";1;NA;2;5;3;NA;4;4;1;NA;4;5;5;1;3;3;2;3;8;1;9;5;5;3;NA
24;"RN";2407906;"240790";"Monte das Gameleiras";"Não";"-";"Total";1;1;NA;NA;NA;NA;NA;NA;1;NA;NA;NA;NA;NA;NA;NA;1;NA;NA;NA;NA;1;NA;NA;NA
24;"RN";2408003;"240800";"Mossoró";"Não";"-";"Total";46;36;43;45;28;57;75;76;73;79;99;83;71;82;80;74;80;72;46;56;68;63;45;49;NA
24;"RN";2408102;"240810";"Natal";"Sim";"Região Metropolitana de Natal";"Total";98;97;84;75;67;69;52;62;75;75;111;84;84;95;114;103;87;122;127;95;81;92;98;96;NA
24;"RN";2408201;"240820";"Nísia Floresta";"Não";"Região Metropolitana de Natal";"Total";NA;NA;1;NA;NA;1;2;NA;3;4;NA;6;3;NA;2;2;1;3;5;3;3;NA;NA;NA;NA
24;"RN";2408300;"240830";"Nova Cruz";"Não";"-";"Total";NA;1;3;2;1;1;1;2;1;2;2;2;1;6;4;2;5;5;3;NA;2;NA;NA;1;NA
24;"RN";2408409;"240840";"Olho d'Água do Borges";"Não";"-";"Total";2;NA;2;NA;1;NA;1;2;2;NA;NA;3;NA;NA;NA;1;3;NA;NA;NA;NA;NA;NA;1;NA
24;"RN";2408508;"240850";"Ouro Branco";"Não";"-";"Total";NA;1;NA;NA;1;NA;NA;NA;NA;NA;NA;NA;1;1;1;NA;NA;NA;NA;NA;2;NA;1;NA;NA
24;"RN";2408607;"240860";"Paraná";"Não";"-";"Total";NA;1;NA;NA;NA;NA;NA;NA;NA;NA;NA;NA;NA;NA;1;NA;NA;2;NA;NA;NA;NA;NA;NA;NA
24;"RN";2408706;"240870";"Paraú";"Não";"-";"Total";2;2;1;1;NA;1;NA;1;NA;NA;1;NA;3;1;2;3;1;NA;2;NA;NA;NA;NA;NA;NA
24;"RN";2408805;"240880";"Parazinho";"Não";"-";"Total";NA;1;1;1;1;2;NA;2;NA;NA;NA;1;2;NA;3;1;NA;NA;NA;1;1;NA;1;NA;NA
24;"RN";2408904;"240890";"Parelhas";"Não";"-";"Total";NA;4;1;2;3;1;2;2;NA;NA;NA;1;NA;NA;NA;4;1;NA;2;NA;1;NA;1;1;NA
24;"RN";2408953;"240895";"Rio do Fogo";"Não";"-";"Total";NA;NA;NA;1;NA;4;NA;1;1;NA;NA;2;3;2;NA;1;1;1;NA;NA;1;5;1;2;NA
24;"RN";2409100;"240910";"Passa e Fica";"Não";"-";"Total";NA;1;3;NA;2;1;3;NA;NA;1;3;2;6;2;NA;1;NA;2;3;1;2;NA;NA;2;NA
24;"RN";2409209;"240920";"Passagem";"Não";"-";"Total";NA;NA;NA;1;NA;NA;NA;NA;NA;NA;NA;NA;1;NA;NA;NA;NA;NA;NA;3;NA;NA;NA;NA;NA
24;"RN";2409308;"240930";"Patu";"Não";"-";"Total";3;1;1;1;NA;3;NA;NA;1;2;1;4;4;2;NA;2;1;3;NA;2;2;NA;NA;1;NA
24;"RN";2409332;"240933";"Santa Maria";"Não";"-";"Total";NA;1;NA;2;1;1;NA;1;NA;NA;3;1;NA;NA;1;2;1;NA;NA;NA;NA;NA;2;1;NA
24;"RN";2409407;"240940";"Pau dos Ferros";"Não";"-";"Total";3;NA;5;2;3;3;2;9;NA;7;7;9;5;4;3;4;6;5;2;7;2;8;5;7;NA
24;"RN";2409506;"240950";"Pedra Grande";"Não";"-";"Total";1;1;NA;1;NA;1;NA;NA;NA;NA;1;NA;NA;2;NA;NA;1;NA;NA;1;NA;2;NA;1;NA
24;"RN";2409605;"240960";"Pedra Preta";"Não";"-";"Total";1;1;NA;NA;NA;NA;NA;NA;NA;NA;NA;NA;1;NA;NA;NA;NA;NA;NA;NA;NA;1;1;NA;NA
24;"RN";2409704;"240970";"Pedro Avelino";"Não";"-";"Total";1;NA;NA;NA;NA;1;NA;NA;NA;NA;NA;NA;NA;NA;NA;NA;NA;1;NA;NA;NA;NA;1;NA;NA
24;"RN";2409803;"240980";"Pedro Velho";"Não";"-";"Total";3;NA;NA;NA;1;NA;1;NA;NA;1;3;1;1;2;2;3;NA;1;6;NA;4;1;2;1;NA
24;"RN";2409902;"240990";"Pendências";"Não";"-";"Total";1;2;1;2;1;2;1;NA;2;NA;1;NA;3;3;1;1;1;1;NA;2;3;4;1;2;NA
24;"RN";2410009;"241000";"Pilões";"Não";"-";"Total";NA;NA;NA;NA;NA;NA;NA;NA;NA;NA;NA;NA;NA;NA;NA;NA;NA;NA;1;NA;NA;NA;NA;1;NA
24;"RN";2410108;"241010";"Poço Branco";"Não";"-";"Total";1;NA;2;2;3;1;NA;3;NA;2;3;2;1;1;2;1;2;NA;2;1;1;NA;2;NA;NA
24;"RN";2410207;"241020";"Portalegre";"Não";"-";"Total";NA;NA;NA;NA;NA;1;NA;NA;NA;NA;NA;NA;NA;NA;NA;1;1;NA;1;NA;NA;NA;NA;NA;NA
24;"RN";2410256;"241025";"Porto do Mangue";"Não";"-";"Total";NA;NA;NA;NA;NA;1;1;1;NA;NA;2;NA;6;1;3;2;1;2;NA;NA;NA;NA;1;NA;NA
24;"RN";2410306;"241030";"Serra Caiada";"Não";"-";"Total";1;1;2;NA;NA;NA;NA;1;1;1;NA;2;NA;2;2;3;NA;NA;NA;1;1;2;1;NA;NA
24;"RN";2410405;"241040";"Pureza";"Não";"-";"Total";NA;NA;1;NA;NA;NA;2;NA;NA;NA;NA;2;1;NA;NA;2;2;NA;1;3;NA;1;NA;NA;NA
24;"RN";2410504;"241050";"Rafael Fernandes";"Não";"-";"Total";NA;NA;NA;NA;NA;NA;1;1;NA;1;NA;1;1;NA;1;1;1;1;NA;1;1;NA;NA;1;NA
24;"RN";2410603;"241060";"Rafael Godeiro";"Não";"-";"Total";NA;NA;NA;NA;NA;NA;NA;NA;NA;1;1;NA;NA;NA;NA;NA;NA;NA;NA;NA;NA;1;NA;NA;NA
24;"RN";2410702;"241070";"Riacho da Cruz";"Não";"-";"Total";NA;NA;NA;NA;NA;NA;NA;NA;1;1;1;NA;NA;1;NA;NA;NA;NA;NA;NA;NA;NA;NA;NA;NA
24;"RN";2410801;"241080";"Riacho de Santana";"Não";"-";"Total";1;2;1;NA;NA;NA;NA;1;NA;NA;NA;NA;NA;NA;1;NA;NA;1;2;NA;NA;NA;NA;1;NA
24;"RN";2410900;"241090";"Riachuelo";"Não";"-";"Total";1;NA;3;3;NA;1;NA;NA;4;NA;3;NA;NA;3;6;1;1;3;1;1;1;2;1;1;NA
24;"RN";2411007;"241100";"Rodolfo Fernandes";"Não";"-";"Total";NA;NA;NA;NA;NA;NA;NA;NA;NA;NA;NA;NA;NA;NA;1;NA;1;1;NA;NA;1;NA;NA;NA;NA
24;"RN";2411056;"241105";"Tibau";"Não";"-";"Total";NA;5;2;NA;NA;1;1;2;NA;NA;1;NA;1;NA;1;1;1;NA;NA;1;3;NA;NA;NA;NA
24;"RN";2411106;"241110";"Ruy Barbosa";"Não";"-";"Total";NA;NA;NA;NA;NA;NA;NA;NA;NA;NA;NA;NA;NA;NA;NA;NA;NA;NA;NA;NA;NA;NA;NA;NA;NA
24;"RN";2411205;"241120";"Santa Cruz";"Não";"-";"Total";4;7;5;NA;2;1;3;3;4;2;10;10;7;4;7;3;9;6;7;8;3;3;2;3;NA
24;"RN";2411403;"241140";"Santana do Matos";"Não";"-";"Total";NA;NA;2;NA;NA;NA;2;1;NA;1;1;2;3;1;2;2;2;NA;2;1;2;NA;NA;NA;NA
24;"RN";2411429;"241142";"Santana do Seridó";"Não";"-";"Total";NA;NA;NA;NA;NA;NA;NA;NA;NA;NA;NA;NA;NA;NA;NA;NA;NA;NA;NA;NA;NA;NA;NA;NA;NA
24;"RN";2411502;"241150";"Santo Antônio";"Não";"-";"Total";NA;1;2;NA;3;2;2;4;1;2;4;NA;3;3;2;4;NA;1;1;5;NA;1;1;4;NA
24;"RN";2411601;"241160";"São Bento do Norte";"Não";"-";"Total";NA;1;NA;1;1;NA;NA;NA;NA;1;1;NA;NA;NA;NA;1;NA;NA;NA;NA;NA;NA;1;NA;NA
24;"RN";2411700;"241170";"São Bento do Trairí";"Não";"-";"Total";NA;NA;NA;1;NA;NA;NA;NA;NA;NA;NA;NA;2;NA;NA;NA;NA;NA;NA;NA;NA;NA;NA;NA;NA
24;"RN";2411809;"241180";"São Fernando";"Não";"-";"Total";NA;NA;NA;NA;NA;NA;1;NA;NA;NA;NA;1;NA;NA;NA;NA;NA;1;1;1;NA;NA;NA;NA;NA
24;"RN";2411908;"241190";"São Francisco do Oeste";"Não";"-";"Total";NA;NA;NA;NA;2;NA;NA;NA;2;NA;NA;1;NA;2;2;1;NA;NA;1;1;NA;1;3;NA;NA
24;"RN";2412005;"241200";"São Gonçalo do Amarante";"Não";"Região Metropolitana de Natal";"Total";4;2;1;NA;1;3;2;5;3;9;6;12;4;6;7;5;7;6;12;9;5;11;2;2;NA
24;"RN";2412104;"241210";"São João do Sabugi";"Não";"-";"Total";NA;NA;NA;NA;NA;NA;NA;NA;NA;NA;3;NA;NA;NA;NA;NA;1;NA;NA;1;NA;1;NA;NA;NA
24;"RN";2412203;"241220";"São José de Mipibu";"Não";"Região Metropolitana de Natal";"Total";10;7;4;8;6;9;3;6;5;4;9;6;7;12;4;9;11;4;2;5;6;8;7;6;NA
24;"RN";2412302;"241230";"São José do Campestre";"Não";"-";"Total";1;2;2;NA;NA;NA;NA;2;1;3;2;1;5;NA;1;NA;1;3;1;1;NA;5;4;NA;NA
24;"RN";2412401;"241240";"São José do Seridó";"Não";"-";"Total";NA;NA;NA;NA;NA;NA;NA;NA;NA;NA;NA;NA;1;NA;NA;1;NA;NA;NA;NA;NA;NA;3;2;NA
24;"RN";2412500;"241250";"São Miguel";"Não";"-";"Total";2;NA;NA;NA;NA;2;4;NA;1;NA;3;NA;1;1;2;3;4;3;5;1;1;3;6;4;NA
24;"RN";2412559;"241255";"São Miguel do Gostoso";"Não";"-";"Total";NA;NA;NA;NA;NA;NA;1;NA;NA;NA;NA;NA;NA;NA;NA;NA;1;NA;NA;NA;NA;1;2;NA;NA
24;"RN";2412609;"241260";"São Paulo do Potengi";"Não";"-";"Total";NA;4;4;1;1;1;NA;2;1;3;2;4;7;2;1;NA;5;1;2;4;2;1;1;2;NA
24;"RN";2412708;"241270";"São Pedro";"Não";"-";"Total";1;1;NA;1;NA;NA;1;NA;1;3;NA;NA;NA;NA;1;NA;1;2;1;NA;NA;1;NA;NA;NA
24;"RN";2412807;"241280";"São Rafael";"Não";"-";"Total";2;1;NA;NA;NA;1;NA;NA;1;NA;5;NA;NA;NA;NA;NA;NA;NA;NA;1;3;NA;NA;2;NA
24;"RN";2412906;"241290";"São Tomé";"Não";"-";"Total";1;NA;NA;NA;NA;NA;NA;NA;NA;NA;2;1;1;1;3;NA;NA;2;1;NA;4;NA;NA;NA;NA
24;"RN";2413003;"241300";"São Vicente";"Não";"-";"Total";NA;NA;1;NA;NA;NA;1;NA;1;NA;NA;1;1;NA;NA;1;1;NA;NA;NA;1;NA;2;NA;NA
24;"RN";2413102;"241310";"Senador Elói de Souza";"Não";"-";"Total";NA;NA;NA;NA;NA;1;NA;NA;NA;1;NA;4;NA;2;1;1;4;3;NA;NA;NA;3;4;1;NA
24;"RN";2413201;"241320";"Senador Georgino Avelino";"Não";"-";"Total";NA;NA;NA;2;NA;NA;NA;NA;NA;NA;NA;NA;NA;NA;1;1;1;NA;NA;NA;NA;NA;NA;NA;NA
24;"RN";2413300;"241330";"Serra de São Bento";"Não";"-";"Total";NA;NA;NA;NA;NA;NA;NA;NA;NA;2;NA;NA;1;2;NA;NA;NA;1;1;NA;NA;1;1;NA;NA
24;"RN";2413359;"241335";"Serra do Mel";"Não";"-";"Total";2;NA;NA;1;NA;3;NA;2;1;NA;1;NA;1;NA;1;1;1;3;1;2;5;NA;2;5;NA
24;"RN";2413409;"241340";"Serra Negra do Norte";"Não";"-";"Total";1;NA;NA;NA;2;NA;NA;NA;1;2;NA;NA;1;3;NA;1;NA;NA;NA;NA;2;1;1;1;NA
24;"RN";2413508;"241350";"Serrinha";"Não";"-";"Total";NA;NA;1;NA;1;NA;NA;NA;NA;NA;1;2;NA;NA;1;1;2;1;1;NA;1;1;NA;NA;NA
24;"RN";2413557;"241355";"Serrinha dos Pintos";"Não";"-";"Total";NA;NA;NA;NA;NA;NA;1;NA;NA;NA;1;NA;1;NA;1;NA;NA;NA;1;1;1;NA;NA;NA;NA
24;"RN";2413607;"241360";"Severiano Melo";"Não";"-";"Total";1;NA;NA;NA;NA;2;NA;NA;1;NA;2;NA;1;4;1;NA;1;NA;1;NA;NA;2;NA;2;NA
24;"RN";2413706;"241370";"Sítio Novo";"Não";"-";"Total";NA;NA;NA;NA;NA;NA;NA;NA;NA;1;1;NA;NA;1;NA;1;1;NA;NA;NA;NA;NA;NA;NA;NA
24;"RN";2413805;"241380";"Taboleiro Grande";"Não";"-";"Total";NA;NA;NA;1;NA;NA;NA;NA;NA;NA;NA;NA;NA;2;1;2;1;NA;NA;1;NA;NA;NA;NA;NA
24;"RN";2413904;"241390";"Taipu";"Não";"-";"Total";NA;1;NA;2;2;3;3;NA;2;1;2;1;NA;1;NA;NA;NA;3;1;1;2;2;2;2;NA
24;"RN";2414001;"241400";"Tangará";"Não";"-";"Total";4;2;5;NA;NA;NA;4;1;1;2;2;4;NA;4;1;8;1;5;3;2;5;4;2;3;NA
24;"RN";2414100;"241410";"Tenente Ananias";"Não";"-";"Total";NA;NA;NA;NA;NA;1;1;1;1;NA;3;2;2;3;1;1;1;1;NA;NA;NA;NA;NA;NA;NA
24;"RN";2414159;"241415";"Tenente Laurentino Cruz";"Não";"-";"Total";1;NA;1;NA;1;NA;1;NA;NA;NA;NA;NA;NA;NA;NA;1;NA;1;1;NA;NA;NA;NA;NA;NA
24;"RN";2414209;"241420";"Tibau do Sul";"Não";"-";"Total";NA;NA;NA;NA;2;1;NA;NA;NA;NA;1;NA;NA;2;NA;1;2;2;1;4;2;NA;NA;1;NA
24;"RN";2414308;"241430";"Timbaúba dos Batistas";"Não";"-";"Total";NA;1;NA;NA;1;NA;1;NA;NA;NA;NA;NA;NA;NA;1;NA;2;NA;NA;NA;NA;NA;NA;NA;NA
24;"RN";2414407;"241440";"Touros";"Não";"-";"Total";NA;1;1;NA;2;2;1;1;1;5;6;2;NA;NA;3;7;4;2;2;2;4;2;4;9;NA
24;"RN";2414456;"241445";"Triunfo Potiguar";"Não";"-";"Total";NA;NA;NA;NA;NA;NA;1;1;NA;1;2;NA;NA;NA;NA;NA;NA;NA;NA;NA;NA;2;1;NA;NA
24;"RN";2414506;"241450";"Umarizal";"Não";"-";"Total";3;1;NA;NA;1;1;NA;NA;2;4;1;2;NA;NA;2;NA;NA;1;1;NA;1;NA;NA;1;NA
24;"RN";2414605;"241460";"Upanema";"Não";"-";"Total";1;NA;1;NA;NA;NA;NA;1;NA;NA;NA;NA;2;NA;NA;1;3;NA;3;2;3;NA;2;2;NA
24;"RN";2414704;"241470";"Várzea";"Não";"-";"Total";NA;1;NA;NA;1;NA;NA;1;NA;NA;NA;NA;1;2;1;NA;NA;2;1;NA;NA;NA;NA;NA;NA
24;"RN";2414753;"241475";"Venha-Ver";"Não";"-";"Total";NA;NA;NA;NA;NA;NA;NA;NA;NA;NA;NA;NA;1;NA;NA;NA;NA;NA;NA;NA;NA;1;NA;NA;NA
24;"RN";2414803;"241480";"Vera Cruz";"Não";"Região Metropolitana de Natal";"Total";1;NA;1;NA;1;1;NA;NA;1;1;NA;2;1;1;NA;NA;3;3;1;NA;4;1;2;4;NA
24;"RN";2414902;"241490";"Viçosa";"Não";"-";"Total";NA;NA;NA;NA;NA;1;2;1;NA;1;NA;NA;NA;NA;NA;NA;1;1;1;NA;NA;NA;NA;NA;NA
24;"RN";2415008;"241500";"Vila Flor";"Não";"-";"Total";NA;NA;NA;NA;NA;NA;NA;1;NA;1;NA;NA;1;NA;NA;NA;1;NA;NA;NA;NA;NA;1;NA;NA
25;"PB";2500106;"250010";"Água Branca";"Não";"-";"Total";1;NA;NA;NA;1;NA;1;2;NA;NA;2;NA;1;NA;1;1;3;1;1;1;2;NA;NA;1;NA
25;"PB";2500205;"250020";"Aguiar";"Não";"Região Metropolitana do Vale do Piancó";"Total";NA;NA;NA;NA;NA;NA;NA;NA;1;NA;NA;NA;NA;3;NA;NA;NA;NA;NA;1;2;1;NA;2;NA
25;"PB";2500304;"250030";"Alagoa Grande";"Não";"-";"Total";NA;1;1;NA;3;3;3;1;4;1;NA;3;4;2;1;3;NA;2;2;3;4;2;1;2;NA
25;"PB";2500403;"250040";"Alagoa Nova";"Não";"Região Metropolitana de Esperança";"Total";NA;NA;3;1;NA;1;4;1;1;2;1;3;1;NA;6;4;2;2;1;6;3;2;2;5;NA
25;"PB";2500502;"250050";"Alagoinha";"Não";"Região Metropolitana de Guarabira";"Total";NA;NA;NA;1;NA;1;2;NA;NA;NA;NA;1;3;2;2;1;NA;1;1;1;4;NA;NA;1;NA
25;"PB";2500536;"250053";"Alcantil";"Não";"Região Metropolitana de Campina Grande";"Total";NA;NA;NA;NA;2;NA;2;2;1;NA;1;2;3;4;4;1;2;2;4;2;3;2;2;4;NA
25;"PB";2500577;"250057";"Algodão de Jandaíra";"Não";"Região Metropolitana de Esperança";"Total";NA;NA;NA;NA;NA;NA;NA;NA;NA;NA;NA;4;NA;2;NA;NA;NA;2;1;NA;NA;1;NA;NA;NA
25;"PB";2500601;"250060";"Alhandra";"Não";"Região Metropolitana de João Pessoa";"Total";NA;1;NA;1;2;5;7;8;5;4;7;3;3;7;7;1;5;6;1;2;5;8;6;6;NA
25;"PB";2500700;"250070";"São João do Rio do Peixe";"Não";"Região Metropolitana de Cajazeiras";"Total";NA;1;2;NA;1;1;NA;NA;NA;2;NA;NA;1;2;5;7;2;4;3;2;5;6;2;2;NA
25;"PB";2500734;"250073";"Amparo";"Não";"-";"Total";NA;NA;NA;NA;NA;NA;1;NA;NA;NA;1;NA;1;NA;NA;NA;1;NA;1;NA;NA;NA;NA;NA;NA
25;"PB";2500775;"250077";"Aparecida";"Não";"Região Metropolitana de Sousa";"Total";NA;NA;NA;NA;NA;NA;NA;NA;3;1;1;1;1;1;NA;1;4;2;NA;1;1;2;1;2;NA
25;"PB";2500809;"250080";"Araçagi";"Não";"Região Metropolitana de Guarabira";"Total";NA;NA;NA;NA;NA;2;2;3;1;NA;1;3;NA;1;2;NA;NA;NA;1;3;1;1;4;1;NA
25;"PB";2500908;"250090";"Arara";"Não";"Região Metropolitana de Guarabira";"Total";NA;NA;NA;NA;1;1;3;2;5;NA;1;1;3;1;NA;3;NA;NA;4;1;1;4;1;2;NA
25;"PB";2501005;"250100";"Araruna";"Não";"Região Metropolitana de Araruna";"Total";1;NA;NA;1;1;3;NA;2;2;NA;1;1;3;3;5;3;2;1;2;2;3;1;2;6;NA
25;"PB";2501104;"250110";"Areia";"Não";"Região Metropolitana de Esperança";"Total";NA;NA;NA;NA;3;NA;NA;NA;3;2;4;2;7;2;5;4;3;6;2;4;4;1;7;2;NA
25;"PB";2501153;"250115";"Areia de Baraúnas";"Não";"Região Metropolitana de Patos";"Total";NA;NA;NA;NA;NA;NA;NA;NA;NA;1;NA;NA;NA;1;1;1;1;NA;NA;NA;NA;NA;NA;1;NA
25;"PB";2501203;"250120";"Areial";"Não";"Região Metropolitana de Esperança";"Total";NA;NA;NA;NA;2;NA;NA;1;NA;NA;3;1;2;NA;1;NA;2;1;1;1;1;1;NA;1;NA
25;"PB";2501302;"250130";"Aroeiras";"Não";"Região Metropolitana de Campina Grande";"Total";NA;NA;NA;NA;1;NA;4;1;4;4;2;2;2;NA;4;2;2;3;3;2;1;NA;2;2;NA
25;"PB";2501351;"250135";"Assunção";"Não";"-";"Total";NA;NA;NA;NA;1;NA;NA;1;2;4;NA;2;NA;NA;2;1;1;2;NA;NA;1;2;1;2;NA
25;"PB";2501401;"250140";"Baía da Traição";"Não";"Região Metropolitana do Vale do Mamanguape";"Total";NA;NA;1;NA;3;NA;NA;NA;NA;2;NA;1;NA;1;NA;1;NA;1;1;NA;NA;1;NA;NA;NA
25;"PB";2501500;"250150";"Bananeiras";"Não";"Região Metropolitana de Guarabira";"Total";1;NA;NA;NA;3;1;1;7;3;NA;1;3;2;3;3;NA;5;1;1;6;1;7;7;3;NA
25;"PB";2501534;"250153";"Baraúna";"Não";"Região Metropolitana de Barra de Santa Rosa";"Total";NA;NA;NA;1;1;NA;NA;NA;NA;NA;NA;NA;NA;NA;1;1;1;1;1;1;NA;3;1;NA;NA
25;"PB";2501575;"250157";"Barra de Santana";"Não";"Região Metropolitana de Campina Grande";"Total";NA;1;NA;NA;NA;NA;2;5;4;1;2;1;2;3;1;2;1;NA;1;1;1;2;NA;NA;NA
25;"PB";2501609;"250160";"Barra de Santa Rosa";"Não";"Região Metropolitana de Barra de Santa Rosa";"Total";NA;NA;1;NA;1;1;4;2;1;1;2;1;3;NA;1;3;3;2;2;NA;2;5;4;NA;NA
25;"PB";2501708;"250170";"Barra de São Miguel";"Não";"-";"Total";NA;NA;NA;NA;NA;NA;NA;NA;NA;NA;NA;NA;NA;NA;NA;NA;NA;NA;1;NA;NA;1;NA;NA;NA
25;"PB";2501807;"250180";"Bayeux";"Não";"Região Metropolitana de João Pessoa";"Total";4;8;5;2;5;3;4;6;10;2;5;3;5;9;4;1;7;7;5;10;7;3;4;3;NA
25;"PB";2501906;"250190";"Belém";"Não";"Região Metropolitana de Guarabira";"Total";1;NA;1;NA;3;1;3;1;1;NA;2;5;2;4;1;1;3;6;1;4;5;4;NA;3;NA
25;"PB";2502003;"250200";"Belém do Brejo do Cruz";"Não";"-";"Total";NA;2;NA;NA;NA;3;1;NA;1;1;1;1;NA;NA;NA;2;1;2;2;NA;2;2;NA;1;NA
25;"PB";2502052;"250205";"Bernardino Batista";"Não";"Região Metropolitana de Cajazeiras";"Total";NA;NA;NA;NA;NA;NA;NA;NA;NA;NA;NA;NA;1;NA;1;2;NA;NA;NA;1;1;1;NA;NA;NA
25;"PB";2502102;"250210";"Boa Ventura";"Não";"Região Metropolitana do Vale do Piancó";"Total";NA;NA;NA;NA;NA;NA;NA;NA;NA;1;NA;NA;1;NA;NA;NA;NA;NA;NA;NA;NA;1;2;3;NA
25;"PB";2502151;"250215";"Boa Vista";"Não";"Região Metropolitana de Campina Grande";"Total";2;NA;1;NA;NA;2;NA;1;NA;2;3;2;1;2;1;1;3;3;2;3;1;2;2;1;NA
25;"PB";2502201;"250220";"Bom Jesus";"Não";"Região Metropolitana de Cajazeiras";"Total";NA;NA;NA;NA;1;NA;NA;NA;NA;NA;NA;1;NA;1;NA;NA;2;1;NA;NA;NA;NA;NA;NA;NA
25;"PB";2502300;"250230";"Bom Sucesso";"Não";"-";"Total";NA;NA;NA;NA;1;NA;NA;NA;1;NA;1;1;NA;NA;1;1;NA;2;1;NA;NA;1;NA;NA;NA
25;"PB";2502409;"250240";"Bonito de Santa Fé";"Não";"Região Metropolitana de Cajazeiras";"Total";NA;NA;1;NA;NA;NA;1;1;NA;NA;1;NA;NA;NA;NA;1;NA;NA;1;2;1;1;1;3;NA
25;"PB";2502508;"250250";"Boqueirão";"Não";"Região Metropolitana de Campina Grande";"Total";NA;NA;NA;NA;1;NA;1;4;2;1;NA;2;4;4;5;4;2;NA;2;2;3;4;NA;1;NA
25;"PB";2502607;"250260";"Igaracy";"Não";"Região Metropolitana do Vale do Piancó";"Total";NA;NA;1;NA;NA;NA;NA;NA;NA;NA;NA;NA;2;4;NA;2;NA;NA;NA;1;2;4;1;NA;NA
25;"PB";2502706;"250270";"Borborema";"Não";"Região Metropolitana de Guarabira";"Total";NA;1;1;NA;NA;NA;NA;NA;NA;NA;NA;2;NA;1;1;NA;2;NA;1;1;NA;NA;NA;2;NA
25;"PB";2502805;"250280";"Brejo do Cruz";"Não";"-";"Total";3;NA;1;NA;3;5;NA;4;5;4;NA;1;6;4;5;3;6;2;6;1;2;7;3;7;NA
25;"PB";2502904;"250290";"Brejo dos Santos";"Não";"-";"Total";NA;NA;NA;NA;1;1;1;NA;NA;NA;1;NA;1;NA;1;NA;NA;NA;NA;NA;NA;NA;NA;NA;NA
25;"PB";2503001;"250300";"Caaporã";"Não";"Região Metropolitana de João Pessoa";"Total";1;5;6;4;2;4;3;4;4;9;6;6;4;5;4;9;5;3;1;2;6;4;5;3;NA
25;"PB";2503100;"250310";"Cabaceiras";"Não";"-";"Total";NA;NA;NA;1;NA;NA;2;NA;NA;1;NA;NA;1;1;NA;NA;1;1;2;NA;NA;1;1;NA;NA
25;"PB";2503209;"250320";"Cabedelo";"Não";"Região Metropolitana de João Pessoa";"Total";5;6;3;3;4;6;3;5;1;6;8;3;7;7;4;5;3;7;2;3;1;5;6;3;NA
25;"PB";2503308;"250330";"Cachoeira dos Índios";"Não";"Região Metropolitana de Cajazeiras";"Total";NA;NA;1;NA;NA;NA;NA;NA;NA;3;1;2;2;2;3;1;1;2;NA;2;3;NA;2;3;NA
25;"PB";2503407;"250340";"Cacimba de Areia";"Não";"Região Metropolitana de Patos";"Total";NA;NA;NA;NA;NA;NA;NA;NA;NA;NA;NA;1;NA;NA;NA;2;NA;1;NA;NA;NA;1;1;NA;NA
25;"PB";2503506;"250350";"Cacimba de Dentro";"Não";"Região Metropolitana de Araruna";"Total";NA;NA;NA;NA;NA;2;NA;NA;1;NA;NA;7;1;2;3;1;1;1;NA;2;5;NA;4;2;NA
25;"PB";2503555;"250355";"Cacimbas";"Não";"Região Metropolitana de Patos";"Total";NA;NA;NA;NA;NA;NA;NA;NA;2;NA;NA;1;NA;NA;NA;NA;NA;NA;1;NA;NA;NA;NA;1;NA
25;"PB";2503605;"250360";"Caiçara";"Não";"Região Metropolitana de Guarabira";"Total";NA;NA;NA;NA;NA;NA;NA;NA;NA;1;NA;1;NA;1;1;NA;NA;2;NA;1;2;NA;NA;NA;NA
25;"PB";2503704;"250370";"Cajazeiras";"Não";"Região Metropolitana de Cajazeiras";"Total";1;4;3;4;3;5;2;4;3;14;5;9;14;7;16;14;15;14;14;11;9;19;15;16;NA
25;"PB";2503753;"250375";"Cajazeirinhas";"Não";"-";"Total";NA;1;NA;NA;NA;NA;NA;NA;NA;NA;2;1;1;NA;1;NA;NA;2;NA;NA;NA;1;2;NA;NA
25;"PB";2503803;"250380";"Caldas Brandão";"Não";"Região Metropolitana de Itabaiana";"Total";NA;NA;NA;NA;NA;1;NA;1;NA;NA;NA;NA;1;4;1;2;2;2;1;1;NA;1;NA;3;NA
25;"PB";2503902;"250390";"Camalaú";"Não";"-";"Total";NA;NA;NA;NA;NA;NA;1;NA;1;NA;1;NA;3;3;NA;3;NA;2;1;1;1;2;2;2;NA
25;"PB";2504009;"250400";"Campina Grande";"Não";"Região Metropolitana de Campina Grande";"Total";78;86;165;160;171;178;193;214;219;162;181;164;218;246;229;228;216;169;196;157;177;161;172;162;NA
25;"PB";2504033;"250403";"Capim";"Não";"-";"Total";NA;NA;NA;NA;NA;NA;NA;NA;1;1;2;NA;3;1;NA;4;NA;1;NA;2;NA;NA;2;1;NA
25;"PB";2504074;"250407";"Caraúbas";"Não";"-";"Total";NA;NA;NA;NA;1;NA;NA;NA;NA;1;NA;1;NA;NA;NA;NA;NA;1;1;1;1;NA;1;1;NA
25;"PB";2504108;"250410";"Carrapateira";"Não";"Região Metropolitana de Cajazeiras";"Total";NA;NA;NA;NA;NA;NA;NA;NA;NA;NA;NA;NA;NA;NA;NA;NA;1;NA;NA;NA;NA;1;NA;NA;NA
25;"PB";2504157;"250415";"Casserengue";"Não";"-";"Total";NA;NA;NA;NA;NA;NA;NA;NA;NA;NA;1;NA;NA;1;1;NA;2;2;1;NA;2;1;1;1;NA
25;"PB";2504207;"250420";"Catingueira";"Não";"Região Metropolitana do Vale do Piancó";"Total";NA;NA;1;NA;NA;NA;1;NA;NA;1;2;4;1;2;1;NA;NA;NA;8;1;NA;1;5;3;NA
25;"PB";2504306;"250430";"Catolé do Rocha";"Não";"-";"Total";3;NA;NA;3;1;1;4;2;2;4;4;6;1;2;8;10;5;6;5;4;4;3;3;4;NA
25;"PB";2504355;"250435";"Caturité";"Não";"Região Metropolitana de Campina Grande";"Total";NA;NA;NA;NA;NA;NA;NA;4;NA;NA;2;1;NA;1;NA;1;2;1;NA;NA;NA;2;NA;1;NA
25;"PB";2504405;"250440";"Conceição";"Não";"Região Metropolitana do Vale do Piancó";"Total";NA;NA;NA;NA;NA;2;3;1;5;2;1;4;4;1;2;5;4;3;6;1;NA;5;3;3;NA
25;"PB";2504504;"250450";"Condado";"Não";"Região Metropolitana de Patos";"Total";NA;NA;NA;NA;NA;NA;NA;NA;NA;2;NA;1;NA;1;4;NA;1;1;1;1;3;1;NA;NA;NA
25;"PB";2504603;"250460";"Conde";"Não";"Região Metropolitana de João Pessoa";"Total";2;2;3;NA;3;5;2;NA;5;7;6;4;10;7;NA;10;NA;9;4;5;1;5;2;8;NA
25;"PB";2504702;"250470";"Congo";"Não";"-";"Total";NA;NA;NA;NA;NA;NA;1;NA;1;1;NA;NA;2;2;6;2;3;1;1;3;5;1;2;2;NA
25;"PB";2504801;"250480";"Coremas";"Não";"Região Metropolitana do Vale do Piancó";"Total";NA;1;NA;NA;NA;NA;1;NA;NA;NA;NA;NA;NA;3;1;6;2;2;1;1;3;2;2;1;NA
25;"PB";2504850;"250485";"Coxixola";"Não";"-";"Total";NA;NA;NA;NA;NA;NA;NA;NA;NA;NA;NA;NA;NA;NA;NA;1;NA;NA;NA;NA;NA;NA;NA;NA;NA
25;"PB";2504900;"250490";"Cruz do Espírito Santo";"Não";"Região Metropolitana de João Pessoa";"Total";NA;NA;NA;1;NA;NA;1;1;2;11;8;3;6;2;1;4;3;3;1;2;4;2;4;6;NA
25;"PB";2505006;"250500";"Cubati";"Não";"-";"Total";NA;NA;NA;NA;1;1;NA;2;NA;2;NA;1;1;2;2;2;NA;2;3;NA;3;1;1;2;NA
25;"PB";2505105;"250510";"Cuité";"Não";"Região Metropolitana de Barra de Santa Rosa";"Total";NA;NA;2;NA;4;NA;1;1;4;2;4;3;5;4;NA;8;6;2;4;5;2;NA;1;2;NA
25;"PB";2505204;"250520";"Cuitegi";"Não";"Região Metropolitana de Guarabira";"Total";NA;5;NA;NA;NA;NA;NA;NA;NA;2;NA;NA;1;1;1;NA;2;3;NA;2;NA;1;2;2;NA
25;"PB";2505238;"250523";"Cuité de Mamanguape";"Não";"Região Metropolitana do Vale do Mamanguape";"Total";NA;NA;NA;NA;NA;NA;1;NA;NA;1;1;NA;NA;NA;1;NA;NA;NA;NA;NA;1;1;NA;NA;NA
25;"PB";2505279;"250527";"Curral de Cima";"Não";"Região Metropolitana do Vale do Mamanguape";"Total";NA;NA;NA;NA;NA;NA;NA;1;NA;1;NA;NA;NA;NA;2;1;NA;NA;NA;2;NA;3;NA;1;NA
25;"PB";2505303;"250530";"Curral Velho";"Não";"Região Metropolitana do Vale do Piancó";"Total";NA;NA;NA;NA;NA;NA;NA;NA;NA;NA;NA;NA;NA;NA;1;NA;NA;NA;NA;2;NA;NA;NA;NA;NA
25;"PB";2505352;"250535";"Damião";"Não";"Região Metropolitana de Araruna";"Total";NA;NA;NA;NA;1;NA;NA;1;1;NA;1;NA;6;1;NA;1;5;2;2;2;NA;3;1;NA;NA
25;"PB";2505402;"250540";"Desterro";"Não";"Região Metropolitana de Patos";"Total";NA;NA;1;NA;NA;NA;3;NA;1;1;1;2;3;1;4;NA;1;4;NA;2;1;1;4;1;NA
25;"PB";2505501;"250550";"Vista Serrana";"Não";"Região Metropolitana de Patos";"Total";NA;NA;NA;NA;NA;NA;NA;NA;NA;NA;NA;NA;NA;NA;NA;NA;1;NA;NA;1;NA;NA;1;NA;NA
25;"PB";2505600;"250560";"Diamante";"Não";"Região Metropolitana do Vale do Piancó";"Total";NA;NA;NA;NA;NA;NA;NA;NA;NA;NA;1;NA;2;NA;2;NA;1;NA;1;1;1;NA;NA;NA;NA
25;"PB";2505709;"250570";"Dona Inês";"Não";"Região Metropolitana de Araruna";"Total";NA;NA;NA;NA;1;1;1;NA;1;1;NA;NA;NA;3;1;1;1;1;NA;NA;2;4;1;1;NA
25;"PB";2505808;"250580";"Duas Estradas";"Não";"Região Metropolitana de Guarabira";"Total";NA;NA;NA;NA;NA;NA;NA;1;NA;NA;NA;NA;NA;2;1;1;NA;NA;1;NA;2;NA;NA;NA;NA
25;"PB";2505907;"250590";"Emas";"Não";"Região Metropolitana de Patos";"Total";NA;NA;NA;NA;NA;NA;NA;NA;NA;NA;NA;NA;NA;NA;NA;NA;NA;1;NA;1;NA;NA;NA;1;NA
25;"PB";2506004;"250600";"Esperança";"Não";"Região Metropolitana de Esperança";"Total";1;NA;1;2;4;3;3;1;4;6;5;2;3;2;2;4;5;4;3;1;6;5;2;2;NA
25;"PB";2506103;"250610";"Fagundes";"Não";"Região Metropolitana de Campina Grande";"Total";NA;NA;NA;1;1;NA;NA;NA;NA;1;NA;1;1;1;2;2;NA;3;NA;NA;1;NA;1;1;NA
25;"PB";2506202;"250620";"Frei Martinho";"Não";"Região Metropolitana de Barra de Santa Rosa";"Total";NA;NA;NA;NA;NA;NA;NA;1;NA;NA;NA;NA;1;1;NA;NA;NA;NA;1;NA;1;NA;NA;NA;NA
25;"PB";2506251;"250625";"Gado Bravo";"Não";"Região Metropolitana de Campina Grande";"Total";NA;NA;1;NA;NA;NA;1;NA;NA;NA;2;NA;NA;1;NA;1;NA;NA;NA;2;NA;2;2;NA;NA
25;"PB";2506301;"250630";"Guarabira";"Não";"Região Metropolitana de Guarabira";"Total";1;3;NA;2;4;8;1;5;4;4;3;1;2;6;5;7;13;9;15;5;9;9;10;8;NA
25;"PB";2506400;"250640";"Gurinhém";"Não";"Região Metropolitana de Itabaiana";"Total";NA;NA;NA;1;7;NA;3;4;4;3;1;1;NA;5;2;3;1;4;NA;1;1;2;NA;1;NA
25;"PB";2506509;"250650";"Gurjão";"Não";"-";"Total";NA;NA;NA;NA;1;NA;NA;NA;NA;1;NA;1;1;2;NA;NA;1;2;NA;1;NA;1;NA;NA;NA
25;"PB";2506608;"250660";"Ibiara";"Não";"Região Metropolitana do Vale do Piancó";"Total";NA;NA;NA;NA;NA;1;NA;NA;1;NA;NA;1;2;1;NA;1;NA;NA;NA;NA;1;3;NA;2;NA
25;"PB";2506707;"250670";"Imaculada";"Não";"-";"Total";NA;NA;NA;NA;1;NA;1;NA;NA;1;NA;NA;2;2;1;3;1;1;1;1;2;1;2;1;NA
25;"PB";2506806;"250680";"Ingá";"Não";"Região Metropolitana de Itabaiana";"Total";NA;NA;2;1;4;1;4;2;3;3;2;5;2;4;6;3;1;4;4;5;3;4;2;3;NA
25;"PB";2506905;"250690";"Itabaiana";"Não";"Região Metropolitana de Itabaiana";"Total";NA;NA;NA;NA;2;8;1;4;2;3;3;2;3;3;1;4;1;1;3;3;3;4;4;1;NA
25;"PB";2507002;"250700";"Itaporanga";"Não";"Região Metropolitana do Vale do Piancó";"Total";1;NA;3;1;2;1;2;NA;2;4;1;3;3;5;5;3;3;5;NA;4;2;4;9;4;NA
25;"PB";2507101;"250710";"Itapororoca";"Não";"Região Metropolitana do Vale do Mamanguape";"Total";NA;NA;NA;NA;NA;3;4;NA;NA;2;NA;1;2;2;1;2;2;6;2;2;5;4;2;1;NA
25;"PB";2507200;"250720";"Itatuba";"Não";"Região Metropolitana de Campina Grande";"Total";NA;NA;3;NA;NA;NA;NA;1;NA;NA;1;1;2;1;1;NA;NA;1;NA;NA;NA;1;NA;NA;NA
25;"PB";2507309;"250730";"Jacaraú";"Não";"Região Metropolitana do Vale do Mamanguape";"Total";NA;1;NA;NA;NA;1;1;2;1;NA;NA;NA;3;5;2;2;4;2;5;1;4;NA;1;5;NA
25;"PB";2507408;"250740";"Jericó";"Não";"-";"Total";1;NA;NA;NA;NA;NA;NA;NA;NA;1;1;NA;NA;1;NA;2;2;2;NA;2;2;NA;NA;NA;NA
25;"PB";2507507;"250750";"João Pessoa";"Sim";"Região Metropolitana de João Pessoa";"Total";116;134;150;141;134;159;140;150;181;181;190;161;179;165;160;163;195;182;163;163;149;155;143;133;NA
25;"PB";2507606;"250760";"Juarez Távora";"Não";"Região Metropolitana de Itabaiana";"Total";NA;NA;2;NA;1;NA;NA;NA;1;3;1;NA;2;1;NA;NA;NA;3;NA;1;2;2;NA;NA;NA
25;"PB";2507705;"250770";"Juazeirinho";"Não";"-";"Total";1;NA;NA;NA;4;2;1;3;7;7;3;NA;5;4;2;4;7;7;5;4;4;2;7;3;NA
25;"PB";2507804;"250780";"Junco do Seridó";"Não";"Região Metropolitana de Patos";"Total";NA;NA;NA;NA;NA;NA;NA;NA;2;2;1;2;NA;2;2;NA;4;NA;2;3;NA;1;3;NA;NA
25;"PB";2507903;"250790";"Juripiranga";"Não";"Região Metropolitana de Itabaiana";"Total";NA;NA;NA;1;NA;2;1;NA;2;NA;NA;1;1;NA;2;NA;NA;1;1;1;1;3;NA;1;NA
25;"PB";2508000;"250800";"Juru";"Não";"-";"Total";NA;NA;1;1;NA;NA;NA;NA;2;5;1;NA;5;3;3;NA;3;1;1;NA;2;3;NA;2;NA
25;"PB";2508109;"250810";"Lagoa";"Não";"-";"Total";NA;NA;NA;NA;NA;NA;NA;NA;NA;NA;NA;NA;NA;NA;1;1;NA;NA;NA;1;1;NA;NA;NA;NA
25;"PB";2508208;"250820";"Lagoa de Dentro";"Não";"Região Metropolitana de Guarabira";"Total";NA;NA;NA;NA;NA;NA;NA;1;2;NA;NA;NA;1;NA;NA;NA;3;3;NA;1;2;1;NA;NA;NA
25;"PB";2508307;"250830";"Lagoa Seca";"Não";"Região Metropolitana de Campina Grande";"Total";NA;NA;1;1;3;NA;3;7;3;5;3;5;5;7;2;3;NA;5;5;3;6;3;3;2;NA
25;"PB";2508406;"250840";"Lastro";"Não";"Região Metropolitana de Sousa";"Total";NA;NA;NA;NA;NA;NA;NA;NA;NA;1;NA;NA;NA;1;NA;NA;NA;NA;1;NA;NA;NA;2;NA;NA
25;"PB";2508505;"250850";"Livramento";"Não";"-";"Total";NA;NA;1;NA;NA;NA;NA;NA;NA;NA;NA;NA;NA;NA;1;2;NA;2;1;NA;NA;NA;2;NA;NA
25;"PB";2508554;"250855";"Logradouro";"Não";"Região Metropolitana de Guarabira";"Total";NA;NA;NA;NA;NA;NA;NA;NA;NA;NA;NA;NA;NA;2;1;1;NA;1;2;NA;NA;NA;NA;1;NA
25;"PB";2508604;"250860";"Lucena";"Não";"Região Metropolitana de João Pessoa";"Total";NA;NA;NA;2;NA;NA;5;1;3;3;3;1;3;4;NA;3;5;2;2;NA;2;NA;NA;1;NA
25;"PB";2508703;"250870";"Mãe d'Água";"Não";"Região Metropolitana de Patos";"Total";NA;NA;NA;NA;NA;NA;NA;NA;NA;NA;NA;NA;1;NA;1;1;NA;1;1;NA;1;NA;NA;1;NA
25;"PB";2508802;"250880";"Malta";"Não";"Região Metropolitana de Patos";"Total";NA;NA;1;NA;1;NA;3;1;1;1;3;NA;NA;3;1;2;5;NA;3;3;NA;2;1;NA;NA
25;"PB";2508901;"250890";"Mamanguape";"Não";"Região Metropolitana do Vale do Mamanguape";"Total";2;1;1;3;2;9;10;14;14;15;9;8;7;9;8;6;17;13;11;7;3;11;11;5;NA
25;"PB";2509008;"250900";"Manaíra";"Não";"-";"Total";NA;NA;NA;NA;NA;NA;NA;1;NA;1;NA;NA;NA;NA;NA;1;NA;2;NA;2;NA;5;2;NA;NA
25;"PB";2509057;"250905";"Marcação";"Não";"Região Metropolitana do Vale do Mamanguape";"Total";NA;NA;1;NA;NA;1;NA;NA;1;NA;2;2;1;5;NA;1;2;1;NA;NA;3;1;2;1;NA
25;"PB";2509107;"250910";"Mari";"Não";"-";"Total";NA;NA;NA;NA;NA;NA;NA;NA;1;NA;1;1;2;4;2;2;3;4;2;2;3;4;NA;4;NA
25;"PB";2509156;"250915";"Marizópolis";"Não";"Região Metropolitana de Sousa";"Total";NA;NA;NA;NA;3;NA;NA;1;NA;NA;NA;NA;1;2;1;1;NA;NA;3;2;NA;NA;NA;1;NA
25;"PB";2509206;"250920";"Massaranduba";"Não";"Região Metropolitana de Campina Grande";"Total";NA;NA;1;1;NA;2;2;NA;2;2;1;2;5;2;2;2;2;3;2;1;3;2;NA;NA;NA
25;"PB";2509305;"250930";"Mataraca";"Não";"Região Metropolitana do Vale do Mamanguape";"Total";NA;NA;NA;NA;3;NA;1;5;2;1;1;NA;NA;NA;1;5;NA;2;4;1;1;3;3;4;NA
25;"PB";2509339;"250933";"Matinhas";"Não";"Região Metropolitana de Campina Grande";"Total";NA;NA;NA;NA;1;NA;NA;NA;1;NA;NA;NA;2;1;4;NA;NA;1;2;3;1;1;NA;1;NA
25;"PB";2509370;"250937";"Mato Grosso";"Não";"-";"Total";NA;1;NA;NA;NA;NA;NA;NA;1;NA;NA;NA;NA;NA;NA;NA;NA;NA;NA;NA;NA;3;NA;NA;NA
25;"PB";2509396;"250939";"Maturéia";"Não";"Região Metropolitana de Patos";"Total";NA;NA;NA;1;NA;NA;1;1;NA;2;1;1;7;3;2;1;NA;1;2;NA;2;3;1;3;NA
25;"PB";2509404;"250940";"Mogeiro";"Não";"Região Metropolitana de Itabaiana";"Total";NA;NA;1;NA;NA;1;NA;3;NA;1;NA;5;1;2;1;1;NA;4;NA;NA;2;1;NA;NA;NA
25;"PB";2509503;"250950";"Montadas";"Não";"Região Metropolitana de Esperança";"Total";NA;NA;1;1;NA;NA;NA;NA;2;NA;2;NA;1;1;1;NA;1;2;1;1;NA;1;1;1;NA
25;"PB";2509602;"250960";"Monte Horebe";"Não";"Região Metropolitana de Cajazeiras";"Total";NA;NA;NA;NA;NA;NA;NA;NA;1;NA;NA;1;NA;3;3;NA;1;1;NA;1;1;2;1;NA;NA
25;"PB";2509701;"250970";"Monteiro";"Não";"-";"Total";NA;NA;1;NA;5;3;2;6;4;9;4;7;8;8;8;12;6;6;5;5;7;5;5;6;NA
25;"PB";2509800;"250980";"Mulungu";"Não";"Região Metropolitana de Guarabira";"Total";NA;NA;NA;NA;NA;NA;1;1;NA;1;NA;NA;2;1;2;NA;2;NA;2;3;NA;1;2;NA;NA
25;"PB";2509909;"250990";"Natuba";"Não";"Região Metropolitana de Campina Grande";"Total";NA;NA;NA;NA;NA;NA;1;NA;NA;NA;NA;NA;3;2;NA;1;1;NA;NA;NA;1;1;NA;4;NA
25;"PB";2510006;"251000";"Nazarezinho";"Não";"Região Metropolitana de Sousa";"Total";NA;NA;NA;NA;NA;NA;NA;NA;NA;NA;NA;1;1;NA;3;1;NA;NA;1;NA;1;NA;1;2;NA
25;"PB";2510105;"251010";"Nova Floresta";"Não";"Região Metropolitana de Barra de Santa Rosa";"Total";1;NA;NA;NA;1;NA;3;NA;1;1;1;2;1;3;1;1;4;3;1;4;2;1;NA;NA;NA
25;"PB";2510204;"251020";"Nova Olinda";"Não";"Região Metropolitana do Vale do Piancó";"Total";NA;NA;NA;NA;NA;NA;1;NA;1;NA;2;NA;NA;NA;1;NA;1;1;NA;1;2;NA;2;1;NA
25;"PB";2510303;"251030";"Nova Palmeira";"Não";"Região Metropolitana de Barra de Santa Rosa";"Total";NA;NA;NA;NA;NA;NA;2;3;1;NA;1;1;NA;2;1;1;NA;NA;1;NA;1;NA;1;NA;NA
25;"PB";2510402;"251040";"Olho d'Água";"Não";"-";"Total";NA;NA;NA;NA;NA;NA;NA;NA;NA;NA;NA;3;1;NA;1;1;NA;NA;2;2;4;NA;2;1;NA
25;"PB";2510501;"251050";"Olivedos";"Não";"-";"Total";NA;NA;NA;NA;NA;NA;1;NA;NA;NA;NA;NA;NA;NA;1;2;2;1;NA;3;NA;2;NA;2;NA
25;"PB";2510600;"251060";"Ouro Velho";"Não";"-";"Total";NA;NA;NA;NA;1;NA;1;1;1;1;NA;NA;2;1;NA;1;NA;1;NA;NA;NA;1;2;1;NA
25;"PB";2510659;"251065";"Parari";"Não";"-";"Total";NA;NA;NA;NA;NA;NA;NA;NA;NA;NA;NA;NA;NA;NA;NA;NA;NA;NA;NA;1;NA;NA;NA;NA;NA
25;"PB";2510709;"251070";"Passagem";"Não";"Região Metropolitana de Patos";"Total";NA;NA;NA;NA;NA;NA;NA;NA;NA;NA;1;NA;1;NA;1;1;1;NA;NA;NA;NA;1;NA;NA;NA
25;"PB";2510808;"251080";"Patos";"Não";"Região Metropolitana de Patos";"Total";1;NA;2;1;3;9;8;10;9;15;27;11;14;20;18;21;22;19;26;14;22;19;19;12;NA
25;"PB";2510907;"251090";"Paulista";"Não";"-";"Total";1;NA;2;NA;NA;1;NA;2;1;5;NA;3;2;4;2;1;5;5;1;1;1;1;2;2;NA
25;"PB";2511004;"251100";"Pedra Branca";"Não";"-";"Total";NA;NA;NA;NA;NA;NA;NA;NA;NA;NA;NA;NA;1;NA;1;NA;1;NA;NA;NA;NA;NA;NA;1;NA
25;"PB";2511103;"251110";"Pedra Lavrada";"Não";"-";"Total";NA;NA;NA;NA;2;NA;1;2;NA;2;NA;1;1;2;1;1;2;NA;1;1;1;1;2;NA;NA
25;"PB";2511202;"251120";"Pedras de Fogo";"Não";"Região Metropolitana de João Pessoa";"Total";2;NA;1;1;3;2;4;2;2;2;5;2;3;2;2;10;4;3;4;3;4;5;2;3;NA
25;"PB";2511301;"251130";"Piancó";"Não";"Região Metropolitana do Vale do Piancó";"Total";2;1;3;NA;NA;NA;NA;NA;1;2;4;1;1;2;2;2;5;3;1;1;5;4;2;2;NA
25;"PB";2511400;"251140";"Picuí";"Não";"Região Metropolitana de Barra de Santa Rosa";"Total";1;NA;1;1;2;NA;1;2;4;1;4;5;8;9;2;NA;4;3;2;6;2;2;7;8;NA
25;"PB";2511509;"251150";"Pilar";"Não";"Região Metropolitana de Itabaiana";"Total";1;2;2;NA;NA;10;1;1;2;NA;2;1;NA;NA;2;1;4;1;2;1;1;NA;3;1;NA
25;"PB";2511608;"251160";"Pilões";"Não";"Região Metropolitana de Guarabira";"Total";NA;1;NA;NA;NA;NA;NA;NA;NA;NA;NA;NA;1;3;NA;NA;NA;1;3;2;1;1;NA;2;NA
25;"PB";2511707;"251170";"Pilõezinhos";"Não";"Região Metropolitana de Guarabira";"Total";NA;NA;NA;NA;NA;NA;NA;NA;NA;NA;NA;NA;NA;NA;NA;NA;NA;NA;NA;NA;NA;NA;NA;NA;NA
25;"PB";2511806;"251180";"Pirpirituba";"Não";"Região Metropolitana de Guarabira";"Total";NA;1;1;NA;1;1;NA;NA;1;3;1;2;NA;1;1;1;2;2;1;1;1;1;2;3;NA
25;"PB";2511905;"251190";"Pitimbu";"Não";"Região Metropolitana de João Pessoa";"Total";NA;1;NA;NA;NA;NA;NA;1;1;NA;2;2;4;1;1;4;2;2;6;NA;1;NA;NA;2;NA
25;"PB";2512002;"251200";"Pocinhos";"Não";"Região Metropolitana de Esperança";"Total";NA;NA;NA;1;1;NA;2;3;2;2;2;5;4;1;5;8;4;5;1;1;4;3;1;8;NA
25;"PB";2512036;"251203";"Poço Dantas";"Não";"Região Metropolitana de Cajazeiras";"Total";NA;NA;NA;NA;NA;NA;NA;1;NA;NA;NA;NA;1;NA;NA;NA;NA;NA;1;NA;NA;NA;1;NA;NA
25;"PB";2512077;"251207";"Poço de José de Moura";"Não";"Região Metropolitana de Cajazeiras";"Total";NA;NA;NA;NA;NA;NA;NA;NA;NA;NA;NA;1;NA;NA;NA;NA;NA;3;2;NA;NA;NA;1;1;NA
25;"PB";2512101;"251210";"Pombal";"Não";"-";"Total";NA;NA;NA;NA;1;NA;1;NA;3;3;3;5;4;3;6;3;6;6;4;5;1;6;2;2;NA
25;"PB";2512200;"251220";"Prata";"Não";"-";"Total";NA;NA;NA;NA;2;NA;NA;NA;NA;NA;NA;1;1;NA;NA;NA;NA;NA;1;1;1;NA;2;NA;NA
25;"PB";2512309;"251230";"Princesa Isabel";"Não";"-";"Total";NA;NA;NA;2;3;NA;NA;NA;NA;4;8;7;2;1;4;NA;2;2;8;1;5;3;4;3;NA
25;"PB";2512408;"251240";"Puxinanã";"Não";"Região Metropolitana de Campina Grande";"Total";NA;NA;NA;NA;2;1;3;3;5;1;2;1;3;5;1;3;2;2;NA;1;1;NA;1;1;NA
25;"PB";2512507;"251250";"Queimadas";"Não";"Região Metropolitana de Campina Grande";"Total";1;NA;3;2;4;3;12;8;8;11;4;8;10;6;12;12;9;4;6;4;4;6;5;5;NA
25;"PB";2512606;"251260";"Quixaba";"Não";"Região Metropolitana de Patos";"Total";NA;NA;NA;NA;NA;NA;NA;NA;NA;9;NA;NA;NA;NA;1;1;1;1;2;NA;1;NA;NA;NA;NA
25;"PB";2512705;"251270";"Remígio";"Não";"Região Metropolitana de Esperança";"Total";2;NA;1;NA;5;4;5;8;4;4;5;5;2;4;NA;1;NA;7;1;1;NA;3;3;3;NA
25;"PB";2512721;"251272";"Pedro Régis";"Não";"Região Metropolitana do Vale do Mamanguape";"Total";NA;NA;NA;NA;NA;NA;NA;NA;NA;NA;NA;NA;4;1;NA;1;2;NA;1;2;1;NA;1;NA;NA
25;"PB";2512747;"251274";"Riachão";"Não";"Região Metropolitana de Araruna";"Total";NA;NA;NA;NA;NA;NA;1;1;NA;NA;1;NA;1;NA;NA;NA;NA;NA;NA;NA;NA;NA;1;1;NA
25;"PB";2512754;"251275";"Riachão do Bacamarte";"Não";"Região Metropolitana de Itabaiana";"Total";NA;NA;2;1;3;NA;NA;1;1;2;3;NA;1;3;1;NA;4;2;1;NA;1;NA;4;1;NA
25;"PB";2512762;"251276";"Riachão do Poço";"Não";"-";"Total";NA;NA;NA;NA;NA;NA;NA;NA;1;1;NA;1;1;1;1;NA;2;1;1;2;2;NA;NA;1;NA
25;"PB";2512788;"251278";"Riacho de Santo Antônio";"Não";"-";"Total";NA;NA;NA;NA;NA;NA;NA;NA;NA;NA;1;1;1;1;NA;NA;NA;1;1;1;NA;NA;NA;1;NA
25;"PB";2512804;"251280";"Riacho dos Cavalos";"Não";"-";"Total";NA;NA;NA;NA;NA;NA;NA;NA;NA;NA;NA;NA;NA;NA;NA;1;NA;2;NA;NA;NA;1;1;1;NA
25;"PB";2512903;"251290";"Rio Tinto";"Não";"Região Metropolitana de João Pessoa";"Total";NA;NA;NA;NA;NA;1;NA;1;5;1;4;NA;1;NA;3;2;5;1;2;5;NA;NA;NA;3;NA
25;"PB";2513000;"251300";"Salgadinho";"Não";"Região Metropolitana de Patos";"Total";NA;NA;NA;NA;NA;NA;NA;NA;NA;NA;NA;NA;NA;NA;NA;NA;NA;2;1;NA;1;1;1;NA;NA
25;"PB";2513109;"251310";"Salgado de São Félix";"Não";"Região Metropolitana de Itabaiana";"Total";NA;NA;NA;NA;1;1;NA;NA;NA;NA;NA;NA;NA;NA;1;2;1;NA;NA;NA;2;NA;1;1;NA
25;"PB";2513158;"251315";"Santa Cecília";"Não";"Região Metropolitana de Campina Grande";"Total";NA;NA;NA;NA;NA;NA;NA;1;NA;NA;NA;NA;1;NA;NA;NA;1;NA;NA;NA;NA;1;NA;NA;NA
25;"PB";2513208;"251320";"Santa Cruz";"Não";"Região Metropolitana de Sousa";"Total";NA;NA;NA;NA;NA;1;NA;NA;NA;NA;NA;1;NA;3;NA;NA;2;NA;NA;1;NA;2;NA;NA;NA
25;"PB";2513307;"251330";"Santa Helena";"Não";"Região Metropolitana de Cajazeiras";"Total";NA;NA;NA;1;1;NA;NA;NA;NA;NA;NA;NA;1;NA;NA;2;1;NA;3;2;NA;1;1;2;NA
25;"PB";2513356;"251335";"Santa Inês";"Não";"Região Metropolitana do Vale do Piancó";"Total";NA;NA;NA;NA;NA;NA;NA;NA;NA;NA;NA;NA;NA;NA;NA;1;1;NA;NA;NA;NA;NA;NA;NA;NA
25;"PB";2513406;"251340";"Santa Luzia";"Não";"Região Metropolitana de Patos";"Total";NA;1;NA;NA;6;NA;1;NA;NA;7;9;9;3;2;4;NA;8;1;1;4;1;4;2;2;NA
25;"PB";2513505;"251350";"Santana de Mangueira";"Não";"Região Metropolitana do Vale do Piancó";"Total";NA;NA;NA;NA;NA;NA;NA;NA;NA;NA;1;NA;2;NA;2;2;1;1;1;NA;NA;NA;1;1;NA
25;"PB";2513604;"251360";"Santana dos Garrotes";"Não";"Região Metropolitana do Vale do Piancó";"Total";NA;NA;NA;NA;NA;NA;NA;NA;NA;1;NA;NA;NA;NA;NA;NA;NA;NA;1;NA;1;NA;NA;NA;NA
25;"PB";2513653;"251365";"Joca Claudino";"Não";"Região Metropolitana de Cajazeiras";"Total";NA;NA;NA;NA;NA;NA;NA;NA;1;NA;NA;NA;NA;NA;2;NA;NA;1;NA;NA;1;2;NA;NA;NA
25;"PB";2513703;"251370";"Santa Rita";"Não";"Região Metropolitana de João Pessoa";"Total";17;12;16;18;3;11;11;12;17;18;20;18;14;21;15;22;13;12;13;19;16;11;6;14;NA
25;"PB";2513802;"251380";"Santa Teresinha";"Não";"Região Metropolitana de Patos";"Total";NA;NA;1;NA;1;NA;NA;2;1;3;NA;1;2;1;1;2;2;1;2;1;1;NA;4;1;NA
25;"PB";2513851;"251385";"Santo André";"Não";"-";"Total";NA;NA;NA;NA;1;NA;NA;NA;NA;NA;NA;NA;NA;NA;NA;NA;NA;NA;NA;2;3;1;2;NA;NA
25;"PB";2513901;"251390";"São Bento";"Não";"-";"Total";NA;NA;1;NA;NA;2;8;4;1;4;2;2;1;8;2;7;1;2;6;2;2;3;3;3;NA
25;"PB";2513927;"251392";"São Bentinho";"Não";"-";"Total";NA;NA;NA;NA;1;NA;NA;1;NA;1;NA;1;2;2;NA;2;1;2;1;NA;NA;NA;NA;NA;NA
25;"PB";2513943;"251394";"São Domingos do Cariri";"Não";"-";"Total";NA;NA;NA;NA;NA;NA;NA;NA;NA;NA;NA;NA;NA;NA;NA;NA;1;NA;1;NA;NA;NA;1;NA;NA
25;"PB";2513968;"251396";"São Domingos";"Não";"-";"Total";NA;NA;NA;NA;1;NA;NA;NA;NA;NA;NA;NA;2;1;1;2;NA;NA;NA;NA;1;2;1;NA;NA
25;"PB";2513984;"251398";"São Francisco";"Não";"Região Metropolitana de Sousa";"Total";NA;NA;NA;NA;NA;1;NA;NA;NA;NA;NA;NA;3;1;NA;NA;NA;NA;3;3;1;NA;1;NA;NA
25;"PB";2514008;"251400";"São João do Cariri";"Não";"-";"Total";NA;NA;3;NA;3;1;4;NA;3;1;NA;1;3;1;NA;1;1;2;3;2;3;NA;1;NA;NA
25;"PB";2514107;"251410";"São João do Tigre";"Não";"-";"Total";NA;NA;NA;NA;NA;NA;NA;1;NA;NA;NA;NA;NA;NA;NA;1;2;NA;2;NA;3;NA;NA;1;NA
25;"PB";2514206;"251420";"São José da Lagoa Tapada";"Não";"Região Metropolitana de Sousa";"Total";NA;NA;NA;NA;NA;1;NA;NA;1;2;NA;NA;1;3;1;1;2;NA;4;NA;NA;1;2;1;NA
25;"PB";2514305;"251430";"São José de Caiana";"Não";"Região Metropolitana do Vale do Piancó";"Total";NA;NA;NA;NA;NA;NA;NA;NA;NA;1;NA;NA;NA;NA;NA;4;1;NA;NA;NA;1;1;NA;NA;NA
25;"PB";2514404;"251440";"São José de Espinharas";"Não";"Região Metropolitana de Patos";"Total";NA;NA;NA;NA;NA;NA;NA;1;1;NA;NA;NA;NA;NA;NA;1;NA;2;NA;NA;NA;NA;NA;NA;NA
25;"PB";2514453;"251445";"São José dos Ramos";"Não";"Região Metropolitana de Itabaiana";"Total";NA;NA;NA;NA;1;1;NA;1;1;2;1;NA;NA;1;NA;1;NA;NA;NA;1;1;3;NA;1;NA
25;"PB";2514503;"251450";"São José de Piranhas";"Não";"Região Metropolitana de Cajazeiras";"Total";NA;NA;NA;NA;NA;NA;1;NA;NA;NA;2;6;6;4;2;3;3;1;4;1;1;1;5;3;NA
25;"PB";2514552;"251455";"São José de Princesa";"Não";"-";"Total";NA;NA;NA;NA;NA;NA;NA;NA;NA;NA;1;NA;NA;NA;NA;NA;NA;NA;NA;NA;1;NA;NA;NA;NA
25;"PB";2514602;"251460";"São José do Bonfim";"Não";"Região Metropolitana de Patos";"Total";NA;NA;NA;1;NA;NA;NA;NA;NA;2;5;4;3;NA;5;3;1;2;4;NA;NA;NA;1;4;NA
25;"PB";2514651;"251465";"São José do Brejo do Cruz";"Não";"-";"Total";NA;NA;NA;NA;NA;NA;NA;NA;NA;NA;NA;NA;NA;NA;NA;NA;NA;NA;NA;NA;NA;NA;NA;NA;NA
25;"PB";2514701;"251470";"São José do Sabugi";"Não";"Região Metropolitana de Patos";"Total";NA;NA;NA;NA;NA;NA;NA;NA;NA;NA;2;NA;NA;NA;NA;NA;NA;NA;NA;1;1;NA;1;1;NA
25;"PB";2514800;"251480";"São José dos Cordeiros";"Não";"-";"Total";NA;NA;1;NA;NA;NA;NA;NA;NA;NA;NA;2;1;NA;NA;1;2;NA;NA;NA;1;3;NA;1;NA
25;"PB";2514909;"251490";"São Mamede";"Não";"Região Metropolitana de Patos";"Total";NA;1;NA;2;1;NA;4;NA;1;2;1;5;2;1;2;1;1;1;NA;1;NA;NA;2;1;NA
25;"PB";2515005;"251500";"São Miguel de Taipu";"Não";"Região Metropolitana de Itabaiana";"Total";NA;NA;NA;NA;NA;NA;NA;NA;NA;NA;NA;NA;3;NA;NA;NA;1;1;NA;NA;NA;1;5;2;NA
25;"PB";2515104;"251510";"São Sebastião de Lagoa de Roça";"Não";"Região Metropolitana de Esperança";"Total";NA;NA;1;NA;2;NA;2;NA;NA;2;1;4;NA;2;NA;2;NA;1;1;1;1;1;1;3;NA
25;"PB";2515203;"251520";"São Sebastião do Umbuzeiro";"Não";"-";"Total";NA;NA;NA;2;NA;NA;NA;NA;1;NA;NA;NA;NA;2;NA;NA;NA;1;NA;1;3;1;1;1;NA
25;"PB";2515302;"251530";"Sapé";"Não";"-";"Total";3;1;3;3;2;6;NA;NA;6;1;1;6;6;12;5;4;11;11;10;4;3;11;3;8;NA
25;"PB";2515401;"251540";"São Vicente do Seridó";"Não";"-";"Total";1;NA;NA;1;4;NA;NA;2;4;1;4;2;5;2;NA;1;4;NA;1;2;2;1;1;2;NA
25;"PB";2515500;"251550";"Serra Branca";"Não";"-";"Total";NA;NA;NA;1;1;1;3;1;3;3;3;4;NA;2;4;4;1;4;2;3;1;2;6;4;NA
25;"PB";2515609;"251560";"Serra da Raiz";"Não";"Região Metropolitana de Guarabira";"Total";NA;NA;NA;NA;NA;NA;NA;NA;NA;NA;NA;NA;NA;NA;NA;NA;NA;NA;1;NA;NA;NA;1;NA;NA
25;"PB";2515708;"251570";"Serra Grande";"Não";"Região Metropolitana do Vale do Piancó";"Total";NA;NA;NA;1;NA;NA;NA;NA;NA;NA;NA;NA;NA;NA;1;NA;NA;1;NA;NA;1;1;1;NA;NA
25;"PB";2515807;"251580";"Serra Redonda";"Não";"Região Metropolitana de Campina Grande";"Total";NA;NA;NA;NA;1;NA;NA;1;NA;NA;NA;NA;NA;3;1;NA;NA;NA;NA;1;NA;NA;2;NA;NA
25;"PB";2515906;"251590";"Serraria";"Não";"Região Metropolitana de Guarabira";"Total";NA;NA;NA;NA;NA;NA;NA;NA;NA;NA;1;NA;NA;NA;NA;NA;NA;NA;NA;1;1;NA;2;1;NA
25;"PB";2515930;"251593";"Sertãozinho";"Não";"Região Metropolitana de Guarabira";"Total";NA;NA;NA;NA;NA;NA;NA;NA;NA;NA;NA;NA;NA;NA;NA;NA;1;1;2;1;NA;NA;NA;NA;NA
25;"PB";2515971;"251597";"Sobrado";"Não";"-";"Total";NA;NA;NA;3;4;3;NA;NA;10;3;1;2;2;5;5;1;3;3;8;3;1;2;5;1;NA
25;"PB";2516003;"251600";"Solânea";"Não";"Região Metropolitana de Guarabira";"Total";1;NA;NA;1;3;1;3;1;1;4;1;3;4;4;6;4;3;5;3;3;4;1;NA;4;NA
25;"PB";2516102;"251610";"Soledade";"Não";"-";"Total";NA;NA;NA;2;1;4;3;4;2;1;3;6;8;6;8;6;2;4;3;4;2;2;3;2;NA
25;"PB";2516151;"251615";"Sossêgo";"Não";"Região Metropolitana de Barra de Santa Rosa";"Total";NA;NA;NA;NA;1;NA;NA;NA;NA;NA;1;NA;NA;1;1;1;NA;NA;2;2;2;1;NA;NA;NA
25;"PB";2516201;"251620";"Sousa";"Não";"Região Metropolitana de Sousa";"Total";2;NA;2;8;2;NA;14;10;11;10;17;13;17;10;18;29;16;12;13;17;17;10;18;13;NA
25;"PB";2516300;"251630";"Sumé";"Não";"-";"Total";1;NA;2;NA;1;NA;1;2;1;1;1;3;1;3;3;2;5;9;4;5;NA;2;9;5;NA
25;"PB";2516409;"251640";"Tacima";"Não";"Região Metropolitana de Araruna";"Total";1;NA;NA;NA;NA;1;2;NA;1;1;NA;1;3;NA;1;1;2;1;1;1;1;NA;1;1;NA
25;"PB";2516508;"251650";"Taperoá";"Não";"-";"Total";NA;NA;NA;NA;NA;NA;3;2;5;1;3;2;2;1;1;4;3;2;2;NA;NA;NA;4;1;NA
25;"PB";2516607;"251660";"Tavares";"Não";"-";"Total";NA;NA;NA;2;1;NA;3;NA;NA;1;NA;1;2;NA;1;6;3;7;3;NA;2;NA;3;3;NA
25;"PB";2516706;"251670";"Teixeira";"Não";"Região Metropolitana de Patos";"Total";1;NA;2;1;9;4;2;2;3;5;1;3;2;4;3;3;1;5;4;3;5;2;3;4;NA
25;"PB";2516755;"251675";"Tenório";"Não";"-";"Total";NA;NA;NA;NA;NA;NA;1;NA;NA;1;NA;NA;1;NA;NA;NA;NA;NA;NA;2;1;1;1;3;NA
25;"PB";2516805;"251680";"Triunfo";"Não";"Região Metropolitana de Cajazeiras";"Total";NA;NA;NA;NA;NA;NA;NA;NA;NA;NA;1;NA;NA;NA;NA;1;4;NA;NA;1;2;1;1;NA;NA
25;"PB";2516904;"251690";"Uiraúna";"Não";"Região Metropolitana de Cajazeiras";"Total";NA;NA;NA;NA;NA;1;5;NA;1;2;4;2;2;NA;5;4;2;NA;1;1;4;2;3;5;NA
25;"PB";2517001;"251700";"Umbuzeiro";"Não";"Região Metropolitana de Campina Grande";"Total";NA;1;NA;NA;NA;NA;NA;NA;3;NA;2;1;1;1;7;NA;1;1;NA;2;NA;NA;5;NA;NA
25;"PB";2517100;"251710";"Várzea";"Não";"Região Metropolitana de Patos";"Total";1;NA;NA;NA;NA;NA;NA;NA;1;NA;1;1;NA;NA;1;NA;NA;NA;1;NA;1;NA;1;NA;NA
25;"PB";2517209;"251720";"Vieirópolis";"Não";"Região Metropolitana de Sousa";"Total";NA;NA;NA;NA;NA;NA;NA;NA;NA;NA;NA;NA;NA;1;NA;NA;2;NA;NA;1;2;NA;NA;1;NA
25;"PB";2517407;"251740";"Zabelê";"Não";"-";"Total";NA;NA;NA;NA;NA;2;NA;2;1;NA;1;NA;NA;2;NA;NA;3;1;NA;NA;NA;1;1;NA;NA
26;"PE";2600054;"260005";"Abreu e Lima";"Não";"Região Metropolitana de Recife";"Total";3;4;8;3;4;1;5;2;NA;2;3;3;5;3;1;NA;5;9;4;1;4;3;1;3;NA
26;"PE";2600104;"260010";"Afogados da Ingazeira";"Não";"-";"Total";2;2;2;2;1;2;4;4;5;6;1;6;7;9;6;4;9;4;3;4;8;6;12;3;NA
26;"PE";2600203;"260020";"Afrânio";"Não";"-";"Total";1;1;1;1;NA;2;1;1;NA;NA;3;1;3;2;4;4;5;3;4;5;1;2;5;4;NA
26;"PE";2600302;"260030";"Agrestina";"Não";"-";"Total";4;6;2;4;4;4;6;2;7;NA;8;8;6;4;10;10;7;7;5;5;4;10;6;8;NA
26;"PE";2600401;"260040";"Água Preta";"Não";"-";"Total";1;2;4;12;1;5;5;5;7;1;6;4;4;4;3;4;2;2;NA;2;1;2;NA;1;NA
26;"PE";2600500;"260050";"Águas Belas";"Não";"-";"Total";NA;NA;1;NA;NA;1;7;1;4;4;5;10;9;8;7;5;4;9;6;4;13;3;2;2;NA
26;"PE";2600609;"260060";"Alagoinha";"Não";"-";"Total";NA;1;1;NA;4;2;NA;1;1;1;2;2;NA;1;1;NA;3;NA;2;3;2;3;2;NA;NA
26;"PE";2600708;"260070";"Aliança";"Não";"-";"Total";2;3;1;3;5;NA;3;6;6;6;4;7;16;7;5;4;11;6;6;7;5;6;8;2;NA
26;"PE";2600807;"260080";"Altinho";"Não";"-";"Total";NA;2;NA;2;2;NA;1;NA;NA;2;1;2;5;4;2;NA;5;1;1;2;2;NA;2;1;NA
26;"PE";2600906;"260090";"Amaraji";"Não";"-";"Total";4;1;3;3;2;7;NA;4;3;2;4;2;NA;11;5;5;2;5;2;NA;3;2;2;2;NA
26;"PE";2601003;"260100";"Angelim";"Não";"-";"Total";1;1;1;2;2;1;1;1;4;2;2;NA;5;4;NA;1;2;1;2;NA;2;1;2;NA;NA
26;"PE";2601052;"260105";"Araçoiaba";"Não";"Região Metropolitana de Recife";"Total";1;NA;1;NA;1;3;1;1;NA;1;1;NA;1;4;NA;2;1;2;NA;NA;2;NA;1;NA;NA
26;"PE";2601102;"260110";"Araripina";"Não";"-";"Total";8;10;9;19;22;13;17;17;24;19;24;20;32;27;27;42;25;13;22;10;27;25;20;21;NA
26;"PE";2601201;"260120";"Arcoverde";"Não";"-";"Total";14;5;7;15;10;17;13;19;14;11;21;20;28;11;12;11;9;16;10;17;8;15;21;18;NA
26;"PE";2601300;"260130";"Barra de Guabiraba";"Não";"-";"Total";NA;2;NA;1;NA;NA;NA;NA;NA;1;NA;NA;NA;1;NA;2;NA;NA;NA;3;1;NA;1;2;NA
26;"PE";2601409;"260140";"Barreiros";"Não";"-";"Total";2;2;2;2;1;3;3;NA;8;3;3;1;NA;3;3;2;2;5;NA;1;2;4;3;4;NA
26;"PE";2601508;"260150";"Belém de Maria";"Não";"-";"Total";1;1;NA;NA;NA;1;6;1;1;1;1;NA;NA;2;NA;1;5;NA;NA;NA;1;NA;1;NA;NA
26;"PE";2601607;"260160";"Belém do São Francisco";"Não";"-";"Total";1;1;1;3;NA;NA;1;NA;3;4;3;3;3;7;8;2;2;6;5;1;10;4;NA;3;NA
26;"PE";2601706;"260170";"Belo Jardim";"Não";"-";"Total";3;5;3;5;3;8;10;13;6;12;15;13;17;16;12;13;8;10;5;8;14;13;13;15;NA
26;"PE";2601805;"260180";"Betânia";"Não";"-";"Total";1;NA;NA;NA;2;NA;1;2;4;1;2;NA;NA;2;NA;NA;1;3;1;3;1;NA;2;1;NA
26;"PE";2601904;"260190";"Bezerros";"Não";"-";"Total";5;5;3;5;1;6;5;6;1;3;9;15;13;12;6;11;6;5;11;6;12;5;12;5;NA
26;"PE";2602001;"260200";"Bodocó";"Não";"-";"Total";4;NA;1;2;1;NA;3;1;3;2;9;6;7;3;5;3;2;3;3;5;5;7;1;5;NA
26;"PE";2602100;"260210";"Bom Conselho";"Não";"-";"Total";2;2;NA;3;2;NA;1;5;2;2;2;1;3;6;5;3;9;3;3;1;3;2;7;3;NA
26;"PE";2602209;"260220";"Bom Jardim";"Não";"-";"Total";2;3;NA;3;8;4;6;7;12;6;8;5;7;3;4;6;2;2;3;4;5;1;4;7;NA
26;"PE";2602308;"260230";"Bonito";"Não";"-";"Total";2;4;3;2;NA;2;2;8;2;NA;NA;NA;NA;2;NA;NA;1;4;2;8;5;NA;2;5;NA
26;"PE";2602407;"260240";"Brejão";"Não";"-";"Total";1;NA;NA;NA;NA;1;NA;1;2;2;3;3;5;7;6;5;3;8;3;4;3;NA;3;2;NA
26;"PE";2602506;"260250";"Brejinho";"Não";"-";"Total";1;NA;NA;NA;NA;NA;NA;2;NA;1;3;1;1;1;1;NA;NA;NA;NA;1;1;1;2;1;NA
26;"PE";2602605;"260260";"Brejo da Madre de Deus";"Não";"-";"Total";1;NA;1;1;6;3;2;3;3;3;8;9;4;9;7;6;3;7;3;5;2;9;5;8;NA
26;"PE";2602704;"260270";"Buenos Aires";"Não";"-";"Total";NA;NA;1;NA;NA;1;NA;NA;1;NA;NA;NA;NA;1;NA;1;1;NA;NA;1;3;1;NA;NA;NA
26;"PE";2602803;"260280";"Buíque";"Não";"-";"Total";4;1;4;5;2;2;NA;1;4;3;3;3;6;3;1;1;5;7;6;4;5;6;5;8;NA
26;"PE";2602902;"260290";"Cabo de Santo Agostinho";"Não";"Região Metropolitana de Recife";"Total";19;24;28;24;21;31;21;20;16;10;31;33;36;25;19;33;30;27;26;21;17;20;17;19;NA
26;"PE";2603009;"260300";"Cabrobó";"Não";"-";"Total";9;6;4;NA;6;4;4;7;4;2;7;1;7;4;7;7;6;2;2;4;5;3;4;5;NA
26;"PE";2603108;"260310";"Cachoeirinha";"Não";"-";"Total";2;NA;1;NA;NA;2;1;6;3;NA;10;3;11;3;8;2;6;2;2;6;2;5;3;4;NA
26;"PE";2603207;"260320";"Caetés";"Não";"-";"Total";2;3;5;1;3;NA;3;2;3;10;3;7;8;11;2;7;6;6;14;8;6;9;4;3;NA
26;"PE";2603306;"260330";"Calçado";"Não";"-";"Total";NA;NA;NA;NA;1;1;NA;1;2;1;1;1;2;NA;1;3;2;NA;NA;2;1;2;1;1;NA
26;"PE";2603405;"260340";"Calumbi";"Não";"-";"Total";NA;2;1;NA;NA;1;NA;NA;NA;NA;1;NA;1;1;1;1;NA;1;NA;1;NA;2;NA;1;NA
26;"PE";2603454;"260345";"Camaragibe";"Não";"Região Metropolitana de Recife";"Total";11;5;9;8;3;2;9;7;4;8;6;8;6;2;3;3;5;5;6;1;4;5;3;4;NA
26;"PE";2603504;"260350";"Camocim de São Félix";"Não";"-";"Total";2;2;1;1;2;5;2;2;NA;NA;1;3;1;7;2;3;5;NA;1;NA;1;3;3;8;NA
26;"PE";2603603;"260360";"Camutanga";"Não";"-";"Total";NA;NA;NA;1;NA;NA;NA;NA;NA;NA;1;NA;1;NA;1;1;NA;1;NA;NA;NA;NA;NA;NA;NA
26;"PE";2603702;"260370";"Canhotinho";"Não";"-";"Total";1;2;1;3;2;6;2;1;NA;2;3;NA;5;4;6;7;11;1;2;2;7;3;2;3;NA
26;"PE";2603801;"260380";"Capoeiras";"Não";"-";"Total";NA;NA;NA;NA;1;NA;2;1;NA;NA;3;4;3;3;10;3;4;2;2;3;2;3;3;5;NA
26;"PE";2603900;"260390";"Carnaíba";"Não";"-";"Total";NA;2;NA;NA;NA;NA;NA;NA;2;NA;1;NA;NA;NA;NA;1;2;1;2;2;2;NA;3;NA;NA
26;"PE";2603926;"260392";"Carnaubeira da Penha";"Não";"-";"Total";NA;NA;NA;NA;NA;NA;NA;NA;1;NA;NA;2;1;NA;1;NA;NA;NA;NA;NA;NA;1;NA;1;NA
26;"PE";2604007;"260400";"Carpina";"Não";"-";"Total";1;5;NA;7;2;6;8;4;5;5;4;9;5;8;5;6;3;3;5;3;4;2;3;6;NA
26;"PE";2604106;"260410";"Caruaru";"Não";"-";"Total";41;43;50;59;66;64;116;90;75;98;121;103;119;80;63;86;68;62;56;42;54;68;58;57;NA
26;"PE";2604155;"260415";"Casinhas";"Não";"-";"Total";1;1;1;NA;NA;NA;1;NA;NA;NA;5;2;2;2;4;2;3;1;2;NA;NA;NA;1;2;NA
26;"PE";2604205;"260420";"Catende";"Não";"-";"Total";4;4;3;2;2;1;4;NA;1;1;5;8;NA;7;4;1;4;6;NA;6;2;NA;4;1;NA
26;"PE";2604304;"260430";"Cedro";"Não";"-";"Total";NA;2;NA;NA;1;1;NA;1;1;1;1;2;1;NA;2;NA;NA;1;NA;2;2;2;2;1;NA
26;"PE";2604403;"260440";"Chã de Alegria";"Não";"-";"Total";NA;1;NA;NA;NA;NA;1;1;1;NA;1;3;NA;1;3;1;2;NA;NA;NA;NA;1;1;1;NA
26;"PE";2604502;"260450";"Chã Grande";"Não";"-";"Total";1;NA;1;NA;2;2;2;1;1;2;NA;1;3;3;2;2;1;4;3;1;1;NA;2;2;NA
26;"PE";2604601;"260460";"Condado";"Não";"-";"Total";1;1;1;4;3;1;1;2;1;NA;2;4;1;1;4;4;4;5;3;2;2;2;2;7;NA
26;"PE";2604700;"260470";"Correntes";"Não";"-";"Total";NA;NA;NA;1;NA;NA;NA;1;2;1;3;1;4;1;2;1;1;1;2;2;2;NA;2;NA;NA
26;"PE";2604809;"260480";"Cortês";"Não";"-";"Total";NA;NA;1;1;NA;1;1;2;NA;1;1;1;3;1;1;1;NA;NA;2;NA;NA;NA;NA;2;NA
26;"PE";2604908;"260490";"Cumaru";"Não";"-";"Total";NA;1;NA;NA;NA;NA;1;2;1;NA;5;NA;NA;NA;4;7;3;NA;2;3;2;5;1;3;NA
26;"PE";2605004;"260500";"Cupira";"Não";"-";"Total";1;NA;NA;2;1;2;NA;2;1;6;8;5;6;NA;2;10;7;5;5;NA;2;2;4;4;NA
26;"PE";2605103;"260510";"Custódia";"Não";"-";"Total";6;3;5;5;2;4;2;2;4;5;12;8;1;8;6;7;10;7;2;5;5;7;10;9;NA
26;"PE";2605152;"260515";"Dormentes";"Não";"-";"Total";NA;NA;NA;NA;1;NA;NA;NA;1;NA;NA;NA;2;NA;4;5;6;3;6;3;3;4;3;5;NA
26;"PE";2605202;"260520";"Escada";"Não";"-";"Total";13;7;10;11;8;8;15;4;4;8;8;9;9;13;14;13;9;3;8;9;11;4;7;3;NA
26;"PE";2605301;"260530";"Exu";"Não";"-";"Total";4;6;2;5;7;2;7;10;7;9;6;3;11;8;6;4;8;10;6;6;5;6;13;7;NA
26;"PE";2605400;"260540";"Feira Nova";"Não";"-";"Total";NA;NA;NA;NA;3;1;3;3;NA;3;1;3;1;1;3;2;1;NA;1;3;5;1;1;2;NA
26;"PE";2605459;"260545";"Fernando de Noronha";"Não";"-";"Total";1;NA;NA;NA;NA;NA;1;NA;NA;NA;NA;1;NA;NA;NA;NA;NA;NA;NA;NA;1;NA;NA;NA;NA
26;"PE";2605509;"260550";"Ferreiros";"Não";"-";"Total";NA;1;NA;3;NA;NA;NA;1;3;4;3;3;4;1;1;1;3;1;2;1;1;1;NA;2;NA
26;"PE";2605608;"260560";"Flores";"Não";"-";"Total";2;1;NA;1;1;5;5;2;7;2;2;1;6;3;2;3;7;7;4;6;6;8;1;1;NA
26;"PE";2605707;"260570";"Floresta";"Não";"-";"Total";1;2;6;9;1;2;2;7;6;6;3;4;8;5;6;9;5;3;8;4;8;12;4;9;NA
26;"PE";2605806;"260580";"Frei Miguelinho";"Não";"-";"Total";4;NA;1;NA;NA;NA;NA;NA;1;4;NA;NA;NA;5;4;1;4;3;1;2;NA;1;2;1;NA
26;"PE";2605905;"260590";"Gameleira";"Não";"-";"Total";NA;3;1;2;NA;2;3;3;9;6;4;5;1;4;3;2;NA;NA;2;1;1;NA;1;NA;NA
26;"PE";2606002;"260600";"Garanhuns";"Não";"-";"Total";11;9;8;6;7;4;9;18;23;18;29;34;56;31;31;34;28;33;14;19;16;13;25;11;NA
26;"PE";2606101;"260610";"Glória do Goitá";"Não";"-";"Total";3;NA;NA;1;NA;NA;NA;NA;3;1;1;2;5;6;1;5;1;5;4;6;2;1;NA;5;NA
26;"PE";2606200;"260620";"Goiana";"Não";"-";"Total";14;7;14;10;12;19;23;9;12;15;17;14;21;15;12;15;18;13;14;7;10;11;7;11;NA
26;"PE";2606309;"260630";"Granito";"Não";"-";"Total";NA;NA;NA;NA;NA;NA;NA;1;NA;NA;NA;2;1;NA;2;3;2;1;3;3;4;NA;1;2;NA
26;"PE";2606408;"260640";"Gravatá";"Não";"-";"Total";2;3;8;6;7;14;6;9;14;14;10;13;12;15;13;7;13;6;9;6;5;5;9;8;NA
26;"PE";2606507;"260650";"Iati";"Não";"-";"Total";3;1;1;2;2;5;2;NA;1;2;1;5;4;1;3;3;2;5;9;5;4;4;2;2;NA
26;"PE";2606606;"260660";"Ibimirim";"Não";"-";"Total";4;NA;3;1;3;2;2;5;5;NA;5;4;1;8;3;5;12;3;3;1;4;5;1;3;NA
26;"PE";2606705;"260670";"Ibirajuba";"Não";"-";"Total";NA;NA;1;NA;1;1;NA;3;1;1;1;3;2;NA;2;NA;NA;NA;NA;1;1;1;NA;NA;NA
26;"PE";2606804;"260680";"Igarassu";"Não";"Região Metropolitana de Recife";"Total";10;9;13;3;2;13;8;6;5;14;12;19;12;5;18;18;17;18;5;12;8;8;9;5;NA
26;"PE";2606903;"260690";"Iguaracy";"Não";"-";"Total";NA;NA;1;NA;NA;1;NA;3;4;3;1;1;3;NA;NA;1;1;1;NA;4;1;2;1;1;NA
26;"PE";2607000;"260700";"Inajá";"Não";"-";"Total";1;2;1;1;1;3;4;1;4;2;2;2;1;1;1;6;4;2;2;2;2;NA;2;2;NA
26;"PE";2607109;"260710";"Ingazeira";"Não";"-";"Total";NA;NA;NA;NA;NA;NA;2;NA;NA;NA;NA;NA;NA;NA;NA;NA;1;NA;1;NA;2;NA;NA;NA;NA
26;"PE";2607208;"260720";"Ipojuca";"Não";"Região Metropolitana de Recife";"Total";18;3;11;4;10;1;11;8;7;11;22;21;13;17;24;14;19;6;3;10;11;12;7;9;NA
26;"PE";2607307;"260730";"Ipubi";"Não";"-";"Total";2;NA;7;1;2;2;1;3;7;8;5;5;8;4;6;5;8;8;7;5;6;5;8;12;NA
26;"PE";2607406;"260740";"Itacuruba";"Não";"-";"Total";NA;NA;NA;NA;NA;NA;NA;NA;1;1;1;2;1;1;1;NA;2;NA;NA;2;NA;NA;1;NA;NA
26;"PE";2607505;"260750";"Itaíba";"Não";"-";"Total";NA;2;10;4;2;1;3;2;3;3;4;2;6;7;7;7;6;2;4;7;9;5;2;14;NA
26;"PE";2607604;"260760";"Ilha de Itamaracá";"Não";"Região Metropolitana de Recife";"Total";3;1;1;5;1;NA;NA;1;NA;3;NA;1;2;2;1;2;3;3;NA;NA;1;1;1;1;NA
26;"PE";2607653;"260765";"Itambé";"Não";"-";"Total";NA;2;4;2;4;9;3;6;8;5;5;6;4;6;4;5;5;5;4;3;4;NA;2;3;NA
26;"PE";2607703;"260770";"Itapetim";"Não";"-";"Total";NA;NA;2;NA;NA;NA;NA;NA;1;2;1;1;1;1;1;1;NA;1;2;4;NA;1;2;NA;NA
26;"PE";2607752;"260775";"Itapissuma";"Não";"Região Metropolitana de Recife";"Total";2;1;2;2;NA;3;NA;2;1;1;1;1;1;2;3;3;3;2;5;1;NA;1;1;2;NA
26;"PE";2607802;"260780";"Itaquitinga";"Não";"-";"Total";1;NA;NA;2;NA;NA;1;1;NA;NA;2;1;NA;NA;1;NA;1;1;1;3;NA;1;NA;NA;NA
26;"PE";2607901;"260790";"Jaboatão dos Guararapes";"Não";"Região Metropolitana de Recife";"Total";18;21;33;37;28;34;29;32;33;29;41;37;35;39;34;23;35;21;23;18;22;18;23;21;NA
26;"PE";2607950;"260795";"Jaqueira";"Não";"-";"Total";4;4;4;7;1;NA;NA;1;2;NA;NA;3;2;2;NA;2;1;1;1;NA;1;NA;3;2;NA
26;"PE";2608008;"260800";"Jataúba";"Não";"-";"Total";NA;1;1;NA;4;3;3;5;2;3;3;4;4;7;5;5;4;5;6;10;3;5;3;6;NA
26;"PE";2608057;"260805";"Jatobá";"Não";"-";"Total";2;3;2;2;1;1;1;1;4;3;2;NA;1;NA;3;1;5;2;NA;2;3;1;2;2;NA
26;"PE";2608107;"260810";"João Alfredo";"Não";"-";"Total";NA;1;NA;2;1;3;NA;NA;NA;2;NA;1;2;NA;3;1;1;1;2;NA;3;4;1;NA;NA
26;"PE";2608206;"260820";"Joaquim Nabuco";"Não";"-";"Total";2;1;NA;3;3;2;NA;NA;4;7;3;1;2;1;1;NA;1;1;1;1;NA;4;NA;3;NA
26;"PE";2608255;"260825";"Jucati";"Não";"-";"Total";NA;NA;NA;1;NA;NA;2;NA;NA;1;2;2;3;6;2;6;4;3;3;3;4;6;6;1;NA
26;"PE";2608305;"260830";"Jupi";"Não";"-";"Total";NA;3;NA;1;6;2;1;4;3;NA;5;4;5;8;8;7;3;3;1;1;4;5;3;6;NA
26;"PE";2608404;"260840";"Jurema";"Não";"-";"Total";NA;1;1;NA;NA;3;1;2;1;NA;NA;1;1;2;7;1;2;3;NA;2;NA;2;NA;NA;NA
26;"PE";2608453;"260845";"Lagoa do Carro";"Não";"-";"Total";4;NA;1;2;3;1;1;1;4;2;1;3;3;NA;3;3;3;2;1;2;1;2;3;2;NA
26;"PE";2608503;"260850";"Lagoa de Itaenga";"Não";"-";"Total";1;NA;1;1;1;1;1;2;NA;3;2;1;5;5;3;2;1;2;2;3;4;2;3;1;NA
26;"PE";2608602;"260860";"Lagoa do Ouro";"Não";"-";"Total";NA;1;NA;1;NA;NA;2;2;1;2;NA;1;NA;NA;NA;1;3;2;NA;2;2;2;2;NA;NA
26;"PE";2608701;"260870";"Lagoa dos Gatos";"Não";"-";"Total";NA;NA;NA;1;NA;NA;3;1;NA;NA;NA;NA;NA;NA;NA;NA;1;2;1;NA;1;NA;1;NA;NA
26;"PE";2608750;"260875";"Lagoa Grande";"Não";"Região Administrativa Integrada de Desenvolvimento do Polo Petrolina/PE e Juazeiro/BA";"Total";1;4;5;2;1;4;1;1;4;2;2;6;7;9;11;9;9;7;3;9;13;9;9;10;NA
26;"PE";2608800;"260880";"Lajedo";"Não";"-";"Total";6;4;5;5;10;4;2;2;1;2;5;NA;12;15;10;17;11;13;4;8;10;17;14;11;NA
26;"PE";2608909;"260890";"Limoeiro";"Não";"-";"Total";3;5;6;4;3;2;5;7;2;10;9;7;19;5;3;3;4;6;5;6;7;11;8;6;NA
26;"PE";2609006;"260900";"Macaparana";"Não";"-";"Total";1;3;NA;4;3;NA;2;NA;4;3;1;NA;4;4;2;1;1;2;3;2;1;3;1;NA;NA
26;"PE";2609105;"260910";"Machados";"Não";"-";"Total";NA;NA;1;NA;NA;NA;NA;NA;1;1;1;1;1;1;1;NA;3;3;1;1;NA;3;3;2;NA
26;"PE";2609154;"260915";"Manari";"Não";"-";"Total";NA;NA;NA;NA;NA;NA;1;1;2;NA;3;5;2;1;2;3;3;2;2;3;2;2;1;1;NA
26;"PE";2609204;"260920";"Maraial";"Não";"-";"Total";NA;2;NA;NA;NA;1;NA;NA;3;1;3;1;2;NA;NA;NA;1;NA;NA;NA;NA;NA;NA;NA;NA
26;"PE";2609303;"260930";"Mirandiba";"Não";"-";"Total";1;3;2;1;1;1;NA;NA;1;NA;2;5;1;1;1;5;2;3;2;1;4;2;2;1;NA
26;"PE";2609402;"260940";"Moreno";"Não";"Região Metropolitana de Recife";"Total";7;6;7;1;2;4;6;7;4;8;5;5;3;2;4;4;3;8;6;4;4;NA;3;4;NA
26;"PE";2609501;"260950";"Nazaré da Mata";"Não";"-";"Total";NA;5;2;3;2;1;NA;NA;4;1;6;3;7;7;7;7;3;6;9;2;4;4;1;3;NA
26;"PE";2609600;"260960";"Olinda";"Não";"Região Metropolitana de Recife";"Total";14;13;12;9;20;15;24;15;15;19;14;9;14;15;13;23;17;21;14;14;15;9;13;13;NA
26;"PE";2609709;"260970";"Orobó";"Não";"-";"Total";NA;2;2;NA;NA;NA;2;NA;NA;3;NA;3;NA;1;1;2;NA;2;NA;3;NA;3;3;NA;NA
26;"PE";2609808;"260980";"Orocó";"Não";"Região Administrativa Integrada de Desenvolvimento do Polo Petrolina/PE e Juazeiro/BA";"Total";5;NA;2;1;3;2;1;1;1;1;4;2;2;3;3;1;NA;3;NA;5;NA;4;4;2;NA
26;"PE";2609907;"260990";"Ouricuri";"Não";"-";"Total";9;5;12;7;21;10;7;12;32;19;26;30;26;36;37;32;32;28;42;29;37;32;27;34;NA
26;"PE";2610004;"261000";"Palmares";"Não";"-";"Total";11;7;11;3;9;10;15;8;14;7;2;17;16;10;16;11;13;12;12;9;8;9;9;13;NA
26;"PE";2610103;"261010";"Palmeirina";"Não";"-";"Total";NA;NA;NA;NA;1;NA;NA;NA;NA;1;NA;2;1;1;1;NA;1;NA;1;1;NA;NA;NA;1;NA
26;"PE";2610202;"261020";"Panelas";"Não";"-";"Total";1;NA;1;NA;2;NA;10;3;4;6;1;6;9;5;4;8;6;2;5;9;6;8;5;7;NA
26;"PE";2610301;"261030";"Paranatama";"Não";"-";"Total";NA;NA;2;NA;NA;NA;2;2;1;3;7;2;5;3;2;3;3;2;4;4;6;5;6;1;NA
26;"PE";2610400;"261040";"Parnamirim";"Não";"-";"Total";2;3;5;3;2;1;NA;2;4;5;6;3;19;6;5;6;5;4;3;3;NA;4;4;4;NA
26;"PE";2610509;"261050";"Passira";"Não";"-";"Total";4;1;3;2;1;3;1;2;3;1;3;6;3;4;6;3;8;5;1;5;4;2;2;3;NA
26;"PE";2610608;"261060";"Paudalho";"Não";"-";"Total";9;5;7;13;5;8;2;6;1;15;15;13;8;5;10;9;6;11;11;4;15;4;2;4;NA
26;"PE";2610707;"261070";"Paulista";"Não";"Região Metropolitana de Recife";"Total";16;10;9;9;13;7;11;10;20;16;13;18;26;36;25;33;32;30;19;32;25;19;23;18;NA
26;"PE";2610806;"261080";"Pedra";"Não";"-";"Total";1;1;2;NA;1;2;3;2;4;NA;1;1;4;6;1;10;4;3;2;1;5;NA;NA;4;NA
26;"PE";2610905;"261090";"Pesqueira";"Não";"-";"Total";9;5;13;2;5;10;2;10;6;15;15;12;22;12;21;20;10;8;12;11;12;17;16;9;NA
26;"PE";2611002;"261100";"Petrolândia";"Não";"-";"Total";3;2;3;4;3;5;6;1;5;7;6;6;5;1;6;8;6;2;5;7;5;10;5;6;NA
26;"PE";2611101;"261110";"Petrolina";"Não";"Região Administrativa Integrada de Desenvolvimento do Polo Petrolina/PE e Juazeiro/BA";"Total";39;27;51;42;15;23;29;15;32;78;76;130;138;143;127;150;193;149;137;144;139;131;122;100;NA
26;"PE";2611200;"261120";"Poção";"Não";"-";"Total";NA;NA;NA;NA;NA;NA;NA;NA;2;2;NA;1;3;2;3;NA;NA;NA;NA;1;1;NA;2;NA;NA
26;"PE";2611309;"261130";"Pombos";"Não";"-";"Total";3;1;3;3;7;4;7;9;3;10;NA;7;6;1;3;7;5;6;13;3;6;5;3;7;NA
26;"PE";2611408;"261140";"Primavera";"Não";"-";"Total";2;1;1;NA;NA;2;1;2;1;NA;NA;1;1;3;1;1;2;1;1;NA;2;2;3;1;NA
26;"PE";2611507;"261150";"Quipapá";"Não";"-";"Total";1;3;NA;3;2;1;NA;2;2;1;2;3;9;3;1;3;8;3;3;1;1;NA;1;4;NA
26;"PE";2611533;"261153";"Quixaba";"Não";"-";"Total";NA;NA;NA;NA;NA;NA;NA;NA;NA;NA;NA;NA;NA;3;1;NA;1;3;NA;NA;1;1;NA;NA;NA
26;"PE";2611606;"261160";"Recife";"Sim";"Região Metropolitana de Recife";"Total";410;432;437;426;486;455;459;479;459;486;554;484;458;344;429;401;385;365;338;303;288;246;254;370;NA
26;"PE";2611705;"261170";"Riacho das Almas";"Não";"-";"Total";NA;1;1;1;1;6;NA;NA;2;1;NA;3;1;3;1;NA;NA;NA;NA;1;2;4;3;4;NA
26;"PE";2611804;"261180";"Ribeirão";"Não";"-";"Total";2;3;4;1;6;4;3;3;5;7;3;3;9;4;4;3;1;2;3;6;5;6;4;NA;NA
26;"PE";2611903;"261190";"Rio Formoso";"Não";"-";"Total";4;2;4;6;1;2;2;NA;1;NA;NA;3;3;2;6;1;6;NA;4;3;3;1;4;2;NA
26;"PE";2612000;"261200";"Sairé";"Não";"-";"Total";NA;NA;2;NA;2;1;1;NA;2;NA;NA;1;3;1;NA;1;2;NA;NA;1;1;4;2;1;NA
26;"PE";2612109;"261210";"Salgadinho";"Não";"-";"Total";NA;NA;NA;NA;NA;1;NA;NA;NA;NA;NA;NA;NA;NA;NA;NA;3;NA;NA;NA;NA;NA;2;2;NA
26;"PE";2612208;"261220";"Salgueiro";"Não";"-";"Total";9;7;10;4;11;9;7;4;6;7;13;22;18;23;10;21;16;25;11;11;15;14;16;25;NA
26;"PE";2612307;"261230";"Saloá";"Não";"-";"Total";2;1;NA;NA;NA;NA;2;2;3;1;2;5;5;2;6;7;1;1;6;6;3;2;3;5;NA
26;"PE";2612406;"261240";"Sanharó";"Não";"-";"Total";4;1;1;1;NA;1;4;2;2;3;6;9;5;12;6;8;11;9;6;6;3;7;10;10;NA
26;"PE";2612455;"261245";"Santa Cruz";"Não";"-";"Total";2;NA;1;1;1;6;NA;1;NA;NA;2;2;4;6;5;4;1;6;2;1;1;3;2;2;NA
26;"PE";2612471;"261247";"Santa Cruz da Baixa Verde";"Não";"-";"Total";2;2;NA;NA;NA;NA;4;NA;NA;2;NA;6;4;1;3;4;2;1;2;NA;2;2;1;NA;NA
26;"PE";2612505;"261250";"Santa Cruz do Capibaribe";"Não";"-";"Total";2;4;3;4;5;3;7;5;5;9;9;8;11;6;14;12;9;8;8;6;11;9;7;7;NA
26;"PE";2612554;"261255";"Santa Filomena";"Não";"-";"Total";1;1;NA;NA;NA;NA;1;2;2;1;1;3;NA;3;4;NA;2;NA;2;NA;1;NA;3;2;NA
26;"PE";2612604;"261260";"Santa Maria da Boa Vista";"Não";"Região Administrativa Integrada de Desenvolvimento do Polo Petrolina/PE e Juazeiro/BA";"Total";4;2;5;5;NA;7;3;4;3;3;10;7;10;8;8;7;13;7;8;8;6;6;9;4;NA
26;"PE";2612703;"261270";"Santa Maria do Cambucá";"Não";"-";"Total";NA;NA;NA;NA;NA;NA;NA;NA;NA;4;1;1;4;2;NA;NA;NA;2;1;NA;NA;2;NA;3;NA
26;"PE";2612802;"261280";"Santa Terezinha";"Não";"-";"Total";1;1;NA;2;1;NA;2;NA;NA;NA;1;3;NA;NA;1;1;2;NA;NA;NA;NA;1;1;3;NA
26;"PE";2612901;"261290";"São Benedito do Sul";"Não";"-";"Total";NA;NA;1;NA;2;NA;NA;NA;NA;NA;1;3;2;2;4;NA;NA;1;NA;NA;2;1;4;1;NA
26;"PE";2613008;"261300";"São Bento do Una";"Não";"-";"Total";1;1;3;2;3;NA;5;4;9;2;2;12;9;5;9;7;6;9;2;6;6;1;10;7;NA
26;"PE";2613107;"261310";"São Caitano";"Não";"-";"Total";4;4;3;3;7;6;3;11;2;8;8;7;6;4;2;7;4;6;4;8;7;7;8;10;NA
26;"PE";2613206;"261320";"São João";"Não";"-";"Total";1;1;1;NA;5;1;NA;2;3;2;3;4;5;7;5;7;2;1;8;4;9;6;6;3;NA
26;"PE";2613305;"261330";"São Joaquim do Monte";"Não";"-";"Total";1;1;NA;2;2;2;NA;1;NA;1;2;1;1;3;2;4;3;2;5;1;2;6;NA;NA;NA
26;"PE";2613404;"261340";"São José da Coroa Grande";"Não";"-";"Total";1;4;2;NA;NA;1;2;5;NA;3;1;2;3;3;1;NA;3;NA;1;1;2;3;2;3;NA
26;"PE";2613503;"261350";"São José do Belmonte";"Não";"-";"Total";1;4;3;4;5;2;2;4;3;3;3;6;6;7;8;4;8;7;5;7;5;7;6;5;NA
26;"PE";2613602;"261360";"São José do Egito";"Não";"-";"Total";NA;4;4;2;12;5;3;7;2;5;2;3;2;7;13;3;8;9;6;2;5;11;5;6;NA
26;"PE";2613701;"261370";"São Lourenço da Mata";"Não";"Região Metropolitana de Recife";"Total";6;4;6;2;5;1;3;2;3;9;6;13;9;16;7;12;5;11;4;3;5;5;4;8;NA
26;"PE";2613800;"261380";"São Vicente Férrer";"Não";"-";"Total";2;NA;3;NA;1;1;3;2;3;1;3;2;5;1;6;6;2;4;2;1;3;1;2;NA;NA
26;"PE";2613909;"261390";"Serra Talhada";"Não";"-";"Total";8;9;7;6;8;7;1;8;9;23;20;28;18;21;31;20;23;18;12;12;13;14;8;16;NA
26;"PE";2614006;"261400";"Serrita";"Não";"-";"Total";1;2;2;NA;1;1;2;3;2;NA;2;NA;1;7;NA;1;4;1;NA;1;NA;1;2;NA;NA
26;"PE";2614105;"261410";"Sertânia";"Não";"-";"Total";3;4;8;6;8;7;7;5;7;3;6;5;4;9;10;7;9;8;14;10;4;9;15;5;NA
26;"PE";2614204;"261420";"Sirinhaém";"Não";"-";"Total";2;5;8;3;10;3;5;4;4;2;3;11;6;5;8;4;12;3;7;4;7;5;2;8;NA
26;"PE";2614303;"261430";"Moreilândia";"Não";"-";"Total";NA;NA;NA;NA;NA;NA;NA;2;4;1;NA;NA;NA;NA;3;NA;NA;NA;NA;NA;1;NA;NA;NA;NA
26;"PE";2614402;"261440";"Solidão";"Não";"-";"Total";NA;NA;NA;NA;NA;NA;NA;1;NA;NA;NA;NA;NA;NA;NA;NA;NA;NA;NA;NA;1;NA;NA;NA;NA
26;"PE";2614501;"261450";"Surubim";"Não";"-";"Total";6;4;6;2;5;5;NA;NA;4;3;7;10;12;8;7;5;3;6;7;7;5;10;4;7;NA
26;"PE";2614600;"261460";"Tabira";"Não";"-";"Total";NA;1;NA;NA;NA;1;1;NA;4;2;5;4;6;1;1;5;3;NA;5;1;2;2;3;1;NA
26;"PE";2614709;"261470";"Tacaimbó";"Não";"-";"Total";4;3;NA;NA;NA;1;1;1;2;4;3;1;6;2;6;5;10;1;1;5;2;4;3;5;NA
26;"PE";2614808;"261480";"Tacaratu";"Não";"-";"Total";NA;2;2;2;NA;NA;2;1;2;NA;1;NA;2;NA;1;3;NA;2;2;6;2;1;5;2;NA
26;"PE";2614857;"261485";"Tamandaré";"Não";"-";"Total";1;3;5;2;NA;3;3;2;NA;3;4;3;3;3;3;NA;1;1;1;2;2;1;2;3;NA
26;"PE";2615003;"261500";"Taquaritinga do Norte";"Não";"-";"Total";3;4;1;2;NA;4;4;2;2;11;13;4;7;11;NA;1;8;7;2;12;8;10;12;9;NA
26;"PE";2615102;"261510";"Terezinha";"Não";"-";"Total";NA;3;1;2;1;NA;1;NA;1;NA;2;2;NA;5;12;1;1;5;1;3;1;NA;1;7;NA
26;"PE";2615201;"261520";"Terra Nova";"Não";"-";"Total";NA;1;NA;1;NA;NA;NA;NA;NA;1;NA;1;1;NA;1;3;1;1;NA;NA;1;NA;NA;2;NA
26;"PE";2615300;"261530";"Timbaúba";"Não";"-";"Total";3;2;2;2;4;4;NA;2;5;7;5;4;1;5;7;6;3;NA;3;3;2;3;2;1;NA
26;"PE";2615409;"261540";"Toritama";"Não";"-";"Total";1;NA;2;1;5;1;NA;1;NA;2;2;2;3;1;NA;3;3;1;3;3;6;5;3;3;NA
26;"PE";2615508;"261550";"Tracunhaém";"Não";"-";"Total";1;NA;NA;NA;NA;NA;NA;NA;2;1;1;4;2;2;2;1;3;NA;1;NA;NA;3;1;2;NA
26;"PE";2615607;"261560";"Trindade";"Não";"-";"Total";2;1;7;6;9;5;3;5;6;6;15;11;15;10;13;4;8;7;7;10;8;8;7;5;NA
26;"PE";2615706;"261570";"Triunfo";"Não";"-";"Total";1;1;2;3;NA;NA;2;3;1;2;2;1;3;1;3;NA;NA;1;3;3;3;NA;NA;1;NA
26;"PE";2615805;"261580";"Tupanatinga";"Não";"-";"Total";5;1;1;6;1;1;1;3;3;1;3;3;4;1;3;3;4;3;1;1;NA;4;NA;7;NA
26;"PE";2615904;"261590";"Tuparetama";"Não";"-";"Total";1;NA;NA;1;1;1;2;1;NA;NA;1;1;2;NA;1;NA;1;4;1;1;1;NA;1;1;NA
26;"PE";2616001;"261600";"Venturosa";"Não";"-";"Total";4;1;4;1;3;2;1;1;3;NA;3;2;5;4;8;1;1;2;2;4;3;3;3;2;NA
26;"PE";2616100;"261610";"Verdejante";"Não";"-";"Total";2;1;1;NA;1;NA;NA;NA;NA;NA;1;2;3;4;NA;2;1;2;NA;NA;1;3;NA;NA;NA
26;"PE";2616183;"261618";"Vertente do Lério";"Não";"-";"Total";NA;NA;NA;NA;1;NA;NA;NA;1;NA;NA;2;NA;NA;NA;NA;NA;NA;NA;NA;1;NA;1;NA;NA
26;"PE";2616209;"261620";"Vertentes";"Não";"-";"Total";1;1;1;3;2;4;3;3;3;4;7;7;6;13;7;11;8;9;7;5;3;4;3;4;NA
26;"PE";2616308;"261630";"Vicência";"Não";"-";"Total";NA;3;2;1;3;1;3;4;NA;5;5;2;3;3;4;3;3;3;1;NA;1;4;1;3;NA
26;"PE";2616407;"261640";"Vitória de Santo Antão";"Não";"-";"Total";4;7;15;12;17;10;19;15;10;15;9;7;32;22;16;18;13;10;13;14;8;11;5;8;NA
26;"PE";2616506;"261650";"Xexéu";"Não";"-";"Total";2;NA;2;1;1;1;4;1;1;3;2;1;3;3;5;1;NA;2;2;1;NA;1;6;1;NA
27;"AL";2700102;"270010";"Água Branca";"Não";"Região Metropolitana do Sertão";"Total";NA;1;NA;1;2;NA;1;1;5;5;9;4;9;5;4;5;4;4;6;4;7;2;2;4;NA
27;"AL";2700201;"270020";"Anadia";"Não";"-";"Total";3;1;2;1;NA;1;1;1;1;7;2;1;6;2;4;5;1;3;4;3;2;2;1;2;NA
27;"AL";2700300;"270030";"Arapiraca";"Não";"Região Metropolitana do Agreste";"Total";31;27;37;34;61;80;88;129;108;152;169;148;188;173;173;155;167;118;136;151;167;161;128;162;NA
27;"AL";2700409;"270040";"Atalaia";"Não";"Região Metropolitana do Vale do Paraíba";"Total";5;5;2;3;1;2;7;4;9;10;7;10;9;6;9;8;7;8;11;3;5;7;9;5;NA
27;"AL";2700508;"270050";"Barra de Santo Antônio";"Não";"Região Metropolitana de Maceió";"Total";1;NA;NA;NA;NA;1;1;NA;1;2;4;3;3;2;4;3;1;NA;1;2;2;2;NA;1;NA
27;"AL";2700607;"270060";"Barra de São Miguel";"Não";"Região Metropolitana de Maceió";"Total";1;2;3;1;6;NA;NA;4;5;1;2;2;1;2;2;4;1;1;1;1;NA;2;1;2;NA
27;"AL";2700706;"270070";"Batalha";"Não";"-";"Total";NA;NA;1;1;NA;NA;1;3;6;NA;1;3;NA;NA;4;4;3;2;2;1;1;4;2;3;NA
27;"AL";2700805;"270080";"Belém";"Não";"Região Metropolitana do Agreste";"Total";NA;NA;NA;1;NA;NA;NA;1;NA;NA;1;NA;3;NA;NA;2;NA;1;2;NA;NA;1;2;NA;NA
27;"AL";2700904;"270090";"Belo Monte";"Não";"-";"Total";NA;1;NA;NA;NA;NA;NA;NA;NA;NA;NA;NA;1;1;NA;NA;NA;NA;1;1;NA;NA;NA;1;NA
27;"AL";2701001;"270100";"Boca da Mata";"Não";"Região Metropolitana do Vale do Paraíba";"Total";1;8;2;NA;4;3;1;NA;NA;2;4;2;7;4;2;5;NA;1;3;3;5;2;2;2;NA
27;"AL";2701100;"270110";"Branquinha";"Não";"Região Metropolitana da Zona da Mata";"Total";NA;2;3;3;3;3;NA;3;NA;2;1;2;6;1;NA;6;4;1;1;2;2;NA;1;3;NA
27;"AL";2701209;"270120";"Cacimbinhas";"Não";"Região Metropolitana de Palmeira dos Índios";"Total";2;2;2;NA;1;NA;NA;1;1;2;2;5;4;6;3;2;5;1;3;2;2;3;1;NA;NA
27;"AL";2701308;"270130";"Cajueiro";"Não";"Região Metropolitana do Vale do Paraíba";"Total";NA;NA;1;1;1;1;3;3;3;NA;1;1;1;3;3;3;1;1;2;NA;3;2;1;NA;NA
27;"AL";2701357;"270135";"Campestre";"Não";"Região Metropolitana da Zona da Mata";"Total";1;NA;NA;NA;NA;NA;1;NA;NA;NA;1;5;2;NA;NA;NA;NA;1;NA;NA;NA;NA;NA;NA;NA
27;"AL";2701407;"270140";"Campo Alegre";"Não";"-";"Total";5;5;2;6;5;3;1;5;10;10;10;8;6;6;4;8;12;2;7;2;3;9;6;4;NA
27;"AL";2701506;"270150";"Campo Grande";"Não";"Região Metropolitana do Agreste";"Total";3;NA;NA;NA;2;NA;NA;5;NA;NA;NA;NA;1;1;1;1;3;1;NA;NA;NA;1;1;NA;NA
27;"AL";2701605;"270160";"Canapi";"Não";"-";"Total";NA;NA;NA;NA;1;1;2;NA;3;1;1;2;2;2;NA;1;3;1;2;3;2;1;5;3;NA
27;"AL";2701704;"270170";"Capela";"Não";"Região Metropolitana do Vale do Paraíba";"Total";2;NA;1;NA;NA;1;2;NA;1;1;3;1;3;4;2;3;1;3;NA;1;2;1;NA;2;NA
27;"AL";2701803;"270180";"Carneiros";"Não";"Região Metropolitana do Médio Sertão";"Total";NA;NA;NA;NA;1;NA;1;NA;NA;NA;2;1;2;1;2;2;NA;NA;NA;1;1;2;2;2;NA
27;"AL";2701902;"270190";"Chã Preta";"Não";"Região Metropolitana do Vale do Paraíba";"Total";NA;NA;NA;NA;1;NA;NA;NA;NA;NA;1;1;1;NA;NA;1;2;1;NA;NA;NA;1;NA;NA;NA
27;"AL";2702009;"270200";"Coité do Nóia";"Não";"Região Metropolitana do Agreste";"Total";NA;NA;NA;2;NA;NA;NA;1;1;1;NA;1;1;NA;3;2;4;3;4;2;1;1;2;2;NA
27;"AL";2702108;"270210";"Colônia Leopoldina";"Não";"Região Metropolitana da Zona da Mata";"Total";1;NA;2;2;NA;NA;NA;2;1;1;2;4;2;3;1;2;7;2;3;1;2;2;1;1;NA
27;"AL";2702207;"270220";"Coqueiro Seco";"Não";"Região Metropolitana de Maceió";"Total";NA;NA;NA;NA;NA;NA;NA;NA;NA;NA;NA;NA;NA;NA;NA;NA;NA;NA;NA;1;NA;NA;2;1;NA
27;"AL";2702306;"270230";"Coruripe";"Não";"Região Metropolitana de Caetés";"Total";3;2;6;3;4;3;5;10;13;5;16;10;11;20;12;10;18;9;12;10;20;12;13;12;NA
27;"AL";2702355;"270235";"Craíbas";"Não";"Região Metropolitana do Agreste";"Total";6;NA;1;6;4;5;2;2;4;4;8;5;4;2;4;4;3;3;3;2;4;6;3;4;NA
27;"AL";2702405;"270240";"Delmiro Gouveia";"Não";"Região Metropolitana do Sertão";"Total";2;11;3;4;1;4;5;6;3;9;7;8;11;9;14;7;8;8;6;8;14;7;10;14;NA
27;"AL";2702504;"270250";"Dois Riachos";"Não";"Região Metropolitana do Médio Sertão";"Total";3;1;3;NA;NA;NA;NA;1;1;4;3;1;2;2;3;1;2;1;1;1;NA;2;1;2;NA
27;"AL";2702553;"270255";"Estrela de Alagoas";"Não";"Região Metropolitana do Agreste";"Total";NA;1;NA;NA;NA;NA;NA;NA;1;NA;3;5;6;2;2;1;1;2;4;NA;1;2;1;NA;NA
27;"AL";2702603;"270260";"Feira Grande";"Não";"Região Metropolitana do Agreste";"Total";1;2;NA;1;1;NA;2;NA;1;NA;4;15;1;2;2;2;1;2;3;2;6;3;3;3;NA
27;"AL";2702702;"270270";"Feliz Deserto";"Não";"Região Metropolitana do São Francisco";"Total";NA;NA;1;NA;NA;2;1;2;NA;NA;2;NA;NA;NA;3;1;NA;1;NA;1;2;NA;1;NA;NA
27;"AL";2702801;"270280";"Flexeiras";"Não";"Região Metropolitana da Zona da Mata";"Total";2;1;3;NA;1;1;1;1;3;2;NA;2;5;2;2;3;2;6;4;1;NA;NA;1;NA;NA
27;"AL";2702900;"270290";"Girau do Ponciano";"Não";"Região Metropolitana do Agreste";"Total";1;2;1;3;7;2;3;3;4;4;8;7;4;5;4;7;8;4;5;8;8;5;11;5;NA
27;"AL";2703007;"270300";"Ibateguara";"Não";"Região Metropolitana da Zona da Mata";"Total";NA;1;1;NA;NA;NA;1;1;1;NA;3;NA;1;NA;3;NA;5;1;4;1;NA;4;1;1;NA
27;"AL";2703106;"270310";"Igaci";"Não";"Região Metropolitana do Agreste";"Total";3;2;4;NA;2;2;2;2;6;1;3;4;7;8;5;3;7;3;6;1;8;4;6;6;NA
27;"AL";2703205;"270320";"Igreja Nova";"Não";"Região Metropolitana do São Francisco";"Total";2;1;NA;NA;3;4;1;8;1;3;4;2;2;3;6;2;2;7;3;6;4;1;2;4;NA
27;"AL";2703304;"270330";"Inhapi";"Não";"Região Metropolitana do Sertão";"Total";1;2;NA;NA;2;1;3;1;4;NA;1;3;4;5;6;4;6;NA;8;3;2;5;4;2;NA
27;"AL";2703403;"270340";"Jacaré dos Homens";"Não";"-";"Total";NA;NA;NA;3;1;3;1;NA;2;1;1;1;3;NA;2;1;1;NA;2;NA;NA;1;2;NA;NA
27;"AL";2703502;"270350";"Jacuípe";"Não";"Região Metropolitana da Zona da Mata";"Total";1;NA;NA;NA;NA;NA;NA;NA;NA;NA;NA;2;NA;NA;NA;NA;1;NA;1;1;NA;1;NA;NA;NA
27;"AL";2703601;"270360";"Japaratinga";"Não";"-";"Total";NA;1;2;2;NA;NA;2;1;2;2;NA;1;NA;2;NA;2;2;2;1;1;2;3;2;2;NA
27;"AL";2703700;"270370";"Jaramataia";"Não";"Região Metropolitana do Agreste";"Total";2;NA;NA;NA;NA;1;4;1;2;2;NA;NA;5;3;2;3;NA;1;NA;3;1;3;1;2;NA
27;"AL";2703759;"270375";"Jequiá da Praia";"Não";"-";"Total";NA;NA;NA;2;NA;4;2;NA;2;1;NA;1;NA;3;3;4;3;1;1;1;3;2;2;2;NA
27;"AL";2703809;"270380";"Joaquim Gomes";"Não";"Região Metropolitana da Zona da Mata";"Total";1;1;3;4;4;6;6;5;4;7;1;4;2;10;3;5;1;2;6;5;4;9;1;1;NA
27;"AL";2703908;"270390";"Jundiá";"Não";"Região Metropolitana da Zona da Mata";"Total";NA;NA;NA;1;NA;NA;NA;NA;NA;NA;NA;NA;NA;NA;NA;4;NA;2;NA;NA;NA;NA;NA;NA;NA
27;"AL";2704005;"270400";"Junqueiro";"Não";"-";"Total";7;NA;6;5;4;5;4;5;2;6;6;9;11;3;6;9;6;3;6;3;4;6;1;7;NA
27;"AL";2704104;"270410";"Lagoa da Canoa";"Não";"Região Metropolitana do Agreste";"Total";1;NA;NA;4;1;2;NA;NA;1;4;3;1;5;NA;NA;NA;3;3;1;1;4;3;2;1;NA
27;"AL";2704203;"270420";"Limoeiro de Anadia";"Não";"-";"Total";NA;1;6;3;1;3;5;7;3;4;7;4;9;5;3;6;5;5;4;5;1;8;2;3;NA
27;"AL";2704302;"270430";"Maceió";"Sim";"Região Metropolitana de Maceió";"Total";147;188;163;119;131;146;147;113;174;164;182;235;223;187;226;198;192;155;124;157;203;152;151;162;NA
27;"AL";2704401;"270440";"Major Isidoro";"Não";"Região Metropolitana de Palmeira dos Índios";"Total";2;NA;NA;2;2;1;1;3;1;1;3;1;5;1;5;4;7;5;3;1;2;2;1;3;NA
27;"AL";2704500;"270450";"Maragogi";"Não";"-";"Total";1;2;4;2;NA;NA;3;1;3;2;2;7;4;6;7;3;3;4;6;6;7;5;8;3;NA
27;"AL";2704609;"270460";"Maravilha";"Não";"Região Metropolitana do Médio Sertão";"Total";NA;NA;1;NA;NA;2;1;NA;3;1;5;2;1;3;1;3;1;6;1;NA;2;3;1;NA;NA
27;"AL";2704708;"270470";"Marechal Deodoro";"Não";"Região Metropolitana de Maceió";"Total";7;3;2;3;5;4;5;6;5;7;7;11;8;6;10;4;4;6;2;7;6;9;6;9;NA
27;"AL";2704807;"270480";"Maribondo";"Não";"Região Metropolitana do Vale do Paraíba";"Total";1;5;NA;NA;1;2;NA;2;1;1;3;NA;NA;3;2;5;2;3;NA;5;5;1;2;1;NA
27;"AL";2704906;"270490";"Mar Vermelho";"Não";"Região Metropolitana do Vale do Paraíba";"Total";NA;1;NA;NA;1;NA;NA;NA;NA;1;NA;NA;1;NA;NA;NA;NA;1;1;1;NA;NA;NA;NA;NA
27;"AL";2705002;"270500";"Mata Grande";"Não";"Região Metropolitana do Sertão";"Total";NA;2;1;4;2;1;3;NA;3;2;NA;3;NA;2;3;4;1;NA;6;1;2;9;2;2;NA
27;"AL";2705101;"270510";"Matriz de Camaragibe";"Não";"Região Metropolitana da Zona da Mata";"Total";NA;2;3;2;NA;1;2;NA;1;4;NA;4;3;1;1;3;5;3;1;NA;3;1;4;NA;NA
27;"AL";2705200;"270520";"Messias";"Não";"Região Metropolitana de Maceió";"Total";5;4;3;4;1;NA;3;NA;5;4;3;7;8;10;10;6;4;5;3;6;4;NA;5;1;NA
27;"AL";2705309;"270530";"Minador do Negrão";"Não";"Região Metropolitana de Palmeira dos Índios";"Total";1;NA;1;1;NA;1;NA;NA;NA;NA;NA;1;NA;NA;2;6;NA;NA;NA;NA;1;2;NA;1;NA
27;"AL";2705408;"270540";"Monteirópolis";"Não";"-";"Total";1;NA;1;1;NA;NA;1;NA;1;NA;2;NA;1;2;1;2;1;NA;NA;NA;2;2;NA;3;NA
27;"AL";2705507;"270550";"Murici";"Não";"Região Metropolitana de Maceió";"Total";2;NA;1;NA;4;3;1;2;5;1;4;3;3;6;4;1;3;6;3;2;NA;1;NA;2;NA
27;"AL";2705606;"270560";"Novo Lino";"Não";"Região Metropolitana da Zona da Mata";"Total";5;4;4;NA;NA;1;1;1;1;2;5;5;6;7;3;5;6;3;1;NA;NA;3;NA;NA;NA
27;"AL";2705705;"270570";"Olho d'Água das Flores";"Não";"Região Metropolitana do Médio Sertão";"Total";2;3;1;2;2;3;2;1;NA;2;1;4;1;1;3;5;4;2;2;2;2;1;8;NA;NA
27;"AL";2705804;"270580";"Olho d'Água do Casado";"Não";"Região Metropolitana do Sertão";"Total";2;NA;NA;2;1;3;1;NA;1;6;1;2;3;NA;6;1;NA;4;1;1;1;2;2;NA;NA
27;"AL";2705903;"270590";"Olho d'Água Grande";"Não";"Região Metropolitana do Agreste";"Total";NA;1;NA;NA;NA;NA;NA;NA;NA;NA;NA;NA;NA;NA;NA;NA;NA;NA;1;NA;NA;2;NA;NA;NA
27;"AL";2706000;"270600";"Olivença";"Não";"Região Metropolitana do Médio Sertão";"Total";NA;2;1;1;NA;NA;1;NA;NA;1;1;3;NA;2;2;NA;NA;NA;1;2;3;3;1;1;NA
27;"AL";2706109;"270610";"Ouro Branco";"Não";"Região Metropolitana do Médio Sertão";"Total";NA;NA;1;2;1;1;1;5;2;1;1;4;3;3;2;6;4;2;1;2;1;2;1;1;NA
27;"AL";2706208;"270620";"Palestina";"Não";"-";"Total";1;NA;NA;NA;NA;NA;NA;NA;NA;NA;NA;NA;NA;NA;2;3;1;3;2;NA;1;1;NA;NA;NA
27;"AL";2706307;"270630";"Palmeira dos Índios";"Não";"Região Metropolitana do Agreste";"Total";5;2;8;4;16;7;9;2;6;9;14;11;8;12;14;13;17;14;6;13;5;6;15;12;NA
27;"AL";2706406;"270640";"Pão de Açúcar";"Não";"-";"Total";1;NA;NA;2;NA;4;NA;2;NA;1;NA;1;2;NA;2;4;2;1;2;1;NA;1;1;5;NA
27;"AL";2706422;"270642";"Pariconha";"Não";"Região Metropolitana do Sertão";"Total";NA;NA;NA;NA;NA;1;1;NA;NA;1;NA;1;4;1;1;1;3;NA;2;NA;NA;1;NA;1;NA
27;"AL";2706448;"270644";"Paripueira";"Não";"Região Metropolitana de Maceió";"Total";NA;NA;1;1;1;NA;1;1;NA;NA;1;1;NA;NA;2;NA;1;NA;NA;2;2;1;2;3;NA
27;"AL";2706505;"270650";"Passo de Camaragibe";"Não";"-";"Total";NA;1;1;1;NA;2;NA;1;NA;NA;NA;1;1;1;4;1;5;1;NA;2;3;4;3;1;NA
27;"AL";2706604;"270660";"Paulo Jacinto";"Não";"Região Metropolitana do Vale do Paraíba";"Total";NA;NA;NA;NA;NA;NA;1;1;1;NA;NA;1;NA;1;NA;NA;1;NA;NA;2;1;NA;NA;1;NA
27;"AL";2706703;"270670";"Penedo";"Não";"Região Metropolitana do São Francisco";"Total";4;2;2;7;8;3;4;2;4;5;8;8;10;6;13;8;9;11;5;7;7;5;9;7;NA
27;"AL";2706802;"270680";"Piaçabuçu";"Não";"Região Metropolitana do São Francisco";"Total";2;2;3;5;2;1;1;1;1;1;6;2;4;2;1;4;3;3;4;7;2;4;2;1;NA
27;"AL";2706901;"270690";"Pilar";"Não";"Região Metropolitana de Maceió";"Total";9;2;3;5;7;4;6;6;4;9;8;9;11;5;9;8;10;8;5;7;9;4;6;8;NA
27;"AL";2707008;"270700";"Pindoba";"Não";"Região Metropolitana do Vale do Paraíba";"Total";NA;NA;NA;NA;NA;NA;NA;NA;NA;NA;NA;NA;NA;NA;NA;NA;NA;NA;NA;1;NA;NA;NA;NA;NA
27;"AL";2707107;"270710";"Piranhas";"Não";"Região Metropolitana do Sertão";"Total";NA;1;1;2;3;4;NA;5;3;3;5;2;9;3;2;8;10;3;2;4;1;2;4;5;NA
27;"AL";2707206;"270720";"Poço das Trincheiras";"Não";"Região Metropolitana do Médio Sertão";"Total";NA;NA;NA;NA;1;1;NA;NA;2;1;1;1;4;3;NA;1;2;2;1;2;NA;1;2;1;NA
27;"AL";2707305;"270730";"Porto Calvo";"Não";"Região Metropolitana da Zona da Mata";"Total";4;1;1;1;4;1;1;NA;6;1;6;4;1;2;1;7;3;1;2;4;6;10;10;14;NA
27;"AL";2707404;"270740";"Porto de Pedras";"Não";"-";"Total";NA;NA;1;1;NA;1;NA;NA;NA;NA;1;2;NA;1;3;1;NA;1;1;2;1;1;2;NA;NA
27;"AL";2707503;"270750";"Porto Real do Colégio";"Não";"Região Metropolitana do São Francisco";"Total";6;5;6;8;4;2;2;6;1;4;1;9;11;5;8;1;3;3;1;4;2;2;1;3;NA
27;"AL";2707602;"270760";"Quebrangulo";"Não";"-";"Total";NA;NA;NA;NA;1;NA;1;NA;NA;NA;1;NA;NA;3;NA;1;NA;NA;2;2;NA;NA;NA;NA;NA
27;"AL";2707701;"270770";"Rio Largo";"Não";"Região Metropolitana de Maceió";"Total";2;7;4;6;4;6;11;10;9;4;4;13;9;8;9;8;10;9;5;8;4;11;8;2;NA
27;"AL";2707800;"270780";"Roteiro";"Não";"-";"Total";NA;1;1;NA;1;1;NA;1;NA;1;2;NA;NA;NA;2;NA;NA;2;1;1;1;4;2;1;NA
27;"AL";2707909;"270790";"Santa Luzia do Norte";"Não";"Região Metropolitana de Maceió";"Total";NA;NA;1;NA;NA;NA;NA;NA;NA;NA;NA;1;NA;NA;1;1;NA;NA;NA;NA;NA;NA;1;1;NA
27;"AL";2708006;"270800";"Santana do Ipanema";"Não";"Região Metropolitana do Médio Sertão";"Total";4;3;6;9;NA;4;5;4;3;6;8;16;19;20;22;10;19;17;17;11;14;17;11;17;NA
27;"AL";2708105;"270810";"Santana do Mundaú";"Não";"Região Metropolitana da Zona da Mata";"Total";2;1;1;NA;NA;NA;NA;1;NA;3;5;1;3;NA;1;2;2;1;NA;1;1;NA;3;NA;NA
27;"AL";2708204;"270820";"São Brás";"Não";"Região Metropolitana do Agreste";"Total";1;NA;NA;1;NA;1;2;NA;NA;NA;NA;1;NA;NA;2;1;2;2;1;1;2;2;1;1;NA
27;"AL";2708303;"270830";"São José da Laje";"Não";"Região Metropolitana da Zona da Mata";"Total";7;2;2;2;1;3;2;5;NA;4;3;7;6;4;10;8;5;3;NA;2;4;4;1;5;NA
27;"AL";2708402;"270840";"São José da Tapera";"Não";"-";"Total";2;NA;2;3;1;NA;1;5;11;7;8;8;9;13;5;5;8;10;8;8;5;6;1;6;NA
27;"AL";2708501;"270850";"São Luís do Quitunde";"Não";"Região Metropolitana da Zona da Mata";"Total";NA;2;3;NA;1;1;NA;3;7;4;6;NA;1;6;4;NA;2;2;3;1;1;5;NA;5;NA
27;"AL";2708600;"270860";"São Miguel dos Campos";"Não";"Região Metropolitana de Caetés";"Total";9;9;8;3;3;10;5;8;9;5;6;11;9;10;13;13;11;8;6;7;4;6;6;11;NA
27;"AL";2708709;"270870";"São Miguel dos Milagres";"Não";"-";"Total";NA;1;NA;NA;NA;NA;NA;NA;NA;NA;NA;NA;NA;1;NA;NA;1;NA;1;NA;NA;NA;1;NA;NA
27;"AL";2708808;"270880";"São Sebastião";"Não";"Região Metropolitana do Agreste";"Total";7;6;5;7;NA;7;5;4;4;14;21;10;11;13;8;13;3;17;6;2;3;11;8;9;NA
27;"AL";2708907;"270890";"Satuba";"Não";"Região Metropolitana de Maceió";"Total";3;5;1;1;3;1;2;1;1;3;6;4;4;1;6;3;2;4;2;2;2;2;5;NA;NA
27;"AL";2708956;"270895";"Senador Rui Palmeira";"Não";"Região Metropolitana do Médio Sertão";"Total";1;NA;1;NA;NA;NA;NA;1;NA;1;1;2;1;2;1;2;2;NA;1;1;1;1;NA;2;NA
27;"AL";2709004;"270900";"Tanque d'Arca";"Não";"Região Metropolitana do Agreste";"Total";1;NA;NA;2;NA;3;NA;NA;NA;1;NA;4;3;4;2;1;1;1;1;1;3;NA;NA;NA;NA
27;"AL";2709103;"270910";"Taquarana";"Não";"Região Metropolitana do Agreste";"Total";NA;2;1;3;3;NA;2;NA;1;8;2;2;NA;3;NA;4;4;2;5;7;3;7;3;2;NA
27;"AL";2709152;"270915";"Teotônio Vilela";"Não";"-";"Total";4;5;3;6;4;10;3;4;3;3;10;10;6;4;10;2;4;5;6;11;2;6;5;9;NA
27;"AL";2709202;"270920";"Traipu";"Não";"Região Metropolitana do Agreste";"Total";NA;1;1;NA;1;1;1;1;1;NA;2;1;2;NA;6;NA;2;3;NA;1;NA;NA;1;1;NA
27;"AL";2709301;"270930";"União dos Palmares";"Não";"Região Metropolitana da Zona da Mata";"Total";4;3;6;3;4;3;1;12;2;4;9;17;5;7;5;17;7;18;5;9;14;8;8;2;NA
27;"AL";2709400;"270940";"Viçosa";"Não";"Região Metropolitana do Vale do Paraíba";"Total";4;NA;2;1;NA;1;1;3;NA;5;5;5;1;6;2;5;4;2;2;5;5;2;1;4;NA
28;"SE";2800100;"280010";"Amparo do São Francisco";"Não";"-";"Total";NA;NA;NA;NA;NA;NA;NA;NA;NA;NA;NA;1;1;NA;NA;NA;NA;NA;NA;NA;1;NA;2;NA;NA
28;"SE";2800209;"280020";"Aquidabã";"Não";"-";"Total";NA;NA;NA;2;NA;NA;NA;NA;NA;1;1;1;5;2;3;2;6;3;7;2;2;NA;NA;2;NA
28;"SE";2800308;"280030";"Aracaju";"Sim";"Região Metropolitana de Aracaju";"Total";61;91;112;95;104;116;114;123;141;184;210;212;207;227;191;204;166;161;131;153;133;152;152;178;NA
28;"SE";2800407;"280040";"Arauá";"Não";"-";"Total";NA;1;NA;18;NA;1;NA;4;1;2;4;1;5;NA;1;1;NA;4;2;2;2;1;NA;2;NA
28;"SE";2800506;"280050";"Areia Branca";"Não";"-";"Total";1;NA;5;1;NA;2;1;2;3;3;4;7;5;2;2;5;5;8;4;2;6;3;2;3;NA
28;"SE";2800605;"280060";"Barra dos Coqueiros";"Não";"Região Metropolitana de Aracaju";"Total";1;1;2;1;NA;1;NA;2;3;2;4;8;3;5;NA;5;3;1;4;2;2;1;2;NA;NA
28;"SE";2800670;"280067";"Boquim";"Não";"-";"Total";2;NA;3;2;1;2;1;2;4;2;6;4;5;5;5;4;7;2;3;2;7;5;4;4;NA
28;"SE";2800704;"280070";"Brejo Grande";"Não";"-";"Total";NA;NA;NA;NA;1;NA;1;NA;NA;NA;NA;NA;NA;NA;NA;4;4;NA;2;1;NA;1;1;1;NA
28;"SE";2801009;"280100";"Campo do Brito";"Não";"-";"Total";1;1;4;NA;2;NA;1;7;2;4;3;2;6;4;1;9;1;4;3;2;1;3;3;3;NA
28;"SE";2801108;"280110";"Canhoba";"Não";"-";"Total";NA;NA;NA;NA;NA;NA;NA;NA;NA;NA;NA;1;2;NA;1;1;1;2;NA;3;1;NA;1;NA;NA
28;"SE";2801207;"280120";"Canindé de São Francisco";"Não";"-";"Total";2;2;2;1;5;4;2;7;NA;5;11;8;7;14;15;7;13;2;3;8;10;10;3;7;NA
28;"SE";2801306;"280130";"Capela";"Não";"-";"Total";8;10;2;3;6;4;9;8;7;2;2;11;8;12;12;3;6;4;4;3;8;2;3;3;NA
28;"SE";2801405;"280140";"Carira";"Não";"-";"Total";2;1;NA;NA;2;NA;1;1;3;3;4;1;6;2;2;5;6;4;3;9;7;4;1;6;NA
28;"SE";2801504;"280150";"Carmópolis";"Não";"-";"Total";NA;1;1;NA;1;1;NA;6;1;2;3;3;4;7;1;3;2;4;NA;2;NA;2;1;1;NA
28;"SE";2801603;"280160";"Cedro de São João";"Não";"-";"Total";1;1;NA;NA;2;2;3;2;2;NA;1;2;2;NA;1;3;3;NA;NA;1;1;2;1;2;NA
28;"SE";2801702;"280170";"Cristinápolis";"Não";"-";"Total";NA;NA;2;5;1;2;1;4;2;3;6;8;2;2;2;4;6;5;4;2;2;3;5;4;NA
28;"SE";2801900;"280190";"Cumbe";"Não";"-";"Total";1;NA;NA;NA;NA;NA;NA;NA;NA;1;1;NA;NA;NA;1;NA;4;NA;NA;NA;NA;NA;NA;2;NA
28;"SE";2802007;"280200";"Divina Pastora";"Não";"-";"Total";NA;NA;1;NA;NA;NA;NA;NA;NA;NA;1;NA;NA;3;NA;NA;NA;1;2;NA;1;NA;NA;3;NA
28;"SE";2802106;"280210";"Estância";"Não";"-";"Total";6;12;13;14;11;12;11;13;15;12;27;14;26;11;8;10;11;6;9;10;6;8;4;13;NA
28;"SE";2802205;"280220";"Feira Nova";"Não";"-";"Total";NA;NA;NA;1;NA;NA;NA;NA;1;1;NA;2;1;2;2;2;NA;1;NA;NA;3;1;2;3;NA
28;"SE";2802304;"280230";"Frei Paulo";"Não";"-";"Total";2;NA;1;3;2;NA;5;1;NA;3;2;1;NA;3;2;3;5;6;7;2;4;2;4;2;NA
28;"SE";2802403;"280240";"Gararu";"Não";"-";"Total";NA;NA;NA;1;NA;1;1;1;1;NA;1;1;2;NA;3;3;3;NA;3;NA;4;1;NA;1;NA
28;"SE";2802502;"280250";"General Maynard";"Não";"-";"Total";NA;NA;NA;NA;1;NA;NA;NA;NA;NA;NA;NA;NA;1;1;NA;NA;NA;NA;NA;NA;NA;NA;NA;NA
28;"SE";2802601;"280260";"Gracho Cardoso";"Não";"-";"Total";NA;NA;NA;NA;NA;NA;NA;NA;NA;2;NA;1;NA;3;1;NA;1;2;NA;1;1;3;2;1;NA
28;"SE";2802700;"280270";"Ilha das Flores";"Não";"-";"Total";NA;1;NA;NA;1;NA;1;NA;NA;NA;1;NA;NA;NA;1;2;NA;NA;NA;1;NA;NA;NA;NA;NA
28;"SE";2802809;"280280";"Indiaroba";"Não";"-";"Total";NA;NA;1;NA;NA;1;NA;1;3;2;3;NA;7;1;4;2;NA;2;2;1;4;3;1;4;NA
28;"SE";2802908;"280290";"Itabaiana";"Não";"-";"Total";4;4;9;8;10;8;9;10;7;9;11;25;24;15;14;17;19;14;16;11;9;16;23;24;NA
28;"SE";2803005;"280300";"Itabaianinha";"Não";"-";"Total";NA;2;1;3;4;2;1;3;2;1;2;1;4;8;7;7;6;5;6;3;5;3;4;2;NA
28;"SE";2803104;"280310";"Itabi";"Não";"-";"Total";1;NA;NA;NA;NA;NA;NA;NA;1;NA;NA;3;1;NA;1;NA;2;2;1;1;NA;NA;NA;NA;NA
28;"SE";2803203;"280320";"Itaporanga d'Ajuda";"Não";"-";"Total";4;2;6;2;14;3;7;4;8;8;16;12;6;5;6;10;8;6;7;2;9;5;8;3;NA
28;"SE";2803302;"280330";"Japaratuba";"Não";"-";"Total";1;NA;4;5;4;5;2;5;2;3;3;2;4;6;6;2;4;1;3;2;1;4;3;4;NA
28;"SE";2803401;"280340";"Japoatã";"Não";"-";"Total";1;2;NA;2;2;NA;1;2;NA;1;4;2;8;6;2;5;7;4;6;4;1;2;3;NA;NA
28;"SE";2803500;"280350";"Lagarto";"Não";"-";"Total";3;10;12;4;11;14;9;4;14;10;16;15;18;13;19;20;14;7;12;16;10;15;17;16;NA
28;"SE";2803609;"280360";"Laranjeiras";"Não";"-";"Total";3;2;7;1;4;3;6;6;5;8;4;6;5;6;6;6;3;3;8;7;5;3;4;3;NA
28;"SE";2803708;"280370";"Macambira";"Não";"-";"Total";NA;NA;NA;NA;NA;NA;NA;NA;NA;NA;2;1;1;2;NA;1;NA;NA;NA;2;NA;NA;1;NA;NA
28;"SE";2803807;"280380";"Malhada dos Bois";"Não";"-";"Total";NA;1;NA;NA;NA;1;NA;NA;NA;2;NA;NA;NA;NA;1;1;NA;1;2;NA;NA;NA;1;2;NA
28;"SE";2803906;"280390";"Malhador";"Não";"-";"Total";NA;NA;NA;NA;1;2;NA;NA;NA;NA;NA;1;1;2;2;2;1;1;1;NA;NA;NA;2;NA;NA
28;"SE";2804003;"280400";"Maruim";"Não";"-";"Total";1;1;4;2;5;3;6;5;1;1;4;2;5;8;1;2;4;2;3;2;1;1;4;1;NA
28;"SE";2804102;"280410";"Moita Bonita";"Não";"-";"Total";NA;NA;1;NA;NA;NA;NA;2;2;1;NA;1;1;3;1;5;4;4;5;1;2;3;2;3;NA
28;"SE";2804201;"280420";"Monte Alegre de Sergipe";"Não";"-";"Total";NA;NA;NA;NA;2;1;NA;NA;2;3;3;1;1;3;4;1;2;NA;1;5;2;1;2;3;NA
28;"SE";2804300;"280430";"Muribeca";"Não";"-";"Total";NA;NA;1;NA;1;1;1;2;NA;1;3;4;1;5;2;3;1;NA;5;NA;1;NA;1;3;NA
28;"SE";2804409;"280440";"Neópolis";"Não";"-";"Total";NA;3;1;1;3;2;NA;3;6;1;4;6;9;6;8;9;1;5;4;8;4;5;5;6;NA
28;"SE";2804458;"280445";"Nossa Senhora Aparecida";"Não";"-";"Total";NA;1;3;NA;1;1;NA;1;2;1;3;1;2;2;NA;3;6;2;1;2;1;5;4;4;NA
28;"SE";2804508;"280450";"Nossa Senhora da Glória";"Não";"-";"Total";1;1;5;5;2;3;1;4;3;3;7;6;9;13;9;6;10;9;7;3;10;12;7;12;NA
28;"SE";2804607;"280460";"Nossa Senhora das Dores";"Não";"-";"Total";2;1;1;5;1;NA;NA;1;5;1;6;3;5;6;4;5;4;3;1;4;2;4;2;1;NA
28;"SE";2804706;"280470";"Nossa Senhora de Lourdes";"Não";"-";"Total";NA;1;NA;NA;NA;NA;NA;NA;NA;NA;NA;NA;1;1;1;2;NA;NA;1;1;1;2;1;1;NA
28;"SE";2804805;"280480";"Nossa Senhora do Socorro";"Não";"Região Metropolitana de Aracaju";"Total";3;5;3;2;3;8;1;14;11;14;14;8;23;9;16;14;8;6;5;12;5;7;12;13;NA
28;"SE";2804904;"280490";"Pacatuba";"Não";"-";"Total";NA;NA;3;NA;3;NA;NA;1;1;2;2;3;NA;3;NA;2;1;NA;1;NA;1;1;NA;4;NA
28;"SE";2805000;"280500";"Pedra Mole";"Não";"-";"Total";NA;NA;NA;NA;NA;NA;NA;NA;NA;NA;1;NA;NA;NA;NA;NA;1;NA;1;1;NA;NA;NA;NA;NA
28;"SE";2805109;"280510";"Pedrinhas";"Não";"-";"Total";1;NA;NA;NA;1;2;NA;NA;1;NA;3;NA;NA;NA;2;1;2;1;1;2;NA;NA;1;NA;NA
28;"SE";2805208;"280520";"Pinhão";"Não";"-";"Total";NA;NA;NA;NA;1;1;NA;1;1;1;NA;1;NA;NA;NA;3;NA;NA;NA;1;1;NA;2;2;NA
28;"SE";2805307;"280530";"Pirambu";"Não";"-";"Total";NA;NA;2;NA;1;1;1;1;NA;1;2;NA;NA;NA;NA;4;NA;1;2;NA;2;NA;NA;1;NA
28;"SE";2805406;"280540";"Poço Redondo";"Não";"-";"Total";1;NA;3;NA;NA;2;3;3;2;9;6;6;13;11;9;14;8;6;8;4;10;5;7;4;NA
28;"SE";2805505;"280550";"Poço Verde";"Não";"-";"Total";2;3;NA;2;3;3;1;1;3;2;3;2;5;5;1;2;7;3;6;6;2;6;2;4;NA
28;"SE";2805604;"280560";"Porto da Folha";"Não";"-";"Total";1;1;1;1;1;1;NA;1;2;3;3;6;6;6;4;5;1;4;4;3;5;1;3;1;NA
28;"SE";2805703;"280570";"Propriá";"Não";"-";"Total";4;2;5;1;1;1;3;7;3;NA;5;4;4;9;8;4;5;14;9;12;6;4;8;8;NA
28;"SE";2805802;"280580";"Riachão do Dantas";"Não";"-";"Total";1;NA;2;1;5;NA;NA;3;1;1;1;NA;2;4;NA;4;3;1;4;2;NA;2;4;NA;NA
28;"SE";2805901;"280590";"Riachuelo";"Não";"-";"Total";NA;2;NA;1;1;1;NA;NA;NA;NA;1;1;3;2;1;1;1;NA;NA;1;1;NA;1;1;NA
28;"SE";2806008;"280600";"Ribeirópolis";"Não";"-";"Total";NA;1;NA;1;NA;1;1;5;NA;3;5;3;6;2;3;5;1;3;NA;4;4;2;4;2;NA
28;"SE";2806107;"280610";"Rosário do Catete";"Não";"-";"Total";1;4;2;2;2;3;1;NA;2;1;1;7;8;2;5;3;6;3;NA;1;NA;2;NA;1;NA
28;"SE";2806206;"280620";"Salgado";"Não";"-";"Total";NA;NA;4;1;1;5;1;2;2;1;2;2;4;2;NA;2;6;NA;1;3;4;NA;1;4;NA
28;"SE";2806305;"280630";"Santa Luzia do Itanhy";"Não";"-";"Total";2;NA;1;7;3;4;4;2;NA;1;4;4;10;9;3;1;3;NA;3;2;3;5;3;1;NA
28;"SE";2806404;"280640";"Santana do São Francisco";"Não";"-";"Total";NA;NA;NA;NA;NA;NA;NA;NA;NA;NA;1;NA;2;NA;2;NA;1;1;1;NA;3;NA;NA;NA;NA
28;"SE";2806503;"280650";"Santa Rosa de Lima";"Não";"-";"Total";NA;NA;NA;1;NA;NA;NA;NA;NA;NA;2;1;1;NA;1;NA;NA;NA;NA;1;NA;NA;1;NA;NA
28;"SE";2806602;"280660";"Santo Amaro das Brotas";"Não";"-";"Total";NA;NA;3;NA;2;1;NA;1;1;NA;3;2;5;4;3;1;1;3;3;NA;3;3;2;NA;NA
28;"SE";2806701;"280670";"São Cristóvão";"Não";"Região Metropolitana de Aracaju";"Total";2;3;13;1;6;7;2;8;1;4;15;9;11;10;7;7;6;7;2;7;6;7;3;4;NA
28;"SE";2806800;"280680";"São Domingos";"Não";"-";"Total";NA;NA;NA;NA;NA;NA;NA;NA;NA;NA;1;NA;1;2;3;1;1;2;3;NA;2;2;5;NA;NA
28;"SE";2806909;"280690";"São Francisco";"Não";"-";"Total";NA;NA;NA;NA;2;1;NA;NA;NA;NA;2;1;1;NA;1;4;NA;NA;1;2;2;NA;2;NA;NA
28;"SE";2807006;"280700";"São Miguel do Aleixo";"Não";"-";"Total";NA;NA;NA;NA;NA;NA;NA;NA;1;NA;NA;NA;NA;1;NA;1;NA;1;NA;1;NA;NA;2;NA;NA
28;"SE";2807105;"280710";"Simão Dias";"Não";"-";"Total";3;2;2;2;2;3;7;2;5;8;5;9;10;11;9;4;6;2;4;8;6;4;6;8;NA
28;"SE";2807204;"280720";"Siriri";"Não";"-";"Total";NA;1;NA;1;2;NA;NA;2;4;NA;NA;4;3;2;1;2;NA;2;1;NA;1;3;1;NA;NA
28;"SE";2807303;"280730";"Telha";"Não";"-";"Total";NA;NA;1;NA;NA;NA;1;NA;NA;2;1;NA;1;NA;1;NA;NA;3;NA;1;2;NA;NA;1;NA
28;"SE";2807402;"280740";"Tobias Barreto";"Não";"-";"Total";5;2;5;2;1;3;4;3;5;3;7;1;11;5;8;4;3;10;3;6;4;4;4;7;NA
28;"SE";2807501;"280750";"Tomar do Geru";"Não";"-";"Total";2;NA;2;NA;NA;1;1;NA;1;NA;1;1;3;1;2;3;1;2;1;2;NA;NA;NA;NA;NA
28;"SE";2807600;"280760";"Umbaúba";"Não";"-";"Total";1;1;2;4;1;2;6;4;1;4;7;6;9;6;5;4;3;6;9;5;11;9;6;4;NA
29;"BA";2900108;"290010";"Abaíra";"Não";"-";"Total";NA;NA;NA;1;NA;NA;NA;NA;NA;1;NA;NA;NA;NA;NA;3;NA;NA;3;NA;NA;1;NA;1;NA
29;"BA";2900207;"290020";"Abaré";"Não";"-";"Total";1;1;2;NA;NA;3;3;4;2;3;13;1;5;5;4;4;2;4;5;7;11;5;9;12;NA
29;"BA";2900306;"290030";"Acajutiba";"Não";"-";"Total";1;3;1;1;NA;2;NA;2;NA;NA;2;5;4;3;1;1;1;3;1;1;2;3;3;NA;NA
29;"BA";2900355;"290035";"Adustina";"Não";"-";"Total";NA;NA;NA;4;2;1;1;NA;2;1;1;7;1;2;1;3;3;2;4;3;3;1;1;4;NA
29;"BA";2900405;"290040";"Água Fria";"Não";"-";"Total";NA;NA;NA;NA;NA;NA;NA;NA;NA;NA;1;NA;1;1;1;NA;1;1;NA;NA;1;1;NA;2;NA
29;"BA";2900504;"290050";"Érico Cardoso";"Não";"-";"Total";NA;NA;NA;NA;NA;1;NA;NA;NA;NA;NA;1;NA;1;1;NA;NA;NA;NA;NA;1;1;NA;NA;NA
29;"BA";2900603;"290060";"Aiquara";"Não";"-";"Total";NA;NA;NA;NA;NA;NA;NA;NA;NA;NA;1;NA;1;NA;NA;NA;NA;NA;NA;1;NA;NA;NA;NA;NA
29;"BA";2900702;"290070";"Alagoinhas";"Não";"-";"Total";9;16;13;17;24;14;12;13;27;26;36;44;49;56;73;44;61;49;59;50;49;48;55;59;NA
29;"BA";2900801;"290080";"Alcobaça";"Não";"-";"Total";2;1;3;3;6;3;6;5;1;3;7;8;5;6;3;8;7;4;5;5;1;8;4;7;NA
29;"BA";2900900;"290090";"Almadina";"Não";"-";"Total";NA;NA;NA;NA;NA;NA;1;NA;NA;NA;1;2;NA;2;1;NA;NA;NA;3;1;1;1;NA;NA;NA
29;"BA";2901007;"290100";"Amargosa";"Não";"-";"Total";3;1;NA;1;3;NA;NA;2;1;5;6;4;4;3;3;2;2;6;2;3;6;6;6;4;NA
29;"BA";2901106;"290110";"Amélia Rodrigues";"Não";"Região Metropolitana de Feira de Santana";"Total";2;1;1;NA;1;3;1;2;4;5;6;11;3;4;6;2;5;NA;NA;2;2;2;1;NA;NA
29;"BA";2901155;"290115";"América Dourada";"Não";"-";"Total";NA;NA;1;NA;2;2;NA;NA;2;3;4;2;6;2;1;5;3;4;6;9;3;4;3;5;NA
29;"BA";2901205;"290120";"Anagé";"Não";"-";"Total";2;1;2;2;5;2;5;1;3;1;2;3;3;4;7;2;6;5;5;3;5;2;2;4;NA
29;"BA";2901304;"290130";"Andaraí";"Não";"-";"Total";NA;NA;NA;3;5;2;3;7;1;2;3;4;1;7;5;8;4;4;5;1;5;5;1;6;NA
29;"BA";2901353;"290135";"Andorinha";"Não";"-";"Total";1;1;1;4;NA;NA;NA;1;NA;1;NA;2;1;NA;1;1;1;1;1;1;3;3;2;NA;NA
29;"BA";2901403;"290140";"Angical";"Não";"-";"Total";NA;NA;NA;NA;1;NA;1;NA;NA;NA;NA;NA;NA;NA;NA;NA;NA;4;1;3;1;2;1;4;NA
29;"BA";2901502;"290150";"Anguera";"Não";"Área de Expansão Metropolitana";"Total";NA;NA;NA;NA;1;NA;NA;1;2;1;1;1;NA;NA;NA;NA;1;NA;1;NA;1;NA;1;1;NA
29;"BA";2901601;"290160";"Antas";"Não";"-";"Total";NA;NA;NA;2;NA;NA;2;3;1;NA;NA;6;4;2;2;3;5;4;2;NA;2;2;5;1;NA
29;"BA";2901700;"290170";"Antônio Cardoso";"Não";"Área de Expansão Metropolitana";"Total";1;NA;NA;NA;NA;1;NA;NA;1;NA;3;6;NA;2;1;NA;NA;NA;6;NA;NA;1;1;1;NA
29;"BA";2901809;"290180";"Antônio Gonçalves";"Não";"-";"Total";NA;1;2;NA;NA;NA;NA;2;1;1;NA;NA;2;NA;2;3;2;1;1;2;NA;NA;3;NA;NA
29;"BA";2901908;"290190";"Aporá";"Não";"-";"Total";NA;NA;1;1;2;NA;1;2;NA;2;2;2;2;4;2;NA;5;4;1;6;2;3;4;4;NA
29;"BA";2901957;"290195";"Apuarema";"Não";"-";"Total";NA;NA;NA;1;NA;1;NA;NA;NA;1;NA;NA;NA;NA;1;NA;NA;NA;NA;NA;NA;NA;NA;1;NA
29;"BA";2902005;"290200";"Aracatu";"Não";"-";"Total";NA;2;2;1;2;1;2;NA;NA;1;1;NA;1;3;1;4;1;1;1;3;1;3;1;2;NA
29;"BA";2902054;"290205";"Araçás";"Não";"-";"Total";1;NA;NA;1;5;1;1;1;NA;1;NA;2;5;NA;2;1;6;8;NA;1;3;4;7;1;NA
29;"BA";2902104;"290210";"Araci";"Não";"-";"Total";NA;1;NA;1;NA;2;NA;NA;3;NA;3;3;6;4;8;1;3;1;9;7;5;4;4;10;NA
29;"BA";2902203;"290220";"Aramari";"Não";"-";"Total";1;NA;NA;3;1;NA;1;NA;NA;1;NA;2;1;NA;NA;1;1;1;NA;NA;1;NA;1;2;NA
29;"BA";2902252;"290225";"Arataca";"Não";"-";"Total";NA;1;2;2;4;1;3;6;2;4;9;3;7;4;3;6;2;3;3;1;4;NA;2;12;NA
29;"BA";2902302;"290230";"Aratuípe";"Não";"-";"Total";NA;1;NA;1;NA;NA;2;1;NA;3;1;NA;NA;NA;NA;NA;1;NA;2;2;NA;NA;1;3;NA
29;"BA";2902401;"290240";"Aurelino Leal";"Não";"-";"Total";NA;NA;2;NA;2;NA;NA;1;NA;3;1;1;1;2;1;NA;1;1;NA;NA;NA;NA;1;3;NA
29;"BA";2902500;"290250";"Baianópolis";"Não";"-";"Total";2;NA;NA;NA;NA;NA;NA;NA;NA;NA;NA;NA;NA;NA;NA;NA;2;2;NA;2;NA;1;5;5;NA
29;"BA";2902609;"290260";"Baixa Grande";"Não";"-";"Total";1;3;2;2;NA;4;1;2;NA;1;1;2;1;NA;1;NA;2;4;3;5;2;7;2;2;NA
29;"BA";2902658;"290265";"Banzaê";"Não";"-";"Total";NA;NA;NA;NA;NA;NA;NA;NA;1;NA;NA;NA;1;NA;NA;NA;1;1;1;1;NA;1;2;2;NA
29;"BA";2902708;"290270";"Barra";"Não";"-";"Total";1;2;2;1;NA;1;1;2;4;3;5;7;8;13;11;4;3;9;9;9;NA;4;8;5;NA
29;"BA";2902807;"290280";"Barra da Estiva";"Não";"-";"Total";NA;1;2;NA;NA;2;1;2;3;2;NA;2;5;4;5;6;6;5;2;5;1;4;3;6;NA
29;"BA";2902906;"290290";"Barra do Choça";"Não";"-";"Total";2;1;NA;2;NA;2;1;1;2;7;5;3;6;3;3;1;5;2;2;7;4;3;3;5;NA
29;"BA";2903003;"290300";"Barra do Mendes";"Não";"-";"Total";NA;NA;NA;1;NA;NA;1;NA;1;NA;NA;1;2;5;NA;1;2;4;4;4;2;1;NA;1;NA
29;"BA";2903102;"290310";"Barra do Rocha";"Não";"-";"Total";2;NA;NA;NA;NA;NA;NA;NA;NA;1;1;NA;NA;NA;1;2;1;1;NA;NA;1;NA;1;2;NA
29;"BA";2903201;"290320";"Barreiras";"Não";"-";"Total";5;7;4;8;4;9;3;5;NA;1;3;3;1;1;9;NA;82;71;46;78;77;78;83;95;NA
29;"BA";2903235;"290323";"Barro Alto";"Não";"-";"Total";NA;1;NA;NA;1;NA;NA;NA;NA;2;2;6;NA;2;1;1;NA;2;NA;1;2;1;4;4;NA
29;"BA";2903276;"290327";"Barrocas";"Não";"-";"Total";NA;NA;NA;NA;NA;1;NA;NA;NA;NA;NA;2;1;4;1;NA;NA;1;2;3;1;1;1;NA;NA
29;"BA";2903300;"290330";"Barro Preto";"Não";"-";"Total";NA;NA;NA;NA;NA;NA;NA;NA;NA;NA;NA;NA;NA;1;2;1;2;2;1;NA;NA;NA;1;2;NA
29;"BA";2903409;"290340";"Belmonte";"Não";"-";"Total";NA;NA;2;1;2;3;1;1;1;1;2;5;NA;1;2;NA;NA;1;NA;1;1;3;1;1;NA
29;"BA";2903508;"290350";"Belo Campo";"Não";"-";"Total";NA;NA;NA;NA;5;7;NA;4;2;NA;9;8;2;8;6;2;3;3;2;NA;4;2;7;2;NA
29;"BA";2903607;"290360";"Biritinga";"Não";"-";"Total";NA;NA;NA;NA;NA;NA;NA;NA;NA;NA;NA;NA;NA;NA;NA;NA;NA;1;NA;2;1;2;3;7;NA
29;"BA";2903706;"290370";"Boa Nova";"Não";"-";"Total";NA;1;NA;1;NA;3;1;1;1;8;1;2;3;2;NA;6;5;3;2;2;4;6;2;1;NA
29;"BA";2903805;"290380";"Boa Vista do Tupim";"Não";"-";"Total";NA;NA;NA;NA;2;4;1;3;14;3;NA;2;NA;1;NA;2;2;2;4;2;4;2;4;2;NA
29;"BA";2903904;"290390";"Bom Jesus da Lapa";"Não";"-";"Total";2;2;3;5;NA;6;4;3;5;5;4;8;9;2;3;2;8;15;10;13;17;19;18;15;NA
29;"BA";2903953;"290395";"Bom Jesus da Serra";"Não";"-";"Total";NA;1;NA;NA;NA;NA;NA;NA;2;1;2;1;3;1;NA;2;1;1;NA;1;3;1;2;3;NA
29;"BA";2904001;"290400";"Boninal";"Não";"-";"Total";NA;NA;NA;NA;1;NA;1;NA;1;NA;1;1;1;3;3;1;1;1;1;NA;1;1;1;2;NA
29;"BA";2904050;"290405";"Bonito";"Não";"-";"Total";NA;NA;NA;NA;NA;2;NA;2;2;1;NA;5;1;3;3;3;4;3;3;1;3;6;1;NA;NA
29;"BA";2904100;"290410";"Boquira";"Não";"-";"Total";NA;NA;3;NA;NA;2;1;NA;NA;2;NA;1;NA;1;3;2;2;3;1;NA;1;1;4;4;NA
29;"BA";2904209;"290420";"Botuporã";"Não";"-";"Total";NA;NA;NA;NA;NA;NA;NA;1;NA;1;NA;2;NA;NA;1;1;1;1;NA;NA;NA;NA;4;1;NA
29;"BA";2904308;"290430";"Brejões";"Não";"-";"Total";NA;NA;NA;1;2;1;1;NA;NA;NA;2;21;1;2;8;3;2;1;2;1;1;3;1;3;NA
29;"BA";2904407;"290440";"Brejolândia";"Não";"-";"Total";1;1;NA;NA;NA;NA;1;NA;NA;NA;NA;1;NA;NA;NA;NA;2;1;1;1;NA;4;2;5;NA
29;"BA";2904506;"290450";"Brotas de Macaúbas";"Não";"-";"Total";NA;1;1;NA;NA;NA;NA;1;NA;NA;1;3;1;3;4;3;5;5;2;2;NA;2;2;3;NA
29;"BA";2904605;"290460";"Brumado";"Não";"-";"Total";2;4;1;2;1;3;3;2;6;7;10;9;6;2;6;9;11;12;11;21;16;21;14;19;NA
29;"BA";2904704;"290470";"Buerarema";"Não";"-";"Total";NA;2;1;2;3;1;1;NA;1;NA;3;NA;3;4;2;2;NA;2;1;NA;3;2;NA;NA;NA
29;"BA";2904753;"290475";"Buritirama";"Não";"-";"Total";NA;1;NA;NA;1;NA;1;1;1;NA;NA;3;1;3;3;3;1;2;1;4;NA;NA;NA;3;NA
29;"BA";2904803;"290480";"Caatiba";"Não";"-";"Total";NA;1;1;NA;NA;NA;NA;NA;NA;NA;NA;1;NA;2;NA;NA;2;1;NA;NA;NA;1;NA;NA;NA
29;"BA";2904852;"290485";"Cabaceiras do Paraguaçu";"Não";"-";"Total";NA;NA;1;NA;NA;1;NA;NA;1;1;2;1;1;NA;5;NA;NA;2;2;3;2;1;1;1;NA
29;"BA";2904902;"290490";"Cachoeira";"Não";"-";"Total";1;NA;NA;NA;2;NA;1;8;NA;3;2;1;6;3;5;5;2;NA;NA;2;2;2;1;2;NA
29;"BA";2905008;"290500";"Caculé";"Não";"-";"Total";NA;2;1;NA;NA;1;2;NA;1;4;2;4;NA;3;NA;NA;NA;2;NA;NA;6;1;1;2;NA
29;"BA";2905107;"290510";"Caém";"Não";"-";"Total";NA;NA;2;NA;NA;NA;3;NA;NA;1;NA;NA;NA;1;NA;NA;2;1;NA;2;NA;1;1;2;NA
29;"BA";2905156;"290515";"Caetanos";"Não";"-";"Total";NA;NA;NA;NA;NA;NA;1;NA;NA;NA;1;1;NA;2;1;2;NA;NA;NA;NA;1;NA;1;NA;NA
29;"BA";2905206;"290520";"Caetité";"Não";"-";"Total";2;NA;2;3;3;3;6;4;3;7;9;7;11;10;9;8;8;5;6;13;5;16;5;4;NA
29;"BA";2905305;"290530";"Cafarnaum";"Não";"-";"Total";NA;1;NA;1;1;1;1;NA;2;NA;2;1;4;1;3;1;2;2;3;5;NA;2;1;3;NA
29;"BA";2905404;"290540";"Cairu";"Não";"-";"Total";NA;NA;NA;NA;NA;NA;NA;1;NA;NA;NA;NA;NA;NA;NA;NA;NA;NA;1;NA;NA;1;NA;1;NA
29;"BA";2905503;"290550";"Caldeirão Grande";"Não";"-";"Total";NA;NA;NA;NA;1;NA;NA;NA;1;NA;NA;NA;NA;NA;1;NA;4;5;2;3;2;2;2;3;NA
29;"BA";2905602;"290560";"Camacan";"Não";"-";"Total";2;2;1;1;1;7;5;2;11;6;11;5;7;8;6;3;1;4;2;4;10;7;4;3;NA
29;"BA";2905701;"290570";"Camaçari";"Não";"Região Metropolitana de Salvador";"Total";3;5;7;8;5;24;37;29;16;18;41;41;53;45;39;38;20;42;19;33;23;24;42;31;NA
29;"BA";2905800;"290580";"Camamu";"Não";"-";"Total";3;1;8;NA;1;1;2;2;3;9;4;4;4;5;4;3;5;4;9;3;2;1;5;3;NA
29;"BA";2905909;"290590";"Campo Alegre de Lourdes";"Não";"-";"Total";NA;NA;NA;1;NA;1;NA;1;2;1;2;4;3;2;3;2;3;4;NA;6;4;1;2;5;NA
29;"BA";2906006;"290600";"Campo Formoso";"Não";"-";"Total";2;7;3;NA;8;4;3;4;5;1;7;4;11;4;11;12;6;12;5;6;13;10;14;15;NA
29;"BA";2906105;"290610";"Canápolis";"Não";"-";"Total";NA;NA;1;NA;NA;NA;NA;NA;NA;NA;NA;NA;2;1;1;1;NA;NA;1;NA;NA;1;1;1;NA
29;"BA";2906204;"290620";"Canarana";"Não";"-";"Total";1;NA;NA;1;NA;1;1;NA;NA;2;7;5;3;1;3;2;NA;5;4;2;1;3;4;1;NA
29;"BA";2906303;"290630";"Canavieiras";"Não";"-";"Total";NA;1;3;1;3;2;1;2;3;3;1;3;4;NA;3;NA;1;NA;NA;1;2;NA;2;5;NA
29;"BA";2906402;"290640";"Candeal";"Não";"Área de Expansão Metropolitana";"Total";NA;1;NA;NA;NA;NA;NA;NA;NA;NA;NA;NA;NA;1;1;2;NA;NA;NA;6;NA;1;4;2;NA
29;"BA";2906501;"290650";"Candeias";"Não";"Região Metropolitana de Salvador";"Total";2;1;NA;4;1;13;11;5;8;1;16;10;20;5;19;9;15;8;5;5;6;1;5;11;NA
29;"BA";2906600;"290660";"Candiba";"Não";"-";"Total";1;NA;1;NA;NA;NA;NA;NA;1;3;3;1;5;4;3;2;2;5;1;2;2;2;2;2;NA
29;"BA";2906709;"290670";"Cândido Sales";"Não";"-";"Total";5;3;3;3;3;2;4;5;5;4;13;3;3;8;7;1;5;5;6;3;1;5;5;3;NA
29;"BA";2906808;"290680";"Cansanção";"Não";"-";"Total";1;2;2;NA;2;NA;1;NA;3;4;2;4;5;5;3;4;10;7;7;4;5;3;6;11;NA
29;"BA";2906824;"290682";"Canudos";"Não";"-";"Total";2;2;2;NA;2;NA;1;4;1;NA;7;3;6;6;1;5;4;4;4;3;6;6;4;3;NA
29;"BA";2906857;"290685";"Capela do Alto Alegre";"Não";"-";"Total";NA;3;NA;NA;NA;NA;NA;NA;NA;1;1;1;2;NA;1;NA;NA;2;1;2;1;1;1;NA;NA
29;"BA";2906873;"290687";"Capim Grosso";"Não";"-";"Total";3;4;2;2;1;3;1;3;1;1;NA;1;NA;NA;NA;5;8;3;5;6;2;2;8;5;NA
29;"BA";2906899;"290689";"Caraíbas";"Não";"-";"Total";2;3;1;1;1;1;1;1;1;3;4;3;1;3;2;2;4;1;4;4;3;1;1;NA;NA
29;"BA";2906907;"290690";"Caravelas";"Não";"-";"Total";1;1;2;2;4;1;3;3;6;3;NA;6;2;10;6;4;4;6;NA;7;6;5;7;5;NA
29;"BA";2907004;"290700";"Cardeal da Silva";"Não";"-";"Total";NA;NA;NA;NA;2;1;NA;NA;1;NA;1;1;NA;1;3;1;NA;2;1;NA;1;NA;3;NA;NA
29;"BA";2907103;"290710";"Carinhanha";"Não";"-";"Total";5;1;NA;1;1;1;1;NA;NA;1;NA;NA;6;5;11;1;3;1;7;1;4;2;NA;3;NA
29;"BA";2907202;"290720";"Casa Nova";"Não";"Região Administrativa Integrada de Desenvolvimento do Polo Petrolina/PE e Juazeiro/BA";"Total";1;3;5;2;2;5;10;2;4;3;3;10;19;9;14;9;16;6;16;15;14;12;18;14;NA
29;"BA";2907301;"290730";"Castro Alves";"Não";"-";"Total";NA;NA;NA;NA;NA;NA;2;3;1;2;2;4;1;2;5;2;2;2;4;5;2;1;1;4;NA
29;"BA";2907400;"290740";"Catolândia";"Não";"-";"Total";NA;NA;NA;NA;NA;NA;1;NA;NA;NA;NA;NA;NA;NA;NA;NA;NA;1;NA;NA;1;NA;NA;NA;NA
29;"BA";2907509;"290750";"Catu";"Não";"-";"Total";NA;3;3;10;11;3;5;7;5;7;5;6;9;2;7;5;6;6;8;8;3;6;5;6;NA
29;"BA";2907558;"290755";"Caturama";"Não";"-";"Total";NA;NA;NA;NA;NA;NA;NA;2;NA;1;1;NA;3;1;2;NA;2;1;NA;NA;2;1;NA;2;NA
29;"BA";2907608;"290760";"Central";"Não";"-";"Total";NA;NA;NA;1;NA;NA;1;NA;3;4;4;NA;5;2;2;NA;4;3;NA;2;2;4;1;7;NA
29;"BA";2907707;"290770";"Chorrochó";"Não";"-";"Total";NA;NA;2;1;NA;4;1;3;5;5;8;2;4;4;2;3;3;4;3;4;3;2;3;4;NA
29;"BA";2907806;"290780";"Cícero Dantas";"Não";"-";"Total";NA;NA;4;NA;1;1;NA;3;NA;NA;6;2;3;5;2;7;10;4;4;2;5;6;6;5;NA
29;"BA";2907905;"290790";"Cipó";"Não";"-";"Total";NA;1;1;3;NA;3;NA;1;1;NA;2;1;3;2;2;3;NA;NA;4;2;3;2;1;4;NA
29;"BA";2908002;"290800";"Coaraci";"Não";"-";"Total";NA;NA;3;NA;NA;2;2;NA;NA;3;3;2;1;2;1;2;NA;1;1;1;NA;2;1;3;NA
29;"BA";2908101;"290810";"Cocos";"Não";"-";"Total";NA;NA;1;NA;1;NA;NA;NA;NA;2;1;2;2;NA;NA;1;1;NA;3;3;6;4;5;2;NA
29;"BA";2908200;"290820";"Conceição da Feira";"Não";"Região Metropolitana de Feira de Santana";"Total";NA;NA;NA;NA;NA;NA;2;NA;NA;1;NA;1;3;4;1;NA;4;2;2;1;3;1;1;2;NA
29;"BA";2908309;"290830";"Conceição do Almeida";"Não";"-";"Total";1;5;2;NA;NA;3;3;1;1;NA;3;5;15;3;6;6;4;1;2;4;4;1;5;5;NA
29;"BA";2908408;"290840";"Conceição do Coité";"Não";"-";"Total";1;1;NA;1;NA;3;1;1;2;1;6;4;4;4;2;2;1;1;6;8;8;8;7;11;NA
29;"BA";2908507;"290850";"Conceição do Jacuípe";"Não";"Região Metropolitana de Feira de Santana";"Total";2;NA;1;NA;NA;NA;1;4;1;1;10;2;7;9;7;5;5;1;NA;6;8;3;2;5;NA
29;"BA";2908606;"290860";"Conde";"Não";"-";"Total";NA;5;3;1;3;2;6;4;5;5;2;8;6;10;9;5;3;5;3;NA;3;5;NA;9;NA
29;"BA";2908705;"290870";"Condeúba";"Não";"-";"Total";NA;NA;3;1;2;NA;1;NA;1;1;NA;NA;4;2;2;3;1;2;1;2;3;2;1;NA;NA
29;"BA";2908804;"290880";"Contendas do Sincorá";"Não";"-";"Total";NA;NA;NA;NA;NA;NA;NA;6;NA;1;NA;NA;1;NA;NA;NA;NA;1;NA;NA;NA;NA;1;3;NA
29;"BA";2908903;"290890";"Coração de Maria";"Não";"Área de Expansão Metropolitana";"Total";NA;NA;1;NA;NA;1;NA;3;NA;7;2;1;NA;7;2;5;3;5;1;NA;4;4;1;4;NA
29;"BA";2909000;"290900";"Cordeiros";"Não";"-";"Total";NA;NA;1;NA;1;NA;NA;1;NA;NA;NA;NA;2;4;4;NA;NA;1;NA;2;NA;NA;1;1;NA
29;"BA";2909109;"290910";"Coribe";"Não";"-";"Total";1;2;NA;1;2;1;2;1;NA;NA;2;NA;5;4;3;1;1;4;1;1;1;7;1;2;NA
29;"BA";2909208;"290920";"Coronel João Sá";"Não";"-";"Total";NA;NA;1;NA;NA;2;NA;2;1;3;3;1;NA;NA;6;2;3;1;NA;NA;2;2;3;NA;NA
29;"BA";2909307;"290930";"Correntina";"Não";"-";"Total";4;3;7;4;1;3;6;1;1;1;2;6;16;15;8;9;20;11;7;17;9;14;27;20;NA
29;"BA";2909406;"290940";"Cotegipe";"Não";"-";"Total";NA;NA;1;NA;NA;NA;NA;NA;NA;NA;NA;NA;NA;NA;NA;NA;1;NA;2;3;NA;1;1;1;NA
29;"BA";2909505;"290950";"Cravolândia";"Não";"-";"Total";NA;1;1;NA;NA;NA;1;1;1;NA;NA;NA;NA;NA;NA;NA;NA;1;NA;NA;NA;NA;NA;NA;NA
29;"BA";2909604;"290960";"Crisópolis";"Não";"-";"Total";NA;NA;1;3;2;1;1;1;1;1;1;5;7;5;3;2;6;4;7;2;2;3;3;6;NA
29;"BA";2909703;"290970";"Cristópolis";"Não";"-";"Total";1;2;1;NA;1;2;NA;2;NA;NA;1;NA;NA;NA;NA;NA;9;5;5;6;4;5;2;3;NA
29;"BA";2909802;"290980";"Cruz das Almas";"Não";"-";"Total";2;4;1;4;2;1;5;10;3;6;7;8;8;8;10;8;7;3;5;8;1;8;9;13;NA
29;"BA";2909901;"290990";"Curaçá";"Não";"Região Administrativa Integrada de Desenvolvimento do Polo Petrolina/PE e Juazeiro/BA";"Total";NA;NA;3;NA;3;5;4;NA;NA;2;5;NA;5;6;14;3;6;4;6;5;11;6;4;6;NA
29;"BA";2910008;"291000";"Dário Meira";"Não";"-";"Total";NA;NA;1;NA;NA;1;NA;NA;2;NA;NA;1;1;NA;1;1;NA;1;1;NA;NA;NA;1;3;NA
29;"BA";2910057;"291005";"Dias d'Ávila";"Não";"Região Metropolitana de Salvador";"Total";4;NA;2;1;NA;3;3;2;NA;NA;1;3;4;4;6;3;1;NA;2;3;2;4;3;1;NA
29;"BA";2910107;"291010";"Dom Basílio";"Não";"-";"Total";NA;NA;NA;1;NA;NA;1;1;NA;2;1;NA;NA;2;4;4;4;1;1;4;1;2;NA;1;NA
29;"BA";2910206;"291020";"Dom Macedo Costa";"Não";"-";"Total";NA;NA;NA;NA;NA;NA;NA;NA;NA;NA;NA;NA;NA;1;NA;NA;NA;NA;NA;NA;NA;NA;NA;NA;NA
29;"BA";2910305;"291030";"Elísio Medrado";"Não";"-";"Total";1;NA;NA;NA;NA;NA;NA;3;NA;2;1;1;2;2;NA;1;2;1;1;1;1;NA;2;1;NA
29;"BA";2910404;"291040";"Encruzilhada";"Não";"-";"Total";2;2;1;1;1;5;2;2;5;3;3;7;10;5;5;4;6;4;4;3;6;4;5;6;NA
29;"BA";2910503;"291050";"Entre Rios";"Não";"-";"Total";NA;4;10;3;2;7;5;6;4;3;10;5;10;11;16;10;17;22;10;5;9;10;9;7;NA
29;"BA";2910602;"291060";"Esplanada";"Não";"-";"Total";3;5;7;10;11;11;8;5;7;6;6;10;9;12;11;6;5;13;8;12;8;15;10;10;NA
29;"BA";2910701;"291070";"Euclides da Cunha";"Não";"-";"Total";3;1;5;3;7;6;6;3;3;8;9;9;12;11;10;11;9;13;21;14;6;16;14;14;NA
29;"BA";2910727;"291072";"Eunápolis";"Não";"-";"Total";15;11;8;20;13;17;14;17;15;9;17;15;14;13;13;14;13;18;21;10;26;29;14;16;NA
29;"BA";2910750;"291075";"Fátima";"Não";"-";"Total";NA;1;NA;NA;3;1;NA;1;NA;1;NA;5;4;4;2;NA;4;2;5;2;NA;2;2;1;NA
29;"BA";2910776;"291077";"Feira da Mata";"Não";"-";"Total";NA;NA;NA;NA;NA;NA;NA;NA;NA;NA;NA;NA;NA;NA;1;NA;NA;NA;NA;NA;1;1;1;NA;NA
29;"BA";2910800;"291080";"Feira de Santana";"Não";"Região Metropolitana de Feira de Santana";"Total";44;22;19;13;16;31;58;87;79;83;107;96;96;94;84;37;29;46;46;26;86;129;176;179;NA
29;"BA";2910859;"291085";"Filadélfia";"Não";"-";"Total";NA;NA;NA;2;1;NA;1;1;5;2;3;1;3;2;9;8;6;4;2;NA;NA;4;8;5;NA
29;"BA";2910909;"291090";"Firmino Alves";"Não";"-";"Total";2;1;1;NA;NA;NA;NA;NA;1;NA;NA;NA;1;1;1;NA;3;1;NA;NA;NA;NA;NA;2;NA
29;"BA";2911006;"291100";"Floresta Azul";"Não";"-";"Total";1;NA;NA;1;2;NA;1;NA;NA;NA;8;NA;1;6;1;NA;2;1;1;NA;1;NA;NA;NA;NA
29;"BA";2911105;"291110";"Formosa do Rio Preto";"Não";"-";"Total";NA;NA;NA;NA;2;1;NA;1;1;NA;NA;1;NA;NA;1;NA;2;9;2;7;3;8;6;3;NA
29;"BA";2911204;"291120";"Gandu";"Não";"-";"Total";3;NA;5;4;2;2;3;8;3;2;NA;2;5;3;7;7;2;6;5;6;4;5;3;4;NA
29;"BA";2911253;"291125";"Gavião";"Não";"-";"Total";NA;1;NA;NA;NA;NA;NA;1;NA;NA;NA;NA;NA;NA;1;3;2;2;NA;NA;1;1;NA;NA;NA
29;"BA";2911303;"291130";"Gentio do Ouro";"Não";"-";"Total";NA;NA;NA;NA;NA;NA;NA;1;NA;NA;1;NA;NA;4;3;1;1;NA;2;1;3;3;1;3;NA
29;"BA";2911402;"291140";"Glória";"Não";"-";"Total";4;1;NA;NA;NA;1;NA;NA;1;1;NA;NA;1;1;4;2;3;2;NA;2;2;4;2;2;NA
29;"BA";2911501;"291150";"Gongogi";"Não";"-";"Total";NA;NA;NA;NA;NA;NA;1;NA;NA;NA;NA;NA;1;NA;NA;NA;1;NA;NA;NA;1;4;NA;NA;NA
29;"BA";2911600;"291160";"Governador Mangabeira";"Não";"-";"Total";3;1;2;NA;2;NA;2;4;1;3;1;4;6;8;12;7;3;6;3;6;6;1;3;6;NA
29;"BA";2911659;"291165";"Guajeru";"Não";"-";"Total";NA;NA;1;NA;NA;NA;NA;NA;1;NA;1;NA;NA;1;1;NA;NA;2;NA;NA;NA;2;2;2;NA
29;"BA";2911709;"291170";"Guanambi";"Não";"-";"Total";8;5;5;3;8;10;9;13;11;14;21;23;18;36;35;40;37;25;30;24;19;22;39;65;NA
29;"BA";2911808;"291180";"Guaratinga";"Não";"-";"Total";2;NA;NA;NA;1;1;NA;1;3;NA;3;2;3;1;1;4;4;NA;NA;1;1;NA;2;1;NA
29;"BA";2911857;"291185";"Heliópolis";"Não";"-";"Total";NA;NA;NA;NA;1;NA;NA;NA;NA;NA;1;NA;NA;2;2;1;2;NA;NA;NA;1;1;1;1;NA
29;"BA";2911907;"291190";"Iaçu";"Não";"-";"Total";1;NA;1;1;4;3;1;1;2;3;1;5;1;5;3;1;3;3;9;2;5;3;4;5;NA
29;"BA";2912004;"291200";"Ibiassucê";"Não";"-";"Total";1;NA;NA;1;NA;1;NA;2;3;NA;2;5;5;1;2;2;1;1;NA;1;3;2;NA;2;NA
29;"BA";2912103;"291210";"Ibicaraí";"Não";"-";"Total";NA;NA;1;1;NA;2;2;3;1;7;NA;2;6;2;NA;2;4;2;5;3;1;3;2;1;NA
29;"BA";2912202;"291220";"Ibicoara";"Não";"-";"Total";NA;NA;1;NA;2;3;1;2;1;1;3;2;5;2;4;5;3;1;1;1;2;1;4;6;NA
29;"BA";2912301;"291230";"Ibicuí";"Não";"-";"Total";NA;NA;NA;1;NA;1;NA;2;1;1;NA;1;NA;1;3;1;1;2;NA;NA;NA;2;NA;1;NA
29;"BA";2912400;"291240";"Ibipeba";"Não";"-";"Total";NA;2;NA;NA;1;1;NA;NA;1;2;NA;3;2;3;1;1;5;3;NA;3;3;1;2;1;NA
29;"BA";2912509;"291250";"Ibipitanga";"Não";"-";"Total";NA;NA;NA;NA;NA;NA;NA;NA;NA;NA;NA;NA;NA;1;NA;NA;NA;1;NA;NA;NA;NA;2;3;NA
29;"BA";2912608;"291260";"Ibiquera";"Não";"-";"Total";NA;NA;NA;1;1;1;NA;3;NA;1;NA;1;NA;NA;NA;NA;NA;NA;1;1;NA;NA;1;1;NA
29;"BA";2912707;"291270";"Ibirapitanga";"Não";"-";"Total";3;1;2;1;NA;3;7;13;12;10;15;12;2;2;5;1;4;3;5;9;5;4;NA;6;NA
29;"BA";2912806;"291280";"Ibirapuã";"Não";"-";"Total";NA;NA;NA;NA;NA;NA;1;4;1;NA;2;NA;1;5;4;6;1;1;1;1;3;NA;3;2;NA
29;"BA";2912905;"291290";"Ibirataia";"Não";"-";"Total";1;NA;2;2;2;1;NA;3;2;1;NA;1;1;2;3;4;NA;NA;NA;NA;NA;5;NA;1;NA
29;"BA";2913002;"291300";"Ibitiara";"Não";"-";"Total";3;1;1;NA;2;3;NA;1;NA;4;3;4;2;2;4;4;2;1;4;1;6;3;5;4;NA
29;"BA";2913101;"291310";"Ibititá";"Não";"-";"Total";NA;NA;NA;NA;NA;NA;NA;1;NA;NA;NA;3;2;3;3;6;1;NA;2;1;1;2;3;3;NA
29;"BA";2913200;"291320";"Ibotirama";"Não";"-";"Total";1;1;NA;NA;4;2;3;1;1;3;1;2;NA;NA;NA;NA;4;8;3;4;5;5;12;6;NA
29;"BA";2913309;"291330";"Ichu";"Não";"-";"Total";NA;NA;NA;NA;NA;NA;NA;NA;NA;NA;NA;NA;NA;NA;1;NA;NA;1;NA;NA;NA;NA;NA;NA;NA
29;"BA";2913408;"291340";"Igaporã";"Não";"-";"Total";NA;NA;NA;NA;NA;3;1;NA;1;1;3;4;2;1;NA;3;NA;3;2;1;2;2;1;2;NA
29;"BA";2913457;"291345";"Igrapiúna";"Não";"-";"Total";NA;1;1;1;3;NA;1;4;1;NA;2;2;1;NA;1;NA;4;1;2;2;1;1;NA;NA;NA
29;"BA";2913507;"291350";"Iguaí";"Não";"-";"Total";NA;NA;2;NA;NA;NA;1;NA;2;NA;2;1;3;2;NA;2;NA;2;NA;NA;NA;3;NA;NA;NA
29;"BA";2913606;"291360";"Ilhéus";"Não";"-";"Total";6;9;11;28;26;31;24;30;33;28;37;21;30;11;24;14;9;12;13;30;11;8;11;19;NA
29;"BA";2913705;"291370";"Inhambupe";"Não";"-";"Total";2;2;NA;2;4;4;5;6;1;3;4;8;8;6;15;10;6;5;4;5;7;3;9;6;NA
29;"BA";2913804;"291380";"Ipecaetá";"Não";"Área de Expansão Metropolitana";"Total";NA;NA;NA;NA;NA;NA;NA;NA;1;1;1;NA;NA;1;1;NA;NA;1;NA;NA;NA;1;3;1;NA
29;"BA";2913903;"291390";"Ipiaú";"Não";"-";"Total";NA;4;2;1;NA;1;NA;1;4;3;9;4;3;2;5;5;2;8;2;2;4;3;4;3;NA
29;"BA";2914000;"291400";"Ipirá";"Não";"-";"Total";NA;1;7;3;NA;3;1;3;3;3;7;7;10;5;5;4;2;9;11;19;9;6;7;9;NA
29;"BA";2914109;"291410";"Ipupiara";"Não";"-";"Total";NA;NA;NA;NA;NA;NA;NA;NA;NA;NA;NA;NA;1;1;2;2;NA;2;NA;2;NA;1;5;2;NA
29;"BA";2914208;"291420";"Irajuba";"Não";"-";"Total";4;NA;NA;NA;NA;NA;NA;NA;1;1;1;1;4;NA;4;7;1;4;1;2;2;3;4;3;NA
29;"BA";2914307;"291430";"Iramaia";"Não";"-";"Total";NA;NA;NA;NA;NA;NA;NA;2;1;3;1;2;1;1;1;1;2;NA;NA;NA;2;1;NA;3;NA
29;"BA";2914406;"291440";"Iraquara";"Não";"-";"Total";NA;NA;1;3;2;NA;1;3;NA;4;2;2;4;5;3;4;10;3;3;3;3;3;7;6;NA
29;"BA";2914505;"291450";"Irará";"Não";"Área de Expansão Metropolitana";"Total";NA;NA;NA;NA;NA;2;NA;2;1;NA;2;3;1;NA;1;2;1;1;1;1;3;NA;1;4;NA
29;"BA";2914604;"291460";"Irecê";"Não";"-";"Total";3;3;3;2;1;2;2;4;14;11;17;22;31;39;37;42;44;36;21;29;38;32;23;45;NA
29;"BA";2914653;"291465";"Itabela";"Não";"-";"Total";11;4;9;12;8;11;7;10;5;14;10;8;8;8;10;9;8;15;11;11;7;7;7;7;NA
29;"BA";2914703;"291470";"Itaberaba";"Não";"-";"Total";NA;4;8;12;3;9;9;7;19;9;13;12;38;18;3;3;3;9;6;13;7;12;6;14;NA
29;"BA";2914802;"291480";"Itabuna";"Não";"-";"Total";19;22;24;14;73;53;45;64;59;58;60;63;61;71;71;57;59;55;33;38;57;53;50;52;NA
29;"BA";2914901;"291490";"Itacaré";"Não";"-";"Total";NA;NA;1;1;2;1;NA;1;NA;1;3;2;2;NA;NA;1;NA;NA;4;2;NA;NA;NA;1;NA
29;"BA";2915007;"291500";"Itaeté";"Não";"-";"Total";NA;NA;1;2;2;2;2;NA;1;1;2;1;NA;NA;4;1;1;2;1;1;1;2;1;4;NA
29;"BA";2915106;"291510";"Itagi";"Não";"-";"Total";NA;NA;NA;NA;NA;NA;NA;1;NA;2;1;2;1;1;NA;4;3;NA;3;1;NA;3;1;1;NA
29;"BA";2915205;"291520";"Itagibá";"Não";"-";"Total";NA;2;NA;NA;1;NA;NA;1;3;1;NA;NA;1;3;NA;4;NA;1;NA;4;2;NA;1;2;NA
29;"BA";2915304;"291530";"Itagimirim";"Não";"-";"Total";3;NA;4;1;5;NA;2;2;2;1;1;5;4;NA;2;NA;NA;2;1;NA;3;2;1;8;NA
29;"BA";2915353;"291535";"Itaguaçu da Bahia";"Não";"-";"Total";NA;NA;NA;NA;NA;NA;1;2;NA;3;1;3;5;2;NA;4;5;NA;3;3;1;3;2;3;NA
29;"BA";2915403;"291540";"Itaju do Colônia";"Não";"-";"Total";NA;NA;NA;1;NA;2;1;NA;NA;NA;NA;1;NA;NA;NA;NA;NA;NA;NA;1;2;NA;1;1;NA
29;"BA";2915502;"291550";"Itajuípe";"Não";"-";"Total";1;NA;3;1;NA;3;NA;1;2;4;NA;4;4;2;2;5;2;4;NA;NA;2;NA;1;4;NA
29;"BA";2915601;"291560";"Itamaraju";"Não";"-";"Total";9;9;14;22;6;4;15;15;8;6;18;25;14;23;13;9;14;12;13;10;18;11;18;17;NA
29;"BA";2915700;"291570";"Itamari";"Não";"-";"Total";1;NA;1;1;NA;NA;NA;NA;3;1;NA;NA;NA;NA;NA;2;1;3;1;2;1;NA;1;NA;NA
29;"BA";2915809;"291580";"Itambé";"Não";"-";"Total";3;NA;2;1;1;NA;NA;NA;2;1;NA;2;4;3;6;4;4;4;2;1;1;3;4;3;NA
29;"BA";2915908;"291590";"Itanagra";"Não";"-";"Total";NA;NA;NA;1;NA;NA;NA;NA;NA;NA;NA;NA;NA;1;NA;1;NA;NA;NA;1;1;NA;NA;NA;NA
29;"BA";2916005;"291600";"Itanhém";"Não";"-";"Total";1;NA;NA;1;2;NA;2;NA;5;2;1;1;NA;NA;NA;NA;NA;1;6;2;2;2;2;NA;NA
29;"BA";2916104;"291610";"Itaparica";"Não";"Região Metropolitana de Salvador";"Total";NA;NA;NA;NA;NA;3;2;2;3;NA;1;8;4;6;6;NA;3;1;3;2;3;1;2;2;NA
29;"BA";2916203;"291620";"Itapé";"Não";"-";"Total";NA;2;NA;NA;1;2;NA;NA;1;2;1;1;NA;NA;3;NA;NA;2;NA;1;2;1;3;1;NA
29;"BA";2916302;"291630";"Itapebi";"Não";"-";"Total";4;3;2;6;1;2;5;8;5;10;1;3;1;2;9;NA;4;3;4;3;1;1;5;7;NA
29;"BA";2916401;"291640";"Itapetinga";"Não";"-";"Total";2;1;8;6;3;5;2;7;4;12;12;10;11;10;10;9;10;7;2;NA;7;11;10;12;NA
29;"BA";2916500;"291650";"Itapicuru";"Não";"-";"Total";1;1;1;NA;1;3;2;3;1;3;3;5;3;3;4;7;NA;6;5;3;7;2;6;12;NA
29;"BA";2916609;"291660";"Itapitanga";"Não";"-";"Total";NA;NA;1;NA;NA;NA;1;NA;NA;NA;NA;NA;NA;NA;NA;1;NA;NA;1;NA;NA;NA;NA;1;NA
29;"BA";2916708;"291670";"Itaquara";"Não";"-";"Total";NA;NA;1;NA;1;NA;NA;NA;NA;2;NA;NA;NA;1;1;1;2;NA;NA;1;NA;NA;4;2;NA
29;"BA";2916807;"291680";"Itarantim";"Não";"-";"Total";2;2;1;NA;NA;NA;1;2;2;3;2;2;2;NA;2;5;1;NA;NA;NA;NA;NA;1;1;NA
29;"BA";2916856;"291685";"Itatim";"Não";"-";"Total";NA;NA;NA;NA;NA;2;1;5;2;10;8;7;1;3;1;3;2;2;6;4;4;4;4;3;NA
29;"BA";2916906;"291690";"Itiruçu";"Não";"-";"Total";NA;NA;1;NA;NA;NA;4;NA;1;NA;1;NA;3;NA;2;1;1;1;3;1;3;NA;5;NA;NA
29;"BA";2917003;"291700";"Itiúba";"Não";"-";"Total";NA;NA;1;NA;NA;1;1;2;3;2;10;3;3;3;9;7;4;7;8;8;4;4;5;9;NA
29;"BA";2917102;"291710";"Itororó";"Não";"-";"Total";1;3;NA;4;4;NA;3;3;1;NA;1;1;2;3;2;2;2;2;1;NA;2;NA;2;2;NA
29;"BA";2917201;"291720";"Ituaçu";"Não";"-";"Total";1;NA;2;1;1;NA;1;1;NA;NA;NA;3;4;1;4;2;4;1;7;3;2;4;8;3;NA
29;"BA";2917300;"291730";"Ituberá";"Não";"-";"Total";1;2;3;NA;NA;2;1;2;1;1;1;2;5;4;3;2;3;4;1;NA;3;1;2;NA;NA
29;"BA";2917334;"291733";"Iuiu";"Não";"-";"Total";NA;NA;1;NA;1;2;NA;1;1;1;NA;3;3;2;NA;NA;3;3;NA;2;2;NA;NA;3;NA
29;"BA";2917359;"291735";"Jaborandi";"Não";"-";"Total";NA;NA;NA;NA;NA;NA;NA;1;NA;NA;2;1;1;2;NA;1;2;1;2;3;1;3;1;3;NA
29;"BA";2917409;"291740";"Jacaraci";"Não";"-";"Total";NA;NA;NA;1;NA;NA;1;1;NA;NA;1;NA;1;NA;1;1;2;1;1;1;2;2;1;2;NA
29;"BA";2917508;"291750";"Jacobina";"Não";"-";"Total";15;10;7;8;9;9;12;9;7;22;48;1;NA;12;25;7;19;15;6;9;10;19;8;7;NA
29;"BA";2917607;"291760";"Jaguaquara";"Não";"-";"Total";1;2;1;5;NA;4;3;3;3;5;8;4;6;2;9;5;9;12;9;6;7;4;6;13;NA
29;"BA";2917706;"291770";"Jaguarari";"Não";"-";"Total";NA;NA;1;2;5;NA;NA;8;2;2;1;4;5;6;10;7;11;13;9;3;3;7;4;17;NA
29;"BA";2917805;"291780";"Jaguaripe";"Não";"-";"Total";NA;1;NA;NA;NA;NA;NA;NA;1;3;1;2;1;1;2;4;3;5;6;5;4;1;1;2;NA
29;"BA";2917904;"291790";"Jandaíra";"Não";"-";"Total";NA;NA;NA;1;NA;NA;1;1;NA;NA;NA;1;1;4;1;5;3;2;1;1;NA;1;2;NA;NA
29;"BA";2918001;"291800";"Jequié";"Não";"-";"Total";6;8;8;4;9;13;8;11;28;39;48;25;37;39;55;43;42;31;39;45;34;35;31;34;NA
29;"BA";2918100;"291810";"Jeremoabo";"Não";"-";"Total";NA;1;NA;1;3;2;1;2;5;4;2;10;8;8;7;8;9;2;11;8;10;13;8;3;NA
29;"BA";2918209;"291820";"Jiquiriçá";"Não";"-";"Total";1;NA;NA;1;NA;NA;2;NA;4;NA;1;1;1;2;1;NA;1;3;1;1;1;NA;1;4;NA
29;"BA";2918308;"291830";"Jitaúna";"Não";"-";"Total";NA;NA;NA;NA;NA;NA;1;2;1;1;2;NA;2;NA;1;3;2;NA;2;NA;2;3;NA;2;NA
29;"BA";2918357;"291835";"João Dourado";"Não";"-";"Total";NA;2;NA;NA;2;NA;3;NA;1;3;4;3;7;5;NA;5;NA;5;4;5;6;7;3;5;NA
29;"BA";2918407;"291840";"Juazeiro";"Não";"Região Administrativa Integrada de Desenvolvimento do Polo Petrolina/PE e Juazeiro/BA";"Total";13;19;23;35;21;45;25;23;48;48;46;66;45;38;34;29;36;26;30;49;24;31;32;33;NA
29;"BA";2918456;"291845";"Jucuruçu";"Não";"-";"Total";NA;NA;NA;NA;2;1;1;NA;NA;NA;1;NA;NA;2;4;NA;1;2;NA;1;2;1;NA;2;NA
29;"BA";2918506;"291850";"Jussara";"Não";"-";"Total";1;NA;2;NA;NA;1;1;NA;NA;NA;1;NA;4;3;3;3;3;1;1;3;NA;2;NA;6;NA
29;"BA";2918555;"291855";"Jussari";"Não";"-";"Total";NA;NA;NA;NA;NA;NA;NA;NA;NA;NA;1;NA;2;1;1;1;NA;1;1;1;1;1;2;NA;NA
29;"BA";2918605;"291860";"Jussiape";"Não";"-";"Total";NA;NA;NA;1;NA;2;NA;NA;1;NA;1;NA;NA;1;NA;2;1;NA;2;NA;3;NA;NA;NA;NA
29;"BA";2918704;"291870";"Lafaiete Coutinho";"Não";"-";"Total";NA;NA;NA;NA;NA;NA;NA;NA;NA;NA;NA;1;NA;NA;NA;1;1;NA;1;NA;NA;1;1;NA;NA
29;"BA";2918753;"291875";"Lagoa Real";"Não";"-";"Total";NA;NA;NA;NA;1;NA;NA;NA;NA;NA;NA;NA;NA;1;NA;1;1;NA;NA;2;3;NA;1;NA;NA
29;"BA";2918803;"291880";"Laje";"Não";"-";"Total";NA;1;2;2;NA;4;1;5;3;5;10;10;6;1;7;8;2;5;2;7;1;9;8;5;NA
29;"BA";2918902;"291890";"Lajedão";"Não";"-";"Total";NA;NA;1;NA;1;1;1;3;NA;NA;NA;1;1;1;NA;2;NA;NA;2;NA;1;1;NA;1;NA
29;"BA";2919009;"291900";"Lajedinho";"Não";"-";"Total";NA;NA;1;NA;2;3;1;1;2;6;NA;NA;NA;NA;1;NA;NA;3;2;2;1;NA;3;3;NA
29;"BA";2919058;"291905";"Lajedo do Tabocal";"Não";"-";"Total";NA;NA;NA;1;1;NA;NA;1;1;NA;NA;1;3;NA;3;1;2;NA;NA;1;2;2;2;2;NA
29;"BA";2919108;"291910";"Lamarão";"Não";"-";"Total";NA;NA;NA;NA;NA;NA;NA;NA;NA;1;NA;NA;NA;NA;NA;NA;NA;2;1;NA;NA;3;NA;2;NA
29;"BA";2919157;"291915";"Lapão";"Não";"-";"Total";NA;1;NA;NA;1;1;NA;1;1;5;3;5;6;4;9;5;1;2;5;4;5;13;5;1;NA
29;"BA";2919207;"291920";"Lauro de Freitas";"Não";"Região Metropolitana de Salvador";"Total";NA;1;2;2;3;12;12;9;6;4;11;14;11;8;9;17;12;10;3;4;2;4;6;3;NA
29;"BA";2919306;"291930";"Lençóis";"Não";"-";"Total";NA;NA;NA;1;2;NA;1;8;7;2;2;7;2;2;1;4;NA;6;4;6;4;2;NA;3;NA
29;"BA";2919405;"291940";"Licínio de Almeida";"Não";"-";"Total";2;NA;NA;NA;NA;NA;1;NA;1;1;1;2;1;1;1;NA;NA;NA;NA;3;NA;1;NA;1;NA
29;"BA";2919504;"291950";"Livramento de Nossa Senhora";"Não";"-";"Total";NA;NA;NA;1;NA;1;1;2;1;1;NA;4;5;3;2;3;8;NA;6;3;7;9;3;8;NA
29;"BA";2919553;"291955";"Luís Eduardo Magalhães";"Não";"-";"Total";NA;NA;3;2;2;6;3;NA;NA;NA;NA;NA;NA;NA;2;NA;19;14;13;24;12;17;30;32;NA
29;"BA";2919603;"291960";"Macajuba";"Não";"-";"Total";NA;1;NA;NA;NA;NA;NA;NA;1;NA;1;1;1;NA;NA;NA;NA;1;3;1;NA;6;3;2;NA
29;"BA";2919702;"291970";"Macarani";"Não";"-";"Total";NA;NA;1;2;NA;1;NA;3;NA;1;1;NA;NA;NA;1;3;NA;1;NA;NA;NA;NA;NA;1;NA
29;"BA";2919801;"291980";"Macaúbas";"Não";"-";"Total";1;NA;3;3;1;3;1;2;3;3;2;3;4;2;3;1;2;3;5;4;2;7;5;4;NA
29;"BA";2919900;"291990";"Macururé";"Não";"-";"Total";2;NA;1;2;NA;NA;1;NA;2;NA;1;NA;2;1;1;NA;1;NA;NA;3;1;1;NA;NA;NA
29;"BA";2919926;"291992";"Madre de Deus";"Não";"Região Metropolitana de Salvador";"Total";NA;NA;NA;NA;NA;NA;NA;1;NA;NA;2;NA;NA;NA;2;NA;NA;1;NA;NA;NA;NA;NA;NA;NA
29;"BA";2919959;"291995";"Maetinga";"Não";"-";"Total";NA;NA;NA;NA;NA;NA;NA;NA;NA;NA;NA;1;NA;1;3;2;1;NA;NA;2;1;NA;NA;1;NA
29;"BA";2920007;"292000";"Maiquinique";"Não";"-";"Total";NA;NA;1;NA;NA;NA;NA;3;1;1;2;1;2;2;1;NA;NA;NA;NA;NA;1;1;NA;NA;NA
29;"BA";2920106;"292010";"Mairi";"Não";"-";"Total";NA;NA;2;NA;NA;2;3;NA;1;1;1;NA;NA;2;NA;1;4;NA;2;1;NA;1;NA;1;NA
29;"BA";2920205;"292020";"Malhada";"Não";"-";"Total";NA;NA;NA;NA;NA;1;NA;1;4;3;NA;3;3;1;5;NA;1;2;1;NA;2;3;NA;1;NA
29;"BA";2920304;"292030";"Malhada de Pedras";"Não";"-";"Total";NA;1;NA;3;NA;1;NA;1;NA;NA;NA;1;4;NA;NA;1;2;3;2;2;NA;2;4;1;NA
29;"BA";2920403;"292040";"Manoel Vitorino";"Não";"-";"Total";NA;5;1;NA;1;1;2;2;1;1;1;2;2;5;1;3;4;1;5;2;2;NA;NA;4;NA
29;"BA";2920452;"292045";"Mansidão";"Não";"-";"Total";NA;NA;1;NA;NA;NA;NA;NA;1;NA;1;NA;NA;NA;NA;NA;NA;1;NA;NA;1;NA;NA;NA;NA
29;"BA";2920502;"292050";"Maracás";"Não";"-";"Total";NA;NA;3;2;NA;1;1;4;3;6;3;4;1;6;4;1;4;2;5;1;1;5;8;4;NA
29;"BA";2920601;"292060";"Maragogipe";"Não";"-";"Total";NA;NA;NA;2;NA;3;NA;3;1;1;2;1;5;1;4;2;NA;1;2;NA;5;2;2;1;NA
29;"BA";2920700;"292070";"Maraú";"Não";"-";"Total";NA;NA;NA;1;1;1;3;1;12;2;3;3;4;NA;1;NA;1;4;NA;NA;2;NA;NA;2;NA
29;"BA";2920809;"292080";"Marcionílio Souza";"Não";"-";"Total";NA;NA;1;2;NA;NA;1;3;NA;2;4;NA;NA;1;NA;1;NA;NA;1;3;3;2;3;2;NA
29;"BA";2920908;"292090";"Mascote";"Não";"-";"Total";2;NA;2;2;2;4;4;2;3;1;10;5;7;8;6;2;2;7;2;4;3;3;7;6;NA
29;"BA";2921005;"292100";"Mata de São João";"Não";"Região Metropolitana de Salvador";"Total";1;4;2;2;6;6;8;8;8;6;12;7;8;12;11;6;7;8;3;13;3;6;5;5;NA
29;"BA";2921054;"292105";"Matina";"Não";"-";"Total";NA;NA;NA;2;1;NA;2;1;NA;1;NA;NA;1;NA;1;1;NA;2;3;1;1;3;NA;1;NA
29;"BA";2921104;"292110";"Medeiros Neto";"Não";"-";"Total";1;NA;1;NA;4;3;1;NA;7;3;6;5;2;9;5;6;4;4;5;4;6;5;2;5;NA
29;"BA";2921203;"292120";"Miguel Calmon";"Não";"-";"Total";3;2;2;NA;1;1;NA;1;2;1;1;1;NA;NA;NA;NA;2;1;1;6;2;2;2;2;NA
29;"BA";2921302;"292130";"Milagres";"Não";"-";"Total";2;NA;NA;NA;2;NA;1;3;1;4;2;4;NA;NA;2;NA;NA;5;1;2;3;2;3;1;NA
29;"BA";2921401;"292140";"Mirangaba";"Não";"-";"Total";NA;NA;2;NA;NA;1;NA;NA;3;1;NA;NA;NA;NA;1;NA;2;2;NA;1;1;NA;NA;2;NA
29;"BA";2921450;"292145";"Mirante";"Não";"-";"Total";2;1;NA;1;NA;NA;NA;NA;3;NA;1;1;NA;1;NA;NA;NA;1;NA;NA;NA;NA;NA;1;NA
29;"BA";2921500;"292150";"Monte Santo";"Não";"-";"Total";1;NA;NA;1;NA;1;1;2;2;2;NA;3;7;6;6;3;9;5;11;6;6;5;7;9;NA
29;"BA";2921609;"292160";"Morpará";"Não";"-";"Total";NA;NA;NA;1;NA;1;NA;NA;NA;NA;1;NA;NA;NA;NA;NA;2;2;1;NA;NA;NA;NA;NA;NA
29;"BA";2921708;"292170";"Morro do Chapéu";"Não";"-";"Total";3;NA;NA;1;2;2;5;4;NA;1;7;3;3;8;4;6;7;6;9;13;2;5;7;9;NA
29;"BA";2921807;"292180";"Mortugaba";"Não";"-";"Total";NA;NA;NA;NA;NA;NA;1;NA;1;NA;NA;NA;NA;2;2;2;3;2;NA;1;5;1;1;1;NA
29;"BA";2921906;"292190";"Mucugê";"Não";"-";"Total";NA;1;NA;NA;NA;NA;1;1;NA;3;1;2;1;1;2;NA;1;1;4;4;1;NA;2;1;NA
29;"BA";2922003;"292200";"Mucuri";"Não";"-";"Total";6;3;7;4;4;7;5;11;10;8;12;7;9;9;10;8;9;8;2;1;10;8;12;3;NA
29;"BA";2922052;"292205";"Mulungu do Morro";"Não";"-";"Total";1;1;1;NA;1;NA;NA;2;NA;3;1;NA;3;2;2;3;NA;2;3;2;NA;1;1;2;NA
29;"BA";2922102;"292210";"Mundo Novo";"Não";"-";"Total";1;NA;2;NA;NA;NA;NA;NA;1;3;2;2;2;1;NA;NA;1;NA;1;1;1;2;6;1;NA
29;"BA";2922201;"292220";"Muniz Ferreira";"Não";"-";"Total";NA;1;1;NA;NA;1;2;3;2;NA;3;3;2;2;2;2;NA;1;3;1;1;1;1;NA;NA
29;"BA";2922250;"292225";"Muquém do São Francisco";"Não";"-";"Total";1;NA;NA;NA;4;2;2;NA;4;1;2;NA;NA;NA;3;NA;3;4;3;7;4;9;6;5;NA
29;"BA";2922300;"292230";"Muritiba";"Não";"-";"Total";1;NA;1;1;NA;NA;2;2;7;3;2;2;1;2;1;3;6;2;2;1;6;2;4;NA;NA
29;"BA";2922409;"292240";"Mutuípe";"Não";"-";"Total";2;1;2;3;NA;4;NA;1;NA;NA;NA;1;1;2;1;3;4;2;2;1;3;6;3;5;NA
29;"BA";2922508;"292250";"Nazaré";"Não";"-";"Total";3;1;1;NA;NA;5;1;4;3;1;10;2;8;3;5;1;2;10;7;2;1;2;2;3;NA
29;"BA";2922607;"292260";"Nilo Peçanha";"Não";"-";"Total";NA;1;NA;NA;NA;NA;NA;1;NA;1;NA;1;2;1;NA;1;NA;3;NA;1;NA;1;NA;1;NA
29;"BA";2922656;"292265";"Nordestina";"Não";"-";"Total";NA;NA;NA;NA;1;NA;NA;1;NA;1;1;1;2;1;5;1;1;2;2;NA;1;2;NA;NA;NA
29;"BA";2922706;"292270";"Nova Canaã";"Não";"-";"Total";NA;1;NA;NA;2;1;2;1;2;NA;1;NA;1;1;2;NA;NA;NA;1;NA;NA;1;1;2;NA
29;"BA";2922730;"292273";"Nova Fátima";"Não";"-";"Total";1;1;2;NA;NA;1;2;NA;1;1;1;2;4;NA;1;1;NA;NA;1;1;1;2;5;3;NA
29;"BA";2922755;"292275";"Nova Ibiá";"Não";"-";"Total";NA;NA;NA;NA;NA;1;NA;1;NA;NA;NA;NA;NA;NA;1;1;NA;NA;NA;1;NA;1;NA;1;NA
29;"BA";2922805;"292280";"Nova Itarana";"Não";"-";"Total";NA;1;3;NA;2;NA;2;3;NA;2;2;NA;2;2;7;2;3;2;NA;4;1;2;2;1;NA
29;"BA";2922854;"292285";"Nova Redenção";"Não";"-";"Total";NA;NA;1;NA;NA;NA;NA;NA;NA;1;1;NA;NA;NA;NA;1;NA;2;NA;3;NA;NA;3;NA;NA
29;"BA";2922904;"292290";"Nova Soure";"Não";"-";"Total";2;1;1;1;2;1;1;NA;1;1;2;3;4;1;2;4;8;4;NA;2;7;2;4;10;NA
29;"BA";2923001;"292300";"Nova Viçosa";"Não";"-";"Total";9;4;3;2;7;7;4;13;9;5;10;4;18;5;7;3;11;6;5;15;8;8;8;6;NA
29;"BA";2923035;"292303";"Novo Horizonte";"Não";"-";"Total";NA;NA;NA;1;1;NA;NA;NA;NA;NA;NA;1;NA;NA;2;1;NA;4;1;6;NA;1;NA;1;NA
29;"BA";2923050;"292305";"Novo Triunfo";"Não";"-";"Total";NA;NA;NA;NA;NA;NA;1;NA;NA;1;NA;NA;NA;NA;1;NA;NA;NA;NA;1;1;2;NA;NA;NA
29;"BA";2923100;"292310";"Olindina";"Não";"-";"Total";1;NA;NA;4;1;NA;5;3;6;1;1;5;8;5;6;2;4;6;4;3;4;3;13;6;NA
29;"BA";2923209;"292320";"Oliveira dos Brejinhos";"Não";"-";"Total";1;NA;1;2;1;2;1;7;1;1;NA;1;NA;NA;NA;1;4;6;5;8;6;4;6;11;NA
29;"BA";2923308;"292330";"Ouriçangas";"Não";"-";"Total";NA;NA;NA;NA;NA;NA;NA;NA;NA;NA;NA;NA;1;NA;1;1;1;NA;1;3;1;NA;NA;3;NA
29;"BA";2923357;"292335";"Ourolândia";"Não";"-";"Total";1;NA;2;NA;3;1;1;NA;1;NA;NA;1;1;2;NA;NA;7;3;2;4;2;3;1;NA;NA
29;"BA";2923407;"292340";"Palmas de Monte Alto";"Não";"-";"Total";NA;3;1;2;1;1;NA;NA;1;5;2;2;4;8;8;4;2;4;4;2;2;5;6;NA;NA
29;"BA";2923506;"292350";"Palmeiras";"Não";"-";"Total";1;NA;NA;NA;NA;2;1;6;3;3;1;2;1;NA;2;2;3;2;2;2;NA;NA;NA;1;NA
29;"BA";2923605;"292360";"Paramirim";"Não";"-";"Total";1;2;1;NA;NA;NA;NA;1;4;1;1;1;2;1;2;3;4;4;3;1;4;4;3;5;NA
29;"BA";2923704;"292370";"Paratinga";"Não";"-";"Total";NA;NA;NA;1;2;NA;1;1;2;1;4;5;2;2;2;3;9;5;3;1;6;3;8;3;NA
29;"BA";2923803;"292380";"Paripiranga";"Não";"-";"Total";1;1;1;NA;NA;1;NA;NA;1;1;NA;NA;6;3;2;2;2;2;5;1;1;2;4;2;NA
29;"BA";2923902;"292390";"Pau Brasil";"Não";"-";"Total";NA;NA;NA;NA;NA;NA;NA;NA;NA;NA;NA;NA;1;1;3;NA;NA;3;NA;NA;NA;3;NA;1;NA
29;"BA";2924009;"292400";"Paulo Afonso";"Não";"-";"Total";NA;3;7;7;8;8;9;5;8;8;14;21;11;19;12;23;13;17;4;16;14;7;11;13;NA
29;"BA";2924058;"292405";"Pé de Serra";"Não";"-";"Total";NA;NA;2;NA;1;NA;NA;1;NA;NA;NA;1;1;1;3;2;1;NA;1;NA;2;NA;1;NA;NA
29;"BA";2924108;"292410";"Pedrão";"Não";"-";"Total";1;1;NA;2;NA;1;NA;NA;NA;NA;NA;NA;NA;NA;NA;NA;1;1;NA;1;NA;NA;NA;NA;NA
29;"BA";2924207;"292420";"Pedro Alexandre";"Não";"-";"Total";NA;NA;1;NA;NA;NA;NA;NA;NA;1;NA;5;1;NA;NA;1;1;NA;2;1;8;NA;5;3;NA
29;"BA";2924306;"292430";"Piatã";"Não";"-";"Total";NA;NA;2;1;NA;1;NA;NA;1;NA;3;5;1;2;1;4;1;NA;1;NA;2;3;1;9;NA
29;"BA";2924405;"292440";"Pilão Arcado";"Não";"-";"Total";NA;NA;NA;NA;NA;1;NA;2;NA;1;1;6;5;8;5;4;NA;1;2;7;11;8;6;9;NA
29;"BA";2924504;"292450";"Pindaí";"Não";"-";"Total";NA;1;NA;1;NA;1;NA;NA;NA;1;NA;1;1;1;1;2;2;3;3;4;7;4;5;5;NA
29;"BA";2924603;"292460";"Pindobaçu";"Não";"-";"Total";NA;NA;NA;1;NA;NA;NA;8;NA;2;2;2;2;2;2;1;3;NA;4;4;NA;2;5;5;NA
29;"BA";2924652;"292465";"Pintadas";"Não";"-";"Total";NA;NA;NA;NA;NA;NA;1;1;NA;1;2;1;4;4;NA;NA;NA;2;NA;5;2;2;1;2;NA
29;"BA";2924678;"292467";"Piraí do Norte";"Não";"-";"Total";NA;NA;NA;NA;NA;NA;NA;NA;NA;NA;2;NA;1;1;NA;NA;NA;NA;1;2;1;NA;1;NA;NA
29;"BA";2924702;"292470";"Piripá";"Não";"-";"Total";NA;1;1;1;NA;NA;1;3;1;1;NA;NA;2;4;NA;2;2;1;NA;1;3;NA;NA;NA;NA
29;"BA";2924801;"292480";"Piritiba";"Não";"-";"Total";NA;1;NA;2;NA;2;1;1;1;1;1;NA;NA;NA;NA;3;8;9;2;2;4;NA;NA;1;NA
29;"BA";2924900;"292490";"Planaltino";"Não";"-";"Total";1;NA;NA;NA;NA;NA;NA;2;1;1;1;NA;2;1;NA;1;1;1;1;1;NA;1;1;2;NA
29;"BA";2925006;"292500";"Planalto";"Não";"-";"Total";3;5;4;3;NA;6;2;2;6;1;11;4;10;6;10;7;3;6;3;2;2;7;9;6;NA
29;"BA";2925105;"292510";"Poções";"Não";"-";"Total";5;5;8;8;7;2;4;3;9;13;8;10;10;8;5;9;12;5;8;8;15;5;9;3;NA
29;"BA";2925204;"292520";"Pojuca";"Não";"Região Metropolitana de Salvador";"Total";NA;1;4;4;5;2;NA;2;1;2;5;10;10;5;3;2;10;3;3;4;4;2;6;3;NA
29;"BA";2925253;"292525";"Ponto Novo";"Não";"-";"Total";NA;NA;1;NA;NA;2;NA;1;5;2;3;4;8;6;3;8;7;6;4;2;2;3;1;7;NA
29;"BA";2925303;"292530";"Porto Seguro";"Não";"-";"Total";18;12;27;22;31;30;23;19;24;18;11;17;16;16;14;25;39;24;18;21;33;27;27;46;NA
29;"BA";2925402;"292540";"Potiraguá";"Não";"-";"Total";2;NA;2;NA;1;NA;2;1;1;NA;1;3;6;4;3;2;6;1;NA;NA;6;1;3;2;NA
29;"BA";2925501;"292550";"Prado";"Não";"-";"Total";4;3;4;6;2;4;2;2;5;2;3;8;4;4;5;5;9;7;8;10;4;7;4;8;NA
29;"BA";2925600;"292560";"Presidente Dutra";"Não";"-";"Total";NA;1;NA;NA;NA;2;NA;NA;1;3;1;2;6;2;3;4;5;NA;NA;3;3;3;2;5;NA
29;"BA";2925709;"292570";"Presidente Jânio Quadros";"Não";"-";"Total";NA;15;NA;1;NA;NA;NA;NA;1;NA;NA;NA;1;2;NA;NA;NA;NA;NA;1;1;NA;2;2;NA
29;"BA";2925758;"292575";"Presidente Tancredo Neves";"Não";"-";"Total";1;3;5;4;4;4;5;4;3;4;11;8;4;8;8;10;8;3;2;13;4;7;7;3;NA
29;"BA";2925808;"292580";"Queimadas";"Não";"-";"Total";NA;3;3;NA;3;NA;NA;NA;1;2;NA;3;2;5;4;5;2;6;3;3;6;7;4;2;NA
29;"BA";2925907;"292590";"Quijingue";"Não";"-";"Total";NA;1;1;NA;NA;NA;NA;NA;1;1;1;1;7;NA;NA;1;NA;3;NA;2;3;3;2;6;NA
29;"BA";2925931;"292593";"Quixabeira";"Não";"-";"Total";NA;NA;NA;NA;NA;1;NA;NA;3;NA;NA;NA;1;NA;NA;NA;3;2;1;NA;NA;NA;1;NA;NA
29;"BA";2925956;"292595";"Rafael Jambeiro";"Não";"-";"Total";NA;NA;4;2;14;1;2;4;8;2;6;14;NA;1;2;2;2;2;1;NA;1;4;1;3;NA
29;"BA";2926004;"292600";"Remanso";"Não";"-";"Total";6;1;2;4;3;2;2;6;1;5;5;4;3;7;8;5;9;5;5;12;6;5;5;8;NA
29;"BA";2926103;"292610";"Retirolândia";"Não";"-";"Total";NA;1;1;NA;2;NA;NA;NA;NA;NA;NA;NA;NA;1;2;NA;NA;NA;2;1;1;5;6;3;NA
29;"BA";2926202;"292620";"Riachão das Neves";"Não";"-";"Total";NA;NA;NA;1;NA;NA;NA;1;NA;NA;NA;NA;NA;NA;NA;NA;5;14;6;11;7;6;1;6;NA
29;"BA";2926301;"292630";"Riachão do Jacuípe";"Não";"Área de Expansão Metropolitana";"Total";3;NA;2;1;NA;1;NA;3;1;1;2;9;7;5;4;2;NA;9;9;3;6;7;4;10;NA
29;"BA";2926400;"292640";"Riacho de Santana";"Não";"-";"Total";1;NA;NA;NA;NA;NA;NA;NA;2;3;5;5;3;6;2;1;2;6;6;5;3;12;3;3;NA
29;"BA";2926509;"292650";"Ribeira do Amparo";"Não";"-";"Total";NA;NA;2;NA;1;NA;1;1;NA;1;3;NA;4;NA;1;1;NA;3;3;4;NA;1;2;2;NA
29;"BA";2926608;"292660";"Ribeira do Pombal";"Não";"-";"Total";NA;1;2;3;3;1;4;4;3;7;6;2;7;7;16;13;14;16;19;23;14;13;8;16;NA
29;"BA";2926657;"292665";"Ribeirão do Largo";"Não";"-";"Total";NA;NA;NA;NA;NA;NA;NA;NA;NA;NA;NA;NA;NA;1;1;1;4;1;NA;NA;2;1;NA;NA;NA
29;"BA";2926707;"292670";"Rio de Contas";"Não";"-";"Total";NA;NA;1;NA;NA;NA;NA;NA;NA;NA;1;3;NA;2;3;NA;3;2;3;3;1;NA;NA;4;NA
29;"BA";2926806;"292680";"Rio do Antônio";"Não";"-";"Total";NA;NA;2;NA;NA;1;2;1;NA;NA;NA;1;1;NA;1;5;1;1;3;3;4;2;5;2;NA
29;"BA";2926905;"292690";"Rio do Pires";"Não";"-";"Total";NA;NA;NA;NA;NA;NA;1;NA;NA;NA;1;NA;NA;NA;NA;NA;1;1;NA;NA;1;NA;1;NA;NA
29;"BA";2927002;"292700";"Rio Real";"Não";"-";"Total";2;1;5;10;3;4;NA;5;5;1;12;7;6;6;14;7;10;8;10;6;8;8;5;8;NA
29;"BA";2927101;"292710";"Rodelas";"Não";"-";"Total";NA;NA;NA;NA;1;2;NA;NA;1;NA;NA;1;NA;1;1;2;3;1;1;1;1;5;4;5;NA
29;"BA";2927200;"292720";"Ruy Barbosa";"Não";"-";"Total";1;NA;7;6;3;1;1;1;6;3;NA;3;2;2;2;2;2;2;7;3;6;3;7;4;NA
29;"BA";2927309;"292730";"Salinas da Margarida";"Não";"-";"Total";NA;NA;NA;1;NA;NA;NA;2;1;NA;3;2;2;2;1;1;2;4;1;NA;2;NA;NA;NA;NA
29;"BA";2927408;"292740";"Salvador";"Sim";"Região Metropolitana de Salvador";"Total";107;121;137;133;113;376;394;314;134;135;400;329;386;326;329;254;213;199;149;156;171;143;129;153;NA
29;"BA";2927507;"292750";"Santa Bárbara";"Não";"Área de Expansão Metropolitana";"Total";3;1;NA;NA;NA;NA;NA;4;7;6;6;5;3;NA;1;2;2;2;1;NA;1;3;6;4;NA
29;"BA";2927606;"292760";"Santa Brígida";"Não";"-";"Total";NA;NA;1;NA;1;1;NA;4;2;NA;6;2;3;2;1;1;4;3;1;1;2;2;2;2;NA
29;"BA";2927705;"292770";"Santa Cruz Cabrália";"Não";"-";"Total";NA;NA;3;1;1;3;NA;2;3;NA;1;2;NA;2;3;4;NA;1;1;4;4;1;3;4;NA
29;"BA";2927804;"292780";"Santa Cruz da Vitória";"Não";"-";"Total";2;NA;NA;NA;2;NA;NA;NA;NA;1;1;NA;4;3;1;4;NA;NA;1;2;NA;NA;2;NA;NA
29;"BA";2927903;"292790";"Santa Inês";"Não";"-";"Total";NA;NA;1;NA;NA;1;1;NA;1;NA;2;4;2;2;1;2;NA;NA;NA;NA;1;1;2;2;NA
29;"BA";2928000;"292800";"Santaluz";"Não";"-";"Total";NA;NA;1;NA;NA;NA;NA;2;NA;6;1;4;3;2;NA;1;1;2;6;3;7;4;5;7;NA
29;"BA";2928059;"292805";"Santa Luzia";"Não";"-";"Total";NA;1;NA;NA;3;3;1;NA;1;NA;NA;2;3;3;2;2;4;1;2;NA;2;2;2;NA;NA
29;"BA";2928109;"292810";"Santa Maria da Vitória";"Não";"-";"Total";NA;1;2;1;5;3;4;2;2;1;4;2;9;3;4;7;4;9;6;6;7;6;8;9;NA
29;"BA";2928208;"292820";"Santana";"Não";"-";"Total";NA;2;NA;NA;1;2;NA;1;1;1;2;1;2;3;2;3;NA;2;1;4;2;1;2;5;NA
29;"BA";2928307;"292830";"Santanópolis";"Não";"Área de Expansão Metropolitana";"Total";NA;NA;1;NA;NA;NA;NA;NA;NA;1;NA;NA;NA;NA;NA;NA;1;2;NA;NA;NA;NA;1;NA;NA
29;"BA";2928406;"292840";"Santa Rita de Cássia";"Não";"-";"Total";NA;NA;NA;NA;2;NA;NA;NA;NA;NA;1;NA;NA;NA;NA;NA;5;4;3;1;7;3;3;1;NA
29;"BA";2928505;"292850";"Santa Terezinha";"Não";"-";"Total";2;1;NA;NA;NA;2;NA;2;1;3;5;6;7;10;5;6;5;3;3;7;1;3;6;5;NA
29;"BA";2928604;"292860";"Santo Amaro";"Não";"-";"Total";3;2;NA;2;1;7;1;6;2;4;3;4;4;5;4;7;2;5;1;4;5;9;3;3;NA
29;"BA";2928703;"292870";"Santo Antônio de Jesus";"Não";"-";"Total";4;6;8;5;1;6;15;2;9;25;33;39;44;42;52;47;38;37;47;50;61;53;55;59;NA
29;"BA";2928802;"292880";"Santo Estêvão";"Não";"-";"Total";3;2;2;1;3;1;2;5;2;5;8;9;9;4;9;NA;NA;5;3;2;4;8;8;7;NA
29;"BA";2928901;"292890";"São Desidério";"Não";"-";"Total";1;5;1;3;4;2;2;NA;NA;NA;NA;NA;NA;NA;NA;1;11;22;7;9;10;18;13;27;NA
29;"BA";2928950;"292895";"São Domingos";"Não";"-";"Total";2;NA;NA;NA;NA;NA;NA;1;NA;2;NA;2;2;2;3;NA;NA;NA;NA;2;2;NA;1;NA;NA
29;"BA";2929008;"292900";"São Félix";"Não";"-";"Total";NA;NA;NA;NA;NA;NA;NA;7;2;3;1;1;1;4;5;NA;4;NA;NA;1;2;NA;NA;NA;NA
29;"BA";2929057;"292905";"São Félix do Coribe";"Não";"-";"Total";NA;NA;NA;NA;NA;2;2;3;NA;NA;1;2;8;2;NA;2;1;3;5;4;7;5;NA;6;NA
29;"BA";2929107;"292910";"São Felipe";"Não";"-";"Total";1;2;NA;NA;1;NA;2;NA;NA;1;NA;1;1;2;1;3;1;1;NA;1;1;2;NA;1;NA
29;"BA";2929206;"292920";"São Francisco do Conde";"Não";"Região Metropolitana de Salvador";"Total";1;NA;1;1;NA;5;NA;2;1;1;4;2;5;5;2;6;1;NA;NA;1;NA;NA;2;4;NA
29;"BA";2929255;"292925";"São Gabriel";"Não";"-";"Total";NA;NA;NA;NA;NA;NA;NA;6;3;1;6;1;3;NA;3;NA;NA;NA;1;4;2;2;2;4;NA
29;"BA";2929305;"292930";"São Gonçalo dos Campos";"Não";"Região Metropolitana de Feira de Santana";"Total";NA;1;2;NA;1;1;NA;4;2;2;1;NA;8;3;2;NA;NA;1;1;6;2;8;1;9;NA
29;"BA";2929354;"292935";"São José da Vitória";"Não";"-";"Total";NA;NA;1;NA;8;2;3;2;4;13;3;7;5;3;2;5;4;2;1;4;2;5;NA;8;NA
29;"BA";2929370;"292937";"São José do Jacuípe";"Não";"-";"Total";2;2;1;NA;3;3;4;NA;1;NA;NA;1;1;NA;NA;1;NA;5;4;1;1;1;3;NA;NA
29;"BA";2929404;"292940";"São Miguel das Matas";"Não";"-";"Total";NA;NA;NA;NA;NA;NA;NA;NA;1;1;NA;1;2;2;NA;NA;NA;NA;NA;NA;1;2;NA;1;NA
29;"BA";2929503;"292950";"São Sebastião do Passé";"Não";"Região Metropolitana de Salvador";"Total";1;NA;1;2;7;5;4;6;4;3;11;11;13;9;12;6;12;10;1;1;3;NA;1;6;NA
29;"BA";2929602;"292960";"Sapeaçu";"Não";"-";"Total";1;NA;NA;NA;NA;NA;1;2;1;1;2;3;4;4;2;1;NA;9;2;5;3;4;3;7;NA
29;"BA";2929701;"292970";"Sátiro Dias";"Não";"-";"Total";NA;2;2;NA;NA;2;2;NA;NA;2;1;1;2;3;2;3;2;1;5;2;1;NA;5;6;NA
29;"BA";2929750;"292975";"Saubara";"Não";"-";"Total";NA;1;NA;1;NA;NA;NA;NA;1;2;1;1;3;2;1;2;1;1;NA;NA;1;NA;1;NA;NA
29;"BA";2929800;"292980";"Saúde";"Não";"-";"Total";2;NA;1;1;NA;5;1;1;1;NA;2;NA;NA;NA;NA;NA;2;2;NA;NA;NA;1;NA;1;NA
29;"BA";2929909;"292990";"Seabra";"Não";"-";"Total";6;2;5;3;4;10;1;2;3;6;4;11;4;4;7;9;5;16;12;21;22;22;16;21;NA
29;"BA";2930006;"293000";"Sebastião Laranjeiras";"Não";"-";"Total";NA;NA;NA;1;NA;2;1;NA;1;1;NA;NA;NA;1;1;1;2;NA;3;NA;1;1;2;1;NA
29;"BA";2930105;"293010";"Senhor do Bonfim";"Não";"-";"Total";6;4;4;1;9;3;2;9;6;4;9;6;10;11;19;19;13;12;7;5;15;7;6;11;NA
29;"BA";2930154;"293015";"Serra do Ramalho";"Não";"-";"Total";3;1;NA;NA;NA;1;2;2;1;2;2;4;6;7;NA;3;2;4;6;5;4;11;5;5;NA
29;"BA";2930204;"293020";"Sento Sé";"Não";"-";"Total";2;1;NA;1;1;1;2;NA;2;1;2;5;3;5;1;4;3;3;5;4;7;3;4;4;NA
29;"BA";2930303;"293030";"Serra Dourada";"Não";"-";"Total";NA;NA;NA;NA;1;NA;NA;1;1;1;2;1;4;4;3;4;2;NA;2;2;NA;2;1;4;NA
29;"BA";2930402;"293040";"Serra Preta";"Não";"Área de Expansão Metropolitana";"Total";NA;1;NA;NA;NA;NA;1;1;4;NA;1;NA;1;2;1;NA;2;NA;1;1;1;2;3;3;NA
29;"BA";2930501;"293050";"Serrinha";"Não";"-";"Total";1;2;NA;1;1;1;NA;1;5;4;10;10;8;6;5;3;4;10;7;16;14;10;7;11;NA
29;"BA";2930600;"293060";"Serrolândia";"Não";"-";"Total";NA;NA;NA;NA;NA;1;3;2;1;NA;NA;NA;1;NA;NA;1;1;2;2;1;2;NA;1;2;NA
29;"BA";2930709;"293070";"Simões Filho";"Não";"Região Metropolitana de Salvador";"Total";NA;12;7;4;9;11;12;7;12;4;11;17;10;16;18;5;10;6;9;6;7;5;12;9;NA
29;"BA";2930758;"293075";"Sítio do Mato";"Não";"-";"Total";NA;NA;NA;NA;NA;1;NA;1;NA;1;NA;NA;1;NA;NA;NA;4;3;1;2;2;2;5;4;NA
29;"BA";2930766;"293076";"Sítio do Quinto";"Não";"-";"Total";NA;NA;1;NA;NA;NA;NA;NA;1;2;NA;NA;1;NA;2;1;2;NA;1;5;NA;1;NA;3;NA
29;"BA";2930774;"293077";"Sobradinho";"Não";"Região Administrativa Integrada de Desenvolvimento do Polo Petrolina/PE e Juazeiro/BA";"Total";NA;1;5;2;NA;3;6;NA;NA;2;1;3;4;1;6;6;7;3;5;4;2;3;6;6;NA
29;"BA";2930808;"293080";"Souto Soares";"Não";"-";"Total";2;1;1;1;NA;NA;NA;NA;1;NA;1;2;3;1;3;5;3;3;4;3;1;2;2;3;NA
29;"BA";2930907;"293090";"Tabocas do Brejo Velho";"Não";"-";"Total";NA;NA;NA;NA;NA;1;NA;NA;NA;NA;NA;NA;1;NA;1;1;NA;3;1;4;1;NA;1;3;NA
29;"BA";2931004;"293100";"Tanhaçu";"Não";"-";"Total";NA;NA;1;NA;NA;5;5;7;NA;2;2;3;3;3;3;2;7;5;4;1;4;3;3;7;NA
29;"BA";2931053;"293105";"Tanque Novo";"Não";"-";"Total";NA;1;NA;NA;NA;2;NA;NA;NA;1;NA;1;NA;NA;1;1;4;1;1;2;2;NA;NA;2;NA
29;"BA";2931103;"293110";"Tanquinho";"Não";"Região Metropolitana de Feira de Santana";"Total";1;NA;NA;NA;NA;NA;NA;NA;NA;NA;3;3;NA;3;3;NA;NA;9;NA;NA;4;1;6;NA;NA
29;"BA";2931202;"293120";"Taperoá";"Não";"-";"Total";NA;NA;NA;1;1;1;NA;1;NA;1;2;1;NA;NA;4;3;4;NA;2;1;NA;3;2;1;NA
29;"BA";2931301;"293130";"Tapiramutá";"Não";"-";"Total";NA;NA;1;1;1;NA;NA;3;1;NA;NA;NA;NA;1;NA;NA;4;NA;NA;2;NA;NA;NA;3;NA
29;"BA";2931350;"293135";"Teixeira de Freitas";"Não";"-";"Total";21;13;16;32;14;17;22;24;49;44;58;53;35;42;41;39;39;24;17;27;32;37;33;30;NA
29;"BA";2931400;"293140";"Teodoro Sampaio";"Não";"-";"Total";NA;NA;1;NA;1;2;NA;2;2;NA;2;1;1;NA;2;1;NA;NA;NA;1;3;2;NA;3;NA
29;"BA";2931509;"293150";"Teofilândia";"Não";"-";"Total";NA;1;1;NA;NA;1;NA;NA;1;3;1;NA;4;1;2;1;1;2;2;1;3;4;3;6;NA
29;"BA";2931608;"293160";"Teolândia";"Não";"-";"Total";1;1;NA;2;2;2;2;1;1;2;1;5;1;2;2;3;2;5;3;1;6;3;NA;6;NA
29;"BA";2931707;"293170";"Terra Nova";"Não";"-";"Total";NA;NA;NA;NA;NA;1;NA;1;2;2;NA;1;1;2;2;NA;NA;NA;NA;2;1;NA;1;NA;NA
29;"BA";2931806;"293180";"Tremedal";"Não";"-";"Total";1;NA;NA;3;2;NA;2;1;2;4;5;2;2;1;NA;5;1;2;1;5;1;NA;1;1;NA
29;"BA";2931905;"293190";"Tucano";"Não";"-";"Total";3;4;1;1;5;NA;3;3;3;6;4;6;17;11;12;8;6;8;7;17;13;11;11;11;NA
29;"BA";2932002;"293200";"Uauá";"Não";"-";"Total";1;NA;NA;NA;NA;NA;NA;NA;NA;3;2;NA;1;4;1;5;5;7;7;4;3;5;3;5;NA
29;"BA";2932101;"293210";"Ubaíra";"Não";"-";"Total";NA;2;NA;NA;NA;2;1;NA;NA;3;3;NA;2;3;5;3;4;2;5;1;2;2;2;1;NA
29;"BA";2932200;"293220";"Ubaitaba";"Não";"-";"Total";2;NA;2;2;1;3;1;3;2;5;8;6;7;1;6;1;NA;NA;1;NA;1;1;2;2;NA
29;"BA";2932309;"293230";"Ubatã";"Não";"-";"Total";NA;1;NA;NA;NA;NA;NA;NA;1;1;1;NA;NA;NA;3;1;1;NA;NA;1;1;NA;1;2;NA
29;"BA";2932408;"293240";"Uibaí";"Não";"-";"Total";NA;NA;NA;NA;2;NA;2;NA;3;2;2;1;2;3;2;1;2;2;1;5;3;NA;NA;5;NA
29;"BA";2932457;"293245";"Umburanas";"Não";"-";"Total";NA;1;NA;NA;1;NA;NA;NA;1;NA;1;NA;NA;NA;NA;NA;NA;2;NA;NA;NA;NA;NA;1;NA
29;"BA";2932507;"293250";"Una";"Não";"-";"Total";1;3;1;1;1;3;1;NA;NA;1;5;NA;1;NA;3;1;2;2;NA;1;NA;1;3;1;NA
29;"BA";2932606;"293260";"Urandi";"Não";"-";"Total";NA;NA;6;NA;NA;NA;NA;3;2;2;NA;3;3;2;5;3;3;5;1;NA;4;3;1;1;NA
29;"BA";2932705;"293270";"Uruçuca";"Não";"-";"Total";2;1;3;3;6;4;7;6;4;8;5;1;2;1;NA;NA;2;NA;4;5;4;3;1;2;NA
29;"BA";2932804;"293280";"Utinga";"Não";"-";"Total";NA;1;NA;1;2;2;2;3;NA;NA;2;2;NA;1;1;5;1;4;2;3;3;3;3;2;NA
29;"BA";2932903;"293290";"Valença";"Não";"-";"Total";3;3;11;6;5;5;10;11;13;7;14;5;10;12;17;8;12;9;15;12;21;7;12;19;NA
29;"BA";2933000;"293300";"Valente";"Não";"-";"Total";NA;NA;NA;NA;NA;NA;NA;1;NA;2;NA;1;2;2;NA;3;NA;1;3;1;4;4;5;5;NA
29;"BA";2933059;"293305";"Várzea da Roça";"Não";"-";"Total";NA;1;1;2;NA;NA;NA;1;NA;NA;NA;NA;NA;2;1;NA;2;3;2;1;1;1;NA;1;NA
29;"BA";2933109;"293310";"Várzea do Poço";"Não";"-";"Total";NA;NA;NA;NA;1;NA;NA;NA;NA;NA;NA;NA;NA;1;NA;2;NA;1;NA;NA;1;NA;NA;1;NA
29;"BA";2933158;"293315";"Várzea Nova";"Não";"-";"Total";NA;NA;NA;NA;1;1;1;2;NA;NA;NA;NA;NA;1;NA;1;1;2;2;1;NA;2;2;1;NA
29;"BA";2933174;"293317";"Varzedo";"Não";"-";"Total";NA;1;NA;NA;NA;NA;NA;1;1;NA;NA;2;2;3;NA;2;1;NA;1;1;1;1;NA;1;NA
29;"BA";2933208;"293320";"Vera Cruz";"Não";"Região Metropolitana de Salvador";"Total";1;5;2;NA;NA;8;3;7;2;9;4;7;6;6;4;5;3;6;2;9;8;7;7;9;NA
29;"BA";2933257;"293325";"Vereda";"Não";"-";"Total";NA;NA;NA;NA;NA;NA;NA;2;NA;NA;NA;NA;1;NA;NA;2;NA;NA;NA;NA;NA;NA;NA;1;NA
29;"BA";2933307;"293330";"Vitória da Conquista";"Não";"-";"Total";64;73;80;72;53;56;51;52;76;102;109;108;122;137;155;121;118;92;88;95;101;109;111;105;NA
29;"BA";2933406;"293340";"Wagner";"Não";"-";"Total";1;NA;NA;NA;NA;NA;NA;1;NA;2;1;6;NA;NA;1;2;2;2;2;2;4;NA;2;NA;NA
29;"BA";2933455;"293345";"Wanderley";"Não";"-";"Total";NA;NA;NA;2;NA;1;NA;NA;NA;NA;NA;NA;NA;NA;NA;NA;2;2;2;2;2;4;1;1;NA
29;"BA";2933505;"293350";"Wenceslau Guimarães";"Não";"-";"Total";3;NA;NA;NA;1;1;NA;4;3;3;7;9;8;5;1;2;5;7;3;3;3;NA;4;7;NA
29;"BA";2933604;"293360";"Xique-Xique";"Não";"-";"Total";NA;2;1;4;NA;1;NA;1;1;1;4;4;1;9;6;4;1;7;3;2;5;6;4;6;NA
31;"MG";3100104;"310010";"Abadia dos Dourados";"Não";"-";"Total";NA;NA;1;NA;1;1;NA;1;NA;1;1;2;NA;NA;NA;NA;NA;1;NA;3;1;NA;NA;NA;NA
31;"MG";3100203;"310020";"Abaeté";"Não";"-";"Total";NA;NA;NA;NA;NA;NA;NA;NA;NA;2;1;1;NA;1;1;1;1;2;NA;1;2;1;1;1;NA
31;"MG";3100302;"310030";"Abre Campo";"Não";"-";"Total";NA;1;NA;2;2;NA;1;2;3;4;1;2;2;NA;1;7;NA;2;1;NA;6;NA;2;3;NA
31;"MG";3100401;"310040";"Acaiaca";"Não";"-";"Total";NA;NA;NA;1;NA;NA;NA;2;1;1;NA;2;1;3;NA;NA;NA;NA;1;NA;NA;NA;NA;NA;NA
31;"MG";3100500;"310050";"Açucena";"Não";"Colar Metropolitano";"Total";NA;NA;NA;NA;NA;NA;NA;NA;NA;2;NA;1;1;NA;2;NA;NA;1;NA;3;NA;2;2;NA;NA
31;"MG";3100609;"310060";"Água Boa";"Não";"-";"Total";1;4;1;NA;NA;1;2;NA;2;1;NA;NA;1;2;5;NA;NA;NA;4;1;1;1;NA;3;NA
31;"MG";3100708;"310070";"Água Comprida";"Não";"-";"Total";NA;NA;NA;NA;NA;NA;1;1;NA;NA;NA;NA;NA;NA;NA;NA;1;NA;NA;NA;NA;NA;NA;NA;NA
31;"MG";3100807;"310080";"Aguanil";"Não";"-";"Total";NA;NA;NA;1;NA;NA;NA;1;NA;NA;NA;NA;NA;NA;NA;NA;NA;1;NA;NA;NA;NA;NA;NA;NA
31;"MG";3100906;"310090";"Águas Formosas";"Não";"-";"Total";NA;NA;3;1;NA;1;1;1;NA;NA;NA;4;2;6;2;3;1;1;5;5;6;3;NA;NA;NA
31;"MG";3101003;"310100";"Águas Vermelhas";"Não";"-";"Total";NA;NA;1;1;NA;1;NA;1;NA;NA;NA;NA;2;1;1;1;2;1;1;1;1;NA;1;NA;NA
31;"MG";3101102;"310110";"Aimorés";"Não";"-";"Total";2;1;1;1;5;NA;1;1;2;1;2;4;7;2;2;1;3;4;3;3;2;5;1;3;NA
31;"MG";3101201;"310120";"Aiuruoca";"Não";"-";"Total";NA;NA;1;NA;NA;NA;1;NA;NA;NA;2;1;NA;NA;NA;NA;1;1;NA;1;NA;1;2;1;NA
31;"MG";3101300;"310130";"Alagoa";"Não";"-";"Total";NA;NA;NA;NA;NA;NA;NA;NA;NA;NA;NA;NA;NA;NA;NA;NA;NA;NA;NA;NA;NA;1;NA;NA;NA
31;"MG";3101409;"310140";"Albertina";"Não";"-";"Total";NA;NA;NA;NA;NA;NA;NA;NA;NA;NA;NA;NA;NA;NA;NA;NA;NA;NA;NA;NA;NA;NA;NA;NA;NA
31;"MG";3101508;"310150";"Além Paraíba";"Não";"-";"Total";4;4;1;4;6;1;NA;1;NA;NA;1;2;1;NA;1;6;NA;NA;6;5;1;2;3;9;NA
31;"MG";3101607;"310160";"Alfenas";"Não";"-";"Total";1;2;3;3;5;2;5;6;6;5;7;5;6;5;6;6;5;8;5;6;3;6;7;7;NA
31;"MG";3101631;"310163";"Alfredo Vasconcelos";"Não";"-";"Total";NA;NA;NA;NA;1;NA;1;2;NA;NA;2;NA;NA;1;NA;2;2;NA;NA;1;NA;NA;1;1;NA
31;"MG";3101706;"310170";"Almenara";"Não";"-";"Total";1;NA;NA;NA;NA;NA;NA;2;NA;1;4;3;NA;2;1;4;3;5;2;NA;2;4;3;1;NA
31;"MG";3101805;"310180";"Alpercata";"Não";"-";"Total";NA;1;NA;1;4;3;3;3;2;3;2;2;4;1;2;3;2;NA;NA;1;NA;1;1;5;NA
31;"MG";3101904;"310190";"Alpinópolis";"Não";"-";"Total";1;NA;NA;1;1;NA;1;NA;2;1;1;3;NA;2;1;1;2;4;1;NA;NA;3;2;NA;NA
31;"MG";3102001;"310200";"Alterosa";"Não";"-";"Total";NA;NA;NA;NA;NA;NA;NA;NA;NA;NA;1;NA;2;NA;1;NA;1;NA;1;1;1;NA;1;NA;NA
31;"MG";3102050;"310205";"Alto Caparaó";"Não";"-";"Total";NA;NA;NA;NA;NA;NA;NA;NA;NA;NA;NA;NA;NA;1;NA;NA;NA;1;NA;NA;NA;NA;NA;NA;NA
31;"MG";3102100;"310210";"Alto Rio Doce";"Não";"-";"Total";NA;NA;NA;1;NA;NA;NA;NA;NA;NA;NA;NA;3;NA;NA;5;NA;NA;1;NA;NA;NA;NA;NA;NA
31;"MG";3102209;"310220";"Alvarenga";"Não";"-";"Total";NA;NA;NA;NA;NA;NA;NA;NA;NA;NA;NA;NA;NA;NA;NA;NA;NA;1;NA;NA;NA;NA;1;NA;NA
31;"MG";3102308;"310230";"Alvinópolis";"Não";"-";"Total";NA;NA;1;NA;1;4;NA;NA;NA;1;1;1;1;2;1;NA;1;1;NA;NA;NA;NA;NA;NA;NA
31;"MG";3102407;"310240";"Alvorada de Minas";"Não";"-";"Total";NA;NA;NA;NA;NA;NA;NA;NA;NA;NA;NA;NA;NA;NA;NA;NA;NA;NA;NA;NA;1;NA;NA;1;NA
31;"MG";3102506;"310250";"Amparo do Serra";"Não";"-";"Total";NA;NA;NA;NA;NA;NA;1;NA;NA;NA;NA;NA;NA;NA;NA;NA;NA;NA;NA;NA;NA;NA;NA;NA;NA
31;"MG";3102605;"310260";"Andradas";"Não";"-";"Total";NA;NA;1;NA;1;4;NA;NA;NA;1;1;1;NA;3;1;1;NA;NA;1;NA;NA;NA;NA;NA;NA
31;"MG";3102704;"310270";"Cachoeira de Pajeú";"Não";"-";"Total";NA;NA;NA;1;3;NA;4;NA;2;NA;1;2;NA;5;3;1;2;4;5;2;7;2;NA;4;NA
31;"MG";3102803;"310280";"Andrelândia";"Não";"-";"Total";NA;NA;NA;NA;3;NA;NA;NA;NA;1;NA;1;NA;NA;NA;NA;NA;1;1;NA;NA;NA;NA;NA;NA
31;"MG";3102852;"310285";"Angelândia";"Não";"-";"Total";NA;NA;NA;NA;NA;1;NA;NA;1;NA;2;NA;NA;NA;1;NA;NA;NA;2;NA;NA;NA;NA;NA;NA
31;"MG";3102902;"310290";"Antônio Carlos";"Não";"-";"Total";NA;NA;NA;NA;NA;NA;NA;1;NA;NA;NA;NA;NA;NA;NA;1;1;NA;NA;NA;NA;NA;NA;NA;NA
31;"MG";3103009;"310300";"Antônio Dias";"Não";"Colar Metropolitano";"Total";1;NA;1;NA;NA;1;1;1;1;6;12;2;2;5;6;4;NA;4;1;1;1;NA;4;3;NA
31;"MG";3103108;"310310";"Antônio Prado de Minas";"Não";"-";"Total";NA;NA;NA;NA;NA;NA;NA;NA;NA;NA;NA;NA;NA;NA;NA;NA;NA;NA;NA;NA;NA;NA;NA;NA;NA
31;"MG";3103207;"310320";"Araçaí";"Não";"-";"Total";NA;NA;NA;NA;NA;NA;NA;NA;NA;NA;NA;NA;NA;NA;NA;NA;1;NA;NA;NA;NA;NA;NA;NA;NA
31;"MG";3103306;"310330";"Aracitaba";"Não";"-";"Total";NA;NA;NA;NA;NA;NA;NA;NA;NA;NA;NA;NA;NA;NA;NA;NA;NA;NA;NA;NA;NA;NA;NA;NA;NA
31;"MG";3103405;"310340";"Araçuaí";"Não";"-";"Total";NA;NA;NA;NA;2;1;NA;2;2;2;5;NA;1;4;3;2;1;2;NA;3;3;NA;7;2;NA
31;"MG";3103504;"310350";"Araguari";"Não";"-";"Total";13;2;1;4;2;6;5;7;9;8;16;10;15;6;6;6;2;4;3;4;3;1;6;5;NA
31;"MG";3103603;"310360";"Arantina";"Não";"-";"Total";NA;NA;1;NA;NA;NA;NA;NA;NA;NA;NA;NA;NA;NA;NA;NA;NA;NA;NA;NA;NA;NA;NA;1;NA
31;"MG";3103702;"310370";"Araponga";"Não";"-";"Total";NA;NA;NA;NA;NA;NA;NA;NA;1;1;NA;NA;1;NA;1;NA;NA;NA;NA;NA;NA;NA;NA;1;NA
31;"MG";3103751;"310375";"Araporã";"Não";"-";"Total";1;NA;1;NA;1;9;2;2;1;NA;1;1;2;2;1;1;NA;NA;NA;NA;1;NA;2;NA;NA
31;"MG";3103801;"310380";"Arapuá";"Não";"-";"Total";NA;NA;NA;NA;1;NA;1;1;NA;NA;NA;NA;NA;NA;NA;NA;1;NA;NA;NA;NA;NA;NA;NA;NA
31;"MG";3103900;"310390";"Araújos";"Não";"-";"Total";NA;NA;NA;NA;NA;1;NA;NA;1;NA;NA;NA;NA;3;NA;NA;1;NA;3;NA;NA;NA;1;NA;NA
31;"MG";3104007;"310400";"Araxá";"Não";"-";"Total";NA;1;3;3;4;5;1;5;8;2;4;13;8;15;8;9;3;12;2;4;2;6;9;10;NA
31;"MG";3104106;"310410";"Arceburgo";"Não";"-";"Total";NA;NA;NA;NA;NA;NA;NA;NA;NA;NA;NA;NA;NA;3;NA;1;NA;2;NA;1;NA;NA;NA;NA;NA
31;"MG";3104205;"310420";"Arcos";"Não";"-";"Total";NA;NA;1;2;3;2;NA;1;1;5;NA;2;1;2;1;1;5;2;2;1;1;1;2;1;NA
31;"MG";3104304;"310430";"Areado";"Não";"-";"Total";1;NA;1;NA;NA;NA;NA;NA;NA;1;1;NA;5;1;NA;NA;NA;NA;NA;1;2;NA;NA;1;NA
31;"MG";3104403;"310440";"Argirita";"Não";"-";"Total";NA;NA;NA;NA;NA;NA;NA;NA;NA;NA;NA;NA;1;1;1;NA;NA;NA;NA;NA;NA;NA;NA;NA;NA
31;"MG";3104452;"310445";"Aricanduva";"Não";"-";"Total";NA;NA;NA;NA;NA;NA;NA;1;NA;NA;NA;NA;NA;NA;NA;NA;NA;NA;NA;NA;NA;NA;NA;NA;NA
31;"MG";3104502;"310450";"Arinos";"Não";"Região Integrada de Desenvolvimento do Distrito Federal e Entorno";"Total";NA;NA;1;NA;NA;NA;1;2;3;5;2;NA;3;2;7;5;7;1;2;1;NA;2;2;2;NA
31;"MG";3104601;"310460";"Astolfo Dutra";"Não";"-";"Total";NA;NA;NA;NA;1;1;NA;NA;NA;NA;NA;NA;NA;NA;NA;NA;2;NA;NA;NA;NA;NA;NA;1;NA
31;"MG";3104700;"310470";"Ataléia";"Não";"-";"Total";NA;NA;NA;1;NA;1;1;NA;NA;NA;1;1;1;2;NA;2;3;NA;NA;NA;2;1;1;2;NA
31;"MG";3104809;"310480";"Augusto de Lima";"Não";"-";"Total";NA;NA;NA;NA;NA;NA;3;2;3;NA;1;9;NA;NA;2;5;3;3;2;2;3;1;NA;4;NA
31;"MG";3104908;"310490";"Baependi";"Não";"-";"Total";NA;NA;NA;NA;NA;1;NA;1;1;1;NA;3;NA;NA;NA;2;NA;NA;NA;1;1;1;2;NA;NA
31;"MG";3105004;"310500";"Baldim";"Não";"Região Metropolitana de Belo Horizonte";"Total";NA;NA;NA;NA;NA;1;NA;NA;NA;1;NA;2;2;1;NA;NA;NA;1;NA;NA;NA;NA;NA;NA;NA
31;"MG";3105103;"310510";"Bambuí";"Não";"-";"Total";NA;1;NA;1;NA;1;1;2;2;1;3;1;NA;1;NA;1;1;NA;NA;NA;NA;1;NA;2;NA
31;"MG";3105202;"310520";"Bandeira";"Não";"-";"Total";NA;NA;NA;NA;NA;NA;NA;NA;NA;NA;NA;NA;NA;NA;NA;1;NA;NA;NA;NA;NA;NA;NA;NA;NA
31;"MG";3105301;"310530";"Bandeira do Sul";"Não";"-";"Total";2;NA;NA;1;NA;NA;NA;NA;NA;NA;NA;NA;NA;NA;NA;1;1;NA;2;NA;NA;1;NA;NA;NA
31;"MG";3105400;"310540";"Barão de Cocais";"Não";"Colar Metropolitano de Belo Horizonte";"Total";6;2;1;1;2;4;6;2;7;1;3;5;2;5;NA;NA;1;2;4;1;3;NA;1;1;NA
31;"MG";3105509;"310550";"Barão de Monte Alto";"Não";"-";"Total";NA;NA;NA;NA;NA;NA;NA;NA;NA;NA;NA;NA;NA;NA;NA;NA;NA;NA;NA;NA;NA;NA;NA;NA;NA
31;"MG";3105608;"310560";"Barbacena";"Não";"-";"Total";11;5;10;7;7;6;12;13;12;6;8;9;15;12;6;12;22;13;8;10;13;7;10;9;NA
31;"MG";3105707;"310570";"Barra Longa";"Não";"-";"Total";NA;NA;NA;NA;NA;NA;NA;2;NA;NA;NA;NA;1;NA;NA;NA;NA;1;NA;NA;NA;NA;NA;1;NA
31;"MG";3105905;"310590";"Barroso";"Não";"-";"Total";NA;NA;NA;NA;1;NA;NA;NA;NA;NA;2;1;1;2;1;NA;1;NA;NA;1;1;NA;2;NA;NA
31;"MG";3106002;"310600";"Bela Vista de Minas";"Não";"-";"Total";2;5;5;4;2;NA;1;2;2;NA;3;NA;3;4;7;5;1;4;NA;1;2;NA;1;1;NA
31;"MG";3106101;"310610";"Belmiro Braga";"Não";"-";"Total";NA;NA;NA;NA;NA;NA;NA;NA;NA;NA;1;NA;NA;NA;NA;NA;NA;NA;1;NA;NA;NA;NA;1;NA
31;"MG";3106200;"310620";"Belo Horizonte";"Sim";"Região Metropolitana de Belo Horizonte";"Total";308;383;339;333;374;356;442;419;397;378;382;391;322;322;315;258;268;208;189;162;175;169;180;222;NA
31;"MG";3106309;"310630";"Belo Oriente";"Não";"Colar Metropolitano";"Total";2;NA;NA;NA;1;2;NA;1;NA;2;1;3;4;NA;6;4;4;4;2;1;1;7;4;2;NA
31;"MG";3106408;"310640";"Belo Vale";"Não";"Colar Metropolitano de Belo Horizonte";"Total";NA;NA;NA;NA;NA;NA;NA;NA;1;NA;NA;1;NA;NA;1;NA;NA;NA;NA;NA;NA;NA;1;NA;NA
31;"MG";3106507;"310650";"Berilo";"Não";"-";"Total";NA;NA;NA;NA;1;NA;NA;NA;NA;NA;NA;1;NA;NA;1;NA;NA;NA;NA;1;NA;NA;1;2;NA
31;"MG";3106606;"310660";"Bertópolis";"Não";"-";"Total";NA;NA;NA;NA;NA;NA;NA;1;NA;NA;NA;NA;NA;1;NA;1;1;NA;1;NA;1;NA;NA;NA;NA
31;"MG";3106655;"310665";"Berizal";"Não";"-";"Total";NA;NA;NA;NA;NA;NA;NA;NA;NA;NA;NA;1;1;NA;NA;NA;NA;1;NA;NA;2;NA;NA;NA;NA
31;"MG";3106705;"310670";"Betim";"Não";"Região Metropolitana de Belo Horizonte";"Total";41;30;52;68;62;43;67;76;60;62;69;77;65;48;52;55;36;46;38;32;35;43;55;35;NA
31;"MG";3106804;"310680";"Bias Fortes";"Não";"-";"Total";NA;NA;NA;NA;NA;NA;NA;NA;NA;NA;NA;NA;NA;NA;NA;NA;NA;NA;NA;NA;NA;NA;NA;NA;NA
31;"MG";3106903;"310690";"Bicas";"Não";"-";"Total";NA;NA;NA;2;NA;NA;NA;NA;1;2;NA;1;NA;1;NA;NA;NA;NA;1;NA;1;3;1;NA;NA
31;"MG";3107000;"310700";"Biquinhas";"Não";"-";"Total";NA;NA;NA;NA;NA;NA;NA;NA;NA;NA;1;NA;NA;NA;NA;1;NA;NA;1;NA;NA;1;NA;NA;NA
31;"MG";3107109;"310710";"Boa Esperança";"Não";"-";"Total";2;NA;3;1;3;2;1;NA;NA;5;2;1;1;2;3;2;1;1;2;4;4;6;2;1;NA
31;"MG";3107208;"310720";"Bocaina de Minas";"Não";"-";"Total";NA;NA;NA;NA;NA;NA;NA;NA;NA;NA;NA;NA;NA;NA;NA;NA;NA;NA;NA;NA;NA;1;NA;NA;NA
31;"MG";3107307;"310730";"Bocaiúva";"Não";"-";"Total";NA;2;10;4;2;3;4;3;6;6;18;14;5;14;16;6;11;9;4;9;12;4;13;9;NA
31;"MG";3107406;"310740";"Bom Despacho";"Não";"-";"Total";1;1;1;1;3;3;1;3;2;2;3;1;6;4;3;5;3;2;2;6;7;1;2;2;NA
31;"MG";3107505;"310750";"Bom Jardim de Minas";"Não";"-";"Total";NA;NA;NA;NA;NA;NA;NA;NA;NA;NA;2;2;NA;NA;NA;NA;3;3;NA;2;1;1;NA;1;NA
31;"MG";3107604;"310760";"Bom Jesus da Penha";"Não";"-";"Total";NA;NA;NA;NA;NA;NA;NA;NA;NA;NA;NA;NA;NA;NA;NA;NA;NA;NA;1;NA;NA;NA;NA;NA;NA
31;"MG";3107703;"310770";"Bom Jesus do Amparo";"Não";"Colar Metropolitano de Belo Horizonte";"Total";3;3;5;2;1;11;2;4;1;NA;NA;2;5;NA;2;1;4;7;1;5;1;1;NA;NA;NA
31;"MG";3107802;"310780";"Bom Jesus do Galho";"Não";"Colar Metropolitano";"Total";NA;NA;1;1;NA;2;NA;1;NA;NA;NA;4;3;NA;2;1;NA;1;1;1;3;2;1;1;NA
31;"MG";3107901;"310790";"Bom Repouso";"Não";"-";"Total";NA;NA;NA;NA;NA;NA;NA;NA;NA;NA;NA;NA;NA;NA;NA;NA;NA;NA;NA;NA;NA;NA;NA;NA;NA
31;"MG";3108008;"310800";"Bom Sucesso";"Não";"-";"Total";NA;NA;NA;NA;NA;NA;NA;NA;NA;NA;NA;NA;NA;1;1;1;NA;NA;2;2;NA;NA;NA;NA;NA
31;"MG";3108107;"310810";"Bonfim";"Não";"Colar Metropolitano de Belo Horizonte";"Total";NA;NA;NA;NA;NA;NA;NA;NA;1;NA;NA;NA;NA;NA;NA;NA;NA;NA;NA;NA;NA;1;NA;NA;NA
31;"MG";3108206;"310820";"Bonfinópolis de Minas";"Não";"-";"Total";NA;NA;NA;NA;NA;NA;NA;NA;2;NA;NA;1;3;NA;NA;NA;1;NA;NA;NA;NA;NA;1;2;NA
31;"MG";3108255;"310825";"Bonito de Minas";"Não";"-";"Total";NA;NA;NA;NA;NA;NA;NA;NA;NA;NA;1;1;1;2;NA;NA;2;3;NA;NA;NA;1;NA;NA;NA
31;"MG";3108305;"310830";"Borda da Mata";"Não";"-";"Total";NA;NA;NA;NA;NA;NA;NA;NA;1;NA;NA;NA;NA;NA;NA;1;NA;1;NA;NA;1;NA;NA;NA;NA
31;"MG";3108404;"310840";"Botelhos";"Não";"-";"Total";NA;NA;NA;NA;NA;NA;NA;1;NA;NA;NA;NA;NA;NA;1;NA;NA;1;NA;NA;NA;1;NA;2;NA
31;"MG";3108503;"310850";"Botumirim";"Não";"-";"Total";NA;NA;NA;NA;1;NA;NA;NA;1;1;NA;1;NA;NA;1;1;NA;NA;NA;NA;1;NA;2;NA;NA
31;"MG";3108552;"310855";"Brasilândia de Minas";"Não";"-";"Total";NA;NA;2;NA;NA;NA;NA;1;1;1;1;NA;2;3;2;1;3;NA;3;1;1;3;1;2;NA
31;"MG";3108602;"310860";"Brasília de Minas";"Não";"-";"Total";NA;NA;NA;1;1;1;NA;3;2;2;NA;2;3;1;3;9;3;2;3;4;3;4;2;3;NA
31;"MG";3108701;"310870";"Brás Pires";"Não";"-";"Total";NA;NA;NA;NA;NA;NA;NA;NA;NA;NA;NA;NA;NA;NA;1;NA;NA;NA;NA;NA;NA;NA;NA;NA;NA
31;"MG";3108800;"310880";"Braúnas";"Não";"Colar Metropolitano";"Total";NA;NA;NA;NA;NA;NA;NA;NA;1;NA;NA;NA;1;NA;NA;NA;NA;NA;NA;NA;NA;NA;NA;NA;NA
31;"MG";3108909;"310890";"Brazópolis";"Não";"-";"Total";NA;NA;NA;NA;NA;NA;1;NA;1;NA;1;1;NA;NA;1;1;2;NA;NA;NA;NA;NA;NA;NA;NA
31;"MG";3109006;"310900";"Brumadinho";"Não";"Região Metropolitana de Belo Horizonte";"Total";1;NA;1;3;1;4;4;4;4;2;2;3;1;5;4;4;3;5;2;9;5;9;7;8;NA
31;"MG";3109105;"310910";"Bueno Brandão";"Não";"-";"Total";NA;NA;NA;NA;NA;NA;NA;1;NA;NA;NA;NA;NA;NA;NA;NA;NA;NA;NA;NA;1;1;NA;1;NA
31;"MG";3109204;"310920";"Buenópolis";"Não";"-";"Total";1;NA;NA;NA;3;NA;3;NA;1;1;3;6;3;2;1;2;1;2;2;1;3;4;2;4;NA
31;"MG";3109253;"310925";"Bugre";"Não";"Colar Metropolitano";"Total";NA;NA;NA;1;NA;NA;NA;NA;NA;NA;NA;NA;NA;NA;NA;NA;NA;NA;NA;NA;NA;NA;1;NA;NA
31;"MG";3109303;"310930";"Buritis";"Não";"Região Integrada de Desenvolvimento do Distrito Federal e Entorno";"Total";1;2;2;2;NA;3;2;8;3;3;8;4;6;2;8;6;10;7;2;2;2;8;1;3;NA
31;"MG";3109402;"310940";"Buritizeiro";"Não";"-";"Total";NA;1;3;NA;2;NA;NA;3;9;4;14;NA;7;2;4;7;7;2;2;1;NA;2;6;5;NA
31;"MG";3109451;"310945";"Cabeceira Grande";"Não";"Região Integrada de Desenvolvimento do Distrito Federal e Entorno";"Total";NA;NA;NA;NA;NA;NA;NA;NA;NA;1;1;NA;1;NA;NA;1;1;NA;NA;NA;NA;1;NA;NA;NA
31;"MG";3109501;"310950";"Cabo Verde";"Não";"-";"Total";NA;NA;NA;NA;NA;NA;NA;NA;1;1;NA;1;NA;NA;1;NA;1;2;NA;1;NA;NA;NA;NA;NA
31;"MG";3109600;"310960";"Cachoeira da Prata";"Não";"-";"Total";NA;NA;NA;NA;NA;NA;NA;1;1;1;NA;3;NA;NA;2;NA;NA;NA;1;1;NA;1;NA;NA;NA
31;"MG";3109709;"310970";"Cachoeira de Minas";"Não";"-";"Total";NA;NA;NA;1;NA;NA;NA;NA;NA;NA;NA;NA;1;NA;NA;NA;1;NA;NA;NA;NA;1;NA;NA;NA
31;"MG";3109808;"310980";"Cachoeira Dourada";"Não";"-";"Total";NA;NA;NA;NA;NA;NA;NA;1;NA;NA;NA;NA;NA;NA;NA;2;NA;NA;NA;NA;NA;1;NA;NA;NA
31;"MG";3109907;"310990";"Caetanópolis";"Não";"-";"Total";NA;NA;NA;2;NA;NA;NA;NA;NA;NA;NA;NA;NA;NA;NA;1;1;2;2;NA;NA;1;1;5;NA
31;"MG";3110004;"311000";"Caeté";"Não";"Região Metropolitana de Belo Horizonte";"Total";2;2;6;3;3;7;6;NA;5;2;2;6;1;10;6;2;NA;3;NA;2;1;1;7;NA;NA
31;"MG";3110103;"311010";"Caiana";"Não";"-";"Total";NA;NA;NA;NA;NA;NA;NA;NA;NA;NA;NA;NA;NA;1;NA;NA;NA;NA;1;NA;NA;NA;NA;NA;NA
31;"MG";3110202;"311020";"Cajuri";"Não";"-";"Total";NA;NA;NA;NA;NA;NA;NA;1;NA;NA;NA;NA;NA;2;1;NA;NA;NA;NA;NA;NA;1;NA;NA;NA
31;"MG";3110301;"311030";"Caldas";"Não";"-";"Total";NA;NA;NA;NA;NA;NA;NA;1;NA;NA;NA;NA;1;1;NA;1;NA;NA;NA;NA;NA;NA;NA;NA;NA
31;"MG";3110400;"311040";"Camacho";"Não";"-";"Total";NA;NA;NA;NA;NA;NA;NA;NA;NA;2;NA;NA;NA;NA;NA;NA;NA;NA;NA;NA;NA;1;NA;NA;NA
31;"MG";3110509;"311050";"Camanducaia";"Não";"-";"Total";NA;NA;1;1;NA;NA;NA;NA;NA;1;1;2;1;1;1;NA;NA;NA;2;NA;NA;3;NA;NA;NA
31;"MG";3110608;"311060";"Cambuí";"Não";"-";"Total";NA;2;NA;2;NA;1;6;2;1;NA;2;1;1;NA;1;NA;1;4;2;NA;NA;2;4;7;NA
31;"MG";3110707;"311070";"Cambuquira";"Não";"-";"Total";NA;1;NA;NA;1;1;1;1;3;3;2;3;3;3;NA;2;1;2;1;2;NA;1;NA;NA;NA
31;"MG";3110806;"311080";"Campanário";"Não";"-";"Total";NA;NA;NA;3;2;5;4;5;2;1;2;5;1;5;3;2;4;6;2;1;2;1;3;2;NA
31;"MG";3110905;"311090";"Campanha";"Não";"-";"Total";1;NA;3;3;1;3;NA;2;NA;2;4;NA;3;NA;8;4;9;1;1;2;1;NA;NA;1;NA
31;"MG";3111002;"311100";"Campestre";"Não";"-";"Total";NA;1;NA;1;NA;NA;1;NA;NA;NA;NA;4;NA;2;NA;3;NA;1;3;1;NA;1;1;1;NA
31;"MG";3111101;"311110";"Campina Verde";"Não";"-";"Total";NA;1;NA;NA;NA;NA;NA;NA;2;NA;NA;NA;3;1;2;5;2;NA;1;NA;NA;NA;1;3;NA
31;"MG";3111150;"311115";"Campo Azul";"Não";"-";"Total";NA;NA;NA;NA;NA;NA;NA;NA;NA;NA;NA;1;NA;NA;NA;NA;NA;NA;NA;NA;NA;2;NA;NA;NA
31;"MG";3111200;"311120";"Campo Belo";"Não";"-";"Total";1;1;2;4;3;2;1;1;NA;1;2;2;1;2;3;6;1;2;3;7;1;3;3;1;NA
31;"MG";3111309;"311130";"Campo do Meio";"Não";"-";"Total";NA;NA;NA;NA;NA;NA;2;NA;1;NA;NA;NA;1;NA;NA;1;2;1;NA;1;1;1;NA;NA;NA
31;"MG";3111408;"311140";"Campo Florido";"Não";"-";"Total";NA;NA;NA;NA;NA;1;1;NA;NA;1;NA;NA;NA;NA;4;1;1;NA;NA;NA;1;1;2;1;NA
31;"MG";3111507;"311150";"Campos Altos";"Não";"-";"Total";NA;1;NA;NA;NA;1;NA;NA;NA;NA;1;4;2;5;5;9;4;1;2;6;1;4;2;1;NA
31;"MG";3111606;"311160";"Campos Gerais";"Não";"-";"Total";NA;NA;1;NA;2;2;1;NA;NA;NA;1;NA;3;NA;1;1;NA;NA;NA;1;2;2;1;2;NA
31;"MG";3111705;"311170";"Canaã";"Não";"-";"Total";NA;NA;NA;NA;NA;NA;NA;NA;NA;NA;NA;2;NA;NA;NA;1;NA;NA;1;NA;NA;NA;NA;NA;NA
31;"MG";3111804;"311180";"Canápolis";"Não";"-";"Total";1;NA;NA;NA;NA;NA;NA;NA;1;1;1;1;1;3;NA;3;1;NA;NA;NA;1;6;2;NA;NA
31;"MG";3111903;"311190";"Cana Verde";"Não";"-";"Total";NA;NA;NA;NA;NA;NA;NA;NA;NA;1;NA;NA;1;1;1;NA;NA;NA;1;NA;NA;NA;NA;NA;NA
31;"MG";3112000;"311200";"Candeias";"Não";"-";"Total";NA;NA;NA;NA;NA;NA;NA;NA;NA;1;NA;2;3;2;NA;3;1;1;2;1;1;NA;1;2;NA
31;"MG";3112059;"311205";"Cantagalo";"Não";"-";"Total";NA;NA;NA;NA;NA;NA;NA;NA;NA;NA;1;NA;NA;NA;NA;NA;1;NA;1;NA;NA;NA;NA;NA;NA
31;"MG";3112109;"311210";"Caparaó";"Não";"-";"Total";NA;NA;NA;NA;NA;NA;NA;NA;NA;2;NA;NA;NA;NA;1;NA;NA;1;NA;NA;NA;NA;NA;NA;NA
31;"MG";3112208;"311220";"Capela Nova";"Não";"-";"Total";NA;NA;NA;NA;NA;NA;NA;NA;NA;NA;NA;NA;NA;NA;NA;NA;NA;NA;NA;1;NA;NA;NA;NA;NA
31;"MG";3112307;"311230";"Capelinha";"Não";"-";"Total";2;1;NA;2;1;3;6;2;5;2;1;3;2;3;5;7;1;11;2;4;3;3;8;5;NA
31;"MG";3112406;"311240";"Capetinga";"Não";"-";"Total";NA;NA;NA;1;NA;NA;1;NA;NA;NA;NA;NA;1;NA;1;NA;NA;NA;NA;NA;NA;1;1;NA;NA
31;"MG";3112505;"311250";"Capim Branco";"Não";"Região Metropolitana de Belo Horizonte";"Total";NA;NA;NA;4;NA;1;NA;NA;NA;NA;NA;NA;NA;NA;NA;NA;NA;NA;1;NA;NA;NA;NA;1;NA
31;"MG";3112604;"311260";"Capinópolis";"Não";"-";"Total";NA;NA;NA;1;2;1;NA;2;NA;1;NA;1;NA;NA;NA;NA;1;NA;NA;NA;NA;1;2;NA;NA
31;"MG";3112653;"311265";"Capitão Andrade";"Não";"-";"Total";NA;NA;NA;NA;NA;1;2;1;NA;NA;NA;1;NA;2;NA;NA;NA;NA;NA;NA;NA;NA;NA;NA;NA
31;"MG";3112703;"311270";"Capitão Enéas";"Não";"-";"Total";NA;NA;NA;1;2;1;2;1;2;1;1;6;1;4;5;3;3;3;4;3;2;3;2;2;NA
31;"MG";3112802;"311280";"Capitólio";"Não";"-";"Total";NA;3;NA;NA;NA;NA;NA;NA;NA;NA;NA;1;NA;1;1;1;1;NA;NA;2;1;1;1;1;NA
31;"MG";3112901;"311290";"Caputira";"Não";"-";"Total";NA;NA;NA;1;NA;NA;NA;NA;NA;NA;NA;NA;NA;NA;2;NA;NA;NA;NA;NA;1;NA;NA;NA;NA
31;"MG";3113008;"311300";"Caraí";"Não";"-";"Total";1;NA;NA;NA;1;4;2;2;4;4;5;3;5;8;9;1;7;8;3;6;2;5;6;4;NA
31;"MG";3113107;"311310";"Caranaíba";"Não";"-";"Total";NA;NA;NA;NA;NA;NA;NA;NA;NA;NA;NA;NA;NA;NA;NA;NA;NA;NA;NA;NA;NA;NA;NA;NA;NA
31;"MG";3113206;"311320";"Carandaí";"Não";"-";"Total";1;1;4;NA;7;4;1;3;NA;2;2;4;5;5;3;7;4;1;NA;1;1;2;1;NA;NA
31;"MG";3113305;"311330";"Carangola";"Não";"-";"Total";1;1;1;NA;NA;NA;1;4;1;1;3;4;2;2;1;NA;1;1;NA;2;1;NA;1;3;NA
31;"MG";3113404;"311340";"Caratinga";"Não";"Colar Metropolitano";"Total";NA;NA;NA;NA;NA;1;NA;NA;NA;2;6;6;4;10;18;19;5;9;14;10;18;20;19;18;NA
31;"MG";3113503;"311350";"Carbonita";"Não";"-";"Total";NA;NA;NA;NA;NA;NA;NA;1;NA;2;4;NA;NA;NA;NA;1;NA;1;NA;NA;NA;NA;NA;NA;NA
31;"MG";3113602;"311360";"Careaçu";"Não";"-";"Total";NA;NA;NA;NA;NA;NA;NA;NA;1;NA;1;NA;NA;NA;NA;NA;NA;2;NA;NA;NA;2;2;NA;NA
31;"MG";3113701;"311370";"Carlos Chagas";"Não";"-";"Total";NA;NA;NA;4;1;4;6;NA;1;4;2;11;4;6;2;12;3;3;9;6;4;2;4;NA;NA
31;"MG";3113800;"311380";"Carmésia";"Não";"-";"Total";NA;2;NA;NA;NA;NA;NA;NA;NA;NA;NA;NA;NA;NA;NA;NA;NA;1;NA;NA;NA;NA;NA;1;NA
31;"MG";3113909;"311390";"Carmo da Cachoeira";"Não";"-";"Total";1;1;3;NA;9;3;3;NA;1;4;2;1;NA;2;1;NA;NA;3;1;NA;1;2;NA;1;NA
31;"MG";3114006;"311400";"Carmo da Mata";"Não";"-";"Total";NA;NA;NA;1;2;NA;NA;1;1;NA;1;2;2;NA;NA;NA;NA;3;NA;NA;1;NA;1;NA;NA
31;"MG";3114105;"311410";"Carmo de Minas";"Não";"-";"Total";NA;NA;1;2;NA;NA;NA;1;NA;NA;2;1;NA;NA;2;NA;NA;NA;NA;2;NA;NA;NA;NA;NA
31;"MG";3114204;"311420";"Carmo do Cajuru";"Não";"-";"Total";1;1;NA;NA;NA;NA;NA;NA;2;1;NA;NA;3;3;1;3;1;3;NA;NA;NA;1;2;5;NA
31;"MG";3114303;"311430";"Carmo do Paranaíba";"Não";"-";"Total";NA;NA;NA;NA;NA;1;1;NA;NA;1;NA;NA;NA;2;1;NA;NA;NA;1;NA;1;NA;2;1;NA
31;"MG";3114402;"311440";"Carmo do Rio Claro";"Não";"-";"Total";NA;NA;NA;NA;NA;NA;NA;NA;NA;1;NA;1;NA;NA;NA;NA;NA;NA;2;NA;NA;NA;NA;NA;NA
31;"MG";3114501;"311450";"Carmópolis de Minas";"Não";"-";"Total";NA;1;NA;2;1;1;1;2;2;2;1;1;2;5;2;4;NA;NA;NA;NA;3;2;2;NA;NA
31;"MG";3114550;"311455";"Carneirinho";"Não";"-";"Total";NA;NA;NA;NA;NA;2;1;NA;NA;1;1;NA;1;NA;1;2;NA;1;NA;NA;1;NA;NA;1;NA
31;"MG";3114600;"311460";"Carrancas";"Não";"-";"Total";NA;NA;NA;NA;NA;NA;NA;NA;NA;NA;NA;NA;NA;NA;NA;NA;NA;NA;NA;NA;NA;NA;NA;NA;NA
31;"MG";3114709;"311470";"Carvalhópolis";"Não";"-";"Total";NA;NA;NA;NA;NA;1;NA;NA;NA;NA;NA;NA;NA;NA;NA;NA;NA;NA;NA;NA;NA;NA;NA;NA;NA
31;"MG";3114808;"311480";"Carvalhos";"Não";"-";"Total";NA;NA;NA;NA;NA;NA;NA;NA;NA;NA;NA;NA;NA;NA;NA;NA;NA;NA;NA;1;NA;NA;NA;NA;NA
31;"MG";3114907;"311490";"Casa Grande";"Não";"-";"Total";NA;NA;NA;NA;NA;NA;NA;NA;NA;NA;NA;NA;NA;NA;NA;NA;1;NA;NA;NA;NA;NA;NA;NA;NA
31;"MG";3115003;"311500";"Cascalho Rico";"Não";"-";"Total";NA;NA;NA;NA;NA;NA;NA;NA;NA;NA;NA;NA;NA;NA;NA;NA;NA;NA;NA;1;NA;NA;NA;1;NA
31;"MG";3115102;"311510";"Cássia";"Não";"-";"Total";NA;NA;2;NA;NA;1;1;1;NA;1;1;NA;NA;NA;NA;NA;NA;NA;3;2;1;NA;1;1;NA
31;"MG";3115201;"311520";"Conceição da Barra de Minas";"Não";"-";"Total";NA;NA;NA;NA;NA;NA;NA;NA;NA;NA;NA;1;NA;NA;NA;NA;NA;NA;NA;NA;NA;NA;NA;NA;NA
31;"MG";3115300;"311530";"Cataguases";"Não";"-";"Total";2;1;4;2;2;NA;3;NA;NA;3;1;1;1;5;4;4;6;NA;2;3;1;7;4;3;NA
31;"MG";3115359;"311535";"Catas Altas";"Não";"-";"Total";NA;NA;1;NA;3;2;NA;NA;2;1;NA;1;1;NA;1;1;NA;NA;NA;NA;NA;NA;NA;1;NA
31;"MG";3115409;"311540";"Catas Altas da Noruega";"Não";"-";"Total";NA;NA;NA;NA;NA;NA;NA;NA;NA;NA;NA;1;1;NA;2;NA;NA;NA;NA;1;NA;1;NA;1;NA
31;"MG";3115458;"311545";"Catuji";"Não";"-";"Total";NA;NA;3;3;9;3;3;4;3;21;6;9;9;9;4;8;6;4;5;1;1;2;3;1;NA
31;"MG";3115474;"311547";"Catuti";"Não";"-";"Total";NA;NA;NA;NA;NA;NA;NA;NA;NA;1;NA;NA;1;NA;NA;1;1;NA;NA;1;NA;1;1;NA;NA
31;"MG";3115508;"311550";"Caxambu";"Não";"-";"Total";NA;NA;NA;1;NA;NA;NA;NA;1;NA;1;NA;3;1;NA;1;NA;NA;1;1;NA;1;2;NA;NA
31;"MG";3115607;"311560";"Cedro do Abaeté";"Não";"-";"Total";NA;NA;NA;NA;NA;1;NA;NA;NA;1;NA;NA;NA;NA;NA;NA;NA;NA;NA;1;NA;NA;NA;NA;NA
31;"MG";3115706;"311570";"Central de Minas";"Não";"-";"Total";NA;NA;NA;3;NA;1;NA;1;1;NA;NA;2;2;NA;1;2;1;NA;NA;1;NA;1;NA;NA;NA
31;"MG";3115805;"311580";"Centralina";"Não";"-";"Total";NA;NA;3;1;3;NA;NA;NA;NA;NA;NA;2;3;1;2;1;1;NA;1;3;1;1;2;2;NA
31;"MG";3115904;"311590";"Chácara";"Não";"-";"Total";NA;NA;NA;NA;NA;NA;1;NA;NA;NA;NA;NA;NA;NA;NA;NA;NA;NA;NA;NA;NA;NA;NA;NA;NA
31;"MG";3116001;"311600";"Chalé";"Não";"-";"Total";NA;NA;NA;NA;NA;NA;NA;NA;NA;NA;NA;NA;NA;NA;1;1;NA;NA;NA;NA;2;NA;NA;NA;NA
31;"MG";3116100;"311610";"Chapada do Norte";"Não";"-";"Total";NA;NA;NA;NA;NA;NA;NA;1;NA;NA;1;NA;NA;NA;NA;NA;NA;NA;NA;NA;NA;2;NA;NA;NA
31;"MG";3116159;"311615";"Chapada Gaúcha";"Não";"-";"Total";NA;NA;NA;NA;NA;NA;NA;1;NA;NA;3;NA;1;2;3;1;NA;NA;NA;NA;NA;1;1;1;NA
31;"MG";3116209;"311620";"Chiador";"Não";"-";"Total";NA;1;NA;NA;NA;NA;NA;NA;NA;NA;NA;NA;NA;1;NA;NA;NA;1;NA;NA;NA;NA;NA;NA;NA
31;"MG";3116308;"311630";"Cipotânea";"Não";"-";"Total";NA;NA;NA;NA;NA;NA;NA;1;NA;NA;NA;NA;NA;NA;NA;NA;NA;NA;1;NA;NA;NA;NA;NA;NA
31;"MG";3116407;"311640";"Claraval";"Não";"-";"Total";NA;NA;NA;NA;NA;NA;NA;NA;NA;NA;NA;1;NA;NA;NA;NA;NA;1;1;NA;NA;NA;NA;1;NA
31;"MG";3116506;"311650";"Claro dos Poções";"Não";"-";"Total";NA;NA;NA;3;2;2;NA;NA;2;1;1;3;3;1;3;8;1;NA;1;2;1;2;2;2;NA
31;"MG";3116605;"311660";"Cláudio";"Não";"-";"Total";NA;NA;NA;2;1;NA;1;1;2;3;2;5;2;3;4;4;1;2;2;NA;3;2;NA;NA;NA
31;"MG";3116704;"311670";"Coimbra";"Não";"-";"Total";NA;NA;NA;NA;NA;NA;1;NA;1;NA;NA;1;NA;NA;NA;2;NA;NA;1;2;NA;NA;1;NA;NA
31;"MG";3116803;"311680";"Coluna";"Não";"-";"Total";NA;NA;1;1;NA;NA;NA;NA;NA;NA;1;NA;2;1;1;3;3;3;2;1;NA;1;NA;NA;NA
31;"MG";3116902;"311690";"Comendador Gomes";"Não";"-";"Total";NA;NA;NA;NA;NA;NA;NA;NA;NA;NA;NA;NA;2;2;2;NA;NA;1;NA;NA;NA;NA;1;2;NA
31;"MG";3117009;"311700";"Comercinho";"Não";"-";"Total";NA;NA;2;NA;NA;NA;NA;NA;NA;NA;NA;NA;NA;NA;NA;1;2;NA;NA;1;NA;NA;NA;1;NA
31;"MG";3117108;"311710";"Conceição da Aparecida";"Não";"-";"Total";NA;NA;NA;1;NA;NA;NA;3;NA;NA;NA;NA;2;NA;1;NA;1;NA;NA;NA;NA;NA;NA;NA;NA
31;"MG";3117207;"311720";"Conceição das Pedras";"Não";"-";"Total";NA;NA;NA;NA;NA;NA;NA;NA;NA;NA;NA;NA;NA;NA;NA;NA;NA;NA;NA;NA;NA;NA;NA;NA;NA
31;"MG";3117306;"311730";"Conceição das Alagoas";"Não";"-";"Total";NA;NA;NA;1;1;2;5;1;4;1;1;2;6;3;1;NA;1;NA;1;NA;1;NA;1;1;NA
31;"MG";3117405;"311740";"Conceição de Ipanema";"Não";"-";"Total";NA;NA;NA;NA;NA;NA;NA;NA;NA;NA;1;NA;4;NA;1;NA;NA;NA;NA;1;NA;1;NA;NA;NA
31;"MG";3117504;"311750";"Conceição do Mato Dentro";"Não";"-";"Total";NA;NA;NA;NA;NA;1;NA;NA;NA;NA;NA;NA;NA;1;NA;NA;NA;5;2;3;1;1;3;1;NA
31;"MG";3117603;"311760";"Conceição do Pará";"Não";"-";"Total";NA;NA;1;NA;NA;NA;NA;NA;NA;1;NA;NA;1;1;1;NA;NA;1;NA;2;NA;NA;NA;NA;NA
31;"MG";3117702;"311770";"Conceição do Rio Verde";"Não";"-";"Total";NA;NA;3;NA;NA;NA;NA;1;NA;2;NA;NA;NA;NA;3;1;NA;NA;NA;NA;NA;NA;NA;NA;NA
31;"MG";3117801;"311780";"Conceição dos Ouros";"Não";"-";"Total";NA;NA;NA;NA;NA;NA;NA;NA;NA;NA;NA;NA;NA;NA;NA;NA;NA;NA;NA;2;NA;1;NA;1;NA
31;"MG";3117836;"311783";"Cônego Marinho";"Não";"-";"Total";NA;NA;1;NA;NA;NA;NA;NA;NA;NA;3;3;1;1;2;NA;1;1;NA;1;1;NA;1;NA;NA
31;"MG";3117876;"311787";"Confins";"Não";"Região Metropolitana de Belo Horizonte";"Total";NA;1;NA;NA;3;1;NA;NA;NA;1;NA;1;NA;NA;1;NA;NA;NA;NA;NA;NA;1;NA;NA;NA
31;"MG";3117900;"311790";"Congonhal";"Não";"-";"Total";NA;NA;2;NA;1;NA;NA;NA;1;NA;NA;NA;NA;NA;NA;NA;NA;1;1;NA;NA;NA;NA;3;NA
31;"MG";3118007;"311800";"Congonhas";"Não";"-";"Total";5;9;2;6;10;1;6;6;9;11;12;13;11;13;7;12;6;4;5;5;7;7;6;7;NA
31;"MG";3118106;"311810";"Congonhas do Norte";"Não";"-";"Total";NA;NA;NA;NA;NA;NA;NA;NA;NA;NA;NA;NA;NA;NA;NA;NA;NA;NA;NA;NA;NA;NA;NA;3;NA
31;"MG";3118205;"311820";"Conquista";"Não";"-";"Total";NA;1;NA;NA;NA;NA;NA;NA;NA;NA;1;NA;1;NA;NA;NA;1;NA;NA;NA;1;NA;NA;NA;NA
31;"MG";3118304;"311830";"Conselheiro Lafaiete";"Não";"-";"Total";2;1;3;NA;NA;1;NA;16;10;13;11;11;15;5;16;10;4;12;15;4;2;15;7;5;NA
31;"MG";3118403;"311840";"Conselheiro Pena";"Não";"-";"Total";1;NA;3;NA;2;2;1;3;1;1;2;1;1;2;4;1;3;1;2;1;2;3;2;3;NA
31;"MG";3118502;"311850";"Consolação";"Não";"-";"Total";NA;NA;NA;NA;NA;NA;NA;NA;NA;NA;NA;NA;NA;NA;NA;NA;NA;NA;NA;NA;NA;1;NA;NA;NA
31;"MG";3118601;"311860";"Contagem";"Não";"Região Metropolitana de Belo Horizonte";"Total";30;33;37;34;41;54;73;47;57;66;56;40;50;34;50;59;34;50;39;40;41;36;46;43;NA
31;"MG";3118700;"311870";"Coqueiral";"Não";"-";"Total";1;1;NA;NA;NA;NA;1;NA;1;NA;NA;NA;NA;NA;NA;NA;NA;NA;NA;1;1;1;NA;1;NA
31;"MG";3118809;"311880";"Coração de Jesus";"Não";"-";"Total";NA;NA;1;NA;NA;NA;2;NA;NA;1;6;3;NA;2;5;3;3;7;2;6;2;1;2;5;NA
31;"MG";3118908;"311890";"Cordisburgo";"Não";"-";"Total";NA;NA;NA;NA;NA;1;1;1;NA;NA;2;NA;NA;NA;NA;NA;3;1;2;1;NA;2;3;NA;NA
31;"MG";3119005;"311900";"Cordislândia";"Não";"-";"Total";NA;NA;1;NA;NA;NA;NA;NA;NA;NA;NA;NA;NA;NA;NA;NA;NA;NA;NA;1;NA;NA;NA;NA;NA
31;"MG";3119104;"311910";"Corinto";"Não";"-";"Total";NA;NA;2;7;3;2;4;5;7;7;4;9;14;19;20;17;24;9;9;2;16;12;8;17;NA
31;"MG";3119203;"311920";"Coroaci";"Não";"-";"Total";NA;1;NA;NA;NA;NA;NA;NA;NA;3;NA;NA;1;2;2;NA;NA;NA;NA;NA;NA;NA;NA;1;NA
31;"MG";3119302;"311930";"Coromandel";"Não";"-";"Total";NA;NA;NA;NA;1;NA;NA;NA;4;NA;2;2;NA;1;NA;1;NA;1;3;2;2;1;1;2;NA
31;"MG";3119401;"311940";"Coronel Fabriciano";"Não";"Região Metropolitana do Vale do Aço";"Total";2;NA;NA;1;1;1;1;NA;3;2;1;1;2;3;4;5;5;2;3;3;6;1;4;3;NA
31;"MG";3119500;"311950";"Coronel Murta";"Não";"-";"Total";NA;NA;NA;NA;NA;NA;2;1;NA;NA;NA;NA;NA;2;2;1;NA;NA;1;1;1;NA;1;1;NA
31;"MG";3119609;"311960";"Coronel Pacheco";"Não";"-";"Total";NA;NA;1;NA;NA;1;NA;3;NA;3;NA;1;1;NA;1;1;1;NA;1;NA;NA;1;1;NA;NA
31;"MG";3119708;"311970";"Coronel Xavier Chaves";"Não";"-";"Total";NA;NA;NA;2;NA;NA;1;1;2;NA;NA;NA;1;NA;NA;NA;NA;NA;1;NA;NA;1;NA;NA;NA
31;"MG";3119807;"311980";"Córrego Danta";"Não";"-";"Total";NA;NA;NA;NA;NA;1;NA;NA;2;2;NA;5;1;1;2;3;2;6;3;2;5;1;4;6;NA
31;"MG";3119906;"311990";"Córrego do Bom Jesus";"Não";"-";"Total";NA;NA;NA;NA;NA;NA;NA;NA;NA;NA;NA;NA;NA;NA;NA;NA;NA;NA;NA;NA;NA;NA;NA;NA;NA
31;"MG";3119955;"311995";"Córrego Fundo";"Não";"-";"Total";NA;NA;NA;NA;NA;NA;NA;1;1;NA;NA;1;1;NA;NA;NA;NA;NA;1;NA;2;3;NA;NA;NA
31;"MG";3120003;"312000";"Córrego Novo";"Não";"Colar Metropolitano";"Total";NA;NA;NA;NA;NA;NA;NA;NA;NA;NA;NA;NA;NA;NA;1;1;NA;NA;NA;NA;NA;NA;NA;1;NA
31;"MG";3120102;"312010";"Couto de Magalhães de Minas";"Não";"-";"Total";1;NA;NA;NA;NA;NA;NA;1;1;NA;NA;NA;NA;NA;2;NA;NA;2;NA;NA;1;NA;1;NA;NA
31;"MG";3120151;"312015";"Crisólita";"Não";"-";"Total";NA;NA;NA;NA;NA;NA;NA;NA;NA;1;NA;3;2;2;NA;1;NA;NA;NA;1;NA;NA;1;NA;NA
31;"MG";3120201;"312020";"Cristais";"Não";"-";"Total";NA;NA;2;NA;1;NA;1;NA;NA;1;2;NA;NA;NA;NA;NA;NA;NA;NA;NA;NA;NA;NA;NA;NA
31;"MG";3120300;"312030";"Cristália";"Não";"-";"Total";NA;NA;NA;1;NA;1;NA;NA;1;2;NA;NA;NA;1;2;NA;NA;NA;NA;1;NA;NA;NA;NA;NA
31;"MG";3120409;"312040";"Cristiano Otoni";"Não";"-";"Total";NA;4;NA;2;1;1;NA;NA;NA;1;1;3;NA;NA;1;1;4;4;NA;NA;1;1;1;NA;NA
31;"MG";3120508;"312050";"Cristina";"Não";"-";"Total";NA;1;1;NA;1;NA;NA;1;NA;NA;1;NA;NA;NA;NA;4;NA;NA;1;1;1;NA;1;NA;NA
31;"MG";3120607;"312060";"Crucilândia";"Não";"-";"Total";NA;NA;NA;NA;NA;NA;NA;NA;1;NA;NA;2;NA;1;NA;NA;NA;NA;NA;NA;2;NA;NA;NA;NA
31;"MG";3120706;"312070";"Cruzeiro da Fortaleza";"Não";"-";"Total";NA;NA;NA;NA;NA;NA;NA;NA;NA;NA;NA;1;1;NA;NA;1;NA;NA;5;2;NA;1;NA;NA;NA
31;"MG";3120805;"312080";"Cruzília";"Não";"-";"Total";NA;NA;1;NA;NA;NA;NA;NA;NA;NA;1;1;NA;NA;NA;1;NA;NA;1;NA;NA;1;NA;NA;NA
31;"MG";3120839;"312083";"Cuparaque";"Não";"-";"Total";NA;NA;NA;NA;NA;NA;NA;NA;NA;NA;NA;1;1;NA;NA;NA;NA;NA;NA;NA;NA;1;NA;NA;NA
31;"MG";3120870;"312087";"Curral de Dentro";"Não";"-";"Total";NA;NA;1;NA;NA;NA;NA;NA;NA;NA;NA;2;1;1;NA;2;2;4;2;1;NA;3;NA;NA;NA
31;"MG";3120904;"312090";"Curvelo";"Não";"-";"Total";NA;2;1;5;15;12;13;12;14;23;21;20;41;42;41;31;34;30;27;26;23;26;27;34;NA
31;"MG";3121001;"312100";"Datas";"Não";"-";"Total";NA;NA;NA;NA;NA;NA;NA;NA;NA;1;1;NA;NA;1;NA;NA;2;2;NA;2;NA;2;NA;NA;NA
31;"MG";3121100;"312110";"Delfim Moreira";"Não";"-";"Total";NA;NA;NA;NA;NA;NA;NA;NA;1;NA;NA;NA;NA;NA;NA;NA;NA;NA;NA;1;NA;NA;NA;1;NA
31;"MG";3121209;"312120";"Delfinópolis";"Não";"-";"Total";NA;NA;NA;NA;NA;NA;NA;NA;NA;1;NA;NA;NA;NA;NA;NA;2;1;1;NA;3;NA;NA;NA;NA
31;"MG";3121258;"312125";"Delta";"Não";"-";"Total";NA;NA;NA;NA;NA;1;NA;NA;NA;NA;NA;NA;3;1;1;NA;NA;NA;NA;NA;NA;NA;NA;NA;NA
31;"MG";3121308;"312130";"Descoberto";"Não";"-";"Total";NA;NA;NA;NA;NA;NA;NA;NA;NA;NA;NA;NA;NA;NA;NA;NA;NA;NA;NA;NA;NA;NA;NA;NA;NA
31;"MG";3121407;"312140";"Desterro de Entre Rios";"Não";"-";"Total";NA;NA;NA;NA;NA;NA;NA;1;NA;NA;NA;NA;NA;NA;NA;NA;1;NA;1;1;1;NA;2;NA;NA
31;"MG";3121506;"312150";"Desterro do Melo";"Não";"-";"Total";NA;1;NA;NA;NA;NA;NA;NA;NA;NA;NA;1;1;NA;NA;NA;NA;NA;NA;NA;NA;NA;NA;1;NA
31;"MG";3121605;"312160";"Diamantina";"Não";"-";"Total";1;NA;NA;1;NA;1;6;11;5;15;9;8;7;2;17;10;9;8;13;15;14;6;9;20;NA
31;"MG";3121704;"312170";"Diogo de Vasconcelos";"Não";"-";"Total";NA;NA;NA;NA;NA;NA;NA;NA;NA;NA;NA;NA;NA;NA;NA;NA;NA;NA;NA;NA;NA;NA;NA;NA;NA
31;"MG";3121803;"312180";"Dionísio";"Não";"Colar Metropolitano";"Total";NA;NA;1;NA;NA;NA;NA;NA;NA;NA;NA;NA;NA;NA;1;NA;1;1;1;NA;NA;1;NA;NA;NA
31;"MG";3121902;"312190";"Divinésia";"Não";"-";"Total";NA;NA;NA;NA;NA;NA;1;NA;NA;NA;1;NA;NA;NA;1;NA;1;NA;1;NA;NA;NA;NA;NA;NA
31;"MG";3122009;"312200";"Divino";"Não";"-";"Total";NA;NA;NA;NA;NA;1;NA;NA;2;NA;1;4;2;1;2;NA;3;4;2;4;NA;NA;2;NA;NA
31;"MG";3122108;"312210";"Divino das Laranjeiras";"Não";"-";"Total";NA;NA;1;1;1;NA;NA;NA;2;NA;2;NA;2;1;2;NA;2;1;4;NA;NA;NA;NA;NA;NA
31;"MG";3122207;"312220";"Divinolândia de Minas";"Não";"-";"Total";2;NA;NA;NA;1;NA;1;NA;1;NA;NA;3;NA;NA;2;1;NA;NA;NA;1;NA;NA;NA;NA;NA
31;"MG";3122306;"312230";"Divinópolis";"Não";"-";"Total";1;4;4;8;9;5;3;5;3;10;21;19;15;21;16;14;12;20;20;23;20;24;24;31;NA
31;"MG";3122355;"312235";"Divisa Alegre";"Não";"-";"Total";NA;NA;NA;5;1;NA;NA;2;1;NA;NA;NA;NA;NA;2;1;2;2;NA;NA;1;2;2;1;NA
31;"MG";3122405;"312240";"Divisa Nova";"Não";"-";"Total";NA;NA;NA;NA;NA;NA;NA;NA;NA;NA;NA;NA;NA;NA;NA;NA;NA;NA;1;NA;NA;NA;NA;NA;NA
31;"MG";3122454;"312245";"Divisópolis";"Não";"-";"Total";NA;NA;NA;NA;NA;1;NA;NA;NA;NA;NA;NA;1;NA;4;NA;NA;NA;1;1;NA;3;NA;NA;NA
31;"MG";3122470;"312247";"Dom Bosco";"Não";"-";"Total";NA;NA;NA;1;NA;NA;NA;NA;NA;3;2;1;1;1;NA;NA;NA;1;NA;NA;3;NA;NA;1;NA
31;"MG";3122504;"312250";"Dom Cavati";"Não";"Colar Metropolitano";"Total";NA;NA;NA;NA;NA;NA;NA;1;NA;NA;NA;2;NA;1;1;5;NA;NA;NA;2;1;2;1;2;NA
31;"MG";3122603;"312260";"Dom Joaquim";"Não";"-";"Total";NA;NA;NA;NA;NA;NA;NA;NA;NA;NA;NA;NA;1;NA;NA;NA;NA;NA;NA;1;1;1;NA;NA;NA
31;"MG";3122702;"312270";"Dom Silvério";"Não";"-";"Total";NA;NA;NA;2;NA;NA;NA;NA;NA;1;1;NA;NA;1;2;NA;NA;NA;NA;NA;NA;NA;NA;NA;NA
31;"MG";3122801;"312280";"Dom Viçoso";"Não";"-";"Total";NA;NA;NA;NA;NA;NA;NA;NA;NA;NA;NA;NA;NA;NA;NA;NA;NA;NA;NA;NA;NA;NA;NA;NA;NA
31;"MG";3122900;"312290";"Dona Euzébia";"Não";"-";"Total";NA;NA;NA;NA;NA;NA;NA;NA;NA;NA;NA;NA;NA;NA;NA;NA;NA;NA;NA;NA;NA;NA;1;NA;NA
31;"MG";3123007;"312300";"Dores de Campos";"Não";"-";"Total";NA;NA;1;NA;NA;NA;NA;NA;NA;NA;NA;NA;2;NA;1;NA;NA;NA;NA;NA;NA;NA;NA;NA;NA
31;"MG";3123106;"312310";"Dores de Guanhães";"Não";"-";"Total";NA;NA;NA;NA;1;NA;NA;NA;NA;1;1;NA;NA;1;1;NA;2;NA;2;NA;NA;NA;NA;NA;NA
31;"MG";3123205;"312320";"Dores do Indaiá";"Não";"-";"Total";NA;NA;NA;NA;NA;1;NA;3;NA;1;NA;NA;3;NA;2;NA;1;1;2;1;1;NA;3;NA;NA
31;"MG";3123304;"312330";"Dores do Turvo";"Não";"-";"Total";NA;NA;NA;NA;NA;NA;NA;NA;NA;NA;NA;1;NA;NA;NA;NA;NA;NA;NA;NA;NA;NA;NA;NA;NA
31;"MG";3123403;"312340";"Doresópolis";"Não";"-";"Total";NA;NA;NA;NA;NA;NA;NA;NA;NA;NA;NA;NA;NA;NA;NA;NA;NA;NA;NA;NA;NA;1;NA;NA;NA
31;"MG";3123502;"312350";"Douradoquara";"Não";"-";"Total";NA;NA;NA;NA;NA;NA;NA;NA;NA;NA;NA;1;NA;NA;NA;NA;NA;NA;NA;NA;NA;NA;NA;NA;NA
31;"MG";3123528;"312352";"Durandé";"Não";"-";"Total";NA;NA;NA;NA;NA;NA;NA;1;NA;NA;NA;NA;NA;NA;NA;NA;NA;NA;NA;NA;1;1;1;1;NA
31;"MG";3123601;"312360";"Elói Mendes";"Não";"-";"Total";NA;NA;NA;NA;1;NA;NA;1;NA;1;1;NA;1;NA;NA;1;NA;3;NA;3;2;NA;NA;NA;NA
31;"MG";3123700;"312370";"Engenheiro Caldas";"Não";"-";"Total";2;NA;1;2;8;10;NA;4;5;6;6;1;3;5;6;4;4;4;5;3;2;5;4;4;NA
31;"MG";3123809;"312380";"Engenheiro Navarro";"Não";"-";"Total";NA;NA;NA;NA;1;NA;3;1;2;NA;NA;9;3;1;1;4;1;8;NA;2;NA;1;3;NA;NA
31;"MG";3123858;"312385";"Entre Folhas";"Não";"Colar Metropolitano";"Total";NA;NA;NA;NA;NA;NA;NA;NA;NA;NA;NA;NA;1;NA;1;NA;NA;NA;NA;NA;1;2;NA;1;NA
31;"MG";3123908;"312390";"Entre Rios de Minas";"Não";"-";"Total";NA;NA;NA;1;NA;NA;NA;NA;NA;1;1;3;NA;1;NA;NA;2;1;1;NA;NA;NA;NA;2;NA
31;"MG";3124005;"312400";"Ervália";"Não";"-";"Total";NA;NA;1;NA;2;NA;1;NA;3;NA;NA;NA;NA;NA;1;NA;NA;1;NA;NA;1;1;1;1;NA
31;"MG";3124104;"312410";"Esmeraldas";"Não";"Região Metropolitana de Belo Horizonte";"Total";2;1;3;11;6;5;1;19;8;4;12;15;9;5;3;4;2;8;12;5;NA;NA;3;1;NA
31;"MG";3124203;"312420";"Espera Feliz";"Não";"-";"Total";NA;NA;1;NA;1;NA;1;2;3;4;1;NA;3;2;1;1;1;NA;4;2;1;2;NA;NA;NA
31;"MG";3124302;"312430";"Espinosa";"Não";"-";"Total";NA;NA;2;4;3;2;3;4;5;2;4;7;5;1;3;3;3;3;4;2;4;2;2;2;NA
31;"MG";3124401;"312440";"Espírito Santo do Dourado";"Não";"-";"Total";NA;NA;NA;NA;NA;NA;NA;NA;NA;NA;NA;NA;NA;NA;NA;NA;NA;NA;NA;NA;NA;NA;NA;NA;NA
31;"MG";3124500;"312450";"Estiva";"Não";"-";"Total";NA;NA;NA;NA;1;NA;NA;NA;NA;NA;NA;NA;NA;1;NA;NA;NA;2;NA;1;2;1;NA;2;NA
31;"MG";3124609;"312460";"Estrela Dalva";"Não";"-";"Total";NA;NA;NA;NA;NA;NA;NA;1;NA;NA;NA;NA;NA;NA;NA;NA;NA;1;NA;NA;1;NA;NA;1;NA
31;"MG";3124708;"312470";"Estrela do Indaiá";"Não";"-";"Total";NA;NA;1;1;NA;1;NA;NA;NA;NA;NA;NA;NA;NA;NA;NA;NA;NA;NA;NA;NA;1;NA;NA;NA
31;"MG";3124807;"312480";"Estrela do Sul";"Não";"-";"Total";NA;NA;NA;NA;NA;NA;1;NA;NA;NA;3;NA;NA;2;NA;5;3;NA;NA;1;NA;NA;NA;NA;NA
31;"MG";3124906;"312490";"Eugenópolis";"Não";"-";"Total";1;NA;1;NA;NA;NA;NA;NA;NA;NA;NA;NA;NA;NA;NA;NA;NA;NA;NA;NA;NA;NA;NA;NA;NA
31;"MG";3125002;"312500";"Ewbank da Câmara";"Não";"-";"Total";NA;1;NA;1;1;NA;1;1;3;3;NA;NA;NA;NA;2;NA;1;NA;1;NA;1;NA;NA;NA;NA
31;"MG";3125101;"312510";"Extrema";"Não";"-";"Total";NA;NA;1;NA;NA;1;2;NA;NA;2;1;1;NA;NA;NA;1;3;5;5;4;3;2;2;1;NA
31;"MG";3125200;"312520";"Fama";"Não";"-";"Total";NA;NA;NA;NA;NA;NA;NA;NA;NA;NA;NA;NA;NA;NA;NA;NA;NA;NA;NA;NA;NA;NA;NA;NA;NA
31;"MG";3125309;"312530";"Faria Lemos";"Não";"-";"Total";NA;NA;NA;NA;NA;NA;NA;NA;NA;NA;NA;NA;NA;NA;NA;NA;NA;NA;NA;1;NA;NA;NA;NA;NA
31;"MG";3125408;"312540";"Felício dos Santos";"Não";"-";"Total";NA;NA;NA;NA;NA;NA;NA;NA;NA;NA;1;NA;1;NA;NA;NA;NA;NA;NA;1;NA;NA;NA;1;NA
31;"MG";3125507;"312550";"São Gonçalo do Rio Preto";"Não";"-";"Total";NA;NA;NA;NA;NA;NA;NA;NA;NA;NA;NA;NA;NA;1;2;NA;NA;NA;NA;1;NA;NA;NA;NA;NA
31;"MG";3125606;"312560";"Felisburgo";"Não";"-";"Total";NA;NA;NA;NA;NA;NA;NA;NA;NA;NA;NA;1;NA;1;NA;2;NA;1;NA;1;1;NA;NA;NA;NA
31;"MG";3125705;"312570";"Felixlândia";"Não";"-";"Total";1;NA;NA;NA;2;8;9;6;5;NA;3;4;5;8;6;6;2;9;7;6;NA;1;NA;2;NA
31;"MG";3125804;"312580";"Fernandes Tourinho";"Não";"-";"Total";NA;NA;NA;NA;NA;1;NA;1;NA;NA;1;NA;NA;NA;NA;NA;1;NA;NA;NA;NA;NA;NA;NA;NA
31;"MG";3125903;"312590";"Ferros";"Não";"-";"Total";2;1;NA;1;1;NA;NA;NA;NA;NA;1;NA;1;2;1;2;3;5;1;3;NA;2;NA;1;NA
31;"MG";3125952;"312595";"Fervedouro";"Não";"-";"Total";NA;NA;NA;NA;NA;NA;NA;1;NA;NA;NA;NA;NA;NA;5;1;1;NA;1;2;2;NA;NA;1;NA
31;"MG";3126000;"312600";"Florestal";"Não";"Região Metropolitana de Belo Horizonte";"Total";NA;NA;NA;NA;1;1;2;NA;2;1;NA;NA;1;1;NA;2;1;1;NA;NA;NA;NA;1;NA;NA
31;"MG";3126109;"312610";"Formiga";"Não";"-";"Total";NA;NA;NA;NA;NA;NA;12;9;2;3;1;2;12;5;4;1;3;3;2;3;3;5;7;6;NA
31;"MG";3126208;"312620";"Formoso";"Não";"-";"Total";NA;NA;NA;1;NA;NA;NA;NA;NA;NA;6;NA;1;3;2;2;NA;2;1;1;1;1;1;1;NA
31;"MG";3126307;"312630";"Fortaleza de Minas";"Não";"-";"Total";NA;NA;NA;NA;NA;NA;NA;NA;NA;NA;NA;NA;NA;NA;NA;NA;1;NA;NA;1;NA;NA;NA;NA;NA
31;"MG";3126406;"312640";"Fortuna de Minas";"Não";"Colar Metropolitano de Belo Horizonte";"Total";NA;NA;NA;NA;NA;1;NA;NA;NA;NA;1;NA;NA;NA;NA;NA;3;1;NA;1;NA;NA;NA;NA;NA
31;"MG";3126505;"312650";"Francisco Badaró";"Não";"-";"Total";NA;NA;1;NA;NA;NA;NA;NA;1;NA;1;NA;1;NA;2;NA;NA;1;NA;NA;NA;2;NA;1;NA
31;"MG";3126604;"312660";"Francisco Dumont";"Não";"-";"Total";NA;NA;1;NA;NA;NA;1;1;NA;NA;1;NA;1;NA;NA;NA;NA;2;NA;1;NA;1;NA;1;NA
31;"MG";3126703;"312670";"Francisco Sá";"Não";"-";"Total";3;3;4;3;3;4;1;9;9;7;19;8;6;17;12;10;3;8;4;9;10;17;23;10;NA
31;"MG";3126752;"312675";"Franciscópolis";"Não";"-";"Total";NA;NA;NA;NA;NA;NA;NA;NA;1;NA;NA;NA;1;NA;NA;NA;NA;NA;NA;1;NA;NA;NA;NA;NA
31;"MG";3126802;"312680";"Frei Gaspar";"Não";"-";"Total";NA;NA;NA;NA;NA;NA;2;NA;1;NA;NA;13;NA;NA;NA;1;2;2;NA;NA;NA;NA;NA;NA;NA
31;"MG";3126901;"312690";"Frei Inocêncio";"Não";"-";"Total";NA;NA;2;1;3;7;NA;3;1;4;3;2;2;3;5;NA;5;NA;NA;1;1;1;4;NA;NA
31;"MG";3126950;"312695";"Frei Lagonegro";"Não";"-";"Total";NA;NA;NA;NA;NA;NA;NA;NA;NA;NA;NA;1;NA;NA;1;1;NA;NA;NA;NA;NA;NA;NA;NA;NA
31;"MG";3127008;"312700";"Fronteira";"Não";"-";"Total";NA;NA;NA;NA;NA;NA;1;1;1;NA;2;5;5;NA;NA;3;NA;1;2;2;NA;3;2;2;NA
31;"MG";3127057;"312705";"Fronteira dos Vales";"Não";"-";"Total";NA;NA;NA;NA;NA;NA;NA;NA;NA;NA;NA;NA;NA;NA;NA;1;NA;NA;1;NA;NA;1;NA;1;NA
31;"MG";3127073;"312707";"Fruta de Leite";"Não";"-";"Total";1;NA;NA;NA;1;NA;NA;1;NA;NA;2;2;NA;1;NA;NA;NA;2;2;2;NA;NA;1;3;NA
31;"MG";3127107;"312710";"Frutal";"Não";"-";"Total";3;NA;1;NA;NA;NA;1;1;3;NA;1;6;4;8;6;11;4;6;6;3;1;7;5;6;NA
31;"MG";3127206;"312720";"Funilândia";"Não";"Colar Metropolitano de Belo Horizonte";"Total";NA;NA;NA;1;NA;1;1;NA;1;2;1;1;2;NA;NA;2;1;NA;NA;1;1;NA;NA;NA;NA
31;"MG";3127305;"312730";"Galiléia";"Não";"-";"Total";NA;1;NA;1;3;1;NA;1;1;NA;1;1;1;1;NA;1;1;2;1;2;NA;1;3;1;NA
31;"MG";3127339;"312733";"Gameleiras";"Não";"-";"Total";NA;NA;NA;1;NA;NA;NA;NA;NA;NA;NA;2;NA;NA;1;2;2;1;NA;NA;NA;NA;1;1;NA
31;"MG";3127354;"312735";"Glaucilândia";"Não";"-";"Total";NA;NA;NA;NA;NA;NA;NA;1;NA;NA;NA;1;NA;NA;1;NA;NA;1;NA;NA;NA;NA;NA;NA;NA
31;"MG";3127370;"312737";"Goiabeira";"Não";"-";"Total";NA;NA;NA;NA;NA;NA;NA;NA;1;NA;NA;NA;1;2;NA;NA;NA;NA;NA;1;NA;NA;NA;NA;NA
31;"MG";3127388;"312738";"Goianá";"Não";"-";"Total";NA;NA;NA;NA;NA;NA;NA;NA;NA;NA;NA;NA;NA;NA;NA;NA;NA;1;NA;NA;1;1;NA;NA;NA
31;"MG";3127404;"312740";"Gonçalves";"Não";"-";"Total";NA;NA;NA;NA;NA;NA;NA;NA;NA;NA;NA;1;NA;NA;NA;NA;NA;NA;NA;NA;NA;NA;NA;NA;NA
31;"MG";3127503;"312750";"Gonzaga";"Não";"-";"Total";NA;NA;NA;NA;NA;NA;NA;NA;1;NA;NA;NA;NA;2;1;NA;2;NA;1;1;NA;NA;NA;2;NA
31;"MG";3127602;"312760";"Gouveia";"Não";"-";"Total";NA;NA;1;NA;NA;NA;2;NA;NA;2;NA;3;1;5;NA;NA;NA;NA;1;1;4;2;4;2;NA
31;"MG";3127701;"312770";"Governador Valadares";"Não";"-";"Total";7;24;33;57;61;74;54;65;81;49;63;50;65;82;88;93;65;72;56;62;69;53;62;73;NA
31;"MG";3127800;"312780";"Grão Mogol";"Não";"-";"Total";NA;1;4;4;3;2;7;5;7;9;2;12;12;11;17;8;10;10;18;9;9;10;7;8;NA
31;"MG";3127909;"312790";"Grupiara";"Não";"-";"Total";NA;NA;1;NA;NA;NA;NA;NA;NA;NA;NA;NA;NA;NA;NA;NA;NA;NA;NA;NA;NA;NA;NA;NA;NA
31;"MG";3128006;"312800";"Guanhães";"Não";"-";"Total";NA;1;2;1;2;NA;4;6;3;2;7;6;2;6;6;6;3;6;9;5;5;2;NA;5;NA
31;"MG";3128105;"312810";"Guapé";"Não";"-";"Total";NA;NA;1;1;NA;NA;NA;1;NA;NA;NA;NA;NA;1;1;NA;1;NA;NA;1;NA;NA;NA;NA;NA
31;"MG";3128204;"312820";"Guaraciaba";"Não";"-";"Total";NA;NA;NA;NA;NA;NA;1;NA;1;NA;1;NA;NA;1;NA;NA;NA;NA;NA;1;NA;NA;NA;1;NA
31;"MG";3128253;"312825";"Guaraciama";"Não";"-";"Total";NA;NA;NA;NA;NA;NA;NA;1;NA;NA;NA;NA;NA;1;1;1;1;NA;NA;NA;1;1;1;NA;NA
31;"MG";3128303;"312830";"Guaranésia";"Não";"-";"Total";NA;NA;NA;NA;NA;NA;NA;2;NA;NA;NA;NA;1;NA;NA;1;1;NA;NA;NA;1;1;NA;1;NA
31;"MG";3128402;"312840";"Guarani";"Não";"-";"Total";NA;NA;1;NA;NA;NA;NA;NA;NA;NA;NA;NA;1;NA;NA;NA;NA;NA;NA;1;1;1;1;NA;NA
31;"MG";3128501;"312850";"Guarará";"Não";"-";"Total";NA;NA;NA;NA;NA;NA;NA;NA;NA;NA;NA;NA;NA;NA;NA;NA;2;1;NA;NA;NA;NA;NA;1;NA
31;"MG";3128600;"312860";"Guarda-Mor";"Não";"-";"Total";NA;NA;7;NA;NA;1;1;NA;NA;2;NA;NA;NA;NA;NA;NA;NA;2;NA;2;NA;2;NA;NA;NA
31;"MG";3128709;"312870";"Guaxupé";"Não";"-";"Total";NA;1;NA;1;1;3;3;NA;2;2;1;3;1;1;2;1;1;4;2;2;3;4;5;4;NA
31;"MG";3128808;"312880";"Guidoval";"Não";"-";"Total";NA;NA;NA;NA;NA;NA;NA;NA;NA;NA;NA;NA;NA;NA;NA;NA;NA;NA;NA;1;NA;NA;2;NA;NA
31;"MG";3128907;"312890";"Guimarânia";"Não";"-";"Total";NA;NA;NA;NA;NA;NA;NA;1;1;NA;NA;1;1;2;NA;NA;NA;1;NA;NA;NA;NA;NA;1;NA
31;"MG";3129004;"312900";"Guiricema";"Não";"-";"Total";NA;NA;NA;NA;NA;NA;NA;NA;NA;NA;NA;NA;NA;NA;1;NA;NA;NA;NA;1;NA;NA;NA;1;NA
31;"MG";3129103;"312910";"Gurinhatã";"Não";"-";"Total";NA;NA;NA;NA;1;NA;NA;NA;NA;NA;NA;1;1;NA;1;1;NA;NA;NA;NA;NA;NA;2;1;NA
31;"MG";3129202;"312920";"Heliodora";"Não";"-";"Total";NA;NA;NA;NA;NA;NA;NA;NA;NA;NA;NA;NA;1;1;NA;NA;NA;NA;NA;NA;NA;NA;1;NA;NA
31;"MG";3129301;"312930";"Iapu";"Não";"Colar Metropolitano";"Total";NA;NA;1;NA;NA;NA;NA;NA;NA;NA;NA;NA;NA;3;NA;1;NA;2;NA;NA;2;NA;2;2;NA
31;"MG";3129400;"312940";"Ibertioga";"Não";"-";"Total";1;NA;NA;NA;NA;NA;NA;NA;NA;NA;NA;NA;NA;NA;2;NA;NA;1;NA;NA;NA;NA;NA;NA;NA
31;"MG";3129509;"312950";"Ibiá";"Não";"-";"Total";1;NA;1;1;1;1;2;1;4;3;2;6;4;4;4;3;2;5;3;5;5;5;4;3;NA
31;"MG";3129608;"312960";"Ibiaí";"Não";"-";"Total";NA;NA;NA;NA;NA;NA;NA;NA;1;NA;1;NA;NA;NA;NA;4;1;1;1;NA;NA;NA;NA;NA;NA
31;"MG";3129657;"312965";"Ibiracatu";"Não";"-";"Total";NA;NA;NA;NA;NA;NA;NA;NA;NA;NA;NA;NA;NA;NA;NA;NA;NA;2;NA;NA;NA;NA;NA;NA;NA
31;"MG";3129707;"312970";"Ibiraci";"Não";"-";"Total";NA;NA;NA;2;NA;NA;NA;NA;3;NA;NA;1;NA;2;NA;1;1;1;NA;2;NA;NA;NA;NA;NA
31;"MG";3129806;"312980";"Ibirité";"Não";"Região Metropolitana de Belo Horizonte";"Total";1;3;3;4;4;4;3;6;1;5;5;5;6;1;2;2;3;NA;2;1;2;1;4;3;NA
31;"MG";3129905;"312990";"Ibitiúra de Minas";"Não";"-";"Total";NA;NA;NA;NA;NA;NA;NA;NA;NA;NA;NA;NA;NA;NA;NA;NA;1;1;NA;NA;NA;NA;NA;NA;NA
31;"MG";3130002;"313000";"Ibituruna";"Não";"-";"Total";NA;NA;NA;NA;NA;NA;NA;NA;NA;NA;NA;NA;NA;NA;NA;NA;NA;NA;NA;NA;NA;NA;NA;NA;NA
31;"MG";3130051;"313005";"Icaraí de Minas";"Não";"-";"Total";NA;NA;NA;NA;NA;NA;NA;NA;NA;NA;NA;NA;2;1;1;1;1;1;1;1;1;1;1;2;NA
31;"MG";3130101;"313010";"Igarapé";"Não";"Região Metropolitana de Belo Horizonte";"Total";2;2;1;NA;NA;7;6;7;3;6;7;4;4;5;5;NA;2;1;1;NA;NA;2;1;2;NA
31;"MG";3130200;"313020";"Igaratinga";"Não";"-";"Total";NA;NA;NA;1;NA;NA;1;NA;NA;2;3;6;NA;NA;NA;3;1;NA;NA;NA;2;1;NA;2;NA
31;"MG";3130309;"313030";"Iguatama";"Não";"-";"Total";NA;1;NA;NA;NA;NA;NA;NA;NA;NA;1;1;NA;NA;NA;1;NA;NA;1;NA;1;1;NA;1;NA
31;"MG";3130408;"313040";"Ijaci";"Não";"-";"Total";1;NA;NA;NA;NA;NA;NA;1;NA;1;NA;1;NA;NA;NA;1;NA;NA;1;NA;1;NA;NA;NA;NA
31;"MG";3130507;"313050";"Ilicínea";"Não";"-";"Total";NA;NA;NA;NA;NA;NA;1;NA;1;1;NA;NA;1;1;1;NA;NA;1;NA;NA;NA;NA;NA;1;NA
31;"MG";3130556;"313055";"Imbé de Minas";"Não";"-";"Total";NA;NA;NA;NA;NA;NA;NA;NA;NA;1;NA;1;NA;NA;NA;NA;1;NA;1;NA;NA;1;NA;NA;NA
31;"MG";3130606;"313060";"Inconfidentes";"Não";"-";"Total";NA;NA;NA;NA;1;NA;NA;NA;NA;NA;NA;NA;NA;NA;NA;NA;NA;NA;NA;NA;NA;NA;NA;NA;NA
31;"MG";3130655;"313065";"Indaiabira";"Não";"-";"Total";NA;NA;NA;NA;1;NA;NA;NA;NA;NA;1;1;NA;NA;1;2;NA;4;2;NA;NA;NA;1;NA;NA
31;"MG";3130705;"313070";"Indianópolis";"Não";"-";"Total";NA;NA;NA;NA;NA;1;NA;NA;NA;2;1;3;3;2;NA;1;1;NA;1;1;NA;1;NA;NA;NA
31;"MG";3130804;"313080";"Ingaí";"Não";"-";"Total";NA;NA;NA;NA;NA;NA;NA;NA;NA;NA;NA;NA;NA;1;NA;NA;NA;NA;NA;NA;NA;NA;1;NA;NA
31;"MG";3130903;"313090";"Inhapim";"Não";"-";"Total";1;4;2;NA;2;2;1;2;4;3;3;6;5;7;4;4;6;5;4;5;2;3;4;1;NA
31;"MG";3131000;"313100";"Inhaúma";"Não";"Colar Metropolitano de Belo Horizonte";"Total";NA;NA;NA;NA;NA;NA;2;NA;NA;1;NA;1;1;1;3;1;NA;NA;NA;1;NA;2;NA;NA;NA
31;"MG";3131109;"313110";"Inimutaba";"Não";"-";"Total";NA;NA;NA;NA;1;NA;2;NA;NA;NA;NA;1;2;1;NA;NA;2;NA;NA;NA;NA;2;2;1;NA
31;"MG";3131158;"313115";"Ipaba";"Não";"Colar Metropolitano";"Total";1;NA;4;NA;NA;2;2;2;1;NA;NA;NA;1;NA;3;NA;1;NA;NA;1;NA;NA;1;NA;NA
31;"MG";3131208;"313120";"Ipanema";"Não";"-";"Total";NA;NA;1;1;2;NA;NA;2;1;3;1;1;2;1;NA;4;NA;5;2;NA;2;4;3;1;NA
31;"MG";3131307;"313130";"Ipatinga";"Não";"Região Metropolitana do Vale do Aço";"Total";6;5;7;9;2;NA;13;4;1;NA;NA;21;17;15;23;20;33;39;20;37;22;30;29;36;NA
31;"MG";3131406;"313140";"Ipiaçu";"Não";"-";"Total";NA;NA;NA;NA;NA;NA;NA;NA;NA;NA;NA;NA;NA;NA;NA;1;NA;NA;NA;NA;NA;NA;NA;NA;NA
31;"MG";3131505;"313150";"Ipuiúna";"Não";"-";"Total";NA;NA;NA;NA;1;NA;NA;NA;1;NA;NA;NA;NA;NA;NA;NA;NA;NA;NA;NA;NA;1;NA;NA;NA
31;"MG";3131604;"313160";"Iraí de Minas";"Não";"-";"Total";NA;NA;NA;NA;NA;NA;NA;NA;NA;NA;NA;1;1;1;NA;NA;NA;1;NA;2;NA;NA;NA;1;NA
31;"MG";3131703;"313170";"Itabira";"Não";"-";"Total";1;NA;NA;3;4;4;5;3;2;9;14;7;8;18;8;11;14;9;9;9;6;12;11;5;NA
31;"MG";3131802;"313180";"Itabirinha";"Não";"-";"Total";1;NA;NA;1;NA;1;1;NA;1;1;NA;NA;4;2;NA;NA;1;2;2;1;NA;4;1;2;NA
31;"MG";3131901;"313190";"Itabirito";"Não";"Colar Metropolitano de Belo Horizonte";"Total";6;9;6;7;10;3;1;7;5;8;2;2;6;2;3;7;2;7;7;8;8;11;10;12;NA
31;"MG";3132008;"313200";"Itacambira";"Não";"-";"Total";NA;NA;NA;NA;1;NA;NA;1;NA;NA;1;NA;NA;NA;NA;NA;1;3;NA;NA;NA;1;NA;1;NA
31;"MG";3132107;"313210";"Itacarambi";"Não";"-";"Total";NA;1;3;NA;3;2;2;3;2;1;2;1;NA;NA;2;NA;1;2;1;4;NA;3;3;2;NA
31;"MG";3132206;"313220";"Itaguara";"Não";"Região Metropolitana de Belo Horizonte";"Total";NA;1;NA;1;1;NA;1;4;4;1;5;6;4;NA;2;3;2;2;5;2;3;3;1;2;NA
31;"MG";3132305;"313230";"Itaipé";"Não";"-";"Total";NA;NA;NA;NA;NA;1;NA;NA;3;NA;2;1;2;1;4;4;1;4;1;NA;3;1;1;2;NA
31;"MG";3132404;"313240";"Itajubá";"Não";"-";"Total";NA;NA;NA;NA;1;1;2;2;5;2;1;NA;1;NA;NA;3;3;NA;2;2;3;5;3;2;NA
31;"MG";3132503;"313250";"Itamarandiba";"Não";"-";"Total";NA;NA;NA;NA;1;2;1;NA;1;NA;NA;2;NA;1;2;NA;1;1;1;2;NA;1;3;2;NA
31;"MG";3132602;"313260";"Itamarati de Minas";"Não";"-";"Total";NA;NA;NA;NA;NA;NA;NA;NA;NA;NA;NA;NA;NA;NA;NA;1;NA;NA;1;NA;NA;NA;1;1;NA
31;"MG";3132701;"313270";"Itambacuri";"Não";"-";"Total";1;1;3;10;4;6;3;7;4;5;5;6;6;10;8;2;6;10;2;4;3;6;2;1;NA
31;"MG";3132800;"313280";"Itambé do Mato Dentro";"Não";"-";"Total";NA;NA;NA;NA;NA;NA;NA;NA;NA;NA;NA;NA;NA;NA;NA;NA;NA;NA;1;NA;NA;NA;NA;NA;NA
31;"MG";3132909;"313290";"Itamogi";"Não";"-";"Total";NA;NA;NA;NA;NA;2;NA;NA;NA;NA;NA;1;NA;NA;NA;NA;NA;NA;1;4;NA;2;NA;NA;NA
31;"MG";3133006;"313300";"Itamonte";"Não";"-";"Total";NA;NA;1;NA;2;NA;NA;NA;1;1;NA;NA;NA;NA;2;NA;NA;NA;NA;NA;NA;2;NA;NA;NA
31;"MG";3133105;"313310";"Itanhandu";"Não";"-";"Total";NA;NA;NA;NA;NA;NA;NA;NA;1;NA;NA;1;NA;NA;NA;NA;NA;NA;NA;2;NA;1;2;NA;NA
31;"MG";3133204;"313320";"Itanhomi";"Não";"-";"Total";NA;1;NA;NA;NA;NA;NA;1;1;NA;NA;1;NA;2;1;1;NA;2;NA;1;NA;NA;NA;NA;NA
31;"MG";3133303;"313330";"Itaobim";"Não";"-";"Total";9;4;7;2;9;4;6;4;1;6;4;5;9;2;1;12;11;6;3;10;8;8;NA;10;NA
31;"MG";3133402;"313340";"Itapagipe";"Não";"-";"Total";1;NA;NA;NA;NA;NA;NA;NA;NA;NA;1;NA;1;1;3;NA;1;1;1;NA;1;1;1;NA;NA
31;"MG";3133501;"313350";"Itapecerica";"Não";"-";"Total";1;NA;NA;NA;NA;NA;3;3;1;1;NA;NA;1;1;2;NA;2;1;1;2;NA;1;2;2;NA
31;"MG";3133600;"313360";"Itapeva";"Não";"-";"Total";NA;NA;1;NA;1;1;NA;NA;NA;NA;NA;NA;NA;NA;NA;NA;NA;1;1;1;NA;3;NA;2;NA
31;"MG";3133709;"313370";"Itatiaiuçu";"Não";"Região Metropolitana de Belo Horizonte";"Total";NA;NA;3;1;NA;NA;1;3;NA;3;NA;1;3;NA;9;5;NA;4;2;NA;6;3;2;1;NA
31;"MG";3133758;"313375";"Itaú de Minas";"Não";"-";"Total";NA;NA;NA;1;NA;1;NA;NA;NA;NA;NA;NA;4;NA;3;NA;NA;1;NA;NA;NA;1;NA;NA;NA
31;"MG";3133808;"313380";"Itaúna";"Não";"Colar Metropolitano de Belo Horizonte";"Total";NA;NA;1;2;5;2;4;5;7;3;6;3;5;6;10;4;4;3;3;4;3;2;6;7;NA
31;"MG";3133907;"313390";"Itaverava";"Não";"-";"Total";NA;NA;NA;NA;NA;NA;NA;NA;2;NA;NA;NA;1;NA;5;1;NA;NA;1;NA;2;2;1;NA;NA
31;"MG";3134004;"313400";"Itinga";"Não";"-";"Total";NA;1;NA;NA;2;NA;3;NA;NA;NA;NA;NA;2;2;1;1;2;NA;NA;1;1;2;2;NA;NA
31;"MG";3134103;"313410";"Itueta";"Não";"-";"Total";NA;NA;NA;NA;NA;NA;NA;NA;NA;NA;NA;NA;NA;1;1;NA;1;4;NA;NA;1;3;1;NA;NA
31;"MG";3134202;"313420";"Ituiutaba";"Não";"-";"Total";4;3;5;2;8;4;1;5;3;7;6;6;8;8;8;18;10;13;5;5;2;2;3;6;NA
31;"MG";3134301;"313430";"Itumirim";"Não";"-";"Total";NA;NA;NA;NA;NA;NA;NA;1;NA;NA;1;1;NA;NA;NA;5;NA;NA;NA;2;NA;NA;NA;NA;NA
31;"MG";3134400;"313440";"Iturama";"Não";"-";"Total";1;NA;2;1;NA;3;NA;3;3;2;1;3;2;5;NA;NA;2;5;2;4;4;2;4;5;NA
31;"MG";3134509;"313450";"Itutinga";"Não";"-";"Total";NA;NA;NA;NA;NA;NA;NA;NA;1;NA;NA;NA;NA;1;1;1;NA;NA;NA;NA;NA;NA;NA;NA;NA
31;"MG";3134608;"313460";"Jaboticatubas";"Não";"Região Metropolitana de Belo Horizonte";"Total";2;4;NA;1;3;2;7;3;5;NA;4;4;2;4;3;1;2;NA;NA;2;4;6;4;2;NA
31;"MG";3134707;"313470";"Jacinto";"Não";"-";"Total";NA;1;NA;NA;NA;1;NA;NA;NA;NA;1;NA;1;1;1;2;1;NA;NA;2;1;2;4;1;NA
31;"MG";3134806;"313480";"Jacuí";"Não";"-";"Total";NA;NA;NA;NA;NA;NA;NA;NA;NA;NA;NA;NA;NA;NA;NA;1;NA;NA;NA;NA;NA;NA;NA;NA;NA
31;"MG";3134905;"313490";"Jacutinga";"Não";"-";"Total";NA;NA;NA;NA;NA;NA;NA;NA;NA;NA;NA;NA;NA;3;NA;NA;NA;NA;NA;2;1;4;1;2;NA
31;"MG";3135001;"313500";"Jaguaraçu";"Não";"Colar Metropolitano";"Total";1;1;NA;NA;NA;NA;1;NA;NA;1;1;3;2;3;NA;NA;NA;1;NA;2;1;NA;1;NA;NA
31;"MG";3135050;"313505";"Jaíba";"Não";"-";"Total";NA;1;2;7;2;3;NA;2;7;3;6;8;11;5;8;8;4;2;3;3;2;3;9;4;NA
31;"MG";3135076;"313507";"Jampruca";"Não";"-";"Total";NA;NA;1;4;2;NA;4;1;1;1;4;NA;1;1;2;3;1;NA;NA;3;2;NA;NA;NA;NA
31;"MG";3135100;"313510";"Janaúba";"Não";"-";"Total";NA;1;NA;1;2;2;NA;3;3;4;14;16;24;25;20;22;10;6;5;NA;6;10;5;19;NA
31;"MG";3135209;"313520";"Januária";"Não";"-";"Total";1;1;1;6;1;3;1;3;2;11;6;11;11;8;5;7;4;6;3;8;1;9;5;5;NA
31;"MG";3135308;"313530";"Japaraíba";"Não";"-";"Total";NA;NA;NA;NA;NA;NA;NA;NA;NA;NA;NA;NA;NA;NA;1;NA;NA;1;NA;1;NA;NA;NA;NA;NA
31;"MG";3135357;"313535";"Japonvar";"Não";"-";"Total";NA;NA;NA;NA;NA;NA;1;NA;NA;NA;2;2;3;1;2;1;NA;2;NA;1;1;1;NA;NA;NA
31;"MG";3135407;"313540";"Jeceaba";"Não";"-";"Total";NA;NA;NA;NA;NA;NA;1;NA;NA;NA;1;NA;1;NA;NA;NA;NA;NA;1;1;1;NA;2;2;NA
31;"MG";3135456;"313545";"Jenipapo de Minas";"Não";"-";"Total";NA;NA;NA;NA;NA;NA;NA;NA;NA;NA;NA;NA;NA;NA;NA;1;NA;NA;1;1;1;NA;1;1;NA
31;"MG";3135506;"313550";"Jequeri";"Não";"-";"Total";NA;1;NA;NA;NA;NA;NA;NA;NA;1;NA;NA;NA;NA;NA;NA;NA;NA;1;1;NA;NA;NA;1;NA
31;"MG";3135605;"313560";"Jequitaí";"Não";"-";"Total";2;NA;NA;NA;2;NA;NA;1;NA;7;6;4;2;7;2;4;3;NA;NA;1;4;4;3;2;NA
31;"MG";3135704;"313570";"Jequitibá";"Não";"-";"Total";NA;NA;NA;NA;NA;NA;NA;NA;1;2;1;1;NA;3;1;3;1;NA;1;1;1;NA;1;NA;NA
31;"MG";3135803;"313580";"Jequitinhonha";"Não";"-";"Total";NA;NA;NA;NA;NA;NA;1;1;NA;1;NA;NA;5;5;4;3;3;2;4;5;2;2;4;1;NA
31;"MG";3135902;"313590";"Jesuânia";"Não";"-";"Total";NA;NA;NA;1;NA;NA;NA;NA;NA;NA;1;NA;NA;NA;1;NA;NA;NA;NA;NA;NA;NA;1;NA;NA
31;"MG";3136009;"313600";"Joaíma";"Não";"-";"Total";NA;NA;NA;NA;1;NA;NA;NA;1;1;NA;NA;NA;3;NA;4;NA;1;1;2;3;4;1;2;NA
31;"MG";3136108;"313610";"Joanésia";"Não";"Colar Metropolitano";"Total";NA;NA;NA;NA;NA;NA;NA;NA;NA;NA;NA;NA;NA;NA;1;1;NA;NA;NA;NA;NA;NA;NA;NA;NA
31;"MG";3136207;"313620";"João Monlevade";"Não";"-";"Total";1;NA;1;8;5;6;6;14;8;4;17;10;17;7;10;7;9;7;8;4;3;9;10;10;NA
31;"MG";3136306;"313630";"João Pinheiro";"Não";"-";"Total";NA;1;3;2;7;1;7;1;5;9;11;8;1;4;9;3;4;4;7;2;8;7;11;9;NA
31;"MG";3136405;"313640";"Joaquim Felício";"Não";"-";"Total";NA;NA;NA;NA;NA;1;1;2;1;1;7;6;2;2;8;7;3;5;4;2;4;13;1;1;NA
31;"MG";3136504;"313650";"Jordânia";"Não";"-";"Total";NA;NA;NA;NA;NA;NA;NA;NA;NA;NA;1;NA;2;NA;1;NA;1;NA;NA;4;2;NA;NA;1;NA
31;"MG";3136520;"313652";"José Gonçalves de Minas";"Não";"-";"Total";NA;NA;NA;NA;NA;1;NA;NA;NA;NA;NA;NA;NA;1;NA;NA;NA;NA;1;NA;NA;NA;1;NA;NA
31;"MG";3136553;"313655";"José Raydan";"Não";"-";"Total";NA;NA;NA;NA;NA;NA;NA;NA;NA;NA;NA;2;NA;NA;NA;NA;NA;NA;NA;NA;NA;NA;NA;NA;NA
31;"MG";3136579;"313657";"Josenópolis";"Não";"-";"Total";NA;NA;NA;NA;NA;NA;NA;NA;NA;NA;NA;NA;NA;NA;NA;NA;NA;NA;1;NA;1;NA;NA;NA;NA
31;"MG";3136603;"313660";"Nova União";"Não";"Região Metropolitana de Belo Horizonte";"Total";1;NA;NA;2;2;5;4;4;9;3;NA;1;4;1;6;NA;NA;2;NA;1;NA;NA;NA;NA;NA
31;"MG";3136652;"313665";"Juatuba";"Não";"Região Metropolitana de Belo Horizonte";"Total";4;4;7;3;3;9;5;10;11;7;5;6;6;6;3;3;2;7;1;2;3;4;7;5;NA
31;"MG";3136702;"313670";"Juiz de Fora";"Não";"-";"Total";26;17;21;15;20;22;28;23;34;33;39;33;30;34;21;37;24;30;25;25;28;29;21;24;NA
31;"MG";3136801;"313680";"Juramento";"Não";"-";"Total";NA;NA;NA;NA;2;NA;NA;1;1;NA;NA;1;3;NA;1;1;1;1;1;1;NA;NA;1;2;NA
31;"MG";3136900;"313690";"Juruaia";"Não";"-";"Total";NA;NA;NA;NA;NA;NA;NA;NA;NA;NA;NA;NA;1;NA;NA;NA;NA;NA;NA;NA;NA;NA;NA;2;NA
31;"MG";3136959;"313695";"Juvenília";"Não";"-";"Total";NA;NA;NA;NA;NA;NA;NA;NA;NA;NA;NA;NA;NA;1;NA;1;NA;3;1;1;NA;NA;NA;2;NA
31;"MG";3137007;"313700";"Ladainha";"Não";"-";"Total";NA;NA;NA;NA;1;NA;1;2;NA;1;2;1;2;4;2;1;1;NA;1;4;1;1;1;NA;NA
31;"MG";3137106;"313710";"Lagamar";"Não";"-";"Total";NA;NA;NA;NA;NA;NA;NA;NA;NA;NA;NA;NA;1;NA;NA;NA;NA;1;NA;NA;NA;NA;2;2;NA
31;"MG";3137205;"313720";"Lagoa da Prata";"Não";"-";"Total";4;2;1;2;3;2;3;7;3;3;NA;2;NA;3;2;4;9;3;2;NA;NA;2;NA;NA;NA
31;"MG";3137304;"313730";"Lagoa dos Patos";"Não";"-";"Total";NA;NA;NA;NA;NA;NA;NA;1;NA;NA;2;NA;NA;NA;NA;1;NA;NA;NA;NA;NA;1;NA;NA;NA
31;"MG";3137403;"313740";"Lagoa Dourada";"Não";"-";"Total";NA;NA;1;2;NA;1;NA;NA;NA;1;1;NA;NA;NA;NA;2;1;4;1;2;1;NA;2;NA;NA
31;"MG";3137502;"313750";"Lagoa Formosa";"Não";"-";"Total";NA;NA;NA;NA;NA;NA;NA;NA;NA;NA;NA;1;2;NA;NA;1;NA;NA;1;1;NA;NA;NA;NA;NA
31;"MG";3137536;"313753";"Lagoa Grande";"Não";"-";"Total";NA;NA;NA;NA;1;NA;NA;NA;1;NA;NA;1;2;2;NA;NA;NA;NA;6;3;NA;1;2;4;NA
31;"MG";3137601;"313760";"Lagoa Santa";"Não";"Região Metropolitana de Belo Horizonte";"Total";4;4;NA;4;3;3;6;1;2;NA;1;1;1;NA;NA;NA;NA;NA;NA;NA;2;NA;NA;3;NA
31;"MG";3137700;"313770";"Lajinha";"Não";"-";"Total";NA;NA;NA;NA;2;2;NA;3;NA;1;NA;2;NA;5;2;3;1;NA;NA;NA;1;2;1;2;NA
31;"MG";3137809;"313780";"Lambari";"Não";"-";"Total";NA;NA;NA;1;NA;1;NA;NA;NA;NA;1;NA;1;2;1;1;1;NA;1;NA;NA;NA;NA;1;NA
31;"MG";3137908;"313790";"Lamim";"Não";"-";"Total";NA;NA;NA;NA;NA;NA;NA;NA;NA;NA;NA;NA;NA;NA;NA;NA;NA;NA;NA;NA;NA;NA;NA;NA;NA
31;"MG";3138005;"313800";"Laranjal";"Não";"-";"Total";NA;NA;1;NA;NA;NA;NA;NA;NA;NA;NA;NA;NA;1;1;1;NA;2;NA;NA;NA;1;1;NA;NA
31;"MG";3138104;"313810";"Lassance";"Não";"-";"Total";NA;NA;NA;NA;NA;NA;NA;NA;1;NA;1;1;5;2;3;NA;NA;3;1;NA;4;NA;NA;1;NA
31;"MG";3138203;"313820";"Lavras";"Não";"-";"Total";8;12;8;6;7;4;8;11;10;6;12;10;10;6;12;8;8;6;11;6;4;7;11;4;NA
31;"MG";3138302;"313830";"Leandro Ferreira";"Não";"-";"Total";NA;NA;NA;NA;NA;NA;NA;NA;1;NA;NA;NA;NA;NA;NA;NA;NA;NA;NA;NA;NA;NA;NA;NA;NA
31;"MG";3138351;"313835";"Leme do Prado";"Não";"-";"Total";NA;NA;NA;NA;NA;NA;NA;1;NA;1;1;NA;NA;NA;1;NA;NA;NA;NA;NA;1;NA;NA;1;NA
31;"MG";3138401;"313840";"Leopoldina";"Não";"-";"Total";4;3;1;5;NA;4;3;1;NA;NA;2;NA;1;2;3;3;6;8;3;4;2;6;8;3;NA
31;"MG";3138500;"313850";"Liberdade";"Não";"-";"Total";NA;NA;NA;1;NA;NA;NA;NA;NA;NA;NA;NA;NA;NA;NA;NA;NA;NA;NA;NA;NA;NA;NA;1;NA
31;"MG";3138609;"313860";"Lima Duarte";"Não";"-";"Total";NA;NA;NA;NA;2;1;1;1;NA;1;NA;1;1;1;NA;2;1;1;2;NA;1;1;NA;1;NA
31;"MG";3138625;"313862";"Limeira do Oeste";"Não";"-";"Total";NA;NA;NA;NA;NA;NA;NA;NA;NA;NA;NA;NA;NA;NA;NA;1;1;NA;NA;1;NA;1;NA;1;NA
31;"MG";3138658;"313865";"Lontra";"Não";"-";"Total";1;NA;1;NA;1;NA;1;NA;3;NA;NA;1;NA;1;NA;1;5;1;NA;NA;NA;NA;NA;3;NA
31;"MG";3138674;"313867";"Luisburgo";"Não";"-";"Total";NA;NA;NA;NA;NA;NA;NA;NA;1;NA;NA;NA;NA;NA;NA;NA;NA;NA;NA;NA;NA;1;NA;NA;NA
31;"MG";3138682;"313868";"Luislândia";"Não";"-";"Total";NA;NA;NA;NA;NA;NA;1;NA;NA;NA;NA;NA;1;NA;NA;NA;NA;1;NA;NA;NA;NA;NA;NA;NA
31;"MG";3138708;"313870";"Luminárias";"Não";"-";"Total";NA;NA;NA;NA;NA;NA;1;NA;NA;NA;NA;NA;NA;NA;1;NA;NA;NA;1;NA;NA;NA;NA;NA;NA
31;"MG";3138807;"313880";"Luz";"Não";"-";"Total";1;8;5;1;5;4;2;3;1;7;2;3;4;6;10;2;5;6;3;3;3;6;2;1;NA
31;"MG";3138906;"313890";"Machacalis";"Não";"-";"Total";NA;NA;NA;NA;NA;NA;NA;NA;1;NA;1;2;1;2;2;2;NA;1;NA;NA;3;1;3;NA;NA
31;"MG";3139003;"313900";"Machado";"Não";"-";"Total";NA;NA;NA;NA;NA;NA;NA;3;NA;3;3;3;3;1;2;2;4;1;1;NA;3;1;2;1;NA
31;"MG";3139102;"313910";"Madre de Deus de Minas";"Não";"-";"Total";NA;NA;NA;NA;1;NA;NA;NA;NA;NA;NA;1;NA;NA;NA;NA;NA;NA;NA;NA;NA;NA;1;NA;NA
31;"MG";3139201;"313920";"Malacacheta";"Não";"-";"Total";NA;NA;NA;3;1;NA;2;3;1;6;2;3;NA;1;5;2;2;4;8;3;5;3;3;5;NA
31;"MG";3139250;"313925";"Mamonas";"Não";"-";"Total";NA;NA;NA;NA;NA;NA;NA;NA;NA;1;NA;NA;1;NA;NA;NA;NA;1;NA;NA;1;NA;NA;NA;NA
31;"MG";3139300;"313930";"Manga";"Não";"-";"Total";NA;NA;1;NA;NA;NA;NA;NA;1;NA;1;NA;3;3;3;2;2;2;2;1;1;1;1;1;NA
31;"MG";3139409;"313940";"Manhuaçu";"Não";"-";"Total";2;NA;NA;2;11;15;8;16;21;14;14;20;30;18;29;19;15;30;18;23;22;30;25;47;NA
31;"MG";3139508;"313950";"Manhumirim";"Não";"-";"Total";NA;1;NA;1;4;NA;3;3;1;2;NA;1;1;1;1;2;NA;3;2;NA;NA;NA;1;NA;NA
31;"MG";3139607;"313960";"Mantena";"Não";"-";"Total";NA;1;1;NA;NA;NA;NA;NA;NA;3;4;3;2;2;3;3;3;3;6;3;1;2;3;1;NA
31;"MG";3139706;"313970";"Maravilhas";"Não";"-";"Total";NA;NA;NA;NA;NA;NA;NA;NA;1;1;NA;NA;NA;NA;1;2;1;1;NA;2;NA;3;NA;2;NA
31;"MG";3139805;"313980";"Mar de Espanha";"Não";"-";"Total";NA;NA;NA;NA;1;NA;NA;NA;NA;NA;2;NA;NA;1;1;NA;NA;1;NA;NA;1;1;1;NA;NA
31;"MG";3139904;"313990";"Maria da Fé";"Não";"-";"Total";NA;NA;NA;NA;1;NA;NA;NA;NA;1;NA;NA;NA;2;NA;NA;NA;NA;1;NA;NA;NA;NA;NA;NA
31;"MG";3140001;"314000";"Mariana";"Não";"-";"Total";2;1;NA;NA;NA;NA;1;NA;NA;2;4;NA;4;4;NA;2;1;5;1;2;NA;1;NA;NA;NA
31;"MG";3140100;"314010";"Marilac";"Não";"-";"Total";NA;NA;NA;NA;NA;NA;NA;NA;NA;NA;1;2;1;NA;1;NA;NA;NA;NA;NA;1;1;NA;NA;NA
31;"MG";3140159;"314015";"Mário Campos";"Não";"Região Metropolitana de Belo Horizonte";"Total";NA;NA;NA;NA;1;NA;1;NA;1;NA;NA;1;NA;NA;2;NA;NA;1;NA;NA;2;NA;1;1;NA
31;"MG";3140209;"314020";"Maripá de Minas";"Não";"-";"Total";NA;NA;NA;NA;NA;NA;NA;NA;NA;NA;NA;NA;NA;1;NA;NA;NA;NA;NA;NA;1;NA;NA;NA;NA
31;"MG";3140308;"314030";"Marliéria";"Não";"Colar Metropolitano";"Total";NA;NA;NA;NA;NA;NA;NA;NA;1;1;NA;1;NA;NA;NA;NA;NA;1;1;NA;NA;NA;NA;NA;NA
31;"MG";3140407;"314040";"Marmelópolis";"Não";"-";"Total";NA;NA;NA;NA;NA;NA;NA;NA;NA;NA;NA;NA;NA;NA;NA;NA;NA;NA;NA;NA;NA;NA;NA;NA;NA
31;"MG";3140506;"314050";"Martinho Campos";"Não";"-";"Total";NA;2;NA;NA;NA;NA;1;1;1;1;3;NA;3;NA;1;2;1;3;2;4;2;4;1;5;NA
31;"MG";3140530;"314053";"Martins Soares";"Não";"-";"Total";1;NA;NA;NA;1;3;1;1;1;3;1;2;8;1;2;NA;1;NA;4;1;2;3;2;1;NA
31;"MG";3140555;"314055";"Mata Verde";"Não";"-";"Total";NA;NA;NA;NA;NA;NA;NA;NA;NA;NA;1;NA;NA;NA;NA;2;NA;1;NA;NA;3;1;NA;NA;NA
31;"MG";3140605;"314060";"Materlândia";"Não";"-";"Total";NA;NA;NA;NA;NA;NA;NA;1;NA;1;1;NA;NA;NA;NA;NA;NA;NA;NA;NA;NA;1;NA;NA;NA
31;"MG";3140704;"314070";"Mateus Leme";"Não";"Região Metropolitana de Belo Horizonte";"Total";3;NA;2;4;3;7;4;1;3;3;1;2;1;8;6;5;5;3;2;2;NA;7;NA;3;NA
31;"MG";3140803;"314080";"Matias Barbosa";"Não";"-";"Total";2;NA;NA;NA;1;2;NA;NA;1;NA;NA;1;NA;NA;NA;NA;NA;NA;NA;NA;1;NA;1;NA;NA
31;"MG";3140852;"314085";"Matias Cardoso";"Não";"-";"Total";NA;NA;NA;NA;NA;1;NA;1;1;NA;NA;1;1;NA;2;1;1;1;NA;1;2;NA;NA;NA;NA
31;"MG";3140902;"314090";"Matipó";"Não";"-";"Total";NA;1;2;NA;3;3;NA;3;1;9;1;NA;4;1;2;2;NA;1;1;2;NA;NA;2;1;NA
31;"MG";3141009;"314100";"Mato Verde";"Não";"-";"Total";NA;NA;NA;NA;NA;1;2;3;NA;3;3;3;NA;5;2;1;1;5;2;2;1;2;2;1;NA
31;"MG";3141108;"314110";"Matozinhos";"Não";"Região Metropolitana de Belo Horizonte";"Total";NA;NA;1;1;4;4;NA;2;2;1;1;3;1;2;2;2;NA;1;NA;1;3;NA;1;3;NA
31;"MG";3141207;"314120";"Matutina";"Não";"-";"Total";NA;NA;NA;NA;NA;NA;1;NA;NA;NA;NA;NA;NA;NA;NA;NA;NA;NA;NA;NA;NA;NA;NA;NA;NA
31;"MG";3141306;"314130";"Medeiros";"Não";"-";"Total";NA;1;NA;NA;NA;1;NA;NA;NA;NA;NA;NA;NA;NA;NA;NA;NA;NA;NA;NA;NA;NA;NA;NA;NA
31;"MG";3141405;"314140";"Medina";"Não";"-";"Total";NA;1;10;8;9;16;5;4;2;1;3;2;3;4;6;8;1;7;5;6;7;3;4;3;NA
31;"MG";3141504;"314150";"Mendes Pimentel";"Não";"-";"Total";NA;NA;NA;NA;NA;NA;NA;NA;NA;4;1;2;2;NA;1;NA;NA;1;2;1;NA;NA;2;1;NA
31;"MG";3141603;"314160";"Mercês";"Não";"-";"Total";1;NA;NA;2;1;2;NA;NA;2;1;NA;1;NA;NA;NA;NA;NA;1;NA;NA;NA;1;1;NA;NA
31;"MG";3141702;"314170";"Mesquita";"Não";"Colar Metropolitano";"Total";NA;1;NA;NA;NA;NA;NA;NA;NA;NA;NA;NA;NA;NA;NA;NA;NA;1;1;NA;NA;NA;NA;1;NA
31;"MG";3141801;"314180";"Minas Novas";"Não";"-";"Total";1;2;NA;NA;1;NA;2;NA;NA;NA;2;2;1;1;NA;5;1;1;NA;3;3;2;3;4;NA
31;"MG";3141900;"314190";"Minduri";"Não";"-";"Total";NA;NA;NA;1;NA;1;NA;NA;NA;1;NA;NA;NA;NA;NA;NA;NA;NA;1;NA;NA;NA;1;1;NA
31;"MG";3142007;"314200";"Mirabela";"Não";"-";"Total";NA;1;3;2;NA;2;NA;2;2;NA;5;2;NA;NA;4;1;2;NA;1;1;1;1;NA;2;NA
31;"MG";3142106;"314210";"Miradouro";"Não";"-";"Total";NA;NA;NA;NA;1;NA;NA;NA;NA;NA;1;NA;NA;NA;NA;2;1;3;1;2;4;NA;NA;NA;NA
31;"MG";3142205;"314220";"Miraí";"Não";"-";"Total";NA;NA;NA;1;NA;NA;NA;NA;NA;NA;NA;NA;NA;NA;NA;1;NA;NA;NA;NA;3;1;NA;NA;NA
31;"MG";3142254;"314225";"Miravânia";"Não";"-";"Total";NA;NA;NA;NA;NA;NA;NA;NA;NA;NA;NA;NA;NA;2;NA;NA;NA;NA;1;1;NA;NA;1;NA;NA
31;"MG";3142304;"314230";"Moeda";"Não";"Colar Metropolitano de Belo Horizonte";"Total";1;NA;2;NA;NA;NA;NA;NA;NA;1;NA;NA;1;NA;NA;1;NA;NA;NA;NA;NA;NA;NA;1;NA
31;"MG";3142403;"314240";"Moema";"Não";"-";"Total";NA;1;2;NA;NA;1;1;NA;NA;NA;NA;NA;NA;1;1;NA;1;NA;NA;1;2;NA;3;1;NA
31;"MG";3142502;"314250";"Monjolos";"Não";"-";"Total";NA;NA;NA;NA;NA;NA;NA;NA;NA;NA;NA;NA;NA;NA;NA;1;NA;NA;NA;NA;NA;NA;NA;NA;NA
31;"MG";3142601;"314260";"Monsenhor Paulo";"Não";"-";"Total";NA;1;NA;NA;NA;NA;1;NA;NA;NA;NA;NA;NA;NA;NA;NA;NA;1;NA;1;1;1;NA;NA;NA
31;"MG";3142700;"314270";"Montalvânia";"Não";"-";"Total";NA;NA;NA;NA;NA;NA;NA;NA;NA;NA;NA;1;4;3;NA;2;NA;NA;1;2;1;1;1;NA;NA
31;"MG";3142809;"314280";"Monte Alegre de Minas";"Não";"-";"Total";2;NA;NA;3;2;NA;3;3;3;2;1;3;4;4;6;3;3;4;1;4;1;4;7;2;NA
31;"MG";3142908;"314290";"Monte Azul";"Não";"-";"Total";NA;NA;NA;2;NA;1;2;NA;NA;NA;4;3;4;3;3;1;3;5;4;7;4;2;2;3;NA
31;"MG";3143005;"314300";"Monte Belo";"Não";"-";"Total";NA;1;2;NA;1;1;1;NA;1;NA;4;NA;1;NA;NA;NA;NA;NA;NA;1;1;NA;1;NA;NA
31;"MG";3143104;"314310";"Monte Carmelo";"Não";"-";"Total";NA;NA;2;3;5;2;2;3;6;3;5;4;8;5;2;7;3;4;3;4;5;4;4;5;NA
31;"MG";3143153;"314315";"Monte Formoso";"Não";"-";"Total";NA;NA;NA;NA;NA;NA;NA;NA;NA;NA;NA;NA;2;NA;NA;NA;NA;NA;1;NA;NA;NA;NA;NA;NA
31;"MG";3143203;"314320";"Monte Santo de Minas";"Não";"-";"Total";NA;NA;NA;4;NA;NA;NA;NA;NA;NA;1;NA;2;2;NA;NA;NA;NA;NA;2;NA;3;1;1;NA
31;"MG";3143302;"314330";"Montes Claros";"Não";"-";"Total";5;5;19;21;14;19;29;37;47;73;89;72;55;66;87;97;73;74;60;80;79;73;75;87;NA
31;"MG";3143401;"314340";"Monte Sião";"Não";"-";"Total";NA;NA;NA;NA;NA;NA;NA;NA;NA;NA;NA;2;2;NA;NA;NA;NA;NA;1;2;NA;3;1;1;NA
31;"MG";3143450;"314345";"Montezuma";"Não";"-";"Total";NA;NA;NA;NA;NA;NA;NA;NA;NA;NA;NA;NA;1;1;NA;NA;NA;NA;NA;3;NA;3;1;1;NA
31;"MG";3143500;"314350";"Morada Nova de Minas";"Não";"-";"Total";NA;NA;1;NA;NA;NA;NA;NA;1;NA;1;NA;NA;NA;NA;NA;NA;2;NA;NA;1;NA;NA;NA;NA
31;"MG";3143609;"314360";"Morro da Garça";"Não";"-";"Total";NA;NA;NA;NA;NA;NA;NA;NA;NA;NA;1;NA;2;NA;1;1;1;NA;NA;NA;NA;NA;NA;NA;NA
31;"MG";3143708;"314370";"Morro do Pilar";"Não";"-";"Total";NA;NA;NA;NA;NA;NA;NA;NA;NA;NA;NA;NA;NA;NA;NA;NA;NA;NA;NA;NA;NA;NA;NA;NA;NA
31;"MG";3143807;"314380";"Munhoz";"Não";"-";"Total";NA;NA;NA;NA;NA;NA;NA;NA;NA;NA;NA;NA;NA;NA;NA;NA;NA;NA;2;NA;1;1;NA;NA;NA
31;"MG";3143906;"314390";"Muriaé";"Não";"-";"Total";NA;NA;NA;NA;NA;NA;NA;NA;NA;NA;1;NA;4;4;8;7;1;5;13;13;7;6;14;19;NA
31;"MG";3144003;"314400";"Mutum";"Não";"-";"Total";NA;NA;2;NA;2;1;NA;6;NA;1;NA;2;2;1;2;1;1;2;3;2;3;3;5;NA;NA
31;"MG";3144102;"314410";"Muzambinho";"Não";"-";"Total";1;NA;NA;NA;NA;1;NA;NA;NA;1;NA;1;NA;NA;NA;1;1;1;2;NA;5;1;2;1;NA
31;"MG";3144201;"314420";"Nacip Raydan";"Não";"-";"Total";NA;NA;NA;NA;NA;NA;NA;NA;NA;NA;1;NA;NA;NA;1;NA;NA;NA;NA;NA;NA;NA;NA;NA;NA
31;"MG";3144300;"314430";"Nanuque";"Não";"-";"Total";NA;1;1;1;3;3;6;2;7;8;7;6;8;8;4;4;4;2;NA;4;8;3;2;2;NA
31;"MG";3144359;"314435";"Naque";"Não";"Colar Metropolitano";"Total";NA;NA;NA;NA;NA;NA;NA;NA;2;NA;2;NA;NA;NA;1;1;NA;1;6;NA;3;4;1;2;NA
31;"MG";3144375;"314437";"Natalândia";"Não";"-";"Total";NA;NA;NA;NA;NA;NA;NA;NA;NA;NA;NA;NA;1;NA;NA;2;NA;1;1;NA;1;2;3;NA;NA
31;"MG";3144409;"314440";"Natércia";"Não";"-";"Total";NA;NA;NA;NA;NA;NA;NA;NA;NA;NA;NA;NA;NA;NA;NA;NA;NA;NA;NA;1;NA;NA;NA;NA;NA
31;"MG";3144508;"314450";"Nazareno";"Não";"-";"Total";NA;NA;NA;1;NA;1;NA;NA;NA;1;NA;1;2;2;1;NA;1;NA;NA;NA;2;NA;NA;NA;NA
31;"MG";3144607;"314460";"Nepomuceno";"Não";"-";"Total";NA;NA;NA;NA;NA;1;NA;1;NA;NA;NA;2;NA;1;1;1;2;NA;NA;2;2;1;NA;NA;NA
31;"MG";3144656;"314465";"Ninheira";"Não";"-";"Total";NA;NA;NA;NA;NA;NA;NA;2;NA;NA;1;1;NA;NA;1;3;NA;3;1;1;1;1;NA;2;NA
31;"MG";3144672;"314467";"Nova Belém";"Não";"-";"Total";NA;NA;NA;NA;NA;NA;NA;NA;NA;1;1;NA;NA;NA;1;NA;NA;1;NA;NA;NA;NA;1;NA;NA
31;"MG";3144706;"314470";"Nova Era";"Não";"-";"Total";4;6;5;7;6;2;1;9;5;2;1;2;3;7;9;4;9;4;3;6;4;8;NA;4;NA
31;"MG";3144805;"314480";"Nova Lima";"Não";"Região Metropolitana de Belo Horizonte";"Total";2;1;2;9;8;19;7;8;6;14;9;13;11;5;13;8;11;7;14;6;3;7;2;4;NA
31;"MG";3144904;"314490";"Nova Módica";"Não";"-";"Total";NA;NA;1;NA;NA;NA;NA;NA;NA;NA;NA;NA;NA;1;1;1;NA;NA;NA;NA;NA;NA;NA;2;NA
31;"MG";3145000;"314500";"Nova Ponte";"Não";"-";"Total";NA;NA;NA;1;1;4;1;2;NA;5;1;4;2;1;3;1;5;3;1;NA;2;1;2;1;NA
31;"MG";3145059;"314505";"Nova Porteirinha";"Não";"-";"Total";NA;NA;NA;NA;NA;NA;2;2;3;NA;NA;1;1;1;NA;2;NA;NA;NA;3;NA;NA;2;2;NA
31;"MG";3145109;"314510";"Nova Resende";"Não";"-";"Total";NA;NA;NA;NA;NA;NA;NA;NA;NA;NA;1;1;NA;1;NA;NA;1;1;NA;1;NA;1;NA;NA;NA
31;"MG";3145208;"314520";"Nova Serrana";"Não";"-";"Total";2;4;2;4;2;3;7;18;12;10;10;10;11;22;8;17;9;6;7;9;5;11;8;10;NA
31;"MG";3145307;"314530";"Novo Cruzeiro";"Não";"-";"Total";NA;1;NA;2;2;1;3;NA;2;4;6;4;4;6;3;5;1;2;4;4;2;1;3;4;NA
31;"MG";3145356;"314535";"Novo Oriente de Minas";"Não";"-";"Total";NA;NA;NA;NA;1;2;NA;NA;NA;NA;1;NA;1;1;2;NA;NA;NA;NA;NA;1;1;1;NA;NA
31;"MG";3145372;"314537";"Novorizonte";"Não";"-";"Total";NA;NA;NA;NA;NA;NA;NA;NA;NA;NA;NA;NA;NA;1;1;NA;1;NA;NA;NA;1;NA;NA;NA;NA
31;"MG";3145406;"314540";"Olaria";"Não";"-";"Total";NA;1;NA;NA;NA;NA;NA;NA;NA;NA;NA;2;NA;NA;NA;NA;NA;NA;NA;NA;1;NA;1;1;NA
31;"MG";3145455;"314545";"Olhos-d'Água";"Não";"-";"Total";NA;NA;NA;1;NA;NA;1;NA;NA;NA;NA;NA;1;NA;2;1;2;NA;1;NA;1;2;1;NA;NA
31;"MG";3145505;"314550";"Olímpio Noronha";"Não";"-";"Total";NA;NA;NA;NA;NA;1;NA;NA;NA;NA;NA;NA;NA;NA;NA;NA;NA;NA;NA;NA;NA;NA;NA;NA;NA
31;"MG";3145604;"314560";"Oliveira";"Não";"-";"Total";NA;NA;NA;3;6;4;3;3;4;6;1;3;5;8;1;5;14;14;4;5;3;12;7;10;NA
31;"MG";3145703;"314570";"Oliveira Fortes";"Não";"-";"Total";NA;NA;NA;NA;NA;NA;NA;NA;NA;NA;NA;NA;NA;NA;NA;NA;NA;NA;NA;NA;NA;NA;1;1;NA
31;"MG";3145802;"314580";"Onça de Pitangui";"Não";"-";"Total";NA;1;NA;NA;NA;NA;NA;NA;NA;1;NA;NA;NA;NA;NA;NA;3;NA;NA;NA;NA;1;NA;NA;NA
31;"MG";3145851;"314585";"Oratórios";"Não";"-";"Total";NA;NA;NA;NA;NA;NA;1;NA;NA;NA;NA;1;NA;NA;NA;NA;NA;1;NA;NA;1;NA;1;NA;NA
31;"MG";3145877;"314587";"Orizânia";"Não";"-";"Total";NA;NA;NA;NA;NA;NA;NA;1;NA;NA;NA;2;1;1;2;1;1;1;NA;NA;3;NA;NA;NA;NA
31;"MG";3145901;"314590";"Ouro Branco";"Não";"-";"Total";1;NA;NA;6;1;NA;1;NA;NA;4;1;5;1;2;1;1;1;1;1;3;2;2;2;1;NA
31;"MG";3146008;"314600";"Ouro Fino";"Não";"-";"Total";NA;NA;NA;NA;NA;NA;NA;NA;NA;NA;NA;1;1;1;NA;1;NA;NA;1;NA;1;NA;1;1;NA
31;"MG";3146107;"314610";"Ouro Preto";"Não";"-";"Total";2;5;2;5;1;1;2;2;4;1;1;8;3;2;4;4;6;8;2;9;6;4;13;10;NA
31;"MG";3146206;"314620";"Ouro Verde de Minas";"Não";"-";"Total";NA;NA;NA;NA;NA;1;1;NA;NA;NA;NA;NA;NA;NA;1;NA;NA;1;2;1;2;NA;NA;NA;NA
31;"MG";3146255;"314625";"Padre Carvalho";"Não";"-";"Total";NA;NA;NA;1;NA;1;NA;NA;1;2;2;NA;1;15;5;6;2;3;5;1;3;1;3;1;NA
31;"MG";3146305;"314630";"Padre Paraíso";"Não";"-";"Total";1;NA;NA;NA;12;7;6;5;6;8;5;1;6;5;9;7;9;3;3;3;3;NA;4;NA;NA
31;"MG";3146404;"314640";"Paineiras";"Não";"-";"Total";NA;NA;NA;NA;NA;NA;NA;NA;NA;NA;NA;1;NA;NA;NA;NA;NA;NA;NA;NA;NA;1;1;NA;NA
31;"MG";3146503;"314650";"Pains";"Não";"-";"Total";NA;NA;NA;NA;NA;NA;NA;NA;NA;NA;1;NA;NA;1;1;NA;NA;2;1;NA;NA;NA;NA;1;NA
31;"MG";3146552;"314655";"Pai Pedro";"Não";"-";"Total";NA;NA;NA;NA;NA;NA;NA;1;NA;NA;1;4;3;1;NA;NA;1;NA;3;NA;NA;1;NA;NA;NA
31;"MG";3146602;"314660";"Paiva";"Não";"-";"Total";NA;NA;NA;NA;NA;NA;NA;NA;NA;NA;NA;NA;NA;NA;NA;NA;NA;NA;NA;NA;NA;NA;NA;NA;NA
31;"MG";3146701;"314670";"Palma";"Não";"-";"Total";NA;NA;NA;NA;1;NA;NA;NA;NA;NA;NA;NA;NA;NA;NA;1;NA;NA;NA;NA;NA;NA;NA;NA;NA
31;"MG";3146750;"314675";"Palmópolis";"Não";"-";"Total";NA;NA;NA;NA;1;NA;NA;NA;NA;NA;NA;NA;NA;NA;NA;NA;NA;NA;1;2;NA;NA;NA;NA;NA
31;"MG";3146909;"314690";"Papagaios";"Não";"-";"Total";NA;NA;NA;NA;NA;NA;NA;NA;2;NA;1;4;NA;1;2;NA;NA;3;1;1;1;1;4;1;NA
31;"MG";3147006;"314700";"Paracatu";"Não";"-";"Total";5;7;10;9;11;14;12;15;20;26;12;12;20;7;12;8;12;11;12;15;11;14;9;8;NA
31;"MG";3147105;"314710";"Pará de Minas";"Não";"Colar Metropolitano de Belo Horizonte";"Total";3;3;2;NA;7;5;1;2;3;4;7;2;6;6;13;8;6;7;9;12;16;18;8;14;NA
31;"MG";3147204;"314720";"Paraguaçu";"Não";"-";"Total";NA;NA;NA;NA;1;NA;NA;1;NA;NA;1;1;2;1;1;NA;NA;2;1;3;NA;NA;NA;1;NA
31;"MG";3147303;"314730";"Paraisópolis";"Não";"-";"Total";NA;NA;NA;NA;NA;1;NA;NA;NA;NA;NA;1;NA;2;NA;NA;1;NA;NA;NA;NA;NA;NA;1;NA
31;"MG";3147402;"314740";"Paraopeba";"Não";"-";"Total";NA;NA;1;2;5;2;8;2;NA;NA;NA;NA;3;3;3;3;3;7;1;5;2;7;3;1;NA
31;"MG";3147501;"314750";"Passabém";"Não";"-";"Total";NA;NA;NA;NA;NA;NA;NA;NA;NA;NA;NA;NA;NA;NA;1;NA;NA;NA;NA;NA;2;NA;NA;NA;NA
31;"MG";3147600;"314760";"Passa Quatro";"Não";"-";"Total";1;NA;NA;1;NA;NA;NA;NA;NA;NA;NA;NA;NA;NA;NA;NA;NA;NA;NA;1;NA;NA;1;1;NA
31;"MG";3147709;"314770";"Passa Tempo";"Não";"-";"Total";NA;NA;NA;NA;NA;1;NA;NA;1;NA;NA;1;NA;1;1;1;NA;NA;NA;NA;NA;NA;NA;1;NA
31;"MG";3147808;"314780";"Passa Vinte";"Não";"-";"Total";NA;NA;NA;NA;NA;NA;NA;NA;NA;NA;NA;NA;NA;1;2;NA;NA;NA;NA;NA;NA;NA;NA;NA;NA
31;"MG";3147907;"314790";"Passos";"Não";"-";"Total";1;3;3;6;7;3;8;5;9;7;10;9;19;7;13;4;3;5;4;4;6;8;3;9;NA
31;"MG";3147956;"314795";"Patis";"Não";"-";"Total";NA;NA;NA;NA;NA;NA;NA;NA;NA;2;NA;NA;NA;NA;1;1;NA;NA;NA;1;NA;NA;NA;NA;NA
31;"MG";3148004;"314800";"Patos de Minas";"Não";"-";"Total";NA;4;2;4;7;5;11;8;11;12;18;12;3;17;13;11;7;20;15;8;20;13;17;42;NA
31;"MG";3148103;"314810";"Patrocínio";"Não";"-";"Total";5;4;2;5;3;6;2;7;7;3;7;7;9;5;5;4;11;14;7;13;13;12;9;7;NA
31;"MG";3148202;"314820";"Patrocínio do Muriaé";"Não";"-";"Total";NA;NA;NA;NA;NA;NA;NA;NA;NA;NA;NA;NA;NA;NA;NA;NA;1;NA;NA;NA;NA;NA;1;NA;NA
31;"MG";3148301;"314830";"Paula Cândido";"Não";"-";"Total";NA;NA;NA;NA;NA;1;NA;NA;NA;1;1;1;1;NA;1;NA;NA;1;NA;1;1;1;1;1;NA
31;"MG";3148400;"314840";"Paulistas";"Não";"-";"Total";NA;1;NA;NA;1;NA;1;NA;NA;NA;NA;NA;NA;NA;NA;NA;1;1;NA;1;NA;NA;1;2;NA
31;"MG";3148509;"314850";"Pavão";"Não";"-";"Total";NA;1;NA;NA;2;1;NA;1;2;NA;NA;NA;1;1;NA;1;NA;2;1;NA;2;3;NA;NA;NA
31;"MG";3148608;"314860";"Peçanha";"Não";"-";"Total";NA;NA;1;1;NA;NA;NA;NA;1;NA;5;1;3;4;3;1;2;2;3;1;1;NA;5;1;NA
31;"MG";3148707;"314870";"Pedra Azul";"Não";"-";"Total";3;8;5;4;4;4;1;2;3;NA;2;2;2;2;NA;1;7;7;5;5;2;5;6;3;NA
31;"MG";3148756;"314875";"Pedra Bonita";"Não";"-";"Total";NA;NA;NA;NA;NA;NA;NA;NA;NA;NA;NA;NA;NA;NA;NA;NA;NA;NA;NA;NA;NA;NA;NA;NA;NA
31;"MG";3148806;"314880";"Pedra do Anta";"Não";"-";"Total";NA;NA;NA;NA;NA;NA;NA;NA;NA;NA;1;NA;NA;NA;NA;NA;NA;NA;NA;NA;NA;NA;NA;NA;NA
31;"MG";3148905;"314890";"Pedra do Indaiá";"Não";"-";"Total";NA;NA;NA;NA;NA;NA;NA;NA;NA;NA;NA;1;1;1;NA;NA;3;1;1;NA;2;3;3;NA;NA
31;"MG";3149002;"314900";"Pedra Dourada";"Não";"-";"Total";NA;NA;NA;NA;NA;NA;NA;NA;NA;NA;NA;1;NA;NA;NA;NA;NA;NA;NA;NA;NA;NA;NA;NA;NA
31;"MG";3149101;"314910";"Pedralva";"Não";"-";"Total";1;NA;NA;NA;NA;NA;1;NA;1;NA;NA;NA;1;NA;1;1;NA;NA;NA;NA;NA;NA;NA;NA;NA
31;"MG";3149150;"314915";"Pedras de Maria da Cruz";"Não";"-";"Total";NA;1;NA;NA;NA;NA;NA;NA;NA;NA;NA;1;1;1;1;1;6;NA;4;NA;1;NA;NA;1;NA
31;"MG";3149200;"314920";"Pedrinópolis";"Não";"-";"Total";1;NA;NA;NA;NA;NA;NA;NA;NA;NA;NA;NA;NA;NA;NA;NA;NA;NA;1;NA;NA;NA;NA;NA;NA
31;"MG";3149309;"314930";"Pedro Leopoldo";"Não";"Região Metropolitana de Belo Horizonte";"Total";NA;4;1;NA;NA;3;4;4;5;4;3;6;5;7;4;2;1;3;2;NA;1;1;3;NA;NA
31;"MG";3149408;"314940";"Pedro Teixeira";"Não";"-";"Total";NA;NA;NA;NA;NA;NA;NA;NA;NA;NA;NA;NA;NA;NA;NA;NA;NA;NA;NA;NA;NA;NA;1;NA;NA
31;"MG";3149507;"314950";"Pequeri";"Não";"-";"Total";NA;NA;NA;NA;NA;NA;NA;NA;NA;NA;NA;NA;NA;NA;NA;NA;NA;NA;NA;NA;NA;NA;NA;NA;NA
31;"MG";3149606;"314960";"Pequi";"Não";"-";"Total";NA;NA;NA;NA;NA;1;NA;1;1;NA;1;1;NA;NA;NA;1;1;1;NA;3;1;NA;NA;1;NA
31;"MG";3149705;"314970";"Perdigão";"Não";"-";"Total";1;NA;NA;NA;1;NA;NA;1;1;NA;NA;NA;1;NA;2;NA;1;1;NA;NA;NA;NA;NA;NA;NA
31;"MG";3149804;"314980";"Perdizes";"Não";"-";"Total";NA;NA;1;NA;NA;NA;NA;NA;5;2;NA;2;2;4;5;3;2;NA;4;4;4;2;1;1;NA
31;"MG";3149903;"314990";"Perdões";"Não";"-";"Total";1;1;2;3;3;NA;1;3;NA;2;2;NA;5;2;10;NA;1;3;1;1;1;1;1;NA;NA
31;"MG";3149952;"314995";"Periquito";"Não";"Colar Metropolitano";"Total";NA;2;NA;NA;1;NA;NA;2;2;11;5;2;4;3;5;4;1;8;2;2;NA;1;1;3;NA
31;"MG";3150000;"315000";"Pescador";"Não";"-";"Total";NA;NA;NA;NA;NA;NA;NA;NA;NA;NA;NA;1;NA;NA;NA;1;NA;1;NA;NA;NA;NA;1;1;NA
31;"MG";3150109;"315010";"Piau";"Não";"-";"Total";1;NA;NA;NA;NA;NA;NA;NA;1;1;1;1;NA;NA;NA;NA;NA;NA;NA;NA;NA;1;NA;NA;NA
31;"MG";3150158;"315015";"Piedade de Caratinga";"Não";"-";"Total";NA;NA;NA;NA;NA;NA;NA;NA;1;NA;NA;1;1;1;5;1;1;NA;NA;1;NA;2;NA;1;NA
31;"MG";3150208;"315020";"Piedade de Ponte Nova";"Não";"-";"Total";NA;NA;1;NA;NA;NA;NA;NA;1;NA;NA;NA;NA;NA;NA;NA;NA;NA;NA;1;NA;NA;NA;NA;NA
31;"MG";3150307;"315030";"Piedade do Rio Grande";"Não";"-";"Total";NA;NA;NA;NA;NA;NA;NA;NA;NA;NA;NA;NA;NA;NA;NA;NA;NA;NA;2;NA;NA;NA;1;NA;NA
31;"MG";3150406;"315040";"Piedade dos Gerais";"Não";"-";"Total";NA;NA;NA;NA;NA;NA;NA;NA;NA;NA;NA;NA;NA;1;NA;NA;NA;NA;2;NA;1;1;NA;NA;NA
31;"MG";3150505;"315050";"Pimenta";"Não";"-";"Total";NA;NA;1;1;2;NA;NA;2;1;NA;2;NA;NA;NA;NA;NA;1;5;NA;NA;NA;2;NA;NA;NA
31;"MG";3150539;"315053";"Pingo-d'Água";"Não";"Colar Metropolitano";"Total";NA;NA;NA;NA;NA;NA;NA;NA;NA;NA;NA;NA;NA;2;1;NA;NA;NA;NA;NA;NA;NA;NA;NA;NA
31;"MG";3150570;"315057";"Pintópolis";"Não";"-";"Total";NA;NA;NA;NA;NA;NA;NA;NA;NA;NA;1;NA;1;3;1;1;NA;1;NA;NA;NA;1;1;NA;NA
31;"MG";3150604;"315060";"Piracema";"Não";"-";"Total";NA;NA;NA;NA;NA;NA;NA;NA;NA;NA;NA;NA;NA;NA;NA;NA;1;NA;NA;1;1;NA;NA;NA;NA
31;"MG";3150703;"315070";"Pirajuba";"Não";"-";"Total";NA;NA;NA;NA;NA;NA;NA;NA;NA;1;NA;NA;1;NA;NA;NA;NA;NA;1;NA;NA;1;NA;NA;NA
31;"MG";3150802;"315080";"Piranga";"Não";"-";"Total";NA;NA;NA;NA;NA;NA;NA;NA;1;NA;2;NA;NA;3;4;NA;NA;1;NA;1;NA;NA;1;2;NA
31;"MG";3150901;"315090";"Piranguçu";"Não";"-";"Total";NA;NA;NA;NA;NA;NA;NA;NA;NA;NA;NA;NA;NA;NA;NA;NA;NA;NA;NA;NA;NA;NA;NA;NA;NA
31;"MG";3151008;"315100";"Piranguinho";"Não";"-";"Total";NA;NA;NA;1;NA;1;NA;NA;2;NA;1;NA;NA;NA;NA;NA;NA;NA;NA;NA;NA;NA;NA;NA;NA
31;"MG";3151107;"315110";"Pirapetinga";"Não";"-";"Total";2;1;NA;NA;NA;NA;NA;1;NA;NA;NA;NA;NA;NA;NA;1;1;NA;NA;1;NA;NA;1;NA;NA
31;"MG";3151206;"315120";"Pirapora";"Não";"-";"Total";2;2;NA;4;1;6;NA;1;4;8;9;7;11;12;14;16;9;14;5;8;15;9;2;6;NA
31;"MG";3151305;"315130";"Piraúba";"Não";"-";"Total";NA;NA;1;NA;NA;NA;NA;1;NA;NA;NA;1;1;1;NA;NA;NA;1;NA;NA;1;NA;4;NA;NA
31;"MG";3151404;"315140";"Pitangui";"Não";"-";"Total";NA;NA;1;NA;NA;4;NA;3;NA;2;2;3;3;1;1;2;NA;NA;NA;1;6;NA;NA;NA;NA
31;"MG";3151503;"315150";"Piumhi";"Não";"-";"Total";NA;1;NA;2;1;2;1;NA;1;3;7;3;6;4;2;NA;1;2;3;4;3;3;3;1;NA
31;"MG";3151602;"315160";"Planura";"Não";"-";"Total";1;NA;NA;NA;NA;NA;NA;NA;NA;NA;1;NA;1;1;2;NA;1;1;NA;NA;1;NA;NA;1;NA
31;"MG";3151701;"315170";"Poço Fundo";"Não";"-";"Total";NA;NA;1;NA;NA;NA;NA;NA;NA;NA;NA;NA;NA;NA;NA;1;NA;2;NA;NA;NA;NA;NA;2;NA
31;"MG";3151800;"315180";"Poços de Caldas";"Não";"-";"Total";2;2;1;2;6;7;2;5;2;1;1;4;4;NA;3;5;NA;4;3;2;4;3;3;2;NA
31;"MG";3151909;"315190";"Pocrane";"Não";"-";"Total";NA;NA;1;NA;NA;NA;NA;2;NA;2;NA;NA;2;NA;3;1;NA;NA;NA;NA;2;1;NA;NA;NA
31;"MG";3152006;"315200";"Pompéu";"Não";"-";"Total";1;NA;NA;4;1;2;2;3;3;1;2;3;1;1;7;6;6;6;4;1;2;7;2;3;NA
31;"MG";3152105;"315210";"Ponte Nova";"Não";"-";"Total";2;1;1;3;2;5;1;5;7;4;8;15;25;10;15;14;9;21;11;13;8;7;11;16;NA
31;"MG";3152131;"315213";"Ponto Chique";"Não";"-";"Total";NA;NA;NA;NA;NA;NA;NA;NA;NA;NA;NA;NA;NA;NA;NA;NA;NA;NA;1;1;NA;NA;NA;NA;NA
31;"MG";3152170;"315217";"Ponto dos Volantes";"Não";"-";"Total";1;NA;NA;NA;1;1;4;1;1;2;2;5;2;5;7;7;1;2;5;4;NA;2;2;1;NA
31;"MG";3152204;"315220";"Porteirinha";"Não";"-";"Total";NA;NA;NA;NA;1;1;1;12;7;3;8;3;11;6;10;5;8;5;4;7;4;7;4;2;NA
31;"MG";3152303;"315230";"Porto Firme";"Não";"-";"Total";NA;1;NA;NA;NA;NA;NA;NA;NA;NA;1;1;NA;1;NA;NA;1;1;NA;NA;1;NA;NA;NA;NA
31;"MG";3152402;"315240";"Poté";"Não";"-";"Total";NA;NA;2;1;3;2;1;1;5;2;3;6;4;1;5;4;4;4;3;NA;NA;2;3;1;NA
31;"MG";3152501;"315250";"Pouso Alegre";"Não";"-";"Total";1;3;5;NA;1;5;4;1;4;3;6;8;3;6;10;2;1;7;12;12;10;14;20;28;NA
31;"MG";3152600;"315260";"Pouso Alto";"Não";"-";"Total";NA;NA;1;NA;NA;NA;1;NA;2;3;NA;NA;NA;1;1;NA;NA;NA;NA;NA;NA;1;1;1;NA
31;"MG";3152709;"315270";"Prados";"Não";"-";"Total";NA;NA;NA;NA;NA;1;NA;NA;1;NA;NA;NA;NA;1;NA;NA;NA;2;2;NA;1;NA;NA;NA;NA
31;"MG";3152808;"315280";"Prata";"Não";"-";"Total";3;2;NA;1;2;5;1;2;6;8;11;7;2;5;7;4;7;5;6;3;2;5;4;8;NA
31;"MG";3152907;"315290";"Pratápolis";"Não";"-";"Total";NA;NA;1;NA;NA;NA;NA;NA;NA;NA;1;NA;NA;5;1;NA;NA;NA;NA;NA;NA;2;NA;1;NA
31;"MG";3153004;"315300";"Pratinha";"Não";"-";"Total";NA;NA;NA;NA;NA;NA;NA;1;NA;NA;NA;NA;NA;NA;NA;NA;NA;NA;NA;NA;NA;NA;NA;NA;NA
31;"MG";3153103;"315310";"Presidente Bernardes";"Não";"-";"Total";NA;NA;NA;NA;NA;NA;NA;NA;NA;1;NA;NA;NA;NA;NA;NA;NA;NA;1;NA;NA;NA;NA;NA;NA
31;"MG";3153202;"315320";"Presidente Juscelino";"Não";"-";"Total";NA;NA;NA;1;NA;NA;NA;1;1;1;6;4;NA;1;2;NA;NA;NA;1;NA;1;NA;NA;2;NA
31;"MG";3153301;"315330";"Presidente Kubitschek";"Não";"-";"Total";NA;NA;1;NA;NA;NA;NA;NA;1;NA;1;NA;NA;NA;NA;NA;NA;NA;NA;NA;NA;NA;NA;NA;NA
31;"MG";3153400;"315340";"Presidente Olegário";"Não";"-";"Total";NA;NA;NA;NA;1;NA;1;NA;1;NA;NA;NA;NA;1;1;2;2;NA;NA;1;1;NA;1;4;NA
31;"MG";3153509;"315350";"Alto Jequitibá";"Não";"-";"Total";NA;NA;NA;NA;2;NA;NA;3;NA;1;NA;NA;1;1;NA;NA;NA;1;NA;NA;2;NA;NA;1;NA
31;"MG";3153608;"315360";"Prudente de Morais";"Não";"Colar Metropolitano de Belo Horizonte";"Total";NA;NA;NA;NA;3;NA;1;NA;NA;NA;1;3;1;NA;4;1;NA;NA;1;NA;NA;NA;2;NA;NA
31;"MG";3153707;"315370";"Quartel Geral";"Não";"-";"Total";NA;NA;NA;NA;NA;NA;NA;NA;NA;NA;NA;NA;1;NA;NA;NA;NA;1;NA;1;NA;NA;NA;NA;NA
31;"MG";3153806;"315380";"Queluzito";"Não";"-";"Total";NA;NA;NA;NA;NA;NA;1;NA;NA;NA;NA;NA;NA;NA;NA;NA;NA;1;NA;NA;NA;NA;NA;NA;NA
31;"MG";3153905;"315390";"Raposos";"Não";"Região Metropolitana de Belo Horizonte";"Total";1;NA;NA;1;NA;1;NA;1;NA;NA;NA;1;NA;NA;1;1;1;NA;NA;NA;NA;NA;NA;NA;NA
31;"MG";3154002;"315400";"Raul Soares";"Não";"-";"Total";NA;NA;NA;1;NA;NA;NA;2;3;2;1;8;2;5;NA;2;5;2;NA;3;NA;2;1;NA;NA
31;"MG";3154101;"315410";"Recreio";"Não";"-";"Total";NA;NA;NA;NA;NA;NA;NA;NA;NA;NA;NA;NA;NA;NA;NA;NA;NA;NA;NA;NA;NA;NA;NA;NA;NA
31;"MG";3154150;"315415";"Reduto";"Não";"-";"Total";NA;NA;NA;NA;NA;1;NA;NA;NA;NA;NA;2;2;1;NA;1;4;1;4;1;2;1;3;1;NA
31;"MG";3154200;"315420";"Resende Costa";"Não";"-";"Total";NA;NA;NA;NA;1;NA;NA;NA;NA;NA;1;NA;NA;NA;NA;NA;1;NA;NA;NA;NA;1;NA;NA;NA
31;"MG";3154309;"315430";"Resplendor";"Não";"-";"Total";4;1;NA;NA;1;1;NA;4;1;NA;3;3;2;2;9;3;4;6;4;1;1;NA;2;3;NA
31;"MG";3154408;"315440";"Ressaquinha";"Não";"-";"Total";NA;1;NA;1;NA;1;NA;1;3;NA;1;NA;NA;1;1;1;1;NA;NA;NA;NA;NA;NA;1;NA
31;"MG";3154457;"315445";"Riachinho";"Não";"-";"Total";NA;NA;1;NA;NA;NA;NA;NA;NA;2;2;NA;2;NA;1;2;1;NA;NA;NA;3;1;1;1;NA
31;"MG";3154507;"315450";"Riacho dos Machados";"Não";"-";"Total";NA;NA;NA;NA;1;NA;NA;NA;NA;NA;NA;1;2;1;2;4;NA;1;NA;2;2;NA;1;2;NA
31;"MG";3154606;"315460";"Ribeirão das Neves";"Não";"Região Metropolitana de Belo Horizonte";"Total";11;10;12;14;13;9;3;19;14;2;4;10;8;18;11;12;11;19;16;12;9;16;NA;9;NA
31;"MG";3154705;"315470";"Ribeirão Vermelho";"Não";"-";"Total";NA;NA;NA;NA;NA;NA;NA;NA;NA;NA;NA;NA;NA;NA;NA;NA;NA;NA;NA;1;NA;1;1;NA;NA
31;"MG";3154804;"315480";"Rio Acima";"Não";"Região Metropolitana de Belo Horizonte";"Total";NA;NA;NA;1;1;1;NA;NA;NA;NA;NA;NA;2;NA;2;1;NA;NA;1;1;NA;NA;NA;NA;NA
31;"MG";3154903;"315490";"Rio Casca";"Não";"-";"Total";1;NA;1;1;1;2;1;2;1;3;1;5;5;2;2;7;NA;1;NA;1;2;1;NA;2;NA
31;"MG";3155009;"315500";"Rio Doce";"Não";"-";"Total";NA;NA;NA;NA;NA;NA;NA;NA;NA;NA;NA;NA;NA;NA;NA;NA;NA;NA;NA;NA;NA;NA;NA;NA;NA
31;"MG";3155108;"315510";"Rio do Prado";"Não";"-";"Total";NA;NA;NA;NA;NA;NA;2;NA;NA;NA;NA;NA;NA;NA;NA;1;NA;NA;NA;NA;NA;NA;NA;NA;NA
31;"MG";3155207;"315520";"Rio Espera";"Não";"-";"Total";NA;NA;NA;NA;NA;NA;NA;NA;NA;NA;NA;NA;NA;NA;NA;NA;2;NA;NA;NA;NA;NA;NA;NA;NA
31;"MG";3155306;"315530";"Rio Manso";"Não";"Região Metropolitana de Belo Horizonte";"Total";NA;NA;NA;1;NA;NA;NA;2;1;1;1;2;2;NA;2;NA;NA;NA;NA;NA;NA;NA;NA;NA;NA
31;"MG";3155405;"315540";"Rio Novo";"Não";"-";"Total";NA;NA;NA;1;NA;1;NA;NA;NA;NA;NA;1;1;NA;NA;1;NA;NA;NA;1;NA;NA;NA;NA;NA
31;"MG";3155504;"315550";"Rio Paranaíba";"Não";"-";"Total";NA;NA;NA;NA;NA;NA;NA;NA;NA;NA;2;2;NA;NA;2;NA;2;NA;1;2;1;NA;NA;1;NA
31;"MG";3155603;"315560";"Rio Pardo de Minas";"Não";"-";"Total";NA;NA;NA;1;1;1;2;5;4;1;1;3;2;4;2;NA;NA;3;NA;NA;3;4;5;NA;NA
31;"MG";3155702;"315570";"Rio Piracicaba";"Não";"-";"Total";NA;NA;NA;NA;NA;NA;NA;NA;1;NA;NA;4;1;5;1;NA;1;NA;2;NA;NA;NA;NA;2;NA
31;"MG";3155801;"315580";"Rio Pomba";"Não";"-";"Total";NA;NA;NA;2;1;NA;1;NA;NA;3;1;NA;NA;NA;1;1;NA;3;2;1;2;NA;NA;1;NA
31;"MG";3155900;"315590";"Rio Preto";"Não";"-";"Total";NA;NA;NA;NA;NA;NA;1;NA;NA;NA;NA;NA;NA;NA;NA;NA;NA;NA;NA;NA;NA;NA;NA;NA;NA
31;"MG";3156007;"315600";"Rio Vermelho";"Não";"-";"Total";NA;NA;NA;NA;NA;NA;1;NA;1;1;1;NA;NA;NA;NA;1;3;NA;1;1;NA;1;NA;NA;NA
31;"MG";3156106;"315610";"Ritápolis";"Não";"-";"Total";NA;NA;NA;NA;NA;NA;NA;NA;NA;NA;NA;NA;NA;2;NA;NA;NA;NA;1;NA;NA;1;NA;NA;NA
31;"MG";3156205;"315620";"Rochedo de Minas";"Não";"-";"Total";NA;NA;NA;NA;NA;NA;NA;NA;NA;NA;NA;NA;NA;1;NA;NA;NA;NA;NA;1;NA;NA;NA;NA;NA
31;"MG";3156304;"315630";"Rodeiro";"Não";"-";"Total";NA;NA;NA;NA;NA;NA;NA;NA;NA;NA;NA;1;1;NA;NA;NA;1;1;NA;1;NA;2;NA;NA;NA
31;"MG";3156403;"315640";"Romaria";"Não";"-";"Total";NA;NA;NA;NA;NA;NA;NA;NA;1;1;1;1;NA;NA;NA;NA;NA;NA;NA;NA;NA;1;NA;NA;NA
31;"MG";3156452;"315645";"Rosário da Limeira";"Não";"-";"Total";NA;NA;NA;NA;NA;NA;NA;NA;NA;NA;NA;NA;NA;NA;1;1;NA;1;NA;NA;NA;NA;NA;NA;NA
31;"MG";3156502;"315650";"Rubelita";"Não";"-";"Total";NA;NA;NA;NA;NA;NA;1;NA;NA;1;NA;NA;NA;1;NA;1;1;NA;1;NA;1;NA;1;7;NA
31;"MG";3156601;"315660";"Rubim";"Não";"-";"Total";NA;NA;NA;NA;1;NA;NA;NA;NA;NA;1;1;1;NA;NA;NA;1;NA;NA;NA;NA;1;NA;NA;NA
31;"MG";3156700;"315670";"Sabará";"Não";"Região Metropolitana de Belo Horizonte";"Total";4;3;12;6;12;15;15;12;13;NA;11;2;18;14;12;23;15;10;9;5;5;4;2;2;NA
31;"MG";3156809;"315680";"Sabinópolis";"Não";"-";"Total";NA;3;3;NA;1;3;1;NA;1;3;NA;2;2;NA;2;2;4;2;2;5;2;NA;1;3;NA
31;"MG";3156908;"315690";"Sacramento";"Não";"-";"Total";3;NA;NA;NA;NA;1;3;NA;NA;1;6;3;4;1;6;5;4;2;NA;2;7;2;4;3;NA
31;"MG";3157005;"315700";"Salinas";"Não";"-";"Total";4;NA;NA;3;6;15;6;5;11;12;8;13;11;16;16;11;11;26;17;6;10;4;16;8;NA
31;"MG";3157104;"315710";"Salto da Divisa";"Não";"-";"Total";NA;NA;NA;NA;NA;NA;NA;NA;NA;NA;NA;NA;NA;NA;NA;NA;NA;NA;NA;NA;1;1;NA;NA;NA
31;"MG";3157203;"315720";"Santa Bárbara";"Não";"Colar Metropolitano de Belo Horizonte";"Total";1;NA;2;NA;2;2;2;3;1;NA;NA;1;3;5;2;2;4;3;NA;3;1;NA;NA;2;NA
31;"MG";3157252;"315725";"Santa Bárbara do Leste";"Não";"-";"Total";NA;NA;NA;NA;NA;NA;NA;NA;NA;NA;NA;NA;1;5;3;2;3;NA;NA;NA;1;2;3;3;NA
31;"MG";3157278;"315727";"Santa Bárbara do Monte Verde";"Não";"-";"Total";NA;NA;NA;NA;NA;NA;NA;NA;NA;NA;NA;NA;NA;NA;NA;NA;NA;NA;NA;NA;NA;NA;NA;NA;NA
31;"MG";3157302;"315730";"Santa Bárbara do Tugúrio";"Não";"-";"Total";NA;NA;NA;NA;1;NA;NA;NA;NA;1;NA;NA;NA;NA;NA;1;NA;1;1;NA;NA;NA;NA;NA;NA
31;"MG";3157336;"315733";"Santa Cruz de Minas";"Não";"-";"Total";NA;NA;NA;NA;NA;NA;NA;1;1;1;NA;NA;NA;NA;NA;NA;NA;1;NA;NA;NA;NA;NA;NA;NA
31;"MG";3157377;"315737";"Santa Cruz de Salinas";"Não";"-";"Total";NA;NA;NA;NA;NA;NA;1;NA;NA;NA;1;NA;NA;2;2;3;3;1;NA;3;1;NA;1;1;NA
31;"MG";3157401;"315740";"Santa Cruz do Escalvado";"Não";"-";"Total";NA;NA;NA;1;NA;NA;NA;NA;NA;NA;NA;NA;NA;NA;NA;NA;NA;NA;NA;NA;NA;NA;NA;1;NA
31;"MG";3157500;"315750";"Santa Efigênia de Minas";"Não";"-";"Total";NA;NA;NA;NA;1;NA;NA;NA;NA;NA;1;1;NA;NA;NA;1;NA;NA;2;NA;1;1;NA;1;NA
31;"MG";3157609;"315760";"Santa Fé de Minas";"Não";"-";"Total";NA;NA;NA;NA;NA;NA;NA;NA;1;NA;NA;NA;NA;NA;NA;NA;1;NA;NA;2;NA;NA;NA;NA;NA
31;"MG";3157658;"315765";"Santa Helena de Minas";"Não";"-";"Total";NA;NA;NA;NA;NA;NA;NA;NA;NA;NA;NA;NA;1;NA;NA;1;NA;2;NA;NA;NA;NA;NA;NA;NA
31;"MG";3157708;"315770";"Santa Juliana";"Não";"-";"Total";NA;1;NA;NA;NA;1;2;1;2;2;NA;4;NA;NA;1;NA;1;NA;NA;2;2;1;NA;NA;NA
31;"MG";3157807;"315780";"Santa Luzia";"Não";"Região Metropolitana de Belo Horizonte";"Total";10;12;13;10;9;7;15;10;6;13;10;8;17;4;9;7;9;4;9;1;NA;NA;NA;2;NA
31;"MG";3157906;"315790";"Santa Margarida";"Não";"-";"Total";NA;NA;NA;NA;NA;1;NA;NA;1;NA;1;NA;1;NA;2;5;NA;NA;1;NA;NA;NA;NA;NA;NA
31;"MG";3158003;"315800";"Santa Maria de Itabira";"Não";"-";"Total";1;NA;2;NA;1;1;1;1;NA;NA;1;2;NA;3;2;1;2;1;1;NA;NA;3;1;NA;NA
31;"MG";3158102;"315810";"Santa Maria do Salto";"Não";"-";"Total";NA;NA;NA;NA;NA;NA;NA;NA;NA;NA;NA;NA;NA;NA;NA;1;NA;NA;1;NA;NA;NA;1;NA;NA
31;"MG";3158201;"315820";"Santa Maria do Suaçuí";"Não";"-";"Total";NA;NA;NA;1;NA;NA;NA;NA;NA;NA;3;2;NA;NA;1;2;NA;2;3;1;1;NA;NA;1;NA
31;"MG";3158300;"315830";"Santana da Vargem";"Não";"-";"Total";NA;NA;NA;1;NA;NA;NA;NA;NA;NA;NA;1;1;NA;NA;NA;NA;NA;1;1;NA;NA;NA;NA;NA
31;"MG";3158409;"315840";"Santana de Cataguases";"Não";"-";"Total";NA;1;NA;NA;NA;NA;NA;NA;NA;NA;NA;NA;NA;NA;NA;1;NA;NA;NA;NA;NA;NA;NA;NA;NA
31;"MG";3158508;"315850";"Santana de Pirapama";"Não";"-";"Total";NA;NA;NA;NA;NA;NA;NA;NA;NA;NA;1;NA;2;NA;NA;NA;NA;NA;1;NA;1;1;1;NA;NA
31;"MG";3158607;"315860";"Santana do Deserto";"Não";"-";"Total";NA;NA;NA;NA;NA;NA;1;NA;NA;NA;NA;NA;NA;NA;NA;NA;NA;1;NA;NA;NA;NA;NA;NA;NA
31;"MG";3158706;"315870";"Santana do Garambéu";"Não";"-";"Total";NA;NA;NA;NA;NA;NA;NA;NA;NA;NA;NA;NA;NA;1;1;NA;NA;NA;NA;NA;NA;NA;NA;NA;NA
31;"MG";3158805;"315880";"Santana do Jacaré";"Não";"-";"Total";NA;NA;NA;NA;NA;NA;NA;NA;NA;NA;NA;NA;NA;NA;NA;NA;NA;NA;NA;NA;NA;NA;NA;NA;NA
31;"MG";3158904;"315890";"Santana do Manhuaçu";"Não";"-";"Total";NA;NA;NA;NA;NA;1;NA;1;2;NA;NA;1;NA;2;1;NA;1;NA;NA;1;NA;NA;1;1;NA
31;"MG";3158953;"315895";"Santana do Paraíso";"Não";"Região Metropolitana do Vale do Aço";"Total";1;2;NA;1;NA;4;3;1;1;1;5;7;3;3;1;1;2;8;6;1;3;1;1;4;NA
31;"MG";3159001;"315900";"Santana do Riacho";"Não";"-";"Total";NA;NA;NA;NA;NA;NA;NA;NA;NA;NA;1;NA;NA;1;1;NA;NA;NA;NA;NA;NA;NA;NA;1;NA
31;"MG";3159100;"315910";"Santana dos Montes";"Não";"-";"Total";NA;NA;NA;NA;NA;NA;NA;NA;NA;NA;NA;NA;NA;NA;NA;1;NA;NA;NA;1;NA;NA;NA;NA;NA
31;"MG";3159209;"315920";"Santa Rita de Caldas";"Não";"-";"Total";NA;NA;NA;1;NA;NA;NA;NA;NA;NA;NA;NA;NA;NA;1;NA;NA;NA;NA;NA;NA;NA;NA;NA;NA
31;"MG";3159308;"315930";"Santa Rita de Jacutinga";"Não";"-";"Total";NA;NA;NA;NA;NA;NA;NA;NA;1;NA;2;1;NA;NA;NA;NA;NA;2;NA;1;NA;NA;NA;NA;NA
31;"MG";3159357;"315935";"Santa Rita de Minas";"Não";"-";"Total";NA;NA;NA;NA;NA;1;NA;NA;NA;NA;NA;1;5;1;1;3;NA;2;4;NA;3;4;4;1;NA
31;"MG";3159407;"315940";"Santa Rita de Ibitipoca";"Não";"-";"Total";NA;NA;NA;NA;NA;NA;NA;NA;NA;NA;NA;NA;NA;NA;NA;NA;NA;NA;NA;NA;NA;NA;NA;NA;NA
31;"MG";3159506;"315950";"Santa Rita do Itueto";"Não";"-";"Total";NA;NA;NA;NA;NA;NA;NA;NA;NA;NA;NA;1;1;NA;NA;NA;NA;1;NA;1;NA;NA;1;NA;NA
31;"MG";3159605;"315960";"Santa Rita do Sapucaí";"Não";"-";"Total";NA;NA;5;NA;NA;NA;1;NA;NA;1;1;1;NA;3;NA;NA;NA;NA;2;1;2;NA;2;2;NA
31;"MG";3159704;"315970";"Santa Rosa da Serra";"Não";"-";"Total";NA;NA;NA;NA;NA;NA;NA;NA;NA;NA;1;NA;NA;NA;NA;NA;NA;1;1;1;NA;NA;NA;1;NA
31;"MG";3159803;"315980";"Santa Vitória";"Não";"-";"Total";1;NA;1;2;1;3;4;4;3;NA;2;2;3;3;4;NA;2;1;1;1;1;1;2;1;NA
31;"MG";3159902;"315990";"Santo Antônio do Amparo";"Não";"-";"Total";4;NA;2;1;1;2;3;1;13;3;1;NA;1;NA;3;4;5;1;2;2;5;NA;2;5;NA
31;"MG";3160009;"316000";"Santo Antônio do Aventureiro";"Não";"-";"Total";NA;NA;NA;NA;NA;NA;NA;NA;NA;NA;NA;NA;NA;NA;1;NA;NA;NA;NA;NA;1;NA;NA;NA;NA
31;"MG";3160108;"316010";"Santo Antônio do Grama";"Não";"-";"Total";NA;NA;NA;NA;NA;NA;NA;NA;NA;NA;2;NA;3;2;2;NA;NA;NA;NA;NA;NA;NA;NA;NA;NA
31;"MG";3160207;"316020";"Santo Antônio do Itambé";"Não";"-";"Total";NA;NA;NA;NA;NA;NA;NA;NA;NA;NA;NA;3;NA;NA;1;NA;NA;NA;NA;NA;1;NA;NA;NA;NA
31;"MG";3160306;"316030";"Santo Antônio do Jacinto";"Não";"-";"Total";NA;NA;NA;NA;NA;NA;1;NA;NA;NA;NA;NA;1;NA;NA;1;NA;2;NA;NA;NA;1;NA;NA;NA
31;"MG";3160405;"316040";"Santo Antônio do Monte";"Não";"-";"Total";NA;1;NA;NA;NA;NA;NA;NA;NA;1;2;NA;1;NA;NA;NA;3;NA;1;NA;2;1;NA;4;NA
31;"MG";3160454;"316045";"Santo Antônio do Retiro";"Não";"-";"Total";NA;NA;NA;NA;NA;NA;2;NA;1;1;1;NA;1;1;1;1;1;4;NA;NA;1;NA;1;NA;NA
31;"MG";3160504;"316050";"Santo Antônio do Rio Abaixo";"Não";"-";"Total";NA;NA;NA;NA;1;NA;NA;NA;NA;NA;NA;NA;NA;NA;NA;NA;NA;NA;NA;NA;NA;1;NA;NA;NA
31;"MG";3160603;"316060";"Santo Hipólito";"Não";"-";"Total";NA;NA;NA;NA;NA;NA;NA;NA;NA;NA;NA;1;NA;NA;2;NA;NA;NA;NA;NA;NA;1;NA;NA;NA
31;"MG";3160702;"316070";"Santos Dumont";"Não";"-";"Total";1;4;2;1;7;NA;1;1;2;2;4;5;3;3;3;8;3;3;1;2;2;3;1;5;NA
31;"MG";3160801;"316080";"São Bento Abade";"Não";"-";"Total";NA;NA;NA;NA;NA;NA;1;NA;NA;NA;NA;NA;NA;NA;1;1;NA;NA;NA;NA;NA;NA;NA;NA;NA
31;"MG";3160900;"316090";"São Brás do Suaçuí";"Não";"-";"Total";1;NA;NA;NA;NA;NA;NA;NA;NA;1;2;NA;NA;1;NA;NA;NA;NA;NA;NA;NA;3;NA;1;NA
31;"MG";3160959;"316095";"São Domingos das Dores";"Não";"-";"Total";NA;NA;1;NA;NA;NA;NA;NA;NA;NA;NA;NA;NA;NA;NA;NA;NA;NA;NA;NA;NA;NA;NA;NA;NA
31;"MG";3161007;"316100";"São Domingos do Prata";"Não";"-";"Total";1;3;5;2;4;1;2;6;8;2;2;8;4;6;2;4;6;3;1;3;NA;NA;1;1;NA
31;"MG";3161056;"316105";"São Félix de Minas";"Não";"-";"Total";NA;NA;NA;NA;NA;NA;NA;NA;NA;NA;NA;NA;NA;NA;NA;NA;NA;NA;NA;1;NA;1;NA;NA;NA
31;"MG";3161106;"316110";"São Francisco";"Não";"-";"Total";NA;NA;2;NA;1;2;NA;1;3;4;5;1;3;7;5;6;5;9;1;3;2;2;2;3;NA
31;"MG";3161205;"316120";"São Francisco de Paula";"Não";"-";"Total";NA;NA;NA;1;NA;NA;NA;NA;NA;NA;NA;NA;NA;1;NA;NA;NA;NA;NA;NA;NA;NA;NA;NA;NA
31;"MG";3161304;"316130";"São Francisco de Sales";"Não";"-";"Total";NA;NA;1;NA;NA;NA;NA;NA;NA;NA;NA;1;NA;1;NA;1;NA;NA;1;NA;NA;NA;NA;1;NA
31;"MG";3161403;"316140";"São Francisco do Glória";"Não";"-";"Total";NA;NA;NA;3;1;NA;NA;NA;NA;NA;NA;NA;NA;NA;NA;NA;1;NA;1;2;NA;NA;NA;NA;NA
31;"MG";3161502;"316150";"São Geraldo";"Não";"-";"Total";NA;NA;NA;NA;NA;NA;NA;NA;NA;NA;NA;NA;NA;NA;NA;NA;NA;NA;1;1;NA;NA;2;1;NA
31;"MG";3161601;"316160";"São Geraldo da Piedade";"Não";"-";"Total";NA;NA;NA;NA;NA;NA;NA;1;NA;NA;NA;1;1;NA;NA;NA;NA;NA;NA;NA;NA;NA;NA;NA;NA
31;"MG";3161650;"316165";"São Geraldo do Baixio";"Não";"-";"Total";NA;NA;NA;NA;NA;NA;NA;NA;NA;NA;NA;NA;NA;NA;1;NA;NA;NA;NA;1;NA;NA;NA;NA;NA
31;"MG";3161700;"316170";"São Gonçalo do Abaeté";"Não";"-";"Total";NA;NA;4;NA;NA;2;2;NA;NA;1;5;1;1;5;4;2;3;3;NA;NA;1;1;2;2;NA
31;"MG";3161809;"316180";"São Gonçalo do Pará";"Não";"-";"Total";1;NA;NA;NA;NA;NA;2;NA;NA;2;2;NA;NA;1;1;1;3;1;1;NA;NA;NA;NA;NA;NA
31;"MG";3161908;"316190";"São Gonçalo do Rio Abaixo";"Não";"Colar Metropolitano de Belo Horizonte";"Total";1;4;2;3;4;10;7;15;12;6;14;8;15;11;2;4;7;4;11;1;2;3;3;6;NA
31;"MG";3162005;"316200";"São Gonçalo do Sapucaí";"Não";"-";"Total";NA;3;NA;NA;2;NA;2;1;1;2;1;2;1;3;2;NA;NA;2;2;1;2;2;1;1;NA
31;"MG";3162104;"316210";"São Gotardo";"Não";"-";"Total";NA;NA;2;NA;1;NA;NA;NA;NA;1;1;1;5;NA;1;1;NA;2;1;5;2;2;3;8;NA
31;"MG";3162203;"316220";"São João Batista do Glória";"Não";"-";"Total";NA;NA;NA;NA;NA;NA;NA;NA;NA;NA;NA;NA;NA;2;3;NA;NA;NA;NA;NA;NA;NA;NA;NA;NA
31;"MG";3162252;"316225";"São João da Lagoa";"Não";"-";"Total";NA;NA;NA;NA;NA;NA;1;NA;NA;1;1;1;1;NA;NA;4;1;2;NA;NA;NA;NA;3;3;NA
31;"MG";3162302;"316230";"São João da Mata";"Não";"-";"Total";NA;NA;NA;NA;NA;NA;NA;NA;NA;NA;NA;NA;NA;NA;NA;NA;NA;NA;NA;NA;NA;NA;1;NA;NA
31;"MG";3162401;"316240";"São João da Ponte";"Não";"-";"Total";NA;NA;NA;NA;NA;NA;2;NA;1;1;1;4;NA;3;NA;3;1;2;1;1;2;1;4;NA;NA
31;"MG";3162450;"316245";"São João das Missões";"Não";"-";"Total";NA;NA;NA;NA;NA;NA;NA;NA;1;NA;NA;NA;NA;NA;NA;NA;1;2;NA;NA;1;NA;1;1;NA
31;"MG";3162500;"316250";"São João del Rei";"Não";"-";"Total";NA;1;2;1;3;2;4;7;10;4;2;3;4;10;11;4;5;9;4;3;5;2;7;4;NA
31;"MG";3162559;"316255";"São João do Manhuaçu";"Não";"-";"Total";1;NA;NA;NA;1;2;3;NA;2;2;NA;1;NA;4;NA;NA;1;7;1;4;3;NA;4;5;NA
31;"MG";3162575;"316257";"São João do Manteninha";"Não";"-";"Total";NA;NA;NA;NA;NA;NA;NA;NA;NA;1;1;NA;1;2;1;1;1;7;1;1;NA;3;NA;1;NA
31;"MG";3162609;"316260";"São João do Oriente";"Não";"Colar Metropolitano";"Total";1;NA;NA;NA;NA;NA;NA;NA;NA;NA;NA;NA;NA;NA;NA;NA;1;NA;NA;1;NA;NA;NA;NA;NA
31;"MG";3162658;"316265";"São João do Pacuí";"Não";"-";"Total";NA;NA;NA;NA;NA;NA;NA;NA;1;NA;NA;NA;NA;NA;NA;NA;NA;1;NA;NA;1;NA;NA;1;NA
31;"MG";3162708;"316270";"São João do Paraíso";"Não";"-";"Total";NA;NA;NA;NA;NA;NA;NA;NA;2;1;2;4;2;4;6;3;NA;2;1;NA;2;1;1;3;NA
31;"MG";3162807;"316280";"São João Evangelista";"Não";"-";"Total";NA;NA;NA;1;2;1;2;3;NA;1;4;2;1;2;6;7;4;3;1;3;2;1;4;1;NA
31;"MG";3162906;"316290";"São João Nepomuceno";"Não";"-";"Total";NA;1;NA;NA;NA;NA;NA;NA;1;3;NA;NA;1;NA;NA;1;2;3;1;NA;1;NA;3;NA;NA
31;"MG";3162922;"316292";"São Joaquim de Bicas";"Não";"Região Metropolitana de Belo Horizonte";"Total";1;4;1;2;1;2;2;1;NA;3;1;4;6;5;NA;1;1;1;NA;1;1;NA;NA;NA;NA
31;"MG";3162948;"316294";"São José da Barra";"Não";"-";"Total";NA;NA;NA;1;NA;NA;NA;NA;NA;NA;NA;1;NA;NA;NA;NA;1;NA;1;NA;2;NA;NA;4;NA
31;"MG";3162955;"316295";"São José da Lapa";"Não";"Região Metropolitana de Belo Horizonte";"Total";NA;1;NA;1;1;3;1;NA;NA;NA;NA;NA;NA;NA;NA;NA;NA;NA;NA;NA;NA;NA;NA;NA;NA
31;"MG";3163003;"316300";"São José da Safira";"Não";"-";"Total";NA;NA;NA;NA;NA;NA;NA;NA;NA;NA;NA;NA;1;NA;1;NA;2;NA;NA;1;NA;NA;NA;1;NA
31;"MG";3163102;"316310";"São José da Varginha";"Não";"Colar Metropolitano de Belo Horizonte";"Total";NA;NA;NA;NA;1;NA;NA;NA;1;NA;NA;1;1;NA;NA;NA;NA;1;NA;1;1;NA;1;1;NA
31;"MG";3163201;"316320";"São José do Alegre";"Não";"-";"Total";NA;NA;NA;1;NA;NA;NA;NA;NA;NA;NA;2;NA;NA;NA;NA;NA;NA;NA;NA;1;NA;NA;NA;NA
31;"MG";3163300;"316330";"São José do Divino";"Não";"-";"Total";NA;1;NA;NA;NA;1;NA;1;1;NA;NA;NA;NA;NA;NA;NA;NA;NA;NA;2;NA;NA;NA;NA;NA
31;"MG";3163409;"316340";"São José do Goiabal";"Não";"Colar Metropolitano";"Total";NA;NA;NA;NA;NA;NA;1;NA;2;NA;NA;NA;NA;NA;NA;NA;NA;2;NA;NA;NA;NA;NA;NA;NA
31;"MG";3163508;"316350";"São José do Jacuri";"Não";"-";"Total";NA;NA;NA;NA;NA;NA;NA;1;NA;NA;NA;2;NA;1;NA;1;2;1;NA;NA;NA;3;NA;1;NA
31;"MG";3163607;"316360";"São José do Mantimento";"Não";"-";"Total";NA;NA;NA;NA;NA;NA;NA;NA;NA;1;NA;NA;NA;1;1;NA;1;NA;NA;NA;NA;NA;NA;NA;NA
31;"MG";3163706;"316370";"São Lourenço";"Não";"-";"Total";NA;2;1;NA;1;1;NA;1;5;2;1;2;3;5;2;NA;2;2;2;2;2;1;3;2;NA
31;"MG";3163805;"316380";"São Miguel do Anta";"Não";"-";"Total";NA;NA;NA;NA;NA;NA;NA;NA;1;NA;NA;NA;1;1;NA;NA;NA;NA;NA;NA;NA;1;NA;1;NA
31;"MG";3163904;"316390";"São Pedro da União";"Não";"-";"Total";NA;NA;NA;NA;NA;NA;NA;NA;NA;NA;NA;NA;NA;NA;NA;1;1;NA;NA;NA;NA;NA;NA;NA;NA
31;"MG";3164001;"316400";"São Pedro dos Ferros";"Não";"-";"Total";NA;NA;NA;NA;1;NA;NA;1;NA;NA;1;1;1;NA;NA;1;1;NA;NA;NA;2;NA;NA;1;NA
31;"MG";3164100;"316410";"São Pedro do Suaçuí";"Não";"-";"Total";NA;NA;NA;NA;NA;NA;NA;NA;NA;1;1;1;3;NA;1;1;NA;NA;1;1;NA;NA;1;NA;NA
31;"MG";3164209;"316420";"São Romão";"Não";"-";"Total";NA;NA;NA;NA;NA;NA;NA;NA;NA;1;1;NA;NA;1;1;NA;NA;NA;NA;NA;NA;1;NA;NA;NA
31;"MG";3164308;"316430";"São Roque de Minas";"Não";"-";"Total";NA;NA;NA;NA;NA;NA;NA;1;NA;NA;1;1;1;NA;NA;NA;NA;1;1;NA;NA;2;1;1;NA
31;"MG";3164407;"316440";"São Sebastião da Bela Vista";"Não";"-";"Total";NA;NA;1;NA;NA;NA;2;NA;1;1;NA;NA;1;1;NA;3;1;1;NA;1;NA;4;NA;NA;NA
31;"MG";3164431;"316443";"São Sebastião da Vargem Alegre";"Não";"-";"Total";NA;NA;NA;NA;NA;NA;NA;NA;NA;NA;NA;NA;NA;NA;NA;NA;NA;NA;NA;NA;NA;NA;1;1;NA
31;"MG";3164472;"316447";"São Sebastião do Anta";"Não";"-";"Total";NA;NA;NA;NA;NA;NA;NA;NA;NA;NA;1;NA;NA;NA;1;NA;NA;NA;NA;NA;2;1;NA;2;NA
31;"MG";3164506;"316450";"São Sebastião do Maranhão";"Não";"-";"Total";NA;NA;NA;NA;NA;NA;NA;NA;NA;NA;NA;NA;1;2;NA;NA;NA;1;1;NA;1;1;1;2;NA
31;"MG";3164605;"316460";"São Sebastião do Oeste";"Não";"-";"Total";2;NA;1;NA;NA;NA;NA;NA;NA;NA;NA;1;NA;1;1;NA;NA;NA;NA;1;NA;1;NA;NA;NA
31;"MG";3164704;"316470";"São Sebastião do Paraíso";"Não";"-";"Total";1;2;4;3;2;2;NA;3;4;4;3;2;3;1;5;2;2;4;NA;2;4;7;6;6;NA
31;"MG";3164803;"316480";"São Sebastião do Rio Preto";"Não";"-";"Total";NA;NA;NA;NA;NA;NA;NA;NA;NA;NA;NA;NA;NA;NA;NA;NA;NA;NA;NA;NA;NA;NA;NA;1;NA
31;"MG";3164902;"316490";"São Sebastião do Rio Verde";"Não";"-";"Total";NA;NA;NA;NA;NA;NA;NA;NA;NA;NA;NA;NA;NA;NA;NA;NA;NA;NA;NA;NA;NA;NA;NA;NA;NA
31;"MG";3165008;"316500";"São Tiago";"Não";"-";"Total";NA;NA;NA;NA;NA;NA;1;NA;NA;NA;NA;NA;NA;NA;1;NA;NA;NA;NA;NA;1;2;NA;2;NA
31;"MG";3165107;"316510";"São Tomás de Aquino";"Não";"-";"Total";NA;NA;NA;NA;NA;NA;1;NA;NA;NA;NA;1;NA;1;1;NA;NA;NA;NA;NA;NA;NA;NA;NA;NA
31;"MG";3165206;"316520";"São Tomé das Letras";"Não";"-";"Total";NA;NA;NA;NA;NA;NA;1;NA;NA;1;NA;NA;NA;NA;1;NA;NA;NA;NA;NA;NA;NA;1;NA;NA
31;"MG";3165305;"316530";"São Vicente de Minas";"Não";"-";"Total";NA;NA;1;NA;NA;NA;NA;NA;NA;NA;NA;NA;1;1;NA;NA;NA;NA;NA;NA;NA;2;1;1;NA
31;"MG";3165404;"316540";"Sapucaí-Mirim";"Não";"-";"Total";NA;NA;NA;NA;NA;NA;NA;NA;NA;NA;NA;NA;NA;NA;NA;NA;NA;NA;1;1;NA;NA;NA;NA;NA
31;"MG";3165503;"316550";"Sardoá";"Não";"-";"Total";NA;NA;NA;NA;1;NA;NA;NA;NA;NA;NA;NA;NA;1;1;2;NA;NA;2;1;NA;NA;1;NA;NA
31;"MG";3165537;"316553";"Sarzedo";"Não";"Região Metropolitana de Belo Horizonte";"Total";NA;NA;2;1;NA;1;2;2;NA;3;3;1;1;2;3;1;2;3;3;NA;1;1;NA;NA;NA
31;"MG";3165552;"316555";"Setubinha";"Não";"-";"Total";NA;NA;NA;NA;NA;NA;NA;NA;1;3;2;1;1;1;2;3;NA;NA;1;NA;NA;NA;1;1;NA
31;"MG";3165560;"316556";"Sem-Peixe";"Não";"-";"Total";NA;NA;NA;NA;NA;NA;NA;NA;NA;NA;NA;NA;NA;NA;NA;NA;NA;NA;NA;NA;NA;NA;NA;NA;NA
31;"MG";3165578;"316557";"Senador Amaral";"Não";"-";"Total";NA;NA;NA;NA;NA;NA;NA;NA;NA;NA;NA;1;NA;1;NA;NA;NA;NA;NA;NA;NA;NA;NA;1;NA
31;"MG";3165602;"316560";"Senador Cortes";"Não";"-";"Total";NA;NA;NA;NA;NA;NA;NA;NA;NA;NA;NA;NA;NA;NA;NA;NA;NA;NA;NA;NA;NA;NA;NA;NA;NA
31;"MG";3165701;"316570";"Senador Firmino";"Não";"-";"Total";NA;NA;NA;NA;NA;NA;NA;1;NA;NA;NA;NA;NA;NA;NA;NA;NA;NA;1;NA;NA;1;NA;1;NA
31;"MG";3165800;"316580";"Senador José Bento";"Não";"-";"Total";1;NA;NA;NA;NA;NA;NA;NA;NA;NA;NA;NA;NA;NA;NA;NA;NA;NA;NA;1;NA;1;1;1;NA
31;"MG";3165909;"316590";"Senador Modestino Gonçalves";"Não";"-";"Total";NA;NA;NA;NA;1;NA;NA;NA;NA;NA;1;3;NA;NA;NA;NA;NA;NA;NA;NA;NA;NA;1;2;NA
31;"MG";3166006;"316600";"Senhora de Oliveira";"Não";"-";"Total";NA;NA;1;NA;NA;NA;NA;NA;NA;NA;NA;NA;NA;NA;NA;NA;NA;1;NA;NA;NA;1;1;NA;NA
31;"MG";3166105;"316610";"Senhora do Porto";"Não";"-";"Total";1;NA;NA;NA;2;NA;NA;NA;NA;NA;NA;NA;NA;2;1;1;NA;NA;NA;1;NA;NA;NA;1;NA
31;"MG";3166204;"316620";"Senhora dos Remédios";"Não";"-";"Total";NA;NA;NA;NA;NA;NA;1;NA;NA;NA;NA;NA;NA;NA;NA;NA;1;1;1;NA;NA;NA;NA;NA;NA
31;"MG";3166303;"316630";"Sericita";"Não";"-";"Total";NA;NA;NA;NA;NA;NA;1;NA;NA;NA;NA;1;1;NA;NA;NA;NA;NA;NA;NA;NA;1;NA;NA;NA
31;"MG";3166402;"316640";"Seritinga";"Não";"-";"Total";NA;NA;NA;NA;NA;NA;NA;NA;NA;1;NA;NA;NA;NA;NA;NA;NA;NA;NA;NA;5;1;NA;NA;NA
31;"MG";3166501;"316650";"Serra Azul de Minas";"Não";"-";"Total";NA;NA;NA;NA;NA;NA;1;NA;NA;1;NA;NA;NA;NA;NA;NA;NA;1;NA;NA;NA;NA;1;1;NA
31;"MG";3166600;"316660";"Serra da Saudade";"Não";"-";"Total";NA;NA;NA;NA;NA;NA;NA;NA;NA;NA;NA;NA;NA;NA;NA;1;NA;NA;NA;NA;NA;NA;NA;NA;NA
31;"MG";3166709;"316670";"Serra dos Aimorés";"Não";"-";"Total";NA;NA;NA;NA;NA;NA;NA;NA;2;2;NA;3;1;3;NA;1;NA;1;1;2;NA;1;NA;NA;NA
31;"MG";3166808;"316680";"Serra do Salitre";"Não";"-";"Total";NA;NA;NA;NA;NA;NA;NA;NA;1;1;2;NA;NA;NA;1;1;1;6;4;10;2;1;3;3;NA
31;"MG";3166907;"316690";"Serrania";"Não";"-";"Total";NA;NA;NA;NA;NA;NA;NA;NA;NA;1;NA;NA;NA;NA;NA;NA;NA;1;NA;NA;NA;NA;1;NA;NA
31;"MG";3166956;"316695";"Serranópolis de Minas";"Não";"-";"Total";NA;NA;NA;NA;NA;NA;NA;NA;NA;NA;NA;NA;2;1;NA;NA;NA;1;1;NA;NA;NA;NA;NA;NA
31;"MG";3167004;"316700";"Serranos";"Não";"-";"Total";NA;NA;NA;NA;NA;NA;NA;NA;NA;NA;NA;NA;NA;NA;NA;NA;NA;NA;1;NA;NA;NA;NA;NA;NA
31;"MG";3167103;"316710";"Serro";"Não";"-";"Total";NA;NA;1;NA;NA;1;NA;1;2;1;1;1;2;NA;1;1;3;NA;1;1;1;1;2;1;NA
31;"MG";3167202;"316720";"Sete Lagoas";"Não";"Colar Metropolitano de Belo Horizonte";"Total";3;1;3;5;9;6;3;14;10;23;34;22;43;44;46;29;35;22;31;30;32;42;44;36;NA
31;"MG";3167301;"316730";"Silveirânia";"Não";"-";"Total";NA;NA;NA;NA;NA;NA;NA;NA;NA;NA;NA;1;NA;1;NA;NA;NA;NA;NA;1;NA;NA;NA;NA;NA
31;"MG";3167400;"316740";"Silvianópolis";"Não";"-";"Total";NA;NA;NA;NA;NA;NA;NA;NA;NA;NA;NA;NA;NA;NA;NA;NA;NA;1;NA;NA;NA;NA;1;NA;NA
31;"MG";3167509;"316750";"Simão Pereira";"Não";"-";"Total";NA;1;NA;NA;NA;NA;2;NA;1;NA;1;NA;NA;NA;NA;NA;NA;1;2;NA;NA;NA;NA;NA;NA
31;"MG";3167608;"316760";"Simonésia";"Não";"-";"Total";NA;NA;NA;NA;1;1;1;2;2;NA;2;1;NA;1;1;NA;NA;NA;NA;NA;2;NA;1;1;NA
31;"MG";3167707;"316770";"Sobrália";"Não";"Colar Metropolitano";"Total";NA;NA;1;NA;1;1;NA;NA;1;NA;2;NA;1;NA;NA;1;NA;NA;NA;NA;NA;NA;NA;NA;NA
31;"MG";3167806;"316780";"Soledade de Minas";"Não";"-";"Total";NA;NA;NA;NA;NA;NA;NA;NA;NA;NA;NA;1;1;NA;NA;1;NA;NA;NA;NA;1;1;NA;NA;NA
31;"MG";3167905;"316790";"Tabuleiro";"Não";"-";"Total";NA;NA;NA;NA;1;1;NA;NA;NA;NA;NA;1;1;NA;NA;1;3;NA;NA;NA;NA;1;1;1;NA
31;"MG";3168002;"316800";"Taiobeiras";"Não";"-";"Total";NA;NA;1;NA;NA;NA;NA;NA;NA;2;2;1;4;2;9;5;3;3;6;5;5;6;2;6;NA
31;"MG";3168051;"316805";"Taparuba";"Não";"-";"Total";NA;NA;NA;NA;NA;NA;NA;NA;NA;NA;1;NA;2;2;NA;NA;1;NA;NA;NA;NA;NA;NA;1;NA
31;"MG";3168101;"316810";"Tapira";"Não";"-";"Total";NA;NA;NA;NA;NA;1;NA;NA;NA;NA;NA;NA;NA;NA;NA;1;NA;NA;NA;3;1;NA;1;NA;NA
31;"MG";3168200;"316820";"Tapiraí";"Não";"-";"Total";NA;NA;NA;NA;NA;NA;NA;1;NA;NA;NA;NA;NA;NA;NA;NA;NA;NA;NA;NA;NA;NA;NA;NA;NA
31;"MG";3168309;"316830";"Taquaraçu de Minas";"Não";"Região Metropolitana de Belo Horizonte";"Total";NA;NA;NA;NA;NA;NA;NA;1;NA;NA;NA;NA;NA;NA;NA;NA;NA;NA;NA;NA;NA;NA;NA;NA;NA
31;"MG";3168408;"316840";"Tarumirim";"Não";"-";"Total";NA;NA;1;NA;2;1;6;2;1;2;4;4;3;NA;3;1;1;4;1;6;2;2;2;1;NA
31;"MG";3168507;"316850";"Teixeiras";"Não";"-";"Total";NA;NA;NA;1;1;1;1;NA;NA;2;NA;NA;NA;1;3;1;NA;3;4;NA;NA;1;NA;2;NA
31;"MG";3168606;"316860";"Teófilo Otoni";"Não";"-";"Total";12;29;41;50;56;60;52;64;66;76;88;84;66;55;69;64;48;54;50;38;29;46;36;34;NA
31;"MG";3168705;"316870";"Timóteo";"Não";"Região Metropolitana do Vale do Aço";"Total";1;3;NA;1;3;6;2;1;3;3;6;7;6;6;3;5;12;14;4;7;7;4;4;2;NA
31;"MG";3168804;"316880";"Tiradentes";"Não";"-";"Total";NA;NA;NA;1;NA;NA;NA;1;1;NA;2;NA;NA;1;NA;NA;NA;NA;NA;NA;1;NA;NA;NA;NA
31;"MG";3168903;"316890";"Tiros";"Não";"-";"Total";NA;NA;NA;NA;1;NA;NA;NA;NA;1;1;NA;NA;NA;NA;NA;NA;NA;NA;2;NA;NA;1;2;NA
31;"MG";3169000;"316900";"Tocantins";"Não";"-";"Total";NA;NA;NA;NA;NA;1;NA;NA;NA;NA;NA;NA;2;NA;1;1;1;NA;NA;NA;NA;1;NA;2;NA
31;"MG";3169059;"316905";"Tocos do Moji";"Não";"-";"Total";NA;NA;NA;NA;NA;NA;NA;NA;NA;NA;NA;NA;NA;NA;NA;NA;NA;NA;NA;NA;NA;NA;NA;NA;NA
31;"MG";3169109;"316910";"Toledo";"Não";"-";"Total";NA;NA;NA;NA;NA;NA;NA;NA;NA;NA;NA;NA;NA;NA;NA;NA;NA;1;1;NA;NA;NA;1;NA;NA
31;"MG";3169208;"316920";"Tombos";"Não";"-";"Total";NA;NA;NA;NA;NA;NA;NA;NA;NA;NA;NA;1;NA;NA;NA;NA;NA;NA;NA;NA;NA;NA;NA;NA;NA
31;"MG";3169307;"316930";"Três Corações";"Não";"-";"Total";2;2;14;7;11;12;6;8;19;24;19;15;17;13;17;11;16;8;4;4;9;2;9;3;NA
31;"MG";3169356;"316935";"Três Marias";"Não";"-";"Total";NA;NA;NA;NA;2;4;3;5;16;4;12;10;3;NA;8;1;3;7;6;8;4;5;3;7;NA
31;"MG";3169406;"316940";"Três Pontas";"Não";"-";"Total";1;NA;NA;6;6;NA;3;1;1;2;2;1;4;1;NA;4;2;4;2;5;6;5;4;9;NA
31;"MG";3169505;"316950";"Tumiritinga";"Não";"-";"Total";1;NA;1;NA;1;1;1;1;1;2;2;1;2;1;2;2;2;NA;1;1;3;NA;1;2;NA
31;"MG";3169604;"316960";"Tupaciguara";"Não";"-";"Total";NA;NA;1;1;NA;NA;1;1;3;2;2;5;NA;NA;4;NA;4;NA;1;1;2;NA;NA;1;NA
31;"MG";3169703;"316970";"Turmalina";"Não";"-";"Total";NA;NA;NA;NA;1;4;2;1;NA;1;1;NA;NA;2;2;3;5;1;2;3;1;4;1;1;NA
31;"MG";3169802;"316980";"Turvolândia";"Não";"-";"Total";NA;NA;NA;NA;NA;NA;NA;1;NA;NA;NA;NA;NA;NA;1;NA;NA;NA;NA;NA;NA;NA;NA;NA;NA
31;"MG";3169901;"316990";"Ubá";"Não";"-";"Total";3;NA;NA;4;6;5;8;2;5;13;17;12;7;13;19;13;10;6;17;14;11;9;13;12;NA
31;"MG";3170008;"317000";"Ubaí";"Não";"-";"Total";NA;NA;NA;NA;NA;NA;NA;1;NA;NA;1;3;1;1;1;2;NA;1;1;1;2;1;NA;NA;NA
31;"MG";3170057;"317005";"Ubaporanga";"Não";"-";"Total";NA;NA;1;NA;NA;NA;NA;NA;NA;NA;3;4;2;NA;4;2;2;1;1;NA;6;4;2;7;NA
31;"MG";3170107;"317010";"Uberaba";"Não";"-";"Total";8;12;15;15;17;15;17;14;17;21;29;30;39;29;28;24;37;41;16;30;32;22;13;38;NA
31;"MG";3170206;"317020";"Uberlândia";"Não";"-";"Total";8;23;39;35;34;37;31;51;53;43;51;57;81;59;47;65;58;39;65;54;64;62;70;60;NA
31;"MG";3170305;"317030";"Umburatiba";"Não";"-";"Total";NA;NA;NA;NA;NA;NA;NA;NA;NA;NA;NA;1;NA;1;NA;NA;NA;NA;NA;1;1;NA;NA;1;NA
31;"MG";3170404;"317040";"Unaí";"Não";"Região Integrada de Desenvolvimento do Distrito Federal e Entorno";"Total";3;2;7;13;13;14;7;4;11;10;11;20;17;22;15;12;12;16;12;22;8;9;17;12;NA
31;"MG";3170438;"317043";"União de Minas";"Não";"-";"Total";NA;NA;NA;NA;NA;NA;NA;NA;NA;NA;NA;NA;NA;1;NA;1;NA;NA;NA;NA;NA;NA;NA;NA;NA
31;"MG";3170479;"317047";"Uruana de Minas";"Não";"-";"Total";NA;NA;NA;NA;NA;NA;NA;NA;1;NA;NA;NA;2;1;NA;1;NA;NA;NA;2;1;NA;1;1;NA
31;"MG";3170503;"317050";"Urucânia";"Não";"-";"Total";NA;NA;NA;NA;NA;NA;1;3;NA;1;NA;2;1;4;1;NA;2;2;NA;NA;NA;NA;NA;2;NA
31;"MG";3170529;"317052";"Urucuia";"Não";"-";"Total";NA;1;1;NA;NA;1;NA;NA;1;NA;NA;NA;NA;NA;2;1;2;NA;NA;1;1;2;NA;1;NA
31;"MG";3170578;"317057";"Vargem Alegre";"Não";"Colar Metropolitano";"Total";NA;NA;NA;NA;NA;NA;NA;NA;NA;NA;NA;NA;NA;NA;2;1;NA;NA;NA;NA;NA;NA;1;NA;NA
31;"MG";3170602;"317060";"Vargem Bonita";"Não";"-";"Total";NA;NA;NA;NA;NA;NA;NA;NA;NA;NA;NA;NA;NA;NA;NA;NA;NA;1;NA;1;NA;NA;NA;NA;NA
31;"MG";3170651;"317065";"Vargem Grande do Rio Pardo";"Não";"-";"Total";NA;NA;NA;NA;NA;NA;1;NA;NA;NA;NA;NA;NA;NA;1;1;NA;NA;NA;NA;1;NA;NA;1;NA
31;"MG";3170701;"317070";"Varginha";"Não";"-";"Total";1;1;1;3;6;5;7;7;2;7;4;16;6;11;10;5;4;8;3;10;4;6;13;8;NA
31;"MG";3170750;"317075";"Varjão de Minas";"Não";"-";"Total";NA;NA;NA;NA;1;NA;NA;1;1;NA;NA;1;NA;1;1;4;NA;1;NA;2;1;1;NA;3;NA
31;"MG";3170800;"317080";"Várzea da Palma";"Não";"-";"Total";NA;NA;2;1;2;4;NA;2;3;5;10;4;8;9;9;5;2;4;1;2;1;4;5;3;NA
31;"MG";3170909;"317090";"Varzelândia";"Não";"-";"Total";NA;NA;NA;NA;NA;NA;NA;1;NA;NA;1;1;3;1;NA;3;1;NA;1;2;NA;NA;NA;2;NA
31;"MG";3171006;"317100";"Vazante";"Não";"-";"Total";1;NA;1;NA;NA;2;1;2;2;2;1;3;1;NA;1;NA;2;NA;1;2;1;NA;2;NA;NA
31;"MG";3171030;"317103";"Verdelândia";"Não";"-";"Total";1;NA;NA;NA;NA;NA;NA;2;2;1;NA;1;1;NA;1;7;NA;1;6;NA;NA;1;NA;1;NA
31;"MG";3171071;"317107";"Veredinha";"Não";"-";"Total";NA;NA;NA;NA;NA;1;NA;NA;NA;NA;NA;NA;NA;NA;NA;1;NA;NA;NA;NA;NA;NA;NA;NA;NA
31;"MG";3171105;"317110";"Veríssimo";"Não";"-";"Total";NA;NA;NA;NA;NA;NA;NA;NA;NA;NA;NA;NA;NA;NA;NA;1;NA;NA;NA;1;NA;1;NA;NA;NA
31;"MG";3171154;"317115";"Vermelho Novo";"Não";"-";"Total";NA;NA;NA;NA;NA;NA;NA;NA;NA;NA;NA;NA;1;NA;1;1;NA;2;1;NA;NA;NA;NA;NA;NA
31;"MG";3171204;"317120";"Vespasiano";"Não";"Região Metropolitana de Belo Horizonte";"Total";3;1;4;2;4;1;6;7;4;7;3;9;9;4;8;4;7;12;3;4;2;3;4;7;NA
31;"MG";3171303;"317130";"Viçosa";"Não";"-";"Total";3;5;1;8;3;2;6;NA;6;3;3;6;3;10;7;6;10;10;2;2;NA;5;6;4;NA
31;"MG";3171402;"317140";"Vieiras";"Não";"-";"Total";NA;NA;NA;NA;NA;NA;NA;NA;NA;NA;NA;NA;NA;NA;NA;NA;NA;NA;NA;NA;NA;NA;NA;NA;NA
31;"MG";3171501;"317150";"Mathias Lobato";"Não";"-";"Total";NA;NA;NA;4;1;NA;1;3;3;1;1;NA;NA;NA;NA;2;1;1;1;NA;NA;1;NA;NA;NA
31;"MG";3171600;"317160";"Virgem da Lapa";"Não";"-";"Total";1;NA;NA;NA;NA;1;NA;1;NA;1;1;NA;NA;1;NA;1;NA;NA;1;NA;NA;1;1;2;NA
31;"MG";3171709;"317170";"Virgínia";"Não";"-";"Total";NA;NA;NA;NA;1;NA;NA;NA;NA;NA;NA;NA;NA;NA;1;NA;NA;NA;NA;NA;NA;NA;NA;NA;NA
31;"MG";3171808;"317180";"Virginópolis";"Não";"-";"Total";NA;NA;1;NA;NA;NA;NA;NA;NA;4;1;5;3;2;1;1;3;1;4;1;1;NA;NA;NA;NA
31;"MG";3171907;"317190";"Virgolândia";"Não";"-";"Total";1;NA;NA;NA;NA;NA;NA;NA;NA;NA;NA;NA;NA;1;NA;NA;NA;NA;NA;NA;NA;1;NA;NA;NA
31;"MG";3172004;"317200";"Visconde do Rio Branco";"Não";"-";"Total";NA;1;1;NA;NA;1;1;NA;NA;1;3;2;1;5;1;3;1;4;NA;1;2;2;6;1;NA
31;"MG";3172103;"317210";"Volta Grande";"Não";"-";"Total";NA;NA;NA;NA;3;2;NA;NA;NA;NA;NA;NA;NA;NA;NA;NA;1;1;2;NA;1;NA;NA;NA;NA
31;"MG";3172202;"317220";"Wenceslau Braz";"Não";"-";"Total";NA;NA;NA;NA;NA;NA;NA;NA;NA;NA;NA;NA;1;NA;NA;NA;NA;NA;NA;NA;NA;NA;NA;NA;NA
32;"ES";3200102;"320010";"Afonso Cláudio";"Não";"-";"Total";NA;1;1;NA;1;1;1;2;3;1;2;2;4;3;5;7;4;1;1;3;1;3;3;NA;NA
32;"ES";3200136;"320013";"Águia Branca";"Não";"-";"Total";NA;NA;NA;1;NA;NA;2;NA;2;1;4;2;2;NA;3;3;NA;3;4;1;NA;NA;3;NA;NA
32;"ES";3200169;"320016";"Água Doce do Norte";"Não";"-";"Total";1;1;NA;2;NA;2;2;1;1;NA;1;1;2;1;3;4;NA;2;1;2;4;1;NA;2;NA
32;"ES";3200201;"320020";"Alegre";"Não";"-";"Total";2;1;NA;1;NA;1;1;2;3;5;2;2;5;1;NA;3;3;6;1;1;2;5;5;2;NA
32;"ES";3200300;"320030";"Alfredo Chaves";"Não";"-";"Total";NA;2;NA;NA;NA;NA;1;1;NA;NA;2;NA;1;2;NA;NA;1;3;2;1;NA;NA;1;NA;NA
32;"ES";3200359;"320035";"Alto Rio Novo";"Não";"-";"Total";1;NA;NA;1;2;1;NA;NA;NA;1;1;1;NA;NA;1;4;1;1;1;NA;NA;NA;2;1;NA
32;"ES";3200409;"320040";"Anchieta";"Não";"-";"Total";NA;1;1;4;2;2;NA;4;1;8;4;10;12;6;8;2;1;2;4;3;4;6;4;3;NA
32;"ES";3200508;"320050";"Apiacá";"Não";"-";"Total";1;NA;NA;NA;NA;1;2;1;NA;1;1;NA;NA;NA;1;2;NA;NA;1;NA;NA;1;NA;NA;NA
32;"ES";3200607;"320060";"Aracruz";"Não";"-";"Total";11;14;24;5;8;14;10;20;11;15;14;18;25;23;20;19;16;17;11;13;13;16;20;17;NA
32;"ES";3200706;"320070";"Atílio Vivácqua";"Não";"-";"Total";1;NA;NA;2;NA;2;1;1;NA;3;2;1;3;1;5;1;1;3;3;2;NA;1;4;1;NA
32;"ES";3200805;"320080";"Baixo Guandu";"Não";"-";"Total";1;2;1;2;3;3;1;2;3;1;2;2;8;3;9;1;2;7;8;3;4;5;2;3;NA
32;"ES";3200904;"320090";"Barra de São Francisco";"Não";"-";"Total";2;5;3;3;6;7;8;16;7;11;1;11;11;7;6;4;17;12;12;9;15;4;8;4;NA
32;"ES";3201001;"320100";"Boa Esperança";"Não";"-";"Total";NA;1;1;1;NA;NA;NA;4;NA;1;6;8;2;3;6;4;4;2;7;2;2;3;2;NA;NA
32;"ES";3201100;"320110";"Bom Jesus do Norte";"Não";"-";"Total";NA;NA;NA;3;NA;1;NA;NA;NA;NA;NA;2;2;1;NA;1;NA;NA;NA;NA;1;NA;1;NA;NA
32;"ES";3201159;"320115";"Brejetuba";"Não";"-";"Total";NA;1;NA;NA;1;NA;2;1;NA;1;NA;NA;NA;3;3;NA;1;NA;NA;3;NA;3;2;1;NA
32;"ES";3201209;"320120";"Cachoeiro de Itapemirim";"Não";"-";"Total";10;18;15;15;12;15;10;21;32;22;41;53;39;47;45;44;40;46;39;33;31;43;45;45;NA
32;"ES";3201308;"320130";"Cariacica";"Não";"Região Metropolitana da Grande Vitória";"Total";6;17;18;17;13;20;20;21;13;22;17;27;24;20;25;20;24;12;17;19;18;14;13;8;NA
32;"ES";3201407;"320140";"Castelo";"Não";"-";"Total";2;1;NA;1;3;1;2;4;4;1;3;3;7;2;2;3;1;1;NA;4;2;2;3;4;NA
32;"ES";3201506;"320150";"Colatina";"Não";"-";"Total";9;14;14;16;17;11;17;22;32;24;26;36;36;36;20;28;26;24;34;26;34;17;34;20;NA
32;"ES";3201605;"320160";"Conceição da Barra";"Não";"-";"Total";6;7;8;6;8;3;8;8;7;6;3;6;5;12;26;3;6;9;6;1;5;2;3;9;NA
32;"ES";3201704;"320170";"Conceição do Castelo";"Não";"-";"Total";NA;NA;1;1;1;NA;2;NA;2;2;NA;2;3;2;NA;3;1;NA;1;1;4;NA;4;3;NA
32;"ES";3201803;"320180";"Divino de São Lourenço";"Não";"-";"Total";NA;NA;NA;NA;NA;NA;NA;NA;NA;NA;NA;NA;NA;NA;NA;NA;NA;NA;NA;NA;NA;NA;NA;NA;NA
32;"ES";3201902;"320190";"Domingos Martins";"Não";"-";"Total";1;2;2;7;2;2;1;2;7;5;10;6;10;10;6;7;1;4;2;7;3;3;5;4;NA
32;"ES";3202009;"320200";"Dores do Rio Preto";"Não";"-";"Total";NA;NA;NA;NA;NA;NA;NA;NA;NA;NA;NA;NA;1;NA;NA;NA;NA;1;1;NA;NA;NA;1;NA;NA
32;"ES";3202108;"320210";"Ecoporanga";"Não";"-";"Total";1;NA;1;3;NA;2;9;1;1;1;5;2;4;3;5;3;3;3;3;3;5;1;2;6;NA
32;"ES";3202207;"320220";"Fundão";"Não";"Região Metropolitana da Grande Vitória";"Total";2;5;3;4;NA;5;4;8;2;10;7;6;9;11;9;1;3;6;2;7;1;3;4;3;NA
32;"ES";3202256;"320225";"Governador Lindenberg";"Não";"-";"Total";NA;NA;1;NA;1;1;NA;NA;2;NA;3;4;2;NA;5;NA;NA;2;NA;2;NA;2;2;2;NA
32;"ES";3202306;"320230";"Guaçuí";"Não";"-";"Total";1;2;1;NA;2;1;4;2;NA;3;2;3;5;3;1;2;4;2;2;2;5;3;4;1;NA
32;"ES";3202405;"320240";"Guarapari";"Não";"Região Metropolitana da Grande Vitória";"Total";12;12;9;5;14;18;10;14;10;16;16;12;26;25;9;10;21;26;11;12;8;15;7;16;NA
32;"ES";3202454;"320245";"Ibatiba";"Não";"-";"Total";2;NA;2;1;4;3;4;NA;5;2;NA;3;2;4;5;2;15;13;5;4;4;7;8;NA;NA
32;"ES";3202504;"320250";"Ibiraçu";"Não";"-";"Total";3;3;4;2;1;2;1;NA;6;9;2;3;8;9;4;4;6;6;5;2;1;2;NA;5;NA
32;"ES";3202553;"320255";"Ibitirama";"Não";"-";"Total";NA;NA;NA;NA;NA;NA;1;NA;1;NA;1;1;NA;2;NA;1;3;1;1;NA;NA;NA;2;2;NA
32;"ES";3202603;"320260";"Iconha";"Não";"-";"Total";4;2;4;1;NA;1;3;NA;NA;2;1;2;3;1;NA;2;2;2;NA;1;NA;2;1;NA;NA
32;"ES";3202652;"320265";"Irupi";"Não";"-";"Total";NA;1;1;NA;NA;NA;NA;1;1;NA;2;1;NA;NA;2;3;2;5;1;1;3;NA;NA;1;NA
32;"ES";3202702;"320270";"Itaguaçu";"Não";"-";"Total";NA;NA;NA;NA;NA;NA;NA;1;1;1;1;4;2;2;NA;1;3;1;2;1;2;NA;NA;NA;NA
32;"ES";3202801;"320280";"Itapemirim";"Não";"-";"Total";3;NA;1;1;4;2;3;2;1;2;4;7;6;8;7;6;10;8;5;6;4;1;7;5;NA
32;"ES";3202900;"320290";"Itarana";"Não";"-";"Total";NA;NA;NA;NA;1;1;NA;NA;2;1;1;3;2;NA;NA;2;NA;2;NA;1;1;NA;3;1;NA
32;"ES";3203007;"320300";"Iúna";"Não";"-";"Total";NA;3;1;NA;1;NA;1;1;NA;3;5;4;6;1;2;1;5;3;2;3;2;1;5;NA;NA
32;"ES";3203056;"320305";"Jaguaré";"Não";"-";"Total";5;3;3;5;4;3;4;3;7;7;7;7;7;8;10;6;7;10;6;7;6;5;4;7;NA
32;"ES";3203106;"320310";"Jerônimo Monteiro";"Não";"-";"Total";NA;2;NA;1;NA;1;NA;NA;1;1;2;3;NA;NA;1;1;1;2;1;NA;1;NA;NA;NA;NA
32;"ES";3203130;"320313";"João Neiva";"Não";"-";"Total";1;2;5;2;3;6;3;7;8;3;2;2;17;3;1;5;6;5;2;6;2;8;6;7;NA
32;"ES";3203163;"320316";"Laranja da Terra";"Não";"-";"Total";NA;NA;NA;NA;NA;NA;NA;NA;NA;NA;1;NA;NA;NA;NA;NA;NA;1;1;1;NA;1;NA;NA;NA
32;"ES";3203205;"320320";"Linhares";"Não";"-";"Total";11;11;14;14;16;13;15;46;41;33;44;49;53;40;49;30;25;39;35;34;45;35;43;34;NA
32;"ES";3203304;"320330";"Mantenópolis";"Não";"-";"Total";NA;NA;1;4;1;NA;2;3;1;NA;1;1;NA;3;2;NA;4;2;4;6;NA;6;2;1;NA
32;"ES";3203320;"320332";"Marataízes";"Não";"-";"Total";1;NA;NA;NA;1;NA;1;NA;1;NA;NA;NA;NA;4;NA;5;1;2;4;3;4;3;6;2;NA
32;"ES";3203346;"320334";"Marechal Floriano";"Não";"-";"Total";3;2;2;3;1;NA;1;1;2;3;5;4;5;3;3;5;1;1;6;2;2;1;3;1;NA
32;"ES";3203353;"320335";"Marilândia";"Não";"-";"Total";1;NA;NA;1;2;NA;2;NA;2;1;NA;NA;1;3;1;2;3;2;1;2;2;NA;1;NA;NA
32;"ES";3203403;"320340";"Mimoso do Sul";"Não";"-";"Total";2;1;4;3;2;3;3;2;4;4;6;8;3;8;5;6;5;10;3;2;4;5;5;6;NA
32;"ES";3203502;"320350";"Montanha";"Não";"-";"Total";1;2;4;2;NA;4;4;2;3;1;4;6;1;2;2;2;9;4;4;3;2;8;3;4;NA
32;"ES";3203601;"320360";"Mucurici";"Não";"-";"Total";1;NA;NA;1;NA;1;NA;7;NA;NA;3;2;3;NA;NA;2;1;4;2;4;2;2;1;5;NA
32;"ES";3203700;"320370";"Muniz Freire";"Não";"-";"Total";2;NA;NA;NA;NA;NA;2;1;NA;NA;5;2;2;NA;1;2;NA;1;1;1;NA;3;3;NA;NA
32;"ES";3203809;"320380";"Muqui";"Não";"-";"Total";1;2;NA;1;NA;1;1;NA;NA;1;4;1;2;2;1;1;NA;2;NA;NA;NA;2;1;2;NA
32;"ES";3203908;"320390";"Nova Venécia";"Não";"-";"Total";1;1;6;4;8;6;5;9;6;9;12;11;12;12;7;9;15;11;6;10;10;16;8;7;NA
32;"ES";3204005;"320400";"Pancas";"Não";"-";"Total";2;1;1;2;1;NA;1;1;4;2;NA;5;2;5;6;5;1;4;4;2;3;1;5;2;NA
32;"ES";3204054;"320405";"Pedro Canário";"Não";"-";"Total";3;1;3;8;3;7;6;10;4;2;8;4;5;9;7;7;3;6;4;3;6;5;6;3;NA
32;"ES";3204104;"320410";"Pinheiros";"Não";"-";"Total";2;2;1;1;1;4;3;5;6;1;6;6;3;7;4;5;2;6;3;4;1;8;3;6;NA
32;"ES";3204203;"320420";"Piúma";"Não";"-";"Total";1;1;NA;1;NA;NA;NA;1;1;NA;2;NA;1;2;2;1;5;NA;NA;NA;NA;1;1;1;NA
32;"ES";3204252;"320425";"Ponto Belo";"Não";"-";"Total";NA;NA;NA;NA;NA;NA;1;1;1;NA;1;NA;NA;2;NA;NA;1;1;NA;NA;NA;2;NA;NA;NA
32;"ES";3204302;"320430";"Presidente Kennedy";"Não";"-";"Total";NA;NA;NA;3;1;NA;1;1;NA;3;1;2;1;3;4;NA;5;3;1;NA;3;2;3;4;NA
32;"ES";3204351;"320435";"Rio Bananal";"Não";"-";"Total";NA;1;NA;2;NA;3;NA;1;3;3;4;3;1;5;7;2;4;3;3;2;3;7;6;2;NA
32;"ES";3204401;"320440";"Rio Novo do Sul";"Não";"-";"Total";NA;NA;6;1;4;1;2;NA;NA;1;2;4;4;2;NA;1;3;2;4;NA;1;2;2;1;NA
32;"ES";3204500;"320450";"Santa Leopoldina";"Não";"-";"Total";NA;NA;NA;1;NA;3;1;NA;2;NA;1;NA;2;NA;NA;NA;1;4;3;1;2;2;NA;1;NA
32;"ES";3204559;"320455";"Santa Maria de Jetibá";"Não";"-";"Total";1;NA;2;NA;NA;NA;1;NA;NA;2;1;1;3;2;5;4;3;3;NA;6;2;3;4;2;NA
32;"ES";3204609;"320460";"Santa Teresa";"Não";"-";"Total";NA;2;NA;NA;1;NA;3;1;4;1;2;NA;6;3;3;NA;2;1;NA;1;NA;5;4;3;NA
32;"ES";3204658;"320465";"São Domingos do Norte";"Não";"-";"Total";NA;1;1;NA;NA;NA;NA;2;5;NA;2;4;3;3;1;3;3;3;2;NA;3;1;NA;2;NA
32;"ES";3204708;"320470";"São Gabriel da Palha";"Não";"-";"Total";3;2;2;3;NA;2;3;4;7;2;5;7;4;1;NA;2;3;4;NA;6;6;5;6;5;NA
32;"ES";3204807;"320480";"São José do Calçado";"Não";"-";"Total";1;NA;NA;1;NA;NA;NA;1;1;1;NA;1;3;2;1;1;NA;2;NA;2;4;NA;2;NA;NA
32;"ES";3204906;"320490";"São Mateus";"Não";"-";"Total";4;15;10;13;18;20;22;28;37;29;45;46;54;61;50;36;59;53;40;39;38;40;48;61;NA
32;"ES";3204955;"320495";"São Roque do Canaã";"Não";"-";"Total";NA;NA;NA;NA;1;2;1;NA;NA;NA;NA;NA;4;1;2;2;2;NA;2;NA;1;2;1;2;NA
32;"ES";3205002;"320500";"Serra";"Não";"Região Metropolitana da Grande Vitória";"Total";51;47;57;55;61;58;66;74;88;78;77;85;105;98;103;64;49;60;66;63;40;36;35;62;NA
32;"ES";3205010;"320501";"Sooretama";"Não";"-";"Total";3;1;2;2;2;1;3;2;8;3;8;9;3;7;7;16;7;8;4;9;2;6;7;14;NA
32;"ES";3205036;"320503";"Vargem Alta";"Não";"-";"Total";2;1;1;NA;2;1;2;1;3;5;2;1;2;2;2;2;1;NA;2;2;2;NA;NA;3;NA
32;"ES";3205069;"320506";"Venda Nova do Imigrante";"Não";"-";"Total";4;3;1;4;1;1;3;2;4;1;5;4;2;1;7;4;8;7;3;1;2;3;2;3;NA
32;"ES";3205101;"320510";"Viana";"Não";"Região Metropolitana da Grande Vitória";"Total";6;2;7;11;9;9;3;9;6;15;10;12;8;12;7;9;11;9;5;7;10;12;7;15;NA
32;"ES";3205150;"320515";"Vila Pavão";"Não";"-";"Total";NA;NA;NA;NA;1;1;2;NA;NA;NA;1;NA;NA;NA;1;1;NA;1;1;1;2;5;1;1;NA
32;"ES";3205176;"320517";"Vila Valério";"Não";"-";"Total";NA;NA;NA;NA;NA;2;NA;1;1;NA;2;1;5;3;2;3;NA;1;3;3;2;1;2;4;NA
32;"ES";3205200;"320520";"Vila Velha";"Não";"Região Metropolitana da Grande Vitória";"Total";17;11;19;13;12;13;14;31;15;13;21;31;23;22;26;27;10;21;28;23;25;16;19;17;NA
32;"ES";3205309;"320530";"Vitória";"Sim";"Região Metropolitana da Grande Vitória";"Total";66;62;74;72;75;77;64;80;99;79;107;81;92;84;67;69;68;76;71;60;79;98;67;56;NA
33;"RJ";3300100;"330010";"Angra dos Reis";"Não";"-";"Total";4;10;12;9;12;16;12;16;12;16;20;22;15;17;15;14;10;12;9;12;5;13;15;15;NA
33;"RJ";3300159;"330015";"Aperibé";"Não";"-";"Total";NA;1;NA;NA;NA;NA;2;NA;1;2;2;1;NA;1;NA;NA;2;2;2;NA;1;3;NA;NA;NA
33;"RJ";3300209;"330020";"Araruama";"Não";"-";"Total";10;13;21;21;25;15;25;21;10;14;14;10;9;5;17;14;9;11;15;13;14;17;21;21;NA
33;"RJ";3300225;"330022";"Areal";"Não";"-";"Total";NA;NA;2;1;2;NA;1;1;2;2;NA;NA;1;3;1;NA;NA;NA;NA;NA;NA;2;1;NA;NA
33;"RJ";3300233;"330023";"Armação dos Búzios";"Não";"-";"Total";1;1;2;2;2;1;2;4;2;3;NA;4;1;8;NA;3;1;1;2;1;1;2;3;4;NA
33;"RJ";3300258;"330025";"Arraial do Cabo";"Não";"-";"Total";2;3;2;1;NA;NA;NA;NA;2;NA;2;1;1;2;3;1;3;1;2;5;2;NA;2;3;NA
33;"RJ";3300308;"330030";"Barra do Piraí";"Não";"-";"Total";10;16;9;17;7;10;8;10;12;9;10;10;4;15;8;7;8;4;11;13;4;NA;NA;6;NA
33;"RJ";3300407;"330040";"Barra Mansa";"Não";"-";"Total";9;21;14;13;13;15;17;19;14;14;15;14;17;17;4;11;10;11;13;15;16;10;11;11;NA
33;"RJ";3300456;"330045";"Belford Roxo";"Não";"Região Metropolitana do Rio de Janeiro";"Total";6;13;11;NA;1;14;9;10;6;NA;16;7;7;6;6;6;11;10;6;1;5;6;7;11;NA
33;"RJ";3300506;"330050";"Bom Jardim";"Não";"-";"Total";1;1;2;2;4;1;1;NA;NA;NA;NA;3;2;3;NA;3;2;1;3;2;3;3;2;1;NA
33;"RJ";3300605;"330060";"Bom Jesus do Itabapoana";"Não";"-";"Total";2;2;4;2;4;3;4;2;4;2;6;NA;9;4;1;1;NA;4;4;2;2;NA;1;1;NA
33;"RJ";3300704;"330070";"Cabo Frio";"Não";"-";"Total";11;14;14;21;12;14;19;18;19;20;22;17;19;22;16;16;15;10;6;3;2;8;16;11;NA
33;"RJ";3300803;"330080";"Cachoeiras de Macacu";"Não";"Região Metropolitana do Rio de Janeiro";"Total";4;6;5;1;4;3;3;4;4;6;6;4;7;9;3;7;3;6;4;10;6;7;12;4;NA
33;"RJ";3300902;"330090";"Cambuci";"Não";"-";"Total";NA;1;NA;NA;1;NA;NA;NA;1;1;3;2;2;NA;NA;NA;2;2;1;NA;1;NA;NA;2;NA
33;"RJ";3300936;"330093";"Carapebus";"Não";"-";"Total";3;3;3;NA;2;5;2;4;2;NA;1;3;2;1;4;2;1;2;NA;NA;1;NA;2;NA;NA
33;"RJ";3300951;"330095";"Comendador Levy Gasparian";"Não";"-";"Total";NA;NA;1;1;NA;5;1;1;1;1;NA;2;1;NA;NA;NA;NA;1;NA;NA;NA;NA;NA;NA;NA
33;"RJ";3301009;"330100";"Campos dos Goytacazes";"Não";"-";"Total";78;48;33;63;54;64;70;72;58;93;67;63;108;71;74;75;90;79;81;78;77;68;83;83;NA
33;"RJ";3301108;"330110";"Cantagalo";"Não";"-";"Total";NA;NA;NA;NA;NA;2;NA;4;4;4;1;2;1;NA;2;NA;5;5;2;2;3;2;3;1;NA
33;"RJ";3301157;"330115";"Cardoso Moreira";"Não";"-";"Total";NA;NA;NA;1;1;NA;1;1;1;NA;NA;2;5;1;1;2;1;NA;3;1;NA;1;NA;1;NA
33;"RJ";3301207;"330120";"Carmo";"Não";"-";"Total";NA;NA;NA;NA;NA;NA;1;NA;NA;NA;NA;1;1;1;1;2;3;NA;NA;1;NA;1;1;NA;NA
33;"RJ";3301306;"330130";"Casimiro de Abreu";"Não";"-";"Total";6;5;15;12;5;3;8;10;1;3;1;3;6;8;4;2;2;1;3;2;NA;1;1;1;NA
33;"RJ";3301405;"330140";"Conceição de Macabu";"Não";"-";"Total";1;3;4;2;4;6;1;2;4;3;7;4;2;2;NA;1;NA;NA;NA;1;NA;NA;1;NA;NA
33;"RJ";3301504;"330150";"Cordeiro";"Não";"-";"Total";2;1;1;1;1;2;2;1;3;1;2;2;3;3;2;NA;1;NA;2;NA;NA;1;NA;NA;NA
33;"RJ";3301603;"330160";"Duas Barras";"Não";"-";"Total";NA;NA;NA;NA;NA;NA;NA;NA;1;NA;1;NA;NA;1;NA;1;1;NA;NA;NA;NA;NA;2;NA;NA
33;"RJ";3301702;"330170";"Duque de Caxias";"Não";"Região Metropolitana do Rio de Janeiro";"Total";37;38;60;65;76;112;113;121;121;86;168;191;139;52;66;28;20;30;45;29;34;24;46;44;NA
33;"RJ";3301801;"330180";"Engenheiro Paulo de Frontin";"Não";"-";"Total";1;NA;NA;NA;1;NA;1;NA;3;NA;1;NA;1;NA;NA;1;1;NA;NA;NA;NA;NA;1;NA;NA
33;"RJ";3301850;"330185";"Guapimirim";"Não";"Região Metropolitana do Rio de Janeiro";"Total";4;4;6;5;10;2;7;6;7;7;5;4;5;2;5;5;10;8;6;7;2;3;7;5;NA
33;"RJ";3301876;"330187";"Iguaba Grande";"Não";"-";"Total";NA;NA;NA;1;4;NA;1;NA;NA;2;NA;1;1;1;1;4;NA;4;NA;NA;NA;2;4;1;NA
33;"RJ";3301900;"330190";"Itaboraí";"Não";"Região Metropolitana do Rio de Janeiro";"Total";20;23;24;22;30;29;28;22;27;30;25;27;26;30;37;19;19;27;19;21;26;30;29;32;NA
33;"RJ";3302007;"330200";"Itaguaí";"Não";"Região Metropolitana do Rio de Janeiro";"Total";4;1;17;3;11;10;11;19;19;7;21;17;21;21;14;23;11;14;17;7;10;20;17;12;NA
33;"RJ";3302056;"330205";"Italva";"Não";"-";"Total";2;2;NA;1;1;1;2;1;NA;NA;NA;4;1;NA;1;2;1;1;1;1;2;2;NA;1;NA
33;"RJ";3302106;"330210";"Itaocara";"Não";"-";"Total";6;2;4;NA;2;NA;NA;3;4;3;4;NA;4;NA;2;1;1;2;1;3;4;2;NA;4;NA
33;"RJ";3302205;"330220";"Itaperuna";"Não";"-";"Total";14;7;9;12;11;13;11;19;13;10;12;16;20;26;22;21;16;16;9;12;12;15;5;11;NA
33;"RJ";3302254;"330225";"Itatiaia";"Não";"-";"Total";NA;2;NA;NA;2;NA;1;1;3;1;1;3;NA;NA;5;NA;3;1;NA;1;NA;1;1;1;NA
33;"RJ";3302270;"330227";"Japeri";"Não";"Região Metropolitana do Rio de Janeiro";"Total";NA;NA;3;NA;3;6;1;4;2;NA;4;1;8;3;4;4;5;3;6;1;6;9;5;10;NA
33;"RJ";3302304;"330230";"Laje do Muriaé";"Não";"-";"Total";NA;1;NA;NA;1;NA;1;1;NA;NA;NA;NA;NA;NA;2;2;1;NA;NA;NA;NA;NA;NA;NA;NA
33;"RJ";3302403;"330240";"Macaé";"Não";"-";"Total";22;23;25;27;25;21;28;42;37;19;20;27;34;22;30;23;14;19;19;13;17;15;20;12;NA
33;"RJ";3302452;"330245";"Macuco";"Não";"-";"Total";2;1;NA;NA;NA;NA;1;NA;NA;NA;NA;NA;NA;1;NA;1;NA;NA;NA;NA;NA;1;NA;NA;NA
33;"RJ";3302502;"330250";"Magé";"Não";"Região Metropolitana do Rio de Janeiro";"Total";5;17;13;13;15;12;16;9;12;6;8;7;9;7;12;5;4;10;9;9;4;3;4;12;NA
33;"RJ";3302601;"330260";"Mangaratiba";"Não";"-";"Total";10;NA;5;2;3;5;13;11;1;NA;8;13;14;11;4;8;3;9;1;2;4;5;7;12;NA
33;"RJ";3302700;"330270";"Maricá";"Não";"Região Metropolitana do Rio de Janeiro";"Total";10;9;13;15;13;15;12;21;19;15;12;6;12;11;16;14;18;10;14;5;14;14;14;19;NA
33;"RJ";3302809;"330280";"Mendes";"Não";"-";"Total";NA;NA;NA;1;NA;2;NA;NA;NA;1;NA;1;2;1;1;NA;1;NA;NA;NA;NA;1;NA;3;NA
33;"RJ";3302858;"330285";"Mesquita";"Não";"Região Metropolitana do Rio de Janeiro";"Total";NA;NA;5;2;2;5;9;8;7;5;7;4;5;8;6;4;4;NA;3;3;4;5;2;3;NA
33;"RJ";3302908;"330290";"Miguel Pereira";"Não";"-";"Total";1;2;NA;NA;2;1;3;4;4;3;2;4;8;7;6;3;2;2;4;3;1;3;1;2;NA
33;"RJ";3303005;"330300";"Miracema";"Não";"-";"Total";2;4;4;NA;1;1;2;2;NA;NA;3;1;2;4;2;NA;1;2;NA;NA;1;1;NA;NA;NA
33;"RJ";3303104;"330310";"Natividade";"Não";"-";"Total";1;NA;1;3;NA;NA;1;NA;1;NA;1;NA;1;2;1;2;1;3;1;1;2;NA;1;2;NA
33;"RJ";3303203;"330320";"Nilópolis";"Não";"Região Metropolitana do Rio de Janeiro";"Total";4;2;4;5;1;1;4;3;2;1;2;1;3;2;3;4;3;2;2;1;5;3;3;1;NA
33;"RJ";3303302;"330330";"Niterói";"Não";"Região Metropolitana do Rio de Janeiro";"Total";47;24;29;44;46;40;68;45;24;15;64;71;59;33;25;35;37;37;48;45;42;40;43;40;NA
33;"RJ";3303401;"330340";"Nova Friburgo";"Não";"-";"Total";9;15;3;12;10;2;5;12;6;6;11;7;14;8;7;9;5;7;5;6;4;5;6;9;NA
33;"RJ";3303500;"330350";"Nova Iguaçu";"Não";"Região Metropolitana do Rio de Janeiro";"Total";36;19;53;92;74;128;100;118;55;53;62;87;84;100;141;110;111;96;84;65;73;115;78;82;NA
33;"RJ";3303609;"330360";"Paracambi";"Não";"Região Metropolitana do Rio de Janeiro";"Total";2;1;5;1;4;1;3;4;NA;5;2;2;2;3;3;2;4;5;4;2;NA;1;1;1;NA
33;"RJ";3303708;"330370";"Paraíba do Sul";"Não";"-";"Total";2;3;2;4;10;3;3;2;5;3;2;1;3;3;1;1;2;NA;NA;1;2;NA;2;1;NA
33;"RJ";3303807;"330380";"Paraty";"Não";"-";"Total";2;1;1;2;5;6;2;2;NA;2;5;2;3;1;7;7;2;1;3;NA;2;2;5;9;NA
33;"RJ";3303856;"330385";"Paty do Alferes";"Não";"-";"Total";1;1;3;1;NA;1;NA;1;NA;NA;NA;3;1;1;2;NA;NA;3;NA;NA;NA;NA;NA;1;NA
33;"RJ";3303906;"330390";"Petrópolis";"Não";"Região Metropolitana do Rio de Janeiro";"Total";12;13;15;22;13;13;16;23;12;20;9;13;27;21;20;12;19;20;12;10;10;11;11;12;NA
33;"RJ";3303955;"330395";"Pinheiral";"Não";"-";"Total";NA;NA;2;1;2;2;NA;NA;1;2;2;NA;NA;NA;1;NA;1;2;NA;2;1;NA;NA;2;NA
33;"RJ";3304003;"330400";"Piraí";"Não";"-";"Total";5;6;6;7;2;7;6;2;7;4;4;7;4;3;9;2;6;4;2;5;NA;1;4;3;NA
33;"RJ";3304102;"330410";"Porciúncula";"Não";"-";"Total";NA;NA;NA;2;NA;NA;NA;1;1;NA;NA;1;NA;1;NA;3;2;NA;NA;1;1;NA;NA;3;NA
33;"RJ";3304110;"330411";"Porto Real";"Não";"-";"Total";NA;1;1;NA;1;NA;NA;3;3;2;2;2;1;4;4;2;1;3;NA;7;1;NA;NA;NA;NA
33;"RJ";3304128;"330412";"Quatis";"Não";"-";"Total";NA;NA;NA;NA;NA;NA;NA;NA;NA;2;1;NA;1;1;NA;NA;1;NA;NA;NA;NA;1;1;NA;NA
33;"RJ";3304144;"330414";"Queimados";"Não";"Região Metropolitana do Rio de Janeiro";"Total";2;2;9;5;6;4;6;6;4;1;12;6;8;8;6;11;14;4;11;4;10;10;4;15;NA
33;"RJ";3304151;"330415";"Quissamã";"Não";"-";"Total";2;2;2;1;2;5;2;1;4;2;1;1;4;1;3;1;4;3;NA;1;NA;1;2;NA;NA
33;"RJ";3304201;"330420";"Resende";"Não";"-";"Total";12;17;13;16;11;12;11;9;12;11;8;8;13;14;10;4;12;7;11;6;2;5;10;7;NA
33;"RJ";3304300;"330430";"Rio Bonito";"Não";"Região Metropolitana do Rio de Janeiro";"Total";21;24;14;19;19;9;7;9;13;11;8;6;11;6;6;2;9;4;2;5;4;7;2;6;NA
33;"RJ";3304409;"330440";"Rio Claro";"Não";"-";"Total";1;1;2;1;2;4;4;2;3;6;NA;NA;1;NA;2;2;NA;NA;1;NA;2;NA;2;2;NA
33;"RJ";3304508;"330450";"Rio das Flores";"Não";"-";"Total";NA;NA;NA;NA;NA;NA;NA;NA;NA;1;NA;NA;NA;1;1;1;NA;NA;NA;NA;NA;NA;1;NA;NA
33;"RJ";3304524;"330452";"Rio das Ostras";"Não";"-";"Total";4;NA;3;11;6;10;9;6;8;7;4;5;3;4;6;9;7;4;5;1;4;4;3;4;NA
33;"RJ";3304557;"330455";"Rio de Janeiro";"Sim";"Região Metropolitana do Rio de Janeiro";"Total";425;481;481;452;533;487;528;350;419;452;528;447;594;515;583;346;434;435;449;237;435;434;465;432;NA
33;"RJ";3304607;"330460";"Santa Maria Madalena";"Não";"-";"Total";1;1;NA;NA;NA;2;NA;NA;NA;2;NA;1;1;NA;NA;4;NA;1;1;1;NA;NA;NA;3;NA
33;"RJ";3304706;"330470";"Santo Antônio de Pádua";"Não";"-";"Total";4;5;4;2;4;2;NA;2;8;10;5;12;3;3;6;7;7;4;6;4;3;8;1;2;NA
33;"RJ";3304755;"330475";"São Francisco de Itabapoana";"Não";"-";"Total";8;3;1;2;NA;2;2;1;3;4;5;9;4;8;6;8;5;2;5;5;6;9;13;3;NA
33;"RJ";3304805;"330480";"São Fidélis";"Não";"-";"Total";1;NA;NA;NA;1;1;NA;NA;1;3;1;1;NA;2;4;2;4;3;6;3;1;NA;2;3;NA
33;"RJ";3304904;"330490";"São Gonçalo";"Não";"Região Metropolitana do Rio de Janeiro";"Total";48;50;40;41;37;58;79;55;39;24;61;54;47;68;141;89;114;100;81;79;92;104;120;98;NA
33;"RJ";3305000;"330500";"São João da Barra";"Não";"-";"Total";1;1;1;2;NA;2;1;NA;3;2;1;1;3;2;5;6;6;7;3;5;5;2;1;1;NA
33;"RJ";3305109;"330510";"São João de Meriti";"Não";"Região Metropolitana do Rio de Janeiro";"Total";16;13;18;19;14;17;17;14;10;NA;13;5;5;5;8;6;11;6;17;8;4;2;9;8;NA
33;"RJ";3305133;"330513";"São José de Ubá";"Não";"-";"Total";1;NA;1;NA;1;1;2;NA;NA;2;NA;NA;NA;2;2;NA;1;1;1;NA;NA;NA;NA;1;NA
33;"RJ";3305158;"330515";"São José do Vale do Rio Preto";"Não";"-";"Total";1;3;NA;1;NA;NA;NA;NA;1;NA;1;2;NA;NA;1;2;NA;2;NA;NA;2;4;1;4;NA
33;"RJ";3305208;"330520";"São Pedro da Aldeia";"Não";"-";"Total";8;11;7;3;11;12;17;16;11;10;17;13;8;11;10;5;11;8;4;1;8;3;7;13;NA
33;"RJ";3305307;"330530";"São Sebastião do Alto";"Não";"-";"Total";1;NA;2;1;NA;NA;1;1;NA;3;NA;NA;NA;NA;NA;2;2;NA;1;NA;2;NA;NA;NA;NA
33;"RJ";3305406;"330540";"Sapucaia";"Não";"-";"Total";1;3;3;3;5;3;6;3;9;2;1;6;1;2;NA;1;1;3;NA;2;3;1;1;5;NA
33;"RJ";3305505;"330550";"Saquarema";"Não";"-";"Total";5;7;7;11;7;10;18;11;16;5;11;9;2;3;6;3;5;3;6;6;9;9;8;9;NA
33;"RJ";3305554;"330555";"Seropédica";"Não";"Região Metropolitana do Rio de Janeiro";"Total";NA;NA;5;7;7;6;8;1;4;NA;7;5;6;5;8;9;7;11;7;8;5;11;6;7;NA
33;"RJ";3305604;"330560";"Silva Jardim";"Não";"-";"Total";14;13;10;11;14;4;2;4;9;6;10;14;8;4;3;3;4;NA;2;NA;7;1;2;4;NA
33;"RJ";3305703;"330570";"Sumidouro";"Não";"-";"Total";NA;NA;1;NA;1;NA;NA;NA;NA;NA;NA;2;1;1;2;2;NA;1;NA;NA;1;NA;NA;1;NA
33;"RJ";3305752;"330575";"Tanguá";"Não";"Região Metropolitana do Rio de Janeiro";"Total";2;3;5;4;3;1;5;1;7;2;2;1;3;NA;3;2;2;3;1;NA;2;1;1;1;NA
33;"RJ";3305802;"330580";"Teresópolis";"Não";"-";"Total";13;10;6;9;12;14;17;10;8;9;9;11;21;12;20;16;25;20;13;15;7;23;11;7;NA
33;"RJ";3305901;"330590";"Trajano de Moraes";"Não";"-";"Total";NA;1;3;1;1;NA;1;1;1;NA;1;1;NA;2;4;NA;NA;NA;1;NA;NA;NA;2;NA;NA
33;"RJ";3306008;"330600";"Três Rios";"Não";"-";"Total";10;8;17;8;17;10;9;10;23;11;7;16;9;9;11;11;12;14;12;6;12;9;9;10;NA
33;"RJ";3306107;"330610";"Valença";"Não";"-";"Total";3;2;6;3;5;6;5;6;2;15;6;4;10;5;2;6;2;4;7;9;3;6;2;1;NA
33;"RJ";3306156;"330615";"Varre-Sai";"Não";"-";"Total";NA;NA;NA;NA;NA;NA;NA;NA;NA;NA;NA;1;1;NA;1;NA;1;NA;NA;2;NA;NA;1;NA;NA
33;"RJ";3306206;"330620";"Vassouras";"Não";"-";"Total";2;3;7;9;1;6;4;6;9;8;13;8;12;6;6;2;10;5;12;9;4;4;3;6;NA
33;"RJ";3306305;"330630";"Volta Redonda";"Não";"-";"Total";19;27;25;16;13;17;26;22;23;21;18;14;20;18;11;17;12;14;5;4;10;14;5;16;NA
35;"SP";3500105;"350010";"Adamantina";"Não";"-";"Total";2;1;1;2;1;3;3;NA;NA;1;2;2;5;2;2;1;2;1;2;NA;2;4;1;3;NA
35;"SP";3500204;"350020";"Adolfo";"Não";"Região Metropolitana de São José do Rio Preto";"Total";NA;NA;NA;NA;NA;NA;NA;NA;NA;NA;NA;NA;NA;NA;NA;NA;1;NA;NA;NA;NA;NA;NA;NA;NA
35;"SP";3500303;"350030";"Aguaí";"Não";"-";"Total";1;NA;2;NA;1;1;1;1;NA;NA;1;2;NA;NA;1;3;2;NA;1;1;2;3;1;NA;NA
35;"SP";3500402;"350040";"Águas da Prata";"Não";"-";"Total";NA;NA;NA;NA;NA;NA;1;NA;NA;NA;NA;NA;NA;NA;NA;NA;NA;NA;NA;4;NA;1;1;NA;NA
35;"SP";3500501;"350050";"Águas de Lindóia";"Não";"-";"Total";1;NA;NA;NA;NA;NA;NA;NA;1;1;NA;NA;NA;NA;1;NA;NA;1;2;2;NA;1;NA;1;NA
35;"SP";3500550;"350055";"Águas de Santa Bárbara";"Não";"-";"Total";NA;NA;NA;NA;NA;NA;1;1;NA;1;NA;NA;NA;NA;NA;NA;NA;NA;NA;NA;NA;2;1;NA;NA
35;"SP";3500600;"350060";"Águas de São Pedro";"Não";"Região Metropolitana de Piracicaba";"Total";NA;NA;NA;NA;NA;NA;NA;NA;NA;NA;NA;NA;NA;NA;NA;1;NA;NA;NA;NA;NA;NA;1;2;NA
35;"SP";3500709;"350070";"Agudos";"Não";"-";"Total";NA;NA;NA;NA;3;NA;NA;NA;NA;NA;NA;1;1;NA;2;2;1;NA;NA;NA;4;2;1;1;NA
35;"SP";3500758;"350075";"Alambari";"Não";"Região Metropolitana de Sorocaba";"Total";2;NA;NA;NA;NA;NA;1;NA;NA;NA;NA;NA;NA;3;NA;NA;1;NA;NA;NA;NA;NA;NA;1;NA
35;"SP";3500808;"350080";"Alfredo Marcondes";"Não";"-";"Total";NA;NA;NA;NA;NA;NA;NA;NA;2;NA;NA;NA;NA;NA;NA;NA;NA;NA;NA;1;NA;NA;NA;NA;NA
35;"SP";3500907;"350090";"Altair";"Não";"-";"Total";NA;NA;NA;NA;NA;NA;NA;NA;NA;NA;NA;NA;NA;1;NA;2;NA;NA;NA;1;NA;NA;NA;NA;NA
35;"SP";3501004;"350100";"Altinópolis";"Não";"Região Metropolitana de Ribeirão Preto";"Total";NA;NA;NA;1;3;NA;NA;NA;1;NA;NA;NA;1;2;NA;NA;NA;1;1;1;3;1;1;1;NA
35;"SP";3501103;"350110";"Alto Alegre";"Não";"-";"Total";NA;NA;NA;NA;NA;NA;NA;NA;NA;NA;NA;NA;NA;NA;NA;NA;1;1;NA;NA;NA;NA;NA;NA;NA
35;"SP";3501152;"350115";"Alumínio";"Não";"Região Metropolitana de Sorocaba";"Total";NA;NA;NA;1;2;NA;2;NA;NA;NA;NA;NA;1;NA;NA;1;NA;NA;1;1;1;1;1;1;NA
35;"SP";3501202;"350120";"Álvares Florence";"Não";"-";"Total";NA;NA;NA;NA;2;NA;NA;NA;NA;NA;NA;NA;NA;NA;NA;NA;NA;NA;NA;NA;NA;NA;NA;1;NA
35;"SP";3501301;"350130";"Álvares Machado";"Não";"-";"Total";NA;NA;1;NA;NA;1;1;NA;NA;NA;NA;1;1;NA;NA;NA;NA;NA;1;NA;1;NA;NA;NA;NA
35;"SP";3501400;"350140";"Álvaro de Carvalho";"Não";"-";"Total";NA;NA;NA;NA;NA;NA;NA;NA;NA;NA;NA;NA;NA;NA;NA;NA;NA;NA;NA;NA;NA;NA;NA;NA;NA
35;"SP";3501509;"350150";"Alvinlândia";"Não";"-";"Total";NA;NA;NA;NA;NA;NA;NA;NA;NA;NA;NA;NA;NA;NA;NA;NA;NA;NA;NA;NA;NA;NA;NA;1;NA
35;"SP";3501608;"350160";"Americana";"Não";"Região Metropolitana de Campinas";"Total";7;6;4;2;11;13;7;4;2;5;10;7;5;4;10;5;9;8;4;10;5;11;11;7;NA
35;"SP";3501707;"350170";"Américo Brasiliense";"Não";"-";"Total";NA;1;NA;NA;NA;NA;NA;NA;1;2;1;NA;2;1;2;NA;1;NA;NA;1;1;NA;NA;NA;NA
35;"SP";3501806;"350180";"Américo de Campos";"Não";"-";"Total";NA;NA;NA;NA;1;NA;NA;NA;NA;NA;NA;NA;NA;NA;NA;NA;NA;NA;NA;NA;NA;NA;1;2;NA
35;"SP";3501905;"350190";"Amparo";"Não";"-";"Total";1;2;NA;NA;4;3;2;4;3;2;5;3;5;6;3;2;1;2;2;1;5;5;1;2;NA
35;"SP";3502002;"350200";"Analândia";"Não";"Região Metropolitana de Piracicaba";"Total";NA;NA;NA;NA;NA;NA;NA;NA;NA;NA;NA;NA;1;NA;NA;NA;NA;1;NA;NA;NA;NA;NA;NA;NA
35;"SP";3502101;"350210";"Andradina";"Não";"-";"Total";NA;2;1;2;2;NA;2;4;6;4;1;2;3;4;3;NA;5;2;1;3;5;2;NA;1;NA
35;"SP";3502200;"350220";"Angatuba";"Não";"-";"Total";1;NA;NA;2;1;NA;NA;NA;NA;1;1;2;NA;NA;1;NA;NA;NA;NA;2;2;1;1;NA;NA
35;"SP";3502309;"350230";"Anhembi";"Não";"-";"Total";NA;NA;1;NA;NA;1;NA;NA;NA;NA;NA;2;NA;NA;2;NA;1;1;NA;NA;NA;NA;1;NA;NA
35;"SP";3502408;"350240";"Anhumas";"Não";"-";"Total";NA;NA;NA;NA;NA;NA;NA;NA;NA;NA;NA;NA;NA;NA;NA;NA;NA;NA;NA;NA;NA;NA;NA;1;NA
35;"SP";3502507;"350250";"Aparecida";"Não";"Região Metropolitana do Vale do Paraíba e Litoral Norte";"Total";1;NA;NA;3;3;1;1;3;6;1;2;2;5;1;3;3;2;2;NA;2;1;4;2;4;NA
35;"SP";3502606;"350260";"Aparecida d'Oeste";"Não";"-";"Total";NA;NA;NA;NA;NA;NA;NA;NA;NA;NA;NA;NA;NA;NA;NA;NA;NA;NA;NA;NA;NA;NA;NA;NA;NA
35;"SP";3502705;"350270";"Apiaí";"Não";"-";"Total";NA;NA;NA;NA;1;NA;1;NA;NA;1;NA;NA;NA;1;NA;1;4;1;1;1;1;2;4;NA;NA
35;"SP";3502754;"350275";"Araçariguama";"Não";"Região Metropolitana de Sorocaba";"Total";5;2;3;1;NA;1;3;2;1;1;6;3;4;3;2;1;NA;3;3;1;2;2;3;2;NA
35;"SP";3502804;"350280";"Araçatuba";"Não";"-";"Total";8;5;8;12;14;7;8;10;13;11;16;17;16;15;18;14;11;8;18;17;22;14;15;19;NA
35;"SP";3502903;"350290";"Araçoiaba da Serra";"Não";"Região Metropolitana de Sorocaba";"Total";2;1;NA;1;1;NA;NA;1;1;1;1;4;NA;2;1;NA;3;1;NA;1;NA;2;NA;2;NA
35;"SP";3503000;"350300";"Aramina";"Não";"-";"Total";NA;NA;3;NA;NA;NA;1;NA;NA;NA;1;NA;NA;NA;NA;NA;NA;2;NA;NA;1;NA;1;NA;NA
35;"SP";3503109;"350310";"Arandu";"Não";"-";"Total";NA;NA;NA;NA;NA;NA;NA;NA;NA;NA;NA;2;NA;1;NA;1;NA;NA;NA;NA;NA;NA;NA;NA;NA
35;"SP";3503158;"350315";"Arapeí";"Não";"Região Metropolitana do Vale do Paraíba e Litoral Norte";"Total";NA;NA;NA;NA;3;NA;NA;NA;NA;NA;NA;NA;NA;NA;NA;NA;1;NA;1;NA;NA;NA;NA;NA;NA
35;"SP";3503208;"350320";"Araraquara";"Não";"-";"Total";4;9;15;15;6;10;12;21;14;13;19;10;11;13;15;13;10;11;15;13;14;17;10;9;NA
35;"SP";3503307;"350330";"Araras";"Não";"Região Metropolitana de Piracicaba";"Total";3;1;1;1;1;4;NA;NA;4;NA;3;NA;1;2;3;3;4;2;9;5;9;5;6;4;NA
35;"SP";3503356;"350335";"Arco-Íris";"Não";"-";"Total";NA;NA;NA;NA;1;NA;NA;NA;1;NA;NA;NA;NA;NA;NA;1;NA;NA;NA;NA;NA;NA;NA;NA;NA
35;"SP";3503406;"350340";"Arealva";"Não";"-";"Total";NA;NA;NA;1;NA;NA;NA;NA;1;NA;NA;NA;2;NA;NA;NA;2;NA;NA;NA;NA;NA;NA;NA;NA
35;"SP";3503505;"350350";"Areias";"Não";"Região Metropolitana do Vale do Paraíba e Litoral Norte";"Total";NA;NA;1;NA;NA;NA;NA;NA;NA;NA;NA;NA;NA;NA;1;NA;NA;NA;NA;NA;1;1;NA;NA;NA
35;"SP";3503604;"350360";"Areiópolis";"Não";"-";"Total";NA;NA;NA;NA;NA;NA;NA;NA;NA;NA;NA;NA;NA;NA;1;NA;NA;NA;NA;NA;1;NA;1;NA;NA
35;"SP";3503703;"350370";"Ariranha";"Não";"-";"Total";NA;NA;NA;NA;NA;NA;NA;NA;NA;NA;NA;NA;NA;NA;NA;NA;NA;NA;NA;NA;1;NA;NA;NA;NA
35;"SP";3503802;"350380";"Artur Nogueira";"Não";"Região Metropolitana de Campinas";"Total";1;NA;1;2;2;2;1;NA;1;1;NA;1;2;NA;NA;3;1;4;2;1;8;4;3;6;NA
35;"SP";3503901;"350390";"Arujá";"Não";"Região Metropolitana de São Paulo";"Total";7;2;7;4;3;7;2;3;7;4;6;4;7;5;8;3;1;7;4;3;3;3;4;3;NA
35;"SP";3503950;"350395";"Aspásia";"Não";"-";"Total";NA;NA;NA;NA;NA;NA;NA;NA;NA;NA;NA;NA;NA;NA;NA;NA;NA;NA;NA;NA;NA;NA;NA;NA;NA
35;"SP";3504008;"350400";"Assis";"Não";"-";"Total";1;3;7;1;NA;3;2;1;NA;2;NA;NA;NA;NA;4;2;4;4;4;2;2;2;2;1;NA
35;"SP";3504107;"350410";"Atibaia";"Não";"-";"Total";9;6;12;9;10;12;9;6;15;15;14;9;13;6;15;5;10;9;5;10;9;10;5;12;NA
35;"SP";3504206;"350420";"Auriflama";"Não";"-";"Total";NA;NA;NA;NA;NA;NA;1;NA;NA;NA;NA;1;1;NA;1;NA;NA;NA;NA;NA;NA;NA;1;NA;NA
35;"SP";3504305;"350430";"Avaí";"Não";"-";"Total";NA;NA;NA;1;NA;NA;NA;NA;NA;NA;NA;NA;NA;NA;NA;NA;NA;NA;NA;NA;2;NA;NA;NA;NA
35;"SP";3504404;"350440";"Avanhandava";"Não";"-";"Total";NA;NA;NA;NA;NA;NA;NA;NA;NA;NA;NA;1;NA;NA;1;1;NA;NA;2;NA;NA;NA;1;1;NA
35;"SP";3504503;"350450";"Avaré";"Não";"-";"Total";1;6;5;3;3;1;8;2;2;2;6;3;1;NA;4;4;3;3;2;10;4;6;2;5;NA
35;"SP";3504602;"350460";"Bady Bassitt";"Não";"Região Metropolitana de São José do Rio Preto";"Total";NA;NA;NA;NA;NA;1;NA;NA;NA;NA;1;NA;2;NA;NA;2;NA;NA;1;1;2;NA;NA;3;NA
35;"SP";3504701;"350470";"Balbinos";"Não";"-";"Total";NA;NA;NA;NA;NA;NA;NA;NA;NA;NA;NA;NA;NA;NA;NA;NA;NA;NA;NA;NA;NA;NA;NA;NA;NA
35;"SP";3504800;"350480";"Bálsamo";"Não";"Região Metropolitana de São José do Rio Preto";"Total";NA;NA;NA;NA;NA;NA;NA;NA;NA;NA;NA;NA;NA;NA;1;NA;1;NA;1;NA;NA;1;1;1;NA
35;"SP";3504909;"350490";"Bananal";"Não";"Região Metropolitana do Vale do Paraíba e Litoral Norte";"Total";NA;NA;NA;NA;NA;1;NA;NA;NA;NA;1;NA;NA;2;NA;NA;NA;NA;1;NA;NA;NA;1;NA;NA
35;"SP";3505005;"350500";"Barão de Antonina";"Não";"-";"Total";NA;NA;NA;NA;NA;NA;NA;NA;NA;NA;NA;NA;NA;NA;NA;NA;NA;NA;NA;NA;NA;NA;NA;NA;NA
35;"SP";3505104;"350510";"Barbosa";"Não";"-";"Total";NA;NA;NA;NA;1;2;NA;NA;NA;NA;NA;NA;NA;NA;NA;NA;NA;NA;NA;NA;NA;NA;NA;2;NA
35;"SP";3505203;"350520";"Bariri";"Não";"-";"Total";NA;1;NA;NA;2;NA;NA;2;1;NA;NA;NA;NA;1;NA;NA;1;1;NA;1;NA;2;NA;1;NA
35;"SP";3505302;"350530";"Barra Bonita";"Não";"-";"Total";NA;4;2;NA;1;2;NA;1;1;1;NA;1;NA;NA;1;2;NA;1;1;2;2;3;NA;1;NA
35;"SP";3505351;"350535";"Barra do Chapéu";"Não";"-";"Total";NA;NA;NA;NA;NA;NA;NA;NA;NA;NA;NA;NA;NA;NA;NA;NA;2;NA;NA;NA;NA;NA;1;NA;NA
35;"SP";3505401;"350540";"Barra do Turvo";"Não";"-";"Total";NA;1;2;3;3;4;NA;2;1;4;NA;3;1;3;1;NA;3;2;NA;3;1;NA;2;2;NA
35;"SP";3505500;"350550";"Barretos";"Não";"-";"Total";2;3;9;4;3;10;4;10;15;11;12;18;10;14;12;10;12;6;7;11;10;13;10;7;NA
35;"SP";3505609;"350560";"Barrinha";"Não";"Região Metropolitana de Ribeirão Preto";"Total";1;NA;2;1;NA;NA;2;1;NA;1;1;NA;1;NA;2;1;NA;1;2;1;1;NA;2;NA;NA
35;"SP";3505708;"350570";"Barueri";"Não";"Região Metropolitana de São Paulo";"Total";6;4;6;4;6;4;6;15;6;10;12;7;13;10;14;14;7;14;14;14;10;17;21;18;NA
35;"SP";3505807;"350580";"Bastos";"Não";"-";"Total";NA;NA;NA;NA;NA;NA;1;NA;NA;NA;NA;2;2;NA;NA;1;NA;2;NA;1;NA;1;1;1;NA
35;"SP";3505906;"350590";"Batatais";"Não";"Região Metropolitana de Ribeirão Preto";"Total";3;2;3;NA;NA;2;NA;NA;NA;2;4;3;NA;NA;NA;2;2;1;1;2;8;2;3;1;NA
35;"SP";3506003;"350600";"Bauru";"Não";"-";"Total";8;6;7;13;6;8;11;26;22;19;12;17;20;19;15;14;12;15;12;12;20;20;21;10;NA
35;"SP";3506102;"350610";"Bebedouro";"Não";"-";"Total";3;2;3;NA;6;3;5;5;NA;2;4;NA;3;NA;2;3;4;3;3;3;9;5;1;1;NA
35;"SP";3506201;"350620";"Bento de Abreu";"Não";"-";"Total";NA;NA;NA;NA;NA;NA;NA;NA;NA;NA;NA;NA;NA;NA;NA;NA;NA;1;NA;NA;NA;NA;NA;1;NA
35;"SP";3506300;"350630";"Bernardino de Campos";"Não";"-";"Total";NA;NA;1;NA;NA;NA;NA;1;1;NA;NA;1;NA;NA;NA;NA;NA;NA;NA;1;NA;1;NA;NA;NA
35;"SP";3506359;"350635";"Bertioga";"Não";"Região Metropolitana da Baixada Santista";"Total";2;4;5;2;8;4;4;11;13;11;6;6;15;9;8;9;14;11;4;5;10;10;8;17;NA
35;"SP";3506409;"350640";"Bilac";"Não";"-";"Total";NA;NA;2;NA;NA;1;1;NA;1;NA;NA;NA;NA;NA;1;NA;1;NA;1;NA;2;NA;NA;NA;NA
35;"SP";3506508;"350650";"Birigui";"Não";"-";"Total";3;NA;2;1;1;4;1;1;1;6;3;2;1;7;2;3;2;6;2;NA;3;3;5;4;NA
35;"SP";3506607;"350660";"Biritiba Mirim";"Não";"Região Metropolitana de São Paulo";"Total";NA;NA;NA;NA;1;NA;NA;NA;NA;2;NA;NA;1;NA;NA;2;NA;1;1;1;NA;1;1;NA;NA
35;"SP";3506706;"350670";"Boa Esperança do Sul";"Não";"-";"Total";NA;NA;1;NA;NA;NA;NA;1;NA;NA;NA;NA;NA;NA;1;1;NA;NA;1;1;1;NA;NA;NA;NA
35;"SP";3506805;"350680";"Bocaina";"Não";"-";"Total";1;1;NA;NA;NA;1;NA;NA;NA;1;NA;NA;1;NA;NA;NA;NA;NA;NA;NA;NA;NA;1;NA;NA
35;"SP";3506904;"350690";"Bofete";"Não";"-";"Total";NA;NA;NA;1;1;NA;NA;NA;NA;NA;NA;1;1;NA;1;1;NA;NA;NA;NA;NA;2;NA;NA;NA
35;"SP";3507001;"350700";"Boituva";"Não";"Região Metropolitana de Sorocaba";"Total";2;2;1;1;1;3;2;1;3;1;NA;3;4;4;1;2;1;NA;5;1;2;1;3;1;NA
35;"SP";3507100;"350710";"Bom Jesus dos Perdões";"Não";"-";"Total";NA;NA;NA;NA;3;NA;3;1;NA;1;NA;2;2;NA;NA;1;2;1;NA;1;1;NA;3;NA;NA
35;"SP";3507159;"350715";"Bom Sucesso de Itararé";"Não";"-";"Total";NA;NA;NA;NA;NA;NA;NA;NA;NA;NA;NA;NA;NA;NA;NA;1;NA;NA;1;NA;NA;NA;NA;NA;NA
35;"SP";3507209;"350720";"Borá";"Não";"-";"Total";NA;NA;NA;NA;NA;NA;NA;NA;NA;NA;NA;NA;NA;NA;NA;NA;NA;NA;NA;1;NA;NA;NA;NA;NA
35;"SP";3507308;"350730";"Boracéia";"Não";"-";"Total";NA;NA;NA;NA;1;NA;NA;1;NA;NA;2;NA;NA;NA;NA;NA;NA;NA;NA;NA;NA;1;NA;NA;NA
35;"SP";3507407;"350740";"Borborema";"Não";"-";"Total";NA;NA;NA;NA;1;1;NA;NA;1;NA;NA;1;NA;1;1;NA;NA;NA;NA;1;1;2;1;NA;NA
35;"SP";3507456;"350745";"Borebi";"Não";"-";"Total";NA;NA;NA;NA;NA;NA;NA;NA;NA;NA;NA;NA;1;NA;NA;NA;NA;NA;NA;NA;NA;NA;NA;NA;NA
35;"SP";3507506;"350750";"Botucatu";"Não";"-";"Total";8;7;5;3;4;7;9;7;6;7;5;7;9;4;7;2;5;6;2;13;10;8;5;5;NA
35;"SP";3507605;"350760";"Bragança Paulista";"Não";"-";"Total";4;1;3;3;8;9;10;13;4;6;4;6;11;7;10;10;9;12;5;10;10;11;10;11;NA
35;"SP";3507704;"350770";"Braúna";"Não";"-";"Total";NA;NA;NA;NA;NA;NA;NA;NA;NA;NA;NA;NA;NA;NA;1;NA;NA;1;NA;NA;NA;1;NA;NA;NA
35;"SP";3507753;"350775";"Brejo Alegre";"Não";"-";"Total";NA;NA;NA;NA;1;1;NA;NA;1;NA;NA;NA;2;NA;1;NA;NA;NA;NA;NA;NA;NA;NA;NA;NA
35;"SP";3507803;"350780";"Brodowski";"Não";"Região Metropolitana de Ribeirão Preto";"Total";NA;1;NA;NA;NA;NA;NA;NA;NA;NA;2;1;NA;1;3;NA;1;1;NA;NA;NA;NA;1;1;NA
35;"SP";3507902;"350790";"Brotas";"Não";"-";"Total";1;NA;NA;2;NA;NA;2;2;NA;NA;1;1;NA;1;1;1;1;NA;NA;NA;NA;NA;1;NA;NA
35;"SP";3508009;"350800";"Buri";"Não";"-";"Total";NA;NA;NA;NA;NA;NA;NA;NA;NA;1;1;NA;NA;NA;NA;NA;1;NA;NA;NA;NA;NA;NA;NA;NA
35;"SP";3508108;"350810";"Buritama";"Não";"-";"Total";1;NA;NA;NA;NA;NA;NA;2;NA;NA;NA;2;NA;2;NA;2;1;1;2;1;2;2;1;1;NA
35;"SP";3508207;"350820";"Buritizal";"Não";"-";"Total";NA;NA;NA;NA;NA;NA;NA;NA;NA;NA;NA;NA;NA;NA;NA;NA;NA;NA;NA;NA;NA;NA;1;NA;NA
35;"SP";3508306;"350830";"Cabrália Paulista";"Não";"-";"Total";NA;NA;2;NA;NA;NA;1;NA;NA;NA;NA;NA;NA;NA;NA;NA;NA;NA;NA;NA;NA;NA;NA;NA;NA
35;"SP";3508405;"350840";"Cabreúva";"Não";"Região Metropolitana de Jundiaí";"Total";1;NA;1;3;NA;NA;NA;1;1;NA;NA;NA;2;1;1;NA;2;2;2;NA;1;5;2;1;NA
35;"SP";3508504;"350850";"Caçapava";"Não";"Região Metropolitana do Vale do Paraíba e Litoral Norte";"Total";4;6;2;1;5;7;2;8;8;3;5;6;4;3;3;1;1;6;6;5;2;3;7;6;NA
35;"SP";3508603;"350860";"Cachoeira Paulista";"Não";"Região Metropolitana do Vale do Paraíba e Litoral Norte";"Total";NA;2;NA;NA;2;2;NA;NA;3;NA;NA;1;1;2;2;NA;NA;1;NA;NA;NA;1;NA;2;NA
35;"SP";3508702;"350870";"Caconde";"Não";"-";"Total";NA;NA;NA;NA;1;NA;1;1;NA;NA;NA;NA;1;NA;NA;1;NA;NA;NA;NA;NA;NA;NA;1;NA
35;"SP";3508801;"350880";"Cafelândia";"Não";"-";"Total";NA;NA;NA;1;1;NA;NA;NA;NA;NA;NA;NA;NA;NA;NA;NA;1;NA;1;1;1;NA;2;NA;NA
35;"SP";3508900;"350890";"Caiabu";"Não";"-";"Total";NA;NA;NA;NA;NA;NA;NA;NA;NA;NA;NA;NA;1;NA;NA;NA;NA;NA;NA;NA;NA;NA;NA;2;NA
35;"SP";3509007;"350900";"Caieiras";"Não";"Região Metropolitana de São Paulo";"Total";6;3;9;2;3;10;6;7;9;5;5;5;12;6;5;3;2;4;5;4;5;1;2;5;NA
35;"SP";3509106;"350910";"Caiuá";"Não";"-";"Total";NA;NA;NA;NA;NA;NA;NA;NA;1;NA;NA;1;NA;NA;NA;2;NA;1;NA;NA;1;NA;NA;1;NA
35;"SP";3509205;"350920";"Cajamar";"Não";"Região Metropolitana de São Paulo";"Total";3;4;3;7;2;2;3;2;3;NA;3;1;5;NA;3;2;4;1;6;7;10;9;10;5;NA
35;"SP";3509254;"350925";"Cajati";"Não";"-";"Total";1;2;NA;2;5;5;4;2;NA;1;7;2;1;4;NA;1;2;5;6;2;2;4;3;2;NA
35;"SP";3509304;"350930";"Cajobi";"Não";"-";"Total";NA;NA;NA;NA;1;NA;NA;NA;NA;1;NA;NA;1;1;NA;NA;1;NA;NA;NA;NA;NA;NA;NA;NA
35;"SP";3509403;"350940";"Cajuru";"Não";"Região Metropolitana de Ribeirão Preto";"Total";1;1;4;1;NA;1;NA;NA;1;1;NA;1;NA;NA;1;NA;NA;NA;NA;3;NA;NA;1;2;NA
35;"SP";3509452;"350945";"Campina do Monte Alegre";"Não";"-";"Total";NA;NA;NA;NA;NA;1;NA;NA;NA;NA;NA;NA;NA;NA;1;NA;NA;NA;NA;NA;NA;NA;NA;NA;NA
35;"SP";3509502;"350950";"Campinas";"Não";"Região Metropolitana de Campinas";"Total";50;27;57;45;49;49;59;57;60;53;64;86;81;66;68;56;64;61;51;50;56;73;70;88;NA
35;"SP";3509601;"350960";"Campo Limpo Paulista";"Não";"Região Metropolitana de Jundiaí";"Total";NA;3;4;3;2;2;1;2;NA;NA;1;1;1;1;NA;3;1;1;NA;5;NA;4;2;5;NA
35;"SP";3509700;"350970";"Campos do Jordão";"Não";"Região Metropolitana do Vale do Paraíba e Litoral Norte";"Total";1;NA;NA;1;1;1;NA;1;1;NA;NA;NA;NA;NA;NA;NA;NA;1;NA;NA;NA;NA;1;NA;NA
35;"SP";3509809;"350980";"Campos Novos Paulista";"Não";"-";"Total";NA;NA;NA;NA;NA;NA;NA;1;NA;NA;NA;NA;2;NA;NA;NA;NA;NA;NA;NA;NA;NA;NA;NA;NA
35;"SP";3509908;"350990";"Cananéia";"Não";"-";"Total";1;NA;2;1;NA;NA;NA;1;NA;NA;NA;NA;NA;1;1;1;NA;NA;1;NA;1;NA;NA;1;NA
35;"SP";3509957;"350995";"Canas";"Não";"Região Metropolitana do Vale do Paraíba e Litoral Norte";"Total";2;1;NA;NA;1;2;NA;1;NA;NA;NA;1;2;1;NA;NA;NA;1;NA;NA;2;NA;2;NA;NA
35;"SP";3510005;"351000";"Cândido Mota";"Não";"-";"Total";1;NA;NA;NA;NA;NA;NA;NA;NA;NA;NA;NA;1;1;NA;NA;NA;1;NA;1;NA;NA;2;NA;NA
35;"SP";3510104;"351010";"Cândido Rodrigues";"Não";"-";"Total";NA;NA;NA;NA;NA;NA;NA;NA;NA;NA;NA;NA;NA;NA;NA;NA;NA;NA;NA;NA;NA;NA;NA;NA;NA
35;"SP";3510153;"351015";"Canitar";"Não";"-";"Total";NA;NA;NA;NA;NA;NA;2;NA;1;NA;1;NA;NA;NA;NA;NA;NA;NA;NA;NA;NA;NA;NA;NA;NA
35;"SP";3510203;"351020";"Capão Bonito";"Não";"-";"Total";2;NA;1;NA;1;1;1;3;NA;NA;2;NA;2;2;NA;1;2;2;1;1;2;1;1;4;NA
35;"SP";3510302;"351030";"Capela do Alto";"Não";"Região Metropolitana de Sorocaba";"Total";NA;1;NA;NA;NA;NA;NA;1;NA;NA;NA;NA;NA;NA;NA;1;NA;NA;NA;2;NA;1;1;NA;NA
35;"SP";3510401;"351040";"Capivari";"Não";"Região Metropolitana de Piracicaba";"Total";2;3;1;NA;1;1;8;2;2;3;2;3;3;4;5;NA;7;NA;2;2;3;4;3;2;NA
35;"SP";3510500;"351050";"Caraguatatuba";"Não";"Região Metropolitana do Vale do Paraíba e Litoral Norte";"Total";4;3;5;3;9;12;8;10;13;7;7;4;5;10;10;6;2;3;4;4;1;10;8;8;NA
35;"SP";3510609;"351060";"Carapicuíba";"Não";"Região Metropolitana de São Paulo";"Total";2;5;5;5;5;8;4;2;4;5;5;6;5;7;10;2;14;12;4;4;7;13;20;8;NA
35;"SP";3510708;"351070";"Cardoso";"Não";"-";"Total";1;NA;1;NA;2;1;NA;1;1;NA;1;NA;NA;1;NA;NA;NA;NA;NA;NA;NA;NA;NA;NA;NA
35;"SP";3510807;"351080";"Casa Branca";"Não";"-";"Total";2;2;1;NA;NA;3;2;1;2;1;3;NA;NA;1;2;NA;1;2;3;NA;1;1;1;5;NA
35;"SP";3510906;"351090";"Cássia dos Coqueiros";"Não";"Região Metropolitana de Ribeirão Preto";"Total";NA;NA;NA;NA;NA;NA;NA;NA;NA;NA;NA;NA;NA;NA;1;NA;NA;NA;NA;NA;NA;NA;NA;1;NA
35;"SP";3511003;"351100";"Castilho";"Não";"-";"Total";1;NA;2;NA;NA;1;1;1;1;NA;1;NA;1;3;1;NA;NA;NA;NA;NA;1;NA;1;NA;NA
35;"SP";3511102;"351110";"Catanduva";"Não";"-";"Total";3;1;2;1;5;3;3;11;2;8;7;3;5;4;4;7;5;1;6;4;8;6;11;8;NA
35;"SP";3511201;"351120";"Catiguá";"Não";"-";"Total";NA;1;NA;NA;NA;NA;1;NA;NA;1;NA;NA;NA;NA;1;NA;1;NA;NA;NA;NA;NA;NA;NA;NA
35;"SP";3511300;"351130";"Cedral";"Não";"Região Metropolitana de São José do Rio Preto";"Total";NA;NA;2;NA;NA;NA;NA;NA;NA;NA;NA;NA;NA;NA;NA;NA;NA;NA;NA;NA;2;NA;NA;1;NA
35;"SP";3511409;"351140";"Cerqueira César";"Não";"-";"Total";NA;NA;NA;1;NA;1;NA;NA;NA;NA;NA;NA;NA;1;NA;NA;NA;1;1;NA;NA;NA;NA;NA;NA
35;"SP";3511508;"351150";"Cerquilho";"Não";"Região Metropolitana de Sorocaba";"Total";2;NA;2;1;2;1;1;1;4;NA;4;2;NA;1;NA;1;2;1;1;NA;NA;1;3;NA;NA
35;"SP";3511607;"351160";"Cesário Lange";"Não";"Região Metropolitana de Sorocaba";"Total";3;NA;2;1;NA;NA;1;NA;NA;1;NA;NA;NA;NA;NA;NA;NA;NA;1;NA;NA;3;NA;NA;NA
35;"SP";3511706;"351170";"Charqueada";"Não";"Região Metropolitana de Piracicaba";"Total";NA;NA;NA;NA;NA;NA;NA;NA;NA;2;NA;NA;NA;NA;NA;NA;NA;1;NA;1;NA;NA;NA;NA;NA
35;"SP";3511904;"351190";"Clementina";"Não";"-";"Total";NA;NA;NA;NA;NA;NA;NA;2;NA;1;NA;NA;NA;NA;NA;NA;2;1;1;1;NA;NA;NA;1;NA
35;"SP";3512001;"351200";"Colina";"Não";"-";"Total";NA;1;2;NA;NA;NA;1;NA;1;NA;NA;NA;NA;1;2;NA;1;1;1;2;NA;1;3;1;NA
35;"SP";3512100;"351210";"Colômbia";"Não";"-";"Total";NA;2;NA;2;NA;2;1;NA;NA;NA;1;NA;NA;NA;2;NA;NA;NA;1;NA;NA;1;2;NA;NA
35;"SP";3512209;"351220";"Conchal";"Não";"Região Metropolitana de Piracicaba";"Total";NA;3;1;3;2;1;NA;NA;1;NA;NA;NA;2;1;NA;1;NA;1;NA;1;1;3;4;NA;NA
35;"SP";3512308;"351230";"Conchas";"Não";"-";"Total";1;NA;2;NA;NA;NA;1;NA;2;NA;NA;NA;NA;NA;1;2;NA;2;NA;2;1;NA;NA;NA;NA
35;"SP";3512407;"351240";"Cordeirópolis";"Não";"Região Metropolitana de Piracicaba";"Total";NA;1;NA;2;2;1;NA;NA;4;2;NA;NA;2;NA;1;NA;2;1;1;3;1;1;NA;2;NA
35;"SP";3512506;"351250";"Coroados";"Não";"-";"Total";NA;NA;1;NA;NA;NA;1;NA;NA;NA;1;NA;NA;NA;NA;2;NA;NA;NA;NA;NA;NA;NA;NA;NA
35;"SP";3512605;"351260";"Coronel Macedo";"Não";"-";"Total";NA;NA;NA;NA;NA;NA;NA;NA;NA;NA;NA;NA;NA;NA;NA;NA;NA;NA;NA;NA;NA;NA;NA;NA;NA
35;"SP";3512704;"351270";"Corumbataí";"Não";"Região Metropolitana de Piracicaba";"Total";NA;NA;1;NA;NA;3;NA;NA;1;NA;NA;NA;NA;NA;NA;NA;NA;NA;NA;NA;NA;1;NA;NA;NA
35;"SP";3512803;"351280";"Cosmópolis";"Não";"Região Metropolitana de Campinas";"Total";3;3;1;NA;NA;2;NA;NA;4;NA;NA;NA;3;2;NA;3;NA;NA;4;2;2;5;4;3;NA
35;"SP";3512902;"351290";"Cosmorama";"Não";"-";"Total";1;NA;NA;NA;NA;NA;NA;NA;1;NA;NA;1;NA;NA;1;2;NA;4;NA;1;NA;NA;1;1;NA
35;"SP";3513009;"351300";"Cotia";"Não";"Região Metropolitana de São Paulo";"Total";12;15;11;9;6;7;11;8;11;6;7;9;14;3;10;7;4;6;15;10;5;24;22;25;NA
35;"SP";3513108;"351310";"Cravinhos";"Não";"Região Metropolitana de Ribeirão Preto";"Total";NA;NA;NA;NA;NA;NA;1;NA;1;2;NA;1;NA;1;1;NA;NA;NA;1;NA;2;NA;1;1;NA
35;"SP";3513207;"351320";"Cristais Paulista";"Não";"-";"Total";NA;NA;3;NA;1;1;NA;NA;2;NA;NA;1;NA;NA;NA;NA;2;NA;NA;NA;2;NA;1;NA;NA
35;"SP";3513306;"351330";"Cruzália";"Não";"-";"Total";NA;NA;NA;NA;NA;NA;NA;NA;NA;NA;NA;NA;NA;NA;NA;NA;1;NA;NA;NA;NA;NA;NA;NA;NA
35;"SP";3513405;"351340";"Cruzeiro";"Não";"Região Metropolitana do Vale do Paraíba e Litoral Norte";"Total";NA;4;4;3;2;2;1;6;3;4;NA;2;3;4;1;4;3;3;3;3;NA;NA;4;NA;NA
35;"SP";3513504;"351350";"Cubatão";"Não";"Região Metropolitana da Baixada Santista";"Total";11;11;10;13;22;23;20;30;23;18;18;15;17;10;14;8;8;5;13;18;17;17;11;21;NA
35;"SP";3513603;"351360";"Cunha";"Não";"Região Metropolitana do Vale do Paraíba e Litoral Norte";"Total";NA;NA;NA;2;NA;NA;NA;NA;1;1;NA;NA;NA;NA;NA;NA;NA;1;NA;1;NA;NA;NA;1;NA
35;"SP";3513702;"351370";"Descalvado";"Não";"-";"Total";1;NA;NA;NA;NA;NA;1;NA;1;3;NA;2;1;1;2;NA;NA;NA;2;1;2;1;2;NA;NA
35;"SP";3513801;"351380";"Diadema";"Não";"Região Metropolitana de São Paulo";"Total";18;22;23;28;22;39;25;21;27;24;29;25;28;27;31;37;20;20;26;19;27;15;16;21;NA
35;"SP";3513850;"351385";"Dirce Reis";"Não";"-";"Total";NA;NA;NA;1;NA;NA;NA;NA;NA;NA;NA;NA;NA;NA;NA;NA;NA;NA;NA;NA;NA;1;NA;NA;NA
35;"SP";3513900;"351390";"Divinolândia";"Não";"-";"Total";NA;NA;NA;1;NA;NA;NA;NA;NA;1;NA;NA;NA;NA;NA;NA;NA;NA;1;NA;2;1;NA;NA;NA
35;"SP";3514007;"351400";"Dobrada";"Não";"-";"Total";1;NA;NA;NA;NA;NA;NA;NA;1;NA;NA;NA;NA;NA;NA;NA;NA;1;NA;NA;NA;1;NA;1;NA
35;"SP";3514106;"351410";"Dois Córregos";"Não";"-";"Total";NA;2;1;NA;NA;1;4;1;NA;NA;3;NA;5;1;NA;1;NA;1;1;NA;2;NA;1;1;NA
35;"SP";3514205;"351420";"Dolcinópolis";"Não";"-";"Total";NA;NA;NA;NA;NA;NA;NA;NA;NA;NA;NA;NA;NA;NA;NA;NA;NA;NA;1;NA;NA;NA;NA;NA;NA
35;"SP";3514304;"351430";"Dourado";"Não";"-";"Total";NA;NA;2;NA;NA;NA;NA;1;NA;NA;2;NA;NA;NA;1;NA;NA;NA;NA;NA;NA;NA;NA;NA;NA
35;"SP";3514403;"351440";"Dracena";"Não";"-";"Total";1;5;1;1;1;1;2;2;6;5;6;4;4;3;3;3;2;2;2;1;3;1;3;1;NA
35;"SP";3514502;"351450";"Duartina";"Não";"-";"Total";NA;NA;NA;1;NA;NA;NA;NA;NA;NA;1;NA;NA;NA;NA;NA;1;NA;NA;NA;NA;NA;1;NA;NA
35;"SP";3514601;"351460";"Dumont";"Não";"Região Metropolitana de Ribeirão Preto";"Total";NA;NA;1;NA;NA;NA;NA;NA;NA;NA;2;NA;2;NA;NA;1;1;2;NA;1;1;NA;NA;1;NA
35;"SP";3514700;"351470";"Echaporã";"Não";"-";"Total";NA;NA;NA;NA;NA;NA;1;NA;NA;2;NA;1;NA;NA;NA;1;NA;NA;NA;1;NA;1;NA;NA;NA
35;"SP";3514809;"351480";"Eldorado";"Não";"-";"Total";2;2;3;NA;NA;NA;1;NA;1;1;NA;2;NA;4;2;NA;1;1;1;1;NA;3;1;1;NA
35;"SP";3514908;"351490";"Elias Fausto";"Não";"Região Metropolitana de Piracicaba";"Total";1;NA;1;1;2;1;NA;NA;2;2;4;2;3;NA;2;NA;NA;2;NA;NA;NA;NA;NA;2;NA
35;"SP";3514924;"351492";"Elisiário";"Não";"-";"Total";NA;NA;NA;NA;NA;NA;NA;NA;NA;NA;NA;NA;NA;NA;NA;NA;NA;1;NA;NA;NA;NA;NA;NA;NA
35;"SP";3514957;"351495";"Embaúba";"Não";"-";"Total";NA;NA;NA;NA;NA;NA;NA;NA;NA;NA;NA;NA;1;NA;NA;NA;NA;NA;NA;NA;2;NA;NA;NA;NA
35;"SP";3515004;"351500";"Embu das Artes";"Não";"Região Metropolitana de São Paulo";"Total";6;1;7;6;8;4;4;3;3;4;8;8;10;6;14;6;8;4;1;5;6;6;4;4;NA
35;"SP";3515103;"351510";"Embu-Guaçu";"Não";"Região Metropolitana de São Paulo";"Total";2;7;2;1;NA;1;1;3;NA;2;NA;NA;NA;NA;1;1;NA;2;NA;2;1;1;2;NA;NA
35;"SP";3515129;"351512";"Emilianópolis";"Não";"-";"Total";NA;NA;NA;NA;NA;NA;NA;NA;NA;NA;NA;NA;NA;NA;NA;NA;NA;NA;NA;NA;NA;NA;NA;NA;NA
35;"SP";3515152;"351515";"Engenheiro Coelho";"Não";"Região Metropolitana de Campinas";"Total";1;1;2;NA;NA;4;NA;NA;2;NA;NA;NA;NA;2;2;NA;NA;1;1;NA;NA;1;2;NA;NA
35;"SP";3515186;"351518";"Espírito Santo do Pinhal";"Não";"-";"Total";NA;2;2;NA;NA;3;NA;2;3;NA;1;1;2;NA;1;1;NA;2;1;NA;NA;NA;2;1;NA
35;"SP";3515194;"351519";"Espírito Santo do Turvo";"Não";"-";"Total";NA;NA;NA;NA;NA;NA;NA;1;NA;NA;NA;NA;NA;NA;NA;NA;NA;NA;NA;NA;1;NA;1;NA;NA
35;"SP";3515202;"351520";"Estrela d'Oeste";"Não";"-";"Total";NA;NA;NA;1;NA;1;NA;NA;NA;NA;NA;NA;NA;NA;NA;NA;NA;NA;NA;NA;1;NA;NA;1;NA
35;"SP";3515301;"351530";"Estrela do Norte";"Não";"-";"Total";NA;NA;NA;NA;NA;NA;NA;1;NA;NA;NA;1;NA;NA;NA;NA;2;NA;NA;NA;NA;NA;NA;4;NA
35;"SP";3515350;"351535";"Euclides da Cunha Paulista";"Não";"-";"Total";NA;NA;NA;NA;NA;NA;NA;1;NA;NA;NA;2;1;2;1;1;NA;1;NA;NA;NA;1;1;4;NA
35;"SP";3515400;"351540";"Fartura";"Não";"-";"Total";NA;2;1;NA;NA;NA;NA;NA;NA;1;NA;NA;NA;NA;1;1;2;1;NA;NA;NA;NA;1;NA;NA
35;"SP";3515509;"351550";"Fernandópolis";"Não";"-";"Total";3;2;1;4;6;4;2;4;1;5;3;3;1;3;1;2;NA;5;4;4;9;2;8;2;NA
35;"SP";3515608;"351560";"Fernando Prestes";"Não";"-";"Total";NA;NA;NA;2;NA;NA;NA;NA;NA;NA;NA;NA;NA;NA;NA;NA;NA;NA;1;NA;NA;1;1;1;NA
35;"SP";3515657;"351565";"Fernão";"Não";"-";"Total";NA;NA;NA;NA;NA;NA;NA;NA;NA;NA;NA;NA;NA;NA;NA;NA;NA;NA;NA;NA;NA;NA;NA;NA;NA
35;"SP";3515707;"351570";"Ferraz de Vasconcelos";"Não";"Região Metropolitana de São Paulo";"Total";2;2;5;3;NA;4;3;NA;1;1;4;1;1;3;4;3;5;6;4;2;1;4;3;1;NA
35;"SP";3515806;"351580";"Flora Rica";"Não";"-";"Total";NA;NA;NA;NA;NA;NA;NA;NA;NA;NA;NA;NA;NA;NA;NA;NA;NA;NA;NA;NA;NA;NA;NA;NA;NA
35;"SP";3515905;"351590";"Floreal";"Não";"-";"Total";NA;NA;NA;NA;NA;NA;NA;NA;NA;NA;NA;NA;NA;NA;NA;NA;1;1;NA;1;NA;NA;NA;NA;NA
35;"SP";3516002;"351600";"Flórida Paulista";"Não";"-";"Total";1;NA;NA;2;1;1;2;NA;NA;NA;NA;NA;1;NA;NA;NA;NA;NA;NA;NA;NA;NA;NA;1;NA
35;"SP";3516101;"351610";"Florínea";"Não";"-";"Total";NA;NA;NA;NA;NA;NA;NA;NA;NA;NA;NA;NA;NA;NA;NA;NA;NA;NA;NA;NA;NA;NA;NA;NA;NA
35;"SP";3516200;"351620";"Franca";"Não";"-";"Total";8;6;7;7;15;11;14;14;10;7;10;7;5;4;12;5;13;12;22;15;18;10;8;7;NA
35;"SP";3516309;"351630";"Francisco Morato";"Não";"Região Metropolitana de São Paulo";"Total";2;2;2;9;5;10;9;9;12;11;9;11;7;6;11;3;5;7;3;5;9;3;3;2;NA
35;"SP";3516408;"351640";"Franco da Rocha";"Não";"Região Metropolitana de São Paulo";"Total";11;7;9;10;8;5;6;8;4;5;6;9;14;17;18;23;12;11;12;13;14;13;13;19;NA
35;"SP";3516507;"351650";"Gabriel Monteiro";"Não";"-";"Total";NA;NA;NA;NA;NA;NA;NA;NA;NA;NA;NA;NA;NA;NA;NA;NA;NA;NA;NA;NA;NA;1;NA;NA;NA
35;"SP";3516606;"351660";"Gália";"Não";"-";"Total";1;1;NA;1;NA;2;NA;NA;NA;1;1;2;1;2;2;1;1;NA;NA;NA;1;1;NA;NA;NA
35;"SP";3516705;"351670";"Garça";"Não";"-";"Total";2;1;1;1;NA;NA;3;5;NA;3;3;NA;2;NA;2;4;NA;2;NA;1;1;NA;NA;NA;NA
35;"SP";3516804;"351680";"Gastão Vidigal";"Não";"-";"Total";NA;1;NA;NA;1;NA;NA;NA;1;NA;1;NA;NA;NA;NA;NA;1;NA;NA;NA;NA;NA;NA;NA;NA
35;"SP";3516853;"351685";"Gavião Peixoto";"Não";"-";"Total";1;NA;NA;1;NA;1;NA;1;NA;NA;NA;NA;2;NA;NA;NA;NA;NA;1;1;NA;NA;NA;NA;NA
35;"SP";3516903;"351690";"General Salgado";"Não";"-";"Total";NA;NA;NA;1;2;NA;1;NA;1;NA;NA;1;NA;NA;NA;1;NA;1;NA;1;NA;2;1;1;NA
35;"SP";3517000;"351700";"Getulina";"Não";"-";"Total";NA;1;NA;NA;NA;NA;NA;NA;NA;1;2;1;NA;NA;1;NA;NA;NA;2;NA;1;NA;1;NA;NA
35;"SP";3517109;"351710";"Glicério";"Não";"-";"Total";NA;NA;NA;NA;NA;NA;NA;NA;NA;NA;1;1;NA;NA;1;NA;NA;NA;NA;NA;NA;NA;NA;NA;NA
35;"SP";3517208;"351720";"Guaiçara";"Não";"-";"Total";NA;NA;NA;2;NA;1;NA;NA;NA;NA;NA;NA;NA;1;NA;NA;NA;NA;NA;NA;1;NA;1;NA;NA
35;"SP";3517307;"351730";"Guaimbê";"Não";"-";"Total";NA;NA;1;1;NA;NA;1;NA;NA;NA;NA;2;1;NA;1;NA;1;NA;NA;2;NA;1;NA;NA;NA
35;"SP";3517406;"351740";"Guaíra";"Não";"-";"Total";1;NA;1;1;3;1;2;NA;NA;1;1;1;NA;2;2;NA;1;NA;NA;1;2;1;1;3;NA
35;"SP";3517505;"351750";"Guapiaçu";"Não";"Região Metropolitana de São José do Rio Preto";"Total";NA;NA;NA;1;NA;NA;1;NA;NA;NA;NA;NA;3;1;NA;NA;NA;2;2;2;1;NA;NA;NA;NA
35;"SP";3517604;"351760";"Guapiara";"Não";"-";"Total";NA;NA;NA;NA;1;NA;1;NA;NA;1;2;NA;NA;NA;1;NA;NA;NA;NA;1;NA;1;2;NA;NA
35;"SP";3517703;"351770";"Guará";"Não";"-";"Total";1;NA;2;3;3;NA;NA;NA;1;NA;NA;NA;1;1;NA;1;1;1;NA;NA;1;2;NA;1;NA
35;"SP";3517802;"351780";"Guaraçaí";"Não";"-";"Total";NA;NA;1;NA;NA;NA;NA;NA;NA;NA;NA;NA;1;NA;NA;NA;NA;NA;NA;NA;NA;NA;NA;NA;NA
35;"SP";3517901;"351790";"Guaraci";"Não";"-";"Total";NA;NA;NA;NA;NA;NA;NA;NA;2;NA;NA;NA;NA;NA;NA;NA;NA;NA;NA;NA;NA;NA;NA;NA;NA
35;"SP";3518008;"351800";"Guarani d'Oeste";"Não";"-";"Total";NA;NA;NA;NA;NA;NA;NA;NA;NA;NA;NA;NA;NA;NA;NA;NA;1;NA;NA;NA;NA;NA;NA;NA;NA
35;"SP";3518107;"351810";"Guarantã";"Não";"-";"Total";NA;1;NA;NA;1;NA;NA;NA;1;NA;NA;NA;1;NA;NA;NA;1;NA;NA;NA;NA;1;1;NA;NA
35;"SP";3518206;"351820";"Guararapes";"Não";"-";"Total";1;NA;NA;NA;2;NA;NA;NA;NA;2;1;3;1;NA;1;1;1;NA;1;1;NA;2;NA;NA;NA
35;"SP";3518305;"351830";"Guararema";"Não";"Região Metropolitana de São Paulo";"Total";NA;1;3;3;NA;NA;NA;NA;2;1;3;2;NA;1;3;3;NA;3;1;2;3;2;3;2;NA
35;"SP";3518404;"351840";"Guaratinguetá";"Não";"Região Metropolitana do Vale do Paraíba e Litoral Norte";"Total";3;4;9;7;6;5;1;10;7;9;6;5;10;8;5;5;8;4;3;9;5;7;6;9;NA
35;"SP";3518503;"351850";"Guareí";"Não";"-";"Total";NA;NA;NA;NA;NA;NA;NA;NA;NA;NA;NA;NA;1;NA;NA;NA;NA;NA;2;2;NA;NA;NA;NA;NA
35;"SP";3518602;"351860";"Guariba";"Não";"Região Metropolitana de Ribeirão Preto";"Total";NA;NA;1;1;2;1;1;NA;NA;NA;NA;2;NA;6;3;3;3;2;1;1;1;NA;3;1;NA
35;"SP";3518701;"351870";"Guarujá";"Não";"Região Metropolitana da Baixada Santista";"Total";4;4;13;6;7;11;31;34;38;17;17;21;33;23;24;30;25;8;11;19;18;17;29;19;NA
35;"SP";3518800;"351880";"Guarulhos";"Não";"Região Metropolitana de São Paulo";"Total";49;56;63;63;58;58;76;101;71;88;78;102;90;80;94;67;60;53;113;69;56;87;70;61;NA
35;"SP";3518859;"351885";"Guatapará";"Não";"Região Metropolitana de Ribeirão Preto";"Total";NA;NA;NA;NA;NA;1;1;NA;NA;NA;NA;NA;2;NA;NA;2;NA;NA;NA;1;NA;1;NA;3;NA
35;"SP";3518909;"351890";"Guzolândia";"Não";"-";"Total";NA;NA;NA;1;NA;NA;1;NA;2;NA;NA;NA;NA;1;NA;NA;1;NA;1;NA;NA;NA;NA;1;NA
35;"SP";3519006;"351900";"Herculândia";"Não";"-";"Total";NA;NA;NA;NA;NA;NA;NA;NA;NA;NA;NA;NA;NA;NA;NA;NA;NA;NA;1;NA;NA;1;NA;2;NA
35;"SP";3519055;"351905";"Holambra";"Não";"Região Metropolitana de Campinas";"Total";NA;NA;NA;NA;1;NA;NA;NA;NA;NA;NA;1;NA;NA;1;NA;NA;1;NA;NA;NA;1;NA;2;NA
35;"SP";3519071;"351907";"Hortolândia";"Não";"Região Metropolitana de Campinas";"Total";3;7;6;2;9;7;14;7;4;6;5;1;1;3;3;8;7;13;8;11;4;6;6;11;NA
35;"SP";3519105;"351910";"Iacanga";"Não";"-";"Total";1;NA;NA;NA;NA;1;NA;NA;NA;NA;NA;NA;NA;NA;3;NA;NA;NA;NA;NA;1;1;NA;1;NA
35;"SP";3519204;"351920";"Iacri";"Não";"-";"Total";1;1;NA;NA;NA;NA;1;NA;NA;NA;1;1;1;1;NA;NA;NA;1;NA;1;NA;NA;NA;NA;NA
35;"SP";3519253;"351925";"Iaras";"Não";"-";"Total";1;NA;NA;NA;NA;NA;NA;NA;NA;NA;NA;NA;NA;NA;NA;NA;1;NA;NA;NA;NA;NA;NA;1;NA
35;"SP";3519303;"351930";"Ibaté";"Não";"-";"Total";1;2;1;1;1;1;1;NA;NA;NA;3;3;1;1;1;NA;1;1;1;1;3;NA;2;NA;NA
35;"SP";3519402;"351940";"Ibirá";"Não";"Região Metropolitana de São José do Rio Preto";"Total";NA;NA;NA;NA;NA;NA;NA;NA;NA;1;NA;NA;NA;NA;NA;NA;NA;1;NA;NA;NA;NA;1;NA;NA
35;"SP";3519501;"351950";"Ibirarema";"Não";"-";"Total";1;1;1;NA;NA;NA;NA;NA;NA;NA;NA;NA;NA;NA;NA;NA;NA;NA;NA;1;1;1;NA;NA;NA
35;"SP";3519600;"351960";"Ibitinga";"Não";"-";"Total";3;1;2;2;NA;1;1;1;2;3;1;NA;2;2;2;NA;2;NA;NA;4;NA;3;2;2;NA
35;"SP";3519709;"351970";"Ibiúna";"Não";"Região Metropolitana de Sorocaba";"Total";NA;5;3;3;3;1;4;5;2;2;1;1;3;1;3;3;3;1;3;3;NA;5;4;3;NA
35;"SP";3519808;"351980";"Icém";"Não";"Região Metropolitana de São José do Rio Preto";"Total";NA;NA;1;1;1;3;NA;4;1;1;1;NA;NA;1;1;1;NA;NA;NA;2;1;1;2;2;NA
35;"SP";3519907;"351990";"Iepê";"Não";"-";"Total";NA;NA;NA;NA;NA;NA;NA;NA;NA;NA;NA;NA;NA;NA;NA;NA;NA;NA;NA;NA;NA;1;NA;NA;NA
35;"SP";3520004;"352000";"Igaraçu do Tietê";"Não";"-";"Total";NA;1;NA;NA;NA;1;NA;NA;NA;NA;1;NA;1;1;1;NA;NA;1;NA;NA;NA;1;1;NA;NA
35;"SP";3520103;"352010";"Igarapava";"Não";"-";"Total";NA;1;NA;NA;NA;2;NA;NA;NA;1;NA;1;NA;NA;1;NA;NA;2;1;3;NA;3;NA;NA;NA
35;"SP";3520202;"352020";"Igaratá";"Não";"Região Metropolitana do Vale do Paraíba e Litoral Norte";"Total";NA;NA;NA;1;1;1;NA;NA;4;NA;1;2;1;1;NA;NA;NA;NA;2;NA;3;1;2;1;NA
35;"SP";3520301;"352030";"Iguape";"Não";"-";"Total";2;1;2;NA;4;2;2;2;NA;NA;3;1;2;1;3;1;3;4;4;4;NA;1;NA;1;NA
35;"SP";3520400;"352040";"Ilhabela";"Não";"Região Metropolitana do Vale do Paraíba e Litoral Norte";"Total";NA;2;2;NA;2;NA;1;2;1;1;NA;NA;2;2;2;1;1;2;NA;NA;NA;NA;NA;1;NA
35;"SP";3520426;"352042";"Ilha Comprida";"Não";"-";"Total";1;NA;NA;NA;NA;NA;NA;NA;NA;NA;NA;1;NA;NA;NA;1;1;NA;NA;NA;NA;2;NA;NA;NA
35;"SP";3520442;"352044";"Ilha Solteira";"Não";"-";"Total";NA;NA;NA;1;NA;NA;NA;2;NA;3;NA;4;4;2;1;1;1;1;3;2;NA;5;1;1;NA
35;"SP";3520509;"352050";"Indaiatuba";"Não";"Região Metropolitana de Campinas";"Total";NA;5;4;6;12;2;7;10;11;5;10;6;5;9;7;6;4;12;10;7;6;11;6;12;NA
35;"SP";3520608;"352060";"Indiana";"Não";"-";"Total";NA;NA;NA;NA;NA;NA;NA;NA;NA;NA;NA;NA;NA;NA;NA;NA;NA;NA;NA;NA;NA;NA;NA;NA;NA
35;"SP";3520707;"352070";"Indiaporã";"Não";"-";"Total";NA;NA;NA;NA;NA;NA;NA;NA;NA;NA;NA;NA;NA;NA;1;NA;NA;NA;NA;NA;NA;NA;NA;NA;NA
35;"SP";3520806;"352080";"Inúbia Paulista";"Não";"-";"Total";NA;NA;NA;NA;NA;NA;NA;NA;3;NA;NA;NA;1;1;NA;NA;NA;1;NA;NA;NA;NA;NA;NA;NA
35;"SP";3520905;"352090";"Ipaussu";"Não";"-";"Total";3;1;1;1;1;1;2;2;NA;3;NA;NA;NA;NA;NA;1;NA;NA;NA;NA;NA;NA;1;NA;NA
35;"SP";3521002;"352100";"Iperó";"Não";"Região Metropolitana de Sorocaba";"Total";1;NA;1;NA;2;NA;NA;1;NA;NA;NA;2;NA;NA;NA;NA;NA;1;1;NA;NA;1;1;1;NA
35;"SP";3521101;"352110";"Ipeúna";"Não";"Região Metropolitana de Piracicaba";"Total";NA;NA;NA;NA;NA;NA;2;NA;NA;1;NA;NA;NA;NA;NA;NA;4;NA;1;NA;NA;NA;NA;NA;NA
35;"SP";3521150;"352115";"Ipiguá";"Não";"Região Metropolitana de São José do Rio Preto";"Total";NA;NA;NA;NA;NA;NA;NA;NA;1;NA;NA;NA;NA;NA;NA;1;NA;NA;NA;NA;NA;NA;NA;1;NA
35;"SP";3521200;"352120";"Iporanga";"Não";"-";"Total";1;NA;1;1;NA;NA;NA;NA;NA;NA;NA;1;NA;NA;NA;NA;NA;1;NA;NA;NA;NA;1;1;NA
35;"SP";3521309;"352130";"Ipuã";"Não";"-";"Total";NA;NA;NA;NA;NA;NA;NA;NA;NA;1;NA;NA;NA;NA;1;1;NA;1;NA;NA;1;3;NA;NA;NA
35;"SP";3521408;"352140";"Iracemápolis";"Não";"Região Metropolitana de Piracicaba";"Total";NA;NA;NA;1;NA;NA;NA;NA;NA;NA;NA;NA;1;NA;1;NA;NA;NA;NA;1;NA;1;1;1;NA
35;"SP";3521507;"352150";"Irapuã";"Não";"Região Metropolitana de São José do Rio Preto";"Total";NA;1;1;NA;NA;NA;NA;NA;NA;NA;NA;NA;NA;NA;NA;NA;NA;NA;NA;NA;NA;NA;1;1;NA
35;"SP";3521606;"352160";"Irapuru";"Não";"-";"Total";2;NA;NA;1;NA;NA;NA;NA;1;1;1;NA;NA;NA;NA;NA;NA;NA;NA;1;NA;NA;1;NA;NA
35;"SP";3521705;"352170";"Itaberá";"Não";"-";"Total";NA;NA;NA;NA;NA;NA;NA;NA;NA;NA;NA;NA;1;2;NA;NA;NA;1;1;NA;NA;1;1;NA;NA
35;"SP";3521804;"352180";"Itaí";"Não";"-";"Total";3;NA;1;NA;NA;1;NA;NA;NA;NA;1;2;NA;NA;1;3;NA;1;NA;1;3;NA;1;1;NA
35;"SP";3521903;"352190";"Itajobi";"Não";"-";"Total";NA;NA;NA;NA;NA;NA;NA;NA;NA;NA;NA;NA;2;NA;NA;NA;NA;1;1;1;3;NA;NA;NA;NA
35;"SP";3522000;"352200";"Itaju";"Não";"-";"Total";NA;NA;NA;NA;NA;NA;NA;NA;NA;NA;NA;NA;NA;NA;NA;NA;NA;NA;NA;NA;NA;NA;NA;NA;NA
35;"SP";3522109;"352210";"Itanhaém";"Não";"Região Metropolitana da Baixada Santista";"Total";8;10;3;4;12;11;9;3;7;2;8;12;7;12;10;11;9;8;14;9;8;17;9;16;NA
35;"SP";3522158;"352215";"Itaoca";"Não";"-";"Total";NA;NA;NA;NA;NA;NA;NA;1;NA;NA;NA;NA;NA;NA;NA;NA;NA;NA;NA;1;NA;NA;NA;NA;NA
35;"SP";3522208;"352220";"Itapecerica da Serra";"Não";"Região Metropolitana de São Paulo";"Total";10;10;7;10;5;6;7;6;10;16;3;12;11;7;5;8;10;4;7;5;5;10;7;6;NA
35;"SP";3522307;"352230";"Itapetininga";"Não";"Região Metropolitana de Sorocaba";"Total";1;2;3;3;1;4;1;1;5;4;3;4;4;3;6;3;2;3;5;5;5;6;2;5;NA
35;"SP";3522406;"352240";"Itapeva";"Não";"-";"Total";2;NA;NA;1;1;NA;1;2;3;1;3;1;2;3;2;5;2;NA;4;7;5;3;8;4;NA
35;"SP";3522505;"352250";"Itapevi";"Não";"Região Metropolitana de São Paulo";"Total";2;6;6;2;9;6;3;3;9;6;12;6;5;4;5;7;9;5;11;4;4;4;11;15;NA
35;"SP";3522604;"352260";"Itapira";"Não";"-";"Total";2;3;3;2;2;1;2;2;2;2;NA;6;5;2;3;2;4;2;3;4;1;3;2;7;NA
35;"SP";3522653;"352265";"Itapirapuã Paulista";"Não";"-";"Total";NA;NA;NA;NA;NA;NA;NA;NA;NA;NA;NA;NA;1;NA;NA;NA;NA;NA;NA;NA;NA;NA;NA;NA;NA
35;"SP";3522703;"352270";"Itápolis";"Não";"-";"Total";NA;NA;NA;NA;3;4;NA;NA;NA;2;1;3;1;3;2;NA;NA;NA;NA;1;1;NA;2;5;NA
35;"SP";3522802;"352280";"Itaporanga";"Não";"-";"Total";NA;NA;1;NA;NA;2;NA;NA;NA;NA;NA;NA;NA;1;NA;NA;NA;2;NA;NA;NA;NA;NA;NA;NA
35;"SP";3522901;"352290";"Itapuí";"Não";"-";"Total";NA;NA;1;NA;NA;1;NA;NA;3;NA;NA;1;NA;NA;NA;NA;NA;1;NA;NA;NA;NA;NA;NA;NA
35;"SP";3523008;"352300";"Itapura";"Não";"-";"Total";NA;NA;1;NA;1;NA;NA;NA;3;NA;NA;NA;NA;NA;NA;NA;NA;NA;1;NA;NA;NA;NA;NA;NA
35;"SP";3523107;"352310";"Itaquaquecetuba";"Não";"Região Metropolitana de São Paulo";"Total";9;7;9;14;8;17;4;14;20;9;13;21;17;22;23;23;17;19;15;12;19;14;7;12;NA
35;"SP";3523206;"352320";"Itararé";"Não";"-";"Total";NA;NA;NA;1;NA;NA;1;NA;NA;NA;NA;NA;1;NA;NA;2;1;NA;NA;NA;NA;NA;2;NA;NA
35;"SP";3523305;"352330";"Itariri";"Não";"-";"Total";3;3;1;3;3;1;3;3;2;1;1;2;4;1;3;1;1;1;1;1;1;2;4;2;NA
35;"SP";3523404;"352340";"Itatiba";"Não";"Região Metropolitana de Campinas";"Total";1;4;5;7;5;3;2;3;1;2;6;1;2;2;2;1;1;6;6;3;3;6;6;6;NA
35;"SP";3523503;"352350";"Itatinga";"Não";"-";"Total";3;NA;1;NA;NA;NA;3;NA;NA;NA;1;NA;NA;1;NA;NA;1;2;NA;NA;1;2;NA;2;NA
35;"SP";3523602;"352360";"Itirapina";"Não";"-";"Total";NA;NA;2;NA;3;2;NA;NA;4;1;1;2;1;NA;1;NA;NA;1;1;NA;1;2;2;NA;NA
35;"SP";3523701;"352370";"Itirapuã";"Não";"-";"Total";1;NA;NA;NA;NA;NA;NA;NA;1;NA;NA;NA;NA;NA;NA;NA;NA;NA;NA;1;1;1;NA;1;NA
35;"SP";3523800;"352380";"Itobi";"Não";"-";"Total";NA;NA;NA;NA;NA;1;NA;NA;NA;NA;NA;NA;NA;NA;NA;NA;1;NA;NA;NA;NA;1;1;1;NA
35;"SP";3523909;"352390";"Itu";"Não";"Região Metropolitana de Sorocaba";"Total";5;6;15;8;9;3;3;15;10;5;19;18;9;12;8;10;8;9;9;13;12;8;13;10;NA
35;"SP";3524006;"352400";"Itupeva";"Não";"Região Metropolitana de Jundiaí";"Total";1;NA;NA;NA;1;1;3;1;4;1;2;NA;1;NA;2;1;NA;5;NA;1;4;7;5;5;NA
35;"SP";3524105;"352410";"Ituverava";"Não";"-";"Total";3;NA;1;2;2;2;NA;6;NA;NA;1;4;3;3;3;1;2;2;NA;1;3;4;2;4;NA
35;"SP";3524204;"352420";"Jaborandi";"Não";"-";"Total";NA;1;2;NA;NA;NA;NA;NA;1;NA;NA;1;1;NA;NA;NA;NA;NA;NA;NA;1;NA;1;NA;NA
35;"SP";3524303;"352430";"Jaboticabal";"Não";"Região Metropolitana de Ribeirão Preto";"Total";3;1;4;1;9;NA;1;1;1;1;1;1;5;6;2;6;3;4;2;4;5;1;4;4;NA
35;"SP";3524402;"352440";"Jacareí";"Não";"Região Metropolitana do Vale do Paraíba e Litoral Norte";"Total";9;4;8;9;2;5;11;9;4;22;7;10;22;7;11;8;10;4;4;11;13;16;12;10;NA
35;"SP";3524501;"352450";"Jaci";"Não";"Região Metropolitana de São José do Rio Preto";"Total";NA;1;1;NA;NA;NA;NA;2;NA;NA;NA;NA;NA;NA;NA;NA;NA;NA;NA;NA;NA;NA;NA;NA;NA
35;"SP";3524600;"352460";"Jacupiranga";"Não";"-";"Total";1;1;2;3;1;1;2;NA;2;1;1;2;2;3;2;2;NA;2;1;1;2;2;NA;1;NA
35;"SP";3524709;"352470";"Jaguariúna";"Não";"Região Metropolitana de Campinas";"Total";1;2;NA;2;2;NA;3;3;2;NA;NA;4;2;2;4;NA;2;2;3;7;2;1;3;5;NA
35;"SP";3524808;"352480";"Jales";"Não";"-";"Total";2;NA;2;2;2;1;2;NA;NA;1;NA;2;1;2;6;1;1;1;NA;4;2;1;NA;1;NA
35;"SP";3524907;"352490";"Jambeiro";"Não";"Região Metropolitana do Vale do Paraíba e Litoral Norte";"Total";NA;1;2;1;2;NA;2;NA;1;NA;NA;NA;NA;NA;1;NA;NA;NA;NA;1;NA;NA;NA;1;NA
35;"SP";3525003;"352500";"Jandira";"Não";"Região Metropolitana de São Paulo";"Total";1;2;2;2;1;2;1;2;3;1;1;4;NA;NA;2;1;4;NA;4;NA;1;NA;NA;3;NA
35;"SP";3525102;"352510";"Jardinópolis";"Não";"Região Metropolitana de Ribeirão Preto";"Total";NA;NA;1;NA;NA;NA;1;NA;1;1;NA;1;NA;1;1;2;NA;NA;NA;2;1;2;3;2;NA
35;"SP";3525201;"352520";"Jarinu";"Não";"Região Metropolitana de Jundiaí";"Total";NA;NA;3;NA;2;2;NA;6;2;1;NA;NA;1;1;NA;2;1;2;1;1;3;3;4;3;NA
35;"SP";3525300;"352530";"Jaú";"Não";"-";"Total";2;3;2;2;11;11;6;3;12;4;7;7;7;3;10;22;7;5;8;10;12;7;4;8;NA
35;"SP";3525409;"352540";"Jeriquara";"Não";"-";"Total";NA;NA;1;NA;NA;NA;NA;NA;1;NA;NA;NA;NA;NA;NA;NA;NA;1;1;NA;NA;NA;NA;NA;NA
35;"SP";3525508;"352550";"Joanópolis";"Não";"-";"Total";NA;NA;NA;NA;NA;1;NA;NA;1;NA;NA;NA;NA;1;NA;NA;NA;1;NA;NA;NA;NA;1;2;NA
35;"SP";3525607;"352560";"João Ramalho";"Não";"-";"Total";NA;1;NA;NA;NA;NA;NA;NA;1;1;2;1;NA;NA;NA;NA;NA;NA;NA;NA;NA;1;NA;1;NA
35;"SP";3525706;"352570";"José Bonifácio";"Não";"Região Metropolitana de São José do Rio Preto";"Total";1;NA;NA;NA;1;1;NA;2;1;2;1;6;NA;3;2;1;2;3;NA;4;2;NA;2;1;NA
35;"SP";3525805;"352580";"Júlio Mesquita";"Não";"-";"Total";NA;NA;NA;1;1;NA;NA;NA;NA;NA;NA;NA;NA;NA;1;NA;NA;1;NA;NA;NA;NA;NA;NA;NA
35;"SP";3525854;"352585";"Jumirim";"Não";"Região Metropolitana de Sorocaba";"Total";NA;NA;NA;NA;NA;1;NA;NA;NA;1;NA;NA;NA;1;NA;NA;NA;NA;NA;1;NA;1;NA;2;NA
35;"SP";3525904;"352590";"Jundiaí";"Não";"Região Metropolitana de Jundiaí";"Total";4;10;13;19;28;17;18;19;21;14;21;27;16;14;23;18;21;27;24;31;18;35;28;26;NA
35;"SP";3526001;"352600";"Junqueirópolis";"Não";"-";"Total";2;NA;NA;NA;NA;1;NA;1;NA;NA;NA;NA;2;1;3;NA;1;1;NA;NA;NA;1;1;1;NA
35;"SP";3526100;"352610";"Juquiá";"Não";"-";"Total";3;1;4;5;4;2;3;2;1;2;1;1;2;3;2;NA;2;1;3;2;6;2;NA;1;NA
35;"SP";3526209;"352620";"Juquitiba";"Não";"Região Metropolitana de São Paulo";"Total";9;1;8;6;2;8;4;NA;1;NA;2;NA;NA;5;2;3;3;2;4;4;2;1;1;NA;NA
35;"SP";3526308;"352630";"Lagoinha";"Não";"Região Metropolitana do Vale do Paraíba e Litoral Norte";"Total";NA;NA;NA;NA;NA;NA;NA;NA;NA;NA;NA;NA;NA;NA;NA;NA;NA;NA;NA;NA;NA;NA;NA;NA;NA
35;"SP";3526407;"352640";"Laranjal Paulista";"Não";"-";"Total";NA;NA;NA;NA;NA;1;2;NA;1;NA;1;1;NA;2;NA;NA;NA;1;NA;NA;1;NA;3;4;NA
35;"SP";3526506;"352650";"Lavínia";"Não";"-";"Total";NA;NA;NA;NA;NA;1;NA;NA;NA;NA;NA;NA;NA;NA;NA;1;2;NA;NA;NA;NA;NA;NA;NA;NA
35;"SP";3526605;"352660";"Lavrinhas";"Não";"Região Metropolitana do Vale do Paraíba e Litoral Norte";"Total";1;1;NA;NA;NA;NA;1;1;2;NA;NA;1;NA;NA;NA;1;NA;1;1;NA;NA;1;1;NA;NA
35;"SP";3526704;"352670";"Leme";"Não";"Região Metropolitana de Piracicaba";"Total";2;NA;NA;3;2;5;2;2;2;NA;3;1;1;3;2;2;2;4;2;3;10;8;5;3;NA
35;"SP";3526803;"352680";"Lençóis Paulista";"Não";"-";"Total";2;1;NA;2;2;1;1;NA;1;NA;NA;1;2;2;3;2;1;3;3;1;2;1;NA;1;NA
35;"SP";3526902;"352690";"Limeira";"Não";"Região Metropolitana de Piracicaba";"Total";8;6;8;7;7;11;5;6;3;3;4;8;8;6;6;18;12;12;7;14;20;23;26;20;NA
35;"SP";3527009;"352700";"Lindóia";"Não";"-";"Total";NA;NA;NA;NA;NA;NA;NA;NA;1;1;NA;NA;NA;NA;NA;NA;NA;NA;NA;NA;NA;NA;NA;NA;NA
35;"SP";3527108;"352710";"Lins";"Não";"-";"Total";NA;2;1;1;NA;1;2;3;2;4;1;2;3;5;2;1;2;5;4;2;8;6;9;4;NA
35;"SP";3527207;"352720";"Lorena";"Não";"Região Metropolitana do Vale do Paraíba e Litoral Norte";"Total";7;3;4;9;8;3;4;8;4;2;2;NA;7;NA;3;7;3;3;2;4;6;2;5;5;NA
35;"SP";3527256;"352725";"Lourdes";"Não";"-";"Total";NA;NA;NA;NA;NA;NA;NA;NA;NA;NA;NA;NA;NA;NA;NA;NA;NA;NA;NA;NA;NA;NA;NA;NA;NA
35;"SP";3527306;"352730";"Louveira";"Não";"Região Metropolitana de Jundiaí";"Total";NA;NA;NA;NA;1;1;1;4;4;NA;NA;1;1;NA;4;2;NA;2;1;1;4;3;2;1;NA
35;"SP";3527405;"352740";"Lucélia";"Não";"-";"Total";NA;1;NA;NA;1;NA;NA;NA;1;NA;NA;NA;1;1;NA;NA;NA;NA;NA;NA;1;1;NA;NA;NA
35;"SP";3527504;"352750";"Lucianópolis";"Não";"-";"Total";NA;1;NA;NA;NA;NA;NA;NA;NA;NA;NA;NA;NA;NA;NA;NA;NA;NA;NA;NA;NA;NA;NA;NA;NA
35;"SP";3527603;"352760";"Luís Antônio";"Não";"Região Metropolitana de Ribeirão Preto";"Total";NA;NA;NA;NA;NA;1;NA;NA;2;NA;NA;NA;NA;NA;1;NA;NA;1;1;1;1;1;NA;1;NA
35;"SP";3527702;"352770";"Luiziânia";"Não";"-";"Total";NA;NA;NA;NA;NA;NA;NA;NA;NA;NA;NA;1;NA;NA;NA;NA;NA;NA;NA;NA;NA;NA;NA;NA;NA
35;"SP";3527801;"352780";"Lupércio";"Não";"-";"Total";NA;NA;NA;NA;NA;NA;NA;NA;NA;NA;1;NA;NA;1;1;NA;NA;NA;NA;NA;NA;2;NA;NA;NA
35;"SP";3527900;"352790";"Lutécia";"Não";"-";"Total";NA;NA;NA;NA;NA;NA;NA;NA;NA;NA;NA;NA;NA;NA;NA;NA;NA;NA;NA;NA;NA;NA;NA;NA;NA
35;"SP";3528007;"352800";"Macatuba";"Não";"-";"Total";1;NA;NA;1;NA;1;1;NA;NA;1;NA;NA;NA;NA;3;NA;NA;NA;NA;NA;2;2;NA;2;NA
35;"SP";3528106;"352810";"Macaubal";"Não";"Região Metropolitana de São José do Rio Preto";"Total";NA;NA;NA;NA;NA;NA;NA;NA;NA;NA;NA;NA;1;NA;NA;1;NA;NA;NA;NA;NA;NA;NA;NA;NA
35;"SP";3528205;"352820";"Macedônia";"Não";"-";"Total";NA;NA;NA;NA;NA;1;NA;NA;NA;NA;NA;NA;NA;NA;NA;NA;NA;NA;NA;1;NA;NA;NA;NA;NA
35;"SP";3528304;"352830";"Magda";"Não";"-";"Total";NA;NA;NA;NA;NA;NA;NA;NA;NA;NA;NA;NA;NA;NA;1;NA;NA;NA;NA;NA;NA;NA;NA;NA;NA
35;"SP";3528403;"352840";"Mairinque";"Não";"Região Metropolitana de Sorocaba";"Total";1;NA;4;4;2;2;1;3;3;NA;3;3;2;3;2;5;2;4;7;3;NA;3;2;2;NA
35;"SP";3528502;"352850";"Mairiporã";"Não";"Região Metropolitana de São Paulo";"Total";7;5;7;8;3;14;7;8;5;4;10;5;7;7;5;7;4;6;4;3;6;5;6;3;NA
35;"SP";3528601;"352860";"Manduri";"Não";"-";"Total";NA;NA;NA;NA;NA;NA;NA;NA;NA;NA;NA;2;NA;NA;NA;NA;NA;NA;1;2;1;NA;NA;2;NA
35;"SP";3528700;"352870";"Marabá Paulista";"Não";"-";"Total";NA;NA;1;NA;NA;NA;NA;NA;2;1;1;NA;1;2;NA;1;NA;NA;NA;NA;NA;NA;1;1;NA
35;"SP";3528809;"352880";"Maracaí";"Não";"-";"Total";NA;NA;NA;NA;1;NA;NA;NA;1;NA;NA;NA;NA;NA;1;1;1;1;1;NA;NA;NA;2;NA;NA
35;"SP";3528858;"352885";"Marapoama";"Não";"-";"Total";NA;NA;NA;NA;NA;NA;NA;NA;NA;NA;NA;NA;NA;NA;NA;NA;NA;NA;NA;1;NA;1;NA;NA;NA
35;"SP";3528908;"352890";"Mariápolis";"Não";"-";"Total";NA;NA;NA;NA;NA;NA;NA;NA;NA;NA;NA;NA;NA;NA;NA;NA;NA;NA;NA;NA;NA;NA;NA;NA;NA
35;"SP";3529005;"352900";"Marília";"Não";"-";"Total";14;9;8;10;17;12;17;12;8;16;15;6;16;7;12;9;13;12;14;9;13;13;12;18;NA
35;"SP";3529104;"352910";"Marinópolis";"Não";"-";"Total";NA;NA;NA;NA;NA;NA;NA;NA;NA;NA;NA;NA;NA;NA;NA;NA;NA;NA;NA;NA;NA;NA;NA;NA;NA
35;"SP";3529203;"352920";"Martinópolis";"Não";"-";"Total";1;NA;NA;NA;1;NA;NA;NA;1;1;NA;2;2;NA;1;1;2;1;NA;2;1;NA;2;3;NA
35;"SP";3529302;"352930";"Matão";"Não";"-";"Total";3;4;1;4;5;4;3;4;2;6;NA;5;1;5;NA;4;1;3;4;3;3;3;5;3;NA
35;"SP";3529401;"352940";"Mauá";"Não";"Região Metropolitana de São Paulo";"Total";8;6;11;6;4;6;5;5;8;8;3;3;5;10;9;5;7;7;2;5;6;4;2;4;NA
35;"SP";3529500;"352950";"Mendonça";"Não";"Região Metropolitana de São José do Rio Preto";"Total";NA;NA;NA;NA;NA;1;NA;NA;NA;1;NA;NA;NA;1;NA;NA;1;NA;NA;1;NA;NA;NA;NA;NA
35;"SP";3529609;"352960";"Meridiano";"Não";"-";"Total";NA;NA;NA;NA;NA;NA;NA;NA;NA;NA;1;NA;NA;NA;NA;1;NA;1;NA;NA;NA;NA;NA;NA;NA
35;"SP";3529658;"352965";"Mesópolis";"Não";"-";"Total";NA;NA;NA;NA;NA;NA;NA;NA;NA;NA;NA;1;NA;NA;NA;NA;NA;NA;NA;NA;NA;NA;NA;NA;NA
35;"SP";3529708;"352970";"Miguelópolis";"Não";"-";"Total";NA;NA;NA;1;NA;1;NA;NA;NA;NA;NA;NA;NA;NA;1;NA;3;NA;NA;1;4;1;NA;1;NA
35;"SP";3529807;"352980";"Mineiros do Tietê";"Não";"-";"Total";NA;NA;NA;NA;1;NA;NA;NA;NA;NA;NA;NA;1;1;NA;NA;NA;NA;1;NA;NA;2;1;NA;NA
35;"SP";3529906;"352990";"Miracatu";"Não";"-";"Total";6;3;4;7;10;7;7;3;7;6;8;4;8;4;2;6;5;4;8;4;11;1;2;1;NA
35;"SP";3530003;"353000";"Mira Estrela";"Não";"-";"Total";NA;NA;NA;NA;NA;NA;NA;NA;NA;NA;NA;NA;NA;NA;NA;1;NA;NA;NA;NA;NA;NA;NA;NA;NA
35;"SP";3530102;"353010";"Mirandópolis";"Não";"-";"Total";NA;NA;NA;1;NA;NA;NA;NA;NA;1;NA;NA;NA;NA;2;NA;NA;NA;NA;1;1;1;2;1;NA
35;"SP";3530201;"353020";"Mirante do Paranapanema";"Não";"-";"Total";NA;NA;2;1;1;NA;1;3;NA;2;1;1;NA;NA;2;1;2;3;NA;2;NA;4;2;1;NA
35;"SP";3530300;"353030";"Mirassol";"Não";"Região Metropolitana de São José do Rio Preto";"Total";2;2;2;1;1;1;1;NA;3;5;NA;1;1;3;4;1;1;1;2;2;1;1;1;2;NA
35;"SP";3530409;"353040";"Mirassolândia";"Não";"Região Metropolitana de São José do Rio Preto";"Total";NA;NA;NA;NA;NA;1;NA;NA;NA;NA;NA;NA;NA;1;NA;NA;1;NA;NA;NA;NA;NA;NA;NA;NA
35;"SP";3530508;"353050";"Mococa";"Não";"Região Metropolitana de Ribeirão Preto";"Total";NA;NA;3;2;1;NA;NA;NA;NA;1;1;NA;1;2;NA;4;1;2;4;1;NA;4;7;4;NA
35;"SP";3530607;"353060";"Mogi das Cruzes";"Não";"Região Metropolitana de São Paulo";"Total";3;11;16;11;11;4;7;13;11;15;20;26;28;22;19;17;15;27;30;27;22;35;29;27;NA
35;"SP";3530706;"353070";"Mogi Guaçu";"Não";"-";"Total";5;5;1;1;2;2;3;1;3;NA;NA;5;3;6;5;2;5;6;5;5;4;4;4;5;NA
35;"SP";3530805;"353080";"Mogi Mirim";"Não";"-";"Total";3;5;3;2;3;3;4;2;3;5;4;3;2;4;4;4;2;1;3;7;5;3;4;4;NA
35;"SP";3530904;"353090";"Mombuca";"Não";"Região Metropolitana de Piracicaba";"Total";NA;1;NA;1;NA;NA;NA;NA;NA;NA;NA;NA;NA;NA;1;NA;NA;1;NA;NA;1;NA;NA;NA;NA
35;"SP";3531001;"353100";"Monções";"Não";"-";"Total";NA;NA;NA;NA;NA;NA;NA;NA;NA;NA;NA;NA;1;NA;NA;NA;NA;NA;NA;NA;NA;NA;NA;NA;NA
35;"SP";3531100;"353110";"Mongaguá";"Não";"Região Metropolitana da Baixada Santista";"Total";2;5;7;6;3;7;4;5;4;5;6;3;6;3;2;4;2;1;1;5;1;7;4;9;NA
35;"SP";3531209;"353120";"Monte Alegre do Sul";"Não";"-";"Total";1;NA;NA;NA;NA;NA;1;NA;NA;NA;NA;NA;NA;NA;NA;NA;NA;NA;NA;NA;1;1;1;NA;NA
35;"SP";3531308;"353130";"Monte Alto";"Não";"Região Metropolitana de Ribeirão Preto";"Total";NA;4;NA;1;1;NA;NA;1;1;NA;NA;2;1;1;NA;2;1;1;2;NA;1;3;NA;2;NA
35;"SP";3531407;"353140";"Monte Aprazível";"Não";"Região Metropolitana de São José do Rio Preto";"Total";1;NA;NA;NA;NA;1;1;1;1;NA;NA;NA;3;NA;NA;1;2;1;1;NA;1;NA;1;4;NA
35;"SP";3531506;"353150";"Monte Azul Paulista";"Não";"-";"Total";NA;NA;NA;NA;1;NA;NA;2;NA;NA;2;1;NA;1;1;NA;1;NA;NA;NA;NA;1;NA;1;NA
35;"SP";3531605;"353160";"Monte Castelo";"Não";"-";"Total";NA;NA;NA;NA;1;NA;NA;NA;NA;NA;NA;1;NA;NA;NA;NA;NA;NA;NA;NA;1;NA;NA;NA;NA
35;"SP";3531704;"353170";"Monteiro Lobato";"Não";"Região Metropolitana do Vale do Paraíba e Litoral Norte";"Total";NA;NA;1;NA;NA;1;NA;NA;NA;NA;NA;NA;NA;NA;NA;NA;NA;NA;NA;NA;NA;NA;NA;NA;NA
35;"SP";3531803;"353180";"Monte Mor";"Não";"Região Metropolitana de Campinas";"Total";3;1;4;5;3;9;NA;7;5;1;3;3;1;4;4;6;1;3;4;4;3;5;4;3;NA
35;"SP";3531902;"353190";"Morro Agudo";"Não";"Região Metropolitana de Ribeirão Preto";"Total";1;NA;NA;NA;3;NA;3;1;1;1;NA;2;NA;3;NA;1;1;1;1;NA;2;1;NA;1;NA
35;"SP";3532009;"353200";"Morungaba";"Não";"Região Metropolitana de Campinas";"Total";NA;NA;NA;NA;NA;NA;NA;NA;NA;NA;NA;NA;NA;NA;NA;NA;1;NA;NA;NA;NA;1;1;NA;NA
35;"SP";3532058;"353205";"Motuca";"Não";"-";"Total";NA;NA;1;NA;NA;NA;NA;NA;NA;1;NA;NA;NA;NA;NA;NA;NA;4;NA;1;NA;NA;NA;NA;NA
35;"SP";3532108;"353210";"Murutinga do Sul";"Não";"-";"Total";NA;NA;NA;NA;NA;NA;NA;NA;NA;NA;1;NA;NA;NA;NA;NA;NA;NA;NA;NA;NA;NA;NA;NA;NA
35;"SP";3532157;"353215";"Nantes";"Não";"-";"Total";NA;NA;NA;NA;NA;NA;NA;NA;NA;NA;NA;NA;NA;NA;NA;NA;NA;NA;NA;NA;NA;NA;NA;NA;NA
35;"SP";3532207;"353220";"Narandiba";"Não";"-";"Total";NA;NA;NA;NA;NA;NA;NA;NA;1;NA;1;NA;NA;NA;NA;NA;NA;1;NA;NA;NA;NA;NA;NA;NA
35;"SP";3532306;"353230";"Natividade da Serra";"Não";"Região Metropolitana do Vale do Paraíba e Litoral Norte";"Total";NA;NA;NA;NA;1;NA;NA;NA;NA;NA;NA;NA;NA;NA;NA;NA;NA;NA;NA;NA;NA;NA;NA;NA;NA
35;"SP";3532405;"353240";"Nazaré Paulista";"Não";"-";"Total";10;NA;1;NA;2;2;NA;NA;NA;NA;NA;1;1;NA;1;1;1;2;2;3;2;1;1;2;NA
35;"SP";3532504;"353250";"Neves Paulista";"Não";"Região Metropolitana de São José do Rio Preto";"Total";3;NA;NA;NA;NA;1;NA;NA;NA;NA;NA;NA;NA;NA;NA;NA;NA;NA;NA;NA;NA;NA;NA;1;NA
35;"SP";3532603;"353260";"Nhandeara";"Não";"-";"Total";NA;1;NA;NA;1;NA;NA;NA;NA;NA;NA;NA;1;1;NA;1;1;NA;NA;1;NA;NA;1;NA;NA
35;"SP";3532702;"353270";"Nipoã";"Não";"Região Metropolitana de São José do Rio Preto";"Total";NA;NA;NA;NA;1;NA;NA;NA;NA;2;NA;NA;NA;NA;NA;2;1;NA;NA;NA;1;1;2;NA;NA
35;"SP";3532801;"353280";"Nova Aliança";"Não";"Região Metropolitana de São José do Rio Preto";"Total";NA;NA;NA;NA;NA;NA;NA;NA;NA;NA;NA;NA;NA;NA;NA;1;NA;NA;NA;NA;NA;NA;NA;NA;NA
35;"SP";3532827;"353282";"Nova Campina";"Não";"-";"Total";NA;NA;NA;1;NA;NA;NA;NA;NA;NA;NA;NA;NA;NA;NA;NA;NA;NA;NA;NA;NA;NA;NA;NA;NA
35;"SP";3532843;"353284";"Nova Canaã Paulista";"Não";"-";"Total";NA;NA;NA;NA;NA;NA;NA;NA;NA;NA;NA;NA;NA;NA;NA;NA;NA;NA;NA;NA;NA;NA;NA;NA;NA
35;"SP";3532868;"353286";"Nova Castilho";"Não";"-";"Total";NA;NA;NA;NA;NA;NA;NA;NA;NA;NA;NA;NA;NA;NA;NA;NA;NA;NA;NA;NA;NA;NA;NA;NA;NA
35;"SP";3532900;"353290";"Nova Europa";"Não";"-";"Total";2;1;NA;NA;NA;NA;NA;NA;NA;NA;1;NA;NA;NA;NA;NA;NA;NA;NA;NA;NA;1;NA;1;NA
35;"SP";3533007;"353300";"Nova Granada";"Não";"Região Metropolitana de São José do Rio Preto";"Total";NA;NA;1;NA;1;1;NA;NA;NA;NA;NA;NA;NA;1;NA;NA;1;NA;1;1;3;NA;1;2;NA
35;"SP";3533106;"353310";"Nova Guataporanga";"Não";"-";"Total";NA;NA;NA;NA;NA;NA;NA;1;NA;NA;NA;NA;NA;NA;NA;NA;NA;NA;NA;NA;NA;NA;NA;NA;NA
35;"SP";3533205;"353320";"Nova Independência";"Não";"-";"Total";NA;NA;NA;NA;NA;NA;NA;NA;NA;1;NA;NA;1;NA;NA;NA;NA;NA;NA;NA;NA;NA;NA;NA;NA
35;"SP";3533254;"353325";"Novais";"Não";"-";"Total";NA;NA;NA;NA;NA;NA;NA;NA;NA;NA;NA;NA;NA;NA;NA;NA;NA;NA;NA;1;NA;NA;NA;NA;NA
35;"SP";3533304;"353330";"Nova Luzitânia";"Não";"-";"Total";NA;NA;NA;NA;NA;NA;NA;NA;NA;NA;NA;NA;1;NA;NA;NA;NA;NA;NA;NA;NA;NA;NA;1;NA
35;"SP";3533403;"353340";"Nova Odessa";"Não";"Região Metropolitana de Campinas";"Total";1;NA;1;4;1;1;NA;2;1;3;1;NA;1;NA;NA;4;2;NA;2;NA;3;1;1;1;NA
35;"SP";3533502;"353350";"Novo Horizonte";"Não";"-";"Total";NA;NA;NA;1;NA;1;1;NA;1;1;NA;NA;NA;NA;NA;NA;1;NA;1;4;1;NA;1;2;NA
35;"SP";3533601;"353360";"Nuporanga";"Não";"Região Metropolitana de Ribeirão Preto";"Total";NA;NA;NA;NA;1;NA;NA;NA;NA;1;NA;NA;NA;NA;NA;NA;1;1;NA;NA;NA;2;NA;NA;NA
35;"SP";3533700;"353370";"Ocauçu";"Não";"-";"Total";NA;NA;NA;3;NA;1;NA;NA;NA;NA;NA;NA;NA;2;NA;1;NA;NA;1;NA;2;NA;NA;NA;NA
35;"SP";3533809;"353380";"Óleo";"Não";"-";"Total";1;NA;NA;NA;NA;NA;NA;NA;NA;NA;NA;NA;NA;NA;NA;NA;NA;NA;NA;NA;NA;NA;NA;NA;NA
35;"SP";3533908;"353390";"Olímpia";"Não";"Região Metropolitana de São José do Rio Preto";"Total";1;2;2;NA;1;1;2;3;4;4;2;3;2;2;8;4;NA;3;NA;2;NA;1;1;1;NA
35;"SP";3534005;"353400";"Onda Verde";"Não";"Região Metropolitana de São José do Rio Preto";"Total";NA;NA;NA;1;NA;NA;NA;1;NA;NA;NA;NA;NA;NA;NA;1;NA;NA;NA;NA;NA;2;NA;1;NA
35;"SP";3534104;"353410";"Oriente";"Não";"-";"Total";NA;NA;NA;1;NA;NA;NA;NA;NA;NA;NA;NA;NA;NA;NA;NA;NA;1;1;NA;2;1;NA;NA;NA
35;"SP";3534203;"353420";"Orindiúva";"Não";"Região Metropolitana de São José do Rio Preto";"Total";NA;NA;NA;NA;NA;1;NA;NA;NA;NA;NA;1;1;NA;NA;NA;NA;NA;NA;NA;2;1;NA;1;NA
35;"SP";3534302;"353430";"Orlândia";"Não";"Região Metropolitana de Ribeirão Preto";"Total";2;3;NA;1;NA;NA;2;1;2;1;3;7;4;1;2;NA;1;1;NA;1;NA;2;1;2;NA
35;"SP";3534401;"353440";"Osasco";"Não";"Região Metropolitana de São Paulo";"Total";10;22;22;24;33;37;33;39;47;20;33;31;41;25;40;34;35;23;18;23;22;46;30;41;NA
35;"SP";3534500;"353450";"Oscar Bressane";"Não";"-";"Total";NA;NA;NA;NA;NA;NA;NA;NA;NA;NA;NA;NA;NA;NA;NA;1;NA;NA;NA;NA;NA;NA;NA;NA;NA
35;"SP";3534609;"353460";"Osvaldo Cruz";"Não";"-";"Total";NA;1;3;1;NA;1;NA;1;3;2;1;2;NA;NA;2;NA;NA;NA;NA;3;1;NA;1;NA;NA
35;"SP";3534708;"353470";"Ourinhos";"Não";"-";"Total";5;3;6;6;3;9;6;5;1;9;2;5;5;5;7;7;5;3;4;2;4;3;6;4;NA
35;"SP";3534757;"353475";"Ouroeste";"Não";"-";"Total";NA;NA;NA;NA;1;NA;NA;NA;NA;NA;NA;NA;NA;2;NA;1;NA;NA;NA;NA;NA;NA;NA;NA;NA
35;"SP";3534807;"353480";"Ouro Verde";"Não";"-";"Total";NA;NA;NA;NA;NA;1;NA;1;NA;NA;1;NA;NA;1;NA;NA;NA;NA;1;1;NA;NA;NA;NA;NA
35;"SP";3534906;"353490";"Pacaembu";"Não";"-";"Total";NA;1;NA;NA;NA;NA;1;2;NA;NA;NA;1;1;NA;NA;1;NA;1;NA;1;NA;NA;3;NA;NA
35;"SP";3535002;"353500";"Palestina";"Não";"Região Metropolitana de São José do Rio Preto";"Total";NA;3;NA;NA;1;NA;NA;NA;1;NA;NA;NA;1;2;NA;NA;NA;NA;NA;1;NA;2;2;1;NA
35;"SP";3535101;"353510";"Palmares Paulista";"Não";"-";"Total";NA;NA;NA;NA;NA;NA;1;NA;1;1;1;1;NA;1;NA;NA;NA;NA;NA;NA;1;NA;NA;NA;NA
35;"SP";3535200;"353520";"Palmeira d'Oeste";"Não";"-";"Total";NA;NA;NA;NA;1;NA;NA;NA;NA;NA;2;NA;NA;NA;1;1;NA;1;NA;1;NA;1;NA;1;NA
35;"SP";3535309;"353530";"Palmital";"Não";"-";"Total";2;NA;NA;NA;NA;NA;NA;NA;NA;NA;NA;NA;NA;NA;NA;NA;NA;NA;NA;1;1;NA;NA;NA;NA
35;"SP";3535408;"353540";"Panorama";"Não";"-";"Total";NA;1;NA;NA;1;NA;2;NA;2;1;NA;NA;2;NA;NA;NA;1;1;1;1;NA;NA;1;NA;NA
35;"SP";3535507;"353550";"Paraguaçu Paulista";"Não";"-";"Total";NA;2;NA;1;1;1;1;NA;NA;NA;1;2;1;2;1;NA;1;NA;3;2;2;4;2;NA;NA
35;"SP";3535606;"353560";"Paraibuna";"Não";"Região Metropolitana do Vale do Paraíba e Litoral Norte";"Total";1;1;2;NA;1;NA;NA;1;3;NA;3;2;1;2;1;1;NA;NA;NA;NA;NA;NA;2;NA;NA
35;"SP";3535705;"353570";"Paraíso";"Não";"-";"Total";NA;NA;1;NA;1;1;NA;NA;NA;NA;NA;NA;NA;NA;NA;NA;NA;NA;NA;NA;2;NA;NA;NA;NA
35;"SP";3535804;"353580";"Paranapanema";"Não";"-";"Total";NA;2;1;2;2;1;NA;NA;NA;NA;NA;NA;NA;NA;NA;1;NA;NA;1;NA;1;3;1;NA;NA
35;"SP";3535903;"353590";"Paranapuã";"Não";"-";"Total";NA;NA;NA;NA;NA;NA;NA;NA;NA;NA;NA;NA;NA;NA;NA;NA;1;NA;NA;NA;NA;NA;NA;NA;NA
35;"SP";3536000;"353600";"Parapuã";"Não";"-";"Total";2;2;1;NA;1;NA;NA;NA;1;2;NA;3;4;NA;2;2;NA;3;1;2;5;NA;1;3;NA
35;"SP";3536109;"353610";"Pardinho";"Não";"-";"Total";NA;NA;1;NA;NA;NA;NA;NA;NA;2;NA;NA;1;1;NA;NA;NA;NA;NA;NA;1;1;NA;NA;NA
35;"SP";3536208;"353620";"Pariquera-Açu";"Não";"-";"Total";5;7;3;8;3;11;1;3;3;6;8;6;10;10;12;6;6;11;5;7;3;6;5;4;NA
35;"SP";3536257;"353625";"Parisi";"Não";"-";"Total";NA;NA;NA;NA;NA;NA;NA;NA;NA;NA;1;NA;NA;NA;NA;NA;NA;NA;NA;NA;NA;NA;NA;NA;NA
35;"SP";3536307;"353630";"Patrocínio Paulista";"Não";"-";"Total";1;2;NA;1;NA;NA;NA;NA;NA;1;NA;2;1;NA;NA;NA;NA;1;NA;NA;NA;NA;NA;1;NA
35;"SP";3536406;"353640";"Paulicéia";"Não";"-";"Total";NA;NA;1;NA;NA;NA;NA;NA;1;1;NA;NA;1;NA;NA;2;1;NA;NA;NA;NA;NA;NA;NA;NA
35;"SP";3536505;"353650";"Paulínia";"Não";"Região Metropolitana de Campinas";"Total";NA;1;2;NA;2;1;4;7;1;NA;4;7;4;2;3;1;NA;2;5;2;2;6;3;7;NA
35;"SP";3536570;"353657";"Paulistânia";"Não";"-";"Total";NA;NA;NA;NA;NA;NA;NA;NA;NA;NA;NA;NA;NA;NA;NA;NA;NA;NA;NA;NA;NA;NA;NA;NA;NA
35;"SP";3536604;"353660";"Paulo de Faria";"Não";"Região Metropolitana de São José do Rio Preto";"Total";NA;1;NA;1;NA;NA;NA;NA;NA;1;2;NA;1;NA;1;NA;NA;NA;1;NA;NA;2;1;NA;NA
35;"SP";3536703;"353670";"Pederneiras";"Não";"-";"Total";NA;3;NA;NA;1;2;1;NA;NA;NA;1;NA;1;1;2;3;1;1;1;2;7;1;3;1;NA
35;"SP";3536802;"353680";"Pedra Bela";"Não";"-";"Total";NA;NA;NA;NA;NA;NA;NA;NA;NA;NA;NA;NA;NA;NA;NA;NA;NA;NA;NA;1;NA;NA;NA;NA;NA
35;"SP";3536901;"353690";"Pedranópolis";"Não";"-";"Total";NA;NA;NA;NA;NA;NA;NA;NA;NA;NA;NA;NA;NA;NA;NA;NA;NA;NA;NA;NA;NA;NA;NA;NA;NA
35;"SP";3537008;"353700";"Pedregulho";"Não";"-";"Total";1;NA;NA;1;NA;1;NA;NA;1;2;NA;NA;NA;NA;2;NA;NA;NA;NA;1;1;NA;1;1;NA
35;"SP";3537107;"353710";"Pedreira";"Não";"Região Metropolitana de Campinas";"Total";NA;4;NA;NA;1;1;1;NA;NA;NA;NA;NA;1;NA;1;1;NA;1;NA;1;1;NA;1;NA;NA
35;"SP";3537156;"353715";"Pedrinhas Paulista";"Não";"-";"Total";NA;NA;NA;NA;NA;NA;NA;NA;NA;NA;NA;NA;NA;NA;NA;NA;NA;NA;NA;NA;NA;NA;NA;NA;NA
35;"SP";3537206;"353720";"Pedro de Toledo";"Não";"-";"Total";1;2;1;1;1;1;NA;NA;NA;NA;NA;1;2;NA;NA;2;2;NA;2;NA;1;1;1;NA;NA
35;"SP";3537305;"353730";"Penápolis";"Não";"-";"Total";NA;NA;2;5;4;4;1;2;1;2;1;5;5;2;1;2;NA;2;1;3;2;5;3;4;NA
35;"SP";3537404;"353740";"Pereira Barreto";"Não";"-";"Total";1;2;NA;NA;NA;NA;1;NA;1;NA;5;5;5;NA;6;1;1;NA;1;2;1;1;1;NA;NA
35;"SP";3537503;"353750";"Pereiras";"Não";"-";"Total";NA;NA;NA;NA;NA;1;1;NA;NA;NA;NA;NA;1;NA;NA;NA;NA;NA;2;1;NA;NA;NA;NA;NA
35;"SP";3537602;"353760";"Peruíbe";"Não";"Região Metropolitana da Baixada Santista";"Total";3;2;5;3;5;9;3;2;5;4;3;NA;4;4;2;5;2;4;2;5;7;5;4;6;NA
35;"SP";3537701;"353770";"Piacatu";"Não";"-";"Total";NA;NA;NA;NA;NA;NA;NA;NA;NA;2;NA;NA;NA;NA;1;NA;NA;NA;NA;NA;2;2;NA;NA;NA
35;"SP";3537800;"353780";"Piedade";"Não";"Região Metropolitana de Sorocaba";"Total";NA;2;1;NA;1;NA;2;1;NA;NA;1;4;1;1;2;1;1;NA;3;2;1;1;2;4;NA
35;"SP";3537909;"353790";"Pilar do Sul";"Não";"Região Metropolitana de Sorocaba";"Total";NA;NA;NA;1;NA;NA;1;NA;NA;NA;1;1;2;2;2;NA;1;NA;NA;NA;2;NA;NA;NA;NA
35;"SP";3538006;"353800";"Pindamonhangaba";"Não";"Região Metropolitana do Vale do Paraíba e Litoral Norte";"Total";8;2;1;4;4;2;8;6;3;2;7;2;5;3;6;2;8;3;3;3;7;4;5;4;NA
35;"SP";3538105;"353810";"Pindorama";"Não";"-";"Total";NA;NA;NA;NA;NA;NA;NA;NA;NA;NA;NA;1;NA;NA;NA;NA;NA;NA;1;NA;NA;1;2;1;NA
35;"SP";3538204;"353820";"Pinhalzinho";"Não";"-";"Total";NA;NA;NA;1;NA;NA;NA;NA;1;NA;NA;NA;NA;NA;1;NA;NA;NA;2;NA;NA;NA;2;NA;NA
35;"SP";3538303;"353830";"Piquerobi";"Não";"-";"Total";NA;NA;NA;NA;1;NA;NA;1;NA;NA;NA;NA;NA;NA;NA;NA;NA;NA;NA;NA;NA;1;NA;NA;NA
35;"SP";3538501;"353850";"Piquete";"Não";"Região Metropolitana do Vale do Paraíba e Litoral Norte";"Total";NA;NA;NA;NA;1;1;NA;NA;NA;NA;NA;NA;NA;NA;NA;1;NA;NA;NA;NA;NA;NA;NA;NA;NA
35;"SP";3538600;"353860";"Piracaia";"Não";"-";"Total";NA;NA;NA;NA;NA;NA;NA;NA;NA;NA;NA;NA;NA;1;2;NA;1;NA;2;1;NA;NA;1;NA;NA
35;"SP";3538709;"353870";"Piracicaba";"Não";"Região Metropolitana de Piracicaba";"Total";7;4;12;11;4;15;12;13;10;19;15;17;18;13;22;22;10;27;13;18;12;13;20;18;NA
35;"SP";3538808;"353880";"Piraju";"Não";"-";"Total";1;1;1;NA;1;NA;NA;2;NA;1;NA;NA;NA;NA;NA;NA;NA;2;NA;NA;NA;1;NA;NA;NA
35;"SP";3538907;"353890";"Pirajuí";"Não";"-";"Total";NA;2;NA;NA;NA;1;1;NA;1;1;2;1;1;1;NA;NA;NA;NA;NA;NA;1;3;NA;NA;NA
35;"SP";3539004;"353900";"Pirangi";"Não";"-";"Total";NA;NA;NA;NA;NA;NA;2;NA;NA;NA;NA;1;NA;NA;NA;NA;NA;1;NA;NA;1;NA;NA;NA;NA
35;"SP";3539103;"353910";"Pirapora do Bom Jesus";"Não";"Região Metropolitana de São Paulo";"Total";NA;NA;1;2;NA;NA;1;NA;NA;NA;1;NA;2;NA;NA;NA;3;NA;NA;NA;NA;4;NA;1;NA
35;"SP";3539202;"353920";"Pirapozinho";"Não";"-";"Total";NA;1;NA;1;3;NA;1;2;1;NA;2;NA;1;2;1;NA;NA;1;NA;2;NA;2;NA;2;NA
35;"SP";3539301;"353930";"Pirassununga";"Não";"Região Metropolitana de Piracicaba";"Total";2;1;2;1;5;2;2;7;5;3;2;5;8;NA;3;1;1;3;4;2;2;1;4;5;NA
35;"SP";3539400;"353940";"Piratininga";"Não";"-";"Total";NA;1;NA;NA;NA;2;1;NA;NA;NA;NA;NA;NA;1;NA;NA;1;NA;NA;NA;2;1;1;1;NA
35;"SP";3539509;"353950";"Pitangueiras";"Não";"Região Metropolitana de Ribeirão Preto";"Total";1;1;NA;NA;3;NA;1;1;NA;2;1;1;1;2;1;1;2;1;2;NA;NA;NA;3;2;NA
35;"SP";3539608;"353960";"Planalto";"Não";"Região Metropolitana de São José do Rio Preto";"Total";NA;NA;NA;NA;1;NA;NA;NA;NA;NA;1;NA;NA;1;NA;NA;1;NA;1;NA;1;NA;NA;1;NA
35;"SP";3539707;"353970";"Platina";"Não";"-";"Total";NA;NA;NA;NA;NA;NA;NA;NA;NA;NA;NA;1;NA;NA;NA;NA;NA;NA;NA;NA;NA;NA;NA;NA;NA
35;"SP";3539806;"353980";"Poá";"Não";"Região Metropolitana de São Paulo";"Total";NA;NA;1;4;NA;1;2;NA;NA;1;NA;NA;3;2;2;1;2;NA;NA;1;NA;1;2;1;NA
35;"SP";3539905;"353990";"Poloni";"Não";"Região Metropolitana de São José do Rio Preto";"Total";NA;NA;NA;NA;NA;NA;NA;NA;NA;1;1;NA;1;2;NA;NA;NA;NA;1;NA;NA;NA;3;NA;NA
35;"SP";3540002;"354000";"Pompéia";"Não";"-";"Total";NA;1;NA;3;1;NA;1;NA;1;NA;NA;1;NA;NA;1;1;3;NA;NA;1;1;NA;1;1;NA
35;"SP";3540101;"354010";"Pongaí";"Não";"-";"Total";NA;NA;NA;NA;NA;NA;NA;NA;NA;NA;NA;1;NA;NA;NA;NA;1;1;1;NA;NA;NA;NA;NA;NA
35;"SP";3540200;"354020";"Pontal";"Não";"Região Metropolitana de Ribeirão Preto";"Total";NA;1;2;1;1;4;NA;1;1;1;5;3;4;2;2;2;2;2;NA;1;1;2;NA;2;NA
35;"SP";3540259;"354025";"Pontalinda";"Não";"-";"Total";NA;NA;NA;NA;NA;NA;NA;NA;NA;NA;NA;NA;NA;NA;NA;1;NA;NA;NA;1;NA;NA;NA;NA;NA
35;"SP";3540309;"354030";"Pontes Gestal";"Não";"-";"Total";NA;NA;NA;NA;NA;NA;NA;NA;NA;NA;NA;NA;NA;NA;NA;NA;NA;NA;NA;NA;NA;NA;NA;NA;NA
35;"SP";3540408;"354040";"Populina";"Não";"-";"Total";1;2;NA;NA;NA;NA;NA;NA;NA;NA;1;NA;NA;NA;NA;NA;NA;NA;NA;NA;NA;NA;NA;NA;NA
35;"SP";3540507;"354050";"Porangaba";"Não";"-";"Total";NA;NA;NA;NA;2;1;2;NA;NA;NA;NA;NA;NA;NA;1;NA;1;NA;NA;2;NA;NA;NA;NA;NA
35;"SP";3540606;"354060";"Porto Feliz";"Não";"Região Metropolitana de Sorocaba";"Total";2;1;NA;2;1;NA;2;3;1;3;NA;5;4;3;3;4;1;3;NA;2;1;4;2;4;NA
35;"SP";3540705;"354070";"Porto Ferreira";"Não";"-";"Total";1;1;6;2;1;1;2;2;1;4;NA;2;3;2;NA;2;1;2;1;1;1;NA;4;2;NA
35;"SP";3540754;"354075";"Potim";"Não";"Região Metropolitana do Vale do Paraíba e Litoral Norte";"Total";NA;NA;NA;NA;NA;NA;NA;NA;NA;NA;NA;NA;NA;NA;NA;NA;NA;NA;NA;NA;1;NA;NA;NA;NA
35;"SP";3540804;"354080";"Potirendaba";"Não";"Região Metropolitana de São José do Rio Preto";"Total";NA;NA;1;NA;1;NA;NA;NA;NA;2;NA;NA;NA;NA;NA;1;NA;NA;NA;1;NA;4;NA;1;NA
35;"SP";3540853;"354085";"Pracinha";"Não";"-";"Total";NA;NA;NA;NA;NA;NA;NA;NA;NA;NA;NA;1;NA;NA;NA;NA;NA;NA;NA;NA;NA;NA;NA;NA;NA
35;"SP";3540903;"354090";"Pradópolis";"Não";"Região Metropolitana de Ribeirão Preto";"Total";NA;1;4;1;1;NA;NA;NA;NA;4;1;1;NA;1;1;2;NA;NA;NA;2;NA;3;4;NA;NA
35;"SP";3541000;"354100";"Praia Grande";"Não";"Região Metropolitana da Baixada Santista";"Total";23;16;26;28;27;18;22;22;16;27;20;26;30;30;17;21;20;28;34;20;32;38;27;31;NA
35;"SP";3541059;"354105";"Pratânia";"Não";"-";"Total";NA;NA;NA;NA;NA;NA;1;1;NA;1;NA;NA;NA;NA;NA;NA;NA;NA;5;NA;NA;NA;NA;NA;NA
35;"SP";3541109;"354110";"Presidente Alves";"Não";"-";"Total";2;NA;NA;NA;NA;NA;NA;NA;NA;NA;NA;NA;NA;NA;NA;NA;NA;NA;NA;NA;NA;NA;NA;NA;NA
35;"SP";3541208;"354120";"Presidente Bernardes";"Não";"-";"Total";NA;1;1;NA;1;NA;NA;NA;NA;1;NA;NA;NA;2;1;1;NA;NA;NA;NA;NA;NA;NA;NA;NA
35;"SP";3541307;"354130";"Presidente Epitácio";"Não";"-";"Total";1;NA;1;2;2;1;6;2;3;4;4;9;1;2;2;5;6;3;2;2;4;2;2;2;NA
35;"SP";3541406;"354140";"Presidente Prudente";"Não";"-";"Total";5;11;12;8;8;10;24;3;10;7;8;9;9;10;13;8;5;6;4;12;15;11;12;25;NA
35;"SP";3541505;"354150";"Presidente Venceslau";"Não";"-";"Total";NA;NA;2;2;1;1;1;1;1;2;NA;4;2;3;3;1;1;3;3;1;1;2;4;1;NA
35;"SP";3541604;"354160";"Promissão";"Não";"-";"Total";NA;2;1;NA;NA;NA;NA;NA;1;NA;2;1;2;2;1;1;3;3;3;3;1;3;2;1;NA
35;"SP";3541653;"354165";"Quadra";"Não";"-";"Total";NA;NA;NA;NA;NA;1;NA;NA;NA;NA;NA;NA;NA;NA;NA;NA;NA;1;NA;NA;NA;NA;NA;NA;NA
35;"SP";3541703;"354170";"Quatá";"Não";"-";"Total";1;NA;NA;NA;NA;NA;NA;NA;1;NA;NA;NA;NA;NA;NA;NA;NA;NA;1;NA;NA;NA;1;1;NA
35;"SP";3541802;"354180";"Queiroz";"Não";"-";"Total";NA;NA;NA;NA;NA;NA;NA;NA;NA;1;1;1;NA;NA;1;NA;NA;NA;NA;NA;NA;NA;NA;NA;NA
35;"SP";3541901;"354190";"Queluz";"Não";"Região Metropolitana do Vale do Paraíba e Litoral Norte";"Total";NA;NA;1;NA;NA;3;1;NA;NA;NA;NA;NA;1;1;1;NA;2;1;NA;NA;3;NA;NA;NA;NA
35;"SP";3542008;"354200";"Quintana";"Não";"-";"Total";1;NA;NA;NA;1;NA;NA;NA;NA;NA;NA;NA;1;NA;1;NA;NA;2;NA;NA;NA;NA;NA;NA;NA
35;"SP";3542107;"354210";"Rafard";"Não";"Região Metropolitana de Piracicaba";"Total";NA;NA;NA;2;1;1;3;1;NA;NA;NA;2;1;NA;NA;2;NA;NA;1;NA;NA;2;NA;NA;NA
35;"SP";3542206;"354220";"Rancharia";"Não";"-";"Total";NA;NA;NA;1;NA;2;1;1;2;NA;4;NA;NA;1;5;1;NA;1;1;NA;1;NA;NA;2;NA
35;"SP";3542305;"354230";"Redenção da Serra";"Não";"Região Metropolitana do Vale do Paraíba e Litoral Norte";"Total";NA;NA;2;NA;NA;NA;NA;NA;NA;1;NA;NA;NA;NA;NA;NA;NA;NA;NA;NA;NA;NA;1;NA;NA
35;"SP";3542404;"354240";"Regente Feijó";"Não";"-";"Total";1;1;NA;NA;1;NA;1;NA;NA;NA;NA;1;NA;1;NA;NA;NA;1;NA;2;1;1;2;1;NA
35;"SP";3542503;"354250";"Reginópolis";"Não";"-";"Total";NA;NA;NA;1;NA;NA;NA;NA;NA;NA;NA;NA;NA;1;NA;NA;NA;NA;NA;NA;NA;1;NA;NA;NA
35;"SP";3542602;"354260";"Registro";"Não";"-";"Total";5;4;2;3;3;10;4;2;5;5;4;1;7;7;6;3;4;5;5;3;6;8;11;9;NA
35;"SP";3542701;"354270";"Restinga";"Não";"-";"Total";NA;NA;NA;NA;2;NA;NA;NA;NA;1;NA;NA;NA;NA;NA;NA;NA;1;1;NA;1;NA;NA;NA;NA
35;"SP";3542800;"354280";"Ribeira";"Não";"-";"Total";NA;NA;NA;NA;NA;NA;NA;NA;2;NA;NA;NA;1;1;NA;NA;1;1;NA;NA;NA;NA;1;1;NA
35;"SP";3542909;"354290";"Ribeirão Bonito";"Não";"-";"Total";NA;NA;1;NA;NA;1;NA;1;1;NA;NA;NA;NA;NA;NA;NA;NA;1;NA;NA;1;2;NA;NA;NA
35;"SP";3543006;"354300";"Ribeirão Branco";"Não";"-";"Total";NA;NA;NA;1;NA;1;NA;NA;NA;NA;NA;NA;NA;NA;NA;NA;NA;NA;1;1;1;2;1;NA;NA
35;"SP";3543105;"354310";"Ribeirão Corrente";"Não";"-";"Total";NA;NA;NA;NA;1;NA;NA;NA;NA;NA;NA;NA;NA;NA;NA;NA;NA;NA;NA;NA;NA;NA;NA;NA;NA
35;"SP";3543204;"354320";"Ribeirão do Sul";"Não";"-";"Total";NA;NA;NA;2;NA;NA;NA;NA;NA;NA;NA;1;NA;NA;NA;NA;NA;NA;NA;NA;NA;NA;NA;NA;NA
35;"SP";3543238;"354323";"Ribeirão dos Índios";"Não";"-";"Total";NA;NA;NA;NA;NA;NA;NA;NA;NA;NA;NA;NA;NA;1;NA;NA;NA;NA;NA;NA;NA;NA;NA;NA;NA
35;"SP";3543253;"354325";"Ribeirão Grande";"Não";"-";"Total";NA;NA;NA;NA;NA;NA;NA;NA;NA;NA;NA;NA;NA;NA;NA;NA;NA;NA;NA;NA;NA;NA;NA;NA;NA
35;"SP";3543303;"354330";"Ribeirão Pires";"Não";"Região Metropolitana de São Paulo";"Total";4;7;2;4;9;1;3;2;1;2;1;4;3;4;1;1;3;4;2;5;9;2;2;4;NA
35;"SP";3543402;"354340";"Ribeirão Preto";"Não";"Região Metropolitana de Ribeirão Preto";"Total";25;23;22;19;17;23;39;22;17;31;36;26;26;31;26;25;31;36;36;29;38;49;41;43;NA
35;"SP";3543501;"354350";"Riversul";"Não";"-";"Total";NA;NA;NA;NA;1;NA;NA;NA;NA;NA;NA;NA;NA;NA;NA;NA;NA;NA;NA;NA;NA;NA;NA;NA;NA
35;"SP";3543600;"354360";"Rifaina";"Não";"-";"Total";NA;NA;1;NA;NA;1;NA;NA;1;NA;NA;NA;1;NA;NA;NA;NA;NA;2;NA;1;3;NA;1;NA
35;"SP";3543709;"354370";"Rincão";"Não";"-";"Total";1;NA;1;NA;1;NA;1;1;NA;NA;NA;1;NA;1;NA;NA;NA;NA;NA;NA;1;1;2;NA;NA
35;"SP";3543808;"354380";"Rinópolis";"Não";"-";"Total";1;NA;1;NA;NA;NA;NA;NA;NA;NA;NA;NA;1;NA;1;NA;NA;NA;NA;NA;1;1;1;1;NA
35;"SP";3543907;"354390";"Rio Claro";"Não";"Região Metropolitana de Piracicaba";"Total";2;4;8;6;8;8;8;10;4;6;9;6;7;6;7;14;5;6;11;9;12;9;7;9;NA
35;"SP";3544004;"354400";"Rio das Pedras";"Não";"Região Metropolitana de Piracicaba";"Total";NA;NA;1;NA;1;NA;NA;1;1;3;2;1;NA;NA;1;2;3;1;1;1;NA;3;1;NA;NA
35;"SP";3544103;"354410";"Rio Grande da Serra";"Não";"Região Metropolitana de São Paulo";"Total";2;NA;NA;NA;NA;NA;1;1;1;1;NA;NA;NA;NA;NA;NA;NA;NA;NA;NA;1;NA;NA;2;NA
35;"SP";3544202;"354420";"Riolândia";"Não";"-";"Total";1;NA;NA;1;NA;NA;NA;NA;NA;1;NA;NA;1;NA;NA;NA;NA;2;NA;NA;NA;NA;NA;2;NA
35;"SP";3544251;"354425";"Rosana";"Não";"-";"Total";NA;2;NA;1;NA;NA;1;4;2;1;1;NA;4;2;1;3;3;NA;NA;NA;2;4;1;1;NA
35;"SP";3544301;"354430";"Roseira";"Não";"Região Metropolitana do Vale do Paraíba e Litoral Norte";"Total";1;NA;1;1;1;2;1;1;1;NA;2;3;2;2;1;1;NA;NA;NA;NA;1;NA;1;NA;NA
35;"SP";3544400;"354440";"Rubiácea";"Não";"-";"Total";NA;NA;NA;NA;NA;NA;NA;NA;NA;NA;NA;NA;NA;NA;NA;NA;NA;NA;NA;NA;NA;NA;NA;NA;NA
35;"SP";3544509;"354450";"Rubinéia";"Não";"-";"Total";NA;NA;NA;NA;NA;NA;NA;NA;1;NA;NA;NA;NA;NA;NA;NA;NA;NA;NA;NA;NA;NA;NA;NA;NA
35;"SP";3544608;"354460";"Sabino";"Não";"-";"Total";NA;NA;NA;NA;NA;NA;NA;NA;NA;NA;NA;NA;NA;NA;1;NA;NA;1;NA;NA;NA;NA;NA;NA;NA
35;"SP";3544707;"354470";"Sagres";"Não";"-";"Total";NA;NA;NA;NA;NA;NA;NA;NA;NA;NA;NA;NA;NA;NA;NA;NA;1;NA;NA;NA;2;NA;NA;NA;NA
35;"SP";3544806;"354480";"Sales";"Não";"Região Metropolitana de São José do Rio Preto";"Total";NA;NA;NA;NA;NA;NA;NA;NA;NA;NA;NA;NA;NA;1;NA;NA;NA;NA;NA;NA;NA;NA;1;NA;NA
35;"SP";3544905;"354490";"Sales Oliveira";"Não";"Região Metropolitana de Ribeirão Preto";"Total";1;NA;1;1;2;2;NA;NA;NA;NA;NA;NA;NA;NA;1;2;2;NA;NA;NA;NA;NA;NA;NA;NA
35;"SP";3545001;"354500";"Salesópolis";"Não";"Região Metropolitana de São Paulo";"Total";NA;3;NA;NA;NA;NA;NA;NA;NA;NA;1;NA;NA;NA;NA;NA;NA;NA;NA;NA;NA;1;NA;NA;NA
35;"SP";3545100;"354510";"Salmourão";"Não";"-";"Total";NA;NA;NA;NA;1;NA;NA;1;NA;NA;NA;NA;NA;NA;NA;NA;NA;NA;NA;NA;NA;NA;NA;1;NA
35;"SP";3545159;"354515";"Saltinho";"Não";"Região Metropolitana de Piracicaba";"Total";NA;NA;NA;NA;NA;NA;NA;NA;NA;NA;NA;1;NA;NA;NA;1;NA;NA;NA;NA;NA;NA;NA;NA;NA
35;"SP";3545209;"354520";"Salto";"Não";"Região Metropolitana de Sorocaba";"Total";NA;2;4;1;3;6;3;1;1;5;NA;7;1;1;2;2;2;4;2;5;6;7;7;6;NA
35;"SP";3545308;"354530";"Salto de Pirapora";"Não";"Região Metropolitana de Sorocaba";"Total";NA;NA;NA;1;2;NA;1;NA;NA;NA;NA;2;2;3;2;1;1;NA;4;NA;1;1;3;NA;NA
35;"SP";3545407;"354540";"Salto Grande";"Não";"-";"Total";NA;NA;1;1;NA;NA;NA;NA;NA;1;NA;NA;1;NA;1;NA;NA;NA;NA;NA;NA;1;1;2;NA
35;"SP";3545506;"354550";"Sandovalina";"Não";"-";"Total";NA;NA;NA;1;NA;1;NA;NA;NA;1;NA;NA;NA;1;NA;NA;NA;NA;NA;NA;1;1;NA;NA;NA
35;"SP";3545605;"354560";"Santa Adélia";"Não";"-";"Total";NA;NA;NA;NA;NA;1;NA;NA;NA;NA;NA;NA;NA;NA;NA;NA;NA;NA;NA;2;NA;NA;NA;2;NA
35;"SP";3545704;"354570";"Santa Albertina";"Não";"-";"Total";NA;NA;NA;NA;1;NA;NA;NA;NA;NA;NA;1;NA;NA;NA;NA;NA;NA;NA;NA;NA;1;NA;NA;NA
35;"SP";3545803;"354580";"Santa Bárbara d'Oeste";"Não";"Região Metropolitana de Campinas";"Total";2;NA;NA;1;3;5;3;4;6;5;3;7;4;2;NA;2;2;4;2;6;6;6;8;6;NA
35;"SP";3546009;"354600";"Santa Branca";"Não";"Região Metropolitana do Vale do Paraíba e Litoral Norte";"Total";NA;NA;NA;NA;NA;NA;NA;NA;NA;NA;NA;NA;NA;2;NA;NA;NA;NA;NA;NA;NA;NA;NA;NA;NA
35;"SP";3546108;"354610";"Santa Clara d'Oeste";"Não";"-";"Total";NA;NA;NA;NA;NA;NA;NA;NA;NA;NA;NA;NA;NA;NA;NA;NA;NA;NA;NA;NA;1;NA;NA;NA;NA
35;"SP";3546207;"354620";"Santa Cruz da Conceição";"Não";"Região Metropolitana de Piracicaba";"Total";1;1;1;1;NA;NA;NA;NA;NA;NA;NA;NA;NA;NA;NA;NA;NA;1;2;NA;1;2;NA;NA;NA
35;"SP";3546256;"354625";"Santa Cruz da Esperança";"Não";"Região Metropolitana de Ribeirão Preto";"Total";NA;NA;NA;NA;1;NA;1;NA;1;NA;NA;1;1;1;1;NA;NA;NA;NA;NA;NA;NA;NA;NA;NA
35;"SP";3546306;"354630";"Santa Cruz das Palmeiras";"Não";"-";"Total";NA;NA;2;2;NA;1;NA;NA;1;2;NA;NA;NA;NA;NA;1;1;NA;NA;1;1;NA;NA;1;NA
35;"SP";3546405;"354640";"Santa Cruz do Rio Pardo";"Não";"-";"Total";NA;2;1;NA;NA;2;2;4;4;1;2;1;2;NA;1;2;1;NA;1;1;NA;3;3;1;NA
35;"SP";3546504;"354650";"Santa Ernestina";"Não";"-";"Total";NA;NA;NA;NA;NA;NA;NA;NA;1;NA;NA;1;NA;NA;NA;NA;NA;NA;NA;NA;NA;1;2;NA;NA
35;"SP";3546603;"354660";"Santa Fé do Sul";"Não";"-";"Total";NA;1;3;NA;1;1;NA;2;1;NA;1;1;2;NA;NA;1;2;NA;NA;NA;2;2;2;NA;NA
35;"SP";3546702;"354670";"Santa Gertrudes";"Não";"Região Metropolitana de Piracicaba";"Total";NA;NA;NA;1;1;NA;1;NA;1;1;1;NA;3;1;NA;NA;NA;NA;1;1;1;NA;2;NA;NA
35;"SP";3546801;"354680";"Santa Isabel";"Não";"Região Metropolitana de São Paulo";"Total";2;NA;6;4;NA;2;1;1;1;NA;3;4;6;2;2;3;4;8;6;2;NA;1;3;4;NA
35;"SP";3546900;"354690";"Santa Lúcia";"Não";"-";"Total";NA;NA;1;1;1;NA;NA;NA;1;NA;NA;NA;NA;NA;NA;NA;1;NA;NA;NA;NA;NA;NA;NA;NA
35;"SP";3547007;"354700";"Santa Maria da Serra";"Não";"Região Metropolitana de Piracicaba";"Total";NA;1;NA;NA;1;NA;2;NA;1;NA;NA;NA;NA;NA;1;1;NA;NA;NA;NA;NA;1;NA;NA;NA
35;"SP";3547106;"354710";"Santa Mercedes";"Não";"-";"Total";1;1;NA;NA;NA;NA;1;NA;NA;NA;2;NA;1;NA;1;NA;NA;NA;3;NA;NA;NA;NA;NA;NA
35;"SP";3547205;"354720";"Santana da Ponte Pensa";"Não";"-";"Total";NA;NA;NA;NA;NA;NA;NA;NA;NA;NA;NA;NA;NA;NA;NA;NA;NA;NA;NA;NA;NA;NA;NA;NA;NA
35;"SP";3547304;"354730";"Santana de Parnaíba";"Não";"Região Metropolitana de São Paulo";"Total";1;3;NA;1;2;NA;2;2;3;2;4;5;3;5;2;3;5;1;1;5;5;8;9;4;NA
35;"SP";3547403;"354740";"Santa Rita d'Oeste";"Não";"-";"Total";NA;NA;NA;NA;NA;NA;NA;NA;NA;NA;NA;NA;NA;NA;NA;NA;NA;NA;NA;NA;NA;NA;NA;NA;NA
35;"SP";3547502;"354750";"Santa Rita do Passa Quatro";"Não";"Região Metropolitana de Ribeirão Preto";"Total";1;3;NA;1;NA;2;1;NA;1;1;2;NA;NA;1;3;1;2;NA;1;1;NA;1;2;2;NA
35;"SP";3547601;"354760";"Santa Rosa de Viterbo";"Não";"Região Metropolitana de Ribeirão Preto";"Total";1;1;1;1;NA;NA;NA;NA;1;NA;NA;1;2;NA;NA;NA;NA;NA;1;NA;1;NA;NA;2;NA
35;"SP";3547650;"354765";"Santa Salete";"Não";"-";"Total";NA;NA;NA;NA;NA;NA;NA;NA;NA;NA;NA;NA;NA;NA;NA;NA;NA;1;NA;NA;NA;NA;NA;NA;NA
35;"SP";3547700;"354770";"Santo Anastácio";"Não";"-";"Total";NA;NA;1;1;NA;NA;NA;NA;NA;NA;1;NA;NA;1;NA;NA;1;NA;NA;1;NA;1;1;1;NA
35;"SP";3547809;"354780";"Santo André";"Não";"Região Metropolitana de São Paulo";"Total";14;16;14;9;13;14;12;17;12;12;14;10;5;16;19;15;29;16;10;17;22;16;14;17;NA
35;"SP";3547908;"354790";"Santo Antônio da Alegria";"Não";"Região Metropolitana de Ribeirão Preto";"Total";NA;NA;NA;1;NA;1;NA;NA;NA;NA;NA;NA;NA;NA;NA;NA;1;NA;NA;NA;1;NA;NA;NA;NA
35;"SP";3548005;"354800";"Santo Antônio de Posse";"Não";"Região Metropolitana de Campinas";"Total";NA;3;NA;NA;NA;NA;1;1;NA;1;2;1;NA;1;1;NA;1;1;NA;NA;NA;3;NA;1;NA
35;"SP";3548054;"354805";"Santo Antônio do Aracanguá";"Não";"-";"Total";NA;NA;NA;NA;NA;1;NA;NA;NA;1;NA;NA;1;NA;1;1;NA;NA;1;1;NA;NA;NA;2;NA
35;"SP";3548104;"354810";"Santo Antônio do Jardim";"Não";"-";"Total";NA;NA;NA;NA;NA;NA;3;NA;3;NA;NA;NA;NA;NA;NA;1;NA;1;NA;NA;NA;NA;NA;NA;NA
35;"SP";3548203;"354820";"Santo Antônio do Pinhal";"Não";"Região Metropolitana do Vale do Paraíba e Litoral Norte";"Total";NA;NA;NA;NA;NA;NA;NA;NA;NA;NA;NA;NA;NA;NA;1;NA;NA;NA;NA;NA;NA;NA;NA;NA;NA
35;"SP";3548302;"354830";"Santo Expedito";"Não";"-";"Total";1;NA;NA;NA;NA;NA;NA;NA;NA;NA;NA;NA;NA;NA;NA;1;NA;NA;NA;1;NA;NA;NA;NA;NA
35;"SP";3548401;"354840";"Santópolis do Aguapeí";"Não";"-";"Total";NA;NA;NA;NA;NA;NA;1;1;1;1;NA;2;NA;NA;1;1;1;NA;NA;1;NA;NA;NA;NA;NA
35;"SP";3548500;"354850";"Santos";"Não";"Região Metropolitana da Baixada Santista";"Total";18;19;18;24;32;39;37;30;40;35;35;37;35;17;14;18;27;20;14;18;25;15;15;19;NA
35;"SP";3548609;"354860";"São Bento do Sapucaí";"Não";"Região Metropolitana do Vale do Paraíba e Litoral Norte";"Total";NA;NA;NA;NA;NA;NA;NA;NA;NA;NA;NA;1;NA;NA;NA;NA;NA;NA;NA;NA;NA;NA;NA;NA;NA
35;"SP";3548708;"354870";"São Bernardo do Campo";"Não";"Região Metropolitana de São Paulo";"Total";25;19;20;22;15;16;12;20;16;24;22;31;20;17;32;22;12;25;23;25;26;30;37;40;NA
35;"SP";3548807;"354880";"São Caetano do Sul";"Não";"Região Metropolitana de São Paulo";"Total";1;5;NA;NA;NA;1;1;1;2;NA;3;1;3;2;1;NA;2;NA;3;1;NA;2;1;1;NA
35;"SP";3548906;"354890";"São Carlos";"Não";"-";"Total";9;3;8;6;3;8;5;8;5;7;11;12;14;18;8;8;1;6;10;7;9;19;6;13;NA
35;"SP";3549003;"354900";"São Francisco";"Não";"-";"Total";NA;NA;NA;NA;NA;NA;NA;NA;1;NA;NA;NA;NA;NA;NA;NA;NA;NA;NA;NA;NA;NA;NA;NA;NA
35;"SP";3549102;"354910";"São João da Boa Vista";"Não";"-";"Total";8;2;4;NA;6;3;1;3;2;5;2;3;4;4;6;4;2;3;6;3;6;6;1;4;NA
35;"SP";3549201;"354920";"São João das Duas Pontes";"Não";"-";"Total";NA;NA;NA;NA;NA;NA;NA;NA;NA;NA;NA;NA;NA;NA;NA;NA;NA;NA;NA;NA;NA;NA;NA;NA;NA
35;"SP";3549250;"354925";"São João de Iracema";"Não";"-";"Total";NA;NA;NA;NA;NA;NA;1;NA;NA;NA;NA;NA;NA;NA;NA;NA;NA;NA;NA;NA;NA;NA;NA;NA;NA
35;"SP";3549300;"354930";"São João do Pau d'Alho";"Não";"-";"Total";NA;NA;NA;NA;NA;NA;NA;NA;NA;NA;NA;NA;NA;NA;1;NA;NA;NA;NA;NA;NA;NA;NA;NA;NA
35;"SP";3549409;"354940";"São Joaquim da Barra";"Não";"-";"Total";1;1;2;1;1;2;1;3;3;2;1;1;2;1;3;4;2;1;3;2;1;5;4;NA;NA
35;"SP";3549508;"354950";"São José da Bela Vista";"Não";"-";"Total";1;NA;NA;NA;NA;NA;NA;NA;1;3;NA;NA;NA;NA;1;NA;2;NA;NA;NA;NA;NA;NA;NA;NA
35;"SP";3549607;"354960";"São José do Barreiro";"Não";"Região Metropolitana do Vale do Paraíba e Litoral Norte";"Total";NA;NA;NA;NA;NA;1;1;1;NA;NA;NA;NA;NA;NA;NA;NA;NA;NA;NA;NA;NA;NA;NA;NA;NA
35;"SP";3549706;"354970";"São José do Rio Pardo";"Não";"-";"Total";1;NA;NA;1;1;3;3;2;NA;1;2;4;NA;4;5;3;NA;2;3;1;2;NA;1;2;NA
35;"SP";3549805;"354980";"São José do Rio Preto";"Não";"Região Metropolitana de São José do Rio Preto";"Total";12;19;13;15;15;15;13;12;18;19;15;18;21;16;22;11;15;18;19;26;15;14;24;13;NA
35;"SP";3549904;"354990";"São José dos Campos";"Não";"Região Metropolitana do Vale do Paraíba e Litoral Norte";"Total";20;21;19;13;15;19;19;23;25;16;10;11;17;6;17;17;9;13;28;31;21;20;16;21;NA
35;"SP";3549953;"354995";"São Lourenço da Serra";"Não";"Região Metropolitana de São Paulo";"Total";2;1;1;2;1;3;6;5;4;4;1;2;4;14;2;NA;3;1;NA;NA;NA;1;1;3;NA
35;"SP";3550001;"355000";"São Luiz do Paraitinga";"Não";"Região Metropolitana do Vale do Paraíba e Litoral Norte";"Total";NA;NA;NA;NA;NA;NA;NA;NA;NA;1;NA;NA;2;NA;NA;NA;NA;NA;NA;NA;NA;1;NA;NA;NA
35;"SP";3550100;"355010";"São Manuel";"Não";"-";"Total";3;1;2;2;1;1;1;NA;2;NA;4;3;2;1;1;1;3;3;2;2;NA;2;3;3;NA
35;"SP";3550209;"355020";"São Miguel Arcanjo";"Não";"Região Metropolitana de Sorocaba";"Total";NA;NA;NA;1;NA;NA;NA;NA;1;NA;1;NA;1;NA;3;NA;NA;NA;NA;NA;2;1;NA;1;NA
35;"SP";3550308;"355030";"São Paulo";"Sim";"Região Metropolitana de São Paulo";"Total";226;496;253;445;430;500;556;563;544;503;572;560;519;470;574;448;413;315;148;367;432;323;139;148;NA
35;"SP";3550407;"355040";"São Pedro";"Não";"Região Metropolitana de Piracicaba";"Total";NA;1;3;1;NA;2;NA;NA;1;NA;NA;3;1;1;NA;3;1;2;NA;1;2;2;3;4;NA
35;"SP";3550506;"355050";"São Pedro do Turvo";"Não";"-";"Total";NA;NA;NA;NA;NA;NA;NA;NA;NA;1;NA;NA;NA;NA;NA;NA;NA;NA;NA;NA;NA;NA;1;NA;NA
35;"SP";3550605;"355060";"São Roque";"Não";"Região Metropolitana de Sorocaba";"Total";1;NA;2;4;1;3;3;2;2;2;4;3;2;3;7;6;2;7;3;3;1;2;3;6;NA
35;"SP";3550704;"355070";"São Sebastião";"Não";"Região Metropolitana do Vale do Paraíba e Litoral Norte";"Total";3;6;6;2;5;2;5;8;7;3;5;5;4;6;7;7;6;7;3;5;5;3;3;3;NA
35;"SP";3550803;"355080";"São Sebastião da Grama";"Não";"-";"Total";NA;1;NA;NA;NA;NA;NA;1;NA;NA;1;1;2;1;NA;NA;NA;NA;NA;NA;NA;NA;NA;1;NA
35;"SP";3550902;"355090";"São Simão";"Não";"Região Metropolitana de Ribeirão Preto";"Total";1;5;NA;NA;2;1;1;2;1;1;NA;2;NA;1;NA;1;2;2;3;1;3;2;3;2;NA
35;"SP";3551009;"355100";"São Vicente";"Não";"Região Metropolitana da Baixada Santista";"Total";8;17;20;22;12;20;23;20;26;20;12;25;24;18;23;16;16;9;18;21;20;15;19;32;NA
35;"SP";3551108;"355110";"Sarapuí";"Não";"Região Metropolitana de Sorocaba";"Total";NA;NA;NA;NA;NA;NA;NA;NA;NA;NA;NA;NA;1;NA;1;NA;NA;NA;NA;NA;NA;NA;NA;1;NA
35;"SP";3551207;"355120";"Sarutaiá";"Não";"-";"Total";NA;NA;NA;NA;NA;NA;NA;NA;NA;NA;NA;NA;NA;NA;NA;1;NA;NA;NA;NA;NA;NA;NA;NA;NA
35;"SP";3551306;"355130";"Sebastianópolis do Sul";"Não";"-";"Total";NA;NA;NA;NA;NA;NA;NA;NA;NA;NA;NA;NA;NA;NA;NA;NA;NA;NA;NA;NA;NA;NA;NA;NA;NA
35;"SP";3551405;"355140";"Serra Azul";"Não";"Região Metropolitana de Ribeirão Preto";"Total";1;NA;1;1;1;1;NA;NA;2;3;NA;NA;1;1;3;NA;1;NA;NA;1;1;NA;3;NA;NA
35;"SP";3551504;"355150";"Serrana";"Não";"Região Metropolitana de Ribeirão Preto";"Total";NA;2;1;1;NA;1;1;NA;NA;NA;2;2;2;3;1;NA;NA;NA;NA;3;1;1;1;NA;NA
35;"SP";3551603;"355160";"Serra Negra";"Não";"-";"Total";NA;NA;1;NA;NA;NA;1;1;NA;NA;NA;1;NA;1;NA;NA;1;1;NA;NA;NA;NA;2;1;NA
35;"SP";3551702;"355170";"Sertãozinho";"Não";"Região Metropolitana de Ribeirão Preto";"Total";3;3;1;3;1;6;2;3;2;NA;4;3;1;6;2;10;2;7;6;6;10;5;10;11;NA
35;"SP";3551801;"355180";"Sete Barras";"Não";"-";"Total";2;NA;1;NA;NA;1;NA;NA;NA;1;1;1;NA;NA;1;3;1;1;2;NA;2;1;1;1;NA
35;"SP";3551900;"355190";"Severínia";"Não";"Região Metropolitana de São José do Rio Preto";"Total";NA;1;NA;3;2;1;NA;NA;NA;NA;NA;NA;1;1;NA;NA;NA;1;NA;1;1;NA;1;1;NA
35;"SP";3552007;"355200";"Silveiras";"Não";"Região Metropolitana do Vale do Paraíba e Litoral Norte";"Total";NA;1;NA;NA;NA;NA;NA;NA;NA;NA;NA;1;1;NA;NA;NA;3;NA;NA;NA;NA;NA;NA;NA;NA
35;"SP";3552106;"355210";"Socorro";"Não";"-";"Total";NA;NA;NA;2;1;NA;3;1;NA;NA;NA;NA;2;NA;NA;NA;1;2;1;1;2;1;1;1;NA
35;"SP";3552205;"355220";"Sorocaba";"Não";"Região Metropolitana de Sorocaba";"Total";5;20;23;17;17;21;36;31;28;22;30;36;36;29;27;19;27;31;23;27;35;37;38;50;NA
35;"SP";3552304;"355230";"Sud Mennucci";"Não";"-";"Total";NA;NA;NA;1;2;NA;NA;NA;NA;NA;NA;NA;NA;NA;1;NA;NA;NA;NA;NA;NA;NA;NA;1;NA
35;"SP";3552403;"355240";"Sumaré";"Não";"Região Metropolitana de Campinas";"Total";NA;3;7;4;17;8;10;15;16;14;20;17;7;12;13;14;18;8;9;14;14;21;20;16;NA
35;"SP";3552502;"355250";"Suzano";"Não";"Região Metropolitana de São Paulo";"Total";6;9;5;2;5;1;7;8;7;12;6;7;9;5;4;6;8;11;5;5;6;7;5;10;NA
35;"SP";3552551;"355255";"Suzanápolis";"Não";"-";"Total";NA;NA;NA;NA;NA;NA;NA;NA;NA;NA;NA;NA;NA;NA;NA;NA;NA;NA;NA;NA;NA;NA;NA;NA;NA
35;"SP";3552601;"355260";"Tabapuã";"Não";"-";"Total";NA;NA;NA;NA;NA;NA;NA;NA;NA;NA;NA;NA;NA;NA;NA;NA;NA;NA;NA;NA;NA;NA;1;NA;NA
35;"SP";3552700;"355270";"Tabatinga";"Não";"-";"Total";NA;NA;NA;NA;1;NA;1;NA;NA;NA;NA;2;NA;NA;NA;NA;NA;1;NA;NA;NA;NA;1;NA;NA
35;"SP";3552809;"355280";"Taboão da Serra";"Não";"Região Metropolitana de São Paulo";"Total";11;18;15;8;11;7;14;17;10;8;16;16;17;10;11;8;6;12;8;9;10;14;15;17;NA
35;"SP";3552908;"355290";"Taciba";"Não";"-";"Total";NA;NA;NA;NA;NA;1;NA;NA;1;NA;NA;3;NA;NA;NA;NA;1;NA;NA;2;NA;NA;NA;NA;NA
35;"SP";3553005;"355300";"Taguaí";"Não";"-";"Total";NA;NA;NA;NA;NA;NA;NA;NA;NA;NA;NA;NA;NA;NA;NA;1;NA;2;NA;1;4;NA;NA;NA;NA
35;"SP";3553104;"355310";"Taiaçu";"Não";"-";"Total";NA;NA;NA;NA;NA;NA;NA;NA;NA;NA;NA;NA;NA;NA;NA;NA;NA;NA;NA;NA;1;NA;NA;NA;NA
35;"SP";3553203;"355320";"Taiúva";"Não";"Região Metropolitana de Ribeirão Preto";"Total";NA;NA;NA;NA;NA;NA;NA;NA;1;NA;NA;NA;NA;NA;NA;1;NA;NA;NA;NA;NA;NA;NA;1;NA
35;"SP";3553302;"355330";"Tambaú";"Não";"Região Metropolitana de Ribeirão Preto";"Total";NA;NA;1;1;1;3;NA;2;NA;NA;NA;NA;NA;NA;2;NA;NA;NA;2;NA;NA;1;NA;NA;NA
35;"SP";3553401;"355340";"Tanabi";"Não";"Região Metropolitana de São José do Rio Preto";"Total";NA;NA;2;NA;NA;NA;1;2;1;NA;2;NA;NA;NA;NA;NA;NA;NA;NA;1;3;1;1;4;NA
35;"SP";3553500;"355350";"Tapiraí";"Não";"Região Metropolitana de Sorocaba";"Total";NA;NA;NA;NA;2;NA;NA;NA;NA;NA;NA;1;NA;NA;1;NA;1;2;NA;NA;1;NA;1;NA;NA
35;"SP";3553609;"355360";"Tapiratiba";"Não";"-";"Total";1;NA;NA;NA;NA;NA;NA;NA;1;1;NA;NA;NA;NA;NA;NA;NA;NA;1;NA;NA;1;1;NA;NA
35;"SP";3553658;"355365";"Taquaral";"Não";"Região Metropolitana de Ribeirão Preto";"Total";NA;NA;NA;NA;NA;NA;2;1;NA;NA;NA;NA;NA;1;NA;NA;1;NA;NA;NA;NA;NA;NA;NA;NA
35;"SP";3553708;"355370";"Taquaritinga";"Não";"-";"Total";1;2;NA;2;2;3;3;NA;NA;NA;NA;NA;2;NA;1;1;3;2;2;5;3;NA;4;2;NA
35;"SP";3553807;"355380";"Taquarituba";"Não";"-";"Total";NA;1;NA;NA;NA;1;NA;NA;NA;NA;NA;1;1;NA;1;1;NA;NA;NA;NA;NA;NA;NA;1;NA
35;"SP";3553856;"355385";"Taquarivaí";"Não";"-";"Total";7;NA;NA;1;NA;NA;NA;NA;1;NA;1;NA;NA;NA;NA;1;NA;1;NA;NA;NA;NA;NA;NA;NA
35;"SP";3553906;"355390";"Tarabai";"Não";"-";"Total";1;NA;NA;NA;NA;1;NA;NA;NA;NA;NA;NA;1;NA;1;NA;NA;NA;NA;NA;NA;NA;NA;NA;NA
35;"SP";3553955;"355395";"Tarumã";"Não";"-";"Total";NA;1;NA;NA;NA;NA;NA;NA;NA;NA;2;NA;NA;NA;1;1;NA;1;1;1;NA;NA;NA;1;NA
35;"SP";3554003;"355400";"Tatuí";"Não";"Região Metropolitana de Sorocaba";"Total";3;1;4;4;3;NA;NA;4;3;1;5;4;2;5;2;NA;2;4;2;1;5;5;6;6;NA
35;"SP";3554102;"355410";"Taubaté";"Não";"Região Metropolitana do Vale do Paraíba e Litoral Norte";"Total";3;8;7;1;1;7;7;8;8;6;5;11;10;6;5;6;5;3;10;3;6;6;6;18;NA
35;"SP";3554201;"355420";"Tejupá";"Não";"-";"Total";NA;NA;NA;1;NA;NA;NA;NA;NA;NA;NA;NA;NA;NA;NA;NA;NA;NA;NA;1;NA;NA;NA;NA;NA
35;"SP";3554300;"355430";"Teodoro Sampaio";"Não";"-";"Total";2;NA;2;NA;NA;1;NA;1;1;3;3;3;1;NA;NA;1;3;4;1;1;NA;1;1;2;NA
35;"SP";3554409;"355440";"Terra Roxa";"Não";"-";"Total";NA;NA;NA;NA;NA;NA;NA;1;NA;NA;NA;NA;NA;NA;1;NA;NA;NA;NA;NA;NA;2;NA;1;NA
35;"SP";3554508;"355450";"Tietê";"Não";"Região Metropolitana de Sorocaba";"Total";NA;NA;1;NA;2;NA;2;2;NA;2;4;3;2;1;1;4;1;2;6;NA;2;4;2;2;NA
35;"SP";3554607;"355460";"Timburi";"Não";"-";"Total";NA;NA;NA;NA;NA;NA;NA;NA;NA;NA;NA;NA;NA;1;NA;NA;NA;NA;1;NA;NA;NA;NA;NA;NA
35;"SP";3554656;"355465";"Torre de Pedra";"Não";"-";"Total";NA;NA;NA;NA;NA;NA;NA;NA;NA;NA;NA;NA;NA;NA;NA;NA;NA;NA;NA;NA;NA;NA;NA;NA;NA
35;"SP";3554706;"355470";"Torrinha";"Não";"-";"Total";NA;NA;NA;NA;NA;NA;NA;NA;NA;NA;NA;NA;NA;NA;1;NA;2;NA;1;NA;NA;NA;1;NA;NA
35;"SP";3554755;"355475";"Trabiju";"Não";"-";"Total";NA;NA;1;NA;NA;NA;NA;NA;1;NA;NA;NA;NA;NA;NA;1;NA;NA;NA;NA;NA;1;NA;NA;NA
35;"SP";3554805;"355480";"Tremembé";"Não";"Região Metropolitana do Vale do Paraíba e Litoral Norte";"Total";4;1;NA;1;NA;2;1;NA;1;NA;3;1;NA;2;NA;1;NA;NA;2;1;NA;NA;NA;1;NA
35;"SP";3554904;"355490";"Três Fronteiras";"Não";"-";"Total";NA;NA;NA;NA;1;NA;NA;NA;1;NA;1;1;NA;1;NA;NA;1;NA;NA;NA;NA;NA;1;NA;NA
35;"SP";3554953;"355495";"Tuiuti";"Não";"-";"Total";NA;1;NA;1;NA;NA;NA;NA;NA;NA;NA;NA;NA;1;NA;1;NA;NA;NA;NA;1;NA;NA;NA;NA
35;"SP";3555000;"355500";"Tupã";"Não";"-";"Total";3;4;3;2;3;1;1;6;3;2;5;3;5;1;3;1;3;7;6;2;2;1;6;3;NA
35;"SP";3555109;"355510";"Tupi Paulista";"Não";"-";"Total";NA;NA;1;NA;NA;NA;NA;1;1;NA;NA;1;2;NA;3;NA;1;NA;NA;NA;1;1;2;NA;NA
35;"SP";3555208;"355520";"Turiúba";"Não";"-";"Total";NA;NA;NA;NA;NA;NA;NA;NA;NA;NA;NA;NA;NA;NA;NA;NA;NA;NA;1;NA;NA;NA;NA;NA;NA
35;"SP";3555307;"355530";"Turmalina";"Não";"-";"Total";NA;NA;NA;NA;NA;NA;NA;NA;NA;NA;NA;NA;1;NA;NA;NA;NA;NA;NA;NA;NA;NA;NA;NA;NA
35;"SP";3555356;"355535";"Ubarana";"Não";"Região Metropolitana de São José do Rio Preto";"Total";NA;NA;NA;NA;NA;NA;NA;NA;1;NA;NA;NA;NA;NA;NA;1;1;1;NA;1;NA;NA;NA;1;NA
35;"SP";3555406;"355540";"Ubatuba";"Não";"Região Metropolitana do Vale do Paraíba e Litoral Norte";"Total";2;1;5;7;4;1;3;5;2;8;3;5;8;1;3;5;3;2;4;5;4;5;2;6;NA
35;"SP";3555505;"355550";"Ubirajara";"Não";"-";"Total";NA;NA;NA;NA;NA;NA;NA;NA;NA;NA;NA;NA;NA;NA;1;NA;NA;NA;NA;NA;NA;NA;NA;NA;NA
35;"SP";3555604;"355560";"Uchoa";"Não";"Região Metropolitana de São José do Rio Preto";"Total";NA;NA;NA;NA;NA;NA;1;1;NA;NA;NA;NA;NA;NA;1;NA;NA;1;1;NA;NA;NA;1;NA;NA
35;"SP";3555703;"355570";"União Paulista";"Não";"Região Metropolitana de São José do Rio Preto";"Total";NA;NA;NA;NA;NA;NA;NA;NA;NA;1;NA;NA;NA;NA;NA;NA;NA;NA;NA;NA;NA;NA;NA;NA;NA
35;"SP";3555802;"355580";"Urânia";"Não";"-";"Total";NA;NA;NA;NA;NA;1;NA;NA;NA;NA;NA;NA;NA;1;1;NA;NA;1;NA;NA;NA;NA;NA;2;NA
35;"SP";3555901;"355590";"Uru";"Não";"-";"Total";NA;NA;NA;NA;NA;NA;NA;NA;NA;NA;NA;NA;NA;NA;NA;NA;NA;NA;NA;NA;NA;NA;NA;NA;NA
35;"SP";3556008;"355600";"Urupês";"Não";"Região Metropolitana de São José do Rio Preto";"Total";NA;NA;NA;NA;NA;NA;NA;NA;NA;NA;NA;1;NA;NA;1;NA;NA;2;NA;NA;1;NA;NA;3;NA
35;"SP";3556107;"355610";"Valentim Gentil";"Não";"-";"Total";NA;NA;NA;1;2;NA;NA;NA;NA;NA;NA;NA;NA;1;NA;2;1;1;NA;3;NA;1;1;1;NA
35;"SP";3556206;"355620";"Valinhos";"Não";"Região Metropolitana de Campinas";"Total";NA;6;2;3;2;4;NA;1;2;1;2;NA;1;NA;NA;2;3;1;3;2;3;5;5;5;NA
35;"SP";3556305;"355630";"Valparaíso";"Não";"-";"Total";1;1;NA;1;1;1;NA;NA;NA;NA;2;NA;NA;NA;1;2;1;2;2;NA;NA;NA;1;2;NA
35;"SP";3556354;"355635";"Vargem";"Não";"-";"Total";NA;NA;1;1;NA;1;NA;NA;1;NA;2;1;NA;3;NA;NA;NA;1;1;1;1;1;NA;NA;NA
35;"SP";3556404;"355640";"Vargem Grande do Sul";"Não";"-";"Total";3;2;NA;1;1;2;NA;1;1;1;NA;2;NA;NA;NA;1;1;1;NA;3;NA;NA;NA;1;NA
35;"SP";3556453;"355645";"Vargem Grande Paulista";"Não";"Região Metropolitana de São Paulo";"Total";2;2;NA;3;1;3;NA;1;1;NA;NA;2;3;NA;NA;NA;1;1;1;1;3;2;6;1;NA
35;"SP";3556503;"355650";"Várzea Paulista";"Não";"Região Metropolitana de Jundiaí";"Total";NA;NA;2;3;1;2;1;1;3;1;1;1;1;2;3;3;NA;1;NA;2;2;1;2;1;NA
35;"SP";3556602;"355660";"Vera Cruz";"Não";"-";"Total";1;1;NA;NA;NA;1;NA;NA;NA;NA;NA;NA;NA;NA;NA;NA;NA;NA;NA;NA;NA;1;NA;1;NA
35;"SP";3556701;"355670";"Vinhedo";"Não";"Região Metropolitana de Campinas";"Total";NA;NA;2;3;2;NA;NA;NA;NA;NA;NA;NA;NA;NA;NA;1;1;2;2;1;1;3;3;1;NA
35;"SP";3556800;"355680";"Viradouro";"Não";"-";"Total";2;NA;1;NA;NA;NA;NA;NA;NA;NA;NA;1;1;1;NA;NA;NA;NA;2;2;NA;NA;NA;NA;NA
35;"SP";3556909;"355690";"Vista Alegre do Alto";"Não";"-";"Total";NA;NA;NA;NA;NA;NA;NA;NA;NA;NA;NA;NA;NA;NA;NA;NA;NA;1;NA;NA;NA;1;NA;NA;NA
35;"SP";3556958;"355695";"Vitória Brasil";"Não";"-";"Total";NA;NA;NA;NA;NA;NA;NA;NA;NA;1;NA;1;NA;NA;NA;NA;NA;NA;NA;NA;NA;NA;NA;NA;NA
35;"SP";3557006;"355700";"Votorantim";"Não";"Região Metropolitana de Sorocaba";"Total";1;NA;1;2;2;NA;1;1;NA;NA;1;1;1;NA;NA;1;1;1;NA;1;NA;1;NA;NA;NA
35;"SP";3557105;"355710";"Votuporanga";"Não";"-";"Total";3;3;1;NA;2;1;NA;NA;2;NA;NA;1;NA;2;5;5;NA;3;2;7;2;5;8;4;NA
35;"SP";3557154;"355715";"Zacarias";"Não";"Região Metropolitana de São José do Rio Preto";"Total";NA;NA;NA;NA;NA;NA;NA;NA;NA;NA;NA;NA;NA;NA;NA;NA;NA;1;NA;1;NA;NA;NA;NA;NA
35;"SP";3557204;"355720";"Chavantes";"Não";"-";"Total";NA;3;2;NA;NA;1;NA;1;NA;NA;NA;NA;NA;NA;NA;1;NA;NA;NA;1;1;NA;1;NA;NA
35;"SP";3557303;"355730";"Estiva Gerbi";"Não";"-";"Total";NA;NA;NA;NA;1;NA;NA;NA;NA;NA;1;NA;NA;NA;NA;NA;NA;1;NA;NA;1;NA;NA;NA;NA
41;"PR";4100103;"410010";"Abatiá";"Não";"-";"Total";NA;NA;1;NA;1;1;NA;NA;NA;NA;1;NA;NA;NA;NA;NA;NA;NA;NA;NA;NA;NA;1;NA;NA
41;"PR";4100202;"410020";"Adrianópolis";"Não";"Região Metropolitana de Curitiba";"Total";1;NA;NA;NA;NA;NA;NA;NA;NA;NA;NA;NA;NA;2;NA;NA;NA;1;1;1;1;1;NA;NA;NA
41;"PR";4100301;"410030";"Agudos do Sul";"Não";"Região Metropolitana de Curitiba";"Total";NA;NA;NA;NA;NA;NA;NA;NA;NA;NA;NA;1;1;NA;NA;NA;NA;NA;NA;1;NA;1;1;2;NA
41;"PR";4100400;"410040";"Almirante Tamandaré";"Não";"Região Metropolitana de Curitiba";"Total";1;NA;NA;1;2;2;NA;NA;2;1;2;2;1;2;NA;2;1;1;1;1;3;3;3;5;NA
41;"PR";4100459;"410045";"Altamira do Paraná";"Não";"Região Metropolitana de Campo Mourão";"Total";NA;NA;NA;NA;NA;2;NA;NA;NA;NA;NA;NA;NA;NA;NA;1;1;NA;NA;NA;NA;2;NA;1;NA
41;"PR";4100509;"410050";"Altônia";"Não";"Região Metropolitana de Umuarama";"Total";1;NA;NA;NA;2;NA;2;NA;NA;NA;2;NA;NA;3;NA;1;1;1;1;NA;1;2;NA;3;NA
41;"PR";4100608;"410060";"Alto Paraná";"Não";"-";"Total";1;1;1;NA;1;NA;NA;NA;NA;1;NA;1;NA;NA;1;2;NA;2;NA;NA;1;1;1;NA;NA
41;"PR";4100707;"410070";"Alto Piquiri";"Não";"Região Metropolitana de Umuarama";"Total";NA;NA;1;NA;NA;NA;NA;NA;NA;1;NA;NA;1;NA;NA;6;NA;2;NA;1;NA;1;NA;1;NA
41;"PR";4100806;"410080";"Alvorada do Sul";"Não";"Região Metropolitana de Londrina";"Total";NA;NA;2;NA;1;NA;NA;NA;1;NA;NA;2;1;NA;1;NA;1;NA;1;1;2;1;NA;2;NA
41;"PR";4100905;"410090";"Amaporã";"Não";"-";"Total";NA;NA;1;NA;NA;2;NA;NA;2;1;NA;NA;1;1;2;1;NA;NA;1;2;NA;2;1;1;NA
41;"PR";4101002;"410100";"Ampére";"Não";"-";"Total";NA;NA;NA;NA;1;NA;NA;1;NA;NA;NA;NA;NA;NA;NA;NA;NA;1;NA;1;2;NA;1;3;NA
41;"PR";4101051;"410105";"Anahy";"Não";"Região Metropolitana de Cascavel";"Total";NA;1;NA;NA;NA;NA;NA;NA;NA;NA;NA;NA;NA;NA;NA;1;NA;1;NA;NA;1;NA;NA;NA;NA
41;"PR";4101101;"410110";"Andirá";"Não";"-";"Total";NA;2;2;NA;1;NA;2;2;NA;1;NA;NA;NA;3;NA;1;NA;2;NA;NA;NA;3;3;NA;NA
41;"PR";4101150;"410115";"Ângulo";"Não";"Região Metropolitana de Maringá";"Total";NA;NA;NA;NA;2;NA;NA;NA;NA;NA;NA;NA;NA;1;1;NA;NA;NA;NA;NA;NA;NA;2;NA;NA
41;"PR";4101200;"410120";"Antonina";"Não";"-";"Total";NA;NA;NA;NA;NA;2;NA;NA;1;NA;NA;NA;NA;2;NA;2;1;1;NA;NA;NA;NA;1;1;NA
41;"PR";4101309;"410130";"Antônio Olinto";"Não";"-";"Total";NA;NA;NA;NA;NA;NA;NA;NA;NA;NA;NA;NA;NA;NA;NA;NA;NA;NA;NA;NA;NA;NA;1;NA;NA
41;"PR";4101408;"410140";"Apucarana";"Não";"Região Metropolitana de Apucarana";"Total";10;8;9;11;10;4;13;9;10;5;6;11;15;13;12;11;3;8;7;17;14;17;8;9;NA
41;"PR";4101507;"410150";"Arapongas";"Não";"Região Metropolitana de Londrina";"Total";7;3;3;6;3;7;11;5;3;2;3;10;10;9;11;8;5;12;8;13;11;12;13;13;NA
41;"PR";4101606;"410160";"Arapoti";"Não";"-";"Total";2;NA;2;1;1;1;1;1;1;NA;5;4;1;2;1;5;1;NA;1;5;2;NA;3;3;NA
41;"PR";4101655;"410165";"Arapuã";"Não";"Região Metropolitana de Apucarana";"Total";NA;NA;NA;NA;NA;NA;NA;NA;NA;NA;NA;NA;NA;NA;NA;NA;NA;NA;NA;1;NA;NA;NA;1;NA
41;"PR";4101705;"410170";"Araruna";"Não";"Região Metropolitana de Campo Mourão";"Total";1;NA;1;NA;NA;NA;NA;1;1;NA;1;2;1;NA;2;NA;2;NA;1;2;4;1;1;NA;NA
41;"PR";4101804;"410180";"Araucária";"Não";"Região Metropolitana de Curitiba";"Total";1;1;NA;1;NA;2;2;3;NA;NA;NA;NA;3;NA;2;1;1;1;1;2;2;4;9;8;NA
41;"PR";4101853;"410185";"Ariranha do Ivaí";"Não";"Região Metropolitana de Apucarana";"Total";NA;NA;NA;NA;NA;NA;NA;NA;NA;NA;NA;NA;NA;NA;NA;NA;NA;1;NA;NA;NA;NA;NA;NA;NA
41;"PR";4101903;"410190";"Assaí";"Não";"Região Metropolitana de Londrina";"Total";NA;1;NA;NA;NA;NA;5;NA;2;NA;NA;NA;1;1;NA;NA;NA;1;NA;NA;2;2;NA;NA;NA
41;"PR";4102000;"410200";"Assis Chateaubriand";"Não";"Região Metropolitana de Toledo";"Total";1;4;3;3;1;NA;1;NA;5;2;4;4;2;3;4;5;4;5;2;NA;1;3;5;NA;NA
41;"PR";4102109;"410210";"Astorga";"Não";"Região Metropolitana de Maringá";"Total";NA;NA;1;2;NA;NA;1;NA;1;1;NA;NA;1;2;1;3;NA;1;1;1;NA;NA;3;1;NA
41;"PR";4102208;"410220";"Atalaia";"Não";"Região Metropolitana de Maringá";"Total";NA;NA;NA;NA;1;NA;NA;NA;NA;NA;NA;1;NA;NA;NA;NA;NA;NA;NA;NA;1;1;NA;NA;NA
41;"PR";4102307;"410230";"Balsa Nova";"Não";"Região Metropolitana de Curitiba";"Total";NA;NA;NA;NA;NA;1;NA;1;NA;1;NA;2;NA;NA;NA;2;NA;NA;NA;NA;1;2;5;1;NA
41;"PR";4102406;"410240";"Bandeirantes";"Não";"-";"Total";NA;1;1;2;4;NA;1;3;1;2;1;NA;NA;2;3;5;2;4;1;1;NA;5;2;1;NA
41;"PR";4102505;"410250";"Barbosa Ferraz";"Não";"Região Metropolitana de Campo Mourão";"Total";1;NA;NA;NA;1;NA;NA;1;1;2;NA;1;1;NA;NA;1;NA;1;NA;NA;1;NA;NA;2;NA
41;"PR";4102604;"410260";"Barracão";"Não";"-";"Total";2;NA;NA;NA;NA;1;1;NA;2;NA;NA;NA;NA;NA;1;NA;NA;NA;NA;NA;NA;NA;NA;NA;NA
41;"PR";4102703;"410270";"Barra do Jacaré";"Não";"-";"Total";NA;NA;NA;NA;1;NA;NA;NA;NA;1;NA;NA;NA;NA;NA;NA;1;NA;NA;NA;NA;NA;NA;NA;NA
41;"PR";4102752;"410275";"Bela Vista da Caroba";"Não";"-";"Total";NA;NA;NA;NA;NA;1;NA;NA;NA;NA;NA;NA;NA;NA;NA;NA;NA;NA;NA;NA;NA;NA;NA;NA;NA
41;"PR";4102802;"410280";"Bela Vista do Paraíso";"Não";"Região Metropolitana de Londrina";"Total";NA;NA;NA;NA;NA;NA;NA;NA;NA;NA;1;NA;2;NA;1;1;NA;3;1;NA;2;2;3;1;NA
41;"PR";4102901;"410290";"Bituruna";"Não";"-";"Total";NA;NA;NA;NA;NA;NA;1;NA;NA;NA;1;NA;NA;NA;1;1;NA;NA;NA;NA;NA;1;NA;1;NA
41;"PR";4103008;"410300";"Boa Esperança";"Não";"Região Metropolitana de Campo Mourão";"Total";NA;NA;NA;NA;NA;NA;NA;NA;NA;NA;NA;2;1;NA;NA;NA;NA;NA;1;1;2;1;NA;1;NA
41;"PR";4103024;"410302";"Boa Esperança do Iguaçu";"Não";"-";"Total";NA;NA;NA;NA;NA;NA;NA;NA;NA;NA;NA;NA;NA;NA;NA;NA;NA;NA;NA;1;NA;NA;NA;NA;NA
41;"PR";4103040;"410304";"Boa Ventura de São Roque";"Não";"-";"Total";NA;NA;1;1;NA;NA;NA;NA;NA;NA;NA;NA;NA;NA;NA;NA;NA;NA;NA;NA;NA;NA;NA;2;NA
41;"PR";4103057;"410305";"Boa Vista da Aparecida";"Não";"Região Metropolitana de Cascavel";"Total";NA;NA;NA;NA;NA;NA;NA;NA;NA;NA;NA;NA;NA;1;NA;NA;NA;1;NA;NA;1;2;NA;2;NA
41;"PR";4103107;"410310";"Bocaiúva do Sul";"Não";"Região Metropolitana de Curitiba";"Total";NA;NA;NA;NA;NA;NA;NA;NA;NA;NA;NA;1;NA;NA;NA;NA;1;NA;1;NA;NA;2;NA;1;NA
41;"PR";4103156;"410315";"Bom Jesus do Sul";"Não";"-";"Total";NA;NA;NA;NA;NA;NA;NA;NA;NA;NA;NA;NA;NA;NA;NA;NA;1;1;NA;NA;NA;NA;NA;NA;NA
41;"PR";4103206;"410320";"Bom Sucesso";"Não";"Região Metropolitana de Maringá";"Total";NA;NA;NA;NA;NA;1;NA;2;NA;NA;NA;NA;NA;1;NA;NA;1;NA;1;2;NA;NA;1;NA;NA
41;"PR";4103222;"410322";"Bom Sucesso do Sul";"Não";"-";"Total";NA;NA;NA;NA;NA;NA;NA;NA;1;NA;NA;NA;NA;NA;NA;NA;NA;NA;NA;NA;NA;NA;NA;NA;NA
41;"PR";4103305;"410330";"Borrazópolis";"Não";"Região Metropolitana de Apucarana";"Total";NA;NA;NA;NA;2;NA;NA;NA;NA;1;NA;NA;3;NA;NA;NA;NA;1;NA;NA;NA;NA;NA;NA;NA
41;"PR";4103354;"410335";"Braganey";"Não";"Região Metropolitana de Cascavel";"Total";NA;NA;NA;NA;NA;NA;NA;NA;1;NA;NA;NA;NA;NA;NA;NA;NA;NA;NA;NA;NA;1;NA;NA;NA
41;"PR";4103370;"410337";"Brasilândia do Sul";"Não";"Região Metropolitana de Umuarama";"Total";NA;NA;NA;NA;NA;1;NA;NA;NA;1;NA;NA;1;NA;3;NA;NA;1;3;1;1;NA;NA;3;NA
41;"PR";4103404;"410340";"Cafeara";"Não";"-";"Total";NA;NA;NA;NA;NA;NA;NA;NA;NA;NA;NA;1;NA;4;NA;NA;NA;NA;NA;NA;NA;NA;NA;NA;NA
41;"PR";4103453;"410345";"Cafelândia";"Não";"Região Metropolitana de Cascavel";"Total";NA;NA;NA;NA;NA;NA;NA;NA;NA;NA;1;NA;NA;NA;NA;NA;NA;3;1;NA;4;NA;NA;1;NA
41;"PR";4103479;"410347";"Cafezal do Sul";"Não";"Região Metropolitana de Umuarama";"Total";NA;NA;NA;NA;NA;NA;NA;NA;NA;NA;2;1;NA;NA;NA;NA;7;NA;NA;NA;NA;NA;NA;1;NA
41;"PR";4103503;"410350";"Califórnia";"Não";"Região Metropolitana de Apucarana";"Total";NA;1;NA;NA;1;NA;NA;NA;1;1;NA;NA;NA;4;1;NA;NA;NA;NA;NA;1;1;NA;NA;NA
41;"PR";4103602;"410360";"Cambará";"Não";"-";"Total";1;NA;1;NA;1;2;NA;NA;1;1;2;1;NA;NA;2;NA;1;1;NA;2;1;1;NA;1;NA
41;"PR";4103701;"410370";"Cambé";"Não";"Região Metropolitana de Londrina";"Total";6;NA;1;4;7;3;2;5;4;1;1;6;NA;4;1;NA;3;2;1;6;3;5;3;6;NA
41;"PR";4103800;"410380";"Cambira";"Não";"Região Metropolitana de Maringá";"Total";NA;1;NA;NA;NA;NA;1;2;NA;NA;NA;NA;1;NA;NA;1;NA;1;2;1;3;NA;1;1;NA
41;"PR";4103909;"410390";"Campina da Lagoa";"Não";"Região Metropolitana de Campo Mourão";"Total";1;NA;1;NA;1;NA;1;NA;NA;1;1;4;4;NA;1;NA;1;2;1;NA;1;1;NA;2;NA
41;"PR";4103958;"410395";"Campina do Simão";"Não";"-";"Total";NA;NA;NA;NA;NA;NA;NA;NA;NA;NA;NA;NA;NA;NA;NA;NA;NA;NA;NA;NA;NA;NA;NA;NA;NA
41;"PR";4104006;"410400";"Campina Grande do Sul";"Não";"Região Metropolitana de Curitiba";"Total";1;3;5;2;1;6;1;3;3;1;4;3;3;4;2;1;1;5;2;1;1;6;5;8;NA
41;"PR";4104055;"410405";"Campo Bonito";"Não";"Região Metropolitana de Cascavel";"Total";NA;NA;NA;NA;NA;NA;NA;NA;NA;NA;NA;NA;NA;NA;NA;NA;NA;NA;NA;NA;NA;1;NA;NA;NA
41;"PR";4104105;"410410";"Campo do Tenente";"Não";"Região Metropolitana de Curitiba";"Total";NA;NA;1;NA;NA;NA;NA;NA;NA;NA;NA;NA;1;NA;1;NA;1;NA;1;NA;NA;NA;1;NA;NA
41;"PR";4104204;"410420";"Campo Largo";"Não";"Região Metropolitana de Curitiba";"Total";NA;2;2;1;1;4;NA;1;6;3;5;NA;4;NA;3;1;2;5;2;2;3;8;13;7;NA
41;"PR";4104253;"410425";"Campo Magro";"Não";"Região Metropolitana de Curitiba";"Total";NA;NA;NA;NA;NA;NA;NA;1;NA;NA;NA;1;NA;NA;NA;NA;NA;NA;NA;NA;NA;3;1;NA;NA
41;"PR";4104303;"410430";"Campo Mourão";"Não";"Região Metropolitana de Campo Mourão";"Total";3;2;2;7;8;5;2;9;3;15;16;19;30;27;19;27;24;39;23;16;15;14;18;20;NA
41;"PR";4104402;"410440";"Cândido de Abreu";"Não";"-";"Total";NA;NA;NA;NA;NA;NA;NA;NA;NA;NA;1;2;NA;1;NA;3;NA;1;NA;NA;NA;1;NA;2;NA
41;"PR";4104428;"410442";"Candói";"Não";"-";"Total";1;1;1;1;2;NA;2;2;1;1;2;1;NA;2;NA;1;1;NA;4;2;1;3;1;8;NA
41;"PR";4104451;"410445";"Cantagalo";"Não";"-";"Total";NA;1;1;NA;1;NA;NA;1;NA;NA;1;1;1;NA;NA;NA;1;NA;1;1;1;1;NA;1;NA
41;"PR";4104501;"410450";"Capanema";"Não";"-";"Total";NA;1;1;NA;NA;NA;NA;NA;2;NA;NA;NA;NA;NA;NA;NA;NA;NA;NA;1;1;1;2;NA;NA
41;"PR";4104600;"410460";"Capitão Leônidas Marques";"Não";"Região Metropolitana de Cascavel";"Total";NA;1;NA;NA;NA;NA;NA;NA;NA;NA;NA;1;NA;1;1;1;NA;2;1;NA;1;NA;NA;1;NA
41;"PR";4104659;"410465";"Carambeí";"Não";"-";"Total";1;1;1;NA;NA;NA;NA;1;NA;1;NA;1;4;NA;NA;NA;NA;1;NA;NA;1;NA;1;1;NA
41;"PR";4104709;"410470";"Carlópolis";"Não";"-";"Total";NA;NA;NA;NA;1;NA;NA;NA;NA;NA;NA;NA;NA;NA;NA;NA;NA;NA;2;NA;3;2;NA;2;NA
41;"PR";4104808;"410480";"Cascavel";"Não";"Região Metropolitana de Cascavel";"Total";7;8;8;5;10;5;8;12;7;6;5;6;20;16;9;7;2;4;10;9;19;27;30;22;NA
41;"PR";4104907;"410490";"Castro";"Não";"-";"Total";1;1;2;2;NA;NA;3;1;1;1;3;2;2;2;3;1;3;3;2;NA;1;3;1;1;NA
41;"PR";4105003;"410500";"Catanduvas";"Não";"Região Metropolitana de Cascavel";"Total";1;NA;NA;NA;NA;NA;NA;NA;NA;NA;NA;NA;NA;NA;NA;NA;2;3;1;NA;NA;NA;1;NA;NA
41;"PR";4105102;"410510";"Centenário do Sul";"Não";"Região Metropolitana de Londrina";"Total";NA;NA;NA;1;NA;NA;1;NA;1;NA;NA;1;NA;NA;NA;NA;1;NA;NA;NA;1;NA;NA;2;NA
41;"PR";4105201;"410520";"Cerro Azul";"Não";"Região Metropolitana de Curitiba";"Total";NA;NA;NA;NA;NA;NA;NA;NA;NA;NA;NA;NA;NA;NA;NA;NA;NA;NA;NA;NA;NA;NA;NA;NA;NA
41;"PR";4105300;"410530";"Céu Azul";"Não";"Região Metropolitana de Cascavel";"Total";NA;NA;1;1;NA;NA;NA;2;1;NA;NA;NA;2;1;NA;2;NA;1;NA;NA;1;1;4;1;NA
41;"PR";4105409;"410540";"Chopinzinho";"Não";"-";"Total";1;NA;2;1;NA;NA;1;NA;NA;1;1;NA;2;NA;2;1;2;NA;NA;NA;2;3;4;NA;NA
41;"PR";4105508;"410550";"Cianorte";"Não";"-";"Total";3;2;2;2;4;2;3;5;3;10;7;8;10;12;13;11;13;7;7;11;13;15;5;11;NA
41;"PR";4105607;"410560";"Cidade Gaúcha";"Não";"Região Metropolitana de Umuarama";"Total";NA;NA;NA;1;NA;2;3;NA;NA;NA;NA;NA;NA;1;1;1;NA;NA;1;NA;NA;1;4;3;NA
41;"PR";4105706;"410570";"Clevelândia";"Não";"-";"Total";NA;2;2;NA;1;1;1;1;2;1;NA;NA;4;NA;NA;NA;NA;NA;NA;5;1;3;NA;1;NA
41;"PR";4105805;"410580";"Colombo";"Não";"Região Metropolitana de Curitiba";"Total";NA;3;4;1;1;4;NA;3;NA;2;1;2;2;2;1;3;NA;NA;3;3;1;2;6;3;NA
41;"PR";4105904;"410590";"Colorado";"Não";"-";"Total";NA;1;3;NA;1;NA;1;3;NA;2;2;1;1;5;1;1;2;2;2;1;1;2;5;2;NA
41;"PR";4106001;"410600";"Congonhinhas";"Não";"-";"Total";NA;NA;NA;1;NA;2;NA;1;NA;NA;NA;NA;NA;NA;1;1;NA;NA;NA;NA;1;NA;1;NA;NA
41;"PR";4106100;"410610";"Conselheiro Mairinck";"Não";"-";"Total";1;NA;NA;NA;NA;NA;NA;NA;NA;NA;NA;NA;NA;NA;NA;NA;NA;NA;NA;NA;1;NA;NA;NA;NA
41;"PR";4106209;"410620";"Contenda";"Não";"Região Metropolitana de Curitiba";"Total";NA;NA;NA;NA;1;NA;NA;1;1;2;NA;NA;NA;NA;NA;NA;NA;1;1;NA;NA;2;1;1;NA
41;"PR";4106308;"410630";"Corbélia";"Não";"Região Metropolitana de Cascavel";"Total";1;1;NA;1;1;NA;NA;NA;NA;NA;NA;NA;NA;2;1;NA;1;3;NA;1;NA;1;1;7;NA
41;"PR";4106407;"410640";"Cornélio Procópio";"Não";"-";"Total";2;1;2;3;5;2;3;4;8;2;10;4;8;2;2;4;5;2;2;NA;2;3;5;1;NA
41;"PR";4106456;"410645";"Coronel Domingos Soares";"Não";"-";"Total";NA;NA;NA;1;NA;NA;1;NA;NA;NA;NA;NA;NA;NA;NA;NA;NA;NA;NA;NA;NA;NA;NA;NA;NA
41;"PR";4106506;"410650";"Coronel Vivida";"Não";"-";"Total";NA;NA;NA;1;NA;NA;NA;NA;2;NA;NA;NA;NA;2;NA;1;1;NA;NA;1;1;NA;NA;NA;NA
41;"PR";4106555;"410655";"Corumbataí do Sul";"Não";"Região Metropolitana de Campo Mourão";"Total";NA;NA;NA;NA;NA;NA;NA;NA;NA;NA;NA;NA;NA;NA;1;NA;NA;NA;NA;NA;NA;NA;NA;NA;NA
41;"PR";4106571;"410657";"Cruzeiro do Iguaçu";"Não";"-";"Total";NA;NA;NA;NA;NA;NA;NA;NA;NA;NA;NA;NA;NA;NA;NA;NA;NA;NA;NA;NA;NA;NA;NA;NA;NA
41;"PR";4106605;"410660";"Cruzeiro do Oeste";"Não";"Região Metropolitana de Umuarama";"Total";NA;1;1;NA;NA;NA;3;NA;2;NA;3;1;1;2;3;2;3;NA;2;2;1;3;4;3;NA
41;"PR";4106704;"410670";"Cruzeiro do Sul";"Não";"-";"Total";NA;NA;1;NA;NA;NA;NA;NA;NA;NA;NA;1;1;1;NA;NA;NA;1;NA;1;1;NA;NA;NA;NA
41;"PR";4106803;"410680";"Cruz Machado";"Não";"-";"Total";NA;NA;NA;NA;NA;NA;NA;NA;NA;NA;NA;NA;NA;NA;NA;NA;NA;NA;NA;NA;1;NA;NA;NA;NA
41;"PR";4106852;"410685";"Cruzmaltina";"Não";"Região Metropolitana de Apucarana";"Total";NA;NA;NA;NA;4;NA;NA;NA;NA;NA;NA;NA;NA;1;NA;NA;NA;NA;NA;NA;2;NA;NA;NA;NA
41;"PR";4106902;"410690";"Curitiba";"Sim";"Região Metropolitana de Curitiba";"Total";44;34;26;31;27;44;31;35;32;16;20;27;27;19;20;23;24;34;23;33;49;86;57;77;NA
41;"PR";4107009;"410700";"Curiúva";"Não";"-";"Total";NA;2;NA;NA;2;1;NA;NA;NA;1;NA;3;1;1;NA;1;1;NA;1;NA;2;1;NA;NA;NA
41;"PR";4107108;"410710";"Diamante do Norte";"Não";"-";"Total";NA;NA;NA;NA;1;NA;2;NA;1;NA;3;NA;1;4;1;NA;NA;NA;NA;2;1;NA;NA;2;NA
41;"PR";4107124;"410712";"Diamante do Sul";"Não";"Região Metropolitana de Cascavel";"Total";NA;NA;NA;NA;NA;NA;NA;NA;1;1;NA;NA;NA;NA;NA;NA;NA;NA;NA;NA;NA;NA;NA;NA;NA
41;"PR";4107157;"410715";"Diamante D'Oeste";"Não";"Região Metropolitana de Toledo";"Total";NA;NA;NA;NA;NA;NA;NA;NA;NA;NA;NA;NA;1;NA;NA;NA;NA;NA;NA;1;1;1;NA;1;NA
41;"PR";4107207;"410720";"Dois Vizinhos";"Não";"-";"Total";NA;NA;NA;NA;NA;NA;NA;NA;1;1;NA;NA;1;NA;NA;NA;NA;NA;1;2;NA;2;1;3;NA
41;"PR";4107256;"410725";"Douradina";"Não";"Região Metropolitana de Umuarama";"Total";NA;NA;NA;NA;NA;NA;NA;NA;NA;NA;1;NA;NA;NA;NA;1;NA;NA;NA;2;NA;NA;1;1;NA
41;"PR";4107306;"410730";"Doutor Camargo";"Não";"Região Metropolitana de Maringá";"Total";NA;NA;NA;NA;NA;NA;1;NA;NA;1;NA;1;NA;1;2;2;NA;1;NA;NA;NA;1;NA;NA;NA
41;"PR";4107405;"410740";"Enéas Marques";"Não";"-";"Total";1;1;NA;NA;NA;NA;NA;NA;NA;NA;NA;1;NA;1;NA;NA;NA;NA;NA;NA;NA;1;NA;1;NA
41;"PR";4107504;"410750";"Engenheiro Beltrão";"Não";"Região Metropolitana de Campo Mourão";"Total";2;1;1;NA;1;NA;NA;NA;3;3;3;1;5;2;4;2;8;3;NA;2;5;3;1;NA;NA
41;"PR";4107520;"410752";"Esperança Nova";"Não";"Região Metropolitana de Umuarama";"Total";NA;NA;NA;NA;NA;NA;NA;NA;NA;NA;NA;NA;NA;1;1;NA;NA;NA;NA;NA;NA;NA;NA;NA;NA
41;"PR";4107538;"410753";"Entre Rios do Oeste";"Não";"Região Metropolitana de Toledo";"Total";NA;NA;NA;NA;NA;NA;NA;1;NA;NA;NA;NA;NA;NA;NA;NA;NA;1;NA;NA;NA;NA;1;NA;NA
41;"PR";4107546;"410754";"Espigão Alto do Iguaçu";"Não";"-";"Total";NA;NA;NA;NA;NA;NA;NA;NA;NA;NA;NA;NA;NA;NA;NA;NA;NA;NA;NA;NA;NA;NA;NA;NA;NA
41;"PR";4107553;"410755";"Farol";"Não";"Região Metropolitana de Campo Mourão";"Total";NA;NA;NA;1;NA;NA;NA;NA;NA;1;NA;NA;NA;NA;NA;1;NA;1;NA;NA;NA;NA;1;2;NA
41;"PR";4107603;"410760";"Faxinal";"Não";"Região Metropolitana de Apucarana";"Total";1;NA;NA;NA;NA;NA;NA;NA;1;1;2;NA;2;1;1;1;2;1;1;3;3;2;1;NA;NA
41;"PR";4107652;"410765";"Fazenda Rio Grande";"Não";"Região Metropolitana de Curitiba";"Total";1;4;1;1;NA;2;1;1;NA;3;2;1;3;1;3;NA;1;1;NA;NA;NA;1;6;4;NA
41;"PR";4107702;"410770";"Fênix";"Não";"Região Metropolitana de Campo Mourão";"Total";1;NA;NA;NA;NA;NA;NA;NA;NA;NA;NA;NA;NA;3;2;NA;NA;NA;1;1;1;1;NA;NA;NA
41;"PR";4107736;"410773";"Fernandes Pinheiro";"Não";"-";"Total";NA;NA;NA;NA;NA;NA;NA;NA;NA;NA;1;NA;NA;NA;NA;NA;NA;NA;NA;NA;NA;NA;NA;2;NA
41;"PR";4107751;"410775";"Figueira";"Não";"-";"Total";NA;NA;NA;NA;1;1;1;NA;NA;NA;NA;NA;1;NA;NA;NA;NA;NA;NA;NA;NA;1;NA;NA;NA
41;"PR";4107801;"410780";"Floraí";"Não";"Região Metropolitana de Maringá";"Total";NA;NA;NA;1;NA;NA;NA;NA;NA;NA;NA;NA;NA;NA;NA;1;1;NA;NA;NA;NA;2;NA;1;NA
41;"PR";4107850;"410785";"Flor da Serra do Sul";"Não";"-";"Total";NA;NA;NA;NA;1;NA;NA;NA;NA;NA;NA;NA;NA;NA;NA;1;NA;NA;NA;NA;NA;NA;NA;NA;NA
41;"PR";4107900;"410790";"Floresta";"Não";"Região Metropolitana de Maringá";"Total";NA;NA;NA;1;NA;NA;NA;1;2;NA;NA;1;1;1;NA;1;NA;NA;1;1;NA;NA;2;1;NA
41;"PR";4108007;"410800";"Florestópolis";"Não";"Região Metropolitana de Londrina";"Total";NA;NA;NA;NA;NA;NA;NA;1;NA;NA;NA;NA;NA;NA;2;NA;1;NA;NA;NA;1;NA;NA;2;NA
41;"PR";4108106;"410810";"Flórida";"Não";"Região Metropolitana de Maringá";"Total";1;NA;NA;NA;NA;NA;NA;NA;NA;1;NA;NA;NA;NA;1;NA;NA;NA;NA;NA;1;1;NA;1;NA
41;"PR";4108205;"410820";"Formosa do Oeste";"Não";"Região Metropolitana de Cascavel";"Total";NA;NA;NA;NA;1;NA;NA;1;1;NA;NA;NA;NA;NA;1;NA;NA;2;NA;1;NA;1;1;NA;NA
41;"PR";4108304;"410830";"Foz do Iguaçu";"Não";"-";"Total";7;5;5;5;23;41;21;19;29;27;17;17;24;17;11;9;4;6;15;11;12;8;11;8;NA
41;"PR";4108320;"410832";"Francisco Alves";"Não";"Região Metropolitana de Umuarama";"Total";NA;NA;NA;1;1;NA;1;NA;NA;NA;NA;NA;1;1;1;NA;3;1;NA;NA;1;4;1;2;NA
41;"PR";4108403;"410840";"Francisco Beltrão";"Não";"-";"Total";2;4;3;2;5;5;6;7;5;4;4;1;4;5;4;2;4;1;6;7;2;5;8;5;NA
41;"PR";4108452;"410845";"Foz do Jordão";"Não";"-";"Total";NA;NA;NA;NA;NA;NA;NA;NA;NA;NA;NA;NA;NA;NA;NA;NA;1;1;NA;NA;NA;NA;1;NA;NA
41;"PR";4108502;"410850";"General Carneiro";"Não";"-";"Total";1;NA;NA;NA;NA;2;NA;NA;1;NA;1;2;NA;NA;1;2;NA;2;NA;NA;NA;1;NA;2;NA
41;"PR";4108551;"410855";"Godoy Moreira";"Não";"Região Metropolitana de Apucarana";"Total";NA;NA;1;NA;NA;NA;NA;NA;NA;NA;1;NA;NA;NA;NA;NA;NA;NA;NA;1;NA;NA;NA;1;NA
41;"PR";4108601;"410860";"Goioerê";"Não";"Região Metropolitana de Campo Mourão";"Total";2;1;2;2;NA;NA;2;2;NA;3;4;1;5;3;3;1;5;2;NA;1;1;NA;3;5;NA
41;"PR";4108650;"410865";"Goioxim";"Não";"-";"Total";NA;NA;2;NA;NA;NA;NA;NA;NA;NA;NA;NA;NA;NA;NA;2;NA;NA;NA;1;1;NA;NA;NA;NA
41;"PR";4108700;"410870";"Grandes Rios";"Não";"Região Metropolitana de Apucarana";"Total";NA;1;NA;2;NA;NA;NA;NA;NA;1;NA;NA;1;1;NA;1;NA;NA;1;NA;NA;NA;1;NA;NA
41;"PR";4108809;"410880";"Guaíra";"Não";"Região Metropolitana de Toledo";"Total";NA;1;2;1;1;NA;NA;2;2;NA;NA;2;1;3;3;1;2;4;3;NA;4;2;2;2;NA
41;"PR";4108908;"410890";"Guairaçá";"Não";"-";"Total";NA;1;NA;NA;NA;NA;NA;1;1;NA;NA;1;2;1;1;1;NA;1;1;2;NA;NA;1;1;NA
41;"PR";4108957;"410895";"Guamiranga";"Não";"-";"Total";NA;NA;NA;NA;1;1;NA;NA;NA;NA;NA;NA;NA;NA;NA;1;1;NA;NA;NA;NA;1;NA;NA;NA
41;"PR";4109005;"410900";"Guapirama";"Não";"-";"Total";NA;NA;NA;NA;NA;NA;NA;1;NA;1;2;NA;NA;NA;NA;NA;NA;NA;NA;NA;1;NA;NA;NA;NA
41;"PR";4109104;"410910";"Guaporema";"Não";"-";"Total";NA;NA;NA;NA;NA;NA;NA;NA;NA;NA;NA;NA;NA;NA;NA;NA;NA;NA;NA;NA;NA;NA;NA;NA;NA
41;"PR";4109203;"410920";"Guaraci";"Não";"Região Metropolitana de Londrina";"Total";NA;NA;NA;NA;NA;NA;NA;NA;NA;NA;NA;NA;NA;NA;NA;NA;NA;NA;1;2;1;NA;NA;1;NA
41;"PR";4109302;"410930";"Guaraniaçu";"Não";"Região Metropolitana de Cascavel";"Total";1;NA;1;NA;1;NA;NA;NA;1;NA;NA;NA;NA;1;1;NA;1;NA;1;NA;NA;2;3;3;NA
41;"PR";4109401;"410940";"Guarapuava";"Não";"-";"Total";5;3;2;10;2;8;3;5;7;8;6;9;5;11;7;4;7;6;6;10;11;18;12;13;NA
41;"PR";4109500;"410950";"Guaraqueçaba";"Não";"-";"Total";NA;NA;NA;NA;NA;NA;NA;NA;NA;NA;1;NA;NA;NA;NA;NA;NA;NA;NA;NA;NA;NA;NA;NA;NA
41;"PR";4109609;"410960";"Guaratuba";"Não";"-";"Total";NA;2;3;1;5;2;NA;NA;NA;3;NA;2;1;2;2;1;NA;2;1;3;1;5;3;3;NA
41;"PR";4109658;"410965";"Honório Serpa";"Não";"-";"Total";1;NA;NA;NA;NA;NA;NA;NA;NA;NA;NA;NA;NA;1;NA;NA;NA;NA;NA;NA;2;NA;NA;NA;NA
41;"PR";4109708;"410970";"Ibaiti";"Não";"-";"Total";2;NA;NA;NA;NA;NA;2;NA;2;NA;7;1;1;NA;2;NA;2;NA;NA;3;3;3;6;2;NA
41;"PR";4109757;"410975";"Ibema";"Não";"Região Metropolitana de Cascavel";"Total";NA;NA;NA;NA;NA;NA;NA;NA;NA;NA;NA;NA;NA;1;NA;NA;1;NA;NA;NA;NA;NA;1;1;NA
41;"PR";4109807;"410980";"Ibiporã";"Não";"Região Metropolitana de Londrina";"Total";NA;NA;NA;3;NA;2;1;NA;2;2;NA;2;1;NA;2;NA;2;1;2;1;3;NA;1;4;NA
41;"PR";4109906;"410990";"Icaraíma";"Não";"Região Metropolitana de Umuarama";"Total";NA;NA;NA;NA;NA;1;NA;NA;1;1;1;NA;1;NA;NA;1;NA;NA;1;NA;NA;1;NA;NA;NA
41;"PR";4110003;"411000";"Iguaraçu";"Não";"Região Metropolitana de Maringá";"Total";NA;NA;NA;NA;2;1;NA;1;2;NA;NA;NA;1;1;4;4;NA;NA;NA;NA;NA;NA;1;1;NA
41;"PR";4110052;"411005";"Iguatu";"Não";"Região Metropolitana de Cascavel";"Total";NA;NA;NA;NA;NA;NA;NA;NA;NA;NA;NA;NA;NA;NA;NA;NA;NA;NA;NA;NA;NA;NA;NA;NA;NA
41;"PR";4110078;"411007";"Imbaú";"Não";"-";"Total";1;NA;NA;NA;NA;NA;NA;NA;1;1;2;NA;NA;2;NA;1;1;NA;NA;NA;NA;1;1;1;NA
41;"PR";4110102;"411010";"Imbituva";"Não";"-";"Total";NA;NA;NA;NA;NA;NA;NA;1;NA;NA;NA;5;1;1;NA;NA;2;NA;NA;NA;1;1;1;NA;NA
41;"PR";4110201;"411020";"Inácio Martins";"Não";"-";"Total";NA;NA;NA;NA;NA;NA;NA;NA;NA;NA;NA;NA;1;NA;NA;NA;NA;NA;NA;NA;NA;NA;NA;NA;NA
41;"PR";4110300;"411030";"Inajá";"Não";"-";"Total";NA;NA;NA;NA;NA;NA;NA;NA;NA;NA;NA;1;NA;NA;1;NA;NA;NA;1;NA;NA;NA;NA;NA;NA
41;"PR";4110409;"411040";"Indianópolis";"Não";"-";"Total";1;1;NA;NA;NA;NA;1;NA;NA;NA;NA;1;1;NA;NA;1;NA;NA;NA;NA;NA;NA;NA;NA;NA
41;"PR";4110508;"411050";"Ipiranga";"Não";"-";"Total";NA;NA;NA;1;NA;NA;NA;NA;1;6;NA;NA;NA;NA;NA;NA;NA;NA;NA;NA;NA;NA;2;NA;NA
41;"PR";4110607;"411060";"Iporã";"Não";"Região Metropolitana de Umuarama";"Total";1;NA;NA;NA;NA;NA;NA;NA;NA;NA;1;1;NA;3;1;3;NA;3;NA;NA;NA;1;5;5;NA
41;"PR";4110656;"411065";"Iracema do Oeste";"Não";"Região Metropolitana de Cascavel";"Total";NA;NA;NA;NA;NA;NA;NA;NA;NA;NA;NA;NA;1;NA;NA;NA;1;NA;NA;NA;NA;2;NA;NA;NA
41;"PR";4110706;"411070";"Irati";"Não";"-";"Total";1;NA;NA;NA;1;NA;NA;NA;NA;NA;NA;NA;NA;2;2;NA;1;1;1;1;1;2;3;1;NA
41;"PR";4110805;"411080";"Iretama";"Não";"Região Metropolitana de Campo Mourão";"Total";1;NA;NA;NA;1;NA;NA;NA;NA;NA;1;1;1;NA;2;4;2;2;1;NA;NA;3;2;2;NA
41;"PR";4110904;"411090";"Itaguajé";"Não";"-";"Total";NA;1;NA;NA;NA;NA;NA;3;1;NA;1;NA;NA;1;NA;NA;1;1;1;NA;NA;1;1;1;NA
41;"PR";4110953;"411095";"Itaipulândia";"Não";"-";"Total";NA;NA;NA;NA;1;1;2;NA;NA;NA;NA;NA;NA;NA;NA;NA;1;NA;NA;NA;1;NA;NA;NA;NA
41;"PR";4111001;"411100";"Itambaracá";"Não";"-";"Total";NA;NA;NA;NA;NA;NA;NA;NA;NA;NA;NA;NA;NA;1;NA;NA;NA;NA;NA;NA;NA;NA;NA;NA;NA
41;"PR";4111100;"411110";"Itambé";"Não";"Região Metropolitana de Maringá";"Total";NA;NA;NA;NA;NA;NA;NA;NA;NA;NA;NA;NA;NA;NA;NA;NA;NA;NA;NA;NA;NA;NA;NA;NA;NA
41;"PR";4111209;"411120";"Itapejara d'Oeste";"Não";"-";"Total";NA;NA;NA;NA;NA;NA;NA;1;NA;NA;1;1;NA;NA;NA;NA;NA;NA;NA;1;NA;NA;NA;NA;NA
41;"PR";4111258;"411125";"Itaperuçu";"Não";"Região Metropolitana de Curitiba";"Total";1;NA;NA;NA;NA;NA;NA;NA;NA;NA;NA;NA;1;NA;NA;NA;NA;NA;NA;NA;1;NA;2;NA;NA
41;"PR";4111308;"411130";"Itaúna do Sul";"Não";"-";"Total";NA;NA;NA;1;NA;NA;2;1;NA;2;1;2;NA;NA;1;NA;NA;2;NA;NA;NA;1;NA;1;NA
41;"PR";4111407;"411140";"Ivaí";"Não";"-";"Total";NA;NA;NA;1;NA;NA;NA;NA;NA;NA;NA;1;NA;NA;NA;NA;NA;NA;NA;1;NA;NA;1;NA;NA
41;"PR";4111506;"411150";"Ivaiporã";"Não";"Região Metropolitana de Apucarana";"Total";NA;2;1;NA;NA;NA;NA;2;2;4;4;4;6;5;2;9;7;4;NA;2;1;9;2;3;NA
41;"PR";4111555;"411155";"Ivaté";"Não";"Região Metropolitana de Umuarama";"Total";NA;1;NA;2;NA;NA;NA;NA;NA;1;1;NA;NA;NA;NA;1;NA;1;NA;5;1;1;NA;3;NA
41;"PR";4111605;"411160";"Ivatuba";"Não";"Região Metropolitana de Maringá";"Total";NA;NA;NA;NA;NA;NA;NA;NA;NA;NA;NA;NA;NA;NA;NA;NA;NA;NA;NA;NA;NA;NA;NA;NA;NA
41;"PR";4111704;"411170";"Jaboti";"Não";"-";"Total";NA;NA;NA;NA;NA;NA;NA;NA;NA;NA;NA;NA;NA;NA;NA;1;NA;NA;NA;NA;NA;NA;NA;1;NA
41;"PR";4111803;"411180";"Jacarezinho";"Não";"-";"Total";2;NA;1;3;2;2;2;7;3;3;4;1;NA;4;5;4;4;6;5;4;6;7;5;4;NA
41;"PR";4111902;"411190";"Jaguapitã";"Não";"Região Metropolitana de Londrina";"Total";NA;1;1;NA;NA;NA;2;NA;1;1;1;NA;NA;NA;1;NA;NA;1;NA;NA;2;NA;1;3;NA
41;"PR";4112009;"411200";"Jaguariaíva";"Não";"-";"Total";1;NA;NA;2;NA;NA;NA;NA;1;3;NA;2;3;2;NA;3;2;1;1;4;1;3;3;3;NA
41;"PR";4112108;"411210";"Jandaia do Sul";"Não";"Região Metropolitana de Maringá";"Total";NA;NA;1;NA;1;NA;1;NA;NA;NA;1;1;1;1;1;2;4;1;NA;NA;2;2;2;3;NA
41;"PR";4112207;"411220";"Janiópolis";"Não";"Região Metropolitana de Campo Mourão";"Total";NA;NA;NA;NA;NA;NA;NA;NA;NA;NA;NA;NA;2;1;1;NA;1;NA;NA;4;NA;1;NA;1;NA
41;"PR";4112306;"411230";"Japira";"Não";"-";"Total";NA;NA;NA;NA;NA;NA;NA;NA;NA;NA;NA;NA;1;NA;NA;NA;NA;3;NA;NA;NA;NA;1;NA;NA
41;"PR";4112405;"411240";"Japurá";"Não";"-";"Total";NA;NA;NA;1;NA;NA;NA;NA;NA;NA;1;NA;NA;NA;NA;1;NA;2;NA;1;NA;NA;NA;1;NA
41;"PR";4112504;"411250";"Jardim Alegre";"Não";"Região Metropolitana de Apucarana";"Total";NA;NA;NA;NA;1;NA;NA;NA;1;1;NA;NA;NA;1;1;1;NA;NA;NA;2;1;2;NA;1;NA
41;"PR";4112603;"411260";"Jardim Olinda";"Não";"-";"Total";NA;NA;NA;NA;NA;NA;NA;NA;NA;NA;NA;NA;NA;NA;NA;1;NA;NA;NA;NA;NA;NA;1;NA;NA
41;"PR";4112702;"411270";"Jataizinho";"Não";"Região Metropolitana de Londrina";"Total";NA;NA;1;NA;1;2;NA;NA;NA;2;1;NA;NA;1;NA;1;1;NA;NA;NA;1;NA;1;NA;NA
41;"PR";4112751;"411275";"Jesuítas";"Não";"Região Metropolitana de Cascavel";"Total";NA;NA;NA;1;NA;NA;NA;NA;1;2;NA;2;1;3;4;5;NA;NA;1;3;NA;NA;NA;1;NA
41;"PR";4112801;"411280";"Joaquim Távora";"Não";"-";"Total";NA;NA;NA;NA;NA;NA;NA;NA;NA;NA;2;NA;NA;NA;4;NA;NA;NA;1;2;NA;2;2;1;NA
41;"PR";4112900;"411290";"Jundiaí do Sul";"Não";"-";"Total";NA;NA;NA;NA;NA;NA;NA;1;NA;NA;NA;NA;NA;NA;NA;NA;NA;NA;NA;NA;1;NA;NA;NA;NA
41;"PR";4112959;"411295";"Juranda";"Não";"Região Metropolitana de Campo Mourão";"Total";NA;NA;1;NA;NA;NA;NA;1;NA;NA;NA;NA;1;2;1;2;NA;NA;1;NA;1;2;1;2;NA
41;"PR";4113007;"411300";"Jussara";"Não";"-";"Total";NA;1;NA;NA;NA;NA;NA;NA;NA;NA;1;1;NA;1;NA;NA;1;NA;1;1;1;NA;NA;NA;NA
41;"PR";4113106;"411310";"Kaloré";"Não";"Região Metropolitana de Apucarana";"Total";NA;NA;NA;NA;NA;NA;NA;1;NA;NA;1;NA;NA;3;NA;NA;NA;NA;NA;NA;NA;NA;NA;NA;NA
41;"PR";4113205;"411320";"Lapa";"Não";"Região Metropolitana de Curitiba";"Total";1;NA;NA;1;NA;NA;1;NA;1;NA;NA;NA;2;NA;NA;1;1;1;1;1;2;3;2;4;NA
41;"PR";4113254;"411325";"Laranjal";"Não";"-";"Total";NA;NA;NA;NA;NA;NA;NA;1;NA;NA;NA;NA;1;NA;NA;NA;NA;NA;NA;NA;NA;1;NA;1;NA
41;"PR";4113304;"411330";"Laranjeiras do Sul";"Não";"-";"Total";2;NA;1;1;3;NA;1;NA;NA;NA;NA;NA;2;NA;1;NA;NA;1;1;3;NA;4;4;2;NA
41;"PR";4113403;"411340";"Leópolis";"Não";"-";"Total";1;NA;NA;NA;2;NA;NA;NA;NA;NA;3;NA;NA;NA;NA;NA;NA;NA;NA;NA;NA;NA;NA;NA;NA
41;"PR";4113429;"411342";"Lidianópolis";"Não";"Região Metropolitana de Apucarana";"Total";NA;NA;NA;NA;NA;NA;1;NA;NA;1;1;NA;NA;1;NA;1;NA;1;NA;NA;4;NA;1;2;NA
41;"PR";4113452;"411345";"Lindoeste";"Não";"Região Metropolitana de Cascavel";"Total";1;1;NA;NA;NA;NA;1;NA;NA;NA;NA;NA;NA;NA;NA;NA;NA;NA;NA;NA;NA;NA;NA;1;NA
41;"PR";4113502;"411350";"Loanda";"Não";"-";"Total";1;1;1;NA;1;NA;1;NA;1;1;2;2;NA;NA;2;5;4;1;NA;1;3;4;2;6;NA
41;"PR";4113601;"411360";"Lobato";"Não";"Região Metropolitana de Maringá";"Total";NA;NA;1;NA;2;1;NA;NA;NA;NA;NA;1;1;NA;NA;NA;NA;NA;NA;NA;NA;NA;NA;NA;NA
41;"PR";4113700;"411370";"Londrina";"Não";"Região Metropolitana de Londrina";"Total";25;18;20;16;24;24;20;25;22;21;29;39;27;13;30;24;24;23;20;42;27;35;29;39;NA
41;"PR";4113734;"411373";"Luiziana";"Não";"Região Metropolitana de Campo Mourão";"Total";NA;NA;1;1;2;1;NA;2;NA;1;2;1;NA;NA;NA;NA;1;1;1;2;1;1;NA;2;NA
41;"PR";4113759;"411375";"Lunardelli";"Não";"Região Metropolitana de Apucarana";"Total";1;NA;NA;NA;NA;NA;NA;NA;NA;NA;1;NA;1;NA;NA;1;NA;1;NA;NA;NA;NA;NA;NA;NA
41;"PR";4113809;"411380";"Lupionópolis";"Não";"Região Metropolitana de Londrina";"Total";NA;NA;NA;NA;NA;1;NA;NA;1;2;3;NA;NA;NA;NA;NA;NA;NA;2;1;NA;NA;NA;NA;NA
41;"PR";4113908;"411390";"Mallet";"Não";"-";"Total";NA;NA;NA;NA;NA;NA;NA;NA;NA;NA;NA;NA;NA;NA;NA;NA;NA;NA;NA;NA;NA;NA;NA;NA;NA
41;"PR";4114005;"411400";"Mamborê";"Não";"Região Metropolitana de Campo Mourão";"Total";NA;NA;NA;NA;NA;NA;NA;NA;1;1;1;2;3;NA;3;3;1;4;3;2;NA;NA;NA;3;NA
41;"PR";4114104;"411410";"Mandaguaçu";"Não";"Região Metropolitana de Maringá";"Total";1;NA;1;NA;1;2;NA;NA;1;NA;1;NA;1;NA;NA;NA;1;NA;2;NA;NA;NA;NA;2;NA
41;"PR";4114203;"411420";"Mandaguari";"Não";"Região Metropolitana de Maringá";"Total";NA;1;1;NA;2;1;3;NA;2;4;NA;1;1;3;1;4;NA;NA;1;1;1;6;5;3;NA
41;"PR";4114302;"411430";"Mandirituba";"Não";"Região Metropolitana de Curitiba";"Total";1;NA;NA;NA;NA;1;NA;NA;1;2;1;NA;NA;1;NA;NA;NA;1;NA;NA;NA;2;2;2;NA
41;"PR";4114351;"411435";"Manfrinópolis";"Não";"-";"Total";NA;NA;NA;NA;NA;NA;NA;NA;NA;NA;NA;NA;NA;NA;NA;NA;NA;NA;1;NA;NA;NA;NA;NA;NA
41;"PR";4114401;"411440";"Mangueirinha";"Não";"-";"Total";NA;1;NA;NA;1;NA;NA;1;NA;2;NA;1;NA;1;1;NA;NA;NA;NA;2;1;NA;2;NA;NA
41;"PR";4114500;"411450";"Manoel Ribas";"Não";"-";"Total";NA;NA;NA;NA;NA;NA;NA;1;1;2;1;NA;NA;NA;1;1;1;1;NA;NA;3;1;NA;NA;NA
41;"PR";4114609;"411460";"Marechal Cândido Rondon";"Não";"Região Metropolitana de Toledo";"Total";NA;2;NA;NA;1;1;1;2;NA;1;2;NA;2;1;1;4;4;2;1;2;3;2;1;3;NA
41;"PR";4114708;"411470";"Maria Helena";"Não";"Região Metropolitana de Umuarama";"Total";NA;NA;NA;NA;NA;NA;1;NA;NA;NA;NA;NA;NA;NA;1;NA;NA;NA;NA;1;NA;1;NA;NA;NA
41;"PR";4114807;"411480";"Marialva";"Não";"Região Metropolitana de Maringá";"Total";1;1;1;NA;NA;NA;NA;2;1;1;5;1;3;4;1;2;2;1;2;4;5;4;1;3;NA
41;"PR";4114906;"411490";"Marilândia do Sul";"Não";"Região Metropolitana de Apucarana";"Total";2;NA;NA;NA;3;1;1;NA;NA;1;NA;1;2;1;1;1;1;2;NA;1;1;NA;NA;NA;NA
41;"PR";4115002;"411500";"Marilena";"Não";"-";"Total";1;NA;NA;NA;NA;NA;NA;NA;NA;NA;1;NA;2;NA;NA;NA;NA;NA;1;1;NA;NA;NA;NA;NA
41;"PR";4115101;"411510";"Mariluz";"Não";"Região Metropolitana de Umuarama";"Total";NA;NA;NA;NA;NA;NA;NA;NA;NA;NA;NA;NA;NA;3;1;NA;NA;NA;NA;1;1;1;NA;NA;NA
41;"PR";4115200;"411520";"Maringá";"Não";"Região Metropolitana de Maringá";"Total";7;4;10;15;17;12;13;15;15;11;18;12;36;24;27;28;19;15;17;17;16;18;24;17;NA
41;"PR";4115309;"411530";"Mariópolis";"Não";"-";"Total";NA;NA;NA;NA;NA;NA;NA;NA;NA;NA;NA;NA;1;NA;1;NA;NA;NA;NA;NA;1;NA;NA;NA;NA
41;"PR";4115358;"411535";"Maripá";"Não";"Região Metropolitana de Toledo";"Total";NA;NA;NA;NA;NA;NA;NA;NA;NA;NA;NA;NA;NA;NA;2;NA;2;NA;NA;1;NA;2;NA;1;NA
41;"PR";4115408;"411540";"Marmeleiro";"Não";"-";"Total";1;1;NA;NA;1;NA;NA;NA;1;NA;NA;NA;1;NA;1;NA;NA;NA;NA;1;1;NA;NA;NA;NA
41;"PR";4115457;"411545";"Marquinho";"Não";"-";"Total";NA;NA;NA;NA;NA;NA;NA;NA;NA;1;NA;NA;2;NA;NA;NA;NA;NA;1;NA;NA;NA;1;NA;NA
41;"PR";4115507;"411550";"Marumbi";"Não";"Região Metropolitana de Apucarana";"Total";NA;NA;NA;NA;NA;NA;NA;NA;NA;NA;NA;NA;NA;NA;1;NA;1;NA;NA;NA;NA;NA;NA;NA;NA
41;"PR";4115606;"411560";"Matelândia";"Não";"Região Metropolitana de Cascavel";"Total";NA;NA;NA;NA;1;1;NA;NA;1;NA;NA;1;NA;NA;1;1;1;NA;NA;NA;1;NA;1;NA;NA
41;"PR";4115705;"411570";"Matinhos";"Não";"-";"Total";2;1;2;1;NA;NA;1;NA;NA;NA;NA;NA;2;1;NA;1;NA;NA;1;1;NA;1;1;1;NA
41;"PR";4115739;"411573";"Mato Rico";"Não";"-";"Total";NA;NA;NA;NA;NA;NA;NA;NA;NA;1;2;NA;NA;NA;NA;NA;NA;NA;NA;NA;NA;NA;NA;NA;NA
41;"PR";4115754;"411575";"Mauá da Serra";"Não";"Região Metropolitana de Apucarana";"Total";NA;1;NA;3;1;NA;2;NA;NA;1;NA;1;1;1;2;1;NA;NA;NA;NA;NA;1;1;2;NA
41;"PR";4115804;"411580";"Medianeira";"Não";"-";"Total";1;1;NA;NA;NA;6;4;4;4;8;1;2;2;2;2;2;2;NA;2;NA;3;4;1;1;NA
41;"PR";4115853;"411585";"Mercedes";"Não";"Região Metropolitana de Toledo";"Total";NA;NA;NA;NA;NA;NA;NA;1;NA;NA;1;NA;NA;NA;1;NA;NA;NA;1;NA;NA;NA;2;NA;NA
41;"PR";4115903;"411590";"Mirador";"Não";"-";"Total";NA;NA;NA;NA;1;NA;NA;NA;NA;1;NA;NA;NA;NA;NA;NA;NA;NA;NA;NA;NA;NA;NA;NA;NA
41;"PR";4116000;"411600";"Miraselva";"Não";"Região Metropolitana de Londrina";"Total";NA;NA;NA;NA;NA;1;1;NA;NA;NA;NA;NA;NA;NA;NA;NA;NA;NA;NA;NA;NA;NA;NA;NA;NA
41;"PR";4116059;"411605";"Missal";"Não";"-";"Total";NA;NA;NA;NA;NA;1;NA;1;1;1;NA;1;2;NA;NA;NA;NA;NA;NA;NA;NA;3;NA;NA;NA
41;"PR";4116109;"411610";"Moreira Sales";"Não";"Região Metropolitana de Campo Mourão";"Total";2;NA;NA;NA;NA;NA;NA;NA;NA;NA;3;1;1;1;2;NA;1;4;1;1;3;2;1;3;NA
41;"PR";4116208;"411620";"Morretes";"Não";"-";"Total";1;3;2;1;1;1;NA;NA;2;3;2;2;1;1;4;1;2;1;2;2;NA;3;3;2;NA
41;"PR";4116307;"411630";"Munhoz de Melo";"Não";"Região Metropolitana de Maringá";"Total";NA;NA;NA;NA;NA;NA;NA;1;NA;NA;1;1;NA;NA;NA;NA;NA;NA;NA;NA;NA;NA;NA;1;NA
41;"PR";4116406;"411640";"Nossa Senhora das Graças";"Não";"-";"Total";NA;NA;1;NA;1;NA;NA;NA;NA;NA;NA;NA;NA;1;1;NA;NA;NA;NA;NA;NA;1;NA;1;NA
41;"PR";4116505;"411650";"Nova Aliança do Ivaí";"Não";"-";"Total";NA;NA;NA;NA;NA;NA;NA;NA;NA;NA;NA;NA;NA;NA;NA;NA;NA;NA;NA;NA;NA;NA;NA;NA;NA
41;"PR";4116604;"411660";"Nova América da Colina";"Não";"-";"Total";NA;NA;NA;NA;NA;1;NA;NA;NA;NA;1;NA;NA;NA;NA;NA;NA;NA;NA;NA;NA;NA;NA;NA;NA
41;"PR";4116703;"411670";"Nova Aurora";"Não";"Região Metropolitana de Cascavel";"Total";NA;NA;NA;NA;NA;NA;NA;NA;NA;NA;NA;NA;NA;2;1;NA;NA;1;1;NA;2;1;NA;1;NA
41;"PR";4116802;"411680";"Nova Cantu";"Não";"Região Metropolitana de Campo Mourão";"Total";NA;NA;NA;NA;NA;NA;NA;NA;NA;1;NA;1;NA;NA;NA;1;NA;NA;1;2;1;NA;NA;NA;NA
41;"PR";4116901;"411690";"Nova Esperança";"Não";"Região Metropolitana de Maringá";"Total";1;1;2;NA;3;1;NA;NA;1;1;3;1;1;3;3;2;NA;2;1;3;NA;5;NA;2;NA
41;"PR";4116950;"411695";"Nova Esperança do Sudoeste";"Não";"-";"Total";NA;NA;1;NA;NA;NA;NA;NA;NA;NA;NA;NA;NA;NA;NA;NA;NA;NA;NA;NA;NA;NA;NA;NA;NA
41;"PR";4117008;"411700";"Nova Fátima";"Não";"-";"Total";NA;NA;NA;NA;NA;NA;NA;1;NA;1;NA;NA;NA;1;NA;1;NA;1;NA;NA;3;NA;1;1;NA
41;"PR";4117057;"411705";"Nova Laranjeiras";"Não";"-";"Total";1;NA;1;NA;NA;NA;NA;NA;NA;NA;NA;NA;3;NA;NA;1;1;NA;1;NA;1;NA;2;1;NA
41;"PR";4117107;"411710";"Nova Londrina";"Não";"-";"Total";NA;1;NA;NA;1;NA;NA;NA;1;NA;1;2;1;NA;NA;2;2;2;NA;3;2;NA;3;4;NA
41;"PR";4117206;"411720";"Nova Olímpia";"Não";"Região Metropolitana de Umuarama";"Total";NA;NA;NA;NA;NA;NA;NA;NA;2;1;NA;NA;1;NA;NA;1;NA;NA;NA;NA;NA;NA;NA;NA;NA
41;"PR";4117214;"411721";"Nova Santa Bárbara";"Não";"-";"Total";NA;NA;NA;NA;NA;NA;NA;NA;1;NA;NA;NA;1;NA;NA;NA;NA;NA;NA;NA;NA;NA;NA;NA;NA
41;"PR";4117222;"411722";"Nova Santa Rosa";"Não";"Região Metropolitana de Toledo";"Total";1;NA;NA;NA;NA;NA;NA;NA;NA;NA;NA;NA;1;NA;NA;NA;1;NA;1;NA;NA;NA;NA;NA;NA
41;"PR";4117255;"411725";"Nova Prata do Iguaçu";"Não";"-";"Total";NA;NA;1;NA;NA;NA;NA;NA;NA;1;NA;1;NA;NA;NA;1;NA;NA;NA;NA;1;1;NA;NA;NA
41;"PR";4117271;"411727";"Nova Tebas";"Não";"-";"Total";NA;NA;NA;NA;6;NA;NA;NA;NA;NA;NA;NA;NA;NA;NA;NA;NA;NA;NA;NA;NA;2;4;NA;NA
41;"PR";4117297;"411729";"Novo Itacolomi";"Não";"Região Metropolitana de Apucarana";"Total";NA;NA;NA;NA;NA;1;NA;NA;NA;NA;NA;NA;NA;NA;NA;1;NA;NA;NA;NA;1;NA;NA;NA;NA
41;"PR";4117305;"411730";"Ortigueira";"Não";"-";"Total";2;2;1;1;1;2;1;NA;3;NA;1;1;1;1;1;NA;3;1;1;2;4;3;7;3;NA
41;"PR";4117404;"411740";"Ourizona";"Não";"Região Metropolitana de Maringá";"Total";NA;NA;NA;1;NA;NA;NA;NA;NA;NA;NA;NA;NA;NA;NA;NA;NA;NA;NA;NA;NA;NA;NA;NA;NA
41;"PR";4117453;"411745";"Ouro Verde do Oeste";"Não";"Região Metropolitana de Toledo";"Total";1;NA;NA;NA;NA;1;NA;1;NA;NA;1;NA;NA;1;NA;NA;NA;1;NA;NA;3;1;1;NA;NA
41;"PR";4117503;"411750";"Paiçandu";"Não";"Região Metropolitana de Maringá";"Total";2;NA;2;1;3;1;NA;2;2;3;1;1;1;1;NA;NA;NA;1;1;2;1;1;2;2;NA
41;"PR";4117602;"411760";"Palmas";"Não";"-";"Total";3;1;2;3;7;2;5;2;6;2;3;3;3;4;NA;1;1;3;6;2;7;5;2;3;NA
41;"PR";4117701;"411770";"Palmeira";"Não";"-";"Total";1;1;1;NA;1;1;2;1;3;1;2;5;3;6;3;2;2;2;5;1;3;NA;2;3;NA
41;"PR";4117800;"411780";"Palmital";"Não";"-";"Total";NA;1;NA;1;NA;1;NA;NA;NA;NA;1;1;NA;1;NA;NA;NA;1;NA;NA;NA;1;NA;NA;NA
41;"PR";4117909;"411790";"Palotina";"Não";"Região Metropolitana de Toledo";"Total";NA;NA;2;2;NA;4;1;3;NA;NA;2;1;3;6;4;1;3;1;1;2;2;5;2;3;NA
41;"PR";4118006;"411800";"Paraíso do Norte";"Não";"-";"Total";NA;1;NA;NA;NA;NA;NA;1;NA;1;1;1;NA;2;1;NA;1;1;NA;NA;NA;2;2;2;NA
41;"PR";4118105;"411810";"Paranacity";"Não";"-";"Total";NA;NA;1;NA;NA;NA;NA;NA;NA;NA;NA;NA;1;1;1;NA;NA;1;2;1;NA;NA;1;NA;NA
41;"PR";4118204;"411820";"Paranaguá";"Não";"-";"Total";4;9;5;7;7;9;4;9;5;10;7;8;11;6;7;9;9;10;10;16;10;10;9;17;NA
41;"PR";4118303;"411830";"Paranapoema";"Não";"-";"Total";NA;NA;NA;NA;NA;NA;NA;1;1;NA;NA;NA;1;NA;NA;NA;NA;NA;NA;1;NA;NA;NA;NA;NA
41;"PR";4118402;"411840";"Paranavaí";"Não";"-";"Total";2;2;2;4;4;1;10;4;8;10;8;1;5;9;10;7;8;5;12;14;23;13;13;11;NA
41;"PR";4118451;"411845";"Pato Bragado";"Não";"Região Metropolitana de Toledo";"Total";NA;NA;NA;NA;NA;NA;NA;NA;NA;NA;NA;NA;NA;NA;NA;NA;NA;NA;NA;NA;NA;NA;NA;NA;NA
41;"PR";4118501;"411850";"Pato Branco";"Não";"-";"Total";4;NA;4;3;8;4;2;1;2;3;1;3;5;3;4;NA;3;3;2;3;2;2;5;7;NA
41;"PR";4118600;"411860";"Paula Freitas";"Não";"-";"Total";NA;NA;1;NA;NA;NA;NA;NA;NA;NA;NA;NA;NA;NA;NA;NA;NA;NA;NA;NA;NA;NA;NA;1;NA
41;"PR";4118709;"411870";"Paulo Frontin";"Não";"-";"Total";NA;NA;NA;NA;NA;NA;NA;NA;NA;NA;NA;1;NA;NA;NA;NA;NA;NA;NA;NA;NA;NA;NA;NA;NA
41;"PR";4118808;"411880";"Peabiru";"Não";"Região Metropolitana de Campo Mourão";"Total";NA;NA;NA;NA;1;2;NA;NA;2;1;2;3;NA;2;4;2;NA;NA;NA;1;3;2;NA;2;NA
41;"PR";4118857;"411885";"Perobal";"Não";"Região Metropolitana de Umuarama";"Total";NA;NA;1;NA;NA;NA;NA;1;NA;NA;NA;1;NA;1;2;2;NA;1;NA;NA;1;1;NA;1;NA
41;"PR";4118907;"411890";"Pérola";"Não";"Região Metropolitana de Umuarama";"Total";NA;NA;NA;NA;NA;NA;1;NA;NA;NA;NA;NA;NA;1;NA;NA;NA;3;NA;1;2;NA;2;NA;NA
41;"PR";4119004;"411900";"Pérola d'Oeste";"Não";"-";"Total";NA;NA;1;1;NA;NA;NA;NA;NA;NA;NA;NA;NA;NA;1;NA;NA;NA;NA;NA;NA;1;1;NA;NA
41;"PR";4119103;"411910";"Piên";"Não";"Região Metropolitana de Curitiba";"Total";1;1;NA;NA;NA;NA;NA;NA;NA;1;NA;NA;NA;NA;NA;NA;NA;NA;1;NA;NA;NA;1;NA;NA
41;"PR";4119152;"411915";"Pinhais";"Não";"Região Metropolitana de Curitiba";"Total";1;NA;1;NA;1;NA;1;NA;2;NA;NA;NA;NA;1;1;NA;NA;NA;1;NA;NA;1;1;NA;NA
41;"PR";4119202;"411920";"Pinhalão";"Não";"-";"Total";NA;NA;NA;NA;NA;NA;NA;NA;2;NA;NA;NA;NA;NA;NA;NA;NA;NA;3;NA;NA;1;NA;NA;NA
41;"PR";4119251;"411925";"Pinhal de São Bento";"Não";"-";"Total";NA;NA;NA;NA;NA;NA;NA;NA;NA;NA;NA;NA;NA;NA;NA;NA;NA;NA;1;NA;NA;NA;NA;NA;NA
41;"PR";4119301;"411930";"Pinhão";"Não";"-";"Total";NA;NA;1;NA;2;NA;NA;NA;NA;2;2;1;2;2;NA;1;NA;3;NA;1;2;4;1;2;NA
41;"PR";4119400;"411940";"Piraí do Sul";"Não";"-";"Total";NA;NA;1;NA;1;2;1;NA;2;2;1;NA;6;1;1;3;1;NA;NA;1;1;1;1;1;NA
41;"PR";4119509;"411950";"Piraquara";"Não";"Região Metropolitana de Curitiba";"Total";3;1;2;1;1;2;NA;NA;NA;NA;NA;NA;1;2;NA;1;1;1;1;NA;1;2;5;4;NA
41;"PR";4119608;"411960";"Pitanga";"Não";"-";"Total";NA;NA;NA;1;2;NA;NA;NA;NA;NA;NA;NA;NA;1;1;NA;NA;2;NA;4;NA;1;1;2;NA
41;"PR";4119657;"411965";"Pitangueiras";"Não";"Região Metropolitana de Londrina";"Total";NA;NA;NA;NA;NA;NA;NA;NA;NA;NA;NA;NA;NA;NA;NA;NA;NA;NA;NA;NA;NA;1;NA;1;NA
41;"PR";4119707;"411970";"Planaltina do Paraná";"Não";"-";"Total";1;NA;NA;NA;NA;NA;NA;NA;NA;NA;NA;2;NA;1;NA;NA;NA;NA;NA;NA;1;1;NA;NA;NA
41;"PR";4119806;"411980";"Planalto";"Não";"-";"Total";NA;1;NA;NA;NA;NA;NA;NA;NA;NA;NA;1;NA;NA;NA;NA;NA;NA;NA;NA;NA;NA;NA;NA;NA
41;"PR";4119905;"411990";"Ponta Grossa";"Não";"-";"Total";3;6;6;7;6;7;7;15;17;16;22;14;4;13;27;12;11;8;11;23;12;21;20;14;NA
41;"PR";4119954;"411995";"Pontal do Paraná";"Não";"-";"Total";NA;1;NA;NA;1;1;1;NA;1;NA;1;NA;1;NA;NA;NA;NA;1;1;NA;1;1;1;3;NA
41;"PR";4120002;"412000";"Porecatu";"Não";"Região Metropolitana de Londrina";"Total";NA;NA;NA;2;1;NA;1;NA;NA;NA;NA;1;2;NA;3;2;NA;NA;NA;NA;1;1;1;2;NA
41;"PR";4120101;"412010";"Porto Amazonas";"Não";"-";"Total";1;NA;NA;NA;NA;NA;1;NA;NA;NA;1;NA;1;NA;NA;NA;NA;NA;NA;NA;NA;NA;1;NA;NA
41;"PR";4120150;"412015";"Porto Barreiro";"Não";"-";"Total";NA;NA;NA;NA;NA;NA;NA;NA;NA;NA;NA;NA;NA;NA;NA;NA;NA;NA;NA;NA;NA;NA;NA;NA;NA
41;"PR";4120200;"412020";"Porto Rico";"Não";"-";"Total";NA;NA;NA;NA;NA;NA;NA;NA;NA;1;NA;NA;NA;NA;NA;NA;1;NA;1;1;NA;1;NA;NA;NA
41;"PR";4120309;"412030";"Porto Vitória";"Não";"-";"Total";NA;NA;NA;NA;NA;NA;NA;NA;NA;NA;NA;NA;NA;NA;1;NA;NA;NA;NA;1;NA;NA;NA;1;NA
41;"PR";4120333;"412033";"Prado Ferreira";"Não";"Região Metropolitana de Londrina";"Total";NA;NA;NA;NA;NA;NA;NA;NA;NA;NA;NA;NA;NA;NA;NA;NA;NA;NA;NA;NA;NA;NA;1;NA;NA
41;"PR";4120358;"412035";"Pranchita";"Não";"-";"Total";NA;NA;NA;NA;NA;NA;NA;NA;NA;NA;NA;NA;1;NA;NA;NA;NA;NA;NA;NA;1;NA;NA;NA;NA
41;"PR";4120408;"412040";"Presidente Castelo Branco";"Não";"Região Metropolitana de Maringá";"Total";NA;NA;NA;NA;NA;NA;NA;1;NA;NA;1;NA;NA;1;NA;NA;NA;1;1;NA;NA;NA;2;NA;NA
41;"PR";4120507;"412050";"Primeiro de Maio";"Não";"Região Metropolitana de Londrina";"Total";NA;NA;1;NA;NA;NA;NA;NA;NA;NA;NA;NA;5;NA;NA;NA;NA;NA;NA;NA;NA;2;NA;NA;NA
41;"PR";4120606;"412060";"Prudentópolis";"Não";"-";"Total";1;NA;NA;NA;2;NA;2;NA;1;NA;NA;NA;NA;1;2;1;2;4;3;NA;NA;1;1;3;NA
41;"PR";4120655;"412065";"Quarto Centenário";"Não";"Região Metropolitana de Campo Mourão";"Total";1;1;NA;1;NA;NA;NA;NA;NA;NA;2;NA;1;2;1;NA;NA;1;NA;NA;1;NA;1;NA;NA
41;"PR";4120705;"412070";"Quatiguá";"Não";"-";"Total";NA;NA;NA;NA;NA;NA;NA;NA;NA;NA;NA;NA;NA;NA;NA;NA;2;NA;NA;NA;NA;NA;1;NA;NA
41;"PR";4120804;"412080";"Quatro Barras";"Não";"Região Metropolitana de Curitiba";"Total";NA;NA;NA;1;NA;NA;NA;1;NA;2;NA;NA;NA;NA;NA;NA;NA;NA;NA;NA;1;2;1;2;NA
41;"PR";4120853;"412085";"Quatro Pontes";"Não";"Região Metropolitana de Toledo";"Total";NA;NA;NA;NA;NA;NA;NA;1;NA;NA;1;NA;NA;NA;NA;NA;1;NA;NA;NA;1;NA;1;NA;NA
41;"PR";4120903;"412090";"Quedas do Iguaçu";"Não";"-";"Total";1;NA;1;NA;NA;NA;1;NA;1;NA;1;NA;NA;1;NA;NA;3;NA;1;NA;1;4;1;NA;NA
41;"PR";4121000;"412100";"Querência do Norte";"Não";"-";"Total";NA;NA;1;NA;NA;NA;NA;1;NA;1;NA;3;1;1;2;1;1;2;NA;2;NA;1;NA;NA;NA
41;"PR";4121109;"412110";"Quinta do Sol";"Não";"Região Metropolitana de Campo Mourão";"Total";NA;NA;NA;NA;NA;NA;1;NA;NA;NA;1;1;3;NA;NA;NA;NA;NA;NA;1;NA;NA;1;2;NA
41;"PR";4121208;"412120";"Quitandinha";"Não";"Região Metropolitana de Curitiba";"Total";NA;NA;NA;NA;2;NA;NA;NA;1;NA;NA;NA;NA;NA;NA;NA;NA;NA;1;NA;NA;3;2;NA;NA
41;"PR";4121257;"412125";"Ramilândia";"Não";"-";"Total";NA;NA;NA;NA;NA;NA;NA;NA;NA;NA;NA;NA;NA;NA;1;NA;NA;NA;NA;NA;NA;NA;1;NA;NA
41;"PR";4121307;"412130";"Rancho Alegre";"Não";"Região Metropolitana de Londrina";"Total";NA;NA;NA;NA;NA;NA;NA;NA;NA;NA;NA;NA;NA;NA;NA;NA;NA;NA;1;NA;NA;NA;1;NA;NA
41;"PR";4121356;"412135";"Rancho Alegre D'Oeste";"Não";"Região Metropolitana de Campo Mourão";"Total";NA;1;NA;NA;NA;NA;NA;NA;NA;NA;NA;NA;NA;NA;NA;NA;NA;NA;NA;NA;NA;1;NA;NA;NA
41;"PR";4121406;"412140";"Realeza";"Não";"-";"Total";1;NA;NA;2;1;NA;NA;2;NA;NA;NA;2;2;NA;NA;1;NA;NA;1;1;1;1;1;1;NA
41;"PR";4121505;"412150";"Rebouças";"Não";"-";"Total";NA;NA;NA;NA;NA;NA;NA;NA;NA;NA;NA;NA;NA;NA;1;NA;NA;NA;2;1;NA;NA;NA;NA;NA
41;"PR";4121604;"412160";"Renascença";"Não";"-";"Total";NA;NA;NA;NA;NA;2;NA;NA;1;NA;NA;NA;NA;NA;1;NA;1;NA;NA;1;NA;NA;NA;NA;NA
41;"PR";4121703;"412170";"Reserva";"Não";"-";"Total";NA;NA;1;NA;NA;NA;NA;1;1;NA;NA;NA;NA;2;1;NA;NA;2;1;NA;1;NA;1;1;NA
41;"PR";4121752;"412175";"Reserva do Iguaçu";"Não";"-";"Total";NA;NA;NA;NA;NA;NA;NA;NA;NA;NA;NA;NA;NA;NA;NA;NA;1;NA;NA;NA;NA;NA;NA;1;NA
41;"PR";4121802;"412180";"Ribeirão Claro";"Não";"-";"Total";NA;NA;NA;NA;NA;NA;NA;NA;NA;NA;NA;NA;NA;NA;NA;1;1;1;NA;3;1;1;1;1;NA
41;"PR";4121901;"412190";"Ribeirão do Pinhal";"Não";"-";"Total";NA;2;NA;NA;NA;1;NA;NA;NA;NA;1;1;NA;NA;NA;NA;NA;1;4;1;1;1;2;3;NA
41;"PR";4122008;"412200";"Rio Azul";"Não";"-";"Total";NA;NA;NA;NA;NA;NA;NA;NA;NA;NA;NA;NA;NA;1;NA;NA;NA;NA;NA;NA;NA;NA;2;NA;NA
41;"PR";4122107;"412210";"Rio Bom";"Não";"Região Metropolitana de Apucarana";"Total";NA;NA;NA;NA;NA;NA;NA;NA;NA;NA;NA;NA;1;NA;NA;NA;NA;NA;NA;NA;NA;NA;2;NA;NA
41;"PR";4122156;"412215";"Rio Bonito do Iguaçu";"Não";"-";"Total";NA;NA;NA;NA;NA;NA;NA;NA;NA;NA;NA;NA;NA;NA;2;NA;1;NA;NA;1;NA;NA;NA;1;NA
41;"PR";4122172;"412217";"Rio Branco do Ivaí";"Não";"Região Metropolitana de Apucarana";"Total";1;NA;NA;NA;NA;NA;NA;NA;NA;NA;NA;NA;NA;NA;NA;NA;1;NA;NA;2;NA;NA;NA;NA;NA
41;"PR";4122206;"412220";"Rio Branco do Sul";"Não";"Região Metropolitana de Curitiba";"Total";NA;NA;NA;NA;NA;NA;2;NA;1;NA;NA;1;1;NA;NA;NA;1;NA;1;NA;NA;1;NA;3;NA
41;"PR";4122305;"412230";"Rio Negro";"Não";"Região Metropolitana de Curitiba";"Total";NA;NA;NA;NA;NA;NA;NA;NA;NA;NA;NA;NA;NA;NA;1;NA;NA;NA;NA;NA;NA;NA;1;2;NA
41;"PR";4122404;"412240";"Rolândia";"Não";"Região Metropolitana de Londrina";"Total";NA;2;1;2;3;1;4;3;3;1;2;1;8;3;6;1;3;2;3;1;5;4;2;8;NA
41;"PR";4122503;"412250";"Roncador";"Não";"Região Metropolitana de Campo Mourão";"Total";NA;NA;NA;NA;1;NA;NA;NA;NA;NA;NA;1;1;2;NA;NA;1;NA;1;1;1;1;NA;NA;NA
41;"PR";4122602;"412260";"Rondon";"Não";"-";"Total";2;NA;NA;1;NA;NA;NA;1;NA;NA;NA;1;NA;1;NA;1;1;NA;2;NA;3;1;1;NA;NA
41;"PR";4122651;"412265";"Rosário do Ivaí";"Não";"Região Metropolitana de Apucarana";"Total";NA;NA;NA;NA;NA;NA;NA;NA;NA;NA;NA;NA;1;NA;1;NA;2;1;1;NA;NA;NA;NA;NA;NA
41;"PR";4122701;"412270";"Sabáudia";"Não";"Região Metropolitana de Londrina";"Total";NA;NA;NA;1;NA;NA;NA;1;NA;NA;1;NA;NA;NA;NA;NA;NA;2;NA;1;NA;NA;NA;NA;NA
41;"PR";4122800;"412280";"Salgado Filho";"Não";"-";"Total";NA;NA;NA;NA;NA;NA;NA;NA;NA;NA;NA;NA;NA;NA;NA;1;NA;NA;NA;NA;NA;1;NA;NA;NA
41;"PR";4122909;"412290";"Salto do Itararé";"Não";"-";"Total";NA;NA;NA;NA;NA;NA;NA;NA;NA;NA;NA;NA;NA;NA;NA;NA;NA;NA;NA;NA;NA;NA;NA;NA;NA
41;"PR";4123006;"412300";"Salto do Lontra";"Não";"-";"Total";1;NA;NA;NA;NA;NA;NA;NA;NA;NA;NA;NA;NA;NA;1;NA;1;NA;NA;4;1;NA;2;NA;NA
41;"PR";4123105;"412310";"Santa Amélia";"Não";"-";"Total";NA;NA;NA;NA;NA;1;NA;NA;NA;NA;NA;NA;NA;NA;1;NA;NA;NA;NA;NA;NA;NA;NA;NA;NA
41;"PR";4123204;"412320";"Santa Cecília do Pavão";"Não";"-";"Total";NA;NA;NA;NA;NA;NA;NA;1;1;NA;NA;1;NA;NA;NA;NA;NA;NA;1;NA;NA;1;1;NA;NA
41;"PR";4123303;"412330";"Santa Cruz de Monte Castelo";"Não";"-";"Total";NA;NA;NA;NA;1;NA;NA;NA;NA;NA;1;1;1;NA;2;NA;NA;NA;NA;NA;1;NA;NA;1;NA
41;"PR";4123402;"412340";"Santa Fé";"Não";"Região Metropolitana de Maringá";"Total";1;NA;1;NA;2;NA;NA;1;1;NA;NA;NA;NA;NA;1;1;NA;NA;NA;NA;1;1;1;NA;NA
41;"PR";4123501;"412350";"Santa Helena";"Não";"Região Metropolitana de Toledo";"Total";1;NA;NA;2;NA;NA;NA;2;1;1;NA;NA;2;NA;NA;2;1;3;1;NA;1;3;1;NA;NA
41;"PR";4123600;"412360";"Santa Inês";"Não";"-";"Total";NA;NA;NA;NA;NA;NA;NA;NA;NA;NA;NA;NA;NA;NA;NA;NA;NA;NA;NA;NA;NA;NA;NA;NA;NA
41;"PR";4123709;"412370";"Santa Isabel do Ivaí";"Não";"-";"Total";NA;NA;NA;NA;NA;2;NA;1;NA;NA;NA;1;NA;3;NA;NA;1;NA;NA;NA;1;3;NA;NA;NA
41;"PR";4123808;"412380";"Santa Izabel do Oeste";"Não";"-";"Total";NA;NA;NA;1;NA;4;NA;NA;1;NA;1;NA;NA;NA;2;NA;NA;1;1;NA;NA;1;NA;NA;NA
41;"PR";4123824;"412382";"Santa Lúcia";"Não";"Região Metropolitana de Cascavel";"Total";NA;NA;NA;NA;NA;NA;NA;NA;NA;NA;NA;NA;NA;NA;NA;NA;NA;NA;NA;NA;NA;NA;NA;1;NA
41;"PR";4123857;"412385";"Santa Maria do Oeste";"Não";"-";"Total";NA;NA;NA;NA;NA;NA;1;NA;NA;NA;NA;2;NA;2;NA;NA;1;NA;NA;NA;NA;1;NA;NA;NA
41;"PR";4123907;"412390";"Santa Mariana";"Não";"-";"Total";1;2;NA;NA;1;NA;1;NA;2;2;2;NA;1;2;NA;NA;NA;NA;NA;NA;NA;1;1;2;NA
41;"PR";4123956;"412395";"Santa Mônica";"Não";"-";"Total";NA;NA;NA;NA;NA;NA;NA;1;1;NA;NA;NA;1;1;NA;NA;NA;NA;NA;NA;1;NA;1;NA;NA
41;"PR";4124004;"412400";"Santana do Itararé";"Não";"-";"Total";NA;NA;NA;1;NA;NA;NA;NA;NA;NA;NA;NA;NA;NA;NA;NA;NA;NA;NA;NA;1;NA;NA;NA;NA
41;"PR";4124020;"412402";"Santa Tereza do Oeste";"Não";"Região Metropolitana de Cascavel";"Total";1;NA;NA;NA;NA;1;NA;NA;NA;NA;NA;NA;NA;NA;1;1;NA;NA;NA;1;NA;2;2;1;NA
41;"PR";4124053;"412405";"Santa Terezinha de Itaipu";"Não";"-";"Total";NA;NA;1;NA;NA;4;4;NA;1;1;2;NA;1;NA;1;NA;1;4;2;1;NA;NA;1;1;NA
41;"PR";4124103;"412410";"Santo Antônio da Platina";"Não";"-";"Total";1;2;NA;1;1;1;NA;NA;NA;2;2;2;NA;NA;2;2;2;2;2;1;3;2;1;2;NA
41;"PR";4124202;"412420";"Santo Antônio do Caiuá";"Não";"-";"Total";NA;NA;NA;NA;NA;NA;NA;NA;1;NA;NA;NA;NA;1;NA;NA;NA;NA;1;NA;NA;NA;1;NA;NA
41;"PR";4124301;"412430";"Santo Antônio do Paraíso";"Não";"-";"Total";NA;NA;NA;NA;NA;NA;NA;NA;NA;NA;NA;NA;NA;NA;NA;NA;NA;NA;NA;NA;NA;1;NA;NA;NA
41;"PR";4124400;"412440";"Santo Antônio do Sudoeste";"Não";"-";"Total";1;NA;1;NA;NA;NA;1;1;NA;NA;1;1;2;NA;NA;NA;NA;NA;NA;NA;1;NA;NA;NA;NA
41;"PR";4124509;"412450";"Santo Inácio";"Não";"-";"Total";1;NA;NA;NA;1;NA;NA;2;NA;NA;NA;1;NA;NA;NA;1;NA;NA;NA;1;1;NA;3;NA;NA
41;"PR";4124608;"412460";"São Carlos do Ivaí";"Não";"-";"Total";NA;NA;NA;1;NA;NA;NA;NA;NA;3;NA;1;1;NA;NA;1;NA;NA;NA;NA;1;NA;1;NA;NA
41;"PR";4124707;"412470";"São Jerônimo da Serra";"Não";"-";"Total";NA;NA;NA;NA;NA;1;NA;NA;NA;NA;NA;1;NA;NA;NA;NA;2;NA;NA;NA;NA;1;2;NA;NA
41;"PR";4124806;"412480";"São João";"Não";"-";"Total";NA;NA;NA;NA;1;NA;NA;NA;NA;1;NA;NA;NA;NA;NA;NA;NA;NA;NA;NA;NA;NA;NA;1;NA
41;"PR";4124905;"412490";"São João do Caiuá";"Não";"-";"Total";NA;NA;NA;NA;NA;NA;NA;1;NA;1;1;NA;NA;NA;1;NA;1;1;1;NA;NA;NA;NA;NA;NA
41;"PR";4125001;"412500";"São João do Ivaí";"Não";"Região Metropolitana de Apucarana";"Total";1;NA;NA;1;NA;2;NA;1;NA;NA;NA;2;2;2;NA;3;2;2;1;1;1;NA;1;NA;NA
41;"PR";4125100;"412510";"São João do Triunfo";"Não";"-";"Total";NA;NA;NA;NA;NA;NA;NA;1;NA;NA;NA;NA;NA;NA;NA;NA;NA;NA;NA;1;NA;NA;NA;NA;NA
41;"PR";4125209;"412520";"São Jorge d'Oeste";"Não";"-";"Total";NA;1;NA;NA;NA;NA;NA;NA;1;NA;1;NA;NA;NA;NA;NA;NA;NA;NA;NA;NA;1;NA;1;NA
41;"PR";4125308;"412530";"São Jorge do Ivaí";"Não";"Região Metropolitana de Maringá";"Total";NA;NA;NA;NA;NA;NA;NA;NA;NA;1;NA;NA;NA;1;NA;2;NA;NA;NA;NA;NA;NA;NA;NA;NA
41;"PR";4125357;"412535";"São Jorge do Patrocínio";"Não";"Região Metropolitana de Umuarama";"Total";1;1;NA;NA;1;NA;NA;NA;NA;NA;NA;NA;NA;NA;1;1;NA;NA;NA;NA;1;NA;NA;NA;NA
41;"PR";4125407;"412540";"São José da Boa Vista";"Não";"-";"Total";NA;NA;NA;NA;NA;NA;NA;NA;NA;NA;NA;NA;NA;NA;NA;NA;NA;NA;NA;NA;NA;NA;NA;NA;NA
41;"PR";4125456;"412545";"São José das Palmeiras";"Não";"Região Metropolitana de Toledo";"Total";NA;NA;NA;NA;NA;1;NA;1;NA;1;NA;NA;2;1;NA;1;1;NA;NA;NA;1;NA;NA;1;NA
41;"PR";4125506;"412550";"São José dos Pinhais";"Não";"Região Metropolitana de Curitiba";"Total";10;7;2;9;3;8;3;4;6;7;2;5;2;NA;6;3;4;7;3;9;9;12;15;12;NA
41;"PR";4125555;"412555";"São Manoel do Paraná";"Não";"-";"Total";NA;NA;NA;NA;NA;NA;NA;NA;NA;NA;NA;NA;NA;NA;NA;NA;NA;NA;NA;NA;NA;1;NA;NA;NA
41;"PR";4125605;"412560";"São Mateus do Sul";"Não";"-";"Total";1;NA;NA;NA;2;NA;NA;NA;2;1;NA;1;NA;NA;2;1;1;2;2;3;2;NA;NA;3;NA
41;"PR";4125704;"412570";"São Miguel do Iguaçu";"Não";"-";"Total";1;2;NA;3;1;2;4;4;4;4;1;2;5;2;1;1;NA;5;1;6;2;3;2;2;NA
41;"PR";4125753;"412575";"São Pedro do Iguaçu";"Não";"Região Metropolitana de Toledo";"Total";1;NA;2;1;1;NA;NA;1;NA;NA;1;NA;2;NA;1;4;NA;1;NA;NA;NA;1;NA;1;NA
41;"PR";4125803;"412580";"São Pedro do Ivaí";"Não";"Região Metropolitana de Apucarana";"Total";NA;NA;NA;NA;NA;1;1;NA;NA;NA;NA;1;NA;NA;2;NA;1;NA;NA;NA;3;NA;NA;2;NA
41;"PR";4125902;"412590";"São Pedro do Paraná";"Não";"-";"Total";NA;NA;1;NA;NA;NA;NA;NA;NA;NA;NA;1;NA;NA;NA;NA;NA;NA;NA;1;NA;1;1;1;NA
41;"PR";4126009;"412600";"São Sebastião da Amoreira";"Não";"-";"Total";NA;NA;NA;NA;NA;NA;NA;NA;NA;NA;NA;NA;NA;NA;NA;NA;NA;NA;NA;NA;NA;NA;2;NA;NA
41;"PR";4126108;"412610";"São Tomé";"Não";"-";"Total";NA;NA;NA;NA;NA;NA;NA;NA;NA;NA;NA;NA;2;NA;NA;NA;NA;NA;NA;NA;NA;NA;1;3;NA
41;"PR";4126207;"412620";"Sapopema";"Não";"-";"Total";NA;NA;NA;NA;NA;1;1;NA;1;NA;1;NA;1;NA;NA;2;NA;NA;NA;1;NA;2;3;1;NA
41;"PR";4126256;"412625";"Sarandi";"Não";"Região Metropolitana de Maringá";"Total";9;8;10;9;7;8;10;9;8;4;5;6;8;3;5;6;7;12;4;5;12;12;10;12;NA
41;"PR";4126272;"412627";"Saudade do Iguaçu";"Não";"-";"Total";NA;NA;NA;NA;NA;NA;NA;NA;NA;1;NA;NA;NA;NA;NA;NA;NA;NA;NA;NA;NA;NA;NA;1;NA
41;"PR";4126306;"412630";"Sengés";"Não";"-";"Total";NA;NA;NA;NA;1;2;1;NA;1;NA;NA;NA;NA;NA;1;1;NA;1;1;NA;1;1;NA;2;NA
41;"PR";4126355;"412635";"Serranópolis do Iguaçu";"Não";"-";"Total";NA;NA;NA;NA;NA;2;NA;NA;NA;NA;NA;NA;NA;NA;NA;1;NA;1;NA;1;NA;NA;NA;NA;NA
41;"PR";4126405;"412640";"Sertaneja";"Não";"Região Metropolitana de Londrina";"Total";2;NA;NA;1;1;NA;NA;1;NA;NA;NA;1;NA;1;NA;NA;2;1;NA;NA;NA;1;2;1;NA
41;"PR";4126504;"412650";"Sertanópolis";"Não";"Região Metropolitana de Londrina";"Total";2;NA;5;2;NA;1;1;1;NA;1;1;1;NA;NA;1;5;1;NA;NA;NA;1;4;4;NA;NA
41;"PR";4126603;"412660";"Siqueira Campos";"Não";"-";"Total";1;NA;NA;NA;1;NA;NA;NA;NA;NA;NA;NA;NA;1;NA;NA;NA;2;NA;2;1;NA;1;2;NA
41;"PR";4126652;"412665";"Sulina";"Não";"-";"Total";NA;NA;NA;NA;NA;NA;NA;NA;NA;NA;NA;NA;NA;NA;NA;NA;NA;NA;NA;NA;NA;NA;NA;NA;NA
41;"PR";4126678;"412667";"Tamarana";"Não";"Região Metropolitana de Londrina";"Total";1;NA;1;1;NA;1;NA;NA;NA;NA;NA;1;NA;NA;NA;2;NA;2;1;1;NA;1;1;3;NA
41;"PR";4126702;"412670";"Tamboara";"Não";"-";"Total";NA;NA;NA;1;NA;NA;NA;NA;NA;NA;1;1;1;NA;1;NA;NA;NA;NA;NA;NA;NA;1;NA;NA
41;"PR";4126801;"412680";"Tapejara";"Não";"Região Metropolitana de Umuarama";"Total";NA;2;NA;NA;1;2;NA;NA;NA;1;1;2;2;NA;2;NA;3;2;NA;NA;NA;2;2;NA;NA
41;"PR";4126900;"412690";"Tapira";"Não";"Região Metropolitana de Umuarama";"Total";NA;2;NA;NA;NA;NA;NA;NA;NA;NA;NA;NA;1;1;1;NA;NA;NA;1;NA;NA;1;NA;2;NA
41;"PR";4127007;"412700";"Teixeira Soares";"Não";"-";"Total";NA;NA;NA;NA;NA;1;1;1;NA;NA;NA;1;NA;NA;NA;NA;1;NA;NA;NA;2;NA;1;1;NA
41;"PR";4127106;"412710";"Telêmaco Borba";"Não";"-";"Total";1;NA;2;NA;3;4;NA;3;2;3;3;3;2;5;5;6;3;2;2;3;1;3;2;3;NA
41;"PR";4127205;"412720";"Terra Boa";"Não";"Região Metropolitana de Campo Mourão";"Total";1;NA;NA;NA;NA;NA;NA;NA;NA;1;1;NA;2;5;4;2;2;1;NA;1;NA;NA;1;2;NA
41;"PR";4127304;"412730";"Terra Rica";"Não";"-";"Total";NA;1;NA;NA;2;NA;NA;2;2;1;2;NA;2;2;NA;NA;1;NA;1;NA;3;1;NA;NA;NA
41;"PR";4127403;"412740";"Terra Roxa";"Não";"Região Metropolitana de Toledo";"Total";NA;NA;1;NA;1;NA;NA;NA;1;NA;1;2;3;1;4;1;5;NA;NA;1;NA;3;1;NA;NA
41;"PR";4127502;"412750";"Tibagi";"Não";"-";"Total";NA;NA;NA;1;NA;NA;1;1;1;1;3;1;NA;2;1;1;4;2;2;3;1;1;2;2;NA
41;"PR";4127601;"412760";"Tijucas do Sul";"Não";"Região Metropolitana de Curitiba";"Total";NA;NA;NA;NA;2;NA;NA;NA;NA;NA;NA;NA;NA;NA;NA;1;2;NA;1;NA;NA;NA;NA;1;NA
41;"PR";4127700;"412770";"Toledo";"Não";"Região Metropolitana de Toledo";"Total";7;3;9;10;6;6;20;16;11;5;11;13;11;12;21;16;12;16;5;12;15;28;16;7;NA
41;"PR";4127809;"412780";"Tomazina";"Não";"-";"Total";NA;NA;NA;NA;NA;NA;1;1;NA;NA;NA;2;NA;NA;NA;1;NA;NA;NA;NA;NA;2;1;NA;NA
41;"PR";4127858;"412785";"Três Barras do Paraná";"Não";"Região Metropolitana de Cascavel";"Total";NA;NA;NA;NA;NA;NA;NA;NA;NA;NA;NA;NA;NA;NA;1;NA;NA;1;NA;NA;NA;NA;1;NA;NA
41;"PR";4127882;"412788";"Tunas do Paraná";"Não";"Região Metropolitana de Curitiba";"Total";NA;NA;1;NA;NA;NA;NA;NA;NA;NA;NA;NA;1;NA;NA;NA;NA;NA;NA;NA;NA;NA;1;NA;NA
41;"PR";4127908;"412790";"Tuneiras do Oeste";"Não";"Região Metropolitana de Umuarama";"Total";NA;NA;NA;NA;1;NA;NA;1;NA;NA;2;NA;NA;NA;NA;2;1;5;2;3;2;1;2;NA;NA
41;"PR";4127957;"412795";"Tupãssi";"Não";"Região Metropolitana de Toledo";"Total";NA;1;NA;NA;NA;NA;NA;NA;NA;NA;NA;2;2;NA;NA;NA;NA;2;1;NA;NA;1;NA;NA;NA
41;"PR";4127965;"412796";"Turvo";"Não";"-";"Total";NA;NA;NA;NA;1;NA;NA;NA;NA;2;NA;NA;NA;NA;NA;NA;1;1;NA;1;NA;1;1;NA;NA
41;"PR";4128005;"412800";"Ubiratã";"Não";"Região Metropolitana de Campo Mourão";"Total";1;NA;1;NA;NA;1;1;3;NA;2;3;3;1;NA;2;3;4;1;2;NA;1;4;3;4;NA
41;"PR";4128104;"412810";"Umuarama";"Não";"Região Metropolitana de Umuarama";"Total";8;10;8;9;14;1;8;13;4;1;9;9;10;8;17;25;15;12;10;16;16;21;13;24;NA
41;"PR";4128203;"412820";"União da Vitória";"Não";"-";"Total";NA;1;NA;NA;NA;NA;NA;NA;NA;NA;1;2;NA;1;2;1;NA;5;6;6;1;1;3;3;NA
41;"PR";4128302;"412830";"Uniflor";"Não";"-";"Total";1;NA;NA;NA;NA;NA;NA;NA;NA;1;NA;NA;3;NA;NA;NA;NA;NA;1;1;1;NA;1;NA;NA
41;"PR";4128401;"412840";"Uraí";"Não";"Região Metropolitana de Londrina";"Total";NA;1;NA;1;1;1;NA;1;NA;1;NA;NA;NA;1;NA;NA;NA;NA;NA;1;NA;1;1;2;NA
41;"PR";4128500;"412850";"Wenceslau Braz";"Não";"-";"Total";NA;NA;1;1;NA;NA;1;NA;NA;NA;NA;1;NA;NA;NA;1;1;3;NA;1;NA;4;3;1;NA
41;"PR";4128534;"412853";"Ventania";"Não";"-";"Total";NA;NA;NA;NA;NA;1;NA;NA;NA;1;NA;2;NA;NA;NA;NA;7;NA;NA;NA;4;3;NA;NA;NA
41;"PR";4128559;"412855";"Vera Cruz do Oeste";"Não";"Região Metropolitana de Cascavel";"Total";NA;NA;NA;NA;1;NA;NA;NA;NA;NA;NA;NA;NA;NA;2;1;NA;NA;1;NA;NA;NA;NA;NA;NA
41;"PR";4128609;"412860";"Verê";"Não";"-";"Total";NA;NA;NA;1;NA;NA;NA;NA;NA;NA;NA;NA;1;NA;NA;NA;NA;NA;NA;NA;NA;1;NA;NA;NA
41;"PR";4128625;"412862";"Alto Paraíso";"Não";"Região Metropolitana de Umuarama";"Total";NA;NA;NA;1;NA;NA;NA;NA;NA;1;NA;1;NA;1;1;1;NA;1;1;NA;1;NA;2;NA;NA
41;"PR";4128633;"412863";"Doutor Ulysses";"Não";"Região Metropolitana de Curitiba";"Total";NA;NA;NA;NA;NA;NA;NA;NA;NA;NA;NA;NA;NA;NA;NA;NA;NA;NA;NA;NA;NA;NA;NA;NA;NA
41;"PR";4128658;"412865";"Virmond";"Não";"-";"Total";NA;NA;NA;NA;NA;NA;NA;NA;NA;NA;NA;NA;NA;NA;NA;NA;NA;NA;NA;NA;NA;NA;NA;1;NA
41;"PR";4128708;"412870";"Vitorino";"Não";"-";"Total";NA;NA;NA;1;NA;NA;NA;1;NA;2;NA;1;NA;NA;NA;NA;NA;1;NA;NA;NA;NA;NA;NA;NA
41;"PR";4128807;"412880";"Xambrê";"Não";"Região Metropolitana de Umuarama";"Total";NA;NA;NA;NA;1;2;NA;1;NA;NA;NA;NA;NA;NA;1;1;NA;1;NA;1;1;1;1;2;NA
42;"SC";4200051;"420005";"Abdon Batista";"Não";"Região Metropolitana do Contestado";"Total";NA;NA;NA;NA;NA;NA;NA;NA;NA;NA;NA;NA;NA;1;NA;NA;NA;NA;NA;NA;NA;NA;NA;NA;NA
42;"SC";4200101;"420010";"Abelardo Luz";"Não";"Região Metropolitana do Extremo Oeste";"Total";NA;NA;NA;1;NA;NA;NA;2;NA;NA;NA;1;NA;1;NA;2;NA;1;NA;1;2;NA;NA;NA;NA
42;"SC";4200200;"420020";"Agrolândia";"Não";"Região Metropolitana do Alto Vale do Itajaí";"Total";NA;NA;NA;NA;NA;NA;1;1;NA;NA;1;NA;NA;NA;NA;1;NA;NA;NA;1;NA;NA;NA;1;NA
42;"SC";4200309;"420030";"Agronômica";"Não";"Região Metropolitana do Alto Vale do Itajaí";"Total";NA;NA;NA;NA;NA;NA;NA;NA;NA;1;NA;1;NA;NA;NA;1;NA;1;1;NA;NA;NA;NA;NA;NA
42;"SC";4200408;"420040";"Água Doce";"Não";"Região Metropolitana do Contestado";"Total";1;NA;NA;1;NA;NA;NA;1;NA;NA;NA;NA;1;NA;1;NA;NA;2;NA;NA;2;1;NA;NA;NA
42;"SC";4200507;"420050";"Águas de Chapecó";"Não";"Região Metropolitana de Chapecó";"Total";1;NA;1;NA;NA;NA;NA;NA;NA;NA;NA;1;NA;NA;NA;NA;NA;NA;NA;NA;NA;NA;NA;NA;NA
42;"SC";4200556;"420055";"Águas Frias";"Não";"Região Metropolitana de Chapecó";"Total";NA;NA;NA;NA;NA;NA;NA;NA;NA;NA;NA;NA;NA;NA;NA;NA;NA;NA;NA;NA;NA;NA;NA;NA;NA
42;"SC";4200606;"420060";"Águas Mornas";"Não";"Região Metropolitana de Florianópolis";"Total";NA;NA;NA;NA;NA;NA;NA;NA;NA;2;NA;NA;NA;NA;NA;1;NA;NA;NA;NA;2;NA;NA;NA;NA
42;"SC";4200705;"420070";"Alfredo Wagner";"Não";"Região Metropolitana de Florianópolis";"Total";NA;NA;NA;NA;NA;NA;NA;NA;NA;NA;NA;NA;NA;1;NA;1;NA;NA;1;NA;NA;NA;2;1;NA
42;"SC";4200754;"420075";"Alto Bela Vista";"Não";"Região Metropolitana do Contestado";"Total";NA;NA;NA;NA;NA;NA;NA;NA;NA;NA;NA;NA;NA;NA;NA;NA;NA;NA;NA;NA;NA;NA;NA;NA;NA
42;"SC";4200804;"420080";"Anchieta";"Não";"Região Metropolitana do Extremo Oeste";"Total";NA;NA;NA;NA;NA;NA;NA;NA;NA;NA;NA;NA;2;NA;NA;NA;NA;1;NA;NA;NA;1;NA;NA;NA
42;"SC";4200903;"420090";"Angelina";"Não";"Região Metropolitana de Florianópolis";"Total";NA;NA;NA;NA;NA;NA;NA;NA;NA;NA;NA;NA;NA;NA;NA;NA;NA;NA;NA;NA;NA;NA;NA;NA;NA
42;"SC";4201000;"420100";"Anita Garibaldi";"Não";"Região Metropolitana de Lages";"Total";NA;NA;NA;NA;NA;NA;NA;NA;NA;NA;NA;NA;NA;NA;NA;NA;NA;NA;NA;NA;NA;NA;NA;NA;NA
42;"SC";4201109;"420110";"Anitápolis";"Não";"Região Metropolitana de Florianópolis";"Total";NA;NA;NA;NA;NA;NA;NA;NA;NA;NA;NA;NA;NA;NA;NA;NA;NA;NA;NA;NA;NA;NA;NA;NA;NA
42;"SC";4201208;"420120";"Antônio Carlos";"Não";"Região Metropolitana de Florianópolis";"Total";NA;NA;NA;NA;NA;NA;NA;NA;NA;NA;NA;NA;NA;NA;NA;NA;NA;NA;NA;NA;NA;NA;1;NA;NA
42;"SC";4201257;"420125";"Apiúna";"Não";"Região Metropolitana do Vale do Itajaí";"Total";NA;NA;NA;NA;NA;NA;NA;NA;NA;1;NA;NA;NA;NA;NA;1;1;NA;1;NA;NA;2;1;NA;NA
42;"SC";4201273;"420127";"Arabutã";"Não";"Região Metropolitana do Contestado";"Total";NA;NA;NA;NA;NA;NA;NA;NA;NA;NA;NA;NA;NA;NA;NA;NA;NA;NA;NA;NA;NA;NA;NA;NA;NA
42;"SC";4201307;"420130";"Araquari";"Não";"Região Metropolitana de Joinville";"Total";1;NA;2;NA;1;2;1;NA;NA;NA;2;3;NA;1;8;6;5;1;6;7;2;6;2;2;NA
42;"SC";4201406;"420140";"Araranguá";"Não";"Região Metropolitana Carbonífera";"Total";1;1;NA;NA;NA;2;NA;1;1;3;NA;2;NA;NA;1;NA;NA;NA;1;NA;1;NA;NA;1;NA
42;"SC";4201505;"420150";"Armazém";"Não";"Região Metropolitana de Tubarão";"Total";NA;NA;NA;NA;NA;NA;NA;NA;NA;NA;NA;NA;NA;NA;NA;NA;NA;NA;NA;NA;NA;NA;NA;NA;NA
42;"SC";4201604;"420160";"Arroio Trinta";"Não";"Região Metropolitana do Contestado";"Total";NA;NA;NA;NA;NA;NA;NA;NA;NA;NA;NA;NA;NA;NA;NA;NA;NA;NA;NA;NA;NA;NA;NA;NA;NA
42;"SC";4201653;"420165";"Arvoredo";"Não";"Região Metropolitana de Chapecó";"Total";NA;NA;NA;NA;NA;1;1;1;NA;NA;NA;NA;NA;1;1;NA;NA;NA;NA;NA;NA;NA;NA;NA;NA
42;"SC";4201703;"420170";"Ascurra";"Não";"Região Metropolitana do Vale do Itajaí";"Total";1;NA;NA;NA;NA;NA;NA;NA;NA;NA;NA;NA;NA;NA;NA;NA;NA;NA;NA;NA;1;1;NA;NA;NA
42;"SC";4201802;"420180";"Atalanta";"Não";"Região Metropolitana do Alto Vale do Itajaí";"Total";NA;NA;NA;NA;NA;NA;NA;NA;NA;NA;NA;NA;NA;NA;NA;NA;NA;NA;NA;NA;NA;NA;NA;NA;NA
42;"SC";4201901;"420190";"Aurora";"Não";"Região Metropolitana do Alto Vale do Itajaí";"Total";NA;NA;NA;NA;NA;NA;NA;NA;NA;NA;NA;NA;NA;NA;NA;NA;NA;NA;NA;NA;2;1;NA;NA;NA
42;"SC";4201950;"420195";"Balneário Arroio do Silva";"Não";"Região Metropolitana Carbonífera";"Total";NA;NA;NA;NA;NA;NA;NA;NA;NA;NA;NA;NA;NA;NA;NA;2;NA;NA;2;NA;NA;NA;NA;NA;NA
42;"SC";4202008;"420200";"Balneário Camboriú";"Não";"Região Metropolitana da Foz do Rio Itajaí";"Total";4;3;3;1;5;1;2;NA;5;4;6;8;2;4;1;1;1;1;5;4;1;4;7;4;NA
42;"SC";4202057;"420205";"Balneário Barra do Sul";"Não";"Região Metropolitana de Joinville";"Total";NA;NA;NA;NA;NA;NA;NA;NA;NA;NA;NA;NA;NA;NA;NA;NA;NA;NA;NA;1;1;1;NA;1;NA
42;"SC";4202073;"420207";"Balneário Gaivota";"Não";"Região Metropolitana Carbonífera";"Total";NA;NA;NA;NA;NA;NA;NA;NA;NA;NA;NA;NA;NA;NA;NA;NA;NA;NA;NA;NA;NA;NA;NA;NA;NA
42;"SC";4202081;"420208";"Bandeirante";"Não";"Região Metropolitana do Extremo Oeste";"Total";NA;NA;NA;NA;NA;NA;NA;NA;NA;NA;NA;NA;NA;NA;NA;NA;NA;NA;NA;NA;NA;NA;NA;NA;NA
42;"SC";4202099;"420209";"Barra Bonita";"Não";"Região Metropolitana do Extremo Oeste";"Total";NA;NA;NA;NA;NA;NA;NA;NA;NA;1;NA;NA;NA;NA;NA;NA;NA;NA;NA;NA;NA;NA;NA;NA;NA
42;"SC";4202107;"420210";"Barra Velha";"Não";"Região Metropolitana de Jaraguá do Sul";"Total";NA;1;NA;NA;NA;1;1;1;NA;1;NA;NA;NA;NA;1;1;NA;2;1;1;1;1;1;NA;NA
42;"SC";4202131;"420213";"Bela Vista do Toldo";"Não";"Região Metropolitana do Planalto Norte";"Total";NA;NA;NA;NA;NA;NA;NA;NA;NA;NA;NA;NA;NA;NA;NA;NA;NA;NA;1;NA;NA;NA;NA;NA;NA
42;"SC";4202156;"420215";"Belmonte";"Não";"Região Metropolitana do Extremo Oeste";"Total";NA;NA;1;NA;NA;NA;NA;NA;NA;NA;NA;NA;NA;NA;1;NA;NA;NA;NA;NA;NA;NA;NA;NA;NA
42;"SC";4202206;"420220";"Benedito Novo";"Não";"Região Metropolitana do Vale do Itajaí";"Total";NA;NA;NA;NA;NA;NA;NA;NA;NA;NA;NA;NA;NA;NA;NA;NA;1;NA;NA;NA;NA;NA;NA;NA;NA
42;"SC";4202305;"420230";"Biguaçu";"Não";"Região Metropolitana de Florianópolis";"Total";3;2;1;2;NA;1;3;1;1;1;1;1;1;1;3;1;3;2;2;1;1;NA;2;NA;NA
42;"SC";4202404;"420240";"Blumenau";"Não";"Região Metropolitana do Vale do Itajaí";"Total";NA;NA;1;1;2;2;3;5;NA;7;9;11;5;5;9;4;4;7;5;7;8;10;9;8;NA
42;"SC";4202438;"420243";"Bocaina do Sul";"Não";"Região Metropolitana de Lages";"Total";NA;NA;NA;NA;NA;NA;NA;NA;NA;NA;NA;1;NA;2;NA;NA;NA;NA;NA;1;NA;1;1;NA;NA
42;"SC";4202453;"420245";"Bombinhas";"Não";"Região Metropolitana da Foz do Rio Itajaí";"Total";NA;NA;NA;NA;NA;NA;NA;NA;NA;NA;NA;NA;NA;NA;NA;NA;NA;NA;NA;NA;NA;NA;NA;NA;NA
42;"SC";4202503;"420250";"Bom Jardim da Serra";"Não";"Região Metropolitana de Lages";"Total";NA;NA;NA;NA;NA;NA;NA;NA;NA;NA;1;1;1;NA;NA;NA;NA;1;NA;1;NA;NA;NA;NA;NA
42;"SC";4202537;"420253";"Bom Jesus";"Não";"Região Metropolitana do Extremo Oeste";"Total";NA;NA;NA;NA;NA;NA;NA;NA;1;NA;NA;NA;NA;1;NA;NA;NA;1;NA;NA;NA;NA;NA;NA;NA
42;"SC";4202578;"420257";"Bom Jesus do Oeste";"Não";"Região Metropolitana do Extremo Oeste";"Total";NA;NA;NA;NA;NA;NA;NA;NA;NA;NA;NA;NA;NA;NA;NA;NA;NA;NA;NA;NA;NA;NA;NA;NA;NA
42;"SC";4202602;"420260";"Bom Retiro";"Não";"Região Metropolitana de Lages";"Total";NA;NA;NA;NA;1;NA;NA;1;NA;NA;NA;2;NA;NA;2;1;1;1;NA;NA;NA;1;1;NA;NA
42;"SC";4202701;"420270";"Botuverá";"Não";"Região Metropolitana do Vale do Itajaí";"Total";NA;NA;NA;NA;NA;NA;NA;NA;NA;NA;NA;NA;NA;NA;NA;NA;NA;NA;NA;NA;NA;NA;NA;NA;NA
42;"SC";4202800;"420280";"Braço do Norte";"Não";"Região Metropolitana de Tubarão";"Total";NA;1;2;1;NA;NA;NA;NA;NA;NA;1;NA;1;NA;NA;3;NA;NA;NA;1;NA;NA;1;2;NA
42;"SC";4202859;"420285";"Braço do Trombudo";"Não";"Região Metropolitana do Alto Vale do Itajaí";"Total";NA;NA;NA;NA;NA;NA;NA;NA;NA;NA;NA;NA;NA;NA;NA;NA;NA;NA;NA;NA;NA;NA;NA;NA;NA
42;"SC";4202875;"420287";"Brunópolis";"Não";"Região Metropolitana do Contestado";"Total";NA;NA;NA;1;NA;NA;NA;NA;NA;NA;NA;NA;NA;NA;NA;1;NA;1;NA;NA;NA;NA;NA;1;NA
42;"SC";4202909;"420290";"Brusque";"Não";"Região Metropolitana do Vale do Itajaí";"Total";1;NA;NA;NA;2;4;1;5;1;2;1;3;6;4;4;4;1;2;1;3;14;9;11;7;NA
42;"SC";4203006;"420300";"Caçador";"Não";"Região Metropolitana do Contestado";"Total";1;2;NA;NA;NA;NA;NA;NA;5;6;4;2;4;4;3;2;5;8;5;5;2;7;6;3;NA
42;"SC";4203105;"420310";"Caibi";"Não";"Região Metropolitana do Extremo Oeste";"Total";NA;1;1;NA;NA;NA;NA;NA;NA;NA;NA;NA;1;NA;NA;1;NA;NA;NA;NA;NA;2;NA;NA;NA
42;"SC";4203154;"420315";"Calmon";"Não";"Região Metropolitana do Contestado";"Total";NA;NA;NA;NA;NA;NA;NA;NA;NA;NA;NA;NA;NA;NA;NA;NA;NA;NA;NA;NA;NA;NA;NA;NA;NA
42;"SC";4203204;"420320";"Camboriú";"Não";"Região Metropolitana da Foz do Rio Itajaí";"Total";NA;1;NA;NA;NA;NA;NA;NA;NA;NA;NA;1;2;NA;2;NA;NA;NA;NA;NA;1;1;NA;3;NA
42;"SC";4203253;"420325";"Capão Alto";"Não";"Região Metropolitana de Lages";"Total";NA;NA;NA;1;NA;1;NA;NA;NA;1;NA;1;NA;NA;NA;1;NA;1;NA;2;4;NA;NA;NA;NA
42;"SC";4203303;"420330";"Campo Alegre";"Não";"Região Metropolitana de Joinville";"Total";NA;NA;NA;NA;NA;NA;NA;NA;NA;NA;NA;NA;NA;NA;NA;NA;1;NA;NA;NA;NA;NA;NA;1;NA
42;"SC";4203402;"420340";"Campo Belo do Sul";"Não";"Região Metropolitana de Lages";"Total";NA;NA;NA;NA;NA;NA;1;NA;NA;NA;NA;NA;NA;NA;NA;NA;NA;NA;1;NA;1;NA;NA;NA;NA
42;"SC";4203501;"420350";"Campo Erê";"Não";"Região Metropolitana do Extremo Oeste";"Total";1;NA;NA;1;NA;NA;NA;NA;1;NA;NA;NA;NA;NA;1;NA;NA;1;NA;NA;NA;1;NA;NA;NA
42;"SC";4203600;"420360";"Campos Novos";"Não";"Região Metropolitana do Contestado";"Total";NA;1;1;2;NA;1;NA;1;NA;NA;3;3;4;NA;6;3;NA;5;NA;4;3;2;3;3;NA
42;"SC";4203709;"420370";"Canelinha";"Não";"Região Metropolitana de Florianópolis";"Total";NA;NA;NA;2;1;NA;NA;NA;NA;NA;NA;NA;2;NA;NA;NA;NA;NA;NA;NA;NA;NA;1;NA;NA
42;"SC";4203808;"420380";"Canoinhas";"Não";"Região Metropolitana do Planalto Norte";"Total";NA;NA;NA;NA;NA;NA;NA;NA;NA;NA;NA;1;1;NA;NA;NA;NA;NA;2;NA;2;NA;NA;2;NA
42;"SC";4203907;"420390";"Capinzal";"Não";"Região Metropolitana do Contestado";"Total";NA;NA;NA;NA;NA;NA;1;NA;NA;NA;NA;NA;NA;NA;NA;NA;1;NA;NA;NA;NA;NA;NA;NA;NA
42;"SC";4203956;"420395";"Capivari de Baixo";"Não";"Região Metropolitana de Tubarão";"Total";NA;1;1;2;NA;3;NA;NA;NA;1;NA;NA;1;1;NA;NA;1;NA;NA;NA;1;NA;NA;NA;NA
42;"SC";4204004;"420400";"Catanduvas";"Não";"Região Metropolitana do Contestado";"Total";NA;1;NA;NA;NA;NA;NA;NA;NA;1;NA;NA;NA;NA;NA;1;NA;NA;NA;NA;4;NA;NA;NA;NA
42;"SC";4204103;"420410";"Caxambu do Sul";"Não";"Região Metropolitana de Chapecó";"Total";NA;NA;NA;NA;NA;NA;NA;NA;NA;NA;NA;NA;NA;NA;NA;NA;NA;NA;NA;NA;NA;NA;NA;NA;NA
42;"SC";4204152;"420415";"Celso Ramos";"Não";"Região Metropolitana do Contestado";"Total";NA;NA;NA;NA;NA;NA;NA;NA;NA;NA;NA;1;NA;NA;NA;NA;NA;NA;NA;NA;NA;NA;NA;NA;NA
42;"SC";4204178;"420417";"Cerro Negro";"Não";"Região Metropolitana de Lages";"Total";NA;NA;NA;NA;NA;NA;NA;NA;NA;NA;NA;NA;NA;NA;NA;NA;NA;NA;NA;NA;NA;NA;NA;NA;NA
42;"SC";4204194;"420419";"Chapadão do Lageado";"Não";"Região Metropolitana do Alto Vale do Itajaí";"Total";NA;NA;NA;NA;NA;NA;NA;NA;NA;NA;NA;NA;NA;NA;NA;NA;NA;NA;NA;NA;NA;NA;NA;1;NA
42;"SC";4204202;"420420";"Chapecó";"Não";"Região Metropolitana de Chapecó";"Total";2;10;2;1;1;6;1;3;5;3;2;8;3;2;NA;3;8;7;7;11;6;8;3;11;NA
42;"SC";4204251;"420425";"Cocal do Sul";"Não";"Região Metropolitana Carbonífera";"Total";NA;NA;NA;NA;NA;NA;NA;1;NA;NA;NA;NA;NA;NA;NA;NA;NA;1;NA;NA;NA;NA;NA;NA;NA
42;"SC";4204301;"420430";"Concórdia";"Não";"Região Metropolitana do Contestado";"Total";NA;1;NA;5;1;2;2;2;1;NA;1;3;5;2;2;1;NA;1;1;2;1;2;1;3;NA
42;"SC";4204350;"420435";"Cordilheira Alta";"Não";"Região Metropolitana de Chapecó";"Total";NA;NA;1;NA;NA;NA;NA;NA;1;NA;NA;NA;NA;NA;NA;NA;NA;NA;NA;NA;NA;1;NA;1;NA
42;"SC";4204400;"420440";"Coronel Freitas";"Não";"Região Metropolitana de Chapecó";"Total";1;NA;NA;NA;NA;NA;NA;NA;NA;NA;NA;NA;NA;NA;1;NA;NA;NA;NA;NA;NA;NA;1;NA;NA
42;"SC";4204459;"420445";"Coronel Martins";"Não";"Região Metropolitana do Extremo Oeste";"Total";NA;NA;NA;NA;NA;NA;NA;NA;NA;NA;NA;NA;NA;NA;NA;NA;NA;NA;NA;NA;NA;NA;NA;NA;NA
42;"SC";4204509;"420450";"Corupá";"Não";"Região Metropolitana de Jaraguá do Sul";"Total";NA;NA;NA;NA;NA;NA;NA;NA;NA;NA;1;NA;NA;1;NA;2;NA;NA;NA;NA;NA;NA;NA;NA;NA
42;"SC";4204558;"420455";"Correia Pinto";"Não";"Região Metropolitana de Lages";"Total";NA;NA;NA;1;NA;1;NA;NA;NA;NA;NA;NA;NA;3;NA;NA;NA;1;1;2;2;1;NA;NA;NA
42;"SC";4204608;"420460";"Criciúma";"Não";"Região Metropolitana Carbonífera";"Total";NA;3;6;3;5;1;1;5;3;8;2;6;2;2;5;2;3;2;1;1;5;4;6;4;NA
42;"SC";4204707;"420470";"Cunha Porã";"Não";"Região Metropolitana do Extremo Oeste";"Total";NA;NA;NA;NA;NA;NA;NA;NA;NA;NA;NA;NA;NA;2;1;NA;NA;NA;NA;NA;NA;NA;NA;1;NA
42;"SC";4204756;"420475";"Cunhataí";"Não";"Região Metropolitana de Chapecó";"Total";NA;NA;NA;NA;NA;NA;NA;NA;NA;NA;NA;NA;NA;NA;NA;NA;NA;NA;NA;NA;NA;NA;NA;NA;NA
42;"SC";4204806;"420480";"Curitibanos";"Não";"Região Metropolitana de Lages";"Total";NA;NA;NA;1;1;2;NA;1;2;NA;NA;3;NA;1;2;NA;3;1;3;NA;2;1;1;1;NA
42;"SC";4204905;"420490";"Descanso";"Não";"Região Metropolitana do Extremo Oeste";"Total";NA;NA;NA;NA;NA;1;1;1;2;NA;1;NA;1;NA;NA;NA;1;1;NA;NA;NA;1;NA;NA;NA
42;"SC";4205001;"420500";"Dionísio Cerqueira";"Não";"Região Metropolitana do Extremo Oeste";"Total";NA;NA;NA;NA;NA;NA;NA;NA;1;NA;NA;1;NA;1;NA;NA;NA;1;1;2;NA;3;NA;1;NA
42;"SC";4205100;"420510";"Dona Emma";"Não";"Região Metropolitana do Alto Vale do Itajaí";"Total";NA;NA;NA;NA;NA;NA;NA;NA;NA;NA;NA;NA;NA;NA;NA;NA;NA;NA;NA;NA;NA;NA;NA;NA;NA
42;"SC";4205159;"420515";"Doutor Pedrinho";"Não";"Região Metropolitana do Vale do Itajaí";"Total";NA;NA;NA;NA;NA;NA;NA;NA;NA;NA;NA;NA;NA;NA;NA;NA;1;NA;NA;NA;NA;NA;NA;NA;NA
42;"SC";4205175;"420517";"Entre Rios";"Não";"Região Metropolitana do Extremo Oeste";"Total";NA;NA;NA;NA;NA;NA;NA;NA;NA;NA;NA;NA;NA;NA;NA;NA;NA;NA;NA;NA;1;NA;1;NA;NA
42;"SC";4205191;"420519";"Ermo";"Não";"Região Metropolitana Carbonífera";"Total";NA;NA;NA;NA;NA;NA;NA;NA;NA;NA;NA;NA;NA;NA;NA;NA;NA;NA;NA;NA;NA;NA;NA;NA;NA
42;"SC";4205209;"420520";"Erval Velho";"Não";"Região Metropolitana do Contestado";"Total";NA;NA;NA;1;NA;NA;NA;NA;NA;NA;NA;NA;NA;NA;NA;NA;NA;NA;NA;1;1;NA;NA;NA;NA
42;"SC";4205308;"420530";"Faxinal dos Guedes";"Não";"Região Metropolitana de Chapecó";"Total";NA;NA;NA;NA;NA;NA;NA;1;1;NA;NA;1;1;NA;NA;NA;NA;NA;1;2;NA;NA;NA;1;NA
42;"SC";4205357;"420535";"Flor do Sertão";"Não";"Região Metropolitana do Extremo Oeste";"Total";NA;NA;NA;NA;NA;NA;NA;NA;NA;NA;NA;NA;NA;NA;NA;NA;NA;NA;NA;NA;NA;NA;NA;NA;NA
42;"SC";4205407;"420540";"Florianópolis";"Sim";"Região Metropolitana de Florianópolis";"Total";11;11;6;4;6;8;10;9;12;8;8;10;9;10;14;12;16;5;5;10;9;5;6;9;NA
42;"SC";4205431;"420543";"Formosa do Sul";"Não";"Região Metropolitana do Extremo Oeste";"Total";NA;NA;NA;NA;NA;NA;NA;NA;NA;NA;1;NA;NA;NA;NA;NA;NA;NA;NA;NA;NA;NA;NA;1;NA
42;"SC";4205456;"420545";"Forquilhinha";"Não";"Região Metropolitana Carbonífera";"Total";NA;NA;1;NA;NA;NA;NA;NA;NA;NA;NA;NA;NA;NA;NA;NA;1;NA;NA;NA;NA;NA;NA;1;NA
42;"SC";4205506;"420550";"Fraiburgo";"Não";"Região Metropolitana do Contestado";"Total";1;NA;2;NA;3;1;NA;NA;NA;NA;1;3;NA;1;1;NA;NA;1;2;NA;3;1;NA;1;NA
42;"SC";4205555;"420555";"Frei Rogério";"Não";"Região Metropolitana de Lages";"Total";NA;NA;NA;NA;1;NA;NA;NA;NA;NA;NA;NA;NA;NA;NA;1;NA;NA;NA;NA;NA;NA;NA;NA;NA
42;"SC";4205605;"420560";"Galvão";"Não";"Região Metropolitana do Extremo Oeste";"Total";NA;NA;NA;NA;NA;1;NA;NA;NA;1;NA;NA;NA;NA;NA;NA;NA;NA;NA;NA;NA;NA;NA;NA;NA
42;"SC";4205704;"420570";"Garopaba";"Não";"Região Metropolitana de Florianópolis";"Total";NA;NA;NA;NA;1;NA;NA;1;NA;NA;NA;NA;NA;NA;NA;NA;NA;NA;NA;NA;NA;NA;1;1;NA
42;"SC";4205803;"420580";"Garuva";"Não";"Região Metropolitana de Joinville";"Total";NA;1;NA;1;NA;NA;1;NA;NA;2;NA;1;2;1;1;3;NA;5;1;1;NA;2;1;NA;NA
42;"SC";4205902;"420590";"Gaspar";"Não";"Região Metropolitana do Vale do Itajaí";"Total";NA;NA;NA;NA;1;1;NA;1;NA;1;1;2;1;NA;NA;NA;NA;3;NA;1;1;4;NA;4;NA
42;"SC";4206009;"420600";"Governador Celso Ramos";"Não";"Região Metropolitana de Florianópolis";"Total";NA;NA;NA;NA;NA;NA;NA;NA;NA;NA;NA;NA;NA;NA;NA;NA;NA;1;NA;NA;1;NA;NA;NA;NA
42;"SC";4206108;"420610";"Grão-Pará";"Não";"Região Metropolitana de Tubarão";"Total";NA;NA;NA;NA;NA;NA;NA;NA;NA;NA;NA;NA;NA;NA;NA;NA;NA;NA;NA;NA;NA;1;NA;NA;NA
42;"SC";4206207;"420620";"Gravatal";"Não";"Região Metropolitana de Tubarão";"Total";NA;NA;NA;NA;NA;NA;NA;NA;NA;1;NA;NA;NA;NA;NA;NA;NA;1;NA;NA;1;NA;NA;NA;NA
42;"SC";4206306;"420630";"Guabiruba";"Não";"Região Metropolitana do Vale do Itajaí";"Total";NA;NA;NA;NA;NA;NA;NA;NA;NA;NA;NA;NA;NA;NA;NA;NA;NA;NA;NA;NA;NA;NA;2;NA;NA
42;"SC";4206405;"420640";"Guaraciaba";"Não";"Região Metropolitana do Extremo Oeste";"Total";1;NA;NA;NA;NA;1;NA;NA;1;NA;2;NA;NA;NA;1;1;NA;2;1;NA;NA;NA;NA;NA;NA
42;"SC";4206504;"420650";"Guaramirim";"Não";"Região Metropolitana de Jaraguá do Sul";"Total";NA;1;NA;NA;2;NA;2;2;NA;NA;NA;1;4;1;1;1;NA;3;2;1;1;NA;2;2;NA
42;"SC";4206603;"420660";"Guarujá do Sul";"Não";"Região Metropolitana do Extremo Oeste";"Total";NA;NA;NA;NA;NA;NA;NA;NA;NA;NA;NA;1;NA;NA;NA;1;NA;NA;NA;NA;NA;NA;NA;NA;NA
42;"SC";4206652;"420665";"Guatambú";"Não";"Região Metropolitana de Chapecó";"Total";NA;1;NA;NA;2;NA;NA;NA;NA;NA;NA;NA;1;NA;NA;NA;NA;NA;NA;NA;NA;NA;NA;NA;NA
42;"SC";4206702;"420670";"Herval d'Oeste";"Não";"Região Metropolitana do Contestado";"Total";NA;NA;NA;2;NA;NA;NA;NA;NA;1;2;2;NA;6;NA;NA;NA;NA;NA;NA;NA;1;NA;1;NA
42;"SC";4206751;"420675";"Ibiam";"Não";"Região Metropolitana do Contestado";"Total";NA;NA;NA;NA;NA;NA;NA;NA;NA;NA;NA;NA;NA;NA;NA;NA;NA;NA;NA;NA;NA;NA;NA;NA;NA
42;"SC";4206801;"420680";"Ibicaré";"Não";"Região Metropolitana do Contestado";"Total";NA;NA;NA;NA;NA;NA;NA;NA;NA;NA;NA;NA;NA;NA;NA;NA;NA;NA;NA;NA;NA;NA;NA;NA;NA
42;"SC";4206900;"420690";"Ibirama";"Não";"Região Metropolitana do Alto Vale do Itajaí";"Total";NA;NA;NA;NA;NA;NA;NA;NA;NA;1;NA;NA;NA;1;2;3;NA;NA;1;1;NA;1;1;2;NA
42;"SC";4207007;"420700";"Içara";"Não";"Região Metropolitana Carbonífera";"Total";NA;NA;NA;1;2;NA;2;1;NA;NA;2;2;1;1;NA;NA;NA;1;2;1;1;NA;2;2;NA
42;"SC";4207106;"420710";"Ilhota";"Não";"Região Metropolitana do Vale do Itajaí";"Total";1;NA;NA;NA;NA;NA;NA;NA;NA;NA;NA;1;NA;NA;NA;NA;1;3;1;1;NA;1;NA;NA;NA
42;"SC";4207205;"420720";"Imaruí";"Não";"Região Metropolitana de Tubarão";"Total";NA;NA;NA;NA;NA;NA;NA;NA;NA;NA;NA;NA;NA;NA;NA;NA;NA;NA;NA;NA;NA;NA;NA;NA;NA
42;"SC";4207304;"420730";"Imbituba";"Não";"Região Metropolitana de Tubarão";"Total";1;1;1;4;2;1;NA;1;1;NA;3;NA;NA;NA;2;1;1;6;NA;2;2;NA;1;1;NA
42;"SC";4207403;"420740";"Imbuia";"Não";"Região Metropolitana do Alto Vale do Itajaí";"Total";NA;NA;NA;NA;NA;NA;NA;NA;NA;NA;NA;NA;NA;NA;NA;1;NA;NA;NA;NA;NA;NA;NA;NA;NA
42;"SC";4207502;"420750";"Indaial";"Não";"Região Metropolitana do Vale do Itajaí";"Total";2;1;NA;1;NA;3;NA;1;1;1;2;NA;2;NA;3;5;4;1;1;1;4;4;2;1;NA
42;"SC";4207577;"420757";"Iomerê";"Não";"Região Metropolitana do Contestado";"Total";NA;NA;NA;NA;NA;NA;NA;NA;NA;NA;NA;NA;NA;NA;NA;NA;NA;NA;NA;NA;NA;NA;NA;NA;NA
42;"SC";4207601;"420760";"Ipira";"Não";"Região Metropolitana do Contestado";"Total";NA;NA;NA;NA;NA;NA;NA;NA;NA;NA;NA;NA;NA;NA;NA;NA;NA;1;NA;NA;NA;NA;NA;NA;NA
42;"SC";4207650;"420765";"Iporã do Oeste";"Não";"Região Metropolitana do Extremo Oeste";"Total";2;NA;NA;NA;NA;NA;NA;NA;NA;1;NA;NA;NA;1;NA;NA;NA;NA;NA;NA;NA;NA;NA;NA;NA
42;"SC";4207684;"420768";"Ipuaçu";"Não";"Região Metropolitana do Extremo Oeste";"Total";1;NA;NA;NA;NA;NA;NA;NA;NA;NA;NA;NA;NA;NA;1;NA;NA;NA;1;NA;NA;2;NA;NA;NA
42;"SC";4207700;"420770";"Ipumirim";"Não";"Região Metropolitana do Contestado";"Total";NA;NA;NA;NA;NA;NA;NA;NA;NA;NA;NA;NA;1;1;NA;NA;NA;NA;NA;NA;NA;NA;NA;NA;NA
42;"SC";4207759;"420775";"Iraceminha";"Não";"Região Metropolitana do Extremo Oeste";"Total";NA;3;NA;NA;NA;NA;NA;NA;NA;NA;1;2;3;NA;NA;1;NA;NA;NA;NA;1;NA;NA;NA;NA
42;"SC";4207809;"420780";"Irani";"Não";"Região Metropolitana do Contestado";"Total";NA;3;NA;2;1;1;NA;NA;NA;2;NA;NA;1;NA;2;NA;NA;NA;NA;1;NA;NA;NA;NA;NA
42;"SC";4207858;"420785";"Irati";"Não";"Região Metropolitana do Extremo Oeste";"Total";NA;NA;NA;NA;NA;NA;NA;NA;NA;NA;NA;NA;NA;1;NA;NA;NA;NA;NA;NA;NA;NA;NA;1;NA
42;"SC";4207908;"420790";"Irineópolis";"Não";"Região Metropolitana do Planalto Norte";"Total";NA;NA;NA;NA;NA;NA;NA;NA;1;NA;NA;NA;NA;NA;NA;NA;NA;NA;NA;NA;NA;NA;2;NA;NA
42;"SC";4208005;"420800";"Itá";"Não";"Região Metropolitana de Chapecó";"Total";NA;NA;NA;NA;NA;NA;1;NA;NA;NA;NA;2;NA;NA;NA;NA;NA;NA;NA;NA;NA;NA;NA;NA;NA
42;"SC";4208104;"420810";"Itaiópolis";"Não";"Região Metropolitana do Planalto Norte";"Total";NA;NA;NA;1;NA;NA;NA;1;NA;2;NA;1;2;NA;NA;1;1;NA;NA;NA;NA;NA;NA;1;NA
42;"SC";4208203;"420820";"Itajaí";"Não";"Região Metropolitana da Foz do Rio Itajaí";"Total";3;3;2;4;5;1;8;7;7;4;6;2;12;3;4;8;4;6;8;10;13;9;9;9;NA
42;"SC";4208302;"420830";"Itapema";"Não";"Região Metropolitana da Foz do Rio Itajaí";"Total";NA;NA;2;NA;1;5;2;3;NA;2;NA;3;NA;NA;NA;1;1;1;NA;2;1;NA;5;1;NA
42;"SC";4208401;"420840";"Itapiranga";"Não";"Região Metropolitana do Extremo Oeste";"Total";1;NA;1;NA;NA;NA;NA;NA;NA;NA;NA;NA;1;NA;NA;NA;NA;NA;NA;NA;NA;NA;NA;NA;NA
42;"SC";4208450;"420845";"Itapoá";"Não";"Região Metropolitana de Joinville";"Total";NA;NA;NA;NA;NA;NA;NA;NA;NA;NA;NA;NA;NA;NA;2;1;NA;3;NA;1;2;NA;1;1;NA
42;"SC";4208500;"420850";"Ituporanga";"Não";"Região Metropolitana do Alto Vale do Itajaí";"Total";NA;1;NA;NA;NA;1;1;NA;NA;NA;2;NA;1;1;NA;3;2;NA;NA;1;1;1;1;1;NA
42;"SC";4208609;"420860";"Jaborá";"Não";"Região Metropolitana do Contestado";"Total";NA;NA;NA;NA;NA;2;NA;NA;NA;NA;NA;NA;NA;NA;NA;NA;NA;NA;1;NA;1;NA;NA;NA;NA
42;"SC";4208708;"420870";"Jacinto Machado";"Não";"Região Metropolitana Carbonífera";"Total";NA;1;NA;NA;NA;NA;NA;NA;NA;NA;NA;NA;NA;NA;NA;NA;NA;NA;NA;NA;NA;NA;NA;NA;NA
42;"SC";4208807;"420880";"Jaguaruna";"Não";"Região Metropolitana de Tubarão";"Total";NA;NA;NA;NA;1;1;NA;NA;NA;NA;NA;NA;NA;2;1;NA;NA;NA;NA;1;NA;NA;NA;1;NA
42;"SC";4208906;"420890";"Jaraguá do Sul";"Não";"Região Metropolitana de Jaraguá do Sul";"Total";2;NA;2;2;8;1;3;1;3;7;4;6;2;4;4;3;8;5;4;8;3;2;2;10;NA
42;"SC";4208955;"420895";"Jardinópolis";"Não";"Região Metropolitana do Extremo Oeste";"Total";NA;NA;NA;NA;NA;NA;NA;NA;NA;NA;NA;NA;NA;NA;NA;NA;NA;1;NA;NA;NA;NA;NA;NA;NA
42;"SC";4209003;"420900";"Joaçaba";"Não";"Região Metropolitana do Contestado";"Total";1;NA;NA;2;3;NA;1;NA;1;1;1;2;1;NA;2;1;NA;1;NA;2;2;NA;2;1;NA
42;"SC";4209102;"420910";"Joinville";"Não";"Região Metropolitana de Joinville";"Total";6;2;7;2;3;7;13;7;7;17;22;17;19;7;21;27;17;13;14;13;10;27;17;9;NA
42;"SC";4209151;"420915";"José Boiteux";"Não";"Região Metropolitana do Alto Vale do Itajaí";"Total";NA;NA;NA;NA;NA;NA;NA;NA;NA;1;NA;NA;NA;NA;NA;NA;NA;NA;NA;NA;2;NA;NA;NA;NA
42;"SC";4209177;"420917";"Jupiá";"Não";"Região Metropolitana do Extremo Oeste";"Total";NA;NA;NA;NA;NA;NA;NA;NA;NA;NA;NA;1;NA;NA;NA;NA;NA;NA;1;NA;NA;NA;NA;NA;NA
42;"SC";4209201;"420920";"Lacerdópolis";"Não";"Região Metropolitana do Contestado";"Total";NA;NA;NA;NA;NA;NA;NA;NA;NA;NA;NA;NA;NA;NA;NA;NA;NA;NA;1;NA;NA;NA;NA;NA;NA
42;"SC";4209300;"420930";"Lages";"Não";"Região Metropolitana de Lages";"Total";2;3;1;2;NA;NA;1;NA;3;3;5;4;8;2;6;9;6;3;9;6;5;8;7;9;NA
42;"SC";4209409;"420940";"Laguna";"Não";"Região Metropolitana de Tubarão";"Total";1;NA;NA;NA;3;5;2;1;NA;NA;1;1;2;NA;NA;2;NA;1;1;NA;NA;3;1;2;NA
42;"SC";4209458;"420945";"Lajeado Grande";"Não";"Região Metropolitana de Chapecó";"Total";NA;NA;NA;NA;NA;NA;NA;NA;NA;NA;NA;NA;NA;NA;NA;NA;1;1;NA;NA;NA;NA;NA;NA;NA
42;"SC";4209508;"420950";"Laurentino";"Não";"Região Metropolitana do Alto Vale do Itajaí";"Total";NA;NA;NA;NA;NA;1;NA;NA;NA;1;NA;NA;NA;NA;NA;NA;NA;1;NA;NA;NA;NA;NA;NA;NA
42;"SC";4209607;"420960";"Lauro Müller";"Não";"Região Metropolitana Carbonífera";"Total";NA;1;NA;NA;1;NA;NA;NA;NA;1;NA;NA;NA;NA;1;NA;NA;NA;NA;NA;NA;1;NA;NA;NA
42;"SC";4209706;"420970";"Lebon Régis";"Não";"Região Metropolitana do Contestado";"Total";NA;NA;NA;NA;NA;NA;NA;NA;NA;NA;1;NA;NA;NA;NA;NA;NA;NA;2;NA;1;NA;NA;1;NA
42;"SC";4209805;"420980";"Leoberto Leal";"Não";"Região Metropolitana de Florianópolis";"Total";NA;NA;NA;NA;NA;NA;NA;NA;NA;1;NA;NA;NA;NA;NA;NA;NA;NA;NA;NA;NA;NA;NA;NA;NA
42;"SC";4209854;"420985";"Lindóia do Sul";"Não";"Região Metropolitana do Contestado";"Total";NA;NA;NA;NA;NA;NA;NA;NA;NA;NA;NA;NA;NA;NA;NA;NA;NA;NA;NA;NA;NA;1;NA;1;NA
42;"SC";4209904;"420990";"Lontras";"Não";"Região Metropolitana do Alto Vale do Itajaí";"Total";NA;NA;NA;NA;1;NA;NA;NA;1;NA;NA;NA;NA;1;NA;NA;NA;NA;NA;NA;NA;2;1;1;NA
42;"SC";4210001;"421000";"Luiz Alves";"Não";"Região Metropolitana do Vale do Itajaí";"Total";2;NA;NA;NA;NA;NA;2;1;NA;NA;NA;NA;NA;NA;NA;NA;NA;NA;NA;NA;NA;NA;1;NA;NA
42;"SC";4210035;"421003";"Luzerna";"Não";"Região Metropolitana do Contestado";"Total";NA;NA;NA;NA;NA;1;NA;NA;NA;NA;NA;NA;NA;NA;NA;NA;NA;2;NA;NA;1;NA;NA;NA;NA
42;"SC";4210050;"421005";"Macieira";"Não";"Região Metropolitana do Contestado";"Total";NA;NA;NA;NA;NA;NA;NA;NA;NA;NA;NA;NA;NA;NA;NA;NA;NA;NA;NA;NA;NA;NA;NA;NA;NA
42;"SC";4210100;"421010";"Mafra";"Não";"Região Metropolitana do Planalto Norte";"Total";NA;1;4;NA;1;3;NA;NA;NA;1;1;1;1;NA;1;NA;1;NA;NA;NA;4;1;NA;2;NA
42;"SC";4210209;"421020";"Major Gercino";"Não";"Região Metropolitana de Florianópolis";"Total";NA;NA;NA;NA;NA;NA;NA;NA;NA;NA;NA;NA;NA;NA;NA;NA;NA;NA;NA;NA;NA;NA;NA;NA;NA
42;"SC";4210308;"421030";"Major Vieira";"Não";"Região Metropolitana do Planalto Norte";"Total";NA;NA;NA;NA;NA;NA;NA;NA;NA;NA;NA;NA;NA;NA;NA;NA;NA;NA;NA;NA;NA;NA;NA;NA;NA
42;"SC";4210407;"421040";"Maracajá";"Não";"Região Metropolitana Carbonífera";"Total";1;NA;NA;NA;NA;NA;NA;NA;1;NA;NA;NA;NA;NA;NA;NA;NA;1;1;NA;1;NA;NA;NA;NA
42;"SC";4210506;"421050";"Maravilha";"Não";"Região Metropolitana do Extremo Oeste";"Total";NA;1;NA;NA;NA;NA;2;NA;NA;1;NA;NA;2;2;NA;1;2;1;NA;NA;3;1;NA;NA;NA
42;"SC";4210555;"421055";"Marema";"Não";"Região Metropolitana de Chapecó";"Total";NA;NA;NA;NA;NA;NA;NA;NA;NA;NA;NA;NA;NA;NA;NA;NA;NA;NA;NA;NA;NA;NA;NA;NA;NA
42;"SC";4210605;"421060";"Massaranduba";"Não";"Região Metropolitana de Jaraguá do Sul";"Total";1;NA;NA;NA;NA;2;NA;NA;NA;NA;NA;NA;NA;1;1;NA;NA;NA;NA;NA;2;NA;NA;1;NA
42;"SC";4210704;"421070";"Matos Costa";"Não";"Região Metropolitana do Contestado";"Total";NA;NA;NA;NA;NA;NA;NA;NA;NA;NA;NA;NA;NA;NA;NA;NA;NA;NA;NA;NA;NA;NA;NA;NA;NA
42;"SC";4210803;"421080";"Meleiro";"Não";"Região Metropolitana Carbonífera";"Total";NA;NA;NA;NA;NA;NA;NA;NA;NA;NA;NA;NA;NA;NA;NA;NA;NA;1;NA;NA;NA;NA;NA;NA;NA
42;"SC";4210852;"421085";"Mirim Doce";"Não";"Região Metropolitana do Alto Vale do Itajaí";"Total";NA;NA;NA;NA;NA;NA;1;NA;NA;NA;NA;NA;NA;NA;NA;NA;NA;NA;NA;NA;NA;NA;NA;NA;NA
42;"SC";4210902;"421090";"Modelo";"Não";"Região Metropolitana do Extremo Oeste";"Total";NA;NA;NA;NA;NA;NA;NA;NA;NA;NA;NA;NA;NA;NA;NA;NA;NA;NA;NA;NA;NA;NA;NA;NA;NA
42;"SC";4211009;"421100";"Mondaí";"Não";"Região Metropolitana do Extremo Oeste";"Total";NA;NA;NA;NA;NA;NA;NA;NA;NA;NA;NA;NA;NA;NA;NA;NA;1;1;NA;NA;NA;NA;NA;NA;NA
42;"SC";4211058;"421105";"Monte Carlo";"Não";"Região Metropolitana do Contestado";"Total";1;NA;NA;NA;NA;NA;1;NA;NA;NA;NA;NA;2;NA;NA;NA;NA;NA;NA;3;NA;NA;NA;NA;NA
42;"SC";4211108;"421110";"Monte Castelo";"Não";"Região Metropolitana do Planalto Norte";"Total";1;NA;NA;NA;1;1;NA;1;NA;1;NA;NA;NA;1;NA;NA;NA;NA;NA;2;NA;NA;NA;NA;NA
42;"SC";4211207;"421120";"Morro da Fumaça";"Não";"Região Metropolitana Carbonífera";"Total";NA;NA;NA;NA;NA;NA;NA;NA;1;NA;NA;NA;NA;NA;NA;NA;NA;NA;NA;NA;NA;NA;NA;NA;NA
42;"SC";4211256;"421125";"Morro Grande";"Não";"Região Metropolitana Carbonífera";"Total";NA;NA;NA;NA;NA;NA;NA;NA;NA;NA;NA;NA;1;NA;NA;NA;NA;NA;NA;NA;NA;NA;NA;NA;NA
42;"SC";4211306;"421130";"Navegantes";"Não";"Região Metropolitana da Foz do Rio Itajaí";"Total";NA;1;1;3;1;1;NA;1;1;NA;3;1;2;1;2;NA;2;2;2;2;3;NA;4;2;NA
42;"SC";4211405;"421140";"Nova Erechim";"Não";"Região Metropolitana de Chapecó";"Total";NA;NA;NA;NA;NA;NA;NA;NA;NA;NA;NA;NA;NA;NA;NA;NA;NA;NA;NA;1;NA;NA;NA;1;NA
42;"SC";4211454;"421145";"Nova Itaberaba";"Não";"Região Metropolitana de Chapecó";"Total";NA;NA;NA;NA;NA;NA;NA;NA;NA;NA;NA;NA;NA;NA;NA;NA;NA;NA;NA;NA;NA;NA;NA;NA;NA
42;"SC";4211504;"421150";"Nova Trento";"Não";"Região Metropolitana de Florianópolis";"Total";NA;NA;NA;NA;NA;NA;NA;NA;NA;NA;NA;NA;NA;NA;NA;NA;NA;NA;NA;1;NA;NA;1;NA;NA
42;"SC";4211603;"421160";"Nova Veneza";"Não";"Região Metropolitana Carbonífera";"Total";NA;NA;NA;NA;NA;NA;NA;NA;NA;NA;NA;2;NA;NA;NA;NA;2;NA;NA;NA;NA;NA;NA;NA;NA
42;"SC";4211652;"421165";"Novo Horizonte";"Não";"Região Metropolitana do Extremo Oeste";"Total";NA;NA;NA;1;NA;NA;NA;NA;NA;NA;NA;NA;NA;NA;NA;NA;NA;NA;NA;NA;NA;NA;NA;NA;NA
42;"SC";4211702;"421170";"Orleans";"Não";"Região Metropolitana de Tubarão";"Total";NA;NA;NA;NA;NA;NA;NA;NA;1;NA;1;NA;NA;NA;NA;NA;NA;NA;NA;NA;NA;2;NA;NA;NA
42;"SC";4211751;"421175";"Otacílio Costa";"Não";"Região Metropolitana de Lages";"Total";NA;NA;NA;NA;NA;NA;NA;NA;1;NA;NA;NA;NA;2;NA;1;NA;NA;NA;NA;NA;NA;1;NA;NA
42;"SC";4211801;"421180";"Ouro";"Não";"Região Metropolitana do Contestado";"Total";NA;NA;NA;NA;NA;NA;NA;NA;NA;NA;NA;NA;NA;NA;NA;NA;NA;NA;NA;NA;NA;NA;NA;NA;NA
42;"SC";4211850;"421185";"Ouro Verde";"Não";"Região Metropolitana do Extremo Oeste";"Total";NA;NA;NA;NA;NA;NA;NA;NA;NA;NA;NA;NA;NA;NA;NA;NA;NA;1;NA;NA;NA;NA;NA;NA;NA
42;"SC";4211876;"421187";"Paial";"Não";"Região Metropolitana de Chapecó";"Total";NA;NA;NA;NA;NA;NA;NA;NA;NA;NA;NA;NA;NA;NA;NA;NA;NA;NA;NA;NA;NA;NA;NA;NA;NA
42;"SC";4211892;"421189";"Painel";"Não";"Região Metropolitana de Lages";"Total";NA;NA;NA;NA;NA;NA;NA;NA;NA;NA;NA;NA;1;NA;NA;1;NA;1;NA;NA;1;NA;NA;NA;NA
42;"SC";4211900;"421190";"Palhoça";"Não";"Região Metropolitana de Florianópolis";"Total";NA;3;1;3;1;2;4;2;2;1;1;NA;1;2;3;2;1;NA;2;5;2;2;NA;NA;NA
42;"SC";4212007;"421200";"Palma Sola";"Não";"Região Metropolitana do Extremo Oeste";"Total";NA;NA;NA;NA;NA;NA;NA;NA;2;NA;NA;NA;NA;NA;NA;NA;NA;NA;NA;NA;NA;NA;NA;NA;NA
42;"SC";4212056;"421205";"Palmeira";"Não";"Região Metropolitana de Lages";"Total";NA;NA;NA;NA;NA;NA;NA;NA;NA;NA;NA;NA;NA;NA;NA;NA;1;NA;NA;NA;NA;NA;NA;1;NA
42;"SC";4212106;"421210";"Palmitos";"Não";"Região Metropolitana de Chapecó";"Total";NA;2;1;NA;NA;NA;1;NA;NA;NA;NA;NA;NA;NA;1;NA;NA;NA;NA;NA;1;1;1;2;NA
42;"SC";4212205;"421220";"Papanduva";"Não";"Região Metropolitana do Planalto Norte";"Total";3;3;2;NA;2;1;1;NA;NA;NA;NA;1;NA;1;NA;1;NA;NA;NA;NA;NA;NA;1;NA;NA
42;"SC";4212239;"421223";"Paraíso";"Não";"Região Metropolitana do Extremo Oeste";"Total";NA;NA;NA;NA;NA;NA;1;NA;NA;NA;NA;NA;NA;NA;NA;NA;1;NA;NA;NA;NA;NA;NA;NA;NA
42;"SC";4212254;"421225";"Passo de Torres";"Não";"Região Metropolitana Carbonífera";"Total";NA;NA;NA;NA;NA;NA;NA;NA;NA;NA;NA;NA;NA;NA;NA;NA;NA;NA;NA;1;NA;NA;NA;NA;NA
42;"SC";4212270;"421227";"Passos Maia";"Não";"Região Metropolitana de Chapecó";"Total";NA;NA;NA;NA;NA;NA;NA;NA;NA;NA;NA;NA;NA;NA;NA;NA;NA;NA;NA;NA;NA;NA;NA;NA;NA
42;"SC";4212304;"421230";"Paulo Lopes";"Não";"Região Metropolitana de Florianópolis";"Total";NA;NA;NA;NA;NA;NA;1;1;NA;1;NA;2;NA;1;NA;1;NA;1;NA;NA;2;NA;1;NA;NA
42;"SC";4212403;"421240";"Pedras Grandes";"Não";"Região Metropolitana de Tubarão";"Total";NA;NA;NA;NA;NA;NA;NA;NA;NA;NA;NA;NA;NA;NA;NA;NA;NA;NA;NA;NA;NA;NA;NA;NA;NA
42;"SC";4212502;"421250";"Penha";"Não";"Região Metropolitana da Foz do Rio Itajaí";"Total";NA;1;NA;NA;NA;NA;NA;NA;NA;NA;NA;NA;NA;NA;2;1;NA;NA;NA;NA;1;1;1;NA;NA
42;"SC";4212601;"421260";"Peritiba";"Não";"Região Metropolitana do Contestado";"Total";NA;NA;NA;NA;NA;NA;NA;NA;NA;NA;NA;NA;NA;1;NA;NA;NA;NA;NA;NA;NA;NA;1;NA;NA
42;"SC";4212650;"421265";"Pescaria Brava";"Não";"Região Metropolitana de Tubarão";"Total";NA;NA;NA;NA;NA;NA;NA;NA;NA;NA;NA;NA;NA;1;NA;NA;NA;1;NA;NA;NA;NA;NA;1;NA
42;"SC";4212700;"421270";"Petrolândia";"Não";"Região Metropolitana do Alto Vale do Itajaí";"Total";NA;NA;NA;NA;NA;NA;NA;NA;NA;NA;NA;NA;NA;NA;NA;1;1;NA;NA;NA;NA;NA;NA;NA;NA
42;"SC";4212809;"421280";"Balneário Piçarras";"Não";"Região Metropolitana da Foz do Rio Itajaí";"Total";NA;NA;NA;NA;NA;NA;NA;NA;2;NA;NA;NA;NA;NA;NA;NA;NA;2;NA;1;NA;NA;1;1;NA
42;"SC";4212908;"421290";"Pinhalzinho";"Não";"Região Metropolitana de Chapecó";"Total";NA;NA;NA;NA;NA;NA;NA;NA;NA;NA;1;NA;NA;NA;NA;1;NA;1;1;4;NA;1;NA;1;NA
42;"SC";4213005;"421300";"Pinheiro Preto";"Não";"Região Metropolitana do Contestado";"Total";NA;NA;NA;NA;NA;NA;NA;NA;NA;NA;NA;NA;NA;NA;NA;NA;1;NA;NA;NA;1;NA;1;NA;NA
42;"SC";4213104;"421310";"Piratuba";"Não";"Região Metropolitana do Contestado";"Total";1;1;NA;NA;NA;NA;NA;NA;NA;NA;NA;NA;NA;NA;NA;NA;NA;NA;NA;NA;NA;NA;NA;NA;NA
42;"SC";4213153;"421315";"Planalto Alegre";"Não";"Região Metropolitana de Chapecó";"Total";NA;NA;NA;NA;NA;NA;NA;1;NA;NA;NA;NA;NA;NA;NA;NA;NA;NA;NA;NA;NA;NA;NA;1;NA
42;"SC";4213203;"421320";"Pomerode";"Não";"Região Metropolitana do Vale do Itajaí";"Total";NA;NA;NA;NA;NA;NA;NA;NA;NA;1;1;NA;NA;NA;NA;1;NA;NA;NA;NA;1;NA;NA;NA;NA
42;"SC";4213302;"421330";"Ponte Alta";"Não";"Região Metropolitana de Lages";"Total";1;NA;NA;NA;1;NA;NA;NA;NA;2;NA;1;NA;NA;2;2;NA;1;1;NA;1;1;NA;NA;NA
42;"SC";4213351;"421335";"Ponte Alta do Norte";"Não";"Região Metropolitana de Lages";"Total";1;NA;NA;NA;NA;NA;2;NA;NA;NA;NA;1;NA;3;NA;NA;NA;NA;NA;NA;NA;NA;NA;NA;NA
42;"SC";4213401;"421340";"Ponte Serrada";"Não";"Região Metropolitana de Chapecó";"Total";NA;NA;1;NA;NA;NA;NA;NA;4;NA;NA;1;NA;NA;1;2;1;NA;3;1;NA;1;NA;3;NA
42;"SC";4213500;"421350";"Porto Belo";"Não";"Região Metropolitana da Foz do Rio Itajaí";"Total";NA;NA;1;1;1;1;NA;NA;1;NA;1;NA;1;1;NA;NA;1;NA;1;1;NA;NA;NA;NA;NA
42;"SC";4213609;"421360";"Porto União";"Não";"Região Metropolitana do Planalto Norte";"Total";2;1;NA;NA;NA;NA;NA;1;NA;NA;2;NA;NA;1;NA;NA;NA;1;1;NA;NA;NA;3;NA;NA
42;"SC";4213708;"421370";"Pouso Redondo";"Não";"Região Metropolitana do Alto Vale do Itajaí";"Total";1;1;NA;NA;2;NA;1;NA;1;3;NA;NA;NA;NA;3;2;NA;NA;1;NA;NA;NA;1;1;NA
42;"SC";4213807;"421380";"Praia Grande";"Não";"Região Metropolitana Carbonífera";"Total";NA;NA;NA;NA;NA;NA;NA;NA;NA;NA;NA;NA;NA;NA;NA;NA;NA;NA;NA;NA;1;NA;NA;NA;NA
42;"SC";4213906;"421390";"Presidente Castello Branco";"Não";"Região Metropolitana do Contestado";"Total";NA;NA;NA;NA;NA;NA;NA;NA;NA;NA;NA;NA;NA;NA;NA;NA;NA;NA;NA;NA;NA;NA;NA;NA;NA
42;"SC";4214003;"421400";"Presidente Getúlio";"Não";"Região Metropolitana do Alto Vale do Itajaí";"Total";NA;NA;NA;NA;NA;NA;NA;NA;NA;NA;NA;NA;NA;NA;NA;NA;NA;NA;NA;NA;NA;2;NA;NA;NA
42;"SC";4214102;"421410";"Presidente Nereu";"Não";"Região Metropolitana do Alto Vale do Itajaí";"Total";NA;NA;NA;NA;NA;NA;NA;NA;NA;NA;NA;NA;NA;NA;NA;NA;NA;1;NA;NA;NA;NA;NA;NA;NA
42;"SC";4214151;"421415";"Princesa";"Não";"Região Metropolitana do Extremo Oeste";"Total";NA;NA;NA;NA;NA;NA;NA;NA;1;NA;NA;NA;NA;NA;NA;NA;NA;NA;NA;NA;NA;NA;NA;NA;NA
42;"SC";4214201;"421420";"Quilombo";"Não";"Região Metropolitana de Chapecó";"Total";NA;NA;NA;NA;NA;NA;NA;NA;NA;NA;NA;NA;NA;NA;NA;NA;NA;NA;NA;NA;NA;NA;1;NA;NA
42;"SC";4214300;"421430";"Rancho Queimado";"Não";"Região Metropolitana de Florianópolis";"Total";NA;NA;NA;NA;1;NA;NA;NA;NA;1;NA;1;NA;NA;1;NA;NA;NA;NA;NA;NA;NA;NA;NA;NA
42;"SC";4214409;"421440";"Rio das Antas";"Não";"Região Metropolitana do Contestado";"Total";NA;1;2;1;1;NA;NA;NA;NA;NA;NA;NA;NA;1;NA;NA;NA;NA;1;NA;NA;1;NA;1;NA
42;"SC";4214508;"421450";"Rio do Campo";"Não";"Região Metropolitana do Alto Vale do Itajaí";"Total";NA;NA;NA;NA;NA;1;NA;NA;NA;NA;NA;NA;NA;NA;NA;NA;1;NA;NA;NA;NA;NA;NA;NA;NA
42;"SC";4214607;"421460";"Rio do Oeste";"Não";"Região Metropolitana do Alto Vale do Itajaí";"Total";NA;NA;NA;NA;NA;NA;NA;NA;NA;NA;NA;NA;NA;NA;NA;NA;NA;NA;NA;NA;NA;NA;NA;NA;NA
42;"SC";4214706;"421470";"Rio dos Cedros";"Não";"Região Metropolitana do Vale do Itajaí";"Total";NA;NA;NA;NA;NA;1;NA;NA;NA;NA;NA;NA;NA;1;NA;NA;NA;NA;NA;NA;NA;NA;NA;NA;NA
42;"SC";4214805;"421480";"Rio do Sul";"Não";"Região Metropolitana do Alto Vale do Itajaí";"Total";NA;1;1;2;4;3;1;NA;3;5;2;2;3;1;3;4;1;4;1;2;2;1;1;6;NA
42;"SC";4214904;"421490";"Rio Fortuna";"Não";"Região Metropolitana de Tubarão";"Total";NA;NA;NA;NA;NA;NA;NA;NA;NA;NA;NA;NA;NA;NA;NA;NA;NA;NA;NA;NA;NA;NA;NA;NA;NA
42;"SC";4215000;"421500";"Rio Negrinho";"Não";"Região Metropolitana de Joinville";"Total";NA;NA;NA;1;NA;1;1;NA;NA;NA;NA;NA;NA;NA;NA;NA;NA;NA;2;1;NA;1;1;NA;NA
42;"SC";4215059;"421505";"Rio Rufino";"Não";"Região Metropolitana de Lages";"Total";NA;NA;NA;NA;NA;NA;NA;NA;NA;NA;NA;NA;NA;NA;NA;NA;NA;NA;NA;NA;NA;NA;NA;1;NA
42;"SC";4215075;"421507";"Riqueza";"Não";"Região Metropolitana do Extremo Oeste";"Total";1;NA;NA;NA;NA;NA;NA;NA;NA;NA;NA;NA;NA;NA;NA;NA;NA;NA;NA;NA;NA;NA;NA;NA;NA
42;"SC";4215109;"421510";"Rodeio";"Não";"Região Metropolitana do Vale do Itajaí";"Total";NA;NA;NA;NA;NA;1;NA;NA;NA;NA;1;1;NA;NA;NA;NA;NA;1;NA;1;NA;NA;NA;NA;NA
42;"SC";4215208;"421520";"Romelândia";"Não";"Região Metropolitana do Extremo Oeste";"Total";NA;NA;NA;NA;NA;NA;NA;NA;NA;NA;NA;NA;NA;1;NA;1;NA;NA;NA;NA;1;NA;NA;NA;NA
42;"SC";4215307;"421530";"Salete";"Não";"Região Metropolitana do Alto Vale do Itajaí";"Total";NA;NA;NA;NA;NA;NA;NA;NA;NA;NA;NA;NA;NA;NA;NA;NA;NA;NA;NA;NA;NA;NA;NA;1;NA
42;"SC";4215356;"421535";"Saltinho";"Não";"Região Metropolitana do Extremo Oeste";"Total";NA;NA;NA;NA;NA;NA;NA;NA;NA;NA;NA;NA;NA;NA;NA;NA;NA;NA;NA;NA;NA;NA;NA;NA;NA
42;"SC";4215406;"421540";"Salto Veloso";"Não";"Região Metropolitana do Contestado";"Total";NA;NA;NA;NA;NA;NA;NA;NA;NA;NA;NA;NA;NA;NA;NA;NA;NA;NA;NA;NA;NA;NA;NA;NA;NA
42;"SC";4215455;"421545";"Sangão";"Não";"Região Metropolitana de Tubarão";"Total";1;NA;NA;1;2;1;NA;NA;NA;NA;NA;1;NA;1;NA;NA;NA;NA;NA;1;NA;2;NA;2;NA
42;"SC";4215505;"421550";"Santa Cecília";"Não";"Região Metropolitana de Lages";"Total";NA;NA;NA;1;NA;1;1;1;NA;NA;2;4;1;NA;2;2;1;NA;2;3;1;1;1;NA;NA
42;"SC";4215554;"421555";"Santa Helena";"Não";"Região Metropolitana do Extremo Oeste";"Total";NA;NA;NA;NA;NA;NA;NA;NA;NA;NA;NA;NA;NA;NA;NA;NA;NA;NA;NA;NA;NA;NA;NA;NA;NA
42;"SC";4215604;"421560";"Santa Rosa de Lima";"Não";"Região Metropolitana de Tubarão";"Total";NA;NA;NA;NA;NA;NA;NA;NA;NA;NA;NA;NA;NA;NA;NA;NA;NA;NA;NA;NA;NA;NA;NA;NA;NA
42;"SC";4215653;"421565";"Santa Rosa do Sul";"Não";"Região Metropolitana Carbonífera";"Total";NA;NA;NA;NA;1;NA;NA;1;NA;NA;NA;NA;NA;NA;NA;NA;NA;NA;NA;NA;NA;NA;NA;NA;NA
42;"SC";4215679;"421567";"Santa Terezinha";"Não";"Região Metropolitana do Alto Vale do Itajaí";"Total";NA;NA;NA;NA;NA;NA;NA;NA;NA;NA;NA;NA;NA;NA;NA;NA;NA;NA;NA;NA;NA;NA;NA;NA;NA
42;"SC";4215687;"421568";"Santa Terezinha do Progresso";"Não";"Região Metropolitana do Extremo Oeste";"Total";NA;NA;NA;NA;NA;NA;NA;NA;NA;NA;NA;NA;NA;NA;NA;NA;NA;NA;NA;NA;NA;NA;NA;NA;NA
42;"SC";4215695;"421569";"Santiago do Sul";"Não";"Região Metropolitana do Extremo Oeste";"Total";NA;NA;NA;NA;NA;NA;NA;NA;NA;NA;NA;NA;NA;NA;NA;NA;NA;NA;NA;NA;NA;NA;NA;NA;NA
42;"SC";4215703;"421570";"Santo Amaro da Imperatriz";"Não";"Região Metropolitana de Florianópolis";"Total";NA;NA;NA;NA;NA;1;NA;NA;NA;NA;NA;NA;3;NA;NA;NA;NA;1;NA;NA;NA;NA;NA;1;NA
42;"SC";4215752;"421575";"São Bernardino";"Não";"Região Metropolitana do Extremo Oeste";"Total";NA;NA;NA;NA;NA;NA;NA;NA;NA;NA;NA;NA;NA;NA;NA;NA;NA;NA;NA;NA;NA;NA;NA;NA;NA
42;"SC";4215802;"421580";"São Bento do Sul";"Não";"Região Metropolitana de Joinville";"Total";NA;NA;1;NA;NA;NA;NA;NA;NA;3;NA;1;2;1;1;1;1;NA;NA;2;2;1;NA;2;NA
42;"SC";4215901;"421590";"São Bonifácio";"Não";"Região Metropolitana de Florianópolis";"Total";NA;NA;NA;NA;NA;NA;NA;NA;NA;NA;NA;NA;NA;NA;NA;NA;NA;NA;NA;NA;NA;NA;NA;NA;NA
42;"SC";4216008;"421600";"São Carlos";"Não";"Região Metropolitana de Chapecó";"Total";NA;NA;NA;1;NA;NA;NA;NA;NA;NA;NA;NA;NA;NA;NA;NA;NA;NA;NA;NA;NA;1;NA;NA;NA
42;"SC";4216057;"421605";"São Cristóvão do Sul";"Não";"Região Metropolitana de Lages";"Total";NA;NA;NA;NA;1;1;2;NA;NA;NA;NA;NA;1;NA;1;1;NA;NA;NA;NA;3;NA;2;3;NA
42;"SC";4216107;"421610";"São Domingos";"Não";"Região Metropolitana do Extremo Oeste";"Total";NA;NA;NA;NA;NA;NA;NA;1;NA;NA;NA;NA;NA;1;NA;1;NA;1;NA;NA;NA;NA;NA;NA;NA
42;"SC";4216206;"421620";"São Francisco do Sul";"Não";"Região Metropolitana de Joinville";"Total";NA;NA;NA;1;3;1;NA;NA;2;1;1;1;1;NA;1;1;NA;NA;NA;2;1;1;NA;1;NA
42;"SC";4216255;"421625";"São João do Oeste";"Não";"Região Metropolitana do Extremo Oeste";"Total";NA;NA;NA;NA;NA;NA;NA;NA;NA;1;1;NA;NA;NA;NA;NA;NA;NA;NA;1;NA;NA;NA;NA;NA
42;"SC";4216305;"421630";"São João Batista";"Não";"Região Metropolitana de Florianópolis";"Total";NA;NA;1;NA;NA;NA;NA;NA;NA;2;2;NA;NA;1;NA;NA;NA;NA;NA;NA;1;1;1;NA;NA
42;"SC";4216354;"421635";"São João do Itaperiú";"Não";"Região Metropolitana de Jaraguá do Sul";"Total";NA;NA;NA;NA;NA;NA;NA;NA;NA;NA;1;NA;1;NA;NA;NA;NA;NA;NA;NA;NA;NA;NA;1;NA
42;"SC";4216404;"421640";"São João do Sul";"Não";"Região Metropolitana Carbonífera";"Total";1;NA;NA;NA;NA;NA;NA;NA;NA;NA;1;NA;NA;NA;NA;NA;NA;NA;NA;NA;NA;NA;NA;NA;NA
42;"SC";4216503;"421650";"São Joaquim";"Não";"Região Metropolitana de Lages";"Total";NA;NA;NA;2;NA;1;NA;NA;3;NA;3;NA;NA;NA;1;1;1;NA;1;1;1;1;NA;NA;NA
42;"SC";4216602;"421660";"São José";"Não";"Região Metropolitana de Florianópolis";"Total";8;10;7;6;5;5;4;5;5;6;9;9;6;6;6;12;5;10;8;7;4;9;12;5;NA
42;"SC";4216701;"421670";"São José do Cedro";"Não";"Região Metropolitana do Extremo Oeste";"Total";1;NA;NA;NA;NA;NA;NA;NA;NA;NA;NA;NA;NA;NA;NA;NA;NA;NA;NA;NA;NA;NA;NA;NA;NA
42;"SC";4216800;"421680";"São José do Cerrito";"Não";"Região Metropolitana de Lages";"Total";NA;NA;NA;NA;NA;NA;NA;NA;NA;NA;NA;NA;NA;1;NA;1;NA;2;NA;1;1;2;NA;NA;NA
42;"SC";4216909;"421690";"São Lourenço do Oeste";"Não";"Região Metropolitana do Extremo Oeste";"Total";NA;NA;NA;NA;NA;1;NA;2;NA;NA;1;1;1;NA;NA;NA;NA;1;NA;NA;NA;NA;NA;1;NA
42;"SC";4217006;"421700";"São Ludgero";"Não";"Região Metropolitana de Tubarão";"Total";NA;NA;NA;NA;NA;NA;NA;NA;1;NA;NA;NA;NA;NA;NA;NA;NA;NA;NA;NA;NA;NA;NA;1;NA
42;"SC";4217105;"421710";"São Martinho";"Não";"Região Metropolitana de Tubarão";"Total";NA;NA;NA;NA;NA;NA;NA;NA;NA;NA;NA;NA;NA;NA;NA;NA;NA;NA;NA;NA;NA;NA;NA;NA;NA
42;"SC";4217154;"421715";"São Miguel da Boa Vista";"Não";"Região Metropolitana do Extremo Oeste";"Total";NA;NA;NA;NA;NA;NA;NA;NA;NA;NA;NA;NA;NA;NA;NA;NA;NA;NA;NA;NA;NA;NA;NA;NA;NA
42;"SC";4217204;"421720";"São Miguel do Oeste";"Não";"Região Metropolitana do Extremo Oeste";"Total";1;NA;NA;NA;NA;NA;NA;NA;3;NA;1;7;4;2;3;NA;3;3;1;1;3;2;1;1;NA
42;"SC";4217253;"421725";"São Pedro de Alcântara";"Não";"Região Metropolitana de Florianópolis";"Total";NA;NA;NA;NA;NA;NA;NA;NA;NA;NA;NA;NA;NA;NA;NA;NA;1;NA;NA;NA;NA;NA;NA;NA;NA
42;"SC";4217303;"421730";"Saudades";"Não";"Região Metropolitana de Chapecó";"Total";NA;NA;NA;NA;NA;NA;NA;NA;NA;NA;NA;NA;NA;NA;NA;NA;NA;NA;NA;NA;NA;NA;NA;NA;NA
42;"SC";4217402;"421740";"Schroeder";"Não";"Região Metropolitana de Jaraguá do Sul";"Total";NA;NA;NA;NA;NA;NA;NA;NA;NA;NA;NA;NA;NA;NA;NA;NA;NA;NA;NA;NA;NA;NA;NA;NA;NA
42;"SC";4217501;"421750";"Seara";"Não";"Região Metropolitana de Chapecó";"Total";NA;NA;NA;NA;NA;NA;NA;NA;NA;NA;NA;NA;NA;NA;1;NA;NA;NA;NA;1;NA;NA;NA;NA;NA
42;"SC";4217550;"421755";"Serra Alta";"Não";"Região Metropolitana de Chapecó";"Total";NA;NA;NA;NA;NA;NA;NA;NA;NA;NA;NA;NA;NA;NA;NA;1;NA;NA;NA;NA;NA;NA;NA;NA;NA
42;"SC";4217600;"421760";"Siderópolis";"Não";"Região Metropolitana Carbonífera";"Total";NA;NA;NA;1;1;NA;NA;1;NA;NA;NA;NA;1;NA;NA;NA;NA;1;NA;NA;NA;NA;NA;NA;NA
42;"SC";4217709;"421770";"Sombrio";"Não";"Região Metropolitana Carbonífera";"Total";NA;NA;NA;NA;NA;NA;NA;NA;1;NA;1;NA;NA;NA;NA;NA;NA;1;NA;NA;NA;1;NA;NA;NA
42;"SC";4217758;"421775";"Sul Brasil";"Não";"Região Metropolitana de Chapecó";"Total";NA;NA;NA;NA;NA;NA;NA;NA;NA;NA;NA;NA;NA;NA;NA;NA;NA;NA;NA;NA;NA;NA;NA;NA;NA
42;"SC";4217808;"421780";"Taió";"Não";"Região Metropolitana do Alto Vale do Itajaí";"Total";NA;1;NA;NA;2;NA;NA;NA;NA;NA;NA;NA;NA;NA;NA;NA;NA;NA;NA;1;NA;NA;NA;NA;NA
42;"SC";4217907;"421790";"Tangará";"Não";"Região Metropolitana do Contestado";"Total";NA;NA;NA;NA;NA;NA;NA;NA;NA;NA;NA;NA;NA;1;NA;NA;1;NA;NA;NA;NA;NA;NA;NA;NA
42;"SC";4217956;"421795";"Tigrinhos";"Não";"Região Metropolitana do Extremo Oeste";"Total";NA;NA;NA;NA;NA;NA;NA;NA;NA;NA;NA;NA;NA;NA;NA;NA;NA;NA;NA;NA;NA;NA;NA;NA;NA
42;"SC";4218004;"421800";"Tijucas";"Não";"Região Metropolitana de Florianópolis";"Total";1;NA;1;3;NA;1;4;7;NA;2;NA;2;NA;2;NA;2;1;NA;NA;2;1;1;2;1;NA
42;"SC";4218103;"421810";"Timbé do Sul";"Não";"Região Metropolitana Carbonífera";"Total";NA;NA;NA;NA;NA;NA;NA;NA;NA;NA;NA;NA;NA;NA;NA;NA;NA;NA;NA;1;1;NA;NA;NA;NA
42;"SC";4218202;"421820";"Timbó";"Não";"Região Metropolitana do Vale do Itajaí";"Total";NA;NA;NA;1;NA;NA;NA;NA;NA;1;1;1;NA;1;2;1;NA;1;NA;NA;1;1;NA;1;NA
42;"SC";4218251;"421825";"Timbó Grande";"Não";"Região Metropolitana do Contestado";"Total";NA;NA;NA;NA;NA;NA;NA;NA;NA;NA;NA;NA;NA;1;NA;NA;NA;1;NA;NA;NA;NA;NA;NA;NA
42;"SC";4218301;"421830";"Três Barras";"Não";"Região Metropolitana do Planalto Norte";"Total";NA;NA;NA;2;1;NA;NA;NA;NA;NA;NA;1;NA;NA;NA;NA;NA;NA;2;NA;NA;NA;NA;NA;NA
42;"SC";4218350;"421835";"Treviso";"Não";"Região Metropolitana Carbonífera";"Total";NA;NA;NA;NA;NA;NA;NA;NA;NA;NA;NA;NA;NA;NA;NA;NA;NA;NA;NA;NA;NA;NA;NA;NA;NA
42;"SC";4218400;"421840";"Treze de Maio";"Não";"Região Metropolitana de Tubarão";"Total";NA;NA;NA;NA;NA;NA;NA;NA;NA;NA;NA;NA;NA;NA;NA;NA;NA;NA;NA;NA;NA;NA;NA;NA;NA
42;"SC";4218509;"421850";"Treze Tílias";"Não";"Região Metropolitana do Contestado";"Total";NA;NA;NA;NA;NA;NA;NA;NA;NA;NA;NA;NA;NA;NA;NA;NA;NA;NA;NA;NA;1;NA;NA;NA;NA
42;"SC";4218608;"421860";"Trombudo Central";"Não";"Região Metropolitana do Alto Vale do Itajaí";"Total";1;NA;NA;NA;NA;NA;NA;NA;NA;NA;NA;NA;NA;NA;1;NA;NA;NA;NA;NA;NA;NA;NA;1;NA
42;"SC";4218707;"421870";"Tubarão";"Não";"Região Metropolitana de Tubarão";"Total";1;3;1;NA;5;5;6;2;3;5;4;5;5;3;4;2;2;3;5;NA;4;4;9;4;NA
42;"SC";4218756;"421875";"Tunápolis";"Não";"Região Metropolitana do Extremo Oeste";"Total";NA;NA;NA;NA;NA;NA;NA;NA;NA;NA;NA;NA;NA;NA;NA;NA;NA;1;NA;NA;NA;NA;NA;NA;NA
42;"SC";4218806;"421880";"Turvo";"Não";"Região Metropolitana Carbonífera";"Total";NA;NA;NA;NA;1;1;NA;NA;NA;NA;NA;NA;NA;NA;NA;NA;1;NA;NA;NA;NA;NA;1;NA;NA
42;"SC";4218855;"421885";"União do Oeste";"Não";"Região Metropolitana de Chapecó";"Total";NA;NA;NA;NA;NA;NA;NA;NA;NA;NA;NA;NA;NA;NA;NA;NA;NA;NA;NA;NA;NA;NA;NA;NA;NA
42;"SC";4218905;"421890";"Urubici";"Não";"Região Metropolitana de Lages";"Total";NA;NA;1;NA;2;NA;1;1;NA;1;NA;NA;NA;NA;1;NA;1;NA;NA;NA;NA;NA;NA;1;NA
42;"SC";4218954;"421895";"Urupema";"Não";"Região Metropolitana de Lages";"Total";NA;1;NA;NA;NA;NA;NA;NA;NA;NA;NA;NA;NA;NA;NA;NA;NA;NA;NA;NA;NA;NA;NA;NA;NA
42;"SC";4219002;"421900";"Urussanga";"Não";"Região Metropolitana Carbonífera";"Total";NA;2;NA;1;NA;NA;NA;1;NA;2;NA;NA;NA;NA;NA;1;NA;NA;NA;NA;NA;NA;NA;1;NA
42;"SC";4219101;"421910";"Vargeão";"Não";"Região Metropolitana de Chapecó";"Total";NA;NA;1;NA;NA;NA;NA;NA;1;NA;NA;NA;1;NA;1;1;NA;NA;NA;1;NA;NA;NA;NA;NA
42;"SC";4219150;"421915";"Vargem";"Não";"Região Metropolitana do Contestado";"Total";NA;NA;NA;NA;NA;NA;NA;NA;NA;NA;NA;NA;NA;NA;2;NA;NA;NA;NA;NA;NA;NA;NA;NA;NA
42;"SC";4219176;"421917";"Vargem Bonita";"Não";"Região Metropolitana do Contestado";"Total";NA;1;NA;NA;NA;1;1;2;NA;NA;NA;1;NA;NA;NA;NA;NA;2;NA;NA;NA;NA;1;2;NA
42;"SC";4219200;"421920";"Vidal Ramos";"Não";"Região Metropolitana do Alto Vale do Itajaí";"Total";NA;NA;NA;NA;NA;NA;NA;NA;NA;NA;NA;NA;NA;NA;NA;NA;1;NA;NA;NA;NA;NA;NA;NA;NA
42;"SC";4219309;"421930";"Videira";"Não";"Região Metropolitana do Contestado";"Total";1;NA;2;NA;NA;NA;NA;1;NA;1;NA;1;1;NA;1;1;3;2;1;2;2;5;4;3;NA
42;"SC";4219358;"421935";"Vitor Meireles";"Não";"Região Metropolitana do Alto Vale do Itajaí";"Total";NA;NA;NA;NA;NA;NA;NA;NA;NA;NA;NA;NA;NA;NA;NA;NA;NA;NA;NA;NA;NA;NA;NA;NA;NA
42;"SC";4219408;"421940";"Witmarsum";"Não";"Região Metropolitana do Alto Vale do Itajaí";"Total";NA;NA;NA;NA;NA;NA;NA;NA;NA;NA;NA;NA;NA;NA;NA;NA;NA;NA;NA;NA;NA;NA;NA;NA;NA
42;"SC";4219507;"421950";"Xanxerê";"Não";"Região Metropolitana de Chapecó";"Total";NA;1;NA;NA;1;1;NA;1;1;1;NA;NA;2;2;3;1;6;2;2;1;2;NA;NA;6;NA
42;"SC";4219606;"421960";"Xavantina";"Não";"Região Metropolitana de Chapecó";"Total";NA;NA;NA;1;NA;NA;NA;NA;NA;NA;NA;NA;NA;NA;1;NA;NA;NA;1;NA;NA;NA;NA;NA;NA
42;"SC";4219705;"421970";"Xaxim";"Não";"Região Metropolitana de Chapecó";"Total";NA;NA;NA;NA;NA;NA;NA;1;NA;NA;NA;NA;NA;NA;2;2;NA;2;1;NA;1;NA;NA;NA;NA
42;"SC";4219853;"421985";"Zortéa";"Não";"Região Metropolitana do Contestado";"Total";NA;NA;NA;NA;NA;NA;NA;NA;NA;NA;NA;NA;NA;NA;NA;NA;NA;NA;NA;NA;NA;NA;NA;NA;NA
42;"SC";4220000;"422000";"Balneário Rincão";"Não";"Região Metropolitana Carbonífera";"Total";NA;NA;NA;NA;NA;NA;NA;NA;NA;NA;NA;NA;NA;1;NA;NA;NA;1;NA;NA;NA;NA;1;NA;NA
43;"RS";4300034;"430003";"Aceguá";"Não";"-";"Total";NA;NA;NA;NA;1;NA;NA;1;1;NA;NA;NA;NA;NA;NA;1;3;NA;NA;NA;NA;NA;NA;NA;NA
43;"RS";4300059;"430005";"Água Santa";"Não";"-";"Total";NA;NA;NA;NA;NA;NA;NA;NA;NA;NA;NA;NA;NA;NA;NA;NA;NA;NA;NA;NA;NA;NA;NA;NA;NA
43;"RS";4300109;"430010";"Agudo";"Não";"-";"Total";NA;NA;NA;NA;1;NA;NA;NA;NA;NA;1;NA;2;NA;NA;1;1;NA;NA;1;NA;NA;NA;NA;NA
43;"RS";4300208;"430020";"Ajuricaba";"Não";"-";"Total";NA;NA;NA;NA;NA;NA;NA;NA;NA;NA;NA;NA;NA;1;NA;NA;NA;NA;NA;NA;NA;NA;NA;NA;NA
43;"RS";4300307;"430030";"Alecrim";"Não";"-";"Total";NA;NA;NA;NA;NA;NA;NA;NA;NA;NA;NA;NA;NA;NA;NA;NA;NA;NA;NA;NA;NA;NA;NA;1;NA
43;"RS";4300406;"430040";"Alegrete";"Não";"-";"Total";1;2;NA;2;NA;2;3;NA;2;2;1;1;NA;1;NA;2;NA;NA;1;1;1;1;NA;NA;NA
43;"RS";4300455;"430045";"Alegria";"Não";"-";"Total";NA;NA;NA;NA;NA;NA;NA;NA;NA;NA;NA;NA;NA;NA;NA;NA;NA;NA;NA;NA;NA;NA;NA;NA;NA
43;"RS";4300471;"430047";"Almirante Tamandaré do Sul";"Não";"-";"Total";NA;NA;NA;NA;NA;NA;NA;NA;NA;1;NA;NA;NA;NA;NA;NA;NA;NA;NA;NA;NA;NA;1;NA;NA
43;"RS";4300505;"430050";"Alpestre";"Não";"-";"Total";NA;NA;NA;NA;NA;NA;NA;NA;NA;NA;NA;NA;NA;NA;NA;NA;NA;1;NA;NA;NA;NA;NA;NA;NA
43;"RS";4300554;"430055";"Alto Alegre";"Não";"-";"Total";NA;NA;NA;NA;NA;NA;NA;NA;NA;NA;NA;NA;NA;NA;NA;NA;1;NA;NA;NA;NA;NA;NA;NA;NA
43;"RS";4300570;"430057";"Alto Feliz";"Não";"-";"Total";NA;NA;NA;NA;NA;NA;NA;NA;NA;NA;NA;NA;NA;NA;NA;NA;NA;NA;NA;NA;NA;NA;NA;NA;NA
43;"RS";4300604;"430060";"Alvorada";"Não";"Região Metropolitana de Porto Alegre";"Total";2;NA;1;2;3;1;3;2;NA;1;NA;4;3;2;2;2;1;3;NA;2;2;1;4;4;NA
43;"RS";4300638;"430063";"Amaral Ferrador";"Não";"-";"Total";NA;NA;1;NA;NA;NA;NA;NA;NA;NA;NA;NA;NA;1;NA;NA;2;NA;NA;NA;NA;NA;NA;NA;NA
43;"RS";4300646;"430064";"Ametista do Sul";"Não";"-";"Total";NA;NA;NA;NA;NA;NA;NA;NA;NA;NA;NA;NA;NA;NA;NA;NA;1;NA;NA;NA;NA;NA;1;NA;NA
43;"RS";4300661;"430066";"André da Rocha";"Não";"-";"Total";NA;NA;NA;NA;NA;NA;NA;NA;NA;NA;NA;NA;NA;NA;NA;NA;NA;NA;NA;NA;NA;NA;NA;NA;NA
43;"RS";4300703;"430070";"Anta Gorda";"Não";"-";"Total";NA;NA;NA;NA;NA;NA;NA;NA;NA;NA;NA;NA;NA;NA;NA;NA;NA;NA;NA;NA;NA;NA;NA;NA;NA
43;"RS";4300802;"430080";"Antônio Prado";"Não";"Região Metropolitana da Serra Gaúcha";"Total";NA;NA;NA;NA;NA;NA;NA;NA;NA;NA;NA;NA;NA;1;1;NA;NA;NA;1;NA;NA;1;2;2;NA
43;"RS";4300851;"430085";"Arambaré";"Não";"-";"Total";NA;NA;NA;NA;NA;NA;NA;NA;NA;NA;NA;NA;NA;NA;NA;NA;NA;NA;NA;NA;NA;NA;NA;NA;NA
43;"RS";4300877;"430087";"Araricá";"Não";"Região Metropolitana de Porto Alegre";"Total";NA;NA;NA;NA;NA;NA;NA;NA;NA;NA;NA;NA;1;NA;NA;NA;NA;NA;1;NA;1;NA;NA;NA;NA
43;"RS";4300901;"430090";"Aratiba";"Não";"-";"Total";NA;NA;NA;NA;NA;NA;NA;NA;NA;NA;NA;NA;NA;NA;NA;NA;NA;NA;NA;NA;NA;NA;NA;NA;NA
43;"RS";4301008;"430100";"Arroio do Meio";"Não";"-";"Total";NA;NA;NA;NA;NA;NA;NA;NA;NA;1;NA;NA;NA;NA;NA;NA;NA;NA;NA;NA;NA;NA;NA;NA;NA
43;"RS";4301057;"430105";"Arroio do Sal";"Não";"-";"Total";NA;NA;NA;NA;NA;NA;NA;1;NA;1;NA;NA;NA;NA;NA;NA;NA;NA;NA;NA;NA;NA;NA;1;NA
43;"RS";4301073;"430107";"Arroio do Padre";"Não";"-";"Total";NA;NA;NA;NA;NA;NA;NA;NA;NA;NA;NA;NA;NA;NA;NA;NA;NA;NA;NA;NA;NA;NA;NA;NA;NA
43;"RS";4301107;"430110";"Arroio dos Ratos";"Não";"Região Metropolitana de Porto Alegre";"Total";1;NA;NA;NA;NA;NA;NA;NA;NA;NA;NA;NA;NA;NA;NA;1;1;NA;NA;NA;NA;NA;NA;NA;NA
43;"RS";4301206;"430120";"Arroio do Tigre";"Não";"-";"Total";NA;NA;NA;NA;NA;NA;NA;NA;1;NA;NA;NA;NA;NA;1;1;NA;NA;NA;NA;NA;NA;NA;NA;NA
43;"RS";4301305;"430130";"Arroio Grande";"Não";"-";"Total";1;NA;NA;NA;NA;NA;NA;NA;NA;NA;NA;NA;1;NA;NA;NA;NA;NA;1;NA;NA;NA;NA;NA;NA
43;"RS";4301404;"430140";"Arvorezinha";"Não";"-";"Total";NA;NA;NA;NA;NA;NA;NA;NA;NA;NA;NA;NA;NA;NA;NA;NA;NA;1;NA;NA;NA;NA;NA;1;NA
43;"RS";4301503;"430150";"Augusto Pestana";"Não";"-";"Total";NA;NA;NA;NA;NA;NA;NA;NA;NA;NA;NA;NA;NA;NA;NA;NA;NA;NA;NA;NA;NA;NA;NA;NA;NA
43;"RS";4301552;"430155";"Áurea";"Não";"-";"Total";NA;NA;NA;NA;NA;NA;NA;NA;NA;NA;NA;NA;NA;NA;NA;NA;NA;NA;NA;NA;NA;NA;NA;NA;NA
43;"RS";4301602;"430160";"Bagé";"Não";"-";"Total";4;1;2;1;1;NA;1;3;1;4;2;1;2;2;3;1;NA;1;3;4;2;2;2;NA;NA
43;"RS";4301636;"430163";"Balneário Pinhal";"Não";"-";"Total";NA;NA;NA;1;NA;NA;1;3;NA;NA;NA;2;NA;NA;NA;NA;2;NA;NA;NA;NA;NA;NA;NA;NA
43;"RS";4301651;"430165";"Barão";"Não";"-";"Total";NA;NA;NA;NA;NA;NA;NA;NA;NA;NA;NA;1;NA;NA;NA;NA;NA;NA;NA;NA;NA;NA;NA;NA;NA
43;"RS";4301701;"430170";"Barão de Cotegipe";"Não";"-";"Total";NA;NA;NA;NA;NA;NA;NA;NA;NA;NA;NA;NA;NA;NA;NA;NA;NA;NA;NA;NA;NA;NA;1;NA;NA
43;"RS";4301750;"430175";"Barão do Triunfo";"Não";"-";"Total";NA;NA;NA;NA;NA;NA;NA;NA;NA;NA;NA;NA;NA;NA;NA;NA;NA;NA;NA;NA;NA;NA;NA;NA;NA
43;"RS";4301800;"430180";"Barracão";"Não";"-";"Total";NA;NA;NA;NA;NA;NA;NA;NA;NA;NA;1;NA;NA;NA;NA;NA;NA;NA;NA;NA;NA;NA;NA;NA;NA
43;"RS";4301859;"430185";"Barra do Guarita";"Não";"-";"Total";NA;NA;NA;NA;NA;NA;NA;NA;NA;NA;NA;NA;NA;NA;NA;NA;NA;NA;NA;NA;NA;NA;NA;NA;NA
43;"RS";4301875;"430187";"Barra do Quaraí";"Não";"-";"Total";1;NA;NA;NA;NA;NA;NA;NA;NA;NA;NA;NA;NA;NA;NA;NA;NA;NA;NA;NA;NA;NA;NA;NA;NA
43;"RS";4301909;"430190";"Barra do Ribeiro";"Não";"-";"Total";NA;NA;NA;NA;NA;NA;1;NA;NA;NA;NA;1;NA;NA;NA;NA;NA;NA;NA;2;1;NA;1;NA;NA
43;"RS";4301925;"430192";"Barra do Rio Azul";"Não";"-";"Total";NA;NA;NA;NA;NA;NA;NA;NA;NA;NA;NA;NA;NA;NA;NA;NA;NA;NA;NA;NA;NA;NA;NA;NA;NA
43;"RS";4301958;"430195";"Barra Funda";"Não";"-";"Total";NA;NA;NA;NA;NA;NA;NA;NA;NA;NA;NA;NA;NA;NA;1;NA;NA;NA;NA;NA;NA;NA;NA;NA;NA
43;"RS";4302006;"430200";"Barros Cassal";"Não";"-";"Total";NA;NA;NA;NA;NA;NA;1;NA;NA;NA;NA;1;NA;1;NA;NA;NA;NA;NA;NA;NA;NA;1;NA;NA
43;"RS";4302055;"430205";"Benjamin Constant do Sul";"Não";"-";"Total";NA;NA;NA;NA;NA;NA;NA;NA;NA;NA;NA;NA;NA;NA;NA;NA;NA;NA;NA;NA;NA;NA;NA;NA;NA
43;"RS";4302105;"430210";"Bento Gonçalves";"Não";"Região Metropolitana da Serra Gaúcha";"Total";NA;1;NA;NA;3;NA;2;1;2;5;3;NA;NA;2;NA;NA;2;2;2;1;2;NA;1;1;NA
43;"RS";4302154;"430215";"Boa Vista das Missões";"Não";"-";"Total";NA;NA;NA;NA;NA;NA;NA;NA;NA;NA;NA;NA;NA;NA;NA;NA;NA;NA;NA;NA;NA;NA;NA;NA;NA
43;"RS";4302204;"430220";"Boa Vista do Buricá";"Não";"-";"Total";NA;NA;NA;NA;NA;NA;NA;NA;NA;NA;NA;NA;NA;NA;NA;NA;NA;NA;1;NA;NA;NA;NA;NA;NA
43;"RS";4302220;"430222";"Boa Vista do Cadeado";"Não";"-";"Total";NA;NA;NA;NA;NA;NA;NA;NA;NA;NA;NA;NA;NA;NA;NA;NA;NA;NA;NA;NA;NA;NA;NA;NA;NA
43;"RS";4302238;"430223";"Boa Vista do Incra";"Não";"-";"Total";NA;NA;NA;NA;NA;1;NA;NA;NA;NA;NA;NA;NA;NA;NA;NA;NA;NA;NA;NA;NA;NA;NA;NA;NA
43;"RS";4302253;"430225";"Boa Vista do Sul";"Não";"-";"Total";NA;NA;NA;NA;NA;NA;NA;NA;NA;NA;NA;NA;NA;NA;NA;NA;NA;NA;NA;NA;NA;NA;NA;NA;NA
43;"RS";4302303;"430230";"Bom Jesus";"Não";"-";"Total";2;NA;NA;NA;NA;NA;NA;NA;NA;NA;NA;NA;1;NA;NA;NA;NA;1;NA;NA;1;NA;NA;NA;NA
43;"RS";4302352;"430235";"Bom Princípio";"Não";"-";"Total";1;1;NA;NA;NA;NA;NA;NA;NA;NA;NA;NA;1;NA;NA;NA;NA;NA;NA;1;NA;NA;NA;1;NA
43;"RS";4302378;"430237";"Bom Progresso";"Não";"-";"Total";NA;NA;NA;NA;NA;NA;NA;NA;NA;NA;NA;NA;NA;NA;NA;NA;NA;NA;NA;NA;NA;NA;NA;NA;NA
43;"RS";4302402;"430240";"Bom Retiro do Sul";"Não";"-";"Total";NA;NA;NA;NA;NA;NA;NA;NA;NA;NA;NA;NA;NA;NA;NA;NA;NA;NA;2;NA;NA;NA;1;NA;NA
43;"RS";4302451;"430245";"Boqueirão do Leão";"Não";"-";"Total";NA;NA;NA;NA;NA;NA;NA;NA;NA;NA;NA;NA;NA;NA;NA;NA;NA;1;1;NA;NA;1;NA;NA;NA
43;"RS";4302501;"430250";"Bossoroca";"Não";"-";"Total";NA;NA;1;NA;NA;NA;1;NA;NA;NA;1;NA;NA;NA;NA;NA;NA;NA;NA;1;NA;NA;NA;NA;NA
43;"RS";4302584;"430258";"Bozano";"Não";"-";"Total";NA;NA;NA;NA;NA;NA;1;NA;NA;NA;1;NA;NA;NA;NA;NA;NA;NA;NA;NA;NA;NA;NA;NA;NA
43;"RS";4302600;"430260";"Braga";"Não";"-";"Total";NA;NA;NA;NA;NA;NA;NA;NA;NA;NA;NA;NA;NA;NA;NA;NA;NA;NA;NA;NA;NA;NA;NA;NA;NA
43;"RS";4302659;"430265";"Brochier";"Não";"-";"Total";NA;NA;NA;NA;NA;NA;NA;NA;NA;NA;NA;NA;NA;NA;NA;NA;NA;1;NA;NA;NA;NA;NA;NA;NA
43;"RS";4302709;"430270";"Butiá";"Não";"-";"Total";NA;NA;NA;2;NA;NA;1;1;NA;NA;NA;1;1;NA;2;1;NA;NA;NA;NA;1;NA;NA;NA;NA
43;"RS";4302808;"430280";"Caçapava do Sul";"Não";"-";"Total";1;1;3;NA;2;1;2;NA;NA;NA;NA;1;1;1;NA;NA;NA;1;2;1;NA;NA;1;2;NA
43;"RS";4302907;"430290";"Cacequi";"Não";"-";"Total";NA;NA;NA;NA;NA;NA;NA;NA;1;NA;NA;NA;NA;NA;NA;1;1;NA;NA;NA;NA;NA;1;NA;NA
43;"RS";4303004;"430300";"Cachoeira do Sul";"Não";"-";"Total";2;1;NA;2;1;3;1;1;2;2;1;2;NA;4;2;3;1;2;2;7;2;2;3;1;NA
43;"RS";4303103;"430310";"Cachoeirinha";"Não";"Região Metropolitana de Porto Alegre";"Total";2;NA;NA;NA;NA;3;1;2;1;NA;NA;NA;NA;2;1;NA;2;1;NA;1;NA;2;NA;1;NA
43;"RS";4303202;"430320";"Cacique Doble";"Não";"-";"Total";NA;NA;NA;NA;NA;NA;NA;NA;1;NA;NA;NA;NA;NA;NA;NA;NA;NA;NA;NA;NA;NA;NA;1;NA
43;"RS";4303301;"430330";"Caibaté";"Não";"-";"Total";NA;NA;NA;NA;NA;NA;NA;NA;NA;NA;1;NA;NA;NA;NA;NA;NA;2;NA;NA;NA;NA;1;NA;NA
43;"RS";4303400;"430340";"Caiçara";"Não";"-";"Total";NA;NA;1;NA;NA;NA;NA;NA;NA;NA;NA;NA;NA;NA;NA;NA;NA;NA;NA;NA;NA;NA;NA;NA;NA
43;"RS";4303509;"430350";"Camaquã";"Não";"-";"Total";1;1;1;2;1;1;2;NA;2;1;1;1;NA;1;3;1;2;1;1;2;NA;3;4;NA;NA
43;"RS";4303558;"430355";"Camargo";"Não";"-";"Total";NA;NA;NA;NA;NA;NA;NA;NA;NA;NA;NA;NA;NA;NA;NA;NA;NA;NA;NA;NA;NA;NA;NA;NA;NA
43;"RS";4303608;"430360";"Cambará do Sul";"Não";"-";"Total";NA;NA;NA;NA;1;NA;NA;NA;NA;NA;NA;NA;1;1;NA;NA;NA;NA;NA;NA;NA;NA;NA;NA;NA
43;"RS";4303673;"430367";"Campestre da Serra";"Não";"-";"Total";NA;NA;NA;NA;NA;NA;NA;NA;NA;NA;NA;NA;1;1;NA;NA;NA;NA;NA;NA;2;NA;NA;NA;NA
43;"RS";4303707;"430370";"Campina das Missões";"Não";"-";"Total";NA;NA;NA;NA;NA;NA;NA;NA;NA;NA;NA;NA;NA;NA;NA;NA;NA;NA;NA;NA;NA;NA;NA;NA;NA
43;"RS";4303806;"430380";"Campinas do Sul";"Não";"-";"Total";NA;NA;NA;NA;NA;NA;NA;NA;NA;NA;NA;NA;NA;NA;NA;NA;NA;NA;NA;NA;NA;NA;NA;NA;NA
43;"RS";4303905;"430390";"Campo Bom";"Não";"Região Metropolitana de Porto Alegre";"Total";NA;NA;NA;NA;NA;NA;1;NA;NA;1;NA;NA;1;NA;1;NA;NA;NA;2;NA;NA;NA;NA;NA;NA
43;"RS";4304002;"430400";"Campo Novo";"Não";"-";"Total";NA;NA;NA;NA;NA;NA;NA;NA;NA;NA;NA;NA;NA;NA;NA;NA;NA;NA;NA;1;NA;NA;NA;NA;NA
43;"RS";4304101;"430410";"Campos Borges";"Não";"-";"Total";NA;NA;NA;NA;NA;NA;NA;NA;NA;NA;NA;NA;NA;NA;NA;NA;NA;NA;NA;NA;NA;NA;NA;NA;NA
43;"RS";4304200;"430420";"Candelária";"Não";"-";"Total";1;1;1;1;1;NA;NA;NA;1;NA;NA;1;1;2;2;1;2;NA;1;1;3;3;1;NA;NA
43;"RS";4304309;"430430";"Cândido Godói";"Não";"-";"Total";NA;NA;NA;NA;NA;NA;NA;NA;NA;NA;NA;NA;NA;NA;NA;NA;NA;NA;NA;NA;NA;NA;NA;NA;NA
43;"RS";4304358;"430435";"Candiota";"Não";"-";"Total";NA;NA;NA;NA;NA;NA;NA;NA;NA;NA;1;NA;1;NA;1;NA;NA;NA;NA;NA;NA;NA;NA;NA;NA
43;"RS";4304408;"430440";"Canela";"Não";"-";"Total";1;NA;1;NA;NA;NA;NA;NA;1;NA;NA;NA;NA;NA;1;1;NA;NA;1;1;1;NA;2;NA;NA
43;"RS";4304507;"430450";"Canguçu";"Não";"-";"Total";NA;2;NA;NA;NA;NA;2;1;NA;1;2;1;NA;1;NA;1;2;1;NA;2;NA;1;NA;1;NA
43;"RS";4304606;"430460";"Canoas";"Não";"Região Metropolitana de Porto Alegre";"Total";2;5;2;8;7;7;5;4;5;5;6;1;1;7;5;4;6;5;5;7;6;10;9;6;NA
43;"RS";4304614;"430461";"Canudos do Vale";"Não";"-";"Total";NA;NA;NA;NA;NA;NA;NA;NA;NA;NA;NA;NA;NA;NA;NA;NA;NA;NA;NA;NA;NA;NA;NA;NA;NA
43;"RS";4304622;"430462";"Capão Bonito do Sul";"Não";"-";"Total";NA;NA;NA;NA;NA;NA;NA;NA;NA;NA;NA;NA;NA;NA;NA;NA;NA;NA;NA;NA;NA;NA;NA;NA;NA
43;"RS";4304630;"430463";"Capão da Canoa";"Não";"-";"Total";NA;NA;NA;NA;NA;NA;1;1;1;NA;NA;1;NA;1;1;NA;1;1;NA;NA;1;2;2;2;NA
43;"RS";4304655;"430465";"Capão do Cipó";"Não";"-";"Total";NA;NA;NA;NA;NA;NA;NA;NA;NA;NA;NA;NA;NA;NA;NA;NA;NA;NA;NA;NA;NA;1;NA;NA;NA
43;"RS";4304663;"430466";"Capão do Leão";"Não";"-";"Total";NA;NA;NA;1;NA;1;NA;NA;NA;NA;1;1;1;1;NA;1;NA;NA;2;NA;NA;NA;NA;NA;NA
43;"RS";4304671;"430467";"Capivari do Sul";"Não";"-";"Total";NA;NA;NA;NA;NA;NA;NA;NA;NA;NA;1;NA;NA;NA;NA;1;NA;1;NA;NA;1;NA;NA;NA;NA
43;"RS";4304689;"430468";"Capela de Santana";"Não";"Região Metropolitana de Porto Alegre";"Total";NA;NA;NA;1;1;NA;1;NA;NA;NA;NA;NA;NA;NA;NA;NA;NA;NA;NA;NA;NA;NA;NA;NA;NA
43;"RS";4304697;"430469";"Capitão";"Não";"-";"Total";NA;NA;NA;NA;NA;NA;NA;NA;NA;NA;NA;NA;NA;NA;NA;NA;NA;NA;NA;NA;NA;NA;NA;NA;NA
43;"RS";4304705;"430470";"Carazinho";"Não";"-";"Total";NA;1;1;1;2;NA;NA;2;NA;NA;NA;2;NA;NA;NA;1;NA;1;NA;2;1;1;1;3;NA
43;"RS";4304713;"430471";"Caraá";"Não";"-";"Total";NA;NA;NA;NA;NA;NA;NA;NA;NA;NA;NA;NA;NA;NA;NA;NA;NA;NA;NA;NA;NA;NA;NA;NA;NA
43;"RS";4304804;"430480";"Carlos Barbosa";"Não";"Região Metropolitana da Serra Gaúcha";"Total";NA;NA;NA;NA;NA;NA;NA;NA;1;NA;1;NA;NA;NA;NA;NA;NA;NA;NA;NA;NA;NA;NA;NA;NA
43;"RS";4304853;"430485";"Carlos Gomes";"Não";"-";"Total";NA;NA;NA;NA;NA;NA;NA;NA;NA;NA;NA;NA;NA;NA;NA;NA;NA;NA;NA;NA;NA;NA;NA;NA;NA
43;"RS";4304903;"430490";"Casca";"Não";"-";"Total";NA;NA;NA;NA;NA;NA;NA;NA;NA;NA;NA;NA;NA;NA;NA;NA;NA;1;NA;NA;NA;NA;NA;NA;NA
43;"RS";4304952;"430495";"Caseiros";"Não";"-";"Total";NA;NA;NA;NA;NA;NA;NA;NA;NA;NA;1;NA;NA;NA;NA;NA;1;NA;NA;NA;NA;NA;1;NA;NA
43;"RS";4305009;"430500";"Catuípe";"Não";"-";"Total";NA;NA;NA;NA;NA;NA;NA;NA;1;NA;NA;NA;NA;NA;NA;NA;NA;NA;NA;NA;NA;NA;NA;NA;NA
43;"RS";4305108;"430510";"Caxias do Sul";"Não";"Região Metropolitana da Serra Gaúcha";"Total";3;7;3;6;5;6;6;2;5;9;4;6;8;4;5;4;5;5;5;6;5;2;6;12;NA
43;"RS";4305116;"430511";"Centenário";"Não";"-";"Total";NA;NA;NA;NA;NA;NA;NA;NA;NA;NA;NA;NA;NA;NA;NA;NA;NA;NA;NA;NA;NA;NA;NA;NA;NA
43;"RS";4305124;"430512";"Cerrito";"Não";"-";"Total";NA;NA;NA;NA;NA;NA;NA;NA;NA;NA;NA;NA;NA;NA;NA;NA;NA;NA;NA;NA;NA;NA;NA;NA;NA
43;"RS";4305132;"430513";"Cerro Branco";"Não";"-";"Total";NA;NA;NA;NA;NA;NA;NA;NA;NA;NA;NA;NA;NA;NA;NA;NA;NA;NA;NA;1;NA;NA;NA;NA;NA
43;"RS";4305157;"430515";"Cerro Grande";"Não";"-";"Total";NA;NA;NA;NA;NA;NA;NA;NA;NA;NA;NA;NA;NA;NA;NA;NA;NA;NA;NA;NA;NA;NA;NA;1;NA
43;"RS";4305173;"430517";"Cerro Grande do Sul";"Não";"-";"Total";NA;NA;NA;NA;1;NA;NA;NA;NA;NA;NA;1;NA;NA;NA;1;NA;NA;NA;NA;NA;NA;NA;NA;NA
43;"RS";4305207;"430520";"Cerro Largo";"Não";"-";"Total";NA;NA;NA;NA;NA;NA;NA;NA;NA;NA;1;NA;NA;1;1;NA;NA;NA;NA;NA;NA;NA;NA;NA;NA
43;"RS";4305306;"430530";"Chapada";"Não";"-";"Total";NA;NA;NA;NA;NA;NA;NA;NA;NA;NA;NA;NA;NA;NA;NA;NA;NA;NA;NA;NA;NA;NA;NA;NA;NA
43;"RS";4305355;"430535";"Charqueadas";"Não";"Região Metropolitana de Porto Alegre";"Total";NA;NA;1;NA;NA;NA;NA;NA;NA;1;NA;NA;NA;NA;NA;1;1;NA;1;NA;NA;NA;2;NA;NA
43;"RS";4305371;"430537";"Charrua";"Não";"-";"Total";NA;NA;1;NA;NA;NA;NA;NA;NA;NA;NA;NA;NA;NA;NA;NA;NA;NA;NA;NA;NA;NA;NA;NA;NA
43;"RS";4305405;"430540";"Chiapetta";"Não";"-";"Total";NA;NA;NA;NA;NA;NA;NA;NA;1;NA;NA;NA;NA;NA;1;NA;NA;NA;NA;NA;1;NA;NA;NA;NA
43;"RS";4305439;"430543";"Chuí";"Não";"-";"Total";NA;NA;NA;NA;NA;NA;NA;NA;NA;NA;NA;NA;NA;1;NA;NA;NA;NA;NA;NA;NA;NA;NA;NA;NA
43;"RS";4305447;"430544";"Chuvisca";"Não";"-";"Total";NA;NA;NA;NA;NA;NA;NA;NA;NA;NA;NA;NA;NA;NA;NA;NA;NA;NA;NA;2;NA;NA;NA;NA;NA
43;"RS";4305454;"430545";"Cidreira";"Não";"-";"Total";NA;NA;NA;NA;NA;NA;NA;NA;NA;NA;NA;2;NA;NA;NA;NA;NA;1;NA;NA;NA;NA;NA;1;NA
43;"RS";4305504;"430550";"Ciríaco";"Não";"-";"Total";NA;NA;NA;NA;NA;NA;NA;NA;NA;NA;NA;NA;NA;1;1;NA;NA;NA;NA;NA;NA;1;NA;NA;NA
43;"RS";4305587;"430558";"Colinas";"Não";"-";"Total";NA;NA;NA;NA;NA;NA;NA;NA;NA;NA;NA;NA;NA;NA;NA;NA;NA;NA;NA;NA;NA;NA;1;NA;NA
43;"RS";4305603;"430560";"Colorado";"Não";"-";"Total";NA;NA;NA;NA;NA;NA;NA;NA;NA;NA;NA;NA;NA;NA;NA;NA;NA;NA;NA;NA;NA;NA;NA;NA;NA
43;"RS";4305702;"430570";"Condor";"Não";"-";"Total";NA;NA;NA;NA;NA;NA;NA;NA;NA;NA;NA;NA;NA;NA;NA;NA;NA;NA;NA;NA;NA;1;NA;NA;NA
43;"RS";4305801;"430580";"Constantina";"Não";"-";"Total";NA;NA;NA;NA;NA;NA;NA;NA;NA;NA;NA;NA;NA;1;NA;1;NA;NA;NA;NA;NA;1;NA;NA;NA
43;"RS";4305835;"430583";"Coqueiro Baixo";"Não";"-";"Total";NA;NA;NA;NA;NA;NA;NA;NA;NA;NA;NA;NA;NA;NA;NA;NA;1;NA;NA;NA;NA;NA;NA;NA;NA
43;"RS";4305850;"430585";"Coqueiros do Sul";"Não";"-";"Total";NA;NA;NA;NA;NA;NA;NA;NA;NA;NA;NA;NA;NA;NA;NA;NA;NA;NA;NA;NA;NA;NA;NA;NA;NA
43;"RS";4305871;"430587";"Coronel Barros";"Não";"-";"Total";NA;NA;NA;NA;1;NA;NA;NA;NA;NA;NA;NA;NA;NA;NA;NA;NA;NA;NA;NA;NA;NA;NA;NA;NA
43;"RS";4305900;"430590";"Coronel Bicaco";"Não";"-";"Total";NA;NA;NA;NA;NA;NA;NA;NA;NA;1;NA;1;NA;NA;NA;1;NA;NA;NA;NA;NA;NA;NA;NA;NA
43;"RS";4305934;"430593";"Coronel Pilar";"Não";"-";"Total";NA;NA;NA;NA;NA;NA;NA;NA;NA;NA;NA;NA;NA;NA;NA;NA;NA;NA;NA;NA;NA;NA;NA;NA;NA
43;"RS";4305959;"430595";"Cotiporã";"Não";"-";"Total";NA;NA;NA;NA;NA;NA;NA;NA;NA;NA;NA;NA;NA;NA;NA;NA;NA;NA;NA;NA;NA;NA;NA;NA;NA
43;"RS";4305975;"430597";"Coxilha";"Não";"-";"Total";NA;NA;NA;NA;NA;NA;NA;NA;NA;NA;NA;1;NA;NA;NA;NA;NA;1;NA;NA;NA;NA;NA;1;NA
43;"RS";4306007;"430600";"Crissiumal";"Não";"-";"Total";NA;NA;NA;NA;NA;NA;NA;NA;NA;NA;NA;NA;NA;NA;NA;NA;NA;NA;NA;NA;NA;NA;NA;NA;NA
43;"RS";4306056;"430605";"Cristal";"Não";"-";"Total";1;2;NA;1;1;NA;NA;NA;NA;1;2;NA;NA;NA;NA;NA;NA;NA;NA;NA;NA;NA;NA;NA;NA
43;"RS";4306072;"430607";"Cristal do Sul";"Não";"-";"Total";NA;NA;NA;NA;NA;NA;NA;NA;NA;NA;NA;NA;NA;NA;NA;NA;NA;NA;NA;NA;NA;NA;NA;NA;NA
43;"RS";4306106;"430610";"Cruz Alta";"Não";"-";"Total";2;1;NA;2;2;2;1;NA;1;NA;1;NA;3;NA;3;1;NA;1;1;NA;1;1;NA;NA;NA
43;"RS";4306130;"430613";"Cruzaltense";"Não";"-";"Total";NA;NA;NA;NA;NA;NA;NA;NA;NA;NA;NA;NA;NA;NA;NA;NA;NA;NA;NA;NA;NA;NA;NA;NA;NA
43;"RS";4306205;"430620";"Cruzeiro do Sul";"Não";"-";"Total";NA;NA;1;NA;1;NA;NA;NA;NA;NA;NA;NA;NA;NA;1;NA;NA;NA;NA;NA;NA;NA;NA;NA;NA
43;"RS";4306304;"430630";"David Canabarro";"Não";"-";"Total";NA;NA;NA;NA;NA;NA;1;NA;NA;NA;NA;NA;NA;NA;NA;NA;NA;NA;NA;NA;NA;NA;NA;NA;NA
43;"RS";4306320;"430632";"Derrubadas";"Não";"-";"Total";NA;NA;NA;NA;NA;NA;NA;NA;NA;NA;NA;NA;NA;NA;NA;NA;NA;NA;NA;NA;NA;NA;NA;NA;NA
43;"RS";4306353;"430635";"Dezesseis de Novembro";"Não";"-";"Total";NA;NA;NA;NA;NA;NA;NA;NA;NA;NA;NA;NA;NA;NA;NA;NA;NA;NA;NA;NA;NA;NA;NA;NA;NA
43;"RS";4306379;"430637";"Dilermando de Aguiar";"Não";"-";"Total";NA;NA;NA;NA;NA;NA;NA;NA;NA;NA;NA;NA;NA;NA;NA;NA;NA;NA;NA;NA;NA;NA;NA;NA;NA
43;"RS";4306403;"430640";"Dois Irmãos";"Não";"Região Metropolitana de Porto Alegre";"Total";1;NA;NA;NA;NA;NA;NA;NA;NA;NA;NA;NA;NA;NA;NA;NA;1;NA;NA;NA;NA;1;NA;NA;NA
43;"RS";4306429;"430642";"Dois Irmãos das Missões";"Não";"-";"Total";NA;NA;NA;NA;NA;NA;1;NA;NA;NA;NA;NA;NA;NA;NA;NA;NA;NA;NA;NA;NA;NA;NA;NA;NA
43;"RS";4306452;"430645";"Dois Lajeados";"Não";"-";"Total";NA;NA;NA;NA;NA;NA;NA;NA;NA;NA;1;NA;NA;NA;NA;NA;NA;NA;1;NA;NA;NA;NA;NA;NA
43;"RS";4306502;"430650";"Dom Feliciano";"Não";"-";"Total";1;NA;NA;NA;NA;NA;NA;NA;NA;NA;NA;NA;NA;NA;NA;NA;NA;NA;NA;NA;NA;1;1;NA;NA
43;"RS";4306551;"430655";"Dom Pedro de Alcântara";"Não";"-";"Total";NA;NA;NA;NA;NA;NA;NA;NA;NA;NA;NA;NA;NA;NA;NA;NA;NA;NA;NA;NA;NA;NA;NA;NA;NA
43;"RS";4306601;"430660";"Dom Pedrito";"Não";"-";"Total";NA;1;1;1;NA;NA;NA;2;1;NA;1;1;1;NA;NA;2;NA;1;NA;NA;NA;1;NA;1;NA
43;"RS";4306700;"430670";"Dona Francisca";"Não";"-";"Total";NA;NA;NA;NA;NA;NA;NA;NA;NA;NA;NA;NA;NA;NA;NA;1;NA;NA;NA;NA;NA;NA;NA;NA;NA
43;"RS";4306734;"430673";"Doutor Maurício Cardoso";"Não";"-";"Total";NA;NA;NA;NA;NA;NA;NA;NA;NA;NA;NA;NA;NA;NA;NA;NA;NA;NA;NA;NA;NA;NA;NA;NA;NA
43;"RS";4306759;"430675";"Doutor Ricardo";"Não";"-";"Total";NA;NA;NA;NA;NA;NA;NA;NA;NA;NA;NA;NA;NA;NA;NA;NA;NA;NA;NA;NA;NA;NA;NA;NA;NA
43;"RS";4306767;"430676";"Eldorado do Sul";"Não";"Região Metropolitana de Porto Alegre";"Total";NA;NA;1;1;1;1;2;3;NA;2;NA;1;NA;1;NA;NA;1;NA;3;2;1;NA;NA;1;NA
43;"RS";4306809;"430680";"Encantado";"Não";"-";"Total";NA;NA;NA;NA;NA;2;NA;NA;NA;NA;NA;NA;1;NA;1;NA;NA;NA;NA;1;NA;NA;1;NA;NA
43;"RS";4306908;"430690";"Encruzilhada do Sul";"Não";"-";"Total";NA;NA;1;NA;1;1;NA;1;1;2;1;NA;NA;NA;NA;1;1;NA;NA;NA;NA;NA;NA;NA;NA
43;"RS";4306924;"430692";"Engenho Velho";"Não";"-";"Total";NA;NA;NA;NA;NA;NA;NA;NA;NA;NA;NA;NA;NA;NA;NA;NA;NA;NA;NA;NA;NA;NA;NA;NA;NA
43;"RS";4306932;"430693";"Entre-Ijuís";"Não";"-";"Total";NA;NA;NA;NA;2;NA;NA;NA;NA;NA;NA;2;NA;NA;NA;NA;NA;1;NA;NA;NA;NA;NA;NA;NA
43;"RS";4306957;"430695";"Entre Rios do Sul";"Não";"-";"Total";NA;NA;NA;NA;NA;NA;NA;NA;NA;NA;NA;NA;NA;NA;NA;NA;NA;NA;NA;NA;NA;NA;NA;NA;NA
43;"RS";4306973;"430697";"Erebango";"Não";"-";"Total";NA;NA;NA;NA;NA;NA;NA;NA;NA;NA;NA;NA;NA;NA;NA;NA;NA;NA;NA;NA;NA;NA;1;NA;NA
43;"RS";4307005;"430700";"Erechim";"Não";"-";"Total";1;2;NA;2;1;2;4;NA;4;4;2;4;NA;4;4;2;1;2;NA;1;1;3;2;1;NA
43;"RS";4307054;"430705";"Ernestina";"Não";"-";"Total";NA;NA;NA;NA;NA;NA;NA;NA;NA;NA;NA;NA;NA;NA;NA;NA;NA;NA;NA;NA;NA;NA;NA;NA;NA
43;"RS";4307104;"430710";"Herval";"Não";"-";"Total";NA;NA;NA;NA;NA;NA;NA;NA;NA;NA;NA;NA;NA;NA;NA;NA;NA;NA;NA;NA;NA;NA;NA;NA;NA
43;"RS";4307203;"430720";"Erval Grande";"Não";"-";"Total";1;NA;NA;NA;NA;NA;NA;NA;NA;NA;NA;NA;1;NA;NA;NA;NA;NA;NA;NA;NA;NA;1;NA;NA
43;"RS";4307302;"430730";"Erval Seco";"Não";"-";"Total";NA;NA;NA;1;NA;NA;NA;NA;NA;NA;NA;NA;NA;NA;NA;NA;NA;NA;NA;NA;NA;NA;NA;NA;NA
43;"RS";4307401;"430740";"Esmeralda";"Não";"-";"Total";NA;NA;NA;NA;NA;NA;NA;NA;NA;NA;NA;NA;NA;NA;NA;NA;NA;NA;NA;NA;NA;NA;NA;NA;NA
43;"RS";4307450;"430745";"Esperança do Sul";"Não";"-";"Total";NA;NA;NA;NA;NA;NA;NA;NA;NA;NA;NA;NA;NA;NA;NA;NA;NA;NA;NA;NA;NA;NA;NA;NA;NA
43;"RS";4307500;"430750";"Espumoso";"Não";"-";"Total";1;NA;1;NA;NA;1;1;NA;NA;NA;NA;NA;NA;NA;NA;NA;NA;NA;NA;NA;NA;NA;2;1;NA
43;"RS";4307559;"430755";"Estação";"Não";"-";"Total";1;NA;NA;1;NA;NA;NA;NA;NA;NA;NA;NA;NA;NA;NA;NA;NA;NA;NA;NA;NA;NA;NA;NA;NA
43;"RS";4307609;"430760";"Estância Velha";"Não";"Região Metropolitana de Porto Alegre";"Total";NA;NA;NA;NA;NA;NA;NA;NA;NA;NA;NA;NA;NA;NA;NA;NA;NA;1;NA;NA;1;NA;NA;1;NA
43;"RS";4307708;"430770";"Esteio";"Não";"Região Metropolitana de Porto Alegre";"Total";NA;1;1;NA;3;1;1;2;2;NA;3;NA;2;1;2;NA;1;NA;1;3;NA;1;NA;1;NA
43;"RS";4307807;"430780";"Estrela";"Não";"-";"Total";3;NA;NA;1;NA;NA;NA;2;1;1;1;NA;1;NA;NA;NA;2;NA;2;NA;1;NA;NA;NA;NA
43;"RS";4307815;"430781";"Estrela Velha";"Não";"-";"Total";NA;NA;NA;NA;NA;NA;NA;NA;NA;NA;NA;NA;NA;NA;NA;NA;NA;NA;1;NA;NA;NA;NA;NA;NA
43;"RS";4307831;"430783";"Eugênio de Castro";"Não";"-";"Total";NA;NA;NA;NA;NA;NA;NA;NA;NA;NA;NA;NA;NA;NA;NA;NA;NA;NA;NA;NA;NA;NA;NA;NA;NA
43;"RS";4307864;"430786";"Fagundes Varela";"Não";"-";"Total";NA;NA;NA;NA;NA;NA;NA;NA;NA;NA;NA;NA;NA;NA;NA;NA;NA;NA;NA;NA;NA;NA;NA;NA;NA
43;"RS";4307906;"430790";"Farroupilha";"Não";"Região Metropolitana da Serra Gaúcha";"Total";NA;NA;1;NA;1;NA;1;2;NA;1;3;NA;1;NA;1;1;1;1;1;1;1;NA;1;NA;NA
43;"RS";4308003;"430800";"Faxinal do Soturno";"Não";"-";"Total";NA;1;NA;NA;2;NA;NA;NA;NA;NA;NA;NA;1;NA;NA;NA;NA;NA;NA;NA;NA;NA;NA;NA;NA
43;"RS";4308052;"430805";"Faxinalzinho";"Não";"-";"Total";NA;NA;NA;NA;NA;NA;NA;NA;NA;NA;NA;NA;1;NA;NA;NA;NA;NA;NA;NA;NA;NA;NA;NA;NA
43;"RS";4308078;"430807";"Fazenda Vilanova";"Não";"-";"Total";NA;NA;NA;NA;1;NA;NA;NA;1;1;NA;NA;NA;1;NA;NA;NA;NA;NA;1;NA;NA;NA;NA;NA
43;"RS";4308102;"430810";"Feliz";"Não";"-";"Total";NA;NA;NA;NA;NA;NA;1;NA;NA;NA;NA;NA;1;NA;NA;NA;NA;NA;NA;NA;NA;NA;1;NA;NA
43;"RS";4308201;"430820";"Flores da Cunha";"Não";"Região Metropolitana da Serra Gaúcha";"Total";NA;NA;1;NA;NA;2;NA;NA;1;NA;NA;NA;2;1;1;NA;NA;NA;NA;NA;1;NA;NA;1;NA
43;"RS";4308250;"430825";"Floriano Peixoto";"Não";"-";"Total";NA;NA;NA;NA;NA;NA;NA;NA;NA;NA;NA;NA;NA;NA;NA;NA;NA;NA;NA;NA;NA;NA;NA;NA;NA
43;"RS";4308300;"430830";"Fontoura Xavier";"Não";"-";"Total";NA;NA;NA;1;NA;NA;NA;NA;NA;NA;NA;NA;NA;NA;NA;NA;NA;NA;NA;NA;NA;NA;NA;NA;NA
43;"RS";4308409;"430840";"Formigueiro";"Não";"-";"Total";NA;NA;NA;NA;NA;NA;NA;NA;NA;NA;NA;NA;NA;NA;NA;NA;NA;NA;NA;NA;NA;NA;NA;NA;NA
43;"RS";4308433;"430843";"Forquetinha";"Não";"-";"Total";NA;NA;NA;NA;NA;NA;NA;NA;NA;NA;NA;NA;NA;NA;NA;NA;NA;NA;NA;NA;NA;NA;NA;NA;NA
43;"RS";4308458;"430845";"Fortaleza dos Valos";"Não";"-";"Total";NA;NA;NA;NA;NA;NA;NA;NA;NA;NA;NA;NA;NA;NA;NA;NA;NA;NA;NA;NA;NA;NA;NA;NA;NA
43;"RS";4308508;"430850";"Frederico Westphalen";"Não";"-";"Total";2;1;NA;2;1;1;NA;NA;NA;1;NA;NA;NA;NA;NA;1;2;2;1;1;NA;NA;NA;1;NA
43;"RS";4308607;"430860";"Garibaldi";"Não";"Região Metropolitana da Serra Gaúcha";"Total";NA;NA;NA;NA;NA;1;NA;NA;NA;NA;1;NA;1;2;NA;NA;4;NA;1;NA;NA;NA;NA;NA;NA
43;"RS";4308656;"430865";"Garruchos";"Não";"-";"Total";NA;NA;NA;NA;NA;NA;NA;NA;NA;NA;NA;NA;NA;NA;NA;NA;NA;NA;NA;NA;NA;NA;NA;NA;NA
43;"RS";4308706;"430870";"Gaurama";"Não";"-";"Total";NA;NA;NA;NA;NA;NA;NA;NA;NA;NA;NA;NA;NA;NA;NA;NA;NA;NA;NA;NA;NA;NA;NA;NA;NA
43;"RS";4308805;"430880";"General Câmara";"Não";"-";"Total";NA;NA;NA;NA;NA;NA;NA;NA;NA;NA;NA;NA;NA;NA;NA;NA;NA;NA;NA;NA;NA;NA;NA;NA;NA
43;"RS";4308854;"430885";"Gentil";"Não";"-";"Total";NA;NA;NA;NA;NA;NA;NA;NA;NA;NA;NA;NA;NA;NA;NA;NA;NA;NA;1;NA;NA;NA;NA;NA;NA
43;"RS";4308904;"430890";"Getúlio Vargas";"Não";"-";"Total";NA;NA;NA;NA;NA;NA;1;NA;NA;NA;NA;NA;3;NA;NA;1;NA;NA;NA;NA;NA;1;NA;NA;NA
43;"RS";4309001;"430900";"Giruá";"Não";"-";"Total";NA;NA;NA;NA;NA;NA;NA;NA;NA;NA;NA;NA;1;NA;1;NA;2;NA;NA;NA;NA;NA;NA;NA;NA
43;"RS";4309050;"430905";"Glorinha";"Não";"Região Metropolitana de Porto Alegre";"Total";1;NA;NA;1;NA;NA;NA;NA;NA;NA;NA;NA;NA;NA;NA;1;NA;NA;NA;NA;NA;NA;NA;NA;NA
43;"RS";4309100;"430910";"Gramado";"Não";"-";"Total";NA;NA;NA;NA;NA;NA;NA;NA;NA;NA;1;NA;NA;NA;1;NA;1;NA;NA;NA;1;1;NA;1;NA
43;"RS";4309126;"430912";"Gramado dos Loureiros";"Não";"-";"Total";NA;NA;NA;NA;NA;NA;NA;NA;NA;NA;NA;NA;NA;NA;NA;NA;NA;NA;NA;NA;NA;NA;NA;NA;NA
43;"RS";4309159;"430915";"Gramado Xavier";"Não";"-";"Total";NA;NA;NA;NA;NA;1;NA;1;NA;NA;NA;NA;NA;NA;NA;NA;NA;NA;NA;NA;NA;NA;NA;NA;NA
43;"RS";4309209;"430920";"Gravataí";"Não";"Região Metropolitana de Porto Alegre";"Total";4;4;2;5;1;5;3;3;1;6;2;4;2;4;4;1;NA;1;4;9;5;1;7;5;NA
43;"RS";4309258;"430925";"Guabiju";"Não";"-";"Total";NA;NA;NA;NA;NA;NA;NA;NA;NA;NA;NA;NA;NA;NA;NA;NA;NA;NA;NA;NA;NA;NA;NA;1;NA
43;"RS";4309308;"430930";"Guaíba";"Não";"Região Metropolitana de Porto Alegre";"Total";1;4;1;2;NA;NA;1;NA;NA;NA;1;2;2;1;NA;1;2;NA;1;3;1;2;1;1;NA
43;"RS";4309407;"430940";"Guaporé";"Não";"-";"Total";NA;1;NA;1;NA;NA;1;NA;NA;NA;NA;NA;NA;NA;NA;NA;NA;NA;1;NA;1;NA;NA;2;NA
43;"RS";4309506;"430950";"Guarani das Missões";"Não";"-";"Total";NA;NA;NA;NA;NA;NA;NA;1;NA;NA;NA;NA;NA;NA;NA;NA;NA;NA;NA;NA;NA;NA;NA;NA;NA
43;"RS";4309555;"430955";"Harmonia";"Não";"-";"Total";NA;NA;NA;NA;NA;NA;NA;NA;NA;NA;NA;NA;NA;NA;NA;NA;NA;NA;NA;NA;NA;NA;NA;NA;NA
43;"RS";4309571;"430957";"Herveiras";"Não";"-";"Total";NA;NA;NA;NA;NA;NA;NA;NA;NA;NA;NA;1;NA;NA;NA;NA;NA;NA;NA;NA;NA;NA;NA;NA;NA
43;"RS";4309605;"430960";"Horizontina";"Não";"-";"Total";NA;NA;NA;NA;NA;1;NA;NA;NA;NA;NA;NA;NA;NA;NA;NA;NA;NA;NA;NA;NA;NA;NA;NA;NA
43;"RS";4309654;"430965";"Hulha Negra";"Não";"-";"Total";NA;NA;NA;NA;NA;NA;NA;NA;NA;NA;NA;NA;NA;1;NA;NA;NA;NA;NA;NA;NA;NA;NA;NA;NA
43;"RS";4309704;"430970";"Humaitá";"Não";"-";"Total";NA;NA;NA;NA;NA;NA;NA;NA;NA;NA;NA;NA;NA;NA;1;NA;NA;NA;NA;NA;NA;NA;NA;NA;NA
43;"RS";4309753;"430975";"Ibarama";"Não";"-";"Total";NA;NA;NA;NA;NA;NA;NA;NA;NA;NA;NA;NA;NA;NA;NA;NA;NA;NA;NA;NA;NA;NA;NA;NA;NA
43;"RS";4309803;"430980";"Ibiaçá";"Não";"-";"Total";NA;NA;NA;NA;NA;NA;NA;NA;NA;NA;NA;NA;NA;NA;NA;1;NA;NA;NA;NA;NA;NA;NA;1;NA
43;"RS";4309902;"430990";"Ibiraiaras";"Não";"-";"Total";NA;1;NA;NA;NA;NA;NA;NA;NA;NA;NA;NA;NA;NA;NA;1;NA;NA;NA;NA;NA;NA;NA;1;NA
43;"RS";4309951;"430995";"Ibirapuitã";"Não";"-";"Total";NA;NA;NA;NA;NA;NA;NA;NA;NA;NA;NA;NA;NA;NA;NA;NA;NA;NA;NA;NA;NA;NA;NA;NA;NA
43;"RS";4310009;"431000";"Ibirubá";"Não";"-";"Total";NA;NA;NA;NA;NA;NA;NA;NA;NA;1;NA;NA;1;NA;NA;1;NA;NA;3;NA;NA;NA;NA;NA;NA
43;"RS";4310108;"431010";"Igrejinha";"Não";"Região Metropolitana de Porto Alegre";"Total";NA;NA;NA;NA;NA;NA;NA;NA;NA;NA;3;2;1;NA;1;NA;NA;NA;NA;NA;NA;NA;NA;1;NA
43;"RS";4310207;"431020";"Ijuí";"Não";"-";"Total";NA;1;NA;2;1;NA;NA;1;1;1;2;2;NA;2;2;1;NA;NA;3;1;1;1;1;2;NA
43;"RS";4310306;"431030";"Ilópolis";"Não";"-";"Total";NA;NA;NA;NA;NA;NA;NA;NA;NA;NA;NA;1;1;NA;NA;NA;NA;NA;NA;NA;NA;1;NA;NA;NA
43;"RS";4310330;"431033";"Imbé";"Não";"-";"Total";NA;NA;NA;NA;NA;NA;NA;NA;NA;NA;NA;NA;NA;NA;NA;NA;NA;NA;NA;NA;1;NA;NA;NA;NA
43;"RS";4310363;"431036";"Imigrante";"Não";"-";"Total";NA;NA;NA;NA;NA;NA;NA;NA;NA;NA;NA;NA;NA;NA;NA;NA;NA;NA;NA;NA;NA;NA;NA;NA;NA
43;"RS";4310405;"431040";"Independência";"Não";"-";"Total";NA;NA;NA;NA;NA;NA;1;NA;1;NA;NA;NA;NA;NA;NA;NA;NA;NA;NA;NA;NA;NA;NA;NA;NA
43;"RS";4310413;"431041";"Inhacorá";"Não";"-";"Total";NA;NA;NA;NA;NA;NA;NA;NA;NA;NA;NA;NA;NA;NA;NA;NA;NA;NA;NA;NA;NA;NA;NA;NA;NA
43;"RS";4310439;"431043";"Ipê";"Não";"Região Metropolitana da Serra Gaúcha";"Total";NA;NA;3;1;NA;NA;NA;NA;NA;NA;NA;1;NA;1;1;NA;NA;NA;NA;NA;NA;NA;1;NA;NA
43;"RS";4310462;"431046";"Ipiranga do Sul";"Não";"-";"Total";NA;NA;NA;NA;NA;NA;NA;NA;NA;NA;NA;NA;NA;NA;NA;NA;NA;NA;NA;NA;NA;NA;NA;NA;NA
43;"RS";4310504;"431050";"Iraí";"Não";"-";"Total";NA;NA;NA;NA;NA;NA;1;NA;NA;NA;NA;NA;NA;NA;NA;NA;NA;NA;NA;NA;NA;NA;NA;1;NA
43;"RS";4310538;"431053";"Itaara";"Não";"-";"Total";NA;NA;NA;NA;NA;NA;NA;NA;NA;NA;NA;NA;NA;NA;NA;NA;NA;NA;1;NA;NA;NA;NA;NA;NA
43;"RS";4310553;"431055";"Itacurubi";"Não";"-";"Total";NA;NA;NA;NA;NA;NA;NA;NA;NA;NA;NA;NA;NA;1;NA;NA;NA;NA;NA;NA;NA;NA;NA;NA;NA
43;"RS";4310579;"431057";"Itapuca";"Não";"-";"Total";NA;NA;NA;NA;NA;NA;NA;NA;NA;NA;NA;NA;NA;NA;NA;NA;1;NA;NA;NA;NA;NA;NA;NA;NA
43;"RS";4310603;"431060";"Itaqui";"Não";"-";"Total";NA;1;NA;NA;1;1;NA;NA;1;NA;NA;1;NA;1;NA;NA;NA;1;NA;NA;NA;NA;NA;NA;NA
43;"RS";4310652;"431065";"Itati";"Não";"-";"Total";NA;NA;NA;1;NA;NA;NA;NA;NA;NA;NA;NA;NA;NA;NA;NA;NA;NA;NA;NA;1;NA;NA;NA;NA
43;"RS";4310702;"431070";"Itatiba do Sul";"Não";"-";"Total";NA;NA;NA;NA;NA;NA;NA;NA;NA;NA;NA;NA;NA;NA;NA;NA;NA;NA;NA;NA;NA;NA;NA;NA;NA
43;"RS";4310751;"431075";"Ivorá";"Não";"-";"Total";NA;NA;NA;NA;NA;NA;NA;NA;NA;NA;NA;NA;NA;NA;NA;NA;NA;NA;NA;NA;NA;NA;NA;NA;NA
43;"RS";4310801;"431080";"Ivoti";"Não";"Região Metropolitana de Porto Alegre";"Total";NA;NA;NA;NA;NA;NA;NA;NA;NA;NA;NA;NA;NA;NA;NA;NA;NA;NA;NA;NA;NA;NA;NA;NA;NA
43;"RS";4310850;"431085";"Jaboticaba";"Não";"-";"Total";NA;NA;NA;NA;NA;NA;NA;NA;NA;NA;NA;NA;NA;NA;NA;NA;NA;NA;NA;NA;NA;NA;NA;NA;NA
43;"RS";4310876;"431087";"Jacuizinho";"Não";"-";"Total";NA;NA;NA;NA;NA;NA;NA;NA;NA;NA;NA;NA;NA;NA;NA;NA;NA;NA;NA;NA;NA;NA;NA;NA;NA
43;"RS";4310900;"431090";"Jacutinga";"Não";"-";"Total";NA;NA;NA;NA;NA;NA;NA;NA;NA;NA;NA;NA;NA;NA;NA;NA;NA;NA;NA;NA;NA;NA;NA;NA;NA
43;"RS";4311007;"431100";"Jaguarão";"Não";"-";"Total";NA;NA;NA;NA;1;NA;NA;1;NA;NA;NA;NA;NA;NA;NA;1;NA;NA;NA;NA;NA;NA;NA;NA;NA
43;"RS";4311106;"431110";"Jaguari";"Não";"-";"Total";NA;NA;1;NA;NA;NA;NA;NA;NA;1;1;NA;NA;NA;NA;1;NA;NA;1;NA;NA;1;NA;NA;NA
43;"RS";4311122;"431112";"Jaquirana";"Não";"-";"Total";NA;NA;1;NA;NA;NA;NA;NA;NA;NA;NA;NA;NA;NA;1;NA;NA;NA;NA;NA;NA;NA;NA;NA;NA
43;"RS";4311130;"431113";"Jari";"Não";"-";"Total";NA;NA;NA;NA;1;NA;NA;NA;NA;NA;NA;NA;NA;NA;NA;NA;NA;NA;NA;NA;NA;NA;NA;NA;NA
43;"RS";4311155;"431115";"Jóia";"Não";"-";"Total";NA;NA;NA;1;NA;NA;NA;NA;NA;NA;1;NA;NA;NA;NA;NA;NA;NA;NA;1;NA;NA;NA;NA;NA
43;"RS";4311205;"431120";"Júlio de Castilhos";"Não";"-";"Total";NA;NA;NA;1;NA;NA;NA;NA;NA;NA;1;NA;1;NA;NA;NA;NA;1;NA;NA;NA;NA;NA;2;NA
43;"RS";4311239;"431123";"Lagoa Bonita do Sul";"Não";"-";"Total";NA;NA;NA;NA;NA;NA;NA;NA;NA;NA;NA;NA;NA;NA;NA;NA;NA;NA;NA;NA;NA;NA;NA;NA;NA
43;"RS";4311254;"431125";"Lagoão";"Não";"-";"Total";NA;NA;1;NA;NA;NA;NA;NA;NA;NA;NA;NA;NA;NA;NA;NA;NA;NA;NA;NA;NA;NA;NA;NA;NA
43;"RS";4311270;"431127";"Lagoa dos Três Cantos";"Não";"-";"Total";NA;NA;NA;NA;NA;NA;NA;NA;NA;NA;NA;NA;NA;NA;NA;NA;NA;NA;NA;NA;NA;NA;NA;NA;NA
43;"RS";4311304;"431130";"Lagoa Vermelha";"Não";"-";"Total";NA;NA;NA;NA;NA;NA;NA;1;NA;1;NA;NA;1;NA;2;NA;1;NA;NA;NA;NA;NA;NA;2;NA
43;"RS";4311403;"431140";"Lajeado";"Não";"-";"Total";2;1;NA;NA;2;3;NA;1;2;4;NA;1;NA;NA;NA;1;2;5;1;NA;NA;2;6;3;NA
43;"RS";4311429;"431142";"Lajeado do Bugre";"Não";"-";"Total";NA;NA;NA;NA;NA;NA;NA;NA;NA;NA;NA;NA;NA;NA;NA;NA;NA;NA;NA;NA;NA;NA;NA;NA;NA
43;"RS";4311502;"431150";"Lavras do Sul";"Não";"-";"Total";NA;NA;NA;NA;1;NA;NA;NA;NA;NA;NA;NA;NA;NA;NA;NA;NA;NA;NA;NA;NA;NA;NA;NA;NA
43;"RS";4311601;"431160";"Liberato Salzano";"Não";"-";"Total";NA;NA;NA;NA;NA;NA;NA;NA;NA;NA;NA;NA;NA;NA;NA;NA;NA;NA;NA;NA;NA;NA;NA;NA;NA
43;"RS";4311627;"431162";"Lindolfo Collor";"Não";"-";"Total";NA;NA;NA;NA;NA;NA;NA;NA;NA;NA;NA;NA;NA;NA;NA;NA;NA;NA;NA;NA;NA;NA;NA;NA;NA
43;"RS";4311643;"431164";"Linha Nova";"Não";"-";"Total";NA;NA;NA;NA;NA;NA;NA;NA;NA;NA;NA;NA;NA;NA;NA;NA;NA;NA;NA;NA;NA;NA;NA;NA;NA
43;"RS";4311700;"431170";"Machadinho";"Não";"-";"Total";NA;NA;NA;NA;NA;NA;NA;NA;NA;NA;NA;NA;NA;NA;NA;NA;NA;NA;NA;NA;NA;NA;NA;NA;NA
43;"RS";4311718;"431171";"Maçambará";"Não";"-";"Total";NA;NA;NA;NA;NA;NA;NA;NA;NA;NA;NA;NA;NA;NA;NA;NA;NA;NA;NA;NA;1;NA;NA;NA;NA
43;"RS";4311734;"431173";"Mampituba";"Não";"-";"Total";NA;NA;NA;NA;NA;NA;NA;NA;NA;NA;NA;NA;NA;NA;NA;NA;NA;NA;NA;NA;NA;NA;NA;NA;NA
43;"RS";4311759;"431175";"Manoel Viana";"Não";"-";"Total";NA;NA;NA;NA;NA;1;NA;NA;NA;NA;NA;NA;1;NA;NA;1;NA;NA;NA;NA;NA;NA;NA;NA;NA
43;"RS";4311775;"431177";"Maquiné";"Não";"-";"Total";NA;1;NA;NA;NA;NA;NA;1;1;NA;1;3;NA;NA;NA;NA;1;NA;NA;NA;NA;NA;NA;NA;NA
43;"RS";4311791;"431179";"Maratá";"Não";"-";"Total";NA;NA;NA;NA;NA;NA;NA;NA;NA;NA;NA;NA;NA;NA;NA;NA;NA;NA;NA;NA;NA;NA;NA;NA;NA
43;"RS";4311809;"431180";"Marau";"Não";"-";"Total";NA;1;NA;NA;NA;NA;NA;1;NA;NA;1;NA;NA;NA;1;2;NA;NA;1;NA;NA;1;1;NA;NA
43;"RS";4311908;"431190";"Marcelino Ramos";"Não";"-";"Total";NA;NA;NA;NA;1;NA;NA;1;NA;NA;1;NA;NA;NA;NA;NA;NA;NA;NA;NA;NA;NA;NA;NA;NA
43;"RS";4311981;"431198";"Mariana Pimentel";"Não";"-";"Total";NA;NA;NA;NA;NA;NA;NA;NA;NA;NA;NA;NA;NA;NA;NA;NA;NA;NA;NA;NA;NA;NA;NA;NA;NA
43;"RS";4312005;"431200";"Mariano Moro";"Não";"-";"Total";NA;NA;NA;NA;NA;NA;NA;NA;NA;NA;NA;NA;NA;NA;NA;NA;NA;NA;NA;NA;NA;NA;NA;NA;NA
43;"RS";4312054;"431205";"Marques de Souza";"Não";"-";"Total";NA;1;NA;NA;1;NA;NA;NA;NA;NA;NA;NA;NA;NA;NA;NA;NA;NA;NA;NA;NA;NA;NA;2;NA
43;"RS";4312104;"431210";"Mata";"Não";"-";"Total";NA;NA;NA;NA;NA;NA;NA;NA;NA;NA;NA;NA;1;NA;NA;NA;NA;NA;NA;NA;NA;NA;NA;NA;NA
43;"RS";4312138;"431213";"Mato Castelhano";"Não";"-";"Total";NA;NA;NA;NA;NA;NA;NA;NA;NA;NA;NA;NA;NA;NA;NA;NA;NA;NA;NA;NA;NA;NA;NA;NA;NA
43;"RS";4312153;"431215";"Mato Leitão";"Não";"-";"Total";NA;NA;NA;NA;NA;NA;NA;NA;NA;NA;NA;NA;NA;NA;NA;NA;NA;NA;NA;NA;NA;NA;NA;NA;NA
43;"RS";4312179;"431217";"Mato Queimado";"Não";"-";"Total";NA;NA;NA;NA;NA;NA;NA;NA;NA;NA;NA;NA;NA;NA;NA;NA;NA;NA;NA;NA;NA;NA;NA;NA;NA
43;"RS";4312203;"431220";"Maximiliano de Almeida";"Não";"-";"Total";NA;NA;NA;NA;NA;NA;NA;1;NA;NA;NA;NA;NA;NA;1;1;NA;NA;NA;NA;NA;NA;NA;NA;NA
43;"RS";4312252;"431225";"Minas do Leão";"Não";"-";"Total";NA;NA;NA;NA;NA;NA;NA;NA;NA;NA;1;NA;1;NA;NA;1;NA;NA;NA;NA;1;NA;NA;NA;NA
43;"RS";4312302;"431230";"Miraguaí";"Não";"-";"Total";NA;NA;1;NA;NA;NA;NA;1;NA;NA;NA;NA;NA;NA;NA;NA;NA;NA;1;NA;NA;NA;NA;NA;NA
43;"RS";4312351;"431235";"Montauri";"Não";"-";"Total";NA;NA;NA;NA;NA;NA;NA;NA;NA;NA;NA;NA;NA;NA;NA;NA;NA;NA;NA;NA;NA;NA;NA;NA;NA
43;"RS";4312377;"431237";"Monte Alegre dos Campos";"Não";"-";"Total";NA;NA;NA;NA;1;NA;NA;NA;NA;NA;NA;NA;NA;NA;NA;1;NA;NA;NA;NA;NA;NA;NA;1;NA
43;"RS";4312385;"431238";"Monte Belo do Sul";"Não";"Região Metropolitana da Serra Gaúcha";"Total";NA;NA;NA;NA;NA;NA;NA;NA;NA;NA;NA;NA;NA;NA;NA;NA;NA;NA;NA;NA;NA;NA;NA;NA;NA
43;"RS";4312401;"431240";"Montenegro";"Não";"Região Metropolitana de Porto Alegre";"Total";NA;2;NA;1;3;1;2;NA;NA;NA;NA;3;NA;NA;NA;NA;NA;NA;3;NA;2;1;NA;2;NA
43;"RS";4312427;"431242";"Mormaço";"Não";"-";"Total";NA;NA;NA;NA;NA;NA;NA;NA;NA;NA;NA;NA;1;NA;NA;NA;1;NA;NA;NA;NA;NA;1;NA;NA
43;"RS";4312443;"431244";"Morrinhos do Sul";"Não";"-";"Total";NA;NA;NA;NA;NA;NA;NA;NA;NA;NA;NA;NA;NA;NA;NA;NA;NA;NA;NA;NA;1;NA;NA;NA;NA
43;"RS";4312450;"431245";"Morro Redondo";"Não";"-";"Total";NA;NA;NA;NA;NA;NA;NA;NA;NA;NA;NA;NA;NA;NA;NA;NA;NA;NA;NA;NA;NA;NA;1;NA;NA
43;"RS";4312476;"431247";"Morro Reuter";"Não";"-";"Total";NA;NA;NA;NA;NA;NA;NA;NA;NA;NA;NA;NA;NA;NA;NA;NA;NA;NA;NA;NA;NA;NA;NA;NA;NA
43;"RS";4312500;"431250";"Mostardas";"Não";"-";"Total";NA;NA;NA;NA;NA;NA;NA;NA;NA;NA;1;1;NA;NA;1;NA;1;NA;NA;NA;2;NA;1;1;NA
43;"RS";4312609;"431260";"Muçum";"Não";"-";"Total";NA;NA;NA;NA;NA;NA;NA;NA;1;NA;NA;NA;NA;NA;1;NA;1;NA;NA;NA;1;NA;NA;NA;NA
43;"RS";4312617;"431261";"Muitos Capões";"Não";"-";"Total";NA;1;NA;NA;NA;NA;NA;NA;NA;NA;NA;NA;NA;NA;NA;NA;NA;NA;1;NA;NA;1;NA;NA;NA
43;"RS";4312625;"431262";"Muliterno";"Não";"-";"Total";NA;NA;NA;NA;NA;NA;NA;NA;NA;NA;NA;NA;NA;NA;NA;NA;NA;NA;NA;NA;NA;NA;NA;NA;NA
43;"RS";4312658;"431265";"Não-Me-Toque";"Não";"-";"Total";1;NA;NA;NA;1;NA;NA;2;NA;NA;1;NA;1;NA;NA;NA;NA;NA;NA;NA;1;NA;NA;NA;NA
43;"RS";4312674;"431267";"Nicolau Vergueiro";"Não";"-";"Total";NA;NA;NA;NA;NA;NA;NA;NA;NA;NA;NA;NA;NA;NA;NA;NA;NA;NA;1;NA;NA;NA;NA;NA;NA
43;"RS";4312708;"431270";"Nonoai";"Não";"-";"Total";NA;NA;NA;NA;2;NA;NA;NA;NA;NA;NA;NA;NA;2;NA;NA;NA;3;1;NA;1;NA;NA;NA;NA
43;"RS";4312757;"431275";"Nova Alvorada";"Não";"-";"Total";NA;NA;NA;NA;NA;NA;NA;NA;NA;NA;NA;NA;NA;NA;NA;NA;NA;NA;NA;NA;NA;NA;NA;NA;NA
43;"RS";4312807;"431280";"Nova Araçá";"Não";"-";"Total";1;NA;NA;NA;NA;NA;NA;NA;NA;NA;NA;NA;NA;NA;NA;NA;1;NA;NA;NA;NA;NA;NA;NA;NA
43;"RS";4312906;"431290";"Nova Bassano";"Não";"-";"Total";NA;NA;NA;NA;NA;NA;NA;NA;NA;NA;1;NA;2;NA;NA;NA;NA;NA;NA;NA;NA;NA;1;NA;NA
43;"RS";4312955;"431295";"Nova Boa Vista";"Não";"-";"Total";NA;NA;NA;NA;NA;NA;NA;NA;NA;NA;NA;NA;NA;NA;NA;NA;NA;NA;NA;NA;NA;NA;NA;NA;NA
43;"RS";4313003;"431300";"Nova Bréscia";"Não";"-";"Total";NA;NA;NA;NA;NA;NA;NA;NA;NA;NA;NA;NA;NA;NA;NA;NA;NA;NA;NA;NA;NA;NA;NA;NA;NA
43;"RS";4313011;"431301";"Nova Candelária";"Não";"-";"Total";NA;NA;NA;NA;NA;NA;NA;NA;NA;NA;NA;NA;NA;NA;NA;NA;NA;NA;NA;NA;NA;NA;NA;NA;NA
43;"RS";4313037;"431303";"Nova Esperança do Sul";"Não";"-";"Total";NA;NA;NA;NA;NA;NA;NA;NA;NA;NA;NA;NA;NA;NA;NA;NA;NA;NA;NA;NA;NA;NA;NA;NA;NA
43;"RS";4313060;"431306";"Nova Hartz";"Não";"Região Metropolitana de Porto Alegre";"Total";NA;1;NA;NA;NA;1;NA;NA;NA;NA;NA;NA;NA;NA;NA;NA;NA;NA;NA;NA;NA;NA;NA;NA;NA
43;"RS";4313086;"431308";"Nova Pádua";"Não";"Região Metropolitana da Serra Gaúcha";"Total";NA;NA;NA;NA;NA;NA;NA;NA;NA;NA;NA;NA;NA;NA;NA;NA;NA;NA;NA;NA;NA;NA;NA;NA;NA
43;"RS";4313102;"431310";"Nova Palma";"Não";"-";"Total";NA;NA;NA;NA;NA;NA;NA;NA;NA;NA;NA;NA;1;NA;NA;NA;NA;NA;NA;NA;NA;NA;1;NA;NA
43;"RS";4313201;"431320";"Nova Petrópolis";"Não";"-";"Total";NA;NA;NA;NA;1;1;NA;NA;1;NA;NA;NA;NA;NA;NA;NA;NA;NA;NA;NA;NA;NA;NA;NA;NA
43;"RS";4313300;"431330";"Nova Prata";"Não";"-";"Total";NA;NA;NA;NA;NA;1;NA;NA;NA;NA;NA;NA;NA;NA;NA;4;1;1;NA;NA;NA;NA;1;NA;NA
43;"RS";4313334;"431333";"Nova Ramada";"Não";"-";"Total";NA;NA;NA;NA;NA;NA;NA;NA;NA;NA;NA;NA;NA;NA;NA;NA;NA;NA;NA;NA;NA;NA;NA;NA;NA
43;"RS";4313359;"431335";"Nova Roma do Sul";"Não";"Região Metropolitana da Serra Gaúcha";"Total";NA;NA;NA;NA;NA;1;NA;NA;NA;NA;NA;NA;NA;NA;NA;NA;NA;NA;NA;NA;NA;NA;NA;NA;NA
43;"RS";4313375;"431337";"Nova Santa Rita";"Não";"Região Metropolitana de Porto Alegre";"Total";NA;NA;1;NA;NA;NA;NA;NA;NA;NA;NA;NA;NA;NA;NA;NA;1;1;NA;1;1;NA;NA;1;NA
43;"RS";4313391;"431339";"Novo Cabrais";"Não";"-";"Total";NA;NA;1;NA;1;NA;1;1;NA;NA;NA;NA;NA;NA;NA;NA;NA;2;NA;NA;NA;NA;NA;NA;NA
43;"RS";4313409;"431340";"Novo Hamburgo";"Não";"Região Metropolitana de Porto Alegre";"Total";NA;2;5;4;5;3;3;5;3;2;3;4;NA;2;3;NA;2;1;3;2;1;NA;7;2;NA
43;"RS";4313425;"431342";"Novo Machado";"Não";"-";"Total";NA;NA;NA;NA;NA;NA;NA;NA;NA;NA;NA;NA;NA;NA;NA;NA;NA;NA;NA;NA;NA;NA;NA;NA;NA
43;"RS";4313441;"431344";"Novo Tiradentes";"Não";"-";"Total";NA;NA;NA;NA;NA;NA;NA;NA;NA;NA;NA;NA;NA;NA;NA;1;NA;NA;NA;NA;NA;NA;NA;NA;NA
43;"RS";4313466;"431346";"Novo Xingu";"Não";"-";"Total";NA;NA;NA;NA;NA;NA;NA;NA;NA;NA;NA;NA;NA;NA;NA;NA;NA;NA;NA;NA;NA;NA;NA;NA;NA
43;"RS";4313490;"431349";"Novo Barreiro";"Não";"-";"Total";NA;NA;NA;NA;NA;NA;NA;NA;NA;NA;NA;NA;NA;NA;NA;NA;NA;NA;1;NA;NA;NA;NA;NA;NA
43;"RS";4313508;"431350";"Osório";"Não";"-";"Total";NA;1;NA;1;NA;NA;2;NA;NA;NA;4;2;1;1;1;1;NA;1;1;NA;2;1;NA;2;NA
43;"RS";4313607;"431360";"Paim Filho";"Não";"-";"Total";NA;NA;NA;NA;NA;NA;NA;NA;NA;NA;NA;NA;NA;NA;NA;NA;NA;NA;NA;NA;NA;NA;NA;NA;NA
43;"RS";4313656;"431365";"Palmares do Sul";"Não";"-";"Total";NA;NA;1;1;NA;NA;NA;1;NA;NA;NA;1;NA;1;NA;NA;1;NA;2;1;NA;NA;NA;1;NA
43;"RS";4313706;"431370";"Palmeira das Missões";"Não";"-";"Total";NA;NA;NA;NA;NA;NA;NA;NA;NA;NA;NA;NA;NA;NA;NA;NA;1;NA;NA;NA;NA;NA;NA;NA;NA
43;"RS";4313805;"431380";"Palmitinho";"Não";"-";"Total";NA;NA;NA;NA;NA;NA;NA;NA;NA;NA;NA;NA;1;NA;NA;NA;NA;NA;NA;NA;NA;NA;NA;NA;NA
43;"RS";4313904;"431390";"Panambi";"Não";"-";"Total";NA;1;NA;NA;1;NA;NA;NA;NA;NA;NA;1;1;NA;NA;1;NA;NA;NA;NA;NA;NA;NA;1;NA
43;"RS";4313953;"431395";"Pantano Grande";"Não";"-";"Total";1;1;NA;NA;NA;1;1;NA;NA;NA;NA;NA;1;1;NA;NA;NA;NA;NA;NA;NA;NA;NA;NA;NA
43;"RS";4314001;"431400";"Paraí";"Não";"-";"Total";NA;NA;NA;NA;NA;NA;NA;NA;NA;NA;NA;NA;NA;NA;NA;NA;1;NA;NA;1;NA;NA;NA;NA;NA
43;"RS";4314027;"431402";"Paraíso do Sul";"Não";"-";"Total";NA;NA;NA;NA;NA;NA;NA;NA;NA;NA;1;NA;NA;1;NA;NA;NA;NA;NA;1;NA;NA;1;NA;NA
43;"RS";4314035;"431403";"Pareci Novo";"Não";"-";"Total";NA;NA;NA;NA;NA;NA;NA;NA;NA;NA;NA;NA;NA;NA;NA;NA;NA;NA;NA;NA;NA;NA;NA;NA;NA
43;"RS";4314050;"431405";"Parobé";"Não";"Região Metropolitana de Porto Alegre";"Total";2;NA;NA;NA;2;1;2;NA;NA;NA;NA;2;2;NA;NA;NA;NA;NA;NA;NA;1;1;NA;1;NA
43;"RS";4314068;"431406";"Passa Sete";"Não";"-";"Total";NA;NA;1;NA;NA;NA;1;NA;NA;NA;NA;1;NA;NA;NA;NA;1;NA;NA;NA;NA;NA;NA;NA;NA
43;"RS";4314076;"431407";"Passo do Sobrado";"Não";"-";"Total";NA;NA;NA;NA;NA;NA;NA;NA;NA;1;NA;NA;NA;NA;NA;NA;NA;NA;NA;NA;NA;NA;NA;NA;NA
43;"RS";4314100;"431410";"Passo Fundo";"Não";"-";"Total";1;3;2;1;5;4;3;6;4;3;5;4;2;7;9;4;3;8;3;7;6;6;10;7;NA
43;"RS";4314134;"431413";"Paulo Bento";"Não";"-";"Total";NA;NA;NA;NA;NA;NA;NA;NA;NA;NA;NA;NA;NA;NA;NA;NA;NA;NA;NA;NA;NA;NA;NA;NA;NA
43;"RS";4314159;"431415";"Paverama";"Não";"-";"Total";NA;NA;NA;NA;NA;NA;NA;NA;NA;NA;NA;NA;NA;NA;NA;NA;NA;NA;NA;NA;NA;NA;NA;NA;NA
43;"RS";4314175;"431417";"Pedras Altas";"Não";"-";"Total";NA;NA;NA;NA;NA;NA;NA;NA;NA;NA;NA;NA;NA;NA;NA;NA;NA;NA;NA;NA;NA;NA;NA;NA;NA
43;"RS";4314209;"431420";"Pedro Osório";"Não";"-";"Total";NA;NA;NA;NA;NA;NA;NA;NA;NA;NA;1;1;NA;NA;NA;NA;NA;NA;NA;NA;NA;1;1;NA;NA
43;"RS";4314308;"431430";"Pejuçara";"Não";"-";"Total";NA;NA;NA;NA;NA;NA;NA;NA;NA;NA;NA;NA;NA;NA;NA;NA;NA;1;NA;NA;NA;NA;1;NA;NA
43;"RS";4314407;"431440";"Pelotas";"Não";"-";"Total";14;11;3;9;8;5;10;11;7;13;12;12;8;10;13;8;9;10;8;10;9;5;10;3;NA
43;"RS";4314423;"431442";"Picada Café";"Não";"-";"Total";NA;NA;NA;NA;NA;NA;NA;NA;NA;NA;NA;NA;1;NA;NA;NA;NA;NA;NA;1;NA;NA;1;NA;NA
43;"RS";4314456;"431445";"Pinhal";"Não";"-";"Total";NA;NA;NA;NA;NA;NA;NA;NA;NA;NA;NA;NA;NA;NA;NA;NA;NA;NA;NA;NA;NA;NA;NA;NA;NA
43;"RS";4314464;"431446";"Pinhal da Serra";"Não";"-";"Total";NA;NA;NA;NA;NA;NA;NA;NA;NA;NA;NA;NA;NA;NA;NA;NA;NA;NA;NA;NA;NA;NA;NA;NA;NA
43;"RS";4314472;"431447";"Pinhal Grande";"Não";"-";"Total";NA;NA;NA;NA;NA;NA;NA;NA;NA;NA;NA;NA;NA;NA;NA;NA;NA;NA;NA;NA;NA;1;NA;NA;NA
43;"RS";4314498;"431449";"Pinheirinho do Vale";"Não";"-";"Total";NA;NA;NA;NA;NA;NA;NA;NA;NA;NA;NA;NA;NA;NA;NA;NA;NA;NA;NA;NA;NA;NA;NA;NA;NA
43;"RS";4314506;"431450";"Pinheiro Machado";"Não";"-";"Total";NA;NA;NA;NA;NA;NA;NA;NA;NA;1;NA;NA;NA;NA;NA;NA;NA;NA;2;1;NA;1;NA;2;NA
43;"RS";4314548;"431454";"Pinto Bandeira";"Não";"Região Metropolitana da Serra Gaúcha";"Total";NA;NA;NA;NA;NA;NA;NA;NA;NA;NA;NA;NA;NA;NA;NA;NA;NA;NA;NA;NA;NA;NA;NA;NA;NA
43;"RS";4314555;"431455";"Pirapó";"Não";"-";"Total";NA;NA;NA;NA;NA;NA;NA;NA;NA;NA;NA;NA;NA;NA;NA;NA;NA;NA;NA;NA;NA;NA;NA;NA;NA
43;"RS";4314605;"431460";"Piratini";"Não";"-";"Total";1;NA;1;NA;NA;NA;NA;NA;NA;NA;1;NA;NA;NA;NA;NA;NA;NA;NA;1;NA;1;NA;1;NA
43;"RS";4314704;"431470";"Planalto";"Não";"-";"Total";NA;NA;NA;NA;NA;NA;NA;NA;NA;1;NA;NA;NA;1;NA;NA;NA;NA;1;1;NA;1;NA;NA;NA
43;"RS";4314753;"431475";"Poço das Antas";"Não";"-";"Total";NA;NA;NA;NA;NA;NA;NA;NA;NA;NA;NA;NA;NA;NA;NA;NA;NA;NA;NA;NA;NA;NA;NA;NA;NA
43;"RS";4314779;"431477";"Pontão";"Não";"-";"Total";NA;NA;NA;NA;NA;NA;NA;NA;NA;NA;NA;NA;NA;NA;NA;NA;NA;NA;1;NA;NA;NA;NA;NA;NA
43;"RS";4314787;"431478";"Ponte Preta";"Não";"-";"Total";NA;NA;NA;NA;NA;NA;NA;NA;NA;NA;NA;NA;NA;NA;NA;NA;NA;NA;NA;NA;NA;NA;NA;1;NA
43;"RS";4314803;"431480";"Portão";"Não";"Região Metropolitana de Porto Alegre";"Total";NA;1;2;NA;NA;NA;1;NA;1;NA;NA;NA;1;NA;1;1;NA;NA;NA;1;1;NA;NA;1;NA
43;"RS";4314902;"431490";"Porto Alegre";"Sim";"Região Metropolitana de Porto Alegre";"Total";38;35;41;41;33;40;26;26;48;39;40;24;24;28;29;40;21;19;14;24;13;23;30;21;NA
43;"RS";4315008;"431500";"Porto Lucena";"Não";"-";"Total";NA;NA;NA;NA;NA;NA;NA;NA;NA;NA;NA;NA;NA;NA;NA;NA;NA;NA;NA;NA;NA;NA;NA;NA;NA
43;"RS";4315057;"431505";"Porto Mauá";"Não";"-";"Total";NA;NA;1;NA;NA;NA;NA;NA;NA;NA;NA;NA;NA;NA;NA;NA;NA;NA;NA;NA;NA;NA;NA;NA;NA
43;"RS";4315073;"431507";"Porto Vera Cruz";"Não";"-";"Total";NA;NA;NA;NA;NA;NA;NA;NA;NA;NA;NA;NA;NA;NA;NA;NA;NA;NA;NA;NA;NA;NA;NA;NA;NA
43;"RS";4315107;"431510";"Porto Xavier";"Não";"-";"Total";NA;NA;NA;NA;NA;NA;NA;NA;NA;NA;NA;1;NA;NA;NA;NA;NA;NA;1;NA;NA;1;NA;NA;NA
43;"RS";4315131;"431513";"Pouso Novo";"Não";"-";"Total";2;1;NA;NA;NA;NA;NA;NA;NA;NA;NA;NA;NA;NA;NA;NA;NA;NA;1;NA;NA;NA;NA;NA;NA
43;"RS";4315149;"431514";"Presidente Lucena";"Não";"-";"Total";NA;NA;NA;NA;NA;NA;NA;NA;NA;NA;NA;NA;NA;NA;NA;NA;NA;NA;NA;NA;NA;1;NA;NA;NA
43;"RS";4315156;"431515";"Progresso";"Não";"-";"Total";NA;NA;NA;NA;NA;1;NA;NA;NA;NA;NA;NA;NA;NA;NA;NA;NA;NA;NA;NA;NA;NA;NA;NA;NA
43;"RS";4315172;"431517";"Protásio Alves";"Não";"-";"Total";NA;NA;NA;NA;NA;NA;NA;NA;NA;NA;NA;NA;NA;NA;NA;NA;NA;NA;NA;NA;NA;NA;NA;NA;NA
43;"RS";4315206;"431520";"Putinga";"Não";"-";"Total";NA;NA;NA;NA;NA;NA;NA;NA;NA;NA;NA;NA;NA;NA;NA;NA;NA;NA;NA;NA;NA;NA;NA;NA;NA
43;"RS";4315305;"431530";"Quaraí";"Não";"-";"Total";NA;NA;NA;1;NA;NA;NA;NA;NA;1;NA;1;NA;NA;NA;NA;NA;NA;NA;NA;NA;NA;NA;NA;NA
43;"RS";4315313;"431531";"Quatro Irmãos";"Não";"-";"Total";NA;NA;NA;NA;NA;NA;NA;NA;NA;NA;NA;NA;NA;NA;NA;NA;NA;NA;NA;NA;NA;NA;NA;NA;NA
43;"RS";4315321;"431532";"Quevedos";"Não";"-";"Total";NA;NA;NA;NA;NA;NA;NA;NA;NA;NA;NA;NA;NA;NA;NA;NA;NA;NA;NA;NA;NA;NA;NA;NA;NA
43;"RS";4315354;"431535";"Quinze de Novembro";"Não";"-";"Total";NA;NA;NA;NA;NA;NA;NA;NA;NA;NA;NA;NA;NA;NA;NA;NA;NA;NA;NA;NA;NA;NA;NA;NA;NA
43;"RS";4315404;"431540";"Redentora";"Não";"-";"Total";NA;NA;1;NA;NA;NA;NA;NA;NA;NA;NA;NA;1;NA;NA;NA;NA;NA;NA;NA;NA;NA;NA;NA;NA
43;"RS";4315453;"431545";"Relvado";"Não";"-";"Total";NA;NA;NA;NA;NA;NA;NA;NA;NA;NA;NA;NA;NA;NA;NA;NA;NA;NA;NA;NA;NA;NA;NA;NA;NA
43;"RS";4315503;"431550";"Restinga Sêca";"Não";"-";"Total";NA;2;1;1;NA;2;NA;NA;NA;3;NA;3;NA;2;NA;NA;NA;1;NA;NA;NA;1;1;NA;NA
43;"RS";4315552;"431555";"Rio dos Índios";"Não";"-";"Total";NA;NA;NA;NA;NA;NA;NA;NA;NA;NA;NA;NA;NA;NA;NA;NA;NA;NA;NA;NA;NA;NA;NA;NA;NA
43;"RS";4315602;"431560";"Rio Grande";"Não";"-";"Total";6;5;1;4;5;7;7;11;9;7;3;4;8;5;6;6;2;8;4;4;5;6;2;4;NA
43;"RS";4315701;"431570";"Rio Pardo";"Não";"-";"Total";2;1;NA;NA;NA;NA;1;1;NA;NA;1;NA;NA;NA;NA;2;3;NA;NA;NA;1;NA;2;1;NA
43;"RS";4315750;"431575";"Riozinho";"Não";"-";"Total";NA;NA;NA;NA;NA;NA;NA;NA;NA;NA;NA;NA;NA;NA;NA;NA;NA;NA;NA;NA;NA;NA;NA;NA;NA
43;"RS";4315800;"431580";"Roca Sales";"Não";"-";"Total";NA;NA;NA;NA;NA;NA;NA;NA;NA;NA;NA;NA;NA;NA;NA;NA;NA;NA;NA;NA;NA;NA;NA;NA;NA
43;"RS";4315909;"431590";"Rodeio Bonito";"Não";"-";"Total";NA;NA;NA;NA;NA;NA;NA;NA;NA;NA;1;NA;NA;NA;1;NA;NA;NA;NA;NA;NA;NA;NA;NA;NA
43;"RS";4315958;"431595";"Rolador";"Não";"-";"Total";NA;NA;NA;NA;NA;NA;NA;NA;NA;NA;NA;NA;NA;NA;NA;NA;NA;NA;NA;NA;NA;NA;NA;NA;NA
43;"RS";4316006;"431600";"Rolante";"Não";"Região Metropolitana de Porto Alegre";"Total";NA;NA;NA;NA;NA;NA;NA;NA;NA;NA;NA;NA;NA;1;NA;NA;NA;NA;NA;NA;NA;NA;NA;NA;NA
43;"RS";4316105;"431610";"Ronda Alta";"Não";"-";"Total";NA;NA;NA;NA;NA;NA;NA;NA;NA;NA;NA;NA;NA;NA;NA;NA;NA;NA;NA;NA;NA;NA;NA;NA;NA
43;"RS";4316204;"431620";"Rondinha";"Não";"-";"Total";1;NA;NA;NA;NA;NA;NA;NA;NA;NA;NA;NA;NA;NA;NA;NA;NA;NA;NA;NA;NA;NA;NA;NA;NA
43;"RS";4316303;"431630";"Roque Gonzales";"Não";"-";"Total";NA;NA;NA;NA;NA;NA;NA;NA;NA;NA;NA;NA;NA;NA;NA;NA;NA;NA;NA;1;NA;NA;NA;NA;NA
43;"RS";4316402;"431640";"Rosário do Sul";"Não";"-";"Total";NA;NA;NA;NA;1;1;1;NA;NA;NA;NA;1;NA;NA;NA;NA;NA;NA;1;1;1;NA;2;NA;NA
43;"RS";4316428;"431642";"Sagrada Família";"Não";"-";"Total";NA;NA;NA;NA;NA;NA;NA;NA;NA;NA;NA;NA;NA;NA;NA;NA;NA;NA;NA;NA;NA;NA;NA;NA;NA
43;"RS";4316436;"431643";"Saldanha Marinho";"Não";"-";"Total";NA;NA;NA;NA;NA;NA;NA;NA;NA;NA;NA;NA;NA;1;NA;NA;NA;NA;NA;NA;NA;NA;NA;NA;NA
43;"RS";4316451;"431645";"Salto do Jacuí";"Não";"-";"Total";NA;1;NA;NA;NA;NA;NA;NA;NA;NA;NA;NA;NA;NA;1;1;NA;NA;NA;2;NA;NA;NA;NA;NA
43;"RS";4316477;"431647";"Salvador das Missões";"Não";"-";"Total";NA;NA;NA;NA;NA;NA;NA;NA;NA;NA;NA;NA;NA;NA;NA;NA;NA;NA;NA;NA;NA;NA;NA;NA;NA
43;"RS";4316501;"431650";"Salvador do Sul";"Não";"-";"Total";NA;NA;NA;NA;NA;NA;NA;NA;NA;NA;NA;NA;NA;NA;NA;NA;NA;NA;NA;1;1;NA;NA;NA;NA
43;"RS";4316600;"431660";"Sananduva";"Não";"-";"Total";NA;NA;NA;NA;NA;NA;NA;NA;NA;NA;NA;NA;NA;NA;NA;NA;NA;1;1;NA;NA;NA;1;NA;NA
43;"RS";4316709;"431670";"Santa Bárbara do Sul";"Não";"-";"Total";NA;NA;NA;NA;NA;NA;NA;NA;NA;NA;NA;NA;NA;NA;NA;NA;1;NA;NA;1;NA;NA;1;NA;NA
43;"RS";4316733;"431673";"Santa Cecília do Sul";"Não";"-";"Total";NA;NA;NA;NA;NA;NA;NA;NA;NA;NA;NA;NA;NA;NA;NA;NA;NA;NA;NA;NA;NA;NA;NA;NA;NA
43;"RS";4316758;"431675";"Santa Clara do Sul";"Não";"-";"Total";NA;NA;NA;NA;NA;NA;NA;NA;NA;NA;NA;NA;NA;NA;NA;NA;NA;NA;NA;NA;NA;NA;NA;NA;NA
43;"RS";4316808;"431680";"Santa Cruz do Sul";"Não";"-";"Total";2;NA;5;4;5;2;5;4;NA;NA;2;2;2;2;5;5;3;NA;1;8;4;6;2;2;NA
43;"RS";4316907;"431690";"Santa Maria";"Não";"-";"Total";1;7;12;5;2;7;9;7;4;6;9;5;4;11;6;4;4;5;9;7;7;8;5;4;NA
43;"RS";4316956;"431695";"Santa Maria do Herval";"Não";"-";"Total";NA;NA;NA;NA;NA;NA;NA;NA;NA;NA;NA;NA;NA;NA;NA;NA;NA;NA;NA;NA;NA;NA;NA;NA;NA
43;"RS";4316972;"431697";"Santa Margarida do Sul";"Não";"-";"Total";NA;NA;NA;NA;NA;NA;NA;NA;NA;NA;NA;NA;NA;NA;NA;NA;NA;NA;1;NA;NA;NA;NA;NA;NA
43;"RS";4317004;"431700";"Santana da Boa Vista";"Não";"-";"Total";NA;NA;NA;NA;NA;NA;NA;NA;NA;NA;NA;2;NA;1;NA;NA;NA;2;NA;NA;NA;2;NA;NA;NA
43;"RS";4317103;"431710";"Sant'Ana do Livramento";"Não";"-";"Total";1;NA;NA;NA;1;NA;NA;2;2;2;1;4;4;2;1;2;1;NA;3;1;2;1;NA;2;NA
43;"RS";4317202;"431720";"Santa Rosa";"Não";"-";"Total";NA;NA;1;NA;2;NA;2;2;1;NA;2;NA;NA;NA;2;NA;NA;NA;NA;1;1;1;1;2;NA
43;"RS";4317251;"431725";"Santa Tereza";"Não";"Região Metropolitana da Serra Gaúcha";"Total";NA;NA;NA;NA;NA;NA;NA;NA;NA;NA;NA;NA;NA;NA;NA;NA;NA;NA;NA;NA;NA;NA;NA;NA;NA
43;"RS";4317301;"431730";"Santa Vitória do Palmar";"Não";"-";"Total";NA;NA;NA;NA;NA;NA;1;1;NA;1;1;NA;2;NA;2;1;NA;2;1;NA;1;NA;NA;NA;NA
43;"RS";4317400;"431740";"Santiago";"Não";"-";"Total";1;NA;NA;NA;NA;1;NA;NA;NA;NA;NA;NA;NA;NA;NA;NA;1;NA;NA;1;2;NA;NA;NA;NA
43;"RS";4317509;"431750";"Santo Ângelo";"Não";"-";"Total";NA;NA;NA;NA;1;NA;1;NA;1;3;1;NA;NA;NA;NA;1;1;NA;1;2;NA;NA;4;NA;NA
43;"RS";4317558;"431755";"Santo Antônio do Palma";"Não";"-";"Total";NA;NA;NA;NA;NA;NA;NA;NA;NA;NA;NA;NA;NA;NA;NA;NA;NA;NA;NA;NA;NA;NA;NA;NA;NA
43;"RS";4317608;"431760";"Santo Antônio da Patrulha";"Não";"Região Metropolitana de Porto Alegre";"Total";1;NA;NA;NA;2;2;NA;1;NA;NA;NA;NA;1;NA;3;NA;1;NA;1;NA;1;NA;NA;NA;NA
43;"RS";4317707;"431770";"Santo Antônio das Missões";"Não";"-";"Total";NA;NA;NA;NA;NA;NA;NA;NA;NA;NA;NA;NA;NA;NA;NA;NA;NA;1;NA;NA;NA;NA;NA;NA;NA
43;"RS";4317756;"431775";"Santo Antônio do Planalto";"Não";"-";"Total";NA;NA;NA;NA;NA;NA;NA;NA;NA;NA;NA;NA;NA;NA;NA;NA;NA;NA;NA;NA;NA;NA;NA;NA;NA
43;"RS";4317806;"431780";"Santo Augusto";"Não";"-";"Total";NA;NA;1;1;NA;NA;NA;1;NA;NA;NA;NA;NA;NA;1;NA;NA;NA;NA;NA;NA;NA;NA;NA;NA
43;"RS";4317905;"431790";"Santo Cristo";"Não";"-";"Total";NA;NA;NA;NA;NA;NA;NA;NA;NA;NA;NA;NA;NA;NA;NA;1;NA;NA;NA;NA;NA;NA;NA;NA;NA
43;"RS";4317954;"431795";"Santo Expedito do Sul";"Não";"-";"Total";NA;NA;NA;NA;NA;NA;NA;NA;NA;NA;NA;NA;NA;NA;NA;NA;NA;NA;NA;NA;NA;NA;NA;NA;NA
43;"RS";4318002;"431800";"São Borja";"Não";"-";"Total";NA;NA;NA;2;NA;NA;NA;NA;NA;1;NA;NA;1;3;NA;NA;NA;1;NA;NA;NA;1;NA;NA;NA
43;"RS";4318051;"431805";"São Domingos do Sul";"Não";"-";"Total";NA;NA;NA;NA;NA;NA;NA;NA;NA;NA;NA;NA;NA;NA;NA;NA;NA;NA;NA;NA;NA;3;NA;NA;NA
43;"RS";4318101;"431810";"São Francisco de Assis";"Não";"-";"Total";NA;NA;NA;NA;NA;NA;NA;NA;NA;NA;NA;NA;NA;NA;NA;NA;NA;NA;NA;NA;NA;NA;NA;NA;NA
43;"RS";4318200;"431820";"São Francisco de Paula";"Não";"-";"Total";NA;NA;5;NA;1;NA;NA;1;1;1;NA;NA;1;1;NA;NA;1;1;NA;NA;1;NA;1;5;NA
43;"RS";4318309;"431830";"São Gabriel";"Não";"-";"Total";1;1;4;NA;NA;3;2;4;2;NA;2;NA;NA;1;1;1;2;4;1;2;NA;NA;NA;2;NA
43;"RS";4318408;"431840";"São Jerônimo";"Não";"Região Metropolitana de Porto Alegre";"Total";NA;NA;1;NA;NA;NA;NA;NA;1;NA;NA;1;1;NA;1;NA;NA;NA;NA;NA;NA;1;NA;2;NA
43;"RS";4318424;"431842";"São João da Urtiga";"Não";"-";"Total";NA;NA;NA;NA;NA;NA;NA;NA;NA;NA;NA;NA;NA;NA;NA;NA;NA;NA;NA;NA;NA;NA;1;NA;NA
43;"RS";4318432;"431843";"São João do Polêsine";"Não";"-";"Total";NA;NA;1;NA;1;NA;NA;NA;NA;NA;NA;NA;NA;NA;NA;NA;NA;NA;2;NA;NA;1;NA;NA;NA
43;"RS";4318440;"431844";"São Jorge";"Não";"-";"Total";NA;1;NA;NA;NA;NA;NA;NA;NA;NA;NA;NA;1;NA;NA;NA;NA;NA;NA;NA;NA;NA;NA;NA;NA
43;"RS";4318457;"431845";"São José das Missões";"Não";"-";"Total";NA;NA;1;NA;NA;NA;NA;NA;NA;NA;NA;NA;NA;NA;NA;NA;NA;NA;NA;NA;NA;NA;NA;NA;NA
43;"RS";4318465;"431846";"São José do Herval";"Não";"-";"Total";NA;NA;1;NA;NA;NA;NA;NA;NA;NA;1;NA;NA;NA;NA;NA;NA;1;NA;NA;NA;NA;1;NA;NA
43;"RS";4318481;"431848";"São José do Hortêncio";"Não";"-";"Total";NA;NA;NA;NA;NA;NA;NA;NA;NA;NA;NA;NA;NA;NA;NA;NA;NA;NA;NA;NA;NA;NA;NA;NA;NA
43;"RS";4318499;"431849";"São José do Inhacorá";"Não";"-";"Total";NA;NA;NA;NA;NA;NA;NA;NA;NA;NA;NA;NA;NA;NA;NA;NA;NA;NA;NA;NA;NA;NA;NA;NA;NA
43;"RS";4318507;"431850";"São José do Norte";"Não";"-";"Total";NA;1;NA;NA;NA;NA;NA;NA;1;NA;1;4;1;NA;1;1;NA;1;NA;NA;NA;NA;NA;NA;NA
43;"RS";4318606;"431860";"São José do Ouro";"Não";"-";"Total";NA;NA;NA;NA;NA;NA;NA;NA;NA;NA;NA;NA;NA;NA;NA;NA;NA;NA;NA;NA;NA;NA;NA;NA;NA
43;"RS";4318614;"431861";"São José do Sul";"Não";"-";"Total";NA;NA;NA;NA;NA;NA;NA;NA;NA;NA;NA;NA;NA;NA;NA;NA;NA;NA;NA;NA;NA;NA;NA;NA;NA
43;"RS";4318622;"431862";"São José dos Ausentes";"Não";"-";"Total";NA;NA;NA;NA;NA;NA;NA;NA;NA;NA;NA;NA;NA;NA;NA;NA;NA;NA;NA;NA;NA;NA;NA;NA;NA
43;"RS";4318705;"431870";"São Leopoldo";"Não";"Região Metropolitana de Porto Alegre";"Total";1;1;4;9;8;6;6;NA;4;5;3;3;1;3;4;1;2;2;1;2;1;2;NA;NA;NA
43;"RS";4318804;"431880";"São Lourenço do Sul";"Não";"-";"Total";NA;NA;NA;NA;2;NA;NA;NA;1;NA;1;NA;NA;NA;NA;NA;1;NA;NA;NA;NA;NA;NA;NA;NA
43;"RS";4318903;"431890";"São Luiz Gonzaga";"Não";"-";"Total";1;NA;NA;NA;NA;1;NA;NA;NA;NA;1;NA;NA;NA;2;2;NA;NA;NA;1;NA;NA;2;4;NA
43;"RS";4319000;"431900";"São Marcos";"Não";"Região Metropolitana da Serra Gaúcha";"Total";NA;NA;NA;NA;NA;NA;NA;NA;NA;NA;NA;NA;NA;NA;NA;NA;NA;NA;NA;NA;NA;NA;NA;NA;NA
43;"RS";4319109;"431910";"São Martinho";"Não";"-";"Total";NA;NA;NA;1;NA;NA;NA;NA;NA;1;NA;NA;NA;NA;NA;NA;NA;NA;NA;NA;NA;NA;NA;NA;NA
43;"RS";4319125;"431912";"São Martinho da Serra";"Não";"-";"Total";NA;NA;NA;NA;NA;NA;NA;NA;NA;NA;NA;NA;NA;NA;NA;NA;NA;NA;NA;NA;NA;NA;NA;NA;NA
43;"RS";4319158;"431915";"São Miguel das Missões";"Não";"-";"Total";NA;NA;NA;NA;NA;NA;NA;NA;1;NA;NA;NA;NA;1;NA;NA;NA;NA;NA;NA;NA;NA;NA;NA;NA
43;"RS";4319208;"431920";"São Nicolau";"Não";"-";"Total";NA;NA;NA;NA;NA;NA;NA;NA;NA;NA;NA;NA;NA;NA;NA;NA;NA;NA;NA;NA;NA;NA;NA;1;NA
43;"RS";4319307;"431930";"São Paulo das Missões";"Não";"-";"Total";NA;NA;NA;NA;NA;NA;NA;NA;NA;NA;NA;NA;NA;NA;NA;NA;NA;NA;NA;NA;NA;NA;NA;NA;NA
43;"RS";4319356;"431935";"São Pedro da Serra";"Não";"-";"Total";NA;NA;NA;NA;1;NA;NA;NA;NA;NA;NA;NA;NA;NA;NA;NA;NA;NA;NA;NA;NA;NA;NA;NA;NA
43;"RS";4319364;"431936";"São Pedro das Missões";"Não";"-";"Total";NA;NA;NA;NA;NA;NA;NA;NA;NA;NA;NA;NA;NA;NA;NA;NA;NA;NA;NA;NA;NA;NA;NA;NA;NA
43;"RS";4319372;"431937";"São Pedro do Butiá";"Não";"-";"Total";NA;NA;NA;NA;NA;NA;NA;NA;NA;NA;NA;1;NA;NA;NA;NA;NA;NA;NA;NA;NA;NA;NA;NA;NA
43;"RS";4319406;"431940";"São Pedro do Sul";"Não";"-";"Total";1;NA;NA;NA;1;NA;1;NA;NA;NA;2;NA;NA;NA;NA;NA;NA;NA;NA;NA;NA;NA;NA;NA;NA
43;"RS";4319505;"431950";"São Sebastião do Caí";"Não";"Região Metropolitana de Porto Alegre";"Total";1;NA;1;NA;NA;1;2;NA;NA;1;1;NA;1;NA;NA;1;NA;NA;NA;NA;1;NA;NA;NA;NA
43;"RS";4319604;"431960";"São Sepé";"Não";"-";"Total";NA;2;1;NA;NA;NA;NA;1;NA;1;1;NA;1;NA;NA;NA;2;NA;2;NA;1;NA;1;NA;NA
43;"RS";4319703;"431970";"São Valentim";"Não";"-";"Total";NA;NA;NA;NA;NA;NA;NA;NA;NA;NA;NA;NA;NA;NA;NA;NA;NA;NA;NA;NA;NA;NA;NA;NA;NA
43;"RS";4319711;"431971";"São Valentim do Sul";"Não";"-";"Total";NA;NA;NA;NA;NA;NA;NA;NA;NA;NA;NA;NA;NA;NA;NA;NA;NA;NA;NA;NA;NA;NA;NA;NA;NA
43;"RS";4319737;"431973";"São Valério do Sul";"Não";"-";"Total";NA;NA;NA;NA;NA;NA;NA;NA;NA;NA;NA;NA;NA;NA;NA;NA;NA;NA;NA;NA;NA;NA;NA;NA;NA
43;"RS";4319752;"431975";"São Vendelino";"Não";"-";"Total";NA;NA;NA;NA;NA;NA;NA;NA;NA;NA;NA;NA;NA;NA;NA;NA;NA;NA;NA;NA;NA;NA;NA;NA;NA
43;"RS";4319802;"431980";"São Vicente do Sul";"Não";"-";"Total";NA;NA;NA;NA;NA;NA;NA;1;NA;1;1;1;NA;NA;NA;1;NA;1;NA;1;NA;NA;1;NA;NA
43;"RS";4319901;"431990";"Sapiranga";"Não";"Região Metropolitana de Porto Alegre";"Total";NA;2;2;1;NA;2;3;NA;1;1;NA;NA;NA;2;2;1;1;1;NA;NA;NA;NA;NA;NA;NA
43;"RS";4320008;"432000";"Sapucaia do Sul";"Não";"Região Metropolitana de Porto Alegre";"Total";2;NA;3;3;4;NA;NA;2;NA;4;2;4;1;4;4;1;NA;NA;NA;3;NA;3;3;1;NA
43;"RS";4320107;"432010";"Sarandi";"Não";"-";"Total";NA;NA;NA;NA;NA;NA;NA;NA;NA;1;1;NA;NA;2;1;NA;NA;NA;NA;NA;NA;1;NA;NA;NA
43;"RS";4320206;"432020";"Seberi";"Não";"-";"Total";NA;NA;NA;1;NA;NA;NA;NA;NA;NA;1;NA;1;2;1;NA;NA;NA;NA;NA;NA;NA;2;NA;NA
43;"RS";4320230;"432023";"Sede Nova";"Não";"-";"Total";NA;NA;NA;NA;NA;NA;NA;NA;NA;NA;NA;NA;NA;NA;NA;NA;NA;NA;NA;NA;NA;NA;NA;NA;NA
43;"RS";4320263;"432026";"Segredo";"Não";"-";"Total";NA;NA;NA;NA;NA;NA;NA;NA;NA;NA;NA;NA;2;NA;NA;NA;NA;NA;NA;NA;NA;NA;NA;NA;NA
43;"RS";4320305;"432030";"Selbach";"Não";"-";"Total";2;NA;NA;NA;NA;NA;NA;NA;NA;NA;NA;NA;NA;NA;NA;NA;NA;NA;1;NA;1;1;NA;NA;NA
43;"RS";4320321;"432032";"Senador Salgado Filho";"Não";"-";"Total";1;NA;NA;NA;NA;NA;NA;NA;NA;NA;NA;NA;NA;NA;NA;NA;NA;NA;NA;NA;NA;NA;NA;NA;NA
43;"RS";4320354;"432035";"Sentinela do Sul";"Não";"-";"Total";NA;NA;NA;NA;NA;NA;1;NA;NA;NA;NA;NA;NA;NA;NA;NA;NA;NA;NA;NA;1;NA;NA;NA;NA
43;"RS";4320404;"432040";"Serafina Corrêa";"Não";"-";"Total";NA;NA;NA;NA;NA;NA;NA;NA;NA;NA;NA;NA;NA;NA;NA;NA;NA;1;NA;NA;NA;NA;NA;NA;NA
43;"RS";4320453;"432045";"Sério";"Não";"-";"Total";NA;NA;NA;NA;NA;NA;NA;NA;NA;NA;NA;NA;NA;NA;NA;NA;NA;NA;NA;NA;NA;NA;NA;NA;NA
43;"RS";4320503;"432050";"Sertão";"Não";"-";"Total";NA;NA;NA;NA;NA;NA;NA;NA;NA;NA;NA;NA;NA;NA;NA;NA;NA;NA;1;NA;1;NA;NA;NA;NA
43;"RS";4320552;"432055";"Sertão Santana";"Não";"-";"Total";NA;NA;NA;NA;NA;NA;NA;NA;NA;NA;NA;NA;NA;NA;1;NA;NA;NA;4;NA;NA;NA;NA;NA;NA
43;"RS";4320578;"432057";"Sete de Setembro";"Não";"-";"Total";NA;NA;NA;NA;NA;NA;NA;NA;NA;NA;NA;NA;NA;NA;NA;NA;NA;NA;NA;NA;NA;NA;NA;NA;NA
43;"RS";4320602;"432060";"Severiano de Almeida";"Não";"-";"Total";NA;NA;NA;NA;NA;1;NA;NA;NA;NA;NA;NA;NA;NA;NA;NA;NA;NA;NA;NA;NA;NA;NA;NA;NA
43;"RS";4320651;"432065";"Silveira Martins";"Não";"-";"Total";NA;NA;NA;NA;1;NA;NA;NA;NA;NA;NA;NA;NA;NA;NA;NA;NA;1;NA;NA;NA;NA;NA;NA;NA
43;"RS";4320677;"432067";"Sinimbu";"Não";"-";"Total";NA;NA;NA;NA;NA;NA;NA;NA;NA;NA;NA;NA;NA;2;NA;NA;NA;NA;1;NA;NA;NA;NA;NA;NA
43;"RS";4320701;"432070";"Sobradinho";"Não";"-";"Total";1;2;NA;NA;1;NA;NA;NA;NA;1;NA;1;1;NA;NA;NA;NA;NA;NA;NA;NA;NA;1;NA;NA
43;"RS";4320800;"432080";"Soledade";"Não";"-";"Total";NA;NA;1;4;NA;1;NA;NA;NA;NA;3;NA;NA;NA;NA;NA;NA;1;NA;NA;1;NA;2;3;NA
43;"RS";4320859;"432085";"Tabaí";"Não";"-";"Total";1;NA;NA;NA;NA;NA;NA;NA;NA;NA;NA;NA;NA;1;NA;NA;NA;NA;NA;NA;1;NA;NA;NA;NA
43;"RS";4320909;"432090";"Tapejara";"Não";"-";"Total";NA;NA;1;NA;NA;NA;NA;NA;NA;NA;1;NA;NA;NA;NA;1;NA;NA;NA;NA;NA;NA;NA;1;NA
43;"RS";4321006;"432100";"Tapera";"Não";"-";"Total";NA;NA;1;NA;1;NA;NA;1;NA;NA;NA;NA;NA;NA;NA;NA;NA;NA;NA;NA;NA;NA;1;NA;NA
43;"RS";4321105;"432110";"Tapes";"Não";"-";"Total";NA;NA;NA;NA;NA;NA;1;NA;1;1;NA;NA;NA;1;NA;NA;NA;NA;NA;NA;NA;NA;NA;NA;NA
43;"RS";4321204;"432120";"Taquara";"Não";"Região Metropolitana de Porto Alegre";"Total";1;3;1;NA;NA;1;2;1;NA;NA;1;NA;2;NA;NA;NA;1;NA;NA;NA;1;NA;NA;1;NA
43;"RS";4321303;"432130";"Taquari";"Não";"-";"Total";NA;NA;NA;NA;NA;NA;NA;NA;NA;NA;1;1;NA;NA;NA;NA;NA;NA;NA;NA;1;NA;NA;NA;NA
43;"RS";4321329;"432132";"Taquaruçu do Sul";"Não";"-";"Total";NA;NA;NA;NA;1;NA;NA;NA;NA;NA;NA;NA;NA;NA;NA;NA;NA;NA;NA;NA;NA;NA;NA;NA;NA
43;"RS";4321352;"432135";"Tavares";"Não";"-";"Total";NA;NA;1;NA;NA;NA;NA;NA;NA;NA;NA;NA;NA;NA;1;NA;NA;NA;NA;NA;NA;NA;NA;NA;NA
43;"RS";4321402;"432140";"Tenente Portela";"Não";"-";"Total";NA;NA;NA;NA;NA;NA;NA;NA;NA;NA;NA;NA;NA;NA;NA;NA;NA;NA;1;NA;1;NA;NA;1;NA
43;"RS";4321436;"432143";"Terra de Areia";"Não";"-";"Total";NA;NA;NA;NA;NA;NA;NA;NA;NA;NA;NA;NA;1;NA;1;NA;NA;NA;1;NA;NA;NA;NA;NA;NA
43;"RS";4321451;"432145";"Teutônia";"Não";"-";"Total";NA;NA;NA;NA;NA;NA;NA;NA;NA;NA;2;1;NA;NA;NA;NA;NA;1;NA;NA;NA;NA;NA;NA;NA
43;"RS";4321469;"432146";"Tio Hugo";"Não";"-";"Total";NA;NA;NA;NA;NA;1;NA;NA;NA;NA;NA;NA;1;NA;NA;NA;NA;NA;NA;NA;NA;2;NA;NA;NA
43;"RS";4321477;"432147";"Tiradentes do Sul";"Não";"-";"Total";NA;NA;NA;NA;NA;NA;NA;NA;NA;NA;NA;NA;NA;NA;NA;NA;NA;NA;NA;NA;NA;NA;NA;NA;NA
43;"RS";4321493;"432149";"Toropi";"Não";"-";"Total";NA;NA;NA;NA;NA;NA;NA;NA;NA;NA;NA;NA;NA;NA;NA;NA;NA;NA;NA;NA;NA;NA;NA;NA;NA
43;"RS";4321501;"432150";"Torres";"Não";"-";"Total";NA;NA;NA;NA;NA;1;NA;1;NA;NA;NA;NA;NA;2;NA;1;NA;NA;NA;NA;1;NA;NA;NA;NA
43;"RS";4321600;"432160";"Tramandaí";"Não";"-";"Total";NA;NA;NA;NA;NA;NA;NA;NA;2;NA;1;NA;NA;2;1;1;1;NA;1;NA;1;NA;NA;NA;NA
43;"RS";4321626;"432162";"Travesseiro";"Não";"-";"Total";NA;NA;NA;NA;NA;NA;NA;NA;NA;NA;NA;NA;NA;NA;NA;NA;NA;NA;NA;NA;NA;NA;NA;NA;NA
43;"RS";4321634;"432163";"Três Arroios";"Não";"-";"Total";NA;NA;NA;NA;NA;NA;NA;NA;NA;NA;NA;NA;NA;NA;NA;NA;NA;NA;NA;NA;NA;NA;NA;NA;NA
43;"RS";4321667;"432166";"Três Cachoeiras";"Não";"-";"Total";NA;NA;NA;NA;NA;NA;NA;NA;NA;NA;NA;1;NA;NA;NA;NA;NA;NA;NA;NA;NA;NA;NA;NA;NA
43;"RS";4321709;"432170";"Três Coroas";"Não";"-";"Total";NA;NA;NA;NA;NA;NA;NA;NA;NA;1;NA;1;1;NA;NA;NA;NA;NA;NA;NA;NA;NA;NA;NA;NA
43;"RS";4321808;"432180";"Três de Maio";"Não";"-";"Total";NA;NA;NA;NA;NA;NA;NA;NA;1;NA;NA;NA;NA;1;NA;NA;1;NA;NA;NA;NA;NA;NA;1;NA
43;"RS";4321832;"432183";"Três Forquilhas";"Não";"-";"Total";NA;NA;NA;NA;NA;NA;NA;NA;NA;NA;NA;NA;NA;NA;NA;NA;NA;NA;NA;NA;NA;NA;NA;NA;NA
43;"RS";4321857;"432185";"Três Palmeiras";"Não";"-";"Total";NA;NA;NA;NA;NA;NA;NA;NA;NA;NA;NA;NA;NA;NA;NA;NA;NA;NA;NA;NA;NA;1;1;NA;NA
43;"RS";4321907;"432190";"Três Passos";"Não";"-";"Total";NA;NA;NA;1;NA;NA;NA;NA;NA;NA;NA;NA;NA;NA;NA;NA;NA;NA;NA;NA;NA;NA;NA;NA;NA
43;"RS";4321956;"432195";"Trindade do Sul";"Não";"-";"Total";1;NA;NA;NA;NA;NA;NA;NA;NA;NA;NA;NA;NA;NA;NA;NA;NA;NA;NA;NA;1;NA;1;NA;NA
43;"RS";4322004;"432200";"Triunfo";"Não";"Região Metropolitana de Porto Alegre";"Total";4;NA;NA;NA;1;NA;1;1;1;1;NA;1;1;NA;NA;1;NA;1;1;1;NA;1;NA;1;NA
43;"RS";4322103;"432210";"Tucunduva";"Não";"-";"Total";1;NA;NA;NA;NA;NA;NA;NA;NA;NA;NA;NA;NA;NA;NA;NA;NA;NA;1;NA;NA;NA;NA;NA;NA
43;"RS";4322152;"432215";"Tunas";"Não";"-";"Total";NA;NA;NA;NA;NA;NA;NA;NA;NA;NA;NA;NA;NA;NA;NA;NA;NA;NA;NA;NA;NA;NA;NA;NA;NA
43;"RS";4322186;"432218";"Tupanci do Sul";"Não";"-";"Total";NA;NA;NA;NA;NA;NA;1;NA;NA;NA;NA;NA;NA;NA;NA;NA;NA;NA;NA;NA;NA;NA;NA;NA;NA
43;"RS";4322202;"432220";"Tupanciretã";"Não";"-";"Total";NA;1;1;NA;NA;1;NA;NA;1;NA;NA;NA;NA;NA;NA;1;NA;NA;1;2;NA;1;1;2;NA
43;"RS";4322251;"432225";"Tupandi";"Não";"-";"Total";NA;NA;NA;NA;NA;NA;NA;NA;NA;NA;NA;NA;NA;NA;NA;NA;NA;NA;NA;NA;NA;NA;NA;NA;NA
43;"RS";4322301;"432230";"Tuparendi";"Não";"-";"Total";NA;NA;NA;NA;NA;NA;NA;NA;NA;NA;NA;1;NA;NA;NA;NA;NA;NA;NA;NA;NA;NA;NA;NA;NA
43;"RS";4322327;"432232";"Turuçu";"Não";"-";"Total";1;NA;NA;NA;NA;NA;1;NA;NA;NA;NA;NA;NA;NA;1;NA;NA;NA;NA;NA;NA;NA;NA;NA;NA
43;"RS";4322343;"432234";"Ubiretama";"Não";"-";"Total";NA;NA;NA;NA;NA;NA;NA;NA;NA;NA;NA;NA;NA;NA;NA;NA;NA;NA;NA;NA;NA;NA;NA;NA;NA
43;"RS";4322350;"432235";"União da Serra";"Não";"-";"Total";NA;NA;NA;NA;NA;NA;NA;NA;NA;NA;NA;NA;NA;NA;NA;NA;NA;NA;NA;NA;NA;NA;NA;NA;NA
43;"RS";4322376;"432237";"Unistalda";"Não";"-";"Total";NA;NA;NA;NA;NA;NA;NA;NA;NA;NA;NA;NA;NA;NA;1;NA;NA;NA;NA;NA;NA;NA;NA;NA;NA
43;"RS";4322400;"432240";"Uruguaiana";"Não";"-";"Total";NA;2;2;2;NA;2;3;2;3;2;1;NA;3;2;1;3;1;1;1;1;2;NA;1;NA;NA
43;"RS";4322509;"432250";"Vacaria";"Não";"-";"Total";1;1;1;1;3;4;2;1;1;2;2;2;4;3;3;1;3;1;4;6;1;1;2;1;NA
43;"RS";4322525;"432252";"Vale Verde";"Não";"-";"Total";NA;NA;NA;NA;NA;NA;NA;NA;NA;NA;NA;NA;NA;1;NA;NA;NA;NA;NA;NA;1;NA;NA;2;NA
43;"RS";4322533;"432253";"Vale do Sol";"Não";"-";"Total";NA;NA;1;NA;1;1;1;1;NA;NA;1;NA;1;NA;2;NA;NA;NA;1;NA;NA;NA;NA;NA;NA
43;"RS";4322541;"432254";"Vale Real";"Não";"-";"Total";NA;NA;NA;NA;NA;NA;NA;NA;NA;NA;NA;NA;1;NA;NA;NA;NA;1;NA;NA;NA;NA;NA;NA;NA
43;"RS";4322558;"432255";"Vanini";"Não";"-";"Total";NA;NA;NA;NA;NA;NA;NA;NA;NA;NA;NA;NA;NA;NA;NA;NA;NA;NA;NA;NA;NA;NA;NA;NA;NA
43;"RS";4322608;"432260";"Venâncio Aires";"Não";"-";"Total";2;1;2;NA;1;2;2;NA;2;NA;1;1;1;NA;1;1;1;1;2;1;2;1;NA;1;NA
43;"RS";4322707;"432270";"Vera Cruz";"Não";"-";"Total";NA;1;NA;NA;NA;1;NA;NA;1;NA;1;2;NA;1;2;NA;2;NA;1;1;NA;1;NA;NA;NA
43;"RS";4322806;"432280";"Veranópolis";"Não";"-";"Total";NA;NA;NA;NA;NA;1;NA;NA;NA;NA;NA;NA;NA;NA;1;NA;NA;NA;NA;NA;NA;NA;NA;1;NA
43;"RS";4322855;"432285";"Vespasiano Corrêa";"Não";"-";"Total";NA;NA;NA;NA;NA;NA;NA;NA;NA;NA;NA;NA;NA;NA;NA;NA;NA;NA;NA;NA;NA;NA;NA;NA;NA
43;"RS";4322905;"432290";"Viadutos";"Não";"-";"Total";NA;NA;NA;NA;NA;NA;NA;NA;NA;NA;NA;NA;NA;NA;NA;NA;NA;NA;NA;NA;NA;NA;NA;NA;NA
43;"RS";4323002;"432300";"Viamão";"Não";"Região Metropolitana de Porto Alegre";"Total";1;2;2;3;1;4;2;4;NA;3;4;2;6;7;4;10;1;4;8;6;1;2;7;1;NA
43;"RS";4323101;"432310";"Vicente Dutra";"Não";"-";"Total";NA;NA;NA;NA;NA;1;NA;NA;NA;NA;NA;NA;NA;NA;NA;NA;NA;NA;NA;NA;NA;NA;NA;NA;NA
43;"RS";4323200;"432320";"Victor Graeff";"Não";"-";"Total";NA;NA;NA;NA;NA;NA;NA;NA;NA;NA;NA;NA;NA;NA;NA;NA;NA;NA;NA;NA;NA;NA;NA;NA;NA
43;"RS";4323309;"432330";"Vila Flores";"Não";"-";"Total";NA;NA;NA;NA;NA;NA;NA;NA;NA;NA;NA;NA;NA;2;NA;NA;1;NA;NA;1;NA;1;1;NA;NA
43;"RS";4323358;"432335";"Vila Lângaro";"Não";"-";"Total";NA;NA;NA;NA;NA;NA;NA;NA;NA;NA;NA;NA;NA;NA;NA;NA;NA;NA;NA;NA;NA;NA;NA;NA;NA
43;"RS";4323408;"432340";"Vila Maria";"Não";"-";"Total";NA;NA;NA;NA;NA;NA;NA;NA;NA;NA;NA;NA;NA;NA;NA;NA;1;NA;NA;NA;NA;NA;NA;NA;NA
43;"RS";4323457;"432345";"Vila Nova do Sul";"Não";"-";"Total";NA;NA;NA;NA;NA;NA;1;NA;NA;NA;NA;NA;NA;NA;NA;NA;NA;NA;NA;NA;NA;NA;NA;NA;NA
43;"RS";4323507;"432350";"Vista Alegre";"Não";"-";"Total";NA;NA;1;NA;NA;NA;NA;NA;NA;NA;NA;NA;2;NA;NA;NA;NA;NA;NA;NA;1;NA;NA;NA;NA
43;"RS";4323606;"432360";"Vista Alegre do Prata";"Não";"-";"Total";NA;NA;NA;NA;NA;NA;NA;NA;NA;NA;NA;NA;NA;NA;NA;NA;NA;NA;NA;NA;NA;NA;NA;NA;NA
43;"RS";4323705;"432370";"Vista Gaúcha";"Não";"-";"Total";NA;NA;NA;NA;NA;NA;NA;NA;NA;NA;NA;NA;NA;NA;NA;NA;NA;NA;NA;NA;NA;NA;NA;NA;NA
43;"RS";4323754;"432375";"Vitória das Missões";"Não";"-";"Total";NA;NA;NA;NA;NA;NA;NA;NA;NA;NA;NA;NA;NA;NA;NA;NA;NA;NA;NA;NA;NA;1;NA;NA;NA
43;"RS";4323770;"432377";"Westfália";"Não";"-";"Total";NA;NA;NA;NA;NA;NA;NA;NA;NA;NA;NA;NA;NA;NA;NA;NA;NA;NA;NA;NA;NA;NA;NA;NA;NA
43;"RS";4323804;"432380";"Xangri-lá";"Não";"-";"Total";NA;NA;1;NA;NA;NA;NA;NA;NA;NA;NA;1;1;NA;NA;NA;2;NA;NA;NA;NA;NA;NA;NA;NA
50;"MS";5000203;"500020";"Água Clara";"Não";"-";"Total";2;NA;NA;NA;NA;1;5;1;2;1;3;4;1;1;5;NA;2;1;1;NA;NA;3;3;3;NA
50;"MS";5000252;"500025";"Alcinópolis";"Não";"-";"Total";NA;NA;NA;NA;NA;2;NA;1;NA;NA;1;2;2;1;NA;NA;NA;NA;NA;1;1;2;NA;1;NA
50;"MS";5000609;"500060";"Amambai";"Não";"-";"Total";1;1;1;3;2;6;NA;NA;NA;3;2;3;3;6;5;4;2;6;3;5;3;4;NA;2;NA
50;"MS";5000708;"500070";"Anastácio";"Não";"-";"Total";1;2;NA;1;NA;NA;3;1;NA;1;1;3;NA;4;NA;2;NA;NA;1;1;3;1;3;5;NA
50;"MS";5000807;"500080";"Anaurilândia";"Não";"-";"Total";1;3;NA;NA;2;1;NA;1;2;NA;1;2;4;5;3;1;1;NA;NA;1;NA;NA;NA;NA;NA
50;"MS";5000856;"500085";"Angélica";"Não";"-";"Total";NA;NA;NA;1;1;1;NA;2;NA;NA;1;4;1;2;3;3;NA;1;1;NA;NA;2;1;1;NA
50;"MS";5000906;"500090";"Antônio João";"Não";"-";"Total";1;NA;NA;NA;NA;NA;1;1;2;3;1;2;1;2;3;1;1;2;NA;1;1;2;1;5;NA
50;"MS";5001003;"500100";"Aparecida do Taboado";"Não";"-";"Total";NA;2;2;NA;3;1;1;1;2;NA;3;2;7;2;4;1;1;1;3;1;1;NA;1;3;NA
50;"MS";5001102;"500110";"Aquidauana";"Não";"-";"Total";1;3;3;4;5;2;3;2;NA;2;5;4;9;2;4;3;2;5;7;7;5;8;2;4;NA
50;"MS";5001243;"500124";"Aral Moreira";"Não";"-";"Total";1;NA;1;NA;1;1;NA;1;1;NA;4;NA;1;NA;2;3;1;5;3;NA;2;5;8;6;NA
50;"MS";5001508;"500150";"Bandeirantes";"Não";"-";"Total";NA;NA;NA;NA;3;2;2;1;6;NA;3;7;2;3;5;1;1;3;3;5;NA;NA;NA;1;NA
50;"MS";5001904;"500190";"Bataguassu";"Não";"-";"Total";NA;4;3;2;5;5;2;2;NA;1;4;7;6;11;9;3;6;5;NA;3;3;2;3;11;NA
50;"MS";5002001;"500200";"Batayporã";"Não";"-";"Total";NA;2;1;NA;NA;NA;1;3;2;3;NA;NA;NA;2;1;NA;NA;1;NA;2;NA;2;3;1;NA
50;"MS";5002100;"500210";"Bela Vista";"Não";"-";"Total";1;NA;1;NA;1;NA;9;2;1;3;2;NA;2;2;1;2;2;3;4;6;2;1;4;5;NA
50;"MS";5002159;"500215";"Bodoquena";"Não";"-";"Total";NA;1;1;NA;NA;NA;1;NA;1;1;2;1;1;1;NA;2;NA;3;1;1;NA;1;2;2;NA
50;"MS";5002209;"500220";"Bonito";"Não";"-";"Total";NA;3;NA;2;NA;1;NA;2;NA;NA;NA;1;2;1;1;1;1;2;NA;4;3;1;4;NA;NA
50;"MS";5002308;"500230";"Brasilândia";"Não";"-";"Total";2;NA;1;NA;NA;1;NA;1;2;1;3;5;3;NA;2;2;1;NA;NA;3;NA;NA;NA;NA;NA
50;"MS";5002407;"500240";"Caarapó";"Não";"-";"Total";NA;2;2;1;NA;1;NA;1;NA;1;4;2;3;5;2;3;3;1;3;2;NA;5;3;1;NA
50;"MS";5002605;"500260";"Camapuã";"Não";"-";"Total";1;NA;NA;NA;2;3;4;2;3;2;7;3;NA;1;2;3;3;11;5;3;5;4;2;4;NA
50;"MS";5002704;"500270";"Campo Grande";"Sim";"-";"Total";46;55;68;87;102;120;103;102;125;112;137;132;122;137;113;106;95;69;93;105;108;124;92;108;NA
50;"MS";5002803;"500280";"Caracol";"Não";"-";"Total";NA;NA;NA;NA;1;NA;1;NA;1;3;2;NA;NA;2;1;NA;2;NA;2;1;1;NA;1;1;NA
50;"MS";5002902;"500290";"Cassilândia";"Não";"-";"Total";NA;NA;3;3;NA;3;3;NA;2;NA;2;1;1;6;NA;4;1;1;1;NA;4;2;6;2;NA
50;"MS";5002951;"500295";"Chapadão do Sul";"Não";"-";"Total";NA;3;NA;NA;NA;NA;1;2;2;4;3;1;2;2;2;1;NA;3;2;1;2;NA;2;7;NA
50;"MS";5003108;"500310";"Corguinho";"Não";"-";"Total";1;NA;3;NA;1;NA;NA;NA;NA;1;NA;2;1;NA;1;4;1;NA;1;2;NA;NA;NA;NA;NA
50;"MS";5003157;"500315";"Coronel Sapucaia";"Não";"-";"Total";NA;NA;NA;NA;1;1;2;2;1;1;1;2;4;6;1;NA;2;NA;2;1;1;1;1;NA;NA
50;"MS";5003207;"500320";"Corumbá";"Não";"-";"Total";NA;10;11;3;13;7;5;11;7;13;10;7;19;15;11;8;8;12;10;16;14;12;10;9;NA
50;"MS";5003256;"500325";"Costa Rica";"Não";"-";"Total";2;1;NA;NA;2;NA;2;3;4;2;2;5;4;2;3;1;NA;2;NA;2;1;2;1;3;NA
50;"MS";5003306;"500330";"Coxim";"Não";"-";"Total";NA;7;6;3;7;3;9;11;8;2;7;6;6;7;6;10;3;6;4;5;3;5;2;6;NA
50;"MS";5003454;"500345";"Deodápolis";"Não";"-";"Total";NA;NA;3;NA;NA;NA;1;2;2;3;NA;3;3;3;4;1;NA;3;NA;2;6;2;2;NA;NA
50;"MS";5003488;"500348";"Dois Irmãos do Buriti";"Não";"-";"Total";2;NA;1;NA;NA;1;NA;3;1;1;NA;NA;NA;3;3;1;3;3;1;3;3;NA;2;2;NA
50;"MS";5003504;"500350";"Douradina";"Não";"-";"Total";NA;1;1;NA;NA;2;1;1;NA;NA;2;1;2;4;3;1;NA;1;NA;1;NA;NA;2;NA;NA
50;"MS";5003702;"500370";"Dourados";"Não";"-";"Total";22;24;39;39;27;29;37;29;26;23;44;58;69;52;59;38;62;33;35;66;44;53;52;46;NA
50;"MS";5003751;"500375";"Eldorado";"Não";"-";"Total";NA;NA;1;2;2;3;6;1;3;1;2;NA;3;3;2;6;2;NA;NA;3;NA;3;NA;2;NA
50;"MS";5003801;"500380";"Fátima do Sul";"Não";"-";"Total";NA;2;NA;NA;NA;2;NA;1;1;4;1;4;NA;1;3;2;3;3;4;4;NA;2;3;2;NA
50;"MS";5003900;"500390";"Figueirão";"Não";"-";"Total";NA;NA;NA;NA;NA;NA;2;NA;2;NA;NA;NA;2;1;NA;NA;NA;NA;NA;NA;NA;NA;4;1;NA
50;"MS";5004007;"500400";"Glória de Dourados";"Não";"-";"Total";NA;2;NA;1;1;NA;NA;NA;NA;1;1;2;NA;4;3;3;1;1;NA;1;1;2;2;NA;NA
50;"MS";5004106;"500410";"Guia Lopes da Laguna";"Não";"-";"Total";1;NA;2;NA;3;1;1;1;2;6;1;2;3;1;1;1;2;4;1;3;1;1;3;NA;NA
50;"MS";5004304;"500430";"Iguatemi";"Não";"-";"Total";NA;NA;NA;NA;1;NA;1;NA;NA;NA;1;NA;3;2;3;1;1;NA;NA;NA;1;2;NA;NA;NA
50;"MS";5004403;"500440";"Inocência";"Não";"-";"Total";NA;1;NA;NA;1;NA;NA;3;NA;NA;1;4;1;1;NA;1;NA;NA;1;1;NA;NA;3;NA;NA
50;"MS";5004502;"500450";"Itaporã";"Não";"-";"Total";2;NA;NA;2;NA;NA;NA;1;2;NA;NA;2;3;1;4;2;2;2;4;2;NA;1;NA;3;NA
50;"MS";5004601;"500460";"Itaquiraí";"Não";"-";"Total";1;NA;NA;4;NA;2;NA;3;2;NA;4;6;7;NA;7;NA;3;2;3;3;4;3;4;1;NA
50;"MS";5004700;"500470";"Ivinhema";"Não";"-";"Total";3;1;1;5;1;5;2;2;2;NA;2;6;8;3;10;3;2;1;2;5;1;NA;7;NA;NA
50;"MS";5004809;"500480";"Japorã";"Não";"-";"Total";NA;NA;1;NA;1;NA;1;1;1;1;1;NA;NA;NA;NA;NA;NA;NA;NA;NA;NA;NA;NA;NA;NA
50;"MS";5004908;"500490";"Jaraguari";"Não";"-";"Total";3;NA;NA;NA;1;1;1;3;6;2;NA;2;2;4;2;2;3;NA;2;NA;NA;3;2;1;NA
50;"MS";5005004;"500500";"Jardim";"Não";"-";"Total";1;NA;4;NA;3;3;1;3;1;6;2;NA;2;4;3;2;NA;1;1;3;1;6;6;6;NA
50;"MS";5005103;"500510";"Jateí";"Não";"-";"Total";NA;NA;NA;1;1;NA;NA;NA;NA;NA;5;1;2;NA;NA;NA;NA;NA;NA;1;1;1;3;NA;NA
50;"MS";5005152;"500515";"Juti";"Não";"-";"Total";NA;1;NA;2;NA;NA;2;1;1;NA;NA;NA;1;NA;2;1;1;NA;NA;NA;3;2;1;NA;NA
50;"MS";5005202;"500520";"Ladário";"Não";"-";"Total";NA;NA;NA;NA;NA;NA;NA;NA;1;NA;NA;NA;2;NA;NA;NA;NA;NA;NA;NA;NA;1;NA;NA;NA
50;"MS";5005251;"500525";"Laguna Carapã";"Não";"-";"Total";NA;1;NA;NA;1;NA;1;1;NA;1;3;1;NA;2;1;NA;1;NA;NA;NA;1;NA;2;1;NA
50;"MS";5005400;"500540";"Maracaju";"Não";"-";"Total";NA;2;NA;3;2;1;2;2;2;3;6;2;4;3;3;3;5;11;2;4;6;NA;3;1;NA
50;"MS";5005608;"500560";"Miranda";"Não";"-";"Total";NA;NA;2;1;1;2;NA;1;3;2;3;3;4;NA;9;4;4;8;2;3;2;5;9;6;NA
50;"MS";5005681;"500568";"Mundo Novo";"Não";"-";"Total";1;NA;NA;2;1;1;1;2;NA;1;NA;2;5;2;5;NA;1;NA;NA;2;2;2;1;4;NA
50;"MS";5005707;"500570";"Naviraí";"Não";"-";"Total";NA;2;4;6;1;3;2;2;2;2;3;4;5;5;5;2;1;4;3;2;5;4;4;4;NA
50;"MS";5005806;"500580";"Nioaque";"Não";"-";"Total";4;NA;NA;2;2;3;2;3;NA;3;2;2;3;1;1;3;3;1;5;5;1;5;3;2;NA
50;"MS";5006002;"500600";"Nova Alvorada do Sul";"Não";"-";"Total";3;1;2;1;3;5;5;5;6;4;7;15;14;14;7;7;5;8;4;7;10;4;4;1;NA
50;"MS";5006200;"500620";"Nova Andradina";"Não";"-";"Total";1;1;5;1;1;11;11;5;3;4;8;11;8;12;9;13;5;3;7;7;4;9;10;9;NA
50;"MS";5006259;"500625";"Novo Horizonte do Sul";"Não";"-";"Total";NA;NA;NA;1;NA;NA;NA;NA;NA;NA;NA;NA;2;NA;1;NA;NA;NA;NA;1;NA;NA;NA;NA;NA
50;"MS";5006275;"500627";"Paraíso das Águas";"Não";"-";"Total";NA;NA;NA;NA;NA;NA;NA;NA;NA;NA;NA;NA;NA;1;2;NA;2;1;1;1;NA;1;1;1;NA
50;"MS";5006309;"500630";"Paranaíba";"Não";"-";"Total";3;2;NA;4;3;4;4;2;3;2;2;7;7;4;3;3;1;2;NA;2;1;2;2;2;NA
50;"MS";5006358;"500635";"Paranhos";"Não";"-";"Total";NA;NA;1;NA;NA;NA;NA;NA;NA;NA;NA;1;NA;1;1;NA;2;1;NA;NA;1;1;NA;NA;NA
50;"MS";5006408;"500640";"Pedro Gomes";"Não";"-";"Total";NA;1;3;1;1;1;NA;NA;NA;7;NA;1;1;4;1;NA;1;2;NA;NA;2;2;1;NA;NA
50;"MS";5006606;"500660";"Ponta Porã";"Não";"-";"Total";2;NA;9;4;8;6;10;8;16;20;10;15;20;19;19;20;19;24;19;28;19;27;14;26;NA
50;"MS";5006903;"500690";"Porto Murtinho";"Não";"-";"Total";NA;NA;2;1;1;2;1;1;6;2;NA;NA;2;1;1;NA;1;2;NA;2;1;2;1;NA;NA
50;"MS";5007109;"500710";"Ribas do Rio Pardo";"Não";"-";"Total";1;3;5;4;2;5;2;2;6;4;13;8;4;4;4;4;3;3;2;3;4;4;6;10;NA
50;"MS";5007208;"500720";"Rio Brilhante";"Não";"-";"Total";NA;NA;4;2;2;4;2;3;4;1;4;2;4;10;3;NA;2;3;2;6;7;4;3;2;NA
50;"MS";5007307;"500730";"Rio Negro";"Não";"-";"Total";NA;NA;NA;1;2;NA;2;NA;NA;2;NA;1;NA;1;1;2;3;2;NA;NA;3;3;NA;1;NA
50;"MS";5007406;"500740";"Rio Verde de Mato Grosso";"Não";"-";"Total";1;5;3;1;6;6;2;4;7;9;2;4;7;7;6;5;6;5;3;3;1;8;8;1;NA
50;"MS";5007505;"500750";"Rochedo";"Não";"-";"Total";NA;NA;NA;NA;NA;NA;NA;1;NA;NA;2;NA;1;NA;1;1;2;5;1;NA;3;1;NA;1;NA
50;"MS";5007554;"500755";"Santa Rita do Pardo";"Não";"-";"Total";NA;NA;NA;2;NA;1;1;3;2;1;2;1;NA;1;1;NA;NA;NA;1;1;1;NA;NA;NA;NA
50;"MS";5007695;"500769";"São Gabriel do Oeste";"Não";"-";"Total";2;4;3;1;3;3;2;4;5;2;2;6;2;5;5;9;4;4;2;5;2;2;6;4;NA
50;"MS";5007703;"500770";"Sete Quedas";"Não";"-";"Total";NA;1;NA;NA;3;NA;3;NA;1;NA;1;NA;2;NA;2;1;NA;1;1;NA;NA;1;2;2;NA
50;"MS";5007802;"500780";"Selvíria";"Não";"-";"Total";NA;NA;1;NA;1;1;NA;NA;1;NA;NA;NA;1;2;NA;1;1;NA;NA;NA;NA;NA;NA;1;NA
50;"MS";5007901;"500790";"Sidrolândia";"Não";"-";"Total";4;4;NA;5;1;1;3;1;NA;5;10;4;4;3;7;4;12;2;3;3;8;5;7;8;NA
50;"MS";5007935;"500793";"Sonora";"Não";"-";"Total";2;NA;1;1;1;4;2;3;2;3;6;3;2;4;NA;3;3;NA;1;1;3;3;1;5;NA
50;"MS";5007950;"500795";"Tacuru";"Não";"-";"Total";NA;NA;NA;NA;1;1;1;1;1;NA;1;1;NA;1;4;2;2;3;1;3;4;2;3;1;NA
50;"MS";5007976;"500797";"Taquarussu";"Não";"-";"Total";NA;NA;NA;1;NA;NA;NA;1;NA;NA;1;2;NA;NA;NA;NA;NA;1;1;1;NA;NA;NA;1;NA
50;"MS";5008008;"500800";"Terenos";"Não";"-";"Total";1;1;4;1;NA;2;5;4;1;2;2;2;5;4;8;2;4;4;1;2;NA;2;4;2;NA
50;"MS";5008305;"500830";"Três Lagoas";"Não";"-";"Total";6;7;3;10;17;13;12;7;11;6;16;29;17;18;19;11;11;13;16;7;14;6;10;17;NA
50;"MS";5008404;"500840";"Vicentina";"Não";"-";"Total";1;1;NA;NA;1;NA;NA;NA;NA;1;2;2;1;NA;1;3;2;NA;2;2;3;NA;NA;2;NA
51;"MT";5100102;"510010";"Acorizal";"Não";"Região Metropolitana do Vale do Rio Cuiabá";"Total";NA;NA;NA;NA;NA;NA;NA;NA;1;3;3;1;1;1;2;NA;1;NA;1;NA;1;NA;1;1;NA
51;"MT";5100201;"510020";"Água Boa";"Não";"-";"Total";1;5;3;1;4;5;4;2;7;6;8;6;11;5;3;4;3;2;7;8;10;15;22;10;NA
51;"MT";5100250;"510025";"Alta Floresta";"Não";"-";"Total";8;10;5;4;5;13;3;3;2;7;4;4;8;14;20;9;14;10;12;6;15;27;15;10;NA
51;"MT";5100300;"510030";"Alto Araguaia";"Não";"-";"Total";1;NA;1;1;NA;5;5;5;3;4;3;3;4;4;5;4;2;2;6;3;6;1;2;1;NA
51;"MT";5100359;"510035";"Alto Boa Vista";"Não";"-";"Total";NA;NA;2;NA;3;2;NA;NA;2;NA;NA;NA;NA;3;NA;NA;NA;NA;1;NA;NA;NA;3;NA;NA
51;"MT";5100409;"510040";"Alto Garças";"Não";"-";"Total";1;1;3;5;3;2;5;3;3;7;1;NA;6;2;7;5;3;2;3;1;1;4;3;3;NA
51;"MT";5100508;"510050";"Alto Paraguai";"Não";"-";"Total";NA;NA;1;1;1;2;1;NA;1;3;1;NA;3;5;3;1;3;2;2;NA;NA;1;4;NA;NA
51;"MT";5100607;"510060";"Alto Taquari";"Não";"-";"Total";NA;NA;NA;NA;1;4;NA;NA;NA;3;4;2;1;1;2;NA;3;NA;1;1;3;1;3;1;NA
51;"MT";5100805;"510080";"Apiacás";"Não";"-";"Total";NA;NA;NA;3;NA;NA;NA;1;NA;2;1;NA;1;3;1;3;1;1;2;NA;2;NA;NA;NA;NA
51;"MT";5101001;"510100";"Araguaiana";"Não";"-";"Total";NA;NA;NA;NA;NA;NA;NA;NA;1;NA;NA;NA;NA;1;1;NA;NA;1;1;2;NA;1;NA;NA;NA
51;"MT";5101209;"510120";"Araguainha";"Não";"-";"Total";NA;NA;NA;NA;NA;NA;NA;NA;1;NA;NA;NA;NA;NA;NA;NA;1;NA;NA;NA;NA;1;1;NA;NA
51;"MT";5101258;"510125";"Araputanga";"Não";"-";"Total";NA;1;1;2;1;1;2;1;1;NA;4;6;3;4;2;5;4;3;3;2;2;2;2;2;NA
51;"MT";5101308;"510130";"Arenápolis";"Não";"-";"Total";3;1;NA;NA;1;3;NA;NA;2;1;2;3;1;NA;2;NA;3;4;2;3;9;3;NA;5;NA
51;"MT";5101407;"510140";"Aripuanã";"Não";"-";"Total";2;4;4;1;NA;NA;NA;2;3;3;4;3;3;NA;4;3;2;2;NA;1;3;2;3;8;NA
51;"MT";5101605;"510160";"Barão de Melgaço";"Não";"Entorno Metropolitano da RM Vale do Rio Cuiabá";"Total";NA;NA;NA;NA;NA;NA;NA;NA;1;NA;NA;NA;NA;NA;NA;1;NA;NA;NA;NA;NA;NA;1;1;NA
51;"MT";5101704;"510170";"Barra do Bugres";"Não";"-";"Total";6;2;5;2;NA;7;5;8;6;7;8;7;6;12;4;6;7;3;11;6;3;5;4;7;NA
51;"MT";5101803;"510180";"Barra do Garças";"Não";"-";"Total";7;3;15;16;8;5;5;9;14;11;20;13;8;12;13;6;12;17;12;13;15;11;12;16;NA
51;"MT";5101852;"510185";"Bom Jesus do Araguaia";"Não";"-";"Total";NA;NA;NA;1;1;NA;NA;NA;NA;1;NA;NA;4;1;NA;4;3;3;2;2;1;2;3;1;NA
51;"MT";5101902;"510190";"Brasnorte";"Não";"-";"Total";1;1;1;1;3;1;1;1;5;2;8;3;3;4;2;NA;4;1;5;2;5;2;2;8;NA
51;"MT";5102504;"510250";"Cáceres";"Não";"-";"Total";12;27;18;14;20;25;22;29;26;28;33;33;22;39;43;28;25;32;36;23;16;35;34;36;NA
51;"MT";5102603;"510260";"Campinápolis";"Não";"-";"Total";1;NA;1;1;NA;NA;NA;NA;NA;1;1;1;1;NA;1;NA;2;NA;NA;2;2;2;2;1;NA
51;"MT";5102637;"510263";"Campo Novo do Parecis";"Não";"-";"Total";4;5;3;8;3;8;5;3;4;14;9;9;10;17;12;5;10;3;11;12;7;12;10;9;NA
51;"MT";5102678;"510267";"Campo Verde";"Não";"-";"Total";NA;4;NA;4;7;2;9;3;9;8;10;3;7;16;11;8;3;6;10;5;15;8;7;7;NA
51;"MT";5102686;"510268";"Campos de Júlio";"Não";"-";"Total";NA;NA;1;NA;NA;2;9;1;3;NA;5;2;4;NA;1;NA;NA;NA;NA;NA;1;3;6;4;NA
51;"MT";5102694;"510269";"Canabrava do Norte";"Não";"-";"Total";NA;1;NA;1;1;NA;NA;NA;3;NA;2;NA;1;NA;NA;NA;1;NA;NA;1;NA;1;1;3;NA
51;"MT";5102702;"510270";"Canarana";"Não";"-";"Total";1;1;3;1;3;NA;1;3;4;5;3;NA;NA;2;7;1;4;2;5;2;3;14;6;5;NA
51;"MT";5102793;"510279";"Carlinda";"Não";"-";"Total";3;1;1;2;NA;NA;NA;1;NA;NA;NA;1;1;1;1;1;1;1;NA;2;2;NA;NA;5;NA
51;"MT";5102850;"510285";"Castanheira";"Não";"-";"Total";NA;2;1;NA;1;NA;NA;NA;NA;1;1;1;NA;NA;1;NA;3;1;3;1;1;1;1;NA;NA
51;"MT";5103007;"510300";"Chapada dos Guimarães";"Não";"Região Metropolitana do Vale do Rio Cuiabá";"Total";2;1;NA;3;4;2;3;3;4;3;5;2;1;5;4;3;2;5;7;2;8;7;2;4;NA
51;"MT";5103056;"510305";"Cláudia";"Não";"-";"Total";1;1;NA;1;NA;1;NA;NA;NA;2;NA;NA;NA;2;2;2;NA;5;NA;3;2;1;NA;3;NA
51;"MT";5103106;"510310";"Cocalinho";"Não";"-";"Total";NA;NA;NA;1;NA;1;NA;NA;NA;NA;NA;NA;1;1;2;1;NA;NA;2;2;2;2;4;2;NA
51;"MT";5103205;"510320";"Colíder";"Não";"-";"Total";NA;1;NA;4;5;2;NA;1;4;5;3;2;NA;9;1;NA;3;6;6;2;14;14;9;8;NA
51;"MT";5103254;"510325";"Colniza";"Não";"-";"Total";NA;NA;1;1;3;4;NA;3;NA;4;4;5;2;4;6;5;NA;5;3;1;5;4;9;6;NA
51;"MT";5103304;"510330";"Comodoro";"Não";"-";"Total";3;3;1;1;4;4;3;11;6;2;3;4;2;2;6;4;3;5;5;6;1;9;3;6;NA
51;"MT";5103353;"510335";"Confresa";"Não";"-";"Total";6;4;5;4;7;2;5;2;NA;2;7;5;7;7;6;7;9;11;12;11;15;7;14;18;NA
51;"MT";5103361;"510336";"Conquista D'Oeste";"Não";"-";"Total";NA;NA;NA;NA;NA;1;4;NA;1;2;NA;1;1;2;NA;NA;NA;NA;2;5;1;NA;NA;8;NA
51;"MT";5103379;"510337";"Cotriguaçu";"Não";"-";"Total";1;NA;NA;2;NA;1;NA;NA;1;2;NA;1;1;NA;1;NA;NA;NA;1;2;1;3;1;2;NA
51;"MT";5103403;"510340";"Cuiabá";"Sim";"Região Metropolitana do Vale do Rio Cuiabá";"Total";93;88;113;81;76;78;83;100;118;124;128;149;130;143;156;134;124;138;144;99;113;96;112;113;NA
51;"MT";5103437;"510343";"Curvelândia";"Não";"-";"Total";NA;NA;1;NA;1;NA;NA;2;NA;1;1;1;5;3;NA;1;1;NA;NA;2;1;NA;NA;1;NA
51;"MT";5103452;"510345";"Denise";"Não";"-";"Total";4;1;NA;NA;1;1;3;1;NA;1;2;NA;3;NA;NA;4;NA;1;1;1;1;NA;5;1;NA
51;"MT";5103502;"510350";"Diamantino";"Não";"-";"Total";1;4;2;1;7;2;3;8;8;6;9;9;13;13;3;5;1;1;7;9;14;14;11;12;NA
51;"MT";5103601;"510360";"Dom Aquino";"Não";"-";"Total";5;1;NA;NA;2;2;2;2;3;5;NA;NA;3;1;1;2;NA;NA;4;1;NA;1;1;1;NA
51;"MT";5103700;"510370";"Feliz Natal";"Não";"-";"Total";NA;2;NA;1;2;NA;1;4;NA;2;2;1;1;NA;NA;NA;3;1;1;3;2;3;3;2;NA
51;"MT";5103809;"510380";"Figueirópolis D'Oeste";"Não";"-";"Total";NA;NA;NA;NA;1;1;NA;NA;NA;NA;1;1;NA;NA;NA;NA;NA;1;NA;NA;NA;NA;1;NA;NA
51;"MT";5103858;"510385";"Gaúcha do Norte";"Não";"-";"Total";NA;NA;NA;NA;NA;1;2;NA;NA;NA;NA;2;NA;NA;NA;NA;NA;1;NA;NA;NA;1;1;2;NA
51;"MT";5103908;"510390";"General Carneiro";"Não";"-";"Total";NA;NA;5;1;NA;1;NA;NA;NA;6;1;NA;2;1;1;12;5;2;3;6;2;5;2;2;NA
51;"MT";5103957;"510395";"Glória D'Oeste";"Não";"-";"Total";NA;NA;NA;NA;1;NA;NA;2;NA;NA;NA;NA;NA;1;1;1;NA;4;NA;4;NA;1;NA;1;NA
51;"MT";5104104;"510410";"Guarantã do Norte";"Não";"-";"Total";1;1;NA;NA;3;3;3;1;2;1;3;4;2;3;NA;2;2;3;2;5;5;2;3;8;NA
51;"MT";5104203;"510420";"Guiratinga";"Não";"-";"Total";1;1;4;1;1;3;2;NA;3;3;4;4;2;NA;3;4;NA;1;NA;3;NA;2;1;5;NA
51;"MT";5104500;"510450";"Indiavaí";"Não";"-";"Total";NA;NA;NA;NA;NA;NA;1;NA;2;1;NA;NA;NA;NA;NA;NA;1;NA;NA;NA;NA;NA;NA;NA;NA
51;"MT";5104526;"510452";"Ipiranga do Norte";"Não";"-";"Total";NA;NA;NA;NA;NA;NA;NA;2;NA;1;NA;NA;2;NA;NA;2;NA;NA;1;NA;2;3;2;1;NA
51;"MT";5104542;"510454";"Itanhangá";"Não";"-";"Total";NA;NA;NA;NA;NA;NA;NA;NA;NA;NA;1;NA;NA;2;1;NA;NA;1;NA;1;4;1;2;4;NA
51;"MT";5104559;"510455";"Itaúba";"Não";"-";"Total";1;1;2;NA;NA;NA;4;NA;NA;1;NA;1;4;1;NA;1;3;1;1;2;2;NA;NA;2;NA
51;"MT";5104609;"510460";"Itiquira";"Não";"-";"Total";3;4;2;NA;4;3;1;8;2;2;2;7;11;8;4;1;3;5;3;2;2;NA;NA;4;NA
51;"MT";5104807;"510480";"Jaciara";"Não";"-";"Total";3;1;5;5;11;9;12;13;29;12;12;15;13;14;10;9;5;3;2;2;1;7;8;1;NA
51;"MT";5104906;"510490";"Jangada";"Não";"Entorno Metropolitano da RM Vale do Rio Cuiabá";"Total";3;6;3;3;3;2;4;3;3;9;5;8;2;6;7;12;7;8;NA;NA;1;2;2;1;NA
51;"MT";5105002;"510500";"Jauru";"Não";"-";"Total";1;1;NA;1;1;NA;1;NA;1;1;1;NA;NA;2;NA;NA;1;1;NA;1;1;1;NA;2;NA
51;"MT";5105101;"510510";"Juara";"Não";"-";"Total";3;2;8;6;6;4;9;8;12;8;9;3;3;3;4;4;6;5;8;3;4;6;6;10;NA
51;"MT";5105150;"510515";"Juína";"Não";"-";"Total";3;1;4;7;7;4;8;9;12;13;12;6;15;10;6;12;6;8;9;5;5;13;6;12;NA
51;"MT";5105176;"510517";"Juruena";"Não";"-";"Total";NA;1;NA;2;2;2;NA;1;NA;1;3;2;1;NA;2;NA;4;2;1;2;2;2;4;NA;NA
51;"MT";5105200;"510520";"Juscimeira";"Não";"-";"Total";NA;2;1;3;3;4;2;4;3;8;2;1;10;2;2;3;5;1;1;2;2;2;1;1;NA
51;"MT";5105234;"510523";"Lambari D'Oeste";"Não";"-";"Total";NA;NA;2;NA;NA;NA;NA;NA;1;1;1;3;1;2;NA;3;NA;NA;NA;NA;1;1;3;1;NA
51;"MT";5105259;"510525";"Lucas do Rio Verde";"Não";"-";"Total";1;4;1;3;5;1;1;4;6;9;12;12;6;20;10;11;4;13;11;5;12;11;22;6;NA
51;"MT";5105309;"510530";"Luciara";"Não";"-";"Total";NA;NA;NA;NA;NA;NA;2;NA;NA;NA;NA;NA;NA;NA;NA;NA;NA;NA;NA;NA;NA;NA;NA;NA;NA
51;"MT";5105507;"510550";"Vila Bela da Santíssima Trindade";"Não";"-";"Total";NA;1;NA;1;NA;3;4;4;1;2;4;4;1;4;2;3;2;5;1;4;2;1;4;1;NA
51;"MT";5105580;"510558";"Marcelândia";"Não";"-";"Total";NA;1;1;1;NA;2;1;NA;NA;3;NA;1;4;NA;1;NA;4;2;NA;NA;1;2;1;NA;NA
51;"MT";5105606;"510560";"Matupá";"Não";"-";"Total";3;1;1;2;1;1;1;1;4;2;4;3;6;3;4;1;NA;2;8;3;10;10;10;1;NA
51;"MT";5105622;"510562";"Mirassol d'Oeste";"Não";"-";"Total";1;NA;1;1;3;NA;NA;2;2;2;2;2;1;3;5;1;1;NA;2;3;4;9;5;4;NA
51;"MT";5105903;"510590";"Nobres";"Não";"Entorno Metropolitano da RM Vale do Rio Cuiabá";"Total";3;5;1;1;6;4;2;3;1;NA;8;6;5;6;8;2;1;1;1;1;2;NA;4;2;NA
51;"MT";5106000;"510600";"Nortelândia";"Não";"-";"Total";NA;NA;NA;1;1;2;2;NA;2;1;1;1;5;1;1;3;NA;1;1;1;2;2;1;1;NA
51;"MT";5106109;"510610";"Nossa Senhora do Livramento";"Não";"Região Metropolitana do Vale do Rio Cuiabá";"Total";2;2;NA;1;NA;3;3;2;5;8;6;2;3;6;9;6;3;11;3;7;7;5;6;6;NA
51;"MT";5106158;"510615";"Nova Bandeirantes";"Não";"-";"Total";NA;NA;NA;1;2;NA;2;1;3;1;3;NA;1;NA;NA;2;NA;1;1;NA;NA;2;NA;4;NA
51;"MT";5106174;"510617";"Nova Nazaré";"Não";"-";"Total";NA;NA;1;NA;NA;NA;NA;1;NA;NA;NA;NA;NA;1;NA;NA;NA;NA;1;NA;2;3;2;NA;NA
51;"MT";5106182;"510618";"Nova Lacerda";"Não";"-";"Total";NA;NA;2;2;NA;1;1;5;2;6;NA;3;2;1;2;2;NA;1;NA;1;NA;NA;NA;2;NA
51;"MT";5106190;"510619";"Nova Santa Helena";"Não";"-";"Total";NA;NA;1;NA;1;1;1;NA;NA;NA;1;NA;NA;NA;1;NA;NA;NA;NA;NA;NA;NA;NA;2;NA
51;"MT";5106208;"510620";"Nova Brasilândia";"Não";"Entorno Metropolitano da RM Vale do Rio Cuiabá";"Total";NA;NA;NA;NA;1;NA;NA;NA;1;NA;NA;NA;NA;2;NA;1;1;2;NA;NA;1;2;NA;4;NA
51;"MT";5106216;"510621";"Nova Canaã do Norte";"Não";"-";"Total";NA;NA;NA;3;1;1;1;2;1;NA;NA;1;NA;2;2;NA;1;3;NA;1;2;2;1;1;NA
51;"MT";5106224;"510622";"Nova Mutum";"Não";"-";"Total";4;1;4;NA;3;2;5;7;9;8;7;11;18;10;10;12;15;7;10;8;10;19;25;22;NA
51;"MT";5106232;"510623";"Nova Olímpia";"Não";"-";"Total";4;2;2;2;1;3;NA;2;5;1;2;NA;1;4;3;3;5;4;2;4;3;2;5;NA;NA
51;"MT";5106240;"510624";"Nova Ubiratã";"Não";"-";"Total";NA;NA;NA;2;NA;NA;NA;NA;1;NA;2;NA;1;NA;1;NA;NA;2;1;2;2;3;3;3;NA
51;"MT";5106257;"510625";"Nova Xavantina";"Não";"-";"Total";2;1;3;2;5;NA;3;4;5;2;3;4;4;5;2;1;2;6;4;11;6;6;5;4;NA
51;"MT";5106265;"510626";"Novo Mundo";"Não";"-";"Total";1;NA;NA;NA;2;1;1;NA;NA;NA;NA;NA;3;NA;NA;NA;1;NA;2;2;NA;NA;NA;2;NA
51;"MT";5106273;"510627";"Novo Horizonte do Norte";"Não";"-";"Total";NA;NA;NA;NA;1;NA;NA;NA;NA;1;1;NA;NA;NA;NA;NA;NA;1;NA;1;NA;NA;NA;NA;NA
51;"MT";5106281;"510628";"Novo São Joaquim";"Não";"-";"Total";1;1;NA;2;2;NA;NA;NA;NA;NA;2;NA;1;NA;1;NA;1;1;1;NA;2;NA;1;2;NA
51;"MT";5106299;"510629";"Paranaíta";"Não";"-";"Total";1;NA;NA;NA;NA;4;1;NA;1;1;NA;NA;1;1;2;2;4;1;1;2;2;3;1;3;NA
51;"MT";5106307;"510630";"Paranatinga";"Não";"-";"Total";3;NA;2;NA;2;8;2;8;1;NA;7;8;3;4;7;1;2;4;3;4;6;3;4;5;NA
51;"MT";5106315;"510631";"Novo Santo Antônio";"Não";"-";"Total";NA;NA;NA;1;NA;1;1;1;1;NA;NA;NA;NA;NA;NA;NA;NA;NA;1;NA;NA;NA;NA;NA;NA
51;"MT";5106372;"510637";"Pedra Preta";"Não";"-";"Total";1;1;6;2;7;8;6;6;4;10;2;2;6;1;1;9;3;4;4;10;5;5;5;4;NA
51;"MT";5106422;"510642";"Peixoto de Azevedo";"Não";"-";"Total";3;4;3;2;3;2;6;2;5;3;9;6;5;2;3;2;3;6;9;11;8;21;9;13;NA
51;"MT";5106455;"510645";"Planalto da Serra";"Não";"Entorno Metropolitano da RM Vale do Rio Cuiabá";"Total";1;1;NA;NA;NA;NA;NA;NA;NA;1;NA;NA;1;NA;NA;NA;NA;NA;1;NA;NA;2;1;NA;NA
51;"MT";5106505;"510650";"Poconé";"Não";"Entorno Metropolitano da RM Vale do Rio Cuiabá";"Total";2;4;NA;3;1;2;2;6;11;9;7;7;9;10;20;7;3;7;6;4;9;14;8;4;NA
51;"MT";5106653;"510665";"Pontal do Araguaia";"Não";"-";"Total";NA;NA;NA;NA;NA;1;NA;NA;NA;1;NA;2;2;NA;1;NA;NA;NA;NA;NA;1;NA;NA;NA;NA
51;"MT";5106703;"510670";"Ponte Branca";"Não";"-";"Total";NA;NA;NA;NA;NA;NA;NA;1;NA;NA;NA;NA;NA;NA;NA;NA;NA;NA;NA;NA;NA;NA;NA;NA;NA
51;"MT";5106752;"510675";"Pontes e Lacerda";"Não";"-";"Total";4;5;6;8;6;4;4;7;12;3;16;10;13;9;7;8;5;8;8;11;12;12;15;9;NA
51;"MT";5106778;"510677";"Porto Alegre do Norte";"Não";"-";"Total";1;NA;NA;1;3;2;1;NA;1;4;NA;2;2;1;1;4;3;1;2;2;4;2;NA;3;NA
51;"MT";5106802;"510680";"Porto dos Gaúchos";"Não";"-";"Total";NA;NA;NA;NA;1;NA;1;2;2;NA;1;1;NA;1;1;1;NA;NA;2;NA;1;NA;NA;1;NA
51;"MT";5106828;"510682";"Porto Esperidião";"Não";"-";"Total";NA;2;4;NA;2;3;3;NA;4;8;1;4;5;3;5;3;NA;2;1;7;4;3;1;3;NA
51;"MT";5106851;"510685";"Porto Estrela";"Não";"-";"Total";3;NA;NA;NA;NA;NA;NA;NA;1;NA;NA;NA;NA;NA;NA;NA;1;NA;NA;NA;NA;1;NA;NA;NA
51;"MT";5107008;"510700";"Poxoréu";"Não";"-";"Total";2;2;2;9;9;2;9;8;9;4;6;12;14;6;2;6;14;4;4;4;2;3;1;2;NA
51;"MT";5107040;"510704";"Primavera do Leste";"Não";"-";"Total";1;2;5;9;3;5;2;5;8;9;13;11;13;11;5;13;6;11;12;10;13;8;9;14;NA
51;"MT";5107065;"510706";"Querência";"Não";"-";"Total";NA;1;NA;NA;2;NA;1;4;1;7;3;4;2;1;3;3;3;8;3;3;6;5;2;5;NA
51;"MT";5107107;"510710";"São José dos Quatro Marcos";"Não";"-";"Total";3;2;2;5;2;2;1;1;2;2;2;2;1;8;2;3;3;2;1;1;2;3;NA;2;NA
51;"MT";5107156;"510715";"Reserva do Cabaçal";"Não";"-";"Total";NA;NA;NA;NA;NA;NA;NA;1;NA;NA;1;NA;NA;NA;NA;NA;1;NA;NA;1;NA;NA;NA;NA;NA
51;"MT";5107180;"510718";"Ribeirão Cascalheira";"Não";"-";"Total";NA;NA;2;3;1;1;1;1;1;2;NA;1;1;1;4;2;3;6;5;2;3;4;4;3;NA
51;"MT";5107198;"510719";"Ribeirãozinho";"Não";"-";"Total";NA;NA;NA;NA;1;NA;NA;NA;2;NA;NA;NA;1;2;1;1;NA;NA;NA;NA;NA;NA;NA;2;NA
51;"MT";5107206;"510720";"Rio Branco";"Não";"-";"Total";NA;1;NA;1;1;NA;NA;NA;1;NA;NA;1;NA;2;2;NA;1;1;1;NA;NA;1;1;NA;NA
51;"MT";5107248;"510724";"Santa Carmem";"Não";"-";"Total";1;NA;NA;NA;NA;NA;1;2;NA;1;NA;NA;NA;NA;NA;NA;1;NA;NA;2;1;2;NA;3;NA
51;"MT";5107263;"510726";"Santo Afonso";"Não";"-";"Total";NA;NA;NA;NA;NA;1;NA;NA;1;NA;NA;NA;NA;NA;NA;1;NA;1;NA;NA;1;NA;1;NA;NA
51;"MT";5107297;"510729";"São José do Povo";"Não";"-";"Total";NA;NA;NA;NA;NA;NA;1;1;NA;1;NA;NA;1;1;6;1;2;2;NA;NA;NA;1;1;1;NA
51;"MT";5107305;"510730";"São José do Rio Claro";"Não";"-";"Total";1;NA;NA;NA;1;3;NA;NA;1;4;7;2;2;3;1;2;1;1;4;2;4;3;1;4;NA
51;"MT";5107354;"510735";"São José do Xingu";"Não";"-";"Total";NA;1;1;NA;1;1;1;NA;2;NA;1;2;NA;1;NA;NA;NA;1;NA;2;NA;1;1;2;NA
51;"MT";5107404;"510740";"São Pedro da Cipa";"Não";"-";"Total";NA;1;NA;1;NA;1;NA;NA;1;NA;NA;2;NA;1;NA;NA;1;NA;NA;NA;NA;1;NA;NA;NA
51;"MT";5107578;"510757";"Rondolândia";"Não";"-";"Total";NA;1;NA;NA;NA;NA;NA;NA;NA;NA;NA;NA;NA;NA;NA;NA;NA;NA;NA;1;NA;NA;4;NA;NA
51;"MT";5107602;"510760";"Rondonópolis";"Não";"-";"Total";19;33;30;47;48;58;67;50;63;61;74;64;74;75;63;81;69;64;54;57;76;70;63;71;NA
51;"MT";5107701;"510770";"Rosário Oeste";"Não";"Entorno Metropolitano da RM Vale do Rio Cuiabá";"Total";6;NA;8;4;3;7;5;NA;1;7;2;3;3;3;6;10;7;3;9;5;7;4;9;10;NA
51;"MT";5107743;"510774";"Santa Cruz do Xingu";"Não";"-";"Total";NA;NA;1;NA;1;NA;2;NA;NA;1;NA;NA;1;NA;NA;NA;NA;NA;1;NA;1;2;1;1;NA
51;"MT";5107750;"510775";"Salto do Céu";"Não";"-";"Total";2;1;NA;NA;NA;NA;NA;NA;NA;NA;NA;NA;NA;NA;1;NA;NA;NA;3;NA;NA;NA;1;1;NA
51;"MT";5107768;"510776";"Santa Rita do Trivelato";"Não";"-";"Total";NA;1;NA;NA;NA;NA;1;NA;NA;NA;NA;NA;NA;NA;1;NA;2;NA;1;NA;NA;NA;1;2;NA
51;"MT";5107776;"510777";"Santa Terezinha";"Não";"-";"Total";NA;NA;NA;1;1;1;NA;1;1;2;NA;NA;NA;1;NA;NA;NA;NA;3;NA;NA;NA;1;NA;NA
51;"MT";5107792;"510779";"Santo Antônio do Leste";"Não";"-";"Total";NA;NA;NA;NA;1;1;1;NA;NA;1;NA;1;NA;NA;NA;NA;NA;NA;NA;1;1;NA;NA;2;NA
51;"MT";5107800;"510780";"Santo Antônio de Leverger";"Não";"Região Metropolitana do Vale do Rio Cuiabá";"Total";1;NA;6;1;5;1;4;7;1;4;6;9;4;8;3;3;13;9;7;6;6;5;3;11;NA
51;"MT";5107859;"510785";"São Félix do Araguaia";"Não";"-";"Total";1;1;NA;3;2;1;NA;1;2;1;NA;NA;NA;2;2;NA;4;1;2;1;1;1;4;1;NA
51;"MT";5107875;"510787";"Sapezal";"Não";"-";"Total";NA;2;5;1;2;1;1;4;9;7;NA;5;2;5;2;5;1;2;4;2;4;7;4;8;NA
51;"MT";5107883;"510788";"Serra Nova Dourada";"Não";"-";"Total";NA;NA;NA;NA;NA;NA;NA;NA;NA;1;NA;NA;NA;NA;1;1;NA;NA;NA;NA;NA;NA;1;3;NA
51;"MT";5107909;"510790";"Sinop";"Não";"-";"Total";8;3;9;2;8;11;11;19;10;19;21;24;30;33;27;36;42;42;50;36;46;60;44;65;NA
51;"MT";5107925;"510792";"Sorriso";"Não";"-";"Total";6;6;10;7;6;8;16;18;19;19;6;18;17;18;25;23;26;16;29;33;28;32;29;34;NA
51;"MT";5107941;"510794";"Tabaporã";"Não";"-";"Total";2;NA;1;1;2;2;2;NA;NA;NA;1;1;NA;2;NA;2;NA;NA;1;1;1;1;1;3;NA
51;"MT";5107958;"510795";"Tangará da Serra";"Não";"-";"Total";NA;5;3;9;18;21;12;18;13;23;22;12;18;20;15;23;14;19;11;12;21;13;14;22;NA
51;"MT";5108006;"510800";"Tapurah";"Não";"-";"Total";5;2;1;NA;5;1;NA;3;NA;5;3;4;1;5;3;1;1;3;2;1;1;2;2;9;NA
51;"MT";5108055;"510805";"Terra Nova do Norte";"Não";"-";"Total";NA;2;NA;NA;2;1;2;2;1;5;2;2;1;1;NA;NA;3;NA;1;3;2;1;1;3;NA
51;"MT";5108105;"510810";"Tesouro";"Não";"-";"Total";NA;NA;NA;NA;NA;NA;NA;1;1;NA;1;NA;1;1;NA;NA;NA;NA;1;1;NA;2;NA;1;NA
51;"MT";5108204;"510820";"Torixoréu";"Não";"-";"Total";NA;2;2;NA;NA;NA;NA;3;NA;1;NA;1;1;NA;1;NA;NA;NA;NA;1;1;1;NA;NA;NA
51;"MT";5108303;"510830";"União do Sul";"Não";"-";"Total";NA;NA;NA;NA;NA;NA;1;NA;NA;NA;1;NA;1;1;NA;1;2;1;1;1;4;1;1;1;NA
51;"MT";5108352;"510835";"Vale de São Domingos";"Não";"-";"Total";NA;NA;NA;NA;NA;1;2;1;1;NA;1;NA;NA;NA;NA;NA;NA;NA;NA;NA;NA;NA;NA;1;NA
51;"MT";5108402;"510840";"Várzea Grande";"Não";"Região Metropolitana do Vale do Rio Cuiabá";"Total";24;35;37;24;25;38;34;49;44;50;43;46;45;46;53;38;51;64;48;39;58;63;73;68;NA
51;"MT";5108501;"510850";"Vera";"Não";"-";"Total";1;1;NA;NA;NA;NA;NA;NA;NA;NA;1;4;2;2;1;NA;4;NA;NA;2;1;4;8;1;NA
51;"MT";5108600;"510860";"Vila Rica";"Não";"-";"Total";NA;NA;2;3;2;2;2;2;1;1;1;1;1;3;1;5;2;4;7;2;1;11;2;2;NA
51;"MT";5108808;"510880";"Nova Guarita";"Não";"-";"Total";NA;NA;NA;NA;NA;1;2;NA;NA;NA;NA;NA;NA;NA;NA;1;NA;NA;NA;NA;1;NA;NA;1;NA
51;"MT";5108857;"510885";"Nova Marilândia";"Não";"-";"Total";NA;NA;NA;1;NA;NA;NA;NA;NA;NA;NA;1;2;2;1;NA;NA;NA;2;1;2;NA;2;NA;NA
51;"MT";5108907;"510890";"Nova Maringá";"Não";"-";"Total";1;NA;1;NA;NA;NA;NA;NA;1;6;NA;NA;NA;NA;NA;NA;NA;1;2;1;NA;NA;NA;1;NA
51;"MT";5108956;"510895";"Nova Monte Verde";"Não";"-";"Total";NA;NA;NA;1;1;1;1;NA;NA;NA;NA;NA;NA;1;6;1;1;1;1;1;3;3;1;2;NA
52;"GO";5200050;"520005";"Abadia de Goiás";"Não";"Região Metropolitana de Goiânia";"Total";2;NA;1;1;1;NA;NA;NA;1;1;NA;1;NA;NA;3;2;NA;NA;4;1;1;3;1;1;NA
52;"GO";5200100;"520010";"Abadiânia";"Não";"Região Integrada de Desenvolvimento do Distrito Federal e Entorno";"Total";1;5;5;2;1;2;7;NA;1;2;11;3;8;6;9;7;2;5;6;2;6;4;4;4;NA
52;"GO";5200134;"520013";"Acreúna";"Não";"-";"Total";3;4;3;1;7;4;1;1;NA;2;9;NA;2;6;6;4;NA;3;11;6;2;4;NA;3;NA
52;"GO";5200159;"520015";"Adelândia";"Não";"-";"Total";NA;NA;NA;NA;NA;NA;NA;NA;NA;NA;NA;NA;NA;NA;NA;NA;NA;NA;NA;NA;NA;1;NA;NA;NA
52;"GO";5200175;"520017";"Água Fria de Goiás";"Não";"Região Integrada de Desenvolvimento do Distrito Federal e Entorno";"Total";NA;NA;NA;1;2;3;1;2;1;1;NA;2;NA;2;6;2;2;NA;2;1;NA;NA;1;1;NA
52;"GO";5200209;"520020";"Água Limpa";"Não";"-";"Total";NA;NA;NA;1;NA;NA;NA;NA;2;NA;NA;NA;NA;NA;2;NA;1;NA;NA;NA;1;NA;NA;NA;NA
52;"GO";5200258;"520025";"Águas Lindas de Goiás";"Não";"Região Integrada de Desenvolvimento do Distrito Federal e Entorno";"Total";5;12;11;16;5;11;8;2;10;14;12;34;30;30;14;10;9;12;4;10;17;15;17;15;NA
52;"GO";5200308;"520030";"Alexânia";"Não";"Região Integrada de Desenvolvimento do Distrito Federal e Entorno";"Total";4;6;7;4;3;4;NA;2;8;NA;6;5;11;13;9;7;10;8;7;1;2;10;5;7;NA
52;"GO";5200506;"520050";"Aloândia";"Não";"-";"Total";NA;NA;NA;NA;2;NA;NA;NA;NA;NA;NA;NA;NA;NA;NA;NA;NA;NA;NA;NA;NA;NA;NA;NA;NA
52;"GO";5200555;"520055";"Alto Horizonte";"Não";"-";"Total";NA;NA;1;NA;NA;NA;NA;NA;NA;NA;1;NA;1;NA;2;NA;1;NA;NA;NA;2;NA;2;NA;NA
52;"GO";5200605;"520060";"Alto Paraíso de Goiás";"Não";"Região Integrada de Desenvolvimento do Distrito Federal e Entorno";"Total";NA;NA;2;2;NA;1;NA;NA;NA;2;NA;2;1;1;NA;8;3;2;1;NA;3;2;3;2;NA
52;"GO";5200803;"520080";"Alvorada do Norte";"Não";"Região Integrada de Desenvolvimento do Distrito Federal e Entorno";"Total";NA;2;9;3;5;3;1;2;1;2;2;10;7;10;16;3;4;10;5;3;1;4;7;12;NA
52;"GO";5200829;"520082";"Amaralina";"Não";"-";"Total";NA;NA;NA;NA;1;NA;1;NA;NA;NA;NA;NA;NA;NA;NA;NA;NA;NA;NA;NA;2;1;NA;1;NA
52;"GO";5200852;"520085";"Americano do Brasil";"Não";"-";"Total";NA;NA;NA;1;NA;3;1;NA;NA;1;NA;NA;NA;NA;1;1;NA;1;NA;1;NA;NA;1;NA;NA
52;"GO";5200902;"520090";"Amorinópolis";"Não";"-";"Total";1;1;NA;NA;NA;2;NA;NA;NA;1;1;1;1;1;NA;NA;NA;1;NA;NA;2;NA;2;1;NA
52;"GO";5201108;"520110";"Anápolis";"Não";"-";"Total";31;36;53;47;36;34;40;78;81;86;95;92;113;101;117;60;88;62;68;64;80;79;62;47;NA
52;"GO";5201207;"520120";"Anhanguera";"Não";"-";"Total";NA;NA;NA;NA;NA;NA;NA;NA;NA;NA;NA;NA;NA;NA;NA;NA;NA;NA;NA;NA;NA;NA;NA;NA;NA
52;"GO";5201306;"520130";"Anicuns";"Não";"-";"Total";NA;2;2;NA;NA;1;2;NA;6;6;NA;4;5;3;2;5;2;2;1;1;2;2;4;7;NA
52;"GO";5201405;"520140";"Aparecida de Goiânia";"Não";"Região Metropolitana de Goiânia";"Total";15;22;33;35;42;46;41;31;49;33;61;63;42;50;49;31;34;31;29;36;27;36;39;44;NA
52;"GO";5201454;"520145";"Aparecida do Rio Doce";"Não";"-";"Total";NA;1;NA;NA;NA;NA;NA;NA;NA;NA;NA;1;1;NA;NA;NA;1;3;NA;NA;NA;NA;NA;NA;NA
52;"GO";5201504;"520150";"Aporé";"Não";"-";"Total";NA;NA;NA;1;NA;2;NA;2;NA;1;NA;NA;2;NA;2;NA;NA;NA;2;NA;NA;NA;NA;NA;NA
52;"GO";5201603;"520160";"Araçu";"Não";"-";"Total";NA;NA;NA;1;NA;NA;NA;NA;NA;1;NA;3;NA;NA;NA;NA;2;NA;NA;NA;NA;1;NA;NA;NA
52;"GO";5201702;"520170";"Aragarças";"Não";"-";"Total";NA;1;NA;NA;NA;NA;NA;1;3;1;3;2;3;6;7;6;2;1;5;3;3;4;4;5;NA
52;"GO";5201801;"520180";"Aragoiânia";"Não";"Região Metropolitana de Goiânia";"Total";NA;NA;1;NA;1;2;NA;NA;1;1;NA;1;2;4;6;2;4;1;NA;1;1;3;1;4;NA
52;"GO";5202155;"520215";"Araguapaz";"Não";"-";"Total";1;1;1;1;1;1;5;NA;1;1;1;1;3;3;3;NA;NA;3;NA;1;NA;2;2;3;NA
52;"GO";5202353;"520235";"Arenópolis";"Não";"-";"Total";NA;1;1;NA;NA;NA;NA;1;NA;NA;NA;NA;2;NA;1;NA;1;1;2;1;NA;NA;1;NA;NA
52;"GO";5202502;"520250";"Aruanã";"Não";"-";"Total";NA;NA;NA;NA;4;2;1;1;NA;NA;NA;NA;5;1;NA;3;2;1;1;1;2;2;1;1;NA
52;"GO";5202601;"520260";"Aurilândia";"Não";"-";"Total";NA;NA;NA;NA;NA;NA;NA;NA;1;1;NA;NA;NA;NA;1;1;NA;NA;NA;NA;NA;1;2;1;NA
52;"GO";5202809;"520280";"Avelinópolis";"Não";"-";"Total";NA;NA;NA;NA;NA;NA;NA;NA;NA;NA;NA;NA;NA;NA;NA;1;1;1;NA;NA;1;NA;1;NA;NA
52;"GO";5203104;"520310";"Baliza";"Não";"-";"Total";NA;1;NA;NA;1;NA;NA;1;NA;NA;2;NA;NA;NA;NA;NA;1;1;NA;NA;1;NA;NA;NA;NA
52;"GO";5203203;"520320";"Barro Alto";"Não";"Região Integrada de Desenvolvimento do Distrito Federal e Entorno";"Total";1;1;1;NA;1;2;1;10;NA;2;3;2;1;3;7;2;NA;2;2;2;1;NA;NA;2;NA
52;"GO";5203302;"520330";"Bela Vista de Goiás";"Não";"Região Metropolitana de Goiânia";"Total";NA;NA;2;4;1;1;2;3;4;3;8;1;5;4;10;9;5;3;5;4;5;8;6;4;NA
52;"GO";5203401;"520340";"Bom Jardim de Goiás";"Não";"-";"Total";2;3;NA;NA;1;1;1;NA;2;2;NA;NA;NA;2;2;6;NA;3;NA;NA;1;2;6;5;NA
52;"GO";5203500;"520350";"Bom Jesus de Goiás";"Não";"-";"Total";NA;NA;NA;2;2;2;1;NA;1;2;1;1;6;3;3;1;3;3;3;2;2;2;5;5;NA
52;"GO";5203559;"520355";"Bonfinópolis";"Não";"Região Metropolitana de Goiânia";"Total";1;NA;1;NA;NA;5;NA;NA;NA;3;NA;2;2;2;2;3;NA;1;1;1;NA;2;2;4;NA
52;"GO";5203575;"520357";"Bonópolis";"Não";"-";"Total";NA;NA;NA;NA;1;NA;NA;NA;NA;NA;NA;NA;NA;1;NA;NA;NA;NA;NA;NA;1;2;2;1;NA
52;"GO";5203609;"520360";"Brazabrantes";"Não";"Região Metropolitana de Goiânia";"Total";NA;NA;NA;NA;NA;1;NA;NA;1;1;NA;NA;NA;NA;NA;1;2;1;2;2;NA;1;1;NA;NA
52;"GO";5203807;"520380";"Britânia";"Não";"-";"Total";NA;2;NA;1;NA;NA;NA;2;1;NA;NA;1;1;1;1;1;1;NA;1;NA;1;1;NA;1;NA
52;"GO";5203906;"520390";"Buriti Alegre";"Não";"-";"Total";NA;NA;NA;NA;NA;NA;NA;1;2;1;NA;1;1;NA;1;2;NA;3;1;1;2;1;NA;1;NA
52;"GO";5203939;"520393";"Buriti de Goiás";"Não";"-";"Total";NA;NA;NA;1;NA;NA;NA;2;NA;NA;NA;1;NA;NA;NA;NA;NA;1;1;NA;1;1;NA;NA;NA
52;"GO";5203962;"520396";"Buritinópolis";"Não";"-";"Total";NA;NA;NA;NA;NA;NA;NA;NA;NA;NA;1;2;1;NA;NA;2;NA;NA;2;NA;NA;1;NA;NA;NA
52;"GO";5204003;"520400";"Cabeceiras";"Não";"Região Integrada de Desenvolvimento do Distrito Federal e Entorno";"Total";NA;NA;NA;NA;NA;NA;NA;NA;1;1;1;2;1;NA;4;4;4;NA;8;2;NA;3;2;NA;NA
52;"GO";5204102;"520410";"Cachoeira Alta";"Não";"-";"Total";NA;NA;NA;1;1;1;NA;1;NA;4;NA;1;3;2;3;1;3;5;5;3;1;NA;1;NA;NA
52;"GO";5204201;"520420";"Cachoeira de Goiás";"Não";"-";"Total";NA;NA;NA;NA;NA;NA;NA;NA;NA;NA;NA;NA;NA;NA;NA;NA;1;1;NA;NA;2;NA;NA;NA;NA
52;"GO";5204250;"520425";"Cachoeira Dourada";"Não";"-";"Total";NA;NA;NA;1;NA;NA;1;NA;NA;1;NA;2;NA;NA;1;1;NA;1;2;1;1;1;1;NA;NA
52;"GO";5204300;"520430";"Caçu";"Não";"-";"Total";1;NA;NA;2;NA;NA;NA;1;1;NA;1;NA;NA;2;1;NA;NA;5;NA;NA;2;1;1;1;NA
52;"GO";5204409;"520440";"Caiapônia";"Não";"-";"Total";4;5;1;1;1;1;2;NA;4;6;3;5;5;3;6;5;3;6;2;2;2;1;2;5;NA
52;"GO";5204508;"520450";"Caldas Novas";"Não";"-";"Total";1;1;NA;2;2;2;2;2;3;4;11;2;4;9;15;10;20;15;14;10;21;17;8;7;NA
52;"GO";5204557;"520455";"Caldazinha";"Não";"Região Metropolitana de Goiânia";"Total";NA;NA;NA;NA;1;NA;NA;NA;NA;NA;NA;NA;NA;NA;1;NA;NA;1;NA;NA;NA;NA;NA;NA;NA
52;"GO";5204607;"520460";"Campestre de Goiás";"Não";"-";"Total";1;NA;NA;1;NA;NA;NA;1;NA;NA;NA;1;NA;NA;1;NA;1;2;1;NA;NA;NA;2;1;NA
52;"GO";5204656;"520465";"Campinaçu";"Não";"-";"Total";NA;NA;1;NA;NA;NA;NA;NA;2;1;1;NA;1;NA;2;2;NA;1;NA;NA;3;NA;NA;NA;NA
52;"GO";5204706;"520470";"Campinorte";"Não";"-";"Total";7;NA;1;5;1;NA;NA;1;1;NA;3;3;7;2;2;1;1;5;2;4;3;4;3;3;NA
52;"GO";5204805;"520480";"Campo Alegre de Goiás";"Não";"-";"Total";1;3;2;1;1;NA;1;3;3;2;1;10;1;3;1;3;10;1;2;NA;3;2;1;1;NA
52;"GO";5204854;"520485";"Campo Limpo de Goiás";"Não";"-";"Total";NA;NA;NA;NA;1;NA;NA;NA;1;NA;NA;NA;1;1;1;1;2;1;NA;1;1;1;NA;1;NA
52;"GO";5204904;"520490";"Campos Belos";"Não";"-";"Total";2;6;4;1;2;3;NA;4;3;1;7;NA;4;2;7;3;4;5;2;3;6;NA;1;3;NA
52;"GO";5204953;"520495";"Campos Verdes";"Não";"-";"Total";NA;1;NA;NA;1;NA;1;1;1;NA;1;2;2;1;NA;1;1;NA;NA;NA;NA;NA;2;1;NA
52;"GO";5205000;"520500";"Carmo do Rio Verde";"Não";"-";"Total";NA;1;NA;NA;NA;1;1;NA;NA;3;1;NA;1;NA;4;NA;NA;1;3;1;4;1;1;4;NA
52;"GO";5205059;"520505";"Castelândia";"Não";"-";"Total";1;NA;NA;NA;NA;NA;NA;NA;NA;NA;NA;NA;1;NA;NA;1;NA;NA;1;NA;NA;NA;NA;NA;NA
52;"GO";5205109;"520510";"Catalão";"Não";"-";"Total";1;2;6;6;13;12;11;6;13;11;8;11;12;12;12;20;12;19;16;8;13;15;21;14;NA
52;"GO";5205208;"520520";"Caturaí";"Não";"Região Metropolitana de Goiânia";"Total";NA;1;NA;NA;2;NA;NA;NA;NA;NA;NA;1;NA;NA;2;NA;NA;1;NA;NA;NA;NA;1;NA;NA
52;"GO";5205307;"520530";"Cavalcante";"Não";"Região Integrada de Desenvolvimento do Distrito Federal e Entorno";"Total";1;NA;NA;2;1;NA;NA;2;NA;NA;3;NA;1;NA;3;NA;3;1;2;NA;NA;NA;NA;2;NA
52;"GO";5205406;"520540";"Ceres";"Não";"-";"Total";NA;1;4;3;4;NA;1;1;1;1;3;9;6;8;13;6;7;10;4;7;7;2;2;4;NA
52;"GO";5205455;"520545";"Cezarina";"Não";"-";"Total";NA;2;NA;NA;1;1;2;1;1;2;1;NA;5;1;1;3;3;3;1;3;NA;1;4;3;NA
52;"GO";5205471;"520547";"Chapadão do Céu";"Não";"-";"Total";NA;NA;1;1;NA;NA;2;NA;NA;1;1;6;NA;2;6;1;2;2;1;3;1;NA;1;2;NA
52;"GO";5205497;"520549";"Cidade Ocidental";"Não";"Região Integrada de Desenvolvimento do Distrito Federal e Entorno";"Total";1;2;2;NA;NA;NA;2;1;1;1;5;2;5;7;3;3;2;4;5;5;5;5;6;5;NA
52;"GO";5205513;"520551";"Cocalzinho de Goiás";"Não";"Região Integrada de Desenvolvimento do Distrito Federal e Entorno";"Total";1;5;3;5;4;3;NA;NA;9;1;7;6;17;14;15;8;9;6;9;4;7;8;7;11;NA
52;"GO";5205521;"520552";"Colinas do Sul";"Não";"-";"Total";1;1;1;1;1;NA;1;NA;NA;1;2;NA;NA;1;NA;1;NA;1;2;3;2;NA;2;2;NA
52;"GO";5205703;"520570";"Córrego do Ouro";"Não";"-";"Total";1;1;NA;NA;NA;NA;NA;NA;NA;NA;NA;NA;NA;NA;1;NA;1;NA;NA;NA;NA;NA;NA;NA;NA
52;"GO";5205802;"520580";"Corumbá de Goiás";"Não";"Região Integrada de Desenvolvimento do Distrito Federal e Entorno";"Total";2;NA;2;1;1;NA;1;3;1;NA;3;2;1;4;4;1;3;1;2;4;3;4;1;2;NA
52;"GO";5205901;"520590";"Corumbaíba";"Não";"-";"Total";NA;1;1;NA;2;1;9;NA;1;1;1;1;NA;NA;NA;NA;1;4;2;NA;1;3;1;NA;NA
52;"GO";5206206;"520620";"Cristalina";"Não";"Região Integrada de Desenvolvimento do Distrito Federal e Entorno";"Total";8;18;17;7;15;9;19;11;9;24;16;20;27;14;19;29;18;12;18;16;13;14;22;13;NA
52;"GO";5206305;"520630";"Cristianópolis";"Não";"-";"Total";1;NA;NA;NA;1;NA;NA;NA;NA;NA;NA;1;1;3;NA;2;3;NA;1;1;1;1;NA;NA;NA
52;"GO";5206404;"520640";"Crixás";"Não";"-";"Total";NA;1;1;2;1;1;1;2;2;2;3;2;1;3;3;3;3;2;3;2;2;4;5;1;NA
52;"GO";5206503;"520650";"Cromínia";"Não";"-";"Total";NA;2;NA;1;NA;NA;NA;NA;NA;2;1;NA;2;1;NA;NA;NA;1;NA;1;NA;2;1;1;NA
52;"GO";5206602;"520660";"Cumari";"Não";"-";"Total";1;NA;NA;4;2;2;NA;1;NA;NA;NA;NA;NA;NA;5;NA;3;NA;2;NA;1;NA;NA;NA;NA
52;"GO";5206701;"520670";"Damianópolis";"Não";"-";"Total";NA;NA;NA;NA;1;NA;NA;NA;2;NA;NA;NA;NA;1;3;1;NA;NA;NA;1;2;NA;NA;NA;NA
52;"GO";5206800;"520680";"Damolândia";"Não";"-";"Total";NA;2;1;NA;NA;1;NA;NA;NA;1;NA;NA;NA;1;NA;NA;NA;NA;NA;NA;NA;NA;1;1;NA
52;"GO";5206909;"520690";"Davinópolis";"Não";"-";"Total";NA;NA;NA;NA;2;NA;NA;NA;NA;1;NA;NA;NA;1;NA;2;NA;NA;2;NA;NA;NA;NA;1;NA
52;"GO";5207105;"520710";"Diorama";"Não";"-";"Total";NA;1;NA;NA;NA;NA;NA;NA;NA;NA;NA;NA;NA;1;NA;NA;NA;NA;NA;NA;NA;1;NA;1;NA
52;"GO";5207253;"520725";"Doverlândia";"Não";"-";"Total";NA;1;NA;NA;NA;NA;NA;NA;NA;1;2;2;NA;2;NA;2;2;NA;1;NA;1;NA;2;1;NA
52;"GO";5207352;"520735";"Edealina";"Não";"-";"Total";NA;NA;NA;NA;NA;NA;NA;NA;NA;NA;NA;NA;NA;NA;1;NA;NA;NA;NA;NA;NA;NA;NA;2;NA
52;"GO";5207402;"520740";"Edéia";"Não";"-";"Total";NA;NA;NA;NA;2;NA;4;NA;2;1;NA;2;1;NA;NA;NA;NA;NA;1;NA;1;1;2;NA;NA
52;"GO";5207501;"520750";"Estrela do Norte";"Não";"-";"Total";1;NA;1;NA;3;1;1;NA;2;NA;NA;NA;4;1;NA;2;4;1;1;NA;NA;NA;2;1;NA
52;"GO";5207535;"520753";"Faina";"Não";"-";"Total";NA;1;2;NA;1;1;2;2;NA;NA;1;1;1;1;1;1;3;4;1;2;2;2;NA;1;NA
52;"GO";5207600;"520760";"Fazenda Nova";"Não";"-";"Total";1;NA;1;NA;NA;2;NA;NA;NA;NA;NA;1;3;NA;NA;1;NA;NA;1;3;NA;NA;2;1;NA
52;"GO";5207808;"520780";"Firminópolis";"Não";"-";"Total";1;NA;2;NA;NA;1;NA;NA;NA;4;1;1;1;NA;2;NA;3;NA;2;2;1;NA;2;2;NA
52;"GO";5207907;"520790";"Flores de Goiás";"Não";"Região Integrada de Desenvolvimento do Distrito Federal e Entorno";"Total";1;2;4;2;NA;4;1;5;3;1;2;3;4;5;9;6;7;6;3;4;7;3;3;7;NA
52;"GO";5208004;"520800";"Formosa";"Não";"Região Integrada de Desenvolvimento do Distrito Federal e Entorno";"Total";7;9;7;17;12;8;15;9;18;22;16;20;15;17;35;34;37;19;27;22;22;18;26;21;NA
52;"GO";5208103;"520810";"Formoso";"Não";"-";"Total";NA;2;NA;NA;1;NA;NA;NA;1;1;2;NA;2;1;NA;NA;3;NA;1;2;NA;1;NA;1;NA
52;"GO";5208152;"520815";"Gameleira de Goiás";"Não";"-";"Total";NA;NA;NA;NA;NA;NA;NA;NA;NA;NA;NA;NA;NA;NA;NA;NA;NA;1;NA;1;NA;NA;2;1;NA
52;"GO";5208301;"520830";"Divinópolis de Goiás";"Não";"-";"Total";NA;NA;NA;NA;1;NA;NA;NA;NA;NA;NA;NA;1;1;1;NA;NA;1;NA;NA;1;1;1;NA;NA
52;"GO";5208400;"520840";"Goianápolis";"Não";"Região Metropolitana de Goiânia";"Total";1;2;1;3;NA;1;1;2;1;4;5;3;9;3;NA;4;1;1;1;1;3;2;1;4;NA
52;"GO";5208509;"520850";"Goiandira";"Não";"-";"Total";NA;NA;NA;NA;NA;NA;3;1;NA;1;1;NA;NA;NA;NA;NA;1;NA;NA;1;1;1;NA;NA;NA
52;"GO";5208608;"520860";"Goianésia";"Não";"Região Integrada de Desenvolvimento do Distrito Federal e Entorno";"Total";5;6;6;3;8;5;5;3;4;9;18;12;7;6;10;10;8;12;11;11;6;10;9;6;NA
52;"GO";5208707;"520870";"Goiânia";"Sim";"Região Metropolitana de Goiânia";"Total";160;182;203;184;240;299;286;342;340;346;390;351;385;308;344;284;314;315;278;269;296;345;302;309;NA
52;"GO";5208806;"520880";"Goianira";"Não";"Região Metropolitana de Goiânia";"Total";5;NA;2;2;1;2;1;1;1;4;1;7;6;3;5;5;10;7;8;8;2;6;10;11;NA
52;"GO";5208905;"520890";"Goiás";"Não";"-";"Total";NA;NA;3;5;3;2;1;8;5;1;5;2;4;14;4;3;10;6;3;6;6;3;5;8;NA
52;"GO";5209101;"520910";"Goiatuba";"Não";"-";"Total";3;NA;NA;1;2;2;2;1;3;7;2;1;3;3;4;3;2;2;3;2;4;3;10;5;NA
52;"GO";5209150;"520915";"Gouvelândia";"Não";"-";"Total";NA;NA;NA;1;NA;NA;NA;NA;NA;NA;NA;NA;NA;NA;1;1;1;1;1;NA;1;2;NA;NA;NA
52;"GO";5209200;"520920";"Guapó";"Não";"Região Metropolitana de Goiânia";"Total";NA;NA;NA;2;4;3;1;3;2;3;NA;5;3;2;4;1;8;1;5;2;NA;2;2;NA;NA
52;"GO";5209291;"520929";"Guaraíta";"Não";"-";"Total";NA;NA;NA;NA;NA;NA;NA;1;NA;NA;NA;NA;NA;NA;NA;NA;NA;NA;NA;NA;NA;NA;NA;NA;NA
52;"GO";5209408;"520940";"Guarani de Goiás";"Não";"-";"Total";1;1;NA;NA;1;NA;NA;NA;NA;NA;9;NA;1;1;NA;NA;2;6;NA;3;4;3;4;NA;NA
52;"GO";5209457;"520945";"Guarinos";"Não";"-";"Total";NA;NA;NA;NA;NA;NA;NA;NA;NA;NA;NA;NA;NA;1;NA;NA;1;NA;NA;NA;NA;NA;NA;1;NA
52;"GO";5209606;"520960";"Heitoraí";"Não";"-";"Total";NA;NA;NA;NA;1;NA;NA;NA;NA;NA;NA;NA;NA;NA;1;NA;NA;1;NA;1;NA;NA;4;1;NA
52;"GO";5209705;"520970";"Hidrolândia";"Não";"Região Metropolitana de Goiânia";"Total";3;3;2;2;5;2;NA;1;3;2;NA;2;9;4;7;5;2;2;1;6;4;4;6;7;NA
52;"GO";5209804;"520980";"Hidrolina";"Não";"-";"Total";1;NA;NA;NA;NA;NA;NA;NA;1;1;NA;NA;NA;NA;1;NA;2;NA;2;1;NA;2;2;3;NA
52;"GO";5209903;"520990";"Iaciara";"Não";"-";"Total";NA;NA;NA;1;3;1;NA;1;2;NA;2;2;2;3;3;3;3;3;2;3;5;NA;6;NA;NA
52;"GO";5209937;"520993";"Inaciolândia";"Não";"-";"Total";NA;1;1;NA;NA;NA;1;NA;NA;NA;NA;1;NA;2;2;NA;2;NA;1;1;1;1;NA;1;NA
52;"GO";5209952;"520995";"Indiara";"Não";"-";"Total";NA;1;1;2;5;2;1;NA;2;2;1;NA;6;4;7;5;9;5;1;5;4;6;2;1;NA
52;"GO";5210000;"521000";"Inhumas";"Não";"Região Metropolitana de Goiânia";"Total";4;1;2;NA;3;5;1;2;8;13;8;9;9;6;6;7;10;9;2;6;7;8;5;10;NA
52;"GO";5210109;"521010";"Ipameri";"Não";"-";"Total";3;2;4;5;5;2;6;2;5;5;5;3;5;4;4;1;4;6;6;2;4;4;5;3;NA
52;"GO";5210158;"521015";"Ipiranga de Goiás";"Não";"-";"Total";NA;NA;NA;NA;NA;NA;NA;NA;NA;NA;NA;NA;NA;NA;1;1;NA;1;1;1;NA;NA;NA;1;NA
52;"GO";5210208;"521020";"Iporá";"Não";"-";"Total";3;3;2;1;2;2;1;1;2;3;3;3;4;3;11;5;2;1;3;8;4;4;5;1;NA
52;"GO";5210307;"521030";"Israelândia";"Não";"-";"Total";3;1;NA;NA;1;NA;NA;NA;1;1;3;1;3;3;2;NA;NA;NA;1;1;2;1;NA;2;NA
52;"GO";5210406;"521040";"Itaberaí";"Não";"-";"Total";3;2;4;1;5;NA;2;10;2;9;9;10;10;2;8;9;4;3;8;8;9;7;6;8;NA
52;"GO";5210562;"521056";"Itaguari";"Não";"-";"Total";1;NA;NA;NA;NA;NA;2;NA;1;NA;NA;NA;NA;NA;1;NA;NA;NA;2;2;NA;1;2;1;NA
52;"GO";5210604;"521060";"Itaguaru";"Não";"-";"Total";1;NA;NA;2;NA;1;1;1;NA;1;NA;NA;1;NA;1;1;NA;2;1;NA;NA;2;1;NA;NA
52;"GO";5210802;"521080";"Itajá";"Não";"-";"Total";NA;NA;1;1;1;1;NA;NA;NA;NA;NA;NA;1;NA;NA;1;NA;1;NA;NA;NA;2;NA;2;NA
52;"GO";5210901;"521090";"Itapaci";"Não";"-";"Total";NA;NA;3;1;2;1;3;4;1;1;1;2;1;5;1;4;2;3;3;1;5;1;3;2;NA
52;"GO";5211008;"521100";"Itapirapuã";"Não";"-";"Total";NA;NA;1;2;NA;1;1;2;2;NA;NA;1;NA;1;4;2;3;1;1;1;NA;NA;2;1;NA
52;"GO";5211206;"521120";"Itapuranga";"Não";"-";"Total";1;2;NA;1;2;2;1;NA;2;1;5;1;1;NA;6;3;5;NA;4;NA;4;NA;4;6;NA
52;"GO";5211305;"521130";"Itarumã";"Não";"-";"Total";NA;NA;NA;NA;2;NA;NA;NA;1;NA;NA;2;2;NA;1;1;1;NA;1;NA;1;1;1;NA;NA
52;"GO";5211404;"521140";"Itauçu";"Não";"-";"Total";NA;1;1;NA;NA;NA;2;NA;7;2;NA;3;8;1;3;3;3;2;3;3;3;1;1;1;NA
52;"GO";5211503;"521150";"Itumbiara";"Não";"-";"Total";3;8;1;3;4;1;7;7;11;6;7;7;13;12;11;7;16;17;10;18;10;14;23;18;NA
52;"GO";5211602;"521160";"Ivolândia";"Não";"-";"Total";NA;NA;NA;1;NA;NA;1;NA;NA;1;2;NA;NA;3;2;NA;NA;1;2;NA;NA;1;NA;NA;NA
52;"GO";5211701;"521170";"Jandaia";"Não";"-";"Total";1;NA;3;NA;NA;1;NA;NA;NA;1;NA;NA;3;2;NA;3;NA;5;1;1;NA;2;2;4;NA
52;"GO";5211800;"521180";"Jaraguá";"Não";"-";"Total";NA;NA;9;4;2;2;6;2;4;6;7;8;6;7;6;9;12;10;3;4;4;9;9;8;NA
52;"GO";5211909;"521190";"Jataí";"Não";"-";"Total";8;12;16;12;17;14;27;20;23;24;9;10;27;20;21;17;21;11;10;11;8;15;21;11;NA
52;"GO";5212006;"521200";"Jaupaci";"Não";"-";"Total";1;NA;NA;NA;NA;NA;NA;NA;NA;NA;NA;NA;1;2;2;1;2;NA;3;NA;NA;NA;NA;NA;NA
52;"GO";5212055;"521205";"Jesúpolis";"Não";"-";"Total";NA;NA;NA;NA;NA;NA;NA;NA;NA;NA;1;NA;NA;NA;NA;1;NA;NA;NA;NA;NA;NA;NA;NA;NA
52;"GO";5212105;"521210";"Joviânia";"Não";"-";"Total";NA;1;NA;NA;NA;1;3;1;NA;NA;5;NA;1;NA;2;1;NA;1;NA;NA;NA;1;1;NA;NA
52;"GO";5212204;"521220";"Jussara";"Não";"-";"Total";NA;NA;2;1;NA;4;2;2;4;NA;4;6;13;3;2;1;3;4;1;4;5;3;5;7;NA
52;"GO";5212253;"521225";"Lagoa Santa";"Não";"-";"Total";NA;NA;NA;NA;NA;NA;NA;1;NA;NA;NA;NA;NA;NA;NA;NA;NA;1;NA;NA;NA;NA;NA;NA;NA
52;"GO";5212303;"521230";"Leopoldo de Bulhões";"Não";"-";"Total";2;NA;1;NA;1;1;NA;NA;NA;1;1;1;3;5;NA;4;4;1;1;4;1;NA;2;2;NA
52;"GO";5212501;"521250";"Luziânia";"Não";"Região Integrada de Desenvolvimento do Distrito Federal e Entorno";"Total";15;32;38;34;32;45;20;33;42;39;41;24;32;36;34;46;27;41;29;31;25;38;27;27;NA
52;"GO";5212600;"521260";"Mairipotaba";"Não";"-";"Total";3;NA;1;NA;NA;NA;NA;NA;NA;1;2;NA;NA;NA;NA;1;1;2;NA;NA;NA;NA;1;NA;NA
52;"GO";5212709;"521270";"Mambaí";"Não";"-";"Total";NA;NA;NA;NA;NA;3;NA;NA;NA;NA;1;1;1;1;2;2;1;2;3;3;1;1;2;1;NA
52;"GO";5212808;"521280";"Mara Rosa";"Não";"-";"Total";NA;1;NA;NA;3;2;NA;NA;1;NA;7;5;3;4;2;4;6;4;1;3;1;4;2;5;NA
52;"GO";5212907;"521290";"Marzagão";"Não";"-";"Total";NA;NA;NA;NA;NA;NA;1;NA;1;NA;NA;NA;1;NA;NA;NA;NA;NA;1;NA;1;1;2;2;NA
52;"GO";5212956;"521295";"Matrinchã";"Não";"-";"Total";NA;NA;NA;NA;NA;1;NA;1;NA;NA;NA;NA;1;NA;NA;NA;NA;NA;NA;NA;NA;1;NA;NA;NA
52;"GO";5213004;"521300";"Maurilândia";"Não";"-";"Total";NA;1;1;1;NA;2;3;NA;NA;NA;NA;NA;NA;NA;5;3;1;NA;2;1;4;NA;NA;1;NA
52;"GO";5213053;"521305";"Mimoso de Goiás";"Não";"Região Integrada de Desenvolvimento do Distrito Federal e Entorno";"Total";1;NA;1;1;NA;NA;NA;NA;NA;NA;NA;NA;1;NA;NA;NA;NA;NA;NA;NA;1;NA;NA;2;NA
52;"GO";5213087;"521308";"Minaçu";"Não";"-";"Total";1;1;2;6;1;5;1;6;5;7;5;3;3;5;4;2;5;6;4;2;2;3;3;1;NA
52;"GO";5213103;"521310";"Mineiros";"Não";"-";"Total";2;NA;4;4;2;4;11;2;4;4;15;9;15;12;9;13;7;8;12;5;9;10;6;8;NA
52;"GO";5213400;"521340";"Moiporá";"Não";"-";"Total";NA;NA;1;NA;1;2;NA;NA;NA;NA;NA;NA;NA;1;NA;NA;NA;1;NA;NA;NA;1;1;NA;NA
52;"GO";5213509;"521350";"Monte Alegre de Goiás";"Não";"-";"Total";2;1;1;2;2;4;1;1;2;1;3;2;NA;2;4;5;4;7;2;NA;1;4;NA;NA;NA
52;"GO";5213707;"521370";"Montes Claros de Goiás";"Não";"-";"Total";2;NA;1;NA;1;NA;1;NA;NA;2;NA;2;1;5;4;10;2;5;5;2;2;4;3;5;NA
52;"GO";5213756;"521375";"Montividiu";"Não";"-";"Total";NA;NA;NA;NA;NA;2;2;NA;NA;1;12;NA;1;1;3;NA;4;1;3;1;5;8;2;2;NA
52;"GO";5213772;"521377";"Montividiu do Norte";"Não";"-";"Total";NA;NA;NA;NA;NA;NA;NA;NA;1;NA;2;NA;NA;NA;2;NA;NA;1;1;NA;NA;NA;NA;NA;NA
52;"GO";5213806;"521380";"Morrinhos";"Não";"-";"Total";3;3;3;8;1;2;1;2;9;5;5;3;6;5;4;6;7;2;3;4;3;4;3;NA;NA
52;"GO";5213855;"521385";"Morro Agudo de Goiás";"Não";"-";"Total";NA;NA;NA;NA;NA;NA;NA;NA;NA;NA;NA;NA;NA;NA;NA;NA;NA;NA;NA;NA;1;NA;NA;NA;NA
52;"GO";5213905;"521390";"Mossâmedes";"Não";"-";"Total";NA;NA;1;1;NA;2;NA;NA;NA;1;NA;NA;NA;NA;NA;NA;NA;1;NA;NA;NA;1;NA;4;NA
52;"GO";5214002;"521400";"Mozarlândia";"Não";"-";"Total";2;NA;1;2;4;1;1;1;3;NA;1;NA;2;1;4;2;1;5;1;6;2;4;2;2;NA
52;"GO";5214051;"521405";"Mundo Novo";"Não";"-";"Total";2;1;NA;NA;NA;1;NA;1;2;3;1;1;NA;1;2;NA;1;NA;2;4;2;6;2;6;NA
52;"GO";5214101;"521410";"Mutunópolis";"Não";"-";"Total";NA;NA;NA;1;NA;NA;NA;NA;NA;NA;NA;NA;NA;NA;1;NA;3;2;1;NA;NA;NA;NA;1;NA
52;"GO";5214408;"521440";"Nazário";"Não";"-";"Total";NA;1;NA;1;1;1;1;NA;NA;2;NA;NA;1;1;1;2;1;1;NA;NA;NA;8;4;4;NA
52;"GO";5214507;"521450";"Nerópolis";"Não";"Região Metropolitana de Goiânia";"Total";1;5;4;4;6;2;1;2;7;4;7;7;6;5;5;7;3;2;6;5;5;4;3;5;NA
52;"GO";5214606;"521460";"Niquelândia";"Não";"Região Integrada de Desenvolvimento do Distrito Federal e Entorno";"Total";3;1;9;6;4;7;1;2;2;5;7;14;13;10;10;13;6;4;6;8;6;9;12;4;NA
52;"GO";5214705;"521470";"Nova América";"Não";"-";"Total";NA;NA;NA;NA;NA;NA;NA;NA;NA;NA;NA;NA;NA;1;1;NA;NA;1;2;1;1;1;1;1;NA
52;"GO";5214804;"521480";"Nova Aurora";"Não";"-";"Total";NA;NA;NA;NA;1;NA;NA;1;NA;NA;NA;NA;1;NA;NA;1;1;NA;NA;1;NA;NA;NA;NA;NA
52;"GO";5214838;"521483";"Nova Crixás";"Não";"-";"Total";1;4;NA;NA;3;3;7;2;3;1;1;3;2;3;3;5;1;4;NA;2;1;NA;3;7;NA
52;"GO";5214861;"521486";"Nova Glória";"Não";"-";"Total";NA;NA;1;1;1;NA;1;3;1;2;5;5;7;4;7;3;5;2;NA;5;2;3;3;1;NA
52;"GO";5214879;"521487";"Nova Iguaçu de Goiás";"Não";"-";"Total";NA;NA;1;1;NA;NA;1;NA;1;2;NA;NA;NA;1;3;1;3;NA;1;NA;NA;1;2;NA;NA
52;"GO";5214903;"521490";"Nova Roma";"Não";"-";"Total";1;NA;1;NA;NA;NA;NA;NA;NA;NA;NA;1;NA;2;1;1;NA;NA;NA;NA;NA;1;NA;NA;NA
52;"GO";5215009;"521500";"Nova Veneza";"Não";"Região Metropolitana de Goiânia";"Total";1;NA;NA;NA;NA;NA;3;NA;1;NA;1;2;1;2;1;NA;2;1;1;1;2;NA;NA;NA;NA
52;"GO";5215207;"521520";"Novo Brasil";"Não";"-";"Total";NA;NA;3;NA;NA;NA;NA;1;NA;NA;NA;NA;NA;1;NA;1;1;1;NA;NA;NA;NA;NA;1;NA
52;"GO";5215231;"521523";"Novo Gama";"Não";"Região Integrada de Desenvolvimento do Distrito Federal e Entorno";"Total";1;2;NA;2;1;NA;1;NA;3;3;1;NA;4;5;3;2;NA;3;4;4;1;4;4;4;NA
52;"GO";5215256;"521525";"Novo Planalto";"Não";"-";"Total";NA;2;1;NA;NA;NA;NA;NA;NA;NA;NA;NA;NA;3;1;NA;NA;NA;NA;NA;2;NA;NA;1;NA
52;"GO";5215306;"521530";"Orizona";"Não";"-";"Total";NA;1;NA;NA;1;NA;NA;NA;2;2;1;3;2;4;1;NA;NA;2;NA;NA;NA;NA;1;NA;NA
52;"GO";5215405;"521540";"Ouro Verde de Goiás";"Não";"-";"Total";NA;NA;NA;NA;NA;NA;NA;3;NA;NA;NA;NA;1;NA;1;NA;1;2;NA;NA;NA;NA;2;NA;NA
52;"GO";5215504;"521550";"Ouvidor";"Não";"-";"Total";1;NA;1;NA;NA;NA;NA;NA;1;1;1;1;NA;NA;NA;NA;1;NA;1;NA;NA;2;1;NA;NA
52;"GO";5215603;"521560";"Padre Bernardo";"Não";"Região Integrada de Desenvolvimento do Distrito Federal e Entorno";"Total";4;5;4;6;8;7;4;2;5;9;13;5;6;5;8;16;9;6;7;8;6;6;7;4;NA
52;"GO";5215652;"521565";"Palestina de Goiás";"Não";"-";"Total";NA;NA;NA;NA;NA;NA;NA;NA;NA;1;1;3;1;3;1;NA;NA;NA;NA;NA;1;NA;NA;2;NA
52;"GO";5215702;"521570";"Palmeiras de Goiás";"Não";"-";"Total";NA;NA;6;1;NA;NA;1;1;2;1;1;2;1;2;4;10;3;4;7;4;5;3;4;4;NA
52;"GO";5215801;"521580";"Palmelo";"Não";"-";"Total";NA;1;NA;NA;NA;NA;NA;NA;NA;NA;1;NA;1;3;2;1;NA;NA;NA;NA;NA;1;NA;NA;NA
52;"GO";5215900;"521590";"Palminópolis";"Não";"-";"Total";NA;NA;NA;NA;1;1;1;NA;NA;NA;1;1;NA;NA;1;NA;NA;NA;NA;1;1;NA;NA;NA;NA
52;"GO";5216007;"521600";"Panamá";"Não";"-";"Total";NA;NA;NA;NA;NA;2;NA;NA;NA;2;NA;NA;NA;1;NA;NA;1;NA;NA;NA;3;1;NA;1;NA
52;"GO";5216304;"521630";"Paranaiguara";"Não";"-";"Total";NA;NA;NA;1;NA;NA;NA;NA;NA;NA;NA;NA;2;NA;2;NA;NA;NA;1;NA;1;NA;2;2;NA
52;"GO";5216403;"521640";"Paraúna";"Não";"-";"Total";2;1;NA;NA;1;NA;5;NA;NA;1;NA;NA;NA;1;2;1;5;5;2;2;7;NA;5;5;NA
52;"GO";5216452;"521645";"Perolândia";"Não";"-";"Total";NA;NA;NA;NA;NA;NA;NA;NA;NA;2;NA;NA;NA;2;NA;NA;NA;1;NA;NA;NA;NA;NA;NA;NA
52;"GO";5216809;"521680";"Petrolina de Goiás";"Não";"-";"Total";1;2;NA;NA;2;2;NA;NA;3;1;7;2;1;2;1;2;2;1;2;4;2;2;NA;3;NA
52;"GO";5216908;"521690";"Pilar de Goiás";"Não";"-";"Total";NA;NA;NA;NA;2;1;1;1;NA;NA;NA;NA;NA;NA;1;NA;NA;NA;1;3;1;1;3;NA;NA
52;"GO";5217104;"521710";"Piracanjuba";"Não";"-";"Total";1;NA;NA;1;5;3;2;2;4;6;NA;4;3;4;5;1;4;5;2;4;4;4;3;6;NA
52;"GO";5217203;"521720";"Piranhas";"Não";"-";"Total";3;1;1;NA;1;NA;1;NA;NA;3;2;NA;2;3;3;4;NA;NA;2;2;2;1;7;5;NA
52;"GO";5217302;"521730";"Pirenópolis";"Não";"Região Integrada de Desenvolvimento do Distrito Federal e Entorno";"Total";1;3;3;4;1;4;NA;1;NA;7;8;4;3;10;6;6;2;6;5;4;5;3;6;2;NA
52;"GO";5217401;"521740";"Pires do Rio";"Não";"-";"Total";2;1;5;NA;2;4;1;3;1;3;4;1;3;2;6;1;2;2;6;5;14;7;5;6;NA
52;"GO";5217609;"521760";"Planaltina";"Não";"Região Integrada de Desenvolvimento do Distrito Federal e Entorno";"Total";2;3;5;3;8;5;3;NA;8;3;2;7;11;11;11;6;12;12;7;11;10;12;10;11;NA
52;"GO";5217708;"521770";"Pontalina";"Não";"-";"Total";NA;NA;1;NA;NA;1;1;1;1;9;2;2;3;1;NA;4;1;2;NA;1;NA;2;NA;NA;NA
52;"GO";5218003;"521800";"Porangatu";"Não";"-";"Total";6;1;4;7;6;17;2;5;1;3;11;9;6;3;7;11;10;13;5;8;10;12;6;11;NA
52;"GO";5218052;"521805";"Porteirão";"Não";"-";"Total";NA;NA;NA;NA;1;NA;NA;NA;NA;NA;2;NA;NA;1;NA;NA;1;NA;NA;NA;1;NA;1;NA;NA
52;"GO";5218102;"521810";"Portelândia";"Não";"-";"Total";NA;NA;5;1;NA;NA;1;NA;1;NA;NA;3;NA;3;NA;3;3;1;4;NA;4;1;3;2;NA
52;"GO";5218300;"521830";"Posse";"Não";"-";"Total";2;2;1;2;3;1;1;2;4;4;6;4;6;10;23;17;10;11;5;6;8;15;7;6;NA
52;"GO";5218391;"521839";"Professor Jamil";"Não";"-";"Total";NA;NA;NA;NA;NA;2;NA;1;NA;3;NA;NA;2;1;3;2;NA;2;NA;1;1;NA;NA;NA;NA
52;"GO";5218508;"521850";"Quirinópolis";"Não";"-";"Total";NA;3;5;1;2;5;3;2;3;3;2;5;2;2;15;3;7;8;11;1;4;4;3;4;NA
52;"GO";5218607;"521860";"Rialma";"Não";"-";"Total";3;NA;NA;NA;NA;1;NA;NA;3;NA;2;6;7;3;12;2;2;1;6;5;1;3;1;4;NA
52;"GO";5218706;"521870";"Rianápolis";"Não";"-";"Total";NA;NA;2;1;NA;1;NA;NA;NA;NA;NA;1;NA;3;1;5;2;NA;NA;3;2;3;1;1;NA
52;"GO";5218789;"521878";"Rio Quente";"Não";"-";"Total";1;1;NA;NA;NA;NA;NA;NA;NA;NA;NA;NA;NA;NA;1;NA;NA;NA;2;NA;1;1;NA;NA;NA
52;"GO";5218805;"521880";"Rio Verde";"Não";"-";"Total";5;6;6;1;1;30;16;1;4;50;49;24;23;38;38;31;21;33;29;24;32;25;35;21;NA
52;"GO";5218904;"521890";"Rubiataba";"Não";"-";"Total";NA;NA;NA;NA;NA;NA;NA;NA;NA;1;1;6;3;2;1;1;NA;NA;1;2;3;2;2;2;NA
52;"GO";5219001;"521900";"Sanclerlândia";"Não";"-";"Total";NA;NA;NA;NA;NA;NA;NA;1;NA;NA;NA;NA;NA;NA;NA;3;2;1;3;3;1;NA;NA;1;NA
52;"GO";5219100;"521910";"Santa Bárbara de Goiás";"Não";"Região Metropolitana de Goiânia";"Total";NA;2;2;NA;1;NA;1;NA;6;NA;2;1;1;4;2;NA;NA;NA;2;NA;4;NA;2;NA;NA
52;"GO";5219209;"521920";"Santa Cruz de Goiás";"Não";"-";"Total";NA;NA;NA;1;NA;NA;NA;1;1;NA;1;NA;1;NA;NA;1;NA;NA;1;NA;1;NA;1;1;NA
52;"GO";5219258;"521925";"Santa Fé de Goiás";"Não";"-";"Total";NA;2;1;NA;NA;NA;1;1;NA;NA;2;2;1;NA;2;1;NA;3;1;2;1;NA;3;4;NA
52;"GO";5219308;"521930";"Santa Helena de Goiás";"Não";"-";"Total";5;2;1;6;7;6;7;3;8;4;5;3;15;20;22;18;26;25;20;22;29;30;26;30;NA
52;"GO";5219357;"521935";"Santa Isabel";"Não";"-";"Total";NA;NA;NA;NA;NA;NA;NA;NA;NA;NA;NA;NA;NA;NA;1;NA;1;NA;NA;2;1;NA;NA;1;NA
52;"GO";5219407;"521940";"Santa Rita do Araguaia";"Não";"-";"Total";NA;NA;NA;NA;NA;NA;NA;NA;NA;1;2;NA;NA;1;NA;NA;3;1;1;NA;NA;NA;1;NA;NA
52;"GO";5219456;"521945";"Santa Rita do Novo Destino";"Não";"-";"Total";NA;NA;NA;NA;NA;NA;NA;NA;NA;NA;NA;NA;2;2;1;NA;3;NA;NA;NA;NA;NA;2;NA;NA
52;"GO";5219506;"521950";"Santa Rosa de Goiás";"Não";"-";"Total";NA;NA;NA;NA;NA;NA;NA;NA;NA;NA;NA;NA;NA;NA;NA;NA;NA;2;1;NA;NA;2;NA;NA;NA
52;"GO";5219605;"521960";"Santa Tereza de Goiás";"Não";"-";"Total";NA;NA;1;NA;NA;NA;1;1;NA;NA;8;NA;2;1;NA;2;4;1;2;1;1;2;1;1;NA
52;"GO";5219704;"521970";"Santa Terezinha de Goiás";"Não";"-";"Total";3;1;1;NA;NA;3;2;2;NA;1;1;1;1;2;1;3;7;2;4;1;3;1;2;5;NA
52;"GO";5219712;"521971";"Santo Antônio da Barra";"Não";"-";"Total";NA;NA;NA;NA;NA;4;1;1;NA;NA;1;NA;4;NA;NA;NA;2;1;1;1;NA;NA;2;1;NA
52;"GO";5219738;"521973";"Santo Antônio de Goiás";"Não";"Região Metropolitana de Goiânia";"Total";NA;NA;1;NA;NA;NA;1;NA;NA;NA;NA;NA;NA;2;2;2;1;1;NA;2;1;3;2;NA;NA
52;"GO";5219753;"521975";"Santo Antônio do Descoberto";"Não";"Região Integrada de Desenvolvimento do Distrito Federal e Entorno";"Total";10;5;3;1;5;2;5;4;4;5;2;1;7;9;12;3;1;1;9;8;2;7;1;5;NA
52;"GO";5219803;"521980";"São Domingos";"Não";"-";"Total";NA;1;NA;1;NA;1;NA;3;2;NA;2;1;NA;5;3;5;1;3;4;NA;7;NA;NA;NA;NA
52;"GO";5219902;"521990";"São Francisco de Goiás";"Não";"-";"Total";3;1;1;1;2;1;NA;3;1;3;2;4;1;2;4;3;2;3;1;2;1;2;3;4;NA
52;"GO";5220009;"522000";"São João d'Aliança";"Não";"Região Integrada de Desenvolvimento do Distrito Federal e Entorno";"Total";1;2;1;1;2;NA;1;NA;3;1;1;5;2;1;3;7;3;1;6;5;3;2;1;6;NA
52;"GO";5220058;"522005";"São João da Paraúna";"Não";"-";"Total";NA;NA;NA;NA;NA;2;NA;NA;NA;NA;NA;NA;NA;1;NA;2;NA;NA;NA;NA;NA;1;NA;NA;NA
52;"GO";5220108;"522010";"São Luís de Montes Belos";"Não";"-";"Total";2;1;1;2;NA;NA;NA;1;4;2;6;1;6;3;1;5;3;2;2;1;5;6;10;3;NA
52;"GO";5220157;"522015";"São Luiz do Norte";"Não";"-";"Total";1;NA;NA;NA;2;NA;1;2;2;1;4;3;3;NA;3;1;2;2;1;2;2;1;2;2;NA
52;"GO";5220207;"522020";"São Miguel do Araguaia";"Não";"-";"Total";4;1;1;1;4;2;NA;2;4;4;6;1;1;10;6;9;6;4;7;4;6;3;3;7;NA
52;"GO";5220264;"522026";"São Miguel do Passa Quatro";"Não";"-";"Total";NA;1;NA;NA;NA;NA;NA;NA;NA;NA;NA;NA;2;NA;NA;NA;3;1;2;1;1;1;2;1;NA
52;"GO";5220280;"522028";"São Patrício";"Não";"-";"Total";NA;NA;NA;NA;NA;NA;NA;NA;NA;NA;NA;NA;NA;NA;NA;NA;NA;NA;NA;NA;NA;NA;NA;NA;NA
52;"GO";5220405;"522040";"São Simão";"Não";"-";"Total";NA;NA;NA;1;1;1;NA;NA;NA;2;2;5;1;1;8;NA;2;6;4;2;1;1;2;2;NA
52;"GO";5220454;"522045";"Senador Canedo";"Não";"Região Metropolitana de Goiânia";"Total";1;1;3;2;5;3;NA;2;5;2;9;12;11;8;5;15;14;9;7;9;8;6;5;9;NA
52;"GO";5220504;"522050";"Serranópolis";"Não";"-";"Total";NA;1;NA;1;NA;NA;NA;1;NA;3;3;1;3;2;1;1;1;NA;2;NA;1;1;1;NA;NA
52;"GO";5220603;"522060";"Silvânia";"Não";"-";"Total";3;4;NA;NA;4;1;4;NA;1;NA;1;1;5;1;8;NA;1;2;2;3;4;6;3;6;NA
52;"GO";5220686;"522068";"Simolândia";"Não";"Região Integrada de Desenvolvimento do Distrito Federal e Entorno";"Total";1;NA;NA;NA;5;3;1;NA;1;NA;2;4;4;7;3;1;1;2;3;NA;4;1;2;NA;NA
52;"GO";5220702;"522070";"Sítio d'Abadia";"Não";"-";"Total";NA;NA;1;NA;1;NA;NA;1;NA;2;NA;NA;NA;NA;NA;4;1;NA;NA;NA;NA;NA;1;NA;NA
52;"GO";5221007;"522100";"Taquaral de Goiás";"Não";"-";"Total";NA;NA;NA;NA;3;NA;NA;NA;NA;1;NA;NA;NA;NA;NA;1;NA;NA;NA;NA;2;1;NA;NA;NA
52;"GO";5221080;"522108";"Teresina de Goiás";"Não";"-";"Total";2;2;2;1;1;1;NA;4;4;NA;NA;1;1;NA;4;8;3;4;4;1;NA;2;1;1;NA
52;"GO";5221197;"522119";"Terezópolis de Goiás";"Não";"Região Metropolitana de Goiânia";"Total";NA;1;1;1;6;NA;1;NA;NA;2;1;3;4;2;2;1;2;3;1;1;NA;3;2;1;NA
52;"GO";5221304;"522130";"Três Ranchos";"Não";"-";"Total";NA;1;NA;NA;NA;NA;NA;NA;NA;NA;NA;NA;1;NA;NA;NA;NA;NA;1;1;NA;NA;2;NA;NA
52;"GO";5221403;"522140";"Trindade";"Não";"Região Metropolitana de Goiânia";"Total";4;1;7;2;1;2;6;2;1;NA;NA;3;6;11;11;9;13;7;18;11;8;12;14;12;NA
52;"GO";5221452;"522145";"Trombas";"Não";"-";"Total";NA;NA;NA;NA;1;NA;1;NA;NA;NA;NA;NA;NA;NA;1;1;NA;2;NA;1;NA;NA;1;NA;NA
52;"GO";5221502;"522150";"Turvânia";"Não";"-";"Total";NA;1;1;NA;NA;4;NA;NA;NA;NA;NA;1;1;4;NA;NA;2;3;2;NA;NA;5;7;2;NA
52;"GO";5221551;"522155";"Turvelândia";"Não";"-";"Total";NA;NA;NA;NA;NA;NA;NA;NA;NA;NA;2;NA;NA;3;1;4;1;2;NA;5;1;NA;NA;3;NA
52;"GO";5221577;"522157";"Uirapuru";"Não";"-";"Total";NA;NA;NA;NA;NA;NA;NA;1;1;NA;NA;NA;NA;NA;NA;NA;NA;1;NA;1;NA;2;NA;NA;NA
52;"GO";5221601;"522160";"Uruaçu";"Não";"-";"Total";NA;1;1;1;2;12;6;3;9;10;15;8;6;8;9;8;11;16;12;5;13;6;33;46;NA
52;"GO";5221700;"522170";"Uruana";"Não";"-";"Total";NA;1;1;NA;1;NA;2;1;1;NA;4;1;2;2;NA;5;1;3;1;1;2;3;NA;3;NA
52;"GO";5221809;"522180";"Urutaí";"Não";"-";"Total";NA;NA;NA;4;NA;NA;NA;2;NA;1;NA;1;NA;NA;NA;5;1;2;NA;NA;NA;1;1;NA;NA
52;"GO";5221858;"522185";"Valparaíso de Goiás";"Não";"Região Integrada de Desenvolvimento do Distrito Federal e Entorno";"Total";4;3;5;6;5;9;6;4;7;11;11;4;6;7;9;9;9;3;6;12;4;9;9;2;NA
52;"GO";5221908;"522190";"Varjão";"Não";"-";"Total";NA;NA;NA;NA;NA;NA;1;NA;1;NA;NA;1;2;NA;NA;NA;1;1;NA;NA;2;NA;1;NA;NA
52;"GO";5222005;"522200";"Vianópolis";"Não";"-";"Total";1;3;1;NA;1;6;NA;NA;2;4;2;2;3;5;7;4;3;2;2;3;11;6;3;1;NA
52;"GO";5222054;"522205";"Vicentinópolis";"Não";"-";"Total";NA;NA;NA;2;1;1;1;NA;1;NA;1;NA;NA;NA;1;1;3;1;NA;2;NA;NA;NA;NA;NA
52;"GO";5222203;"522220";"Vila Boa";"Não";"Região Integrada de Desenvolvimento do Distrito Federal e Entorno";"Total";2;5;NA;NA;NA;2;1;2;1;NA;4;6;5;5;2;4;3;7;2;6;11;5;7;5;NA
52;"GO";5222302;"522230";"Vila Propício";"Não";"Região Integrada de Desenvolvimento do Distrito Federal e Entorno";"Total";1;NA;1;1;2;1;1;NA;3;1;3;3;3;1;5;8;2;NA;4;1;2;1;4;6;NA
53;"DF";5300108;"530010";"Brasília";"Sim";"Região Integrada de Desenvolvimento do Distrito Federal e Entorno";"Total";449;451;475;526;432;468;441;494;491;466;496;504;460;443;413;321;336;233;229;237;218;211;238;209;NA
11;"RO";1100015;"110001";"Alta Floresta D'Oeste";"Não";"-";"Ocupantes de automóvel";NA;2;NA;NA;NA;NA;NA;NA;NA;NA;NA;NA;NA;NA;NA;NA;NA;NA;NA;NA;1;NA;NA;NA;NA
11;"RO";1100023;"110002";"Ariquemes";"Não";"-";"Ocupantes de automóvel";NA;NA;NA;NA;NA;NA;NA;NA;NA;NA;NA;NA;1;1;NA;5;1;NA;6;6;1;1;5;6;NA
11;"RO";1100031;"110003";"Cabixi";"Não";"-";"Ocupantes de automóvel";NA;NA;NA;NA;NA;NA;NA;NA;NA;NA;NA;NA;NA;NA;NA;NA;NA;NA;NA;NA;NA;NA;NA;NA;NA
11;"RO";1100049;"110004";"Cacoal";"Não";"-";"Ocupantes de automóvel";2;3;1;2;NA;1;NA;NA;NA;1;1;NA;2;1;2;2;9;6;4;4;9;8;6;8;NA
11;"RO";1100056;"110005";"Cerejeiras";"Não";"-";"Ocupantes de automóvel";NA;NA;NA;NA;NA;NA;1;NA;NA;NA;NA;1;2;2;NA;NA;1;NA;NA;NA;1;NA;NA;1;NA
11;"RO";1100064;"110006";"Colorado do Oeste";"Não";"-";"Ocupantes de automóvel";NA;NA;NA;NA;NA;NA;NA;NA;NA;NA;1;NA;NA;2;NA;NA;NA;NA;NA;NA;NA;NA;NA;NA;NA
11;"RO";1100072;"110007";"Corumbiara";"Não";"-";"Ocupantes de automóvel";NA;NA;NA;NA;NA;NA;NA;NA;NA;NA;NA;NA;NA;NA;NA;NA;NA;NA;NA;NA;NA;1;NA;NA;NA
11;"RO";1100080;"110008";"Costa Marques";"Não";"-";"Ocupantes de automóvel";NA;NA;NA;NA;NA;NA;NA;NA;NA;NA;NA;NA;NA;NA;NA;NA;NA;NA;NA;NA;NA;NA;NA;NA;NA
11;"RO";1100098;"110009";"Espigão D'Oeste";"Não";"-";"Ocupantes de automóvel";1;NA;NA;1;NA;NA;NA;NA;NA;1;NA;NA;NA;1;NA;NA;NA;NA;NA;NA;NA;1;1;2;NA
11;"RO";1100106;"110010";"Guajará-Mirim";"Não";"-";"Ocupantes de automóvel";NA;1;1;NA;1;1;NA;NA;NA;NA;1;NA;3;2;NA;3;NA;NA;NA;NA;1;1;NA;NA;NA
11;"RO";1100114;"110011";"Jaru";"Não";"-";"Ocupantes de automóvel";NA;NA;NA;NA;NA;NA;1;NA;3;NA;3;5;1;1;7;NA;2;1;2;1;1;NA;NA;1;NA
11;"RO";1100122;"110012";"Ji-Paraná";"Não";"-";"Ocupantes de automóvel";1;NA;4;9;4;4;NA;NA;NA;4;13;19;33;16;11;11;11;2;4;1;NA;1;NA;1;NA
11;"RO";1100130;"110013";"Machadinho D'Oeste";"Não";"-";"Ocupantes de automóvel";3;NA;NA;NA;1;NA;NA;NA;NA;NA;NA;NA;1;2;NA;NA;NA;1;NA;NA;NA;2;NA;1;NA
11;"RO";1100148;"110014";"Nova Brasilândia D'Oeste";"Não";"-";"Ocupantes de automóvel";NA;NA;NA;NA;NA;1;NA;2;NA;NA;NA;NA;NA;NA;2;NA;1;NA;NA;NA;NA;NA;NA;NA;NA
11;"RO";1100155;"110015";"Ouro Preto do Oeste";"Não";"-";"Ocupantes de automóvel";NA;1;NA;NA;NA;1;NA;NA;3;NA;NA;4;1;NA;2;1;1;1;1;NA;1;1;NA;1;NA
11;"RO";1100189;"110018";"Pimenta Bueno";"Não";"-";"Ocupantes de automóvel";6;NA;4;2;3;2;1;3;NA;1;1;1;4;4;2;1;1;4;3;2;NA;NA;NA;2;NA
11;"RO";1100205;"110020";"Porto Velho";"Sim";"Região Metropolitana de Porto Velho";"Ocupantes de automóvel";NA;NA;1;1;NA;1;1;NA;1;1;NA;3;8;15;4;14;5;8;10;9;5;6;12;15;NA
11;"RO";1100254;"110025";"Presidente Médici";"Não";"-";"Ocupantes de automóvel";NA;NA;1;2;NA;NA;NA;NA;1;1;NA;NA;NA;NA;1;NA;NA;1;3;NA;NA;NA;NA;NA;NA
11;"RO";1100262;"110026";"Rio Crespo";"Não";"-";"Ocupantes de automóvel";NA;NA;NA;NA;NA;NA;NA;NA;NA;NA;NA;NA;NA;NA;NA;NA;NA;NA;NA;NA;1;NA;NA;NA;NA
11;"RO";1100288;"110028";"Rolim de Moura";"Não";"-";"Ocupantes de automóvel";NA;1;4;2;NA;1;3;2;NA;NA;NA;NA;NA;NA;NA;1;NA;1;NA;1;NA;1;1;NA;NA
11;"RO";1100296;"110029";"Santa Luzia D'Oeste";"Não";"-";"Ocupantes de automóvel";NA;NA;NA;NA;NA;NA;NA;NA;NA;NA;1;NA;NA;NA;NA;NA;NA;NA;NA;NA;NA;NA;NA;NA;NA
11;"RO";1100304;"110030";"Vilhena";"Não";"-";"Ocupantes de automóvel";NA;NA;NA;NA;NA;1;1;NA;6;NA;4;NA;1;4;3;1;1;2;5;2;3;5;NA;3;NA
11;"RO";1100320;"110032";"São Miguel do Guaporé";"Não";"-";"Ocupantes de automóvel";1;NA;NA;NA;NA;NA;NA;NA;NA;NA;1;NA;NA;NA;NA;NA;NA;1;NA;NA;NA;1;NA;NA;NA
11;"RO";1100338;"110033";"Nova Mamoré";"Não";"-";"Ocupantes de automóvel";2;NA;NA;NA;NA;NA;NA;1;1;NA;1;1;NA;NA;NA;NA;NA;2;1;NA;1;NA;NA;NA;NA
11;"RO";1100346;"110034";"Alvorada D'Oeste";"Não";"-";"Ocupantes de automóvel";NA;NA;NA;NA;NA;NA;2;NA;NA;NA;1;NA;2;NA;NA;NA;1;NA;NA;1;NA;NA;NA;NA;NA
11;"RO";1100379;"110037";"Alto Alegre dos Parecis";"Não";"-";"Ocupantes de automóvel";NA;NA;NA;NA;NA;NA;NA;NA;NA;NA;1;NA;NA;NA;NA;NA;NA;NA;NA;NA;NA;NA;NA;NA;NA
11;"RO";1100403;"110040";"Alto Paraíso";"Não";"-";"Ocupantes de automóvel";1;NA;NA;NA;NA;NA;NA;NA;NA;1;NA;NA;NA;NA;NA;NA;NA;2;NA;NA;2;NA;1;4;NA
11;"RO";1100452;"110045";"Buritis";"Não";"-";"Ocupantes de automóvel";1;NA;NA;NA;NA;2;NA;NA;NA;NA;1;NA;NA;NA;NA;1;1;NA;NA;NA;NA;NA;NA;NA;NA
11;"RO";1100502;"110050";"Novo Horizonte do Oeste";"Não";"-";"Ocupantes de automóvel";NA;NA;1;NA;NA;1;NA;1;NA;NA;NA;NA;NA;NA;NA;NA;NA;NA;NA;NA;NA;NA;NA;NA;NA
11;"RO";1100601;"110060";"Cacaulândia";"Não";"-";"Ocupantes de automóvel";1;NA;NA;NA;NA;NA;NA;NA;NA;NA;NA;NA;NA;NA;NA;NA;NA;NA;NA;NA;NA;NA;NA;NA;NA
11;"RO";1100700;"110070";"Campo Novo de Rondônia";"Não";"-";"Ocupantes de automóvel";NA;NA;NA;NA;NA;NA;NA;NA;NA;NA;NA;NA;NA;NA;NA;NA;NA;NA;NA;NA;NA;NA;NA;NA;NA
11;"RO";1100809;"110080";"Candeias do Jamari";"Não";"Região Metropolitana de Porto Velho";"Ocupantes de automóvel";NA;NA;NA;NA;NA;NA;NA;NA;NA;NA;NA;1;NA;1;NA;NA;2;2;NA;NA;2;2;4;NA;NA
11;"RO";1100908;"110090";"Castanheiras";"Não";"-";"Ocupantes de automóvel";NA;NA;NA;NA;NA;NA;NA;NA;NA;NA;NA;NA;NA;NA;NA;NA;NA;NA;NA;1;NA;NA;1;NA;NA
11;"RO";1100924;"110092";"Chupinguaia";"Não";"-";"Ocupantes de automóvel";1;NA;NA;NA;NA;NA;NA;NA;NA;NA;NA;NA;NA;NA;NA;NA;1;NA;NA;NA;NA;NA;2;NA;NA
11;"RO";1100940;"110094";"Cujubim";"Não";"-";"Ocupantes de automóvel";1;NA;NA;NA;NA;NA;NA;NA;1;NA;NA;NA;NA;NA;NA;1;NA;NA;NA;NA;NA;NA;NA;NA;NA
11;"RO";1101005;"110100";"Governador Jorge Teixeira";"Não";"-";"Ocupantes de automóvel";NA;NA;NA;NA;NA;NA;NA;NA;NA;NA;NA;NA;NA;NA;NA;NA;NA;NA;NA;NA;NA;NA;NA;NA;NA
11;"RO";1101104;"110110";"Itapuã do Oeste";"Não";"-";"Ocupantes de automóvel";NA;NA;NA;NA;NA;1;NA;NA;NA;NA;NA;NA;NA;NA;1;NA;NA;NA;NA;NA;NA;NA;2;NA;NA
11;"RO";1101203;"110120";"Ministro Andreazza";"Não";"-";"Ocupantes de automóvel";NA;1;NA;NA;NA;NA;NA;NA;NA;NA;NA;NA;NA;NA;NA;NA;NA;1;NA;NA;1;NA;NA;NA;NA
11;"RO";1101302;"110130";"Mirante da Serra";"Não";"-";"Ocupantes de automóvel";NA;NA;NA;NA;NA;NA;NA;NA;NA;NA;NA;NA;NA;NA;1;1;NA;NA;NA;NA;NA;NA;NA;NA;NA
11;"RO";1101401;"110140";"Monte Negro";"Não";"-";"Ocupantes de automóvel";NA;NA;NA;NA;NA;NA;NA;NA;NA;NA;NA;NA;NA;NA;3;NA;NA;NA;NA;NA;1;NA;NA;1;NA
11;"RO";1101435;"110143";"Nova União";"Não";"-";"Ocupantes de automóvel";NA;NA;NA;NA;NA;NA;NA;1;NA;1;NA;NA;NA;NA;NA;NA;NA;1;NA;NA;NA;NA;NA;NA;NA
11;"RO";1101468;"110146";"Pimenteiras do Oeste";"Não";"-";"Ocupantes de automóvel";NA;NA;NA;NA;NA;NA;NA;1;NA;NA;NA;NA;NA;NA;NA;NA;NA;NA;NA;NA;NA;NA;NA;3;NA
11;"RO";1101476;"110147";"Primavera de Rondônia";"Não";"-";"Ocupantes de automóvel";NA;NA;NA;1;NA;NA;NA;NA;NA;NA;NA;NA;NA;NA;NA;NA;NA;NA;NA;NA;NA;NA;NA;NA;NA
11;"RO";1101484;"110148";"São Felipe D'Oeste";"Não";"-";"Ocupantes de automóvel";NA;NA;NA;NA;NA;NA;NA;NA;NA;NA;NA;NA;NA;NA;NA;NA;1;NA;NA;NA;NA;NA;NA;NA;NA
11;"RO";1101492;"110149";"São Francisco do Guaporé";"Não";"-";"Ocupantes de automóvel";NA;NA;NA;NA;NA;NA;NA;NA;NA;NA;NA;1;NA;NA;1;NA;NA;NA;NA;NA;NA;1;NA;NA;NA
11;"RO";1101500;"110150";"Seringueiras";"Não";"-";"Ocupantes de automóvel";NA;NA;NA;NA;NA;NA;NA;NA;NA;NA;NA;NA;NA;2;NA;1;NA;1;NA;1;NA;NA;NA;NA;NA
11;"RO";1101609;"110160";"Theobroma";"Não";"-";"Ocupantes de automóvel";NA;NA;NA;NA;NA;NA;1;NA;NA;2;NA;NA;1;NA;NA;NA;NA;NA;NA;NA;NA;NA;NA;NA;NA
11;"RO";1101757;"110175";"Vale do Anari";"Não";"-";"Ocupantes de automóvel";NA;NA;NA;NA;NA;1;NA;NA;NA;NA;1;NA;NA;NA;NA;NA;NA;NA;NA;NA;NA;NA;NA;NA;NA
11;"RO";1101807;"110180";"Vale do Paraíso";"Não";"-";"Ocupantes de automóvel";NA;NA;NA;NA;NA;NA;NA;NA;NA;NA;NA;NA;NA;NA;NA;NA;NA;NA;NA;NA;NA;NA;NA;NA;NA
12;"AC";1200013;"120001";"Acrelândia";"Não";"-";"Ocupantes de automóvel";NA;NA;1;NA;NA;NA;NA;NA;NA;NA;NA;NA;NA;NA;NA;NA;NA;1;NA;NA;NA;NA;NA;NA;NA
12;"AC";1200054;"120005";"Assis Brasil";"Não";"-";"Ocupantes de automóvel";NA;NA;NA;NA;NA;NA;NA;NA;NA;NA;NA;NA;NA;NA;NA;NA;NA;NA;NA;NA;NA;NA;NA;NA;NA
12;"AC";1200104;"120010";"Brasiléia";"Não";"-";"Ocupantes de automóvel";NA;NA;NA;NA;NA;NA;NA;NA;NA;NA;NA;NA;NA;NA;NA;NA;NA;NA;NA;2;NA;NA;NA;NA;NA
12;"AC";1200138;"120013";"Bujari";"Não";"-";"Ocupantes de automóvel";NA;NA;NA;NA;NA;NA;NA;NA;NA;NA;NA;NA;2;NA;NA;NA;NA;NA;NA;NA;NA;NA;NA;NA;NA
12;"AC";1200179;"120017";"Capixaba";"Não";"-";"Ocupantes de automóvel";1;NA;NA;NA;NA;1;NA;NA;NA;NA;NA;NA;NA;NA;NA;1;NA;NA;NA;NA;NA;NA;NA;NA;NA
12;"AC";1200203;"120020";"Cruzeiro do Sul";"Não";"-";"Ocupantes de automóvel";NA;NA;NA;2;NA;2;2;5;NA;3;3;1;NA;2;2;NA;NA;1;NA;1;1;1;1;NA;NA
12;"AC";1200252;"120025";"Epitaciolândia";"Não";"-";"Ocupantes de automóvel";NA;NA;1;2;NA;NA;NA;NA;1;1;NA;NA;NA;NA;NA;NA;NA;NA;NA;NA;NA;NA;NA;NA;NA
12;"AC";1200336;"120033";"Mâncio Lima";"Não";"-";"Ocupantes de automóvel";NA;NA;NA;NA;NA;NA;NA;NA;NA;NA;NA;1;NA;NA;NA;NA;NA;NA;NA;NA;NA;NA;NA;NA;NA
12;"AC";1200385;"120038";"Plácido de Castro";"Não";"-";"Ocupantes de automóvel";NA;NA;NA;NA;1;NA;NA;NA;3;NA;NA;NA;NA;NA;NA;NA;1;NA;NA;NA;NA;NA;NA;NA;NA
12;"AC";1200401;"120040";"Rio Branco";"Sim";"-";"Ocupantes de automóvel";5;10;NA;NA;2;3;1;1;NA;1;NA;5;3;3;7;3;2;6;3;1;4;1;1;7;NA
12;"AC";1200427;"120042";"Rodrigues Alves";"Não";"-";"Ocupantes de automóvel";NA;NA;NA;NA;NA;NA;NA;1;NA;NA;NA;1;NA;NA;2;NA;NA;NA;NA;NA;NA;NA;NA;NA;NA
12;"AC";1200450;"120045";"Senador Guiomard";"Não";"-";"Ocupantes de automóvel";NA;NA;NA;NA;NA;NA;NA;NA;NA;NA;NA;NA;NA;NA;NA;NA;5;NA;NA;1;NA;NA;NA;NA;NA
12;"AC";1200500;"120050";"Sena Madureira";"Não";"-";"Ocupantes de automóvel";NA;NA;NA;NA;NA;NA;NA;NA;NA;NA;NA;2;NA;NA;1;NA;NA;3;NA;NA;NA;NA;NA;NA;NA
12;"AC";1200609;"120060";"Tarauacá";"Não";"-";"Ocupantes de automóvel";NA;NA;NA;NA;NA;NA;NA;1;NA;NA;NA;NA;NA;NA;1;NA;1;NA;NA;NA;NA;NA;NA;NA;NA
12;"AC";1200708;"120070";"Xapuri";"Não";"-";"Ocupantes de automóvel";NA;NA;NA;NA;1;NA;NA;NA;NA;NA;NA;NA;NA;NA;2;1;NA;NA;1;NA;NA;NA;NA;NA;NA
12;"AC";1200807;"120080";"Porto Acre";"Não";"-";"Ocupantes de automóvel";NA;NA;NA;NA;NA;NA;1;NA;NA;NA;NA;NA;NA;NA;NA;NA;NA;NA;NA;NA;NA;NA;NA;NA;NA
13;"AM";1300144;"130014";"Apuí";"Não";"-";"Ocupantes de automóvel";NA;NA;NA;NA;NA;NA;NA;2;NA;NA;NA;1;1;NA;1;NA;NA;NA;NA;NA;NA;NA;2;1;NA
13;"AM";1300300;"130030";"Autazes";"Não";"Região Metropolitana de Manaus";"Ocupantes de automóvel";NA;NA;NA;NA;NA;NA;NA;1;NA;1;1;3;NA;NA;NA;NA;NA;2;NA;NA;2;NA;NA;NA;NA
13;"AM";1300680;"130068";"Boa Vista do Ramos";"Não";"-";"Ocupantes de automóvel";NA;NA;NA;NA;NA;NA;NA;NA;2;NA;NA;NA;NA;NA;NA;NA;NA;NA;NA;NA;NA;NA;NA;NA;NA
13;"AM";1300706;"130070";"Boca do Acre";"Não";"-";"Ocupantes de automóvel";NA;1;1;NA;NA;NA;NA;NA;NA;NA;NA;NA;NA;NA;NA;NA;NA;1;1;1;NA;NA;NA;NA;NA
13;"AM";1301001;"130100";"Carauari";"Não";"-";"Ocupantes de automóvel";NA;NA;NA;NA;NA;NA;1;NA;NA;NA;NA;NA;NA;NA;NA;NA;NA;NA;NA;NA;NA;NA;NA;NA;NA
13;"AM";1301100;"130110";"Careiro";"Não";"Região Metropolitana de Manaus";"Ocupantes de automóvel";NA;NA;NA;NA;1;NA;NA;NA;NA;1;3;NA;2;NA;1;1;3;NA;NA;NA;1;NA;2;NA;NA
13;"AM";1301159;"130115";"Careiro da Várzea";"Não";"Região Metropolitana de Manaus";"Ocupantes de automóvel";NA;NA;NA;NA;NA;NA;NA;1;NA;NA;1;NA;NA;NA;NA;NA;NA;NA;NA;NA;NA;NA;NA;NA;NA
13;"AM";1301209;"130120";"Coari";"Não";"-";"Ocupantes de automóvel";NA;NA;NA;NA;NA;NA;1;NA;1;NA;NA;NA;NA;NA;NA;NA;NA;NA;NA;NA;NA;NA;NA;NA;NA
13;"AM";1301407;"130140";"Eirunepé";"Não";"-";"Ocupantes de automóvel";NA;NA;NA;1;NA;NA;NA;NA;NA;NA;NA;NA;NA;NA;1;NA;NA;NA;NA;NA;NA;NA;NA;NA;NA
13;"AM";1301605;"130160";"Fonte Boa";"Não";"-";"Ocupantes de automóvel";NA;NA;NA;NA;NA;NA;NA;NA;1;NA;NA;NA;NA;NA;NA;NA;NA;NA;NA;NA;NA;NA;NA;NA;NA
13;"AM";1301704;"130170";"Humaitá";"Não";"-";"Ocupantes de automóvel";NA;1;NA;NA;NA;1;NA;NA;NA;NA;2;NA;NA;NA;1;2;2;1;NA;1;3;NA;3;5;NA
13;"AM";1301852;"130185";"Iranduba";"Não";"Região Metropolitana de Manaus";"Ocupantes de automóvel";NA;1;1;NA;2;1;3;NA;NA;2;4;NA;1;2;2;4;2;2;3;NA;NA;NA;NA;1;NA
13;"AM";1301902;"130190";"Itacoatiara";"Não";"Região Metropolitana de Manaus";"Ocupantes de automóvel";3;1;NA;11;NA;1;3;3;2;6;2;4;2;6;NA;NA;4;1;8;2;1;1;3;NA;NA
13;"AM";1302009;"130200";"Itapiranga";"Não";"Região Metropolitana de Manaus";"Ocupantes de automóvel";NA;NA;NA;NA;NA;NA;NA;NA;NA;NA;1;1;1;NA;NA;2;NA;NA;NA;1;NA;NA;NA;NA;NA
13;"AM";1302405;"130240";"Lábrea";"Não";"-";"Ocupantes de automóvel";NA;NA;NA;NA;NA;NA;NA;NA;NA;NA;1;NA;NA;1;NA;NA;NA;NA;NA;NA;NA;NA;NA;NA;NA
13;"AM";1302504;"130250";"Manacapuru";"Não";"Região Metropolitana de Manaus";"Ocupantes de automóvel";NA;NA;2;NA;3;2;2;1;9;13;1;NA;1;2;7;4;3;2;2;1;1;NA;NA;3;NA
13;"AM";1302553;"130255";"Manaquiri";"Não";"Região Metropolitana de Manaus";"Ocupantes de automóvel";NA;NA;NA;NA;NA;NA;NA;NA;NA;NA;1;NA;NA;NA;NA;NA;NA;NA;NA;NA;NA;NA;NA;NA;NA
13;"AM";1302603;"130260";"Manaus";"Sim";"Região Metropolitana de Manaus";"Ocupantes de automóvel";37;23;27;19;10;11;19;19;12;11;31;18;28;32;32;42;30;22;21;28;23;34;36;20;NA
13;"AM";1302702;"130270";"Manicoré";"Não";"-";"Ocupantes de automóvel";NA;NA;NA;NA;NA;NA;NA;NA;NA;NA;NA;NA;1;1;NA;NA;1;1;NA;NA;NA;NA;NA;NA;NA
13;"AM";1302900;"130290";"Maués";"Não";"-";"Ocupantes de automóvel";NA;NA;NA;NA;NA;NA;NA;NA;1;NA;NA;NA;NA;NA;NA;NA;NA;NA;NA;NA;NA;NA;NA;NA;NA
13;"AM";1303205;"130320";"Novo Airão";"Não";"Região Metropolitana de Manaus";"Ocupantes de automóvel";NA;NA;NA;NA;NA;NA;NA;NA;2;2;NA;NA;1;NA;NA;NA;NA;NA;NA;NA;NA;NA;NA;NA;NA
13;"AM";1303304;"130330";"Novo Aripuanã";"Não";"-";"Ocupantes de automóvel";NA;NA;NA;NA;NA;NA;NA;NA;NA;NA;1;NA;NA;NA;NA;2;NA;NA;NA;1;NA;NA;NA;NA;NA
13;"AM";1303403;"130340";"Parintins";"Não";"-";"Ocupantes de automóvel";NA;NA;NA;NA;NA;NA;NA;1;NA;2;NA;NA;NA;NA;NA;NA;NA;NA;NA;2;1;NA;NA;1;NA
13;"AM";1303536;"130353";"Presidente Figueiredo";"Não";"Região Metropolitana de Manaus";"Ocupantes de automóvel";1;2;2;1;NA;1;2;1;NA;8;1;10;1;4;2;2;1;2;4;3;1;1;2;NA;NA
13;"AM";1303569;"130356";"Rio Preto da Eva";"Não";"Região Metropolitana de Manaus";"Ocupantes de automóvel";2;3;NA;NA;3;1;NA;NA;2;2;5;3;NA;NA;2;1;5;NA;3;NA;NA;3;NA;NA;NA
13;"AM";1303700;"130370";"Santo Antônio do Içá";"Não";"-";"Ocupantes de automóvel";NA;NA;NA;NA;NA;NA;NA;NA;NA;NA;NA;NA;NA;NA;NA;NA;NA;NA;NA;NA;NA;NA;NA;NA;NA
13;"AM";1303809;"130380";"São Gabriel da Cachoeira";"Não";"-";"Ocupantes de automóvel";NA;NA;NA;NA;NA;NA;NA;NA;NA;NA;NA;NA;NA;NA;NA;NA;NA;NA;NA;NA;1;NA;NA;NA;NA
13;"AM";1303957;"130395";"São Sebastião do Uatumã";"Não";"-";"Ocupantes de automóvel";NA;NA;NA;NA;NA;NA;2;NA;NA;NA;NA;NA;NA;NA;NA;NA;NA;NA;NA;NA;NA;NA;NA;NA;NA
13;"AM";1304005;"130400";"Silves";"Não";"Região Metropolitana de Manaus";"Ocupantes de automóvel";NA;NA;NA;NA;NA;NA;NA;NA;1;NA;NA;NA;NA;NA;NA;NA;NA;NA;NA;NA;NA;NA;NA;NA;NA
13;"AM";1304062;"130406";"Tabatinga";"Não";"-";"Ocupantes de automóvel";1;NA;NA;NA;NA;NA;NA;NA;NA;NA;NA;NA;NA;NA;NA;NA;NA;NA;NA;NA;NA;NA;NA;1;NA
13;"AM";1304203;"130420";"Tefé";"Não";"-";"Ocupantes de automóvel";NA;NA;NA;NA;NA;NA;NA;NA;1;NA;NA;NA;NA;NA;NA;NA;NA;NA;NA;NA;NA;NA;NA;1;NA
13;"AM";1304302;"130430";"Urucará";"Não";"-";"Ocupantes de automóvel";NA;NA;NA;NA;NA;NA;NA;NA;NA;NA;NA;NA;NA;NA;NA;NA;NA;1;NA;NA;NA;NA;NA;NA;NA
13;"AM";1304401;"130440";"Urucurituba";"Não";"-";"Ocupantes de automóvel";NA;NA;NA;NA;NA;NA;1;NA;NA;NA;NA;NA;NA;NA;NA;NA;NA;NA;NA;NA;NA;NA;NA;NA;NA
14;"RR";1400027;"140002";"Amajari";"Não";"-";"Ocupantes de automóvel";NA;NA;NA;NA;NA;NA;NA;NA;NA;NA;1;NA;NA;NA;NA;NA;NA;1;NA;NA;NA;NA;NA;NA;NA
14;"RR";1400050;"140005";"Alto Alegre";"Não";"Região Metropolitana da Capital";"Ocupantes de automóvel";NA;1;NA;NA;2;NA;NA;NA;NA;NA;2;NA;NA;1;NA;4;1;NA;NA;NA;NA;1;1;NA;NA
14;"RR";1400100;"140010";"Boa Vista";"Sim";"Região Metropolitana da Capital";"Ocupantes de automóvel";12;5;8;2;2;5;6;16;4;4;6;8;6;15;12;18;13;10;13;18;26;29;12;7;NA
14;"RR";1400159;"140015";"Bonfim";"Não";"Região Metropolitana da Capital";"Ocupantes de automóvel";1;1;NA;NA;1;1;1;NA;NA;NA;2;NA;NA;1;NA;NA;NA;NA;NA;1;3;NA;NA;4;NA
14;"RR";1400175;"140017";"Cantá";"Não";"Região Metropolitana da Capital";"Ocupantes de automóvel";1;NA;2;1;NA;1;NA;NA;NA;NA;1;2;1;1;NA;2;NA;1;2;1;2;3;NA;1;NA
14;"RR";1400209;"140020";"Caracaraí";"Não";"Região Metropolitana de Central";"Ocupantes de automóvel";2;NA;NA;2;NA;1;NA;3;NA;1;NA;NA;NA;1;3;1;2;1;NA;1;NA;NA;1;NA;NA
14;"RR";1400233;"140023";"Caroebe";"Não";"Região Metropolitana do Sul do Estado";"Ocupantes de automóvel";NA;NA;NA;NA;NA;NA;NA;NA;NA;NA;NA;NA;NA;NA;NA;NA;NA;NA;NA;NA;NA;NA;NA;NA;NA
14;"RR";1400282;"140028";"Iracema";"Não";"Região Metropolitana de Central";"Ocupantes de automóvel";NA;1;1;NA;1;NA;NA;1;1;NA;5;NA;NA;NA;NA;NA;NA;1;NA;NA;NA;NA;NA;NA;NA
14;"RR";1400308;"140030";"Mucajaí";"Não";"Região Metropolitana da Capital";"Ocupantes de automóvel";1;NA;NA;NA;NA;NA;2;NA;4;3;NA;1;1;2;NA;2;1;2;1;NA;1;NA;5;NA;NA
14;"RR";1400407;"140040";"Normandia";"Não";"-";"Ocupantes de automóvel";NA;NA;NA;NA;NA;NA;NA;NA;NA;NA;NA;NA;NA;NA;NA;NA;NA;NA;NA;NA;NA;1;NA;NA;NA
14;"RR";1400456;"140045";"Pacaraima";"Não";"-";"Ocupantes de automóvel";3;3;1;2;3;NA;1;1;3;NA;5;NA;NA;NA;NA;1;NA;NA;NA;1;1;1;NA;NA;NA
14;"RR";1400472;"140047";"Rorainópolis";"Não";"Região Metropolitana do Sul do Estado";"Ocupantes de automóvel";NA;1;NA;NA;1;2;NA;NA;NA;1;NA;NA;3;1;2;8;1;3;5;1;2;NA;1;NA;NA
14;"RR";1400506;"140050";"São João da Baliza";"Não";"Região Metropolitana do Sul do Estado";"Ocupantes de automóvel";NA;NA;NA;NA;NA;NA;NA;NA;NA;NA;NA;NA;NA;NA;NA;1;NA;1;NA;NA;NA;NA;NA;NA;NA
14;"RR";1400605;"140060";"São Luiz";"Não";"Região Metropolitana do Sul do Estado";"Ocupantes de automóvel";NA;NA;NA;NA;1;NA;NA;NA;NA;NA;1;NA;NA;NA;NA;NA;NA;1;NA;NA;NA;NA;NA;NA;NA
14;"RR";1400704;"140070";"Uiramutã";"Não";"-";"Ocupantes de automóvel";NA;NA;NA;NA;NA;NA;NA;NA;NA;NA;NA;NA;NA;NA;NA;NA;NA;NA;NA;NA;NA;NA;NA;NA;NA
15;"PA";1500107;"150010";"Abaetetuba";"Não";"-";"Ocupantes de automóvel";NA;NA;NA;1;2;NA;NA;1;NA;NA;NA;NA;1;NA;NA;NA;NA;NA;NA;NA;NA;NA;2;NA;NA
15;"PA";1500131;"150013";"Abel Figueiredo";"Não";"-";"Ocupantes de automóvel";NA;NA;NA;NA;2;1;NA;NA;1;NA;NA;NA;NA;NA;NA;NA;NA;NA;NA;2;NA;NA;NA;NA;NA
15;"PA";1500206;"150020";"Acará";"Não";"-";"Ocupantes de automóvel";NA;NA;NA;NA;2;NA;NA;NA;NA;NA;NA;NA;NA;NA;NA;1;NA;1;NA;NA;NA;NA;NA;NA;NA
15;"PA";1500347;"150034";"Água Azul do Norte";"Não";"-";"Ocupantes de automóvel";NA;NA;NA;NA;NA;NA;NA;NA;NA;NA;NA;NA;NA;1;NA;NA;NA;NA;NA;NA;NA;1;NA;NA;NA
15;"PA";1500404;"150040";"Alenquer";"Não";"-";"Ocupantes de automóvel";NA;1;NA;NA;NA;NA;NA;NA;1;2;NA;1;1;1;NA;1;NA;NA;NA;NA;NA;NA;NA;NA;NA
15;"PA";1500503;"150050";"Almeirim";"Não";"-";"Ocupantes de automóvel";NA;NA;NA;NA;NA;NA;NA;NA;NA;NA;1;NA;NA;NA;NA;NA;NA;NA;NA;NA;NA;NA;1;NA;NA
15;"PA";1500602;"150060";"Altamira";"Não";"-";"Ocupantes de automóvel";1;NA;1;NA;1;NA;1;1;1;NA;3;8;4;4;4;6;1;2;1;1;NA;1;1;7;NA
15;"PA";1500800;"150080";"Ananindeua";"Não";"Região Metropolitana de Belém";"Ocupantes de automóvel";NA;NA;NA;NA;NA;NA;NA;NA;NA;NA;NA;NA;NA;NA;1;1;NA;1;6;1;3;2;5;5;NA
15;"PA";1500859;"150085";"Anapu";"Não";"-";"Ocupantes de automóvel";NA;NA;1;NA;NA;NA;NA;NA;NA;NA;NA;NA;1;NA;1;NA;1;1;NA;NA;1;NA;4;1;NA
15;"PA";1500909;"150090";"Augusto Corrêa";"Não";"-";"Ocupantes de automóvel";NA;NA;NA;NA;NA;NA;NA;NA;NA;NA;NA;NA;NA;NA;NA;1;NA;NA;NA;NA;NA;NA;NA;NA;NA
15;"PA";1500958;"150095";"Aurora do Pará";"Não";"-";"Ocupantes de automóvel";NA;NA;NA;NA;NA;NA;NA;NA;NA;NA;NA;NA;NA;1;NA;NA;NA;NA;2;1;NA;NA;NA;5;NA
15;"PA";1501204;"150120";"Baião";"Não";"-";"Ocupantes de automóvel";NA;NA;1;NA;NA;NA;NA;1;NA;NA;NA;NA;NA;1;3;2;2;NA;NA;NA;NA;NA;NA;NA;NA
15;"PA";1501303;"150130";"Barcarena";"Não";"-";"Ocupantes de automóvel";NA;NA;NA;NA;2;NA;NA;NA;NA;NA;NA;NA;NA;NA;NA;NA;NA;NA;1;NA;NA;NA;NA;NA;NA
15;"PA";1501402;"150140";"Belém";"Sim";"Região Metropolitana de Belém";"Ocupantes de automóvel";11;9;5;6;6;18;9;3;NA;3;4;NA;2;4;8;2;1;5;7;8;2;4;7;6;NA
15;"PA";1501451;"150145";"Belterra";"Não";"Região Metropolitana de Santarém";"Ocupantes de automóvel";NA;NA;NA;NA;NA;NA;NA;NA;NA;NA;NA;NA;NA;NA;1;NA;NA;NA;NA;NA;NA;NA;1;NA;NA
15;"PA";1501501;"150150";"Benevides";"Não";"Região Metropolitana de Belém";"Ocupantes de automóvel";NA;1;NA;NA;NA;NA;NA;1;NA;NA;NA;NA;NA;1;1;NA;NA;NA;1;1;1;NA;NA;NA;NA
15;"PA";1501576;"150157";"Bom Jesus do Tocantins";"Não";"-";"Ocupantes de automóvel";1;NA;NA;NA;2;2;1;NA;NA;NA;NA;NA;2;3;NA;1;NA;1;NA;1;NA;NA;NA;NA;NA
15;"PA";1501600;"150160";"Bonito";"Não";"-";"Ocupantes de automóvel";NA;NA;NA;NA;NA;NA;NA;NA;NA;NA;NA;NA;NA;NA;NA;1;NA;NA;NA;NA;NA;NA;NA;NA;NA
15;"PA";1501709;"150170";"Bragança";"Não";"-";"Ocupantes de automóvel";NA;NA;NA;NA;3;1;2;4;2;NA;2;NA;1;NA;1;NA;NA;NA;NA;NA;NA;1;NA;NA;NA
15;"PA";1501725;"150172";"Brasil Novo";"Não";"-";"Ocupantes de automóvel";NA;NA;NA;NA;NA;NA;NA;NA;NA;NA;1;NA;NA;1;1;2;1;NA;NA;NA;NA;NA;NA;1;NA
15;"PA";1501758;"150175";"Brejo Grande do Araguaia";"Não";"-";"Ocupantes de automóvel";NA;NA;NA;NA;1;NA;NA;NA;1;1;1;NA;1;NA;NA;NA;NA;NA;NA;NA;NA;NA;NA;NA;NA
15;"PA";1501782;"150178";"Breu Branco";"Não";"-";"Ocupantes de automóvel";1;NA;1;NA;NA;NA;NA;1;NA;NA;2;NA;1;NA;NA;NA;NA;NA;NA;NA;NA;NA;NA;NA;NA
15;"PA";1501808;"150180";"Breves";"Não";"-";"Ocupantes de automóvel";NA;NA;NA;NA;NA;NA;NA;3;NA;NA;NA;1;NA;NA;1;NA;NA;NA;NA;NA;1;NA;NA;1;NA
15;"PA";1501956;"150195";"Cachoeira do Piriá";"Não";"-";"Ocupantes de automóvel";NA;NA;NA;NA;NA;NA;NA;NA;NA;NA;1;NA;NA;NA;NA;NA;NA;NA;NA;NA;NA;NA;NA;NA;NA
15;"PA";1502103;"150210";"Cametá";"Não";"-";"Ocupantes de automóvel";NA;NA;1;1;NA;NA;NA;NA;NA;NA;NA;NA;NA;NA;NA;NA;NA;NA;NA;NA;NA;NA;NA;NA;NA
15;"PA";1502152;"150215";"Canaã dos Carajás";"Não";"-";"Ocupantes de automóvel";NA;NA;1;NA;NA;NA;3;NA;1;NA;1;2;4;5;NA;1;NA;3;2;1;NA;1;NA;1;NA
15;"PA";1502202;"150220";"Capanema";"Não";"-";"Ocupantes de automóvel";NA;NA;NA;NA;NA;NA;NA;NA;NA;2;1;7;3;NA;4;2;NA;1;NA;NA;NA;NA;NA;2;NA
15;"PA";1502301;"150230";"Capitão Poço";"Não";"-";"Ocupantes de automóvel";NA;NA;NA;2;NA;NA;NA;NA;NA;NA;NA;NA;NA;1;NA;NA;3;2;1;NA;NA;NA;NA;NA;NA
15;"PA";1502400;"150240";"Castanhal";"Não";"Região Metropolitana de Belém";"Ocupantes de automóvel";3;2;NA;1;5;NA;2;1;NA;NA;1;NA;2;NA;1;NA;1;2;1;2;4;1;NA;2;NA
15;"PA";1502707;"150270";"Conceição do Araguaia";"Não";"-";"Ocupantes de automóvel";4;NA;2;NA;NA;1;2;1;NA;1;NA;2;NA;2;NA;3;1;NA;4;NA;NA;1;3;2;NA
15;"PA";1502756;"150275";"Concórdia do Pará";"Não";"-";"Ocupantes de automóvel";NA;NA;2;NA;2;NA;NA;NA;NA;NA;NA;NA;NA;NA;NA;NA;NA;1;NA;NA;NA;NA;NA;NA;NA
15;"PA";1502764;"150276";"Cumaru do Norte";"Não";"-";"Ocupantes de automóvel";NA;NA;NA;NA;NA;NA;NA;NA;NA;NA;NA;NA;NA;NA;NA;NA;NA;NA;NA;NA;NA;NA;NA;NA;NA
15;"PA";1502772;"150277";"Curionópolis";"Não";"-";"Ocupantes de automóvel";NA;NA;1;NA;NA;1;1;5;NA;NA;2;NA;1;2;1;1;NA;NA;1;NA;1;NA;NA;1;NA
15;"PA";1502905;"150290";"Curuçá";"Não";"-";"Ocupantes de automóvel";NA;NA;NA;NA;NA;NA;NA;NA;NA;1;NA;NA;NA;NA;NA;NA;1;1;NA;NA;NA;NA;NA;NA;NA
15;"PA";1502939;"150293";"Dom Eliseu";"Não";"-";"Ocupantes de automóvel";NA;NA;NA;NA;NA;NA;5;NA;1;2;NA;1;1;3;3;2;1;1;1;NA;1;NA;NA;2;NA
15;"PA";1502954;"150295";"Eldorado do Carajás";"Não";"-";"Ocupantes de automóvel";1;2;2;NA;10;3;NA;1;2;NA;11;11;11;6;4;4;1;1;NA;1;NA;2;NA;NA;NA
15;"PA";1503044;"150304";"Floresta do Araguaia";"Não";"-";"Ocupantes de automóvel";NA;NA;NA;NA;1;1;NA;NA;NA;NA;NA;NA;NA;NA;NA;NA;1;1;1;NA;NA;NA;NA;1;NA
15;"PA";1503077;"150307";"Garrafão do Norte";"Não";"-";"Ocupantes de automóvel";NA;NA;NA;1;NA;NA;NA;NA;NA;NA;NA;NA;NA;NA;NA;NA;2;NA;NA;NA;NA;NA;NA;NA;NA
15;"PA";1503093;"150309";"Goianésia do Pará";"Não";"-";"Ocupantes de automóvel";1;2;3;4;3;NA;NA;NA;NA;1;2;NA;NA;NA;NA;1;NA;1;2;NA;NA;NA;NA;NA;NA
15;"PA";1503200;"150320";"Igarapé-Açu";"Não";"-";"Ocupantes de automóvel";NA;NA;NA;NA;NA;NA;NA;NA;3;NA;NA;NA;NA;1;NA;NA;1;NA;1;NA;NA;NA;NA;1;NA
15;"PA";1503309;"150330";"Igarapé-Miri";"Não";"-";"Ocupantes de automóvel";NA;NA;NA;NA;NA;NA;1;NA;NA;NA;NA;NA;NA;NA;NA;NA;1;NA;NA;NA;NA;NA;1;NA;NA
15;"PA";1503408;"150340";"Inhangapi";"Não";"-";"Ocupantes de automóvel";NA;NA;NA;NA;NA;NA;NA;NA;NA;NA;NA;NA;NA;NA;NA;1;NA;NA;NA;NA;NA;NA;NA;NA;NA
15;"PA";1503457;"150345";"Ipixuna do Pará";"Não";"-";"Ocupantes de automóvel";NA;NA;1;NA;NA;NA;1;1;NA;1;2;1;1;2;1;NA;2;NA;NA;NA;NA;NA;NA;NA;NA
15;"PA";1503507;"150350";"Irituia";"Não";"-";"Ocupantes de automóvel";1;5;NA;NA;NA;NA;NA;NA;NA;NA;NA;NA;NA;NA;NA;1;1;1;NA;NA;2;1;NA;NA;NA
15;"PA";1503606;"150360";"Itaituba";"Não";"-";"Ocupantes de automóvel";NA;1;2;NA;NA;NA;NA;1;NA;5;2;2;4;4;5;4;2;6;3;1;9;5;5;2;NA
15;"PA";1503705;"150370";"Itupiranga";"Não";"-";"Ocupantes de automóvel";NA;NA;NA;1;2;1;1;NA;NA;NA;NA;NA;2;2;1;2;NA;2;1;1;NA;NA;NA;NA;NA
15;"PA";1503754;"150375";"Jacareacanga";"Não";"-";"Ocupantes de automóvel";NA;NA;NA;NA;NA;NA;NA;NA;NA;NA;NA;NA;NA;NA;NA;NA;NA;NA;1;NA;NA;NA;NA;NA;NA
15;"PA";1503804;"150380";"Jacundá";"Não";"-";"Ocupantes de automóvel";4;NA;11;1;4;12;2;1;6;1;NA;4;1;1;1;1;1;NA;1;NA;NA;NA;NA;1;NA
15;"PA";1504059;"150405";"Mãe do Rio";"Não";"-";"Ocupantes de automóvel";NA;NA;NA;NA;NA;1;NA;NA;4;1;1;1;1;NA;NA;NA;NA;NA;2;NA;NA;NA;NA;NA;NA
15;"PA";1504109;"150410";"Magalhães Barata";"Não";"-";"Ocupantes de automóvel";NA;NA;NA;NA;NA;NA;NA;NA;NA;NA;NA;NA;1;2;NA;NA;NA;NA;NA;NA;NA;NA;NA;NA;NA
15;"PA";1504208;"150420";"Marabá";"Não";"-";"Ocupantes de automóvel";2;6;4;1;2;4;10;13;12;9;14;13;20;3;14;3;18;10;14;24;5;4;8;7;NA
15;"PA";1504307;"150430";"Maracanã";"Não";"-";"Ocupantes de automóvel";NA;NA;NA;NA;NA;NA;NA;NA;NA;NA;NA;NA;1;NA;NA;NA;NA;NA;NA;NA;NA;NA;NA;NA;NA
15;"PA";1504406;"150440";"Marapanim";"Não";"-";"Ocupantes de automóvel";NA;NA;NA;NA;NA;NA;NA;1;NA;NA;NA;NA;NA;NA;NA;NA;NA;NA;NA;NA;NA;1;NA;NA;NA
15;"PA";1504422;"150442";"Marituba";"Não";"Região Metropolitana de Belém";"Ocupantes de automóvel";NA;2;NA;1;1;NA;NA;2;1;NA;NA;NA;3;NA;NA;NA;NA;NA;NA;NA;NA;1;NA;NA;NA
15;"PA";1504455;"150445";"Medicilândia";"Não";"-";"Ocupantes de automóvel";NA;NA;NA;NA;NA;NA;NA;NA;NA;1;NA;NA;NA;NA;NA;NA;1;NA;NA;1;1;NA;4;NA;NA
15;"PA";1504703;"150470";"Moju";"Não";"-";"Ocupantes de automóvel";NA;NA;NA;NA;1;NA;1;NA;NA;NA;2;2;2;3;3;NA;1;NA;NA;NA;1;NA;1;NA;NA
15;"PA";1504752;"150475";"Mojuí dos Campos";"Não";"Região Metropolitana de Santarém";"Ocupantes de automóvel";NA;NA;NA;NA;NA;NA;NA;NA;NA;NA;NA;NA;NA;NA;NA;NA;NA;1;NA;NA;NA;NA;1;NA;NA
15;"PA";1504802;"150480";"Monte Alegre";"Não";"-";"Ocupantes de automóvel";1;NA;NA;NA;NA;NA;NA;NA;NA;NA;1;NA;NA;NA;NA;NA;NA;NA;NA;NA;NA;NA;NA;NA;NA
15;"PA";1504950;"150495";"Nova Esperança do Piriá";"Não";"-";"Ocupantes de automóvel";NA;NA;NA;NA;NA;NA;NA;NA;NA;NA;NA;2;NA;NA;NA;NA;NA;NA;NA;NA;NA;NA;NA;NA;NA
15;"PA";1504976;"150497";"Nova Ipixuna";"Não";"-";"Ocupantes de automóvel";NA;1;NA;NA;4;1;NA;1;NA;NA;1;NA;2;1;NA;NA;NA;NA;1;NA;NA;NA;NA;2;NA
15;"PA";1505007;"150500";"Nova Timboteua";"Não";"-";"Ocupantes de automóvel";NA;NA;NA;1;NA;NA;NA;NA;NA;NA;NA;1;NA;NA;NA;NA;NA;NA;2;NA;NA;NA;NA;2;NA
15;"PA";1505031;"150503";"Novo Progresso";"Não";"-";"Ocupantes de automóvel";NA;NA;1;NA;3;NA;NA;NA;NA;1;1;NA;1;3;2;NA;NA;NA;1;2;1;NA;1;5;NA
15;"PA";1505064;"150506";"Novo Repartimento";"Não";"-";"Ocupantes de automóvel";NA;NA;NA;3;1;3;1;NA;1;2;3;2;6;2;5;1;2;NA;NA;2;1;5;1;NA;NA
15;"PA";1505106;"150510";"Óbidos";"Não";"-";"Ocupantes de automóvel";NA;NA;NA;NA;NA;NA;NA;NA;NA;2;NA;NA;NA;NA;1;NA;NA;NA;NA;NA;NA;NA;NA;1;NA
15;"PA";1505304;"150530";"Oriximiná";"Não";"-";"Ocupantes de automóvel";NA;NA;NA;NA;NA;NA;NA;NA;NA;NA;NA;NA;NA;NA;NA;NA;NA;NA;NA;NA;NA;NA;NA;1;NA
15;"PA";1505403;"150540";"Ourém";"Não";"-";"Ocupantes de automóvel";NA;NA;NA;NA;NA;NA;NA;NA;NA;NA;2;NA;NA;NA;NA;NA;NA;NA;NA;NA;NA;NA;NA;NA;NA
15;"PA";1505437;"150543";"Ourilândia do Norte";"Não";"-";"Ocupantes de automóvel";NA;1;NA;NA;NA;1;1;NA;4;1;NA;NA;NA;NA;1;1;NA;NA;NA;NA;NA;NA;NA;NA;NA
15;"PA";1505486;"150548";"Pacajá";"Não";"-";"Ocupantes de automóvel";NA;NA;1;NA;1;1;NA;2;3;1;1;NA;NA;NA;1;1;1;NA;1;NA;NA;1;1;NA;NA
15;"PA";1505494;"150549";"Palestina do Pará";"Não";"-";"Ocupantes de automóvel";NA;NA;NA;NA;1;NA;NA;NA;NA;NA;NA;NA;NA;NA;NA;NA;NA;NA;NA;NA;NA;NA;NA;NA;NA
15;"PA";1505502;"150550";"Paragominas";"Não";"-";"Ocupantes de automóvel";2;9;6;4;5;5;5;4;3;4;5;10;13;9;8;6;1;1;7;1;NA;1;5;5;NA
15;"PA";1505536;"150553";"Parauapebas";"Não";"-";"Ocupantes de automóvel";3;1;1;7;6;4;3;1;10;6;17;7;3;7;8;4;5;4;3;3;3;5;NA;3;NA
15;"PA";1505601;"150560";"Peixe-Boi";"Não";"-";"Ocupantes de automóvel";NA;1;NA;NA;NA;NA;NA;NA;NA;NA;NA;NA;NA;NA;NA;NA;NA;NA;NA;1;NA;NA;NA;NA;NA
15;"PA";1505635;"150563";"Piçarra";"Não";"-";"Ocupantes de automóvel";NA;1;NA;NA;NA;NA;NA;NA;NA;NA;NA;NA;NA;2;NA;NA;NA;NA;NA;1;NA;NA;NA;NA;NA
15;"PA";1505650;"150565";"Placas";"Não";"-";"Ocupantes de automóvel";NA;NA;NA;NA;NA;NA;NA;NA;1;NA;NA;NA;NA;NA;NA;1;NA;NA;NA;1;NA;NA;1;NA;NA
15;"PA";1505700;"150570";"Ponta de Pedras";"Não";"-";"Ocupantes de automóvel";NA;NA;NA;NA;NA;NA;NA;NA;NA;NA;NA;NA;NA;NA;NA;NA;NA;NA;1;NA;NA;NA;NA;NA;NA
15;"PA";1506005;"150600";"Prainha";"Não";"-";"Ocupantes de automóvel";NA;1;NA;NA;NA;NA;NA;NA;NA;NA;NA;NA;NA;NA;NA;NA;NA;NA;NA;NA;NA;NA;NA;NA;NA
15;"PA";1506138;"150613";"Redenção";"Não";"-";"Ocupantes de automóvel";9;1;NA;NA;1;NA;1;NA;NA;NA;NA;1;NA;NA;NA;NA;NA;1;NA;NA;3;1;2;NA;NA
15;"PA";1506161;"150616";"Rio Maria";"Não";"-";"Ocupantes de automóvel";NA;1;4;NA;NA;NA;NA;NA;1;5;1;NA;NA;NA;NA;NA;NA;1;NA;NA;NA;NA;NA;NA;NA
15;"PA";1506187;"150618";"Rondon do Pará";"Não";"-";"Ocupantes de automóvel";NA;NA;NA;NA;NA;NA;NA;NA;1;NA;2;NA;5;1;NA;NA;NA;NA;NA;NA;1;NA;4;1;NA
15;"PA";1506195;"150619";"Rurópolis";"Não";"-";"Ocupantes de automóvel";4;NA;NA;NA;NA;NA;NA;NA;1;NA;1;1;1;2;NA;NA;NA;NA;NA;NA;NA;1;NA;NA;NA
15;"PA";1506203;"150620";"Salinópolis";"Não";"-";"Ocupantes de automóvel";NA;NA;NA;NA;NA;NA;NA;NA;1;NA;NA;NA;NA;NA;NA;NA;NA;NA;NA;NA;NA;NA;NA;NA;NA
15;"PA";1506302;"150630";"Salvaterra";"Não";"-";"Ocupantes de automóvel";NA;NA;NA;NA;NA;NA;NA;NA;NA;NA;NA;NA;NA;NA;NA;NA;NA;NA;NA;NA;NA;1;NA;NA;NA
15;"PA";1506351;"150635";"Santa Bárbara do Pará";"Não";"Região Metropolitana de Belém";"Ocupantes de automóvel";NA;NA;NA;NA;NA;NA;NA;NA;NA;NA;NA;NA;NA;NA;NA;NA;NA;NA;NA;1;NA;NA;NA;NA;NA
15;"PA";1506500;"150650";"Santa Izabel do Pará";"Não";"Região Metropolitana de Belém";"Ocupantes de automóvel";NA;1;3;1;NA;NA;NA;4;1;NA;NA;3;3;NA;1;2;2;NA;NA;2;1;NA;1;1;NA
15;"PA";1506559;"150655";"Santa Luzia do Pará";"Não";"-";"Ocupantes de automóvel";NA;NA;NA;NA;NA;NA;NA;NA;NA;NA;NA;NA;1;NA;NA;NA;NA;NA;NA;NA;NA;NA;NA;NA;NA
15;"PA";1506583;"150658";"Santa Maria das Barreiras";"Não";"-";"Ocupantes de automóvel";1;NA;NA;NA;NA;2;NA;NA;1;1;2;1;1;NA;NA;NA;NA;NA;NA;NA;2;1;1;NA;NA
15;"PA";1506609;"150660";"Santa Maria do Pará";"Não";"-";"Ocupantes de automóvel";NA;NA;NA;NA;NA;NA;2;1;NA;NA;NA;1;1;NA;1;NA;7;1;2;NA;NA;7;NA;NA;NA
15;"PA";1506708;"150670";"Santana do Araguaia";"Não";"-";"Ocupantes de automóvel";NA;NA;NA;NA;NA;1;NA;NA;NA;2;1;NA;NA;2;4;2;NA;1;NA;NA;1;NA;1;4;NA
15;"PA";1506807;"150680";"Santarém";"Não";"Região Metropolitana de Santarém";"Ocupantes de automóvel";NA;NA;NA;2;1;NA;NA;NA;NA;NA;1;NA;NA;NA;NA;NA;4;14;1;3;NA;11;2;2;NA
15;"PA";1506906;"150690";"Santarém Novo";"Não";"-";"Ocupantes de automóvel";NA;NA;NA;NA;NA;NA;NA;NA;NA;NA;NA;NA;NA;NA;NA;NA;NA;NA;NA;NA;NA;NA;NA;1;NA
15;"PA";1507003;"150700";"Santo Antônio do Tauá";"Não";"-";"Ocupantes de automóvel";NA;NA;NA;NA;NA;NA;NA;1;NA;NA;NA;NA;NA;NA;NA;NA;NA;NA;NA;NA;NA;NA;NA;NA;NA
15;"PA";1507102;"150710";"São Caetano de Odivelas";"Não";"-";"Ocupantes de automóvel";NA;NA;NA;NA;NA;NA;NA;NA;NA;NA;NA;NA;2;NA;NA;NA;NA;NA;NA;NA;NA;NA;NA;NA;NA
15;"PA";1507151;"150715";"São Domingos do Araguaia";"Não";"-";"Ocupantes de automóvel";NA;NA;NA;NA;NA;NA;NA;1;4;6;NA;2;2;NA;2;3;NA;NA;NA;3;NA;NA;NA;NA;NA
15;"PA";1507201;"150720";"São Domingos do Capim";"Não";"-";"Ocupantes de automóvel";NA;NA;NA;NA;NA;NA;NA;NA;NA;NA;NA;NA;NA;1;NA;NA;NA;NA;NA;NA;NA;NA;NA;NA;NA
15;"PA";1507300;"150730";"São Félix do Xingu";"Não";"-";"Ocupantes de automóvel";NA;NA;NA;1;NA;1;NA;NA;NA;NA;NA;NA;NA;NA;NA;NA;NA;1;NA;1;NA;NA;NA;NA;NA
15;"PA";1507409;"150740";"São Francisco do Pará";"Não";"-";"Ocupantes de automóvel";NA;NA;NA;NA;NA;1;NA;NA;4;2;NA;NA;4;1;2;1;2;NA;2;NA;2;NA;NA;2;NA
15;"PA";1507458;"150745";"São Geraldo do Araguaia";"Não";"-";"Ocupantes de automóvel";NA;NA;NA;NA;NA;NA;NA;NA;3;1;NA;NA;1;2;2;NA;1;3;1;NA;NA;NA;NA;NA;NA
15;"PA";1507508;"150750";"São João do Araguaia";"Não";"-";"Ocupantes de automóvel";NA;NA;NA;NA;NA;NA;NA;NA;NA;NA;1;NA;2;NA;1;NA;NA;NA;1;1;NA;NA;NA;NA;NA
15;"PA";1507607;"150760";"São Miguel do Guamá";"Não";"-";"Ocupantes de automóvel";NA;NA;NA;NA;NA;NA;NA;5;NA;1;NA;NA;NA;NA;NA;NA;NA;1;NA;NA;NA;NA;NA;NA;NA
15;"PA";1507755;"150775";"Sapucaia";"Não";"-";"Ocupantes de automóvel";NA;1;NA;NA;NA;NA;NA;NA;NA;NA;NA;NA;NA;NA;NA;NA;NA;NA;1;NA;NA;NA;NA;1;NA
15;"PA";1507953;"150795";"Tailândia";"Não";"-";"Ocupantes de automóvel";NA;NA;1;1;NA;NA;NA;5;1;1;NA;NA;NA;NA;NA;NA;NA;1;NA;NA;NA;NA;NA;NA;NA
15;"PA";1507961;"150796";"Terra Alta";"Não";"-";"Ocupantes de automóvel";NA;NA;NA;NA;NA;NA;NA;NA;1;NA;NA;NA;NA;NA;3;NA;NA;NA;NA;NA;NA;NA;NA;NA;NA
15;"PA";1507979;"150797";"Terra Santa";"Não";"-";"Ocupantes de automóvel";NA;NA;NA;NA;NA;NA;NA;NA;NA;NA;NA;NA;NA;NA;1;NA;NA;1;NA;NA;NA;NA;NA;NA;NA
15;"PA";1508001;"150800";"Tomé-Açu";"Não";"-";"Ocupantes de automóvel";NA;NA;NA;NA;NA;NA;NA;NA;NA;NA;3;1;NA;NA;NA;1;6;NA;1;NA;NA;NA;NA;NA;NA
15;"PA";1508035;"150803";"Tracuateua";"Não";"-";"Ocupantes de automóvel";NA;NA;NA;NA;NA;NA;NA;NA;NA;NA;NA;NA;NA;NA;NA;NA;NA;NA;NA;1;NA;NA;NA;NA;NA
15;"PA";1508050;"150805";"Trairão";"Não";"-";"Ocupantes de automóvel";NA;NA;1;NA;2;NA;NA;1;NA;NA;NA;NA;NA;1;NA;NA;NA;1;NA;NA;NA;NA;1;1;NA
15;"PA";1508084;"150808";"Tucumã";"Não";"-";"Ocupantes de automóvel";1;NA;NA;NA;NA;1;NA;NA;NA;1;2;NA;1;NA;NA;NA;NA;1;NA;NA;1;NA;1;NA;NA
15;"PA";1508100;"150810";"Tucuruí";"Não";"-";"Ocupantes de automóvel";1;1;2;1;1;1;2;3;NA;3;1;2;1;NA;NA;4;NA;1;1;NA;NA;NA;NA;NA;NA
15;"PA";1508126;"150812";"Ulianópolis";"Não";"-";"Ocupantes de automóvel";NA;3;3;2;NA;1;1;3;6;1;1;NA;NA;1;NA;NA;2;NA;NA;2;NA;NA;NA;3;NA
15;"PA";1508159;"150815";"Uruará";"Não";"-";"Ocupantes de automóvel";NA;NA;NA;NA;NA;NA;NA;1;NA;NA;NA;1;NA;NA;NA;1;NA;NA;NA;1;NA;NA;NA;NA;NA
15;"PA";1508209;"150820";"Vigia";"Não";"-";"Ocupantes de automóvel";NA;NA;NA;NA;NA;1;NA;NA;NA;NA;NA;NA;NA;NA;NA;NA;NA;1;NA;NA;NA;NA;NA;NA;NA
15;"PA";1508308;"150830";"Viseu";"Não";"-";"Ocupantes de automóvel";NA;NA;NA;NA;NA;NA;NA;NA;NA;NA;NA;NA;NA;NA;NA;5;NA;NA;NA;NA;NA;NA;NA;NA;NA
15;"PA";1508357;"150835";"Vitória do Xingu";"Não";"-";"Ocupantes de automóvel";NA;NA;NA;NA;NA;NA;NA;NA;NA;4;NA;NA;1;NA;1;1;1;1;2;NA;NA;NA;NA;NA;NA
15;"PA";1508407;"150840";"Xinguara";"Não";"-";"Ocupantes de automóvel";NA;1;NA;1;NA;NA;3;1;2;2;2;1;NA;1;NA;NA;2;2;NA;1;NA;NA;NA;1;NA
16;"AP";1600055;"160005";"Serra do Navio";"Não";"-";"Ocupantes de automóvel";NA;NA;NA;NA;NA;NA;NA;NA;NA;NA;NA;NA;NA;NA;NA;1;NA;NA;NA;NA;NA;NA;NA;NA;NA
16;"AP";1600204;"160020";"Calçoene";"Não";"-";"Ocupantes de automóvel";NA;NA;NA;NA;NA;NA;NA;NA;NA;NA;NA;NA;1;NA;NA;NA;NA;NA;NA;NA;NA;NA;2;NA;NA
16;"AP";1600238;"160023";"Ferreira Gomes";"Não";"-";"Ocupantes de automóvel";NA;NA;NA;NA;NA;NA;NA;NA;NA;NA;NA;NA;NA;NA;NA;NA;1;1;1;NA;NA;NA;NA;1;NA
16;"AP";1600253;"160025";"Itaubal";"Não";"-";"Ocupantes de automóvel";NA;NA;NA;1;NA;NA;NA;NA;NA;NA;NA;NA;NA;NA;NA;NA;1;NA;1;NA;NA;NA;NA;NA;NA
16;"AP";1600279;"160027";"Laranjal do Jari";"Não";"-";"Ocupantes de automóvel";NA;NA;NA;NA;NA;NA;NA;NA;NA;NA;NA;NA;NA;NA;1;NA;NA;NA;3;NA;NA;NA;NA;NA;NA
16;"AP";1600303;"160030";"Macapá";"Sim";"Região Metropolitana de Macapá";"Ocupantes de automóvel";18;1;NA;6;10;3;4;14;6;4;NA;NA;2;1;13;7;14;9;6;11;3;14;3;8;NA
16;"AP";1600402;"160040";"Mazagão";"Não";"Região Metropolitana de Macapá";"Ocupantes de automóvel";NA;NA;NA;NA;NA;NA;NA;NA;NA;NA;NA;NA;NA;NA;NA;NA;NA;NA;NA;NA;NA;1;2;NA;NA
16;"AP";1600501;"160050";"Oiapoque";"Não";"-";"Ocupantes de automóvel";NA;NA;NA;NA;NA;NA;1;1;NA;NA;NA;NA;NA;NA;NA;NA;NA;NA;NA;NA;NA;NA;NA;NA;NA
16;"AP";1600535;"160053";"Porto Grande";"Não";"-";"Ocupantes de automóvel";NA;NA;NA;NA;NA;NA;NA;NA;NA;NA;NA;NA;NA;NA;NA;NA;1;NA;NA;NA;NA;1;1;NA;NA
16;"AP";1600550;"160055";"Pracuúba";"Não";"-";"Ocupantes de automóvel";NA;NA;NA;NA;NA;NA;NA;NA;NA;NA;NA;NA;NA;NA;NA;1;NA;NA;NA;NA;NA;2;NA;NA;NA
16;"AP";1600600;"160060";"Santana";"Não";"Região Metropolitana de Macapá";"Ocupantes de automóvel";NA;NA;NA;4;NA;1;NA;NA;NA;NA;NA;NA;NA;NA;NA;NA;NA;1;NA;NA;NA;NA;2;NA;NA
16;"AP";1600709;"160070";"Tartarugalzinho";"Não";"-";"Ocupantes de automóvel";NA;NA;NA;1;NA;NA;NA;NA;NA;NA;NA;1;NA;NA;NA;NA;1;NA;NA;NA;1;NA;NA;NA;NA
16;"AP";1600808;"160080";"Vitória do Jari";"Não";"-";"Ocupantes de automóvel";NA;NA;1;NA;NA;NA;NA;NA;NA;NA;NA;NA;NA;NA;NA;NA;NA;NA;NA;NA;NA;NA;NA;NA;NA
17;"TO";1700251;"170025";"Abreulândia";"Não";"-";"Ocupantes de automóvel";NA;NA;NA;NA;NA;NA;NA;NA;1;NA;NA;NA;NA;NA;2;NA;1;NA;NA;NA;NA;NA;NA;NA;NA
17;"TO";1700301;"170030";"Aguiarnópolis";"Não";"-";"Ocupantes de automóvel";NA;1;NA;NA;NA;NA;NA;NA;NA;NA;1;NA;NA;NA;1;NA;NA;NA;NA;NA;NA;NA;NA;NA;NA
17;"TO";1700350;"170035";"Aliança do Tocantins";"Não";"Região Metropolitana de Gurupi";"Ocupantes de automóvel";NA;NA;NA;NA;NA;NA;1;NA;NA;5;4;6;4;2;1;3;NA;NA;1;1;2;1;NA;4;NA
17;"TO";1700400;"170040";"Almas";"Não";"-";"Ocupantes de automóvel";NA;NA;NA;NA;NA;NA;NA;NA;NA;NA;NA;NA;NA;NA;NA;NA;NA;NA;1;NA;NA;NA;NA;1;NA
17;"TO";1700707;"170070";"Alvorada";"Não";"Região Metropolitana de Gurupi";"Ocupantes de automóvel";NA;NA;NA;NA;NA;2;NA;3;NA;4;1;5;2;NA;8;3;9;2;NA;1;1;1;2;NA;NA
17;"TO";1701002;"170100";"Ananás";"Não";"-";"Ocupantes de automóvel";2;NA;NA;NA;NA;NA;NA;1;NA;1;NA;NA;NA;NA;NA;NA;1;NA;NA;NA;NA;NA;NA;1;NA
17;"TO";1701051;"170105";"Angico";"Não";"-";"Ocupantes de automóvel";1;1;NA;NA;NA;NA;NA;NA;NA;1;NA;NA;NA;NA;NA;NA;NA;NA;NA;NA;NA;NA;NA;NA;NA
17;"TO";1701101;"170110";"Aparecida do Rio Negro";"Não";"Região Metropolitana de Palmas";"Ocupantes de automóvel";NA;NA;NA;NA;NA;NA;NA;NA;NA;NA;1;NA;NA;NA;1;NA;2;3;NA;NA;NA;1;NA;NA;NA
17;"TO";1701309;"170130";"Aragominas";"Não";"-";"Ocupantes de automóvel";NA;NA;NA;NA;NA;NA;NA;NA;NA;NA;NA;NA;NA;NA;NA;NA;NA;1;NA;NA;NA;1;NA;NA;NA
17;"TO";1701903;"170190";"Araguacema";"Não";"-";"Ocupantes de automóvel";2;2;NA;NA;NA;NA;NA;NA;NA;1;1;NA;NA;NA;NA;NA;NA;3;NA;NA;NA;NA;NA;NA;NA
17;"TO";1702000;"170200";"Araguaçu";"Não";"Região Metropolitana de Gurupi";"Ocupantes de automóvel";1;1;NA;NA;1;NA;NA;NA;NA;NA;NA;1;3;NA;1;NA;NA;NA;NA;NA;NA;1;1;1;NA
17;"TO";1702109;"170210";"Araguaína";"Não";"-";"Ocupantes de automóvel";13;9;9;21;13;12;10;12;23;8;7;16;9;6;20;21;11;10;3;4;2;2;4;4;NA
17;"TO";1702158;"170215";"Araguanã";"Não";"-";"Ocupantes de automóvel";2;NA;NA;NA;NA;NA;NA;NA;NA;NA;1;NA;NA;NA;4;NA;NA;NA;NA;NA;NA;NA;NA;NA;NA
17;"TO";1702208;"170220";"Araguatins";"Não";"-";"Ocupantes de automóvel";NA;NA;NA;NA;NA;NA;NA;NA;NA;NA;NA;NA;NA;NA;1;2;NA;NA;2;NA;3;NA;NA;1;NA
17;"TO";1702307;"170230";"Arapoema";"Não";"-";"Ocupantes de automóvel";3;NA;NA;NA;NA;NA;NA;NA;NA;NA;3;NA;NA;NA;1;1;NA;NA;NA;NA;NA;NA;NA;NA;NA
17;"TO";1702406;"170240";"Arraias";"Não";"-";"Ocupantes de automóvel";NA;NA;NA;NA;1;NA;NA;1;1;1;NA;1;NA;1;NA;1;NA;NA;3;1;1;2;1;NA;NA
17;"TO";1702554;"170255";"Augustinópolis";"Não";"-";"Ocupantes de automóvel";1;2;NA;1;NA;1;2;NA;NA;1;1;4;1;NA;2;1;5;3;NA;NA;1;NA;4;NA;NA
17;"TO";1702703;"170270";"Aurora do Tocantins";"Não";"-";"Ocupantes de automóvel";NA;NA;NA;NA;NA;NA;NA;NA;NA;NA;1;NA;NA;NA;NA;NA;NA;NA;NA;NA;NA;NA;NA;NA;NA
17;"TO";1702901;"170290";"Axixá do Tocantins";"Não";"-";"Ocupantes de automóvel";NA;1;NA;NA;NA;NA;NA;NA;NA;NA;1;NA;NA;NA;NA;1;NA;NA;3;NA;NA;NA;NA;4;NA
17;"TO";1703008;"170300";"Babaçulândia";"Não";"-";"Ocupantes de automóvel";NA;NA;NA;NA;NA;NA;NA;NA;NA;NA;NA;NA;NA;NA;3;NA;NA;NA;1;2;NA;NA;NA;NA;NA
17;"TO";1703057;"170305";"Bandeirantes do Tocantins";"Não";"-";"Ocupantes de automóvel";NA;NA;NA;NA;NA;NA;NA;NA;NA;2;1;NA;NA;NA;2;NA;2;NA;NA;NA;NA;NA;NA;NA;NA
17;"TO";1703073;"170307";"Barra do Ouro";"Não";"-";"Ocupantes de automóvel";NA;NA;NA;NA;NA;NA;NA;NA;NA;NA;1;NA;1;NA;1;NA;NA;NA;NA;NA;NA;NA;6;NA;NA
17;"TO";1703107;"170310";"Barrolândia";"Não";"Região Metropolitana de Palmas";"Ocupantes de automóvel";NA;NA;NA;NA;1;NA;NA;NA;NA;NA;NA;NA;NA;1;NA;NA;2;1;NA;NA;NA;NA;NA;NA;NA
17;"TO";1703206;"170320";"Bernardo Sayão";"Não";"-";"Ocupantes de automóvel";NA;NA;NA;NA;NA;NA;NA;1;NA;1;NA;1;NA;NA;NA;1;NA;NA;NA;NA;NA;NA;NA;NA;NA
17;"TO";1703305;"170330";"Bom Jesus do Tocantins";"Não";"-";"Ocupantes de automóvel";NA;NA;NA;NA;NA;NA;NA;NA;NA;NA;1;1;NA;NA;NA;NA;NA;NA;1;NA;NA;NA;NA;NA;NA
17;"TO";1703602;"170360";"Brasilândia do Tocantins";"Não";"-";"Ocupantes de automóvel";NA;NA;NA;NA;NA;NA;NA;NA;NA;NA;NA;NA;NA;NA;NA;2;NA;NA;NA;NA;NA;NA;1;1;NA
17;"TO";1703701;"170370";"Brejinho de Nazaré";"Não";"Região Metropolitana de Palmas";"Ocupantes de automóvel";NA;1;NA;NA;NA;NA;NA;1;NA;NA;1;NA;NA;NA;1;1;NA;2;NA;NA;NA;NA;NA;2;NA
17;"TO";1703800;"170380";"Buriti do Tocantins";"Não";"-";"Ocupantes de automóvel";NA;NA;NA;1;NA;NA;NA;NA;NA;NA;NA;NA;NA;NA;NA;1;2;NA;NA;NA;NA;NA;NA;NA;NA
17;"TO";1703826;"170382";"Cachoeirinha";"Não";"-";"Ocupantes de automóvel";NA;NA;NA;NA;NA;NA;NA;NA;NA;NA;NA;NA;NA;NA;NA;NA;NA;NA;NA;1;NA;3;NA;NA;NA
17;"TO";1703842;"170384";"Campos Lindos";"Não";"-";"Ocupantes de automóvel";NA;NA;NA;NA;NA;NA;NA;NA;NA;NA;2;NA;NA;NA;NA;NA;1;NA;NA;NA;NA;NA;NA;NA;NA
17;"TO";1703867;"170386";"Cariri do Tocantins";"Não";"Região Metropolitana de Gurupi";"Ocupantes de automóvel";NA;NA;2;NA;NA;NA;NA;1;NA;2;2;2;3;1;NA;1;1;NA;1;1;1;5;1;1;NA
17;"TO";1703883;"170388";"Carmolândia";"Não";"-";"Ocupantes de automóvel";1;NA;NA;3;NA;NA;NA;NA;NA;NA;1;NA;NA;NA;1;NA;NA;NA;NA;NA;NA;NA;NA;NA;NA
17;"TO";1703891;"170389";"Carrasco Bonito";"Não";"-";"Ocupantes de automóvel";NA;NA;1;NA;NA;NA;NA;NA;NA;NA;NA;NA;NA;NA;NA;NA;NA;NA;NA;NA;NA;NA;NA;1;NA
17;"TO";1703909;"170390";"Caseara";"Não";"-";"Ocupantes de automóvel";NA;NA;NA;NA;1;NA;NA;NA;NA;NA;NA;NA;NA;NA;1;1;NA;NA;NA;NA;NA;NA;NA;NA;NA
17;"TO";1704105;"170410";"Centenário";"Não";"-";"Ocupantes de automóvel";NA;NA;NA;NA;NA;NA;NA;NA;NA;NA;NA;NA;NA;NA;NA;NA;NA;NA;NA;1;NA;NA;NA;NA;NA
17;"TO";1704600;"170460";"Chapada de Areia";"Não";"-";"Ocupantes de automóvel";NA;NA;NA;NA;NA;NA;NA;NA;NA;NA;NA;NA;NA;NA;1;NA;NA;NA;NA;NA;NA;NA;NA;NA;NA
17;"TO";1705102;"170510";"Chapada da Natividade";"Não";"-";"Ocupantes de automóvel";NA;NA;1;NA;NA;NA;1;1;NA;NA;NA;NA;NA;NA;NA;NA;1;NA;2;NA;1;NA;NA;NA;NA
17;"TO";1705508;"170550";"Colinas do Tocantins";"Não";"-";"Ocupantes de automóvel";4;NA;2;1;5;2;7;NA;NA;2;5;3;2;2;NA;8;NA;1;NA;NA;1;NA;2;1;NA
17;"TO";1705557;"170555";"Combinado";"Não";"-";"Ocupantes de automóvel";NA;NA;NA;NA;2;NA;NA;NA;NA;1;NA;NA;NA;NA;NA;NA;NA;NA;NA;NA;NA;NA;NA;NA;NA
17;"TO";1705607;"170560";"Conceição do Tocantins";"Não";"-";"Ocupantes de automóvel";NA;NA;NA;1;NA;1;NA;NA;1;NA;2;NA;NA;NA;NA;NA;NA;NA;NA;NA;NA;NA;NA;NA;NA
17;"TO";1706001;"170600";"Couto Magalhães";"Não";"-";"Ocupantes de automóvel";NA;NA;NA;NA;NA;NA;NA;NA;NA;NA;NA;NA;1;NA;NA;1;NA;NA;NA;NA;NA;NA;NA;NA;NA
17;"TO";1706100;"170610";"Cristalândia";"Não";"-";"Ocupantes de automóvel";NA;NA;NA;NA;NA;NA;1;NA;NA;NA;NA;NA;2;3;NA;NA;NA;2;NA;NA;NA;NA;NA;NA;NA
17;"TO";1706258;"170625";"Crixás do Tocantins";"Não";"Região Metropolitana de Gurupi";"Ocupantes de automóvel";NA;NA;NA;NA;2;NA;NA;NA;NA;NA;2;3;NA;NA;1;NA;NA;NA;NA;NA;NA;1;NA;NA;NA
17;"TO";1706506;"170650";"Darcinópolis";"Não";"-";"Ocupantes de automóvel";NA;NA;NA;NA;NA;NA;NA;NA;NA;NA;NA;1;NA;NA;1;2;NA;NA;1;NA;NA;NA;NA;NA;NA
17;"TO";1707009;"170700";"Dianópolis";"Não";"-";"Ocupantes de automóvel";3;NA;NA;NA;1;1;2;1;1;4;3;NA;NA;3;1;1;NA;NA;NA;3;NA;1;NA;NA;NA
17;"TO";1707108;"170710";"Divinópolis do Tocantins";"Não";"-";"Ocupantes de automóvel";NA;NA;NA;NA;2;1;2;NA;NA;2;NA;NA;NA;6;5;NA;4;1;NA;NA;NA;NA;1;1;NA
17;"TO";1707207;"170720";"Dois Irmãos do Tocantins";"Não";"-";"Ocupantes de automóvel";NA;NA;NA;NA;NA;1;NA;NA;NA;NA;NA;NA;NA;NA;1;NA;2;1;NA;NA;1;NA;1;NA;NA
17;"TO";1707306;"170730";"Dueré";"Não";"Região Metropolitana de Gurupi";"Ocupantes de automóvel";1;NA;NA;NA;NA;NA;3;NA;NA;NA;1;3;2;NA;3;1;NA;2;NA;NA;NA;2;1;NA;NA
17;"TO";1707405;"170740";"Esperantina";"Não";"-";"Ocupantes de automóvel";NA;NA;NA;NA;1;NA;NA;NA;NA;NA;NA;NA;NA;NA;NA;NA;NA;NA;2;NA;NA;1;NA;NA;NA
17;"TO";1707553;"170755";"Fátima";"Não";"Região Metropolitana de Palmas";"Ocupantes de automóvel";NA;1;NA;NA;1;1;NA;NA;NA;NA;NA;1;NA;NA;NA;NA;NA;NA;NA;NA;NA;NA;NA;NA;NA
17;"TO";1707652;"170765";"Figueirópolis";"Não";"Região Metropolitana de Gurupi";"Ocupantes de automóvel";NA;NA;NA;NA;NA;NA;NA;NA;NA;NA;3;1;4;NA;NA;3;NA;NA;NA;1;NA;1;2;NA;NA
17;"TO";1707702;"170770";"Filadélfia";"Não";"-";"Ocupantes de automóvel";NA;1;2;NA;NA;NA;2;NA;NA;1;3;NA;NA;NA;NA;1;1;NA;NA;1;NA;NA;NA;NA;NA
17;"TO";1708205;"170820";"Formoso do Araguaia";"Não";"Região Metropolitana de Gurupi";"Ocupantes de automóvel";NA;1;1;NA;NA;2;1;NA;NA;NA;1;1;6;NA;3;3;1;NA;NA;NA;1;1;1;4;NA
17;"TO";1708254;"170825";"Tabocão";"Não";"-";"Ocupantes de automóvel";1;NA;NA;NA;NA;NA;NA;NA;NA;NA;1;1;1;NA;NA;3;NA;NA;1;NA;NA;NA;NA;1;NA
17;"TO";1708304;"170830";"Goianorte";"Não";"-";"Ocupantes de automóvel";NA;NA;NA;NA;NA;NA;NA;NA;NA;NA;NA;3;NA;NA;NA;1;NA;2;NA;NA;NA;NA;NA;2;NA
17;"TO";1709005;"170900";"Goiatins";"Não";"-";"Ocupantes de automóvel";NA;1;NA;NA;NA;NA;NA;NA;NA;NA;NA;NA;NA;NA;NA;1;NA;NA;NA;NA;NA;NA;NA;NA;NA
17;"TO";1709302;"170930";"Guaraí";"Não";"-";"Ocupantes de automóvel";1;NA;1;NA;NA;NA;1;NA;NA;2;7;2;4;4;1;9;2;1;1;1;NA;NA;4;2;NA
17;"TO";1709500;"170950";"Gurupi";"Não";"Região Metropolitana de Gurupi";"Ocupantes de automóvel";11;11;12;10;18;7;16;17;22;16;17;22;28;15;13;10;15;17;10;1;4;8;5;5;NA
17;"TO";1709807;"170980";"Ipueiras";"Não";"Região Metropolitana de Palmas";"Ocupantes de automóvel";NA;NA;NA;NA;NA;NA;NA;NA;NA;NA;NA;NA;NA;NA;NA;NA;NA;NA;NA;1;NA;NA;NA;1;NA
17;"TO";1710508;"171050";"Itacajá";"Não";"-";"Ocupantes de automóvel";NA;NA;NA;NA;NA;NA;NA;NA;NA;NA;NA;NA;NA;NA;NA;NA;NA;NA;NA;NA;NA;NA;NA;1;NA
17;"TO";1710706;"171070";"Itaguatins";"Não";"-";"Ocupantes de automóvel";1;1;NA;NA;NA;NA;NA;NA;NA;NA;NA;NA;NA;NA;NA;NA;NA;NA;NA;NA;NA;NA;NA;NA;NA
17;"TO";1710904;"171090";"Itapiratins";"Não";"-";"Ocupantes de automóvel";NA;NA;NA;NA;NA;NA;NA;NA;NA;NA;NA;NA;NA;NA;NA;NA;NA;NA;NA;NA;NA;NA;NA;NA;NA
17;"TO";1711100;"171110";"Itaporã do Tocantins";"Não";"-";"Ocupantes de automóvel";NA;NA;NA;NA;NA;NA;NA;NA;NA;NA;NA;1;NA;NA;NA;NA;NA;NA;NA;NA;NA;NA;NA;NA;NA
17;"TO";1711506;"171150";"Jaú do Tocantins";"Não";"Região Metropolitana de Gurupi";"Ocupantes de automóvel";NA;NA;NA;NA;NA;NA;NA;NA;NA;NA;NA;NA;1;2;NA;1;NA;NA;NA;NA;NA;4;2;NA;NA
17;"TO";1711803;"171180";"Juarina";"Não";"-";"Ocupantes de automóvel";NA;NA;NA;NA;NA;NA;NA;NA;NA;NA;1;NA;NA;NA;NA;NA;NA;NA;NA;NA;NA;NA;NA;NA;NA
17;"TO";1711902;"171190";"Lagoa da Confusão";"Não";"Região Metropolitana de Gurupi";"Ocupantes de automóvel";NA;NA;NA;4;NA;NA;1;NA;2;NA;NA;NA;1;NA;3;4;NA;1;NA;1;NA;NA;NA;1;NA
17;"TO";1711951;"171195";"Lagoa do Tocantins";"Não";"-";"Ocupantes de automóvel";NA;NA;NA;NA;NA;NA;NA;NA;NA;NA;NA;NA;NA;NA;NA;NA;NA;NA;NA;1;NA;NA;NA;NA;NA
17;"TO";1712009;"171200";"Lajeado";"Não";"Região Metropolitana de Palmas";"Ocupantes de automóvel";NA;NA;NA;NA;NA;NA;NA;NA;NA;1;NA;NA;NA;3;NA;NA;NA;1;NA;NA;NA;NA;1;NA;NA
17;"TO";1712454;"171245";"Luzinópolis";"Não";"-";"Ocupantes de automóvel";NA;NA;NA;NA;NA;NA;NA;NA;NA;2;NA;NA;NA;NA;NA;NA;NA;NA;NA;NA;NA;NA;NA;NA;NA
17;"TO";1712504;"171250";"Marianópolis do Tocantins";"Não";"-";"Ocupantes de automóvel";NA;4;NA;NA;2;NA;NA;NA;NA;NA;NA;1;1;NA;2;NA;NA;NA;NA;NA;NA;NA;NA;NA;NA
17;"TO";1712702;"171270";"Mateiros";"Não";"-";"Ocupantes de automóvel";NA;NA;NA;NA;NA;NA;NA;NA;NA;NA;NA;NA;NA;NA;NA;NA;NA;NA;NA;NA;NA;NA;NA;NA;NA
17;"TO";1713205;"171320";"Miracema do Tocantins";"Não";"Região Metropolitana de Palmas";"Ocupantes de automóvel";1;3;NA;NA;2;5;1;1;NA;NA;NA;3;NA;1;NA;NA;NA;NA;2;1;1;1;NA;NA;NA
17;"TO";1713304;"171330";"Miranorte";"Não";"Região Metropolitana de Palmas";"Ocupantes de automóvel";1;3;2;NA;NA;1;NA;1;1;1;NA;1;NA;1;2;1;1;NA;NA;NA;NA;NA;1;1;NA
17;"TO";1713601;"171360";"Monte do Carmo";"Não";"Região Metropolitana de Palmas";"Ocupantes de automóvel";1;NA;NA;NA;NA;NA;NA;NA;NA;NA;NA;NA;NA;1;1;1;2;NA;NA;NA;NA;1;NA;NA;NA
17;"TO";1713700;"171370";"Monte Santo do Tocantins";"Não";"-";"Ocupantes de automóvel";NA;NA;NA;NA;NA;NA;NA;NA;1;1;NA;NA;NA;NA;1;1;NA;2;NA;NA;NA;NA;NA;NA;NA
17;"TO";1713809;"171380";"Palmeiras do Tocantins";"Não";"-";"Ocupantes de automóvel";NA;NA;2;NA;3;NA;NA;NA;NA;NA;2;NA;1;NA;NA;1;NA;NA;1;NA;NA;NA;1;1;NA
17;"TO";1714203;"171420";"Natividade";"Não";"-";"Ocupantes de automóvel";1;2;NA;NA;3;NA;NA;NA;2;4;NA;NA;NA;NA;NA;NA;1;NA;1;NA;NA;4;1;NA;NA
17;"TO";1714302;"171430";"Nazaré";"Não";"-";"Ocupantes de automóvel";NA;NA;NA;NA;NA;NA;1;NA;NA;NA;NA;NA;1;NA;NA;1;NA;NA;NA;NA;NA;NA;NA;NA;NA
17;"TO";1714880;"171488";"Nova Olinda";"Não";"-";"Ocupantes de automóvel";1;NA;2;NA;NA;NA;1;2;2;1;NA;1;NA;NA;3;NA;2;2;3;NA;1;NA;2;1;NA
17;"TO";1715002;"171500";"Nova Rosalândia";"Não";"-";"Ocupantes de automóvel";NA;NA;2;NA;1;NA;NA;NA;NA;NA;NA;NA;NA;NA;NA;NA;NA;NA;NA;NA;NA;NA;NA;NA;NA
17;"TO";1715101;"171510";"Novo Acordo";"Não";"-";"Ocupantes de automóvel";NA;NA;NA;NA;NA;2;NA;NA;NA;NA;NA;NA;NA;NA;1;NA;NA;NA;NA;NA;NA;NA;NA;NA;NA
17;"TO";1715259;"171525";"Novo Jardim";"Não";"-";"Ocupantes de automóvel";NA;NA;NA;NA;NA;NA;NA;NA;NA;1;NA;NA;NA;NA;NA;NA;1;NA;NA;NA;NA;NA;NA;NA;NA
17;"TO";1715507;"171550";"Oliveira de Fátima";"Não";"Região Metropolitana de Palmas";"Ocupantes de automóvel";NA;NA;NA;NA;NA;1;NA;NA;NA;NA;NA;NA;NA;1;NA;NA;3;NA;NA;NA;NA;NA;NA;NA;NA
17;"TO";1715705;"171570";"Palmeirante";"Não";"-";"Ocupantes de automóvel";NA;NA;NA;NA;NA;NA;NA;NA;NA;NA;NA;NA;1;NA;NA;1;NA;NA;NA;NA;NA;NA;NA;NA;NA
17;"TO";1715754;"171575";"Palmeirópolis";"Não";"Região Metropolitana de Gurupi";"Ocupantes de automóvel";NA;NA;NA;NA;NA;NA;1;1;NA;NA;NA;NA;NA;NA;NA;NA;NA;NA;NA;1;1;NA;1;1;NA
17;"TO";1716109;"171610";"Paraíso do Tocantins";"Não";"Região Metropolitana de Palmas";"Ocupantes de automóvel";NA;1;2;NA;1;3;2;1;8;1;NA;4;1;2;5;7;2;8;1;2;3;2;NA;2;NA
17;"TO";1716208;"171620";"Paranã";"Não";"-";"Ocupantes de automóvel";NA;NA;NA;NA;NA;NA;1;NA;1;1;NA;1;NA;NA;NA;NA;NA;1;NA;NA;NA;NA;NA;NA;NA
17;"TO";1716307;"171630";"Pau D'Arco";"Não";"-";"Ocupantes de automóvel";1;1;NA;NA;NA;NA;NA;NA;NA;NA;NA;NA;NA;NA;NA;NA;NA;NA;NA;NA;NA;NA;NA;1;NA
17;"TO";1716505;"171650";"Pedro Afonso";"Não";"-";"Ocupantes de automóvel";NA;NA;NA;NA;1;NA;NA;NA;NA;NA;NA;NA;NA;2;1;1;1;NA;NA;2;NA;2;NA;NA;NA
17;"TO";1716604;"171660";"Peixe";"Não";"Região Metropolitana de Gurupi";"Ocupantes de automóvel";NA;NA;NA;1;4;1;1;2;1;2;1;6;5;NA;NA;2;NA;NA;NA;1;NA;1;3;NA;NA
17;"TO";1716653;"171665";"Pequizeiro";"Não";"-";"Ocupantes de automóvel";NA;NA;NA;1;1;NA;NA;NA;NA;1;1;NA;NA;NA;NA;1;NA;NA;NA;NA;NA;NA;NA;NA;NA
17;"TO";1716703;"171670";"Colméia";"Não";"-";"Ocupantes de automóvel";NA;NA;2;NA;NA;NA;NA;NA;NA;3;1;3;NA;NA;NA;1;NA;2;NA;NA;NA;NA;NA;NA;NA
17;"TO";1717008;"171700";"Pindorama do Tocantins";"Não";"-";"Ocupantes de automóvel";NA;NA;NA;NA;NA;NA;NA;NA;NA;NA;NA;NA;NA;NA;NA;NA;NA;NA;NA;1;NA;NA;NA;3;NA
17;"TO";1717206;"171720";"Piraquê";"Não";"-";"Ocupantes de automóvel";NA;1;1;NA;NA;NA;NA;NA;NA;NA;NA;NA;NA;NA;NA;NA;NA;NA;1;NA;NA;NA;NA;NA;NA
17;"TO";1717503;"171750";"Pium";"Não";"-";"Ocupantes de automóvel";1;NA;NA;NA;NA;NA;NA;NA;NA;NA;NA;NA;NA;1;1;NA;NA;NA;NA;NA;NA;NA;NA;1;NA
17;"TO";1717800;"171780";"Ponte Alta do Bom Jesus";"Não";"-";"Ocupantes de automóvel";NA;NA;NA;NA;NA;NA;NA;NA;NA;NA;NA;NA;NA;NA;1;NA;NA;NA;NA;NA;NA;NA;NA;NA;NA
17;"TO";1717909;"171790";"Ponte Alta do Tocantins";"Não";"-";"Ocupantes de automóvel";NA;NA;NA;NA;NA;NA;NA;NA;NA;NA;NA;NA;1;NA;NA;NA;NA;NA;NA;NA;NA;NA;1;NA;NA
17;"TO";1718006;"171800";"Porto Alegre do Tocantins";"Não";"-";"Ocupantes de automóvel";NA;NA;NA;NA;1;NA;NA;NA;1;NA;NA;NA;NA;NA;NA;NA;NA;NA;NA;1;NA;NA;NA;NA;NA
17;"TO";1718204;"171820";"Porto Nacional";"Não";"Região Metropolitana de Palmas";"Ocupantes de automóvel";NA;2;1;2;1;NA;2;11;NA;3;8;5;3;2;2;2;2;3;3;5;NA;4;2;8;NA
17;"TO";1718303;"171830";"Praia Norte";"Não";"-";"Ocupantes de automóvel";NA;NA;NA;NA;NA;NA;NA;NA;NA;NA;NA;1;NA;NA;NA;1;NA;NA;NA;NA;NA;NA;NA;NA;NA
17;"TO";1718402;"171840";"Presidente Kennedy";"Não";"-";"Ocupantes de automóvel";NA;NA;NA;NA;NA;NA;NA;NA;3;NA;4;1;NA;NA;NA;NA;1;NA;NA;NA;NA;3;3;NA;NA
17;"TO";1718451;"171845";"Pugmil";"Não";"Região Metropolitana de Palmas";"Ocupantes de automóvel";NA;1;NA;NA;1;2;NA;NA;NA;NA;NA;NA;NA;2;NA;2;1;NA;NA;NA;NA;NA;NA;NA;NA
17;"TO";1718501;"171850";"Recursolândia";"Não";"-";"Ocupantes de automóvel";NA;NA;NA;NA;NA;NA;NA;NA;NA;NA;NA;NA;NA;NA;NA;NA;NA;NA;1;NA;NA;NA;NA;NA;NA
17;"TO";1718550;"171855";"Riachinho";"Não";"-";"Ocupantes de automóvel";NA;NA;NA;NA;NA;NA;NA;NA;1;NA;NA;NA;NA;NA;1;NA;NA;NA;NA;NA;NA;NA;NA;NA;NA
17;"TO";1718659;"171865";"Rio da Conceição";"Não";"-";"Ocupantes de automóvel";NA;NA;NA;NA;NA;NA;NA;NA;NA;NA;NA;NA;NA;NA;NA;NA;NA;NA;NA;NA;NA;NA;NA;NA;NA
17;"TO";1718709;"171870";"Rio dos Bois";"Não";"-";"Ocupantes de automóvel";NA;NA;NA;NA;NA;1;NA;NA;NA;NA;NA;1;NA;1;NA;1;NA;1;NA;NA;NA;NA;NA;NA;NA
17;"TO";1718758;"171875";"Rio Sono";"Não";"-";"Ocupantes de automóvel";NA;1;NA;NA;NA;NA;NA;NA;NA;NA;NA;NA;NA;NA;NA;NA;NA;NA;NA;NA;NA;NA;NA;NA;NA
17;"TO";1718808;"171880";"Sampaio";"Não";"-";"Ocupantes de automóvel";NA;NA;NA;NA;NA;NA;NA;NA;NA;NA;NA;NA;NA;NA;NA;NA;NA;NA;NA;NA;NA;NA;NA;NA;NA
17;"TO";1718840;"171884";"Sandolândia";"Não";"Região Metropolitana de Gurupi";"Ocupantes de automóvel";2;NA;NA;NA;NA;NA;NA;NA;NA;NA;NA;NA;2;NA;NA;NA;NA;NA;1;2;NA;1;NA;2;NA
17;"TO";1718865;"171886";"Santa Fé do Araguaia";"Não";"-";"Ocupantes de automóvel";NA;1;1;NA;NA;NA;NA;NA;NA;2;NA;NA;NA;NA;NA;NA;NA;NA;1;NA;NA;NA;NA;1;NA
17;"TO";1718881;"171888";"Santa Maria do Tocantins";"Não";"-";"Ocupantes de automóvel";NA;1;NA;NA;NA;NA;NA;NA;NA;NA;NA;NA;NA;NA;NA;1;NA;NA;NA;NA;NA;1;NA;NA;NA
17;"TO";1718899;"171889";"Santa Rita do Tocantins";"Não";"-";"Ocupantes de automóvel";NA;NA;3;NA;NA;NA;NA;1;NA;NA;NA;NA;2;NA;NA;NA;NA;NA;NA;NA;NA;NA;NA;1;NA
17;"TO";1718907;"171890";"Santa Rosa do Tocantins";"Não";"-";"Ocupantes de automóvel";NA;NA;NA;NA;NA;NA;NA;NA;NA;NA;NA;NA;1;NA;NA;1;1;NA;1;2;NA;NA;NA;NA;NA
17;"TO";1719004;"171900";"Santa Tereza do Tocantins";"Não";"-";"Ocupantes de automóvel";NA;NA;NA;NA;NA;NA;NA;NA;NA;NA;NA;NA;NA;NA;NA;NA;NA;NA;NA;NA;NA;NA;NA;NA;NA
17;"TO";1720002;"172000";"Santa Terezinha do Tocantins";"Não";"-";"Ocupantes de automóvel";NA;NA;NA;NA;NA;NA;NA;NA;NA;NA;NA;NA;NA;NA;NA;NA;NA;NA;NA;NA;NA;NA;NA;NA;NA
17;"TO";1720101;"172010";"São Bento do Tocantins";"Não";"-";"Ocupantes de automóvel";NA;NA;NA;NA;NA;NA;NA;NA;NA;NA;NA;NA;1;NA;NA;NA;NA;NA;NA;NA;NA;NA;NA;NA;NA
17;"TO";1720200;"172020";"São Miguel do Tocantins";"Não";"-";"Ocupantes de automóvel";NA;NA;NA;NA;NA;NA;NA;NA;NA;NA;NA;NA;NA;NA;1;1;NA;1;1;NA;NA;NA;NA;2;NA
17;"TO";1720259;"172025";"São Salvador do Tocantins";"Não";"Região Metropolitana de Gurupi";"Ocupantes de automóvel";NA;NA;NA;NA;NA;NA;NA;NA;NA;NA;NA;NA;6;NA;NA;NA;NA;NA;NA;NA;NA;1;NA;NA;NA
17;"TO";1720309;"172030";"São Sebastião do Tocantins";"Não";"-";"Ocupantes de automóvel";NA;NA;NA;NA;NA;NA;NA;NA;NA;NA;NA;NA;NA;NA;NA;NA;1;NA;NA;NA;NA;NA;NA;NA;NA
17;"TO";1720499;"172049";"São Valério";"Não";"Região Metropolitana de Gurupi";"Ocupantes de automóvel";NA;NA;NA;NA;NA;NA;2;NA;NA;1;1;2;NA;1;1;2;NA;NA;1;NA;1;NA;NA;NA;NA
17;"TO";1720655;"172065";"Silvanópolis";"Não";"Região Metropolitana de Palmas";"Ocupantes de automóvel";NA;NA;NA;NA;NA;NA;NA;NA;1;2;NA;NA;1;NA;1;NA;NA;NA;NA;NA;NA;NA;NA;NA;NA
17;"TO";1720804;"172080";"Sítio Novo do Tocantins";"Não";"-";"Ocupantes de automóvel";NA;NA;1;NA;NA;NA;NA;1;NA;NA;NA;NA;1;NA;NA;NA;1;NA;NA;NA;NA;NA;NA;1;NA
17;"TO";1720853;"172085";"Sucupira";"Não";"Região Metropolitana de Gurupi";"Ocupantes de automóvel";NA;NA;NA;NA;NA;NA;NA;NA;NA;1;NA;NA;NA;NA;NA;NA;NA;NA;NA;1;NA;NA;NA;NA;NA
17;"TO";1720903;"172090";"Taguatinga";"Não";"-";"Ocupantes de automóvel";NA;NA;NA;2;NA;NA;NA;NA;2;NA;1;NA;2;NA;1;NA;NA;NA;NA;1;NA;1;NA;2;NA
17;"TO";1720978;"172097";"Talismã";"Não";"Região Metropolitana de Gurupi";"Ocupantes de automóvel";1;NA;NA;NA;NA;1;NA;1;1;NA;3;NA;1;1;1;1;2;2;1;NA;NA;NA;NA;NA;NA
17;"TO";1721000;"172100";"Palmas";"Sim";"Região Metropolitana de Palmas";"Ocupantes de automóvel";14;4;15;9;10;11;7;16;3;6;4;7;7;13;10;16;7;10;9;6;11;12;11;13;NA
17;"TO";1721109;"172110";"Tocantínia";"Não";"Região Metropolitana de Palmas";"Ocupantes de automóvel";NA;NA;NA;NA;NA;NA;NA;NA;NA;NA;NA;NA;NA;1;NA;NA;NA;NA;NA;NA;NA;NA;NA;NA;NA
17;"TO";1721208;"172120";"Tocantinópolis";"Não";"-";"Ocupantes de automóvel";NA;NA;NA;NA;1;NA;1;NA;NA;2;NA;NA;NA;NA;NA;2;NA;NA;NA;NA;NA;NA;NA;NA;NA
17;"TO";1721257;"172125";"Tupirama";"Não";"-";"Ocupantes de automóvel";NA;NA;NA;NA;NA;NA;NA;NA;NA;NA;NA;2;NA;NA;NA;NA;NA;NA;NA;NA;NA;NA;NA;NA;NA
17;"TO";1722081;"172208";"Wanderlândia";"Não";"-";"Ocupantes de automóvel";1;NA;NA;5;1;NA;1;1;NA;1;NA;NA;NA;NA;3;NA;NA;NA;1;1;NA;NA;1;NA;NA
17;"TO";1722107;"172210";"Xambioá";"Não";"-";"Ocupantes de automóvel";NA;2;NA;NA;1;NA;NA;NA;NA;NA;NA;NA;NA;NA;NA;1;NA;NA;NA;NA;NA;NA;NA;1;NA
21;"MA";2100055;"210005";"Açailândia";"Não";"Região Metropolitana do Sudoeste Maranhense";"Ocupantes de automóvel";NA;1;6;23;14;11;12;9;15;12;21;11;8;3;4;3;6;10;9;NA;6;8;3;5;NA
21;"MA";2100105;"210010";"Afonso Cunha";"Não";"-";"Ocupantes de automóvel";NA;NA;NA;NA;NA;NA;NA;NA;NA;NA;NA;NA;NA;NA;1;NA;NA;NA;NA;NA;NA;NA;NA;NA;NA
21;"MA";2100204;"210020";"Alcântara";"Não";"Região Metropolitana da Grande São Luís";"Ocupantes de automóvel";1;NA;NA;NA;3;NA;NA;1;NA;NA;NA;NA;NA;NA;NA;NA;NA;NA;NA;NA;NA;NA;NA;NA;NA
21;"MA";2100303;"210030";"Aldeias Altas";"Não";"Região Metropolitana da Zona Leste do Estado do Maranhão";"Ocupantes de automóvel";NA;NA;NA;NA;NA;NA;NA;NA;NA;NA;1;NA;1;NA;NA;NA;NA;NA;NA;NA;1;NA;NA;NA;NA
21;"MA";2100436;"210043";"Alto Alegre do Maranhão";"Não";"-";"Ocupantes de automóvel";NA;NA;NA;NA;NA;NA;NA;1;2;NA;NA;2;NA;1;1;1;NA;NA;NA;NA;NA;1;NA;NA;NA
21;"MA";2100477;"210047";"Alto Alegre do Pindaré";"Não";"-";"Ocupantes de automóvel";NA;1;NA;NA;NA;NA;NA;NA;NA;1;1;NA;1;NA;NA;NA;NA;NA;NA;1;NA;NA;NA;NA;NA
21;"MA";2100501;"210050";"Alto Parnaíba";"Não";"-";"Ocupantes de automóvel";NA;NA;NA;NA;NA;NA;NA;NA;NA;NA;1;NA;NA;NA;NA;1;NA;NA;NA;NA;NA;NA;NA;NA;NA
21;"MA";2100550;"210055";"Amapá do Maranhão";"Não";"-";"Ocupantes de automóvel";NA;NA;NA;NA;NA;NA;NA;NA;NA;NA;NA;NA;NA;NA;NA;NA;NA;NA;NA;NA;NA;NA;NA;NA;NA
21;"MA";2100600;"210060";"Amarante do Maranhão";"Não";"Região Metropolitana do Sudoeste Maranhense";"Ocupantes de automóvel";1;NA;NA;NA;NA;1;NA;1;NA;NA;NA;1;NA;NA;NA;NA;NA;NA;NA;NA;1;NA;1;NA;NA
21;"MA";2100709;"210070";"Anajatuba";"Não";"-";"Ocupantes de automóvel";NA;NA;NA;NA;NA;NA;NA;NA;NA;1;NA;NA;NA;NA;1;NA;NA;NA;NA;NA;NA;NA;NA;NA;NA
21;"MA";2100808;"210080";"Anapurus";"Não";"-";"Ocupantes de automóvel";NA;NA;NA;NA;NA;NA;NA;1;NA;NA;NA;NA;NA;NA;NA;NA;NA;NA;NA;NA;NA;NA;NA;NA;NA
21;"MA";2100832;"210083";"Apicum-Açu";"Não";"-";"Ocupantes de automóvel";NA;NA;NA;NA;NA;NA;NA;NA;NA;NA;NA;NA;NA;NA;1;NA;NA;NA;NA;NA;NA;NA;NA;NA;NA
21;"MA";2100873;"210087";"Araguanã";"Não";"-";"Ocupantes de automóvel";NA;NA;NA;NA;NA;NA;NA;NA;NA;NA;1;NA;NA;NA;NA;NA;NA;NA;NA;NA;1;NA;NA;NA;NA
21;"MA";2100907;"210090";"Araioses";"Não";"-";"Ocupantes de automóvel";NA;NA;NA;NA;NA;NA;NA;NA;NA;NA;NA;NA;NA;NA;NA;NA;NA;NA;NA;NA;NA;NA;NA;NA;NA
21;"MA";2100956;"210095";"Arame";"Não";"-";"Ocupantes de automóvel";NA;NA;NA;NA;NA;1;1;NA;NA;NA;1;NA;NA;NA;NA;NA;NA;1;NA;NA;NA;NA;NA;NA;NA
21;"MA";2101004;"210100";"Arari";"Não";"-";"Ocupantes de automóvel";1;NA;NA;NA;1;1;NA;NA;NA;NA;2;1;NA;1;NA;NA;NA;NA;NA;1;NA;NA;NA;NA;NA
21;"MA";2101202;"210120";"Bacabal";"Não";"-";"Ocupantes de automóvel";2;NA;4;3;1;NA;1;2;2;1;1;1;2;1;5;2;1;1;7;1;1;4;5;4;NA
21;"MA";2101251;"210125";"Bacabeira";"Não";"Região Metropolitana da Grande São Luís";"Ocupantes de automóvel";NA;NA;NA;NA;NA;NA;NA;NA;4;NA;5;6;7;1;2;NA;1;2;NA;NA;NA;NA;NA;NA;NA
21;"MA";2101301;"210130";"Bacuri";"Não";"-";"Ocupantes de automóvel";NA;NA;NA;NA;1;NA;NA;NA;NA;NA;NA;NA;NA;NA;NA;NA;NA;NA;NA;1;NA;NA;NA;NA;NA
21;"MA";2101400;"210140";"Balsas";"Não";"-";"Ocupantes de automóvel";NA;1;NA;6;2;1;1;3;6;8;8;1;2;4;6;4;4;4;5;2;2;1;1;2;NA
21;"MA";2101509;"210150";"Barão de Grajaú";"Não";"-";"Ocupantes de automóvel";NA;NA;NA;NA;NA;NA;NA;1;1;2;NA;NA;1;2;4;1;NA;NA;NA;NA;NA;NA;NA;1;NA
21;"MA";2101608;"210160";"Barra do Corda";"Não";"-";"Ocupantes de automóvel";NA;2;1;NA;NA;1;NA;NA;NA;2;NA;1;1;1;6;2;3;1;NA;1;NA;1;NA;2;NA
21;"MA";2101707;"210170";"Barreirinhas";"Não";"-";"Ocupantes de automóvel";NA;NA;NA;NA;NA;1;NA;NA;NA;NA;NA;NA;NA;1;1;2;2;2;1;NA;NA;NA;NA;NA;NA
21;"MA";2101772;"210177";"Bela Vista do Maranhão";"Não";"-";"Ocupantes de automóvel";NA;NA;NA;NA;NA;NA;NA;NA;NA;NA;NA;NA;1;NA;NA;NA;NA;NA;NA;NA;1;NA;NA;NA;NA
21;"MA";2101806;"210180";"Benedito Leite";"Não";"-";"Ocupantes de automóvel";NA;NA;NA;NA;NA;NA;NA;NA;NA;NA;NA;NA;NA;NA;NA;NA;NA;NA;3;NA;NA;NA;NA;NA;NA
21;"MA";2101905;"210190";"Bequimão";"Não";"-";"Ocupantes de automóvel";NA;NA;NA;NA;NA;NA;NA;NA;NA;NA;NA;NA;NA;NA;2;NA;NA;NA;NA;NA;NA;NA;1;NA;NA
21;"MA";2101970;"210197";"Boa Vista do Gurupi";"Não";"-";"Ocupantes de automóvel";NA;NA;NA;NA;NA;NA;NA;NA;NA;NA;NA;1;NA;NA;NA;NA;NA;NA;NA;NA;NA;NA;NA;NA;NA
21;"MA";2102002;"210200";"Bom Jardim";"Não";"-";"Ocupantes de automóvel";1;NA;1;NA;NA;NA;1;NA;1;NA;NA;2;2;4;NA;1;NA;1;NA;NA;NA;NA;NA;1;NA
21;"MA";2102036;"210203";"Bom Jesus das Selvas";"Não";"-";"Ocupantes de automóvel";1;1;6;5;NA;3;NA;5;3;NA;NA;NA;NA;2;7;4;2;1;1;1;NA;2;2;NA;NA
21;"MA";2102077;"210207";"Bom Lugar";"Não";"-";"Ocupantes de automóvel";NA;NA;NA;NA;NA;NA;NA;NA;NA;NA;NA;NA;NA;NA;NA;NA;NA;NA;NA;NA;NA;NA;NA;NA;NA
21;"MA";2102101;"210210";"Brejo";"Não";"-";"Ocupantes de automóvel";NA;NA;NA;NA;NA;NA;NA;NA;NA;NA;NA;NA;1;1;1;NA;NA;NA;NA;NA;NA;1;1;NA;NA
21;"MA";2102200;"210220";"Buriti";"Não";"-";"Ocupantes de automóvel";NA;NA;NA;NA;NA;NA;NA;NA;1;NA;NA;NA;NA;NA;1;NA;NA;NA;NA;NA;NA;NA;NA;NA;NA
21;"MA";2102309;"210230";"Buriti Bravo";"Não";"-";"Ocupantes de automóvel";1;NA;NA;NA;1;NA;NA;NA;NA;NA;NA;1;NA;2;NA;NA;NA;NA;NA;NA;NA;NA;NA;NA;NA
21;"MA";2102325;"210232";"Buriticupu";"Não";"-";"Ocupantes de automóvel";4;6;12;14;16;15;3;11;13;12;8;12;13;9;9;5;NA;3;2;5;3;2;9;5;NA
21;"MA";2102358;"210235";"Buritirana";"Não";"Região Metropolitana do Sudoeste Maranhense";"Ocupantes de automóvel";NA;NA;NA;NA;NA;NA;NA;NA;NA;NA;NA;NA;NA;NA;NA;NA;NA;NA;NA;NA;NA;NA;NA;NA;NA
21;"MA";2102556;"210255";"Campestre do Maranhão";"Não";"Região Metropolitana do Sudoeste Maranhense";"Ocupantes de automóvel";NA;NA;NA;NA;NA;NA;NA;NA;NA;NA;NA;NA;NA;NA;1;NA;NA;NA;NA;NA;NA;NA;3;1;NA
21;"MA";2102705;"210270";"Cantanhede";"Não";"-";"Ocupantes de automóvel";NA;NA;NA;NA;NA;NA;NA;NA;1;NA;NA;NA;1;NA;NA;NA;NA;NA;NA;NA;NA;1;NA;NA;NA
21;"MA";2102754;"210275";"Capinzal do Norte";"Não";"-";"Ocupantes de automóvel";NA;NA;NA;NA;NA;NA;NA;NA;1;1;3;NA;NA;NA;1;NA;NA;NA;NA;NA;NA;NA;NA;NA;NA
21;"MA";2102804;"210280";"Carolina";"Não";"Região Metropolitana do Sudoeste Maranhense";"Ocupantes de automóvel";NA;NA;NA;NA;NA;1;NA;NA;1;NA;NA;NA;2;1;NA;NA;2;NA;1;NA;NA;NA;1;NA;NA
21;"MA";2102903;"210290";"Carutapera";"Não";"-";"Ocupantes de automóvel";NA;NA;NA;NA;NA;NA;NA;NA;NA;NA;NA;NA;NA;NA;NA;NA;1;NA;NA;NA;NA;NA;NA;NA;NA
21;"MA";2103000;"210300";"Caxias";"Não";"Região Metropolitana da Zona Leste do Estado do Maranhão";"Ocupantes de automóvel";1;NA;NA;1;NA;1;NA;NA;1;1;1;4;3;5;7;4;5;2;6;7;1;3;9;1;NA
21;"MA";2103125;"210312";"Central do Maranhão";"Não";"-";"Ocupantes de automóvel";NA;NA;1;NA;NA;NA;NA;NA;NA;NA;NA;NA;NA;NA;NA;NA;NA;NA;NA;NA;NA;NA;2;NA;NA
21;"MA";2103158;"210315";"Centro do Guilherme";"Não";"-";"Ocupantes de automóvel";NA;NA;1;NA;NA;NA;NA;NA;NA;NA;NA;NA;NA;NA;NA;NA;NA;NA;1;NA;NA;NA;NA;NA;NA
21;"MA";2103174;"210317";"Centro Novo do Maranhão";"Não";"-";"Ocupantes de automóvel";NA;NA;NA;NA;NA;NA;NA;NA;NA;NA;NA;NA;NA;NA;1;NA;NA;NA;NA;NA;NA;NA;NA;NA;NA
21;"MA";2103208;"210320";"Chapadinha";"Não";"-";"Ocupantes de automóvel";NA;1;NA;NA;NA;NA;1;NA;1;NA;NA;NA;NA;NA;NA;2;2;NA;1;NA;NA;NA;4;NA;NA
21;"MA";2103257;"210325";"Cidelândia";"Não";"Região Metropolitana do Sudoeste Maranhense";"Ocupantes de automóvel";NA;NA;1;NA;NA;NA;NA;NA;1;NA;NA;NA;NA;NA;1;1;NA;NA;NA;3;NA;NA;NA;1;NA
21;"MA";2103307;"210330";"Codó";"Não";"Região Metropolitana da Zona Leste do Estado do Maranhão";"Ocupantes de automóvel";2;1;1;1;2;NA;NA;NA;NA;NA;1;2;NA;1;5;NA;1;1;NA;NA;1;1;1;1;NA
21;"MA";2103406;"210340";"Coelho Neto";"Não";"-";"Ocupantes de automóvel";NA;NA;NA;NA;NA;NA;NA;NA;NA;NA;NA;NA;NA;2;1;2;NA;2;1;1;NA;NA;NA;NA;NA
21;"MA";2103505;"210350";"Colinas";"Não";"-";"Ocupantes de automóvel";NA;1;2;2;1;1;1;NA;NA;1;NA;3;2;1;2;3;NA;1;NA;NA;1;NA;NA;NA;NA
21;"MA";2103604;"210360";"Coroatá";"Não";"-";"Ocupantes de automóvel";NA;NA;1;NA;1;NA;NA;NA;NA;NA;NA;1;NA;2;2;6;2;1;NA;1;NA;NA;NA;NA;NA
21;"MA";2103703;"210370";"Cururupu";"Não";"-";"Ocupantes de automóvel";NA;NA;NA;NA;NA;NA;1;NA;NA;2;3;9;1;3;2;1;NA;NA;NA;1;NA;1;1;NA;NA
21;"MA";2103752;"210375";"Davinópolis";"Não";"Região Metropolitana do Sudoeste Maranhense";"Ocupantes de automóvel";NA;NA;NA;NA;NA;NA;1;NA;NA;NA;NA;NA;NA;NA;NA;NA;NA;NA;NA;NA;NA;NA;NA;NA;NA
21;"MA";2103802;"210380";"Dom Pedro";"Não";"-";"Ocupantes de automóvel";NA;1;NA;2;1;NA;1;NA;NA;2;NA;1;NA;NA;1;NA;NA;1;NA;NA;NA;NA;2;1;NA
21;"MA";2103901;"210390";"Duque Bacelar";"Não";"-";"Ocupantes de automóvel";NA;NA;NA;NA;NA;NA;NA;NA;NA;NA;NA;NA;NA;NA;NA;NA;NA;NA;NA;NA;NA;NA;NA;NA;NA
21;"MA";2104008;"210400";"Esperantinópolis";"Não";"-";"Ocupantes de automóvel";NA;NA;NA;NA;NA;NA;NA;NA;NA;NA;NA;NA;NA;NA;NA;NA;NA;NA;NA;NA;NA;NA;NA;NA;NA
21;"MA";2104057;"210405";"Estreito";"Não";"Região Metropolitana do Sudoeste Maranhense";"Ocupantes de automóvel";NA;1;4;NA;2;1;NA;NA;NA;2;NA;NA;1;NA;NA;1;1;NA;3;NA;NA;NA;NA;1;NA
21;"MA";2104073;"210407";"Feira Nova do Maranhão";"Não";"-";"Ocupantes de automóvel";NA;NA;NA;NA;NA;NA;NA;NA;2;NA;NA;NA;NA;NA;NA;NA;NA;1;NA;NA;NA;NA;NA;NA;NA
21;"MA";2104081;"210408";"Fernando Falcão";"Não";"-";"Ocupantes de automóvel";NA;NA;NA;NA;NA;NA;NA;NA;NA;NA;1;NA;NA;NA;NA;NA;NA;NA;NA;NA;NA;NA;NA;NA;NA
21;"MA";2104099;"210409";"Formosa da Serra Negra";"Não";"-";"Ocupantes de automóvel";NA;NA;NA;NA;NA;NA;NA;NA;NA;NA;NA;NA;NA;4;NA;NA;NA;NA;NA;NA;NA;NA;NA;NA;NA
21;"MA";2104107;"210410";"Fortaleza dos Nogueiras";"Não";"-";"Ocupantes de automóvel";NA;NA;NA;NA;NA;NA;NA;NA;NA;NA;NA;NA;NA;2;NA;1;1;NA;1;NA;2;NA;NA;NA;NA
21;"MA";2104206;"210420";"Fortuna";"Não";"-";"Ocupantes de automóvel";NA;1;NA;NA;NA;NA;NA;NA;NA;NA;NA;NA;NA;NA;NA;NA;NA;4;NA;NA;NA;NA;NA;NA;NA
21;"MA";2104305;"210430";"Godofredo Viana";"Não";"-";"Ocupantes de automóvel";NA;NA;NA;NA;NA;1;NA;NA;NA;NA;NA;NA;1;NA;NA;NA;NA;NA;NA;NA;NA;NA;NA;NA;NA
21;"MA";2104404;"210440";"Gonçalves Dias";"Não";"-";"Ocupantes de automóvel";NA;NA;NA;NA;NA;NA;NA;NA;NA;NA;NA;NA;NA;NA;NA;1;NA;NA;NA;NA;NA;NA;NA;NA;NA
21;"MA";2104503;"210450";"Governador Archer";"Não";"-";"Ocupantes de automóvel";NA;NA;NA;NA;NA;NA;NA;NA;NA;NA;1;NA;NA;NA;NA;NA;NA;NA;1;NA;NA;NA;NA;NA;NA
21;"MA";2104552;"210455";"Governador Edison Lobão";"Não";"Região Metropolitana do Sudoeste Maranhense";"Ocupantes de automóvel";NA;NA;NA;NA;1;NA;NA;NA;NA;NA;1;NA;NA;1;2;NA;NA;NA;2;NA;1;NA;NA;1;NA
21;"MA";2104602;"210460";"Governador Eugênio Barros";"Não";"-";"Ocupantes de automóvel";NA;NA;3;NA;NA;NA;NA;NA;NA;NA;NA;NA;NA;NA;NA;1;NA;2;NA;NA;NA;NA;NA;NA;NA
21;"MA";2104651;"210465";"Governador Newton Bello";"Não";"-";"Ocupantes de automóvel";NA;NA;NA;NA;NA;NA;NA;NA;1;NA;NA;NA;NA;NA;NA;NA;NA;NA;NA;NA;NA;NA;NA;NA;NA
21;"MA";2104677;"210467";"Governador Nunes Freire";"Não";"-";"Ocupantes de automóvel";1;1;NA;NA;1;NA;4;1;3;1;NA;3;3;2;2;2;2;NA;1;1;1;NA;1;NA;NA
21;"MA";2104701;"210470";"Graça Aranha";"Não";"-";"Ocupantes de automóvel";NA;NA;NA;NA;NA;NA;NA;NA;NA;NA;NA;NA;NA;1;NA;NA;NA;NA;NA;NA;NA;NA;NA;NA;NA
21;"MA";2104800;"210480";"Grajaú";"Não";"-";"Ocupantes de automóvel";NA;1;3;2;4;1;NA;1;11;6;8;6;2;1;1;4;1;1;2;2;1;2;2;5;NA
21;"MA";2104909;"210490";"Guimarães";"Não";"-";"Ocupantes de automóvel";NA;2;NA;NA;NA;1;NA;NA;NA;NA;NA;NA;1;NA;NA;NA;NA;NA;1;NA;NA;NA;NA;NA;NA
21;"MA";2105005;"210500";"Humberto de Campos";"Não";"-";"Ocupantes de automóvel";NA;NA;NA;NA;NA;NA;1;NA;NA;NA;NA;NA;3;3;2;1;1;1;NA;NA;1;NA;NA;NA;NA
21;"MA";2105104;"210510";"Icatu";"Não";"Região Metropolitana da Grande São Luís";"Ocupantes de automóvel";1;NA;NA;NA;NA;NA;NA;NA;NA;NA;NA;NA;NA;NA;NA;NA;NA;NA;NA;1;NA;NA;NA;NA;NA
21;"MA";2105153;"210515";"Igarapé do Meio";"Não";"-";"Ocupantes de automóvel";NA;NA;NA;NA;NA;NA;1;NA;NA;1;NA;NA;NA;1;NA;NA;NA;NA;NA;NA;NA;NA;NA;1;NA
21;"MA";2105203;"210520";"Igarapé Grande";"Não";"-";"Ocupantes de automóvel";NA;1;1;NA;NA;NA;NA;1;NA;NA;NA;NA;NA;NA;NA;NA;NA;NA;NA;NA;NA;NA;NA;NA;NA
21;"MA";2105302;"210530";"Imperatriz";"Não";"Região Metropolitana do Sudoeste Maranhense";"Ocupantes de automóvel";NA;5;7;7;6;9;20;12;1;8;9;12;19;9;19;11;19;9;8;11;7;4;11;11;NA
21;"MA";2105401;"210540";"Itapecuru Mirim";"Não";"-";"Ocupantes de automóvel";NA;NA;2;NA;NA;NA;2;7;NA;NA;4;NA;1;NA;1;NA;NA;NA;1;NA;NA;NA;NA;2;NA
21;"MA";2105427;"210542";"Itinga do Maranhão";"Não";"Região Metropolitana do Sudoeste Maranhense";"Ocupantes de automóvel";NA;NA;NA;2;NA;NA;2;NA;NA;1;1;1;1;2;4;2;2;NA;NA;NA;1;NA;NA;3;NA
21;"MA";2105450;"210545";"Jatobá";"Não";"-";"Ocupantes de automóvel";NA;NA;1;NA;NA;NA;NA;NA;NA;NA;NA;NA;NA;1;NA;NA;NA;NA;NA;NA;NA;1;NA;NA;NA
21;"MA";2105476;"210547";"Jenipapo dos Vieiras";"Não";"-";"Ocupantes de automóvel";NA;NA;NA;NA;NA;NA;NA;NA;NA;NA;NA;NA;NA;NA;NA;NA;NA;NA;NA;NA;NA;NA;NA;NA;NA
21;"MA";2105500;"210550";"João Lisboa";"Não";"Região Metropolitana do Sudoeste Maranhense";"Ocupantes de automóvel";NA;NA;NA;NA;NA;NA;NA;NA;NA;NA;NA;NA;NA;1;1;2;NA;NA;1;NA;NA;NA;NA;NA;NA
21;"MA";2105609;"210560";"Joselândia";"Não";"-";"Ocupantes de automóvel";NA;NA;NA;NA;NA;NA;NA;NA;NA;1;NA;NA;1;NA;NA;NA;NA;NA;1;NA;NA;NA;NA;NA;NA
21;"MA";2105658;"210565";"Junco do Maranhão";"Não";"-";"Ocupantes de automóvel";NA;NA;1;NA;NA;NA;NA;NA;NA;2;NA;NA;NA;1;NA;NA;NA;NA;NA;NA;NA;NA;NA;NA;NA
21;"MA";2105708;"210570";"Lago da Pedra";"Não";"-";"Ocupantes de automóvel";NA;1;NA;NA;1;2;NA;NA;NA;NA;NA;NA;NA;1;NA;NA;1;NA;NA;NA;NA;NA;NA;NA;NA
21;"MA";2105906;"210590";"Lago Verde";"Não";"-";"Ocupantes de automóvel";NA;NA;NA;NA;NA;NA;NA;NA;NA;1;NA;NA;NA;NA;NA;NA;NA;NA;NA;NA;NA;NA;NA;NA;NA
21;"MA";2105922;"210592";"Lagoa do Mato";"Não";"-";"Ocupantes de automóvel";NA;NA;NA;NA;NA;NA;NA;NA;NA;NA;NA;1;NA;NA;NA;NA;NA;NA;NA;NA;NA;1;NA;NA;NA
21;"MA";2105989;"210598";"Lajeado Novo";"Não";"Região Metropolitana do Sudoeste Maranhense";"Ocupantes de automóvel";NA;NA;NA;NA;NA;NA;NA;NA;NA;1;NA;1;1;1;NA;1;NA;NA;NA;NA;NA;1;1;NA;NA
21;"MA";2106003;"210600";"Lima Campos";"Não";"-";"Ocupantes de automóvel";NA;NA;NA;NA;NA;NA;NA;NA;NA;NA;4;1;2;NA;NA;NA;NA;NA;NA;1;NA;NA;NA;NA;NA
21;"MA";2106102;"210610";"Loreto";"Não";"-";"Ocupantes de automóvel";NA;NA;NA;NA;1;NA;1;NA;1;1;NA;NA;NA;NA;NA;NA;NA;NA;NA;1;NA;NA;NA;NA;NA
21;"MA";2106201;"210620";"Luís Domingues";"Não";"-";"Ocupantes de automóvel";NA;NA;NA;NA;NA;NA;NA;1;NA;NA;NA;NA;NA;NA;NA;NA;NA;NA;NA;NA;NA;NA;NA;NA;NA
21;"MA";2106359;"210635";"Marajá do Sena";"Não";"-";"Ocupantes de automóvel";NA;NA;NA;NA;NA;NA;NA;1;NA;NA;NA;NA;NA;NA;NA;NA;NA;NA;NA;1;NA;NA;NA;NA;NA
21;"MA";2106375;"210637";"Maranhãozinho";"Não";"-";"Ocupantes de automóvel";NA;NA;NA;NA;1;NA;1;NA;NA;NA;NA;NA;NA;NA;NA;NA;NA;NA;NA;NA;NA;NA;NA;NA;NA
21;"MA";2106409;"210640";"Mata Roma";"Não";"-";"Ocupantes de automóvel";NA;NA;NA;NA;NA;1;NA;NA;NA;NA;NA;NA;NA;NA;NA;1;NA;NA;NA;NA;NA;NA;NA;NA;NA
21;"MA";2106508;"210650";"Matinha";"Não";"-";"Ocupantes de automóvel";NA;NA;NA;NA;NA;NA;NA;NA;NA;NA;1;NA;1;1;NA;NA;NA;NA;NA;NA;NA;NA;NA;NA;NA
21;"MA";2106607;"210660";"Matões";"Não";"Região Metropolitana da Zona Leste do Estado do Maranhão";"Ocupantes de automóvel";NA;NA;NA;NA;NA;NA;NA;NA;3;NA;NA;1;NA;NA;NA;NA;NA;NA;NA;NA;NA;NA;NA;1;NA
21;"MA";2106631;"210663";"Matões do Norte";"Não";"-";"Ocupantes de automóvel";NA;NA;1;NA;NA;5;NA;NA;1;1;NA;NA;NA;NA;NA;NA;NA;1;NA;NA;NA;1;NA;NA;NA
21;"MA";2106672;"210667";"Milagres do Maranhão";"Não";"-";"Ocupantes de automóvel";NA;NA;NA;NA;NA;NA;2;NA;NA;NA;NA;NA;NA;NA;NA;NA;NA;NA;NA;NA;NA;NA;NA;NA;NA
21;"MA";2106706;"210670";"Mirador";"Não";"-";"Ocupantes de automóvel";1;NA;NA;NA;NA;NA;NA;1;NA;NA;NA;NA;NA;NA;NA;NA;NA;NA;1;1;1;NA;NA;NA;NA
21;"MA";2106755;"210675";"Miranda do Norte";"Não";"-";"Ocupantes de automóvel";1;NA;NA;NA;NA;NA;NA;NA;NA;1;NA;4;1;2;NA;NA;2;NA;NA;1;NA;1;NA;1;NA
21;"MA";2106805;"210680";"Mirinzal";"Não";"-";"Ocupantes de automóvel";NA;NA;NA;NA;NA;NA;NA;NA;NA;NA;NA;NA;NA;NA;NA;NA;NA;1;NA;NA;NA;NA;NA;NA;NA
21;"MA";2106904;"210690";"Monção";"Não";"-";"Ocupantes de automóvel";NA;NA;NA;NA;NA;NA;NA;NA;1;NA;NA;NA;NA;NA;NA;NA;NA;NA;NA;NA;NA;1;NA;NA;NA
21;"MA";2107001;"210700";"Montes Altos";"Não";"Região Metropolitana do Sudoeste Maranhense";"Ocupantes de automóvel";NA;NA;NA;NA;NA;NA;NA;NA;NA;NA;NA;3;NA;NA;NA;1;NA;NA;NA;NA;NA;NA;NA;NA;NA
21;"MA";2107100;"210710";"Morros";"Não";"Região Metropolitana da Grande São Luís";"Ocupantes de automóvel";2;NA;NA;NA;NA;NA;1;NA;1;1;NA;NA;NA;1;NA;NA;NA;NA;NA;NA;NA;NA;NA;NA;NA
21;"MA";2107258;"210725";"Nova Colinas";"Não";"-";"Ocupantes de automóvel";NA;NA;NA;NA;NA;NA;NA;NA;NA;NA;NA;NA;NA;NA;NA;NA;NA;NA;NA;1;NA;1;NA;NA;NA
21;"MA";2107357;"210735";"Nova Olinda do Maranhão";"Não";"-";"Ocupantes de automóvel";NA;NA;NA;NA;NA;NA;NA;1;NA;NA;NA;1;1;NA;NA;NA;NA;NA;NA;NA;NA;NA;NA;NA;NA
21;"MA";2107407;"210740";"Olho d'Água das Cunhãs";"Não";"-";"Ocupantes de automóvel";NA;NA;NA;NA;NA;NA;NA;NA;NA;NA;NA;NA;NA;NA;NA;1;NA;NA;1;NA;NA;NA;NA;NA;NA
21;"MA";2107456;"210745";"Olinda Nova do Maranhão";"Não";"-";"Ocupantes de automóvel";NA;NA;NA;NA;NA;NA;NA;NA;NA;NA;NA;NA;NA;NA;NA;NA;NA;NA;NA;NA;NA;NA;NA;NA;NA
21;"MA";2107506;"210750";"Paço do Lumiar";"Não";"Região Metropolitana da Grande São Luís";"Ocupantes de automóvel";NA;NA;NA;NA;NA;NA;NA;NA;NA;NA;NA;2;NA;NA;NA;NA;1;NA;NA;NA;NA;NA;NA;NA;NA
21;"MA";2107605;"210760";"Palmeirândia";"Não";"-";"Ocupantes de automóvel";NA;NA;NA;NA;NA;NA;1;NA;1;2;NA;NA;NA;NA;NA;NA;NA;NA;1;NA;NA;NA;NA;NA;NA
21;"MA";2107704;"210770";"Paraibano";"Não";"-";"Ocupantes de automóvel";1;2;NA;NA;NA;NA;NA;NA;1;1;1;1;NA;NA;2;NA;1;NA;NA;1;NA;1;NA;NA;NA
21;"MA";2107803;"210780";"Parnarama";"Não";"Região Metropolitana da Zona Leste do Estado do Maranhão";"Ocupantes de automóvel";NA;NA;NA;NA;NA;NA;NA;2;3;1;NA;NA;NA;NA;NA;NA;NA;NA;NA;NA;NA;NA;NA;NA;NA
21;"MA";2107902;"210790";"Passagem Franca";"Não";"-";"Ocupantes de automóvel";1;NA;NA;NA;NA;NA;1;NA;NA;NA;NA;NA;1;NA;NA;2;NA;1;NA;NA;NA;NA;2;NA;NA
21;"MA";2108009;"210800";"Pastos Bons";"Não";"-";"Ocupantes de automóvel";NA;2;NA;2;NA;NA;NA;1;NA;1;NA;1;1;1;NA;NA;NA;1;NA;NA;NA;NA;NA;NA;NA
21;"MA";2108058;"210805";"Paulino Neves";"Não";"-";"Ocupantes de automóvel";NA;NA;NA;NA;NA;NA;NA;NA;NA;NA;NA;1;NA;NA;NA;NA;NA;NA;NA;NA;NA;NA;NA;NA;NA
21;"MA";2108108;"210810";"Paulo Ramos";"Não";"-";"Ocupantes de automóvel";NA;NA;NA;NA;NA;NA;NA;NA;NA;NA;NA;NA;NA;1;NA;NA;1;NA;NA;NA;NA;NA;NA;NA;NA
21;"MA";2108207;"210820";"Pedreiras";"Não";"-";"Ocupantes de automóvel";2;NA;NA;NA;NA;NA;NA;NA;1;NA;NA;NA;NA;NA;NA;NA;NA;NA;NA;3;1;NA;NA;NA;NA
21;"MA";2108306;"210830";"Penalva";"Não";"-";"Ocupantes de automóvel";NA;NA;NA;NA;NA;NA;NA;NA;NA;NA;NA;NA;1;2;NA;NA;NA;NA;NA;NA;NA;NA;NA;NA;NA
21;"MA";2108405;"210840";"Peri Mirim";"Não";"-";"Ocupantes de automóvel";NA;NA;NA;NA;NA;NA;NA;NA;NA;NA;NA;NA;NA;NA;NA;NA;NA;NA;NA;NA;NA;1;NA;NA;NA
21;"MA";2108454;"210845";"Peritoró";"Não";"-";"Ocupantes de automóvel";NA;1;NA;NA;NA;NA;NA;1;NA;NA;NA;1;1;1;1;2;3;NA;NA;NA;NA;NA;NA;NA;NA
21;"MA";2108504;"210850";"Pindaré-Mirim";"Não";"-";"Ocupantes de automóvel";NA;NA;NA;1;NA;3;1;NA;NA;NA;NA;1;NA;NA;NA;NA;NA;1;NA;NA;NA;NA;NA;NA;NA
21;"MA";2108603;"210860";"Pinheiro";"Não";"-";"Ocupantes de automóvel";2;NA;NA;NA;NA;NA;4;NA;2;NA;1;1;1;1;1;1;2;1;4;NA;1;1;NA;NA;NA
21;"MA";2108702;"210870";"Pio XII";"Não";"-";"Ocupantes de automóvel";NA;NA;NA;NA;NA;NA;NA;1;1;NA;1;NA;1;NA;NA;NA;NA;1;NA;NA;NA;NA;NA;2;NA
21;"MA";2108801;"210880";"Pirapemas";"Não";"-";"Ocupantes de automóvel";NA;NA;NA;NA;NA;NA;NA;NA;NA;NA;NA;NA;NA;NA;NA;1;NA;NA;NA;NA;NA;NA;NA;NA;NA
21;"MA";2108900;"210890";"Poção de Pedras";"Não";"-";"Ocupantes de automóvel";NA;NA;NA;NA;NA;NA;NA;NA;NA;NA;NA;NA;NA;NA;NA;NA;NA;NA;NA;NA;NA;1;NA;NA;NA
21;"MA";2109007;"210900";"Porto Franco";"Não";"Região Metropolitana do Sudoeste Maranhense";"Ocupantes de automóvel";NA;NA;NA;NA;NA;NA;1;NA;NA;1;3;3;1;NA;6;NA;1;5;NA;1;2;NA;2;NA;NA
21;"MA";2109056;"210905";"Porto Rico do Maranhão";"Não";"-";"Ocupantes de automóvel";NA;NA;NA;NA;1;NA;NA;NA;NA;NA;NA;NA;NA;NA;NA;NA;NA;NA;NA;NA;NA;NA;NA;NA;NA
21;"MA";2109106;"210910";"Presidente Dutra";"Não";"-";"Ocupantes de automóvel";3;5;3;2;1;1;3;NA;3;NA;5;8;12;13;12;7;12;7;6;NA;NA;NA;NA;NA;NA
21;"MA";2109205;"210920";"Presidente Juscelino";"Não";"Região Metropolitana da Grande São Luís";"Ocupantes de automóvel";NA;NA;NA;NA;NA;NA;1;NA;NA;NA;NA;NA;NA;NA;NA;1;NA;NA;NA;NA;NA;NA;NA;NA;NA
21;"MA";2109239;"210923";"Presidente Médici";"Não";"-";"Ocupantes de automóvel";NA;NA;NA;NA;NA;NA;1;NA;NA;NA;1;NA;NA;1;NA;NA;NA;NA;NA;NA;NA;NA;NA;NA;NA
21;"MA";2109270;"210927";"Presidente Sarney";"Não";"-";"Ocupantes de automóvel";NA;NA;NA;NA;NA;NA;NA;NA;NA;NA;NA;NA;NA;NA;NA;NA;NA;NA;NA;NA;NA;NA;NA;NA;NA
21;"MA";2109403;"210940";"Primeira Cruz";"Não";"-";"Ocupantes de automóvel";NA;NA;NA;NA;NA;NA;NA;NA;NA;1;NA;NA;NA;NA;NA;NA;NA;NA;NA;NA;NA;NA;1;NA;NA
21;"MA";2109452;"210945";"Raposa";"Não";"Região Metropolitana da Grande São Luís";"Ocupantes de automóvel";NA;NA;NA;NA;NA;NA;NA;NA;NA;NA;NA;NA;NA;NA;NA;NA;NA;2;1;NA;NA;NA;NA;NA;NA
21;"MA";2109502;"210950";"Riachão";"Não";"-";"Ocupantes de automóvel";NA;1;NA;NA;NA;NA;1;NA;2;1;NA;NA;NA;NA;1;NA;1;NA;NA;NA;1;6;NA;NA;NA
21;"MA";2109551;"210955";"Ribamar Fiquene";"Não";"Região Metropolitana do Sudoeste Maranhense";"Ocupantes de automóvel";NA;NA;NA;NA;NA;NA;NA;NA;NA;NA;NA;NA;NA;NA;2;1;NA;NA;NA;NA;1;NA;2;NA;NA
21;"MA";2109601;"210960";"Rosário";"Não";"Região Metropolitana da Grande São Luís";"Ocupantes de automóvel";NA;NA;NA;NA;1;NA;NA;NA;NA;NA;NA;NA;NA;1;NA;1;NA;NA;NA;1;NA;NA;NA;3;NA
21;"MA";2109700;"210970";"Sambaíba";"Não";"-";"Ocupantes de automóvel";NA;NA;NA;NA;NA;NA;NA;NA;NA;NA;NA;NA;NA;1;NA;NA;NA;NA;NA;NA;1;NA;NA;NA;NA
21;"MA";2109759;"210975";"Santa Filomena do Maranhão";"Não";"-";"Ocupantes de automóvel";NA;NA;NA;NA;NA;NA;NA;NA;NA;NA;NA;1;NA;NA;NA;NA;NA;NA;1;NA;NA;NA;NA;NA;NA
21;"MA";2109809;"210980";"Santa Helena";"Não";"-";"Ocupantes de automóvel";NA;NA;NA;NA;NA;NA;NA;NA;NA;NA;NA;NA;2;NA;1;1;NA;NA;NA;NA;NA;NA;NA;NA;NA
21;"MA";2109908;"210990";"Santa Inês";"Não";"-";"Ocupantes de automóvel";3;NA;3;4;6;4;6;5;10;7;7;13;11;7;13;4;6;2;1;1;NA;NA;NA;1;NA
21;"MA";2110005;"211000";"Santa Luzia";"Não";"-";"Ocupantes de automóvel";NA;1;2;NA;NA;3;1;6;1;6;4;NA;NA;NA;5;4;4;4;2;1;1;2;6;1;NA
21;"MA";2110039;"211003";"Santa Luzia do Paruá";"Não";"-";"Ocupantes de automóvel";NA;NA;NA;NA;NA;NA;NA;NA;NA;NA;NA;NA;NA;1;NA;NA;NA;1;1;1;NA;1;1;NA;NA
21;"MA";2110104;"211010";"Santa Quitéria do Maranhão";"Não";"-";"Ocupantes de automóvel";NA;NA;NA;NA;NA;NA;NA;1;1;NA;1;1;2;1;NA;NA;NA;NA;NA;NA;NA;NA;NA;1;NA
21;"MA";2110203;"211020";"Santa Rita";"Não";"Região Metropolitana da Grande São Luís";"Ocupantes de automóvel";NA;NA;NA;NA;NA;1;NA;NA;1;NA;5;NA;NA;NA;NA;NA;NA;NA;2;NA;NA;NA;NA;1;NA
21;"MA";2110237;"211023";"Santana do Maranhão";"Não";"-";"Ocupantes de automóvel";NA;NA;NA;NA;NA;NA;NA;NA;NA;NA;NA;NA;2;NA;NA;NA;NA;NA;NA;NA;NA;NA;NA;NA;NA
21;"MA";2110278;"211027";"Santo Amaro do Maranhão";"Não";"-";"Ocupantes de automóvel";NA;NA;NA;NA;NA;NA;NA;NA;NA;NA;3;NA;NA;NA;NA;NA;NA;NA;NA;NA;NA;NA;NA;NA;NA
21;"MA";2110302;"211030";"Santo Antônio dos Lopes";"Não";"-";"Ocupantes de automóvel";1;2;NA;NA;1;NA;NA;NA;NA;NA;NA;NA;NA;NA;NA;NA;NA;NA;1;NA;NA;NA;NA;NA;NA
21;"MA";2110401;"211040";"São Benedito do Rio Preto";"Não";"-";"Ocupantes de automóvel";NA;NA;NA;NA;NA;NA;NA;NA;NA;NA;1;NA;NA;NA;NA;NA;NA;NA;NA;NA;NA;NA;1;NA;NA
21;"MA";2110500;"211050";"São Bento";"Não";"-";"Ocupantes de automóvel";NA;NA;NA;NA;NA;NA;NA;NA;4;3;1;2;1;NA;NA;NA;NA;NA;NA;NA;NA;NA;NA;NA;NA
21;"MA";2110609;"211060";"São Bernardo";"Não";"-";"Ocupantes de automóvel";8;NA;NA;NA;NA;NA;NA;NA;NA;NA;1;1;NA;NA;1;NA;NA;NA;NA;NA;NA;NA;NA;NA;NA
21;"MA";2110658;"211065";"São Domingos do Azeitão";"Não";"-";"Ocupantes de automóvel";NA;NA;NA;NA;NA;NA;NA;NA;NA;NA;NA;NA;NA;1;NA;NA;4;NA;NA;NA;NA;1;NA;1;NA
21;"MA";2110708;"211070";"São Domingos do Maranhão";"Não";"-";"Ocupantes de automóvel";NA;NA;1;NA;NA;NA;NA;NA;NA;NA;1;1;NA;NA;NA;1;NA;NA;NA;NA;NA;NA;NA;NA;NA
21;"MA";2110807;"211080";"São Félix de Balsas";"Não";"-";"Ocupantes de automóvel";NA;NA;NA;NA;NA;NA;NA;NA;1;NA;NA;NA;NA;NA;NA;NA;NA;NA;NA;NA;NA;NA;NA;NA;NA
21;"MA";2110856;"211085";"São Francisco do Brejão";"Não";"Região Metropolitana do Sudoeste Maranhense";"Ocupantes de automóvel";NA;NA;1;NA;NA;NA;NA;1;NA;NA;NA;NA;NA;NA;NA;2;1;NA;NA;NA;NA;NA;NA;NA;NA
21;"MA";2111052;"211105";"São João do Paraíso";"Não";"Região Metropolitana do Sudoeste Maranhense";"Ocupantes de automóvel";NA;NA;NA;NA;1;NA;NA;1;NA;NA;NA;NA;NA;NA;NA;NA;NA;NA;1;NA;NA;NA;NA;NA;NA
21;"MA";2111078;"211107";"São João do Soter";"Não";"Região Metropolitana da Zona Leste do Estado do Maranhão";"Ocupantes de automóvel";NA;NA;NA;NA;NA;NA;NA;NA;NA;NA;NA;1;NA;NA;NA;NA;NA;NA;NA;NA;NA;NA;NA;NA;NA
21;"MA";2111102;"211110";"São João dos Patos";"Não";"-";"Ocupantes de automóvel";NA;NA;NA;NA;NA;1;1;NA;NA;1;2;3;1;NA;5;4;NA;NA;NA;2;NA;2;NA;NA;NA
21;"MA";2111201;"211120";"São José de Ribamar";"Não";"Região Metropolitana da Grande São Luís";"Ocupantes de automóvel";NA;1;NA;2;NA;NA;NA;NA;NA;NA;1;NA;2;NA;NA;NA;NA;2;NA;NA;NA;NA;NA;NA;NA
21;"MA";2111250;"211125";"São José dos Basílios";"Não";"-";"Ocupantes de automóvel";1;NA;NA;NA;NA;NA;NA;NA;NA;NA;NA;NA;NA;NA;NA;NA;NA;NA;1;NA;NA;NA;NA;NA;NA
21;"MA";2111300;"211130";"São Luís";"Sim";"Região Metropolitana da Grande São Luís";"Ocupantes de automóvel";24;27;11;10;7;9;10;17;12;16;20;27;27;21;17;13;12;19;3;5;7;8;7;15;NA
21;"MA";2111409;"211140";"São Luís Gonzaga do Maranhão";"Não";"-";"Ocupantes de automóvel";NA;NA;NA;NA;NA;NA;NA;NA;NA;1;NA;2;1;NA;NA;NA;NA;NA;NA;NA;1;NA;NA;NA;NA
21;"MA";2111508;"211150";"São Mateus do Maranhão";"Não";"-";"Ocupantes de automóvel";1;1;NA;NA;NA;NA;NA;NA;NA;NA;NA;NA;NA;2;2;3;NA;2;2;1;1;NA;NA;NA;NA
21;"MA";2111532;"211153";"São Pedro da Água Branca";"Não";"Região Metropolitana do Sudoeste Maranhense";"Ocupantes de automóvel";NA;NA;NA;NA;NA;NA;2;NA;NA;NA;NA;NA;NA;NA;NA;1;NA;1;NA;NA;NA;NA;NA;NA;NA
21;"MA";2111607;"211160";"São Raimundo das Mangabeiras";"Não";"-";"Ocupantes de automóvel";1;1;NA;1;1;NA;NA;NA;3;NA;1;2;NA;2;NA;NA;2;NA;1;NA;NA;NA;NA;1;NA
21;"MA";2111631;"211163";"São Raimundo do Doca Bezerra";"Não";"-";"Ocupantes de automóvel";NA;NA;NA;NA;NA;NA;NA;NA;NA;NA;NA;NA;NA;NA;NA;NA;2;NA;1;NA;NA;NA;NA;NA;NA
21;"MA";2111706;"211170";"São Vicente Ferrer";"Não";"-";"Ocupantes de automóvel";NA;NA;NA;NA;NA;NA;NA;NA;NA;NA;1;NA;NA;1;NA;2;NA;NA;1;NA;NA;NA;NA;NA;NA
21;"MA";2111748;"211174";"Senador Alexandre Costa";"Não";"-";"Ocupantes de automóvel";NA;NA;NA;NA;NA;NA;NA;NA;NA;NA;NA;NA;1;NA;NA;NA;NA;2;NA;NA;1;NA;4;1;NA
21;"MA";2111763;"211176";"Senador La Rocque";"Não";"Região Metropolitana do Sudoeste Maranhense";"Ocupantes de automóvel";NA;NA;NA;NA;NA;NA;NA;NA;NA;NA;NA;NA;NA;NA;NA;NA;NA;NA;1;NA;NA;NA;NA;NA;NA
21;"MA";2111789;"211178";"Serrano do Maranhão";"Não";"-";"Ocupantes de automóvel";NA;NA;NA;NA;NA;NA;NA;NA;NA;NA;NA;1;NA;1;NA;NA;NA;NA;NA;NA;NA;NA;NA;NA;NA
21;"MA";2111805;"211180";"Sítio Novo";"Não";"Região Metropolitana do Sudoeste Maranhense";"Ocupantes de automóvel";NA;NA;NA;NA;NA;NA;NA;NA;NA;NA;NA;NA;NA;2;1;NA;NA;NA;NA;NA;NA;1;4;2;NA
21;"MA";2111904;"211190";"Sucupira do Norte";"Não";"-";"Ocupantes de automóvel";NA;NA;NA;NA;NA;NA;NA;NA;NA;NA;NA;NA;NA;NA;NA;1;NA;NA;NA;NA;NA;NA;NA;NA;NA
21;"MA";2111953;"211195";"Sucupira do Riachão";"Não";"-";"Ocupantes de automóvel";NA;NA;NA;NA;1;NA;NA;NA;NA;NA;1;NA;NA;NA;NA;NA;NA;NA;NA;NA;NA;NA;NA;NA;NA
21;"MA";2112001;"211200";"Tasso Fragoso";"Não";"-";"Ocupantes de automóvel";NA;NA;NA;NA;NA;1;NA;NA;NA;NA;NA;NA;1;NA;2;NA;NA;NA;NA;NA;NA;NA;NA;NA;NA
21;"MA";2112100;"211210";"Timbiras";"Não";"-";"Ocupantes de automóvel";NA;NA;NA;NA;NA;NA;NA;NA;NA;NA;NA;NA;NA;NA;NA;NA;NA;NA;NA;NA;NA;1;NA;NA;NA
21;"MA";2112209;"211220";"Timon";"Não";"Região Integrada de Desenvolvimento da Grande Teresina";"Ocupantes de automóvel";NA;NA;NA;1;NA;NA;1;2;2;NA;NA;2;1;10;3;4;1;4;2;3;6;4;3;2;NA
21;"MA";2112233;"211223";"Trizidela do Vale";"Não";"-";"Ocupantes de automóvel";NA;NA;NA;NA;NA;NA;NA;NA;NA;NA;NA;NA;NA;NA;NA;1;NA;NA;NA;NA;NA;1;NA;1;NA
21;"MA";2112274;"211227";"Tufilândia";"Não";"-";"Ocupantes de automóvel";NA;NA;NA;NA;NA;NA;NA;NA;NA;NA;NA;NA;NA;NA;NA;NA;1;NA;NA;NA;NA;NA;NA;NA;NA
21;"MA";2112308;"211230";"Tuntum";"Não";"-";"Ocupantes de automóvel";NA;NA;NA;NA;1;1;NA;NA;NA;NA;NA;NA;NA;NA;1;4;NA;NA;NA;2;NA;NA;NA;NA;NA
21;"MA";2112407;"211240";"Turiaçu";"Não";"-";"Ocupantes de automóvel";NA;NA;NA;3;1;NA;NA;1;NA;NA;NA;NA;NA;1;NA;NA;NA;NA;NA;1;NA;NA;NA;NA;NA
21;"MA";2112456;"211245";"Turilândia";"Não";"-";"Ocupantes de automóvel";NA;NA;NA;NA;1;NA;NA;NA;NA;NA;NA;NA;NA;1;NA;NA;1;NA;NA;NA;NA;NA;NA;NA;NA
21;"MA";2112506;"211250";"Tutóia";"Não";"-";"Ocupantes de automóvel";NA;1;1;NA;NA;1;NA;NA;NA;NA;2;NA;NA;2;NA;NA;3;NA;NA;NA;NA;NA;NA;1;NA
21;"MA";2112605;"211260";"Urbano Santos";"Não";"-";"Ocupantes de automóvel";NA;NA;NA;NA;1;NA;NA;NA;NA;NA;NA;NA;NA;NA;NA;NA;NA;NA;NA;1;1;NA;NA;NA;NA
21;"MA";2112704;"211270";"Vargem Grande";"Não";"-";"Ocupantes de automóvel";NA;NA;NA;NA;NA;NA;4;2;NA;1;1;NA;NA;1;4;1;NA;NA;NA;NA;NA;2;NA;1;NA
21;"MA";2112803;"211280";"Viana";"Não";"-";"Ocupantes de automóvel";NA;NA;NA;NA;NA;1;2;NA;1;1;NA;NA;2;NA;3;NA;NA;NA;NA;1;NA;1;NA;NA;NA
21;"MA";2112852;"211285";"Vila Nova dos Martírios";"Não";"Região Metropolitana do Sudoeste Maranhense";"Ocupantes de automóvel";NA;NA;NA;NA;NA;NA;NA;NA;NA;NA;NA;NA;NA;NA;NA;NA;NA;NA;NA;NA;NA;NA;NA;1;NA
21;"MA";2112902;"211290";"Vitória do Mearim";"Não";"-";"Ocupantes de automóvel";NA;NA;NA;NA;NA;6;NA;NA;NA;NA;NA;1;NA;NA;NA;NA;NA;NA;2;NA;3;NA;NA;1;NA
21;"MA";2113009;"211300";"Vitorino Freire";"Não";"-";"Ocupantes de automóvel";NA;NA;NA;NA;NA;NA;NA;NA;NA;NA;1;NA;1;NA;NA;NA;1;1;NA;NA;NA;NA;NA;NA;NA
21;"MA";2114007;"211400";"Zé Doca";"Não";"-";"Ocupantes de automóvel";NA;NA;NA;NA;NA;2;NA;1;1;NA;1;NA;NA;2;NA;3;1;2;NA;1;NA;NA;NA;NA;NA
22;"PI";2200053;"220005";"Acauã";"Não";"-";"Ocupantes de automóvel";NA;NA;NA;NA;NA;NA;NA;NA;NA;1;NA;NA;NA;NA;NA;NA;NA;1;NA;1;1;NA;NA;NA;NA
22;"PI";2200103;"220010";"Agricolândia";"Não";"-";"Ocupantes de automóvel";NA;NA;NA;NA;NA;NA;NA;NA;NA;NA;NA;NA;NA;NA;1;NA;NA;NA;NA;NA;NA;NA;NA;2;NA
22;"PI";2200202;"220020";"Água Branca";"Não";"-";"Ocupantes de automóvel";NA;1;NA;NA;NA;NA;NA;NA;NA;NA;NA;NA;NA;4;NA;2;1;1;NA;NA;NA;NA;NA;NA;NA
22;"PI";2200251;"220025";"Alagoinha do Piauí";"Não";"-";"Ocupantes de automóvel";NA;NA;NA;NA;NA;NA;NA;NA;NA;NA;NA;NA;NA;NA;NA;NA;NA;NA;NA;NA;NA;NA;NA;NA;NA
22;"PI";2200277;"220027";"Alegrete do Piauí";"Não";"-";"Ocupantes de automóvel";NA;NA;NA;NA;NA;NA;NA;NA;NA;NA;NA;NA;NA;NA;NA;1;NA;NA;NA;NA;NA;NA;NA;NA;NA
22;"PI";2200301;"220030";"Alto Longá";"Não";"-";"Ocupantes de automóvel";NA;NA;NA;NA;NA;NA;NA;NA;NA;NA;NA;2;NA;NA;1;1;NA;3;NA;NA;NA;NA;NA;NA;NA
22;"PI";2200400;"220040";"Altos";"Não";"Região Integrada de Desenvolvimento da Grande Teresina";"Ocupantes de automóvel";NA;NA;NA;NA;NA;NA;7;1;NA;5;NA;1;6;NA;4;NA;NA;1;1;1;2;4;3;NA;NA
22;"PI";2200459;"220045";"Alvorada do Gurguéia";"Não";"-";"Ocupantes de automóvel";NA;1;NA;NA;NA;NA;NA;NA;1;NA;2;2;NA;NA;NA;NA;NA;2;2;NA;NA;1;NA;NA;NA
22;"PI";2200509;"220050";"Amarante";"Não";"-";"Ocupantes de automóvel";NA;NA;5;NA;1;NA;NA;NA;6;NA;NA;NA;NA;4;NA;NA;NA;NA;1;5;NA;NA;1;NA;NA
22;"PI";2200608;"220060";"Angical do Piauí";"Não";"-";"Ocupantes de automóvel";NA;NA;NA;NA;NA;NA;NA;NA;NA;NA;NA;NA;NA;NA;NA;NA;NA;1;NA;2;NA;NA;NA;NA;NA
22;"PI";2200707;"220070";"Anísio de Abreu";"Não";"-";"Ocupantes de automóvel";NA;NA;NA;NA;NA;NA;NA;NA;NA;NA;NA;NA;NA;NA;NA;NA;NA;NA;NA;NA;NA;NA;NA;NA;NA
22;"PI";2200806;"220080";"Antônio Almeida";"Não";"-";"Ocupantes de automóvel";NA;NA;NA;NA;NA;NA;NA;NA;NA;NA;NA;NA;NA;NA;NA;NA;NA;NA;NA;NA;NA;NA;NA;1;NA
22;"PI";2200905;"220090";"Aroazes";"Não";"-";"Ocupantes de automóvel";NA;NA;NA;NA;NA;NA;NA;NA;NA;NA;NA;1;NA;NA;NA;NA;NA;1;NA;NA;NA;NA;NA;NA;NA
22;"PI";2201002;"220100";"Arraial";"Não";"-";"Ocupantes de automóvel";NA;NA;NA;NA;NA;NA;NA;NA;NA;NA;NA;1;NA;NA;NA;NA;NA;NA;NA;NA;NA;NA;NA;NA;NA
22;"PI";2201051;"220105";"Assunção do Piauí";"Não";"-";"Ocupantes de automóvel";NA;NA;NA;NA;NA;NA;NA;NA;NA;NA;NA;NA;NA;NA;NA;NA;NA;NA;NA;NA;NA;NA;NA;NA;NA
22;"PI";2201101;"220110";"Avelino Lopes";"Não";"-";"Ocupantes de automóvel";NA;NA;NA;NA;NA;NA;NA;1;NA;NA;NA;NA;NA;NA;1;NA;NA;NA;NA;NA;NA;NA;1;NA;NA
22;"PI";2201150;"220115";"Baixa Grande do Ribeiro";"Não";"-";"Ocupantes de automóvel";NA;NA;NA;NA;NA;NA;NA;NA;NA;NA;3;NA;NA;1;2;NA;NA;NA;NA;NA;1;NA;NA;NA;NA
22;"PI";2201200;"220120";"Barras";"Não";"-";"Ocupantes de automóvel";NA;NA;NA;NA;NA;NA;NA;NA;NA;1;NA;NA;1;NA;1;NA;3;1;NA;1;NA;NA;NA;NA;NA
22;"PI";2201408;"220140";"Barro Duro";"Não";"-";"Ocupantes de automóvel";NA;NA;NA;NA;NA;NA;NA;NA;NA;NA;3;NA;1;NA;NA;NA;2;NA;NA;NA;NA;NA;NA;NA;NA
22;"PI";2201507;"220150";"Batalha";"Não";"-";"Ocupantes de automóvel";NA;NA;NA;NA;NA;NA;NA;NA;NA;NA;NA;NA;1;NA;NA;NA;NA;1;1;1;NA;NA;1;NA;NA
22;"PI";2201572;"220157";"Belém do Piauí";"Não";"-";"Ocupantes de automóvel";NA;NA;NA;NA;NA;NA;NA;NA;NA;NA;NA;NA;NA;NA;NA;NA;NA;NA;NA;NA;NA;NA;NA;2;NA
22;"PI";2201606;"220160";"Beneditinos";"Não";"Região Integrada de Desenvolvimento da Grande Teresina";"Ocupantes de automóvel";NA;NA;NA;NA;NA;NA;1;NA;NA;NA;NA;NA;NA;NA;NA;NA;1;NA;NA;NA;NA;NA;NA;NA;NA
22;"PI";2201705;"220170";"Bertolínia";"Não";"-";"Ocupantes de automóvel";NA;NA;NA;NA;NA;NA;NA;NA;NA;NA;NA;2;NA;NA;NA;NA;2;NA;1;NA;2;NA;1;NA;NA
22;"PI";2201739;"220173";"Betânia do Piauí";"Não";"-";"Ocupantes de automóvel";NA;NA;NA;NA;NA;NA;NA;NA;1;1;NA;NA;NA;NA;NA;NA;NA;NA;NA;NA;NA;NA;NA;NA;NA
22;"PI";2201770;"220177";"Boa Hora";"Não";"-";"Ocupantes de automóvel";NA;NA;NA;NA;NA;NA;NA;NA;NA;1;NA;NA;NA;NA;NA;NA;NA;NA;NA;NA;NA;NA;NA;NA;NA
22;"PI";2201804;"220180";"Bocaina";"Não";"-";"Ocupantes de automóvel";NA;NA;NA;NA;NA;NA;NA;NA;NA;NA;NA;NA;NA;NA;NA;NA;NA;NA;NA;NA;1;NA;NA;NA;NA
22;"PI";2201903;"220190";"Bom Jesus";"Não";"-";"Ocupantes de automóvel";NA;NA;NA;NA;NA;NA;1;1;NA;2;NA;4;2;4;3;1;2;4;1;2;NA;NA;1;3;NA
22;"PI";2201929;"220192";"Bonfim do Piauí";"Não";"-";"Ocupantes de automóvel";NA;NA;NA;NA;NA;NA;NA;NA;NA;NA;NA;NA;NA;NA;NA;NA;NA;NA;NA;NA;NA;NA;NA;NA;NA
22;"PI";2201945;"220194";"Boqueirão do Piauí";"Não";"-";"Ocupantes de automóvel";NA;NA;NA;NA;NA;NA;NA;NA;NA;NA;NA;1;NA;1;NA;1;NA;NA;NA;NA;NA;NA;NA;NA;NA
22;"PI";2201960;"220196";"Brasileira";"Não";"-";"Ocupantes de automóvel";NA;NA;NA;NA;NA;NA;NA;NA;NA;NA;2;NA;NA;NA;NA;NA;NA;NA;NA;NA;NA;NA;NA;NA;NA
22;"PI";2201988;"220198";"Brejo do Piauí";"Não";"-";"Ocupantes de automóvel";NA;NA;NA;NA;NA;NA;NA;NA;NA;NA;NA;NA;NA;NA;NA;NA;NA;NA;NA;NA;NA;NA;NA;NA;NA
22;"PI";2202000;"220200";"Buriti dos Lopes";"Não";"-";"Ocupantes de automóvel";NA;NA;NA;NA;NA;NA;1;NA;NA;NA;NA;NA;NA;NA;1;1;NA;2;NA;1;NA;NA;NA;1;NA
22;"PI";2202026;"220202";"Buriti dos Montes";"Não";"-";"Ocupantes de automóvel";NA;NA;NA;NA;NA;1;1;NA;NA;NA;NA;NA;NA;NA;NA;1;NA;NA;NA;NA;NA;NA;NA;NA;NA
22;"PI";2202059;"220205";"Cabeceiras do Piauí";"Não";"-";"Ocupantes de automóvel";NA;NA;NA;NA;NA;NA;NA;NA;NA;NA;1;NA;3;NA;NA;NA;NA;NA;NA;1;NA;NA;NA;NA;NA
22;"PI";2202075;"220207";"Cajazeiras do Piauí";"Não";"-";"Ocupantes de automóvel";NA;NA;NA;NA;NA;NA;NA;NA;NA;NA;NA;NA;NA;NA;NA;NA;NA;NA;NA;NA;NA;NA;1;NA;NA
22;"PI";2202083;"220208";"Cajueiro da Praia";"Não";"-";"Ocupantes de automóvel";NA;NA;NA;NA;NA;NA;1;NA;NA;NA;NA;1;NA;NA;NA;NA;NA;NA;NA;NA;NA;NA;NA;NA;NA
22;"PI";2202091;"220209";"Caldeirão Grande do Piauí";"Não";"-";"Ocupantes de automóvel";NA;NA;NA;NA;NA;NA;NA;NA;NA;NA;NA;NA;NA;NA;1;NA;NA;NA;NA;NA;NA;NA;NA;NA;NA
22;"PI";2202109;"220210";"Campinas do Piauí";"Não";"-";"Ocupantes de automóvel";NA;NA;NA;NA;NA;NA;NA;NA;1;NA;NA;NA;NA;NA;NA;1;NA;NA;NA;NA;NA;NA;NA;NA;NA
22;"PI";2202117;"220211";"Campo Alegre do Fidalgo";"Não";"-";"Ocupantes de automóvel";NA;NA;NA;NA;NA;NA;NA;NA;NA;NA;NA;1;NA;2;NA;NA;NA;NA;NA;NA;NA;NA;NA;NA;NA
22;"PI";2202133;"220213";"Campo Grande do Piauí";"Não";"-";"Ocupantes de automóvel";NA;NA;NA;NA;NA;NA;1;NA;NA;1;NA;NA;NA;NA;3;NA;NA;NA;NA;NA;NA;NA;NA;1;NA
22;"PI";2202174;"220217";"Campo Largo do Piauí";"Não";"-";"Ocupantes de automóvel";NA;NA;NA;NA;NA;NA;NA;NA;NA;NA;NA;NA;NA;NA;1;NA;NA;NA;NA;NA;NA;NA;NA;NA;NA
22;"PI";2202208;"220220";"Campo Maior";"Não";"-";"Ocupantes de automóvel";NA;NA;NA;3;NA;1;NA;NA;NA;NA;NA;1;2;1;1;2;NA;1;1;1;5;2;2;1;NA
22;"PI";2202307;"220230";"Canto do Buriti";"Não";"-";"Ocupantes de automóvel";NA;NA;NA;NA;NA;NA;NA;NA;NA;NA;1;NA;1;5;1;3;3;1;2;NA;NA;NA;NA;NA;NA
22;"PI";2202406;"220240";"Capitão de Campos";"Não";"-";"Ocupantes de automóvel";NA;NA;NA;NA;NA;NA;NA;NA;NA;1;NA;NA;NA;NA;NA;NA;NA;NA;NA;NA;NA;NA;NA;NA;NA
22;"PI";2202455;"220245";"Capitão Gervásio Oliveira";"Não";"-";"Ocupantes de automóvel";NA;NA;NA;NA;NA;NA;NA;NA;NA;NA;NA;NA;NA;NA;NA;NA;NA;NA;NA;NA;NA;NA;1;NA;NA
22;"PI";2202505;"220250";"Caracol";"Não";"-";"Ocupantes de automóvel";NA;NA;NA;NA;NA;NA;NA;NA;NA;NA;NA;NA;NA;NA;NA;NA;NA;2;1;NA;NA;NA;NA;NA;NA
22;"PI";2202539;"220253";"Caraúbas do Piauí";"Não";"-";"Ocupantes de automóvel";NA;NA;NA;NA;NA;NA;NA;NA;NA;NA;NA;NA;NA;NA;NA;NA;NA;NA;NA;1;NA;NA;NA;NA;NA
22;"PI";2202554;"220255";"Caridade do Piauí";"Não";"-";"Ocupantes de automóvel";NA;NA;NA;NA;NA;NA;NA;NA;NA;NA;NA;NA;NA;NA;NA;1;NA;NA;NA;NA;NA;NA;NA;NA;NA
22;"PI";2202604;"220260";"Castelo do Piauí";"Não";"-";"Ocupantes de automóvel";NA;NA;1;NA;NA;NA;NA;1;1;1;NA;1;NA;NA;NA;NA;NA;NA;NA;NA;NA;NA;NA;NA;NA
22;"PI";2202703;"220270";"Cocal";"Não";"-";"Ocupantes de automóvel";NA;NA;NA;NA;1;NA;NA;NA;NA;NA;1;NA;NA;NA;NA;NA;NA;1;NA;1;NA;NA;1;1;NA
22;"PI";2202711;"220271";"Cocal de Telha";"Não";"-";"Ocupantes de automóvel";NA;NA;NA;NA;NA;NA;NA;NA;NA;NA;NA;1;1;NA;NA;1;1;NA;NA;NA;NA;NA;NA;NA;NA
22;"PI";2202737;"220273";"Coivaras";"Não";"Região Integrada de Desenvolvimento da Grande Teresina";"Ocupantes de automóvel";NA;NA;NA;NA;NA;NA;NA;NA;NA;NA;NA;NA;NA;NA;NA;NA;NA;NA;1;NA;NA;NA;NA;NA;NA
22;"PI";2202752;"220275";"Colônia do Gurguéia";"Não";"-";"Ocupantes de automóvel";NA;NA;NA;NA;NA;NA;NA;NA;NA;2;1;NA;NA;NA;NA;2;NA;NA;NA;1;NA;NA;NA;1;NA
22;"PI";2202778;"220277";"Colônia do Piauí";"Não";"-";"Ocupantes de automóvel";NA;NA;NA;NA;NA;NA;NA;NA;NA;NA;NA;NA;1;1;NA;NA;1;NA;NA;NA;NA;NA;NA;NA;NA
22;"PI";2202851;"220285";"Coronel José Dias";"Não";"-";"Ocupantes de automóvel";NA;NA;NA;NA;NA;NA;NA;NA;NA;1;NA;NA;NA;NA;NA;NA;NA;NA;NA;NA;NA;NA;NA;NA;NA
22;"PI";2202901;"220290";"Corrente";"Não";"-";"Ocupantes de automóvel";NA;1;NA;NA;NA;NA;NA;NA;NA;1;2;2;NA;6;2;4;1;3;2;1;NA;3;2;6;NA
22;"PI";2203008;"220300";"Cristalândia do Piauí";"Não";"-";"Ocupantes de automóvel";NA;NA;NA;NA;NA;NA;NA;NA;NA;NA;NA;NA;NA;NA;NA;1;NA;3;NA;NA;NA;NA;NA;NA;NA
22;"PI";2203107;"220310";"Cristino Castro";"Não";"-";"Ocupantes de automóvel";NA;NA;NA;NA;NA;NA;NA;NA;NA;NA;NA;NA;2;1;1;2;NA;1;2;NA;NA;NA;NA;1;NA
22;"PI";2203206;"220320";"Curimatá";"Não";"-";"Ocupantes de automóvel";NA;NA;NA;NA;NA;NA;NA;NA;NA;NA;NA;NA;1;NA;NA;NA;NA;NA;NA;NA;NA;NA;NA;NA;NA
22;"PI";2203230;"220323";"Currais";"Não";"-";"Ocupantes de automóvel";NA;NA;NA;NA;NA;NA;NA;NA;NA;NA;NA;1;NA;NA;NA;NA;NA;NA;NA;1;NA;NA;NA;NA;NA
22;"PI";2203271;"220327";"Curral Novo do Piauí";"Não";"-";"Ocupantes de automóvel";NA;NA;NA;NA;NA;NA;NA;NA;NA;NA;NA;NA;NA;NA;NA;NA;NA;3;NA;NA;NA;NA;NA;NA;NA
22;"PI";2203305;"220330";"Demerval Lobão";"Não";"Região Integrada de Desenvolvimento da Grande Teresina";"Ocupantes de automóvel";NA;NA;NA;NA;NA;NA;NA;NA;NA;NA;NA;1;3;NA;1;NA;2;NA;3;NA;NA;NA;NA;NA;NA
22;"PI";2203354;"220335";"Dirceu Arcoverde";"Não";"-";"Ocupantes de automóvel";NA;NA;1;NA;NA;NA;NA;NA;NA;NA;NA;NA;NA;NA;NA;1;NA;NA;NA;NA;NA;NA;NA;NA;NA
22;"PI";2203404;"220340";"Dom Expedito Lopes";"Não";"-";"Ocupantes de automóvel";NA;NA;NA;NA;NA;NA;NA;NA;NA;2;NA;1;NA;NA;NA;NA;1;NA;NA;NA;NA;NA;NA;NA;NA
22;"PI";2203420;"220342";"Domingos Mourão";"Não";"-";"Ocupantes de automóvel";NA;NA;NA;NA;NA;NA;NA;NA;NA;NA;NA;NA;NA;NA;NA;NA;3;NA;NA;NA;NA;NA;2;NA;NA
22;"PI";2203453;"220345";"Dom Inocêncio";"Não";"-";"Ocupantes de automóvel";NA;NA;NA;NA;NA;NA;NA;NA;NA;NA;NA;NA;1;NA;NA;NA;NA;NA;NA;NA;NA;NA;NA;NA;NA
22;"PI";2203503;"220350";"Elesbão Veloso";"Não";"-";"Ocupantes de automóvel";NA;NA;NA;NA;NA;NA;NA;1;NA;NA;NA;NA;6;1;NA;2;NA;1;1;1;NA;1;NA;4;NA
22;"PI";2203602;"220360";"Eliseu Martins";"Não";"-";"Ocupantes de automóvel";NA;NA;NA;NA;NA;NA;NA;1;1;NA;NA;1;4;1;1;1;NA;1;NA;1;1;NA;NA;NA;NA
22;"PI";2203701;"220370";"Esperantina";"Não";"-";"Ocupantes de automóvel";NA;NA;1;1;NA;NA;NA;NA;NA;NA;NA;NA;NA;NA;NA;NA;NA;2;NA;NA;NA;NA;NA;NA;NA
22;"PI";2203750;"220375";"Fartura do Piauí";"Não";"-";"Ocupantes de automóvel";NA;NA;NA;NA;NA;NA;NA;NA;NA;NA;NA;NA;NA;NA;2;NA;NA;NA;NA;NA;NA;1;NA;NA;NA
22;"PI";2203800;"220380";"Flores do Piauí";"Não";"-";"Ocupantes de automóvel";NA;NA;NA;NA;NA;NA;NA;NA;1;1;NA;NA;NA;1;NA;2;NA;NA;NA;NA;NA;NA;NA;NA;NA
22;"PI";2203859;"220385";"Floresta do Piauí";"Não";"-";"Ocupantes de automóvel";NA;NA;NA;NA;NA;NA;NA;NA;NA;NA;NA;NA;NA;NA;NA;NA;1;NA;NA;NA;1;NA;NA;NA;NA
22;"PI";2203909;"220390";"Floriano";"Não";"-";"Ocupantes de automóvel";1;1;4;NA;NA;NA;NA;1;NA;3;9;16;10;7;6;2;4;15;11;7;4;4;14;2;NA
22;"PI";2204006;"220400";"Francinópolis";"Não";"-";"Ocupantes de automóvel";NA;NA;NA;NA;NA;NA;NA;NA;NA;NA;NA;NA;2;NA;NA;NA;NA;1;NA;NA;NA;NA;NA;1;NA
22;"PI";2204105;"220410";"Francisco Ayres";"Não";"-";"Ocupantes de automóvel";NA;NA;NA;NA;NA;NA;NA;NA;NA;NA;NA;NA;NA;NA;NA;NA;NA;NA;NA;NA;1;NA;NA;NA;NA
22;"PI";2204154;"220415";"Francisco Macedo";"Não";"-";"Ocupantes de automóvel";NA;NA;NA;NA;NA;NA;NA;NA;NA;NA;NA;NA;NA;NA;NA;NA;NA;NA;NA;NA;NA;NA;NA;NA;NA
22;"PI";2204204;"220420";"Francisco Santos";"Não";"-";"Ocupantes de automóvel";NA;NA;NA;1;NA;NA;NA;NA;NA;1;2;NA;NA;NA;1;NA;NA;NA;NA;NA;NA;NA;NA;NA;NA
22;"PI";2204303;"220430";"Fronteiras";"Não";"-";"Ocupantes de automóvel";NA;NA;NA;NA;1;NA;NA;NA;NA;NA;1;NA;NA;NA;NA;1;NA;1;NA;NA;NA;NA;NA;NA;NA
22;"PI";2204352;"220435";"Geminiano";"Não";"-";"Ocupantes de automóvel";NA;NA;NA;NA;NA;NA;NA;NA;NA;1;1;NA;NA;NA;NA;NA;NA;NA;NA;NA;NA;1;NA;NA;NA
22;"PI";2204402;"220440";"Gilbués";"Não";"-";"Ocupantes de automóvel";NA;NA;NA;NA;NA;NA;NA;NA;NA;NA;NA;2;1;NA;3;1;1;NA;4;1;NA;NA;NA;NA;NA
22;"PI";2204501;"220450";"Guadalupe";"Não";"-";"Ocupantes de automóvel";NA;NA;NA;NA;NA;NA;NA;NA;NA;NA;NA;NA;NA;NA;NA;NA;NA;NA;1;NA;NA;NA;NA;NA;NA
22;"PI";2204550;"220455";"Guaribas";"Não";"-";"Ocupantes de automóvel";NA;NA;NA;NA;NA;NA;NA;NA;NA;NA;NA;NA;NA;NA;NA;NA;NA;1;NA;1;NA;NA;NA;NA;NA
22;"PI";2204709;"220470";"Inhuma";"Não";"-";"Ocupantes de automóvel";NA;NA;NA;NA;NA;NA;3;1;NA;2;1;NA;NA;NA;1;NA;NA;5;NA;1;NA;NA;1;NA;NA
22;"PI";2204808;"220480";"Ipiranga do Piauí";"Não";"-";"Ocupantes de automóvel";NA;NA;NA;NA;NA;NA;NA;NA;NA;NA;NA;NA;NA;2;NA;NA;1;NA;NA;NA;NA;NA;NA;NA;NA
22;"PI";2204907;"220490";"Isaías Coelho";"Não";"-";"Ocupantes de automóvel";NA;NA;NA;NA;NA;NA;NA;NA;NA;NA;NA;NA;1;NA;NA;NA;NA;NA;NA;NA;1;NA;NA;1;NA
22;"PI";2205003;"220500";"Itainópolis";"Não";"-";"Ocupantes de automóvel";NA;NA;NA;NA;NA;NA;NA;NA;NA;NA;1;1;NA;NA;NA;NA;NA;NA;NA;NA;NA;NA;NA;NA;NA
22;"PI";2205102;"220510";"Itaueira";"Não";"-";"Ocupantes de automóvel";NA;NA;NA;NA;NA;NA;NA;NA;1;4;NA;1;NA;2;NA;2;NA;1;3;NA;NA;NA;NA;NA;NA
22;"PI";2205151;"220515";"Jacobina do Piauí";"Não";"-";"Ocupantes de automóvel";NA;NA;NA;NA;NA;NA;NA;NA;NA;NA;NA;NA;NA;NA;NA;NA;NA;NA;1;NA;NA;NA;NA;NA;NA
22;"PI";2205201;"220520";"Jaicós";"Não";"-";"Ocupantes de automóvel";NA;NA;NA;NA;NA;NA;NA;NA;NA;NA;NA;NA;NA;NA;NA;1;2;1;4;1;NA;NA;NA;2;NA
22;"PI";2205300;"220530";"Jerumenha";"Não";"-";"Ocupantes de automóvel";NA;NA;NA;NA;NA;NA;NA;NA;NA;1;NA;NA;NA;NA;1;NA;1;NA;NA;NA;NA;NA;NA;2;NA
22;"PI";2205359;"220535";"João Costa";"Não";"-";"Ocupantes de automóvel";NA;NA;NA;NA;1;NA;NA;NA;NA;NA;NA;1;NA;NA;NA;NA;NA;NA;NA;NA;NA;NA;NA;NA;NA
22;"PI";2205409;"220540";"Joaquim Pires";"Não";"-";"Ocupantes de automóvel";NA;NA;NA;NA;NA;NA;NA;NA;NA;NA;NA;NA;NA;NA;NA;1;NA;NA;NA;NA;NA;NA;NA;NA;NA
22;"PI";2205508;"220550";"José de Freitas";"Não";"Região Integrada de Desenvolvimento da Grande Teresina";"Ocupantes de automóvel";NA;NA;1;NA;NA;NA;NA;NA;NA;NA;NA;1;2;1;4;2;1;1;NA;NA;NA;1;NA;NA;NA
22;"PI";2205532;"220553";"Jurema";"Não";"-";"Ocupantes de automóvel";NA;NA;NA;NA;NA;NA;NA;NA;NA;NA;NA;NA;NA;NA;NA;NA;NA;NA;NA;NA;NA;NA;NA;NA;NA
22;"PI";2205540;"220554";"Lagoinha do Piauí";"Não";"-";"Ocupantes de automóvel";NA;NA;NA;NA;NA;NA;NA;NA;NA;NA;NA;NA;NA;NA;NA;NA;NA;NA;NA;NA;NA;2;NA;NA;NA
22;"PI";2205565;"220556";"Lagoa do Barro do Piauí";"Não";"-";"Ocupantes de automóvel";NA;NA;NA;NA;NA;NA;NA;NA;NA;NA;NA;1;NA;NA;NA;NA;NA;NA;NA;NA;NA;NA;NA;NA;NA
22;"PI";2205581;"220558";"Lagoa do Piauí";"Não";"Região Integrada de Desenvolvimento da Grande Teresina";"Ocupantes de automóvel";NA;NA;NA;NA;NA;NA;NA;1;NA;NA;NA;NA;NA;NA;NA;NA;1;2;1;NA;NA;NA;NA;NA;NA
22;"PI";2205599;"220559";"Lagoa do Sítio";"Não";"-";"Ocupantes de automóvel";NA;NA;NA;NA;NA;NA;NA;1;NA;NA;NA;NA;NA;NA;NA;NA;NA;NA;NA;NA;NA;NA;NA;NA;NA
22;"PI";2205607;"220560";"Landri Sales";"Não";"-";"Ocupantes de automóvel";NA;NA;NA;NA;NA;NA;NA;NA;NA;NA;NA;1;NA;NA;NA;NA;NA;NA;NA;NA;NA;NA;NA;NA;NA
22;"PI";2205706;"220570";"Luís Correia";"Não";"-";"Ocupantes de automóvel";NA;NA;NA;NA;NA;NA;NA;NA;NA;NA;NA;NA;1;1;NA;NA;1;2;NA;1;NA;1;NA;NA;NA
22;"PI";2205805;"220580";"Luzilândia";"Não";"-";"Ocupantes de automóvel";NA;NA;NA;NA;NA;NA;NA;NA;1;NA;NA;NA;NA;NA;NA;NA;NA;NA;NA;NA;NA;1;NA;NA;NA
22;"PI";2205904;"220590";"Manoel Emídio";"Não";"-";"Ocupantes de automóvel";NA;NA;NA;NA;NA;NA;NA;NA;4;1;NA;NA;NA;NA;NA;NA;NA;NA;NA;1;NA;NA;NA;NA;NA
22;"PI";2205953;"220595";"Marcolândia";"Não";"-";"Ocupantes de automóvel";NA;NA;NA;NA;NA;1;NA;1;NA;NA;NA;NA;NA;1;1;1;NA;NA;NA;NA;NA;NA;NA;1;NA
22;"PI";2206001;"220600";"Marcos Parente";"Não";"-";"Ocupantes de automóvel";NA;NA;NA;NA;NA;NA;NA;NA;NA;NA;2;NA;NA;NA;1;NA;NA;NA;NA;1;NA;NA;NA;NA;NA
22;"PI";2206050;"220605";"Massapê do Piauí";"Não";"-";"Ocupantes de automóvel";NA;NA;NA;NA;NA;NA;NA;NA;NA;NA;NA;NA;NA;NA;NA;NA;NA;NA;NA;NA;NA;NA;NA;NA;NA
22;"PI";2206100;"220610";"Matias Olímpio";"Não";"-";"Ocupantes de automóvel";1;NA;NA;NA;NA;NA;NA;NA;NA;NA;NA;NA;NA;NA;NA;1;NA;NA;NA;1;NA;NA;NA;NA;NA
22;"PI";2206209;"220620";"Miguel Alves";"Não";"-";"Ocupantes de automóvel";NA;NA;NA;NA;NA;NA;NA;NA;NA;NA;NA;1;3;NA;1;1;NA;7;NA;NA;NA;NA;NA;NA;NA
22;"PI";2206308;"220630";"Miguel Leão";"Não";"Região Integrada de Desenvolvimento da Grande Teresina";"Ocupantes de automóvel";NA;NA;NA;NA;NA;NA;NA;NA;NA;NA;NA;NA;NA;NA;NA;NA;NA;1;NA;NA;NA;1;NA;NA;NA
22;"PI";2206357;"220635";"Milton Brandão";"Não";"-";"Ocupantes de automóvel";NA;NA;NA;NA;NA;NA;NA;1;NA;NA;NA;NA;NA;NA;NA;NA;NA;NA;NA;NA;NA;NA;NA;NA;NA
22;"PI";2206407;"220640";"Monsenhor Gil";"Não";"Região Integrada de Desenvolvimento da Grande Teresina";"Ocupantes de automóvel";NA;1;NA;NA;NA;NA;NA;NA;NA;NA;NA;NA;1;7;NA;NA;NA;NA;2;NA;1;1;NA;NA;NA
22;"PI";2206506;"220650";"Monsenhor Hipólito";"Não";"-";"Ocupantes de automóvel";NA;NA;NA;NA;NA;NA;NA;NA;NA;NA;NA;1;NA;NA;NA;1;NA;NA;NA;NA;NA;NA;NA;NA;NA
22;"PI";2206605;"220660";"Monte Alegre do Piauí";"Não";"-";"Ocupantes de automóvel";NA;NA;NA;NA;NA;NA;NA;NA;NA;NA;NA;1;NA;1;1;NA;NA;2;NA;1;NA;NA;1;NA;NA
22;"PI";2206670;"220667";"Morro do Chapéu do Piauí";"Não";"-";"Ocupantes de automóvel";NA;NA;NA;NA;NA;NA;NA;NA;NA;NA;NA;NA;1;NA;NA;NA;NA;NA;NA;NA;NA;NA;NA;NA;NA
22;"PI";2206696;"220669";"Murici dos Portelas";"Não";"-";"Ocupantes de automóvel";NA;NA;NA;NA;NA;NA;NA;NA;1;NA;1;NA;NA;NA;NA;NA;NA;NA;NA;NA;NA;NA;NA;NA;NA
22;"PI";2206704;"220670";"Nazaré do Piauí";"Não";"-";"Ocupantes de automóvel";NA;NA;NA;NA;NA;NA;NA;NA;NA;1;NA;NA;NA;NA;NA;1;NA;NA;NA;NA;NA;NA;1;NA;NA
22;"PI";2206720;"220672";"Nazária";"Não";"Região Integrada de Desenvolvimento da Grande Teresina";"Ocupantes de automóvel";NA;NA;NA;NA;NA;NA;NA;NA;NA;NA;1;NA;NA;1;1;NA;1;NA;NA;NA;1;NA;NA;NA;NA
22;"PI";2206902;"220690";"Novo Oriente do Piauí";"Não";"-";"Ocupantes de automóvel";NA;NA;NA;NA;NA;NA;NA;NA;NA;NA;1;1;NA;NA;NA;NA;NA;NA;NA;NA;NA;NA;NA;NA;NA
22;"PI";2207009;"220700";"Oeiras";"Não";"-";"Ocupantes de automóvel";NA;1;NA;NA;NA;2;NA;NA;NA;1;NA;3;2;2;2;5;1;1;3;1;NA;1;NA;1;NA
22;"PI";2207207;"220720";"Padre Marcos";"Não";"-";"Ocupantes de automóvel";NA;NA;NA;NA;NA;NA;NA;NA;NA;NA;NA;1;NA;NA;NA;NA;NA;NA;NA;NA;NA;NA;NA;NA;NA
22;"PI";2207306;"220730";"Paes Landim";"Não";"-";"Ocupantes de automóvel";NA;NA;NA;NA;NA;NA;NA;NA;1;1;NA;NA;1;NA;NA;NA;NA;NA;2;NA;NA;NA;NA;NA;NA
22;"PI";2207355;"220735";"Pajeú do Piauí";"Não";"-";"Ocupantes de automóvel";NA;NA;NA;NA;NA;NA;NA;NA;NA;NA;NA;NA;NA;NA;NA;NA;NA;NA;NA;1;NA;NA;NA;NA;NA
22;"PI";2207405;"220740";"Palmeira do Piauí";"Não";"-";"Ocupantes de automóvel";NA;NA;NA;NA;NA;NA;NA;NA;NA;NA;NA;NA;1;NA;NA;1;NA;NA;NA;NA;1;NA;NA;NA;NA
22;"PI";2207504;"220750";"Palmeirais";"Não";"-";"Ocupantes de automóvel";NA;NA;NA;NA;NA;NA;NA;1;NA;NA;NA;1;NA;1;NA;NA;1;NA;NA;NA;NA;NA;NA;NA;NA
22;"PI";2207553;"220755";"Paquetá";"Não";"-";"Ocupantes de automóvel";NA;NA;NA;NA;NA;NA;NA;NA;NA;NA;1;NA;NA;NA;NA;NA;NA;NA;NA;NA;NA;NA;NA;NA;NA
22;"PI";2207603;"220760";"Parnaguá";"Não";"-";"Ocupantes de automóvel";NA;NA;NA;NA;NA;NA;NA;NA;NA;NA;NA;1;NA;1;1;NA;NA;NA;NA;NA;NA;NA;NA;NA;NA
22;"PI";2207702;"220770";"Parnaíba";"Não";"-";"Ocupantes de automóvel";NA;1;NA;NA;NA;1;NA;1;2;NA;2;2;4;1;4;4;5;2;NA;2;1;1;NA;3;NA
22;"PI";2207751;"220775";"Passagem Franca do Piauí";"Não";"-";"Ocupantes de automóvel";NA;NA;NA;NA;NA;NA;NA;NA;NA;NA;NA;NA;1;1;NA;NA;NA;NA;NA;NA;NA;NA;NA;NA;NA
22;"PI";2207777;"220777";"Patos do Piauí";"Não";"-";"Ocupantes de automóvel";NA;NA;NA;NA;NA;NA;NA;NA;NA;NA;NA;NA;NA;NA;NA;NA;NA;1;NA;NA;NA;NA;NA;NA;NA
22;"PI";2207793;"220779";"Pau D'Arco do Piauí";"Não";"-";"Ocupantes de automóvel";NA;NA;NA;NA;NA;NA;NA;NA;NA;NA;NA;NA;1;NA;NA;NA;NA;NA;NA;NA;NA;NA;NA;NA;NA
22;"PI";2207801;"220780";"Paulistana";"Não";"-";"Ocupantes de automóvel";NA;NA;NA;NA;NA;NA;NA;2;NA;2;NA;1;2;NA;NA;1;NA;NA;NA;NA;NA;NA;NA;1;NA
22;"PI";2207850;"220785";"Pavussu";"Não";"-";"Ocupantes de automóvel";NA;NA;NA;NA;NA;NA;NA;NA;NA;NA;NA;NA;NA;NA;NA;NA;NA;NA;NA;1;NA;NA;NA;NA;NA
22;"PI";2207900;"220790";"Pedro II";"Não";"-";"Ocupantes de automóvel";NA;NA;NA;NA;NA;NA;NA;1;NA;NA;NA;NA;1;NA;NA;NA;2;NA;NA;NA;NA;NA;NA;1;NA
22;"PI";2208007;"220800";"Picos";"Não";"-";"Ocupantes de automóvel";1;NA;NA;NA;3;1;NA;1;NA;NA;NA;5;8;4;4;3;4;2;8;2;3;1;3;2;NA
22;"PI";2208106;"220810";"Pimenteiras";"Não";"-";"Ocupantes de automóvel";NA;1;NA;NA;NA;NA;NA;NA;NA;NA;NA;NA;NA;NA;NA;NA;NA;1;NA;NA;NA;NA;NA;NA;NA
22;"PI";2208205;"220820";"Pio IX";"Não";"-";"Ocupantes de automóvel";NA;NA;NA;NA;NA;NA;NA;NA;NA;1;NA;2;1;1;NA;NA;NA;NA;NA;1;NA;1;NA;NA;NA
22;"PI";2208304;"220830";"Piracuruca";"Não";"-";"Ocupantes de automóvel";NA;NA;NA;NA;NA;1;NA;2;NA;NA;NA;1;2;1;1;NA;NA;NA;NA;1;NA;1;NA;NA;NA
22;"PI";2208403;"220840";"Piripiri";"Não";"-";"Ocupantes de automóvel";NA;3;1;NA;NA;NA;1;2;NA;2;5;2;2;NA;NA;1;NA;3;1;1;NA;1;2;1;NA
22;"PI";2208551;"220855";"Porto Alegre do Piauí";"Não";"-";"Ocupantes de automóvel";NA;NA;NA;NA;NA;NA;NA;NA;NA;NA;NA;NA;NA;1;NA;NA;NA;NA;NA;NA;NA;NA;NA;NA;NA
22;"PI";2208650;"220865";"Queimada Nova";"Não";"-";"Ocupantes de automóvel";NA;NA;NA;NA;NA;NA;NA;NA;NA;NA;NA;NA;NA;1;NA;2;NA;NA;1;NA;NA;NA;NA;NA;NA
22;"PI";2208700;"220870";"Redenção do Gurguéia";"Não";"-";"Ocupantes de automóvel";NA;NA;NA;NA;NA;NA;NA;NA;1;1;1;1;NA;5;3;2;1;NA;NA;NA;NA;NA;NA;NA;NA
22;"PI";2208809;"220880";"Regeneração";"Não";"-";"Ocupantes de automóvel";NA;NA;NA;NA;NA;NA;NA;NA;NA;NA;NA;NA;NA;3;NA;NA;2;NA;NA;NA;NA;1;NA;NA;NA
22;"PI";2208858;"220885";"Riacho Frio";"Não";"-";"Ocupantes de automóvel";NA;NA;NA;NA;NA;NA;NA;NA;NA;NA;NA;NA;NA;NA;NA;NA;NA;NA;NA;NA;NA;NA;NA;NA;NA
22;"PI";2208874;"220887";"Ribeira do Piauí";"Não";"-";"Ocupantes de automóvel";NA;NA;NA;NA;NA;NA;NA;NA;NA;NA;NA;NA;NA;NA;NA;NA;NA;NA;NA;NA;NA;NA;NA;NA;NA
22;"PI";2208908;"220890";"Ribeiro Gonçalves";"Não";"-";"Ocupantes de automóvel";NA;NA;NA;NA;NA;NA;NA;NA;NA;NA;NA;1;1;NA;NA;1;NA;NA;1;NA;NA;1;1;NA;NA
22;"PI";2209005;"220900";"Rio Grande do Piauí";"Não";"-";"Ocupantes de automóvel";NA;NA;NA;NA;NA;NA;NA;NA;NA;NA;NA;NA;NA;NA;NA;NA;NA;NA;NA;NA;NA;NA;NA;NA;NA
22;"PI";2209104;"220910";"Santa Cruz do Piauí";"Não";"-";"Ocupantes de automóvel";NA;NA;NA;NA;NA;NA;NA;NA;NA;NA;NA;NA;1;NA;NA;NA;NA;NA;NA;NA;NA;NA;NA;NA;NA
22;"PI";2209153;"220915";"Santa Cruz dos Milagres";"Não";"-";"Ocupantes de automóvel";NA;NA;NA;NA;NA;NA;NA;NA;NA;NA;NA;NA;NA;NA;NA;NA;NA;NA;NA;NA;NA;NA;NA;1;NA
22;"PI";2209203;"220920";"Santa Filomena";"Não";"-";"Ocupantes de automóvel";NA;NA;NA;NA;NA;NA;NA;NA;NA;NA;NA;1;NA;NA;NA;NA;1;NA;1;NA;1;NA;NA;NA;NA
22;"PI";2209302;"220930";"Santa Luz";"Não";"-";"Ocupantes de automóvel";NA;NA;NA;NA;NA;NA;NA;NA;NA;NA;NA;1;NA;NA;NA;NA;NA;NA;NA;NA;NA;NA;NA;NA;NA
22;"PI";2209351;"220935";"Santana do Piauí";"Não";"-";"Ocupantes de automóvel";NA;NA;NA;NA;NA;NA;NA;NA;NA;NA;NA;NA;NA;NA;NA;NA;NA;NA;NA;NA;NA;NA;NA;NA;NA
22;"PI";2209377;"220937";"Santa Rosa do Piauí";"Não";"-";"Ocupantes de automóvel";NA;NA;NA;NA;NA;NA;NA;NA;NA;1;NA;NA;NA;NA;NA;NA;NA;NA;NA;NA;NA;NA;NA;NA;NA
22;"PI";2209401;"220940";"Santo Antônio de Lisboa";"Não";"-";"Ocupantes de automóvel";NA;NA;NA;NA;NA;NA;NA;NA;NA;NA;NA;NA;NA;NA;NA;NA;NA;NA;NA;NA;NA;NA;NA;NA;NA
22;"PI";2209500;"220950";"Santo Inácio do Piauí";"Não";"-";"Ocupantes de automóvel";NA;NA;NA;NA;NA;NA;NA;NA;NA;NA;NA;1;NA;NA;NA;NA;NA;NA;NA;NA;NA;NA;NA;NA;NA
22;"PI";2209559;"220955";"São Braz do Piauí";"Não";"-";"Ocupantes de automóvel";NA;NA;NA;NA;NA;NA;NA;NA;NA;NA;NA;NA;NA;NA;NA;NA;1;NA;NA;1;NA;NA;NA;NA;NA
22;"PI";2209609;"220960";"São Félix do Piauí";"Não";"-";"Ocupantes de automóvel";NA;NA;NA;1;NA;NA;NA;NA;NA;NA;NA;NA;NA;NA;NA;NA;NA;NA;NA;NA;NA;NA;NA;NA;NA
22;"PI";2209658;"220965";"São Francisco de Assis do Piauí";"Não";"-";"Ocupantes de automóvel";NA;NA;NA;NA;NA;NA;NA;NA;NA;NA;NA;NA;NA;NA;NA;NA;NA;NA;NA;NA;NA;NA;NA;NA;NA
22;"PI";2209708;"220970";"São Francisco do Piauí";"Não";"-";"Ocupantes de automóvel";NA;NA;NA;NA;NA;NA;NA;NA;NA;NA;NA;NA;NA;NA;NA;NA;NA;NA;NA;NA;NA;NA;NA;1;NA
22;"PI";2209757;"220975";"São Gonçalo do Gurguéia";"Não";"-";"Ocupantes de automóvel";NA;NA;NA;NA;NA;NA;NA;NA;NA;NA;NA;NA;NA;NA;NA;NA;NA;NA;NA;2;1;1;NA;NA;NA
22;"PI";2209856;"220985";"São João da Canabrava";"Não";"-";"Ocupantes de automóvel";NA;NA;NA;NA;NA;NA;NA;NA;NA;NA;1;NA;NA;NA;NA;NA;NA;NA;NA;NA;NA;NA;NA;NA;NA
22;"PI";2209872;"220987";"São João da Fronteira";"Não";"-";"Ocupantes de automóvel";NA;1;NA;NA;NA;NA;NA;NA;NA;NA;NA;NA;NA;NA;NA;NA;NA;NA;NA;NA;NA;NA;1;NA;NA
22;"PI";2209955;"220995";"São João da Varjota";"Não";"-";"Ocupantes de automóvel";NA;NA;NA;NA;NA;NA;NA;NA;NA;1;NA;NA;NA;NA;NA;NA;NA;NA;NA;NA;NA;NA;NA;NA;NA
22;"PI";2209971;"220997";"São João do Arraial";"Não";"-";"Ocupantes de automóvel";NA;NA;NA;NA;NA;NA;NA;1;NA;NA;NA;NA;NA;NA;NA;NA;NA;NA;NA;NA;NA;NA;NA;NA;NA
22;"PI";2210003;"221000";"São João do Piauí";"Não";"-";"Ocupantes de automóvel";NA;NA;NA;NA;NA;NA;1;NA;NA;NA;1;1;2;2;1;2;1;1;NA;NA;NA;NA;NA;NA;NA
22;"PI";2210102;"221010";"São José do Peixe";"Não";"-";"Ocupantes de automóvel";NA;NA;NA;NA;NA;NA;NA;NA;NA;NA;NA;NA;NA;NA;NA;NA;NA;NA;NA;NA;NA;NA;NA;NA;NA
22;"PI";2210201;"221020";"São José do Piauí";"Não";"-";"Ocupantes de automóvel";NA;NA;NA;NA;NA;NA;NA;NA;NA;NA;NA;NA;NA;NA;NA;NA;NA;NA;NA;NA;NA;NA;NA;NA;NA
22;"PI";2210359;"221035";"São Lourenço do Piauí";"Não";"-";"Ocupantes de automóvel";NA;NA;NA;NA;NA;NA;NA;NA;NA;1;NA;NA;1;NA;NA;NA;NA;NA;NA;NA;NA;NA;NA;NA;NA
22;"PI";2210375;"221037";"São Luis do Piauí";"Não";"-";"Ocupantes de automóvel";NA;NA;NA;NA;NA;NA;NA;NA;NA;NA;NA;NA;NA;NA;NA;NA;1;NA;NA;NA;NA;NA;NA;NA;NA
22;"PI";2210383;"221038";"São Miguel da Baixa Grande";"Não";"-";"Ocupantes de automóvel";NA;NA;NA;NA;NA;NA;NA;NA;NA;NA;NA;NA;3;NA;NA;NA;NA;NA;NA;NA;NA;NA;NA;NA;NA
22;"PI";2210391;"221039";"São Miguel do Fidalgo";"Não";"-";"Ocupantes de automóvel";NA;NA;NA;NA;NA;NA;NA;NA;NA;NA;NA;NA;NA;NA;NA;NA;NA;NA;NA;NA;NA;NA;NA;NA;NA
22;"PI";2210409;"221040";"São Miguel do Tapuio";"Não";"-";"Ocupantes de automóvel";NA;NA;1;NA;NA;NA;NA;NA;NA;NA;NA;1;1;NA;1;NA;2;NA;NA;NA;NA;NA;1;NA;NA
22;"PI";2210508;"221050";"São Pedro do Piauí";"Não";"-";"Ocupantes de automóvel";NA;NA;NA;NA;NA;1;NA;NA;NA;NA;2;NA;NA;NA;NA;NA;NA;NA;NA;NA;NA;NA;NA;1;NA
22;"PI";2210607;"221060";"São Raimundo Nonato";"Não";"-";"Ocupantes de automóvel";NA;NA;NA;NA;NA;NA;NA;1;2;NA;NA;1;NA;1;3;1;3;1;1;1;NA;6;NA;1;NA
22;"PI";2210623;"221062";"Sebastião Barros";"Não";"-";"Ocupantes de automóvel";NA;NA;NA;NA;NA;NA;NA;NA;NA;NA;NA;NA;NA;NA;NA;NA;NA;NA;NA;NA;NA;1;NA;NA;NA
22;"PI";2210631;"221063";"Sebastião Leal";"Não";"-";"Ocupantes de automóvel";NA;NA;NA;NA;NA;NA;NA;NA;NA;NA;NA;NA;1;1;NA;NA;NA;NA;NA;NA;NA;NA;NA;NA;NA
22;"PI";2210656;"221065";"Sigefredo Pacheco";"Não";"-";"Ocupantes de automóvel";NA;NA;NA;NA;NA;NA;NA;NA;NA;NA;NA;NA;NA;NA;NA;NA;NA;NA;1;NA;NA;NA;NA;1;NA
22;"PI";2210706;"221070";"Simões";"Não";"-";"Ocupantes de automóvel";NA;NA;NA;NA;NA;NA;NA;NA;NA;NA;NA;1;NA;NA;NA;NA;2;NA;NA;NA;NA;NA;NA;NA;NA
22;"PI";2210805;"221080";"Simplício Mendes";"Não";"-";"Ocupantes de automóvel";NA;NA;NA;NA;NA;NA;1;NA;1;1;NA;NA;5;NA;NA;1;2;NA;1;NA;1;2;NA;NA;NA
22;"PI";2210904;"221090";"Socorro do Piauí";"Não";"-";"Ocupantes de automóvel";NA;NA;NA;NA;NA;NA;NA;NA;NA;NA;NA;NA;NA;NA;NA;2;NA;NA;NA;NA;NA;NA;NA;NA;NA
22;"PI";2210938;"221093";"Sussuapara";"Não";"-";"Ocupantes de automóvel";NA;NA;NA;NA;NA;NA;NA;1;NA;NA;NA;NA;NA;NA;NA;NA;NA;NA;NA;NA;1;NA;NA;NA;NA
22;"PI";2210953;"221095";"Tamboril do Piauí";"Não";"-";"Ocupantes de automóvel";NA;NA;NA;NA;NA;NA;NA;NA;NA;NA;NA;NA;NA;NA;NA;NA;NA;NA;NA;NA;NA;NA;NA;NA;NA
22;"PI";2210979;"221097";"Tanque do Piauí";"Não";"-";"Ocupantes de automóvel";NA;NA;NA;NA;NA;NA;NA;NA;NA;NA;NA;NA;NA;NA;NA;NA;NA;1;NA;NA;NA;NA;NA;NA;NA
22;"PI";2211001;"221100";"Teresina";"Sim";"Região Integrada de Desenvolvimento da Grande Teresina";"Ocupantes de automóvel";2;4;2;4;6;5;7;9;7;6;34;14;17;21;12;20;23;19;9;13;10;8;7;6;NA
22;"PI";2211100;"221110";"União";"Não";"Região Integrada de Desenvolvimento da Grande Teresina";"Ocupantes de automóvel";NA;NA;NA;NA;1;NA;NA;NA;NA;NA;3;NA;NA;NA;1;2;NA;4;NA;NA;NA;1;NA;NA;NA
22;"PI";2211209;"221120";"Uruçuí";"Não";"-";"Ocupantes de automóvel";NA;NA;NA;NA;NA;NA;NA;NA;NA;NA;NA;NA;2;1;1;2;1;1;1;4;1;2;1;3;NA
22;"PI";2211308;"221130";"Valença do Piauí";"Não";"-";"Ocupantes de automóvel";NA;NA;NA;NA;NA;NA;NA;NA;NA;NA;1;8;NA;8;3;2;NA;1;NA;1;4;NA;NA;2;NA
22;"PI";2211407;"221140";"Várzea Grande";"Não";"-";"Ocupantes de automóvel";NA;NA;NA;NA;NA;NA;NA;NA;NA;NA;NA;NA;NA;NA;NA;NA;NA;NA;NA;NA;NA;NA;NA;NA;NA
22;"PI";2211506;"221150";"Vera Mendes";"Não";"-";"Ocupantes de automóvel";NA;NA;NA;NA;NA;NA;NA;NA;NA;NA;NA;NA;NA;NA;1;NA;NA;NA;NA;NA;NA;NA;1;NA;NA
22;"PI";2211605;"221160";"Vila Nova do Piauí";"Não";"-";"Ocupantes de automóvel";NA;NA;NA;NA;NA;NA;NA;NA;NA;NA;NA;NA;NA;NA;1;NA;NA;NA;NA;NA;NA;NA;NA;NA;NA
23;"CE";2300101;"230010";"Abaiara";"Não";"-";"Ocupantes de automóvel";NA;NA;NA;NA;NA;NA;NA;NA;NA;NA;NA;NA;NA;NA;NA;NA;NA;NA;NA;NA;NA;NA;NA;NA;NA
23;"CE";2300150;"230015";"Acarape";"Não";"-";"Ocupantes de automóvel";NA;NA;NA;NA;NA;NA;NA;NA;NA;NA;NA;NA;1;NA;NA;NA;1;NA;NA;NA;NA;NA;NA;NA;NA
23;"CE";2300200;"230020";"Acaraú";"Não";"-";"Ocupantes de automóvel";NA;NA;NA;NA;NA;NA;1;NA;NA;NA;NA;1;1;1;3;3;2;NA;1;1;NA;NA;NA;NA;NA
23;"CE";2300309;"230030";"Acopiara";"Não";"-";"Ocupantes de automóvel";NA;NA;1;1;NA;4;NA;NA;1;1;NA;NA;2;NA;NA;NA;5;2;2;1;7;4;1;NA;NA
23;"CE";2300408;"230040";"Aiuaba";"Não";"-";"Ocupantes de automóvel";NA;NA;NA;NA;NA;NA;1;NA;NA;1;NA;NA;NA;NA;NA;1;NA;NA;NA;NA;NA;NA;NA;NA;NA
23;"CE";2300507;"230050";"Alcântaras";"Não";"Região Metropolitana de Sobral";"Ocupantes de automóvel";NA;NA;NA;NA;NA;NA;NA;NA;1;NA;1;1;NA;NA;NA;1;1;1;NA;NA;NA;NA;NA;NA;NA
23;"CE";2300705;"230070";"Alto Santo";"Não";"-";"Ocupantes de automóvel";1;NA;5;1;NA;4;NA;NA;1;1;NA;NA;NA;NA;NA;NA;1;NA;1;NA;NA;1;1;NA;NA
23;"CE";2300754;"230075";"Amontada";"Não";"-";"Ocupantes de automóvel";2;NA;NA;NA;2;1;NA;NA;NA;1;1;NA;3;NA;NA;NA;1;NA;NA;1;NA;NA;NA;NA;NA
23;"CE";2300804;"230080";"Antonina do Norte";"Não";"-";"Ocupantes de automóvel";NA;NA;NA;NA;NA;NA;NA;NA;1;NA;NA;NA;NA;NA;NA;1;2;2;1;1;1;1;NA;NA;NA
23;"CE";2300903;"230090";"Apuiarés";"Não";"-";"Ocupantes de automóvel";1;NA;NA;NA;NA;NA;NA;1;NA;NA;1;NA;NA;NA;NA;NA;NA;NA;NA;NA;NA;NA;NA;NA;NA
23;"CE";2301000;"230100";"Aquiraz";"Não";"Região Metropolitana de Fortaleza";"Ocupantes de automóvel";NA;3;1;NA;NA;NA;1;2;6;2;NA;NA;1;1;NA;2;1;2;NA;1;NA;NA;NA;NA;NA
23;"CE";2301109;"230110";"Aracati";"Não";"-";"Ocupantes de automóvel";1;3;2;NA;1;2;1;NA;1;NA;NA;NA;1;NA;1;1;1;1;NA;NA;NA;NA;NA;1;NA
23;"CE";2301208;"230120";"Aracoiaba";"Não";"-";"Ocupantes de automóvel";NA;NA;NA;1;1;NA;NA;1;2;NA;NA;1;NA;NA;NA;NA;NA;NA;NA;NA;NA;NA;NA;1;NA
23;"CE";2301257;"230125";"Ararendá";"Não";"-";"Ocupantes de automóvel";NA;1;NA;NA;NA;NA;NA;1;NA;NA;NA;NA;NA;NA;NA;NA;NA;NA;NA;NA;NA;NA;NA;NA;NA
23;"CE";2301307;"230130";"Araripe";"Não";"-";"Ocupantes de automóvel";1;NA;NA;NA;NA;1;NA;NA;NA;3;NA;NA;NA;NA;NA;NA;NA;NA;NA;NA;NA;NA;NA;NA;NA
23;"CE";2301505;"230150";"Arneiroz";"Não";"-";"Ocupantes de automóvel";NA;NA;NA;NA;1;NA;NA;NA;NA;NA;NA;NA;NA;NA;NA;NA;NA;NA;NA;NA;1;NA;NA;NA;NA
23;"CE";2301604;"230160";"Assaré";"Não";"-";"Ocupantes de automóvel";NA;NA;NA;NA;1;NA;1;NA;NA;NA;NA;NA;NA;NA;NA;NA;NA;NA;NA;NA;NA;NA;NA;NA;NA
23;"CE";2301703;"230170";"Aurora";"Não";"-";"Ocupantes de automóvel";NA;NA;NA;2;NA;1;1;NA;NA;NA;NA;NA;NA;NA;NA;NA;NA;NA;NA;NA;NA;NA;NA;NA;NA
23;"CE";2301802;"230180";"Baixio";"Não";"-";"Ocupantes de automóvel";NA;NA;NA;NA;NA;NA;NA;NA;NA;NA;NA;NA;NA;NA;NA;NA;NA;NA;1;NA;NA;NA;NA;NA;NA
23;"CE";2301851;"230185";"Banabuiú";"Não";"-";"Ocupantes de automóvel";NA;NA;NA;1;NA;NA;NA;NA;NA;NA;NA;NA;NA;NA;NA;NA;NA;NA;NA;NA;NA;2;NA;NA;NA
23;"CE";2301901;"230190";"Barbalha";"Não";"Região Metropolitana do Cariri";"Ocupantes de automóvel";2;2;NA;NA;1;1;7;8;10;3;NA;NA;NA;NA;NA;NA;3;NA;NA;NA;NA;NA;2;NA;NA
23;"CE";2301950;"230195";"Barreira";"Não";"-";"Ocupantes de automóvel";NA;NA;NA;NA;NA;NA;NA;NA;NA;1;NA;1;NA;1;NA;NA;1;1;NA;NA;NA;1;NA;NA;NA
23;"CE";2302008;"230200";"Barro";"Não";"-";"Ocupantes de automóvel";NA;NA;NA;1;NA;1;1;1;NA;NA;NA;1;1;NA;NA;NA;NA;NA;NA;NA;NA;NA;NA;NA;NA
23;"CE";2302057;"230205";"Barroquinha";"Não";"-";"Ocupantes de automóvel";NA;NA;NA;NA;NA;NA;NA;NA;1;NA;NA;NA;NA;NA;NA;NA;1;NA;NA;1;NA;NA;NA;NA;NA
23;"CE";2302107;"230210";"Baturité";"Não";"-";"Ocupantes de automóvel";1;NA;NA;NA;NA;NA;NA;NA;NA;NA;2;NA;NA;NA;NA;NA;NA;NA;NA;NA;NA;NA;NA;NA;NA
23;"CE";2302206;"230220";"Beberibe";"Não";"-";"Ocupantes de automóvel";4;2;2;1;1;1;4;1;NA;5;1;NA;2;4;NA;3;3;NA;NA;NA;NA;NA;NA;1;NA
23;"CE";2302305;"230230";"Bela Cruz";"Não";"-";"Ocupantes de automóvel";NA;NA;1;1;NA;NA;NA;NA;NA;NA;1;NA;NA;1;NA;1;2;NA;NA;NA;NA;NA;NA;NA;NA
23;"CE";2302404;"230240";"Boa Viagem";"Não";"-";"Ocupantes de automóvel";NA;2;NA;3;NA;NA;1;1;1;2;7;NA;NA;NA;NA;NA;NA;NA;NA;NA;NA;NA;NA;NA;NA
23;"CE";2302503;"230250";"Brejo Santo";"Não";"-";"Ocupantes de automóvel";NA;1;NA;1;NA;NA;NA;NA;NA;1;1;NA;NA;NA;NA;NA;NA;2;1;NA;NA;1;1;NA;NA
23;"CE";2302602;"230260";"Camocim";"Não";"-";"Ocupantes de automóvel";1;NA;NA;NA;NA;1;2;1;NA;1;5;NA;2;NA;1;NA;NA;NA;NA;NA;NA;NA;2;1;NA
23;"CE";2302701;"230270";"Campos Sales";"Não";"-";"Ocupantes de automóvel";NA;NA;1;NA;NA;NA;NA;NA;1;NA;NA;NA;NA;NA;NA;NA;NA;NA;NA;NA;NA;NA;NA;NA;NA
23;"CE";2302800;"230280";"Canindé";"Não";"-";"Ocupantes de automóvel";3;NA;NA;NA;NA;1;NA;NA;8;4;4;2;NA;1;1;NA;NA;NA;1;NA;NA;NA;NA;NA;NA
23;"CE";2302909;"230290";"Capistrano";"Não";"-";"Ocupantes de automóvel";NA;NA;NA;NA;1;NA;NA;NA;NA;NA;1;NA;NA;NA;NA;NA;NA;NA;NA;NA;NA;NA;NA;1;NA
23;"CE";2303006;"230300";"Caridade";"Não";"-";"Ocupantes de automóvel";NA;NA;NA;NA;NA;1;1;1;1;NA;NA;NA;NA;NA;NA;NA;NA;NA;NA;NA;NA;NA;NA;NA;NA
23;"CE";2303105;"230310";"Cariré";"Não";"Região Metropolitana de Sobral";"Ocupantes de automóvel";NA;NA;NA;NA;2;NA;NA;NA;1;2;NA;NA;NA;NA;NA;NA;NA;NA;NA;NA;NA;NA;NA;NA;NA
23;"CE";2303204;"230320";"Caririaçu";"Não";"Região Metropolitana do Cariri";"Ocupantes de automóvel";NA;1;NA;NA;NA;NA;NA;NA;NA;NA;NA;NA;NA;NA;NA;NA;NA;NA;1;NA;NA;NA;NA;NA;NA
23;"CE";2303303;"230330";"Cariús";"Não";"-";"Ocupantes de automóvel";NA;NA;NA;NA;NA;NA;NA;NA;NA;NA;NA;NA;NA;NA;NA;NA;1;2;1;NA;3;1;NA;NA;NA
23;"CE";2303402;"230340";"Carnaubal";"Não";"-";"Ocupantes de automóvel";NA;NA;NA;NA;NA;1;NA;NA;NA;NA;NA;NA;NA;NA;NA;NA;NA;2;NA;1;NA;NA;1;NA;NA
23;"CE";2303501;"230350";"Cascavel";"Não";"Região Metropolitana de Fortaleza";"Ocupantes de automóvel";1;1;NA;1;1;NA;NA;1;3;NA;NA;NA;1;2;NA;2;3;1;1;2;1;NA;NA;NA;NA
23;"CE";2303600;"230360";"Catarina";"Não";"-";"Ocupantes de automóvel";NA;NA;NA;NA;NA;NA;NA;NA;NA;NA;NA;1;NA;1;1;NA;1;NA;NA;NA;NA;NA;NA;NA;NA
23;"CE";2303659;"230365";"Catunda";"Não";"-";"Ocupantes de automóvel";5;NA;1;NA;NA;NA;NA;NA;3;3;2;NA;NA;NA;NA;NA;NA;NA;NA;NA;NA;NA;1;NA;NA
23;"CE";2303709;"230370";"Caucaia";"Não";"Região Metropolitana de Fortaleza";"Ocupantes de automóvel";4;2;5;5;5;2;5;3;18;7;2;8;17;4;7;14;12;3;12;2;1;1;NA;NA;NA
23;"CE";2303808;"230380";"Cedro";"Não";"-";"Ocupantes de automóvel";NA;NA;2;NA;NA;NA;NA;NA;NA;NA;NA;NA;NA;NA;NA;2;6;2;4;6;6;2;NA;NA;NA
23;"CE";2303907;"230390";"Chaval";"Não";"-";"Ocupantes de automóvel";NA;NA;NA;NA;NA;1;1;NA;NA;NA;NA;NA;NA;NA;1;NA;NA;NA;NA;NA;NA;NA;1;NA;NA
23;"CE";2303931;"230393";"Choró";"Não";"-";"Ocupantes de automóvel";NA;NA;NA;NA;1;2;NA;1;NA;NA;NA;NA;NA;NA;NA;NA;NA;NA;NA;NA;NA;NA;NA;NA;NA
23;"CE";2303956;"230395";"Chorozinho";"Não";"Região Metropolitana de Fortaleza";"Ocupantes de automóvel";NA;NA;NA;NA;1;1;NA;3;2;1;NA;1;2;NA;4;1;NA;NA;3;NA;NA;1;NA;NA;NA
23;"CE";2304004;"230400";"Coreaú";"Não";"Região Metropolitana de Sobral";"Ocupantes de automóvel";1;NA;1;NA;2;1;NA;NA;NA;NA;NA;NA;1;NA;NA;NA;1;1;NA;NA;1;2;NA;1;NA
23;"CE";2304103;"230410";"Crateús";"Não";"-";"Ocupantes de automóvel";NA;2;2;1;1;2;NA;1;2;2;2;NA;NA;1;NA;1;NA;NA;3;2;1;1;3;1;NA
23;"CE";2304202;"230420";"Crato";"Não";"Região Metropolitana do Cariri";"Ocupantes de automóvel";8;NA;4;NA;3;1;1;1;4;NA;1;NA;NA;NA;NA;NA;NA;NA;NA;NA;NA;NA;NA;NA;NA
23;"CE";2304236;"230423";"Croatá";"Não";"-";"Ocupantes de automóvel";NA;NA;1;NA;NA;NA;NA;1;NA;NA;2;NA;NA;NA;1;NA;NA;NA;NA;NA;NA;NA;NA;NA;NA
23;"CE";2304251;"230425";"Cruz";"Não";"-";"Ocupantes de automóvel";NA;NA;NA;NA;NA;NA;NA;1;NA;NA;NA;1;NA;NA;NA;NA;NA;2;NA;NA;NA;1;2;NA;NA
23;"CE";2304269;"230426";"Deputado Irapuan Pinheiro";"Não";"-";"Ocupantes de automóvel";NA;NA;NA;NA;NA;NA;NA;NA;NA;NA;NA;NA;NA;NA;NA;NA;NA;2;NA;NA;NA;NA;NA;NA;NA
23;"CE";2304277;"230427";"Ereré";"Não";"-";"Ocupantes de automóvel";NA;NA;NA;NA;NA;NA;NA;NA;NA;NA;NA;NA;NA;NA;NA;1;1;NA;NA;NA;NA;NA;NA;NA;NA
23;"CE";2304285;"230428";"Eusébio";"Não";"Região Metropolitana de Fortaleza";"Ocupantes de automóvel";1;NA;NA;2;1;1;NA;1;4;1;NA;NA;NA;NA;NA;NA;2;NA;1;NA;NA;NA;NA;NA;NA
23;"CE";2304301;"230430";"Farias Brito";"Não";"Região Metropolitana do Cariri";"Ocupantes de automóvel";NA;NA;2;1;1;1;NA;NA;1;NA;NA;NA;NA;NA;NA;NA;NA;NA;NA;NA;NA;NA;NA;NA;NA
23;"CE";2304350;"230435";"Forquilha";"Não";"Região Metropolitana de Sobral";"Ocupantes de automóvel";NA;NA;NA;3;NA;NA;NA;NA;NA;1;2;3;2;NA;2;NA;NA;NA;NA;NA;NA;NA;NA;1;NA
23;"CE";2304400;"230440";"Fortaleza";"Sim";"Região Metropolitana de Fortaleza";"Ocupantes de automóvel";39;46;59;49;45;51;68;94;89;38;18;61;44;39;46;51;93;16;23;13;5;10;7;3;NA
23;"CE";2304459;"230445";"Fortim";"Não";"-";"Ocupantes de automóvel";1;1;2;NA;NA;1;NA;NA;NA;1;NA;NA;NA;NA;NA;NA;NA;NA;NA;NA;NA;NA;NA;NA;NA
23;"CE";2304509;"230450";"Frecheirinha";"Não";"Região Metropolitana de Sobral";"Ocupantes de automóvel";NA;1;NA;NA;3;1;NA;NA;NA;NA;NA;NA;NA;NA;NA;NA;NA;NA;1;NA;NA;2;NA;NA;NA
23;"CE";2304608;"230460";"General Sampaio";"Não";"-";"Ocupantes de automóvel";NA;NA;NA;NA;NA;NA;NA;NA;NA;NA;NA;NA;NA;NA;1;NA;NA;NA;NA;NA;NA;NA;NA;NA;NA
23;"CE";2304657;"230465";"Graça";"Não";"Região Metropolitana de Sobral";"Ocupantes de automóvel";NA;NA;NA;NA;NA;2;2;NA;NA;NA;NA;NA;NA;NA;NA;NA;NA;1;NA;NA;NA;1;NA;NA;NA
23;"CE";2304707;"230470";"Granja";"Não";"-";"Ocupantes de automóvel";NA;NA;NA;1;NA;1;NA;NA;NA;2;NA;NA;NA;1;NA;NA;1;NA;1;NA;NA;2;NA;1;NA
23;"CE";2304806;"230480";"Granjeiro";"Não";"-";"Ocupantes de automóvel";NA;1;NA;NA;1;NA;NA;NA;NA;NA;NA;NA;NA;NA;NA;NA;NA;NA;NA;NA;NA;NA;NA;NA;NA
23;"CE";2304905;"230490";"Groaíras";"Não";"Região Metropolitana de Sobral";"Ocupantes de automóvel";NA;NA;NA;NA;NA;2;NA;NA;NA;NA;NA;NA;NA;NA;NA;NA;NA;NA;NA;NA;NA;NA;1;NA;NA
23;"CE";2304954;"230495";"Guaiúba";"Não";"Região Metropolitana de Fortaleza";"Ocupantes de automóvel";NA;NA;1;NA;NA;NA;1;2;2;NA;NA;1;1;1;1;2;NA;1;1;NA;NA;NA;NA;NA;NA
23;"CE";2305001;"230500";"Guaraciaba do Norte";"Não";"-";"Ocupantes de automóvel";1;NA;1;NA;4;1;NA;1;NA;NA;1;NA;NA;NA;NA;2;NA;NA;NA;NA;NA;NA;NA;1;NA
23;"CE";2305100;"230510";"Guaramiranga";"Não";"-";"Ocupantes de automóvel";NA;NA;NA;NA;NA;NA;NA;NA;NA;NA;NA;NA;NA;NA;NA;NA;NA;NA;NA;NA;NA;NA;NA;1;NA
23;"CE";2305209;"230520";"Hidrolândia";"Não";"-";"Ocupantes de automóvel";NA;NA;NA;NA;NA;3;1;NA;NA;NA;NA;NA;NA;NA;NA;1;NA;NA;NA;NA;NA;NA;1;NA;NA
23;"CE";2305233;"230523";"Horizonte";"Não";"Região Metropolitana de Fortaleza";"Ocupantes de automóvel";NA;NA;NA;1;NA;NA;NA;1;4;NA;1;1;NA;4;2;2;2;NA;1;NA;NA;NA;NA;NA;NA
23;"CE";2305266;"230526";"Ibaretama";"Não";"-";"Ocupantes de automóvel";NA;NA;NA;NA;NA;NA;NA;NA;1;NA;1;NA;NA;NA;NA;NA;NA;NA;NA;NA;NA;3;NA;2;NA
23;"CE";2305308;"230530";"Ibiapina";"Não";"-";"Ocupantes de automóvel";NA;NA;NA;2;NA;NA;NA;NA;NA;NA;1;NA;NA;NA;NA;NA;NA;1;NA;2;NA;NA;1;NA;NA
23;"CE";2305332;"230533";"Ibicuitinga";"Não";"-";"Ocupantes de automóvel";NA;NA;NA;NA;NA;NA;NA;NA;NA;NA;NA;NA;NA;NA;NA;NA;NA;NA;NA;NA;NA;1;1;NA;NA
23;"CE";2305357;"230535";"Icapuí";"Não";"-";"Ocupantes de automóvel";NA;NA;1;NA;1;NA;NA;NA;NA;NA;NA;NA;NA;NA;NA;2;2;NA;NA;NA;NA;NA;NA;NA;NA
23;"CE";2305407;"230540";"Icó";"Não";"-";"Ocupantes de automóvel";NA;NA;1;NA;2;NA;1;NA;1;2;NA;NA;1;NA;1;1;12;9;10;6;8;6;2;NA;NA
23;"CE";2305506;"230550";"Iguatu";"Não";"-";"Ocupantes de automóvel";1;1;2;1;NA;NA;NA;2;3;NA;NA;NA;2;2;1;5;3;4;5;3;6;6;NA;NA;NA
23;"CE";2305605;"230560";"Independência";"Não";"-";"Ocupantes de automóvel";NA;NA;NA;1;1;1;1;1;NA;4;NA;NA;NA;NA;NA;NA;NA;NA;3;1;3;NA;NA;NA;NA
23;"CE";2305654;"230565";"Ipaporanga";"Não";"-";"Ocupantes de automóvel";NA;NA;1;NA;NA;NA;NA;NA;NA;NA;NA;NA;NA;NA;NA;NA;NA;NA;NA;NA;NA;NA;NA;2;NA
23;"CE";2305704;"230570";"Ipaumirim";"Não";"-";"Ocupantes de automóvel";NA;NA;NA;NA;NA;NA;NA;NA;2;NA;NA;NA;NA;NA;NA;NA;3;3;1;NA;NA;2;NA;NA;NA
23;"CE";2305803;"230580";"Ipu";"Não";"-";"Ocupantes de automóvel";1;NA;NA;NA;NA;NA;1;NA;NA;2;NA;NA;NA;NA;NA;NA;NA;NA;NA;NA;NA;1;NA;NA;NA
23;"CE";2305902;"230590";"Ipueiras";"Não";"-";"Ocupantes de automóvel";1;NA;NA;1;NA;NA;NA;NA;NA;NA;NA;NA;NA;NA;NA;1;NA;NA;NA;2;NA;NA;NA;NA;NA
23;"CE";2306009;"230600";"Iracema";"Não";"-";"Ocupantes de automóvel";NA;NA;NA;NA;NA;NA;NA;NA;NA;NA;NA;NA;1;NA;NA;NA;NA;NA;NA;NA;NA;NA;NA;NA;NA
23;"CE";2306108;"230610";"Irauçuba";"Não";"-";"Ocupantes de automóvel";NA;NA;1;NA;NA;2;NA;NA;1;1;6;1;3;NA;NA;NA;NA;NA;NA;NA;NA;NA;NA;NA;NA
23;"CE";2306207;"230620";"Itaiçaba";"Não";"-";"Ocupantes de automóvel";NA;NA;NA;NA;NA;NA;NA;1;NA;NA;NA;NA;NA;NA;NA;NA;NA;NA;NA;NA;NA;NA;NA;NA;NA
23;"CE";2306256;"230625";"Itaitinga";"Não";"Região Metropolitana de Fortaleza";"Ocupantes de automóvel";1;NA;NA;NA;2;NA;1;NA;NA;2;NA;1;1;NA;1;NA;1;NA;1;NA;NA;NA;NA;NA;NA
23;"CE";2306306;"230630";"Itapajé";"Não";"-";"Ocupantes de automóvel";2;NA;NA;1;1;NA;NA;NA;1;NA;NA;NA;NA;NA;NA;1;1;4;NA;2;1;8;NA;NA;NA
23;"CE";2306405;"230640";"Itapipoca";"Não";"-";"Ocupantes de automóvel";6;1;NA;1;1;2;NA;NA;3;1;8;3;2;NA;3;2;3;2;6;NA;NA;2;1;NA;NA
23;"CE";2306504;"230650";"Itapiúna";"Não";"-";"Ocupantes de automóvel";NA;NA;NA;1;NA;NA;NA;NA;NA;1;NA;NA;NA;NA;NA;NA;NA;NA;NA;NA;NA;NA;NA;NA;NA
23;"CE";2306553;"230655";"Itarema";"Não";"-";"Ocupantes de automóvel";NA;NA;NA;NA;NA;NA;NA;1;NA;NA;NA;NA;NA;1;NA;NA;NA;NA;NA;NA;4;1;NA;NA;NA
23;"CE";2306603;"230660";"Itatira";"Não";"-";"Ocupantes de automóvel";NA;NA;NA;NA;NA;1;NA;NA;2;NA;NA;NA;NA;NA;NA;NA;NA;NA;NA;NA;NA;NA;NA;NA;NA
23;"CE";2306702;"230670";"Jaguaretama";"Não";"-";"Ocupantes de automóvel";NA;NA;1;NA;NA;NA;NA;NA;NA;NA;1;NA;NA;NA;NA;1;NA;NA;NA;1;NA;3;1;1;NA
23;"CE";2306801;"230680";"Jaguaribara";"Não";"-";"Ocupantes de automóvel";NA;NA;NA;NA;NA;NA;NA;NA;1;NA;2;NA;NA;NA;1;NA;2;1;NA;1;NA;NA;NA;NA;NA
23;"CE";2306900;"230690";"Jaguaribe";"Não";"-";"Ocupantes de automóvel";1;1;1;NA;2;NA;1;NA;1;2;3;1;NA;NA;NA;NA;6;9;7;6;8;4;NA;NA;NA
23;"CE";2307007;"230700";"Jaguaruana";"Não";"-";"Ocupantes de automóvel";NA;NA;NA;NA;1;NA;NA;1;1;NA;NA;NA;NA;NA;NA;NA;1;1;NA;NA;NA;NA;NA;NA;NA
23;"CE";2307106;"230710";"Jardim";"Não";"Região Metropolitana do Cariri";"Ocupantes de automóvel";1;NA;NA;NA;NA;NA;NA;NA;NA;NA;NA;NA;NA;NA;NA;NA;NA;NA;NA;NA;NA;1;NA;NA;NA
23;"CE";2307205;"230720";"Jati";"Não";"-";"Ocupantes de automóvel";NA;NA;NA;NA;NA;NA;NA;NA;NA;NA;NA;NA;NA;NA;NA;NA;NA;1;NA;NA;NA;NA;NA;NA;NA
23;"CE";2307254;"230725";"Jijoca de Jericoacoara";"Não";"-";"Ocupantes de automóvel";NA;NA;NA;NA;NA;NA;NA;NA;NA;1;NA;NA;NA;NA;NA;NA;NA;NA;NA;NA;NA;NA;NA;NA;NA
23;"CE";2307304;"230730";"Juazeiro do Norte";"Não";"Região Metropolitana do Cariri";"Ocupantes de automóvel";4;4;NA;NA;2;NA;1;1;1;1;NA;NA;NA;NA;NA;NA;NA;3;3;NA;NA;NA;2;NA;NA
23;"CE";2307403;"230740";"Jucás";"Não";"-";"Ocupantes de automóvel";NA;NA;NA;NA;NA;1;NA;NA;NA;NA;NA;2;1;NA;1;NA;2;5;4;NA;2;4;1;NA;NA
23;"CE";2307502;"230750";"Lavras da Mangabeira";"Não";"-";"Ocupantes de automóvel";NA;NA;NA;1;NA;NA;NA;NA;NA;NA;NA;NA;NA;NA;NA;NA;NA;NA;NA;NA;1;1;1;1;NA
23;"CE";2307601;"230760";"Limoeiro do Norte";"Não";"-";"Ocupantes de automóvel";1;NA;NA;NA;NA;NA;NA;NA;1;1;3;NA;NA;NA;NA;NA;NA;NA;NA;NA;1;NA;NA;3;NA
23;"CE";2307635;"230763";"Madalena";"Não";"-";"Ocupantes de automóvel";NA;NA;NA;NA;NA;NA;NA;NA;NA;NA;1;NA;NA;NA;NA;NA;1;NA;NA;1;NA;NA;NA;NA;NA
23;"CE";2307650;"230765";"Maracanaú";"Não";"Região Metropolitana de Fortaleza";"Ocupantes de automóvel";NA;1;NA;1;1;1;1;1;7;3;1;1;2;2;1;2;3;1;NA;NA;NA;NA;NA;NA;NA
23;"CE";2307700;"230770";"Maranguape";"Não";"Região Metropolitana de Fortaleza";"Ocupantes de automóvel";NA;2;NA;NA;4;2;5;3;2;3;NA;1;2;3;1;4;4;1;1;1;NA;NA;NA;NA;NA
23;"CE";2307809;"230780";"Marco";"Não";"-";"Ocupantes de automóvel";NA;NA;NA;1;NA;NA;1;NA;NA;NA;NA;NA;NA;NA;1;NA;NA;NA;NA;NA;NA;NA;NA;NA;NA
23;"CE";2307908;"230790";"Martinópole";"Não";"-";"Ocupantes de automóvel";NA;NA;NA;NA;NA;NA;NA;NA;NA;NA;NA;NA;NA;NA;NA;NA;NA;2;NA;NA;NA;NA;1;NA;NA
23;"CE";2308005;"230800";"Massapê";"Não";"Região Metropolitana de Sobral";"Ocupantes de automóvel";NA;NA;NA;NA;2;NA;NA;1;NA;1;1;2;NA;NA;1;NA;NA;NA;NA;NA;NA;1;1;NA;NA
23;"CE";2308104;"230810";"Mauriti";"Não";"-";"Ocupantes de automóvel";NA;1;1;NA;NA;1;NA;NA;NA;NA;NA;NA;NA;1;NA;NA;NA;NA;NA;NA;NA;NA;NA;NA;NA
23;"CE";2308203;"230820";"Meruoca";"Não";"Região Metropolitana de Sobral";"Ocupantes de automóvel";NA;NA;NA;NA;NA;NA;NA;NA;NA;NA;NA;NA;NA;NA;NA;NA;NA;NA;1;NA;NA;NA;NA;NA;NA
23;"CE";2308302;"230830";"Milagres";"Não";"-";"Ocupantes de automóvel";NA;NA;1;1;1;NA;NA;NA;NA;2;3;NA;NA;NA;NA;NA;NA;NA;NA;NA;NA;NA;NA;NA;NA
23;"CE";2308351;"230835";"Milhã";"Não";"-";"Ocupantes de automóvel";NA;NA;NA;NA;NA;NA;NA;1;NA;NA;NA;NA;NA;NA;NA;NA;NA;NA;1;4;1;NA;NA;2;NA
23;"CE";2308377;"230837";"Miraíma";"Não";"-";"Ocupantes de automóvel";NA;NA;NA;NA;NA;NA;NA;NA;NA;NA;NA;NA;NA;NA;NA;NA;NA;NA;NA;NA;NA;NA;NA;NA;NA
23;"CE";2308401;"230840";"Missão Velha";"Não";"Região Metropolitana do Cariri";"Ocupantes de automóvel";NA;NA;1;NA;1;2;NA;NA;NA;NA;NA;NA;NA;NA;NA;NA;NA;NA;NA;NA;NA;NA;NA;NA;NA
23;"CE";2308500;"230850";"Mombaça";"Não";"-";"Ocupantes de automóvel";2;1;NA;NA;1;NA;1;2;NA;NA;NA;NA;NA;NA;NA;NA;2;NA;1;1;NA;NA;NA;2;NA
23;"CE";2308609;"230860";"Monsenhor Tabosa";"Não";"-";"Ocupantes de automóvel";NA;NA;NA;NA;1;NA;1;NA;NA;NA;NA;NA;NA;NA;NA;NA;NA;NA;NA;NA;NA;NA;NA;NA;NA
23;"CE";2308708;"230870";"Morada Nova";"Não";"-";"Ocupantes de automóvel";NA;1;1;NA;2;NA;NA;1;1;2;NA;NA;NA;1;1;1;NA;2;2;1;3;6;NA;3;NA
23;"CE";2308807;"230880";"Moraújo";"Não";"Região Metropolitana de Sobral";"Ocupantes de automóvel";NA;NA;NA;NA;NA;NA;NA;NA;NA;1;NA;3;NA;NA;NA;NA;NA;NA;NA;NA;NA;NA;NA;NA;NA
23;"CE";2308906;"230890";"Morrinhos";"Não";"-";"Ocupantes de automóvel";NA;NA;NA;NA;NA;NA;NA;NA;NA;NA;NA;6;NA;NA;NA;NA;NA;NA;NA;NA;NA;NA;2;NA;NA
23;"CE";2309003;"230900";"Mucambo";"Não";"Região Metropolitana de Sobral";"Ocupantes de automóvel";NA;NA;NA;1;1;NA;NA;NA;NA;2;NA;NA;2;NA;NA;1;NA;NA;NA;1;NA;NA;NA;NA;NA
23;"CE";2309102;"230910";"Mulungu";"Não";"-";"Ocupantes de automóvel";NA;NA;NA;NA;NA;NA;NA;NA;1;NA;NA;NA;NA;NA;NA;NA;NA;NA;NA;NA;NA;NA;NA;NA;NA
23;"CE";2309201;"230920";"Nova Olinda";"Não";"Região Metropolitana do Cariri";"Ocupantes de automóvel";NA;NA;NA;1;1;NA;1;NA;NA;NA;1;NA;NA;NA;NA;NA;NA;NA;NA;NA;NA;NA;NA;NA;NA
23;"CE";2309300;"230930";"Nova Russas";"Não";"-";"Ocupantes de automóvel";1;2;NA;NA;NA;NA;2;NA;NA;NA;NA;NA;NA;NA;NA;3;NA;1;1;1;NA;2;1;NA;NA
23;"CE";2309409;"230940";"Novo Oriente";"Não";"-";"Ocupantes de automóvel";NA;NA;1;NA;NA;1;NA;NA;NA;NA;NA;NA;NA;NA;NA;NA;NA;1;NA;1;NA;1;NA;NA;NA
23;"CE";2309458;"230945";"Ocara";"Não";"-";"Ocupantes de automóvel";1;NA;NA;NA;1;NA;NA;3;1;NA;NA;2;NA;NA;NA;NA;2;1;NA;NA;NA;NA;NA;1;NA
23;"CE";2309508;"230950";"Orós";"Não";"-";"Ocupantes de automóvel";NA;NA;1;NA;2;NA;NA;NA;NA;NA;NA;NA;NA;2;NA;NA;NA;2;2;2;3;11;1;1;NA
23;"CE";2309607;"230960";"Pacajus";"Não";"Região Metropolitana de Fortaleza";"Ocupantes de automóvel";2;NA;NA;1;2;NA;NA;1;4;NA;NA;2;5;NA;1;NA;3;NA;2;1;NA;NA;1;NA;NA
23;"CE";2309706;"230970";"Pacatuba";"Não";"Região Metropolitana de Fortaleza";"Ocupantes de automóvel";NA;1;NA;1;1;2;NA;1;2;3;NA;1;NA;3;1;NA;1;NA;NA;1;NA;NA;NA;NA;NA
23;"CE";2309805;"230980";"Pacoti";"Não";"-";"Ocupantes de automóvel";NA;NA;NA;NA;NA;NA;NA;NA;NA;NA;1;NA;NA;NA;NA;NA;NA;NA;NA;NA;NA;NA;NA;NA;NA
23;"CE";2309904;"230990";"Pacujá";"Não";"Região Metropolitana de Sobral";"Ocupantes de automóvel";NA;NA;NA;NA;NA;NA;NA;NA;NA;NA;NA;NA;NA;NA;NA;NA;NA;1;NA;NA;NA;NA;NA;NA;NA
23;"CE";2310001;"231000";"Palhano";"Não";"-";"Ocupantes de automóvel";NA;NA;NA;NA;NA;NA;NA;NA;NA;1;NA;NA;NA;NA;1;NA;NA;NA;NA;NA;NA;NA;NA;NA;NA
23;"CE";2310100;"231010";"Palmácia";"Não";"-";"Ocupantes de automóvel";NA;NA;1;NA;NA;NA;NA;NA;NA;NA;NA;NA;NA;NA;NA;NA;1;NA;NA;NA;NA;NA;NA;NA;NA
23;"CE";2310209;"231020";"Paracuru";"Não";"Região Metropolitana de Fortaleza";"Ocupantes de automóvel";NA;NA;1;NA;1;1;2;1;1;NA;NA;NA;1;NA;NA;1;2;1;NA;NA;NA;NA;NA;NA;NA
23;"CE";2310258;"231025";"Paraipaba";"Não";"Região Metropolitana de Fortaleza";"Ocupantes de automóvel";NA;NA;1;NA;1;NA;NA;1;1;2;NA;1;2;1;1;NA;NA;NA;NA;NA;NA;NA;NA;NA;NA
23;"CE";2310308;"231030";"Parambu";"Não";"-";"Ocupantes de automóvel";NA;NA;NA;NA;NA;NA;2;NA;1;NA;NA;NA;1;NA;NA;NA;NA;1;NA;2;1;NA;NA;NA;NA
23;"CE";2310506;"231050";"Pedra Branca";"Não";"-";"Ocupantes de automóvel";NA;NA;1;NA;1;NA;NA;NA;1;NA;2;NA;NA;NA;NA;NA;2;3;2;2;2;1;NA;NA;NA
23;"CE";2310605;"231060";"Penaforte";"Não";"-";"Ocupantes de automóvel";NA;NA;NA;NA;NA;NA;NA;1;NA;NA;NA;NA;NA;NA;NA;NA;NA;NA;NA;1;NA;NA;NA;NA;NA
23;"CE";2310704;"231070";"Pentecoste";"Não";"-";"Ocupantes de automóvel";NA;1;NA;1;NA;1;NA;1;3;NA;NA;1;NA;1;NA;1;2;1;NA;NA;NA;NA;NA;NA;NA
23;"CE";2310803;"231080";"Pereiro";"Não";"-";"Ocupantes de automóvel";NA;NA;NA;NA;NA;NA;NA;NA;NA;NA;NA;NA;NA;NA;NA;1;1;1;4;3;2;2;2;NA;NA
23;"CE";2310852;"231085";"Pindoretama";"Não";"Região Metropolitana de Fortaleza";"Ocupantes de automóvel";NA;NA;1;1;NA;NA;1;NA;2;NA;NA;NA;NA;NA;NA;NA;NA;1;NA;NA;NA;NA;NA;NA;NA
23;"CE";2310902;"231090";"Piquet Carneiro";"Não";"-";"Ocupantes de automóvel";NA;NA;NA;1;NA;1;NA;NA;NA;1;NA;1;NA;NA;NA;1;2;NA;NA;2;NA;1;NA;1;NA
23;"CE";2310951;"231095";"Pires Ferreira";"Não";"Região Metropolitana de Sobral";"Ocupantes de automóvel";NA;NA;NA;NA;NA;NA;NA;NA;NA;NA;NA;NA;NA;NA;NA;NA;NA;NA;NA;NA;NA;NA;NA;NA;NA
23;"CE";2311009;"231100";"Poranga";"Não";"-";"Ocupantes de automóvel";NA;NA;NA;NA;NA;NA;NA;NA;NA;NA;NA;NA;NA;NA;NA;NA;NA;NA;NA;NA;NA;NA;NA;NA;NA
23;"CE";2311108;"231110";"Porteiras";"Não";"-";"Ocupantes de automóvel";NA;NA;NA;NA;1;NA;NA;NA;NA;NA;NA;1;NA;NA;NA;NA;NA;NA;NA;NA;NA;NA;NA;NA;NA
23;"CE";2311207;"231120";"Potengi";"Não";"-";"Ocupantes de automóvel";NA;1;NA;NA;NA;NA;NA;NA;NA;NA;NA;NA;NA;NA;NA;NA;NA;NA;NA;NA;NA;NA;NA;NA;NA
23;"CE";2311231;"231123";"Potiretama";"Não";"-";"Ocupantes de automóvel";NA;NA;1;NA;NA;NA;NA;1;NA;NA;NA;NA;NA;NA;NA;NA;NA;NA;NA;NA;NA;NA;NA;NA;NA
23;"CE";2311264;"231126";"Quiterianópolis";"Não";"-";"Ocupantes de automóvel";NA;NA;NA;NA;NA;1;1;NA;NA;NA;NA;NA;NA;NA;NA;1;NA;NA;NA;NA;1;NA;NA;NA;NA
23;"CE";2311306;"231130";"Quixadá";"Não";"-";"Ocupantes de automóvel";1;NA;2;16;2;3;5;2;1;NA;2;NA;NA;NA;NA;NA;NA;NA;NA;NA;NA;NA;3;8;NA
23;"CE";2311355;"231135";"Quixelô";"Não";"-";"Ocupantes de automóvel";NA;NA;NA;NA;NA;NA;NA;NA;NA;NA;NA;NA;1;NA;NA;NA;2;NA;NA;2;2;3;NA;1;NA
23;"CE";2311405;"231140";"Quixeramobim";"Não";"-";"Ocupantes de automóvel";NA;NA;NA;1;1;NA;NA;5;4;2;1;NA;NA;NA;NA;NA;NA;1;NA;2;1;4;1;NA;NA
23;"CE";2311504;"231150";"Quixeré";"Não";"-";"Ocupantes de automóvel";1;NA;1;NA;NA;NA;1;NA;NA;1;NA;NA;NA;NA;NA;2;NA;NA;NA;1;1;NA;NA;NA;NA
23;"CE";2311603;"231160";"Redenção";"Não";"-";"Ocupantes de automóvel";NA;NA;1;1;NA;1;NA;1;1;1;NA;NA;1;NA;NA;NA;NA;NA;NA;NA;NA;NA;NA;NA;NA
23;"CE";2311702;"231170";"Reriutaba";"Não";"Região Metropolitana de Sobral";"Ocupantes de automóvel";1;NA;NA;NA;NA;2;NA;NA;NA;1;1;NA;NA;NA;NA;NA;NA;NA;NA;NA;NA;NA;1;NA;NA
23;"CE";2311801;"231180";"Russas";"Não";"-";"Ocupantes de automóvel";1;2;1;4;1;2;1;1;2;2;4;NA;1;5;4;NA;1;NA;NA;1;NA;2;NA;1;NA
23;"CE";2311900;"231190";"Saboeiro";"Não";"-";"Ocupantes de automóvel";NA;NA;1;NA;NA;NA;NA;NA;NA;NA;NA;2;NA;NA;NA;NA;1;2;5;NA;1;2;NA;NA;NA
23;"CE";2311959;"231195";"Salitre";"Não";"-";"Ocupantes de automóvel";NA;NA;NA;1;1;1;NA;NA;NA;NA;1;NA;NA;NA;NA;NA;NA;NA;NA;NA;NA;NA;NA;1;NA
23;"CE";2312007;"231200";"Santana do Acaraú";"Não";"Região Metropolitana de Sobral";"Ocupantes de automóvel";1;NA;NA;NA;NA;NA;NA;NA;NA;NA;NA;5;NA;NA;1;NA;1;NA;NA;NA;NA;1;NA;1;NA
23;"CE";2312106;"231210";"Santana do Cariri";"Não";"Região Metropolitana do Cariri";"Ocupantes de automóvel";NA;NA;1;NA;NA;NA;NA;NA;1;NA;NA;NA;NA;NA;NA;NA;NA;NA;NA;NA;NA;NA;NA;NA;NA
23;"CE";2312205;"231220";"Santa Quitéria";"Não";"-";"Ocupantes de automóvel";1;NA;NA;2;NA;1;1;1;2;1;NA;NA;1;NA;NA;1;NA;NA;NA;NA;NA;NA;NA;NA;NA
23;"CE";2312304;"231230";"São Benedito";"Não";"-";"Ocupantes de automóvel";1;NA;1;NA;NA;NA;NA;1;6;NA;3;NA;NA;NA;1;2;NA;NA;1;NA;NA;1;2;1;NA
23;"CE";2312403;"231240";"São Gonçalo do Amarante";"Não";"Região Metropolitana de Fortaleza";"Ocupantes de automóvel";NA;1;4;3;NA;NA;2;NA;4;NA;NA;3;4;1;2;2;5;1;2;4;NA;NA;NA;NA;NA
23;"CE";2312502;"231250";"São João do Jaguaribe";"Não";"-";"Ocupantes de automóvel";NA;NA;NA;NA;1;NA;NA;NA;NA;NA;NA;NA;NA;NA;NA;NA;NA;NA;NA;NA;NA;NA;NA;NA;NA
23;"CE";2312601;"231260";"São Luís do Curu";"Não";"Região Metropolitana de Fortaleza";"Ocupantes de automóvel";NA;NA;3;NA;NA;NA;1;2;1;NA;NA;NA;NA;NA;NA;NA;NA;NA;2;NA;NA;NA;NA;NA;NA
23;"CE";2312700;"231270";"Senador Pompeu";"Não";"-";"Ocupantes de automóvel";2;NA;NA;NA;2;NA;NA;NA;2;NA;4;NA;NA;NA;NA;NA;NA;NA;1;2;NA;3;NA;NA;NA
23;"CE";2312809;"231280";"Senador Sá";"Não";"Região Metropolitana de Sobral";"Ocupantes de automóvel";NA;NA;1;NA;NA;NA;NA;NA;NA;NA;NA;NA;NA;NA;NA;NA;NA;NA;NA;NA;NA;NA;NA;NA;NA
23;"CE";2312908;"231290";"Sobral";"Não";"Região Metropolitana de Sobral";"Ocupantes de automóvel";2;1;5;1;4;12;3;7;8;4;11;6;3;11;5;11;13;13;19;4;3;16;5;12;NA
23;"CE";2313005;"231300";"Solonópole";"Não";"-";"Ocupantes de automóvel";NA;NA;1;NA;NA;NA;NA;2;1;NA;NA;1;NA;NA;NA;NA;NA;NA;NA;1;NA;NA;1;5;NA
23;"CE";2313104;"231310";"Tabuleiro do Norte";"Não";"-";"Ocupantes de automóvel";NA;NA;NA;NA;NA;1;1;NA;NA;NA;NA;NA;NA;NA;NA;NA;NA;NA;NA;1;NA;2;1;4;NA
23;"CE";2313203;"231320";"Tamboril";"Não";"-";"Ocupantes de automóvel";NA;1;2;1;NA;NA;NA;1;NA;NA;NA;NA;NA;NA;NA;NA;NA;NA;NA;NA;NA;1;1;NA;NA
23;"CE";2313252;"231325";"Tarrafas";"Não";"-";"Ocupantes de automóvel";NA;NA;NA;NA;NA;NA;NA;NA;NA;NA;NA;NA;NA;NA;NA;NA;NA;1;NA;1;NA;1;NA;NA;NA
23;"CE";2313302;"231330";"Tauá";"Não";"-";"Ocupantes de automóvel";NA;NA;2;NA;2;NA;NA;NA;NA;1;1;NA;NA;NA;NA;1;3;3;2;NA;NA;1;1;2;NA
23;"CE";2313351;"231335";"Tejuçuoca";"Não";"-";"Ocupantes de automóvel";NA;NA;1;NA;NA;NA;NA;NA;NA;NA;NA;NA;NA;NA;NA;NA;NA;NA;1;NA;NA;NA;NA;1;NA
23;"CE";2313401;"231340";"Tianguá";"Não";"-";"Ocupantes de automóvel";NA;1;NA;1;NA;2;NA;1;2;2;2;2;1;4;5;2;NA;1;1;2;NA;3;6;1;NA
23;"CE";2313500;"231350";"Trairi";"Não";"Região Metropolitana de Fortaleza";"Ocupantes de automóvel";NA;NA;NA;3;3;2;NA;NA;NA;2;1;NA;NA;NA;1;3;1;1;1;NA;NA;NA;NA;NA;NA
23;"CE";2313559;"231355";"Tururu";"Não";"-";"Ocupantes de automóvel";NA;1;NA;NA;NA;NA;NA;1;NA;NA;NA;NA;NA;NA;NA;NA;1;NA;1;NA;NA;NA;NA;NA;NA
23;"CE";2313609;"231360";"Ubajara";"Não";"-";"Ocupantes de automóvel";NA;NA;1;1;NA;2;NA;NA;2;NA;NA;NA;NA;2;2;NA;1;1;NA;NA;NA;NA;NA;NA;NA
23;"CE";2313708;"231370";"Umari";"Não";"-";"Ocupantes de automóvel";NA;NA;NA;NA;NA;NA;NA;1;NA;NA;NA;NA;NA;NA;NA;1;NA;NA;3;1;2;NA;1;NA;NA
23;"CE";2313757;"231375";"Umirim";"Não";"-";"Ocupantes de automóvel";NA;NA;1;NA;NA;NA;1;NA;4;NA;NA;NA;1;NA;1;NA;2;NA;1;NA;NA;NA;1;NA;NA
23;"CE";2313807;"231380";"Uruburetama";"Não";"-";"Ocupantes de automóvel";NA;NA;NA;NA;NA;1;1;NA;NA;NA;NA;1;NA;NA;1;NA;NA;NA;NA;NA;NA;NA;NA;NA;NA
23;"CE";2313906;"231390";"Uruoca";"Não";"-";"Ocupantes de automóvel";NA;NA;NA;NA;2;NA;NA;1;1;NA;NA;1;NA;NA;1;NA;NA;2;NA;NA;NA;NA;NA;NA;NA
23;"CE";2313955;"231395";"Varjota";"Não";"Região Metropolitana de Sobral";"Ocupantes de automóvel";NA;NA;1;NA;1;NA;NA;NA;1;2;2;1;NA;NA;NA;1;1;NA;NA;NA;NA;NA;NA;NA;NA
23;"CE";2314003;"231400";"Várzea Alegre";"Não";"-";"Ocupantes de automóvel";1;NA;1;NA;NA;NA;NA;NA;2;NA;NA;NA;NA;NA;NA;1;5;1;7;6;5;3;1;NA;NA
23;"CE";2314102;"231410";"Viçosa do Ceará";"Não";"-";"Ocupantes de automóvel";NA;NA;NA;NA;1;NA;NA;2;NA;1;2;NA;NA;2;3;NA;1;1;NA;NA;NA;NA;3;NA;NA
24;"RN";2400109;"240010";"Acari";"Não";"-";"Ocupantes de automóvel";NA;1;1;NA;1;NA;1;NA;NA;NA;NA;NA;NA;NA;NA;2;NA;NA;NA;NA;NA;NA;NA;NA;NA
24;"RN";2400208;"240020";"Açu";"Não";"-";"Ocupantes de automóvel";1;NA;1;4;6;4;1;3;1;2;3;2;4;5;2;3;2;1;NA;1;1;NA;1;3;NA
24;"RN";2400307;"240030";"Afonso Bezerra";"Não";"-";"Ocupantes de automóvel";NA;NA;NA;NA;NA;3;1;1;NA;NA;NA;NA;1;4;NA;NA;NA;NA;NA;NA;NA;NA;NA;NA;NA
24;"RN";2400505;"240050";"Alexandria";"Não";"-";"Ocupantes de automóvel";NA;NA;NA;NA;NA;1;NA;NA;NA;NA;NA;NA;NA;NA;NA;NA;NA;NA;NA;1;NA;NA;NA;NA;NA
24;"RN";2400604;"240060";"Almino Afonso";"Não";"-";"Ocupantes de automóvel";NA;1;NA;NA;NA;NA;NA;NA;NA;NA;NA;NA;NA;NA;NA;NA;NA;NA;NA;NA;NA;NA;NA;NA;NA
24;"RN";2400703;"240070";"Alto do Rodrigues";"Não";"-";"Ocupantes de automóvel";NA;1;NA;NA;NA;1;NA;NA;1;NA;1;1;NA;NA;NA;1;NA;NA;NA;NA;NA;NA;NA;NA;NA
24;"RN";2400802;"240080";"Angicos";"Não";"-";"Ocupantes de automóvel";1;NA;3;NA;1;NA;NA;NA;4;2;NA;2;1;NA;NA;3;1;NA;NA;1;1;NA;1;NA;NA
24;"RN";2400901;"240090";"Antônio Martins";"Não";"-";"Ocupantes de automóvel";NA;NA;NA;NA;NA;NA;NA;NA;NA;NA;NA;NA;NA;NA;NA;NA;NA;NA;NA;NA;NA;NA;NA;NA;NA
24;"RN";2401008;"240100";"Apodi";"Não";"-";"Ocupantes de automóvel";NA;2;NA;NA;NA;NA;NA;1;NA;NA;2;2;NA;NA;NA;NA;1;NA;2;NA;NA;NA;NA;3;NA
24;"RN";2401107;"240110";"Areia Branca";"Não";"-";"Ocupantes de automóvel";NA;1;2;NA;NA;NA;NA;NA;NA;NA;1;NA;NA;1;NA;NA;1;1;1;NA;1;1;NA;NA;NA
24;"RN";2401206;"240120";"Arês";"Não";"Região Metropolitana de Natal";"Ocupantes de automóvel";NA;NA;NA;NA;2;1;NA;2;NA;NA;NA;NA;NA;NA;NA;NA;NA;NA;NA;NA;NA;NA;NA;NA;NA
24;"RN";2401305;"240130";"Campo Grande";"Não";"-";"Ocupantes de automóvel";NA;NA;NA;NA;NA;NA;NA;NA;NA;1;NA;NA;NA;NA;1;2;NA;NA;NA;NA;NA;NA;NA;NA;NA
24;"RN";2401404;"240140";"Baía Formosa";"Não";"-";"Ocupantes de automóvel";NA;NA;NA;NA;2;NA;1;NA;NA;NA;NA;NA;NA;NA;NA;NA;1;NA;NA;NA;NA;NA;NA;NA;NA
24;"RN";2401453;"240145";"Baraúna";"Não";"-";"Ocupantes de automóvel";NA;NA;2;NA;NA;2;4;1;1;NA;1;NA;1;NA;NA;NA;1;NA;2;NA;NA;2;NA;NA;NA
24;"RN";2401503;"240150";"Barcelona";"Não";"-";"Ocupantes de automóvel";NA;NA;NA;1;NA;NA;NA;NA;NA;NA;NA;NA;NA;NA;NA;2;NA;NA;NA;NA;NA;NA;NA;NA;NA
24;"RN";2401602;"240160";"Bento Fernandes";"Não";"-";"Ocupantes de automóvel";NA;NA;NA;NA;NA;NA;NA;NA;NA;1;1;1;1;NA;NA;NA;NA;1;NA;NA;NA;NA;NA;NA;NA
24;"RN";2401651;"240165";"Bodó";"Não";"-";"Ocupantes de automóvel";NA;NA;NA;NA;NA;NA;NA;NA;NA;NA;NA;NA;NA;NA;NA;NA;NA;NA;NA;NA;NA;NA;NA;NA;NA
24;"RN";2401701;"240170";"Bom Jesus";"Não";"Região Metropolitana de Natal";"Ocupantes de automóvel";NA;NA;2;1;1;2;NA;NA;NA;NA;NA;NA;NA;1;NA;NA;2;NA;NA;NA;NA;NA;NA;NA;NA
24;"RN";2401800;"240180";"Brejinho";"Não";"-";"Ocupantes de automóvel";1;NA;NA;NA;1;NA;NA;NA;NA;NA;1;1;NA;NA;NA;1;NA;2;NA;NA;1;NA;NA;NA;NA
24;"RN";2401859;"240185";"Caiçara do Norte";"Não";"-";"Ocupantes de automóvel";NA;1;NA;1;NA;1;1;NA;NA;NA;1;NA;NA;NA;NA;NA;NA;NA;NA;NA;NA;NA;NA;NA;NA
24;"RN";2401909;"240190";"Caiçara do Rio do Vento";"Não";"-";"Ocupantes de automóvel";NA;NA;1;1;NA;1;2;NA;1;2;1;1;NA;NA;2;NA;NA;3;NA;NA;4;NA;NA;NA;NA
24;"RN";2402006;"240200";"Caicó";"Não";"-";"Ocupantes de automóvel";1;NA;NA;NA;1;2;2;NA;1;NA;1;NA;1;1;NA;NA;NA;1;2;NA;NA;2;NA;NA;NA
24;"RN";2402105;"240210";"Campo Redondo";"Não";"-";"Ocupantes de automóvel";NA;NA;NA;NA;NA;1;NA;NA;NA;NA;NA;NA;NA;NA;NA;NA;NA;NA;NA;NA;NA;NA;NA;NA;NA
24;"RN";2402204;"240220";"Canguaretama";"Não";"-";"Ocupantes de automóvel";1;NA;3;NA;10;5;2;1;1;2;2;3;3;NA;1;NA;NA;1;1;1;NA;NA;NA;4;NA
24;"RN";2402303;"240230";"Caraúbas";"Não";"-";"Ocupantes de automóvel";1;NA;2;2;NA;NA;1;NA;NA;1;NA;NA;NA;NA;NA;NA;2;NA;2;NA;NA;NA;NA;NA;NA
24;"RN";2402402;"240240";"Carnaúba dos Dantas";"Não";"-";"Ocupantes de automóvel";NA;NA;NA;NA;1;NA;NA;1;1;NA;NA;NA;NA;NA;NA;NA;NA;NA;NA;NA;NA;NA;NA;NA;NA
24;"RN";2402501;"240250";"Carnaubais";"Não";"-";"Ocupantes de automóvel";NA;NA;NA;NA;NA;NA;NA;1;NA;NA;1;NA;NA;NA;NA;NA;NA;NA;NA;1;NA;NA;NA;NA;NA
24;"RN";2402600;"240260";"Ceará-Mirim";"Não";"Região Metropolitana de Natal";"Ocupantes de automóvel";1;2;1;3;2;NA;2;1;2;3;3;4;NA;9;2;1;NA;1;2;NA;NA;NA;NA;NA;NA
24;"RN";2402709;"240270";"Cerro Corá";"Não";"-";"Ocupantes de automóvel";NA;NA;NA;NA;NA;NA;NA;2;NA;NA;NA;NA;NA;1;NA;NA;NA;NA;1;NA;NA;NA;NA;NA;NA
24;"RN";2402808;"240280";"Coronel Ezequiel";"Não";"-";"Ocupantes de automóvel";NA;NA;NA;NA;NA;NA;NA;NA;NA;NA;1;NA;NA;NA;NA;NA;NA;NA;NA;NA;NA;NA;NA;NA;NA
24;"RN";2403004;"240300";"Cruzeta";"Não";"-";"Ocupantes de automóvel";NA;NA;NA;NA;NA;NA;NA;1;NA;NA;NA;1;NA;1;NA;NA;NA;NA;NA;NA;NA;NA;NA;NA;NA
24;"RN";2403103;"240310";"Currais Novos";"Não";"-";"Ocupantes de automóvel";1;1;1;NA;NA;NA;2;2;2;1;3;NA;1;1;1;1;2;1;NA;NA;1;1;NA;2;NA
24;"RN";2403251;"240325";"Parnamirim";"Não";"Região Metropolitana de Natal";"Ocupantes de automóvel";1;4;NA;NA;NA;2;3;NA;1;NA;1;1;1;3;2;NA;NA;NA;1;NA;NA;NA;NA;NA;NA
24;"RN";2403301;"240330";"Encanto";"Não";"-";"Ocupantes de automóvel";NA;NA;1;NA;NA;NA;NA;NA;NA;NA;NA;NA;NA;NA;NA;NA;NA;NA;NA;NA;NA;NA;NA;NA;NA
24;"RN";2403400;"240340";"Equador";"Não";"-";"Ocupantes de automóvel";NA;1;NA;NA;1;NA;1;1;NA;1;NA;NA;NA;NA;NA;NA;NA;NA;NA;NA;1;NA;NA;NA;NA
24;"RN";2403509;"240350";"Espírito Santo";"Não";"-";"Ocupantes de automóvel";NA;NA;NA;NA;NA;NA;NA;1;NA;NA;NA;NA;NA;NA;NA;NA;NA;NA;NA;NA;NA;NA;NA;NA;NA
24;"RN";2403608;"240360";"Extremoz";"Não";"Região Metropolitana de Natal";"Ocupantes de automóvel";NA;NA;1;NA;2;1;NA;NA;1;NA;1;NA;NA;NA;NA;1;NA;NA;NA;NA;NA;NA;NA;NA;NA
24;"RN";2403707;"240370";"Felipe Guerra";"Não";"-";"Ocupantes de automóvel";NA;NA;NA;NA;NA;1;NA;NA;NA;NA;NA;NA;NA;NA;NA;NA;1;2;NA;NA;NA;NA;NA;1;NA
24;"RN";2403756;"240375";"Fernando Pedroza";"Não";"-";"Ocupantes de automóvel";NA;1;NA;2;NA;NA;1;NA;NA;1;NA;1;NA;NA;NA;1;NA;NA;NA;NA;NA;NA;NA;NA;NA
24;"RN";2403806;"240380";"Florânia";"Não";"-";"Ocupantes de automóvel";NA;NA;NA;NA;NA;NA;NA;NA;NA;3;NA;NA;NA;NA;NA;NA;NA;NA;NA;NA;NA;NA;NA;1;NA
24;"RN";2403905;"240390";"Francisco Dantas";"Não";"-";"Ocupantes de automóvel";NA;NA;NA;NA;NA;NA;NA;NA;NA;2;NA;NA;NA;NA;NA;NA;NA;NA;NA;NA;NA;NA;NA;NA;NA
24;"RN";2404002;"240400";"Frutuoso Gomes";"Não";"-";"Ocupantes de automóvel";1;1;NA;NA;NA;NA;NA;NA;NA;NA;NA;NA;NA;NA;NA;NA;NA;NA;NA;NA;NA;NA;NA;NA;NA
24;"RN";2404101;"240410";"Galinhos";"Não";"-";"Ocupantes de automóvel";NA;NA;NA;NA;NA;NA;1;NA;NA;NA;NA;NA;NA;NA;NA;NA;NA;NA;NA;NA;NA;NA;NA;NA;NA
24;"RN";2404200;"240420";"Goianinha";"Não";"Região Metropolitana de Natal";"Ocupantes de automóvel";1;1;NA;NA;5;NA;3;1;4;2;1;1;1;2;1;1;NA;3;1;1;NA;NA;NA;NA;NA
24;"RN";2404309;"240430";"Governador Dix-Sept Rosado";"Não";"-";"Ocupantes de automóvel";NA;1;NA;NA;NA;NA;1;NA;NA;2;NA;NA;3;NA;NA;NA;NA;1;NA;NA;1;NA;NA;NA;NA
24;"RN";2404408;"240440";"Grossos";"Não";"-";"Ocupantes de automóvel";NA;NA;NA;NA;NA;NA;NA;NA;NA;NA;NA;NA;NA;1;NA;2;NA;NA;NA;NA;NA;1;NA;NA;NA
24;"RN";2404507;"240450";"Guamaré";"Não";"-";"Ocupantes de automóvel";2;NA;NA;1;2;NA;NA;2;5;NA;1;NA;4;NA;3;NA;4;1;1;2;NA;3;NA;NA;NA
24;"RN";2404606;"240460";"Ielmo Marinho";"Não";"Região Metropolitana de Natal";"Ocupantes de automóvel";NA;2;NA;NA;NA;NA;1;NA;NA;NA;1;NA;1;NA;NA;NA;1;NA;NA;2;NA;NA;NA;NA;NA
24;"RN";2404705;"240470";"Ipanguaçu";"Não";"-";"Ocupantes de automóvel";NA;NA;1;NA;1;NA;1;1;NA;NA;NA;1;NA;NA;NA;NA;NA;3;NA;NA;NA;NA;NA;NA;NA
24;"RN";2404804;"240480";"Ipueira";"Não";"-";"Ocupantes de automóvel";NA;NA;NA;NA;NA;NA;1;NA;1;NA;NA;NA;NA;NA;NA;NA;NA;NA;NA;NA;NA;NA;NA;NA;NA
24;"RN";2404853;"240485";"Itajá";"Não";"-";"Ocupantes de automóvel";2;NA;3;NA;NA;NA;NA;NA;NA;NA;NA;1;1;NA;NA;NA;NA;NA;1;1;NA;NA;NA;NA;NA
24;"RN";2404903;"240490";"Itaú";"Não";"-";"Ocupantes de automóvel";NA;NA;NA;NA;NA;NA;NA;NA;NA;NA;NA;NA;NA;NA;NA;NA;NA;NA;NA;NA;NA;NA;NA;NA;NA
24;"RN";2405009;"240500";"Jaçanã";"Não";"-";"Ocupantes de automóvel";2;NA;1;NA;2;NA;NA;NA;NA;NA;NA;NA;NA;NA;NA;NA;NA;NA;NA;NA;NA;NA;NA;NA;NA
24;"RN";2405108;"240510";"Jandaíra";"Não";"-";"Ocupantes de automóvel";NA;NA;NA;NA;2;1;NA;3;1;NA;4;3;1;3;5;1;NA;NA;NA;NA;NA;NA;NA;NA;NA
24;"RN";2405207;"240520";"Janduís";"Não";"-";"Ocupantes de automóvel";NA;NA;NA;1;NA;NA;NA;NA;NA;NA;NA;NA;NA;NA;NA;NA;NA;NA;NA;NA;NA;NA;NA;NA;NA
24;"RN";2405306;"240530";"Januário Cicco";"Não";"-";"Ocupantes de automóvel";NA;NA;1;NA;NA;NA;NA;1;NA;NA;NA;NA;NA;NA;NA;NA;NA;NA;NA;NA;NA;NA;NA;NA;NA
24;"RN";2405405;"240540";"Japi";"Não";"-";"Ocupantes de automóvel";NA;NA;NA;NA;NA;NA;NA;NA;NA;NA;NA;NA;NA;NA;1;1;NA;NA;NA;NA;NA;NA;NA;NA;NA
24;"RN";2405504;"240550";"Jardim de Angicos";"Não";"-";"Ocupantes de automóvel";NA;NA;NA;NA;NA;NA;NA;NA;NA;1;NA;NA;NA;NA;1;NA;NA;NA;NA;NA;1;NA;NA;NA;NA
24;"RN";2405603;"240560";"Jardim de Piranhas";"Não";"-";"Ocupantes de automóvel";NA;NA;NA;NA;1;NA;NA;1;NA;NA;NA;NA;NA;NA;NA;NA;NA;NA;NA;NA;NA;NA;NA;NA;NA
24;"RN";2405702;"240570";"Jardim do Seridó";"Não";"-";"Ocupantes de automóvel";NA;1;1;NA;NA;NA;NA;NA;NA;NA;NA;NA;NA;NA;NA;4;NA;NA;NA;NA;NA;NA;NA;NA;NA
24;"RN";2405801;"240580";"João Câmara";"Não";"-";"Ocupantes de automóvel";1;NA;1;3;3;3;3;1;3;2;NA;1;2;NA;NA;NA;1;2;7;NA;NA;1;1;NA;NA
24;"RN";2405900;"240590";"João Dias";"Não";"-";"Ocupantes de automóvel";NA;NA;NA;NA;NA;NA;NA;NA;NA;NA;NA;NA;NA;NA;NA;NA;NA;NA;NA;NA;NA;NA;1;NA;NA
24;"RN";2406007;"240600";"José da Penha";"Não";"-";"Ocupantes de automóvel";NA;NA;NA;NA;NA;NA;NA;NA;NA;NA;NA;NA;NA;NA;NA;NA;NA;NA;NA;NA;NA;NA;NA;NA;NA
24;"RN";2406106;"240610";"Jucurutu";"Não";"-";"Ocupantes de automóvel";3;1;NA;NA;NA;NA;2;2;4;1;NA;NA;NA;1;1;NA;NA;NA;NA;NA;NA;1;NA;NA;NA
24;"RN";2406155;"240615";"Jundiá";"Não";"-";"Ocupantes de automóvel";NA;NA;1;NA;NA;NA;NA;NA;NA;NA;1;NA;NA;NA;NA;NA;NA;NA;NA;NA;NA;NA;NA;NA;NA
24;"RN";2406205;"240620";"Lagoa d'Anta";"Não";"-";"Ocupantes de automóvel";NA;NA;NA;NA;NA;NA;NA;1;NA;2;NA;NA;NA;NA;NA;NA;NA;NA;NA;NA;NA;NA;NA;NA;NA
24;"RN";2406304;"240630";"Lagoa de Pedras";"Não";"-";"Ocupantes de automóvel";NA;NA;1;NA;NA;NA;2;NA;NA;NA;NA;1;1;NA;NA;NA;NA;NA;NA;NA;NA;NA;NA;NA;NA
24;"RN";2406403;"240640";"Lagoa de Velhos";"Não";"-";"Ocupantes de automóvel";NA;NA;NA;NA;1;NA;NA;NA;NA;NA;NA;NA;NA;NA;NA;NA;NA;NA;NA;NA;NA;NA;NA;NA;NA
24;"RN";2406502;"240650";"Lagoa Nova";"Não";"-";"Ocupantes de automóvel";NA;NA;NA;NA;NA;1;2;NA;NA;NA;NA;NA;NA;NA;1;NA;NA;NA;NA;NA;1;1;NA;NA;NA
24;"RN";2406601;"240660";"Lagoa Salgada";"Não";"-";"Ocupantes de automóvel";NA;NA;NA;NA;NA;NA;NA;NA;NA;NA;NA;NA;NA;NA;NA;NA;NA;NA;NA;NA;NA;NA;NA;NA;NA
24;"RN";2406700;"240670";"Lajes";"Não";"-";"Ocupantes de automóvel";NA;NA;1;2;2;1;NA;5;NA;NA;NA;NA;2;1;3;NA;NA;2;NA;NA;NA;1;NA;NA;NA
24;"RN";2406809;"240680";"Lajes Pintadas";"Não";"-";"Ocupantes de automóvel";NA;NA;NA;NA;NA;1;2;NA;NA;NA;NA;NA;NA;NA;NA;NA;NA;NA;NA;NA;1;1;NA;NA;NA
24;"RN";2407005;"240700";"Luís Gomes";"Não";"-";"Ocupantes de automóvel";5;NA;NA;NA;NA;NA;NA;NA;NA;NA;NA;NA;1;NA;2;NA;NA;NA;NA;NA;NA;NA;NA;NA;NA
24;"RN";2407104;"240710";"Macaíba";"Não";"Região Metropolitana de Natal";"Ocupantes de automóvel";2;4;1;NA;NA;NA;5;NA;NA;1;1;1;NA;NA;2;1;NA;1;1;1;NA;NA;NA;NA;NA
24;"RN";2407203;"240720";"Macau";"Não";"-";"Ocupantes de automóvel";NA;2;1;NA;NA;4;3;NA;NA;2;6;2;1;NA;NA;2;NA;2;NA;NA;NA;NA;NA;2;NA
24;"RN";2407252;"240725";"Major Sales";"Não";"-";"Ocupantes de automóvel";NA;NA;NA;NA;NA;1;NA;NA;NA;NA;NA;NA;NA;NA;NA;NA;NA;NA;NA;NA;NA;NA;NA;NA;NA
24;"RN";2407302;"240730";"Marcelino Vieira";"Não";"-";"Ocupantes de automóvel";1;NA;NA;NA;NA;NA;NA;NA;NA;NA;NA;NA;NA;NA;NA;NA;NA;NA;NA;NA;NA;NA;NA;NA;NA
24;"RN";2407401;"240740";"Martins";"Não";"-";"Ocupantes de automóvel";NA;NA;NA;1;NA;NA;NA;NA;NA;1;NA;NA;NA;NA;NA;NA;NA;NA;NA;NA;NA;NA;NA;NA;NA
24;"RN";2407500;"240750";"Maxaranguape";"Não";"Região Metropolitana de Natal";"Ocupantes de automóvel";NA;NA;NA;2;NA;NA;1;NA;1;NA;2;NA;NA;NA;NA;NA;1;NA;NA;NA;NA;NA;NA;NA;NA
24;"RN";2407708;"240770";"Montanhas";"Não";"-";"Ocupantes de automóvel";NA;1;NA;NA;NA;NA;NA;NA;NA;NA;NA;NA;NA;NA;NA;NA;NA;NA;NA;1;NA;NA;NA;NA;NA
24;"RN";2407807;"240780";"Monte Alegre";"Não";"Região Metropolitana de Natal";"Ocupantes de automóvel";NA;NA;1;2;2;NA;3;NA;1;NA;1;3;NA;NA;NA;1;NA;NA;1;1;2;NA;1;NA;NA
24;"RN";2407906;"240790";"Monte das Gameleiras";"Não";"-";"Ocupantes de automóvel";NA;1;NA;NA;NA;NA;NA;NA;1;NA;NA;NA;NA;NA;NA;NA;NA;NA;NA;NA;NA;NA;NA;NA;NA
24;"RN";2408003;"240800";"Mossoró";"Não";"-";"Ocupantes de automóvel";13;8;16;15;3;12;14;14;23;7;16;7;2;2;6;4;4;9;4;NA;6;8;2;5;NA
24;"RN";2408102;"240810";"Natal";"Sim";"Região Metropolitana de Natal";"Ocupantes de automóvel";37;19;10;9;12;13;23;16;28;13;17;9;14;4;13;12;5;7;4;6;8;6;4;5;NA
24;"RN";2408201;"240820";"Nísia Floresta";"Não";"Região Metropolitana de Natal";"Ocupantes de automóvel";NA;NA;NA;NA;NA;1;1;NA;1;1;NA;NA;1;NA;NA;1;NA;NA;1;1;NA;NA;NA;NA;NA
24;"RN";2408300;"240830";"Nova Cruz";"Não";"-";"Ocupantes de automóvel";NA;1;2;NA;NA;NA;NA;1;NA;NA;NA;NA;NA;3;NA;NA;NA;NA;1;NA;NA;NA;NA;NA;NA
24;"RN";2408409;"240840";"Olho d'Água do Borges";"Não";"-";"Ocupantes de automóvel";1;NA;NA;NA;NA;NA;NA;1;NA;NA;NA;NA;NA;NA;NA;NA;NA;NA;NA;NA;NA;NA;NA;NA;NA
24;"RN";2408508;"240850";"Ouro Branco";"Não";"-";"Ocupantes de automóvel";NA;NA;NA;NA;NA;NA;NA;NA;NA;NA;NA;NA;NA;NA;NA;NA;NA;NA;NA;NA;1;NA;NA;NA;NA
24;"RN";2408706;"240870";"Paraú";"Não";"-";"Ocupantes de automóvel";2;1;1;NA;NA;NA;NA;NA;NA;NA;1;NA;NA;NA;1;2;NA;NA;NA;NA;NA;NA;NA;NA;NA
24;"RN";2408805;"240880";"Parazinho";"Não";"-";"Ocupantes de automóvel";NA;NA;NA;1;NA;1;NA;2;NA;NA;NA;NA;2;NA;2;NA;NA;NA;NA;NA;NA;NA;NA;NA;NA
24;"RN";2408904;"240890";"Parelhas";"Não";"-";"Ocupantes de automóvel";NA;NA;NA;NA;1;NA;NA;NA;NA;NA;NA;NA;NA;NA;NA;4;NA;NA;NA;NA;1;NA;NA;NA;NA
24;"RN";2408953;"240895";"Rio do Fogo";"Não";"-";"Ocupantes de automóvel";NA;NA;NA;NA;NA;4;NA;1;NA;NA;NA;1;3;1;NA;NA;NA;1;NA;NA;NA;1;NA;NA;NA
24;"RN";2409100;"240910";"Passa e Fica";"Não";"-";"Ocupantes de automóvel";NA;NA;3;NA;1;NA;NA;NA;NA;1;NA;1;5;NA;NA;1;NA;NA;2;NA;NA;NA;NA;1;NA
24;"RN";2409209;"240920";"Passagem";"Não";"-";"Ocupantes de automóvel";NA;NA;NA;NA;NA;NA;NA;NA;NA;NA;NA;NA;1;NA;NA;NA;NA;NA;NA;NA;NA;NA;NA;NA;NA
24;"RN";2409308;"240930";"Patu";"Não";"-";"Ocupantes de automóvel";1;1;NA;NA;NA;NA;NA;NA;1;NA;NA;NA;NA;NA;NA;NA;NA;NA;NA;NA;NA;NA;NA;NA;NA
24;"RN";2409332;"240933";"Santa Maria";"Não";"-";"Ocupantes de automóvel";NA;NA;NA;NA;NA;1;NA;1;NA;NA;1;1;NA;NA;NA;2;1;NA;NA;NA;NA;NA;1;NA;NA
24;"RN";2409407;"240940";"Pau dos Ferros";"Não";"-";"Ocupantes de automóvel";1;NA;4;NA;2;NA;NA;3;NA;1;4;1;NA;NA;NA;NA;NA;1;NA;NA;NA;NA;NA;1;NA
24;"RN";2409506;"240950";"Pedra Grande";"Não";"-";"Ocupantes de automóvel";NA;NA;NA;NA;NA;1;NA;NA;NA;NA;NA;NA;NA;NA;NA;NA;NA;NA;NA;NA;NA;2;NA;NA;NA
24;"RN";2409605;"240960";"Pedra Preta";"Não";"-";"Ocupantes de automóvel";1;NA;NA;NA;NA;NA;NA;NA;NA;NA;NA;NA;1;NA;NA;NA;NA;NA;NA;NA;NA;NA;NA;NA;NA
24;"RN";2409704;"240970";"Pedro Avelino";"Não";"-";"Ocupantes de automóvel";1;NA;NA;NA;NA;1;NA;NA;NA;NA;NA;NA;NA;NA;NA;NA;NA;1;NA;NA;NA;NA;NA;NA;NA
24;"RN";2409803;"240980";"Pedro Velho";"Não";"-";"Ocupantes de automóvel";1;NA;NA;NA;NA;NA;NA;NA;NA;NA;NA;1;NA;NA;NA;NA;NA;NA;NA;NA;NA;1;NA;NA;NA
24;"RN";2409902;"240990";"Pendências";"Não";"-";"Ocupantes de automóvel";1;1;NA;NA;1;NA;NA;NA;NA;NA;NA;NA;NA;2;NA;NA;NA;NA;NA;NA;NA;1;NA;NA;NA
24;"RN";2410108;"241010";"Poço Branco";"Não";"-";"Ocupantes de automóvel";NA;NA;1;NA;3;1;NA;2;NA;1;1;2;1;1;2;NA;1;NA;NA;NA;NA;NA;NA;NA;NA
24;"RN";2410256;"241025";"Porto do Mangue";"Não";"-";"Ocupantes de automóvel";NA;NA;NA;NA;NA;NA;NA;NA;NA;NA;NA;NA;3;NA;1;NA;NA;NA;NA;NA;NA;NA;1;NA;NA
24;"RN";2410306;"241030";"Serra Caiada";"Não";"-";"Ocupantes de automóvel";NA;NA;1;NA;NA;NA;NA;NA;NA;NA;NA;1;NA;1;1;1;NA;NA;NA;NA;NA;NA;NA;NA;NA
24;"RN";2410405;"241040";"Pureza";"Não";"-";"Ocupantes de automóvel";NA;NA;NA;NA;NA;NA;2;NA;NA;NA;NA;1;NA;NA;NA;1;1;NA;NA;NA;NA;NA;NA;NA;NA
24;"RN";2410603;"241060";"Rafael Godeiro";"Não";"-";"Ocupantes de automóvel";NA;NA;NA;NA;NA;NA;NA;NA;NA;NA;NA;NA;NA;NA;NA;NA;NA;NA;NA;NA;NA;NA;NA;NA;NA
24;"RN";2410801;"241080";"Riacho de Santana";"Não";"-";"Ocupantes de automóvel";1;2;1;NA;NA;NA;NA;NA;NA;NA;NA;NA;NA;NA;NA;NA;NA;NA;NA;NA;NA;NA;NA;NA;NA
24;"RN";2410900;"241090";"Riachuelo";"Não";"-";"Ocupantes de automóvel";NA;NA;1;1;NA;NA;NA;NA;4;NA;2;NA;NA;3;3;NA;NA;1;NA;NA;NA;1;NA;NA;NA
24;"RN";2411056;"241105";"Tibau";"Não";"-";"Ocupantes de automóvel";NA;4;NA;NA;NA;NA;NA;NA;NA;NA;1;NA;NA;NA;NA;NA;NA;NA;NA;NA;NA;NA;NA;NA;NA
24;"RN";2411205;"241120";"Santa Cruz";"Não";"-";"Ocupantes de automóvel";1;NA;3;NA;NA;NA;1;1;NA;NA;1;NA;1;NA;2;NA;5;2;1;1;NA;NA;NA;1;NA
24;"RN";2411403;"241140";"Santana do Matos";"Não";"-";"Ocupantes de automóvel";NA;NA;1;NA;NA;NA;1;NA;NA;NA;NA;1;NA;NA;2;1;1;NA;NA;NA;NA;NA;NA;NA;NA
24;"RN";2411429;"241142";"Santana do Seridó";"Não";"-";"Ocupantes de automóvel";NA;NA;NA;NA;NA;NA;NA;NA;NA;NA;NA;NA;NA;NA;NA;NA;NA;NA;NA;NA;NA;NA;NA;NA;NA
24;"RN";2411502;"241150";"Santo Antônio";"Não";"-";"Ocupantes de automóvel";NA;NA;NA;NA;2;1;1;2;1;NA;1;NA;1;NA;NA;2;NA;1;NA;NA;NA;NA;NA;NA;NA
24;"RN";2411601;"241160";"São Bento do Norte";"Não";"-";"Ocupantes de automóvel";NA;NA;NA;1;NA;NA;NA;NA;NA;1;1;NA;NA;NA;NA;NA;NA;NA;NA;NA;NA;NA;NA;NA;NA
24;"RN";2411700;"241170";"São Bento do Trairí";"Não";"-";"Ocupantes de automóvel";NA;NA;NA;1;NA;NA;NA;NA;NA;NA;NA;NA;2;NA;NA;NA;NA;NA;NA;NA;NA;NA;NA;NA;NA
24;"RN";2411809;"241180";"São Fernando";"Não";"-";"Ocupantes de automóvel";NA;NA;NA;NA;NA;NA;NA;NA;NA;NA;NA;NA;NA;NA;NA;NA;NA;1;NA;NA;NA;NA;NA;NA;NA
24;"RN";2411908;"241190";"São Francisco do Oeste";"Não";"-";"Ocupantes de automóvel";NA;NA;NA;NA;NA;NA;NA;NA;NA;NA;NA;NA;NA;NA;NA;NA;NA;NA;NA;NA;NA;NA;NA;NA;NA
24;"RN";2412005;"241200";"São Gonçalo do Amarante";"Não";"Região Metropolitana de Natal";"Ocupantes de automóvel";1;2;1;NA;NA;NA;NA;4;NA;NA;NA;4;NA;NA;2;1;NA;1;NA;NA;NA;3;NA;NA;NA
24;"RN";2412104;"241210";"São João do Sabugi";"Não";"-";"Ocupantes de automóvel";NA;NA;NA;NA;NA;NA;NA;NA;NA;NA;NA;NA;NA;NA;NA;NA;NA;NA;NA;NA;NA;NA;NA;NA;NA
24;"RN";2412203;"241220";"São José de Mipibu";"Não";"Região Metropolitana de Natal";"Ocupantes de automóvel";4;1;2;4;3;6;2;3;2;2;2;NA;1;2;2;1;4;1;NA;NA;NA;NA;NA;3;NA
24;"RN";2412302;"241230";"São José do Campestre";"Não";"-";"Ocupantes de automóvel";1;1;1;NA;NA;NA;NA;NA;NA;NA;NA;1;2;NA;NA;NA;NA;NA;1;NA;NA;1;2;NA;NA
24;"RN";2412401;"241240";"São José do Seridó";"Não";"-";"Ocupantes de automóvel";NA;NA;NA;NA;NA;NA;NA;NA;NA;NA;NA;NA;1;NA;NA;NA;NA;NA;NA;NA;NA;NA;1;NA;NA
24;"RN";2412500;"241250";"São Miguel";"Não";"-";"Ocupantes de automóvel";2;NA;NA;NA;NA;NA;NA;NA;NA;NA;NA;NA;NA;NA;NA;NA;NA;NA;NA;NA;NA;NA;NA;NA;NA
24;"RN";2412559;"241255";"São Miguel do Gostoso";"Não";"-";"Ocupantes de automóvel";NA;NA;NA;NA;NA;NA;1;NA;NA;NA;NA;NA;NA;NA;NA;NA;NA;NA;NA;NA;NA;NA;NA;NA;NA
24;"RN";2412609;"241260";"São Paulo do Potengi";"Não";"-";"Ocupantes de automóvel";NA;NA;3;1;1;1;NA;1;NA;1;NA;1;NA;NA;NA;NA;NA;NA;1;NA;NA;NA;NA;NA;NA
24;"RN";2412708;"241270";"São Pedro";"Não";"-";"Ocupantes de automóvel";NA;NA;NA;1;NA;NA;NA;NA;NA;NA;NA;NA;NA;NA;NA;NA;NA;2;NA;NA;NA;NA;NA;NA;NA
24;"RN";2412807;"241280";"São Rafael";"Não";"-";"Ocupantes de automóvel";2;1;NA;NA;NA;NA;NA;NA;1;NA;1;NA;NA;NA;NA;NA;NA;NA;NA;NA;2;NA;NA;NA;NA
24;"RN";2412906;"241290";"São Tomé";"Não";"-";"Ocupantes de automóvel";NA;NA;NA;NA;NA;NA;NA;NA;NA;NA;NA;NA;NA;NA;NA;NA;NA;1;NA;NA;NA;NA;NA;NA;NA
24;"RN";2413003;"241300";"São Vicente";"Não";"-";"Ocupantes de automóvel";NA;NA;NA;NA;NA;NA;NA;NA;NA;NA;NA;1;NA;NA;NA;NA;1;NA;NA;NA;NA;NA;1;NA;NA
24;"RN";2413102;"241310";"Senador Elói de Souza";"Não";"-";"Ocupantes de automóvel";NA;NA;NA;NA;NA;1;NA;NA;NA;NA;NA;1;NA;2;NA;NA;NA;NA;NA;NA;NA;NA;NA;NA;NA
24;"RN";2413201;"241320";"Senador Georgino Avelino";"Não";"-";"Ocupantes de automóvel";NA;NA;NA;NA;NA;NA;NA;NA;NA;NA;NA;NA;NA;NA;NA;NA;NA;NA;NA;NA;NA;NA;NA;NA;NA
24;"RN";2413300;"241330";"Serra de São Bento";"Não";"-";"Ocupantes de automóvel";NA;NA;NA;NA;NA;NA;NA;NA;NA;NA;NA;NA;1;NA;NA;NA;NA;NA;NA;NA;NA;NA;NA;NA;NA
24;"RN";2413359;"241335";"Serra do Mel";"Não";"-";"Ocupantes de automóvel";1;NA;NA;NA;NA;3;NA;1;NA;NA;NA;NA;NA;NA;NA;1;NA;1;NA;1;NA;NA;NA;1;NA
24;"RN";2413409;"241340";"Serra Negra do Norte";"Não";"-";"Ocupantes de automóvel";NA;NA;NA;NA;NA;NA;NA;NA;1;1;NA;NA;NA;NA;NA;NA;NA;NA;NA;NA;NA;NA;1;NA;NA
24;"RN";2413508;"241350";"Serrinha";"Não";"-";"Ocupantes de automóvel";NA;NA;NA;NA;NA;NA;NA;NA;NA;NA;1;NA;NA;NA;NA;NA;NA;NA;NA;NA;NA;NA;NA;NA;NA
24;"RN";2413607;"241360";"Severiano Melo";"Não";"-";"Ocupantes de automóvel";1;NA;NA;NA;NA;NA;NA;NA;NA;NA;NA;NA;NA;NA;NA;NA;NA;NA;NA;NA;NA;NA;NA;NA;NA
24;"RN";2413706;"241370";"Sítio Novo";"Não";"-";"Ocupantes de automóvel";NA;NA;NA;NA;NA;NA;NA;NA;NA;NA;1;NA;NA;1;NA;NA;NA;NA;NA;NA;NA;NA;NA;NA;NA
24;"RN";2413904;"241390";"Taipu";"Não";"-";"Ocupantes de automóvel";NA;1;NA;NA;NA;3;2;NA;2;1;1;NA;NA;1;NA;NA;NA;NA;NA;1;NA;NA;2;1;NA
24;"RN";2414001;"241400";"Tangará";"Não";"-";"Ocupantes de automóvel";2;2;3;NA;NA;NA;1;NA;NA;NA;1;2;NA;NA;NA;8;NA;5;2;NA;NA;NA;NA;2;NA
24;"RN";2414100;"241410";"Tenente Ananias";"Não";"-";"Ocupantes de automóvel";NA;NA;NA;NA;NA;NA;NA;NA;NA;NA;NA;1;NA;NA;NA;NA;NA;NA;NA;NA;NA;NA;NA;NA;NA
24;"RN";2414159;"241415";"Tenente Laurentino Cruz";"Não";"-";"Ocupantes de automóvel";NA;NA;NA;NA;NA;NA;NA;NA;NA;NA;NA;NA;NA;NA;NA;NA;NA;NA;NA;NA;NA;NA;NA;NA;NA
24;"RN";2414209;"241420";"Tibau do Sul";"Não";"-";"Ocupantes de automóvel";NA;NA;NA;NA;NA;NA;NA;NA;NA;NA;NA;NA;NA;1;NA;NA;NA;1;NA;1;NA;NA;NA;NA;NA
24;"RN";2414308;"241430";"Timbaúba dos Batistas";"Não";"-";"Ocupantes de automóvel";NA;1;NA;NA;1;NA;1;NA;NA;NA;NA;NA;NA;NA;1;NA;NA;NA;NA;NA;NA;NA;NA;NA;NA
24;"RN";2414407;"241440";"Touros";"Não";"-";"Ocupantes de automóvel";NA;NA;NA;NA;1;1;NA;1;1;2;NA;NA;NA;NA;1;3;2;NA;NA;NA;NA;NA;NA;3;NA
24;"RN";2414456;"241445";"Triunfo Potiguar";"Não";"-";"Ocupantes de automóvel";NA;NA;NA;NA;NA;NA;NA;NA;NA;NA;NA;NA;NA;NA;NA;NA;NA;NA;NA;NA;NA;2;1;NA;NA
24;"RN";2414506;"241450";"Umarizal";"Não";"-";"Ocupantes de automóvel";NA;NA;NA;NA;NA;NA;NA;NA;NA;NA;1;1;NA;NA;NA;NA;NA;NA;NA;NA;NA;NA;NA;NA;NA
24;"RN";2414605;"241460";"Upanema";"Não";"-";"Ocupantes de automóvel";NA;NA;NA;NA;NA;NA;NA;NA;NA;NA;NA;NA;NA;NA;NA;NA;1;NA;1;1;NA;NA;NA;NA;NA
24;"RN";2414704;"241470";"Várzea";"Não";"-";"Ocupantes de automóvel";NA;1;NA;NA;NA;NA;NA;1;NA;NA;NA;NA;NA;1;1;NA;NA;NA;NA;NA;NA;NA;NA;NA;NA
24;"RN";2414803;"241480";"Vera Cruz";"Não";"Região Metropolitana de Natal";"Ocupantes de automóvel";NA;NA;1;NA;1;1;NA;NA;NA;1;NA;NA;NA;NA;NA;NA;NA;NA;NA;NA;NA;NA;NA;1;NA
24;"RN";2414902;"241490";"Viçosa";"Não";"-";"Ocupantes de automóvel";NA;NA;NA;NA;NA;NA;NA;1;NA;NA;NA;NA;NA;NA;NA;NA;NA;NA;NA;NA;NA;NA;NA;NA;NA
24;"RN";2415008;"241500";"Vila Flor";"Não";"-";"Ocupantes de automóvel";NA;NA;NA;NA;NA;NA;NA;1;NA;NA;NA;NA;NA;NA;NA;NA;NA;NA;NA;NA;NA;NA;NA;NA;NA
25;"PB";2500106;"250010";"Água Branca";"Não";"-";"Ocupantes de automóvel";NA;NA;NA;NA;NA;NA;NA;NA;NA;NA;NA;NA;1;NA;1;1;2;NA;1;NA;2;NA;NA;NA;NA
25;"PB";2500205;"250020";"Aguiar";"Não";"Região Metropolitana do Vale do Piancó";"Ocupantes de automóvel";NA;NA;NA;NA;NA;NA;NA;NA;NA;NA;NA;NA;NA;NA;NA;NA;NA;NA;NA;NA;2;1;NA;1;NA
25;"PB";2500304;"250030";"Alagoa Grande";"Não";"-";"Ocupantes de automóvel";NA;NA;1;NA;1;NA;NA;1;2;NA;NA;NA;1;NA;NA;1;NA;1;1;1;2;NA;NA;1;NA
25;"PB";2500403;"250040";"Alagoa Nova";"Não";"Região Metropolitana de Esperança";"Ocupantes de automóvel";NA;NA;1;NA;NA;NA;NA;NA;NA;NA;NA;NA;NA;NA;NA;NA;NA;NA;NA;NA;NA;NA;NA;NA;NA
25;"PB";2500502;"250050";"Alagoinha";"Não";"Região Metropolitana de Guarabira";"Ocupantes de automóvel";NA;NA;NA;1;NA;1;NA;NA;NA;NA;NA;NA;1;1;NA;NA;NA;1;NA;NA;4;NA;NA;NA;NA
25;"PB";2500601;"250060";"Alhandra";"Não";"Região Metropolitana de João Pessoa";"Ocupantes de automóvel";NA;NA;NA;NA;NA;NA;6;2;NA;1;NA;1;NA;2;1;NA;3;NA;NA;NA;NA;1;2;3;NA
25;"PB";2500700;"250070";"São João do Rio do Peixe";"Não";"Região Metropolitana de Cajazeiras";"Ocupantes de automóvel";NA;NA;NA;NA;NA;NA;NA;NA;NA;NA;NA;NA;NA;1;3;5;1;3;3;NA;2;1;1;NA;NA
25;"PB";2500775;"250077";"Aparecida";"Não";"Região Metropolitana de Sousa";"Ocupantes de automóvel";NA;NA;NA;NA;NA;NA;NA;NA;NA;NA;1;NA;1;1;NA;1;4;1;NA;1;NA;1;1;NA;NA
25;"PB";2500809;"250080";"Araçagi";"Não";"Região Metropolitana de Guarabira";"Ocupantes de automóvel";NA;NA;NA;NA;NA;NA;NA;NA;NA;NA;NA;NA;NA;NA;NA;NA;NA;NA;NA;3;1;NA;NA;1;NA
25;"PB";2500908;"250090";"Arara";"Não";"Região Metropolitana de Guarabira";"Ocupantes de automóvel";NA;NA;NA;NA;NA;NA;NA;NA;NA;NA;NA;NA;NA;NA;NA;NA;NA;NA;1;1;1;1;NA;NA;NA
25;"PB";2501005;"250100";"Araruna";"Não";"Região Metropolitana de Araruna";"Ocupantes de automóvel";NA;NA;NA;NA;NA;NA;NA;NA;1;NA;NA;NA;3;1;1;NA;NA;1;NA;NA;2;NA;2;2;NA
25;"PB";2501153;"250115";"Areia de Baraúnas";"Não";"Região Metropolitana de Patos";"Ocupantes de automóvel";NA;NA;NA;NA;NA;NA;NA;NA;NA;NA;NA;NA;NA;1;NA;1;1;NA;NA;NA;NA;NA;NA;NA;NA
25;"PB";2501203;"250120";"Areial";"Não";"Região Metropolitana de Esperança";"Ocupantes de automóvel";NA;NA;NA;NA;NA;NA;NA;NA;NA;NA;NA;NA;NA;NA;1;NA;NA;NA;NA;NA;NA;NA;NA;NA;NA
25;"PB";2501351;"250135";"Assunção";"Não";"-";"Ocupantes de automóvel";NA;NA;NA;NA;NA;NA;NA;NA;NA;NA;NA;1;NA;NA;NA;NA;NA;NA;NA;NA;1;2;NA;NA;NA
25;"PB";2501401;"250140";"Baía da Traição";"Não";"Região Metropolitana do Vale do Mamanguape";"Ocupantes de automóvel";NA;NA;NA;NA;NA;NA;NA;NA;NA;NA;NA;NA;NA;1;NA;NA;NA;NA;NA;NA;NA;1;NA;NA;NA
25;"PB";2501500;"250150";"Bananeiras";"Não";"Região Metropolitana de Guarabira";"Ocupantes de automóvel";NA;NA;NA;NA;NA;1;NA;NA;NA;NA;NA;NA;NA;NA;1;NA;NA;NA;NA;2;NA;NA;NA;1;NA
25;"PB";2501534;"250153";"Baraúna";"Não";"Região Metropolitana de Barra de Santa Rosa";"Ocupantes de automóvel";NA;NA;NA;NA;NA;NA;NA;NA;NA;NA;NA;NA;NA;NA;NA;NA;NA;NA;NA;NA;NA;NA;NA;NA;NA
25;"PB";2501609;"250160";"Barra de Santa Rosa";"Não";"Região Metropolitana de Barra de Santa Rosa";"Ocupantes de automóvel";NA;NA;NA;NA;NA;NA;NA;NA;NA;NA;NA;NA;NA;NA;NA;2;NA;NA;NA;NA;NA;NA;NA;NA;NA
25;"PB";2501708;"250170";"Barra de São Miguel";"Não";"-";"Ocupantes de automóvel";NA;NA;NA;NA;NA;NA;NA;NA;NA;NA;NA;NA;NA;NA;NA;NA;NA;NA;NA;NA;NA;NA;NA;NA;NA
25;"PB";2501807;"250180";"Bayeux";"Não";"Região Metropolitana de João Pessoa";"Ocupantes de automóvel";NA;NA;NA;NA;NA;NA;NA;1;2;NA;2;NA;1;NA;NA;NA;NA;NA;NA;1;NA;1;2;1;NA
25;"PB";2501906;"250190";"Belém";"Não";"Região Metropolitana de Guarabira";"Ocupantes de automóvel";1;NA;NA;NA;1;NA;1;NA;NA;NA;NA;NA;NA;NA;NA;NA;1;3;NA;NA;2;NA;NA;2;NA
25;"PB";2502003;"250200";"Belém do Brejo do Cruz";"Não";"-";"Ocupantes de automóvel";NA;1;NA;NA;NA;NA;1;NA;NA;NA;NA;NA;NA;NA;NA;2;1;1;1;NA;2;NA;NA;NA;NA
25;"PB";2502052;"250205";"Bernardino Batista";"Não";"Região Metropolitana de Cajazeiras";"Ocupantes de automóvel";NA;NA;NA;NA;NA;NA;NA;NA;NA;NA;NA;NA;NA;NA;NA;2;NA;NA;NA;NA;NA;1;NA;NA;NA
25;"PB";2502102;"250210";"Boa Ventura";"Não";"Região Metropolitana do Vale do Piancó";"Ocupantes de automóvel";NA;NA;NA;NA;NA;NA;NA;NA;NA;NA;NA;NA;NA;NA;NA;NA;NA;NA;NA;NA;NA;1;NA;2;NA
25;"PB";2502151;"250215";"Boa Vista";"Não";"Região Metropolitana de Campina Grande";"Ocupantes de automóvel";2;NA;NA;NA;NA;NA;NA;NA;NA;NA;NA;NA;NA;NA;NA;NA;NA;NA;NA;NA;NA;NA;NA;NA;NA
25;"PB";2502201;"250220";"Bom Jesus";"Não";"Região Metropolitana de Cajazeiras";"Ocupantes de automóvel";NA;NA;NA;NA;1;NA;NA;NA;NA;NA;NA;1;NA;1;NA;NA;1;NA;NA;NA;NA;NA;NA;NA;NA
25;"PB";2502300;"250230";"Bom Sucesso";"Não";"-";"Ocupantes de automóvel";NA;NA;NA;NA;NA;NA;NA;NA;NA;NA;NA;NA;NA;NA;1;1;NA;2;1;NA;NA;1;NA;NA;NA
25;"PB";2502409;"250240";"Bonito de Santa Fé";"Não";"Região Metropolitana de Cajazeiras";"Ocupantes de automóvel";NA;NA;NA;NA;NA;NA;NA;NA;NA;NA;NA;NA;NA;NA;NA;1;NA;NA;NA;2;NA;NA;NA;NA;NA
25;"PB";2502508;"250250";"Boqueirão";"Não";"Região Metropolitana de Campina Grande";"Ocupantes de automóvel";NA;NA;NA;NA;NA;NA;NA;NA;NA;NA;NA;NA;1;NA;NA;NA;NA;NA;NA;NA;NA;NA;NA;NA;NA
25;"PB";2502607;"250260";"Igaracy";"Não";"Região Metropolitana do Vale do Piancó";"Ocupantes de automóvel";NA;NA;NA;NA;NA;NA;NA;NA;NA;NA;NA;NA;NA;4;NA;2;NA;NA;NA;NA;2;3;NA;NA;NA
25;"PB";2502706;"250270";"Borborema";"Não";"Região Metropolitana de Guarabira";"Ocupantes de automóvel";NA;1;NA;NA;NA;NA;NA;NA;NA;NA;NA;NA;NA;NA;NA;NA;1;NA;NA;1;NA;NA;NA;NA;NA
25;"PB";2502805;"250280";"Brejo do Cruz";"Não";"-";"Ocupantes de automóvel";3;NA;NA;NA;NA;NA;NA;NA;3;NA;NA;NA;5;4;2;NA;4;NA;5;1;2;5;2;5;NA
25;"PB";2502904;"250290";"Brejo dos Santos";"Não";"-";"Ocupantes de automóvel";NA;NA;NA;NA;NA;NA;NA;NA;NA;NA;NA;NA;NA;NA;1;NA;NA;NA;NA;NA;NA;NA;NA;NA;NA
25;"PB";2503001;"250300";"Caaporã";"Não";"Região Metropolitana de João Pessoa";"Ocupantes de automóvel";1;NA;NA;1;NA;NA;NA;NA;NA;2;1;NA;NA;NA;NA;3;1;NA;NA;NA;NA;2;5;2;NA
25;"PB";2503100;"250310";"Cabaceiras";"Não";"-";"Ocupantes de automóvel";NA;NA;NA;NA;NA;NA;NA;NA;NA;NA;NA;NA;NA;NA;NA;NA;NA;NA;NA;NA;NA;NA;NA;NA;NA
25;"PB";2503209;"250320";"Cabedelo";"Não";"Região Metropolitana de João Pessoa";"Ocupantes de automóvel";NA;NA;NA;NA;NA;1;NA;NA;NA;1;1;NA;NA;NA;NA;NA;NA;NA;NA;NA;NA;1;3;NA;NA
25;"PB";2503308;"250330";"Cachoeira dos Índios";"Não";"Região Metropolitana de Cajazeiras";"Ocupantes de automóvel";NA;NA;NA;NA;NA;NA;NA;NA;NA;NA;NA;1;NA;2;3;1;NA;1;NA;2;NA;NA;NA;NA;NA
25;"PB";2503407;"250340";"Cacimba de Areia";"Não";"Região Metropolitana de Patos";"Ocupantes de automóvel";NA;NA;NA;NA;NA;NA;NA;NA;NA;NA;NA;NA;NA;NA;NA;NA;NA;NA;NA;NA;NA;NA;NA;NA;NA
25;"PB";2503506;"250350";"Cacimba de Dentro";"Não";"Região Metropolitana de Araruna";"Ocupantes de automóvel";NA;NA;NA;NA;NA;NA;NA;NA;NA;NA;NA;NA;1;NA;1;NA;NA;NA;NA;NA;3;NA;1;2;NA
25;"PB";2503555;"250355";"Cacimbas";"Não";"Região Metropolitana de Patos";"Ocupantes de automóvel";NA;NA;NA;NA;NA;NA;NA;NA;NA;NA;NA;NA;NA;NA;NA;NA;NA;NA;NA;NA;NA;NA;NA;1;NA
25;"PB";2503605;"250360";"Caiçara";"Não";"Região Metropolitana de Guarabira";"Ocupantes de automóvel";NA;NA;NA;NA;NA;NA;NA;NA;NA;NA;NA;NA;NA;NA;NA;NA;NA;1;NA;NA;2;NA;NA;NA;NA
25;"PB";2503704;"250370";"Cajazeiras";"Não";"Região Metropolitana de Cajazeiras";"Ocupantes de automóvel";NA;NA;NA;1;NA;2;1;NA;1;2;2;4;7;2;8;8;11;8;8;2;NA;5;3;2;NA
25;"PB";2503753;"250375";"Cajazeirinhas";"Não";"-";"Ocupantes de automóvel";NA;NA;NA;NA;NA;NA;NA;NA;NA;NA;1;1;NA;NA;1;NA;NA;2;NA;NA;NA;1;1;NA;NA
25;"PB";2503803;"250380";"Caldas Brandão";"Não";"Região Metropolitana de Itabaiana";"Ocupantes de automóvel";NA;NA;NA;NA;NA;NA;NA;NA;NA;NA;NA;NA;NA;NA;NA;1;NA;1;NA;NA;NA;NA;NA;2;NA
25;"PB";2504009;"250400";"Campina Grande";"Não";"Região Metropolitana de Campina Grande";"Ocupantes de automóvel";3;NA;1;9;NA;NA;NA;NA;NA;1;NA;1;NA;NA;1;NA;NA;NA;NA;NA;NA;NA;NA;2;NA
25;"PB";2504033;"250403";"Capim";"Não";"-";"Ocupantes de automóvel";NA;NA;NA;NA;NA;NA;NA;NA;NA;NA;NA;NA;NA;NA;NA;1;NA;NA;NA;NA;NA;NA;NA;NA;NA
25;"PB";2504108;"250410";"Carrapateira";"Não";"Região Metropolitana de Cajazeiras";"Ocupantes de automóvel";NA;NA;NA;NA;NA;NA;NA;NA;NA;NA;NA;NA;NA;NA;NA;NA;NA;NA;NA;NA;NA;NA;NA;NA;NA
25;"PB";2504157;"250415";"Casserengue";"Não";"-";"Ocupantes de automóvel";NA;NA;NA;NA;NA;NA;NA;NA;NA;NA;NA;NA;NA;NA;NA;NA;NA;1;1;NA;2;NA;NA;NA;NA
25;"PB";2504207;"250420";"Catingueira";"Não";"Região Metropolitana do Vale do Piancó";"Ocupantes de automóvel";NA;NA;1;NA;NA;NA;NA;NA;NA;1;NA;1;NA;2;1;NA;NA;NA;8;1;NA;NA;4;1;NA
25;"PB";2504306;"250430";"Catolé do Rocha";"Não";"-";"Ocupantes de automóvel";3;NA;NA;3;NA;NA;NA;NA;NA;1;NA;3;NA;1;3;7;2;2;5;3;3;1;1;2;NA
25;"PB";2504405;"250440";"Conceição";"Não";"Região Metropolitana do Vale do Piancó";"Ocupantes de automóvel";NA;NA;NA;NA;NA;NA;2;1;2;NA;NA;1;2;NA;NA;3;2;2;2;NA;NA;3;3;1;NA
25;"PB";2504504;"250450";"Condado";"Não";"Região Metropolitana de Patos";"Ocupantes de automóvel";NA;NA;NA;NA;NA;NA;NA;NA;NA;NA;NA;NA;NA;1;1;NA;NA;NA;1;NA;2;1;NA;NA;NA
25;"PB";2504603;"250460";"Conde";"Não";"Região Metropolitana de João Pessoa";"Ocupantes de automóvel";NA;NA;NA;NA;NA;NA;NA;NA;1;NA;NA;NA;1;NA;NA;NA;NA;NA;1;NA;NA;1;1;3;NA
25;"PB";2504801;"250480";"Coremas";"Não";"Região Metropolitana do Vale do Piancó";"Ocupantes de automóvel";NA;NA;NA;NA;NA;NA;NA;NA;NA;NA;NA;NA;NA;1;NA;6;2;1;1;1;1;1;2;NA;NA
25;"PB";2504900;"250490";"Cruz do Espírito Santo";"Não";"Região Metropolitana de João Pessoa";"Ocupantes de automóvel";NA;NA;NA;NA;NA;NA;NA;1;NA;1;6;1;1;NA;1;NA;NA;NA;NA;NA;NA;NA;2;3;NA
25;"PB";2505105;"250510";"Cuité";"Não";"Região Metropolitana de Barra de Santa Rosa";"Ocupantes de automóvel";NA;NA;1;NA;1;NA;NA;NA;NA;NA;NA;NA;NA;NA;NA;1;NA;NA;NA;NA;NA;NA;NA;NA;NA
25;"PB";2505204;"250520";"Cuitegi";"Não";"Região Metropolitana de Guarabira";"Ocupantes de automóvel";NA;NA;NA;NA;NA;NA;NA;NA;NA;1;NA;NA;NA;NA;1;NA;NA;2;NA;2;NA;NA;NA;NA;NA
25;"PB";2505279;"250527";"Curral de Cima";"Não";"Região Metropolitana do Vale do Mamanguape";"Ocupantes de automóvel";NA;NA;NA;NA;NA;NA;NA;NA;NA;NA;NA;NA;NA;NA;1;NA;NA;NA;NA;NA;NA;1;NA;1;NA
25;"PB";2505303;"250530";"Curral Velho";"Não";"Região Metropolitana do Vale do Piancó";"Ocupantes de automóvel";NA;NA;NA;NA;NA;NA;NA;NA;NA;NA;NA;NA;NA;NA;NA;NA;NA;NA;NA;2;NA;NA;NA;NA;NA
25;"PB";2505402;"250540";"Desterro";"Não";"Região Metropolitana de Patos";"Ocupantes de automóvel";NA;NA;NA;NA;NA;NA;NA;NA;NA;NA;NA;NA;1;1;2;NA;NA;1;NA;NA;1;NA;2;1;NA
25;"PB";2505501;"250550";"Vista Serrana";"Não";"Região Metropolitana de Patos";"Ocupantes de automóvel";NA;NA;NA;NA;NA;NA;NA;NA;NA;NA;NA;NA;NA;NA;NA;NA;1;NA;NA;1;NA;NA;1;NA;NA
25;"PB";2505600;"250560";"Diamante";"Não";"Região Metropolitana do Vale do Piancó";"Ocupantes de automóvel";NA;NA;NA;NA;NA;NA;NA;NA;NA;NA;1;NA;2;NA;1;NA;1;NA;NA;1;1;NA;NA;NA;NA
25;"PB";2505709;"250570";"Dona Inês";"Não";"Região Metropolitana de Araruna";"Ocupantes de automóvel";NA;NA;NA;NA;NA;NA;NA;NA;NA;1;NA;NA;NA;NA;NA;NA;NA;1;NA;NA;1;NA;NA;NA;NA
25;"PB";2505808;"250580";"Duas Estradas";"Não";"Região Metropolitana de Guarabira";"Ocupantes de automóvel";NA;NA;NA;NA;NA;NA;NA;NA;NA;NA;NA;NA;NA;2;NA;NA;NA;NA;NA;NA;2;NA;NA;NA;NA
25;"PB";2505907;"250590";"Emas";"Não";"Região Metropolitana de Patos";"Ocupantes de automóvel";NA;NA;NA;NA;NA;NA;NA;NA;NA;NA;NA;NA;NA;NA;NA;NA;NA;1;NA;1;NA;NA;NA;NA;NA
25;"PB";2506004;"250600";"Esperança";"Não";"Região Metropolitana de Esperança";"Ocupantes de automóvel";NA;NA;NA;NA;NA;1;NA;NA;NA;NA;NA;NA;NA;NA;NA;NA;NA;NA;NA;NA;NA;NA;NA;NA;NA
25;"PB";2506301;"250630";"Guarabira";"Não";"Região Metropolitana de Guarabira";"Ocupantes de automóvel";NA;1;NA;NA;2;2;1;4;1;NA;NA;NA;2;NA;NA;NA;2;3;4;1;6;NA;3;1;NA
25;"PB";2506400;"250640";"Gurinhém";"Não";"Região Metropolitana de Itabaiana";"Ocupantes de automóvel";NA;NA;NA;1;3;NA;NA;NA;3;1;NA;NA;NA;1;NA;2;NA;1;NA;1;1;1;NA;NA;NA
25;"PB";2506608;"250660";"Ibiara";"Não";"Região Metropolitana do Vale do Piancó";"Ocupantes de automóvel";NA;NA;NA;NA;NA;1;NA;NA;NA;NA;NA;NA;1;1;NA;NA;NA;NA;NA;NA;1;3;NA;1;NA
25;"PB";2506707;"250670";"Imaculada";"Não";"-";"Ocupantes de automóvel";NA;NA;NA;NA;NA;NA;NA;NA;NA;NA;NA;NA;1;2;NA;2;1;1;NA;1;1;1;1;NA;NA
25;"PB";2506806;"250680";"Ingá";"Não";"Região Metropolitana de Itabaiana";"Ocupantes de automóvel";NA;NA;NA;NA;NA;NA;NA;NA;NA;NA;NA;NA;NA;NA;1;1;1;2;3;2;3;NA;1;NA;NA
25;"PB";2506905;"250690";"Itabaiana";"Não";"Região Metropolitana de Itabaiana";"Ocupantes de automóvel";NA;NA;NA;NA;NA;NA;NA;NA;NA;2;2;NA;NA;NA;NA;3;1;NA;NA;1;1;1;2;NA;NA
25;"PB";2507002;"250700";"Itaporanga";"Não";"Região Metropolitana do Vale do Piancó";"Ocupantes de automóvel";NA;NA;NA;NA;1;NA;NA;NA;NA;NA;NA;NA;NA;2;3;2;1;5;NA;3;2;2;7;1;NA
25;"PB";2507101;"250710";"Itapororoca";"Não";"Região Metropolitana do Vale do Mamanguape";"Ocupantes de automóvel";NA;NA;NA;NA;NA;NA;4;NA;NA;1;NA;NA;1;NA;NA;NA;NA;NA;NA;NA;NA;NA;1;NA;NA
25;"PB";2507200;"250720";"Itatuba";"Não";"Região Metropolitana de Campina Grande";"Ocupantes de automóvel";NA;NA;NA;NA;NA;NA;NA;NA;NA;NA;NA;NA;NA;NA;NA;NA;NA;1;NA;NA;NA;NA;NA;NA;NA
25;"PB";2507309;"250730";"Jacaraú";"Não";"Região Metropolitana do Vale do Mamanguape";"Ocupantes de automóvel";NA;NA;NA;NA;NA;NA;NA;NA;NA;NA;NA;NA;1;NA;1;NA;1;NA;1;NA;NA;NA;1;2;NA
25;"PB";2507408;"250740";"Jericó";"Não";"-";"Ocupantes de automóvel";NA;NA;NA;NA;NA;NA;NA;NA;NA;NA;NA;NA;NA;NA;NA;2;2;2;NA;1;1;NA;NA;NA;NA
25;"PB";2507507;"250750";"João Pessoa";"Sim";"Região Metropolitana de João Pessoa";"Ocupantes de automóvel";48;12;NA;41;14;12;8;6;7;10;20;16;18;10;10;16;9;5;9;5;5;26;64;52;NA
25;"PB";2507606;"250760";"Juarez Távora";"Não";"Região Metropolitana de Itabaiana";"Ocupantes de automóvel";NA;NA;NA;NA;NA;NA;NA;NA;NA;NA;NA;NA;2;NA;NA;NA;NA;NA;NA;NA;1;NA;NA;NA;NA
25;"PB";2507705;"250770";"Juazeirinho";"Não";"-";"Ocupantes de automóvel";NA;NA;NA;NA;NA;NA;NA;NA;NA;NA;NA;NA;NA;NA;1;NA;NA;NA;NA;NA;NA;NA;NA;NA;NA
25;"PB";2507804;"250780";"Junco do Seridó";"Não";"Região Metropolitana de Patos";"Ocupantes de automóvel";NA;NA;NA;NA;NA;NA;NA;NA;NA;NA;NA;NA;NA;1;1;NA;1;NA;1;3;NA;NA;3;NA;NA
25;"PB";2507903;"250790";"Juripiranga";"Não";"Região Metropolitana de Itabaiana";"Ocupantes de automóvel";NA;NA;NA;NA;NA;NA;1;NA;NA;NA;NA;NA;NA;NA;NA;NA;NA;NA;1;1;1;1;NA;NA;NA
25;"PB";2508000;"250800";"Juru";"Não";"-";"Ocupantes de automóvel";NA;NA;NA;NA;NA;NA;NA;NA;NA;1;NA;NA;NA;2;NA;NA;3;1;1;NA;2;2;NA;1;NA
25;"PB";2508109;"250810";"Lagoa";"Não";"-";"Ocupantes de automóvel";NA;NA;NA;NA;NA;NA;NA;NA;NA;NA;NA;NA;NA;NA;1;1;NA;NA;NA;1;1;NA;NA;NA;NA
25;"PB";2508406;"250840";"Lastro";"Não";"Região Metropolitana de Sousa";"Ocupantes de automóvel";NA;NA;NA;NA;NA;NA;NA;NA;NA;NA;NA;NA;NA;1;NA;NA;NA;NA;1;NA;NA;NA;NA;NA;NA
25;"PB";2508505;"250850";"Livramento";"Não";"-";"Ocupantes de automóvel";NA;NA;NA;NA;NA;NA;NA;NA;NA;NA;NA;NA;NA;NA;NA;NA;NA;NA;NA;NA;NA;NA;NA;NA;NA
25;"PB";2508554;"250855";"Logradouro";"Não";"Região Metropolitana de Guarabira";"Ocupantes de automóvel";NA;NA;NA;NA;NA;NA;NA;NA;NA;NA;NA;NA;NA;NA;NA;NA;NA;NA;2;NA;NA;NA;NA;NA;NA
25;"PB";2508604;"250860";"Lucena";"Não";"Região Metropolitana de João Pessoa";"Ocupantes de automóvel";NA;NA;NA;NA;NA;NA;NA;NA;NA;1;NA;NA;NA;NA;NA;1;1;1;NA;NA;NA;NA;NA;NA;NA
25;"PB";2508703;"250870";"Mãe d'Água";"Não";"Região Metropolitana de Patos";"Ocupantes de automóvel";NA;NA;NA;NA;NA;NA;NA;NA;NA;NA;NA;NA;NA;NA;1;NA;NA;1;1;NA;1;NA;NA;1;NA
25;"PB";2508802;"250880";"Malta";"Não";"Região Metropolitana de Patos";"Ocupantes de automóvel";NA;NA;NA;NA;NA;NA;1;NA;NA;NA;1;NA;NA;1;1;1;4;NA;1;1;NA;NA;1;NA;NA
25;"PB";2508901;"250890";"Mamanguape";"Não";"Região Metropolitana do Vale do Mamanguape";"Ocupantes de automóvel";NA;NA;NA;3;1;2;7;10;3;6;2;1;1;NA;2;NA;3;4;2;NA;NA;NA;7;2;NA
25;"PB";2509008;"250900";"Manaíra";"Não";"-";"Ocupantes de automóvel";NA;NA;NA;NA;NA;NA;NA;NA;NA;NA;NA;NA;NA;NA;NA;1;NA;NA;NA;1;NA;4;1;NA;NA
25;"PB";2509057;"250905";"Marcação";"Não";"Região Metropolitana do Vale do Mamanguape";"Ocupantes de automóvel";NA;NA;NA;NA;NA;NA;NA;NA;NA;NA;NA;NA;NA;NA;NA;NA;NA;NA;NA;NA;NA;NA;2;NA;NA
25;"PB";2509107;"250910";"Mari";"Não";"-";"Ocupantes de automóvel";NA;NA;NA;NA;NA;NA;NA;NA;NA;NA;NA;NA;NA;2;NA;NA;NA;NA;NA;NA;NA;NA;NA;NA;NA
25;"PB";2509156;"250915";"Marizópolis";"Não";"Região Metropolitana de Sousa";"Ocupantes de automóvel";NA;NA;NA;NA;NA;NA;NA;1;NA;NA;NA;NA;NA;2;1;1;NA;NA;3;1;NA;NA;NA;NA;NA
25;"PB";2509305;"250930";"Mataraca";"Não";"Região Metropolitana do Vale do Mamanguape";"Ocupantes de automóvel";NA;NA;NA;NA;NA;NA;NA;NA;2;NA;NA;NA;NA;NA;NA;NA;NA;NA;1;NA;NA;NA;3;3;NA
25;"PB";2509370;"250937";"Mato Grosso";"Não";"-";"Ocupantes de automóvel";NA;NA;NA;NA;NA;NA;NA;NA;NA;NA;NA;NA;NA;NA;NA;NA;NA;NA;NA;NA;NA;3;NA;NA;NA
25;"PB";2509396;"250939";"Maturéia";"Não";"Região Metropolitana de Patos";"Ocupantes de automóvel";NA;NA;NA;NA;NA;NA;NA;NA;NA;NA;NA;NA;1;3;2;NA;NA;1;1;NA;1;2;1;2;NA
25;"PB";2509404;"250940";"Mogeiro";"Não";"Região Metropolitana de Itabaiana";"Ocupantes de automóvel";NA;NA;NA;NA;NA;NA;NA;NA;NA;NA;NA;NA;NA;NA;NA;NA;NA;2;NA;NA;1;1;NA;NA;NA
25;"PB";2509602;"250960";"Monte Horebe";"Não";"Região Metropolitana de Cajazeiras";"Ocupantes de automóvel";NA;NA;NA;NA;NA;NA;NA;NA;NA;NA;NA;NA;NA;2;1;NA;1;1;NA;NA;1;NA;NA;NA;NA
25;"PB";2509701;"250970";"Monteiro";"Não";"-";"Ocupantes de automóvel";NA;NA;1;NA;NA;1;NA;NA;NA;NA;1;NA;NA;NA;NA;NA;NA;NA;NA;NA;NA;NA;NA;NA;NA
25;"PB";2509800;"250980";"Mulungu";"Não";"Região Metropolitana de Guarabira";"Ocupantes de automóvel";NA;NA;NA;NA;NA;NA;NA;NA;NA;NA;NA;NA;1;1;NA;NA;NA;NA;NA;1;NA;NA;2;NA;NA
25;"PB";2510006;"251000";"Nazarezinho";"Não";"Região Metropolitana de Sousa";"Ocupantes de automóvel";NA;NA;NA;NA;NA;NA;NA;NA;NA;NA;NA;NA;1;NA;3;1;NA;NA;1;NA;NA;NA;NA;1;NA
25;"PB";2510105;"251010";"Nova Floresta";"Não";"Região Metropolitana de Barra de Santa Rosa";"Ocupantes de automóvel";NA;NA;NA;NA;NA;NA;NA;NA;NA;NA;NA;NA;NA;NA;1;1;NA;NA;NA;NA;NA;NA;NA;NA;NA
25;"PB";2510204;"251020";"Nova Olinda";"Não";"Região Metropolitana do Vale do Piancó";"Ocupantes de automóvel";NA;NA;NA;NA;NA;NA;NA;NA;NA;NA;NA;NA;NA;NA;NA;NA;1;NA;NA;NA;2;NA;2;NA;NA
25;"PB";2510303;"251030";"Nova Palmeira";"Não";"Região Metropolitana de Barra de Santa Rosa";"Ocupantes de automóvel";NA;NA;NA;NA;NA;NA;NA;NA;NA;NA;NA;NA;NA;NA;NA;NA;NA;NA;NA;NA;NA;NA;NA;NA;NA
25;"PB";2510402;"251040";"Olho d'Água";"Não";"-";"Ocupantes de automóvel";NA;NA;NA;NA;NA;NA;NA;NA;NA;NA;NA;1;1;NA;1;NA;NA;NA;2;NA;4;NA;NA;1;NA
25;"PB";2510600;"251060";"Ouro Velho";"Não";"-";"Ocupantes de automóvel";NA;NA;NA;NA;NA;NA;NA;NA;NA;NA;NA;NA;NA;NA;NA;NA;NA;NA;NA;NA;NA;NA;NA;1;NA
25;"PB";2510709;"251070";"Passagem";"Não";"Região Metropolitana de Patos";"Ocupantes de automóvel";NA;NA;NA;NA;NA;NA;NA;NA;NA;NA;NA;NA;1;NA;NA;NA;1;NA;NA;NA;NA;NA;NA;NA;NA
25;"PB";2510808;"251080";"Patos";"Não";"Região Metropolitana de Patos";"Ocupantes de automóvel";NA;NA;NA;NA;2;1;1;3;1;NA;1;3;8;14;6;17;19;13;19;9;10;8;10;6;NA
25;"PB";2510907;"251090";"Paulista";"Não";"-";"Ocupantes de automóvel";NA;NA;NA;NA;NA;1;NA;1;NA;NA;NA;2;NA;1;1;1;5;5;1;NA;1;NA;NA;1;NA
25;"PB";2511004;"251100";"Pedra Branca";"Não";"-";"Ocupantes de automóvel";NA;NA;NA;NA;NA;NA;NA;NA;NA;NA;NA;NA;NA;NA;1;NA;NA;NA;NA;NA;NA;NA;NA;1;NA
25;"PB";2511202;"251120";"Pedras de Fogo";"Não";"Região Metropolitana de João Pessoa";"Ocupantes de automóvel";1;NA;NA;1;1;NA;NA;NA;NA;NA;3;NA;2;NA;NA;4;NA;NA;2;NA;NA;1;NA;1;NA
25;"PB";2511301;"251130";"Piancó";"Não";"Região Metropolitana do Vale do Piancó";"Ocupantes de automóvel";NA;NA;NA;NA;NA;NA;NA;NA;NA;NA;2;NA;1;1;1;NA;4;NA;1;1;4;1;2;1;NA
25;"PB";2511400;"251140";"Picuí";"Não";"Região Metropolitana de Barra de Santa Rosa";"Ocupantes de automóvel";NA;NA;NA;NA;NA;NA;NA;NA;NA;NA;NA;NA;NA;NA;NA;NA;NA;NA;NA;NA;NA;NA;NA;NA;NA
25;"PB";2511509;"251150";"Pilar";"Não";"Região Metropolitana de Itabaiana";"Ocupantes de automóvel";NA;NA;NA;NA;NA;NA;NA;NA;NA;NA;NA;NA;NA;NA;NA;1;NA;NA;1;1;1;NA;1;NA;NA
25;"PB";2511608;"251160";"Pilões";"Não";"Região Metropolitana de Guarabira";"Ocupantes de automóvel";NA;NA;NA;NA;NA;NA;NA;NA;NA;NA;NA;NA;NA;NA;NA;NA;NA;NA;1;2;1;1;NA;NA;NA
25;"PB";2511707;"251170";"Pilõezinhos";"Não";"Região Metropolitana de Guarabira";"Ocupantes de automóvel";NA;NA;NA;NA;NA;NA;NA;NA;NA;NA;NA;NA;NA;NA;NA;NA;NA;NA;NA;NA;NA;NA;NA;NA;NA
25;"PB";2511806;"251180";"Pirpirituba";"Não";"Região Metropolitana de Guarabira";"Ocupantes de automóvel";NA;NA;NA;NA;NA;NA;NA;NA;NA;1;NA;NA;NA;NA;NA;NA;NA;NA;NA;1;1;NA;NA;1;NA
25;"PB";2511905;"251190";"Pitimbu";"Não";"Região Metropolitana de João Pessoa";"Ocupantes de automóvel";NA;NA;NA;NA;NA;NA;NA;NA;1;NA;NA;1;NA;NA;NA;NA;NA;NA;NA;NA;NA;NA;NA;NA;NA
25;"PB";2512036;"251203";"Poço Dantas";"Não";"Região Metropolitana de Cajazeiras";"Ocupantes de automóvel";NA;NA;NA;NA;NA;NA;NA;NA;NA;NA;NA;NA;NA;NA;NA;NA;NA;NA;1;NA;NA;NA;NA;NA;NA
25;"PB";2512077;"251207";"Poço de José de Moura";"Não";"Região Metropolitana de Cajazeiras";"Ocupantes de automóvel";NA;NA;NA;NA;NA;NA;NA;NA;NA;NA;NA;NA;NA;NA;NA;NA;NA;3;NA;NA;NA;NA;NA;NA;NA
25;"PB";2512101;"251210";"Pombal";"Não";"-";"Ocupantes de automóvel";NA;NA;NA;NA;NA;NA;NA;NA;2;1;NA;NA;1;2;4;2;6;4;4;5;1;5;2;2;NA
25;"PB";2512309;"251230";"Princesa Isabel";"Não";"-";"Ocupantes de automóvel";NA;NA;NA;1;NA;NA;NA;NA;NA;2;2;NA;NA;1;2;NA;NA;1;7;1;2;NA;2;NA;NA
25;"PB";2512507;"251250";"Queimadas";"Não";"Região Metropolitana de Campina Grande";"Ocupantes de automóvel";1;NA;NA;NA;NA;NA;NA;NA;NA;NA;NA;NA;NA;NA;NA;NA;1;NA;NA;NA;NA;NA;NA;NA;NA
25;"PB";2512606;"251260";"Quixaba";"Não";"Região Metropolitana de Patos";"Ocupantes de automóvel";NA;NA;NA;NA;NA;NA;NA;NA;NA;7;NA;NA;NA;NA;NA;NA;1;NA;NA;NA;NA;NA;NA;NA;NA
25;"PB";2512705;"251270";"Remígio";"Não";"Região Metropolitana de Esperança";"Ocupantes de automóvel";1;NA;NA;NA;NA;NA;NA;NA;NA;NA;NA;NA;NA;NA;NA;NA;NA;NA;NA;NA;NA;NA;NA;NA;NA
25;"PB";2512721;"251272";"Pedro Régis";"Não";"Região Metropolitana do Vale do Mamanguape";"Ocupantes de automóvel";NA;NA;NA;NA;NA;NA;NA;NA;NA;NA;NA;NA;1;NA;NA;NA;NA;NA;NA;NA;NA;NA;1;NA;NA
25;"PB";2512747;"251274";"Riachão";"Não";"Região Metropolitana de Araruna";"Ocupantes de automóvel";NA;NA;NA;NA;NA;NA;NA;1;NA;NA;NA;NA;1;NA;NA;NA;NA;NA;NA;NA;NA;NA;NA;NA;NA
25;"PB";2512754;"251275";"Riachão do Bacamarte";"Não";"Região Metropolitana de Itabaiana";"Ocupantes de automóvel";NA;NA;NA;NA;NA;NA;NA;NA;NA;NA;NA;NA;NA;NA;NA;NA;NA;1;1;NA;1;NA;1;1;NA
25;"PB";2512762;"251276";"Riachão do Poço";"Não";"-";"Ocupantes de automóvel";NA;NA;NA;NA;NA;NA;NA;NA;NA;NA;NA;NA;NA;NA;NA;NA;NA;NA;NA;NA;1;NA;NA;NA;NA
25;"PB";2512804;"251280";"Riacho dos Cavalos";"Não";"-";"Ocupantes de automóvel";NA;NA;NA;NA;NA;NA;NA;NA;NA;NA;NA;NA;NA;NA;NA;1;NA;1;NA;NA;NA;1;NA;NA;NA
25;"PB";2512903;"251290";"Rio Tinto";"Não";"Região Metropolitana de João Pessoa";"Ocupantes de automóvel";NA;NA;NA;NA;NA;NA;NA;NA;NA;NA;NA;NA;NA;NA;NA;NA;2;NA;1;NA;NA;NA;NA;1;NA
25;"PB";2513000;"251300";"Salgadinho";"Não";"Região Metropolitana de Patos";"Ocupantes de automóvel";NA;NA;NA;NA;NA;NA;NA;NA;NA;NA;NA;NA;NA;NA;NA;NA;NA;1;1;NA;1;1;NA;NA;NA
25;"PB";2513109;"251310";"Salgado de São Félix";"Não";"Região Metropolitana de Itabaiana";"Ocupantes de automóvel";NA;NA;NA;NA;NA;NA;NA;NA;NA;NA;NA;NA;NA;NA;1;NA;1;NA;NA;NA;1;NA;NA;NA;NA
25;"PB";2513208;"251320";"Santa Cruz";"Não";"Região Metropolitana de Sousa";"Ocupantes de automóvel";NA;NA;NA;NA;NA;NA;NA;NA;NA;NA;NA;NA;NA;1;NA;NA;2;NA;NA;NA;NA;NA;NA;NA;NA
25;"PB";2513307;"251330";"Santa Helena";"Não";"Região Metropolitana de Cajazeiras";"Ocupantes de automóvel";NA;NA;NA;NA;1;NA;NA;NA;NA;NA;NA;NA;NA;NA;NA;1;NA;NA;2;2;NA;NA;NA;NA;NA
25;"PB";2513356;"251335";"Santa Inês";"Não";"Região Metropolitana do Vale do Piancó";"Ocupantes de automóvel";NA;NA;NA;NA;NA;NA;NA;NA;NA;NA;NA;NA;NA;NA;NA;NA;1;NA;NA;NA;NA;NA;NA;NA;NA
25;"PB";2513406;"251340";"Santa Luzia";"Não";"Região Metropolitana de Patos";"Ocupantes de automóvel";NA;NA;NA;NA;NA;NA;NA;NA;NA;NA;NA;NA;1;1;3;NA;6;NA;1;2;1;3;2;1;NA
25;"PB";2513505;"251350";"Santana de Mangueira";"Não";"Região Metropolitana do Vale do Piancó";"Ocupantes de automóvel";NA;NA;NA;NA;NA;NA;NA;NA;NA;NA;NA;NA;2;NA;1;2;1;NA;1;NA;NA;NA;1;NA;NA
25;"PB";2513604;"251360";"Santana dos Garrotes";"Não";"Região Metropolitana do Vale do Piancó";"Ocupantes de automóvel";NA;NA;NA;NA;NA;NA;NA;NA;NA;1;NA;NA;NA;NA;NA;NA;NA;NA;NA;NA;1;NA;NA;NA;NA
25;"PB";2513653;"251365";"Joca Claudino";"Não";"Região Metropolitana de Cajazeiras";"Ocupantes de automóvel";NA;NA;NA;NA;NA;NA;NA;NA;NA;NA;NA;NA;NA;NA;1;NA;NA;1;NA;NA;1;NA;NA;NA;NA
25;"PB";2513703;"251370";"Santa Rita";"Não";"Região Metropolitana de João Pessoa";"Ocupantes de automóvel";1;NA;NA;1;1;NA;NA;NA;NA;4;2;3;5;3;NA;1;1;NA;2;1;NA;4;3;6;NA
25;"PB";2513802;"251380";"Santa Teresinha";"Não";"Região Metropolitana de Patos";"Ocupantes de automóvel";NA;NA;NA;NA;NA;NA;NA;2;NA;NA;NA;NA;2;NA;1;2;2;1;2;1;1;NA;1;1;NA
25;"PB";2513901;"251390";"São Bento";"Não";"-";"Ocupantes de automóvel";NA;NA;NA;NA;NA;NA;1;NA;NA;NA;NA;NA;NA;6;NA;6;NA;NA;4;1;1;NA;2;1;NA
25;"PB";2513927;"251392";"São Bentinho";"Não";"-";"Ocupantes de automóvel";NA;NA;NA;NA;NA;NA;NA;NA;NA;NA;NA;NA;2;2;NA;2;1;1;1;NA;NA;NA;NA;NA;NA
25;"PB";2513968;"251396";"São Domingos";"Não";"-";"Ocupantes de automóvel";NA;NA;NA;NA;NA;NA;NA;NA;NA;NA;NA;NA;NA;1;1;2;NA;NA;NA;NA;1;1;NA;NA;NA
25;"PB";2513984;"251398";"São Francisco";"Não";"Região Metropolitana de Sousa";"Ocupantes de automóvel";NA;NA;NA;NA;NA;NA;NA;NA;NA;NA;NA;NA;2;NA;NA;NA;NA;NA;3;3;NA;NA;NA;NA;NA
25;"PB";2514008;"251400";"São João do Cariri";"Não";"-";"Ocupantes de automóvel";NA;NA;NA;NA;NA;NA;NA;NA;NA;NA;NA;NA;NA;NA;NA;NA;NA;NA;NA;NA;NA;NA;NA;NA;NA
25;"PB";2514206;"251420";"São José da Lagoa Tapada";"Não";"Região Metropolitana de Sousa";"Ocupantes de automóvel";NA;NA;NA;NA;NA;NA;NA;NA;1;NA;NA;NA;NA;3;NA;1;2;NA;2;NA;NA;NA;NA;1;NA
25;"PB";2514305;"251430";"São José de Caiana";"Não";"Região Metropolitana do Vale do Piancó";"Ocupantes de automóvel";NA;NA;NA;NA;NA;NA;NA;NA;NA;NA;NA;NA;NA;NA;NA;4;1;NA;NA;NA;NA;1;NA;NA;NA
25;"PB";2514404;"251440";"São José de Espinharas";"Não";"Região Metropolitana de Patos";"Ocupantes de automóvel";NA;NA;NA;NA;NA;NA;NA;NA;1;NA;NA;NA;NA;NA;NA;1;NA;1;NA;NA;NA;NA;NA;NA;NA
25;"PB";2514453;"251445";"São José dos Ramos";"Não";"Região Metropolitana de Itabaiana";"Ocupantes de automóvel";NA;NA;NA;NA;NA;NA;NA;NA;NA;NA;1;NA;NA;NA;NA;NA;NA;NA;NA;1;1;NA;NA;NA;NA
25;"PB";2514503;"251450";"São José de Piranhas";"Não";"Região Metropolitana de Cajazeiras";"Ocupantes de automóvel";NA;NA;NA;NA;NA;NA;NA;NA;NA;NA;NA;NA;3;NA;2;1;2;1;2;NA;NA;1;2;NA;NA
25;"PB";2514552;"251455";"São José de Princesa";"Não";"-";"Ocupantes de automóvel";NA;NA;NA;NA;NA;NA;NA;NA;NA;NA;NA;NA;NA;NA;NA;NA;NA;NA;NA;NA;1;NA;NA;NA;NA
25;"PB";2514602;"251460";"São José do Bonfim";"Não";"Região Metropolitana de Patos";"Ocupantes de automóvel";NA;NA;NA;NA;NA;NA;NA;NA;NA;NA;3;NA;1;NA;4;3;1;NA;3;NA;NA;NA;1;1;NA
25;"PB";2514701;"251470";"São José do Sabugi";"Não";"Região Metropolitana de Patos";"Ocupantes de automóvel";NA;NA;NA;NA;NA;NA;NA;NA;NA;NA;NA;NA;NA;NA;NA;NA;NA;NA;NA;NA;NA;NA;1;1;NA
25;"PB";2514909;"251490";"São Mamede";"Não";"Região Metropolitana de Patos";"Ocupantes de automóvel";NA;NA;NA;NA;NA;NA;NA;NA;NA;NA;NA;2;2;1;NA;1;1;1;NA;1;NA;NA;2;NA;NA
25;"PB";2515005;"251500";"São Miguel de Taipu";"Não";"Região Metropolitana de Itabaiana";"Ocupantes de automóvel";NA;NA;NA;NA;NA;NA;NA;NA;NA;NA;NA;NA;NA;NA;NA;NA;NA;NA;NA;NA;NA;NA;4;2;NA
25;"PB";2515104;"251510";"São Sebastião de Lagoa de Roça";"Não";"Região Metropolitana de Esperança";"Ocupantes de automóvel";NA;NA;1;NA;NA;NA;NA;NA;NA;NA;NA;NA;NA;NA;NA;NA;NA;NA;NA;NA;1;NA;NA;NA;NA
25;"PB";2515302;"251530";"Sapé";"Não";"-";"Ocupantes de automóvel";1;NA;NA;NA;NA;NA;NA;NA;NA;NA;NA;1;NA;1;1;NA;1;NA;NA;NA;NA;NA;1;1;NA
25;"PB";2515401;"251540";"São Vicente do Seridó";"Não";"-";"Ocupantes de automóvel";NA;NA;NA;NA;NA;NA;NA;NA;NA;NA;NA;NA;NA;NA;NA;NA;NA;NA;NA;NA;NA;NA;NA;NA;NA
25;"PB";2515708;"251570";"Serra Grande";"Não";"Região Metropolitana do Vale do Piancó";"Ocupantes de automóvel";NA;NA;NA;NA;NA;NA;NA;NA;NA;NA;NA;NA;NA;NA;1;NA;NA;1;NA;NA;1;1;NA;NA;NA
25;"PB";2515807;"251580";"Serra Redonda";"Não";"Região Metropolitana de Campina Grande";"Ocupantes de automóvel";NA;NA;NA;NA;NA;NA;NA;NA;NA;NA;NA;NA;NA;NA;NA;NA;NA;NA;NA;NA;NA;NA;NA;NA;NA
25;"PB";2515930;"251593";"Sertãozinho";"Não";"Região Metropolitana de Guarabira";"Ocupantes de automóvel";NA;NA;NA;NA;NA;NA;NA;NA;NA;NA;NA;NA;NA;NA;NA;NA;NA;NA;NA;1;NA;NA;NA;NA;NA
25;"PB";2515971;"251597";"Sobrado";"Não";"-";"Ocupantes de automóvel";NA;NA;NA;NA;1;NA;NA;NA;1;NA;1;NA;NA;NA;2;NA;NA;NA;1;NA;NA;1;1;NA;NA
25;"PB";2516003;"251600";"Solânea";"Não";"Região Metropolitana de Guarabira";"Ocupantes de automóvel";1;NA;NA;NA;1;1;1;1;NA;2;NA;NA;2;1;2;2;1;2;1;1;NA;NA;NA;NA;NA
25;"PB";2516102;"251610";"Soledade";"Não";"-";"Ocupantes de automóvel";NA;NA;NA;NA;NA;1;NA;NA;NA;NA;NA;NA;NA;1;NA;NA;NA;NA;NA;NA;NA;NA;NA;NA;NA
25;"PB";2516151;"251615";"Sossêgo";"Não";"Região Metropolitana de Barra de Santa Rosa";"Ocupantes de automóvel";NA;NA;NA;NA;NA;NA;NA;NA;NA;NA;NA;NA;NA;NA;NA;NA;NA;NA;NA;NA;NA;NA;NA;NA;NA
25;"PB";2516201;"251620";"Sousa";"Não";"Região Metropolitana de Sousa";"Ocupantes de automóvel";NA;NA;1;6;NA;NA;2;NA;1;NA;2;4;3;4;9;22;10;8;10;7;11;3;3;2;NA
25;"PB";2516300;"251630";"Sumé";"Não";"-";"Ocupantes de automóvel";NA;NA;NA;NA;NA;NA;NA;NA;NA;NA;NA;NA;NA;NA;NA;NA;NA;NA;NA;NA;NA;NA;NA;NA;NA
25;"PB";2516409;"251640";"Tacima";"Não";"Região Metropolitana de Araruna";"Ocupantes de automóvel";1;NA;NA;NA;NA;NA;NA;NA;NA;1;NA;NA;2;NA;1;NA;NA;NA;1;1;1;NA;NA;1;NA
25;"PB";2516508;"251650";"Taperoá";"Não";"-";"Ocupantes de automóvel";NA;NA;NA;NA;NA;NA;NA;NA;NA;NA;NA;NA;NA;1;NA;NA;NA;NA;NA;NA;NA;NA;NA;NA;NA
25;"PB";2516607;"251660";"Tavares";"Não";"-";"Ocupantes de automóvel";NA;NA;NA;1;1;NA;NA;NA;NA;NA;NA;NA;2;NA;1;5;2;6;3;NA;2;NA;1;2;NA
25;"PB";2516706;"251670";"Teixeira";"Não";"Região Metropolitana de Patos";"Ocupantes de automóvel";NA;NA;NA;NA;NA;NA;NA;NA;2;NA;NA;1;1;2;3;2;1;4;2;2;4;2;2;1;NA
25;"PB";2516805;"251680";"Triunfo";"Não";"Região Metropolitana de Cajazeiras";"Ocupantes de automóvel";NA;NA;NA;NA;NA;NA;NA;NA;NA;NA;NA;NA;NA;NA;NA;1;1;NA;NA;NA;1;NA;NA;NA;NA
25;"PB";2516904;"251690";"Uiraúna";"Não";"Região Metropolitana de Cajazeiras";"Ocupantes de automóvel";NA;NA;NA;NA;NA;NA;NA;NA;NA;NA;NA;NA;2;NA;1;4;1;NA;NA;NA;1;NA;NA;NA;NA
25;"PB";2517100;"251710";"Várzea";"Não";"Região Metropolitana de Patos";"Ocupantes de automóvel";NA;NA;NA;NA;NA;NA;NA;NA;NA;NA;NA;1;NA;NA;1;NA;NA;NA;1;NA;NA;NA;NA;NA;NA
25;"PB";2517209;"251720";"Vieirópolis";"Não";"Região Metropolitana de Sousa";"Ocupantes de automóvel";NA;NA;NA;NA;NA;NA;NA;NA;NA;NA;NA;NA;NA;1;NA;NA;1;NA;NA;NA;1;NA;NA;1;NA
25;"PB";2517407;"251740";"Zabelê";"Não";"-";"Ocupantes de automóvel";NA;NA;NA;NA;NA;NA;NA;1;NA;NA;NA;NA;NA;NA;NA;NA;NA;NA;NA;NA;NA;NA;NA;NA;NA
26;"PE";2600054;"260005";"Abreu e Lima";"Não";"Região Metropolitana de Recife";"Ocupantes de automóvel";NA;NA;2;NA;NA;NA;NA;NA;NA;NA;NA;NA;NA;NA;NA;NA;1;NA;1;NA;NA;NA;NA;NA;NA
26;"PE";2600104;"260010";"Afogados da Ingazeira";"Não";"-";"Ocupantes de automóvel";NA;NA;NA;NA;NA;1;2;1;2;1;1;1;6;1;4;2;2;1;NA;1;2;NA;3;2;NA
26;"PE";2600203;"260020";"Afrânio";"Não";"-";"Ocupantes de automóvel";NA;NA;NA;NA;NA;1;NA;NA;NA;NA;2;1;NA;NA;2;NA;NA;NA;1;1;NA;1;4;NA;NA
26;"PE";2600302;"260030";"Agrestina";"Não";"-";"Ocupantes de automóvel";NA;1;1;1;1;1;NA;1;1;NA;3;4;NA;NA;4;2;3;NA;NA;1;3;1;NA;2;NA
26;"PE";2600401;"260040";"Água Preta";"Não";"-";"Ocupantes de automóvel";1;1;NA;1;NA;NA;1;1;2;NA;2;2;1;2;NA;NA;NA;NA;NA;1;NA;NA;NA;1;NA
26;"PE";2600500;"260050";"Águas Belas";"Não";"-";"Ocupantes de automóvel";NA;NA;NA;NA;NA;NA;NA;NA;NA;1;1;2;NA;1;1;1;NA;1;NA;NA;2;NA;NA;NA;NA
26;"PE";2600609;"260060";"Alagoinha";"Não";"-";"Ocupantes de automóvel";NA;NA;NA;NA;NA;2;NA;NA;NA;NA;NA;1;NA;1;NA;NA;1;NA;NA;1;NA;NA;NA;NA;NA
26;"PE";2600708;"260070";"Aliança";"Não";"-";"Ocupantes de automóvel";NA;1;NA;NA;NA;NA;1;1;2;NA;NA;NA;7;2;NA;1;4;1;NA;1;1;3;1;NA;NA
26;"PE";2600807;"260080";"Altinho";"Não";"-";"Ocupantes de automóvel";NA;NA;NA;NA;1;NA;1;NA;NA;NA;NA;NA;2;1;NA;NA;1;NA;NA;NA;NA;NA;NA;NA;NA
26;"PE";2600906;"260090";"Amaraji";"Não";"-";"Ocupantes de automóvel";NA;NA;1;1;NA;NA;NA;1;NA;NA;NA;NA;NA;1;1;NA;NA;1;1;NA;NA;1;1;NA;NA
26;"PE";2601003;"260100";"Angelim";"Não";"-";"Ocupantes de automóvel";NA;NA;NA;NA;NA;NA;NA;NA;NA;1;NA;NA;NA;1;NA;1;NA;NA;NA;NA;NA;NA;2;NA;NA
26;"PE";2601052;"260105";"Araçoiaba";"Não";"Região Metropolitana de Recife";"Ocupantes de automóvel";NA;NA;NA;NA;NA;2;NA;1;NA;NA;NA;NA;NA;2;NA;1;NA;1;NA;NA;NA;NA;1;NA;NA
26;"PE";2601102;"260110";"Araripina";"Não";"-";"Ocupantes de automóvel";NA;4;NA;3;2;3;4;1;2;1;3;NA;6;5;4;10;3;NA;NA;NA;2;4;3;2;NA
26;"PE";2601201;"260120";"Arcoverde";"Não";"-";"Ocupantes de automóvel";11;5;5;10;3;12;10;13;11;8;10;11;16;5;7;3;5;11;4;4;1;1;7;3;NA
26;"PE";2601300;"260130";"Barra de Guabiraba";"Não";"-";"Ocupantes de automóvel";NA;NA;NA;NA;NA;NA;NA;NA;NA;NA;NA;NA;NA;NA;NA;NA;NA;NA;NA;NA;NA;NA;1;NA;NA
26;"PE";2601409;"260140";"Barreiros";"Não";"-";"Ocupantes de automóvel";NA;1;NA;NA;1;NA;NA;NA;4;1;NA;NA;NA;2;NA;NA;1;NA;NA;1;NA;2;NA;1;NA
26;"PE";2601508;"260150";"Belém de Maria";"Não";"-";"Ocupantes de automóvel";NA;NA;NA;NA;NA;NA;NA;NA;NA;NA;NA;NA;NA;NA;NA;NA;NA;NA;NA;NA;NA;NA;NA;NA;NA
26;"PE";2601607;"260160";"Belém do São Francisco";"Não";"-";"Ocupantes de automóvel";NA;NA;1;2;NA;NA;1;NA;2;NA;NA;1;1;5;2;1;1;2;1;NA;NA;NA;NA;1;NA
26;"PE";2601706;"260170";"Belo Jardim";"Não";"-";"Ocupantes de automóvel";1;2;1;1;1;3;4;6;1;4;7;4;NA;4;2;1;NA;3;NA;2;3;3;NA;5;NA
26;"PE";2601805;"260180";"Betânia";"Não";"-";"Ocupantes de automóvel";NA;NA;NA;NA;NA;NA;NA;NA;NA;NA;NA;NA;NA;NA;NA;NA;NA;NA;NA;NA;NA;NA;NA;NA;NA
26;"PE";2601904;"260190";"Bezerros";"Não";"-";"Ocupantes de automóvel";1;2;1;NA;1;2;NA;NA;NA;1;NA;5;1;2;3;3;NA;NA;4;NA;2;2;1;NA;NA
26;"PE";2602001;"260200";"Bodocó";"Não";"-";"Ocupantes de automóvel";2;NA;NA;NA;NA;NA;NA;NA;1;NA;NA;1;NA;NA;1;NA;NA;NA;NA;1;1;1;NA;2;NA
26;"PE";2602100;"260210";"Bom Conselho";"Não";"-";"Ocupantes de automóvel";1;NA;NA;NA;NA;NA;NA;NA;NA;NA;NA;1;NA;3;NA;NA;1;NA;NA;1;NA;2;4;NA;NA
26;"PE";2602209;"260220";"Bom Jardim";"Não";"-";"Ocupantes de automóvel";1;NA;NA;1;3;1;1;2;4;NA;1;NA;NA;NA;NA;1;2;NA;NA;NA;2;NA;2;NA;NA
26;"PE";2602308;"260230";"Bonito";"Não";"-";"Ocupantes de automóvel";NA;3;1;1;NA;NA;1;2;NA;NA;NA;NA;NA;1;NA;NA;NA;3;NA;1;NA;NA;1;4;NA
26;"PE";2602407;"260240";"Brejão";"Não";"-";"Ocupantes de automóvel";NA;NA;NA;NA;NA;NA;NA;NA;1;NA;NA;NA;NA;5;NA;1;NA;2;1;1;NA;NA;1;NA;NA
26;"PE";2602506;"260250";"Brejinho";"Não";"-";"Ocupantes de automóvel";1;NA;NA;NA;NA;NA;NA;NA;NA;NA;NA;NA;NA;NA;NA;NA;NA;NA;NA;NA;NA;NA;NA;NA;NA
26;"PE";2602605;"260260";"Brejo da Madre de Deus";"Não";"-";"Ocupantes de automóvel";NA;NA;NA;NA;NA;1;NA;NA;NA;1;NA;NA;NA;NA;2;1;1;NA;NA;NA;NA;3;NA;NA;NA
26;"PE";2602704;"260270";"Buenos Aires";"Não";"-";"Ocupantes de automóvel";NA;NA;NA;NA;NA;1;NA;NA;NA;NA;NA;NA;NA;NA;NA;NA;NA;NA;NA;NA;NA;NA;NA;NA;NA
26;"PE";2602803;"260280";"Buíque";"Não";"-";"Ocupantes de automóvel";1;1;1;3;1;NA;NA;1;NA;NA;1;1;2;NA;1;NA;2;3;1;2;3;1;1;NA;NA
26;"PE";2602902;"260290";"Cabo de Santo Agostinho";"Não";"Região Metropolitana de Recife";"Ocupantes de automóvel";1;NA;NA;NA;NA;NA;NA;4;2;1;9;1;4;1;2;6;4;3;4;3;3;3;NA;NA;NA
26;"PE";2603009;"260300";"Cabrobó";"Não";"-";"Ocupantes de automóvel";6;4;1;NA;3;4;4;4;3;1;6;1;6;2;5;5;4;1;NA;1;NA;NA;NA;NA;NA
26;"PE";2603108;"260310";"Cachoeirinha";"Não";"-";"Ocupantes de automóvel";NA;NA;1;NA;NA;NA;NA;2;NA;NA;8;1;7;1;2;1;2;NA;NA;1;NA;1;NA;1;NA
26;"PE";2603207;"260320";"Caetés";"Não";"-";"Ocupantes de automóvel";NA;NA;1;NA;NA;NA;NA;NA;NA;NA;NA;NA;3;NA;1;1;NA;1;2;1;NA;1;1;1;NA
26;"PE";2603306;"260330";"Calçado";"Não";"-";"Ocupantes de automóvel";NA;NA;NA;NA;NA;1;NA;NA;NA;NA;NA;NA;1;NA;NA;NA;NA;NA;NA;NA;NA;NA;NA;NA;NA
26;"PE";2603405;"260340";"Calumbi";"Não";"-";"Ocupantes de automóvel";NA;2;NA;NA;NA;NA;NA;NA;NA;NA;NA;NA;NA;1;NA;NA;NA;NA;NA;NA;NA;1;NA;NA;NA
26;"PE";2603454;"260345";"Camaragibe";"Não";"Região Metropolitana de Recife";"Ocupantes de automóvel";1;1;NA;NA;NA;NA;1;1;1;NA;NA;NA;NA;NA;NA;NA;NA;2;1;NA;1;1;NA;NA;NA
26;"PE";2603504;"260350";"Camocim de São Félix";"Não";"-";"Ocupantes de automóvel";NA;1;NA;1;1;2;NA;1;NA;NA;NA;1;NA;2;NA;2;1;NA;NA;NA;NA;NA;NA;3;NA
26;"PE";2603603;"260360";"Camutanga";"Não";"-";"Ocupantes de automóvel";NA;NA;NA;NA;NA;NA;NA;NA;NA;NA;NA;NA;NA;NA;NA;1;NA;NA;NA;NA;NA;NA;NA;NA;NA
26;"PE";2603702;"260370";"Canhotinho";"Não";"-";"Ocupantes de automóvel";NA;NA;NA;NA;NA;NA;NA;NA;NA;NA;1;NA;3;1;NA;1;7;NA;NA;NA;2;1;1;1;NA
26;"PE";2603801;"260380";"Capoeiras";"Não";"-";"Ocupantes de automóvel";NA;NA;NA;NA;NA;NA;NA;NA;NA;NA;NA;1;1;1;1;1;NA;1;1;NA;NA;NA;NA;1;NA
26;"PE";2603900;"260390";"Carnaíba";"Não";"-";"Ocupantes de automóvel";NA;NA;NA;NA;NA;NA;NA;NA;1;NA;NA;NA;NA;NA;NA;NA;NA;1;NA;1;NA;NA;1;NA;NA
26;"PE";2604007;"260400";"Carpina";"Não";"-";"Ocupantes de automóvel";NA;NA;NA;NA;1;3;NA;NA;1;NA;NA;NA;NA;4;2;1;NA;1;NA;2;NA;NA;NA;1;NA
26;"PE";2604106;"260410";"Caruaru";"Não";"-";"Ocupantes de automóvel";9;9;7;12;15;11;20;17;10;19;24;19;25;13;12;19;15;15;4;7;5;8;9;5;NA
26;"PE";2604155;"260415";"Casinhas";"Não";"-";"Ocupantes de automóvel";NA;NA;1;NA;NA;NA;NA;NA;NA;NA;NA;NA;NA;NA;1;NA;NA;NA;1;NA;NA;NA;NA;NA;NA
26;"PE";2604205;"260420";"Catende";"Não";"-";"Ocupantes de automóvel";3;NA;NA;NA;NA;NA;NA;NA;NA;NA;2;2;NA;2;NA;NA;NA;1;NA;1;NA;NA;1;NA;NA
26;"PE";2604304;"260430";"Cedro";"Não";"-";"Ocupantes de automóvel";NA;NA;NA;NA;NA;NA;NA;NA;NA;NA;NA;NA;NA;NA;NA;NA;NA;NA;NA;1;NA;NA;1;NA;NA
26;"PE";2604403;"260440";"Chã de Alegria";"Não";"-";"Ocupantes de automóvel";NA;NA;NA;NA;NA;NA;NA;NA;NA;NA;NA;1;NA;NA;NA;NA;NA;NA;NA;NA;NA;NA;NA;NA;NA
26;"PE";2604502;"260450";"Chã Grande";"Não";"-";"Ocupantes de automóvel";NA;NA;NA;NA;1;NA;NA;NA;NA;2;NA;NA;NA;NA;NA;NA;NA;1;1;NA;NA;NA;NA;NA;NA
26;"PE";2604601;"260460";"Condado";"Não";"-";"Ocupantes de automóvel";1;NA;NA;NA;NA;NA;NA;NA;NA;NA;1;1;NA;NA;2;1;2;NA;NA;NA;NA;NA;NA;3;NA
26;"PE";2604700;"260470";"Correntes";"Não";"-";"Ocupantes de automóvel";NA;NA;NA;NA;NA;NA;NA;NA;NA;NA;NA;NA;NA;NA;NA;NA;NA;NA;1;NA;NA;NA;1;NA;NA
26;"PE";2604809;"260480";"Cortês";"Não";"-";"Ocupantes de automóvel";NA;NA;1;1;NA;1;NA;NA;NA;NA;NA;NA;1;NA;1;NA;NA;NA;1;NA;NA;NA;NA;NA;NA
26;"PE";2604908;"260490";"Cumaru";"Não";"-";"Ocupantes de automóvel";NA;NA;NA;NA;NA;NA;NA;NA;NA;NA;NA;NA;NA;NA;3;1;2;NA;1;1;NA;1;NA;NA;NA
26;"PE";2605004;"260500";"Cupira";"Não";"-";"Ocupantes de automóvel";NA;NA;NA;NA;1;NA;NA;NA;NA;NA;4;NA;2;NA;2;4;1;NA;NA;NA;NA;NA;2;2;NA
26;"PE";2605103;"260510";"Custódia";"Não";"-";"Ocupantes de automóvel";1;3;2;2;NA;NA;1;1;1;1;2;1;NA;3;1;1;NA;1;NA;1;NA;NA;1;NA;NA
26;"PE";2605152;"260515";"Dormentes";"Não";"-";"Ocupantes de automóvel";NA;NA;NA;NA;NA;NA;NA;NA;NA;NA;NA;NA;NA;NA;1;2;2;1;2;NA;NA;NA;NA;NA;NA
26;"PE";2605202;"260520";"Escada";"Não";"-";"Ocupantes de automóvel";2;1;NA;NA;NA;NA;5;NA;NA;1;NA;NA;1;3;3;3;1;NA;1;1;NA;2;1;1;NA
26;"PE";2605301;"260530";"Exu";"Não";"-";"Ocupantes de automóvel";NA;NA;NA;NA;1;1;NA;3;NA;NA;1;NA;2;3;NA;1;2;3;1;1;1;1;4;1;NA
26;"PE";2605400;"260540";"Feira Nova";"Não";"-";"Ocupantes de automóvel";NA;NA;NA;NA;NA;NA;NA;NA;NA;2;NA;NA;1;NA;2;1;NA;NA;NA;NA;NA;NA;NA;NA;NA
26;"PE";2605459;"260545";"Fernando de Noronha";"Não";"-";"Ocupantes de automóvel";1;NA;NA;NA;NA;NA;1;NA;NA;NA;NA;1;NA;NA;NA;NA;NA;NA;NA;NA;NA;NA;NA;NA;NA
26;"PE";2605509;"260550";"Ferreiros";"Não";"-";"Ocupantes de automóvel";NA;NA;NA;NA;NA;NA;NA;NA;1;3;2;1;1;NA;NA;NA;NA;NA;NA;NA;1;NA;NA;NA;NA
26;"PE";2605608;"260560";"Flores";"Não";"-";"Ocupantes de automóvel";NA;1;NA;NA;NA;1;2;NA;3;NA;NA;NA;3;NA;1;2;2;2;2;NA;NA;2;NA;NA;NA
26;"PE";2605707;"260570";"Floresta";"Não";"-";"Ocupantes de automóvel";NA;NA;3;1;NA;1;NA;1;3;2;2;1;3;4;1;2;1;NA;3;NA;4;4;NA;2;NA
26;"PE";2605806;"260580";"Frei Miguelinho";"Não";"-";"Ocupantes de automóvel";1;NA;NA;NA;NA;NA;NA;NA;NA;2;NA;NA;NA;2;NA;NA;NA;NA;1;NA;NA;NA;NA;NA;NA
26;"PE";2605905;"260590";"Gameleira";"Não";"-";"Ocupantes de automóvel";NA;NA;NA;NA;NA;1;NA;NA;NA;1;NA;NA;NA;NA;NA;NA;NA;NA;NA;NA;NA;NA;NA;NA;NA
26;"PE";2606002;"260600";"Garanhuns";"Não";"-";"Ocupantes de automóvel";1;4;1;NA;2;2;2;2;4;3;5;11;14;6;4;10;2;5;3;2;4;1;6;1;NA
26;"PE";2606101;"260610";"Glória do Goitá";"Não";"-";"Ocupantes de automóvel";NA;NA;NA;NA;NA;NA;NA;NA;1;NA;NA;NA;2;1;NA;1;NA;2;NA;3;NA;NA;NA;NA;NA
26;"PE";2606200;"260620";"Goiana";"Não";"-";"Ocupantes de automóvel";2;1;9;6;7;8;6;3;6;8;11;12;9;6;8;5;6;9;2;1;NA;2;1;2;NA
26;"PE";2606309;"260630";"Granito";"Não";"-";"Ocupantes de automóvel";NA;NA;NA;NA;NA;NA;NA;NA;NA;NA;NA;NA;NA;NA;1;NA;2;NA;NA;NA;1;NA;NA;NA;NA
26;"PE";2606408;"260640";"Gravatá";"Não";"-";"Ocupantes de automóvel";NA;3;NA;3;1;5;NA;NA;7;3;1;1;NA;2;1;NA;3;NA;2;1;NA;NA;NA;2;NA
26;"PE";2606507;"260650";"Iati";"Não";"-";"Ocupantes de automóvel";NA;NA;NA;NA;NA;1;NA;NA;NA;1;1;NA;1;NA;1;NA;NA;1;NA;1;NA;1;NA;NA;NA
26;"PE";2606606;"260660";"Ibimirim";"Não";"-";"Ocupantes de automóvel";3;NA;NA;NA;NA;NA;NA;NA;NA;NA;NA;NA;NA;3;NA;2;NA;1;1;NA;1;2;NA;1;NA
26;"PE";2606705;"260670";"Ibirajuba";"Não";"-";"Ocupantes de automóvel";NA;NA;NA;NA;NA;NA;NA;NA;NA;NA;NA;NA;NA;NA;NA;NA;NA;NA;NA;NA;NA;NA;NA;NA;NA
26;"PE";2606804;"260680";"Igarassu";"Não";"Região Metropolitana de Recife";"Ocupantes de automóvel";NA;NA;NA;2;NA;11;5;6;5;1;NA;NA;NA;NA;NA;1;1;1;1;1;2;1;NA;1;NA
26;"PE";2606903;"260690";"Iguaracy";"Não";"-";"Ocupantes de automóvel";NA;NA;NA;NA;NA;NA;NA;1;NA;3;NA;NA;3;NA;NA;NA;NA;NA;NA;NA;NA;NA;1;NA;NA
26;"PE";2607000;"260700";"Inajá";"Não";"-";"Ocupantes de automóvel";1;NA;NA;NA;NA;2;1;NA;NA;NA;1;NA;NA;NA;1;1;1;NA;NA;NA;1;NA;NA;NA;NA
26;"PE";2607109;"260710";"Ingazeira";"Não";"-";"Ocupantes de automóvel";NA;NA;NA;NA;NA;NA;1;NA;NA;NA;NA;NA;NA;NA;NA;NA;NA;NA;1;NA;NA;NA;NA;NA;NA
26;"PE";2607208;"260720";"Ipojuca";"Não";"Região Metropolitana de Recife";"Ocupantes de automóvel";10;2;NA;NA;3;1;3;3;2;3;2;3;3;1;9;5;3;1;NA;2;3;3;1;3;NA
26;"PE";2607307;"260730";"Ipubi";"Não";"-";"Ocupantes de automóvel";1;NA;6;NA;1;NA;NA;2;NA;NA;NA;1;NA;1;NA;NA;NA;NA;NA;NA;NA;NA;1;1;NA
26;"PE";2607406;"260740";"Itacuruba";"Não";"-";"Ocupantes de automóvel";NA;NA;NA;NA;NA;NA;NA;NA;NA;NA;NA;NA;NA;NA;1;NA;1;NA;NA;NA;NA;NA;1;NA;NA
26;"PE";2607505;"260750";"Itaíba";"Não";"-";"Ocupantes de automóvel";NA;1;4;NA;NA;NA;NA;NA;NA;1;1;NA;1;2;1;NA;1;NA;1;3;7;NA;NA;6;NA
26;"PE";2607604;"260760";"Ilha de Itamaracá";"Não";"Região Metropolitana de Recife";"Ocupantes de automóvel";NA;NA;NA;2;NA;NA;NA;1;NA;NA;NA;NA;NA;NA;NA;NA;NA;1;NA;NA;NA;NA;NA;NA;NA
26;"PE";2607653;"260765";"Itambé";"Não";"-";"Ocupantes de automóvel";NA;1;NA;1;1;2;NA;4;6;NA;2;1;NA;2;1;1;3;1;NA;1;1;NA;1;1;NA
26;"PE";2607703;"260770";"Itapetim";"Não";"-";"Ocupantes de automóvel";NA;NA;1;NA;NA;NA;NA;NA;NA;NA;NA;NA;NA;NA;1;1;NA;NA;NA;NA;NA;NA;NA;NA;NA
26;"PE";2607752;"260775";"Itapissuma";"Não";"Região Metropolitana de Recife";"Ocupantes de automóvel";NA;NA;NA;NA;NA;NA;NA;2;NA;1;NA;NA;NA;NA;NA;1;1;1;NA;NA;NA;NA;NA;NA;NA
26;"PE";2607802;"260780";"Itaquitinga";"Não";"-";"Ocupantes de automóvel";1;NA;NA;1;NA;NA;1;NA;NA;NA;NA;1;NA;NA;NA;NA;NA;NA;1;NA;NA;NA;NA;NA;NA
26;"PE";2607901;"260790";"Jaboatão dos Guararapes";"Não";"Região Metropolitana de Recife";"Ocupantes de automóvel";2;1;1;2;NA;NA;NA;3;3;NA;1;1;3;7;1;1;4;1;NA;5;1;2;NA;NA;NA
26;"PE";2607950;"260795";"Jaqueira";"Não";"-";"Ocupantes de automóvel";NA;1;4;NA;NA;NA;NA;NA;NA;NA;NA;1;NA;NA;NA;NA;NA;NA;NA;NA;NA;NA;NA;NA;NA
26;"PE";2608008;"260800";"Jataúba";"Não";"-";"Ocupantes de automóvel";NA;1;NA;NA;1;NA;NA;NA;NA;NA;3;NA;NA;2;NA;NA;1;NA;4;1;NA;1;2;4;NA
26;"PE";2608057;"260805";"Jatobá";"Não";"-";"Ocupantes de automóvel";NA;1;NA;NA;NA;1;NA;1;1;NA;1;NA;1;NA;NA;NA;3;NA;NA;1;NA;NA;1;NA;NA
26;"PE";2608107;"260810";"João Alfredo";"Não";"-";"Ocupantes de automóvel";NA;NA;NA;2;NA;1;NA;NA;NA;NA;NA;NA;1;NA;NA;NA;NA;NA;NA;NA;NA;1;NA;NA;NA
26;"PE";2608206;"260820";"Joaquim Nabuco";"Não";"-";"Ocupantes de automóvel";NA;NA;NA;1;NA;NA;NA;NA;4;6;1;1;1;NA;1;NA;NA;NA;NA;NA;NA;1;NA;NA;NA
26;"PE";2608255;"260825";"Jucati";"Não";"-";"Ocupantes de automóvel";NA;NA;NA;1;NA;NA;2;NA;NA;1;NA;NA;NA;NA;NA;3;NA;NA;NA;NA;NA;NA;NA;NA;NA
26;"PE";2608305;"260830";"Jupi";"Não";"-";"Ocupantes de automóvel";NA;3;NA;NA;2;1;NA;NA;NA;NA;NA;1;NA;3;NA;2;NA;NA;NA;NA;NA;1;NA;1;NA
26;"PE";2608404;"260840";"Jurema";"Não";"-";"Ocupantes de automóvel";NA;NA;NA;NA;NA;NA;NA;NA;NA;NA;NA;NA;NA;NA;NA;NA;NA;1;NA;NA;NA;NA;NA;NA;NA
26;"PE";2608453;"260845";"Lagoa do Carro";"Não";"-";"Ocupantes de automóvel";1;NA;1;NA;1;NA;NA;NA;1;NA;NA;1;NA;NA;NA;1;1;NA;NA;NA;NA;NA;NA;1;NA
26;"PE";2608503;"260850";"Lagoa de Itaenga";"Não";"-";"Ocupantes de automóvel";1;NA;NA;NA;NA;1;1;1;NA;3;2;NA;1;NA;1;2;NA;NA;NA;NA;NA;1;NA;1;NA
26;"PE";2608602;"260860";"Lagoa do Ouro";"Não";"-";"Ocupantes de automóvel";NA;NA;NA;NA;NA;NA;NA;NA;1;NA;NA;NA;NA;NA;NA;1;1;NA;NA;1;NA;1;NA;NA;NA
26;"PE";2608701;"260870";"Lagoa dos Gatos";"Não";"-";"Ocupantes de automóvel";NA;NA;NA;NA;NA;NA;NA;NA;NA;NA;NA;NA;NA;NA;NA;NA;1;NA;NA;NA;NA;NA;NA;NA;NA
26;"PE";2608750;"260875";"Lagoa Grande";"Não";"Região Administrativa Integrada de Desenvolvimento do Polo Petrolina/PE e Juazeiro/BA";"Ocupantes de automóvel";NA;NA;3;NA;1;NA;NA;NA;2;NA;NA;3;4;3;9;3;5;3;2;5;3;2;4;2;NA
26;"PE";2608800;"260880";"Lajedo";"Não";"-";"Ocupantes de automóvel";NA;2;2;NA;NA;1;NA;NA;NA;NA;NA;NA;2;1;NA;1;2;2;NA;1;2;5;3;4;NA
26;"PE";2608909;"260890";"Limoeiro";"Não";"-";"Ocupantes de automóvel";1;1;3;2;1;1;3;5;NA;3;2;NA;9;2;NA;NA;NA;1;1;1;NA;2;NA;NA;NA
26;"PE";2609006;"260900";"Macaparana";"Não";"-";"Ocupantes de automóvel";NA;NA;NA;1;1;NA;NA;NA;1;NA;NA;NA;NA;4;1;NA;NA;1;1;NA;NA;NA;NA;NA;NA
26;"PE";2609105;"260910";"Machados";"Não";"-";"Ocupantes de automóvel";NA;NA;NA;NA;NA;NA;NA;NA;NA;NA;NA;NA;NA;NA;NA;NA;NA;NA;NA;NA;NA;NA;1;NA;NA
26;"PE";2609154;"260915";"Manari";"Não";"-";"Ocupantes de automóvel";NA;NA;NA;NA;NA;NA;NA;1;2;NA;2;1;NA;NA;NA;NA;NA;NA;NA;NA;1;NA;NA;NA;NA
26;"PE";2609204;"260920";"Maraial";"Não";"-";"Ocupantes de automóvel";NA;2;NA;NA;NA;NA;NA;NA;NA;NA;1;NA;1;NA;NA;NA;NA;NA;NA;NA;NA;NA;NA;NA;NA
26;"PE";2609303;"260930";"Mirandiba";"Não";"-";"Ocupantes de automóvel";NA;NA;NA;NA;1;NA;NA;NA;NA;NA;NA;2;1;NA;1;3;NA;NA;1;NA;1;1;NA;NA;NA
26;"PE";2609402;"260940";"Moreno";"Não";"Região Metropolitana de Recife";"Ocupantes de automóvel";2;NA;3;NA;2;NA;NA;NA;NA;NA;2;2;NA;NA;NA;1;1;2;4;NA;NA;NA;NA;NA;NA
26;"PE";2609501;"260950";"Nazaré da Mata";"Não";"-";"Ocupantes de automóvel";NA;NA;NA;NA;1;1;NA;NA;NA;NA;1;NA;NA;3;1;2;NA;NA;2;1;NA;2;NA;1;NA
26;"PE";2609600;"260960";"Olinda";"Não";"Região Metropolitana de Recife";"Ocupantes de automóvel";NA;1;NA;NA;NA;NA;NA;NA;NA;NA;1;NA;NA;NA;NA;2;2;1;1;1;1;NA;NA;NA;NA
26;"PE";2609709;"260970";"Orobó";"Não";"-";"Ocupantes de automóvel";NA;2;NA;NA;NA;NA;NA;NA;NA;NA;NA;3;NA;1;NA;NA;NA;1;NA;1;NA;1;1;NA;NA
26;"PE";2609808;"260980";"Orocó";"Não";"Região Administrativa Integrada de Desenvolvimento do Polo Petrolina/PE e Juazeiro/BA";"Ocupantes de automóvel";1;NA;NA;NA;1;1;NA;NA;NA;NA;3;1;1;2;NA;NA;NA;1;NA;1;NA;NA;1;NA;NA
26;"PE";2609907;"260990";"Ouricuri";"Não";"-";"Ocupantes de automóvel";NA;2;6;5;14;5;4;8;16;9;11;20;8;8;4;6;4;6;9;6;3;2;4;3;NA
26;"PE";2610004;"261000";"Palmares";"Não";"-";"Ocupantes de automóvel";3;NA;5;NA;NA;NA;NA;1;3;2;NA;3;3;2;6;NA;2;3;1;4;3;4;2;1;NA
26;"PE";2610103;"261010";"Palmeirina";"Não";"-";"Ocupantes de automóvel";NA;NA;NA;NA;NA;NA;NA;NA;NA;NA;NA;NA;NA;NA;1;NA;NA;NA;NA;NA;NA;NA;NA;NA;NA
26;"PE";2610202;"261020";"Panelas";"Não";"-";"Ocupantes de automóvel";NA;NA;NA;NA;NA;NA;1;NA;2;NA;NA;NA;1;1;NA;4;1;NA;2;2;1;3;3;NA;NA
26;"PE";2610301;"261030";"Paranatama";"Não";"-";"Ocupantes de automóvel";NA;NA;NA;NA;NA;NA;NA;NA;NA;NA;1;NA;1;NA;1;NA;NA;NA;NA;1;2;NA;1;NA;NA
26;"PE";2610400;"261040";"Parnamirim";"Não";"-";"Ocupantes de automóvel";NA;3;2;3;1;NA;NA;1;NA;2;1;NA;7;3;1;NA;3;1;NA;NA;NA;NA;2;NA;NA
26;"PE";2610509;"261050";"Passira";"Não";"-";"Ocupantes de automóvel";4;NA;1;NA;NA;1;NA;NA;NA;NA;2;1;NA;1;1;1;NA;1;NA;NA;NA;NA;NA;NA;NA
26;"PE";2610608;"261060";"Paudalho";"Não";"-";"Ocupantes de automóvel";5;1;1;1;NA;5;2;1;1;3;1;4;NA;1;5;NA;NA;NA;NA;NA;2;NA;NA;1;NA
26;"PE";2610707;"261070";"Paulista";"Não";"Região Metropolitana de Recife";"Ocupantes de automóvel";NA;NA;NA;NA;1;NA;1;NA;NA;NA;1;NA;1;NA;1;6;3;3;1;4;4;2;1;1;NA
26;"PE";2610806;"261080";"Pedra";"Não";"-";"Ocupantes de automóvel";NA;1;2;NA;NA;NA;NA;2;2;NA;1;1;NA;2;NA;NA;NA;NA;NA;NA;3;NA;NA;NA;NA
26;"PE";2610905;"261090";"Pesqueira";"Não";"-";"Ocupantes de automóvel";1;1;2;NA;NA;4;1;1;1;6;5;1;12;4;9;9;2;2;5;2;2;13;4;4;NA
26;"PE";2611002;"261100";"Petrolândia";"Não";"-";"Ocupantes de automóvel";1;NA;NA;NA;2;NA;2;NA;2;4;1;1;NA;NA;NA;NA;3;NA;NA;1;1;1;1;4;NA
26;"PE";2611101;"261110";"Petrolina";"Não";"Região Administrativa Integrada de Desenvolvimento do Polo Petrolina/PE e Juazeiro/BA";"Ocupantes de automóvel";4;10;13;6;2;3;3;3;NA;3;5;22;32;33;31;33;44;21;33;32;32;28;16;13;NA
26;"PE";2611200;"261120";"Poção";"Não";"-";"Ocupantes de automóvel";NA;NA;NA;NA;NA;NA;NA;NA;1;NA;NA;NA;NA;NA;NA;NA;NA;NA;NA;NA;NA;NA;NA;NA;NA
26;"PE";2611309;"261130";"Pombos";"Não";"-";"Ocupantes de automóvel";1;NA;1;NA;NA;NA;1;3;2;2;NA;NA;NA;NA;NA;NA;NA;3;2;NA;1;NA;NA;NA;NA
26;"PE";2611408;"261140";"Primavera";"Não";"-";"Ocupantes de automóvel";NA;NA;NA;NA;NA;1;NA;NA;NA;NA;NA;NA;NA;NA;NA;1;NA;NA;NA;NA;NA;NA;NA;NA;NA
26;"PE";2611507;"261150";"Quipapá";"Não";"-";"Ocupantes de automóvel";NA;1;NA;NA;NA;NA;NA;NA;1;NA;NA;NA;NA;NA;NA;1;1;NA;NA;NA;NA;NA;NA;2;NA
26;"PE";2611533;"261153";"Quixaba";"Não";"-";"Ocupantes de automóvel";NA;NA;NA;NA;NA;NA;NA;NA;NA;NA;NA;NA;NA;NA;1;NA;1;NA;NA;NA;NA;NA;NA;NA;NA
26;"PE";2611606;"261160";"Recife";"Sim";"Região Metropolitana de Recife";"Ocupantes de automóvel";39;30;47;25;67;57;51;43;57;41;30;27;31;25;39;45;40;29;31;24;18;16;13;32;NA
26;"PE";2611705;"261170";"Riacho das Almas";"Não";"-";"Ocupantes de automóvel";NA;NA;NA;NA;NA;4;NA;NA;1;NA;NA;NA;NA;1;NA;NA;NA;NA;NA;NA;NA;NA;NA;NA;NA
26;"PE";2611804;"261180";"Ribeirão";"Não";"-";"Ocupantes de automóvel";2;NA;3;1;1;NA;NA;NA;1;NA;NA;1;NA;1;2;1;NA;2;NA;1;NA;NA;1;NA;NA
26;"PE";2611903;"261190";"Rio Formoso";"Não";"-";"Ocupantes de automóvel";1;NA;1;3;NA;1;NA;NA;1;NA;NA;NA;NA;NA;2;NA;3;NA;1;1;NA;NA;1;1;NA
26;"PE";2612000;"261200";"Sairé";"Não";"-";"Ocupantes de automóvel";NA;NA;NA;NA;NA;NA;1;NA;1;NA;NA;NA;NA;NA;NA;NA;1;NA;NA;1;NA;2;1;NA;NA
26;"PE";2612109;"261210";"Salgadinho";"Não";"-";"Ocupantes de automóvel";NA;NA;NA;NA;NA;NA;NA;NA;NA;NA;NA;NA;NA;NA;NA;NA;NA;NA;NA;NA;NA;NA;NA;NA;NA
26;"PE";2612208;"261220";"Salgueiro";"Não";"-";"Ocupantes de automóvel";2;1;2;1;2;6;NA;NA;3;2;3;8;4;9;3;12;8;11;3;1;6;NA;8;5;NA
26;"PE";2612307;"261230";"Saloá";"Não";"-";"Ocupantes de automóvel";NA;NA;NA;NA;NA;NA;NA;NA;NA;NA;NA;NA;2;NA;NA;NA;NA;NA;1;2;NA;NA;1;NA;NA
26;"PE";2612406;"261240";"Sanharó";"Não";"-";"Ocupantes de automóvel";1;NA;NA;NA;NA;NA;1;NA;NA;NA;2;3;NA;1;2;2;3;3;NA;NA;1;3;1;4;NA
26;"PE";2612455;"261245";"Santa Cruz";"Não";"-";"Ocupantes de automóvel";NA;NA;NA;NA;NA;2;NA;NA;NA;NA;2;1;2;1;2;1;NA;1;1;1;NA;1;NA;NA;NA
26;"PE";2612471;"261247";"Santa Cruz da Baixa Verde";"Não";"-";"Ocupantes de automóvel";2;NA;NA;NA;NA;NA;1;NA;NA;NA;NA;NA;1;1;NA;NA;NA;NA;NA;NA;1;1;NA;NA;NA
26;"PE";2612505;"261250";"Santa Cruz do Capibaribe";"Não";"-";"Ocupantes de automóvel";1;NA;1;1;NA;NA;1;1;NA;1;2;NA;NA;NA;NA;3;NA;2;NA;4;1;2;NA;1;NA
26;"PE";2612554;"261255";"Santa Filomena";"Não";"-";"Ocupantes de automóvel";1;NA;NA;NA;NA;NA;NA;1;2;1;1;1;NA;NA;NA;NA;1;NA;1;NA;NA;NA;NA;NA;NA
26;"PE";2612604;"261260";"Santa Maria da Boa Vista";"Não";"Região Administrativa Integrada de Desenvolvimento do Polo Petrolina/PE e Juazeiro/BA";"Ocupantes de automóvel";NA;1;3;2;NA;3;NA;1;1;1;2;3;5;1;1;1;2;2;NA;1;1;NA;1;1;NA
26;"PE";2612703;"261270";"Santa Maria do Cambucá";"Não";"-";"Ocupantes de automóvel";NA;NA;NA;NA;NA;NA;NA;NA;NA;1;NA;NA;NA;NA;NA;NA;NA;NA;NA;NA;NA;NA;NA;1;NA
26;"PE";2612802;"261280";"Santa Terezinha";"Não";"-";"Ocupantes de automóvel";1;1;NA;1;1;NA;NA;NA;NA;NA;NA;NA;NA;NA;1;NA;1;NA;NA;NA;NA;NA;NA;NA;NA
26;"PE";2612901;"261290";"São Benedito do Sul";"Não";"-";"Ocupantes de automóvel";NA;NA;NA;NA;NA;NA;NA;NA;NA;NA;NA;NA;1;NA;1;NA;NA;NA;NA;NA;1;NA;NA;NA;NA
26;"PE";2613008;"261300";"São Bento do Una";"Não";"-";"Ocupantes de automóvel";NA;NA;NA;1;NA;NA;NA;NA;4;NA;NA;3;3;NA;3;1;1;3;NA;1;NA;1;1;1;NA
26;"PE";2613107;"261310";"São Caitano";"Não";"-";"Ocupantes de automóvel";2;1;NA;NA;NA;1;1;2;NA;1;1;1;2;2;1;3;2;4;1;1;1;5;2;4;NA
26;"PE";2613206;"261320";"São João";"Não";"-";"Ocupantes de automóvel";NA;NA;NA;NA;1;NA;NA;NA;NA;NA;NA;NA;NA;3;NA;NA;NA;NA;2;1;3;3;3;NA;NA
26;"PE";2613305;"261330";"São Joaquim do Monte";"Não";"-";"Ocupantes de automóvel";NA;NA;NA;NA;1;2;NA;NA;NA;NA;NA;NA;NA;NA;NA;2;NA;1;2;NA;NA;2;NA;NA;NA
26;"PE";2613404;"261340";"São José da Coroa Grande";"Não";"-";"Ocupantes de automóvel";1;NA;NA;NA;NA;NA;NA;NA;NA;NA;NA;NA;2;NA;NA;NA;NA;NA;NA;NA;NA;1;NA;NA;NA
26;"PE";2613503;"261350";"São José do Belmonte";"Não";"-";"Ocupantes de automóvel";NA;NA;1;NA;1;NA;NA;NA;NA;1;NA;NA;1;4;2;NA;3;NA;2;1;1;2;2;1;NA
26;"PE";2613602;"261360";"São José do Egito";"Não";"-";"Ocupantes de automóvel";NA;1;NA;1;7;2;2;6;2;NA;NA;NA;1;1;3;NA;1;3;1;NA;NA;1;NA;2;NA
26;"PE";2613701;"261370";"São Lourenço da Mata";"Não";"Região Metropolitana de Recife";"Ocupantes de automóvel";NA;NA;NA;NA;NA;NA;NA;1;2;NA;NA;NA;NA;NA;NA;1;NA;4;NA;1;1;NA;1;2;NA
26;"PE";2613800;"261380";"São Vicente Férrer";"Não";"-";"Ocupantes de automóvel";NA;NA;NA;NA;NA;1;1;1;NA;NA;NA;NA;NA;NA;NA;NA;NA;1;NA;1;NA;NA;NA;NA;NA
26;"PE";2613909;"261390";"Serra Talhada";"Não";"-";"Ocupantes de automóvel";1;2;1;1;2;1;NA;NA;3;13;4;4;2;4;3;2;NA;1;NA;2;1;1;3;4;NA
26;"PE";2614006;"261400";"Serrita";"Não";"-";"Ocupantes de automóvel";1;NA;NA;NA;1;NA;NA;NA;NA;NA;NA;NA;NA;NA;NA;NA;1;NA;NA;NA;NA;NA;NA;NA;NA
26;"PE";2614105;"261410";"Sertânia";"Não";"-";"Ocupantes de automóvel";2;3;1;2;7;2;2;3;5;NA;1;1;NA;4;5;4;2;3;5;3;NA;1;5;1;NA
26;"PE";2614204;"261420";"Sirinhaém";"Não";"-";"Ocupantes de automóvel";NA;NA;2;NA;6;NA;NA;1;2;NA;NA;2;NA;2;2;2;6;1;5;1;3;1;1;4;NA
26;"PE";2614303;"261430";"Moreilândia";"Não";"-";"Ocupantes de automóvel";NA;NA;NA;NA;NA;NA;NA;NA;NA;NA;NA;NA;NA;NA;NA;NA;NA;NA;NA;NA;NA;NA;NA;NA;NA
26;"PE";2614402;"261440";"Solidão";"Não";"-";"Ocupantes de automóvel";NA;NA;NA;NA;NA;NA;NA;1;NA;NA;NA;NA;NA;NA;NA;NA;NA;NA;NA;NA;1;NA;NA;NA;NA
26;"PE";2614501;"261450";"Surubim";"Não";"-";"Ocupantes de automóvel";1;1;1;NA;NA;1;NA;NA;2;NA;2;1;3;NA;1;2;NA;NA;2;1;NA;2;NA;2;NA
26;"PE";2614600;"261460";"Tabira";"Não";"-";"Ocupantes de automóvel";NA;NA;NA;NA;NA;1;NA;NA;2;1;1;2;NA;NA;NA;4;NA;NA;NA;1;1;1;NA;NA;NA
26;"PE";2614709;"261470";"Tacaimbó";"Não";"-";"Ocupantes de automóvel";3;NA;NA;NA;NA;NA;NA;NA;1;2;3;NA;3;NA;1;4;7;NA;1;1;NA;2;1;1;NA
26;"PE";2614808;"261480";"Tacaratu";"Não";"-";"Ocupantes de automóvel";NA;1;NA;NA;NA;NA;1;1;NA;NA;NA;NA;NA;NA;1;NA;NA;NA;NA;1;1;NA;2;NA;NA
26;"PE";2614857;"261485";"Tamandaré";"Não";"-";"Ocupantes de automóvel";NA;1;2;NA;NA;NA;NA;1;NA;1;NA;NA;NA;NA;NA;NA;1;NA;NA;NA;NA;NA;1;NA;NA
26;"PE";2615003;"261500";"Taquaritinga do Norte";"Não";"-";"Ocupantes de automóvel";NA;NA;1;NA;NA;NA;1;1;NA;1;2;1;2;3;NA;NA;2;NA;1;2;1;NA;4;1;NA
26;"PE";2615102;"261510";"Terezinha";"Não";"-";"Ocupantes de automóvel";NA;NA;1;NA;NA;NA;NA;NA;NA;NA;2;NA;NA;1;2;1;NA;NA;1;NA;NA;NA;1;4;NA
26;"PE";2615201;"261520";"Terra Nova";"Não";"-";"Ocupantes de automóvel";NA;NA;NA;NA;NA;NA;NA;NA;NA;NA;NA;NA;NA;NA;NA;NA;NA;NA;NA;NA;NA;NA;NA;1;NA
26;"PE";2615300;"261530";"Timbaúba";"Não";"-";"Ocupantes de automóvel";1;NA;1;1;NA;2;NA;1;NA;1;NA;NA;NA;NA;3;3;NA;NA;NA;1;1;NA;NA;1;NA
26;"PE";2615409;"261540";"Toritama";"Não";"-";"Ocupantes de automóvel";NA;NA;1;NA;NA;NA;NA;NA;NA;NA;1;NA;NA;NA;NA;3;NA;NA;1;NA;NA;1;NA;2;NA
26;"PE";2615508;"261550";"Tracunhaém";"Não";"-";"Ocupantes de automóvel";NA;NA;NA;NA;NA;NA;NA;NA;1;NA;NA;NA;1;NA;1;1;1;NA;NA;NA;NA;3;NA;NA;NA
26;"PE";2615607;"261560";"Trindade";"Não";"-";"Ocupantes de automóvel";1;NA;2;4;NA;3;NA;1;NA;NA;2;2;3;1;NA;2;1;2;NA;NA;NA;NA;1;NA;NA
26;"PE";2615706;"261570";"Triunfo";"Não";"-";"Ocupantes de automóvel";NA;NA;2;1;NA;NA;NA;NA;NA;NA;NA;NA;1;NA;NA;NA;NA;NA;NA;NA;NA;NA;NA;NA;NA
26;"PE";2615805;"261580";"Tupanatinga";"Não";"-";"Ocupantes de automóvel";1;1;1;4;1;NA;NA;1;NA;NA;NA;NA;1;1;2;2;1;NA;NA;NA;NA;NA;NA;2;NA
26;"PE";2615904;"261590";"Tuparetama";"Não";"-";"Ocupantes de automóvel";NA;NA;NA;NA;1;1;NA;NA;NA;NA;NA;NA;NA;NA;NA;NA;NA;NA;NA;NA;NA;NA;NA;NA;NA
26;"PE";2616001;"261600";"Venturosa";"Não";"-";"Ocupantes de automóvel";3;1;3;NA;2;NA;NA;NA;1;NA;NA;NA;NA;NA;1;NA;NA;NA;NA;1;NA;NA;1;NA;NA
26;"PE";2616100;"261610";"Verdejante";"Não";"-";"Ocupantes de automóvel";1;NA;NA;NA;1;NA;NA;NA;NA;NA;NA;NA;NA;3;NA;1;NA;2;NA;NA;NA;NA;NA;NA;NA
26;"PE";2616183;"261618";"Vertente do Lério";"Não";"-";"Ocupantes de automóvel";NA;NA;NA;NA;NA;NA;NA;NA;NA;NA;NA;1;NA;NA;NA;NA;NA;NA;NA;NA;NA;NA;NA;NA;NA
26;"PE";2616209;"261620";"Vertentes";"Não";"-";"Ocupantes de automóvel";NA;NA;NA;1;1;2;NA;NA;1;NA;1;3;2;4;4;6;2;2;NA;1;NA;1;1;1;NA
26;"PE";2616308;"261630";"Vicência";"Não";"-";"Ocupantes de automóvel";NA;1;NA;1;1;NA;NA;1;NA;1;NA;NA;NA;NA;NA;NA;NA;NA;1;NA;NA;NA;NA;NA;NA
26;"PE";2616407;"261640";"Vitória de Santo Antão";"Não";"-";"Ocupantes de automóvel";NA;NA;NA;1;1;1;2;1;5;5;6;4;18;5;9;8;NA;NA;3;3;NA;NA;1;1;NA
26;"PE";2616506;"261650";"Xexéu";"Não";"-";"Ocupantes de automóvel";1;NA;NA;NA;NA;NA;NA;NA;NA;NA;NA;NA;NA;2;NA;NA;NA;NA;NA;NA;NA;NA;2;NA;NA
27;"AL";2700102;"270010";"Água Branca";"Não";"Região Metropolitana do Sertão";"Ocupantes de automóvel";NA;1;NA;NA;NA;NA;NA;NA;NA;NA;NA;NA;NA;NA;NA;NA;NA;1;1;NA;2;NA;NA;1;NA
27;"AL";2700201;"270020";"Anadia";"Não";"-";"Ocupantes de automóvel";NA;NA;NA;NA;NA;NA;NA;NA;NA;3;NA;NA;NA;NA;NA;NA;NA;NA;NA;NA;NA;NA;NA;NA;NA
27;"AL";2700300;"270030";"Arapiraca";"Não";"Região Metropolitana do Agreste";"Ocupantes de automóvel";2;2;9;7;NA;1;7;11;2;5;3;6;1;1;1;3;5;18;9;12;19;17;12;6;NA
27;"AL";2700409;"270040";"Atalaia";"Não";"Região Metropolitana do Vale do Paraíba";"Ocupantes de automóvel";NA;2;NA;NA;NA;1;NA;NA;NA;NA;NA;1;NA;1;NA;NA;NA;4;8;NA;NA;1;5;1;NA
27;"AL";2700508;"270050";"Barra de Santo Antônio";"Não";"Região Metropolitana de Maceió";"Ocupantes de automóvel";NA;NA;NA;NA;NA;NA;NA;NA;NA;NA;NA;NA;NA;NA;NA;NA;NA;NA;NA;NA;NA;1;NA;NA;NA
27;"AL";2700607;"270060";"Barra de São Miguel";"Não";"Região Metropolitana de Maceió";"Ocupantes de automóvel";NA;NA;NA;NA;NA;NA;NA;NA;NA;NA;NA;NA;NA;NA;NA;NA;NA;1;1;NA;NA;1;1;1;NA
27;"AL";2700706;"270070";"Batalha";"Não";"-";"Ocupantes de automóvel";NA;NA;NA;NA;NA;NA;NA;NA;2;NA;NA;NA;NA;NA;NA;NA;NA;NA;NA;NA;NA;NA;1;1;NA
27;"AL";2700805;"270080";"Belém";"Não";"Região Metropolitana do Agreste";"Ocupantes de automóvel";NA;NA;NA;NA;NA;NA;NA;NA;NA;NA;1;NA;NA;NA;NA;NA;NA;NA;NA;NA;NA;NA;NA;NA;NA
27;"AL";2701001;"270100";"Boca da Mata";"Não";"Região Metropolitana do Vale do Paraíba";"Ocupantes de automóvel";1;1;NA;NA;NA;NA;NA;NA;NA;NA;NA;NA;NA;NA;NA;NA;NA;NA;1;NA;3;1;NA;NA;NA
27;"AL";2701100;"270110";"Branquinha";"Não";"Região Metropolitana da Zona da Mata";"Ocupantes de automóvel";NA;NA;NA;NA;NA;NA;NA;NA;NA;NA;NA;NA;1;NA;NA;NA;NA;1;1;1;1;NA;NA;NA;NA
27;"AL";2701209;"270120";"Cacimbinhas";"Não";"Região Metropolitana de Palmeira dos Índios";"Ocupantes de automóvel";1;NA;NA;NA;NA;NA;NA;NA;NA;NA;NA;NA;NA;NA;NA;NA;NA;NA;NA;NA;NA;NA;NA;NA;NA
27;"AL";2701308;"270130";"Cajueiro";"Não";"Região Metropolitana do Vale do Paraíba";"Ocupantes de automóvel";NA;NA;NA;NA;NA;NA;NA;NA;1;NA;NA;NA;NA;NA;NA;NA;NA;NA;NA;NA;NA;NA;1;NA;NA
27;"AL";2701407;"270140";"Campo Alegre";"Não";"-";"Ocupantes de automóvel";1;NA;NA;1;NA;NA;NA;NA;NA;3;NA;3;NA;NA;NA;NA;NA;NA;2;NA;NA;NA;1;NA;NA
27;"AL";2701506;"270150";"Campo Grande";"Não";"Região Metropolitana do Agreste";"Ocupantes de automóvel";NA;NA;NA;NA;NA;NA;NA;4;NA;NA;NA;NA;NA;NA;NA;NA;NA;1;NA;NA;NA;NA;NA;NA;NA
27;"AL";2701605;"270160";"Canapi";"Não";"-";"Ocupantes de automóvel";NA;NA;NA;NA;1;NA;NA;NA;NA;NA;NA;NA;NA;NA;NA;NA;NA;NA;1;1;1;NA;1;NA;NA
27;"AL";2701704;"270170";"Capela";"Não";"Região Metropolitana do Vale do Paraíba";"Ocupantes de automóvel";1;NA;1;NA;NA;NA;NA;NA;NA;NA;NA;NA;NA;NA;NA;NA;NA;NA;NA;NA;NA;NA;NA;NA;NA
27;"AL";2702009;"270200";"Coité do Nóia";"Não";"Região Metropolitana do Agreste";"Ocupantes de automóvel";NA;NA;NA;1;NA;NA;NA;NA;NA;1;NA;NA;NA;NA;NA;NA;NA;1;NA;1;NA;NA;NA;NA;NA
27;"AL";2702108;"270210";"Colônia Leopoldina";"Não";"Região Metropolitana da Zona da Mata";"Ocupantes de automóvel";1;NA;NA;NA;NA;NA;NA;NA;NA;NA;NA;NA;NA;1;NA;NA;NA;NA;NA;NA;NA;1;NA;NA;NA
27;"AL";2702306;"270230";"Coruripe";"Não";"Região Metropolitana de Caetés";"Ocupantes de automóvel";1;1;1;NA;1;NA;NA;NA;NA;NA;NA;NA;NA;1;NA;NA;1;3;NA;NA;5;3;NA;3;NA
27;"AL";2702355;"270235";"Craíbas";"Não";"Região Metropolitana do Agreste";"Ocupantes de automóvel";NA;NA;1;NA;NA;1;NA;NA;NA;NA;1;NA;NA;NA;NA;1;NA;NA;1;NA;NA;NA;1;NA;NA
27;"AL";2702405;"270240";"Delmiro Gouveia";"Não";"Região Metropolitana do Sertão";"Ocupantes de automóvel";2;6;NA;NA;NA;NA;NA;NA;NA;3;1;NA;NA;NA;1;NA;NA;1;1;3;6;1;1;NA;NA
27;"AL";2702504;"270250";"Dois Riachos";"Não";"Região Metropolitana do Médio Sertão";"Ocupantes de automóvel";1;NA;NA;NA;NA;NA;NA;NA;NA;NA;NA;NA;2;NA;NA;NA;NA;NA;NA;NA;NA;1;NA;2;NA
27;"AL";2702553;"270255";"Estrela de Alagoas";"Não";"Região Metropolitana do Agreste";"Ocupantes de automóvel";NA;NA;NA;NA;NA;NA;NA;NA;NA;NA;NA;NA;NA;NA;NA;NA;NA;NA;NA;NA;NA;1;NA;NA;NA
27;"AL";2702603;"270260";"Feira Grande";"Não";"Região Metropolitana do Agreste";"Ocupantes de automóvel";NA;1;NA;NA;NA;NA;NA;NA;NA;NA;NA;NA;NA;NA;NA;NA;NA;NA;NA;NA;4;NA;NA;NA;NA
27;"AL";2702702;"270270";"Feliz Deserto";"Não";"Região Metropolitana do São Francisco";"Ocupantes de automóvel";NA;NA;NA;NA;NA;NA;NA;NA;NA;NA;NA;NA;NA;NA;NA;NA;NA;NA;NA;NA;NA;NA;1;NA;NA
27;"AL";2702801;"270280";"Flexeiras";"Não";"Região Metropolitana da Zona da Mata";"Ocupantes de automóvel";NA;NA;NA;NA;NA;NA;NA;NA;NA;NA;NA;NA;1;NA;NA;NA;NA;1;1;NA;NA;NA;NA;NA;NA
27;"AL";2702900;"270290";"Girau do Ponciano";"Não";"Região Metropolitana do Agreste";"Ocupantes de automóvel";NA;NA;NA;1;NA;NA;NA;NA;NA;NA;NA;NA;NA;NA;NA;NA;NA;1;NA;NA;NA;NA;3;NA;NA
27;"AL";2703007;"270300";"Ibateguara";"Não";"Região Metropolitana da Zona da Mata";"Ocupantes de automóvel";NA;NA;NA;NA;NA;NA;NA;NA;NA;NA;NA;NA;NA;NA;NA;NA;NA;NA;NA;NA;NA;1;NA;NA;NA
27;"AL";2703106;"270310";"Igaci";"Não";"Região Metropolitana do Agreste";"Ocupantes de automóvel";1;NA;NA;NA;NA;NA;NA;NA;NA;NA;NA;NA;NA;NA;NA;NA;NA;1;NA;1;3;1;4;1;NA
27;"AL";2703205;"270320";"Igreja Nova";"Não";"Região Metropolitana do São Francisco";"Ocupantes de automóvel";NA;NA;NA;NA;2;NA;NA;NA;NA;NA;NA;NA;NA;NA;NA;NA;NA;NA;2;1;NA;NA;1;1;NA
27;"AL";2703304;"270330";"Inhapi";"Não";"Região Metropolitana do Sertão";"Ocupantes de automóvel";NA;NA;NA;NA;2;NA;1;NA;NA;NA;NA;NA;NA;NA;NA;NA;NA;NA;4;NA;NA;NA;NA;NA;NA
27;"AL";2703403;"270340";"Jacaré dos Homens";"Não";"-";"Ocupantes de automóvel";NA;NA;NA;2;NA;NA;NA;NA;NA;NA;NA;NA;NA;NA;NA;NA;NA;NA;1;NA;NA;NA;NA;NA;NA
27;"AL";2703601;"270360";"Japaratinga";"Não";"-";"Ocupantes de automóvel";NA;NA;NA;NA;NA;NA;NA;NA;NA;NA;NA;NA;NA;NA;NA;NA;NA;NA;NA;NA;NA;1;NA;NA;NA
27;"AL";2703700;"270370";"Jaramataia";"Não";"Região Metropolitana do Agreste";"Ocupantes de automóvel";1;NA;NA;NA;NA;NA;3;NA;NA;NA;NA;NA;1;NA;NA;NA;NA;NA;NA;NA;NA;NA;NA;NA;NA
27;"AL";2703759;"270375";"Jequiá da Praia";"Não";"-";"Ocupantes de automóvel";NA;NA;NA;NA;NA;NA;NA;NA;NA;NA;NA;NA;NA;NA;NA;NA;NA;NA;NA;NA;NA;NA;1;2;NA
27;"AL";2703809;"270380";"Joaquim Gomes";"Não";"Região Metropolitana da Zona da Mata";"Ocupantes de automóvel";1;NA;NA;NA;2;NA;NA;NA;NA;2;NA;NA;NA;1;NA;NA;NA;1;4;NA;3;4;1;1;NA
27;"AL";2703908;"270390";"Jundiá";"Não";"Região Metropolitana da Zona da Mata";"Ocupantes de automóvel";NA;NA;NA;NA;NA;NA;NA;NA;NA;NA;NA;NA;NA;NA;NA;NA;NA;NA;NA;NA;NA;NA;NA;NA;NA
27;"AL";2704005;"270400";"Junqueiro";"Não";"-";"Ocupantes de automóvel";NA;NA;1;NA;NA;1;NA;NA;1;NA;1;NA;NA;NA;NA;NA;NA;2;1;1;2;1;NA;NA;NA
27;"AL";2704104;"270410";"Lagoa da Canoa";"Não";"Região Metropolitana do Agreste";"Ocupantes de automóvel";NA;NA;NA;NA;NA;1;NA;NA;NA;NA;NA;NA;NA;NA;NA;NA;NA;NA;NA;NA;NA;NA;NA;NA;NA
27;"AL";2704203;"270420";"Limoeiro de Anadia";"Não";"-";"Ocupantes de automóvel";NA;NA;3;1;NA;3;NA;3;NA;1;NA;NA;NA;NA;NA;NA;1;1;NA;1;NA;1;NA;NA;NA
27;"AL";2704302;"270430";"Maceió";"Sim";"Região Metropolitana de Maceió";"Ocupantes de automóvel";11;16;6;3;4;5;1;1;3;3;NA;1;3;2;3;1;2;21;20;5;11;13;17;19;NA
27;"AL";2704401;"270440";"Major Isidoro";"Não";"Região Metropolitana de Palmeira dos Índios";"Ocupantes de automóvel";NA;NA;NA;NA;NA;NA;NA;NA;NA;NA;NA;NA;3;NA;NA;NA;NA;NA;1;NA;NA;NA;NA;NA;NA
27;"AL";2704500;"270450";"Maragogi";"Não";"-";"Ocupantes de automóvel";NA;NA;NA;NA;NA;NA;NA;NA;NA;NA;NA;NA;NA;NA;1;NA;NA;3;1;NA;2;NA;3;NA;NA
27;"AL";2704609;"270460";"Maravilha";"Não";"Região Metropolitana do Médio Sertão";"Ocupantes de automóvel";NA;NA;NA;NA;NA;1;NA;NA;NA;NA;NA;NA;NA;NA;NA;NA;NA;2;1;NA;NA;3;1;NA;NA
27;"AL";2704708;"270470";"Marechal Deodoro";"Não";"Região Metropolitana de Maceió";"Ocupantes de automóvel";1;2;NA;NA;NA;NA;NA;NA;NA;NA;NA;2;NA;NA;NA;NA;NA;1;NA;1;NA;2;3;4;NA
27;"AL";2704807;"270480";"Maribondo";"Não";"Região Metropolitana do Vale do Paraíba";"Ocupantes de automóvel";NA;NA;NA;NA;NA;NA;NA;NA;NA;NA;NA;NA;NA;NA;NA;NA;NA;1;NA;2;5;NA;NA;NA;NA
27;"AL";2704906;"270490";"Mar Vermelho";"Não";"Região Metropolitana do Vale do Paraíba";"Ocupantes de automóvel";NA;NA;NA;NA;1;NA;NA;NA;NA;NA;NA;NA;NA;NA;NA;NA;NA;NA;NA;NA;NA;NA;NA;NA;NA
27;"AL";2705002;"270500";"Mata Grande";"Não";"Região Metropolitana do Sertão";"Ocupantes de automóvel";NA;2;NA;NA;NA;NA;NA;NA;NA;NA;NA;NA;NA;NA;NA;NA;NA;NA;1;NA;2;4;NA;NA;NA
27;"AL";2705101;"270510";"Matriz de Camaragibe";"Não";"Região Metropolitana da Zona da Mata";"Ocupantes de automóvel";NA;1;NA;NA;NA;NA;1;NA;NA;NA;NA;NA;NA;NA;NA;NA;NA;NA;NA;NA;NA;NA;NA;NA;NA
27;"AL";2705200;"270520";"Messias";"Não";"Região Metropolitana de Maceió";"Ocupantes de automóvel";2;NA;NA;NA;NA;NA;NA;NA;NA;NA;NA;NA;NA;NA;NA;NA;NA;3;NA;NA;1;NA;NA;NA;NA
27;"AL";2705309;"270530";"Minador do Negrão";"Não";"Região Metropolitana de Palmeira dos Índios";"Ocupantes de automóvel";NA;NA;NA;NA;NA;NA;NA;NA;NA;NA;NA;NA;NA;NA;NA;NA;NA;NA;NA;NA;NA;1;NA;NA;NA
27;"AL";2705408;"270540";"Monteirópolis";"Não";"-";"Ocupantes de automóvel";NA;NA;NA;NA;NA;NA;NA;NA;1;NA;NA;NA;NA;NA;NA;NA;NA;NA;NA;NA;NA;NA;NA;NA;NA
27;"AL";2705507;"270550";"Murici";"Não";"Região Metropolitana de Maceió";"Ocupantes de automóvel";NA;NA;NA;NA;NA;NA;NA;NA;NA;NA;NA;NA;NA;NA;NA;NA;NA;4;NA;NA;NA;NA;NA;NA;NA
27;"AL";2705606;"270560";"Novo Lino";"Não";"Região Metropolitana da Zona da Mata";"Ocupantes de automóvel";1;NA;NA;NA;NA;NA;NA;NA;NA;NA;NA;NA;NA;NA;NA;NA;NA;1;NA;NA;NA;NA;NA;NA;NA
27;"AL";2705705;"270570";"Olho d'Água das Flores";"Não";"Região Metropolitana do Médio Sertão";"Ocupantes de automóvel";NA;3;NA;NA;NA;NA;NA;NA;NA;NA;NA;NA;NA;NA;NA;NA;NA;1;NA;NA;NA;NA;4;NA;NA
27;"AL";2705804;"270580";"Olho d'Água do Casado";"Não";"Região Metropolitana do Sertão";"Ocupantes de automóvel";NA;NA;NA;2;NA;NA;NA;NA;NA;5;NA;NA;NA;NA;NA;NA;NA;2;NA;1;NA;1;NA;NA;NA
27;"AL";2706000;"270600";"Olivença";"Não";"Região Metropolitana do Médio Sertão";"Ocupantes de automóvel";NA;NA;NA;NA;NA;NA;NA;NA;NA;NA;NA;NA;NA;NA;NA;NA;NA;NA;NA;NA;NA;NA;NA;NA;NA
27;"AL";2706109;"270610";"Ouro Branco";"Não";"Região Metropolitana do Médio Sertão";"Ocupantes de automóvel";NA;NA;NA;NA;NA;NA;NA;NA;NA;NA;NA;NA;NA;NA;NA;NA;NA;1;NA;1;NA;NA;NA;NA;NA
27;"AL";2706307;"270630";"Palmeira dos Índios";"Não";"Região Metropolitana do Agreste";"Ocupantes de automóvel";1;1;NA;2;3;1;1;1;NA;1;NA;2;NA;NA;NA;NA;NA;8;NA;3;1;NA;2;1;NA
27;"AL";2706406;"270640";"Pão de Açúcar";"Não";"-";"Ocupantes de automóvel";NA;NA;NA;NA;NA;NA;NA;NA;NA;NA;NA;NA;NA;NA;NA;NA;NA;1;NA;NA;NA;NA;NA;1;NA
27;"AL";2706448;"270644";"Paripueira";"Não";"Região Metropolitana de Maceió";"Ocupantes de automóvel";NA;NA;NA;NA;NA;NA;NA;NA;NA;NA;NA;NA;NA;NA;NA;NA;NA;NA;NA;1;NA;NA;NA;NA;NA
27;"AL";2706505;"270650";"Passo de Camaragibe";"Não";"-";"Ocupantes de automóvel";NA;NA;NA;NA;NA;NA;NA;NA;NA;NA;NA;NA;NA;NA;NA;NA;NA;1;NA;NA;1;NA;NA;NA;NA
27;"AL";2706703;"270670";"Penedo";"Não";"Região Metropolitana do São Francisco";"Ocupantes de automóvel";NA;NA;NA;NA;1;NA;NA;NA;NA;NA;NA;NA;NA;NA;NA;NA;NA;1;1;2;3;NA;1;NA;NA
27;"AL";2706802;"270680";"Piaçabuçu";"Não";"Região Metropolitana do São Francisco";"Ocupantes de automóvel";NA;1;NA;NA;NA;NA;NA;NA;NA;NA;1;NA;NA;NA;NA;NA;NA;1;NA;3;NA;2;NA;NA;NA
27;"AL";2706901;"270690";"Pilar";"Não";"Região Metropolitana de Maceió";"Ocupantes de automóvel";2;NA;NA;1;1;1;1;NA;NA;NA;NA;NA;NA;NA;NA;NA;NA;4;3;1;NA;1;3;3;NA
27;"AL";2707107;"270710";"Piranhas";"Não";"Região Metropolitana do Sertão";"Ocupantes de automóvel";NA;NA;NA;NA;NA;NA;NA;NA;NA;NA;NA;NA;NA;NA;NA;NA;NA;NA;NA;NA;NA;1;NA;NA;NA
27;"AL";2707305;"270730";"Porto Calvo";"Não";"Região Metropolitana da Zona da Mata";"Ocupantes de automóvel";2;NA;NA;NA;NA;NA;NA;NA;NA;NA;NA;NA;NA;NA;NA;NA;NA;NA;NA;NA;NA;4;2;2;NA
27;"AL";2707404;"270740";"Porto de Pedras";"Não";"-";"Ocupantes de automóvel";NA;NA;NA;NA;NA;NA;NA;NA;NA;NA;NA;NA;NA;NA;NA;NA;NA;NA;NA;NA;NA;1;NA;NA;NA
27;"AL";2707503;"270750";"Porto Real do Colégio";"Não";"Região Metropolitana do São Francisco";"Ocupantes de automóvel";NA;NA;4;1;NA;1;1;NA;NA;1;NA;NA;NA;NA;NA;NA;NA;2;NA;NA;1;NA;NA;NA;NA
27;"AL";2707602;"270760";"Quebrangulo";"Não";"-";"Ocupantes de automóvel";NA;NA;NA;NA;NA;NA;NA;NA;NA;NA;NA;NA;NA;NA;NA;NA;NA;NA;1;NA;NA;NA;NA;NA;NA
27;"AL";2707701;"270770";"Rio Largo";"Não";"Região Metropolitana de Maceió";"Ocupantes de automóvel";NA;NA;NA;NA;NA;1;NA;NA;NA;NA;1;1;NA;NA;NA;NA;NA;3;1;NA;NA;1;2;1;NA
27;"AL";2707800;"270780";"Roteiro";"Não";"-";"Ocupantes de automóvel";NA;NA;NA;NA;NA;NA;NA;NA;NA;NA;NA;NA;NA;NA;NA;NA;NA;NA;NA;NA;NA;2;NA;NA;NA
27;"AL";2707909;"270790";"Santa Luzia do Norte";"Não";"Região Metropolitana de Maceió";"Ocupantes de automóvel";NA;NA;NA;NA;NA;NA;NA;NA;NA;NA;NA;1;NA;NA;NA;NA;NA;NA;NA;NA;NA;NA;NA;NA;NA
27;"AL";2708006;"270800";"Santana do Ipanema";"Não";"Região Metropolitana do Médio Sertão";"Ocupantes de automóvel";1;NA;1;2;NA;1;NA;NA;NA;NA;NA;1;1;NA;1;NA;NA;2;NA;1;1;2;2;1;NA
27;"AL";2708105;"270810";"Santana do Mundaú";"Não";"Região Metropolitana da Zona da Mata";"Ocupantes de automóvel";NA;NA;NA;NA;NA;NA;NA;NA;NA;NA;NA;NA;1;NA;NA;NA;NA;NA;NA;NA;1;NA;NA;NA;NA
27;"AL";2708204;"270820";"São Brás";"Não";"Região Metropolitana do Agreste";"Ocupantes de automóvel";NA;NA;NA;NA;NA;1;NA;NA;NA;NA;NA;NA;NA;NA;NA;NA;NA;NA;NA;NA;NA;NA;NA;NA;NA
27;"AL";2708303;"270830";"São José da Laje";"Não";"Região Metropolitana da Zona da Mata";"Ocupantes de automóvel";1;NA;1;NA;NA;NA;1;1;NA;2;NA;NA;NA;1;NA;NA;NA;1;NA;NA;NA;1;NA;3;NA
27;"AL";2708402;"270840";"São José da Tapera";"Não";"-";"Ocupantes de automóvel";NA;NA;NA;NA;NA;NA;NA;NA;1;NA;NA;1;NA;NA;NA;NA;NA;2;NA;NA;1;2;NA;1;NA
27;"AL";2708501;"270850";"São Luís do Quitunde";"Não";"Região Metropolitana da Zona da Mata";"Ocupantes de automóvel";NA;NA;NA;NA;NA;NA;NA;NA;NA;1;NA;NA;NA;NA;NA;NA;NA;NA;NA;NA;1;1;NA;1;NA
27;"AL";2708600;"270860";"São Miguel dos Campos";"Não";"Região Metropolitana de Caetés";"Ocupantes de automóvel";3;NA;NA;NA;NA;NA;NA;1;NA;NA;NA;NA;1;1;NA;1;NA;3;2;NA;2;NA;1;NA;NA
27;"AL";2708808;"270880";"São Sebastião";"Não";"Região Metropolitana do Agreste";"Ocupantes de automóvel";1;2;NA;NA;NA;NA;1;1;1;1;2;1;1;NA;NA;NA;NA;5;NA;NA;NA;1;1;1;NA
27;"AL";2708907;"270890";"Satuba";"Não";"Região Metropolitana de Maceió";"Ocupantes de automóvel";1;1;NA;NA;1;NA;NA;NA;NA;NA;NA;NA;NA;NA;NA;NA;NA;NA;2;NA;NA;1;1;NA;NA
27;"AL";2709004;"270900";"Tanque d'Arca";"Não";"Região Metropolitana do Agreste";"Ocupantes de automóvel";NA;NA;NA;1;NA;NA;NA;NA;NA;NA;NA;NA;NA;NA;NA;NA;NA;NA;NA;NA;2;NA;NA;NA;NA
27;"AL";2709103;"270910";"Taquarana";"Não";"Região Metropolitana do Agreste";"Ocupantes de automóvel";NA;NA;NA;1;NA;NA;NA;NA;NA;1;NA;NA;NA;1;NA;2;NA;NA;1;1;NA;NA;NA;NA;NA
27;"AL";2709152;"270915";"Teotônio Vilela";"Não";"-";"Ocupantes de automóvel";1;NA;NA;3;NA;1;NA;NA;NA;NA;NA;NA;1;NA;NA;NA;NA;1;NA;3;NA;NA;1;NA;NA
27;"AL";2709202;"270920";"Traipu";"Não";"Região Metropolitana do Agreste";"Ocupantes de automóvel";NA;NA;NA;NA;NA;NA;NA;NA;NA;NA;NA;NA;NA;NA;NA;NA;NA;NA;NA;NA;NA;NA;NA;NA;NA
27;"AL";2709301;"270930";"União dos Palmares";"Não";"Região Metropolitana da Zona da Mata";"Ocupantes de automóvel";1;NA;NA;NA;NA;NA;NA;NA;NA;NA;NA;1;NA;NA;NA;NA;NA;1;1;4;NA;1;NA;NA;NA
27;"AL";2709400;"270940";"Viçosa";"Não";"Região Metropolitana do Vale do Paraíba";"Ocupantes de automóvel";1;NA;1;NA;NA;NA;NA;NA;NA;NA;NA;NA;NA;NA;NA;NA;NA;NA;2;NA;1;NA;NA;NA;NA
28;"SE";2800209;"280020";"Aquidabã";"Não";"-";"Ocupantes de automóvel";NA;NA;NA;NA;NA;NA;NA;NA;NA;NA;NA;NA;NA;1;1;NA;NA;NA;NA;NA;1;NA;NA;NA;NA
28;"SE";2800308;"280030";"Aracaju";"Sim";"Região Metropolitana de Aracaju";"Ocupantes de automóvel";20;35;33;22;26;9;12;17;16;20;26;28;17;30;19;14;16;16;14;16;9;16;16;12;NA
28;"SE";2800407;"280040";"Arauá";"Não";"-";"Ocupantes de automóvel";NA;1;NA;1;NA;NA;NA;NA;NA;NA;3;NA;NA;NA;1;NA;NA;NA;NA;NA;NA;NA;NA;1;NA
28;"SE";2800506;"280050";"Areia Branca";"Não";"-";"Ocupantes de automóvel";NA;NA;5;1;NA;NA;1;NA;NA;NA;2;NA;1;1;NA;NA;1;3;1;NA;4;1;1;NA;NA
28;"SE";2800605;"280060";"Barra dos Coqueiros";"Não";"Região Metropolitana de Aracaju";"Ocupantes de automóvel";NA;NA;NA;1;NA;NA;NA;1;NA;NA;1;3;3;1;NA;2;NA;NA;1;2;1;NA;NA;NA;NA
28;"SE";2800670;"280067";"Boquim";"Não";"-";"Ocupantes de automóvel";2;NA;NA;1;NA;1;NA;1;NA;NA;1;NA;2;NA;1;1;NA;1;NA;1;2;1;1;1;NA
28;"SE";2800704;"280070";"Brejo Grande";"Não";"-";"Ocupantes de automóvel";NA;NA;NA;NA;NA;NA;NA;NA;NA;NA;NA;NA;NA;NA;NA;1;NA;NA;NA;1;NA;NA;NA;NA;NA
28;"SE";2801009;"280100";"Campo do Brito";"Não";"-";"Ocupantes de automóvel";NA;1;2;NA;NA;NA;NA;3;NA;1;NA;NA;1;NA;NA;3;1;NA;NA;NA;NA;NA;1;NA;NA
28;"SE";2801108;"280110";"Canhoba";"Não";"-";"Ocupantes de automóvel";NA;NA;NA;NA;NA;NA;NA;NA;NA;NA;NA;NA;NA;NA;NA;NA;NA;NA;NA;1;NA;NA;1;NA;NA
28;"SE";2801207;"280120";"Canindé de São Francisco";"Não";"-";"Ocupantes de automóvel";2;2;NA;NA;1;NA;NA;1;NA;NA;3;1;NA;7;6;1;5;NA;NA;NA;4;2;NA;1;NA
28;"SE";2801306;"280130";"Capela";"Não";"-";"Ocupantes de automóvel";2;8;1;NA;3;1;3;NA;4;1;NA;6;1;3;2;NA;NA;1;NA;1;1;NA;1;2;NA
28;"SE";2801405;"280140";"Carira";"Não";"-";"Ocupantes de automóvel";2;NA;NA;NA;NA;NA;NA;NA;3;1;NA;NA;2;NA;NA;1;1;NA;NA;4;NA;NA;NA;2;NA
28;"SE";2801504;"280150";"Carmópolis";"Não";"-";"Ocupantes de automóvel";NA;NA;1;NA;NA;1;NA;NA;1;1;1;NA;1;2;NA;1;NA;1;NA;1;NA;NA;NA;NA;NA
28;"SE";2801603;"280160";"Cedro de São João";"Não";"-";"Ocupantes de automóvel";NA;1;NA;NA;1;2;NA;2;NA;NA;NA;2;NA;NA;NA;2;NA;NA;NA;1;NA;NA;NA;NA;NA
28;"SE";2801702;"280170";"Cristinápolis";"Não";"-";"Ocupantes de automóvel";NA;NA;NA;1;NA;NA;NA;NA;NA;NA;4;2;NA;NA;1;1;4;1;NA;1;NA;NA;1;1;NA
28;"SE";2802106;"280210";"Estância";"Não";"-";"Ocupantes de automóvel";2;2;1;5;3;5;2;2;4;4;7;NA;7;1;NA;2;4;2;4;3;1;1;1;1;NA
28;"SE";2802205;"280220";"Feira Nova";"Não";"-";"Ocupantes de automóvel";NA;NA;NA;NA;NA;NA;NA;NA;1;1;NA;1;1;1;NA;NA;NA;NA;NA;NA;2;NA;1;NA;NA
28;"SE";2802304;"280230";"Frei Paulo";"Não";"-";"Ocupantes de automóvel";NA;NA;NA;NA;1;NA;4;NA;NA;NA;1;NA;NA;3;1;2;3;2;2;2;1;NA;1;NA;NA
28;"SE";2802403;"280240";"Gararu";"Não";"-";"Ocupantes de automóvel";NA;NA;NA;NA;NA;NA;NA;NA;1;NA;1;NA;NA;NA;1;NA;NA;NA;NA;NA;1;NA;NA;NA;NA
28;"SE";2802502;"280250";"General Maynard";"Não";"-";"Ocupantes de automóvel";NA;NA;NA;NA;NA;NA;NA;NA;NA;NA;NA;NA;NA;NA;1;NA;NA;NA;NA;NA;NA;NA;NA;NA;NA
28;"SE";2802601;"280260";"Gracho Cardoso";"Não";"-";"Ocupantes de automóvel";NA;NA;NA;NA;NA;NA;NA;NA;NA;NA;NA;1;NA;NA;1;NA;1;1;NA;NA;NA;1;NA;1;NA
28;"SE";2802700;"280270";"Ilha das Flores";"Não";"-";"Ocupantes de automóvel";NA;1;NA;NA;NA;NA;NA;NA;NA;NA;1;NA;NA;NA;NA;NA;NA;NA;NA;NA;NA;NA;NA;NA;NA
28;"SE";2802809;"280280";"Indiaroba";"Não";"-";"Ocupantes de automóvel";NA;NA;NA;NA;NA;NA;NA;NA;2;NA;2;NA;NA;NA;1;NA;NA;NA;NA;1;NA;NA;NA;1;NA
28;"SE";2802908;"280290";"Itabaiana";"Não";"-";"Ocupantes de automóvel";3;1;NA;1;1;NA;1;NA;2;1;1;6;2;NA;4;2;7;NA;1;1;2;3;5;3;NA
28;"SE";2803005;"280300";"Itabaianinha";"Não";"-";"Ocupantes de automóvel";NA;1;NA;NA;4;2;NA;1;NA;NA;NA;NA;1;2;NA;NA;NA;1;1;2;NA;NA;NA;NA;NA
28;"SE";2803104;"280310";"Itabi";"Não";"-";"Ocupantes de automóvel";1;NA;NA;NA;NA;NA;NA;NA;NA;NA;NA;1;NA;NA;NA;NA;NA;1;NA;NA;NA;NA;NA;NA;NA
28;"SE";2803203;"280320";"Itaporanga d'Ajuda";"Não";"-";"Ocupantes de automóvel";4;1;1;NA;NA;1;4;3;5;5;3;5;NA;1;2;2;2;3;2;1;3;1;2;NA;NA
28;"SE";2803302;"280330";"Japaratuba";"Não";"-";"Ocupantes de automóvel";1;NA;NA;4;NA;1;NA;NA;NA;1;2;NA;3;4;NA;NA;2;NA;1;1;NA;NA;1;1;NA
28;"SE";2803401;"280340";"Japoatã";"Não";"-";"Ocupantes de automóvel";NA;1;NA;1;NA;NA;NA;NA;NA;NA;NA;1;3;2;1;1;3;NA;3;NA;NA;NA;2;NA;NA
28;"SE";2803500;"280350";"Lagarto";"Não";"-";"Ocupantes de automóvel";3;8;4;1;4;6;2;1;2;NA;3;5;1;2;8;4;2;NA;2;2;2;NA;2;2;NA
28;"SE";2803609;"280360";"Laranjeiras";"Não";"-";"Ocupantes de automóvel";1;2;NA;NA;1;NA;3;2;3;3;2;NA;NA;1;2;6;NA;3;4;1;NA;1;1;NA;NA
28;"SE";2803807;"280380";"Malhada dos Bois";"Não";"-";"Ocupantes de automóvel";NA;1;NA;NA;NA;1;NA;NA;NA;2;NA;NA;NA;NA;1;NA;NA;NA;NA;NA;NA;NA;NA;NA;NA
28;"SE";2803906;"280390";"Malhador";"Não";"-";"Ocupantes de automóvel";NA;NA;NA;NA;NA;NA;NA;NA;NA;NA;NA;NA;NA;NA;1;NA;NA;NA;NA;NA;NA;NA;1;NA;NA
28;"SE";2804003;"280400";"Maruim";"Não";"-";"Ocupantes de automóvel";1;1;3;1;NA;1;5;3;NA;NA;2;NA;3;3;NA;1;2;NA;NA;NA;NA;1;2;NA;NA
28;"SE";2804102;"280410";"Moita Bonita";"Não";"-";"Ocupantes de automóvel";NA;NA;NA;NA;NA;NA;NA;NA;1;NA;NA;NA;NA;NA;NA;1;NA;1;2;NA;NA;1;1;NA;NA
28;"SE";2804201;"280420";"Monte Alegre de Sergipe";"Não";"-";"Ocupantes de automóvel";NA;NA;NA;NA;1;NA;NA;NA;NA;NA;NA;NA;NA;NA;NA;NA;NA;NA;NA;NA;2;NA;NA;NA;NA
28;"SE";2804300;"280430";"Muribeca";"Não";"-";"Ocupantes de automóvel";NA;NA;NA;NA;NA;NA;NA;NA;NA;NA;NA;4;NA;3;NA;NA;NA;NA;2;NA;NA;NA;1;NA;NA
28;"SE";2804409;"280440";"Neópolis";"Não";"-";"Ocupantes de automóvel";NA;NA;1;NA;NA;1;NA;NA;4;NA;NA;NA;NA;1;NA;2;NA;NA;1;NA;2;NA;NA;NA;NA
28;"SE";2804458;"280445";"Nossa Senhora Aparecida";"Não";"-";"Ocupantes de automóvel";NA;NA;NA;NA;NA;1;NA;1;2;NA;NA;NA;NA;NA;NA;NA;1;NA;1;NA;NA;NA;NA;NA;NA
28;"SE";2804508;"280450";"Nossa Senhora da Glória";"Não";"-";"Ocupantes de automóvel";NA;NA;3;3;NA;2;NA;1;NA;NA;1;2;2;3;1;1;NA;1;1;1;1;2;NA;2;NA
28;"SE";2804607;"280460";"Nossa Senhora das Dores";"Não";"-";"Ocupantes de automóvel";1;1;1;1;NA;NA;NA;NA;NA;NA;1;1;1;2;NA;1;1;NA;NA;2;NA;NA;1;NA;NA
28;"SE";2804706;"280470";"Nossa Senhora de Lourdes";"Não";"-";"Ocupantes de automóvel";NA;1;NA;NA;NA;NA;NA;NA;NA;NA;NA;NA;NA;NA;1;NA;NA;NA;NA;NA;NA;NA;NA;NA;NA
28;"SE";2804805;"280480";"Nossa Senhora do Socorro";"Não";"Região Metropolitana de Aracaju";"Ocupantes de automóvel";1;1;1;NA;NA;7;NA;3;3;3;5;NA;3;1;3;4;1;NA;NA;3;1;3;1;1;NA
28;"SE";2804904;"280490";"Pacatuba";"Não";"-";"Ocupantes de automóvel";NA;NA;3;NA;1;NA;NA;NA;NA;NA;NA;1;NA;NA;NA;NA;NA;NA;NA;NA;NA;1;NA;NA;NA
28;"SE";2805000;"280500";"Pedra Mole";"Não";"-";"Ocupantes de automóvel";NA;NA;NA;NA;NA;NA;NA;NA;NA;NA;NA;NA;NA;NA;NA;NA;NA;NA;NA;NA;NA;NA;NA;NA;NA
28;"SE";2805109;"280510";"Pedrinhas";"Não";"-";"Ocupantes de automóvel";NA;NA;NA;NA;NA;1;NA;NA;NA;NA;NA;NA;NA;NA;NA;NA;NA;NA;NA;NA;NA;NA;NA;NA;NA
28;"SE";2805208;"280520";"Pinhão";"Não";"-";"Ocupantes de automóvel";NA;NA;NA;NA;1;1;NA;NA;NA;NA;NA;NA;NA;NA;NA;1;NA;NA;NA;NA;1;NA;NA;NA;NA
28;"SE";2805307;"280530";"Pirambu";"Não";"-";"Ocupantes de automóvel";NA;NA;NA;NA;NA;NA;NA;NA;NA;NA;2;NA;NA;NA;NA;2;NA;NA;NA;NA;NA;NA;NA;NA;NA
28;"SE";2805406;"280540";"Poço Redondo";"Não";"-";"Ocupantes de automóvel";1;NA;1;NA;NA;NA;2;NA;1;2;1;3;2;3;1;3;1;2;NA;1;1;NA;NA;1;NA
28;"SE";2805505;"280550";"Poço Verde";"Não";"-";"Ocupantes de automóvel";1;3;NA;NA;NA;NA;NA;NA;NA;NA;NA;NA;1;2;NA;NA;1;NA;NA;NA;NA;1;1;NA;NA
28;"SE";2805604;"280560";"Porto da Folha";"Não";"-";"Ocupantes de automóvel";NA;1;NA;1;NA;NA;NA;NA;NA;NA;NA;2;NA;1;NA;NA;1;NA;NA;NA;1;NA;NA;NA;NA
28;"SE";2805703;"280570";"Propriá";"Não";"-";"Ocupantes de automóvel";1;1;NA;NA;NA;NA;NA;3;1;NA;NA;1;NA;NA;2;1;NA;2;2;2;1;NA;5;NA;NA
28;"SE";2805802;"280580";"Riachão do Dantas";"Não";"-";"Ocupantes de automóvel";NA;NA;1;1;5;NA;NA;1;1;NA;NA;NA;NA;NA;NA;NA;1;NA;NA;NA;NA;NA;1;NA;NA
28;"SE";2805901;"280590";"Riachuelo";"Não";"-";"Ocupantes de automóvel";NA;2;NA;NA;1;NA;NA;NA;NA;NA;NA;1;NA;NA;NA;1;NA;NA;NA;NA;NA;NA;NA;NA;NA
28;"SE";2806008;"280600";"Ribeirópolis";"Não";"-";"Ocupantes de automóvel";NA;1;NA;NA;NA;1;NA;NA;NA;2;NA;1;4;1;1;3;NA;1;NA;1;NA;NA;1;NA;NA
28;"SE";2806107;"280610";"Rosário do Catete";"Não";"-";"Ocupantes de automóvel";NA;1;2;2;1;2;NA;NA;NA;1;1;4;5;2;2;3;1;1;NA;NA;NA;1;NA;NA;NA
28;"SE";2806206;"280620";"Salgado";"Não";"-";"Ocupantes de automóvel";NA;NA;NA;NA;NA;1;NA;NA;1;NA;NA;NA;NA;NA;NA;1;1;NA;NA;1;NA;NA;NA;NA;NA
28;"SE";2806305;"280630";"Santa Luzia do Itanhy";"Não";"-";"Ocupantes de automóvel";NA;NA;NA;2;1;NA;NA;NA;NA;1;4;1;3;4;NA;1;1;NA;1;NA;NA;1;NA;NA;NA
28;"SE";2806404;"280640";"Santana do São Francisco";"Não";"-";"Ocupantes de automóvel";NA;NA;NA;NA;NA;NA;NA;NA;NA;NA;NA;NA;NA;NA;NA;NA;NA;NA;1;NA;NA;NA;NA;NA;NA
28;"SE";2806503;"280650";"Santa Rosa de Lima";"Não";"-";"Ocupantes de automóvel";NA;NA;NA;NA;NA;NA;NA;NA;NA;NA;NA;1;NA;NA;NA;NA;NA;NA;NA;NA;NA;NA;NA;NA;NA
28;"SE";2806602;"280660";"Santo Amaro das Brotas";"Não";"-";"Ocupantes de automóvel";NA;NA;2;NA;1;NA;NA;NA;NA;NA;NA;1;1;4;1;1;NA;NA;2;NA;NA;3;1;NA;NA
28;"SE";2806701;"280670";"São Cristóvão";"Não";"Região Metropolitana de Aracaju";"Ocupantes de automóvel";NA;1;1;NA;1;1;NA;5;NA;NA;1;1;3;NA;3;1;2;1;NA;NA;1;1;2;NA;NA
28;"SE";2806800;"280680";"São Domingos";"Não";"-";"Ocupantes de automóvel";NA;NA;NA;NA;NA;NA;NA;NA;NA;NA;NA;NA;NA;1;3;NA;NA;NA;NA;NA;NA;NA;NA;NA;NA
28;"SE";2806909;"280690";"São Francisco";"Não";"-";"Ocupantes de automóvel";NA;NA;NA;NA;1;NA;NA;NA;NA;NA;NA;1;1;NA;NA;2;NA;NA;1;1;1;NA;NA;NA;NA
28;"SE";2807006;"280700";"São Miguel do Aleixo";"Não";"-";"Ocupantes de automóvel";NA;NA;NA;NA;NA;NA;NA;NA;1;NA;NA;NA;NA;NA;NA;NA;NA;NA;NA;NA;NA;NA;1;NA;NA
28;"SE";2807105;"280710";"Simão Dias";"Não";"-";"Ocupantes de automóvel";1;NA;NA;2;NA;NA;3;NA;1;NA;1;NA;1;3;NA;2;1;NA;NA;NA;1;1;3;NA;NA
28;"SE";2807204;"280720";"Siriri";"Não";"-";"Ocupantes de automóvel";NA;NA;NA;1;1;NA;NA;1;1;NA;NA;4;NA;1;NA;NA;NA;1;NA;NA;1;1;NA;NA;NA
28;"SE";2807402;"280740";"Tobias Barreto";"Não";"-";"Ocupantes de automóvel";NA;NA;NA;1;NA;1;2;NA;2;NA;NA;NA;NA;2;3;2;NA;NA;NA;1;2;NA;NA;1;NA
28;"SE";2807501;"280750";"Tomar do Geru";"Não";"-";"Ocupantes de automóvel";NA;NA;1;NA;NA;NA;NA;NA;NA;NA;NA;NA;NA;NA;NA;NA;NA;NA;1;1;NA;NA;NA;NA;NA
28;"SE";2807600;"280760";"Umbaúba";"Não";"-";"Ocupantes de automóvel";NA;NA;1;NA;NA;1;4;1;NA;1;2;NA;NA;1;2;NA;2;1;NA;2;4;3;NA;NA;NA
29;"BA";2900108;"290010";"Abaíra";"Não";"-";"Ocupantes de automóvel";NA;NA;NA;NA;NA;NA;NA;NA;NA;NA;NA;NA;NA;NA;NA;NA;NA;NA;2;NA;NA;NA;NA;1;NA
29;"BA";2900207;"290020";"Abaré";"Não";"-";"Ocupantes de automóvel";1;NA;NA;NA;NA;2;1;NA;NA;2;NA;1;1;2;2;NA;1;NA;1;2;4;1;8;3;NA
29;"BA";2900306;"290030";"Acajutiba";"Não";"-";"Ocupantes de automóvel";NA;2;NA;NA;NA;NA;NA;1;NA;NA;NA;NA;NA;1;1;NA;NA;2;NA;NA;1;3;NA;NA;NA
29;"BA";2900355;"290035";"Adustina";"Não";"-";"Ocupantes de automóvel";NA;NA;NA;NA;NA;NA;NA;NA;NA;NA;NA;2;NA;NA;NA;2;3;NA;NA;NA;2;NA;NA;2;NA
29;"BA";2900405;"290040";"Água Fria";"Não";"-";"Ocupantes de automóvel";NA;NA;NA;NA;NA;NA;NA;NA;NA;NA;NA;NA;1;1;NA;NA;1;NA;NA;NA;1;NA;NA;NA;NA
29;"BA";2900504;"290050";"Érico Cardoso";"Não";"-";"Ocupantes de automóvel";NA;NA;NA;NA;NA;NA;NA;NA;NA;NA;NA;NA;NA;NA;NA;NA;NA;NA;NA;NA;1;NA;NA;NA;NA
29;"BA";2900603;"290060";"Aiquara";"Não";"-";"Ocupantes de automóvel";NA;NA;NA;NA;NA;NA;NA;NA;NA;NA;NA;NA;NA;NA;NA;NA;NA;NA;NA;NA;NA;NA;NA;NA;NA
29;"BA";2900702;"290070";"Alagoinhas";"Não";"-";"Ocupantes de automóvel";6;8;8;3;17;11;3;7;7;10;14;22;16;19;22;25;33;27;34;23;18;17;34;36;NA
29;"BA";2900801;"290080";"Alcobaça";"Não";"-";"Ocupantes de automóvel";1;1;1;1;2;1;NA;3;NA;1;3;NA;1;NA;NA;3;1;NA;NA;1;NA;NA;NA;2;NA
29;"BA";2900900;"290090";"Almadina";"Não";"-";"Ocupantes de automóvel";NA;NA;NA;NA;NA;NA;NA;NA;NA;NA;1;NA;NA;1;1;NA;NA;NA;3;NA;1;1;NA;NA;NA
29;"BA";2901007;"290100";"Amargosa";"Não";"-";"Ocupantes de automóvel";1;NA;NA;NA;1;NA;NA;NA;NA;1;NA;NA;NA;1;2;NA;NA;2;NA;1;2;3;1;2;NA
29;"BA";2901106;"290110";"Amélia Rodrigues";"Não";"Região Metropolitana de Feira de Santana";"Ocupantes de automóvel";NA;NA;NA;NA;1;1;NA;NA;2;2;5;8;2;2;4;NA;3;NA;NA;NA;NA;NA;NA;NA;NA
29;"BA";2901155;"290115";"América Dourada";"Não";"-";"Ocupantes de automóvel";NA;NA;NA;NA;NA;1;NA;NA;NA;2;3;2;4;1;1;3;2;2;NA;8;3;NA;1;NA;NA
29;"BA";2901205;"290120";"Anagé";"Não";"-";"Ocupantes de automóvel";2;1;1;2;3;2;5;1;3;NA;NA;1;1;1;NA;NA;1;NA;NA;1;2;NA;NA;NA;NA
29;"BA";2901304;"290130";"Andaraí";"Não";"-";"Ocupantes de automóvel";NA;NA;NA;2;4;NA;NA;1;NA;1;2;4;NA;7;3;6;3;1;NA;NA;NA;NA;NA;NA;NA
29;"BA";2901353;"290135";"Andorinha";"Não";"-";"Ocupantes de automóvel";1;1;NA;4;NA;NA;NA;NA;NA;1;NA;NA;1;NA;1;1;NA;1;NA;1;1;3;NA;NA;NA
29;"BA";2901403;"290140";"Angical";"Não";"-";"Ocupantes de automóvel";NA;NA;NA;NA;NA;NA;NA;NA;NA;NA;NA;NA;NA;NA;NA;NA;NA;NA;NA;1;NA;1;NA;NA;NA
29;"BA";2901502;"290150";"Anguera";"Não";"Área de Expansão Metropolitana";"Ocupantes de automóvel";NA;NA;NA;NA;1;NA;NA;NA;1;1;NA;1;NA;NA;NA;NA;1;NA;1;NA;NA;NA;NA;NA;NA
29;"BA";2901601;"290160";"Antas";"Não";"-";"Ocupantes de automóvel";NA;NA;NA;NA;NA;NA;2;1;1;NA;NA;3;2;1;NA;NA;1;1;NA;NA;NA;NA;1;NA;NA
29;"BA";2901700;"290170";"Antônio Cardoso";"Não";"Área de Expansão Metropolitana";"Ocupantes de automóvel";1;NA;NA;NA;NA;NA;NA;NA;NA;NA;2;2;NA;1;NA;NA;NA;NA;2;NA;NA;1;1;NA;NA
29;"BA";2901809;"290180";"Antônio Gonçalves";"Não";"-";"Ocupantes de automóvel";NA;1;1;NA;NA;NA;NA;NA;1;1;NA;NA;1;NA;NA;1;1;NA;NA;2;NA;NA;3;NA;NA
29;"BA";2901908;"290190";"Aporá";"Não";"-";"Ocupantes de automóvel";NA;NA;NA;1;NA;NA;NA;NA;NA;1;1;1;2;NA;1;NA;3;2;1;3;1;2;2;4;NA
29;"BA";2902005;"290200";"Aracatu";"Não";"-";"Ocupantes de automóvel";NA;1;1;1;1;NA;2;NA;NA;NA;NA;NA;NA;1;1;1;NA;1;NA;NA;1;NA;NA;1;NA
29;"BA";2902054;"290205";"Araçás";"Não";"-";"Ocupantes de automóvel";1;NA;NA;1;3;NA;NA;1;NA;1;NA;1;4;NA;2;NA;4;6;NA;1;3;4;5;NA;NA
29;"BA";2902104;"290210";"Araci";"Não";"-";"Ocupantes de automóvel";NA;NA;NA;NA;NA;NA;NA;NA;1;NA;2;NA;1;NA;6;1;2;NA;NA;NA;NA;NA;NA;NA;NA
29;"BA";2902203;"290220";"Aramari";"Não";"-";"Ocupantes de automóvel";1;NA;NA;NA;NA;NA;NA;NA;NA;NA;NA;1;1;NA;NA;NA;NA;1;NA;NA;NA;NA;NA;1;NA
29;"BA";2902252;"290225";"Arataca";"Não";"-";"Ocupantes de automóvel";NA;1;2;NA;4;NA;2;5;NA;2;8;2;7;3;1;NA;1;3;3;1;3;NA;2;10;NA
29;"BA";2902302;"290230";"Aratuípe";"Não";"-";"Ocupantes de automóvel";NA;NA;NA;NA;NA;NA;NA;NA;NA;NA;NA;NA;NA;NA;NA;NA;NA;NA;NA;NA;NA;NA;NA;NA;NA
29;"BA";2902401;"290240";"Aurelino Leal";"Não";"-";"Ocupantes de automóvel";NA;NA;1;NA;2;NA;NA;1;NA;1;NA;NA;1;NA;1;NA;1;1;NA;NA;NA;NA;1;3;NA
29;"BA";2902500;"290250";"Baianópolis";"Não";"-";"Ocupantes de automóvel";2;NA;NA;NA;NA;NA;NA;NA;NA;NA;NA;NA;NA;NA;NA;NA;NA;NA;NA;NA;NA;NA;1;1;NA
29;"BA";2902609;"290260";"Baixa Grande";"Não";"-";"Ocupantes de automóvel";1;NA;1;NA;NA;4;NA;1;NA;NA;NA;1;1;NA;1;NA;NA;NA;1;NA;NA;NA;NA;NA;NA
29;"BA";2902658;"290265";"Banzaê";"Não";"-";"Ocupantes de automóvel";NA;NA;NA;NA;NA;NA;NA;NA;NA;NA;NA;NA;1;NA;NA;NA;1;NA;NA;NA;NA;1;NA;NA;NA
29;"BA";2902708;"290270";"Barra";"Não";"-";"Ocupantes de automóvel";1;2;2;1;NA;1;1;NA;4;3;4;5;4;9;7;4;NA;4;3;6;NA;2;6;3;NA
29;"BA";2902807;"290280";"Barra da Estiva";"Não";"-";"Ocupantes de automóvel";NA;NA;2;NA;NA;NA;1;1;1;2;NA;1;NA;NA;3;2;1;NA;1;1;1;NA;1;3;NA
29;"BA";2902906;"290290";"Barra do Choça";"Não";"-";"Ocupantes de automóvel";1;1;NA;1;NA;NA;NA;1;1;6;NA;NA;2;1;1;1;1;NA;NA;2;2;NA;NA;1;NA
29;"BA";2903003;"290300";"Barra do Mendes";"Não";"-";"Ocupantes de automóvel";NA;NA;NA;NA;NA;NA;1;NA;NA;NA;NA;NA;1;2;NA;NA;NA;1;2;NA;NA;NA;NA;1;NA
29;"BA";2903102;"290310";"Barra do Rocha";"Não";"-";"Ocupantes de automóvel";NA;NA;NA;NA;NA;NA;NA;NA;NA;NA;1;NA;NA;NA;NA;NA;1;1;NA;NA;1;NA;NA;NA;NA
29;"BA";2903201;"290320";"Barreiras";"Não";"-";"Ocupantes de automóvel";3;4;3;6;2;6;1;4;NA;1;2;1;NA;NA;8;NA;NA;3;7;8;5;10;18;30;NA
29;"BA";2903235;"290323";"Barro Alto";"Não";"-";"Ocupantes de automóvel";NA;NA;NA;NA;1;NA;NA;NA;NA;1;1;4;NA;1;1;1;NA;NA;NA;NA;NA;NA;1;NA;NA
29;"BA";2903276;"290327";"Barrocas";"Não";"-";"Ocupantes de automóvel";NA;NA;NA;NA;NA;NA;NA;NA;NA;NA;NA;1;1;3;1;NA;NA;NA;NA;NA;NA;NA;NA;NA;NA
29;"BA";2903300;"290330";"Barro Preto";"Não";"-";"Ocupantes de automóvel";NA;NA;NA;NA;NA;NA;NA;NA;NA;NA;NA;NA;NA;NA;1;1;1;2;1;NA;NA;NA;1;1;NA
29;"BA";2903409;"290340";"Belmonte";"Não";"-";"Ocupantes de automóvel";NA;NA;NA;NA;NA;1;NA;1;NA;NA;NA;1;NA;NA;NA;NA;NA;NA;NA;NA;NA;NA;NA;NA;NA
29;"BA";2903508;"290350";"Belo Campo";"Não";"-";"Ocupantes de automóvel";NA;NA;NA;NA;4;7;NA;3;1;NA;7;1;NA;5;2;1;1;NA;NA;NA;3;1;1;NA;NA
29;"BA";2903607;"290360";"Biritinga";"Não";"-";"Ocupantes de automóvel";NA;NA;NA;NA;NA;NA;NA;NA;NA;NA;NA;NA;NA;NA;NA;NA;NA;NA;NA;NA;NA;NA;NA;NA;NA
29;"BA";2903706;"290370";"Boa Nova";"Não";"-";"Ocupantes de automóvel";NA;1;NA;1;NA;1;1;1;NA;6;NA;NA;NA;1;NA;1;NA;NA;NA;NA;NA;1;NA;1;NA
29;"BA";2903805;"290380";"Boa Vista do Tupim";"Não";"-";"Ocupantes de automóvel";NA;NA;NA;NA;1;NA;1;1;9;1;NA;1;NA;1;NA;NA;NA;NA;NA;NA;NA;NA;NA;NA;NA
29;"BA";2903904;"290390";"Bom Jesus da Lapa";"Não";"-";"Ocupantes de automóvel";1;1;1;2;NA;1;1;2;2;1;NA;7;7;NA;NA;NA;2;5;5;5;10;13;13;10;NA
29;"BA";2903953;"290395";"Bom Jesus da Serra";"Não";"-";"Ocupantes de automóvel";NA;1;NA;NA;NA;NA;NA;NA;1;NA;2;NA;1;NA;NA;NA;NA;NA;NA;NA;NA;NA;NA;NA;NA
29;"BA";2904001;"290400";"Boninal";"Não";"-";"Ocupantes de automóvel";NA;NA;NA;NA;NA;NA;NA;NA;NA;NA;NA;1;NA;3;2;NA;NA;NA;NA;NA;NA;1;NA;NA;NA
29;"BA";2904050;"290405";"Bonito";"Não";"-";"Ocupantes de automóvel";NA;NA;NA;NA;NA;NA;NA;2;1;1;NA;4;1;1;3;1;1;1;NA;NA;2;2;NA;NA;NA
29;"BA";2904100;"290410";"Boquira";"Não";"-";"Ocupantes de automóvel";NA;NA;2;NA;NA;1;NA;NA;NA;1;NA;NA;NA;NA;NA;NA;NA;NA;NA;NA;NA;1;NA;3;NA
29;"BA";2904209;"290420";"Botuporã";"Não";"-";"Ocupantes de automóvel";NA;NA;NA;NA;NA;NA;NA;1;NA;NA;NA;1;NA;NA;NA;NA;NA;NA;NA;NA;NA;NA;2;NA;NA
29;"BA";2904308;"290430";"Brejões";"Não";"-";"Ocupantes de automóvel";NA;NA;NA;NA;NA;NA;1;NA;NA;NA;NA;19;NA;1;6;2;NA;NA;1;NA;NA;1;NA;NA;NA
29;"BA";2904407;"290440";"Brejolândia";"Não";"-";"Ocupantes de automóvel";NA;NA;NA;NA;NA;NA;NA;NA;NA;NA;NA;NA;NA;NA;NA;NA;NA;NA;NA;1;NA;2;2;5;NA
29;"BA";2904506;"290450";"Brotas de Macaúbas";"Não";"-";"Ocupantes de automóvel";NA;NA;1;NA;NA;NA;NA;NA;NA;NA;NA;1;1;2;1;NA;3;1;NA;NA;NA;1;2;2;NA
29;"BA";2904605;"290460";"Brumado";"Não";"-";"Ocupantes de automóvel";2;3;1;2;1;1;2;NA;2;4;4;3;1;1;3;2;2;2;3;2;6;6;6;2;NA
29;"BA";2904704;"290470";"Buerarema";"Não";"-";"Ocupantes de automóvel";NA;1;NA;1;2;NA;NA;NA;1;NA;1;NA;3;2;2;NA;NA;2;1;NA;3;1;NA;NA;NA
29;"BA";2904753;"290475";"Buritirama";"Não";"-";"Ocupantes de automóvel";NA;NA;NA;NA;NA;NA;NA;1;1;NA;NA;2;1;3;1;NA;1;2;1;2;NA;NA;NA;3;NA
29;"BA";2904803;"290480";"Caatiba";"Não";"-";"Ocupantes de automóvel";NA;1;1;NA;NA;NA;NA;NA;NA;NA;NA;NA;NA;2;NA;NA;NA;1;NA;NA;NA;NA;NA;NA;NA
29;"BA";2904852;"290485";"Cabaceiras do Paraguaçu";"Não";"-";"Ocupantes de automóvel";NA;NA;NA;NA;NA;1;NA;NA;NA;NA;1;NA;NA;NA;NA;NA;NA;NA;NA;NA;1;NA;1;NA;NA
29;"BA";2904902;"290490";"Cachoeira";"Não";"-";"Ocupantes de automóvel";NA;NA;NA;NA;NA;NA;NA;5;NA;3;1;1;3;1;NA;NA;1;NA;NA;1;NA;NA;NA;NA;NA
29;"BA";2905008;"290500";"Caculé";"Não";"-";"Ocupantes de automóvel";NA;1;1;NA;NA;NA;1;NA;NA;2;NA;NA;NA;NA;NA;NA;NA;2;NA;NA;1;NA;NA;1;NA
29;"BA";2905107;"290510";"Caém";"Não";"-";"Ocupantes de automóvel";NA;NA;NA;NA;NA;NA;NA;NA;NA;1;NA;NA;NA;NA;NA;NA;1;NA;NA;NA;NA;NA;NA;NA;NA
29;"BA";2905156;"290515";"Caetanos";"Não";"-";"Ocupantes de automóvel";NA;NA;NA;NA;NA;NA;1;NA;NA;NA;NA;1;NA;NA;1;NA;NA;NA;NA;NA;NA;NA;NA;NA;NA
29;"BA";2905206;"290520";"Caetité";"Não";"-";"Ocupantes de automóvel";1;NA;1;2;1;2;2;2;NA;3;4;4;6;2;3;3;5;3;2;2;2;5;1;NA;NA
29;"BA";2905305;"290530";"Cafarnaum";"Não";"-";"Ocupantes de automóvel";NA;NA;NA;1;NA;NA;NA;NA;1;NA;2;NA;2;NA;3;1;1;NA;1;NA;NA;2;1;2;NA
29;"BA";2905404;"290540";"Cairu";"Não";"-";"Ocupantes de automóvel";NA;NA;NA;NA;NA;NA;NA;NA;NA;NA;NA;NA;NA;NA;NA;NA;NA;NA;NA;NA;NA;NA;NA;1;NA
29;"BA";2905503;"290550";"Caldeirão Grande";"Não";"-";"Ocupantes de automóvel";NA;NA;NA;NA;1;NA;NA;NA;1;NA;NA;NA;NA;NA;NA;NA;NA;3;NA;NA;NA;1;NA;NA;NA
29;"BA";2905602;"290560";"Camacan";"Não";"-";"Ocupantes de automóvel";NA;1;1;1;NA;3;NA;1;4;3;4;1;4;8;5;NA;1;NA;2;1;3;3;2;2;NA
29;"BA";2905701;"290570";"Camaçari";"Não";"Região Metropolitana de Salvador";"Ocupantes de automóvel";1;2;5;2;2;3;3;2;3;5;8;8;18;15;10;7;3;9;3;10;5;2;9;1;NA
29;"BA";2905800;"290580";"Camamu";"Não";"-";"Ocupantes de automóvel";1;NA;5;NA;1;1;NA;1;1;4;NA;2;2;1;1;3;3;1;2;1;1;NA;3;1;NA
29;"BA";2905909;"290590";"Campo Alegre de Lourdes";"Não";"-";"Ocupantes de automóvel";NA;NA;NA;1;NA;1;NA;1;NA;NA;1;NA;NA;NA;1;NA;NA;1;NA;NA;NA;1;NA;2;NA
29;"BA";2906006;"290600";"Campo Formoso";"Não";"-";"Ocupantes de automóvel";2;5;2;NA;7;2;2;1;3;NA;3;1;2;2;6;NA;3;7;2;2;6;5;9;5;NA
29;"BA";2906105;"290610";"Canápolis";"Não";"-";"Ocupantes de automóvel";NA;NA;NA;NA;NA;NA;NA;NA;NA;NA;NA;NA;2;1;NA;1;NA;NA;NA;NA;NA;NA;NA;1;NA
29;"BA";2906204;"290620";"Canarana";"Não";"-";"Ocupantes de automóvel";1;NA;NA;NA;NA;1;1;NA;NA;1;4;3;2;NA;1;1;NA;2;NA;1;NA;2;2;NA;NA
29;"BA";2906303;"290630";"Canavieiras";"Não";"-";"Ocupantes de automóvel";NA;NA;1;NA;NA;2;NA;NA;1;2;NA;2;3;NA;1;NA;1;NA;NA;1;1;NA;NA;4;NA
29;"BA";2906402;"290640";"Candeal";"Não";"Área de Expansão Metropolitana";"Ocupantes de automóvel";NA;NA;NA;NA;NA;NA;NA;NA;NA;NA;NA;NA;NA;1;NA;NA;NA;NA;NA;NA;NA;NA;1;NA;NA
29;"BA";2906501;"290650";"Candeias";"Não";"Região Metropolitana de Salvador";"Ocupantes de automóvel";2;NA;NA;1;NA;4;3;NA;1;NA;3;4;4;1;5;4;9;3;NA;1;NA;NA;2;2;NA
29;"BA";2906600;"290660";"Candiba";"Não";"-";"Ocupantes de automóvel";1;NA;NA;NA;NA;NA;NA;NA;NA;NA;1;NA;2;NA;1;NA;1;1;NA;NA;1;NA;NA;1;NA
29;"BA";2906709;"290670";"Cândido Sales";"Não";"-";"Ocupantes de automóvel";3;NA;1;2;1;2;4;2;5;3;4;NA;1;3;2;NA;NA;1;1;NA;1;2;NA;NA;NA
29;"BA";2906808;"290680";"Cansanção";"Não";"-";"Ocupantes de automóvel";NA;2;2;NA;2;NA;1;NA;1;2;1;3;1;1;1;NA;4;3;2;1;3;1;2;2;NA
29;"BA";2906824;"290682";"Canudos";"Não";"-";"Ocupantes de automóvel";2;1;1;NA;1;NA;1;2;1;NA;3;2;6;2;NA;1;3;3;4;NA;2;1;3;1;NA
29;"BA";2906857;"290685";"Capela do Alto Alegre";"Não";"-";"Ocupantes de automóvel";NA;2;NA;NA;NA;NA;NA;NA;NA;1;NA;1;1;NA;1;NA;NA;NA;NA;NA;NA;NA;NA;NA;NA
29;"BA";2906873;"290687";"Capim Grosso";"Não";"-";"Ocupantes de automóvel";1;3;1;1;1;1;NA;2;1;1;NA;1;NA;NA;NA;NA;3;1;3;1;NA;1;5;1;NA
29;"BA";2906899;"290689";"Caraíbas";"Não";"-";"Ocupantes de automóvel";1;3;NA;1;1;NA;1;1;1;NA;NA;NA;1;NA;1;NA;NA;1;NA;NA;1;NA;NA;NA;NA
29;"BA";2906907;"290690";"Caravelas";"Não";"-";"Ocupantes de automóvel";NA;1;2;NA;3;NA;2;1;5;2;NA;1;1;3;2;NA;NA;NA;NA;2;NA;NA;NA;NA;NA
29;"BA";2907004;"290700";"Cardeal da Silva";"Não";"-";"Ocupantes de automóvel";NA;NA;NA;NA;NA;NA;NA;NA;1;NA;1;NA;NA;1;NA;NA;NA;2;1;NA;1;NA;NA;NA;NA
29;"BA";2907103;"290710";"Carinhanha";"Não";"-";"Ocupantes de automóvel";4;1;NA;NA;1;1;NA;NA;NA;NA;NA;NA;5;2;NA;NA;NA;NA;NA;NA;NA;NA;NA;1;NA
29;"BA";2907202;"290720";"Casa Nova";"Não";"Região Administrativa Integrada de Desenvolvimento do Polo Petrolina/PE e Juazeiro/BA";"Ocupantes de automóvel";NA;3;4;NA;1;4;10;NA;1;NA;2;6;6;6;9;3;5;3;7;8;10;6;1;1;NA
29;"BA";2907301;"290730";"Castro Alves";"Não";"-";"Ocupantes de automóvel";NA;NA;NA;NA;NA;NA;1;2;NA;1;1;NA;NA;2;2;NA;NA;1;NA;2;NA;NA;NA;1;NA
29;"BA";2907509;"290750";"Catu";"Não";"-";"Ocupantes de automóvel";NA;1;1;7;9;NA;1;4;4;1;1;2;4;NA;7;4;2;4;6;7;NA;4;3;4;NA
29;"BA";2907558;"290755";"Caturama";"Não";"-";"Ocupantes de automóvel";NA;NA;NA;NA;NA;NA;NA;2;NA;NA;NA;NA;NA;NA;2;NA;1;NA;NA;NA;1;NA;NA;NA;NA
29;"BA";2907608;"290760";"Central";"Não";"-";"Ocupantes de automóvel";NA;NA;NA;NA;NA;NA;1;NA;2;4;2;NA;1;1;2;NA;1;NA;NA;NA;1;1;1;4;NA
29;"BA";2907707;"290770";"Chorrochó";"Não";"-";"Ocupantes de automóvel";NA;NA;2;1;NA;3;1;3;2;2;4;2;NA;1;2;2;1;1;NA;1;NA;1;NA;1;NA
29;"BA";2907806;"290780";"Cícero Dantas";"Não";"-";"Ocupantes de automóvel";NA;NA;NA;NA;NA;NA;NA;NA;NA;NA;NA;1;1;2;1;1;4;2;1;1;2;4;3;1;NA
29;"BA";2907905;"290790";"Cipó";"Não";"-";"Ocupantes de automóvel";NA;NA;1;NA;NA;NA;NA;NA;NA;NA;NA;NA;NA;NA;1;1;NA;NA;1;1;2;1;NA;1;NA
29;"BA";2908002;"290800";"Coaraci";"Não";"-";"Ocupantes de automóvel";NA;NA;2;NA;NA;1;1;NA;NA;2;NA;NA;1;1;NA;NA;NA;1;1;NA;NA;1;NA;2;NA
29;"BA";2908101;"290810";"Cocos";"Não";"-";"Ocupantes de automóvel";NA;NA;NA;NA;1;NA;NA;NA;NA;NA;NA;1;1;NA;NA;1;NA;NA;1;NA;6;4;4;1;NA
29;"BA";2908200;"290820";"Conceição da Feira";"Não";"Região Metropolitana de Feira de Santana";"Ocupantes de automóvel";NA;NA;NA;NA;NA;NA;2;NA;NA;NA;NA;NA;3;3;1;NA;2;NA;1;NA;NA;NA;NA;NA;NA
29;"BA";2908309;"290830";"Conceição do Almeida";"Não";"-";"Ocupantes de automóvel";NA;3;1;NA;NA;NA;NA;1;NA;NA;1;2;6;1;1;NA;1;1;NA;NA;2;NA;4;3;NA
29;"BA";2908408;"290840";"Conceição do Coité";"Não";"-";"Ocupantes de automóvel";NA;NA;NA;NA;NA;NA;1;NA;1;1;6;1;1;3;2;2;NA;NA;NA;NA;NA;NA;NA;NA;NA
29;"BA";2908507;"290850";"Conceição do Jacuípe";"Não";"Região Metropolitana de Feira de Santana";"Ocupantes de automóvel";1;NA;NA;NA;NA;NA;1;NA;1;NA;8;2;3;1;3;1;NA;NA;NA;NA;NA;NA;NA;NA;NA
29;"BA";2908606;"290860";"Conde";"Não";"-";"Ocupantes de automóvel";NA;2;3;NA;1;1;3;2;3;1;1;6;4;7;3;4;1;3;1;NA;2;1;NA;7;NA
29;"BA";2908705;"290870";"Condeúba";"Não";"-";"Ocupantes de automóvel";NA;NA;1;1;2;NA;NA;NA;1;NA;NA;NA;1;NA;NA;1;NA;NA;NA;1;1;NA;NA;NA;NA
29;"BA";2908804;"290880";"Contendas do Sincorá";"Não";"-";"Ocupantes de automóvel";NA;NA;NA;NA;NA;NA;NA;6;NA;NA;NA;NA;1;NA;NA;NA;NA;NA;NA;NA;NA;NA;NA;NA;NA
29;"BA";2908903;"290890";"Coração de Maria";"Não";"Área de Expansão Metropolitana";"Ocupantes de automóvel";NA;NA;NA;NA;NA;NA;NA;2;NA;6;2;1;NA;5;2;NA;1;3;NA;NA;1;NA;NA;NA;NA
29;"BA";2909000;"290900";"Cordeiros";"Não";"-";"Ocupantes de automóvel";NA;NA;1;NA;NA;NA;NA;1;NA;NA;NA;NA;1;2;1;NA;NA;NA;NA;NA;NA;NA;NA;NA;NA
29;"BA";2909109;"290910";"Coribe";"Não";"-";"Ocupantes de automóvel";NA;2;NA;NA;1;1;1;NA;NA;NA;1;NA;5;3;1;1;1;NA;NA;1;NA;3;1;2;NA
29;"BA";2909208;"290920";"Coronel João Sá";"Não";"-";"Ocupantes de automóvel";NA;NA;NA;NA;NA;NA;NA;NA;NA;NA;1;NA;NA;NA;NA;1;NA;NA;NA;NA;NA;NA;NA;NA;NA
29;"BA";2909307;"290930";"Correntina";"Não";"-";"Ocupantes de automóvel";4;3;6;4;1;NA;3;1;NA;1;NA;5;16;13;8;5;NA;2;3;8;4;7;21;16;NA
29;"BA";2909406;"290940";"Cotegipe";"Não";"-";"Ocupantes de automóvel";NA;NA;1;NA;NA;NA;NA;NA;NA;NA;NA;NA;NA;NA;NA;NA;NA;NA;NA;NA;NA;NA;NA;NA;NA
29;"BA";2909505;"290950";"Cravolândia";"Não";"-";"Ocupantes de automóvel";NA;1;NA;NA;NA;NA;NA;NA;NA;NA;NA;NA;NA;NA;NA;NA;NA;1;NA;NA;NA;NA;NA;NA;NA
29;"BA";2909604;"290960";"Crisópolis";"Não";"-";"Ocupantes de automóvel";NA;NA;NA;3;1;NA;NA;NA;NA;NA;1;2;2;1;NA;1;2;3;2;NA;NA;2;2;5;NA
29;"BA";2909703;"290970";"Cristópolis";"Não";"-";"Ocupantes de automóvel";NA;1;1;NA;1;2;NA;2;NA;NA;1;NA;NA;NA;NA;NA;NA;NA;3;3;NA;NA;NA;1;NA
29;"BA";2909802;"290980";"Cruz das Almas";"Não";"-";"Ocupantes de automóvel";NA;3;NA;4;NA;NA;NA;4;1;1;NA;1;1;1;1;NA;2;NA;NA;1;NA;3;5;5;NA
29;"BA";2909901;"290990";"Curaçá";"Não";"Região Administrativa Integrada de Desenvolvimento do Polo Petrolina/PE e Juazeiro/BA";"Ocupantes de automóvel";NA;NA;1;NA;2;2;4;NA;NA;1;1;NA;2;1;5;2;1;3;2;NA;7;1;NA;3;NA
29;"BA";2910008;"291000";"Dário Meira";"Não";"-";"Ocupantes de automóvel";NA;NA;1;NA;NA;NA;NA;NA;NA;NA;NA;NA;NA;NA;1;NA;NA;NA;1;NA;NA;NA;NA;1;NA
29;"BA";2910057;"291005";"Dias d'Ávila";"Não";"Região Metropolitana de Salvador";"Ocupantes de automóvel";NA;NA;NA;NA;NA;1;NA;NA;NA;NA;NA;2;NA;2;2;1;NA;NA;NA;1;NA;NA;2;NA;NA
29;"BA";2910107;"291010";"Dom Basílio";"Não";"-";"Ocupantes de automóvel";NA;NA;NA;1;NA;NA;1;1;NA;2;NA;NA;NA;NA;NA;1;3;NA;NA;NA;1;NA;NA;NA;NA
29;"BA";2910206;"291020";"Dom Macedo Costa";"Não";"-";"Ocupantes de automóvel";NA;NA;NA;NA;NA;NA;NA;NA;NA;NA;NA;NA;NA;NA;NA;NA;NA;NA;NA;NA;NA;NA;NA;NA;NA
29;"BA";2910305;"291030";"Elísio Medrado";"Não";"-";"Ocupantes de automóvel";NA;NA;NA;NA;NA;NA;NA;1;NA;1;NA;NA;NA;NA;NA;NA;1;NA;NA;NA;NA;NA;NA;1;NA
29;"BA";2910404;"291040";"Encruzilhada";"Não";"-";"Ocupantes de automóvel";1;1;1;1;1;NA;NA;1;3;3;2;NA;1;NA;2;NA;1;NA;NA;NA;NA;NA;1;2;NA
29;"BA";2910503;"291050";"Entre Rios";"Não";"-";"Ocupantes de automóvel";NA;2;6;NA;1;6;2;4;1;2;7;2;6;3;9;6;8;16;6;2;8;8;6;6;NA
29;"BA";2910602;"291060";"Esplanada";"Não";"-";"Ocupantes de automóvel";1;2;5;4;8;6;3;3;1;5;4;7;5;6;9;2;5;11;3;10;7;12;7;7;NA
29;"BA";2910701;"291070";"Euclides da Cunha";"Não";"-";"Ocupantes de automóvel";1;NA;1;NA;3;1;3;1;1;5;5;7;6;7;4;6;5;3;10;3;4;3;6;1;NA
29;"BA";2910727;"291072";"Eunápolis";"Não";"-";"Ocupantes de automóvel";10;10;NA;9;3;2;5;9;5;2;1;NA;NA;NA;NA;NA;NA;1;NA;1;1;2;NA;5;NA
29;"BA";2910750;"291075";"Fátima";"Não";"-";"Ocupantes de automóvel";NA;NA;NA;NA;NA;NA;NA;NA;NA;NA;NA;2;1;2;NA;NA;NA;1;2;1;NA;1;1;NA;NA
29;"BA";2910776;"291077";"Feira da Mata";"Não";"-";"Ocupantes de automóvel";NA;NA;NA;NA;NA;NA;NA;NA;NA;NA;NA;NA;NA;NA;NA;NA;NA;NA;NA;NA;1;NA;1;NA;NA
29;"BA";2910800;"291080";"Feira de Santana";"Não";"Região Metropolitana de Feira de Santana";"Ocupantes de automóvel";27;10;8;6;6;13;27;39;31;47;48;48;49;39;28;15;10;21;29;16;40;60;73;4;NA
29;"BA";2910859;"291085";"Filadélfia";"Não";"-";"Ocupantes de automóvel";NA;NA;NA;2;1;NA;1;1;3;NA;1;NA;2;NA;5;3;2;2;1;NA;NA;3;4;1;NA
29;"BA";2910909;"291090";"Firmino Alves";"Não";"-";"Ocupantes de automóvel";2;1;1;NA;NA;NA;NA;NA;1;NA;NA;NA;NA;NA;NA;NA;3;NA;NA;NA;NA;NA;NA;1;NA
29;"BA";2911006;"291100";"Floresta Azul";"Não";"-";"Ocupantes de automóvel";1;NA;NA;NA;NA;NA;NA;NA;NA;NA;5;NA;NA;4;NA;NA;2;1;1;NA;1;NA;NA;NA;NA
29;"BA";2911105;"291110";"Formosa do Rio Preto";"Não";"-";"Ocupantes de automóvel";NA;NA;NA;NA;1;NA;NA;NA;NA;NA;NA;1;NA;NA;NA;NA;NA;NA;NA;1;NA;NA;NA;NA;NA
29;"BA";2911204;"291120";"Gandu";"Não";"-";"Ocupantes de automóvel";1;NA;3;3;NA;2;2;6;1;NA;NA;NA;2;2;4;3;2;2;2;4;2;4;NA;1;NA
29;"BA";2911253;"291125";"Gavião";"Não";"-";"Ocupantes de automóvel";NA;1;NA;NA;NA;NA;NA;1;NA;NA;NA;NA;NA;NA;NA;2;2;1;NA;NA;1;NA;NA;NA;NA
29;"BA";2911303;"291130";"Gentio do Ouro";"Não";"-";"Ocupantes de automóvel";NA;NA;NA;NA;NA;NA;NA;NA;NA;NA;1;NA;NA;2;1;1;NA;NA;1;1;NA;2;NA;2;NA
29;"BA";2911402;"291140";"Glória";"Não";"-";"Ocupantes de automóvel";NA;1;NA;NA;NA;1;NA;NA;1;NA;NA;NA;NA;NA;2;NA;1;NA;NA;NA;NA;1;1;1;NA
29;"BA";2911501;"291150";"Gongogi";"Não";"-";"Ocupantes de automóvel";NA;NA;NA;NA;NA;NA;1;NA;NA;NA;NA;NA;NA;NA;NA;NA;NA;NA;NA;NA;NA;NA;NA;NA;NA
29;"BA";2911600;"291160";"Governador Mangabeira";"Não";"-";"Ocupantes de automóvel";1;1;1;NA;2;NA;1;NA;1;NA;NA;3;4;2;2;2;1;NA;NA;2;NA;1;2;4;NA
29;"BA";2911659;"291165";"Guajeru";"Não";"-";"Ocupantes de automóvel";NA;NA;1;NA;NA;NA;NA;NA;NA;NA;NA;NA;NA;1;NA;NA;NA;NA;NA;NA;NA;NA;NA;NA;NA
29;"BA";2911709;"291170";"Guanambi";"Não";"-";"Ocupantes de automóvel";3;3;4;2;5;5;5;6;3;2;2;9;2;7;3;3;4;7;6;4;1;3;4;19;NA
29;"BA";2911808;"291180";"Guaratinga";"Não";"-";"Ocupantes de automóvel";1;NA;NA;NA;NA;NA;NA;NA;1;NA;NA;NA;NA;NA;NA;NA;NA;NA;NA;NA;NA;NA;NA;NA;NA
29;"BA";2911857;"291185";"Heliópolis";"Não";"-";"Ocupantes de automóvel";NA;NA;NA;NA;NA;NA;NA;NA;NA;NA;1;NA;NA;1;1;NA;NA;NA;NA;NA;NA;NA;NA;NA;NA
29;"BA";2911907;"291190";"Iaçu";"Não";"-";"Ocupantes de automóvel";NA;NA;1;1;1;2;NA;NA;NA;1;1;4;NA;5;NA;NA;2;NA;NA;NA;1;NA;NA;NA;NA
29;"BA";2912004;"291200";"Ibiassucê";"Não";"-";"Ocupantes de automóvel";NA;NA;NA;NA;NA;NA;NA;1;NA;NA;NA;3;2;NA;NA;NA;1;NA;NA;1;NA;NA;NA;1;NA
29;"BA";2912103;"291210";"Ibicaraí";"Não";"-";"Ocupantes de automóvel";NA;NA;NA;1;NA;1;1;2;NA;5;NA;1;3;1;NA;NA;3;2;4;1;1;1;1;1;NA
29;"BA";2912202;"291220";"Ibicoara";"Não";"-";"Ocupantes de automóvel";NA;NA;NA;NA;1;3;NA;NA;NA;1;NA;1;1;NA;1;NA;NA;NA;NA;NA;1;NA;1;3;NA
29;"BA";2912301;"291230";"Ibicuí";"Não";"-";"Ocupantes de automóvel";NA;NA;NA;NA;NA;1;NA;1;NA;1;NA;1;NA;NA;1;1;NA;NA;NA;NA;NA;2;NA;1;NA
29;"BA";2912400;"291240";"Ibipeba";"Não";"-";"Ocupantes de automóvel";NA;2;NA;NA;NA;1;NA;NA;NA;1;NA;1;1;2;NA;1;NA;NA;NA;2;NA;NA;1;NA;NA
29;"BA";2912509;"291250";"Ibipitanga";"Não";"-";"Ocupantes de automóvel";NA;NA;NA;NA;NA;NA;NA;NA;NA;NA;NA;NA;NA;NA;NA;NA;NA;NA;NA;NA;NA;NA;1;1;NA
29;"BA";2912608;"291260";"Ibiquera";"Não";"-";"Ocupantes de automóvel";NA;NA;NA;NA;1;1;NA;1;NA;1;NA;1;NA;NA;NA;NA;NA;NA;NA;NA;NA;NA;NA;NA;NA
29;"BA";2912707;"291270";"Ibirapitanga";"Não";"-";"Ocupantes de automóvel";2;1;NA;NA;NA;2;3;8;8;7;5;7;NA;1;4;1;2;NA;2;1;4;3;NA;4;NA
29;"BA";2912806;"291280";"Ibirapuã";"Não";"-";"Ocupantes de automóvel";NA;NA;NA;NA;NA;NA;NA;4;NA;NA;1;NA;1;2;3;4;NA;NA;NA;1;1;NA;NA;NA;NA
29;"BA";2912905;"291290";"Ibirataia";"Não";"-";"Ocupantes de automóvel";NA;NA;NA;2;NA;NA;NA;NA;NA;NA;NA;NA;NA;NA;NA;2;NA;NA;NA;NA;NA;2;NA;NA;NA
29;"BA";2913002;"291300";"Ibitiara";"Não";"-";"Ocupantes de automóvel";1;NA;NA;NA;1;1;NA;NA;NA;NA;1;1;1;1;3;4;1;NA;4;NA;1;2;4;3;NA
29;"BA";2913101;"291310";"Ibititá";"Não";"-";"Ocupantes de automóvel";NA;NA;NA;NA;NA;NA;NA;1;NA;NA;NA;1;NA;NA;1;4;NA;NA;1;NA;NA;1;1;NA;NA
29;"BA";2913200;"291320";"Ibotirama";"Não";"-";"Ocupantes de automóvel";NA;1;NA;NA;1;1;1;NA;1;NA;NA;1;NA;NA;NA;NA;NA;2;1;2;3;3;6;4;NA
29;"BA";2913309;"291330";"Ichu";"Não";"-";"Ocupantes de automóvel";NA;NA;NA;NA;NA;NA;NA;NA;NA;NA;NA;NA;NA;NA;NA;NA;NA;1;NA;NA;NA;NA;NA;NA;NA
29;"BA";2913408;"291340";"Igaporã";"Não";"-";"Ocupantes de automóvel";NA;NA;NA;NA;NA;2;1;NA;NA;NA;NA;4;1;NA;NA;NA;NA;NA;1;1;2;NA;1;NA;NA
29;"BA";2913457;"291345";"Igrapiúna";"Não";"-";"Ocupantes de automóvel";NA;NA;NA;NA;NA;NA;NA;1;NA;NA;NA;NA;NA;NA;NA;NA;2;NA;2;NA;NA;NA;NA;NA;NA
29;"BA";2913507;"291350";"Iguaí";"Não";"-";"Ocupantes de automóvel";NA;NA;2;NA;NA;NA;1;NA;1;NA;2;NA;2;NA;NA;NA;NA;NA;NA;NA;NA;1;NA;NA;NA
29;"BA";2913606;"291360";"Ilhéus";"Não";"-";"Ocupantes de automóvel";NA;3;6;18;21;24;19;13;15;18;23;9;11;1;2;2;NA;4;1;6;NA;NA;3;2;NA
29;"BA";2913705;"291370";"Inhambupe";"Não";"-";"Ocupantes de automóvel";1;2;NA;NA;3;2;1;NA;NA;1;2;2;5;2;10;3;4;2;4;2;6;2;4;3;NA
29;"BA";2913804;"291380";"Ipecaetá";"Não";"Área de Expansão Metropolitana";"Ocupantes de automóvel";NA;NA;NA;NA;NA;NA;NA;NA;1;1;1;NA;NA;NA;NA;NA;NA;NA;NA;NA;NA;NA;1;NA;NA
29;"BA";2913903;"291390";"Ipiaú";"Não";"-";"Ocupantes de automóvel";NA;1;1;NA;NA;NA;NA;1;NA;1;6;NA;1;NA;1;3;1;2;2;1;1;1;3;1;NA
29;"BA";2914000;"291400";"Ipirá";"Não";"-";"Ocupantes de automóvel";NA;1;5;1;NA;2;NA;2;NA;1;3;2;5;5;3;1;1;2;NA;NA;NA;NA;NA;NA;NA
29;"BA";2914109;"291410";"Ipupiara";"Não";"-";"Ocupantes de automóvel";NA;NA;NA;NA;NA;NA;NA;NA;NA;NA;NA;NA;NA;NA;NA;NA;NA;NA;NA;NA;NA;1;1;1;NA
29;"BA";2914208;"291420";"Irajuba";"Não";"-";"Ocupantes de automóvel";3;NA;NA;NA;NA;NA;NA;NA;1;NA;NA;NA;2;NA;3;5;NA;NA;NA;1;1;3;2;NA;NA
29;"BA";2914307;"291430";"Iramaia";"Não";"-";"Ocupantes de automóvel";NA;NA;NA;NA;NA;NA;NA;NA;NA;NA;1;2;1;NA;NA;NA;2;NA;NA;NA;1;1;NA;1;NA
29;"BA";2914406;"291440";"Iraquara";"Não";"-";"Ocupantes de automóvel";NA;NA;NA;NA;NA;NA;1;2;NA;1;1;1;1;3;NA;2;6;NA;1;1;NA;1;5;3;NA
29;"BA";2914505;"291450";"Irará";"Não";"Área de Expansão Metropolitana";"Ocupantes de automóvel";NA;NA;NA;NA;NA;1;NA;1;NA;NA;2;3;1;NA;NA;1;NA;NA;1;1;1;NA;NA;NA;NA
29;"BA";2914604;"291460";"Irecê";"Não";"-";"Ocupantes de automóvel";3;3;2;NA;1;2;2;3;6;3;13;14;13;19;14;23;17;10;6;5;10;8;9;15;NA
29;"BA";2914653;"291465";"Itabela";"Não";"-";"Ocupantes de automóvel";8;2;5;6;2;5;3;3;1;1;4;NA;NA;1;1;NA;NA;7;1;6;NA;NA;1;NA;NA
29;"BA";2914703;"291470";"Itaberaba";"Não";"-";"Ocupantes de automóvel";NA;1;3;7;1;1;3;1;2;1;11;11;33;13;1;1;3;2;NA;2;NA;NA;NA;NA;NA
29;"BA";2914802;"291480";"Itabuna";"Não";"-";"Ocupantes de automóvel";9;13;9;5;30;27;14;27;32;28;18;25;30;42;40;27;35;40;24;14;30;16;21;26;NA
29;"BA";2914901;"291490";"Itacaré";"Não";"-";"Ocupantes de automóvel";NA;NA;NA;1;2;NA;NA;NA;NA;1;2;1;2;NA;NA;NA;NA;NA;NA;1;NA;NA;NA;NA;NA
29;"BA";2915007;"291500";"Itaeté";"Não";"-";"Ocupantes de automóvel";NA;NA;NA;2;NA;2;2;NA;NA;NA;1;1;NA;NA;4;NA;1;NA;NA;NA;NA;NA;NA;NA;NA
29;"BA";2915106;"291510";"Itagi";"Não";"-";"Ocupantes de automóvel";NA;NA;NA;NA;NA;NA;NA;NA;NA;NA;NA;NA;1;NA;NA;NA;1;NA;NA;NA;NA;1;NA;NA;NA
29;"BA";2915205;"291520";"Itagibá";"Não";"-";"Ocupantes de automóvel";NA;1;NA;NA;NA;NA;NA;1;NA;NA;NA;NA;NA;2;NA;2;NA;NA;NA;NA;NA;NA;NA;2;NA
29;"BA";2915304;"291530";"Itagimirim";"Não";"-";"Ocupantes de automóvel";NA;NA;1;NA;4;NA;1;2;1;NA;NA;NA;NA;NA;NA;NA;NA;1;NA;NA;1;1;NA;NA;NA
29;"BA";2915353;"291535";"Itaguaçu da Bahia";"Não";"-";"Ocupantes de automóvel";NA;NA;NA;NA;NA;NA;1;NA;NA;2;NA;1;3;1;NA;4;5;NA;1;1;NA;1;1;3;NA
29;"BA";2915403;"291540";"Itaju do Colônia";"Não";"-";"Ocupantes de automóvel";NA;NA;NA;1;NA;1;NA;NA;NA;NA;NA;1;NA;NA;NA;NA;NA;NA;NA;NA;NA;NA;1;1;NA
29;"BA";2915502;"291550";"Itajuípe";"Não";"-";"Ocupantes de automóvel";1;NA;3;NA;NA;2;NA;1;NA;2;NA;1;2;1;NA;3;1;3;NA;NA;2;NA;NA;2;NA
29;"BA";2915601;"291560";"Itamaraju";"Não";"-";"Ocupantes de automóvel";1;1;1;NA;NA;1;10;7;3;4;4;7;NA;3;4;1;NA;NA;NA;3;5;NA;5;3;NA
29;"BA";2915700;"291570";"Itamari";"Não";"-";"Ocupantes de automóvel";1;NA;NA;NA;NA;NA;NA;NA;3;NA;NA;NA;NA;NA;NA;NA;NA;3;NA;2;NA;NA;1;NA;NA
29;"BA";2915809;"291580";"Itambé";"Não";"-";"Ocupantes de automóvel";3;NA;1;1;NA;NA;NA;NA;1;1;NA;1;NA;2;1;1;NA;3;1;1;1;3;4;1;NA
29;"BA";2915908;"291590";"Itanagra";"Não";"-";"Ocupantes de automóvel";NA;NA;NA;NA;NA;NA;NA;NA;NA;NA;NA;NA;NA;NA;NA;1;NA;NA;NA;1;NA;NA;NA;NA;NA
29;"BA";2916005;"291600";"Itanhém";"Não";"-";"Ocupantes de automóvel";NA;NA;NA;1;1;NA;1;NA;3;1;NA;NA;NA;NA;NA;NA;NA;NA;1;NA;NA;NA;NA;NA;NA
29;"BA";2916104;"291610";"Itaparica";"Não";"Região Metropolitana de Salvador";"Ocupantes de automóvel";NA;NA;NA;NA;NA;NA;NA;NA;1;NA;NA;1;1;2;2;NA;NA;1;NA;NA;NA;NA;1;NA;NA
29;"BA";2916203;"291620";"Itapé";"Não";"-";"Ocupantes de automóvel";NA;2;NA;NA;1;NA;NA;NA;1;1;NA;NA;NA;NA;3;NA;NA;2;NA;1;1;1;2;NA;NA
29;"BA";2916302;"291630";"Itapebi";"Não";"-";"Ocupantes de automóvel";1;3;1;5;1;NA;1;8;1;NA;NA;NA;NA;NA;NA;NA;NA;NA;NA;NA;NA;NA;3;NA;NA
29;"BA";2916401;"291640";"Itapetinga";"Não";"-";"Ocupantes de automóvel";1;NA;3;3;3;3;1;3;4;10;3;1;2;2;2;3;1;1;1;NA;3;4;7;4;NA
29;"BA";2916500;"291650";"Itapicuru";"Não";"-";"Ocupantes de automóvel";NA;NA;1;NA;NA;2;1;NA;NA;2;1;4;1;1;NA;4;NA;1;1;NA;3;1;2;8;NA
29;"BA";2916609;"291660";"Itapitanga";"Não";"-";"Ocupantes de automóvel";NA;NA;NA;NA;NA;NA;NA;NA;NA;NA;NA;NA;NA;NA;NA;NA;NA;NA;1;NA;NA;NA;NA;1;NA
29;"BA";2916708;"291670";"Itaquara";"Não";"-";"Ocupantes de automóvel";NA;NA;1;NA;NA;NA;NA;NA;NA;1;NA;NA;NA;NA;NA;NA;2;NA;NA;NA;NA;NA;NA;NA;NA
29;"BA";2916807;"291680";"Itarantim";"Não";"-";"Ocupantes de automóvel";NA;NA;1;NA;NA;NA;1;2;2;2;1;1;NA;NA;NA;NA;NA;NA;NA;NA;NA;NA;1;NA;NA
29;"BA";2916856;"291685";"Itatim";"Não";"-";"Ocupantes de automóvel";NA;NA;NA;NA;NA;NA;NA;2;1;2;2;4;NA;3;NA;1;1;NA;NA;NA;NA;NA;NA;NA;NA
29;"BA";2916906;"291690";"Itiruçu";"Não";"-";"Ocupantes de automóvel";NA;NA;NA;NA;NA;NA;1;NA;1;NA;1;NA;1;NA;NA;NA;1;NA;NA;1;2;NA;5;NA;NA
29;"BA";2917003;"291700";"Itiúba";"Não";"-";"Ocupantes de automóvel";NA;NA;1;NA;NA;1;NA;NA;3;NA;5;1;NA;NA;2;1;3;5;2;3;3;2;4;2;NA
29;"BA";2917102;"291710";"Itororó";"Não";"-";"Ocupantes de automóvel";1;1;NA;2;1;NA;2;3;1;NA;NA;NA;1;NA;1;1;1;NA;1;NA;1;NA;1;NA;NA
29;"BA";2917201;"291720";"Ituaçu";"Não";"-";"Ocupantes de automóvel";1;NA;2;1;NA;NA;NA;NA;NA;NA;NA;NA;NA;NA;NA;1;1;NA;1;1;NA;4;NA;1;NA
29;"BA";2917300;"291730";"Ituberá";"Não";"-";"Ocupantes de automóvel";NA;1;2;NA;NA;NA;NA;1;NA;NA;NA;NA;NA;3;2;1;2;NA;NA;NA;NA;1;NA;NA;NA
29;"BA";2917334;"291733";"Iuiu";"Não";"-";"Ocupantes de automóvel";NA;NA;1;NA;1;1;NA;1;NA;NA;NA;1;2;1;NA;NA;NA;1;NA;2;NA;NA;NA;NA;NA
29;"BA";2917359;"291735";"Jaborandi";"Não";"-";"Ocupantes de automóvel";NA;NA;NA;NA;NA;NA;NA;1;NA;NA;NA;1;1;1;NA;NA;NA;1;1;1;NA;3;1;3;NA
29;"BA";2917409;"291740";"Jacaraci";"Não";"-";"Ocupantes de automóvel";NA;NA;NA;NA;NA;NA;1;1;NA;NA;NA;NA;1;NA;1;NA;NA;1;NA;NA;NA;1;NA;1;NA
29;"BA";2917508;"291750";"Jacobina";"Não";"-";"Ocupantes de automóvel";7;1;5;3;4;3;2;4;5;4;15;NA;NA;NA;NA;NA;5;3;NA;3;4;8;5;1;NA
29;"BA";2917607;"291760";"Jaguaquara";"Não";"-";"Ocupantes de automóvel";1;2;1;2;NA;1;NA;NA;NA;1;4;1;4;1;5;3;4;1;3;2;3;3;3;4;NA
29;"BA";2917706;"291770";"Jaguarari";"Não";"-";"Ocupantes de automóvel";NA;NA;NA;NA;2;NA;NA;6;2;2;1;2;NA;3;7;4;3;10;8;NA;2;2;2;6;NA
29;"BA";2917805;"291780";"Jaguaripe";"Não";"-";"Ocupantes de automóvel";NA;1;NA;NA;NA;NA;NA;NA;NA;NA;NA;NA;NA;NA;NA;1;NA;2;1;2;NA;NA;NA;NA;NA
29;"BA";2917904;"291790";"Jandaíra";"Não";"-";"Ocupantes de automóvel";NA;NA;NA;1;NA;NA;NA;1;NA;NA;NA;1;NA;1;1;3;2;2;1;NA;NA;1;2;NA;NA
29;"BA";2918001;"291800";"Jequié";"Não";"-";"Ocupantes de automóvel";3;3;1;3;2;4;1;1;3;14;9;5;14;6;27;15;9;19;15;23;17;20;12;8;NA
29;"BA";2918100;"291810";"Jeremoabo";"Não";"-";"Ocupantes de automóvel";NA;NA;NA;1;2;1;NA;1;2;3;1;8;NA;1;NA;2;NA;2;5;2;4;7;3;2;NA
29;"BA";2918209;"291820";"Jiquiriçá";"Não";"-";"Ocupantes de automóvel";NA;NA;NA;NA;NA;NA;NA;NA;2;NA;NA;1;NA;NA;NA;NA;NA;1;NA;NA;NA;NA;1;2;NA
29;"BA";2918308;"291830";"Jitaúna";"Não";"-";"Ocupantes de automóvel";NA;NA;NA;NA;NA;NA;1;1;NA;1;NA;NA;NA;NA;NA;NA;NA;NA;NA;NA;NA;2;NA;NA;NA
29;"BA";2918357;"291835";"João Dourado";"Não";"-";"Ocupantes de automóvel";NA;2;NA;NA;1;NA;3;NA;1;3;2;2;4;3;NA;4;NA;2;3;NA;2;5;1;1;NA
29;"BA";2918407;"291840";"Juazeiro";"Não";"Região Administrativa Integrada de Desenvolvimento do Polo Petrolina/PE e Juazeiro/BA";"Ocupantes de automóvel";7;9;8;8;6;13;7;9;24;10;25;36;19;14;17;14;17;9;12;23;11;7;7;2;NA
29;"BA";2918456;"291845";"Jucuruçu";"Não";"-";"Ocupantes de automóvel";NA;NA;NA;NA;1;1;NA;NA;NA;NA;NA;NA;NA;NA;NA;NA;NA;NA;NA;NA;1;NA;NA;NA;NA
29;"BA";2918506;"291850";"Jussara";"Não";"-";"Ocupantes de automóvel";1;NA;1;NA;NA;NA;1;NA;NA;NA;1;NA;3;2;1;2;3;NA;1;2;NA;2;NA;1;NA
29;"BA";2918555;"291855";"Jussari";"Não";"-";"Ocupantes de automóvel";NA;NA;NA;NA;NA;NA;NA;NA;NA;NA;1;NA;NA;1;1;NA;NA;1;1;1;NA;1;1;NA;NA
29;"BA";2918605;"291860";"Jussiape";"Não";"-";"Ocupantes de automóvel";NA;NA;NA;1;NA;1;NA;NA;NA;NA;NA;NA;NA;NA;NA;1;1;NA;1;NA;1;NA;NA;NA;NA
29;"BA";2918704;"291870";"Lafaiete Coutinho";"Não";"-";"Ocupantes de automóvel";NA;NA;NA;NA;NA;NA;NA;NA;NA;NA;NA;1;NA;NA;NA;NA;1;NA;NA;NA;NA;NA;NA;NA;NA
29;"BA";2918753;"291875";"Lagoa Real";"Não";"-";"Ocupantes de automóvel";NA;NA;NA;NA;1;NA;NA;NA;NA;NA;NA;NA;NA;1;NA;NA;NA;NA;NA;1;1;NA;NA;NA;NA
29;"BA";2918803;"291880";"Laje";"Não";"-";"Ocupantes de automóvel";NA;1;1;1;NA;1;1;NA;2;NA;1;4;NA;NA;NA;NA;NA;1;NA;5;NA;3;3;3;NA
29;"BA";2918902;"291890";"Lajedão";"Não";"-";"Ocupantes de automóvel";NA;NA;NA;NA;NA;NA;1;2;NA;NA;NA;1;NA;NA;NA;NA;NA;NA;2;NA;NA;NA;NA;1;NA
29;"BA";2919009;"291900";"Lajedinho";"Não";"-";"Ocupantes de automóvel";NA;NA;NA;NA;2;2;NA;NA;1;NA;NA;NA;NA;NA;NA;NA;NA;NA;NA;NA;NA;NA;NA;NA;NA
29;"BA";2919058;"291905";"Lajedo do Tabocal";"Não";"-";"Ocupantes de automóvel";NA;NA;NA;1;1;NA;NA;NA;1;NA;NA;1;NA;NA;3;NA;NA;NA;NA;1;1;2;1;1;NA
29;"BA";2919108;"291910";"Lamarão";"Não";"-";"Ocupantes de automóvel";NA;NA;NA;NA;NA;NA;NA;NA;NA;1;NA;NA;NA;NA;NA;NA;NA;NA;NA;NA;NA;NA;NA;NA;NA
29;"BA";2919157;"291915";"Lapão";"Não";"-";"Ocupantes de automóvel";NA;1;NA;NA;NA;1;NA;1;1;2;3;4;5;4;3;3;1;NA;4;1;5;5;4;NA;NA
29;"BA";2919207;"291920";"Lauro de Freitas";"Não";"Região Metropolitana de Salvador";"Ocupantes de automóvel";NA;NA;2;1;1;3;3;NA;NA;NA;3;3;1;1;2;7;1;5;1;NA;2;2;1;1;NA
29;"BA";2919306;"291930";"Lençóis";"Não";"-";"Ocupantes de automóvel";NA;NA;NA;1;1;NA;NA;3;1;NA;2;5;1;1;1;2;NA;NA;NA;NA;NA;NA;NA;NA;NA
29;"BA";2919405;"291940";"Licínio de Almeida";"Não";"-";"Ocupantes de automóvel";1;NA;NA;NA;NA;NA;1;NA;NA;1;NA;NA;NA;NA;1;NA;NA;NA;NA;1;NA;NA;NA;1;NA
29;"BA";2919504;"291950";"Livramento de Nossa Senhora";"Não";"-";"Ocupantes de automóvel";NA;NA;NA;NA;NA;1;NA;NA;NA;NA;NA;1;NA;2;NA;NA;1;NA;1;NA;3;3;NA;1;NA
29;"BA";2919553;"291955";"Luís Eduardo Magalhães";"Não";"-";"Ocupantes de automóvel";NA;NA;1;2;NA;5;NA;NA;NA;NA;NA;NA;NA;NA;2;NA;NA;2;1;3;2;1;10;19;NA
29;"BA";2919603;"291960";"Macajuba";"Não";"-";"Ocupantes de automóvel";NA;NA;NA;NA;NA;NA;NA;NA;NA;NA;1;1;1;NA;NA;NA;NA;NA;NA;NA;NA;NA;NA;NA;NA
29;"BA";2919702;"291970";"Macarani";"Não";"-";"Ocupantes de automóvel";NA;NA;1;1;NA;1;NA;NA;NA;NA;NA;NA;NA;NA;NA;1;NA;NA;NA;NA;NA;NA;NA;1;NA
29;"BA";2919801;"291980";"Macaúbas";"Não";"-";"Ocupantes de automóvel";NA;NA;3;2;NA;2;NA;1;NA;1;NA;NA;NA;NA;NA;NA;NA;NA;3;NA;NA;4;5;3;NA
29;"BA";2919900;"291990";"Macururé";"Não";"-";"Ocupantes de automóvel";1;NA;NA;2;NA;NA;1;NA;1;NA;NA;NA;2;1;NA;NA;NA;NA;NA;1;NA;1;NA;NA;NA
29;"BA";2919926;"291992";"Madre de Deus";"Não";"Região Metropolitana de Salvador";"Ocupantes de automóvel";NA;NA;NA;NA;NA;NA;NA;NA;NA;NA;NA;NA;NA;NA;1;NA;NA;NA;NA;NA;NA;NA;NA;NA;NA
29;"BA";2919959;"291995";"Maetinga";"Não";"-";"Ocupantes de automóvel";NA;NA;NA;NA;NA;NA;NA;NA;NA;NA;NA;1;NA;NA;1;1;NA;NA;NA;NA;NA;NA;NA;NA;NA
29;"BA";2920007;"292000";"Maiquinique";"Não";"-";"Ocupantes de automóvel";NA;NA;1;NA;NA;NA;NA;2;1;NA;1;NA;1;NA;1;NA;NA;NA;NA;NA;NA;1;NA;NA;NA
29;"BA";2920106;"292010";"Mairi";"Não";"-";"Ocupantes de automóvel";NA;NA;1;NA;NA;1;NA;NA;NA;1;1;NA;NA;NA;NA;NA;1;NA;NA;NA;NA;1;NA;1;NA
29;"BA";2920205;"292020";"Malhada";"Não";"-";"Ocupantes de automóvel";NA;NA;NA;NA;NA;1;NA;1;NA;NA;NA;2;1;NA;1;NA;NA;1;NA;NA;NA;NA;NA;NA;NA
29;"BA";2920304;"292030";"Malhada de Pedras";"Não";"-";"Ocupantes de automóvel";NA;NA;NA;1;NA;1;NA;1;NA;NA;NA;NA;3;NA;NA;NA;NA;NA;NA;1;NA;1;NA;NA;NA
29;"BA";2920403;"292040";"Manoel Vitorino";"Não";"-";"Ocupantes de automóvel";NA;2;NA;NA;NA;NA;1;NA;NA;NA;NA;1;1;NA;NA;3;NA;1;2;1;1;NA;NA;3;NA
29;"BA";2920452;"292045";"Mansidão";"Não";"-";"Ocupantes de automóvel";NA;NA;NA;NA;NA;NA;NA;NA;1;NA;1;NA;NA;NA;NA;NA;NA;NA;NA;NA;NA;NA;NA;NA;NA
29;"BA";2920502;"292050";"Maracás";"Não";"-";"Ocupantes de automóvel";NA;NA;1;NA;NA;NA;1;1;1;1;1;1;1;NA;3;NA;1;1;NA;1;1;2;NA;1;NA
29;"BA";2920601;"292060";"Maragogipe";"Não";"-";"Ocupantes de automóvel";NA;NA;NA;1;NA;3;NA;1;NA;NA;1;NA;3;NA;1;NA;NA;NA;NA;NA;NA;1;1;NA;NA
29;"BA";2920700;"292070";"Maraú";"Não";"-";"Ocupantes de automóvel";NA;NA;NA;1;1;1;2;1;12;1;1;2;3;NA;NA;NA;NA;2;NA;NA;1;NA;NA;NA;NA
29;"BA";2920809;"292080";"Marcionílio Souza";"Não";"-";"Ocupantes de automóvel";NA;NA;NA;1;NA;NA;NA;NA;NA;NA;2;NA;NA;1;NA;1;NA;NA;NA;NA;NA;NA;NA;NA;NA
29;"BA";2920908;"292090";"Mascote";"Não";"-";"Ocupantes de automóvel";2;NA;2;1;2;2;2;1;2;NA;3;NA;NA;1;5;1;1;6;1;1;2;3;5;2;NA
29;"BA";2921005;"292100";"Mata de São João";"Não";"Região Metropolitana de Salvador";"Ocupantes de automóvel";1;4;1;1;4;3;5;6;4;2;4;7;3;8;5;5;1;4;2;2;NA;2;2;1;NA
29;"BA";2921054;"292105";"Matina";"Não";"-";"Ocupantes de automóvel";NA;NA;NA;1;NA;NA;1;NA;NA;NA;NA;NA;NA;NA;NA;NA;NA;1;NA;NA;NA;2;NA;NA;NA
29;"BA";2921104;"292110";"Medeiros Neto";"Não";"-";"Ocupantes de automóvel";NA;NA;1;NA;2;NA;1;NA;5;2;1;1;1;1;NA;1;NA;1;1;3;NA;3;NA;NA;NA
29;"BA";2921203;"292120";"Miguel Calmon";"Não";"-";"Ocupantes de automóvel";2;NA;1;NA;NA;1;NA;1;1;NA;NA;NA;NA;NA;NA;NA;2;NA;1;2;1;NA;NA;NA;NA
29;"BA";2921302;"292130";"Milagres";"Não";"-";"Ocupantes de automóvel";NA;NA;NA;NA;2;NA;NA;2;NA;NA;2;4;NA;NA;2;NA;NA;1;NA;NA;NA;NA;NA;NA;NA
29;"BA";2921401;"292140";"Mirangaba";"Não";"-";"Ocupantes de automóvel";NA;NA;2;NA;NA;NA;NA;NA;1;NA;NA;NA;NA;NA;NA;NA;NA;NA;NA;1;NA;NA;NA;NA;NA
29;"BA";2921450;"292145";"Mirante";"Não";"-";"Ocupantes de automóvel";2;1;NA;1;NA;NA;NA;NA;3;NA;NA;NA;NA;NA;NA;NA;NA;NA;NA;NA;NA;NA;NA;NA;NA
29;"BA";2921500;"292150";"Monte Santo";"Não";"-";"Ocupantes de automóvel";NA;NA;NA;NA;NA;1;1;1;2;NA;NA;NA;NA;2;3;1;1;3;5;2;2;2;5;1;NA
29;"BA";2921609;"292160";"Morpará";"Não";"-";"Ocupantes de automóvel";NA;NA;NA;NA;NA;1;NA;NA;NA;NA;NA;NA;NA;NA;NA;NA;NA;1;NA;NA;NA;NA;NA;NA;NA
29;"BA";2921708;"292170";"Morro do Chapéu";"Não";"-";"Ocupantes de automóvel";2;NA;NA;1;NA;1;4;3;NA;NA;6;2;1;6;3;6;5;3;1;5;1;2;5;8;NA
29;"BA";2921807;"292180";"Mortugaba";"Não";"-";"Ocupantes de automóvel";NA;NA;NA;NA;NA;NA;NA;NA;NA;NA;NA;NA;NA;NA;NA;NA;NA;NA;NA;NA;NA;NA;NA;NA;NA
29;"BA";2921906;"292190";"Mucugê";"Não";"-";"Ocupantes de automóvel";NA;NA;NA;NA;NA;NA;NA;NA;NA;1;NA;1;1;NA;1;NA;NA;NA;NA;NA;NA;NA;NA;NA;NA
29;"BA";2922003;"292200";"Mucuri";"Não";"-";"Ocupantes de automóvel";4;1;2;2;1;4;2;5;5;4;NA;6;2;2;2;1;NA;2;1;NA;5;NA;NA;NA;NA
29;"BA";2922052;"292205";"Mulungu do Morro";"Não";"-";"Ocupantes de automóvel";NA;1;NA;NA;1;NA;NA;1;NA;1;NA;NA;1;2;1;2;NA;1;3;NA;NA;NA;NA;1;NA
29;"BA";2922102;"292210";"Mundo Novo";"Não";"-";"Ocupantes de automóvel";1;NA;NA;NA;NA;NA;NA;NA;1;1;1;1;1;1;NA;NA;1;NA;NA;NA;NA;NA;NA;NA;NA
29;"BA";2922201;"292220";"Muniz Ferreira";"Não";"-";"Ocupantes de automóvel";NA;NA;1;NA;NA;1;NA;NA;2;NA;NA;NA;1;NA;NA;NA;NA;NA;NA;NA;NA;NA;NA;NA;NA
29;"BA";2922250;"292225";"Muquém do São Francisco";"Não";"-";"Ocupantes de automóvel";NA;NA;NA;NA;1;NA;1;NA;2;NA;NA;NA;NA;NA;NA;NA;NA;3;2;2;4;8;3;4;NA
29;"BA";2922300;"292230";"Muritiba";"Não";"-";"Ocupantes de automóvel";NA;NA;1;NA;NA;NA;1;2;5;NA;NA;1;1;1;NA;NA;3;NA;NA;NA;3;NA;2;NA;NA
29;"BA";2922409;"292240";"Mutuípe";"Não";"-";"Ocupantes de automóvel";NA;1;NA;NA;NA;1;NA;1;NA;NA;NA;NA;NA;NA;NA;NA;NA;NA;NA;NA;NA;2;1;2;NA
29;"BA";2922508;"292250";"Nazaré";"Não";"-";"Ocupantes de automóvel";NA;NA;NA;NA;NA;5;NA;NA;NA;NA;NA;1;1;NA;2;NA;NA;NA;2;NA;NA;NA;NA;1;NA
29;"BA";2922607;"292260";"Nilo Peçanha";"Não";"-";"Ocupantes de automóvel";NA;NA;NA;NA;NA;NA;NA;NA;NA;NA;NA;NA;NA;1;NA;NA;NA;NA;NA;NA;NA;1;NA;1;NA
29;"BA";2922656;"292265";"Nordestina";"Não";"-";"Ocupantes de automóvel";NA;NA;NA;NA;NA;NA;NA;NA;NA;NA;NA;1;1;NA;NA;NA;NA;NA;1;NA;1;1;NA;NA;NA
29;"BA";2922706;"292270";"Nova Canaã";"Não";"-";"Ocupantes de automóvel";NA;1;NA;NA;2;1;2;NA;1;NA;NA;NA;1;NA;1;NA;NA;NA;NA;NA;NA;NA;NA;NA;NA
29;"BA";2922730;"292273";"Nova Fátima";"Não";"-";"Ocupantes de automóvel";NA;NA;NA;NA;NA;NA;NA;NA;NA;1;1;2;3;NA;NA;NA;NA;NA;NA;NA;NA;NA;NA;NA;NA
29;"BA";2922755;"292275";"Nova Ibiá";"Não";"-";"Ocupantes de automóvel";NA;NA;NA;NA;NA;NA;NA;1;NA;NA;NA;NA;NA;NA;NA;NA;NA;NA;NA;NA;NA;1;NA;NA;NA
29;"BA";2922805;"292280";"Nova Itarana";"Não";"-";"Ocupantes de automóvel";NA;NA;2;NA;NA;NA;2;1;NA;1;NA;NA;2;NA;2;NA;2;NA;NA;3;1;1;1;NA;NA
29;"BA";2922854;"292285";"Nova Redenção";"Não";"-";"Ocupantes de automóvel";NA;NA;NA;NA;NA;NA;NA;NA;NA;1;NA;NA;NA;NA;NA;NA;NA;2;NA;NA;NA;NA;2;NA;NA
29;"BA";2922904;"292290";"Nova Soure";"Não";"-";"Ocupantes de automóvel";1;1;NA;NA;NA;NA;NA;NA;NA;1;1;NA;3;NA;NA;1;1;NA;NA;1;3;1;1;4;NA
29;"BA";2923001;"292300";"Nova Viçosa";"Não";"-";"Ocupantes de automóvel";4;3;2;NA;2;5;2;8;3;1;4;1;10;1;2;NA;1;1;2;9;2;1;NA;NA;NA
29;"BA";2923035;"292303";"Novo Horizonte";"Não";"-";"Ocupantes de automóvel";NA;NA;NA;1;NA;NA;NA;NA;NA;NA;NA;1;NA;NA;1;NA;NA;1;1;NA;NA;NA;NA;NA;NA
29;"BA";2923050;"292305";"Novo Triunfo";"Não";"-";"Ocupantes de automóvel";NA;NA;NA;NA;NA;NA;1;NA;NA;NA;NA;NA;NA;NA;NA;NA;NA;NA;NA;NA;NA;NA;NA;NA;NA
29;"BA";2923100;"292310";"Olindina";"Não";"-";"Ocupantes de automóvel";NA;NA;NA;NA;1;NA;1;1;3;NA;1;3;4;3;3;NA;2;3;2;3;NA;2;10;5;NA
29;"BA";2923209;"292320";"Oliveira dos Brejinhos";"Não";"-";"Ocupantes de automóvel";1;NA;1;2;NA;1;1;NA;NA;NA;NA;1;NA;NA;NA;NA;NA;6;1;4;2;NA;5;8;NA
29;"BA";2923308;"292330";"Ouriçangas";"Não";"-";"Ocupantes de automóvel";NA;NA;NA;NA;NA;NA;NA;NA;NA;NA;NA;NA;NA;NA;1;NA;NA;NA;1;2;1;NA;NA;NA;NA
29;"BA";2923357;"292335";"Ourolândia";"Não";"-";"Ocupantes de automóvel";1;NA;NA;NA;3;NA;NA;NA;NA;NA;NA;NA;NA;NA;NA;NA;3;2;1;NA;NA;NA;1;NA;NA
29;"BA";2923407;"292340";"Palmas de Monte Alto";"Não";"-";"Ocupantes de automóvel";NA;3;1;1;NA;1;NA;NA;NA;NA;1;NA;3;2;3;1;NA;1;NA;NA;1;1;NA;NA;NA
29;"BA";2923506;"292350";"Palmeiras";"Não";"-";"Ocupantes de automóvel";NA;NA;NA;NA;NA;1;NA;NA;2;NA;1;2;1;NA;2;2;1;NA;NA;1;NA;NA;NA;1;NA
29;"BA";2923605;"292360";"Paramirim";"Não";"-";"Ocupantes de automóvel";1;2;NA;NA;NA;NA;NA;NA;2;NA;NA;NA;NA;NA;NA;1;1;1;1;NA;NA;3;1;NA;NA
29;"BA";2923704;"292370";"Paratinga";"Não";"-";"Ocupantes de automóvel";NA;NA;NA;NA;NA;NA;NA;NA;1;1;1;NA;NA;1;NA;1;NA;1;1;1;5;1;4;1;NA
29;"BA";2923803;"292380";"Paripiranga";"Não";"-";"Ocupantes de automóvel";1;NA;NA;NA;NA;1;NA;NA;NA;NA;NA;NA;NA;NA;1;1;NA;1;3;NA;NA;NA;NA;NA;NA
29;"BA";2923902;"292390";"Pau Brasil";"Não";"-";"Ocupantes de automóvel";NA;NA;NA;NA;NA;NA;NA;NA;NA;NA;NA;NA;1;1;1;NA;NA;3;NA;NA;NA;NA;NA;NA;NA
29;"BA";2924009;"292400";"Paulo Afonso";"Não";"-";"Ocupantes de automóvel";NA;1;3;3;6;7;4;NA;3;NA;2;6;2;NA;1;5;2;1;1;4;4;2;4;5;NA
29;"BA";2924058;"292405";"Pé de Serra";"Não";"-";"Ocupantes de automóvel";NA;NA;NA;NA;NA;NA;NA;1;NA;NA;NA;NA;1;NA;2;1;NA;NA;NA;NA;NA;NA;NA;NA;NA
29;"BA";2924108;"292410";"Pedrão";"Não";"-";"Ocupantes de automóvel";NA;1;NA;1;NA;NA;NA;NA;NA;NA;NA;NA;NA;NA;NA;NA;1;1;NA;1;NA;NA;NA;NA;NA
29;"BA";2924207;"292420";"Pedro Alexandre";"Não";"-";"Ocupantes de automóvel";NA;NA;NA;NA;NA;NA;NA;NA;NA;NA;NA;2;NA;NA;NA;NA;1;NA;NA;NA;3;NA;NA;1;NA
29;"BA";2924306;"292430";"Piatã";"Não";"-";"Ocupantes de automóvel";NA;NA;2;NA;NA;NA;NA;NA;NA;NA;1;4;NA;NA;NA;2;NA;NA;NA;NA;1;2;1;4;NA
29;"BA";2924405;"292440";"Pilão Arcado";"Não";"-";"Ocupantes de automóvel";NA;NA;NA;NA;NA;1;NA;NA;NA;NA;NA;4;2;4;NA;2;NA;1;NA;1;4;1;2;NA;NA
29;"BA";2924504;"292450";"Pindaí";"Não";"-";"Ocupantes de automóvel";NA;1;NA;NA;NA;NA;NA;NA;NA;1;NA;NA;1;NA;NA;1;1;NA;1;NA;NA;NA;2;1;NA
29;"BA";2924603;"292460";"Pindobaçu";"Não";"-";"Ocupantes de automóvel";NA;NA;NA;NA;NA;NA;NA;7;NA;2;1;1;NA;NA;NA;NA;1;NA;3;1;NA;1;3;3;NA
29;"BA";2924652;"292465";"Pintadas";"Não";"-";"Ocupantes de automóvel";NA;NA;NA;NA;NA;NA;1;NA;NA;1;1;NA;3;4;NA;NA;NA;NA;NA;1;NA;NA;NA;NA;NA
29;"BA";2924678;"292467";"Piraí do Norte";"Não";"-";"Ocupantes de automóvel";NA;NA;NA;NA;NA;NA;NA;NA;NA;NA;1;NA;NA;NA;NA;NA;NA;NA;NA;1;NA;NA;NA;NA;NA
29;"BA";2924702;"292470";"Piripá";"Não";"-";"Ocupantes de automóvel";NA;NA;1;NA;NA;NA;1;3;NA;NA;NA;NA;NA;1;NA;1;NA;NA;NA;NA;1;NA;NA;NA;NA
29;"BA";2924801;"292480";"Piritiba";"Não";"-";"Ocupantes de automóvel";NA;1;NA;NA;NA;1;NA;1;NA;NA;NA;NA;NA;NA;NA;1;1;NA;1;1;NA;NA;NA;NA;NA
29;"BA";2924900;"292490";"Planaltino";"Não";"-";"Ocupantes de automóvel";1;NA;NA;NA;NA;NA;NA;NA;NA;NA;NA;NA;1;NA;NA;NA;NA;NA;1;NA;NA;NA;NA;1;NA
29;"BA";2925006;"292500";"Planalto";"Não";"-";"Ocupantes de automóvel";1;3;3;1;NA;3;2;2;6;1;2;NA;2;1;2;4;1;NA;NA;NA;1;NA;1;1;NA
29;"BA";2925105;"292510";"Poções";"Não";"-";"Ocupantes de automóvel";5;2;3;4;5;1;2;3;5;12;2;4;2;2;NA;NA;1;1;NA;NA;8;1;2;1;NA
29;"BA";2925204;"292520";"Pojuca";"Não";"Região Metropolitana de Salvador";"Ocupantes de automóvel";NA;NA;1;2;1;2;NA;NA;1;1;2;2;8;1;2;1;9;3;2;3;2;2;1;1;NA
29;"BA";2925253;"292525";"Ponto Novo";"Não";"-";"Ocupantes de automóvel";NA;NA;NA;NA;NA;2;NA;1;4;1;2;1;3;2;3;NA;5;3;2;NA;1;3;NA;6;NA
29;"BA";2925303;"292530";"Porto Seguro";"Não";"-";"Ocupantes de automóvel";5;8;14;5;12;8;2;5;4;2;2;2;NA;5;2;3;3;3;4;1;2;NA;2;1;NA
29;"BA";2925402;"292540";"Potiraguá";"Não";"-";"Ocupantes de automóvel";2;NA;2;NA;1;NA;2;NA;1;NA;1;1;5;3;NA;NA;NA;1;NA;NA;6;NA;1;2;NA
29;"BA";2925501;"292550";"Prado";"Não";"-";"Ocupantes de automóvel";NA;NA;NA;NA;NA;NA;NA;1;1;NA;NA;NA;1;1;NA;NA;1;NA;3;3;NA;NA;1;NA;NA
29;"BA";2925600;"292560";"Presidente Dutra";"Não";"-";"Ocupantes de automóvel";NA;1;NA;NA;NA;2;NA;NA;NA;1;1;2;4;NA;1;2;3;NA;NA;NA;NA;1;1;2;NA
29;"BA";2925709;"292570";"Presidente Jânio Quadros";"Não";"-";"Ocupantes de automóvel";NA;15;NA;1;NA;NA;NA;NA;1;NA;NA;NA;NA;2;NA;NA;NA;NA;NA;NA;NA;NA;NA;NA;NA
29;"BA";2925758;"292575";"Presidente Tancredo Neves";"Não";"-";"Ocupantes de automóvel";NA;2;5;NA;3;NA;NA;2;NA;1;1;2;NA;3;3;1;3;1;2;7;3;5;4;NA;NA
29;"BA";2925808;"292580";"Queimadas";"Não";"-";"Ocupantes de automóvel";NA;2;1;NA;2;NA;NA;NA;1;NA;NA;1;NA;NA;2;2;2;4;NA;1;5;3;4;NA;NA
29;"BA";2925907;"292590";"Quijingue";"Não";"-";"Ocupantes de automóvel";NA;NA;NA;NA;NA;NA;NA;NA;NA;NA;1;1;1;NA;NA;NA;NA;NA;NA;2;3;NA;NA;4;NA
29;"BA";2925931;"292593";"Quixabeira";"Não";"-";"Ocupantes de automóvel";NA;NA;NA;NA;NA;NA;NA;NA;3;NA;NA;NA;NA;NA;NA;NA;NA;1;NA;NA;NA;NA;NA;NA;NA
29;"BA";2925956;"292595";"Rafael Jambeiro";"Não";"-";"Ocupantes de automóvel";NA;NA;4;NA;12;NA;1;1;2;NA;5;14;NA;1;1;1;NA;NA;NA;NA;1;NA;NA;NA;NA
29;"BA";2926004;"292600";"Remanso";"Não";"-";"Ocupantes de automóvel";1;NA;1;NA;NA;1;NA;1;NA;NA;2;NA;2;3;2;5;5;2;3;8;4;1;NA;4;NA
29;"BA";2926103;"292610";"Retirolândia";"Não";"-";"Ocupantes de automóvel";NA;NA;NA;NA;1;NA;NA;NA;NA;NA;NA;NA;NA;NA;1;NA;NA;NA;NA;NA;NA;NA;NA;NA;NA
29;"BA";2926202;"292620";"Riachão das Neves";"Não";"-";"Ocupantes de automóvel";NA;NA;NA;1;NA;NA;NA;1;NA;NA;NA;NA;NA;NA;NA;NA;NA;1;NA;NA;2;1;NA;NA;NA
29;"BA";2926301;"292630";"Riachão do Jacuípe";"Não";"Área de Expansão Metropolitana";"Ocupantes de automóvel";1;NA;1;1;NA;NA;NA;3;1;NA;2;6;3;2;NA;1;NA;NA;NA;NA;NA;NA;NA;NA;NA
29;"BA";2926400;"292640";"Riacho de Santana";"Não";"-";"Ocupantes de automóvel";NA;NA;NA;NA;NA;NA;NA;NA;NA;NA;2;3;1;NA;1;1;NA;2;3;2;3;4;2;2;NA
29;"BA";2926509;"292650";"Ribeira do Amparo";"Não";"-";"Ocupantes de automóvel";NA;NA;NA;NA;NA;NA;NA;1;NA;NA;1;NA;1;NA;NA;NA;NA;NA;2;1;NA;1;2;NA;NA
29;"BA";2926608;"292660";"Ribeira do Pombal";"Não";"-";"Ocupantes de automóvel";NA;1;NA;1;2;NA;3;2;1;3;3;2;2;2;6;5;6;6;6;5;3;4;3;3;NA
29;"BA";2926657;"292665";"Ribeirão do Largo";"Não";"-";"Ocupantes de automóvel";NA;NA;NA;NA;NA;NA;NA;NA;NA;NA;NA;NA;NA;NA;NA;NA;1;1;NA;NA;NA;NA;NA;NA;NA
29;"BA";2926707;"292670";"Rio de Contas";"Não";"-";"Ocupantes de automóvel";NA;NA;1;NA;NA;NA;NA;NA;NA;NA;NA;NA;NA;NA;2;NA;2;NA;2;3;1;NA;NA;NA;NA
29;"BA";2926806;"292680";"Rio do Antônio";"Não";"-";"Ocupantes de automóvel";NA;NA;NA;NA;NA;1;1;1;NA;NA;NA;NA;NA;NA;NA;NA;NA;NA;1;2;2;1;3;NA;NA
29;"BA";2926905;"292690";"Rio do Pires";"Não";"-";"Ocupantes de automóvel";NA;NA;NA;NA;NA;NA;1;NA;NA;NA;NA;NA;NA;NA;NA;NA;NA;NA;NA;NA;NA;NA;NA;NA;NA
29;"BA";2927002;"292700";"Rio Real";"Não";"-";"Ocupantes de automóvel";1;1;2;5;1;2;NA;3;3;1;8;2;1;1;5;5;8;6;3;1;5;5;3;6;NA
29;"BA";2927101;"292710";"Rodelas";"Não";"-";"Ocupantes de automóvel";NA;NA;NA;NA;NA;1;NA;NA;NA;NA;NA;NA;NA;NA;NA;NA;2;1;NA;NA;NA;2;NA;NA;NA
29;"BA";2927200;"292720";"Ruy Barbosa";"Não";"-";"Ocupantes de automóvel";1;NA;3;4;3;NA;1;NA;2;1;NA;3;NA;1;1;NA;NA;NA;NA;NA;NA;NA;NA;NA;NA
29;"BA";2927309;"292730";"Salinas da Margarida";"Não";"-";"Ocupantes de automóvel";NA;NA;NA;1;NA;NA;NA;NA;NA;NA;NA;NA;NA;NA;NA;NA;1;NA;NA;NA;NA;NA;NA;NA;NA
29;"BA";2927408;"292740";"Salvador";"Sim";"Região Metropolitana de Salvador";"Ocupantes de automóvel";26;40;30;29;38;36;36;17;26;28;46;62;91;60;56;41;26;32;23;20;33;27;16;27;NA
29;"BA";2927507;"292750";"Santa Bárbara";"Não";"Área de Expansão Metropolitana";"Ocupantes de automóvel";1;1;NA;NA;NA;NA;NA;4;4;4;2;3;3;NA;1;1;NA;1;1;NA;1;NA;1;NA;NA
29;"BA";2927606;"292760";"Santa Brígida";"Não";"-";"Ocupantes de automóvel";NA;NA;1;NA;1;1;NA;1;1;NA;2;NA;NA;NA;NA;NA;1;1;NA;NA;2;2;1;NA;NA
29;"BA";2927705;"292770";"Santa Cruz Cabrália";"Não";"-";"Ocupantes de automóvel";NA;NA;1;NA;NA;NA;NA;NA;NA;NA;NA;1;NA;NA;2;NA;NA;NA;NA;NA;NA;NA;NA;NA;NA
29;"BA";2927804;"292780";"Santa Cruz da Vitória";"Não";"-";"Ocupantes de automóvel";2;NA;NA;NA;NA;NA;NA;NA;NA;NA;NA;NA;2;2;1;3;NA;NA;1;1;NA;NA;2;NA;NA
29;"BA";2927903;"292790";"Santa Inês";"Não";"-";"Ocupantes de automóvel";NA;NA;NA;NA;NA;1;NA;NA;NA;NA;1;4;1;2;NA;2;NA;NA;NA;NA;NA;1;NA;1;NA
29;"BA";2928000;"292800";"Santaluz";"Não";"-";"Ocupantes de automóvel";NA;NA;NA;NA;NA;NA;NA;NA;NA;3;NA;2;2;2;NA;NA;NA;NA;NA;NA;NA;NA;NA;NA;NA
29;"BA";2928059;"292805";"Santa Luzia";"Não";"-";"Ocupantes de automóvel";NA;NA;NA;NA;2;3;NA;NA;1;NA;NA;NA;3;2;NA;1;1;NA;NA;NA;1;NA;2;NA;NA
29;"BA";2928109;"292810";"Santa Maria da Vitória";"Não";"-";"Ocupantes de automóvel";NA;1;NA;1;2;1;1;NA;1;NA;NA;2;4;1;3;3;NA;NA;3;4;3;3;5;7;NA
29;"BA";2928208;"292820";"Santana";"Não";"-";"Ocupantes de automóvel";NA;1;NA;NA;NA;NA;NA;NA;1;1;2;1;1;2;2;2;NA;NA;NA;NA;1;1;1;5;NA
29;"BA";2928307;"292830";"Santanópolis";"Não";"Área de Expansão Metropolitana";"Ocupantes de automóvel";NA;NA;NA;NA;NA;NA;NA;NA;NA;1;NA;NA;NA;NA;NA;NA;NA;NA;NA;NA;NA;NA;NA;NA;NA
29;"BA";2928406;"292840";"Santa Rita de Cássia";"Não";"-";"Ocupantes de automóvel";NA;NA;NA;NA;NA;NA;NA;NA;NA;NA;NA;NA;NA;NA;NA;NA;NA;NA;1;NA;NA;1;1;NA;NA
29;"BA";2928505;"292850";"Santa Terezinha";"Não";"-";"Ocupantes de automóvel";2;NA;NA;NA;NA;NA;NA;NA;NA;NA;NA;1;NA;1;2;1;NA;NA;1;1;NA;1;2;2;NA
29;"BA";2928604;"292860";"Santo Amaro";"Não";"-";"Ocupantes de automóvel";3;2;NA;NA;NA;4;NA;3;2;NA;1;3;NA;3;1;NA;NA;3;NA;NA;NA;NA;NA;1;NA
29;"BA";2928703;"292870";"Santo Antônio de Jesus";"Não";"-";"Ocupantes de automóvel";1;5;3;1;NA;NA;1;1;3;NA;4;9;1;7;1;6;6;5;8;12;5;14;24;27;NA
29;"BA";2928802;"292880";"Santo Estêvão";"Não";"-";"Ocupantes de automóvel";3;NA;NA;1;3;1;1;1;1;3;5;5;7;4;4;NA;NA;2;NA;2;2;4;8;NA;NA
29;"BA";2928901;"292890";"São Desidério";"Não";"-";"Ocupantes de automóvel";1;2;1;2;2;2;2;NA;NA;NA;NA;NA;NA;NA;NA;1;NA;3;1;1;1;8;5;11;NA
29;"BA";2928950;"292895";"São Domingos";"Não";"-";"Ocupantes de automóvel";1;NA;NA;NA;NA;NA;NA;1;NA;NA;NA;NA;NA;1;NA;NA;NA;NA;NA;NA;NA;NA;NA;NA;NA
29;"BA";2929008;"292900";"São Félix";"Não";"-";"Ocupantes de automóvel";NA;NA;NA;NA;NA;NA;NA;6;1;1;NA;1;NA;3;4;NA;NA;NA;NA;NA;NA;NA;NA;NA;NA
29;"BA";2929057;"292905";"São Félix do Coribe";"Não";"-";"Ocupantes de automóvel";NA;NA;NA;NA;NA;1;NA;2;NA;NA;1;1;8;2;NA;2;NA;1;1;1;3;4;NA;5;NA
29;"BA";2929107;"292910";"São Felipe";"Não";"-";"Ocupantes de automóvel";1;1;NA;NA;NA;NA;NA;NA;NA;NA;NA;NA;NA;NA;1;NA;NA;NA;NA;NA;NA;NA;NA;NA;NA
29;"BA";2929206;"292920";"São Francisco do Conde";"Não";"Região Metropolitana de Salvador";"Ocupantes de automóvel";1;NA;NA;1;NA;3;NA;1;NA;1;2;1;4;2;2;NA;NA;NA;NA;NA;NA;NA;NA;NA;NA
29;"BA";2929255;"292925";"São Gabriel";"Não";"-";"Ocupantes de automóvel";NA;NA;NA;NA;NA;NA;NA;1;NA;1;2;1;2;NA;2;NA;NA;NA;1;4;1;1;NA;1;NA
29;"BA";2929305;"292930";"São Gonçalo dos Campos";"Não";"Região Metropolitana de Feira de Santana";"Ocupantes de automóvel";NA;NA;1;NA;NA;NA;NA;1;2;1;NA;NA;7;3;1;NA;NA;1;1;6;NA;2;NA;NA;NA
29;"BA";2929354;"292935";"São José da Vitória";"Não";"-";"Ocupantes de automóvel";NA;NA;NA;NA;8;NA;NA;NA;3;11;NA;3;1;2;1;1;4;2;1;4;1;4;NA;6;NA
29;"BA";2929370;"292937";"São José do Jacuípe";"Não";"-";"Ocupantes de automóvel";1;NA;1;NA;2;2;2;NA;NA;NA;NA;NA;NA;NA;NA;1;NA;2;1;1;NA;NA;1;NA;NA
29;"BA";2929503;"292950";"São Sebastião do Passé";"Não";"Região Metropolitana de Salvador";"Ocupantes de automóvel";NA;NA;1;1;6;1;4;5;2;1;1;2;6;6;3;5;5;3;1;1;2;NA;NA;3;NA
29;"BA";2929602;"292960";"Sapeaçu";"Não";"-";"Ocupantes de automóvel";1;NA;NA;NA;NA;NA;NA;1;NA;NA;NA;NA;2;NA;NA;1;NA;2;NA;1;1;1;NA;3;NA
29;"BA";2929701;"292970";"Sátiro Dias";"Não";"-";"Ocupantes de automóvel";NA;2;NA;NA;NA;NA;1;NA;NA;1;1;1;1;1;1;2;NA;NA;2;NA;1;NA;1;4;NA
29;"BA";2929750;"292975";"Saubara";"Não";"-";"Ocupantes de automóvel";NA;1;NA;NA;NA;NA;NA;NA;NA;2;NA;1;1;1;NA;1;NA;NA;NA;NA;NA;NA;NA;NA;NA
29;"BA";2929800;"292980";"Saúde";"Não";"-";"Ocupantes de automóvel";1;NA;1;NA;NA;2;NA;NA;NA;NA;1;NA;NA;NA;NA;NA;NA;NA;NA;NA;NA;1;NA;NA;NA
29;"BA";2929909;"292990";"Seabra";"Não";"-";"Ocupantes de automóvel";1;NA;3;NA;1;7;1;NA;NA;1;2;11;2;3;4;9;1;7;7;5;6;11;6;4;NA
29;"BA";2930006;"293000";"Sebastião Laranjeiras";"Não";"-";"Ocupantes de automóvel";NA;NA;NA;1;NA;NA;1;NA;NA;NA;NA;NA;NA;NA;1;NA;2;NA;NA;NA;NA;1;NA;NA;NA
29;"BA";2930105;"293010";"Senhor do Bonfim";"Não";"-";"Ocupantes de automóvel";2;1;1;1;8;2;2;9;4;2;2;NA;4;2;3;4;6;6;1;1;6;3;2;4;NA
29;"BA";2930154;"293015";"Serra do Ramalho";"Não";"-";"Ocupantes de automóvel";3;1;NA;NA;NA;NA;NA;NA;NA;NA;NA;NA;2;4;NA;NA;NA;2;1;1;2;5;5;2;NA
29;"BA";2930204;"293020";"Sento Sé";"Não";"-";"Ocupantes de automóvel";NA;NA;NA;NA;NA;NA;1;NA;1;1;2;1;1;1;NA;NA;2;2;2;2;6;2;NA;NA;NA
29;"BA";2930303;"293030";"Serra Dourada";"Não";"-";"Ocupantes de automóvel";NA;NA;NA;NA;NA;NA;NA;NA;NA;NA;NA;1;3;4;2;2;NA;NA;1;2;NA;2;1;4;NA
29;"BA";2930402;"293040";"Serra Preta";"Não";"Área de Expansão Metropolitana";"Ocupantes de automóvel";NA;NA;NA;NA;NA;NA;NA;NA;3;NA;NA;NA;1;2;1;NA;1;NA;NA;1;1;1;1;NA;NA
29;"BA";2930501;"293050";"Serrinha";"Não";"-";"Ocupantes de automóvel";NA;2;NA;1;1;NA;NA;NA;4;3;7;3;5;4;2;1;4;1;NA;NA;NA;NA;1;NA;NA
29;"BA";2930600;"293060";"Serrolândia";"Não";"-";"Ocupantes de automóvel";NA;NA;NA;NA;NA;NA;1;NA;NA;NA;NA;NA;NA;NA;NA;NA;NA;1;NA;NA;1;NA;1;1;NA
29;"BA";2930709;"293070";"Simões Filho";"Não";"Região Metropolitana de Salvador";"Ocupantes de automóvel";NA;4;2;1;3;3;3;1;1;NA;NA;4;NA;10;2;NA;1;2;NA;1;3;1;1;1;NA
29;"BA";2930758;"293075";"Sítio do Mato";"Não";"-";"Ocupantes de automóvel";NA;NA;NA;NA;NA;NA;NA;NA;NA;NA;NA;NA;NA;NA;NA;NA;NA;NA;NA;NA;1;2;1;1;NA
29;"BA";2930766;"293076";"Sítio do Quinto";"Não";"-";"Ocupantes de automóvel";NA;NA;NA;NA;NA;NA;NA;NA;NA;NA;NA;NA;NA;NA;NA;1;NA;NA;1;1;NA;NA;NA;NA;NA
29;"BA";2930774;"293077";"Sobradinho";"Não";"Região Administrativa Integrada de Desenvolvimento do Polo Petrolina/PE e Juazeiro/BA";"Ocupantes de automóvel";NA;1;3;NA;NA;NA;1;NA;NA;2;NA;1;2;NA;3;3;4;NA;2;1;1;NA;2;NA;NA
29;"BA";2930808;"293080";"Souto Soares";"Não";"-";"Ocupantes de automóvel";NA;NA;1;NA;NA;NA;NA;NA;NA;NA;1;1;1;NA;1;1;1;1;1;1;NA;1;NA;3;NA
29;"BA";2930907;"293090";"Tabocas do Brejo Velho";"Não";"-";"Ocupantes de automóvel";NA;NA;NA;NA;NA;NA;NA;NA;NA;NA;NA;NA;NA;NA;1;1;NA;NA;NA;1;NA;NA;NA;1;NA
29;"BA";2931004;"293100";"Tanhaçu";"Não";"-";"Ocupantes de automóvel";NA;NA;NA;NA;NA;3;4;6;NA;NA;1;1;3;1;2;NA;4;2;1;NA;2;1;NA;1;NA
29;"BA";2931053;"293105";"Tanque Novo";"Não";"-";"Ocupantes de automóvel";NA;1;NA;NA;NA;1;NA;NA;NA;NA;NA;NA;NA;NA;NA;NA;1;NA;NA;NA;NA;NA;NA;NA;NA
29;"BA";2931103;"293110";"Tanquinho";"Não";"Região Metropolitana de Feira de Santana";"Ocupantes de automóvel";NA;NA;NA;NA;NA;NA;NA;NA;NA;NA;1;NA;NA;3;2;NA;NA;5;NA;NA;NA;NA;5;NA;NA
29;"BA";2931202;"293120";"Taperoá";"Não";"-";"Ocupantes de automóvel";NA;NA;NA;1;1;NA;NA;NA;NA;NA;NA;NA;NA;NA;1;2;3;NA;NA;NA;NA;NA;2;NA;NA
29;"BA";2931301;"293130";"Tapiramutá";"Não";"-";"Ocupantes de automóvel";NA;NA;1;NA;NA;NA;NA;2;NA;NA;NA;NA;NA;NA;NA;NA;2;NA;NA;NA;NA;NA;NA;NA;NA
29;"BA";2931350;"293135";"Teixeira de Freitas";"Não";"-";"Ocupantes de automóvel";6;6;8;18;7;2;8;12;23;14;27;20;15;10;13;7;2;3;2;7;1;1;NA;NA;NA
29;"BA";2931400;"293140";"Teodoro Sampaio";"Não";"-";"Ocupantes de automóvel";NA;NA;1;NA;1;2;NA;1;1;NA;2;1;1;NA;2;1;NA;NA;NA;NA;NA;NA;NA;NA;NA
29;"BA";2931509;"293150";"Teofilândia";"Não";"-";"Ocupantes de automóvel";NA;1;NA;NA;NA;NA;NA;NA;1;1;1;NA;3;NA;NA;NA;NA;1;NA;NA;NA;NA;NA;NA;NA
29;"BA";2931608;"293160";"Teolândia";"Não";"-";"Ocupantes de automóvel";NA;NA;NA;NA;NA;NA;1;NA;NA;NA;NA;5;NA;NA;1;2;1;2;NA;NA;3;3;NA;3;NA
29;"BA";2931707;"293170";"Terra Nova";"Não";"-";"Ocupantes de automóvel";NA;NA;NA;NA;NA;1;NA;1;2;2;NA;NA;1;1;2;NA;NA;NA;NA;NA;NA;NA;NA;NA;NA
29;"BA";2931806;"293180";"Tremedal";"Não";"-";"Ocupantes de automóvel";1;NA;NA;3;2;NA;2;1;2;2;4;NA;1;NA;NA;NA;NA;NA;NA;NA;NA;NA;NA;NA;NA
29;"BA";2931905;"293190";"Tucano";"Não";"-";"Ocupantes de automóvel";1;3;NA;1;2;NA;2;2;1;4;4;4;10;6;7;4;3;1;4;7;8;3;2;3;NA
29;"BA";2932002;"293200";"Uauá";"Não";"-";"Ocupantes de automóvel";NA;NA;NA;NA;NA;NA;NA;NA;NA;2;1;NA;NA;3;NA;1;1;2;1;3;1;1;NA;NA;NA
29;"BA";2932101;"293210";"Ubaíra";"Não";"-";"Ocupantes de automóvel";NA;1;NA;NA;NA;NA;NA;NA;NA;NA;NA;NA;1;NA;1;1;1;NA;NA;NA;NA;2;1;1;NA
29;"BA";2932200;"293220";"Ubaitaba";"Não";"-";"Ocupantes de automóvel";NA;NA;NA;1;NA;2;1;3;NA;1;1;1;5;1;NA;NA;NA;NA;1;NA;NA;NA;2;1;NA
29;"BA";2932309;"293230";"Ubatã";"Não";"-";"Ocupantes de automóvel";NA;NA;NA;NA;NA;NA;NA;NA;NA;NA;NA;NA;NA;NA;2;NA;NA;NA;NA;1;1;NA;1;NA;NA
29;"BA";2932408;"293240";"Uibaí";"Não";"-";"Ocupantes de automóvel";NA;NA;NA;NA;1;NA;2;NA;1;1;2;1;1;1;NA;1;NA;NA;NA;3;1;NA;NA;2;NA
29;"BA";2932457;"293245";"Umburanas";"Não";"-";"Ocupantes de automóvel";NA;NA;NA;NA;NA;NA;NA;NA;NA;NA;NA;NA;NA;NA;NA;NA;NA;NA;NA;NA;NA;NA;NA;1;NA
29;"BA";2932507;"293250";"Una";"Não";"-";"Ocupantes de automóvel";1;1;NA;1;1;2;1;NA;NA;NA;2;NA;1;NA;1;NA;NA;NA;NA;NA;NA;NA;2;1;NA
29;"BA";2932606;"293260";"Urandi";"Não";"-";"Ocupantes de automóvel";NA;NA;NA;NA;NA;NA;NA;NA;NA;1;NA;NA;NA;1;1;2;2;5;NA;NA;1;NA;NA;NA;NA
29;"BA";2932705;"293270";"Uruçuca";"Não";"-";"Ocupantes de automóvel";2;1;2;2;4;3;7;4;2;5;NA;NA;2;1;NA;NA;NA;NA;3;NA;4;1;1;NA;NA
29;"BA";2932804;"293280";"Utinga";"Não";"-";"Ocupantes de automóvel";NA;NA;NA;NA;NA;NA;1;NA;NA;NA;NA;2;NA;1;NA;4;NA;1;NA;NA;NA;NA;NA;NA;NA
29;"BA";2932903;"293290";"Valença";"Não";"-";"Ocupantes de automóvel";NA;1;4;2;2;NA;2;5;5;3;1;NA;2;2;5;4;5;1;4;4;10;5;2;4;NA
29;"BA";2933000;"293300";"Valente";"Não";"-";"Ocupantes de automóvel";NA;NA;NA;NA;NA;NA;NA;NA;NA;1;NA;NA;1;2;NA;2;NA;NA;NA;NA;NA;NA;NA;NA;NA
29;"BA";2933059;"293305";"Várzea da Roça";"Não";"-";"Ocupantes de automóvel";NA;NA;NA;1;NA;NA;NA;1;NA;NA;NA;NA;NA;NA;NA;NA;1;1;NA;NA;NA;NA;NA;NA;NA
29;"BA";2933109;"293310";"Várzea do Poço";"Não";"-";"Ocupantes de automóvel";NA;NA;NA;NA;NA;NA;NA;NA;NA;NA;NA;NA;NA;NA;NA;NA;NA;NA;NA;NA;NA;NA;NA;NA;NA
29;"BA";2933158;"293315";"Várzea Nova";"Não";"-";"Ocupantes de automóvel";NA;NA;NA;NA;1;NA;NA;1;NA;NA;NA;NA;NA;NA;NA;NA;NA;NA;NA;NA;NA;2;1;1;NA
29;"BA";2933174;"293317";"Varzedo";"Não";"-";"Ocupantes de automóvel";NA;1;NA;NA;NA;NA;NA;NA;NA;NA;NA;NA;1;1;NA;NA;1;NA;NA;NA;1;1;NA;NA;NA
29;"BA";2933208;"293320";"Vera Cruz";"Não";"Região Metropolitana de Salvador";"Ocupantes de automóvel";1;4;1;NA;NA;NA;NA;4;NA;NA;NA;2;1;NA;NA;NA;1;NA;NA;1;1;2;3;4;NA
29;"BA";2933257;"293325";"Vereda";"Não";"-";"Ocupantes de automóvel";NA;NA;NA;NA;NA;NA;NA;NA;NA;NA;NA;NA;NA;NA;NA;1;NA;NA;NA;NA;NA;NA;NA;NA;NA
29;"BA";2933307;"293330";"Vitória da Conquista";"Não";"-";"Ocupantes de automóvel";37;35;43;38;30;31;28;34;53;76;28;19;16;27;30;19;21;5;12;11;17;17;15;15;NA
29;"BA";2933406;"293340";"Wagner";"Não";"-";"Ocupantes de automóvel";NA;NA;NA;NA;NA;NA;NA;NA;NA;NA;1;6;NA;NA;1;1;2;1;NA;NA;NA;NA;1;NA;NA
29;"BA";2933455;"293345";"Wanderley";"Não";"-";"Ocupantes de automóvel";NA;NA;NA;2;NA;1;NA;NA;NA;NA;NA;NA;NA;NA;NA;NA;NA;NA;NA;NA;NA;NA;NA;NA;NA
29;"BA";2933505;"293350";"Wenceslau Guimarães";"Não";"-";"Ocupantes de automóvel";3;NA;NA;NA;NA;NA;NA;1;2;1;4;6;2;2;NA;1;1;3;NA;1;1;NA;2;2;NA
29;"BA";2933604;"293360";"Xique-Xique";"Não";"-";"Ocupantes de automóvel";NA;2;NA;4;NA;1;NA;NA;NA;NA;4;2;NA;5;4;2;1;2;NA;NA;1;NA;2;2;NA
31;"MG";3100104;"310010";"Abadia dos Dourados";"Não";"-";"Ocupantes de automóvel";NA;NA;NA;NA;NA;NA;NA;NA;NA;1;1;2;NA;NA;NA;NA;NA;NA;NA;1;NA;NA;NA;NA;NA
31;"MG";3100203;"310020";"Abaeté";"Não";"-";"Ocupantes de automóvel";NA;NA;NA;NA;NA;NA;NA;NA;NA;NA;1;1;NA;1;NA;1;1;2;NA;1;2;NA;1;NA;NA
31;"MG";3100302;"310030";"Abre Campo";"Não";"-";"Ocupantes de automóvel";NA;1;NA;NA;NA;NA;NA;1;1;3;NA;1;2;NA;NA;5;NA;NA;1;NA;6;NA;NA;1;NA
31;"MG";3100401;"310040";"Acaiaca";"Não";"-";"Ocupantes de automóvel";NA;NA;NA;NA;NA;NA;NA;NA;NA;NA;NA;2;1;NA;NA;NA;NA;NA;1;NA;NA;NA;NA;NA;NA
31;"MG";3100500;"310050";"Açucena";"Não";"Colar Metropolitano";"Ocupantes de automóvel";NA;NA;NA;NA;NA;NA;NA;NA;NA;2;NA;1;NA;NA;NA;NA;NA;NA;NA;NA;NA;NA;NA;NA;NA
31;"MG";3100609;"310060";"Água Boa";"Não";"-";"Ocupantes de automóvel";NA;NA;NA;NA;NA;1;NA;NA;NA;NA;NA;NA;NA;1;NA;NA;NA;NA;1;1;NA;1;NA;NA;NA
31;"MG";3100708;"310070";"Água Comprida";"Não";"-";"Ocupantes de automóvel";NA;NA;NA;NA;NA;NA;NA;NA;NA;NA;NA;NA;NA;NA;NA;NA;NA;NA;NA;NA;NA;NA;NA;NA;NA
31;"MG";3100807;"310080";"Aguanil";"Não";"-";"Ocupantes de automóvel";NA;NA;NA;NA;NA;NA;NA;NA;NA;NA;NA;NA;NA;NA;NA;NA;NA;1;NA;NA;NA;NA;NA;NA;NA
31;"MG";3100906;"310090";"Águas Formosas";"Não";"-";"Ocupantes de automóvel";NA;NA;1;NA;NA;1;NA;NA;NA;NA;NA;2;NA;NA;1;1;NA;NA;NA;1;2;1;NA;NA;NA
31;"MG";3101003;"310100";"Águas Vermelhas";"Não";"-";"Ocupantes de automóvel";NA;NA;1;1;NA;1;NA;NA;NA;NA;NA;NA;2;NA;1;NA;1;NA;NA;NA;1;NA;NA;NA;NA
31;"MG";3101102;"310110";"Aimorés";"Não";"-";"Ocupantes de automóvel";NA;NA;1;NA;NA;NA;NA;NA;1;NA;1;NA;NA;NA;NA;NA;NA;NA;NA;NA;1;2;1;1;NA
31;"MG";3101201;"310120";"Aiuruoca";"Não";"-";"Ocupantes de automóvel";NA;NA;NA;NA;NA;NA;1;NA;NA;NA;1;1;NA;NA;NA;NA;NA;NA;NA;1;NA;NA;NA;NA;NA
31;"MG";3101508;"310150";"Além Paraíba";"Não";"-";"Ocupantes de automóvel";2;2;NA;1;5;NA;NA;1;NA;NA;NA;1;NA;NA;NA;6;NA;NA;1;2;1;1;1;2;NA
31;"MG";3101607;"310160";"Alfenas";"Não";"-";"Ocupantes de automóvel";NA;NA;NA;NA;NA;1;1;5;3;2;2;3;5;2;3;3;2;2;2;1;NA;1;2;3;NA
31;"MG";3101631;"310163";"Alfredo Vasconcelos";"Não";"-";"Ocupantes de automóvel";NA;NA;NA;NA;NA;NA;1;2;NA;NA;NA;NA;NA;NA;NA;NA;1;NA;NA;NA;NA;NA;NA;1;NA
31;"MG";3101706;"310170";"Almenara";"Não";"-";"Ocupantes de automóvel";NA;NA;NA;NA;NA;NA;NA;1;NA;1;2;1;NA;1;1;1;1;2;2;NA;NA;NA;NA;NA;NA
31;"MG";3101805;"310180";"Alpercata";"Não";"-";"Ocupantes de automóvel";NA;NA;NA;1;1;3;NA;2;1;1;NA;NA;NA;NA;NA;NA;NA;NA;NA;NA;NA;NA;NA;1;NA
31;"MG";3101904;"310190";"Alpinópolis";"Não";"-";"Ocupantes de automóvel";NA;NA;NA;NA;NA;NA;NA;NA;1;1;1;1;NA;1;NA;1;NA;2;NA;NA;NA;NA;1;NA;NA
31;"MG";3102001;"310200";"Alterosa";"Não";"-";"Ocupantes de automóvel";NA;NA;NA;NA;NA;NA;NA;NA;NA;NA;1;NA;2;NA;NA;NA;1;NA;1;NA;NA;NA;NA;NA;NA
31;"MG";3102050;"310205";"Alto Caparaó";"Não";"-";"Ocupantes de automóvel";NA;NA;NA;NA;NA;NA;NA;NA;NA;NA;NA;NA;NA;NA;NA;NA;NA;NA;NA;NA;NA;NA;NA;NA;NA
31;"MG";3102100;"310210";"Alto Rio Doce";"Não";"-";"Ocupantes de automóvel";NA;NA;NA;1;NA;NA;NA;NA;NA;NA;NA;NA;NA;NA;NA;3;NA;NA;NA;NA;NA;NA;NA;NA;NA
31;"MG";3102209;"310220";"Alvarenga";"Não";"-";"Ocupantes de automóvel";NA;NA;NA;NA;NA;NA;NA;NA;NA;NA;NA;NA;NA;NA;NA;NA;NA;NA;NA;NA;NA;NA;NA;NA;NA
31;"MG";3102308;"310230";"Alvinópolis";"Não";"-";"Ocupantes de automóvel";NA;NA;1;NA;1;2;NA;NA;NA;NA;NA;NA;1;NA;NA;NA;1;1;NA;NA;NA;NA;NA;NA;NA
31;"MG";3102605;"310260";"Andradas";"Não";"-";"Ocupantes de automóvel";NA;NA;NA;NA;NA;1;NA;NA;NA;1;NA;NA;NA;1;1;1;NA;NA;NA;NA;NA;NA;NA;NA;NA
31;"MG";3102704;"310270";"Cachoeira de Pajeú";"Não";"-";"Ocupantes de automóvel";NA;NA;NA;NA;1;NA;4;NA;2;NA;1;2;NA;3;2;1;NA;3;NA;2;2;2;NA;3;NA
31;"MG";3102803;"310280";"Andrelândia";"Não";"-";"Ocupantes de automóvel";NA;NA;NA;NA;2;NA;NA;NA;NA;NA;NA;1;NA;NA;NA;NA;NA;1;NA;NA;NA;NA;NA;NA;NA
31;"MG";3102852;"310285";"Angelândia";"Não";"-";"Ocupantes de automóvel";NA;NA;NA;NA;NA;NA;NA;NA;1;NA;NA;NA;NA;NA;NA;NA;NA;NA;NA;NA;NA;NA;NA;NA;NA
31;"MG";3102902;"310290";"Antônio Carlos";"Não";"-";"Ocupantes de automóvel";NA;NA;NA;NA;NA;NA;NA;1;NA;NA;NA;NA;NA;NA;NA;NA;NA;NA;NA;NA;NA;NA;NA;NA;NA
31;"MG";3103009;"310300";"Antônio Dias";"Não";"Colar Metropolitano";"Ocupantes de automóvel";NA;NA;1;NA;NA;NA;NA;1;NA;6;9;1;NA;1;NA;NA;NA;4;NA;NA;NA;NA;NA;2;NA
31;"MG";3103405;"310340";"Araçuaí";"Não";"-";"Ocupantes de automóvel";NA;NA;NA;NA;NA;1;NA;NA;NA;1;4;NA;NA;NA;NA;1;1;NA;NA;2;NA;NA;3;NA;NA
31;"MG";3103504;"310350";"Araguari";"Não";"-";"Ocupantes de automóvel";NA;NA;NA;NA;NA;NA;NA;2;1;3;8;5;5;4;3;2;NA;NA;2;1;2;NA;NA;1;NA
31;"MG";3103603;"310360";"Arantina";"Não";"-";"Ocupantes de automóvel";NA;NA;1;NA;NA;NA;NA;NA;NA;NA;NA;NA;NA;NA;NA;NA;NA;NA;NA;NA;NA;NA;NA;1;NA
31;"MG";3103702;"310370";"Araponga";"Não";"-";"Ocupantes de automóvel";NA;NA;NA;NA;NA;NA;NA;NA;1;NA;NA;NA;1;NA;NA;NA;NA;NA;NA;NA;NA;NA;NA;NA;NA
31;"MG";3103751;"310375";"Araporã";"Não";"-";"Ocupantes de automóvel";NA;NA;NA;NA;NA;2;2;NA;1;NA;1;1;1;2;1;1;NA;NA;NA;NA;1;NA;2;NA;NA
31;"MG";3103801;"310380";"Arapuá";"Não";"-";"Ocupantes de automóvel";NA;NA;NA;NA;1;NA;NA;NA;NA;NA;NA;NA;NA;NA;NA;NA;NA;NA;NA;NA;NA;NA;NA;NA;NA
31;"MG";3103900;"310390";"Araújos";"Não";"-";"Ocupantes de automóvel";NA;NA;NA;NA;NA;1;NA;NA;NA;NA;NA;NA;NA;1;NA;NA;NA;NA;3;NA;NA;NA;NA;NA;NA
31;"MG";3104007;"310400";"Araxá";"Não";"-";"Ocupantes de automóvel";NA;1;1;1;1;NA;NA;NA;NA;NA;NA;4;5;7;3;2;2;6;1;3;1;3;4;4;NA
31;"MG";3104106;"310410";"Arceburgo";"Não";"-";"Ocupantes de automóvel";NA;NA;NA;NA;NA;NA;NA;NA;NA;NA;NA;NA;NA;3;NA;NA;NA;2;NA;1;NA;NA;NA;NA;NA
31;"MG";3104205;"310420";"Arcos";"Não";"-";"Ocupantes de automóvel";NA;NA;NA;NA;NA;NA;NA;1;NA;1;NA;NA;NA;1;NA;NA;1;1;1;NA;1;NA;NA;1;NA
31;"MG";3104304;"310430";"Areado";"Não";"-";"Ocupantes de automóvel";NA;NA;NA;NA;NA;NA;NA;NA;NA;1;1;NA;5;1;NA;NA;NA;NA;NA;1;1;NA;NA;1;NA
31;"MG";3104403;"310440";"Argirita";"Não";"-";"Ocupantes de automóvel";NA;NA;NA;NA;NA;NA;NA;NA;NA;NA;NA;NA;NA;NA;NA;NA;NA;NA;NA;NA;NA;NA;NA;NA;NA
31;"MG";3104502;"310450";"Arinos";"Não";"Região Integrada de Desenvolvimento do Distrito Federal e Entorno";"Ocupantes de automóvel";NA;NA;NA;NA;NA;NA;NA;NA;1;5;1;NA;3;NA;2;3;3;1;NA;1;NA;1;NA;1;NA
31;"MG";3104601;"310460";"Astolfo Dutra";"Não";"-";"Ocupantes de automóvel";NA;NA;NA;NA;NA;NA;NA;NA;NA;NA;NA;NA;NA;NA;NA;NA;2;NA;NA;NA;NA;NA;NA;NA;NA
31;"MG";3104700;"310470";"Ataléia";"Não";"-";"Ocupantes de automóvel";NA;NA;NA;NA;NA;NA;NA;NA;NA;NA;1;NA;NA;NA;NA;NA;NA;NA;NA;NA;NA;NA;NA;NA;NA
31;"MG";3104809;"310480";"Augusto de Lima";"Não";"-";"Ocupantes de automóvel";NA;NA;NA;NA;NA;NA;3;2;1;NA;NA;5;NA;NA;NA;5;NA;2;NA;1;2;1;NA;3;NA
31;"MG";3104908;"310490";"Baependi";"Não";"-";"Ocupantes de automóvel";NA;NA;NA;NA;NA;NA;NA;1;1;NA;NA;2;NA;NA;NA;NA;NA;NA;NA;NA;NA;NA;2;NA;NA
31;"MG";3105004;"310500";"Baldim";"Não";"Região Metropolitana de Belo Horizonte";"Ocupantes de automóvel";NA;NA;NA;NA;NA;NA;NA;NA;NA;NA;NA;1;1;NA;NA;NA;NA;NA;NA;NA;NA;NA;NA;NA;NA
31;"MG";3105103;"310510";"Bambuí";"Não";"-";"Ocupantes de automóvel";NA;1;NA;NA;NA;NA;NA;NA;2;NA;1;NA;NA;1;NA;1;NA;NA;NA;NA;NA;NA;NA;1;NA
31;"MG";3105301;"310530";"Bandeira do Sul";"Não";"-";"Ocupantes de automóvel";NA;NA;NA;1;NA;NA;NA;NA;NA;NA;NA;NA;NA;NA;NA;1;NA;NA;2;NA;NA;1;NA;NA;NA
31;"MG";3105400;"310540";"Barão de Cocais";"Não";"Colar Metropolitano de Belo Horizonte";"Ocupantes de automóvel";3;1;NA;1;1;1;4;NA;NA;NA;1;NA;NA;4;NA;NA;1;NA;NA;NA;2;NA;NA;NA;NA
31;"MG";3105608;"310560";"Barbacena";"Não";"-";"Ocupantes de automóvel";3;NA;NA;NA;2;2;3;4;6;3;1;1;4;1;5;6;8;1;1;2;3;1;NA;NA;NA
31;"MG";3105707;"310570";"Barra Longa";"Não";"-";"Ocupantes de automóvel";NA;NA;NA;NA;NA;NA;NA;NA;NA;NA;NA;NA;NA;NA;NA;NA;NA;NA;NA;NA;NA;NA;NA;NA;NA
31;"MG";3105905;"310590";"Barroso";"Não";"-";"Ocupantes de automóvel";NA;NA;NA;NA;NA;NA;NA;NA;NA;NA;1;NA;NA;1;NA;NA;1;NA;NA;NA;NA;NA;NA;NA;NA
31;"MG";3106002;"310600";"Bela Vista de Minas";"Não";"-";"Ocupantes de automóvel";1;5;5;3;2;NA;NA;NA;2;NA;2;NA;NA;1;3;4;1;NA;NA;1;NA;NA;NA;NA;NA
31;"MG";3106101;"310610";"Belmiro Braga";"Não";"-";"Ocupantes de automóvel";NA;NA;NA;NA;NA;NA;NA;NA;NA;NA;NA;NA;NA;NA;NA;NA;NA;NA;1;NA;NA;NA;NA;NA;NA
31;"MG";3106200;"310620";"Belo Horizonte";"Sim";"Região Metropolitana de Belo Horizonte";"Ocupantes de automóvel";25;26;43;16;30;26;57;53;53;52;78;81;35;49;46;56;37;33;26;16;22;22;26;21;NA
31;"MG";3106309;"310630";"Belo Oriente";"Não";"Colar Metropolitano";"Ocupantes de automóvel";NA;NA;NA;NA;NA;1;NA;1;NA;2;1;3;NA;NA;NA;1;3;2;2;NA;NA;NA;1;NA;NA
31;"MG";3106408;"310640";"Belo Vale";"Não";"Colar Metropolitano de Belo Horizonte";"Ocupantes de automóvel";NA;NA;NA;NA;NA;NA;NA;NA;NA;NA;NA;NA;NA;NA;NA;NA;NA;NA;NA;NA;NA;NA;NA;NA;NA
31;"MG";3106507;"310650";"Berilo";"Não";"-";"Ocupantes de automóvel";NA;NA;NA;NA;NA;NA;NA;NA;NA;NA;NA;NA;NA;NA;NA;NA;NA;NA;NA;NA;NA;NA;NA;NA;NA
31;"MG";3106606;"310660";"Bertópolis";"Não";"-";"Ocupantes de automóvel";NA;NA;NA;NA;NA;NA;NA;NA;NA;NA;NA;NA;NA;NA;NA;NA;1;NA;NA;NA;NA;NA;NA;NA;NA
31;"MG";3106655;"310665";"Berizal";"Não";"-";"Ocupantes de automóvel";NA;NA;NA;NA;NA;NA;NA;NA;NA;NA;NA;1;NA;NA;NA;NA;NA;NA;NA;NA;2;NA;NA;NA;NA
31;"MG";3106705;"310670";"Betim";"Não";"Região Metropolitana de Belo Horizonte";"Ocupantes de automóvel";NA;NA;NA;NA;NA;NA;1;1;6;1;3;NA;3;2;1;5;NA;NA;NA;2;NA;1;1;NA;NA
31;"MG";3106804;"310680";"Bias Fortes";"Não";"-";"Ocupantes de automóvel";NA;NA;NA;NA;NA;NA;NA;NA;NA;NA;NA;NA;NA;NA;NA;NA;NA;NA;NA;NA;NA;NA;NA;NA;NA
31;"MG";3106903;"310690";"Bicas";"Não";"-";"Ocupantes de automóvel";NA;NA;NA;1;NA;NA;NA;NA;NA;1;NA;NA;NA;NA;NA;NA;NA;NA;NA;NA;1;3;NA;NA;NA
31;"MG";3107000;"310700";"Biquinhas";"Não";"-";"Ocupantes de automóvel";NA;NA;NA;NA;NA;NA;NA;NA;NA;NA;NA;NA;NA;NA;NA;1;NA;NA;NA;NA;NA;NA;NA;NA;NA
31;"MG";3107109;"310710";"Boa Esperança";"Não";"-";"Ocupantes de automóvel";NA;NA;1;NA;1;NA;NA;NA;NA;3;NA;1;1;2;2;1;1;1;1;NA;2;2;2;NA;NA
31;"MG";3107208;"310720";"Bocaina de Minas";"Não";"-";"Ocupantes de automóvel";NA;NA;NA;NA;NA;NA;NA;NA;NA;NA;NA;NA;NA;NA;NA;NA;NA;NA;NA;NA;NA;1;NA;NA;NA
31;"MG";3107307;"310730";"Bocaiúva";"Não";"-";"Ocupantes de automóvel";NA;2;9;NA;1;NA;2;3;6;4;16;12;4;12;15;4;11;7;3;2;10;3;8;4;NA
31;"MG";3107406;"310740";"Bom Despacho";"Não";"-";"Ocupantes de automóvel";NA;NA;1;NA;1;NA;NA;NA;NA;1;3;NA;1;1;1;NA;1;2;2;2;6;1;1;NA;NA
31;"MG";3107505;"310750";"Bom Jardim de Minas";"Não";"-";"Ocupantes de automóvel";NA;NA;NA;NA;NA;NA;NA;NA;NA;NA;NA;2;NA;NA;NA;NA;3;1;NA;1;NA;NA;NA;1;NA
31;"MG";3107604;"310760";"Bom Jesus da Penha";"Não";"-";"Ocupantes de automóvel";NA;NA;NA;NA;NA;NA;NA;NA;NA;NA;NA;NA;NA;NA;NA;NA;NA;NA;1;NA;NA;NA;NA;NA;NA
31;"MG";3107703;"310770";"Bom Jesus do Amparo";"Não";"Colar Metropolitano de Belo Horizonte";"Ocupantes de automóvel";1;NA;5;2;1;9;1;1;NA;NA;NA;NA;NA;NA;1;1;2;1;NA;2;1;1;NA;NA;NA
31;"MG";3107802;"310780";"Bom Jesus do Galho";"Não";"Colar Metropolitano";"Ocupantes de automóvel";NA;NA;NA;1;NA;1;NA;1;NA;NA;NA;1;NA;NA;NA;NA;NA;NA;NA;NA;NA;NA;NA;NA;NA
31;"MG";3107901;"310790";"Bom Repouso";"Não";"-";"Ocupantes de automóvel";NA;NA;NA;NA;NA;NA;NA;NA;NA;NA;NA;NA;NA;NA;NA;NA;NA;NA;NA;NA;NA;NA;NA;NA;NA
31;"MG";3108008;"310800";"Bom Sucesso";"Não";"-";"Ocupantes de automóvel";NA;NA;NA;NA;NA;NA;NA;NA;NA;NA;NA;NA;NA;NA;NA;1;NA;NA;NA;1;NA;NA;NA;NA;NA
31;"MG";3108107;"310810";"Bonfim";"Não";"Colar Metropolitano de Belo Horizonte";"Ocupantes de automóvel";NA;NA;NA;NA;NA;NA;NA;NA;NA;NA;NA;NA;NA;NA;NA;NA;NA;NA;NA;NA;NA;1;NA;NA;NA
31;"MG";3108206;"310820";"Bonfinópolis de Minas";"Não";"-";"Ocupantes de automóvel";NA;NA;NA;NA;NA;NA;NA;NA;2;NA;NA;NA;1;NA;NA;NA;1;NA;NA;NA;NA;NA;1;NA;NA
31;"MG";3108255;"310825";"Bonito de Minas";"Não";"-";"Ocupantes de automóvel";NA;NA;NA;NA;NA;NA;NA;NA;NA;NA;NA;NA;NA;1;NA;NA;NA;NA;NA;NA;NA;1;NA;NA;NA
31;"MG";3108305;"310830";"Borda da Mata";"Não";"-";"Ocupantes de automóvel";NA;NA;NA;NA;NA;NA;NA;NA;1;NA;NA;NA;NA;NA;NA;NA;NA;1;NA;NA;1;NA;NA;NA;NA
31;"MG";3108404;"310840";"Botelhos";"Não";"-";"Ocupantes de automóvel";NA;NA;NA;NA;NA;NA;NA;NA;NA;NA;NA;NA;NA;NA;NA;NA;NA;1;NA;NA;NA;NA;NA;NA;NA
31;"MG";3108503;"310850";"Botumirim";"Não";"-";"Ocupantes de automóvel";NA;NA;NA;NA;NA;NA;NA;NA;1;1;NA;1;NA;NA;1;1;NA;NA;NA;NA;1;NA;NA;NA;NA
31;"MG";3108552;"310855";"Brasilândia de Minas";"Não";"-";"Ocupantes de automóvel";NA;NA;NA;NA;NA;NA;NA;NA;NA;NA;NA;NA;1;2;2;NA;1;NA;2;1;NA;1;1;NA;NA
31;"MG";3108602;"310860";"Brasília de Minas";"Não";"-";"Ocupantes de automóvel";NA;NA;NA;NA;NA;NA;NA;NA;1;1;NA;1;2;1;2;4;2;1;1;1;1;2;NA;2;NA
31;"MG";3108701;"310870";"Brás Pires";"Não";"-";"Ocupantes de automóvel";NA;NA;NA;NA;NA;NA;NA;NA;NA;NA;NA;NA;NA;NA;NA;NA;NA;NA;NA;NA;NA;NA;NA;NA;NA
31;"MG";3108800;"310880";"Braúnas";"Não";"Colar Metropolitano";"Ocupantes de automóvel";NA;NA;NA;NA;NA;NA;NA;NA;NA;NA;NA;NA;NA;NA;NA;NA;NA;NA;NA;NA;NA;NA;NA;NA;NA
31;"MG";3108909;"310890";"Brazópolis";"Não";"-";"Ocupantes de automóvel";NA;NA;NA;NA;NA;NA;NA;NA;NA;NA;1;1;NA;NA;NA;NA;2;NA;NA;NA;NA;NA;NA;NA;NA
31;"MG";3109006;"310900";"Brumadinho";"Não";"Região Metropolitana de Belo Horizonte";"Ocupantes de automóvel";NA;NA;NA;1;1;3;3;3;2;NA;1;2;1;3;1;1;1;NA;1;5;5;9;6;6;NA
31;"MG";3109105;"310910";"Bueno Brandão";"Não";"-";"Ocupantes de automóvel";NA;NA;NA;NA;NA;NA;NA;1;NA;NA;NA;NA;NA;NA;NA;NA;NA;NA;NA;NA;NA;NA;NA;NA;NA
31;"MG";3109204;"310920";"Buenópolis";"Não";"-";"Ocupantes de automóvel";1;NA;NA;NA;2;NA;2;NA;NA;NA;NA;3;3;1;1;2;NA;2;1;NA;3;3;1;1;NA
31;"MG";3109253;"310925";"Bugre";"Não";"Colar Metropolitano";"Ocupantes de automóvel";NA;NA;NA;1;NA;NA;NA;NA;NA;NA;NA;NA;NA;NA;NA;NA;NA;NA;NA;NA;NA;NA;1;NA;NA
31;"MG";3109303;"310930";"Buritis";"Não";"Região Integrada de Desenvolvimento do Distrito Federal e Entorno";"Ocupantes de automóvel";NA;2;NA;NA;NA;3;NA;NA;NA;NA;1;1;3;1;3;2;6;2;1;1;NA;2;NA;1;NA
31;"MG";3109402;"310940";"Buritizeiro";"Não";"-";"Ocupantes de automóvel";NA;1;3;NA;2;NA;NA;NA;5;2;11;NA;4;NA;3;2;5;1;NA;1;NA;1;NA;NA;NA
31;"MG";3109451;"310945";"Cabeceira Grande";"Não";"Região Integrada de Desenvolvimento do Distrito Federal e Entorno";"Ocupantes de automóvel";NA;NA;NA;NA;NA;NA;NA;NA;NA;1;1;NA;NA;NA;NA;NA;1;NA;NA;NA;NA;NA;NA;NA;NA
31;"MG";3109501;"310950";"Cabo Verde";"Não";"-";"Ocupantes de automóvel";NA;NA;NA;NA;NA;NA;NA;NA;1;1;NA;NA;NA;NA;NA;NA;NA;2;NA;NA;NA;NA;NA;NA;NA
31;"MG";3109600;"310960";"Cachoeira da Prata";"Não";"-";"Ocupantes de automóvel";NA;NA;NA;NA;NA;NA;NA;1;NA;NA;NA;NA;NA;NA;2;NA;NA;NA;1;1;NA;NA;NA;NA;NA
31;"MG";3109709;"310970";"Cachoeira de Minas";"Não";"-";"Ocupantes de automóvel";NA;NA;NA;NA;NA;NA;NA;NA;NA;NA;NA;NA;NA;NA;NA;NA;NA;NA;NA;NA;NA;1;NA;NA;NA
31;"MG";3109808;"310980";"Cachoeira Dourada";"Não";"-";"Ocupantes de automóvel";NA;NA;NA;NA;NA;NA;NA;1;NA;NA;NA;NA;NA;NA;NA;NA;NA;NA;NA;NA;NA;1;NA;NA;NA
31;"MG";3109907;"310990";"Caetanópolis";"Não";"-";"Ocupantes de automóvel";NA;NA;NA;2;NA;NA;NA;NA;NA;NA;NA;NA;NA;NA;NA;1;NA;2;1;NA;NA;1;1;3;NA
31;"MG";3110004;"311000";"Caeté";"Não";"Região Metropolitana de Belo Horizonte";"Ocupantes de automóvel";NA;NA;1;1;3;3;NA;NA;NA;NA;2;NA;NA;5;NA;1;NA;3;NA;2;1;1;2;NA;NA
31;"MG";3110103;"311010";"Caiana";"Não";"-";"Ocupantes de automóvel";NA;NA;NA;NA;NA;NA;NA;NA;NA;NA;NA;NA;NA;NA;NA;NA;NA;NA;NA;NA;NA;NA;NA;NA;NA
31;"MG";3110202;"311020";"Cajuri";"Não";"-";"Ocupantes de automóvel";NA;NA;NA;NA;NA;NA;NA;NA;NA;NA;NA;NA;NA;NA;NA;NA;NA;NA;NA;NA;NA;NA;NA;NA;NA
31;"MG";3110301;"311030";"Caldas";"Não";"-";"Ocupantes de automóvel";NA;NA;NA;NA;NA;NA;NA;1;NA;NA;NA;NA;NA;1;NA;NA;NA;NA;NA;NA;NA;NA;NA;NA;NA
31;"MG";3110509;"311050";"Camanducaia";"Não";"-";"Ocupantes de automóvel";NA;NA;1;1;NA;NA;NA;NA;NA;1;1;2;1;NA;NA;NA;NA;NA;NA;NA;NA;2;NA;NA;NA
31;"MG";3110608;"311060";"Cambuí";"Não";"-";"Ocupantes de automóvel";NA;2;NA;2;NA;NA;3;1;1;NA;2;1;NA;NA;NA;NA;1;4;2;NA;NA;NA;1;2;NA
31;"MG";3110707;"311070";"Cambuquira";"Não";"-";"Ocupantes de automóvel";NA;NA;NA;NA;NA;1;NA;1;2;2;2;NA;2;1;NA;1;1;NA;1;2;NA;1;NA;NA;NA
31;"MG";3110806;"311080";"Campanário";"Não";"-";"Ocupantes de automóvel";NA;NA;NA;NA;1;3;2;4;NA;NA;1;2;NA;3;2;1;2;3;2;1;1;NA;2;2;NA
31;"MG";3110905;"311090";"Campanha";"Não";"-";"Ocupantes de automóvel";NA;NA;3;2;1;NA;NA;1;NA;NA;3;NA;2;NA;4;4;8;1;1;2;1;NA;NA;NA;NA
31;"MG";3111002;"311100";"Campestre";"Não";"-";"Ocupantes de automóvel";NA;1;NA;1;NA;NA;1;NA;NA;NA;NA;2;NA;NA;NA;1;NA;1;2;NA;NA;NA;NA;NA;NA
31;"MG";3111101;"311110";"Campina Verde";"Não";"-";"Ocupantes de automóvel";NA;1;NA;NA;NA;NA;NA;NA;1;NA;NA;NA;2;1;NA;2;NA;NA;NA;NA;NA;NA;1;1;NA
31;"MG";3111150;"311115";"Campo Azul";"Não";"-";"Ocupantes de automóvel";NA;NA;NA;NA;NA;NA;NA;NA;NA;NA;NA;1;NA;NA;NA;NA;NA;NA;NA;NA;NA;NA;NA;NA;NA
31;"MG";3111200;"311120";"Campo Belo";"Não";"-";"Ocupantes de automóvel";NA;NA;2;2;NA;NA;NA;1;NA;NA;1;2;NA;1;1;2;NA;NA;1;2;NA;2;NA;1;NA
31;"MG";3111309;"311130";"Campo do Meio";"Não";"-";"Ocupantes de automóvel";NA;NA;NA;NA;NA;NA;NA;NA;1;NA;NA;NA;1;NA;NA;1;NA;NA;NA;NA;1;NA;NA;NA;NA
31;"MG";3111408;"311140";"Campo Florido";"Não";"-";"Ocupantes de automóvel";NA;NA;NA;NA;NA;NA;NA;NA;NA;NA;NA;NA;NA;NA;2;NA;NA;NA;NA;NA;NA;1;2;NA;NA
31;"MG";3111507;"311150";"Campos Altos";"Não";"-";"Ocupantes de automóvel";NA;NA;NA;NA;NA;NA;NA;NA;NA;NA;1;3;2;3;2;5;3;1;1;5;NA;NA;1;1;NA
31;"MG";3111606;"311160";"Campos Gerais";"Não";"-";"Ocupantes de automóvel";NA;NA;1;NA;1;1;1;NA;NA;NA;1;NA;2;NA;1;NA;NA;NA;NA;NA;1;2;1;1;NA
31;"MG";3111705;"311170";"Canaã";"Não";"-";"Ocupantes de automóvel";NA;NA;NA;NA;NA;NA;NA;NA;NA;NA;NA;1;NA;NA;NA;NA;NA;NA;NA;NA;NA;NA;NA;NA;NA
31;"MG";3111804;"311180";"Canápolis";"Não";"-";"Ocupantes de automóvel";NA;NA;NA;NA;NA;NA;NA;NA;1;NA;1;NA;1;NA;NA;2;NA;NA;NA;NA;NA;6;NA;NA;NA
31;"MG";3111903;"311190";"Cana Verde";"Não";"-";"Ocupantes de automóvel";NA;NA;NA;NA;NA;NA;NA;NA;NA;NA;NA;NA;NA;NA;1;NA;NA;NA;1;NA;NA;NA;NA;NA;NA
31;"MG";3112000;"311200";"Candeias";"Não";"-";"Ocupantes de automóvel";NA;NA;NA;NA;NA;NA;NA;NA;NA;1;NA;1;3;2;NA;NA;NA;1;1;1;NA;NA;NA;2;NA
31;"MG";3112109;"311210";"Caparaó";"Não";"-";"Ocupantes de automóvel";NA;NA;NA;NA;NA;NA;NA;NA;NA;2;NA;NA;NA;NA;NA;NA;NA;1;NA;NA;NA;NA;NA;NA;NA
31;"MG";3112208;"311220";"Capela Nova";"Não";"-";"Ocupantes de automóvel";NA;NA;NA;NA;NA;NA;NA;NA;NA;NA;NA;NA;NA;NA;NA;NA;NA;NA;NA;NA;NA;NA;NA;NA;NA
31;"MG";3112307;"311230";"Capelinha";"Não";"-";"Ocupantes de automóvel";NA;1;NA;NA;NA;NA;NA;NA;1;1;NA;1;NA;NA;2;1;1;3;NA;NA;1;NA;1;2;NA
31;"MG";3112406;"311240";"Capetinga";"Não";"-";"Ocupantes de automóvel";NA;NA;NA;NA;NA;NA;NA;NA;NA;NA;NA;NA;1;NA;1;NA;NA;NA;NA;NA;NA;1;NA;NA;NA
31;"MG";3112505;"311250";"Capim Branco";"Não";"Região Metropolitana de Belo Horizonte";"Ocupantes de automóvel";NA;NA;NA;4;NA;1;NA;NA;NA;NA;NA;NA;NA;NA;NA;NA;NA;NA;NA;NA;NA;NA;NA;NA;NA
31;"MG";3112604;"311260";"Capinópolis";"Não";"-";"Ocupantes de automóvel";NA;NA;NA;1;2;1;NA;2;NA;1;NA;1;NA;NA;NA;NA;NA;NA;NA;NA;NA;NA;NA;NA;NA
31;"MG";3112653;"311265";"Capitão Andrade";"Não";"-";"Ocupantes de automóvel";NA;NA;NA;NA;NA;1;1;NA;NA;NA;NA;NA;NA;NA;NA;NA;NA;NA;NA;NA;NA;NA;NA;NA;NA
31;"MG";3112703;"311270";"Capitão Enéas";"Não";"-";"Ocupantes de automóvel";NA;NA;NA;NA;2;NA;NA;NA;1;NA;1;6;NA;4;5;3;2;3;2;3;2;3;1;2;NA
31;"MG";3112802;"311280";"Capitólio";"Não";"-";"Ocupantes de automóvel";NA;3;NA;NA;NA;NA;NA;NA;NA;NA;NA;1;NA;NA;NA;NA;1;NA;NA;1;1;NA;NA;NA;NA
31;"MG";3112901;"311290";"Caputira";"Não";"-";"Ocupantes de automóvel";NA;NA;NA;NA;NA;NA;NA;NA;NA;NA;NA;NA;NA;NA;NA;NA;NA;NA;NA;NA;NA;NA;NA;NA;NA
31;"MG";3113008;"311300";"Caraí";"Não";"-";"Ocupantes de automóvel";1;NA;NA;NA;NA;4;1;NA;2;4;2;NA;2;3;5;NA;4;2;NA;3;2;1;3;NA;NA
31;"MG";3113206;"311320";"Carandaí";"Não";"-";"Ocupantes de automóvel";NA;NA;2;NA;1;3;1;2;NA;2;1;NA;4;NA;NA;NA;NA;NA;NA;NA;NA;NA;NA;NA;NA
31;"MG";3113305;"311330";"Carangola";"Não";"-";"Ocupantes de automóvel";1;NA;NA;NA;NA;NA;NA;1;1;NA;NA;3;2;NA;NA;NA;1;NA;NA;1;NA;NA;NA;3;NA
31;"MG";3113404;"311340";"Caratinga";"Não";"Colar Metropolitano";"Ocupantes de automóvel";NA;NA;NA;NA;NA;NA;NA;NA;NA;1;2;1;1;8;5;9;NA;3;1;1;6;4;3;5;NA
31;"MG";3113503;"311350";"Carbonita";"Não";"-";"Ocupantes de automóvel";NA;NA;NA;NA;NA;NA;NA;1;NA;NA;2;NA;NA;NA;NA;NA;NA;1;NA;NA;NA;NA;NA;NA;NA
31;"MG";3113602;"311360";"Careaçu";"Não";"-";"Ocupantes de automóvel";NA;NA;NA;NA;NA;NA;NA;NA;1;NA;1;NA;NA;NA;NA;NA;NA;1;NA;NA;NA;2;1;NA;NA
31;"MG";3113701;"311370";"Carlos Chagas";"Não";"-";"Ocupantes de automóvel";NA;NA;NA;NA;NA;3;2;NA;NA;2;2;9;3;2;1;7;NA;1;6;2;3;1;NA;NA;NA
31;"MG";3113800;"311380";"Carmésia";"Não";"-";"Ocupantes de automóvel";NA;2;NA;NA;NA;NA;NA;NA;NA;NA;NA;NA;NA;NA;NA;NA;NA;NA;NA;NA;NA;NA;NA;NA;NA
31;"MG";3113909;"311390";"Carmo da Cachoeira";"Não";"-";"Ocupantes de automóvel";NA;1;2;NA;6;2;NA;NA;1;2;2;1;NA;1;1;NA;NA;1;NA;NA;NA;NA;NA;NA;NA
31;"MG";3114006;"311400";"Carmo da Mata";"Não";"-";"Ocupantes de automóvel";NA;NA;NA;NA;NA;NA;NA;NA;NA;NA;NA;1;NA;NA;NA;NA;NA;3;NA;NA;1;NA;NA;NA;NA
31;"MG";3114105;"311410";"Carmo de Minas";"Não";"-";"Ocupantes de automóvel";NA;NA;NA;1;NA;NA;NA;NA;NA;NA;1;1;NA;NA;1;NA;NA;NA;NA;NA;NA;NA;NA;NA;NA
31;"MG";3114204;"311420";"Carmo do Cajuru";"Não";"-";"Ocupantes de automóvel";1;NA;NA;NA;NA;NA;NA;NA;1;NA;NA;NA;NA;1;1;2;NA;2;NA;NA;NA;NA;NA;1;NA
31;"MG";3114303;"311430";"Carmo do Paranaíba";"Não";"-";"Ocupantes de automóvel";NA;NA;NA;NA;NA;NA;NA;NA;NA;NA;NA;NA;NA;1;NA;NA;NA;NA;NA;NA;NA;NA;1;1;NA
31;"MG";3114402;"311440";"Carmo do Rio Claro";"Não";"-";"Ocupantes de automóvel";NA;NA;NA;NA;NA;NA;NA;NA;NA;NA;NA;1;NA;NA;NA;NA;NA;NA;1;NA;NA;NA;NA;NA;NA
31;"MG";3114501;"311450";"Carmópolis de Minas";"Não";"-";"Ocupantes de automóvel";NA;1;NA;NA;NA;NA;NA;NA;NA;NA;1;NA;NA;3;1;NA;NA;NA;NA;NA;1;1;1;NA;NA
31;"MG";3114550;"311455";"Carneirinho";"Não";"-";"Ocupantes de automóvel";NA;NA;NA;NA;NA;NA;NA;NA;NA;NA;1;NA;NA;NA;NA;NA;NA;NA;NA;NA;NA;NA;NA;1;NA
31;"MG";3114709;"311470";"Carvalhópolis";"Não";"-";"Ocupantes de automóvel";NA;NA;NA;NA;NA;1;NA;NA;NA;NA;NA;NA;NA;NA;NA;NA;NA;NA;NA;NA;NA;NA;NA;NA;NA
31;"MG";3114808;"311480";"Carvalhos";"Não";"-";"Ocupantes de automóvel";NA;NA;NA;NA;NA;NA;NA;NA;NA;NA;NA;NA;NA;NA;NA;NA;NA;NA;NA;1;NA;NA;NA;NA;NA
31;"MG";3115003;"311500";"Cascalho Rico";"Não";"-";"Ocupantes de automóvel";NA;NA;NA;NA;NA;NA;NA;NA;NA;NA;NA;NA;NA;NA;NA;NA;NA;NA;NA;1;NA;NA;NA;1;NA
31;"MG";3115102;"311510";"Cássia";"Não";"-";"Ocupantes de automóvel";NA;NA;1;NA;NA;1;NA;NA;NA;1;1;NA;NA;NA;NA;NA;NA;NA;3;1;NA;NA;NA;NA;NA
31;"MG";3115201;"311520";"Conceição da Barra de Minas";"Não";"-";"Ocupantes de automóvel";NA;NA;NA;NA;NA;NA;NA;NA;NA;NA;NA;NA;NA;NA;NA;NA;NA;NA;NA;NA;NA;NA;NA;NA;NA
31;"MG";3115300;"311530";"Cataguases";"Não";"-";"Ocupantes de automóvel";NA;NA;1;NA;NA;NA;2;NA;NA;NA;1;NA;NA;1;NA;2;2;NA;NA;1;NA;2;2;2;NA
31;"MG";3115359;"311535";"Catas Altas";"Não";"-";"Ocupantes de automóvel";NA;NA;NA;NA;1;1;NA;NA;NA;NA;NA;NA;NA;NA;1;1;NA;NA;NA;NA;NA;NA;NA;NA;NA
31;"MG";3115458;"311545";"Catuji";"Não";"-";"Ocupantes de automóvel";NA;NA;2;1;3;1;2;1;NA;3;3;4;NA;3;NA;5;3;3;NA;1;1;NA;2;NA;NA
31;"MG";3115474;"311547";"Catuti";"Não";"-";"Ocupantes de automóvel";NA;NA;NA;NA;NA;NA;NA;NA;NA;NA;NA;NA;NA;NA;NA;1;1;NA;NA;1;NA;1;1;NA;NA
31;"MG";3115508;"311550";"Caxambu";"Não";"-";"Ocupantes de automóvel";NA;NA;NA;NA;NA;NA;NA;NA;NA;NA;1;NA;1;1;NA;1;NA;NA;NA;1;NA;NA;2;NA;NA
31;"MG";3115607;"311560";"Cedro do Abaeté";"Não";"-";"Ocupantes de automóvel";NA;NA;NA;NA;NA;NA;NA;NA;NA;NA;NA;NA;NA;NA;NA;NA;NA;NA;NA;NA;NA;NA;NA;NA;NA
31;"MG";3115706;"311570";"Central de Minas";"Não";"-";"Ocupantes de automóvel";NA;NA;NA;2;NA;NA;NA;1;NA;NA;NA;NA;NA;NA;NA;2;NA;NA;NA;NA;NA;NA;NA;NA;NA
31;"MG";3115805;"311580";"Centralina";"Não";"-";"Ocupantes de automóvel";NA;NA;2;1;2;NA;NA;NA;NA;NA;NA;2;3;NA;2;1;NA;NA;1;NA;1;NA;NA;1;NA
31;"MG";3115904;"311590";"Chácara";"Não";"-";"Ocupantes de automóvel";NA;NA;NA;NA;NA;NA;NA;NA;NA;NA;NA;NA;NA;NA;NA;NA;NA;NA;NA;NA;NA;NA;NA;NA;NA
31;"MG";3116001;"311600";"Chalé";"Não";"-";"Ocupantes de automóvel";NA;NA;NA;NA;NA;NA;NA;NA;NA;NA;NA;NA;NA;NA;NA;1;NA;NA;NA;NA;1;NA;NA;NA;NA
31;"MG";3116159;"311615";"Chapada Gaúcha";"Não";"-";"Ocupantes de automóvel";NA;NA;NA;NA;NA;NA;NA;NA;NA;NA;NA;NA;NA;NA;1;NA;NA;NA;NA;NA;NA;NA;NA;NA;NA
31;"MG";3116407;"311640";"Claraval";"Não";"-";"Ocupantes de automóvel";NA;NA;NA;NA;NA;NA;NA;NA;NA;NA;NA;NA;NA;NA;NA;NA;NA;1;1;NA;NA;NA;NA;NA;NA
31;"MG";3116506;"311650";"Claro dos Poções";"Não";"-";"Ocupantes de automóvel";NA;NA;NA;NA;2;1;NA;NA;NA;1;NA;1;3;NA;2;8;1;NA;NA;1;1;1;2;2;NA
31;"MG";3116605;"311660";"Cláudio";"Não";"-";"Ocupantes de automóvel";NA;NA;NA;NA;NA;NA;NA;1;NA;NA;NA;1;2;NA;3;2;NA;2;1;NA;NA;1;NA;NA;NA
31;"MG";3116704;"311670";"Coimbra";"Não";"-";"Ocupantes de automóvel";NA;NA;NA;NA;NA;NA;1;NA;NA;NA;NA;NA;NA;NA;NA;NA;NA;NA;NA;1;NA;NA;1;NA;NA
31;"MG";3116803;"311680";"Coluna";"Não";"-";"Ocupantes de automóvel";NA;NA;NA;NA;NA;NA;NA;NA;NA;NA;NA;NA;NA;NA;NA;NA;NA;1;NA;NA;NA;NA;NA;NA;NA
31;"MG";3116902;"311690";"Comendador Gomes";"Não";"-";"Ocupantes de automóvel";NA;NA;NA;NA;NA;NA;NA;NA;NA;NA;NA;NA;NA;2;2;NA;NA;1;NA;NA;NA;NA;NA;1;NA
31;"MG";3117009;"311700";"Comercinho";"Não";"-";"Ocupantes de automóvel";NA;NA;2;NA;NA;NA;NA;NA;NA;NA;NA;NA;NA;NA;NA;NA;NA;NA;NA;NA;NA;NA;NA;NA;NA
31;"MG";3117108;"311710";"Conceição da Aparecida";"Não";"-";"Ocupantes de automóvel";NA;NA;NA;NA;NA;NA;NA;2;NA;NA;NA;NA;2;NA;NA;NA;NA;NA;NA;NA;NA;NA;NA;NA;NA
31;"MG";3117306;"311730";"Conceição das Alagoas";"Não";"-";"Ocupantes de automóvel";NA;NA;NA;NA;1;1;NA;NA;NA;NA;1;1;5;NA;NA;NA;NA;NA;1;NA;1;NA;1;1;NA
31;"MG";3117405;"311740";"Conceição de Ipanema";"Não";"-";"Ocupantes de automóvel";NA;NA;NA;NA;NA;NA;NA;NA;NA;NA;1;NA;NA;NA;1;NA;NA;NA;NA;NA;NA;NA;NA;NA;NA
31;"MG";3117504;"311750";"Conceição do Mato Dentro";"Não";"-";"Ocupantes de automóvel";NA;NA;NA;NA;NA;NA;NA;NA;NA;NA;NA;NA;NA;1;NA;NA;NA;NA;NA;1;NA;NA;2;1;NA
31;"MG";3117603;"311760";"Conceição do Pará";"Não";"-";"Ocupantes de automóvel";NA;NA;1;NA;NA;NA;NA;NA;NA;NA;NA;NA;NA;NA;NA;NA;NA;NA;NA;NA;NA;NA;NA;NA;NA
31;"MG";3117702;"311770";"Conceição do Rio Verde";"Não";"-";"Ocupantes de automóvel";NA;NA;3;NA;NA;NA;NA;NA;NA;2;NA;NA;NA;NA;3;1;NA;NA;NA;NA;NA;NA;NA;NA;NA
31;"MG";3117801;"311780";"Conceição dos Ouros";"Não";"-";"Ocupantes de automóvel";NA;NA;NA;NA;NA;NA;NA;NA;NA;NA;NA;NA;NA;NA;NA;NA;NA;NA;NA;NA;NA;NA;NA;NA;NA
31;"MG";3117836;"311783";"Cônego Marinho";"Não";"-";"Ocupantes de automóvel";NA;NA;NA;NA;NA;NA;NA;NA;NA;NA;NA;1;NA;NA;NA;NA;1;1;NA;NA;NA;NA;NA;NA;NA
31;"MG";3117876;"311787";"Confins";"Não";"Região Metropolitana de Belo Horizonte";"Ocupantes de automóvel";NA;1;NA;NA;NA;NA;NA;NA;NA;NA;NA;NA;NA;NA;NA;NA;NA;NA;NA;NA;NA;1;NA;NA;NA
31;"MG";3117900;"311790";"Congonhal";"Não";"-";"Ocupantes de automóvel";NA;NA;2;NA;NA;NA;NA;NA;NA;NA;NA;NA;NA;NA;NA;NA;NA;1;1;NA;NA;NA;NA;3;NA
31;"MG";3118007;"311800";"Congonhas";"Não";"-";"Ocupantes de automóvel";2;3;NA;2;7;1;6;4;6;5;8;8;8;8;5;5;5;3;3;3;4;2;4;3;NA
31;"MG";3118205;"311820";"Conquista";"Não";"-";"Ocupantes de automóvel";NA;NA;NA;NA;NA;NA;NA;NA;NA;NA;NA;NA;1;NA;NA;NA;NA;NA;NA;NA;NA;NA;NA;NA;NA
31;"MG";3118304;"311830";"Conselheiro Lafaiete";"Não";"-";"Ocupantes de automóvel";NA;NA;1;NA;NA;1;NA;12;5;6;9;8;10;2;13;8;4;5;1;1;NA;9;5;2;NA
31;"MG";3118403;"311840";"Conselheiro Pena";"Não";"-";"Ocupantes de automóvel";NA;NA;1;NA;1;1;NA;2;NA;NA;NA;NA;NA;NA;1;NA;NA;NA;1;NA;NA;NA;NA;2;NA
31;"MG";3118502;"311850";"Consolação";"Não";"-";"Ocupantes de automóvel";NA;NA;NA;NA;NA;NA;NA;NA;NA;NA;NA;NA;NA;NA;NA;NA;NA;NA;NA;NA;NA;NA;NA;NA;NA
31;"MG";3118601;"311860";"Contagem";"Não";"Região Metropolitana de Belo Horizonte";"Ocupantes de automóvel";3;12;16;15;9;18;41;31;31;35;34;27;22;21;30;34;10;17;10;15;12;8;8;5;NA
31;"MG";3118700;"311870";"Coqueiral";"Não";"-";"Ocupantes de automóvel";NA;NA;NA;NA;NA;NA;NA;NA;NA;NA;NA;NA;NA;NA;NA;NA;NA;NA;NA;1;1;1;NA;1;NA
31;"MG";3118809;"311880";"Coração de Jesus";"Não";"-";"Ocupantes de automóvel";NA;NA;1;NA;NA;NA;NA;NA;NA;NA;6;2;NA;2;4;2;3;6;1;3;1;1;1;2;NA
31;"MG";3118908;"311890";"Cordisburgo";"Não";"-";"Ocupantes de automóvel";NA;NA;NA;NA;NA;NA;1;NA;NA;NA;NA;NA;NA;NA;NA;NA;3;NA;2;1;NA;1;2;NA;NA
31;"MG";3119005;"311900";"Cordislândia";"Não";"-";"Ocupantes de automóvel";NA;NA;1;NA;NA;NA;NA;NA;NA;NA;NA;NA;NA;NA;NA;NA;NA;NA;NA;1;NA;NA;NA;NA;NA
31;"MG";3119104;"311910";"Corinto";"Não";"-";"Ocupantes de automóvel";NA;NA;2;7;2;2;2;2;2;NA;NA;1;10;17;12;13;21;7;6;1;14;10;8;2;NA
31;"MG";3119203;"311920";"Coroaci";"Não";"-";"Ocupantes de automóvel";NA;NA;NA;NA;NA;NA;NA;NA;NA;1;NA;NA;1;2;1;NA;NA;NA;NA;NA;NA;NA;NA;NA;NA
31;"MG";3119302;"311930";"Coromandel";"Não";"-";"Ocupantes de automóvel";NA;NA;NA;NA;1;NA;NA;NA;NA;NA;1;NA;NA;1;NA;1;NA;1;2;2;1;NA;NA;NA;NA
31;"MG";3119401;"311940";"Coronel Fabriciano";"Não";"Região Metropolitana do Vale do Aço";"Ocupantes de automóvel";NA;NA;NA;NA;NA;NA;NA;NA;2;NA;NA;NA;NA;NA;NA;NA;NA;NA;NA;NA;1;NA;NA;NA;NA
31;"MG";3119500;"311950";"Coronel Murta";"Não";"-";"Ocupantes de automóvel";NA;NA;NA;NA;NA;NA;1;NA;NA;NA;NA;NA;NA;NA;NA;NA;NA;NA;NA;1;NA;NA;NA;NA;NA
31;"MG";3119609;"311960";"Coronel Pacheco";"Não";"-";"Ocupantes de automóvel";NA;NA;NA;NA;NA;1;NA;3;NA;3;NA;1;NA;NA;NA;1;NA;NA;1;NA;NA;1;1;NA;NA
31;"MG";3119708;"311970";"Coronel Xavier Chaves";"Não";"-";"Ocupantes de automóvel";NA;NA;NA;NA;NA;NA;NA;1;NA;NA;NA;NA;NA;NA;NA;NA;NA;NA;NA;NA;NA;NA;NA;NA;NA
31;"MG";3119807;"311980";"Córrego Danta";"Não";"-";"Ocupantes de automóvel";NA;NA;NA;NA;NA;NA;NA;NA;1;1;NA;4;NA;NA;NA;NA;1;4;NA;NA;2;NA;2;5;NA
31;"MG";3119955;"311995";"Córrego Fundo";"Não";"-";"Ocupantes de automóvel";NA;NA;NA;NA;NA;NA;NA;NA;NA;NA;NA;NA;NA;NA;NA;NA;NA;NA;1;NA;1;2;NA;NA;NA
31;"MG";3120003;"312000";"Córrego Novo";"Não";"Colar Metropolitano";"Ocupantes de automóvel";NA;NA;NA;NA;NA;NA;NA;NA;NA;NA;NA;NA;NA;NA;1;NA;NA;NA;NA;NA;NA;NA;NA;NA;NA
31;"MG";3120102;"312010";"Couto de Magalhães de Minas";"Não";"-";"Ocupantes de automóvel";NA;NA;NA;NA;NA;NA;NA;NA;NA;NA;NA;NA;NA;NA;NA;NA;NA;1;NA;NA;NA;NA;NA;NA;NA
31;"MG";3120151;"312015";"Crisólita";"Não";"-";"Ocupantes de automóvel";NA;NA;NA;NA;NA;NA;NA;NA;NA;1;NA;3;NA;NA;NA;NA;NA;NA;NA;1;NA;NA;NA;NA;NA
31;"MG";3120201;"312020";"Cristais";"Não";"-";"Ocupantes de automóvel";NA;NA;2;NA;NA;NA;NA;NA;NA;NA;1;NA;NA;NA;NA;NA;NA;NA;NA;NA;NA;NA;NA;NA;NA
31;"MG";3120300;"312030";"Cristália";"Não";"-";"Ocupantes de automóvel";NA;NA;NA;NA;NA;NA;NA;NA;NA;1;NA;NA;NA;1;2;NA;NA;NA;NA;1;NA;NA;NA;NA;NA
31;"MG";3120409;"312040";"Cristiano Otoni";"Não";"-";"Ocupantes de automóvel";NA;4;NA;1;NA;NA;NA;NA;NA;NA;NA;2;NA;NA;NA;NA;NA;NA;NA;NA;NA;NA;NA;NA;NA
31;"MG";3120508;"312050";"Cristina";"Não";"-";"Ocupantes de automóvel";NA;NA;NA;NA;1;NA;NA;NA;NA;NA;1;NA;NA;NA;NA;4;NA;NA;NA;NA;1;NA;1;NA;NA
31;"MG";3120607;"312060";"Crucilândia";"Não";"-";"Ocupantes de automóvel";NA;NA;NA;NA;NA;NA;NA;NA;NA;NA;NA;NA;NA;NA;NA;NA;NA;NA;NA;NA;2;NA;NA;NA;NA
31;"MG";3120706;"312070";"Cruzeiro da Fortaleza";"Não";"-";"Ocupantes de automóvel";NA;NA;NA;NA;NA;NA;NA;NA;NA;NA;NA;NA;NA;NA;NA;NA;NA;NA;NA;1;NA;NA;NA;NA;NA
31;"MG";3120805;"312080";"Cruzília";"Não";"-";"Ocupantes de automóvel";NA;NA;1;NA;NA;NA;NA;NA;NA;NA;1;1;NA;NA;NA;NA;NA;NA;1;NA;NA;NA;NA;NA;NA
31;"MG";3120870;"312087";"Curral de Dentro";"Não";"-";"Ocupantes de automóvel";NA;NA;NA;NA;NA;NA;NA;NA;NA;NA;NA;2;NA;1;NA;2;2;3;1;NA;NA;2;NA;NA;NA
31;"MG";3120904;"312090";"Curvelo";"Não";"-";"Ocupantes de automóvel";NA;NA;NA;1;11;5;8;5;NA;NA;NA;NA;35;32;28;23;22;21;18;21;16;12;18;19;NA
31;"MG";3121001;"312100";"Datas";"Não";"-";"Ocupantes de automóvel";NA;NA;NA;NA;NA;NA;NA;NA;NA;NA;NA;NA;NA;NA;NA;NA;1;2;NA;1;NA;2;NA;NA;NA
31;"MG";3121100;"312110";"Delfim Moreira";"Não";"-";"Ocupantes de automóvel";NA;NA;NA;NA;NA;NA;NA;NA;NA;NA;NA;NA;NA;NA;NA;NA;NA;NA;NA;NA;NA;NA;NA;1;NA
31;"MG";3121209;"312120";"Delfinópolis";"Não";"-";"Ocupantes de automóvel";NA;NA;NA;NA;NA;NA;NA;NA;NA;1;NA;NA;NA;NA;NA;NA;NA;NA;1;NA;2;NA;NA;NA;NA
31;"MG";3121258;"312125";"Delta";"Não";"-";"Ocupantes de automóvel";NA;NA;NA;NA;NA;NA;NA;NA;NA;NA;NA;NA;1;NA;NA;NA;NA;NA;NA;NA;NA;NA;NA;NA;NA
31;"MG";3121308;"312130";"Descoberto";"Não";"-";"Ocupantes de automóvel";NA;NA;NA;NA;NA;NA;NA;NA;NA;NA;NA;NA;NA;NA;NA;NA;NA;NA;NA;NA;NA;NA;NA;NA;NA
31;"MG";3121407;"312140";"Desterro de Entre Rios";"Não";"-";"Ocupantes de automóvel";NA;NA;NA;NA;NA;NA;NA;NA;NA;NA;NA;NA;NA;NA;NA;NA;NA;NA;NA;1;NA;NA;NA;NA;NA
31;"MG";3121605;"312160";"Diamantina";"Não";"-";"Ocupantes de automóvel";NA;NA;NA;1;NA;NA;NA;3;1;5;2;3;3;NA;1;2;3;NA;1;4;1;NA;1;2;NA
31;"MG";3121803;"312180";"Dionísio";"Não";"Colar Metropolitano";"Ocupantes de automóvel";NA;NA;1;NA;NA;NA;NA;NA;NA;NA;NA;NA;NA;NA;NA;NA;1;NA;NA;NA;NA;NA;NA;NA;NA
31;"MG";3121902;"312190";"Divinésia";"Não";"-";"Ocupantes de automóvel";NA;NA;NA;NA;NA;NA;NA;NA;NA;NA;NA;NA;NA;NA;NA;NA;NA;NA;1;NA;NA;NA;NA;NA;NA
31;"MG";3122009;"312200";"Divino";"Não";"-";"Ocupantes de automóvel";NA;NA;NA;NA;NA;NA;NA;NA;2;NA;1;4;2;1;2;NA;1;1;NA;NA;NA;NA;NA;NA;NA
31;"MG";3122108;"312210";"Divino das Laranjeiras";"Não";"-";"Ocupantes de automóvel";NA;NA;1;NA;1;NA;NA;NA;NA;NA;1;NA;NA;NA;NA;NA;NA;NA;3;NA;NA;NA;NA;NA;NA
31;"MG";3122207;"312220";"Divinolândia de Minas";"Não";"-";"Ocupantes de automóvel";NA;NA;NA;NA;NA;NA;1;NA;NA;NA;NA;NA;NA;NA;1;NA;NA;NA;NA;NA;NA;NA;NA;NA;NA
31;"MG";3122306;"312230";"Divinópolis";"Não";"-";"Ocupantes de automóvel";NA;2;1;2;6;2;3;NA;NA;5;12;7;10;12;4;5;6;9;7;16;12;15;14;19;NA
31;"MG";3122355;"312235";"Divisa Alegre";"Não";"-";"Ocupantes de automóvel";NA;NA;NA;NA;1;NA;NA;NA;NA;NA;NA;NA;NA;NA;2;1;1;2;NA;NA;1;2;1;NA;NA
31;"MG";3122405;"312240";"Divisa Nova";"Não";"-";"Ocupantes de automóvel";NA;NA;NA;NA;NA;NA;NA;NA;NA;NA;NA;NA;NA;NA;NA;NA;NA;NA;1;NA;NA;NA;NA;NA;NA
31;"MG";3122454;"312245";"Divisópolis";"Não";"-";"Ocupantes de automóvel";NA;NA;NA;NA;NA;1;NA;NA;NA;NA;NA;NA;NA;NA;3;NA;NA;NA;1;1;NA;1;NA;NA;NA
31;"MG";3122470;"312247";"Dom Bosco";"Não";"-";"Ocupantes de automóvel";NA;NA;NA;NA;NA;NA;NA;NA;NA;3;NA;1;1;NA;NA;NA;NA;NA;NA;NA;3;NA;NA;NA;NA
31;"MG";3122504;"312250";"Dom Cavati";"Não";"Colar Metropolitano";"Ocupantes de automóvel";NA;NA;NA;NA;NA;NA;NA;1;NA;NA;NA;NA;NA;NA;NA;3;NA;NA;NA;NA;NA;1;1;2;NA
31;"MG";3122702;"312270";"Dom Silvério";"Não";"-";"Ocupantes de automóvel";NA;NA;NA;NA;NA;NA;NA;NA;NA;1;NA;NA;NA;NA;2;NA;NA;NA;NA;NA;NA;NA;NA;NA;NA
31;"MG";3122801;"312280";"Dom Viçoso";"Não";"-";"Ocupantes de automóvel";NA;NA;NA;NA;NA;NA;NA;NA;NA;NA;NA;NA;NA;NA;NA;NA;NA;NA;NA;NA;NA;NA;NA;NA;NA
31;"MG";3123007;"312300";"Dores de Campos";"Não";"-";"Ocupantes de automóvel";NA;NA;NA;NA;NA;NA;NA;NA;NA;NA;NA;NA;NA;NA;1;NA;NA;NA;NA;NA;NA;NA;NA;NA;NA
31;"MG";3123106;"312310";"Dores de Guanhães";"Não";"-";"Ocupantes de automóvel";NA;NA;NA;NA;1;NA;NA;NA;NA;NA;NA;NA;NA;NA;NA;NA;NA;NA;NA;NA;NA;NA;NA;NA;NA
31;"MG";3123205;"312320";"Dores do Indaiá";"Não";"-";"Ocupantes de automóvel";NA;NA;NA;NA;NA;NA;NA;2;NA;NA;NA;NA;1;NA;NA;NA;1;1;2;NA;1;NA;3;NA;NA
31;"MG";3123403;"312340";"Doresópolis";"Não";"-";"Ocupantes de automóvel";NA;NA;NA;NA;NA;NA;NA;NA;NA;NA;NA;NA;NA;NA;NA;NA;NA;NA;NA;NA;NA;1;NA;NA;NA
31;"MG";3123502;"312350";"Douradoquara";"Não";"-";"Ocupantes de automóvel";NA;NA;NA;NA;NA;NA;NA;NA;NA;NA;NA;1;NA;NA;NA;NA;NA;NA;NA;NA;NA;NA;NA;NA;NA
31;"MG";3123528;"312352";"Durandé";"Não";"-";"Ocupantes de automóvel";NA;NA;NA;NA;NA;NA;NA;1;NA;NA;NA;NA;NA;NA;NA;NA;NA;NA;NA;NA;NA;1;NA;NA;NA
31;"MG";3123601;"312360";"Elói Mendes";"Não";"-";"Ocupantes de automóvel";NA;NA;NA;NA;NA;NA;NA;1;NA;NA;NA;NA;NA;NA;NA;1;NA;2;NA;3;1;NA;NA;NA;NA
31;"MG";3123700;"312370";"Engenheiro Caldas";"Não";"-";"Ocupantes de automóvel";NA;NA;1;NA;4;3;NA;2;4;NA;1;NA;NA;3;1;1;NA;NA;1;NA;1;NA;1;1;NA
31;"MG";3123809;"312380";"Engenheiro Navarro";"Não";"-";"Ocupantes de automóvel";NA;NA;NA;NA;1;NA;2;NA;2;NA;NA;9;3;1;1;4;1;8;NA;1;NA;1;NA;NA;NA
31;"MG";3123858;"312385";"Entre Folhas";"Não";"Colar Metropolitano";"Ocupantes de automóvel";NA;NA;NA;NA;NA;NA;NA;NA;NA;NA;NA;NA;NA;NA;NA;NA;NA;NA;NA;NA;NA;1;NA;NA;NA
31;"MG";3123908;"312390";"Entre Rios de Minas";"Não";"-";"Ocupantes de automóvel";NA;NA;NA;NA;NA;NA;NA;NA;NA;NA;NA;1;NA;NA;NA;NA;1;NA;NA;NA;NA;NA;NA;NA;NA
31;"MG";3124005;"312400";"Ervália";"Não";"-";"Ocupantes de automóvel";NA;NA;NA;NA;1;NA;NA;NA;NA;NA;NA;NA;NA;NA;NA;NA;NA;NA;NA;NA;NA;NA;NA;NA;NA
31;"MG";3124104;"312410";"Esmeraldas";"Não";"Região Metropolitana de Belo Horizonte";"Ocupantes de automóvel";NA;NA;NA;2;NA;NA;NA;NA;NA;NA;NA;NA;NA;NA;NA;NA;NA;NA;NA;NA;NA;NA;NA;NA;NA
31;"MG";3124203;"312420";"Espera Feliz";"Não";"-";"Ocupantes de automóvel";NA;NA;1;NA;NA;NA;NA;1;1;3;NA;NA;1;1;1;1;NA;NA;3;NA;1;NA;NA;NA;NA
31;"MG";3124302;"312430";"Espinosa";"Não";"-";"Ocupantes de automóvel";NA;NA;1;2;2;NA;2;2;3;2;1;5;3;1;3;2;1;2;4;1;3;2;1;1;NA
31;"MG";3124401;"312440";"Espírito Santo do Dourado";"Não";"-";"Ocupantes de automóvel";NA;NA;NA;NA;NA;NA;NA;NA;NA;NA;NA;NA;NA;NA;NA;NA;NA;NA;NA;NA;NA;NA;NA;NA;NA
31;"MG";3124500;"312450";"Estiva";"Não";"-";"Ocupantes de automóvel";NA;NA;NA;NA;NA;NA;NA;NA;NA;NA;NA;NA;NA;1;NA;NA;NA;2;NA;1;NA;1;NA;1;NA
31;"MG";3124609;"312460";"Estrela Dalva";"Não";"-";"Ocupantes de automóvel";NA;NA;NA;NA;NA;NA;NA;1;NA;NA;NA;NA;NA;NA;NA;NA;NA;1;NA;NA;NA;NA;NA;NA;NA
31;"MG";3124708;"312470";"Estrela do Indaiá";"Não";"-";"Ocupantes de automóvel";NA;NA;NA;1;NA;NA;NA;NA;NA;NA;NA;NA;NA;NA;NA;NA;NA;NA;NA;NA;NA;1;NA;NA;NA
31;"MG";3124807;"312480";"Estrela do Sul";"Não";"-";"Ocupantes de automóvel";NA;NA;NA;NA;NA;NA;NA;NA;NA;NA;2;NA;NA;2;NA;2;3;NA;NA;NA;NA;NA;NA;NA;NA
31;"MG";3124906;"312490";"Eugenópolis";"Não";"-";"Ocupantes de automóvel";1;NA;NA;NA;NA;NA;NA;NA;NA;NA;NA;NA;NA;NA;NA;NA;NA;NA;NA;NA;NA;NA;NA;NA;NA
31;"MG";3125002;"312500";"Ewbank da Câmara";"Não";"-";"Ocupantes de automóvel";NA;NA;NA;NA;NA;NA;NA;1;3;3;NA;NA;NA;NA;2;NA;NA;NA;NA;NA;NA;NA;NA;NA;NA
31;"MG";3125101;"312510";"Extrema";"Não";"-";"Ocupantes de automóvel";NA;NA;1;NA;NA;1;NA;NA;NA;2;1;NA;NA;NA;NA;NA;2;3;3;NA;NA;NA;NA;NA;NA
31;"MG";3125200;"312520";"Fama";"Não";"-";"Ocupantes de automóvel";NA;NA;NA;NA;NA;NA;NA;NA;NA;NA;NA;NA;NA;NA;NA;NA;NA;NA;NA;NA;NA;NA;NA;NA;NA
31;"MG";3125309;"312530";"Faria Lemos";"Não";"-";"Ocupantes de automóvel";NA;NA;NA;NA;NA;NA;NA;NA;NA;NA;NA;NA;NA;NA;NA;NA;NA;NA;NA;NA;NA;NA;NA;NA;NA
31;"MG";3125507;"312550";"São Gonçalo do Rio Preto";"Não";"-";"Ocupantes de automóvel";NA;NA;NA;NA;NA;NA;NA;NA;NA;NA;NA;NA;NA;NA;NA;NA;NA;NA;NA;NA;NA;NA;NA;NA;NA
31;"MG";3125606;"312560";"Felisburgo";"Não";"-";"Ocupantes de automóvel";NA;NA;NA;NA;NA;NA;NA;NA;NA;NA;NA;NA;NA;NA;NA;NA;NA;1;NA;NA;NA;NA;NA;NA;NA
31;"MG";3125705;"312570";"Felixlândia";"Não";"-";"Ocupantes de automóvel";NA;NA;NA;NA;1;7;9;3;1;NA;NA;2;2;4;5;5;2;6;5;4;NA;1;NA;1;NA
31;"MG";3125804;"312580";"Fernandes Tourinho";"Não";"-";"Ocupantes de automóvel";NA;NA;NA;NA;NA;1;NA;1;NA;NA;NA;NA;NA;NA;NA;NA;NA;NA;NA;NA;NA;NA;NA;NA;NA
31;"MG";3125903;"312590";"Ferros";"Não";"-";"Ocupantes de automóvel";1;NA;NA;1;1;NA;NA;NA;NA;NA;NA;NA;NA;NA;NA;1;NA;4;NA;NA;NA;2;NA;NA;NA
31;"MG";3125952;"312595";"Fervedouro";"Não";"-";"Ocupantes de automóvel";NA;NA;NA;NA;NA;NA;NA;1;NA;NA;NA;NA;NA;NA;5;NA;NA;NA;NA;NA;1;NA;NA;NA;NA
31;"MG";3126000;"312600";"Florestal";"Não";"Região Metropolitana de Belo Horizonte";"Ocupantes de automóvel";NA;NA;NA;NA;NA;NA;NA;NA;NA;1;NA;NA;NA;NA;NA;NA;NA;NA;NA;NA;NA;NA;NA;NA;NA
31;"MG";3126109;"312610";"Formiga";"Não";"-";"Ocupantes de automóvel";NA;NA;NA;NA;NA;NA;NA;2;NA;NA;NA;NA;5;2;1;NA;NA;1;2;2;NA;1;1;3;NA
31;"MG";3126208;"312620";"Formoso";"Não";"-";"Ocupantes de automóvel";NA;NA;NA;NA;NA;NA;NA;NA;NA;NA;NA;NA;1;1;1;2;NA;2;NA;NA;NA;NA;NA;NA;NA
31;"MG";3126307;"312630";"Fortaleza de Minas";"Não";"-";"Ocupantes de automóvel";NA;NA;NA;NA;NA;NA;NA;NA;NA;NA;NA;NA;NA;NA;NA;NA;1;NA;NA;NA;NA;NA;NA;NA;NA
31;"MG";3126406;"312640";"Fortuna de Minas";"Não";"Colar Metropolitano de Belo Horizonte";"Ocupantes de automóvel";NA;NA;NA;NA;NA;NA;NA;NA;NA;NA;NA;NA;NA;NA;NA;NA;3;NA;NA;NA;NA;NA;NA;NA;NA
31;"MG";3126505;"312650";"Francisco Badaró";"Não";"-";"Ocupantes de automóvel";NA;NA;NA;NA;NA;NA;NA;NA;NA;NA;NA;NA;NA;NA;1;NA;NA;NA;NA;NA;NA;NA;NA;NA;NA
31;"MG";3126604;"312660";"Francisco Dumont";"Não";"-";"Ocupantes de automóvel";NA;NA;NA;NA;NA;NA;1;NA;NA;NA;1;NA;NA;NA;NA;NA;NA;2;NA;NA;NA;1;NA;1;NA
31;"MG";3126703;"312670";"Francisco Sá";"Não";"-";"Ocupantes de automóvel";NA;3;2;2;3;1;NA;9;8;5;17;7;6;14;9;8;2;8;1;6;8;15;10;5;NA
31;"MG";3126752;"312675";"Franciscópolis";"Não";"-";"Ocupantes de automóvel";NA;NA;NA;NA;NA;NA;NA;NA;NA;NA;NA;NA;1;NA;NA;NA;NA;NA;NA;NA;NA;NA;NA;NA;NA
31;"MG";3126901;"312690";"Frei Inocêncio";"Não";"-";"Ocupantes de automóvel";NA;NA;NA;1;1;5;NA;1;1;NA;NA;NA;1;2;2;NA;NA;NA;NA;NA;1;NA;NA;NA;NA
31;"MG";3126950;"312695";"Frei Lagonegro";"Não";"-";"Ocupantes de automóvel";NA;NA;NA;NA;NA;NA;NA;NA;NA;NA;NA;1;NA;NA;NA;NA;NA;NA;NA;NA;NA;NA;NA;NA;NA
31;"MG";3127008;"312700";"Fronteira";"Não";"-";"Ocupantes de automóvel";NA;NA;NA;NA;NA;NA;NA;NA;NA;NA;1;3;NA;NA;NA;NA;NA;1;NA;1;NA;1;NA;1;NA
31;"MG";3127057;"312705";"Fronteira dos Vales";"Não";"-";"Ocupantes de automóvel";NA;NA;NA;NA;NA;NA;NA;NA;NA;NA;NA;NA;NA;NA;NA;NA;NA;NA;NA;NA;NA;1;NA;NA;NA
31;"MG";3127073;"312707";"Fruta de Leite";"Não";"-";"Ocupantes de automóvel";NA;NA;NA;NA;1;NA;NA;1;NA;NA;1;1;NA;1;NA;NA;NA;NA;NA;1;NA;NA;1;2;NA
31;"MG";3127107;"312710";"Frutal";"Não";"-";"Ocupantes de automóvel";1;NA;1;NA;NA;NA;NA;NA;NA;NA;NA;4;4;7;5;7;3;1;3;2;NA;3;NA;2;NA
31;"MG";3127206;"312720";"Funilândia";"Não";"Colar Metropolitano de Belo Horizonte";"Ocupantes de automóvel";NA;NA;NA;NA;NA;1;1;NA;NA;NA;NA;NA;1;NA;NA;2;1;NA;NA;NA;1;NA;NA;NA;NA
31;"MG";3127305;"312730";"Galiléia";"Não";"-";"Ocupantes de automóvel";NA;NA;NA;1;3;NA;NA;NA;NA;NA;NA;NA;NA;1;NA;NA;NA;1;1;NA;NA;NA;NA;NA;NA
31;"MG";3127339;"312733";"Gameleiras";"Não";"-";"Ocupantes de automóvel";NA;NA;NA;NA;NA;NA;NA;NA;NA;NA;NA;NA;NA;NA;NA;1;NA;NA;NA;NA;NA;NA;NA;NA;NA
31;"MG";3127354;"312735";"Glaucilândia";"Não";"-";"Ocupantes de automóvel";NA;NA;NA;NA;NA;NA;NA;NA;NA;NA;NA;1;NA;NA;1;NA;NA;1;NA;NA;NA;NA;NA;NA;NA
31;"MG";3127370;"312737";"Goiabeira";"Não";"-";"Ocupantes de automóvel";NA;NA;NA;NA;NA;NA;NA;NA;1;NA;NA;NA;NA;NA;NA;NA;NA;NA;NA;NA;NA;NA;NA;NA;NA
31;"MG";3127388;"312738";"Goianá";"Não";"-";"Ocupantes de automóvel";NA;NA;NA;NA;NA;NA;NA;NA;NA;NA;NA;NA;NA;NA;NA;NA;NA;1;NA;NA;1;NA;NA;NA;NA
31;"MG";3127404;"312740";"Gonçalves";"Não";"-";"Ocupantes de automóvel";NA;NA;NA;NA;NA;NA;NA;NA;NA;NA;NA;NA;NA;NA;NA;NA;NA;NA;NA;NA;NA;NA;NA;NA;NA
31;"MG";3127503;"312750";"Gonzaga";"Não";"-";"Ocupantes de automóvel";NA;NA;NA;NA;NA;NA;NA;NA;NA;NA;NA;NA;NA;NA;NA;NA;NA;NA;1;NA;NA;NA;NA;NA;NA
31;"MG";3127602;"312760";"Gouveia";"Não";"-";"Ocupantes de automóvel";NA;NA;NA;NA;NA;NA;NA;NA;NA;NA;NA;1;NA;3;NA;NA;NA;NA;1;NA;1;2;1;1;NA
31;"MG";3127701;"312770";"Governador Valadares";"Não";"-";"Ocupantes de automóvel";NA;NA;5;16;4;7;8;9;6;1;2;2;3;10;17;11;9;7;7;7;16;10;11;25;NA
31;"MG";3127800;"312780";"Grão Mogol";"Não";"-";"Ocupantes de automóvel";NA;1;NA;2;3;NA;1;1;7;8;2;12;10;9;17;7;9;7;15;3;6;8;3;5;NA
31;"MG";3128006;"312800";"Guanhães";"Não";"-";"Ocupantes de automóvel";NA;NA;NA;NA;NA;NA;4;NA;NA;NA;NA;NA;NA;1;NA;NA;NA;NA;NA;NA;NA;NA;NA;NA;NA
31;"MG";3128105;"312810";"Guapé";"Não";"-";"Ocupantes de automóvel";NA;NA;NA;NA;NA;NA;NA;1;NA;NA;NA;NA;NA;1;1;NA;1;NA;NA;1;NA;NA;NA;NA;NA
31;"MG";3128204;"312820";"Guaraciaba";"Não";"-";"Ocupantes de automóvel";NA;NA;NA;NA;NA;NA;NA;NA;NA;NA;NA;NA;NA;NA;NA;NA;NA;NA;NA;NA;NA;NA;NA;1;NA
31;"MG";3128253;"312825";"Guaraciama";"Não";"-";"Ocupantes de automóvel";NA;NA;NA;NA;NA;NA;NA;NA;NA;NA;NA;NA;NA;1;NA;1;1;NA;NA;NA;NA;1;NA;NA;NA
31;"MG";3128303;"312830";"Guaranésia";"Não";"-";"Ocupantes de automóvel";NA;NA;NA;NA;NA;NA;NA;NA;NA;NA;NA;NA;1;NA;NA;NA;NA;NA;NA;NA;NA;NA;NA;NA;NA
31;"MG";3128402;"312840";"Guarani";"Não";"-";"Ocupantes de automóvel";NA;NA;NA;NA;NA;NA;NA;NA;NA;NA;NA;NA;NA;NA;NA;NA;NA;NA;NA;NA;NA;NA;NA;NA;NA
31;"MG";3128501;"312850";"Guarará";"Não";"-";"Ocupantes de automóvel";NA;NA;NA;NA;NA;NA;NA;NA;NA;NA;NA;NA;NA;NA;NA;NA;2;NA;NA;NA;NA;NA;NA;1;NA
31;"MG";3128600;"312860";"Guarda-Mor";"Não";"-";"Ocupantes de automóvel";NA;NA;NA;NA;NA;NA;NA;NA;NA;NA;NA;NA;NA;NA;NA;NA;NA;2;NA;2;NA;1;NA;NA;NA
31;"MG";3128709;"312870";"Guaxupé";"Não";"-";"Ocupantes de automóvel";NA;NA;NA;NA;NA;2;1;NA;2;1;NA;NA;1;NA;2;1;1;2;1;1;NA;2;1;NA;NA
31;"MG";3128808;"312880";"Guidoval";"Não";"-";"Ocupantes de automóvel";NA;NA;NA;NA;NA;NA;NA;NA;NA;NA;NA;NA;NA;NA;NA;NA;NA;NA;NA;1;NA;NA;NA;NA;NA
31;"MG";3128907;"312890";"Guimarânia";"Não";"-";"Ocupantes de automóvel";NA;NA;NA;NA;NA;NA;NA;NA;NA;NA;NA;NA;NA;2;NA;NA;NA;NA;NA;NA;NA;NA;NA;NA;NA
31;"MG";3129004;"312900";"Guiricema";"Não";"-";"Ocupantes de automóvel";NA;NA;NA;NA;NA;NA;NA;NA;NA;NA;NA;NA;NA;NA;1;NA;NA;NA;NA;1;NA;NA;NA;NA;NA
31;"MG";3129103;"312910";"Gurinhatã";"Não";"-";"Ocupantes de automóvel";NA;NA;NA;NA;1;NA;NA;NA;NA;NA;NA;1;1;NA;1;1;NA;NA;NA;NA;NA;NA;NA;1;NA
31;"MG";3129202;"312920";"Heliodora";"Não";"-";"Ocupantes de automóvel";NA;NA;NA;NA;NA;NA;NA;NA;NA;NA;NA;NA;NA;NA;NA;NA;NA;NA;NA;NA;NA;NA;1;NA;NA
31;"MG";3129301;"312930";"Iapu";"Não";"Colar Metropolitano";"Ocupantes de automóvel";NA;NA;NA;NA;NA;NA;NA;NA;NA;NA;NA;NA;NA;NA;NA;NA;NA;2;NA;NA;1;NA;2;NA;NA
31;"MG";3129400;"312940";"Ibertioga";"Não";"-";"Ocupantes de automóvel";NA;NA;NA;NA;NA;NA;NA;NA;NA;NA;NA;NA;NA;NA;NA;NA;NA;NA;NA;NA;NA;NA;NA;NA;NA
31;"MG";3129509;"312950";"Ibiá";"Não";"-";"Ocupantes de automóvel";NA;NA;1;1;NA;NA;NA;NA;NA;NA;1;4;3;1;3;2;2;2;1;4;NA;1;3;1;NA
31;"MG";3129608;"312960";"Ibiaí";"Não";"-";"Ocupantes de automóvel";NA;NA;NA;NA;NA;NA;NA;NA;NA;NA;1;NA;NA;NA;NA;4;1;1;1;NA;NA;NA;NA;NA;NA
31;"MG";3129657;"312965";"Ibiracatu";"Não";"-";"Ocupantes de automóvel";NA;NA;NA;NA;NA;NA;NA;NA;NA;NA;NA;NA;NA;NA;NA;NA;NA;NA;NA;NA;NA;NA;NA;NA;NA
31;"MG";3129707;"312970";"Ibiraci";"Não";"-";"Ocupantes de automóvel";NA;NA;NA;2;NA;NA;NA;NA;3;NA;NA;NA;NA;1;NA;1;NA;NA;NA;2;NA;NA;NA;NA;NA
31;"MG";3129806;"312980";"Ibirité";"Não";"Região Metropolitana de Belo Horizonte";"Ocupantes de automóvel";NA;NA;NA;NA;NA;2;1;5;NA;1;3;2;1;NA;1;1;NA;NA;1;NA;NA;NA;NA;NA;NA
31;"MG";3129905;"312990";"Ibitiúra de Minas";"Não";"-";"Ocupantes de automóvel";NA;NA;NA;NA;NA;NA;NA;NA;NA;NA;NA;NA;NA;NA;NA;NA;1;1;NA;NA;NA;NA;NA;NA;NA
31;"MG";3130051;"313005";"Icaraí de Minas";"Não";"-";"Ocupantes de automóvel";NA;NA;NA;NA;NA;NA;NA;NA;NA;NA;NA;NA;1;1;NA;1;NA;NA;1;NA;1;NA;NA;NA;NA
31;"MG";3130101;"313010";"Igarapé";"Não";"Região Metropolitana de Belo Horizonte";"Ocupantes de automóvel";NA;NA;NA;NA;NA;NA;NA;NA;NA;1;NA;NA;NA;1;NA;NA;NA;NA;NA;NA;NA;NA;NA;NA;NA
31;"MG";3130200;"313020";"Igaratinga";"Não";"-";"Ocupantes de automóvel";NA;NA;NA;NA;NA;NA;NA;NA;NA;NA;1;1;NA;NA;NA;2;1;NA;NA;NA;1;NA;NA;2;NA
31;"MG";3130309;"313030";"Iguatama";"Não";"-";"Ocupantes de automóvel";NA;NA;NA;NA;NA;NA;NA;NA;NA;NA;NA;NA;NA;NA;NA;NA;NA;NA;NA;NA;1;1;NA;NA;NA
31;"MG";3130408;"313040";"Ijaci";"Não";"-";"Ocupantes de automóvel";NA;NA;NA;NA;NA;NA;NA;NA;NA;1;NA;NA;NA;NA;NA;NA;NA;NA;1;NA;NA;NA;NA;NA;NA
31;"MG";3130507;"313050";"Ilicínea";"Não";"-";"Ocupantes de automóvel";NA;NA;NA;NA;NA;NA;1;NA;1;1;NA;NA;1;1;NA;NA;NA;NA;NA;NA;NA;NA;NA;1;NA
31;"MG";3130556;"313055";"Imbé de Minas";"Não";"-";"Ocupantes de automóvel";NA;NA;NA;NA;NA;NA;NA;NA;NA;NA;NA;1;NA;NA;NA;NA;NA;NA;NA;NA;NA;NA;NA;NA;NA
31;"MG";3130606;"313060";"Inconfidentes";"Não";"-";"Ocupantes de automóvel";NA;NA;NA;NA;NA;NA;NA;NA;NA;NA;NA;NA;NA;NA;NA;NA;NA;NA;NA;NA;NA;NA;NA;NA;NA
31;"MG";3130655;"313065";"Indaiabira";"Não";"-";"Ocupantes de automóvel";NA;NA;NA;NA;NA;NA;NA;NA;NA;NA;1;1;NA;NA;1;2;NA;4;NA;NA;NA;NA;1;NA;NA
31;"MG";3130705;"313070";"Indianópolis";"Não";"-";"Ocupantes de automóvel";NA;NA;NA;NA;NA;NA;NA;NA;NA;2;1;3;3;1;NA;1;1;NA;1;1;NA;NA;NA;NA;NA
31;"MG";3130804;"313080";"Ingaí";"Não";"-";"Ocupantes de automóvel";NA;NA;NA;NA;NA;NA;NA;NA;NA;NA;NA;NA;NA;1;NA;NA;NA;NA;NA;NA;NA;NA;1;NA;NA
31;"MG";3130903;"313090";"Inhapim";"Não";"-";"Ocupantes de automóvel";1;1;2;NA;1;NA;NA;2;4;3;3;3;NA;5;NA;2;2;2;2;2;1;NA;2;NA;NA
31;"MG";3131000;"313100";"Inhaúma";"Não";"Colar Metropolitano de Belo Horizonte";"Ocupantes de automóvel";NA;NA;NA;NA;NA;NA;NA;NA;NA;1;NA;NA;1;1;1;1;NA;NA;NA;NA;NA;1;NA;NA;NA
31;"MG";3131109;"313110";"Inimutaba";"Não";"-";"Ocupantes de automóvel";NA;NA;NA;NA;NA;NA;NA;NA;NA;NA;NA;1;2;NA;NA;NA;2;NA;NA;NA;NA;2;NA;NA;NA
31;"MG";3131158;"313115";"Ipaba";"Não";"Colar Metropolitano";"Ocupantes de automóvel";NA;NA;4;NA;NA;NA;2;2;NA;NA;NA;NA;NA;NA;NA;NA;NA;NA;NA;NA;NA;NA;NA;NA;NA
31;"MG";3131208;"313120";"Ipanema";"Não";"-";"Ocupantes de automóvel";NA;NA;NA;1;1;NA;NA;1;NA;3;1;NA;NA;1;NA;1;NA;NA;NA;NA;NA;NA;NA;NA;NA
31;"MG";3131307;"313130";"Ipatinga";"Não";"Região Metropolitana do Vale do Aço";"Ocupantes de automóvel";3;2;1;NA;NA;NA;NA;NA;NA;NA;NA;NA;NA;2;NA;1;NA;2;NA;3;NA;5;4;3;NA
31;"MG";3131406;"313140";"Ipiaçu";"Não";"-";"Ocupantes de automóvel";NA;NA;NA;NA;NA;NA;NA;NA;NA;NA;NA;NA;NA;NA;NA;NA;NA;NA;NA;NA;NA;NA;NA;NA;NA
31;"MG";3131505;"313150";"Ipuiúna";"Não";"-";"Ocupantes de automóvel";NA;NA;NA;NA;1;NA;NA;NA;1;NA;NA;NA;NA;NA;NA;NA;NA;NA;NA;NA;NA;NA;NA;NA;NA
31;"MG";3131604;"313160";"Iraí de Minas";"Não";"-";"Ocupantes de automóvel";NA;NA;NA;NA;NA;NA;NA;NA;NA;NA;NA;NA;1;1;NA;NA;NA;NA;NA;1;NA;NA;NA;NA;NA
31;"MG";3131703;"313170";"Itabira";"Não";"-";"Ocupantes de automóvel";1;NA;NA;3;3;3;1;NA;NA;NA;5;2;1;4;1;5;5;NA;2;1;1;4;4;1;NA
31;"MG";3131802;"313180";"Itabirinha";"Não";"-";"Ocupantes de automóvel";1;NA;NA;NA;NA;NA;1;NA;NA;1;NA;NA;NA;1;NA;NA;NA;NA;NA;NA;NA;NA;NA;NA;NA
31;"MG";3131901;"313190";"Itabirito";"Não";"Colar Metropolitano de Belo Horizonte";"Ocupantes de automóvel";NA;2;NA;4;3;1;NA;1;NA;1;NA;1;1;1;3;3;2;5;3;3;2;6;1;4;NA
31;"MG";3132008;"313200";"Itacambira";"Não";"-";"Ocupantes de automóvel";NA;NA;NA;NA;NA;NA;NA;NA;NA;NA;1;NA;NA;NA;NA;NA;1;3;NA;NA;NA;NA;NA;1;NA
31;"MG";3132107;"313210";"Itacarambi";"Não";"-";"Ocupantes de automóvel";NA;NA;NA;NA;NA;NA;NA;NA;2;NA;1;NA;NA;NA;NA;NA;NA;1;NA;3;NA;1;3;1;NA
31;"MG";3132206;"313220";"Itaguara";"Não";"Região Metropolitana de Belo Horizonte";"Ocupantes de automóvel";NA;NA;NA;1;1;NA;NA;1;NA;NA;2;2;NA;NA;NA;NA;1;NA;3;2;NA;1;1;NA;NA
31;"MG";3132305;"313230";"Itaipé";"Não";"-";"Ocupantes de automóvel";NA;NA;NA;NA;NA;NA;NA;NA;NA;NA;NA;NA;1;1;1;NA;NA;1;NA;NA;NA;NA;NA;NA;NA
31;"MG";3132404;"313240";"Itajubá";"Não";"-";"Ocupantes de automóvel";NA;NA;NA;NA;NA;NA;NA;NA;NA;NA;NA;NA;1;NA;NA;NA;1;NA;NA;NA;1;2;1;1;NA
31;"MG";3132503;"313250";"Itamarandiba";"Não";"-";"Ocupantes de automóvel";NA;NA;NA;NA;NA;NA;NA;NA;NA;NA;NA;1;NA;NA;NA;NA;1;1;1;1;NA;1;1;NA;NA
31;"MG";3132602;"313260";"Itamarati de Minas";"Não";"-";"Ocupantes de automóvel";NA;NA;NA;NA;NA;NA;NA;NA;NA;NA;NA;NA;NA;NA;NA;NA;NA;NA;NA;NA;NA;NA;NA;1;NA
31;"MG";3132701;"313270";"Itambacuri";"Não";"-";"Ocupantes de automóvel";NA;NA;2;1;2;2;NA;5;1;3;4;3;NA;3;1;NA;4;1;NA;4;1;1;2;NA;NA
31;"MG";3132909;"313290";"Itamogi";"Não";"-";"Ocupantes de automóvel";NA;NA;NA;NA;NA;2;NA;NA;NA;NA;NA;1;NA;NA;NA;NA;NA;NA;1;1;NA;NA;NA;NA;NA
31;"MG";3133006;"313300";"Itamonte";"Não";"-";"Ocupantes de automóvel";NA;NA;NA;NA;2;NA;NA;NA;NA;NA;NA;NA;NA;NA;NA;NA;NA;NA;NA;NA;NA;1;NA;NA;NA
31;"MG";3133105;"313310";"Itanhandu";"Não";"-";"Ocupantes de automóvel";NA;NA;NA;NA;NA;NA;NA;NA;NA;NA;NA;1;NA;NA;NA;NA;NA;NA;NA;NA;NA;NA;2;NA;NA
31;"MG";3133204;"313320";"Itanhomi";"Não";"-";"Ocupantes de automóvel";NA;NA;NA;NA;NA;NA;NA;1;NA;NA;NA;NA;NA;1;NA;NA;NA;NA;NA;NA;NA;NA;NA;NA;NA
31;"MG";3133303;"313330";"Itaobim";"Não";"-";"Ocupantes de automóvel";6;2;7;1;9;3;1;1;NA;4;4;3;8;2;NA;9;9;2;2;7;7;3;NA;5;NA
31;"MG";3133402;"313340";"Itapagipe";"Não";"-";"Ocupantes de automóvel";1;NA;NA;NA;NA;NA;NA;NA;NA;NA;1;NA;NA;1;NA;NA;1;1;NA;NA;NA;NA;1;NA;NA
31;"MG";3133501;"313350";"Itapecerica";"Não";"-";"Ocupantes de automóvel";NA;NA;NA;NA;NA;NA;1;NA;1;NA;NA;NA;NA;1;NA;NA;1;1;1;2;NA;1;1;NA;NA
31;"MG";3133600;"313360";"Itapeva";"Não";"-";"Ocupantes de automóvel";NA;NA;1;NA;1;NA;NA;NA;NA;NA;NA;NA;NA;NA;NA;NA;NA;1;NA;NA;NA;1;NA;2;NA
31;"MG";3133709;"313370";"Itatiaiuçu";"Não";"Região Metropolitana de Belo Horizonte";"Ocupantes de automóvel";NA;NA;1;NA;NA;NA;NA;1;NA;NA;NA;NA;3;NA;5;4;NA;1;2;NA;3;1;1;NA;NA
31;"MG";3133758;"313375";"Itaú de Minas";"Não";"-";"Ocupantes de automóvel";NA;NA;NA;1;NA;NA;NA;NA;NA;NA;NA;NA;2;NA;NA;NA;NA;1;NA;NA;NA;1;NA;NA;NA
31;"MG";3133808;"313380";"Itaúna";"Não";"Colar Metropolitano de Belo Horizonte";"Ocupantes de automóvel";NA;NA;NA;2;2;NA;NA;NA;NA;NA;1;1;1;2;4;NA;2;1;3;NA;2;1;3;7;NA
31;"MG";3133907;"313390";"Itaverava";"Não";"-";"Ocupantes de automóvel";NA;NA;NA;NA;NA;NA;NA;NA;2;NA;NA;NA;NA;NA;NA;NA;NA;NA;NA;NA;NA;NA;NA;NA;NA
31;"MG";3134004;"313400";"Itinga";"Não";"-";"Ocupantes de automóvel";NA;NA;NA;NA;NA;NA;1;NA;NA;NA;NA;NA;2;2;1;1;1;NA;NA;NA;1;1;NA;NA;NA
31;"MG";3134103;"313410";"Itueta";"Não";"-";"Ocupantes de automóvel";NA;NA;NA;NA;NA;NA;NA;NA;NA;NA;NA;NA;NA;1;NA;NA;NA;NA;NA;NA;NA;NA;NA;NA;NA
31;"MG";3134202;"313420";"Ituiutaba";"Não";"-";"Ocupantes de automóvel";1;NA;2;NA;3;1;1;3;3;4;3;3;5;4;2;4;3;6;1;1;NA;1;1;1;NA
31;"MG";3134301;"313430";"Itumirim";"Não";"-";"Ocupantes de automóvel";NA;NA;NA;NA;NA;NA;NA;1;NA;NA;1;NA;NA;NA;NA;4;NA;NA;NA;1;NA;NA;NA;NA;NA
31;"MG";3134400;"313440";"Iturama";"Não";"-";"Ocupantes de automóvel";NA;NA;NA;1;NA;NA;NA;2;2;NA;1;2;1;3;NA;NA;NA;2;1;2;3;NA;4;2;NA
31;"MG";3134509;"313450";"Itutinga";"Não";"-";"Ocupantes de automóvel";NA;NA;NA;NA;NA;NA;NA;NA;1;NA;NA;NA;NA;NA;NA;NA;NA;NA;NA;NA;NA;NA;NA;NA;NA
31;"MG";3134608;"313460";"Jaboticatubas";"Não";"Região Metropolitana de Belo Horizonte";"Ocupantes de automóvel";1;NA;NA;NA;NA;NA;NA;NA;NA;NA;NA;NA;1;1;2;1;1;NA;NA;1;NA;4;1;NA;NA
31;"MG";3134707;"313470";"Jacinto";"Não";"-";"Ocupantes de automóvel";NA;NA;NA;NA;NA;1;NA;NA;NA;NA;NA;NA;1;1;1;2;1;NA;NA;2;NA;1;3;1;NA
31;"MG";3134806;"313480";"Jacuí";"Não";"-";"Ocupantes de automóvel";NA;NA;NA;NA;NA;NA;NA;NA;NA;NA;NA;NA;NA;NA;NA;NA;NA;NA;NA;NA;NA;NA;NA;NA;NA
31;"MG";3134905;"313490";"Jacutinga";"Não";"-";"Ocupantes de automóvel";NA;NA;NA;NA;NA;NA;NA;NA;NA;NA;NA;NA;NA;1;NA;NA;NA;NA;NA;NA;NA;3;NA;NA;NA
31;"MG";3135001;"313500";"Jaguaraçu";"Não";"Colar Metropolitano";"Ocupantes de automóvel";NA;NA;NA;NA;NA;NA;1;NA;NA;1;NA;3;NA;NA;NA;NA;NA;NA;NA;1;1;NA;NA;NA;NA
31;"MG";3135050;"313505";"Jaíba";"Não";"-";"Ocupantes de automóvel";NA;NA;1;NA;NA;NA;NA;2;6;3;NA;5;3;1;7;7;3;2;3;3;1;3;5;2;NA
31;"MG";3135076;"313507";"Jampruca";"Não";"-";"Ocupantes de automóvel";NA;NA;1;1;1;NA;3;1;1;1;4;NA;NA;NA;1;3;NA;NA;NA;NA;NA;NA;NA;NA;NA
31;"MG";3135100;"313510";"Janaúba";"Não";"-";"Ocupantes de automóvel";NA;NA;NA;NA;NA;1;NA;NA;1;2;5;11;18;14;16;20;10;5;3;NA;5;9;5;15;NA
31;"MG";3135209;"313520";"Januária";"Não";"-";"Ocupantes de automóvel";1;1;NA;NA;NA;NA;NA;NA;1;1;NA;2;4;1;1;1;NA;2;1;NA;1;1;NA;NA;NA
31;"MG";3135308;"313530";"Japaraíba";"Não";"-";"Ocupantes de automóvel";NA;NA;NA;NA;NA;NA;NA;NA;NA;NA;NA;NA;NA;NA;NA;NA;NA;1;NA;NA;NA;NA;NA;NA;NA
31;"MG";3135357;"313535";"Japonvar";"Não";"-";"Ocupantes de automóvel";NA;NA;NA;NA;NA;NA;NA;NA;NA;NA;NA;2;1;1;NA;NA;NA;2;NA;NA;NA;1;NA;NA;NA
31;"MG";3135407;"313540";"Jeceaba";"Não";"-";"Ocupantes de automóvel";NA;NA;NA;NA;NA;NA;1;NA;NA;NA;NA;NA;NA;NA;NA;NA;NA;NA;NA;NA;NA;NA;NA;NA;NA
31;"MG";3135456;"313545";"Jenipapo de Minas";"Não";"-";"Ocupantes de automóvel";NA;NA;NA;NA;NA;NA;NA;NA;NA;NA;NA;NA;NA;NA;NA;NA;NA;NA;NA;NA;NA;NA;NA;1;NA
31;"MG";3135506;"313550";"Jequeri";"Não";"-";"Ocupantes de automóvel";NA;NA;NA;NA;NA;NA;NA;NA;NA;1;NA;NA;NA;NA;NA;NA;NA;NA;NA;NA;NA;NA;NA;NA;NA
31;"MG";3135605;"313560";"Jequitaí";"Não";"-";"Ocupantes de automóvel";1;NA;NA;NA;2;NA;NA;NA;NA;7;2;3;1;3;1;2;3;NA;NA;NA;1;3;2;1;NA
31;"MG";3135704;"313570";"Jequitibá";"Não";"-";"Ocupantes de automóvel";NA;NA;NA;NA;NA;NA;NA;NA;NA;NA;NA;NA;NA;2;1;2;NA;NA;NA;NA;NA;NA;1;NA;NA
31;"MG";3135803;"313580";"Jequitinhonha";"Não";"-";"Ocupantes de automóvel";NA;NA;NA;NA;NA;NA;NA;NA;NA;NA;NA;NA;4;3;4;2;2;NA;2;4;2;1;4;1;NA
31;"MG";3135902;"313590";"Jesuânia";"Não";"-";"Ocupantes de automóvel";NA;NA;NA;1;NA;NA;NA;NA;NA;NA;1;NA;NA;NA;NA;NA;NA;NA;NA;NA;NA;NA;1;NA;NA
31;"MG";3136009;"313600";"Joaíma";"Não";"-";"Ocupantes de automóvel";NA;NA;NA;NA;NA;NA;NA;NA;1;NA;NA;NA;NA;NA;NA;4;NA;1;1;1;NA;1;NA;1;NA
31;"MG";3136108;"313610";"Joanésia";"Não";"Colar Metropolitano";"Ocupantes de automóvel";NA;NA;NA;NA;NA;NA;NA;NA;NA;NA;NA;NA;NA;NA;NA;NA;NA;NA;NA;NA;NA;NA;NA;NA;NA
31;"MG";3136207;"313620";"João Monlevade";"Não";"-";"Ocupantes de automóvel";NA;NA;NA;NA;NA;NA;3;1;2;2;7;8;16;6;8;1;1;2;2;2;1;4;2;1;NA
31;"MG";3136306;"313630";"João Pinheiro";"Não";"-";"Ocupantes de automóvel";NA;NA;NA;NA;2;NA;4;NA;1;NA;3;NA;NA;4;6;NA;1;2;3;1;3;1;6;6;NA
31;"MG";3136405;"313640";"Joaquim Felício";"Não";"-";"Ocupantes de automóvel";NA;NA;NA;NA;NA;1;1;1;1;1;7;5;2;2;7;6;3;4;4;2;2;10;1;1;NA
31;"MG";3136504;"313650";"Jordânia";"Não";"-";"Ocupantes de automóvel";NA;NA;NA;NA;NA;NA;NA;NA;NA;NA;1;NA;2;NA;1;NA;1;NA;NA;3;1;NA;NA;NA;NA
31;"MG";3136520;"313652";"José Gonçalves de Minas";"Não";"-";"Ocupantes de automóvel";NA;NA;NA;NA;NA;NA;NA;NA;NA;NA;NA;NA;NA;NA;NA;NA;NA;NA;NA;NA;NA;NA;NA;NA;NA
31;"MG";3136553;"313655";"José Raydan";"Não";"-";"Ocupantes de automóvel";NA;NA;NA;NA;NA;NA;NA;NA;NA;NA;NA;2;NA;NA;NA;NA;NA;NA;NA;NA;NA;NA;NA;NA;NA
31;"MG";3136579;"313657";"Josenópolis";"Não";"-";"Ocupantes de automóvel";NA;NA;NA;NA;NA;NA;NA;NA;NA;NA;NA;NA;NA;NA;NA;NA;NA;NA;1;NA;1;NA;NA;NA;NA
31;"MG";3136603;"313660";"Nova União";"Não";"Região Metropolitana de Belo Horizonte";"Ocupantes de automóvel";NA;NA;NA;NA;NA;NA;NA;1;NA;NA;NA;NA;NA;1;NA;NA;NA;NA;NA;NA;NA;NA;NA;NA;NA
31;"MG";3136652;"313665";"Juatuba";"Não";"Região Metropolitana de Belo Horizonte";"Ocupantes de automóvel";NA;NA;NA;1;NA;NA;1;NA;NA;3;NA;NA;NA;2;NA;1;NA;2;NA;1;2;4;3;1;NA
31;"MG";3136702;"313670";"Juiz de Fora";"Não";"-";"Ocupantes de automóvel";3;NA;5;3;4;2;6;7;4;11;8;13;5;11;4;8;5;5;7;3;8;12;7;6;NA
31;"MG";3136801;"313680";"Juramento";"Não";"-";"Ocupantes de automóvel";NA;NA;NA;NA;1;NA;NA;NA;1;NA;NA;1;3;NA;1;NA;1;NA;1;NA;NA;NA;NA;2;NA
31;"MG";3136900;"313690";"Juruaia";"Não";"-";"Ocupantes de automóvel";NA;NA;NA;NA;NA;NA;NA;NA;NA;NA;NA;NA;NA;NA;NA;NA;NA;NA;NA;NA;NA;NA;NA;NA;NA
31;"MG";3136959;"313695";"Juvenília";"Não";"-";"Ocupantes de automóvel";NA;NA;NA;NA;NA;NA;NA;NA;NA;NA;NA;NA;NA;NA;NA;NA;NA;3;NA;1;NA;NA;NA;NA;NA
31;"MG";3137007;"313700";"Ladainha";"Não";"-";"Ocupantes de automóvel";NA;NA;NA;NA;NA;NA;NA;NA;NA;NA;1;1;NA;2;1;NA;1;NA;1;NA;NA;NA;NA;NA;NA
31;"MG";3137106;"313710";"Lagamar";"Não";"-";"Ocupantes de automóvel";NA;NA;NA;NA;NA;NA;NA;NA;NA;NA;NA;NA;NA;NA;NA;NA;NA;NA;NA;NA;NA;NA;1;NA;NA
31;"MG";3137205;"313720";"Lagoa da Prata";"Não";"-";"Ocupantes de automóvel";4;1;NA;NA;NA;NA;NA;NA;NA;1;NA;1;NA;NA;2;2;4;3;1;NA;NA;1;NA;NA;NA
31;"MG";3137304;"313730";"Lagoa dos Patos";"Não";"-";"Ocupantes de automóvel";NA;NA;NA;NA;NA;NA;NA;1;NA;NA;2;NA;NA;NA;NA;1;NA;NA;NA;NA;NA;NA;NA;NA;NA
31;"MG";3137403;"313740";"Lagoa Dourada";"Não";"-";"Ocupantes de automóvel";NA;NA;NA;1;NA;NA;NA;NA;NA;NA;NA;NA;NA;NA;NA;1;1;3;NA;NA;NA;NA;NA;NA;NA
31;"MG";3137502;"313750";"Lagoa Formosa";"Não";"-";"Ocupantes de automóvel";NA;NA;NA;NA;NA;NA;NA;NA;NA;NA;NA;NA;2;NA;NA;NA;NA;NA;NA;1;NA;NA;NA;NA;NA
31;"MG";3137536;"313753";"Lagoa Grande";"Não";"-";"Ocupantes de automóvel";NA;NA;NA;NA;1;NA;NA;NA;NA;NA;NA;NA;2;1;NA;NA;NA;NA;6;2;NA;1;1;3;NA
31;"MG";3137601;"313760";"Lagoa Santa";"Não";"Região Metropolitana de Belo Horizonte";"Ocupantes de automóvel";NA;NA;NA;NA;1;NA;NA;NA;NA;NA;NA;NA;NA;NA;NA;NA;NA;NA;NA;NA;1;NA;NA;NA;NA
31;"MG";3137700;"313770";"Lajinha";"Não";"-";"Ocupantes de automóvel";NA;NA;NA;NA;NA;1;NA;1;NA;NA;NA;1;NA;NA;NA;1;1;NA;NA;NA;NA;1;NA;1;NA
31;"MG";3137809;"313780";"Lambari";"Não";"-";"Ocupantes de automóvel";NA;NA;NA;NA;NA;NA;NA;NA;NA;NA;NA;NA;NA;NA;1;1;1;NA;NA;NA;NA;NA;NA;1;NA
31;"MG";3138005;"313800";"Laranjal";"Não";"-";"Ocupantes de automóvel";NA;NA;NA;NA;NA;NA;NA;NA;NA;NA;NA;NA;NA;1;1;1;NA;NA;NA;NA;NA;NA;NA;NA;NA
31;"MG";3138104;"313810";"Lassance";"Não";"-";"Ocupantes de automóvel";NA;NA;NA;NA;NA;NA;NA;NA;NA;NA;1;NA;5;2;3;NA;NA;1;NA;NA;2;NA;NA;NA;NA
31;"MG";3138203;"313820";"Lavras";"Não";"-";"Ocupantes de automóvel";NA;1;NA;NA;NA;1;2;3;1;NA;1;2;4;3;6;3;3;4;7;NA;NA;3;2;1;NA
31;"MG";3138351;"313835";"Leme do Prado";"Não";"-";"Ocupantes de automóvel";NA;NA;NA;NA;NA;NA;NA;NA;NA;1;NA;NA;NA;NA;NA;NA;NA;NA;NA;NA;NA;NA;NA;1;NA
31;"MG";3138401;"313840";"Leopoldina";"Não";"-";"Ocupantes de automóvel";NA;NA;NA;2;NA;2;NA;NA;NA;NA;NA;NA;NA;NA;1;3;6;6;3;4;2;1;6;3;NA
31;"MG";3138500;"313850";"Liberdade";"Não";"-";"Ocupantes de automóvel";NA;NA;NA;1;NA;NA;NA;NA;NA;NA;NA;NA;NA;NA;NA;NA;NA;NA;NA;NA;NA;NA;NA;1;NA
31;"MG";3138609;"313860";"Lima Duarte";"Não";"-";"Ocupantes de automóvel";NA;NA;NA;NA;1;NA;NA;1;NA;NA;NA;NA;NA;1;NA;1;NA;NA;NA;NA;1;1;NA;1;NA
31;"MG";3138625;"313862";"Limeira do Oeste";"Não";"-";"Ocupantes de automóvel";NA;NA;NA;NA;NA;NA;NA;NA;NA;NA;NA;NA;NA;NA;NA;NA;1;NA;NA;1;NA;1;NA;1;NA
31;"MG";3138658;"313865";"Lontra";"Não";"-";"Ocupantes de automóvel";NA;NA;1;NA;1;NA;NA;NA;3;NA;NA;1;NA;NA;NA;NA;NA;1;NA;NA;NA;NA;NA;1;NA
31;"MG";3138674;"313867";"Luisburgo";"Não";"-";"Ocupantes de automóvel";NA;NA;NA;NA;NA;NA;NA;NA;1;NA;NA;NA;NA;NA;NA;NA;NA;NA;NA;NA;NA;NA;NA;NA;NA
31;"MG";3138682;"313868";"Luislândia";"Não";"-";"Ocupantes de automóvel";NA;NA;NA;NA;NA;NA;NA;NA;NA;NA;NA;NA;1;NA;NA;NA;NA;NA;NA;NA;NA;NA;NA;NA;NA
31;"MG";3138708;"313870";"Luminárias";"Não";"-";"Ocupantes de automóvel";NA;NA;NA;NA;NA;NA;NA;NA;NA;NA;NA;NA;NA;NA;NA;NA;NA;NA;1;NA;NA;NA;NA;NA;NA
31;"MG";3138807;"313880";"Luz";"Não";"-";"Ocupantes de automóvel";1;5;NA;NA;1;NA;1;NA;1;4;1;NA;1;NA;1;NA;1;5;1;1;3;3;NA;NA;NA
31;"MG";3138906;"313890";"Machacalis";"Não";"-";"Ocupantes de automóvel";NA;NA;NA;NA;NA;NA;NA;NA;NA;NA;NA;1;NA;1;1;NA;NA;NA;NA;NA;NA;NA;NA;NA;NA
31;"MG";3139003;"313900";"Machado";"Não";"-";"Ocupantes de automóvel";NA;NA;NA;NA;NA;NA;NA;3;NA;2;1;1;3;NA;1;2;4;NA;NA;NA;1;1;NA;NA;NA
31;"MG";3139102;"313910";"Madre de Deus de Minas";"Não";"-";"Ocupantes de automóvel";NA;NA;NA;NA;NA;NA;NA;NA;NA;NA;NA;1;NA;NA;NA;NA;NA;NA;NA;NA;NA;NA;NA;NA;NA
31;"MG";3139201;"313920";"Malacacheta";"Não";"-";"Ocupantes de automóvel";NA;NA;NA;1;NA;NA;NA;1;NA;2;NA;1;NA;NA;1;NA;1;1;3;1;2;2;NA;4;NA
31;"MG";3139250;"313925";"Mamonas";"Não";"-";"Ocupantes de automóvel";NA;NA;NA;NA;NA;NA;NA;NA;NA;1;NA;NA;NA;NA;NA;NA;NA;1;NA;NA;NA;NA;NA;NA;NA
31;"MG";3139300;"313930";"Manga";"Não";"-";"Ocupantes de automóvel";NA;NA;NA;NA;NA;NA;NA;NA;NA;NA;NA;NA;NA;3;NA;1;NA;NA;1;NA;1;NA;NA;1;NA
31;"MG";3139409;"313940";"Manhuaçu";"Não";"-";"Ocupantes de automóvel";1;NA;NA;2;6;11;7;11;13;9;9;9;18;12;17;14;11;16;3;10;8;11;13;31;NA
31;"MG";3139508;"313950";"Manhumirim";"Não";"-";"Ocupantes de automóvel";NA;NA;NA;NA;1;NA;1;3;1;2;NA;1;NA;NA;NA;NA;NA;1;NA;NA;NA;NA;NA;NA;NA
31;"MG";3139607;"313960";"Mantena";"Não";"-";"Ocupantes de automóvel";NA;NA;NA;NA;NA;NA;NA;NA;NA;NA;NA;NA;NA;1;NA;NA;NA;NA;2;NA;NA;NA;NA;1;NA
31;"MG";3139706;"313970";"Maravilhas";"Não";"-";"Ocupantes de automóvel";NA;NA;NA;NA;NA;NA;NA;NA;NA;NA;NA;NA;NA;NA;NA;1;NA;NA;NA;NA;NA;3;NA;NA;NA
31;"MG";3139805;"313980";"Mar de Espanha";"Não";"-";"Ocupantes de automóvel";NA;NA;NA;NA;NA;NA;NA;NA;NA;NA;NA;NA;NA;1;NA;NA;NA;NA;NA;NA;1;1;NA;NA;NA
31;"MG";3139904;"313990";"Maria da Fé";"Não";"-";"Ocupantes de automóvel";NA;NA;NA;NA;1;NA;NA;NA;NA;NA;NA;NA;NA;NA;NA;NA;NA;NA;1;NA;NA;NA;NA;NA;NA
31;"MG";3140001;"314000";"Mariana";"Não";"-";"Ocupantes de automóvel";NA;1;NA;NA;NA;NA;1;NA;NA;NA;2;NA;NA;NA;NA;NA;NA;4;NA;NA;NA;NA;NA;NA;NA
31;"MG";3140159;"314015";"Mário Campos";"Não";"Região Metropolitana de Belo Horizonte";"Ocupantes de automóvel";NA;NA;NA;NA;NA;NA;NA;NA;1;NA;NA;NA;NA;NA;NA;NA;NA;NA;NA;NA;2;NA;1;NA;NA
31;"MG";3140209;"314020";"Maripá de Minas";"Não";"-";"Ocupantes de automóvel";NA;NA;NA;NA;NA;NA;NA;NA;NA;NA;NA;NA;NA;NA;NA;NA;NA;NA;NA;NA;1;NA;NA;NA;NA
31;"MG";3140308;"314030";"Marliéria";"Não";"Colar Metropolitano";"Ocupantes de automóvel";NA;NA;NA;NA;NA;NA;NA;NA;1;NA;NA;1;NA;NA;NA;NA;NA;NA;NA;NA;NA;NA;NA;NA;NA
31;"MG";3140506;"314050";"Martinho Campos";"Não";"-";"Ocupantes de automóvel";NA;2;NA;NA;NA;NA;NA;NA;1;1;NA;NA;2;NA;NA;NA;NA;2;2;4;2;3;1;2;NA
31;"MG";3140530;"314053";"Martins Soares";"Não";"-";"Ocupantes de automóvel";NA;NA;NA;NA;1;3;NA;NA;NA;1;1;2;7;1;NA;NA;1;NA;NA;NA;NA;1;1;1;NA
31;"MG";3140555;"314055";"Mata Verde";"Não";"-";"Ocupantes de automóvel";NA;NA;NA;NA;NA;NA;NA;NA;NA;NA;NA;NA;NA;NA;NA;1;NA;NA;NA;NA;3;NA;NA;NA;NA
31;"MG";3140605;"314060";"Materlândia";"Não";"-";"Ocupantes de automóvel";NA;NA;NA;NA;NA;NA;NA;1;NA;NA;NA;NA;NA;NA;NA;NA;NA;NA;NA;NA;NA;NA;NA;NA;NA
31;"MG";3140704;"314070";"Mateus Leme";"Não";"Região Metropolitana de Belo Horizonte";"Ocupantes de automóvel";NA;NA;NA;NA;NA;NA;NA;NA;NA;1;NA;NA;NA;4;2;NA;2;NA;NA;NA;NA;4;NA;NA;NA
31;"MG";3140803;"314080";"Matias Barbosa";"Não";"-";"Ocupantes de automóvel";NA;NA;NA;NA;NA;NA;NA;NA;1;NA;NA;NA;NA;NA;NA;NA;NA;NA;NA;NA;NA;NA;NA;NA;NA
31;"MG";3140852;"314085";"Matias Cardoso";"Não";"-";"Ocupantes de automóvel";NA;NA;NA;NA;NA;1;NA;NA;1;NA;NA;NA;NA;NA;NA;1;1;NA;NA;1;1;NA;NA;NA;NA
31;"MG";3140902;"314090";"Matipó";"Não";"-";"Ocupantes de automóvel";NA;NA;1;NA;2;2;NA;3;NA;9;1;NA;3;NA;NA;1;NA;NA;NA;1;NA;NA;NA;1;NA
31;"MG";3141009;"314100";"Mato Verde";"Não";"-";"Ocupantes de automóvel";NA;NA;NA;NA;NA;NA;NA;3;NA;2;NA;NA;NA;3;1;1;1;2;1;1;1;2;NA;1;NA
31;"MG";3141108;"314110";"Matozinhos";"Não";"Região Metropolitana de Belo Horizonte";"Ocupantes de automóvel";NA;NA;NA;NA;1;NA;NA;NA;1;NA;NA;NA;NA;2;1;2;NA;NA;NA;NA;NA;NA;NA;1;NA
31;"MG";3141207;"314120";"Matutina";"Não";"-";"Ocupantes de automóvel";NA;NA;NA;NA;NA;NA;NA;NA;NA;NA;NA;NA;NA;NA;NA;NA;NA;NA;NA;NA;NA;NA;NA;NA;NA
31;"MG";3141306;"314130";"Medeiros";"Não";"-";"Ocupantes de automóvel";NA;NA;NA;NA;NA;NA;NA;NA;NA;NA;NA;NA;NA;NA;NA;NA;NA;NA;NA;NA;NA;NA;NA;NA;NA
31;"MG";3141405;"314140";"Medina";"Não";"-";"Ocupantes de automóvel";NA;NA;10;4;5;11;4;1;1;1;3;2;1;NA;3;5;1;4;4;3;3;1;4;1;NA
31;"MG";3141504;"314150";"Mendes Pimentel";"Não";"-";"Ocupantes de automóvel";NA;NA;NA;NA;NA;NA;NA;NA;NA;NA;NA;NA;NA;NA;NA;NA;NA;NA;NA;NA;NA;NA;1;NA;NA
31;"MG";3141603;"314160";"Mercês";"Não";"-";"Ocupantes de automóvel";1;NA;NA;1;NA;NA;NA;NA;NA;NA;NA;NA;NA;NA;NA;NA;NA;NA;NA;NA;NA;NA;1;NA;NA
31;"MG";3141702;"314170";"Mesquita";"Não";"Colar Metropolitano";"Ocupantes de automóvel";NA;1;NA;NA;NA;NA;NA;NA;NA;NA;NA;NA;NA;NA;NA;NA;NA;NA;NA;NA;NA;NA;NA;NA;NA
31;"MG";3141801;"314180";"Minas Novas";"Não";"-";"Ocupantes de automóvel";NA;NA;NA;NA;NA;NA;NA;NA;NA;NA;NA;2;NA;1;NA;NA;NA;1;NA;2;NA;NA;1;1;NA
31;"MG";3141900;"314190";"Minduri";"Não";"-";"Ocupantes de automóvel";NA;NA;NA;NA;NA;NA;NA;NA;NA;1;NA;NA;NA;NA;NA;NA;NA;NA;NA;NA;NA;NA;1;NA;NA
31;"MG";3142007;"314200";"Mirabela";"Não";"-";"Ocupantes de automóvel";NA;NA;2;1;NA;1;NA;1;1;NA;5;1;NA;NA;3;1;NA;NA;1;NA;NA;1;NA;1;NA
31;"MG";3142106;"314210";"Miradouro";"Não";"-";"Ocupantes de automóvel";NA;NA;NA;NA;NA;NA;NA;NA;NA;NA;1;NA;NA;NA;NA;1;1;2;NA;NA;2;NA;NA;NA;NA
31;"MG";3142205;"314220";"Miraí";"Não";"-";"Ocupantes de automóvel";NA;NA;NA;NA;NA;NA;NA;NA;NA;NA;NA;NA;NA;NA;NA;NA;NA;NA;NA;NA;1;1;NA;NA;NA
31;"MG";3142304;"314230";"Moeda";"Não";"Colar Metropolitano de Belo Horizonte";"Ocupantes de automóvel";NA;NA;NA;NA;NA;NA;NA;NA;NA;NA;NA;NA;NA;NA;NA;NA;NA;NA;NA;NA;NA;NA;NA;NA;NA
31;"MG";3142403;"314240";"Moema";"Não";"-";"Ocupantes de automóvel";NA;1;1;NA;NA;1;NA;NA;NA;NA;NA;NA;NA;NA;NA;NA;1;NA;NA;NA;2;NA;2;1;NA
31;"MG";3142502;"314250";"Monjolos";"Não";"-";"Ocupantes de automóvel";NA;NA;NA;NA;NA;NA;NA;NA;NA;NA;NA;NA;NA;NA;NA;1;NA;NA;NA;NA;NA;NA;NA;NA;NA
31;"MG";3142601;"314260";"Monsenhor Paulo";"Não";"-";"Ocupantes de automóvel";NA;NA;NA;NA;NA;NA;1;NA;NA;NA;NA;NA;NA;NA;NA;NA;NA;NA;NA;NA;NA;1;NA;NA;NA
31;"MG";3142700;"314270";"Montalvânia";"Não";"-";"Ocupantes de automóvel";NA;NA;NA;NA;NA;NA;NA;NA;NA;NA;NA;NA;1;NA;NA;1;NA;NA;NA;NA;NA;1;1;NA;NA
31;"MG";3142809;"314280";"Monte Alegre de Minas";"Não";"-";"Ocupantes de automóvel";NA;NA;NA;2;2;NA;1;NA;3;2;1;3;4;4;6;3;1;3;1;2;NA;1;1;1;NA
31;"MG";3142908;"314290";"Monte Azul";"Não";"-";"Ocupantes de automóvel";NA;NA;NA;2;NA;NA;1;NA;NA;NA;3;NA;NA;1;2;1;1;5;1;5;2;2;NA;1;NA
31;"MG";3143005;"314300";"Monte Belo";"Não";"-";"Ocupantes de automóvel";NA;NA;NA;NA;NA;1;1;NA;1;NA;4;NA;1;NA;NA;NA;NA;NA;NA;1;NA;NA;NA;NA;NA
31;"MG";3143104;"314310";"Monte Carmelo";"Não";"-";"Ocupantes de automóvel";NA;NA;2;2;5;1;1;2;3;1;4;4;8;4;1;4;2;4;2;2;2;2;2;NA;NA
31;"MG";3143153;"314315";"Monte Formoso";"Não";"-";"Ocupantes de automóvel";NA;NA;NA;NA;NA;NA;NA;NA;NA;NA;NA;NA;1;NA;NA;NA;NA;NA;1;NA;NA;NA;NA;NA;NA
31;"MG";3143203;"314320";"Monte Santo de Minas";"Não";"-";"Ocupantes de automóvel";NA;NA;NA;4;NA;NA;NA;NA;NA;NA;1;NA;1;2;NA;NA;NA;NA;NA;1;NA;1;1;1;NA
31;"MG";3143302;"314330";"Montes Claros";"Não";"-";"Ocupantes de automóvel";NA;NA;2;1;NA;2;2;NA;3;35;61;53;43;58;73;84;63;54;32;42;55;47;58;49;NA
31;"MG";3143401;"314340";"Monte Sião";"Não";"-";"Ocupantes de automóvel";NA;NA;NA;NA;NA;NA;NA;NA;NA;NA;NA;NA;NA;NA;NA;NA;NA;NA;NA;1;NA;3;NA;NA;NA
31;"MG";3143450;"314345";"Montezuma";"Não";"-";"Ocupantes de automóvel";NA;NA;NA;NA;NA;NA;NA;NA;NA;NA;NA;NA;NA;1;NA;NA;NA;NA;NA;1;NA;2;1;NA;NA
31;"MG";3143500;"314350";"Morada Nova de Minas";"Não";"-";"Ocupantes de automóvel";NA;NA;NA;NA;NA;NA;NA;NA;1;NA;NA;NA;NA;NA;NA;NA;NA;2;NA;NA;1;NA;NA;NA;NA
31;"MG";3143609;"314360";"Morro da Garça";"Não";"-";"Ocupantes de automóvel";NA;NA;NA;NA;NA;NA;NA;NA;NA;NA;NA;NA;NA;NA;1;1;1;NA;NA;NA;NA;NA;NA;NA;NA
31;"MG";3143708;"314370";"Morro do Pilar";"Não";"-";"Ocupantes de automóvel";NA;NA;NA;NA;NA;NA;NA;NA;NA;NA;NA;NA;NA;NA;NA;NA;NA;NA;NA;NA;NA;NA;NA;NA;NA
31;"MG";3143807;"314380";"Munhoz";"Não";"-";"Ocupantes de automóvel";NA;NA;NA;NA;NA;NA;NA;NA;NA;NA;NA;NA;NA;NA;NA;NA;NA;NA;1;NA;NA;NA;NA;NA;NA
31;"MG";3143906;"314390";"Muriaé";"Não";"-";"Ocupantes de automóvel";NA;NA;NA;NA;NA;NA;NA;NA;NA;NA;NA;NA;NA;NA;NA;NA;1;1;NA;NA;1;1;2;7;NA
31;"MG";3144003;"314400";"Mutum";"Não";"-";"Ocupantes de automóvel";NA;NA;2;NA;2;NA;NA;4;NA;NA;NA;1;1;NA;NA;NA;1;1;1;1;1;NA;1;NA;NA
31;"MG";3144102;"314410";"Muzambinho";"Não";"-";"Ocupantes de automóvel";NA;NA;NA;NA;NA;1;NA;NA;NA;NA;NA;1;NA;NA;NA;1;NA;NA;NA;NA;5;NA;2;1;NA
31;"MG";3144300;"314430";"Nanuque";"Não";"-";"Ocupantes de automóvel";NA;NA;1;NA;NA;1;1;1;2;NA;3;3;2;NA;1;NA;1;1;NA;1;1;NA;1;NA;NA
31;"MG";3144359;"314435";"Naque";"Não";"Colar Metropolitano";"Ocupantes de automóvel";NA;NA;NA;NA;NA;NA;NA;NA;2;NA;1;NA;NA;NA;NA;NA;NA;1;4;NA;NA;1;NA;1;NA
31;"MG";3144375;"314437";"Natalândia";"Não";"-";"Ocupantes de automóvel";NA;NA;NA;NA;NA;NA;NA;NA;NA;NA;NA;NA;NA;NA;NA;1;NA;1;NA;NA;NA;NA;NA;NA;NA
31;"MG";3144409;"314440";"Natércia";"Não";"-";"Ocupantes de automóvel";NA;NA;NA;NA;NA;NA;NA;NA;NA;NA;NA;NA;NA;NA;NA;NA;NA;NA;NA;NA;NA;NA;NA;NA;NA
31;"MG";3144508;"314450";"Nazareno";"Não";"-";"Ocupantes de automóvel";NA;NA;NA;NA;NA;NA;NA;NA;NA;NA;NA;NA;2;NA;1;NA;NA;NA;NA;NA;1;NA;NA;NA;NA
31;"MG";3144607;"314460";"Nepomuceno";"Não";"-";"Ocupantes de automóvel";NA;NA;NA;NA;NA;1;NA;1;NA;NA;NA;1;NA;1;1;1;1;NA;NA;1;1;NA;NA;NA;NA
31;"MG";3144656;"314465";"Ninheira";"Não";"-";"Ocupantes de automóvel";NA;NA;NA;NA;NA;NA;NA;1;NA;NA;NA;NA;NA;NA;1;NA;NA;2;NA;NA;1;1;NA;1;NA
31;"MG";3144706;"314470";"Nova Era";"Não";"-";"Ocupantes de automóvel";1;6;1;6;4;2;1;2;NA;NA;1;1;NA;5;5;1;5;NA;2;3;3;NA;NA;NA;NA
31;"MG";3144805;"314480";"Nova Lima";"Não";"Região Metropolitana de Belo Horizonte";"Ocupantes de automóvel";1;1;1;2;NA;1;NA;4;4;3;NA;8;2;3;6;NA;1;3;2;NA;1;5;NA;1;NA
31;"MG";3144904;"314490";"Nova Módica";"Não";"-";"Ocupantes de automóvel";NA;NA;NA;NA;NA;NA;NA;NA;NA;NA;NA;NA;NA;NA;NA;NA;NA;NA;NA;NA;NA;NA;NA;1;NA
31;"MG";3145000;"314500";"Nova Ponte";"Não";"-";"Ocupantes de automóvel";NA;NA;NA;NA;1;2;1;2;NA;4;NA;1;2;NA;3;NA;4;2;NA;NA;NA;NA;1;NA;NA
31;"MG";3145059;"314505";"Nova Porteirinha";"Não";"-";"Ocupantes de automóvel";NA;NA;NA;NA;NA;NA;1;2;2;NA;NA;1;NA;NA;NA;1;NA;NA;NA;2;NA;NA;2;NA;NA
31;"MG";3145109;"314510";"Nova Resende";"Não";"-";"Ocupantes de automóvel";NA;NA;NA;NA;NA;NA;NA;NA;NA;NA;NA;1;NA;NA;NA;NA;1;NA;NA;1;NA;NA;NA;NA;NA
31;"MG";3145208;"314520";"Nova Serrana";"Não";"-";"Ocupantes de automóvel";NA;NA;1;1;1;NA;1;NA;NA;1;5;9;10;17;5;1;4;3;3;5;1;7;3;5;NA
31;"MG";3145307;"314530";"Novo Cruzeiro";"Não";"-";"Ocupantes de automóvel";NA;NA;NA;NA;NA;NA;1;NA;NA;NA;1;2;NA;2;NA;NA;NA;NA;1;1;NA;NA;NA;NA;NA
31;"MG";3145356;"314535";"Novo Oriente de Minas";"Não";"-";"Ocupantes de automóvel";NA;NA;NA;NA;NA;NA;NA;NA;NA;NA;1;NA;NA;NA;1;NA;NA;NA;NA;NA;NA;NA;1;NA;NA
31;"MG";3145372;"314537";"Novorizonte";"Não";"-";"Ocupantes de automóvel";NA;NA;NA;NA;NA;NA;NA;NA;NA;NA;NA;NA;NA;1;1;NA;1;NA;NA;NA;NA;NA;NA;NA;NA
31;"MG";3145406;"314540";"Olaria";"Não";"-";"Ocupantes de automóvel";NA;NA;NA;NA;NA;NA;NA;NA;NA;NA;NA;1;NA;NA;NA;NA;NA;NA;NA;NA;NA;NA;1;NA;NA
31;"MG";3145455;"314545";"Olhos-d'Água";"Não";"-";"Ocupantes de automóvel";NA;NA;NA;1;NA;NA;NA;NA;NA;NA;NA;NA;1;NA;2;1;2;NA;NA;NA;NA;2;1;NA;NA
31;"MG";3145604;"314560";"Oliveira";"Não";"-";"Ocupantes de automóvel";NA;NA;NA;NA;2;NA;NA;1;2;1;NA;1;2;1;NA;NA;8;7;3;1;1;6;6;7;NA
31;"MG";3145703;"314570";"Oliveira Fortes";"Não";"-";"Ocupantes de automóvel";NA;NA;NA;NA;NA;NA;NA;NA;NA;NA;NA;NA;NA;NA;NA;NA;NA;NA;NA;NA;NA;NA;NA;NA;NA
31;"MG";3145802;"314580";"Onça de Pitangui";"Não";"-";"Ocupantes de automóvel";NA;1;NA;NA;NA;NA;NA;NA;NA;NA;NA;NA;NA;NA;NA;NA;2;NA;NA;NA;NA;1;NA;NA;NA
31;"MG";3145851;"314585";"Oratórios";"Não";"-";"Ocupantes de automóvel";NA;NA;NA;NA;NA;NA;NA;NA;NA;NA;NA;1;NA;NA;NA;NA;NA;NA;NA;NA;NA;NA;NA;NA;NA
31;"MG";3145877;"314587";"Orizânia";"Não";"-";"Ocupantes de automóvel";NA;NA;NA;NA;NA;NA;NA;NA;NA;NA;NA;2;1;1;NA;NA;NA;NA;NA;NA;2;NA;NA;NA;NA
31;"MG";3145901;"314590";"Ouro Branco";"Não";"-";"Ocupantes de automóvel";NA;NA;NA;2;1;NA;NA;NA;NA;1;NA;1;1;1;NA;1;1;NA;1;1;2;1;NA;1;NA
31;"MG";3146008;"314600";"Ouro Fino";"Não";"-";"Ocupantes de automóvel";NA;NA;NA;NA;NA;NA;NA;NA;NA;NA;NA;NA;1;1;NA;NA;NA;NA;1;NA;NA;NA;NA;NA;NA
31;"MG";3146107;"314610";"Ouro Preto";"Não";"-";"Ocupantes de automóvel";1;1;NA;4;NA;NA;2;NA;NA;1;NA;5;2;NA;NA;NA;3;NA;NA;1;2;NA;2;2;NA
31;"MG";3146206;"314620";"Ouro Verde de Minas";"Não";"-";"Ocupantes de automóvel";NA;NA;NA;NA;NA;NA;NA;NA;NA;NA;NA;NA;NA;NA;NA;NA;NA;NA;NA;1;NA;NA;NA;NA;NA
31;"MG";3146255;"314625";"Padre Carvalho";"Não";"-";"Ocupantes de automóvel";NA;NA;NA;NA;NA;1;NA;NA;1;2;2;NA;NA;15;5;5;2;3;4;NA;3;1;3;NA;NA
31;"MG";3146305;"314630";"Padre Paraíso";"Não";"-";"Ocupantes de automóvel";NA;NA;NA;NA;2;4;1;NA;2;5;1;1;2;2;6;5;NA;1;NA;1;NA;NA;3;NA;NA
31;"MG";3146404;"314640";"Paineiras";"Não";"-";"Ocupantes de automóvel";NA;NA;NA;NA;NA;NA;NA;NA;NA;NA;NA;NA;NA;NA;NA;NA;NA;NA;NA;NA;NA;1;NA;NA;NA
31;"MG";3146503;"314650";"Pains";"Não";"-";"Ocupantes de automóvel";NA;NA;NA;NA;NA;NA;NA;NA;NA;NA;1;NA;NA;NA;NA;NA;NA;2;1;NA;NA;NA;NA;1;NA
31;"MG";3146552;"314655";"Pai Pedro";"Não";"-";"Ocupantes de automóvel";NA;NA;NA;NA;NA;NA;NA;NA;NA;NA;1;1;NA;1;NA;NA;1;NA;3;NA;NA;1;NA;NA;NA
31;"MG";3146701;"314670";"Palma";"Não";"-";"Ocupantes de automóvel";NA;NA;NA;NA;1;NA;NA;NA;NA;NA;NA;NA;NA;NA;NA;1;NA;NA;NA;NA;NA;NA;NA;NA;NA
31;"MG";3146750;"314675";"Palmópolis";"Não";"-";"Ocupantes de automóvel";NA;NA;NA;NA;NA;NA;NA;NA;NA;NA;NA;NA;NA;NA;NA;NA;NA;NA;1;2;NA;NA;NA;NA;NA
31;"MG";3146909;"314690";"Papagaios";"Não";"-";"Ocupantes de automóvel";NA;NA;NA;NA;NA;NA;NA;NA;NA;NA;NA;NA;NA;1;2;NA;NA;3;NA;NA;NA;1;3;NA;NA
31;"MG";3147006;"314700";"Paracatu";"Não";"-";"Ocupantes de automóvel";NA;NA;NA;1;NA;3;NA;NA;NA;NA;NA;NA;NA;7;10;6;6;9;12;13;11;12;8;7;NA
31;"MG";3147105;"314710";"Pará de Minas";"Não";"Colar Metropolitano de Belo Horizonte";"Ocupantes de automóvel";NA;1;NA;NA;2;1;NA;2;NA;1;3;NA;4;4;5;NA;3;NA;1;4;5;4;1;1;NA
31;"MG";3147204;"314720";"Paraguaçu";"Não";"-";"Ocupantes de automóvel";NA;NA;NA;NA;NA;NA;NA;1;NA;NA;1;NA;2;NA;NA;NA;NA;1;NA;1;NA;NA;NA;NA;NA
31;"MG";3147303;"314730";"Paraisópolis";"Não";"-";"Ocupantes de automóvel";NA;NA;NA;NA;NA;1;NA;NA;NA;NA;NA;NA;NA;1;NA;NA;NA;NA;NA;NA;NA;NA;NA;NA;NA
31;"MG";3147402;"314740";"Paraopeba";"Não";"-";"Ocupantes de automóvel";NA;NA;1;1;2;1;5;1;NA;NA;NA;NA;3;2;NA;2;1;6;1;5;1;4;3;NA;NA
31;"MG";3147600;"314760";"Passa Quatro";"Não";"-";"Ocupantes de automóvel";NA;NA;NA;NA;NA;NA;NA;NA;NA;NA;NA;NA;NA;NA;NA;NA;NA;NA;NA;NA;NA;NA;1;1;NA
31;"MG";3147709;"314770";"Passa Tempo";"Não";"-";"Ocupantes de automóvel";NA;NA;NA;NA;NA;1;NA;NA;NA;NA;NA;1;NA;1;NA;NA;NA;NA;NA;NA;NA;NA;NA;NA;NA
31;"MG";3147808;"314780";"Passa Vinte";"Não";"-";"Ocupantes de automóvel";NA;NA;NA;NA;NA;NA;NA;NA;NA;NA;NA;NA;NA;NA;NA;NA;NA;NA;NA;NA;NA;NA;NA;NA;NA
31;"MG";3147907;"314790";"Passos";"Não";"-";"Ocupantes de automóvel";1;NA;1;3;NA;1;3;4;5;1;2;2;7;NA;6;1;2;1;1;2;2;3;2;3;NA
31;"MG";3147956;"314795";"Patis";"Não";"-";"Ocupantes de automóvel";NA;NA;NA;NA;NA;NA;NA;NA;NA;1;NA;NA;NA;NA;1;NA;NA;NA;NA;NA;NA;NA;NA;NA;NA
31;"MG";3148004;"314800";"Patos de Minas";"Não";"-";"Ocupantes de automóvel";NA;NA;NA;NA;NA;NA;NA;NA;NA;NA;5;NA;NA;3;NA;1;3;9;1;2;11;2;3;16;NA
31;"MG";3148103;"314810";"Patrocínio";"Não";"-";"Ocupantes de automóvel";2;2;1;3;NA;4;NA;3;2;2;1;3;5;3;3;2;5;9;4;8;10;9;3;5;NA
31;"MG";3148202;"314820";"Patrocínio do Muriaé";"Não";"-";"Ocupantes de automóvel";NA;NA;NA;NA;NA;NA;NA;NA;NA;NA;NA;NA;NA;NA;NA;NA;1;NA;NA;NA;NA;NA;1;NA;NA
31;"MG";3148301;"314830";"Paula Cândido";"Não";"-";"Ocupantes de automóvel";NA;NA;NA;NA;NA;NA;NA;NA;NA;NA;NA;NA;NA;NA;NA;NA;NA;NA;NA;NA;NA;NA;NA;NA;NA
31;"MG";3148400;"314840";"Paulistas";"Não";"-";"Ocupantes de automóvel";NA;1;NA;NA;1;NA;1;NA;NA;NA;NA;NA;NA;NA;NA;NA;NA;NA;NA;NA;NA;NA;NA;NA;NA
31;"MG";3148509;"314850";"Pavão";"Não";"-";"Ocupantes de automóvel";NA;NA;NA;NA;NA;1;NA;NA;1;NA;NA;NA;NA;NA;NA;NA;NA;NA;1;NA;NA;NA;NA;NA;NA
31;"MG";3148608;"314860";"Peçanha";"Não";"-";"Ocupantes de automóvel";NA;NA;NA;NA;NA;NA;NA;NA;1;NA;2;NA;NA;NA;NA;NA;NA;NA;3;NA;NA;NA;NA;NA;NA
31;"MG";3148707;"314870";"Pedra Azul";"Não";"-";"Ocupantes de automóvel";NA;NA;NA;3;NA;4;1;NA;1;NA;1;NA;NA;1;NA;1;5;3;NA;3;2;3;5;3;NA
31;"MG";3148806;"314880";"Pedra do Anta";"Não";"-";"Ocupantes de automóvel";NA;NA;NA;NA;NA;NA;NA;NA;NA;NA;1;NA;NA;NA;NA;NA;NA;NA;NA;NA;NA;NA;NA;NA;NA
31;"MG";3148905;"314890";"Pedra do Indaiá";"Não";"-";"Ocupantes de automóvel";NA;NA;NA;NA;NA;NA;NA;NA;NA;NA;NA;NA;1;NA;NA;NA;2;1;1;NA;2;2;3;NA;NA
31;"MG";3149002;"314900";"Pedra Dourada";"Não";"-";"Ocupantes de automóvel";NA;NA;NA;NA;NA;NA;NA;NA;NA;NA;NA;NA;NA;NA;NA;NA;NA;NA;NA;NA;NA;NA;NA;NA;NA
31;"MG";3149101;"314910";"Pedralva";"Não";"-";"Ocupantes de automóvel";NA;NA;NA;NA;NA;NA;NA;NA;1;NA;NA;NA;NA;NA;NA;NA;NA;NA;NA;NA;NA;NA;NA;NA;NA
31;"MG";3149150;"314915";"Pedras de Maria da Cruz";"Não";"-";"Ocupantes de automóvel";NA;NA;NA;NA;NA;NA;NA;NA;NA;NA;NA;NA;NA;NA;NA;1;4;NA;NA;NA;NA;NA;NA;NA;NA
31;"MG";3149200;"314920";"Pedrinópolis";"Não";"-";"Ocupantes de automóvel";NA;NA;NA;NA;NA;NA;NA;NA;NA;NA;NA;NA;NA;NA;NA;NA;NA;NA;1;NA;NA;NA;NA;NA;NA
31;"MG";3149309;"314930";"Pedro Leopoldo";"Não";"Região Metropolitana de Belo Horizonte";"Ocupantes de automóvel";NA;1;NA;NA;NA;2;3;1;1;1;NA;NA;NA;NA;NA;NA;NA;NA;NA;NA;NA;NA;NA;NA;NA
31;"MG";3149408;"314940";"Pedro Teixeira";"Não";"-";"Ocupantes de automóvel";NA;NA;NA;NA;NA;NA;NA;NA;NA;NA;NA;NA;NA;NA;NA;NA;NA;NA;NA;NA;NA;NA;NA;NA;NA
31;"MG";3149507;"314950";"Pequeri";"Não";"-";"Ocupantes de automóvel";NA;NA;NA;NA;NA;NA;NA;NA;NA;NA;NA;NA;NA;NA;NA;NA;NA;NA;NA;NA;NA;NA;NA;NA;NA
31;"MG";3149606;"314960";"Pequi";"Não";"-";"Ocupantes de automóvel";NA;NA;NA;NA;NA;NA;NA;NA;1;NA;NA;NA;NA;NA;NA;NA;1;1;NA;1;1;NA;NA;1;NA
31;"MG";3149705;"314970";"Perdigão";"Não";"-";"Ocupantes de automóvel";NA;NA;NA;NA;NA;NA;NA;NA;1;NA;NA;NA;1;NA;1;NA;NA;1;NA;NA;NA;NA;NA;NA;NA
31;"MG";3149804;"314980";"Perdizes";"Não";"-";"Ocupantes de automóvel";NA;NA;1;NA;NA;NA;NA;NA;3;NA;NA;1;1;1;3;2;2;NA;2;2;4;NA;1;NA;NA
31;"MG";3149903;"314990";"Perdões";"Não";"-";"Ocupantes de automóvel";NA;NA;NA;1;3;NA;NA;2;NA;1;1;NA;2;NA;8;NA;1;2;1;NA;NA;NA;NA;NA;NA
31;"MG";3149952;"314995";"Periquito";"Não";"Colar Metropolitano";"Ocupantes de automóvel";NA;NA;NA;NA;NA;NA;NA;2;2;10;5;2;NA;3;5;4;NA;8;NA;1;NA;1;1;3;NA
31;"MG";3150000;"315000";"Pescador";"Não";"-";"Ocupantes de automóvel";NA;NA;NA;NA;NA;NA;NA;NA;NA;NA;NA;NA;NA;NA;NA;NA;NA;NA;NA;NA;NA;NA;NA;NA;NA
31;"MG";3150109;"315010";"Piau";"Não";"-";"Ocupantes de automóvel";NA;NA;NA;NA;NA;NA;NA;NA;1;NA;NA;NA;NA;NA;NA;NA;NA;NA;NA;NA;NA;NA;NA;NA;NA
31;"MG";3150158;"315015";"Piedade de Caratinga";"Não";"-";"Ocupantes de automóvel";NA;NA;NA;NA;NA;NA;NA;NA;1;NA;NA;1;NA;NA;1;NA;NA;NA;NA;1;NA;2;NA;NA;NA
31;"MG";3150208;"315020";"Piedade de Ponte Nova";"Não";"-";"Ocupantes de automóvel";NA;NA;NA;NA;NA;NA;NA;NA;1;NA;NA;NA;NA;NA;NA;NA;NA;NA;NA;NA;NA;NA;NA;NA;NA
31;"MG";3150307;"315030";"Piedade do Rio Grande";"Não";"-";"Ocupantes de automóvel";NA;NA;NA;NA;NA;NA;NA;NA;NA;NA;NA;NA;NA;NA;NA;NA;NA;NA;NA;NA;NA;NA;1;NA;NA
31;"MG";3150406;"315040";"Piedade dos Gerais";"Não";"-";"Ocupantes de automóvel";NA;NA;NA;NA;NA;NA;NA;NA;NA;NA;NA;NA;NA;NA;NA;NA;NA;NA;1;NA;1;1;NA;NA;NA
31;"MG";3150505;"315050";"Pimenta";"Não";"-";"Ocupantes de automóvel";NA;NA;1;NA;1;NA;NA;NA;NA;NA;NA;NA;NA;NA;NA;NA;NA;4;NA;NA;NA;1;NA;NA;NA
31;"MG";3150539;"315053";"Pingo-d'Água";"Não";"Colar Metropolitano";"Ocupantes de automóvel";NA;NA;NA;NA;NA;NA;NA;NA;NA;NA;NA;NA;NA;1;NA;NA;NA;NA;NA;NA;NA;NA;NA;NA;NA
31;"MG";3150570;"315057";"Pintópolis";"Não";"-";"Ocupantes de automóvel";NA;NA;NA;NA;NA;NA;NA;NA;NA;NA;NA;NA;1;3;NA;NA;NA;NA;NA;NA;NA;1;NA;NA;NA
31;"MG";3150604;"315060";"Piracema";"Não";"-";"Ocupantes de automóvel";NA;NA;NA;NA;NA;NA;NA;NA;NA;NA;NA;NA;NA;NA;NA;NA;NA;NA;NA;NA;1;NA;NA;NA;NA
31;"MG";3150703;"315070";"Pirajuba";"Não";"-";"Ocupantes de automóvel";NA;NA;NA;NA;NA;NA;NA;NA;NA;NA;NA;NA;NA;NA;NA;NA;NA;NA;NA;NA;NA;1;NA;NA;NA
31;"MG";3150802;"315080";"Piranga";"Não";"-";"Ocupantes de automóvel";NA;NA;NA;NA;NA;NA;NA;NA;1;NA;NA;NA;NA;NA;1;NA;NA;NA;NA;NA;NA;NA;NA;NA;NA
31;"MG";3150901;"315090";"Piranguçu";"Não";"-";"Ocupantes de automóvel";NA;NA;NA;NA;NA;NA;NA;NA;NA;NA;NA;NA;NA;NA;NA;NA;NA;NA;NA;NA;NA;NA;NA;NA;NA
31;"MG";3151008;"315100";"Piranguinho";"Não";"-";"Ocupantes de automóvel";NA;NA;NA;NA;NA;NA;NA;NA;1;NA;1;NA;NA;NA;NA;NA;NA;NA;NA;NA;NA;NA;NA;NA;NA
31;"MG";3151107;"315110";"Pirapetinga";"Não";"-";"Ocupantes de automóvel";NA;1;NA;NA;NA;NA;NA;NA;NA;NA;NA;NA;NA;NA;NA;1;NA;NA;NA;NA;NA;NA;1;NA;NA
31;"MG";3151206;"315120";"Pirapora";"Não";"-";"Ocupantes de automóvel";2;1;NA;1;NA;6;NA;NA;2;2;2;4;2;4;2;6;1;8;2;3;2;1;NA;2;NA
31;"MG";3151305;"315130";"Piraúba";"Não";"-";"Ocupantes de automóvel";NA;NA;1;NA;NA;NA;NA;1;NA;NA;NA;1;NA;NA;NA;NA;NA;NA;NA;NA;1;NA;NA;NA;NA
31;"MG";3151404;"315140";"Pitangui";"Não";"-";"Ocupantes de automóvel";NA;NA;1;NA;NA;NA;NA;NA;NA;1;1;2;NA;NA;1;NA;NA;NA;NA;1;4;NA;NA;NA;NA
31;"MG";3151503;"315150";"Piumhi";"Não";"-";"Ocupantes de automóvel";NA;NA;NA;1;NA;1;1;NA;NA;2;2;1;2;2;NA;NA;1;2;NA;NA;2;NA;1;NA;NA
31;"MG";3151602;"315160";"Planura";"Não";"-";"Ocupantes de automóvel";1;NA;NA;NA;NA;NA;NA;NA;NA;NA;NA;NA;1;NA;1;NA;NA;1;NA;NA;1;NA;NA;1;NA
31;"MG";3151701;"315170";"Poço Fundo";"Não";"-";"Ocupantes de automóvel";NA;NA;NA;NA;NA;NA;NA;NA;NA;NA;NA;NA;NA;NA;NA;NA;NA;NA;NA;NA;NA;NA;NA;1;NA
31;"MG";3151800;"315180";"Poços de Caldas";"Não";"-";"Ocupantes de automóvel";NA;2;NA;NA;1;1;NA;NA;1;NA;NA;NA;NA;NA;1;2;NA;2;2;2;3;NA;1;NA;NA
31;"MG";3151909;"315190";"Pocrane";"Não";"-";"Ocupantes de automóvel";NA;NA;NA;NA;NA;NA;NA;NA;NA;1;NA;NA;2;NA;1;NA;NA;NA;NA;NA;NA;1;NA;NA;NA
31;"MG";3152006;"315200";"Pompéu";"Não";"-";"Ocupantes de automóvel";NA;NA;NA;2;1;NA;1;1;2;NA;NA;1;1;NA;6;1;2;3;2;1;2;1;1;1;NA
31;"MG";3152105;"315210";"Ponte Nova";"Não";"-";"Ocupantes de automóvel";1;NA;1;NA;1;1;1;1;3;3;2;7;15;5;8;9;1;12;3;5;3;5;3;6;NA
31;"MG";3152131;"315213";"Ponto Chique";"Não";"-";"Ocupantes de automóvel";NA;NA;NA;NA;NA;NA;NA;NA;NA;NA;NA;NA;NA;NA;NA;NA;NA;NA;1;NA;NA;NA;NA;NA;NA
31;"MG";3152170;"315217";"Ponto dos Volantes";"Não";"-";"Ocupantes de automóvel";NA;NA;NA;NA;1;NA;NA;1;NA;2;NA;3;1;3;7;3;NA;2;3;3;NA;1;2;NA;NA
31;"MG";3152204;"315220";"Porteirinha";"Não";"-";"Ocupantes de automóvel";NA;NA;NA;NA;1;NA;1;2;5;1;6;2;10;3;4;5;8;5;2;4;4;6;4;2;NA
31;"MG";3152303;"315230";"Porto Firme";"Não";"-";"Ocupantes de automóvel";NA;NA;NA;NA;NA;NA;NA;NA;NA;NA;1;1;NA;NA;NA;NA;NA;NA;NA;NA;NA;NA;NA;NA;NA
31;"MG";3152402;"315240";"Poté";"Não";"-";"Ocupantes de automóvel";NA;NA;NA;1;1;1;NA;NA;2;NA;NA;2;NA;NA;NA;2;NA;1;NA;NA;NA;NA;1;NA;NA
31;"MG";3152501;"315250";"Pouso Alegre";"Não";"-";"Ocupantes de automóvel";1;3;5;NA;NA;5;2;NA;3;3;3;6;3;3;7;2;NA;6;4;2;NA;1;3;1;NA
31;"MG";3152600;"315260";"Pouso Alto";"Não";"-";"Ocupantes de automóvel";NA;NA;1;NA;NA;NA;1;NA;NA;1;NA;NA;NA;NA;1;NA;NA;NA;NA;NA;NA;NA;NA;NA;NA
31;"MG";3152709;"315270";"Prados";"Não";"-";"Ocupantes de automóvel";NA;NA;NA;NA;NA;NA;NA;NA;NA;NA;NA;NA;NA;NA;NA;NA;NA;NA;NA;NA;1;NA;NA;NA;NA
31;"MG";3152808;"315280";"Prata";"Não";"-";"Ocupantes de automóvel";1;2;NA;1;1;4;NA;NA;6;7;9;7;2;4;7;4;7;3;4;3;2;1;1;5;NA
31;"MG";3152907;"315290";"Pratápolis";"Não";"-";"Ocupantes de automóvel";NA;NA;NA;NA;NA;NA;NA;NA;NA;NA;1;NA;NA;4;1;NA;NA;NA;NA;NA;NA;1;NA;NA;NA
31;"MG";3153004;"315300";"Pratinha";"Não";"-";"Ocupantes de automóvel";NA;NA;NA;NA;NA;NA;NA;NA;NA;NA;NA;NA;NA;NA;NA;NA;NA;NA;NA;NA;NA;NA;NA;NA;NA
31;"MG";3153103;"315310";"Presidente Bernardes";"Não";"-";"Ocupantes de automóvel";NA;NA;NA;NA;NA;NA;NA;NA;NA;NA;NA;NA;NA;NA;NA;NA;NA;NA;NA;NA;NA;NA;NA;NA;NA
31;"MG";3153202;"315320";"Presidente Juscelino";"Não";"-";"Ocupantes de automóvel";NA;NA;NA;NA;NA;NA;NA;1;NA;NA;2;3;NA;1;NA;NA;NA;NA;1;NA;NA;NA;NA;1;NA
31;"MG";3153301;"315330";"Presidente Kubitschek";"Não";"-";"Ocupantes de automóvel";NA;NA;1;NA;NA;NA;NA;NA;NA;NA;1;NA;NA;NA;NA;NA;NA;NA;NA;NA;NA;NA;NA;NA;NA
31;"MG";3153400;"315340";"Presidente Olegário";"Não";"-";"Ocupantes de automóvel";NA;NA;NA;NA;NA;NA;NA;NA;NA;NA;NA;NA;NA;NA;NA;NA;2;NA;NA;NA;NA;NA;NA;2;NA
31;"MG";3153509;"315350";"Alto Jequitibá";"Não";"-";"Ocupantes de automóvel";NA;NA;NA;NA;2;NA;NA;3;NA;NA;NA;NA;1;1;NA;NA;NA;NA;NA;NA;NA;NA;NA;1;NA
31;"MG";3153608;"315360";"Prudente de Morais";"Não";"Colar Metropolitano de Belo Horizonte";"Ocupantes de automóvel";NA;NA;NA;NA;1;NA;1;NA;NA;NA;NA;NA;NA;NA;2;1;NA;NA;NA;NA;NA;NA;1;NA;NA
31;"MG";3153707;"315370";"Quartel Geral";"Não";"-";"Ocupantes de automóvel";NA;NA;NA;NA;NA;NA;NA;NA;NA;NA;NA;NA;1;NA;NA;NA;NA;NA;NA;NA;NA;NA;NA;NA;NA
31;"MG";3153806;"315380";"Queluzito";"Não";"-";"Ocupantes de automóvel";NA;NA;NA;NA;NA;NA;1;NA;NA;NA;NA;NA;NA;NA;NA;NA;NA;NA;NA;NA;NA;NA;NA;NA;NA
31;"MG";3154002;"315400";"Raul Soares";"Não";"-";"Ocupantes de automóvel";NA;NA;NA;1;NA;NA;NA;2;NA;1;1;5;NA;2;NA;1;1;1;NA;NA;NA;NA;NA;NA;NA
31;"MG";3154101;"315410";"Recreio";"Não";"-";"Ocupantes de automóvel";NA;NA;NA;NA;NA;NA;NA;NA;NA;NA;NA;NA;NA;NA;NA;NA;NA;NA;NA;NA;NA;NA;NA;NA;NA
31;"MG";3154150;"315415";"Reduto";"Não";"-";"Ocupantes de automóvel";NA;NA;NA;NA;NA;1;NA;NA;NA;NA;NA;1;1;1;NA;NA;2;NA;3;NA;2;NA;NA;NA;NA
31;"MG";3154200;"315420";"Resende Costa";"Não";"-";"Ocupantes de automóvel";NA;NA;NA;NA;NA;NA;NA;NA;NA;NA;1;NA;NA;NA;NA;NA;NA;NA;NA;NA;NA;NA;NA;NA;NA
31;"MG";3154309;"315430";"Resplendor";"Não";"-";"Ocupantes de automóvel";NA;NA;NA;NA;NA;NA;NA;2;NA;NA;NA;NA;NA;NA;1;NA;1;NA;2;NA;NA;NA;NA;NA;NA
31;"MG";3154408;"315440";"Ressaquinha";"Não";"-";"Ocupantes de automóvel";NA;NA;NA;NA;NA;NA;NA;1;3;NA;NA;NA;NA;NA;NA;NA;1;NA;NA;NA;NA;NA;NA;NA;NA
31;"MG";3154457;"315445";"Riachinho";"Não";"-";"Ocupantes de automóvel";NA;NA;NA;NA;NA;NA;NA;NA;NA;NA;NA;NA;1;NA;1;NA;NA;NA;NA;NA;2;NA;NA;NA;NA
31;"MG";3154507;"315450";"Riacho dos Machados";"Não";"-";"Ocupantes de automóvel";NA;NA;NA;NA;1;NA;NA;NA;NA;NA;NA;NA;NA;1;2;1;NA;1;NA;1;2;NA;1;2;NA
31;"MG";3154606;"315460";"Ribeirão das Neves";"Não";"Região Metropolitana de Belo Horizonte";"Ocupantes de automóvel";4;4;4;2;1;NA;NA;1;2;NA;1;1;2;4;2;1;NA;3;NA;1;1;3;NA;1;NA
31;"MG";3154705;"315470";"Ribeirão Vermelho";"Não";"-";"Ocupantes de automóvel";NA;NA;NA;NA;NA;NA;NA;NA;NA;NA;NA;NA;NA;NA;NA;NA;NA;NA;NA;NA;NA;1;NA;NA;NA
31;"MG";3154804;"315480";"Rio Acima";"Não";"Região Metropolitana de Belo Horizonte";"Ocupantes de automóvel";NA;NA;NA;NA;NA;NA;NA;NA;NA;NA;NA;NA;NA;NA;2;NA;NA;NA;1;NA;NA;NA;NA;NA;NA
31;"MG";3154903;"315490";"Rio Casca";"Não";"-";"Ocupantes de automóvel";NA;NA;1;NA;1;1;NA;1;1;1;1;3;2;NA;NA;5;NA;NA;NA;1;1;NA;NA;2;NA
31;"MG";3155108;"315510";"Rio do Prado";"Não";"-";"Ocupantes de automóvel";NA;NA;NA;NA;NA;NA;2;NA;NA;NA;NA;NA;NA;NA;NA;1;NA;NA;NA;NA;NA;NA;NA;NA;NA
31;"MG";3155306;"315530";"Rio Manso";"Não";"Região Metropolitana de Belo Horizonte";"Ocupantes de automóvel";NA;NA;NA;NA;NA;NA;NA;NA;NA;NA;1;NA;NA;NA;NA;NA;NA;NA;NA;NA;NA;NA;NA;NA;NA
31;"MG";3155405;"315540";"Rio Novo";"Não";"-";"Ocupantes de automóvel";NA;NA;NA;1;NA;1;NA;NA;NA;NA;NA;NA;NA;NA;NA;NA;NA;NA;NA;1;NA;NA;NA;NA;NA
31;"MG";3155504;"315550";"Rio Paranaíba";"Não";"-";"Ocupantes de automóvel";NA;NA;NA;NA;NA;NA;NA;NA;NA;NA;NA;1;NA;NA;NA;NA;2;NA;1;NA;NA;NA;NA;1;NA
31;"MG";3155603;"315560";"Rio Pardo de Minas";"Não";"-";"Ocupantes de automóvel";NA;NA;NA;NA;NA;NA;1;1;1;NA;1;2;1;1;NA;NA;NA;2;NA;NA;1;3;5;NA;NA
31;"MG";3155702;"315570";"Rio Piracicaba";"Não";"-";"Ocupantes de automóvel";NA;NA;NA;NA;NA;NA;NA;NA;NA;NA;NA;NA;NA;4;NA;NA;NA;NA;NA;NA;NA;NA;NA;NA;NA
31;"MG";3155801;"315580";"Rio Pomba";"Não";"-";"Ocupantes de automóvel";NA;NA;NA;1;NA;NA;NA;NA;NA;1;NA;NA;NA;NA;NA;NA;NA;NA;2;1;1;NA;NA;NA;NA
31;"MG";3155900;"315590";"Rio Preto";"Não";"-";"Ocupantes de automóvel";NA;NA;NA;NA;NA;NA;NA;NA;NA;NA;NA;NA;NA;NA;NA;NA;NA;NA;NA;NA;NA;NA;NA;NA;NA
31;"MG";3156007;"315600";"Rio Vermelho";"Não";"-";"Ocupantes de automóvel";NA;NA;NA;NA;NA;NA;NA;NA;NA;NA;NA;NA;NA;NA;NA;NA;2;NA;1;NA;NA;NA;NA;NA;NA
31;"MG";3156106;"315610";"Ritápolis";"Não";"-";"Ocupantes de automóvel";NA;NA;NA;NA;NA;NA;NA;NA;NA;NA;NA;NA;NA;2;NA;NA;NA;NA;1;NA;NA;NA;NA;NA;NA
31;"MG";3156205;"315620";"Rochedo de Minas";"Não";"-";"Ocupantes de automóvel";NA;NA;NA;NA;NA;NA;NA;NA;NA;NA;NA;NA;NA;NA;NA;NA;NA;NA;NA;NA;NA;NA;NA;NA;NA
31;"MG";3156304;"315630";"Rodeiro";"Não";"-";"Ocupantes de automóvel";NA;NA;NA;NA;NA;NA;NA;NA;NA;NA;NA;NA;NA;NA;NA;NA;NA;NA;NA;NA;NA;NA;NA;NA;NA
31;"MG";3156403;"315640";"Romaria";"Não";"-";"Ocupantes de automóvel";NA;NA;NA;NA;NA;NA;NA;NA;NA;1;1;NA;NA;NA;NA;NA;NA;NA;NA;NA;NA;1;NA;NA;NA
31;"MG";3156452;"315645";"Rosário da Limeira";"Não";"-";"Ocupantes de automóvel";NA;NA;NA;NA;NA;NA;NA;NA;NA;NA;NA;NA;NA;NA;NA;NA;NA;NA;NA;NA;NA;NA;NA;NA;NA
31;"MG";3156502;"315650";"Rubelita";"Não";"-";"Ocupantes de automóvel";NA;NA;NA;NA;NA;NA;1;NA;NA;NA;NA;NA;NA;NA;NA;1;1;NA;1;NA;1;NA;1;5;NA
31;"MG";3156601;"315660";"Rubim";"Não";"-";"Ocupantes de automóvel";NA;NA;NA;NA;NA;NA;NA;NA;NA;NA;1;NA;NA;NA;NA;NA;NA;NA;NA;NA;NA;1;NA;NA;NA
31;"MG";3156700;"315670";"Sabará";"Não";"Região Metropolitana de Belo Horizonte";"Ocupantes de automóvel";1;NA;NA;1;NA;NA;1;NA;NA;NA;NA;NA;NA;5;6;7;4;1;NA;1;NA;NA;NA;NA;NA
31;"MG";3156809;"315680";"Sabinópolis";"Não";"-";"Ocupantes de automóvel";NA;NA;2;NA;NA;NA;NA;NA;NA;NA;NA;1;1;NA;2;NA;1;2;NA;2;NA;NA;NA;NA;NA
31;"MG";3156908;"315690";"Sacramento";"Não";"-";"Ocupantes de automóvel";NA;NA;NA;NA;NA;NA;NA;NA;NA;1;6;2;2;NA;2;5;2;1;NA;2;4;NA;3;2;NA
31;"MG";3157005;"315700";"Salinas";"Não";"-";"Ocupantes de automóvel";2;NA;NA;3;5;9;5;4;10;7;5;11;9;9;13;8;11;25;14;3;8;2;13;4;NA
31;"MG";3157104;"315710";"Salto da Divisa";"Não";"-";"Ocupantes de automóvel";NA;NA;NA;NA;NA;NA;NA;NA;NA;NA;NA;NA;NA;NA;NA;NA;NA;NA;NA;NA;1;NA;NA;NA;NA
31;"MG";3157203;"315720";"Santa Bárbara";"Não";"Colar Metropolitano de Belo Horizonte";"Ocupantes de automóvel";1;NA;1;NA;NA;1;NA;NA;1;NA;NA;NA;NA;3;1;NA;1;NA;NA;1;NA;NA;NA;NA;NA
31;"MG";3157252;"315725";"Santa Bárbara do Leste";"Não";"-";"Ocupantes de automóvel";NA;NA;NA;NA;NA;NA;NA;NA;NA;NA;NA;NA;NA;2;2;NA;NA;NA;NA;NA;NA;NA;1;1;NA
31;"MG";3157302;"315730";"Santa Bárbara do Tugúrio";"Não";"-";"Ocupantes de automóvel";NA;NA;NA;NA;1;NA;NA;NA;NA;1;NA;NA;NA;NA;NA;1;NA;NA;NA;NA;NA;NA;NA;NA;NA
31;"MG";3157377;"315737";"Santa Cruz de Salinas";"Não";"-";"Ocupantes de automóvel";NA;NA;NA;NA;NA;NA;1;NA;NA;NA;1;NA;NA;2;NA;3;3;1;NA;2;1;NA;NA;1;NA
31;"MG";3157401;"315740";"Santa Cruz do Escalvado";"Não";"-";"Ocupantes de automóvel";NA;NA;NA;NA;NA;NA;NA;NA;NA;NA;NA;NA;NA;NA;NA;NA;NA;NA;NA;NA;NA;NA;NA;NA;NA
31;"MG";3157609;"315760";"Santa Fé de Minas";"Não";"-";"Ocupantes de automóvel";NA;NA;NA;NA;NA;NA;NA;NA;NA;NA;NA;NA;NA;NA;NA;NA;NA;NA;NA;2;NA;NA;NA;NA;NA
31;"MG";3157658;"315765";"Santa Helena de Minas";"Não";"-";"Ocupantes de automóvel";NA;NA;NA;NA;NA;NA;NA;NA;NA;NA;NA;NA;NA;NA;NA;NA;NA;NA;NA;NA;NA;NA;NA;NA;NA
31;"MG";3157708;"315770";"Santa Juliana";"Não";"-";"Ocupantes de automóvel";NA;1;NA;NA;NA;NA;NA;NA;1;NA;NA;NA;NA;NA;1;NA;NA;NA;NA;NA;2;NA;NA;NA;NA
31;"MG";3157807;"315780";"Santa Luzia";"Não";"Região Metropolitana de Belo Horizonte";"Ocupantes de automóvel";NA;NA;NA;NA;NA;NA;1;NA;NA;1;NA;NA;1;NA;1;NA;2;2;3;NA;NA;NA;NA;NA;NA
31;"MG";3157906;"315790";"Santa Margarida";"Não";"-";"Ocupantes de automóvel";NA;NA;NA;NA;NA;1;NA;NA;NA;NA;1;NA;1;NA;NA;3;NA;NA;NA;NA;NA;NA;NA;NA;NA
31;"MG";3158003;"315800";"Santa Maria de Itabira";"Não";"-";"Ocupantes de automóvel";1;NA;2;NA;1;NA;NA;NA;NA;NA;NA;NA;NA;1;NA;NA;2;NA;NA;NA;NA;1;NA;NA;NA
31;"MG";3158102;"315810";"Santa Maria do Salto";"Não";"-";"Ocupantes de automóvel";NA;NA;NA;NA;NA;NA;NA;NA;NA;NA;NA;NA;NA;NA;NA;NA;NA;NA;1;NA;NA;NA;NA;NA;NA
31;"MG";3158201;"315820";"Santa Maria do Suaçuí";"Não";"-";"Ocupantes de automóvel";NA;NA;NA;NA;NA;NA;NA;NA;NA;NA;1;NA;NA;NA;NA;NA;NA;NA;2;NA;NA;NA;NA;NA;NA
31;"MG";3158300;"315830";"Santana da Vargem";"Não";"-";"Ocupantes de automóvel";NA;NA;NA;NA;NA;NA;NA;NA;NA;NA;NA;1;NA;NA;NA;NA;NA;NA;NA;NA;NA;NA;NA;NA;NA
31;"MG";3158409;"315840";"Santana de Cataguases";"Não";"-";"Ocupantes de automóvel";NA;NA;NA;NA;NA;NA;NA;NA;NA;NA;NA;NA;NA;NA;NA;1;NA;NA;NA;NA;NA;NA;NA;NA;NA
31;"MG";3158508;"315850";"Santana de Pirapama";"Não";"-";"Ocupantes de automóvel";NA;NA;NA;NA;NA;NA;NA;NA;NA;NA;NA;NA;1;NA;NA;NA;NA;NA;NA;NA;1;1;NA;NA;NA
31;"MG";3158607;"315860";"Santana do Deserto";"Não";"-";"Ocupantes de automóvel";NA;NA;NA;NA;NA;NA;1;NA;NA;NA;NA;NA;NA;NA;NA;NA;NA;NA;NA;NA;NA;NA;NA;NA;NA
31;"MG";3158706;"315870";"Santana do Garambéu";"Não";"-";"Ocupantes de automóvel";NA;NA;NA;NA;NA;NA;NA;NA;NA;NA;NA;NA;NA;NA;1;NA;NA;NA;NA;NA;NA;NA;NA;NA;NA
31;"MG";3158904;"315890";"Santana do Manhuaçu";"Não";"-";"Ocupantes de automóvel";NA;NA;NA;NA;NA;1;NA;NA;1;NA;NA;1;NA;NA;NA;NA;NA;NA;NA;NA;NA;NA;1;NA;NA
31;"MG";3158953;"315895";"Santana do Paraíso";"Não";"Região Metropolitana do Vale do Aço";"Ocupantes de automóvel";1;2;NA;1;NA;4;3;1;1;1;3;5;NA;NA;NA;1;NA;5;2;NA;NA;1;NA;2;NA
31;"MG";3159001;"315900";"Santana do Riacho";"Não";"-";"Ocupantes de automóvel";NA;NA;NA;NA;NA;NA;NA;NA;NA;NA;NA;NA;NA;NA;NA;NA;NA;NA;NA;NA;NA;NA;NA;1;NA
31;"MG";3159209;"315920";"Santa Rita de Caldas";"Não";"-";"Ocupantes de automóvel";NA;NA;NA;NA;NA;NA;NA;NA;NA;NA;NA;NA;NA;NA;NA;NA;NA;NA;NA;NA;NA;NA;NA;NA;NA
31;"MG";3159308;"315930";"Santa Rita de Jacutinga";"Não";"-";"Ocupantes de automóvel";NA;NA;NA;NA;NA;NA;NA;NA;NA;NA;1;1;NA;NA;NA;NA;NA;2;NA;NA;NA;NA;NA;NA;NA
31;"MG";3159357;"315935";"Santa Rita de Minas";"Não";"-";"Ocupantes de automóvel";NA;NA;NA;NA;NA;1;NA;NA;NA;NA;NA;NA;1;1;NA;NA;NA;2;3;NA;2;NA;3;NA;NA
31;"MG";3159407;"315940";"Santa Rita de Ibitipoca";"Não";"-";"Ocupantes de automóvel";NA;NA;NA;NA;NA;NA;NA;NA;NA;NA;NA;NA;NA;NA;NA;NA;NA;NA;NA;NA;NA;NA;NA;NA;NA
31;"MG";3159506;"315950";"Santa Rita do Itueto";"Não";"-";"Ocupantes de automóvel";NA;NA;NA;NA;NA;NA;NA;NA;NA;NA;NA;NA;NA;NA;NA;NA;NA;NA;NA;NA;NA;NA;NA;NA;NA
31;"MG";3159605;"315960";"Santa Rita do Sapucaí";"Não";"-";"Ocupantes de automóvel";NA;NA;4;NA;NA;NA;1;NA;NA;1;1;NA;NA;2;NA;NA;NA;NA;NA;NA;1;NA;1;2;NA
31;"MG";3159704;"315970";"Santa Rosa da Serra";"Não";"-";"Ocupantes de automóvel";NA;NA;NA;NA;NA;NA;NA;NA;NA;NA;NA;NA;NA;NA;NA;NA;NA;1;1;NA;NA;NA;NA;NA;NA
31;"MG";3159803;"315980";"Santa Vitória";"Não";"-";"Ocupantes de automóvel";1;NA;1;1;1;1;2;4;3;NA;1;1;2;1;1;NA;1;NA;NA;NA;1;NA;2;NA;NA
31;"MG";3159902;"315990";"Santo Antônio do Amparo";"Não";"-";"Ocupantes de automóvel";1;NA;1;NA;NA;NA;1;NA;1;1;1;NA;NA;NA;2;NA;3;NA;NA;NA;NA;NA;NA;2;NA
31;"MG";3160009;"316000";"Santo Antônio do Aventureiro";"Não";"-";"Ocupantes de automóvel";NA;NA;NA;NA;NA;NA;NA;NA;NA;NA;NA;NA;NA;NA;1;NA;NA;NA;NA;NA;1;NA;NA;NA;NA
31;"MG";3160108;"316010";"Santo Antônio do Grama";"Não";"-";"Ocupantes de automóvel";NA;NA;NA;NA;NA;NA;NA;NA;NA;NA;2;NA;2;1;1;NA;NA;NA;NA;NA;NA;NA;NA;NA;NA
31;"MG";3160207;"316020";"Santo Antônio do Itambé";"Não";"-";"Ocupantes de automóvel";NA;NA;NA;NA;NA;NA;NA;NA;NA;NA;NA;1;NA;NA;NA;NA;NA;NA;NA;NA;NA;NA;NA;NA;NA
31;"MG";3160306;"316030";"Santo Antônio do Jacinto";"Não";"-";"Ocupantes de automóvel";NA;NA;NA;NA;NA;NA;NA;NA;NA;NA;NA;NA;NA;NA;NA;NA;NA;1;NA;NA;NA;1;NA;NA;NA
31;"MG";3160405;"316040";"Santo Antônio do Monte";"Não";"-";"Ocupantes de automóvel";NA;NA;NA;NA;NA;NA;NA;NA;NA;1;2;NA;NA;NA;NA;NA;NA;NA;NA;NA;2;1;NA;1;NA
31;"MG";3160454;"316045";"Santo Antônio do Retiro";"Não";"-";"Ocupantes de automóvel";NA;NA;NA;NA;NA;NA;NA;NA;1;NA;NA;NA;NA;1;NA;NA;1;4;NA;NA;1;NA;NA;NA;NA
31;"MG";3160504;"316050";"Santo Antônio do Rio Abaixo";"Não";"-";"Ocupantes de automóvel";NA;NA;NA;NA;1;NA;NA;NA;NA;NA;NA;NA;NA;NA;NA;NA;NA;NA;NA;NA;NA;NA;NA;NA;NA
31;"MG";3160603;"316060";"Santo Hipólito";"Não";"-";"Ocupantes de automóvel";NA;NA;NA;NA;NA;NA;NA;NA;NA;NA;NA;1;NA;NA;NA;NA;NA;NA;NA;NA;NA;NA;NA;NA;NA
31;"MG";3160702;"316070";"Santos Dumont";"Não";"-";"Ocupantes de automóvel";NA;NA;1;NA;2;NA;NA;NA;NA;1;2;3;2;NA;2;1;2;NA;NA;1;1;2;1;4;NA
31;"MG";3160801;"316080";"São Bento Abade";"Não";"-";"Ocupantes de automóvel";NA;NA;NA;NA;NA;NA;NA;NA;NA;NA;NA;NA;NA;NA;NA;1;NA;NA;NA;NA;NA;NA;NA;NA;NA
31;"MG";3160900;"316090";"São Brás do Suaçuí";"Não";"-";"Ocupantes de automóvel";NA;NA;NA;NA;NA;NA;NA;NA;NA;1;NA;NA;NA;NA;NA;NA;NA;NA;NA;NA;NA;NA;NA;NA;NA
31;"MG";3160959;"316095";"São Domingos das Dores";"Não";"-";"Ocupantes de automóvel";NA;NA;NA;NA;NA;NA;NA;NA;NA;NA;NA;NA;NA;NA;NA;NA;NA;NA;NA;NA;NA;NA;NA;NA;NA
31;"MG";3161007;"316100";"São Domingos do Prata";"Não";"-";"Ocupantes de automóvel";NA;2;5;2;4;NA;1;NA;NA;NA;NA;1;NA;5;1;3;NA;NA;NA;2;NA;NA;1;1;NA
31;"MG";3161056;"316105";"São Félix de Minas";"Não";"-";"Ocupantes de automóvel";NA;NA;NA;NA;NA;NA;NA;NA;NA;NA;NA;NA;NA;NA;NA;NA;NA;NA;NA;NA;NA;NA;NA;NA;NA
31;"MG";3161106;"316110";"São Francisco";"Não";"-";"Ocupantes de automóvel";NA;NA;1;NA;NA;1;NA;NA;1;NA;NA;NA;2;3;3;3;NA;4;1;1;1;1;NA;NA;NA
31;"MG";3161205;"316120";"São Francisco de Paula";"Não";"-";"Ocupantes de automóvel";NA;NA;NA;1;NA;NA;NA;NA;NA;NA;NA;NA;NA;NA;NA;NA;NA;NA;NA;NA;NA;NA;NA;NA;NA
31;"MG";3161304;"316130";"São Francisco de Sales";"Não";"-";"Ocupantes de automóvel";NA;NA;1;NA;NA;NA;NA;NA;NA;NA;NA;NA;NA;1;NA;NA;NA;NA;1;NA;NA;NA;NA;NA;NA
31;"MG";3161403;"316140";"São Francisco do Glória";"Não";"-";"Ocupantes de automóvel";NA;NA;NA;3;1;NA;NA;NA;NA;NA;NA;NA;NA;NA;NA;NA;NA;NA;NA;2;NA;NA;NA;NA;NA
31;"MG";3161502;"316150";"São Geraldo";"Não";"-";"Ocupantes de automóvel";NA;NA;NA;NA;NA;NA;NA;NA;NA;NA;NA;NA;NA;NA;NA;NA;NA;NA;NA;NA;NA;NA;1;1;NA
31;"MG";3161601;"316160";"São Geraldo da Piedade";"Não";"-";"Ocupantes de automóvel";NA;NA;NA;NA;NA;NA;NA;NA;NA;NA;NA;NA;NA;NA;NA;NA;NA;NA;NA;NA;NA;NA;NA;NA;NA
31;"MG";3161650;"316165";"São Geraldo do Baixio";"Não";"-";"Ocupantes de automóvel";NA;NA;NA;NA;NA;NA;NA;NA;NA;NA;NA;NA;NA;NA;NA;NA;NA;NA;NA;1;NA;NA;NA;NA;NA
31;"MG";3161700;"316170";"São Gonçalo do Abaeté";"Não";"-";"Ocupantes de automóvel";NA;NA;1;NA;NA;NA;NA;NA;NA;NA;3;1;1;2;3;2;3;1;NA;NA;NA;1;NA;1;NA
31;"MG";3161809;"316180";"São Gonçalo do Pará";"Não";"-";"Ocupantes de automóvel";NA;NA;NA;NA;NA;NA;NA;NA;NA;NA;NA;NA;NA;NA;NA;NA;NA;NA;NA;NA;NA;NA;NA;NA;NA
31;"MG";3161908;"316190";"São Gonçalo do Rio Abaixo";"Não";"Colar Metropolitano de Belo Horizonte";"Ocupantes de automóvel";NA;1;1;3;4;10;5;3;NA;1;NA;NA;1;9;1;1;2;NA;4;1;1;2;2;1;NA
31;"MG";3162005;"316200";"São Gonçalo do Sapucaí";"Não";"-";"Ocupantes de automóvel";NA;3;NA;NA;NA;NA;NA;NA;NA;2;1;2;1;3;NA;NA;NA;2;NA;1;1;NA;NA;NA;NA
31;"MG";3162104;"316210";"São Gotardo";"Não";"-";"Ocupantes de automóvel";NA;NA;1;NA;NA;NA;NA;NA;NA;1;NA;1;1;NA;1;1;NA;1;1;5;1;1;2;4;NA
31;"MG";3162203;"316220";"São João Batista do Glória";"Não";"-";"Ocupantes de automóvel";NA;NA;NA;NA;NA;NA;NA;NA;NA;NA;NA;NA;NA;2;1;NA;NA;NA;NA;NA;NA;NA;NA;NA;NA
31;"MG";3162252;"316225";"São João da Lagoa";"Não";"-";"Ocupantes de automóvel";NA;NA;NA;NA;NA;NA;NA;NA;NA;1;1;1;NA;NA;NA;4;1;2;NA;NA;NA;NA;1;2;NA
31;"MG";3162302;"316230";"São João da Mata";"Não";"-";"Ocupantes de automóvel";NA;NA;NA;NA;NA;NA;NA;NA;NA;NA;NA;NA;NA;NA;NA;NA;NA;NA;NA;NA;NA;NA;1;NA;NA
31;"MG";3162401;"316240";"São João da Ponte";"Não";"-";"Ocupantes de automóvel";NA;NA;NA;NA;NA;NA;1;NA;NA;NA;1;NA;NA;2;NA;2;NA;1;NA;NA;1;NA;1;NA;NA
31;"MG";3162450;"316245";"São João das Missões";"Não";"-";"Ocupantes de automóvel";NA;NA;NA;NA;NA;NA;NA;NA;1;NA;NA;NA;NA;NA;NA;NA;NA;NA;NA;NA;NA;NA;NA;NA;NA
31;"MG";3162500;"316250";"São João del Rei";"Não";"-";"Ocupantes de automóvel";NA;NA;NA;NA;NA;NA;NA;NA;3;NA;1;3;3;5;6;1;2;4;2;1;1;1;1;2;NA
31;"MG";3162559;"316255";"São João do Manhuaçu";"Não";"-";"Ocupantes de automóvel";NA;NA;NA;NA;1;2;3;NA;1;1;NA;1;NA;2;NA;NA;NA;6;NA;1;2;NA;3;2;NA
31;"MG";3162575;"316257";"São João do Manteninha";"Não";"-";"Ocupantes de automóvel";NA;NA;NA;NA;NA;NA;NA;NA;NA;NA;NA;NA;NA;1;NA;NA;NA;5;1;NA;NA;2;NA;NA;NA
31;"MG";3162658;"316265";"São João do Pacuí";"Não";"-";"Ocupantes de automóvel";NA;NA;NA;NA;NA;NA;NA;NA;1;NA;NA;NA;NA;NA;NA;NA;NA;1;NA;NA;1;NA;NA;1;NA
31;"MG";3162708;"316270";"São João do Paraíso";"Não";"-";"Ocupantes de automóvel";NA;NA;NA;NA;NA;NA;NA;NA;NA;1;NA;3;NA;3;6;3;NA;2;1;NA;1;NA;1;3;NA
31;"MG";3162807;"316280";"São João Evangelista";"Não";"-";"Ocupantes de automóvel";NA;NA;NA;NA;2;1;1;1;NA;1;NA;1;NA;1;2;1;NA;NA;NA;NA;NA;NA;NA;NA;NA
31;"MG";3162906;"316290";"São João Nepomuceno";"Não";"-";"Ocupantes de automóvel";NA;NA;NA;NA;NA;NA;NA;NA;NA;1;NA;NA;NA;NA;NA;NA;1;1;1;NA;1;NA;NA;NA;NA
31;"MG";3162922;"316292";"São Joaquim de Bicas";"Não";"Região Metropolitana de Belo Horizonte";"Ocupantes de automóvel";NA;NA;NA;NA;NA;NA;NA;1;NA;2;NA;NA;NA;4;NA;NA;NA;NA;NA;NA;NA;NA;NA;NA;NA
31;"MG";3162948;"316294";"São José da Barra";"Não";"-";"Ocupantes de automóvel";NA;NA;NA;1;NA;NA;NA;NA;NA;NA;NA;1;NA;NA;NA;NA;1;NA;NA;NA;1;NA;NA;1;NA
31;"MG";3162955;"316295";"São José da Lapa";"Não";"Região Metropolitana de Belo Horizonte";"Ocupantes de automóvel";NA;NA;NA;NA;NA;2;NA;NA;NA;NA;NA;NA;NA;NA;NA;NA;NA;NA;NA;NA;NA;NA;NA;NA;NA
31;"MG";3163003;"316300";"São José da Safira";"Não";"-";"Ocupantes de automóvel";NA;NA;NA;NA;NA;NA;NA;NA;NA;NA;NA;NA;NA;NA;NA;NA;NA;NA;NA;1;NA;NA;NA;NA;NA
31;"MG";3163102;"316310";"São José da Varginha";"Não";"Colar Metropolitano de Belo Horizonte";"Ocupantes de automóvel";NA;NA;NA;NA;NA;NA;NA;NA;NA;NA;NA;NA;NA;NA;NA;NA;NA;1;NA;1;NA;NA;NA;NA;NA
31;"MG";3163201;"316320";"São José do Alegre";"Não";"-";"Ocupantes de automóvel";NA;NA;NA;NA;NA;NA;NA;NA;NA;NA;NA;NA;NA;NA;NA;NA;NA;NA;NA;NA;NA;NA;NA;NA;NA
31;"MG";3163300;"316330";"São José do Divino";"Não";"-";"Ocupantes de automóvel";NA;NA;NA;NA;NA;NA;NA;NA;NA;NA;NA;NA;NA;NA;NA;NA;NA;NA;NA;1;NA;NA;NA;NA;NA
31;"MG";3163409;"316340";"São José do Goiabal";"Não";"Colar Metropolitano";"Ocupantes de automóvel";NA;NA;NA;NA;NA;NA;1;NA;NA;NA;NA;NA;NA;NA;NA;NA;NA;NA;NA;NA;NA;NA;NA;NA;NA
31;"MG";3163508;"316350";"São José do Jacuri";"Não";"-";"Ocupantes de automóvel";NA;NA;NA;NA;NA;NA;NA;NA;NA;NA;NA;NA;NA;NA;NA;NA;NA;NA;NA;NA;NA;NA;NA;NA;NA
31;"MG";3163607;"316360";"São José do Mantimento";"Não";"-";"Ocupantes de automóvel";NA;NA;NA;NA;NA;NA;NA;NA;NA;NA;NA;NA;NA;NA;NA;NA;1;NA;NA;NA;NA;NA;NA;NA;NA
31;"MG";3163706;"316370";"São Lourenço";"Não";"-";"Ocupantes de automóvel";NA;1;NA;NA;1;1;NA;1;3;2;1;2;1;2;1;NA;NA;1;1;1;1;NA;1;NA;NA
31;"MG";3163805;"316380";"São Miguel do Anta";"Não";"-";"Ocupantes de automóvel";NA;NA;NA;NA;NA;NA;NA;NA;NA;NA;NA;NA;1;NA;NA;NA;NA;NA;NA;NA;NA;NA;NA;NA;NA
31;"MG";3163904;"316390";"São Pedro da União";"Não";"-";"Ocupantes de automóvel";NA;NA;NA;NA;NA;NA;NA;NA;NA;NA;NA;NA;NA;NA;NA;1;NA;NA;NA;NA;NA;NA;NA;NA;NA
31;"MG";3164001;"316400";"São Pedro dos Ferros";"Não";"-";"Ocupantes de automóvel";NA;NA;NA;NA;NA;NA;NA;1;NA;NA;1;NA;1;NA;NA;NA;NA;NA;NA;NA;NA;NA;NA;1;NA
31;"MG";3164100;"316410";"São Pedro do Suaçuí";"Não";"-";"Ocupantes de automóvel";NA;NA;NA;NA;NA;NA;NA;NA;NA;NA;NA;NA;NA;NA;NA;NA;NA;NA;NA;NA;NA;NA;NA;NA;NA
31;"MG";3164209;"316420";"São Romão";"Não";"-";"Ocupantes de automóvel";NA;NA;NA;NA;NA;NA;NA;NA;NA;NA;1;NA;NA;1;NA;NA;NA;NA;NA;NA;NA;NA;NA;NA;NA
31;"MG";3164308;"316430";"São Roque de Minas";"Não";"-";"Ocupantes de automóvel";NA;NA;NA;NA;NA;NA;NA;1;NA;NA;NA;NA;1;NA;NA;NA;NA;NA;1;NA;NA;1;NA;NA;NA
31;"MG";3164407;"316440";"São Sebastião da Bela Vista";"Não";"-";"Ocupantes de automóvel";NA;NA;1;NA;NA;NA;1;NA;1;NA;NA;NA;1;NA;NA;NA;1;1;NA;NA;NA;2;NA;NA;NA
31;"MG";3164431;"316443";"São Sebastião da Vargem Alegre";"Não";"-";"Ocupantes de automóvel";NA;NA;NA;NA;NA;NA;NA;NA;NA;NA;NA;NA;NA;NA;NA;NA;NA;NA;NA;NA;NA;NA;NA;1;NA
31;"MG";3164472;"316447";"São Sebastião do Anta";"Não";"-";"Ocupantes de automóvel";NA;NA;NA;NA;NA;NA;NA;NA;NA;NA;NA;NA;NA;NA;NA;NA;NA;NA;NA;NA;NA;1;NA;NA;NA
31;"MG";3164605;"316460";"São Sebastião do Oeste";"Não";"-";"Ocupantes de automóvel";NA;NA;NA;NA;NA;NA;NA;NA;NA;NA;NA;NA;NA;NA;1;NA;NA;NA;NA;1;NA;1;NA;NA;NA
31;"MG";3164704;"316470";"São Sebastião do Paraíso";"Não";"-";"Ocupantes de automóvel";NA;2;1;2;1;1;NA;3;4;4;2;2;NA;NA;1;1;NA;1;NA;2;NA;2;1;2;NA
31;"MG";3164902;"316490";"São Sebastião do Rio Verde";"Não";"-";"Ocupantes de automóvel";NA;NA;NA;NA;NA;NA;NA;NA;NA;NA;NA;NA;NA;NA;NA;NA;NA;NA;NA;NA;NA;NA;NA;NA;NA
31;"MG";3165008;"316500";"São Tiago";"Não";"-";"Ocupantes de automóvel";NA;NA;NA;NA;NA;NA;NA;NA;NA;NA;NA;NA;NA;NA;1;NA;NA;NA;NA;NA;NA;NA;NA;2;NA
31;"MG";3165107;"316510";"São Tomás de Aquino";"Não";"-";"Ocupantes de automóvel";NA;NA;NA;NA;NA;NA;1;NA;NA;NA;NA;1;NA;1;1;NA;NA;NA;NA;NA;NA;NA;NA;NA;NA
31;"MG";3165206;"316520";"São Tomé das Letras";"Não";"-";"Ocupantes de automóvel";NA;NA;NA;NA;NA;NA;NA;NA;NA;1;NA;NA;NA;NA;NA;NA;NA;NA;NA;NA;NA;NA;NA;NA;NA
31;"MG";3165305;"316530";"São Vicente de Minas";"Não";"-";"Ocupantes de automóvel";NA;NA;1;NA;NA;NA;NA;NA;NA;NA;NA;NA;1;NA;NA;NA;NA;NA;NA;NA;NA;2;1;1;NA
31;"MG";3165404;"316540";"Sapucaí-Mirim";"Não";"-";"Ocupantes de automóvel";NA;NA;NA;NA;NA;NA;NA;NA;NA;NA;NA;NA;NA;NA;NA;NA;NA;NA;1;1;NA;NA;NA;NA;NA
31;"MG";3165503;"316550";"Sardoá";"Não";"-";"Ocupantes de automóvel";NA;NA;NA;NA;1;NA;NA;NA;NA;NA;NA;NA;NA;1;NA;NA;NA;NA;1;NA;NA;NA;NA;NA;NA
31;"MG";3165537;"316553";"Sarzedo";"Não";"Região Metropolitana de Belo Horizonte";"Ocupantes de automóvel";NA;NA;NA;NA;NA;NA;NA;NA;NA;NA;NA;NA;NA;NA;NA;NA;2;NA;2;NA;1;NA;NA;NA;NA
31;"MG";3165552;"316555";"Setubinha";"Não";"-";"Ocupantes de automóvel";NA;NA;NA;NA;NA;NA;NA;NA;NA;NA;1;NA;1;NA;1;NA;NA;NA;NA;NA;NA;NA;1;1;NA
31;"MG";3165578;"316557";"Senador Amaral";"Não";"-";"Ocupantes de automóvel";NA;NA;NA;NA;NA;NA;NA;NA;NA;NA;NA;NA;NA;NA;NA;NA;NA;NA;NA;NA;NA;NA;NA;NA;NA
31;"MG";3165701;"316570";"Senador Firmino";"Não";"-";"Ocupantes de automóvel";NA;NA;NA;NA;NA;NA;NA;NA;NA;NA;NA;NA;NA;NA;NA;NA;NA;NA;NA;NA;NA;NA;NA;NA;NA
31;"MG";3165800;"316580";"Senador José Bento";"Não";"-";"Ocupantes de automóvel";1;NA;NA;NA;NA;NA;NA;NA;NA;NA;NA;NA;NA;NA;NA;NA;NA;NA;NA;NA;NA;1;NA;NA;NA
31;"MG";3166006;"316600";"Senhora de Oliveira";"Não";"-";"Ocupantes de automóvel";NA;NA;NA;NA;NA;NA;NA;NA;NA;NA;NA;NA;NA;NA;NA;NA;NA;NA;NA;NA;NA;NA;NA;NA;NA
31;"MG";3166105;"316610";"Senhora do Porto";"Não";"-";"Ocupantes de automóvel";NA;NA;NA;NA;2;NA;NA;NA;NA;NA;NA;NA;NA;1;NA;NA;NA;NA;NA;NA;NA;NA;NA;1;NA
31;"MG";3166204;"316620";"Senhora dos Remédios";"Não";"-";"Ocupantes de automóvel";NA;NA;NA;NA;NA;NA;1;NA;NA;NA;NA;NA;NA;NA;NA;NA;NA;NA;NA;NA;NA;NA;NA;NA;NA
31;"MG";3166303;"316630";"Sericita";"Não";"-";"Ocupantes de automóvel";NA;NA;NA;NA;NA;NA;1;NA;NA;NA;NA;1;NA;NA;NA;NA;NA;NA;NA;NA;NA;NA;NA;NA;NA
31;"MG";3166402;"316640";"Seritinga";"Não";"-";"Ocupantes de automóvel";NA;NA;NA;NA;NA;NA;NA;NA;NA;1;NA;NA;NA;NA;NA;NA;NA;NA;NA;NA;4;NA;NA;NA;NA
31;"MG";3166501;"316650";"Serra Azul de Minas";"Não";"-";"Ocupantes de automóvel";NA;NA;NA;NA;NA;NA;1;NA;NA;NA;NA;NA;NA;NA;NA;NA;NA;NA;NA;NA;NA;NA;NA;NA;NA
31;"MG";3166600;"316660";"Serra da Saudade";"Não";"-";"Ocupantes de automóvel";NA;NA;NA;NA;NA;NA;NA;NA;NA;NA;NA;NA;NA;NA;NA;NA;NA;NA;NA;NA;NA;NA;NA;NA;NA
31;"MG";3166709;"316670";"Serra dos Aimorés";"Não";"-";"Ocupantes de automóvel";NA;NA;NA;NA;NA;NA;NA;NA;1;2;NA;1;NA;2;NA;NA;NA;NA;NA;2;NA;1;NA;NA;NA
31;"MG";3166808;"316680";"Serra do Salitre";"Não";"-";"Ocupantes de automóvel";NA;NA;NA;NA;NA;NA;NA;NA;NA;NA;2;NA;NA;NA;NA;NA;NA;NA;2;6;NA;1;NA;NA;NA
31;"MG";3166907;"316690";"Serrania";"Não";"-";"Ocupantes de automóvel";NA;NA;NA;NA;NA;NA;NA;NA;NA;1;NA;NA;NA;NA;NA;NA;NA;NA;NA;NA;NA;NA;NA;NA;NA
31;"MG";3166956;"316695";"Serranópolis de Minas";"Não";"-";"Ocupantes de automóvel";NA;NA;NA;NA;NA;NA;NA;NA;NA;NA;NA;NA;2;1;NA;NA;NA;NA;1;NA;NA;NA;NA;NA;NA
31;"MG";3167004;"316700";"Serranos";"Não";"-";"Ocupantes de automóvel";NA;NA;NA;NA;NA;NA;NA;NA;NA;NA;NA;NA;NA;NA;NA;NA;NA;NA;1;NA;NA;NA;NA;NA;NA
31;"MG";3167103;"316710";"Serro";"Não";"-";"Ocupantes de automóvel";NA;NA;NA;NA;NA;NA;NA;NA;1;NA;1;1;NA;NA;NA;NA;1;NA;NA;NA;NA;NA;NA;NA;NA
31;"MG";3167202;"316720";"Sete Lagoas";"Não";"Colar Metropolitano de Belo Horizonte";"Ocupantes de automóvel";1;NA;NA;1;5;2;NA;NA;1;3;13;5;8;15;13;10;10;7;7;12;14;9;14;4;NA
31;"MG";3167301;"316730";"Silveirânia";"Não";"-";"Ocupantes de automóvel";NA;NA;NA;NA;NA;NA;NA;NA;NA;NA;NA;1;NA;NA;NA;NA;NA;NA;NA;NA;NA;NA;NA;NA;NA
31;"MG";3167400;"316740";"Silvianópolis";"Não";"-";"Ocupantes de automóvel";NA;NA;NA;NA;NA;NA;NA;NA;NA;NA;NA;NA;NA;NA;NA;NA;NA;1;NA;NA;NA;NA;NA;NA;NA
31;"MG";3167509;"316750";"Simão Pereira";"Não";"-";"Ocupantes de automóvel";NA;NA;NA;NA;NA;NA;NA;NA;1;NA;NA;NA;NA;NA;NA;NA;NA;NA;NA;NA;NA;NA;NA;NA;NA
31;"MG";3167608;"316760";"Simonésia";"Não";"-";"Ocupantes de automóvel";NA;NA;NA;NA;1;NA;NA;NA;NA;NA;1;1;NA;1;1;NA;NA;NA;NA;NA;NA;NA;NA;NA;NA
31;"MG";3167707;"316770";"Sobrália";"Não";"Colar Metropolitano";"Ocupantes de automóvel";NA;NA;NA;NA;NA;NA;NA;NA;NA;NA;NA;NA;1;NA;NA;NA;NA;NA;NA;NA;NA;NA;NA;NA;NA
31;"MG";3167806;"316780";"Soledade de Minas";"Não";"-";"Ocupantes de automóvel";NA;NA;NA;NA;NA;NA;NA;NA;NA;NA;NA;1;1;NA;NA;1;NA;NA;NA;NA;NA;1;NA;NA;NA
31;"MG";3167905;"316790";"Tabuleiro";"Não";"-";"Ocupantes de automóvel";NA;NA;NA;NA;1;NA;NA;NA;NA;NA;NA;1;1;NA;NA;NA;NA;NA;NA;NA;NA;1;NA;1;NA
31;"MG";3168002;"316800";"Taiobeiras";"Não";"-";"Ocupantes de automóvel";NA;NA;1;NA;NA;NA;NA;NA;NA;NA;2;1;1;2;2;4;3;2;4;2;2;4;NA;1;NA
31;"MG";3168051;"316805";"Taparuba";"Não";"-";"Ocupantes de automóvel";NA;NA;NA;NA;NA;NA;NA;NA;NA;NA;1;NA;2;NA;NA;NA;NA;NA;NA;NA;NA;NA;NA;1;NA
31;"MG";3168101;"316810";"Tapira";"Não";"-";"Ocupantes de automóvel";NA;NA;NA;NA;NA;NA;NA;NA;NA;NA;NA;NA;NA;NA;NA;NA;NA;NA;NA;NA;NA;NA;1;NA;NA
31;"MG";3168200;"316820";"Tapiraí";"Não";"-";"Ocupantes de automóvel";NA;NA;NA;NA;NA;NA;NA;NA;NA;NA;NA;NA;NA;NA;NA;NA;NA;NA;NA;NA;NA;NA;NA;NA;NA
31;"MG";3168408;"316840";"Tarumirim";"Não";"-";"Ocupantes de automóvel";NA;NA;NA;NA;1;NA;NA;1;NA;NA;1;NA;NA;NA;NA;NA;NA;1;NA;1;NA;NA;NA;NA;NA
31;"MG";3168507;"316850";"Teixeiras";"Não";"-";"Ocupantes de automóvel";NA;NA;NA;1;NA;NA;1;NA;NA;1;NA;NA;NA;1;1;NA;NA;1;1;NA;NA;NA;NA;NA;NA
31;"MG";3168606;"316860";"Teófilo Otoni";"Não";"-";"Ocupantes de automóvel";2;7;17;10;11;12;10;12;9;22;26;23;21;18;23;9;7;13;8;8;6;7;6;2;NA
31;"MG";3168705;"316870";"Timóteo";"Não";"Região Metropolitana do Vale do Aço";"Ocupantes de automóvel";NA;NA;NA;NA;NA;NA;1;NA;2;1;2;NA;2;1;NA;NA;1;4;NA;NA;1;1;NA;1;NA
31;"MG";3168804;"316880";"Tiradentes";"Não";"-";"Ocupantes de automóvel";NA;NA;NA;NA;NA;NA;NA;NA;NA;NA;NA;NA;NA;1;NA;NA;NA;NA;NA;NA;NA;NA;NA;NA;NA
31;"MG";3168903;"316890";"Tiros";"Não";"-";"Ocupantes de automóvel";NA;NA;NA;NA;NA;NA;NA;NA;NA;NA;NA;NA;NA;NA;NA;NA;NA;NA;NA;1;NA;NA;NA;1;NA
31;"MG";3169000;"316900";"Tocantins";"Não";"-";"Ocupantes de automóvel";NA;NA;NA;NA;NA;NA;NA;NA;NA;NA;NA;NA;NA;NA;NA;NA;NA;NA;NA;NA;NA;1;NA;NA;NA
31;"MG";3169109;"316910";"Toledo";"Não";"-";"Ocupantes de automóvel";NA;NA;NA;NA;NA;NA;NA;NA;NA;NA;NA;NA;NA;NA;NA;NA;NA;1;NA;NA;NA;NA;NA;NA;NA
31;"MG";3169208;"316920";"Tombos";"Não";"-";"Ocupantes de automóvel";NA;NA;NA;NA;NA;NA;NA;NA;NA;NA;NA;1;NA;NA;NA;NA;NA;NA;NA;NA;NA;NA;NA;NA;NA
31;"MG";3169307;"316930";"Três Corações";"Não";"-";"Ocupantes de automóvel";1;2;9;2;3;5;2;6;11;23;6;11;11;8;11;9;14;4;2;2;7;NA;7;NA;NA
31;"MG";3169356;"316935";"Três Marias";"Não";"-";"Ocupantes de automóvel";NA;NA;NA;NA;1;3;3;2;1;NA;3;6;3;NA;6;1;2;2;3;6;4;3;2;NA;NA
31;"MG";3169406;"316940";"Três Pontas";"Não";"-";"Ocupantes de automóvel";NA;NA;NA;3;1;NA;NA;NA;1;1;2;1;1;1;NA;3;2;NA;2;1;3;1;2;4;NA
31;"MG";3169505;"316950";"Tumiritinga";"Não";"-";"Ocupantes de automóvel";NA;NA;NA;NA;1;NA;NA;NA;NA;NA;NA;NA;NA;NA;NA;1;NA;NA;1;NA;NA;NA;NA;NA;NA
31;"MG";3169604;"316960";"Tupaciguara";"Não";"-";"Ocupantes de automóvel";NA;NA;NA;1;NA;NA;1;NA;NA;2;NA;3;NA;NA;3;NA;3;NA;NA;1;2;NA;NA;1;NA
31;"MG";3169703;"316970";"Turmalina";"Não";"-";"Ocupantes de automóvel";NA;NA;NA;NA;1;NA;1;NA;NA;NA;NA;NA;NA;NA;NA;NA;4;NA;NA;1;1;2;1;NA;NA
31;"MG";3169802;"316980";"Turvolândia";"Não";"-";"Ocupantes de automóvel";NA;NA;NA;NA;NA;NA;NA;NA;NA;NA;NA;NA;NA;NA;NA;NA;NA;NA;NA;NA;NA;NA;NA;NA;NA
31;"MG";3169901;"316990";"Ubá";"Não";"-";"Ocupantes de automóvel";2;NA;NA;2;2;NA;2;NA;NA;1;2;4;3;2;1;2;1;NA;1;NA;1;NA;1;NA;NA
31;"MG";3170008;"317000";"Ubaí";"Não";"-";"Ocupantes de automóvel";NA;NA;NA;NA;NA;NA;NA;1;NA;NA;NA;NA;NA;NA;1;1;NA;NA;NA;NA;2;1;NA;NA;NA
31;"MG";3170057;"317005";"Ubaporanga";"Não";"-";"Ocupantes de automóvel";NA;NA;NA;NA;NA;NA;NA;NA;NA;NA;2;4;NA;NA;NA;NA;NA;1;NA;NA;2;NA;1;4;NA
31;"MG";3170107;"317010";"Uberaba";"Não";"-";"Ocupantes de automóvel";NA;2;1;1;1;NA;NA;NA;NA;7;5;5;5;6;2;8;9;15;5;2;7;10;1;7;NA
31;"MG";3170206;"317020";"Uberlândia";"Não";"-";"Ocupantes de automóvel";1;1;3;3;4;10;2;4;7;5;6;4;3;3;7;29;32;9;35;27;28;25;29;24;NA
31;"MG";3170305;"317030";"Umburatiba";"Não";"-";"Ocupantes de automóvel";NA;NA;NA;NA;NA;NA;NA;NA;NA;NA;NA;NA;NA;NA;NA;NA;NA;NA;NA;NA;NA;NA;NA;NA;NA
31;"MG";3170404;"317040";"Unaí";"Não";"Região Integrada de Desenvolvimento do Distrito Federal e Entorno";"Ocupantes de automóvel";NA;1;2;5;NA;4;1;NA;1;1;NA;3;7;11;6;1;6;6;2;11;2;1;7;4;NA
31;"MG";3170438;"317043";"União de Minas";"Não";"-";"Ocupantes de automóvel";NA;NA;NA;NA;NA;NA;NA;NA;NA;NA;NA;NA;NA;NA;NA;1;NA;NA;NA;NA;NA;NA;NA;NA;NA
31;"MG";3170479;"317047";"Uruana de Minas";"Não";"-";"Ocupantes de automóvel";NA;NA;NA;NA;NA;NA;NA;NA;NA;NA;NA;NA;NA;1;NA;NA;NA;NA;NA;NA;NA;NA;NA;1;NA
31;"MG";3170503;"317050";"Urucânia";"Não";"-";"Ocupantes de automóvel";NA;NA;NA;NA;NA;NA;NA;NA;NA;1;NA;1;1;3;NA;NA;NA;1;NA;NA;NA;NA;NA;2;NA
31;"MG";3170529;"317052";"Urucuia";"Não";"-";"Ocupantes de automóvel";NA;1;NA;NA;NA;NA;NA;NA;NA;NA;NA;NA;NA;NA;1;NA;NA;NA;NA;NA;NA;NA;NA;NA;NA
31;"MG";3170578;"317057";"Vargem Alegre";"Não";"Colar Metropolitano";"Ocupantes de automóvel";NA;NA;NA;NA;NA;NA;NA;NA;NA;NA;NA;NA;NA;NA;1;1;NA;NA;NA;NA;NA;NA;NA;NA;NA
31;"MG";3170602;"317060";"Vargem Bonita";"Não";"-";"Ocupantes de automóvel";NA;NA;NA;NA;NA;NA;NA;NA;NA;NA;NA;NA;NA;NA;NA;NA;NA;NA;NA;NA;NA;NA;NA;NA;NA
31;"MG";3170651;"317065";"Vargem Grande do Rio Pardo";"Não";"-";"Ocupantes de automóvel";NA;NA;NA;NA;NA;NA;NA;NA;NA;NA;NA;NA;NA;NA;NA;1;NA;NA;NA;NA;1;NA;NA;NA;NA
31;"MG";3170701;"317070";"Varginha";"Não";"-";"Ocupantes de automóvel";NA;NA;NA;2;1;3;3;4;1;1;2;4;4;8;4;4;1;2;2;6;NA;NA;5;1;NA
31;"MG";3170750;"317075";"Varjão de Minas";"Não";"-";"Ocupantes de automóvel";NA;NA;NA;NA;1;NA;NA;1;NA;NA;NA;NA;NA;NA;1;NA;NA;1;NA;2;NA;1;NA;1;NA
31;"MG";3170800;"317080";"Várzea da Palma";"Não";"-";"Ocupantes de automóvel";NA;NA;1;1;1;3;NA;NA;NA;1;2;1;2;5;6;3;NA;NA;NA;1;NA;NA;1;2;NA
31;"MG";3170909;"317090";"Varzelândia";"Não";"-";"Ocupantes de automóvel";NA;NA;NA;NA;NA;NA;NA;NA;NA;NA;1;NA;1;1;NA;1;1;NA;NA;NA;NA;NA;NA;NA;NA
31;"MG";3171006;"317100";"Vazante";"Não";"-";"Ocupantes de automóvel";1;NA;NA;NA;NA;NA;NA;NA;NA;NA;NA;1;1;NA;1;NA;1;NA;1;2;1;NA;NA;NA;NA
31;"MG";3171030;"317103";"Verdelândia";"Não";"-";"Ocupantes de automóvel";NA;NA;NA;NA;NA;NA;NA;2;NA;1;NA;NA;NA;NA;1;7;NA;1;5;NA;NA;1;NA;NA;NA
31;"MG";3171105;"317110";"Veríssimo";"Não";"-";"Ocupantes de automóvel";NA;NA;NA;NA;NA;NA;NA;NA;NA;NA;NA;NA;NA;NA;NA;1;NA;NA;NA;NA;NA;1;NA;NA;NA
31;"MG";3171154;"317115";"Vermelho Novo";"Não";"-";"Ocupantes de automóvel";NA;NA;NA;NA;NA;NA;NA;NA;NA;NA;NA;NA;NA;NA;NA;NA;NA;NA;1;NA;NA;NA;NA;NA;NA
31;"MG";3171204;"317120";"Vespasiano";"Não";"Região Metropolitana de Belo Horizonte";"Ocupantes de automóvel";NA;NA;NA;NA;NA;NA;NA;NA;NA;NA;NA;NA;NA;NA;NA;NA;NA;1;NA;NA;NA;1;NA;2;NA
31;"MG";3171303;"317130";"Viçosa";"Não";"-";"Ocupantes de automóvel";NA;NA;1;2;NA;NA;3;NA;3;1;2;NA;NA;1;2;2;3;2;NA;1;NA;1;1;NA;NA
31;"MG";3171402;"317140";"Vieiras";"Não";"-";"Ocupantes de automóvel";NA;NA;NA;NA;NA;NA;NA;NA;NA;NA;NA;NA;NA;NA;NA;NA;NA;NA;NA;NA;NA;NA;NA;NA;NA
31;"MG";3171501;"317150";"Mathias Lobato";"Não";"-";"Ocupantes de automóvel";NA;NA;NA;3;1;NA;1;NA;1;NA;NA;NA;NA;NA;NA;NA;NA;NA;NA;NA;NA;NA;NA;NA;NA
31;"MG";3171600;"317160";"Virgem da Lapa";"Não";"-";"Ocupantes de automóvel";1;NA;NA;NA;NA;NA;NA;NA;NA;NA;NA;NA;NA;1;NA;NA;NA;NA;NA;NA;NA;1;1;1;NA
31;"MG";3171709;"317170";"Virgínia";"Não";"-";"Ocupantes de automóvel";NA;NA;NA;NA;1;NA;NA;NA;NA;NA;NA;NA;NA;NA;1;NA;NA;NA;NA;NA;NA;NA;NA;NA;NA
31;"MG";3171808;"317180";"Virginópolis";"Não";"-";"Ocupantes de automóvel";NA;NA;NA;NA;NA;NA;NA;NA;NA;NA;NA;NA;NA;NA;NA;NA;NA;NA;1;NA;NA;NA;NA;NA;NA
31;"MG";3172004;"317200";"Visconde do Rio Branco";"Não";"-";"Ocupantes de automóvel";NA;1;1;NA;NA;NA;1;NA;NA;NA;NA;NA;NA;NA;NA;NA;NA;2;NA;NA;NA;NA;1;NA;NA
31;"MG";3172103;"317210";"Volta Grande";"Não";"-";"Ocupantes de automóvel";NA;NA;NA;NA;2;NA;NA;NA;NA;NA;NA;NA;NA;NA;NA;NA;1;NA;1;NA;NA;NA;NA;NA;NA
31;"MG";3172202;"317220";"Wenceslau Braz";"Não";"-";"Ocupantes de automóvel";NA;NA;NA;NA;NA;NA;NA;NA;NA;NA;NA;NA;NA;NA;NA;NA;NA;NA;NA;NA;NA;NA;NA;NA;NA
32;"ES";3200102;"320010";"Afonso Cláudio";"Não";"-";"Ocupantes de automóvel";NA;NA;NA;NA;1;1;NA;NA;NA;NA;NA;NA;NA;NA;1;3;NA;NA;NA;NA;NA;1;1;NA;NA
32;"ES";3200136;"320013";"Águia Branca";"Não";"-";"Ocupantes de automóvel";NA;NA;NA;1;NA;NA;NA;NA;1;NA;2;NA;2;NA;NA;NA;NA;1;1;NA;NA;NA;2;NA;NA
32;"ES";3200169;"320016";"Água Doce do Norte";"Não";"-";"Ocupantes de automóvel";NA;NA;NA;NA;NA;NA;NA;NA;NA;NA;NA;NA;1;NA;NA;1;NA;1;NA;NA;NA;1;NA;NA;NA
32;"ES";3200201;"320020";"Alegre";"Não";"-";"Ocupantes de automóvel";1;NA;NA;1;NA;NA;NA;2;NA;2;NA;NA;NA;NA;NA;NA;NA;NA;NA;NA;NA;1;2;NA;NA
32;"ES";3200300;"320030";"Alfredo Chaves";"Não";"-";"Ocupantes de automóvel";NA;NA;NA;NA;NA;NA;NA;1;NA;NA;NA;NA;NA;1;NA;NA;NA;1;1;NA;NA;NA;NA;NA;NA
32;"ES";3200359;"320035";"Alto Rio Novo";"Não";"-";"Ocupantes de automóvel";NA;NA;NA;NA;1;NA;NA;NA;NA;NA;NA;1;NA;NA;NA;1;NA;1;NA;NA;NA;NA;1;1;NA
32;"ES";3200409;"320040";"Anchieta";"Não";"-";"Ocupantes de automóvel";NA;1;1;NA;NA;NA;NA;2;NA;2;3;4;7;4;4;1;1;NA;2;NA;NA;3;NA;1;NA
32;"ES";3200508;"320050";"Apiacá";"Não";"-";"Ocupantes de automóvel";NA;NA;NA;NA;NA;1;NA;NA;NA;NA;1;NA;NA;NA;NA;NA;NA;NA;1;NA;NA;NA;NA;NA;NA
32;"ES";3200607;"320060";"Aracruz";"Não";"-";"Ocupantes de automóvel";3;7;9;2;3;3;4;11;6;5;11;8;18;17;15;12;14;13;10;8;2;4;9;5;NA
32;"ES";3200706;"320070";"Atílio Vivácqua";"Não";"-";"Ocupantes de automóvel";NA;NA;NA;NA;NA;2;1;NA;NA;NA;NA;NA;1;NA;2;1;NA;1;1;NA;NA;1;1;NA;NA
32;"ES";3200805;"320080";"Baixo Guandu";"Não";"-";"Ocupantes de automóvel";1;NA;NA;1;1;NA;NA;NA;NA;NA;NA;1;2;1;1;NA;NA;1;NA;NA;1;1;1;NA;NA
32;"ES";3200904;"320090";"Barra de São Francisco";"Não";"-";"Ocupantes de automóvel";1;1;NA;NA;2;NA;NA;1;NA;2;NA;3;2;3;1;NA;2;1;3;1;2;NA;2;NA;NA
32;"ES";3201001;"320100";"Boa Esperança";"Não";"-";"Ocupantes de automóvel";NA;1;1;NA;NA;NA;NA;2;NA;NA;1;NA;NA;2;3;4;NA;1;1;NA;NA;NA;1;NA;NA
32;"ES";3201100;"320110";"Bom Jesus do Norte";"Não";"-";"Ocupantes de automóvel";NA;NA;NA;3;NA;NA;NA;NA;NA;NA;NA;2;NA;1;NA;1;NA;NA;NA;NA;NA;NA;NA;NA;NA
32;"ES";3201159;"320115";"Brejetuba";"Não";"-";"Ocupantes de automóvel";NA;NA;NA;NA;1;NA;1;NA;NA;NA;NA;NA;NA;1;NA;NA;NA;NA;NA;1;NA;NA;NA;NA;NA
32;"ES";3201209;"320120";"Cachoeiro de Itapemirim";"Não";"-";"Ocupantes de automóvel";2;2;3;6;3;4;2;6;4;4;6;15;7;8;9;12;10;9;7;3;3;7;10;11;NA
32;"ES";3201308;"320130";"Cariacica";"Não";"Região Metropolitana da Grande Vitória";"Ocupantes de automóvel";1;6;4;3;1;3;1;6;NA;1;1;8;4;8;8;3;6;5;3;NA;2;2;1;2;NA
32;"ES";3201407;"320140";"Castelo";"Não";"-";"Ocupantes de automóvel";1;NA;NA;NA;1;NA;NA;1;NA;NA;NA;1;2;NA;NA;NA;NA;1;NA;NA;NA;NA;NA;1;NA
32;"ES";3201506;"320150";"Colatina";"Não";"-";"Ocupantes de automóvel";2;4;2;7;6;2;9;7;14;2;9;10;9;11;5;4;3;4;7;4;1;4;11;5;NA
32;"ES";3201605;"320160";"Conceição da Barra";"Não";"-";"Ocupantes de automóvel";NA;2;NA;3;3;1;4;5;2;4;NA;3;3;5;13;2;3;7;2;NA;NA;NA;3;3;NA
32;"ES";3201704;"320170";"Conceição do Castelo";"Não";"-";"Ocupantes de automóvel";NA;NA;NA;NA;NA;NA;1;NA;NA;NA;NA;1;NA;2;NA;1;NA;NA;NA;NA;2;NA;1;1;NA
32;"ES";3201803;"320180";"Divino de São Lourenço";"Não";"-";"Ocupantes de automóvel";NA;NA;NA;NA;NA;NA;NA;NA;NA;NA;NA;NA;NA;NA;NA;NA;NA;NA;NA;NA;NA;NA;NA;NA;NA
32;"ES";3201902;"320190";"Domingos Martins";"Não";"-";"Ocupantes de automóvel";1;NA;1;5;NA;2;1;1;3;4;4;5;5;7;3;3;NA;1;NA;1;NA;1;2;1;NA
32;"ES";3202009;"320200";"Dores do Rio Preto";"Não";"-";"Ocupantes de automóvel";NA;NA;NA;NA;NA;NA;NA;NA;NA;NA;NA;NA;NA;NA;NA;NA;NA;NA;NA;NA;NA;NA;NA;NA;NA
32;"ES";3202108;"320210";"Ecoporanga";"Não";"-";"Ocupantes de automóvel";NA;NA;1;NA;NA;NA;2;NA;NA;NA;NA;NA;1;1;NA;NA;1;NA;1;NA;NA;1;1;NA;NA
32;"ES";3202207;"320220";"Fundão";"Não";"Região Metropolitana da Grande Vitória";"Ocupantes de automóvel";NA;4;NA;NA;NA;NA;2;2;NA;4;3;2;4;8;6;NA;NA;4;1;1;NA;1;3;2;NA
32;"ES";3202256;"320225";"Governador Lindenberg";"Não";"-";"Ocupantes de automóvel";NA;NA;NA;NA;NA;1;NA;NA;NA;NA;1;2;1;NA;5;NA;NA;1;NA;NA;NA;NA;1;1;NA
32;"ES";3202306;"320230";"Guaçuí";"Não";"-";"Ocupantes de automóvel";NA;NA;NA;NA;NA;NA;1;NA;NA;NA;NA;NA;NA;NA;1;1;NA;NA;1;NA;1;NA;1;NA;NA
32;"ES";3202405;"320240";"Guarapari";"Não";"Região Metropolitana da Grande Vitória";"Ocupantes de automóvel";3;5;2;NA;NA;2;3;6;6;9;7;7;16;13;5;2;12;5;5;2;2;3;1;2;NA
32;"ES";3202454;"320245";"Ibatiba";"Não";"-";"Ocupantes de automóvel";NA;NA;2;NA;NA;NA;NA;NA;1;1;NA;1;1;2;NA;NA;6;2;NA;NA;NA;2;2;NA;NA
32;"ES";3202504;"320250";"Ibiraçu";"Não";"-";"Ocupantes de automóvel";2;NA;1;NA;1;2;1;NA;NA;4;NA;1;1;7;2;2;3;5;1;NA;1;NA;NA;2;NA
32;"ES";3202553;"320255";"Ibitirama";"Não";"-";"Ocupantes de automóvel";NA;NA;NA;NA;NA;NA;NA;NA;1;NA;1;1;NA;1;NA;NA;2;NA;NA;NA;NA;NA;1;NA;NA
32;"ES";3202603;"320260";"Iconha";"Não";"-";"Ocupantes de automóvel";NA;NA;1;NA;NA;NA;1;NA;NA;1;NA;NA;NA;NA;NA;1;NA;1;NA;1;NA;NA;NA;NA;NA
32;"ES";3202652;"320265";"Irupi";"Não";"-";"Ocupantes de automóvel";NA;NA;NA;NA;NA;NA;NA;1;NA;NA;NA;NA;NA;NA;1;NA;NA;5;NA;NA;NA;NA;NA;NA;NA
32;"ES";3202702;"320270";"Itaguaçu";"Não";"-";"Ocupantes de automóvel";NA;NA;NA;NA;NA;NA;NA;NA;NA;NA;1;NA;NA;1;NA;1;NA;NA;NA;NA;NA;NA;NA;NA;NA
32;"ES";3202801;"320280";"Itapemirim";"Não";"-";"Ocupantes de automóvel";1;NA;NA;NA;NA;1;NA;1;NA;NA;NA;3;NA;1;NA;2;6;2;1;2;2;NA;1;NA;NA
32;"ES";3202900;"320290";"Itarana";"Não";"-";"Ocupantes de automóvel";NA;NA;NA;NA;1;1;NA;NA;1;NA;NA;1;2;NA;NA;1;NA;1;NA;NA;NA;NA;1;1;NA
32;"ES";3203007;"320300";"Iúna";"Não";"-";"Ocupantes de automóvel";NA;NA;NA;NA;NA;NA;1;NA;NA;NA;1;1;1;NA;NA;NA;NA;NA;1;NA;1;NA;NA;NA;NA
32;"ES";3203056;"320305";"Jaguaré";"Não";"-";"Ocupantes de automóvel";1;2;NA;2;NA;NA;1;1;2;1;1;2;1;1;3;2;3;3;2;2;3;NA;NA;2;NA
32;"ES";3203106;"320310";"Jerônimo Monteiro";"Não";"-";"Ocupantes de automóvel";NA;NA;NA;1;NA;1;NA;NA;NA;NA;2;NA;NA;NA;NA;NA;NA;NA;NA;NA;NA;NA;NA;NA;NA
32;"ES";3203130;"320313";"João Neiva";"Não";"-";"Ocupantes de automóvel";NA;NA;2;2;1;4;2;2;2;2;1;1;4;2;1;NA;1;2;2;2;NA;4;3;6;NA
32;"ES";3203163;"320316";"Laranja da Terra";"Não";"-";"Ocupantes de automóvel";NA;NA;NA;NA;NA;NA;NA;NA;NA;NA;NA;NA;NA;NA;NA;NA;NA;NA;NA;1;NA;NA;NA;NA;NA
32;"ES";3203205;"320320";"Linhares";"Não";"-";"Ocupantes de automóvel";2;1;4;NA;3;4;5;12;14;12;15;22;27;16;16;10;9;16;11;7;6;9;9;5;NA
32;"ES";3203304;"320330";"Mantenópolis";"Não";"-";"Ocupantes de automóvel";NA;NA;NA;2;NA;NA;NA;NA;NA;NA;NA;NA;NA;2;NA;NA;NA;1;NA;1;NA;2;1;NA;NA
32;"ES";3203320;"320332";"Marataízes";"Não";"-";"Ocupantes de automóvel";NA;NA;NA;NA;NA;NA;1;NA;NA;NA;NA;NA;NA;1;NA;NA;NA;NA;NA;NA;NA;NA;1;1;NA
32;"ES";3203346;"320334";"Marechal Floriano";"Não";"-";"Ocupantes de automóvel";NA;1;1;2;NA;NA;1;NA;1;2;2;4;4;1;1;1;NA;NA;1;1;1;NA;2;1;NA
32;"ES";3203353;"320335";"Marilândia";"Não";"-";"Ocupantes de automóvel";NA;NA;NA;NA;NA;NA;2;NA;1;NA;NA;NA;1;NA;NA;NA;NA;NA;1;NA;NA;NA;NA;NA;NA
32;"ES";3203403;"320340";"Mimoso do Sul";"Não";"-";"Ocupantes de automóvel";NA;NA;NA;NA;NA;1;1;NA;2;NA;2;4;1;4;NA;3;3;2;NA;1;1;2;2;2;NA
32;"ES";3203502;"320350";"Montanha";"Não";"-";"Ocupantes de automóvel";NA;1;NA;1;NA;NA;1;2;3;1;2;1;NA;NA;1;NA;3;1;2;NA;NA;2;NA;1;NA
32;"ES";3203601;"320360";"Mucurici";"Não";"-";"Ocupantes de automóvel";1;NA;NA;NA;NA;NA;NA;5;NA;NA;NA;NA;1;NA;NA;1;1;1;1;NA;NA;NA;NA;NA;NA
32;"ES";3203700;"320370";"Muniz Freire";"Não";"-";"Ocupantes de automóvel";NA;NA;NA;NA;NA;NA;1;NA;NA;NA;NA;NA;1;NA;NA;NA;NA;NA;1;NA;NA;2;NA;NA;NA
32;"ES";3203809;"320380";"Muqui";"Não";"-";"Ocupantes de automóvel";NA;NA;NA;NA;NA;NA;NA;NA;NA;NA;4;NA;NA;NA;NA;NA;NA;NA;NA;NA;NA;NA;NA;NA;NA
32;"ES";3203908;"320390";"Nova Venécia";"Não";"-";"Ocupantes de automóvel";1;NA;1;NA;NA;2;1;5;1;1;2;3;4;7;1;NA;1;4;2;NA;NA;2;3;4;NA
32;"ES";3204005;"320400";"Pancas";"Não";"-";"Ocupantes de automóvel";1;NA;NA;2;NA;NA;NA;NA;NA;NA;NA;2;NA;1;1;1;NA;NA;NA;NA;NA;NA;2;1;NA
32;"ES";3204054;"320405";"Pedro Canário";"Não";"-";"Ocupantes de automóvel";1;1;1;3;1;5;4;3;2;NA;4;NA;3;6;4;2;2;3;1;NA;NA;1;2;NA;NA
32;"ES";3204104;"320410";"Pinheiros";"Não";"-";"Ocupantes de automóvel";NA;1;1;1;1;1;1;1;NA;NA;1;1;2;3;3;2;NA;2;NA;1;NA;7;NA;4;NA
32;"ES";3204203;"320420";"Piúma";"Não";"-";"Ocupantes de automóvel";1;NA;NA;NA;NA;NA;NA;NA;NA;NA;NA;NA;NA;1;2;NA;2;NA;NA;NA;NA;NA;NA;NA;NA
32;"ES";3204252;"320425";"Ponto Belo";"Não";"-";"Ocupantes de automóvel";NA;NA;NA;NA;NA;NA;1;NA;NA;NA;NA;NA;NA;NA;NA;NA;NA;1;NA;NA;NA;1;NA;NA;NA
32;"ES";3204302;"320430";"Presidente Kennedy";"Não";"-";"Ocupantes de automóvel";NA;NA;NA;NA;NA;NA;NA;NA;NA;NA;NA;NA;NA;1;1;NA;1;NA;NA;NA;1;NA;1;1;NA
32;"ES";3204351;"320435";"Rio Bananal";"Não";"-";"Ocupantes de automóvel";NA;NA;NA;NA;NA;NA;NA;NA;NA;1;2;2;NA;NA;2;NA;1;NA;1;NA;NA;NA;NA;NA;NA
32;"ES";3204401;"320440";"Rio Novo do Sul";"Não";"-";"Ocupantes de automóvel";NA;NA;1;NA;4;NA;2;NA;NA;NA;1;1;2;NA;NA;NA;2;1;1;NA;NA;NA;NA;NA;NA
32;"ES";3204500;"320450";"Santa Leopoldina";"Não";"-";"Ocupantes de automóvel";NA;NA;NA;NA;NA;NA;NA;NA;NA;NA;1;NA;1;NA;NA;NA;1;1;NA;NA;NA;2;NA;NA;NA
32;"ES";3204559;"320455";"Santa Maria de Jetibá";"Não";"-";"Ocupantes de automóvel";NA;NA;NA;NA;NA;NA;NA;NA;NA;NA;NA;NA;NA;NA;2;1;NA;1;NA;1;NA;1;2;NA;NA
32;"ES";3204609;"320460";"Santa Teresa";"Não";"-";"Ocupantes de automóvel";NA;NA;NA;NA;1;NA;NA;NA;NA;1;NA;NA;4;2;1;NA;1;NA;NA;NA;NA;1;NA;NA;NA
32;"ES";3204658;"320465";"São Domingos do Norte";"Não";"-";"Ocupantes de automóvel";NA;NA;NA;NA;NA;NA;NA;NA;1;NA;NA;1;1;1;NA;NA;NA;1;NA;NA;NA;NA;NA;1;NA
32;"ES";3204708;"320470";"São Gabriel da Palha";"Não";"-";"Ocupantes de automóvel";1;NA;NA;NA;NA;1;1;1;1;NA;1;2;NA;NA;NA;NA;NA;NA;NA;1;NA;3;1;1;NA
32;"ES";3204807;"320480";"São José do Calçado";"Não";"-";"Ocupantes de automóvel";NA;NA;NA;NA;NA;NA;NA;NA;1;NA;NA;1;2;1;1;1;NA;1;NA;NA;1;NA;2;NA;NA
32;"ES";3204906;"320490";"São Mateus";"Não";"-";"Ocupantes de automóvel";1;6;NA;2;5;7;2;10;15;16;18;16;27;23;18;7;22;15;7;9;3;10;6;17;NA
32;"ES";3204955;"320495";"São Roque do Canaã";"Não";"-";"Ocupantes de automóvel";NA;NA;NA;NA;NA;NA;NA;NA;NA;NA;NA;NA;2;NA;NA;NA;NA;NA;1;NA;NA;NA;NA;NA;NA
32;"ES";3205002;"320500";"Serra";"Não";"Região Metropolitana da Grande Vitória";"Ocupantes de automóvel";19;24;9;11;15;16;19;22;22;26;16;26;32;36;34;22;10;12;20;19;14;19;12;22;NA
32;"ES";3205010;"320501";"Sooretama";"Não";"-";"Ocupantes de automóvel";1;NA;NA;1;1;NA;1;1;4;3;3;3;2;3;5;6;3;5;3;4;NA;2;2;6;NA
32;"ES";3205036;"320503";"Vargem Alta";"Não";"-";"Ocupantes de automóvel";NA;1;1;NA;2;NA;NA;NA;NA;2;NA;NA;NA;NA;NA;NA;NA;NA;NA;NA;NA;NA;NA;1;NA
32;"ES";3205069;"320506";"Venda Nova do Imigrante";"Não";"-";"Ocupantes de automóvel";2;3;NA;NA;NA;NA;NA;NA;2;NA;NA;4;NA;1;5;3;2;4;1;NA;NA;2;1;NA;NA
32;"ES";3205101;"320510";"Viana";"Não";"Região Metropolitana da Grande Vitória";"Ocupantes de automóvel";1;1;NA;7;1;1;NA;3;2;3;6;1;1;4;1;NA;3;4;1;2;NA;3;2;1;NA
32;"ES";3205150;"320515";"Vila Pavão";"Não";"-";"Ocupantes de automóvel";NA;NA;NA;NA;NA;NA;NA;NA;NA;NA;NA;NA;NA;NA;NA;NA;NA;NA;NA;NA;NA;NA;1;NA;NA
32;"ES";3205176;"320517";"Vila Valério";"Não";"-";"Ocupantes de automóvel";NA;NA;NA;NA;NA;NA;NA;NA;1;NA;NA;NA;2;NA;NA;1;NA;NA;1;NA;NA;NA;NA;1;NA
32;"ES";3205200;"320520";"Vila Velha";"Não";"Região Metropolitana da Grande Vitória";"Ocupantes de automóvel";1;2;2;4;1;1;2;8;3;3;5;16;8;6;11;5;1;8;4;2;3;4;5;3;NA
32;"ES";3205309;"320530";"Vitória";"Sim";"Região Metropolitana da Grande Vitória";"Ocupantes de automóvel";10;9;16;12;18;16;10;22;18;16;25;18;25;9;10;8;5;9;7;5;3;14;9;6;NA
33;"RJ";3300100;"330010";"Angra dos Reis";"Não";"-";"Ocupantes de automóvel";2;3;2;1;5;3;NA;6;2;4;3;7;4;7;4;2;2;NA;NA;NA;NA;2;4;1;NA
33;"RJ";3300159;"330015";"Aperibé";"Não";"-";"Ocupantes de automóvel";NA;1;NA;NA;NA;NA;NA;NA;NA;NA;NA;NA;NA;NA;NA;NA;NA;NA;1;NA;NA;NA;NA;NA;NA
33;"RJ";3300209;"330020";"Araruama";"Não";"-";"Ocupantes de automóvel";NA;NA;1;2;17;9;3;3;1;NA;3;2;3;NA;3;4;NA;NA;1;4;NA;1;NA;NA;NA
33;"RJ";3300225;"330022";"Areal";"Não";"-";"Ocupantes de automóvel";NA;NA;NA;NA;NA;NA;NA;NA;NA;NA;NA;NA;NA;NA;NA;NA;NA;NA;NA;NA;NA;NA;NA;NA;NA
33;"RJ";3300233;"330023";"Armação dos Búzios";"Não";"-";"Ocupantes de automóvel";NA;NA;1;NA;NA;NA;1;1;1;NA;NA;NA;NA;1;NA;NA;NA;NA;NA;NA;NA;NA;NA;1;NA
33;"RJ";3300258;"330025";"Arraial do Cabo";"Não";"-";"Ocupantes de automóvel";NA;NA;NA;1;NA;NA;NA;NA;1;NA;NA;NA;NA;1;2;1;NA;NA;NA;2;NA;NA;NA;NA;NA
33;"RJ";3300308;"330030";"Barra do Piraí";"Não";"-";"Ocupantes de automóvel";4;5;2;10;2;3;2;7;2;2;3;3;1;5;4;1;NA;2;5;1;1;NA;NA;NA;NA
33;"RJ";3300407;"330040";"Barra Mansa";"Não";"-";"Ocupantes de automóvel";NA;1;1;3;3;2;NA;5;1;2;2;2;5;4;NA;3;2;2;4;1;6;NA;2;1;NA
33;"RJ";3300456;"330045";"Belford Roxo";"Não";"Região Metropolitana do Rio de Janeiro";"Ocupantes de automóvel";2;NA;1;NA;1;1;1;1;NA;NA;1;1;NA;NA;NA;1;1;NA;NA;NA;NA;NA;NA;NA;NA
33;"RJ";3300506;"330050";"Bom Jardim";"Não";"-";"Ocupantes de automóvel";NA;NA;NA;NA;2;NA;NA;NA;NA;NA;NA;3;2;NA;NA;1;NA;NA;2;1;1;NA;1;NA;NA
33;"RJ";3300605;"330060";"Bom Jesus do Itabapoana";"Não";"-";"Ocupantes de automóvel";NA;1;1;NA;1;2;2;1;NA;NA;3;NA;4;2;NA;NA;NA;2;NA;NA;NA;NA;NA;NA;NA
33;"RJ";3300704;"330070";"Cabo Frio";"Não";"-";"Ocupantes de automóvel";NA;NA;NA;1;2;2;4;2;2;NA;NA;1;NA;6;2;1;NA;2;2;NA;NA;1;2;NA;NA
33;"RJ";3300803;"330080";"Cachoeiras de Macacu";"Não";"Região Metropolitana do Rio de Janeiro";"Ocupantes de automóvel";NA;1;1;NA;NA;1;NA;2;1;1;NA;1;NA;NA;NA;NA;1;NA;NA;4;NA;2;NA;NA;NA
33;"RJ";3300902;"330090";"Cambuci";"Não";"-";"Ocupantes de automóvel";NA;NA;NA;NA;NA;NA;NA;NA;NA;NA;NA;NA;NA;NA;NA;NA;NA;NA;NA;NA;NA;NA;NA;NA;NA
33;"RJ";3300936;"330093";"Carapebus";"Não";"-";"Ocupantes de automóvel";1;3;1;NA;1;NA;NA;2;1;NA;NA;NA;NA;NA;2;2;NA;NA;NA;NA;NA;NA;NA;NA;NA
33;"RJ";3300951;"330095";"Comendador Levy Gasparian";"Não";"-";"Ocupantes de automóvel";NA;NA;NA;NA;NA;2;NA;NA;NA;NA;NA;NA;NA;NA;NA;NA;NA;NA;NA;NA;NA;NA;NA;NA;NA
33;"RJ";3301009;"330100";"Campos dos Goytacazes";"Não";"-";"Ocupantes de automóvel";3;3;2;14;15;17;12;15;11;18;16;11;25;13;12;16;22;12;10;14;15;7;15;18;NA
33;"RJ";3301108;"330110";"Cantagalo";"Não";"-";"Ocupantes de automóvel";NA;NA;NA;NA;NA;NA;NA;NA;NA;NA;NA;1;1;NA;1;NA;2;NA;NA;2;NA;NA;1;NA;NA
33;"RJ";3301157;"330115";"Cardoso Moreira";"Não";"-";"Ocupantes de automóvel";NA;NA;NA;NA;NA;NA;NA;NA;1;NA;NA;1;4;1;NA;NA;1;NA;NA;NA;NA;NA;NA;1;NA
33;"RJ";3301207;"330120";"Carmo";"Não";"-";"Ocupantes de automóvel";NA;NA;NA;NA;NA;NA;NA;NA;NA;NA;NA;NA;NA;NA;NA;2;NA;NA;NA;NA;NA;NA;1;NA;NA
33;"RJ";3301306;"330130";"Casimiro de Abreu";"Não";"-";"Ocupantes de automóvel";3;4;12;9;1;NA;4;3;1;1;NA;NA;NA;NA;NA;NA;1;NA;1;NA;NA;NA;NA;NA;NA
33;"RJ";3301405;"330140";"Conceição de Macabu";"Não";"-";"Ocupantes de automóvel";NA;NA;2;NA;NA;1;NA;NA;2;1;3;NA;NA;NA;NA;1;NA;NA;NA;NA;NA;NA;NA;NA;NA
33;"RJ";3301504;"330150";"Cordeiro";"Não";"-";"Ocupantes de automóvel";NA;1;NA;NA;NA;1;NA;1;1;NA;1;1;2;2;NA;NA;NA;NA;NA;NA;NA;NA;NA;NA;NA
33;"RJ";3301603;"330160";"Duas Barras";"Não";"-";"Ocupantes de automóvel";NA;NA;NA;NA;NA;NA;NA;NA;NA;NA;NA;NA;NA;NA;NA;NA;NA;NA;NA;NA;NA;NA;NA;NA;NA
33;"RJ";3301702;"330170";"Duque de Caxias";"Não";"Região Metropolitana do Rio de Janeiro";"Ocupantes de automóvel";NA;NA;1;NA;1;2;NA;1;3;3;NA;1;1;4;2;NA;2;3;4;3;1;1;2;1;NA
33;"RJ";3301801;"330180";"Engenheiro Paulo de Frontin";"Não";"-";"Ocupantes de automóvel";1;NA;NA;NA;NA;NA;1;NA;1;NA;NA;NA;NA;NA;NA;NA;NA;NA;NA;NA;NA;NA;NA;NA;NA
33;"RJ";3301850;"330185";"Guapimirim";"Não";"Região Metropolitana do Rio de Janeiro";"Ocupantes de automóvel";NA;1;NA;NA;2;NA;3;NA;NA;NA;NA;NA;NA;NA;NA;NA;NA;NA;NA;NA;NA;1;NA;2;NA
33;"RJ";3301876;"330187";"Iguaba Grande";"Não";"-";"Ocupantes de automóvel";NA;NA;NA;NA;2;NA;NA;NA;NA;NA;NA;NA;NA;NA;1;1;NA;2;NA;NA;NA;NA;1;NA;NA
33;"RJ";3301900;"330190";"Itaboraí";"Não";"Região Metropolitana do Rio de Janeiro";"Ocupantes de automóvel";NA;NA;1;2;NA;2;3;2;4;1;1;NA;NA;NA;2;6;1;NA;1;NA;NA;NA;NA;2;NA
33;"RJ";3302007;"330200";"Itaguaí";"Não";"Região Metropolitana do Rio de Janeiro";"Ocupantes de automóvel";NA;NA;2;NA;1;2;NA;3;2;2;NA;5;3;2;2;3;1;NA;NA;NA;NA;1;NA;NA;NA
33;"RJ";3302056;"330205";"Italva";"Não";"-";"Ocupantes de automóvel";NA;NA;NA;NA;NA;NA;NA;NA;NA;NA;NA;1;1;NA;NA;NA;1;1;1;NA;1;NA;NA;NA;NA
33;"RJ";3302106;"330210";"Itaocara";"Não";"-";"Ocupantes de automóvel";NA;NA;3;NA;NA;NA;NA;NA;2;1;NA;NA;1;NA;NA;NA;NA;NA;1;1;NA;NA;NA;1;NA
33;"RJ";3302205;"330220";"Itaperuna";"Não";"-";"Ocupantes de automóvel";4;3;2;NA;NA;4;2;6;5;NA;6;2;10;5;8;10;5;4;1;3;3;1;1;NA;NA
33;"RJ";3302254;"330225";"Itatiaia";"Não";"-";"Ocupantes de automóvel";NA;NA;NA;NA;NA;NA;NA;NA;NA;1;NA;NA;NA;NA;1;NA;1;NA;NA;NA;NA;NA;NA;NA;NA
33;"RJ";3302270;"330227";"Japeri";"Não";"Região Metropolitana do Rio de Janeiro";"Ocupantes de automóvel";NA;NA;NA;NA;NA;NA;NA;NA;NA;NA;NA;NA;NA;NA;NA;1;NA;NA;NA;NA;NA;NA;NA;NA;NA
33;"RJ";3302304;"330230";"Laje do Muriaé";"Não";"-";"Ocupantes de automóvel";NA;NA;NA;NA;NA;NA;NA;NA;NA;NA;NA;NA;NA;NA;2;NA;NA;NA;NA;NA;NA;NA;NA;NA;NA
33;"RJ";3302403;"330240";"Macaé";"Não";"-";"Ocupantes de automóvel";NA;NA;1;2;13;10;8;11;12;3;2;5;9;4;11;3;3;10;6;1;6;6;4;1;NA
33;"RJ";3302452;"330245";"Macuco";"Não";"-";"Ocupantes de automóvel";NA;1;NA;NA;NA;NA;NA;NA;NA;NA;NA;NA;NA;NA;NA;NA;NA;NA;NA;NA;NA;NA;NA;NA;NA
33;"RJ";3302502;"330250";"Magé";"Não";"Região Metropolitana do Rio de Janeiro";"Ocupantes de automóvel";NA;1;3;1;NA;2;3;NA;NA;NA;NA;1;NA;NA;NA;1;NA;NA;1;1;2;NA;3;4;NA
33;"RJ";3302601;"330260";"Mangaratiba";"Não";"-";"Ocupantes de automóvel";3;NA;3;1;3;3;6;6;NA;NA;4;3;7;5;3;3;NA;2;NA;NA;1;1;NA;4;NA
33;"RJ";3302700;"330270";"Maricá";"Não";"Região Metropolitana do Rio de Janeiro";"Ocupantes de automóvel";NA;1;NA;NA;1;4;2;NA;3;NA;NA;1;NA;NA;1;2;2;2;3;NA;2;1;1;1;NA
33;"RJ";3302809;"330280";"Mendes";"Não";"-";"Ocupantes de automóvel";NA;NA;NA;NA;NA;NA;NA;NA;NA;NA;NA;NA;NA;NA;NA;NA;NA;NA;NA;NA;NA;1;NA;1;NA
33;"RJ";3302858;"330285";"Mesquita";"Não";"Região Metropolitana do Rio de Janeiro";"Ocupantes de automóvel";NA;NA;NA;1;NA;NA;NA;NA;NA;2;NA;1;NA;NA;NA;NA;NA;NA;NA;NA;NA;NA;NA;NA;NA
33;"RJ";3302908;"330290";"Miguel Pereira";"Não";"-";"Ocupantes de automóvel";NA;NA;NA;NA;1;NA;NA;NA;1;NA;NA;NA;1;1;NA;NA;1;NA;NA;1;NA;1;NA;1;NA
33;"RJ";3303005;"330300";"Miracema";"Não";"-";"Ocupantes de automóvel";1;NA;NA;NA;NA;NA;NA;1;NA;NA;NA;NA;1;NA;NA;NA;NA;NA;NA;NA;NA;NA;NA;NA;NA
33;"RJ";3303104;"330310";"Natividade";"Não";"-";"Ocupantes de automóvel";NA;NA;NA;NA;NA;NA;NA;NA;NA;NA;NA;NA;NA;1;1;1;NA;NA;NA;NA;NA;NA;NA;NA;NA
33;"RJ";3303203;"330320";"Nilópolis";"Não";"Região Metropolitana do Rio de Janeiro";"Ocupantes de automóvel";NA;NA;NA;NA;NA;NA;NA;NA;1;NA;NA;NA;1;NA;1;NA;NA;NA;NA;NA;NA;NA;NA;NA;NA
33;"RJ";3303302;"330330";"Niterói";"Não";"Região Metropolitana do Rio de Janeiro";"Ocupantes de automóvel";NA;1;2;5;NA;2;1;3;3;3;5;1;3;9;2;3;4;4;4;2;5;7;3;3;NA
33;"RJ";3303401;"330340";"Nova Friburgo";"Não";"-";"Ocupantes de automóvel";1;4;NA;3;2;1;2;2;3;3;2;NA;4;1;1;1;2;1;NA;1;NA;NA;NA;3;NA
33;"RJ";3303500;"330350";"Nova Iguaçu";"Não";"Região Metropolitana do Rio de Janeiro";"Ocupantes de automóvel";1;NA;NA;6;6;4;7;7;5;2;5;4;7;14;15;12;4;1;6;1;4;1;NA;NA;NA
33;"RJ";3303609;"330360";"Paracambi";"Não";"Região Metropolitana do Rio de Janeiro";"Ocupantes de automóvel";NA;NA;2;NA;1;NA;NA;NA;NA;1;2;1;1;1;1;1;NA;NA;NA;NA;NA;NA;NA;NA;NA
33;"RJ";3303708;"330370";"Paraíba do Sul";"Não";"-";"Ocupantes de automóvel";NA;NA;NA;1;2;NA;1;NA;1;NA;1;NA;NA;NA;NA;NA;1;NA;NA;NA;NA;NA;NA;NA;NA
33;"RJ";3303807;"330380";"Paraty";"Não";"-";"Ocupantes de automóvel";NA;NA;NA;NA;NA;NA;NA;NA;NA;NA;NA;1;1;NA;2;2;1;NA;NA;NA;NA;NA;NA;3;NA
33;"RJ";3303856;"330385";"Paty do Alferes";"Não";"-";"Ocupantes de automóvel";NA;NA;NA;NA;NA;NA;NA;NA;NA;NA;NA;3;NA;1;NA;NA;NA;NA;NA;NA;NA;NA;NA;NA;NA
33;"RJ";3303906;"330390";"Petrópolis";"Não";"Região Metropolitana do Rio de Janeiro";"Ocupantes de automóvel";3;1;3;3;NA;5;5;3;5;2;NA;2;4;7;1;4;3;2;3;3;1;1;1;NA;NA
33;"RJ";3303955;"330395";"Pinheiral";"Não";"-";"Ocupantes de automóvel";NA;NA;1;NA;NA;NA;NA;NA;1;1;NA;NA;NA;NA;NA;NA;NA;NA;NA;NA;NA;NA;NA;NA;NA
33;"RJ";3304003;"330400";"Piraí";"Não";"-";"Ocupantes de automóvel";1;NA;1;1;NA;2;NA;NA;1;1;1;2;3;NA;3;NA;1;2;NA;1;NA;NA;1;NA;NA
33;"RJ";3304102;"330410";"Porciúncula";"Não";"-";"Ocupantes de automóvel";NA;NA;NA;NA;NA;NA;NA;NA;1;NA;NA;NA;NA;1;NA;NA;NA;NA;NA;NA;NA;NA;NA;NA;NA
33;"RJ";3304110;"330411";"Porto Real";"Não";"-";"Ocupantes de automóvel";NA;NA;NA;NA;NA;NA;NA;1;1;NA;1;NA;NA;2;NA;2;NA;NA;NA;4;NA;NA;NA;NA;NA
33;"RJ";3304128;"330412";"Quatis";"Não";"-";"Ocupantes de automóvel";NA;NA;NA;NA;NA;NA;NA;NA;NA;NA;1;NA;1;NA;NA;NA;NA;NA;NA;NA;NA;NA;NA;NA;NA
33;"RJ";3304144;"330414";"Queimados";"Não";"Região Metropolitana do Rio de Janeiro";"Ocupantes de automóvel";NA;NA;NA;NA;NA;NA;NA;1;NA;NA;2;NA;NA;NA;NA;NA;NA;NA;NA;NA;NA;NA;NA;NA;NA
33;"RJ";3304151;"330415";"Quissamã";"Não";"-";"Ocupantes de automóvel";NA;NA;2;1;NA;3;1;1;1;NA;NA;NA;1;NA;NA;NA;1;NA;NA;NA;NA;1;NA;NA;NA
33;"RJ";3304201;"330420";"Resende";"Não";"-";"Ocupantes de automóvel";NA;2;4;2;2;2;1;2;1;1;3;2;1;4;NA;NA;1;2;1;2;NA;2;1;NA;NA
33;"RJ";3304300;"330430";"Rio Bonito";"Não";"Região Metropolitana do Rio de Janeiro";"Ocupantes de automóvel";NA;2;3;4;6;3;NA;1;1;1;NA;NA;3;1;1;NA;1;NA;NA;NA;NA;1;NA;NA;NA
33;"RJ";3304409;"330440";"Rio Claro";"Não";"-";"Ocupantes de automóvel";NA;NA;NA;1;1;2;3;NA;2;6;NA;NA;NA;NA;1;NA;NA;NA;1;NA;NA;NA;NA;NA;NA
33;"RJ";3304508;"330450";"Rio das Flores";"Não";"-";"Ocupantes de automóvel";NA;NA;NA;NA;NA;NA;NA;NA;NA;1;NA;NA;NA;NA;1;NA;NA;NA;NA;NA;NA;NA;1;NA;NA
33;"RJ";3304524;"330452";"Rio das Ostras";"Não";"-";"Ocupantes de automóvel";NA;NA;2;2;2;2;5;1;NA;2;NA;NA;NA;NA;NA;2;1;NA;NA;NA;NA;1;NA;1;NA
33;"RJ";3304557;"330455";"Rio de Janeiro";"Sim";"Região Metropolitana do Rio de Janeiro";"Ocupantes de automóvel";17;27;49;50;45;67;65;63;51;47;37;45;41;25;20;17;19;31;26;4;23;14;19;11;NA
33;"RJ";3304607;"330460";"Santa Maria Madalena";"Não";"-";"Ocupantes de automóvel";NA;NA;NA;NA;NA;2;NA;NA;NA;2;NA;1;NA;NA;NA;1;NA;NA;NA;NA;NA;NA;NA;NA;NA
33;"RJ";3304706;"330470";"Santo Antônio de Pádua";"Não";"-";"Ocupantes de automóvel";2;2;2;NA;1;1;NA;NA;NA;2;1;4;NA;NA;NA;1;1;2;1;1;NA;2;1;NA;NA
33;"RJ";3304755;"330475";"São Francisco de Itabapoana";"Não";"-";"Ocupantes de automóvel";NA;NA;NA;NA;NA;NA;NA;NA;NA;NA;NA;3;NA;NA;NA;NA;1;1;4;NA;NA;2;2;NA;NA
33;"RJ";3304805;"330480";"São Fidélis";"Não";"-";"Ocupantes de automóvel";NA;NA;NA;NA;NA;NA;NA;NA;NA;1;NA;NA;NA;1;1;NA;2;2;4;1;NA;NA;NA;NA;NA
33;"RJ";3304904;"330490";"São Gonçalo";"Não";"Região Metropolitana do Rio de Janeiro";"Ocupantes de automóvel";1;NA;1;3;4;NA;4;1;8;NA;4;8;5;14;10;11;9;13;2;4;3;6;7;5;NA
33;"RJ";3305000;"330500";"São João da Barra";"Não";"-";"Ocupantes de automóvel";NA;NA;NA;NA;NA;1;1;NA;NA;1;NA;NA;NA;NA;2;NA;2;1;1;NA;NA;NA;NA;NA;NA
33;"RJ";3305109;"330510";"São João de Meriti";"Não";"Região Metropolitana do Rio de Janeiro";"Ocupantes de automóvel";NA;NA;NA;NA;4;2;3;NA;5;NA;1;3;NA;NA;NA;1;NA;NA;1;1;NA;NA;NA;NA;NA
33;"RJ";3305133;"330513";"São José de Ubá";"Não";"-";"Ocupantes de automóvel";NA;NA;NA;NA;NA;NA;NA;NA;NA;1;NA;NA;NA;NA;NA;NA;NA;1;NA;NA;NA;NA;NA;NA;NA
33;"RJ";3305158;"330515";"São José do Vale do Rio Preto";"Não";"-";"Ocupantes de automóvel";NA;NA;NA;NA;NA;NA;NA;NA;NA;NA;NA;1;NA;NA;1;1;NA;NA;NA;NA;NA;2;NA;NA;NA
33;"RJ";3305208;"330520";"São Pedro da Aldeia";"Não";"-";"Ocupantes de automóvel";1;6;2;NA;2;4;2;1;1;1;4;4;2;1;3;NA;4;1;NA;NA;NA;NA;NA;1;NA
33;"RJ";3305307;"330530";"São Sebastião do Alto";"Não";"-";"Ocupantes de automóvel";1;NA;NA;NA;NA;NA;NA;NA;NA;1;NA;NA;NA;NA;NA;2;NA;NA;NA;NA;NA;NA;NA;NA;NA
33;"RJ";3305406;"330540";"Sapucaia";"Não";"-";"Ocupantes de automóvel";NA;NA;NA;NA;1;NA;3;NA;1;NA;NA;2;NA;NA;NA;NA;NA;NA;NA;1;NA;NA;NA;NA;NA
33;"RJ";3305505;"330550";"Saquarema";"Não";"-";"Ocupantes de automóvel";NA;NA;NA;4;2;5;4;5;3;NA;NA;NA;NA;NA;NA;NA;1;NA;2;NA;NA;NA;NA;1;NA
33;"RJ";3305554;"330555";"Seropédica";"Não";"Região Metropolitana do Rio de Janeiro";"Ocupantes de automóvel";NA;NA;NA;NA;NA;NA;1;NA;NA;NA;NA;1;1;NA;NA;3;NA;NA;2;NA;NA;NA;NA;NA;NA
33;"RJ";3305604;"330560";"Silva Jardim";"Não";"-";"Ocupantes de automóvel";NA;2;1;1;5;3;NA;2;3;1;5;3;NA;3;NA;NA;2;NA;NA;NA;1;NA;NA;NA;NA
33;"RJ";3305703;"330570";"Sumidouro";"Não";"-";"Ocupantes de automóvel";NA;NA;1;NA;NA;NA;NA;NA;NA;NA;NA;NA;1;NA;NA;1;NA;NA;NA;NA;NA;NA;NA;NA;NA
33;"RJ";3305752;"330575";"Tanguá";"Não";"Região Metropolitana do Rio de Janeiro";"Ocupantes de automóvel";NA;NA;NA;NA;NA;NA;NA;NA;NA;NA;NA;NA;1;NA;NA;NA;NA;NA;NA;NA;NA;NA;NA;NA;NA
33;"RJ";3305802;"330580";"Teresópolis";"Não";"-";"Ocupantes de automóvel";3;3;NA;NA;7;NA;2;1;3;1;3;4;10;3;8;2;8;4;5;4;2;7;2;2;NA
33;"RJ";3305901;"330590";"Trajano de Moraes";"Não";"-";"Ocupantes de automóvel";NA;1;1;NA;NA;NA;NA;NA;1;NA;NA;NA;NA;NA;NA;NA;NA;NA;NA;NA;NA;NA;NA;NA;NA
33;"RJ";3306008;"330600";"Três Rios";"Não";"-";"Ocupantes de automóvel";3;1;1;NA;NA;1;1;1;NA;1;NA;2;NA;1;2;1;NA;4;NA;NA;2;2;1;1;NA
33;"RJ";3306107;"330610";"Valença";"Não";"-";"Ocupantes de automóvel";NA;1;NA;NA;1;3;1;1;NA;3;1;NA;3;1;1;2;NA;NA;1;6;NA;NA;1;1;NA
33;"RJ";3306156;"330615";"Varre-Sai";"Não";"-";"Ocupantes de automóvel";NA;NA;NA;NA;NA;NA;NA;NA;NA;NA;NA;NA;NA;NA;1;NA;1;NA;NA;NA;NA;NA;NA;NA;NA
33;"RJ";3306206;"330620";"Vassouras";"Não";"-";"Ocupantes de automóvel";NA;1;1;1;NA;NA;1;NA;NA;1;1;1;1;NA;3;1;3;1;5;NA;NA;NA;1;3;NA
33;"RJ";3306305;"330630";"Volta Redonda";"Não";"-";"Ocupantes de automóvel";NA;4;5;1;3;6;7;NA;4;4;6;2;3;4;2;4;2;2;1;NA;NA;2;NA;4;NA
35;"SP";3500105;"350010";"Adamantina";"Não";"-";"Ocupantes de automóvel";NA;NA;NA;NA;NA;NA;NA;NA;NA;NA;NA;NA;NA;NA;NA;NA;NA;NA;NA;NA;NA;4;1;NA;NA
35;"SP";3500303;"350030";"Aguaí";"Não";"-";"Ocupantes de automóvel";NA;NA;NA;NA;NA;NA;NA;NA;NA;NA;NA;NA;NA;NA;NA;NA;NA;NA;1;1;1;3;NA;NA;NA
35;"SP";3500402;"350040";"Águas da Prata";"Não";"-";"Ocupantes de automóvel";NA;NA;NA;NA;NA;NA;NA;NA;NA;NA;NA;NA;NA;NA;NA;NA;NA;NA;NA;4;NA;NA;NA;NA;NA
35;"SP";3500501;"350050";"Águas de Lindóia";"Não";"-";"Ocupantes de automóvel";NA;NA;NA;NA;NA;NA;NA;NA;1;NA;NA;NA;NA;NA;NA;NA;NA;NA;NA;NA;NA;NA;NA;NA;NA
35;"SP";3500550;"350055";"Águas de Santa Bárbara";"Não";"-";"Ocupantes de automóvel";NA;NA;NA;NA;NA;NA;1;NA;NA;1;NA;NA;NA;NA;NA;NA;NA;NA;NA;NA;NA;NA;NA;NA;NA
35;"SP";3500600;"350060";"Águas de São Pedro";"Não";"Região Metropolitana de Piracicaba";"Ocupantes de automóvel";NA;NA;NA;NA;NA;NA;NA;NA;NA;NA;NA;NA;NA;NA;NA;NA;NA;NA;NA;NA;NA;NA;1;NA;NA
35;"SP";3500709;"350070";"Agudos";"Não";"-";"Ocupantes de automóvel";NA;NA;NA;NA;NA;NA;NA;NA;NA;NA;NA;NA;NA;NA;2;NA;NA;NA;NA;NA;NA;NA;NA;NA;NA
35;"SP";3500758;"350075";"Alambari";"Não";"Região Metropolitana de Sorocaba";"Ocupantes de automóvel";NA;NA;NA;NA;NA;NA;1;NA;NA;NA;NA;NA;NA;NA;NA;NA;NA;NA;NA;NA;NA;NA;NA;NA;NA
35;"SP";3500808;"350080";"Alfredo Marcondes";"Não";"-";"Ocupantes de automóvel";NA;NA;NA;NA;NA;NA;NA;NA;2;NA;NA;NA;NA;NA;NA;NA;NA;NA;NA;1;NA;NA;NA;NA;NA
35;"SP";3500907;"350090";"Altair";"Não";"-";"Ocupantes de automóvel";NA;NA;NA;NA;NA;NA;NA;NA;NA;NA;NA;NA;NA;1;NA;2;NA;NA;NA;1;NA;NA;NA;NA;NA
35;"SP";3501004;"350100";"Altinópolis";"Não";"Região Metropolitana de Ribeirão Preto";"Ocupantes de automóvel";NA;NA;NA;NA;NA;NA;NA;NA;NA;NA;NA;NA;1;NA;NA;NA;NA;NA;1;NA;3;NA;NA;NA;NA
35;"SP";3501103;"350110";"Alto Alegre";"Não";"-";"Ocupantes de automóvel";NA;NA;NA;NA;NA;NA;NA;NA;NA;NA;NA;NA;NA;NA;NA;NA;1;1;NA;NA;NA;NA;NA;NA;NA
35;"SP";3501152;"350115";"Alumínio";"Não";"Região Metropolitana de Sorocaba";"Ocupantes de automóvel";NA;NA;NA;NA;NA;NA;NA;NA;NA;NA;NA;NA;1;NA;NA;NA;NA;NA;NA;1;1;NA;NA;NA;NA
35;"SP";3501202;"350120";"Álvares Florence";"Não";"-";"Ocupantes de automóvel";NA;NA;NA;NA;NA;NA;NA;NA;NA;NA;NA;NA;NA;NA;NA;NA;NA;NA;NA;NA;NA;NA;NA;1;NA
35;"SP";3501301;"350130";"Álvares Machado";"Não";"-";"Ocupantes de automóvel";NA;NA;NA;NA;NA;NA;1;NA;NA;NA;NA;NA;NA;NA;NA;NA;NA;NA;NA;NA;1;NA;NA;NA;NA
35;"SP";3501509;"350150";"Alvinlândia";"Não";"-";"Ocupantes de automóvel";NA;NA;NA;NA;NA;NA;NA;NA;NA;NA;NA;NA;NA;NA;NA;NA;NA;NA;NA;NA;NA;NA;NA;NA;NA
35;"SP";3501608;"350160";"Americana";"Não";"Região Metropolitana de Campinas";"Ocupantes de automóvel";NA;NA;NA;NA;NA;NA;2;NA;NA;1;NA;NA;2;NA;2;1;1;1;1;1;1;2;3;NA;NA
35;"SP";3501707;"350170";"Américo Brasiliense";"Não";"-";"Ocupantes de automóvel";NA;NA;NA;NA;NA;NA;NA;NA;NA;1;1;NA;1;NA;NA;NA;NA;NA;NA;NA;NA;NA;NA;NA;NA
35;"SP";3501806;"350180";"Américo de Campos";"Não";"-";"Ocupantes de automóvel";NA;NA;NA;NA;NA;NA;NA;NA;NA;NA;NA;NA;NA;NA;NA;NA;NA;NA;NA;NA;NA;NA;NA;NA;NA
35;"SP";3501905;"350190";"Amparo";"Não";"-";"Ocupantes de automóvel";NA;NA;NA;NA;NA;NA;NA;NA;NA;NA;NA;NA;NA;1;2;1;NA;1;NA;NA;1;1;NA;1;NA
35;"SP";3502002;"350200";"Analândia";"Não";"Região Metropolitana de Piracicaba";"Ocupantes de automóvel";NA;NA;NA;NA;NA;NA;NA;NA;NA;NA;NA;NA;1;NA;NA;NA;NA;NA;NA;NA;NA;NA;NA;NA;NA
35;"SP";3502101;"350210";"Andradina";"Não";"-";"Ocupantes de automóvel";NA;NA;NA;NA;NA;NA;1;1;1;1;NA;NA;NA;NA;1;NA;5;NA;NA;1;NA;NA;NA;1;NA
35;"SP";3502200;"350220";"Angatuba";"Não";"-";"Ocupantes de automóvel";NA;NA;NA;NA;NA;NA;NA;NA;NA;1;1;NA;NA;NA;NA;NA;NA;NA;NA;NA;1;NA;1;NA;NA
35;"SP";3502309;"350230";"Anhembi";"Não";"-";"Ocupantes de automóvel";NA;NA;NA;NA;NA;NA;NA;NA;NA;NA;NA;2;NA;NA;1;NA;NA;NA;NA;NA;NA;NA;NA;NA;NA
35;"SP";3502507;"350250";"Aparecida";"Não";"Região Metropolitana do Vale do Paraíba e Litoral Norte";"Ocupantes de automóvel";NA;NA;NA;NA;1;NA;NA;NA;NA;NA;NA;NA;NA;NA;NA;1;NA;NA;NA;1;NA;2;1;NA;NA
35;"SP";3502705;"350270";"Apiaí";"Não";"-";"Ocupantes de automóvel";NA;NA;NA;NA;NA;NA;NA;NA;NA;NA;NA;NA;NA;1;NA;1;NA;NA;NA;1;1;NA;2;NA;NA
35;"SP";3502754;"350275";"Araçariguama";"Não";"Região Metropolitana de Sorocaba";"Ocupantes de automóvel";NA;2;NA;NA;NA;NA;NA;NA;NA;NA;5;1;1;2;NA;NA;NA;1;NA;1;NA;NA;NA;NA;NA
35;"SP";3502804;"350280";"Araçatuba";"Não";"-";"Ocupantes de automóvel";2;NA;NA;1;NA;NA;NA;NA;1;1;NA;1;2;3;1;1;1;1;2;3;5;2;5;3;NA
35;"SP";3502903;"350290";"Araçoiaba da Serra";"Não";"Região Metropolitana de Sorocaba";"Ocupantes de automóvel";NA;NA;NA;NA;NA;NA;NA;NA;NA;1;NA;4;NA;NA;NA;NA;NA;NA;NA;NA;NA;NA;NA;NA;NA
35;"SP";3503000;"350300";"Aramina";"Não";"-";"Ocupantes de automóvel";NA;NA;NA;NA;NA;NA;NA;NA;NA;NA;NA;NA;NA;NA;NA;NA;NA;NA;NA;NA;NA;NA;1;NA;NA
35;"SP";3503109;"350310";"Arandu";"Não";"-";"Ocupantes de automóvel";NA;NA;NA;NA;NA;NA;NA;NA;NA;NA;NA;2;NA;1;NA;1;NA;NA;NA;NA;NA;NA;NA;NA;NA
35;"SP";3503158;"350315";"Arapeí";"Não";"Região Metropolitana do Vale do Paraíba e Litoral Norte";"Ocupantes de automóvel";NA;NA;NA;NA;3;NA;NA;NA;NA;NA;NA;NA;NA;NA;NA;NA;1;NA;1;NA;NA;NA;NA;NA;NA
35;"SP";3503208;"350320";"Araraquara";"Não";"-";"Ocupantes de automóvel";NA;NA;2;NA;1;NA;NA;5;3;8;5;NA;2;3;6;7;4;6;2;3;3;NA;NA;2;NA
35;"SP";3503307;"350330";"Araras";"Não";"Região Metropolitana de Piracicaba";"Ocupantes de automóvel";NA;NA;NA;NA;NA;NA;NA;NA;NA;NA;2;NA;NA;NA;NA;NA;NA;1;2;NA;1;1;1;NA;NA
35;"SP";3503406;"350340";"Arealva";"Não";"-";"Ocupantes de automóvel";NA;NA;NA;NA;NA;NA;NA;NA;NA;NA;NA;NA;NA;NA;NA;NA;NA;NA;NA;NA;NA;NA;NA;NA;NA
35;"SP";3503505;"350350";"Areias";"Não";"Região Metropolitana do Vale do Paraíba e Litoral Norte";"Ocupantes de automóvel";NA;NA;NA;NA;NA;NA;NA;NA;NA;NA;NA;NA;NA;NA;NA;NA;NA;NA;NA;NA;NA;NA;NA;NA;NA
35;"SP";3503604;"350360";"Areiópolis";"Não";"-";"Ocupantes de automóvel";NA;NA;NA;NA;NA;NA;NA;NA;NA;NA;NA;NA;NA;NA;NA;NA;NA;NA;NA;NA;NA;NA;NA;NA;NA
35;"SP";3503703;"350370";"Ariranha";"Não";"-";"Ocupantes de automóvel";NA;NA;NA;NA;NA;NA;NA;NA;NA;NA;NA;NA;NA;NA;NA;NA;NA;NA;NA;NA;NA;NA;NA;NA;NA
35;"SP";3503802;"350380";"Artur Nogueira";"Não";"Região Metropolitana de Campinas";"Ocupantes de automóvel";NA;NA;NA;NA;NA;NA;1;NA;NA;NA;NA;NA;NA;NA;NA;NA;1;1;NA;NA;1;1;NA;NA;NA
35;"SP";3503901;"350390";"Arujá";"Não";"Região Metropolitana de São Paulo";"Ocupantes de automóvel";NA;NA;NA;NA;NA;NA;NA;2;2;1;3;1;2;1;NA;NA;NA;1;3;NA;NA;NA;NA;NA;NA
35;"SP";3503950;"350395";"Aspásia";"Não";"-";"Ocupantes de automóvel";NA;NA;NA;NA;NA;NA;NA;NA;NA;NA;NA;NA;NA;NA;NA;NA;NA;NA;NA;NA;NA;NA;NA;NA;NA
35;"SP";3504008;"350400";"Assis";"Não";"-";"Ocupantes de automóvel";NA;NA;NA;NA;NA;NA;NA;NA;NA;NA;NA;NA;NA;NA;NA;NA;NA;1;NA;NA;NA;NA;NA;NA;NA
35;"SP";3504107;"350410";"Atibaia";"Não";"-";"Ocupantes de automóvel";2;3;NA;NA;NA;NA;NA;NA;NA;NA;1;NA;NA;NA;1;1;2;3;NA;NA;1;3;NA;4;NA
35;"SP";3504206;"350420";"Auriflama";"Não";"-";"Ocupantes de automóvel";NA;NA;NA;NA;NA;NA;NA;NA;NA;NA;NA;NA;1;NA;1;NA;NA;NA;NA;NA;NA;NA;NA;NA;NA
35;"SP";3504305;"350430";"Avaí";"Não";"-";"Ocupantes de automóvel";NA;NA;NA;1;NA;NA;NA;NA;NA;NA;NA;NA;NA;NA;NA;NA;NA;NA;NA;NA;NA;NA;NA;NA;NA
35;"SP";3504404;"350440";"Avanhandava";"Não";"-";"Ocupantes de automóvel";NA;NA;NA;NA;NA;NA;NA;NA;NA;NA;NA;NA;NA;NA;NA;NA;NA;NA;2;NA;NA;NA;1;NA;NA
35;"SP";3504503;"350450";"Avaré";"Não";"-";"Ocupantes de automóvel";NA;3;1;2;1;NA;4;2;NA;1;5;1;1;NA;1;3;2;2;NA;7;NA;NA;NA;1;NA
35;"SP";3504602;"350460";"Bady Bassitt";"Não";"Região Metropolitana de São José do Rio Preto";"Ocupantes de automóvel";NA;NA;NA;NA;NA;NA;NA;NA;NA;NA;1;NA;NA;NA;NA;NA;NA;NA;NA;1;1;NA;NA;NA;NA
35;"SP";3504800;"350480";"Bálsamo";"Não";"Região Metropolitana de São José do Rio Preto";"Ocupantes de automóvel";NA;NA;NA;NA;NA;NA;NA;NA;NA;NA;NA;NA;NA;NA;NA;NA;NA;NA;NA;NA;NA;NA;NA;NA;NA
35;"SP";3504909;"350490";"Bananal";"Não";"Região Metropolitana do Vale do Paraíba e Litoral Norte";"Ocupantes de automóvel";NA;NA;NA;NA;NA;NA;NA;NA;NA;NA;NA;NA;NA;NA;NA;NA;NA;NA;NA;NA;NA;NA;NA;NA;NA
35;"SP";3505005;"350500";"Barão de Antonina";"Não";"-";"Ocupantes de automóvel";NA;NA;NA;NA;NA;NA;NA;NA;NA;NA;NA;NA;NA;NA;NA;NA;NA;NA;NA;NA;NA;NA;NA;NA;NA
35;"SP";3505104;"350510";"Barbosa";"Não";"-";"Ocupantes de automóvel";NA;NA;NA;NA;NA;NA;NA;NA;NA;NA;NA;NA;NA;NA;NA;NA;NA;NA;NA;NA;NA;NA;NA;NA;NA
35;"SP";3505203;"350520";"Bariri";"Não";"-";"Ocupantes de automóvel";NA;NA;NA;NA;NA;NA;NA;NA;1;NA;NA;NA;NA;NA;NA;NA;NA;NA;NA;NA;NA;1;NA;1;NA
35;"SP";3505302;"350530";"Barra Bonita";"Não";"-";"Ocupantes de automóvel";NA;1;NA;NA;NA;NA;NA;1;NA;NA;NA;1;NA;NA;1;2;NA;NA;NA;1;1;NA;NA;NA;NA
35;"SP";3505351;"350535";"Barra do Chapéu";"Não";"-";"Ocupantes de automóvel";NA;NA;NA;NA;NA;NA;NA;NA;NA;NA;NA;NA;NA;NA;NA;NA;NA;NA;NA;NA;NA;NA;1;NA;NA
35;"SP";3505401;"350540";"Barra do Turvo";"Não";"-";"Ocupantes de automóvel";NA;1;NA;NA;NA;1;NA;2;NA;NA;NA;NA;NA;NA;NA;NA;1;NA;NA;NA;NA;NA;1;2;NA
35;"SP";3505500;"350550";"Barretos";"Não";"-";"Ocupantes de automóvel";NA;NA;NA;NA;NA;1;4;6;10;9;9;9;2;5;7;3;4;3;NA;3;5;9;3;2;NA
35;"SP";3505609;"350560";"Barrinha";"Não";"Região Metropolitana de Ribeirão Preto";"Ocupantes de automóvel";NA;NA;NA;1;NA;NA;NA;NA;NA;NA;NA;NA;NA;NA;NA;1;NA;NA;NA;NA;1;NA;NA;NA;NA
35;"SP";3505708;"350570";"Barueri";"Não";"Região Metropolitana de São Paulo";"Ocupantes de automóvel";1;NA;NA;1;1;1;NA;NA;NA;1;NA;2;2;1;NA;1;NA;1;1;3;NA;1;NA;NA;NA
35;"SP";3505807;"350580";"Bastos";"Não";"-";"Ocupantes de automóvel";NA;NA;NA;NA;NA;NA;NA;NA;NA;NA;NA;NA;NA;NA;NA;NA;NA;NA;NA;NA;NA;1;NA;1;NA
35;"SP";3505906;"350590";"Batatais";"Não";"Região Metropolitana de Ribeirão Preto";"Ocupantes de automóvel";1;NA;NA;NA;NA;NA;NA;NA;NA;NA;2;NA;NA;NA;NA;NA;NA;NA;NA;NA;6;1;1;NA;NA
35;"SP";3506003;"350600";"Bauru";"Não";"-";"Ocupantes de automóvel";NA;NA;NA;2;4;1;1;2;6;4;NA;2;2;NA;4;5;NA;3;NA;3;1;5;2;1;NA
35;"SP";3506102;"350610";"Bebedouro";"Não";"-";"Ocupantes de automóvel";NA;1;NA;NA;NA;NA;NA;2;NA;NA;NA;NA;NA;NA;NA;1;NA;2;1;2;2;2;1;NA;NA
35;"SP";3506201;"350620";"Bento de Abreu";"Não";"-";"Ocupantes de automóvel";NA;NA;NA;NA;NA;NA;NA;NA;NA;NA;NA;NA;NA;NA;NA;NA;NA;NA;NA;NA;NA;NA;NA;NA;NA
35;"SP";3506300;"350630";"Bernardino de Campos";"Não";"-";"Ocupantes de automóvel";NA;NA;NA;NA;NA;NA;NA;1;1;NA;NA;NA;NA;NA;NA;NA;NA;NA;NA;NA;NA;NA;NA;NA;NA
35;"SP";3506359;"350635";"Bertioga";"Não";"Região Metropolitana da Baixada Santista";"Ocupantes de automóvel";NA;NA;NA;NA;1;NA;1;1;NA;NA;NA;NA;NA;NA;NA;NA;NA;NA;NA;NA;2;4;NA;2;NA
35;"SP";3506409;"350640";"Bilac";"Não";"-";"Ocupantes de automóvel";NA;NA;NA;NA;NA;NA;1;NA;1;NA;NA;NA;NA;NA;1;NA;NA;NA;NA;NA;NA;NA;NA;NA;NA
35;"SP";3506508;"350650";"Birigui";"Não";"-";"Ocupantes de automóvel";NA;NA;NA;NA;NA;NA;1;NA;NA;2;3;NA;NA;2;1;NA;NA;2;NA;NA;NA;1;NA;1;NA
35;"SP";3506607;"350660";"Biritiba Mirim";"Não";"Região Metropolitana de São Paulo";"Ocupantes de automóvel";NA;NA;NA;NA;NA;NA;NA;NA;NA;NA;NA;NA;NA;NA;NA;1;NA;NA;1;NA;NA;NA;NA;NA;NA
35;"SP";3506706;"350670";"Boa Esperança do Sul";"Não";"-";"Ocupantes de automóvel";NA;NA;NA;NA;NA;NA;NA;NA;NA;NA;NA;NA;NA;NA;1;1;NA;NA;1;1;NA;NA;NA;NA;NA
35;"SP";3506805;"350680";"Bocaina";"Não";"-";"Ocupantes de automóvel";NA;NA;NA;NA;NA;NA;NA;NA;NA;NA;NA;NA;NA;NA;NA;NA;NA;NA;NA;NA;NA;NA;NA;NA;NA
35;"SP";3506904;"350690";"Bofete";"Não";"-";"Ocupantes de automóvel";NA;NA;NA;NA;1;NA;NA;NA;NA;NA;NA;1;NA;NA;1;NA;NA;NA;NA;NA;NA;NA;NA;NA;NA
35;"SP";3507001;"350700";"Boituva";"Não";"Região Metropolitana de Sorocaba";"Ocupantes de automóvel";NA;NA;NA;NA;NA;NA;NA;NA;NA;NA;NA;1;1;NA;NA;1;NA;NA;1;NA;NA;NA;NA;NA;NA
35;"SP";3507100;"350710";"Bom Jesus dos Perdões";"Não";"-";"Ocupantes de automóvel";NA;NA;NA;NA;NA;NA;NA;NA;NA;NA;NA;NA;NA;NA;NA;NA;1;NA;NA;NA;NA;NA;NA;NA;NA
35;"SP";3507159;"350715";"Bom Sucesso de Itararé";"Não";"-";"Ocupantes de automóvel";NA;NA;NA;NA;NA;NA;NA;NA;NA;NA;NA;NA;NA;NA;NA;NA;NA;NA;NA;NA;NA;NA;NA;NA;NA
35;"SP";3507209;"350720";"Borá";"Não";"-";"Ocupantes de automóvel";NA;NA;NA;NA;NA;NA;NA;NA;NA;NA;NA;NA;NA;NA;NA;NA;NA;NA;NA;NA;NA;NA;NA;NA;NA
35;"SP";3507308;"350730";"Boracéia";"Não";"-";"Ocupantes de automóvel";NA;NA;NA;NA;NA;NA;NA;1;NA;NA;NA;NA;NA;NA;NA;NA;NA;NA;NA;NA;NA;NA;NA;NA;NA
35;"SP";3507407;"350740";"Borborema";"Não";"-";"Ocupantes de automóvel";NA;NA;NA;NA;NA;NA;NA;NA;NA;NA;NA;NA;NA;NA;NA;NA;NA;NA;NA;NA;1;NA;NA;NA;NA
35;"SP";3507506;"350750";"Botucatu";"Não";"-";"Ocupantes de automóvel";3;2;NA;NA;2;NA;2;2;4;2;2;NA;2;1;2;2;1;2;NA;6;2;1;1;1;NA
35;"SP";3507605;"350760";"Bragança Paulista";"Não";"-";"Ocupantes de automóvel";2;NA;1;NA;NA;NA;7;5;3;1;NA;1;2;NA;2;3;2;4;1;NA;1;NA;1;3;NA
35;"SP";3507704;"350770";"Braúna";"Não";"-";"Ocupantes de automóvel";NA;NA;NA;NA;NA;NA;NA;NA;NA;NA;NA;NA;NA;NA;1;NA;NA;NA;NA;NA;NA;NA;NA;NA;NA
35;"SP";3507753;"350775";"Brejo Alegre";"Não";"-";"Ocupantes de automóvel";NA;NA;NA;NA;NA;NA;NA;NA;NA;NA;NA;NA;NA;NA;NA;NA;NA;NA;NA;NA;NA;NA;NA;NA;NA
35;"SP";3507803;"350780";"Brodowski";"Não";"Região Metropolitana de Ribeirão Preto";"Ocupantes de automóvel";NA;NA;NA;NA;NA;NA;NA;NA;NA;NA;NA;1;NA;NA;NA;NA;NA;NA;NA;NA;NA;NA;NA;NA;NA
35;"SP";3507902;"350790";"Brotas";"Não";"-";"Ocupantes de automóvel";NA;NA;NA;NA;NA;NA;1;NA;NA;NA;NA;1;NA;NA;1;NA;NA;NA;NA;NA;NA;NA;1;NA;NA
35;"SP";3508009;"350800";"Buri";"Não";"-";"Ocupantes de automóvel";NA;NA;NA;NA;NA;NA;NA;NA;NA;NA;NA;NA;NA;NA;NA;NA;1;NA;NA;NA;NA;NA;NA;NA;NA
35;"SP";3508108;"350810";"Buritama";"Não";"-";"Ocupantes de automóvel";NA;NA;NA;NA;NA;NA;NA;NA;NA;NA;NA;1;NA;NA;NA;2;NA;NA;NA;1;NA;1;1;NA;NA
35;"SP";3508207;"350820";"Buritizal";"Não";"-";"Ocupantes de automóvel";NA;NA;NA;NA;NA;NA;NA;NA;NA;NA;NA;NA;NA;NA;NA;NA;NA;NA;NA;NA;NA;NA;NA;NA;NA
35;"SP";3508306;"350830";"Cabrália Paulista";"Não";"-";"Ocupantes de automóvel";NA;NA;NA;NA;NA;NA;NA;NA;NA;NA;NA;NA;NA;NA;NA;NA;NA;NA;NA;NA;NA;NA;NA;NA;NA
35;"SP";3508405;"350840";"Cabreúva";"Não";"Região Metropolitana de Jundiaí";"Ocupantes de automóvel";NA;NA;NA;NA;NA;NA;NA;NA;NA;NA;NA;NA;NA;1;NA;NA;1;NA;NA;NA;NA;NA;1;NA;NA
35;"SP";3508504;"350850";"Caçapava";"Não";"Região Metropolitana do Vale do Paraíba e Litoral Norte";"Ocupantes de automóvel";NA;NA;NA;NA;NA;NA;NA;NA;NA;NA;NA;NA;NA;NA;NA;NA;1;NA;NA;1;NA;NA;2;1;NA
35;"SP";3508603;"350860";"Cachoeira Paulista";"Não";"Região Metropolitana do Vale do Paraíba e Litoral Norte";"Ocupantes de automóvel";NA;1;NA;NA;NA;NA;NA;NA;NA;NA;NA;NA;NA;NA;NA;NA;NA;1;NA;NA;NA;NA;NA;NA;NA
35;"SP";3508702;"350870";"Caconde";"Não";"-";"Ocupantes de automóvel";NA;NA;NA;NA;1;NA;NA;1;NA;NA;NA;NA;NA;NA;NA;1;NA;NA;NA;NA;NA;NA;NA;NA;NA
35;"SP";3508801;"350880";"Cafelândia";"Não";"-";"Ocupantes de automóvel";NA;NA;NA;NA;NA;NA;NA;NA;NA;NA;NA;NA;NA;NA;NA;NA;1;NA;1;1;NA;NA;NA;NA;NA
35;"SP";3508900;"350890";"Caiabu";"Não";"-";"Ocupantes de automóvel";NA;NA;NA;NA;NA;NA;NA;NA;NA;NA;NA;NA;NA;NA;NA;NA;NA;NA;NA;NA;NA;NA;NA;2;NA
35;"SP";3509007;"350900";"Caieiras";"Não";"Região Metropolitana de São Paulo";"Ocupantes de automóvel";1;NA;NA;NA;NA;3;NA;4;NA;1;1;1;5;4;NA;NA;NA;NA;NA;NA;2;NA;NA;NA;NA
35;"SP";3509106;"350910";"Caiuá";"Não";"-";"Ocupantes de automóvel";NA;NA;NA;NA;NA;NA;NA;NA;NA;NA;NA;1;NA;NA;NA;NA;NA;NA;NA;NA;NA;NA;NA;NA;NA
35;"SP";3509205;"350920";"Cajamar";"Não";"Região Metropolitana de São Paulo";"Ocupantes de automóvel";1;NA;NA;1;NA;NA;1;NA;NA;NA;NA;NA;NA;NA;1;NA;1;NA;NA;2;NA;5;NA;NA;NA
35;"SP";3509254;"350925";"Cajati";"Não";"-";"Ocupantes de automóvel";NA;NA;NA;NA;3;NA;NA;NA;NA;NA;NA;NA;NA;NA;NA;NA;1;2;2;2;1;3;1;1;NA
35;"SP";3509304;"350930";"Cajobi";"Não";"-";"Ocupantes de automóvel";NA;NA;NA;NA;1;NA;NA;NA;NA;NA;NA;NA;1;NA;NA;NA;1;NA;NA;NA;NA;NA;NA;NA;NA
35;"SP";3509403;"350940";"Cajuru";"Não";"Região Metropolitana de Ribeirão Preto";"Ocupantes de automóvel";NA;NA;NA;NA;NA;NA;NA;NA;NA;NA;NA;1;NA;NA;NA;NA;NA;NA;NA;1;NA;NA;NA;1;NA
35;"SP";3509452;"350945";"Campina do Monte Alegre";"Não";"-";"Ocupantes de automóvel";NA;NA;NA;NA;NA;NA;NA;NA;NA;NA;NA;NA;NA;NA;NA;NA;NA;NA;NA;NA;NA;NA;NA;NA;NA
35;"SP";3509502;"350950";"Campinas";"Não";"Região Metropolitana de Campinas";"Ocupantes de automóvel";1;NA;2;1;1;2;1;1;4;4;2;3;7;8;5;10;23;8;13;7;11;7;6;10;NA
35;"SP";3509601;"350960";"Campo Limpo Paulista";"Não";"Região Metropolitana de Jundiaí";"Ocupantes de automóvel";NA;1;NA;1;1;NA;NA;NA;NA;NA;NA;NA;NA;NA;NA;NA;NA;NA;NA;1;NA;3;1;NA;NA
35;"SP";3509700;"350970";"Campos do Jordão";"Não";"Região Metropolitana do Vale do Paraíba e Litoral Norte";"Ocupantes de automóvel";NA;NA;NA;NA;NA;NA;NA;NA;NA;NA;NA;NA;NA;NA;NA;NA;NA;NA;NA;NA;NA;NA;1;NA;NA
35;"SP";3509908;"350990";"Cananéia";"Não";"-";"Ocupantes de automóvel";NA;NA;NA;NA;NA;NA;NA;NA;NA;NA;NA;NA;NA;NA;1;NA;NA;NA;1;NA;1;NA;NA;NA;NA
35;"SP";3509957;"350995";"Canas";"Não";"Região Metropolitana do Vale do Paraíba e Litoral Norte";"Ocupantes de automóvel";2;NA;NA;NA;NA;NA;NA;NA;NA;NA;NA;NA;NA;NA;NA;NA;NA;NA;NA;NA;NA;NA;NA;NA;NA
35;"SP";3510005;"351000";"Cândido Mota";"Não";"-";"Ocupantes de automóvel";NA;NA;NA;NA;NA;NA;NA;NA;NA;NA;NA;NA;NA;NA;NA;NA;NA;NA;NA;NA;NA;NA;NA;NA;NA
35;"SP";3510153;"351015";"Canitar";"Não";"-";"Ocupantes de automóvel";NA;NA;NA;NA;NA;NA;1;NA;NA;NA;NA;NA;NA;NA;NA;NA;NA;NA;NA;NA;NA;NA;NA;NA;NA
35;"SP";3510203;"351020";"Capão Bonito";"Não";"-";"Ocupantes de automóvel";1;NA;NA;NA;NA;NA;NA;NA;NA;NA;NA;NA;1;NA;NA;NA;NA;NA;1;NA;1;NA;NA;1;NA
35;"SP";3510302;"351030";"Capela do Alto";"Não";"Região Metropolitana de Sorocaba";"Ocupantes de automóvel";NA;NA;NA;NA;NA;NA;NA;1;NA;NA;NA;NA;NA;NA;NA;NA;NA;NA;NA;1;NA;NA;NA;NA;NA
35;"SP";3510401;"351040";"Capivari";"Não";"Região Metropolitana de Piracicaba";"Ocupantes de automóvel";NA;NA;NA;NA;NA;NA;4;2;1;1;1;1;1;2;2;NA;2;NA;NA;NA;NA;2;NA;NA;NA
35;"SP";3510500;"351050";"Caraguatatuba";"Não";"Região Metropolitana do Vale do Paraíba e Litoral Norte";"Ocupantes de automóvel";NA;NA;1;NA;NA;2;1;2;1;1;NA;NA;2;4;2;NA;1;NA;1;NA;NA;2;2;1;NA
35;"SP";3510609;"351060";"Carapicuíba";"Não";"Região Metropolitana de São Paulo";"Ocupantes de automóvel";NA;NA;NA;NA;NA;1;NA;1;NA;NA;NA;2;1;NA;NA;NA;2;NA;NA;1;1;NA;NA;1;NA
35;"SP";3510708;"351070";"Cardoso";"Não";"-";"Ocupantes de automóvel";NA;NA;NA;NA;NA;NA;NA;1;NA;NA;NA;NA;NA;1;NA;NA;NA;NA;NA;NA;NA;NA;NA;NA;NA
35;"SP";3510807;"351080";"Casa Branca";"Não";"-";"Ocupantes de automóvel";NA;1;NA;NA;NA;2;1;NA;1;1;3;NA;NA;1;NA;NA;NA;NA;NA;NA;NA;1;NA;NA;NA
35;"SP";3510906;"351090";"Cássia dos Coqueiros";"Não";"Região Metropolitana de Ribeirão Preto";"Ocupantes de automóvel";NA;NA;NA;NA;NA;NA;NA;NA;NA;NA;NA;NA;NA;NA;1;NA;NA;NA;NA;NA;NA;NA;NA;NA;NA
35;"SP";3511003;"351100";"Castilho";"Não";"-";"Ocupantes de automóvel";NA;NA;NA;NA;NA;NA;NA;NA;NA;NA;NA;NA;NA;NA;NA;NA;NA;NA;NA;NA;NA;NA;NA;NA;NA
35;"SP";3511102;"351110";"Catanduva";"Não";"-";"Ocupantes de automóvel";NA;NA;NA;NA;1;NA;NA;8;1;3;3;NA;1;1;1;2;NA;NA;2;1;4;1;5;2;NA
35;"SP";3511201;"351120";"Catiguá";"Não";"-";"Ocupantes de automóvel";NA;NA;NA;NA;NA;NA;NA;NA;NA;1;NA;NA;NA;NA;NA;NA;NA;NA;NA;NA;NA;NA;NA;NA;NA
35;"SP";3511300;"351130";"Cedral";"Não";"Região Metropolitana de São José do Rio Preto";"Ocupantes de automóvel";NA;NA;NA;NA;NA;NA;NA;NA;NA;NA;NA;NA;NA;NA;NA;NA;NA;NA;NA;NA;1;NA;NA;NA;NA
35;"SP";3511409;"351140";"Cerqueira César";"Não";"-";"Ocupantes de automóvel";NA;NA;NA;1;NA;1;NA;NA;NA;NA;NA;NA;NA;NA;NA;NA;NA;1;NA;NA;NA;NA;NA;NA;NA
35;"SP";3511508;"351150";"Cerquilho";"Não";"Região Metropolitana de Sorocaba";"Ocupantes de automóvel";NA;NA;NA;1;NA;NA;NA;NA;3;NA;1;1;NA;1;NA;NA;NA;NA;1;NA;NA;1;NA;NA;NA
35;"SP";3511607;"351160";"Cesário Lange";"Não";"Região Metropolitana de Sorocaba";"Ocupantes de automóvel";NA;NA;NA;NA;NA;NA;1;NA;NA;NA;NA;NA;NA;NA;NA;NA;NA;NA;NA;NA;NA;1;NA;NA;NA
35;"SP";3511706;"351170";"Charqueada";"Não";"Região Metropolitana de Piracicaba";"Ocupantes de automóvel";NA;NA;NA;NA;NA;NA;NA;NA;NA;NA;NA;NA;NA;NA;NA;NA;NA;NA;NA;NA;NA;NA;NA;NA;NA
35;"SP";3511904;"351190";"Clementina";"Não";"-";"Ocupantes de automóvel";NA;NA;NA;NA;NA;NA;NA;NA;NA;1;NA;NA;NA;NA;NA;NA;2;NA;1;1;NA;NA;NA;NA;NA
35;"SP";3512001;"351200";"Colina";"Não";"-";"Ocupantes de automóvel";NA;NA;NA;NA;NA;NA;NA;NA;NA;NA;NA;NA;NA;NA;2;NA;NA;1;NA;1;NA;NA;3;NA;NA
35;"SP";3512100;"351210";"Colômbia";"Não";"-";"Ocupantes de automóvel";NA;NA;NA;NA;NA;NA;1;NA;NA;NA;1;NA;NA;NA;NA;NA;NA;NA;1;NA;NA;NA;2;NA;NA
35;"SP";3512209;"351220";"Conchal";"Não";"Região Metropolitana de Piracicaba";"Ocupantes de automóvel";NA;1;NA;NA;NA;1;NA;NA;NA;NA;NA;NA;NA;NA;NA;NA;NA;NA;NA;NA;1;1;NA;NA;NA
35;"SP";3512308;"351230";"Conchas";"Não";"-";"Ocupantes de automóvel";NA;NA;1;NA;NA;NA;NA;NA;2;NA;NA;NA;NA;NA;NA;2;NA;NA;NA;1;NA;NA;NA;NA;NA
35;"SP";3512407;"351240";"Cordeirópolis";"Não";"Região Metropolitana de Piracicaba";"Ocupantes de automóvel";NA;NA;NA;NA;NA;NA;NA;NA;NA;NA;NA;NA;NA;NA;NA;NA;NA;NA;NA;NA;NA;NA;NA;NA;NA
35;"SP";3512506;"351250";"Coroados";"Não";"-";"Ocupantes de automóvel";NA;NA;NA;NA;NA;NA;1;NA;NA;NA;NA;NA;NA;NA;NA;1;NA;NA;NA;NA;NA;NA;NA;NA;NA
35;"SP";3512605;"351260";"Coronel Macedo";"Não";"-";"Ocupantes de automóvel";NA;NA;NA;NA;NA;NA;NA;NA;NA;NA;NA;NA;NA;NA;NA;NA;NA;NA;NA;NA;NA;NA;NA;NA;NA
35;"SP";3512704;"351270";"Corumbataí";"Não";"Região Metropolitana de Piracicaba";"Ocupantes de automóvel";NA;NA;NA;NA;NA;1;NA;NA;NA;NA;NA;NA;NA;NA;NA;NA;NA;NA;NA;NA;NA;1;NA;NA;NA
35;"SP";3512803;"351280";"Cosmópolis";"Não";"Região Metropolitana de Campinas";"Ocupantes de automóvel";NA;NA;NA;NA;NA;NA;NA;NA;NA;NA;NA;NA;NA;NA;NA;1;NA;NA;NA;NA;1;NA;NA;1;NA
35;"SP";3512902;"351290";"Cosmorama";"Não";"-";"Ocupantes de automóvel";NA;NA;NA;NA;NA;NA;NA;NA;NA;NA;NA;NA;NA;NA;NA;1;NA;4;NA;NA;NA;NA;NA;1;NA
35;"SP";3513009;"351300";"Cotia";"Não";"Região Metropolitana de São Paulo";"Ocupantes de automóvel";NA;NA;NA;1;NA;1;NA;1;NA;NA;NA;NA;2;1;1;NA;NA;NA;NA;NA;NA;NA;NA;1;NA
35;"SP";3513108;"351310";"Cravinhos";"Não";"Região Metropolitana de Ribeirão Preto";"Ocupantes de automóvel";NA;NA;NA;NA;NA;NA;1;NA;1;2;NA;NA;NA;NA;1;NA;NA;NA;NA;NA;1;NA;NA;NA;NA
35;"SP";3513207;"351320";"Cristais Paulista";"Não";"-";"Ocupantes de automóvel";NA;NA;NA;NA;NA;NA;NA;NA;NA;NA;NA;NA;NA;NA;NA;NA;NA;NA;NA;NA;2;NA;NA;NA;NA
35;"SP";3513306;"351330";"Cruzália";"Não";"-";"Ocupantes de automóvel";NA;NA;NA;NA;NA;NA;NA;NA;NA;NA;NA;NA;NA;NA;NA;NA;NA;NA;NA;NA;NA;NA;NA;NA;NA
35;"SP";3513405;"351340";"Cruzeiro";"Não";"Região Metropolitana do Vale do Paraíba e Litoral Norte";"Ocupantes de automóvel";NA;1;2;NA;1;1;NA;1;NA;3;NA;1;NA;NA;1;1;NA;2;1;NA;NA;NA;2;NA;NA
35;"SP";3513504;"351350";"Cubatão";"Não";"Região Metropolitana da Baixada Santista";"Ocupantes de automóvel";NA;NA;1;NA;NA;NA;NA;1;NA;NA;NA;NA;1;NA;1;NA;1;1;1;NA;1;3;1;2;NA
35;"SP";3513603;"351360";"Cunha";"Não";"Região Metropolitana do Vale do Paraíba e Litoral Norte";"Ocupantes de automóvel";NA;NA;NA;NA;NA;NA;NA;NA;NA;NA;NA;NA;NA;NA;NA;NA;NA;NA;NA;1;NA;NA;NA;NA;NA
35;"SP";3513702;"351370";"Descalvado";"Não";"-";"Ocupantes de automóvel";NA;NA;NA;NA;NA;NA;NA;NA;NA;NA;NA;1;NA;1;NA;NA;NA;NA;NA;NA;NA;NA;2;NA;NA
35;"SP";3513801;"351380";"Diadema";"Não";"Região Metropolitana de São Paulo";"Ocupantes de automóvel";1;NA;1;NA;1;2;3;2;NA;NA;3;NA;NA;1;4;2;2;2;2;2;2;NA;NA;2;NA
35;"SP";3513900;"351390";"Divinolândia";"Não";"-";"Ocupantes de automóvel";NA;NA;NA;NA;NA;NA;NA;NA;NA;NA;NA;NA;NA;NA;NA;NA;NA;NA;NA;NA;NA;NA;NA;NA;NA
35;"SP";3514007;"351400";"Dobrada";"Não";"-";"Ocupantes de automóvel";NA;NA;NA;NA;NA;NA;NA;NA;NA;NA;NA;NA;NA;NA;NA;NA;NA;NA;NA;NA;NA;NA;NA;NA;NA
35;"SP";3514106;"351410";"Dois Córregos";"Não";"-";"Ocupantes de automóvel";NA;NA;NA;NA;NA;NA;1;1;NA;NA;NA;NA;5;1;NA;NA;NA;NA;NA;NA;2;NA;NA;NA;NA
35;"SP";3514205;"351420";"Dolcinópolis";"Não";"-";"Ocupantes de automóvel";NA;NA;NA;NA;NA;NA;NA;NA;NA;NA;NA;NA;NA;NA;NA;NA;NA;NA;NA;NA;NA;NA;NA;NA;NA
35;"SP";3514304;"351430";"Dourado";"Não";"-";"Ocupantes de automóvel";NA;NA;NA;NA;NA;NA;NA;NA;NA;NA;1;NA;NA;NA;NA;NA;NA;NA;NA;NA;NA;NA;NA;NA;NA
35;"SP";3514403;"351440";"Dracena";"Não";"-";"Ocupantes de automóvel";NA;4;NA;NA;1;NA;1;NA;NA;2;2;2;3;3;1;2;NA;1;1;NA;1;NA;1;1;NA
35;"SP";3514502;"351450";"Duartina";"Não";"-";"Ocupantes de automóvel";NA;NA;NA;NA;NA;NA;NA;NA;NA;NA;1;NA;NA;NA;NA;NA;NA;NA;NA;NA;NA;NA;NA;NA;NA
35;"SP";3514601;"351460";"Dumont";"Não";"Região Metropolitana de Ribeirão Preto";"Ocupantes de automóvel";NA;NA;NA;NA;NA;NA;NA;NA;NA;NA;1;NA;NA;NA;NA;NA;NA;NA;NA;1;NA;NA;NA;NA;NA
35;"SP";3514700;"351470";"Echaporã";"Não";"-";"Ocupantes de automóvel";NA;NA;NA;NA;NA;NA;NA;NA;NA;NA;NA;NA;NA;NA;NA;NA;NA;NA;NA;NA;NA;NA;NA;NA;NA
35;"SP";3514809;"351480";"Eldorado";"Não";"-";"Ocupantes de automóvel";NA;1;NA;NA;NA;NA;1;NA;NA;1;NA;NA;NA;NA;NA;NA;NA;NA;1;1;NA;2;1;NA;NA
35;"SP";3514908;"351490";"Elias Fausto";"Não";"Região Metropolitana de Piracicaba";"Ocupantes de automóvel";NA;NA;NA;NA;NA;NA;NA;NA;NA;NA;2;NA;NA;NA;NA;NA;NA;NA;NA;NA;NA;NA;NA;2;NA
35;"SP";3514924;"351492";"Elisiário";"Não";"-";"Ocupantes de automóvel";NA;NA;NA;NA;NA;NA;NA;NA;NA;NA;NA;NA;NA;NA;NA;NA;NA;NA;NA;NA;NA;NA;NA;NA;NA
35;"SP";3514957;"351495";"Embaúba";"Não";"-";"Ocupantes de automóvel";NA;NA;NA;NA;NA;NA;NA;NA;NA;NA;NA;NA;1;NA;NA;NA;NA;NA;NA;NA;NA;NA;NA;NA;NA
35;"SP";3515004;"351500";"Embu das Artes";"Não";"Região Metropolitana de São Paulo";"Ocupantes de automóvel";NA;NA;NA;NA;NA;NA;NA;NA;NA;NA;1;NA;4;3;5;NA;NA;NA;NA;3;NA;2;NA;NA;NA
35;"SP";3515103;"351510";"Embu-Guaçu";"Não";"Região Metropolitana de São Paulo";"Ocupantes de automóvel";NA;NA;NA;NA;NA;NA;NA;1;NA;NA;NA;NA;NA;NA;NA;NA;NA;NA;NA;1;NA;NA;NA;NA;NA
35;"SP";3515152;"351515";"Engenheiro Coelho";"Não";"Região Metropolitana de Campinas";"Ocupantes de automóvel";NA;NA;NA;NA;NA;2;NA;NA;NA;NA;NA;NA;NA;NA;NA;NA;NA;NA;NA;NA;NA;NA;NA;NA;NA
35;"SP";3515186;"351518";"Espírito Santo do Pinhal";"Não";"-";"Ocupantes de automóvel";NA;NA;NA;NA;NA;NA;NA;NA;NA;NA;NA;NA;NA;NA;NA;NA;NA;1;1;NA;NA;NA;NA;NA;NA
35;"SP";3515194;"351519";"Espírito Santo do Turvo";"Não";"-";"Ocupantes de automóvel";NA;NA;NA;NA;NA;NA;NA;NA;NA;NA;NA;NA;NA;NA;NA;NA;NA;NA;NA;NA;NA;NA;NA;NA;NA
35;"SP";3515202;"351520";"Estrela d'Oeste";"Não";"-";"Ocupantes de automóvel";NA;NA;NA;NA;NA;NA;NA;NA;NA;NA;NA;NA;NA;NA;NA;NA;NA;NA;NA;NA;NA;NA;NA;1;NA
35;"SP";3515301;"351530";"Estrela do Norte";"Não";"-";"Ocupantes de automóvel";NA;NA;NA;NA;NA;NA;NA;1;NA;NA;NA;1;NA;NA;NA;NA;NA;NA;NA;NA;NA;NA;NA;3;NA
35;"SP";3515350;"351535";"Euclides da Cunha Paulista";"Não";"-";"Ocupantes de automóvel";NA;NA;NA;NA;NA;NA;NA;NA;NA;NA;NA;NA;NA;1;NA;NA;NA;NA;NA;NA;NA;1;1;2;NA
35;"SP";3515400;"351540";"Fartura";"Não";"-";"Ocupantes de automóvel";NA;1;NA;NA;NA;NA;NA;NA;NA;1;NA;NA;NA;NA;1;1;1;1;NA;NA;NA;NA;NA;NA;NA
35;"SP";3515509;"351550";"Fernandópolis";"Não";"-";"Ocupantes de automóvel";NA;NA;NA;NA;NA;NA;1;3;1;NA;NA;NA;NA;1;NA;NA;NA;3;NA;1;NA;NA;1;NA;NA
35;"SP";3515608;"351560";"Fernando Prestes";"Não";"-";"Ocupantes de automóvel";NA;NA;NA;NA;NA;NA;NA;NA;NA;NA;NA;NA;NA;NA;NA;NA;NA;NA;NA;NA;NA;NA;NA;NA;NA
35;"SP";3515657;"351565";"Fernão";"Não";"-";"Ocupantes de automóvel";NA;NA;NA;NA;NA;NA;NA;NA;NA;NA;NA;NA;NA;NA;NA;NA;NA;NA;NA;NA;NA;NA;NA;NA;NA
35;"SP";3515707;"351570";"Ferraz de Vasconcelos";"Não";"Região Metropolitana de São Paulo";"Ocupantes de automóvel";NA;NA;NA;NA;NA;NA;NA;NA;NA;NA;NA;1;NA;NA;1;NA;NA;1;NA;1;NA;NA;NA;NA;NA
35;"SP";3515806;"351580";"Flora Rica";"Não";"-";"Ocupantes de automóvel";NA;NA;NA;NA;NA;NA;NA;NA;NA;NA;NA;NA;NA;NA;NA;NA;NA;NA;NA;NA;NA;NA;NA;NA;NA
35;"SP";3515905;"351590";"Floreal";"Não";"-";"Ocupantes de automóvel";NA;NA;NA;NA;NA;NA;NA;NA;NA;NA;NA;NA;NA;NA;NA;NA;NA;1;NA;NA;NA;NA;NA;NA;NA
35;"SP";3516002;"351600";"Flórida Paulista";"Não";"-";"Ocupantes de automóvel";NA;NA;NA;NA;NA;NA;2;NA;NA;NA;NA;NA;NA;NA;NA;NA;NA;NA;NA;NA;NA;NA;NA;NA;NA
35;"SP";3516200;"351620";"Franca";"Não";"-";"Ocupantes de automóvel";NA;NA;NA;NA;1;NA;7;6;6;NA;3;1;1;1;1;1;NA;3;4;2;1;NA;3;3;NA
35;"SP";3516309;"351630";"Francisco Morato";"Não";"Região Metropolitana de São Paulo";"Ocupantes de automóvel";NA;NA;NA;NA;NA;NA;2;NA;3;3;NA;1;NA;NA;1;NA;NA;NA;1;NA;1;1;NA;NA;NA
35;"SP";3516408;"351640";"Franco da Rocha";"Não";"Região Metropolitana de São Paulo";"Ocupantes de automóvel";NA;NA;NA;NA;2;1;1;NA;NA;1;NA;2;2;2;2;2;2;1;2;3;3;NA;1;1;NA
35;"SP";3516507;"351650";"Gabriel Monteiro";"Não";"-";"Ocupantes de automóvel";NA;NA;NA;NA;NA;NA;NA;NA;NA;NA;NA;NA;NA;NA;NA;NA;NA;NA;NA;NA;NA;1;NA;NA;NA
35;"SP";3516606;"351660";"Gália";"Não";"-";"Ocupantes de automóvel";NA;1;NA;1;NA;NA;NA;NA;NA;NA;NA;NA;NA;NA;NA;NA;NA;NA;NA;NA;NA;NA;NA;NA;NA
35;"SP";3516705;"351670";"Garça";"Não";"-";"Ocupantes de automóvel";NA;NA;NA;NA;NA;NA;NA;NA;NA;NA;NA;NA;NA;NA;NA;NA;NA;NA;NA;NA;NA;NA;NA;NA;NA
35;"SP";3516804;"351680";"Gastão Vidigal";"Não";"-";"Ocupantes de automóvel";NA;NA;NA;NA;NA;NA;NA;NA;NA;NA;NA;NA;NA;NA;NA;NA;NA;NA;NA;NA;NA;NA;NA;NA;NA
35;"SP";3516853;"351685";"Gavião Peixoto";"Não";"-";"Ocupantes de automóvel";NA;NA;NA;NA;NA;NA;NA;NA;NA;NA;NA;NA;1;NA;NA;NA;NA;NA;1;NA;NA;NA;NA;NA;NA
35;"SP";3516903;"351690";"General Salgado";"Não";"-";"Ocupantes de automóvel";NA;NA;NA;NA;NA;NA;1;NA;NA;NA;NA;NA;NA;NA;NA;NA;NA;NA;NA;NA;NA;2;NA;NA;NA
35;"SP";3517000;"351700";"Getulina";"Não";"-";"Ocupantes de automóvel";NA;NA;NA;NA;NA;NA;NA;NA;NA;NA;NA;NA;NA;NA;NA;NA;NA;NA;1;NA;NA;NA;NA;NA;NA
35;"SP";3517109;"351710";"Glicério";"Não";"-";"Ocupantes de automóvel";NA;NA;NA;NA;NA;NA;NA;NA;NA;NA;NA;NA;NA;NA;NA;NA;NA;NA;NA;NA;NA;NA;NA;NA;NA
35;"SP";3517208;"351720";"Guaiçara";"Não";"-";"Ocupantes de automóvel";NA;NA;NA;NA;NA;NA;NA;NA;NA;NA;NA;NA;NA;NA;NA;NA;NA;NA;NA;NA;NA;NA;1;NA;NA
35;"SP";3517307;"351730";"Guaimbê";"Não";"-";"Ocupantes de automóvel";NA;NA;NA;NA;NA;NA;NA;NA;NA;NA;NA;2;1;NA;NA;NA;NA;NA;NA;1;NA;1;NA;NA;NA
35;"SP";3517406;"351740";"Guaíra";"Não";"-";"Ocupantes de automóvel";NA;NA;NA;NA;NA;NA;2;NA;NA;NA;NA;NA;NA;NA;NA;NA;1;NA;NA;NA;1;1;1;3;NA
35;"SP";3517505;"351750";"Guapiaçu";"Não";"Região Metropolitana de São José do Rio Preto";"Ocupantes de automóvel";NA;NA;NA;NA;NA;NA;NA;NA;NA;NA;NA;NA;NA;NA;NA;NA;NA;NA;NA;NA;1;NA;NA;NA;NA
35;"SP";3517604;"351760";"Guapiara";"Não";"-";"Ocupantes de automóvel";NA;NA;NA;NA;NA;NA;NA;NA;NA;NA;1;NA;NA;NA;1;NA;NA;NA;NA;NA;NA;NA;NA;NA;NA
35;"SP";3517703;"351770";"Guará";"Não";"-";"Ocupantes de automóvel";NA;NA;NA;NA;NA;NA;NA;NA;NA;NA;NA;NA;1;1;NA;NA;NA;NA;NA;NA;NA;NA;NA;NA;NA
35;"SP";3517802;"351780";"Guaraçaí";"Não";"-";"Ocupantes de automóvel";NA;NA;NA;NA;NA;NA;NA;NA;NA;NA;NA;NA;NA;NA;NA;NA;NA;NA;NA;NA;NA;NA;NA;NA;NA
35;"SP";3517901;"351790";"Guaraci";"Não";"-";"Ocupantes de automóvel";NA;NA;NA;NA;NA;NA;NA;NA;2;NA;NA;NA;NA;NA;NA;NA;NA;NA;NA;NA;NA;NA;NA;NA;NA
35;"SP";3518107;"351810";"Guarantã";"Não";"-";"Ocupantes de automóvel";NA;NA;NA;NA;NA;NA;NA;NA;1;NA;NA;NA;NA;NA;NA;NA;1;NA;NA;NA;NA;1;NA;NA;NA
35;"SP";3518206;"351820";"Guararapes";"Não";"-";"Ocupantes de automóvel";NA;NA;NA;NA;NA;NA;NA;NA;NA;NA;NA;1;NA;NA;NA;NA;NA;NA;NA;NA;NA;NA;NA;NA;NA
35;"SP";3518305;"351830";"Guararema";"Não";"Região Metropolitana de São Paulo";"Ocupantes de automóvel";NA;NA;NA;NA;NA;NA;NA;NA;1;NA;1;NA;NA;NA;1;NA;NA;NA;NA;NA;NA;NA;1;NA;NA
35;"SP";3518404;"351840";"Guaratinguetá";"Não";"Região Metropolitana do Vale do Paraíba e Litoral Norte";"Ocupantes de automóvel";1;NA;NA;NA;NA;NA;NA;5;3;3;1;1;4;4;1;2;4;1;NA;5;2;2;4;3;NA
35;"SP";3518503;"351850";"Guareí";"Não";"-";"Ocupantes de automóvel";NA;NA;NA;NA;NA;NA;NA;NA;NA;NA;NA;NA;NA;NA;NA;NA;NA;NA;2;1;NA;NA;NA;NA;NA
35;"SP";3518602;"351860";"Guariba";"Não";"Região Metropolitana de Ribeirão Preto";"Ocupantes de automóvel";NA;NA;1;NA;1;NA;NA;NA;NA;NA;NA;NA;NA;3;2;2;3;2;NA;NA;NA;NA;1;NA;NA
35;"SP";3518701;"351870";"Guarujá";"Não";"Região Metropolitana da Baixada Santista";"Ocupantes de automóvel";NA;NA;NA;NA;NA;NA;NA;NA;NA;NA;NA;NA;NA;NA;NA;NA;NA;NA;NA;4;1;NA;3;1;NA
35;"SP";3518800;"351880";"Guarulhos";"Não";"Região Metropolitana de São Paulo";"Ocupantes de automóvel";2;1;1;2;1;1;NA;9;2;2;2;6;12;6;8;10;8;7;10;6;1;3;1;1;NA
35;"SP";3518859;"351885";"Guatapará";"Não";"Região Metropolitana de Ribeirão Preto";"Ocupantes de automóvel";NA;NA;NA;NA;NA;NA;NA;NA;NA;NA;NA;NA;1;NA;NA;NA;NA;NA;NA;NA;NA;1;NA;NA;NA
35;"SP";3518909;"351890";"Guzolândia";"Não";"-";"Ocupantes de automóvel";NA;NA;NA;NA;NA;NA;NA;NA;NA;NA;NA;NA;NA;NA;NA;NA;1;NA;1;NA;NA;NA;NA;NA;NA
35;"SP";3519006;"351900";"Herculândia";"Não";"-";"Ocupantes de automóvel";NA;NA;NA;NA;NA;NA;NA;NA;NA;NA;NA;NA;NA;NA;NA;NA;NA;NA;NA;NA;NA;NA;NA;NA;NA
35;"SP";3519055;"351905";"Holambra";"Não";"Região Metropolitana de Campinas";"Ocupantes de automóvel";NA;NA;NA;NA;NA;NA;NA;NA;NA;NA;NA;NA;NA;NA;NA;NA;NA;NA;NA;NA;NA;NA;NA;NA;NA
35;"SP";3519071;"351907";"Hortolândia";"Não";"Região Metropolitana de Campinas";"Ocupantes de automóvel";NA;NA;NA;NA;NA;NA;1;1;NA;3;1;NA;NA;NA;NA;2;2;4;1;NA;NA;1;NA;1;NA
35;"SP";3519105;"351910";"Iacanga";"Não";"-";"Ocupantes de automóvel";NA;NA;NA;NA;NA;NA;NA;NA;NA;NA;NA;NA;NA;NA;NA;NA;NA;NA;NA;NA;NA;NA;NA;NA;NA
35;"SP";3519204;"351920";"Iacri";"Não";"-";"Ocupantes de automóvel";NA;NA;NA;NA;NA;NA;NA;NA;NA;NA;NA;NA;NA;NA;NA;NA;NA;NA;NA;NA;NA;NA;NA;NA;NA
35;"SP";3519253;"351925";"Iaras";"Não";"-";"Ocupantes de automóvel";NA;NA;NA;NA;NA;NA;NA;NA;NA;NA;NA;NA;NA;NA;NA;NA;1;NA;NA;NA;NA;NA;NA;NA;NA
35;"SP";3519303;"351930";"Ibaté";"Não";"-";"Ocupantes de automóvel";NA;NA;NA;NA;NA;NA;1;NA;NA;NA;2;1;NA;NA;NA;NA;NA;NA;NA;NA;NA;NA;NA;NA;NA
35;"SP";3519402;"351940";"Ibirá";"Não";"Região Metropolitana de São José do Rio Preto";"Ocupantes de automóvel";NA;NA;NA;NA;NA;NA;NA;NA;NA;NA;NA;NA;NA;NA;NA;NA;NA;NA;NA;NA;NA;NA;1;NA;NA
35;"SP";3519600;"351960";"Ibitinga";"Não";"-";"Ocupantes de automóvel";1;NA;1;NA;NA;NA;1;NA;NA;NA;1;NA;NA;NA;1;NA;NA;NA;NA;2;NA;2;NA;NA;NA
35;"SP";3519709;"351970";"Ibiúna";"Não";"Região Metropolitana de Sorocaba";"Ocupantes de automóvel";NA;NA;NA;1;NA;NA;NA;3;1;NA;NA;1;NA;NA;NA;NA;NA;NA;1;1;NA;2;NA;1;NA
35;"SP";3519808;"351980";"Icém";"Não";"Região Metropolitana de São José do Rio Preto";"Ocupantes de automóvel";NA;NA;NA;NA;NA;NA;NA;4;1;1;1;NA;NA;NA;1;NA;NA;NA;NA;NA;1;NA;NA;NA;NA
35;"SP";3519907;"351990";"Iepê";"Não";"-";"Ocupantes de automóvel";NA;NA;NA;NA;NA;NA;NA;NA;NA;NA;NA;NA;NA;NA;NA;NA;NA;NA;NA;NA;NA;1;NA;NA;NA
35;"SP";3520004;"352000";"Igaraçu do Tietê";"Não";"-";"Ocupantes de automóvel";NA;NA;NA;NA;NA;NA;NA;NA;NA;NA;NA;NA;NA;NA;NA;NA;NA;NA;NA;NA;NA;NA;NA;NA;NA
35;"SP";3520103;"352010";"Igarapava";"Não";"-";"Ocupantes de automóvel";NA;NA;NA;NA;NA;NA;NA;NA;NA;1;NA;NA;NA;NA;NA;NA;NA;1;NA;1;NA;NA;NA;NA;NA
35;"SP";3520202;"352020";"Igaratá";"Não";"Região Metropolitana do Vale do Paraíba e Litoral Norte";"Ocupantes de automóvel";NA;NA;NA;NA;NA;NA;NA;NA;NA;NA;NA;NA;NA;1;NA;NA;NA;NA;1;NA;NA;NA;NA;NA;NA
35;"SP";3520301;"352030";"Iguape";"Não";"-";"Ocupantes de automóvel";NA;NA;NA;NA;NA;NA;NA;1;NA;NA;NA;1;NA;NA;NA;NA;NA;NA;3;2;NA;NA;NA;1;NA
35;"SP";3520400;"352040";"Ilhabela";"Não";"Região Metropolitana do Vale do Paraíba e Litoral Norte";"Ocupantes de automóvel";NA;NA;NA;NA;NA;NA;NA;NA;NA;1;NA;NA;NA;NA;NA;NA;NA;NA;NA;NA;NA;NA;NA;NA;NA
35;"SP";3520426;"352042";"Ilha Comprida";"Não";"-";"Ocupantes de automóvel";NA;NA;NA;NA;NA;NA;NA;NA;NA;NA;NA;NA;NA;NA;NA;NA;NA;NA;NA;NA;NA;2;NA;NA;NA
35;"SP";3520442;"352044";"Ilha Solteira";"Não";"-";"Ocupantes de automóvel";NA;NA;NA;NA;NA;NA;NA;1;NA;1;NA;NA;1;1;NA;NA;1;NA;NA;1;NA;5;NA;NA;NA
35;"SP";3520509;"352050";"Indaiatuba";"Não";"Região Metropolitana de Campinas";"Ocupantes de automóvel";NA;NA;NA;NA;2;NA;NA;3;NA;1;NA;NA;1;2;NA;1;NA;3;NA;NA;NA;2;NA;2;NA
35;"SP";3520608;"352060";"Indiana";"Não";"-";"Ocupantes de automóvel";NA;NA;NA;NA;NA;NA;NA;NA;NA;NA;NA;NA;NA;NA;NA;NA;NA;NA;NA;NA;NA;NA;NA;NA;NA
35;"SP";3520707;"352070";"Indiaporã";"Não";"-";"Ocupantes de automóvel";NA;NA;NA;NA;NA;NA;NA;NA;NA;NA;NA;NA;NA;NA;1;NA;NA;NA;NA;NA;NA;NA;NA;NA;NA
35;"SP";3520806;"352080";"Inúbia Paulista";"Não";"-";"Ocupantes de automóvel";NA;NA;NA;NA;NA;NA;NA;NA;NA;NA;NA;NA;1;NA;NA;NA;NA;NA;NA;NA;NA;NA;NA;NA;NA
35;"SP";3520905;"352090";"Ipaussu";"Não";"-";"Ocupantes de automóvel";NA;NA;NA;NA;NA;NA;NA;NA;NA;2;NA;NA;NA;NA;NA;NA;NA;NA;NA;NA;NA;NA;NA;NA;NA
35;"SP";3521002;"352100";"Iperó";"Não";"Região Metropolitana de Sorocaba";"Ocupantes de automóvel";NA;NA;NA;NA;NA;NA;NA;NA;NA;NA;NA;1;NA;NA;NA;NA;NA;NA;1;NA;NA;NA;NA;1;NA
35;"SP";3521101;"352110";"Ipeúna";"Não";"Região Metropolitana de Piracicaba";"Ocupantes de automóvel";NA;NA;NA;NA;NA;NA;NA;NA;NA;1;NA;NA;NA;NA;NA;NA;4;NA;NA;NA;NA;NA;NA;NA;NA
35;"SP";3521150;"352115";"Ipiguá";"Não";"Região Metropolitana de São José do Rio Preto";"Ocupantes de automóvel";NA;NA;NA;NA;NA;NA;NA;NA;NA;NA;NA;NA;NA;NA;NA;NA;NA;NA;NA;NA;NA;NA;NA;NA;NA
35;"SP";3521200;"352120";"Iporanga";"Não";"-";"Ocupantes de automóvel";NA;NA;NA;1;NA;NA;NA;NA;NA;NA;NA;NA;NA;NA;NA;NA;NA;NA;NA;NA;NA;NA;1;1;NA
35;"SP";3521309;"352130";"Ipuã";"Não";"-";"Ocupantes de automóvel";NA;NA;NA;NA;NA;NA;NA;NA;NA;NA;NA;NA;NA;NA;NA;1;NA;NA;NA;NA;NA;2;NA;NA;NA
35;"SP";3521408;"352140";"Iracemápolis";"Não";"Região Metropolitana de Piracicaba";"Ocupantes de automóvel";NA;NA;NA;NA;NA;NA;NA;NA;NA;NA;NA;NA;NA;NA;NA;NA;NA;NA;NA;1;NA;NA;1;1;NA
35;"SP";3521507;"352150";"Irapuã";"Não";"Região Metropolitana de São José do Rio Preto";"Ocupantes de automóvel";NA;NA;NA;NA;NA;NA;NA;NA;NA;NA;NA;NA;NA;NA;NA;NA;NA;NA;NA;NA;NA;NA;1;NA;NA
35;"SP";3521606;"352160";"Irapuru";"Não";"-";"Ocupantes de automóvel";NA;NA;NA;NA;NA;NA;NA;NA;NA;NA;NA;NA;NA;NA;NA;NA;NA;NA;NA;1;NA;NA;NA;NA;NA
35;"SP";3521705;"352170";"Itaberá";"Não";"-";"Ocupantes de automóvel";NA;NA;NA;NA;NA;NA;NA;NA;NA;NA;NA;NA;NA;2;NA;NA;NA;NA;NA;NA;NA;NA;NA;NA;NA
35;"SP";3521804;"352180";"Itaí";"Não";"-";"Ocupantes de automóvel";NA;NA;1;NA;NA;NA;NA;NA;NA;NA;NA;NA;NA;NA;1;NA;NA;1;NA;NA;NA;NA;1;NA;NA
35;"SP";3521903;"352190";"Itajobi";"Não";"-";"Ocupantes de automóvel";NA;NA;NA;NA;NA;NA;NA;NA;NA;NA;NA;NA;NA;NA;NA;NA;NA;NA;NA;NA;2;NA;NA;NA;NA
35;"SP";3522000;"352200";"Itaju";"Não";"-";"Ocupantes de automóvel";NA;NA;NA;NA;NA;NA;NA;NA;NA;NA;NA;NA;NA;NA;NA;NA;NA;NA;NA;NA;NA;NA;NA;NA;NA
35;"SP";3522109;"352210";"Itanhaém";"Não";"Região Metropolitana da Baixada Santista";"Ocupantes de automóvel";2;NA;NA;NA;NA;NA;1;1;NA;1;3;1;1;1;1;NA;NA;NA;1;1;NA;1;NA;NA;NA
35;"SP";3522208;"352220";"Itapecerica da Serra";"Não";"Região Metropolitana de São Paulo";"Ocupantes de automóvel";NA;NA;NA;NA;NA;NA;NA;NA;NA;NA;NA;NA;NA;NA;NA;1;NA;NA;NA;NA;NA;NA;NA;NA;NA
35;"SP";3522307;"352230";"Itapetininga";"Não";"Região Metropolitana de Sorocaba";"Ocupantes de automóvel";NA;NA;NA;NA;NA;NA;NA;1;1;NA;3;NA;2;NA;3;NA;1;2;1;NA;1;2;2;3;NA
35;"SP";3522406;"352240";"Itapeva";"Não";"-";"Ocupantes de automóvel";NA;NA;NA;NA;NA;NA;NA;1;NA;NA;2;NA;1;1;NA;3;1;NA;2;2;2;1;4;2;NA
35;"SP";3522505;"352250";"Itapevi";"Não";"Região Metropolitana de São Paulo";"Ocupantes de automóvel";NA;1;2;1;NA;1;1;NA;5;2;3;NA;2;1;1;1;1;1;NA;1;NA;NA;NA;NA;NA
35;"SP";3522604;"352260";"Itapira";"Não";"-";"Ocupantes de automóvel";NA;NA;NA;NA;NA;NA;NA;NA;NA;NA;NA;3;2;NA;NA;NA;NA;NA;NA;3;NA;NA;NA;NA;NA
35;"SP";3522703;"352270";"Itápolis";"Não";"-";"Ocupantes de automóvel";NA;NA;NA;NA;1;NA;NA;NA;NA;NA;NA;2;NA;1;NA;NA;NA;NA;NA;NA;NA;NA;1;1;NA
35;"SP";3522802;"352280";"Itaporanga";"Não";"-";"Ocupantes de automóvel";NA;NA;NA;NA;NA;2;NA;NA;NA;NA;NA;NA;NA;1;NA;NA;NA;1;NA;NA;NA;NA;NA;NA;NA
35;"SP";3522901;"352290";"Itapuí";"Não";"-";"Ocupantes de automóvel";NA;NA;NA;NA;NA;NA;NA;NA;2;NA;NA;NA;NA;NA;NA;NA;NA;NA;NA;NA;NA;NA;NA;NA;NA
35;"SP";3523008;"352300";"Itapura";"Não";"-";"Ocupantes de automóvel";NA;NA;NA;NA;NA;NA;NA;NA;2;NA;NA;NA;NA;NA;NA;NA;NA;NA;NA;NA;NA;NA;NA;NA;NA
35;"SP";3523107;"352310";"Itaquaquecetuba";"Não";"Região Metropolitana de São Paulo";"Ocupantes de automóvel";NA;1;NA;NA;NA;NA;1;1;NA;NA;NA;NA;1;NA;NA;1;1;NA;NA;1;4;3;NA;NA;NA
35;"SP";3523206;"352320";"Itararé";"Não";"-";"Ocupantes de automóvel";NA;NA;NA;NA;NA;NA;NA;NA;NA;NA;NA;NA;1;NA;NA;NA;NA;NA;NA;NA;NA;NA;NA;NA;NA
35;"SP";3523305;"352330";"Itariri";"Não";"-";"Ocupantes de automóvel";NA;1;NA;NA;NA;NA;1;NA;1;NA;NA;1;NA;NA;NA;NA;NA;NA;1;NA;1;1;NA;1;NA
35;"SP";3523404;"352340";"Itatiba";"Não";"Região Metropolitana de Campinas";"Ocupantes de automóvel";NA;NA;NA;NA;1;NA;NA;1;NA;NA;1;NA;NA;2;NA;NA;NA;2;1;1;NA;1;1;1;NA
35;"SP";3523503;"352350";"Itatinga";"Não";"-";"Ocupantes de automóvel";NA;NA;NA;NA;NA;NA;NA;NA;NA;NA;NA;NA;NA;1;NA;NA;1;NA;NA;NA;NA;2;NA;NA;NA
35;"SP";3523602;"352360";"Itirapina";"Não";"-";"Ocupantes de automóvel";NA;NA;NA;NA;1;NA;NA;NA;2;NA;1;2;1;NA;1;NA;NA;NA;NA;NA;NA;1;2;NA;NA
35;"SP";3523701;"352370";"Itirapuã";"Não";"-";"Ocupantes de automóvel";NA;NA;NA;NA;NA;NA;NA;NA;1;NA;NA;NA;NA;NA;NA;NA;NA;NA;NA;NA;NA;NA;NA;NA;NA
35;"SP";3523800;"352380";"Itobi";"Não";"-";"Ocupantes de automóvel";NA;NA;NA;NA;NA;NA;NA;NA;NA;NA;NA;NA;NA;NA;NA;NA;NA;NA;NA;NA;NA;NA;NA;NA;NA
35;"SP";3523909;"352390";"Itu";"Não";"Região Metropolitana de Sorocaba";"Ocupantes de automóvel";NA;NA;NA;1;NA;NA;NA;4;1;NA;7;3;NA;2;1;2;NA;NA;NA;3;2;2;2;1;NA
35;"SP";3524006;"352400";"Itupeva";"Não";"Região Metropolitana de Jundiaí";"Ocupantes de automóvel";NA;NA;NA;NA;NA;NA;2;NA;1;NA;NA;NA;NA;NA;NA;NA;NA;3;NA;NA;NA;1;2;NA;NA
35;"SP";3524105;"352410";"Ituverava";"Não";"-";"Ocupantes de automóvel";1;NA;NA;1;NA;NA;NA;5;NA;NA;NA;3;1;3;1;1;1;1;NA;NA;NA;NA;NA;1;NA
35;"SP";3524204;"352420";"Jaborandi";"Não";"-";"Ocupantes de automóvel";NA;1;NA;NA;NA;NA;NA;NA;1;NA;NA;NA;NA;NA;NA;NA;NA;NA;NA;NA;1;NA;1;NA;NA
35;"SP";3524303;"352430";"Jaboticabal";"Não";"Região Metropolitana de Ribeirão Preto";"Ocupantes de automóvel";1;NA;NA;NA;2;NA;1;NA;1;1;1;1;4;5;1;5;1;3;1;NA;3;1;NA;NA;NA
35;"SP";3524402;"352440";"Jacareí";"Não";"Região Metropolitana do Vale do Paraíba e Litoral Norte";"Ocupantes de automóvel";4;NA;1;NA;NA;NA;3;4;3;12;2;4;1;NA;1;NA;NA;NA;NA;NA;NA;NA;NA;NA;NA
35;"SP";3524501;"352450";"Jaci";"Não";"Região Metropolitana de São José do Rio Preto";"Ocupantes de automóvel";NA;NA;NA;NA;NA;NA;NA;NA;NA;NA;NA;NA;NA;NA;NA;NA;NA;NA;NA;NA;NA;NA;NA;NA;NA
35;"SP";3524600;"352460";"Jacupiranga";"Não";"-";"Ocupantes de automóvel";NA;NA;NA;NA;NA;NA;NA;NA;1;NA;NA;NA;NA;NA;NA;NA;NA;NA;1;1;NA;2;NA;NA;NA
35;"SP";3524709;"352470";"Jaguariúna";"Não";"Região Metropolitana de Campinas";"Ocupantes de automóvel";NA;NA;NA;NA;NA;NA;1;1;1;NA;NA;1;1;NA;NA;NA;NA;NA;NA;NA;NA;NA;NA;NA;NA
35;"SP";3524808;"352480";"Jales";"Não";"-";"Ocupantes de automóvel";1;NA;NA;1;NA;NA;2;NA;NA;NA;NA;NA;NA;NA;NA;NA;NA;NA;NA;NA;NA;NA;NA;NA;NA
35;"SP";3524907;"352490";"Jambeiro";"Não";"Região Metropolitana do Vale do Paraíba e Litoral Norte";"Ocupantes de automóvel";NA;NA;NA;NA;NA;NA;NA;NA;NA;NA;NA;NA;NA;NA;NA;NA;NA;NA;NA;NA;NA;NA;NA;NA;NA
35;"SP";3525003;"352500";"Jandira";"Não";"Região Metropolitana de São Paulo";"Ocupantes de automóvel";NA;NA;NA;NA;NA;NA;NA;NA;NA;NA;NA;1;NA;NA;NA;NA;NA;NA;1;NA;NA;NA;NA;NA;NA
35;"SP";3525102;"352510";"Jardinópolis";"Não";"Região Metropolitana de Ribeirão Preto";"Ocupantes de automóvel";NA;NA;1;NA;NA;NA;NA;NA;NA;NA;NA;NA;NA;NA;NA;1;NA;NA;NA;NA;1;NA;NA;NA;NA
35;"SP";3525201;"352520";"Jarinu";"Não";"Região Metropolitana de Jundiaí";"Ocupantes de automóvel";NA;NA;NA;NA;NA;NA;NA;NA;NA;NA;NA;NA;NA;NA;NA;NA;NA;NA;NA;NA;NA;1;2;1;NA
35;"SP";3525300;"352530";"Jaú";"Não";"-";"Ocupantes de automóvel";NA;NA;NA;NA;1;NA;3;1;3;1;1;1;4;2;6;11;1;2;3;6;3;3;2;3;NA
35;"SP";3525409;"352540";"Jeriquara";"Não";"-";"Ocupantes de automóvel";NA;NA;NA;NA;NA;NA;NA;NA;NA;NA;NA;NA;NA;NA;NA;NA;NA;1;NA;NA;NA;NA;NA;NA;NA
35;"SP";3525508;"352550";"Joanópolis";"Não";"-";"Ocupantes de automóvel";NA;NA;NA;NA;NA;NA;NA;NA;NA;NA;NA;NA;NA;NA;NA;NA;NA;NA;NA;NA;NA;NA;NA;NA;NA
35;"SP";3525607;"352560";"João Ramalho";"Não";"-";"Ocupantes de automóvel";NA;NA;NA;NA;NA;NA;NA;NA;NA;NA;2;1;NA;NA;NA;NA;NA;NA;NA;NA;NA;1;NA;NA;NA
35;"SP";3525706;"352570";"José Bonifácio";"Não";"Região Metropolitana de São José do Rio Preto";"Ocupantes de automóvel";NA;NA;NA;NA;NA;NA;NA;NA;NA;NA;NA;1;NA;1;1;NA;NA;1;NA;NA;NA;NA;1;NA;NA
35;"SP";3525805;"352580";"Júlio Mesquita";"Não";"-";"Ocupantes de automóvel";NA;NA;NA;NA;1;NA;NA;NA;NA;NA;NA;NA;NA;NA;1;NA;NA;NA;NA;NA;NA;NA;NA;NA;NA
35;"SP";3525854;"352585";"Jumirim";"Não";"Região Metropolitana de Sorocaba";"Ocupantes de automóvel";NA;NA;NA;NA;NA;1;NA;NA;NA;1;NA;NA;NA;1;NA;NA;NA;NA;NA;NA;NA;NA;NA;2;NA
35;"SP";3525904;"352590";"Jundiaí";"Não";"Região Metropolitana de Jundiaí";"Ocupantes de automóvel";NA;NA;2;2;2;3;NA;4;5;4;2;8;5;3;1;NA;2;3;3;5;1;2;7;3;NA
35;"SP";3526001;"352600";"Junqueirópolis";"Não";"-";"Ocupantes de automóvel";1;NA;NA;NA;NA;NA;NA;1;NA;NA;NA;NA;NA;NA;2;NA;NA;1;NA;NA;NA;NA;1;NA;NA
35;"SP";3526100;"352610";"Juquiá";"Não";"-";"Ocupantes de automóvel";NA;NA;NA;NA;NA;NA;1;NA;NA;NA;NA;NA;NA;2;1;NA;1;1;3;2;4;1;NA;NA;NA
35;"SP";3526209;"352620";"Juquitiba";"Não";"Região Metropolitana de São Paulo";"Ocupantes de automóvel";NA;NA;NA;NA;NA;NA;NA;NA;NA;NA;NA;NA;NA;NA;NA;NA;NA;NA;NA;NA;1;NA;NA;NA;NA
35;"SP";3526308;"352630";"Lagoinha";"Não";"Região Metropolitana do Vale do Paraíba e Litoral Norte";"Ocupantes de automóvel";NA;NA;NA;NA;NA;NA;NA;NA;NA;NA;NA;NA;NA;NA;NA;NA;NA;NA;NA;NA;NA;NA;NA;NA;NA
35;"SP";3526407;"352640";"Laranjal Paulista";"Não";"-";"Ocupantes de automóvel";NA;NA;NA;NA;NA;NA;NA;NA;NA;NA;NA;NA;NA;1;NA;NA;NA;1;NA;NA;NA;NA;1;2;NA
35;"SP";3526506;"352650";"Lavínia";"Não";"-";"Ocupantes de automóvel";NA;NA;NA;NA;NA;NA;NA;NA;NA;NA;NA;NA;NA;NA;NA;NA;1;NA;NA;NA;NA;NA;NA;NA;NA
35;"SP";3526605;"352660";"Lavrinhas";"Não";"Região Metropolitana do Vale do Paraíba e Litoral Norte";"Ocupantes de automóvel";1;NA;NA;NA;NA;NA;NA;NA;NA;NA;NA;NA;NA;NA;NA;NA;NA;1;NA;NA;NA;NA;NA;NA;NA
35;"SP";3526704;"352670";"Leme";"Não";"Região Metropolitana de Piracicaba";"Ocupantes de automóvel";NA;NA;NA;NA;NA;NA;NA;NA;NA;NA;NA;NA;NA;NA;NA;NA;NA;2;NA;1;4;2;2;NA;NA
35;"SP";3526803;"352680";"Lençóis Paulista";"Não";"-";"Ocupantes de automóvel";NA;NA;NA;NA;NA;NA;NA;NA;NA;NA;NA;NA;2;NA;NA;1;NA;NA;NA;NA;NA;1;NA;NA;NA
35;"SP";3526902;"352690";"Limeira";"Não";"Região Metropolitana de Piracicaba";"Ocupantes de automóvel";NA;NA;NA;2;NA;NA;NA;NA;NA;NA;NA;NA;NA;1;NA;2;NA;NA;2;1;2;3;2;3;NA
35;"SP";3527009;"352700";"Lindóia";"Não";"-";"Ocupantes de automóvel";NA;NA;NA;NA;NA;NA;NA;NA;NA;NA;NA;NA;NA;NA;NA;NA;NA;NA;NA;NA;NA;NA;NA;NA;NA
35;"SP";3527108;"352710";"Lins";"Não";"-";"Ocupantes de automóvel";NA;NA;NA;NA;NA;NA;1;NA;1;NA;NA;2;2;1;1;NA;NA;NA;NA;1;3;2;2;1;NA
35;"SP";3527207;"352720";"Lorena";"Não";"Região Metropolitana do Vale do Paraíba e Litoral Norte";"Ocupantes de automóvel";NA;NA;NA;1;1;1;NA;NA;NA;NA;NA;NA;NA;NA;1;1;NA;1;1;2;2;2;2;3;NA
35;"SP";3527306;"352730";"Louveira";"Não";"Região Metropolitana de Jundiaí";"Ocupantes de automóvel";NA;NA;NA;NA;NA;NA;NA;1;NA;NA;NA;NA;NA;NA;NA;NA;NA;NA;NA;1;NA;NA;NA;NA;NA
35;"SP";3527405;"352740";"Lucélia";"Não";"-";"Ocupantes de automóvel";NA;NA;NA;NA;NA;NA;NA;NA;1;NA;NA;NA;NA;1;NA;NA;NA;NA;NA;NA;NA;NA;NA;NA;NA
35;"SP";3527603;"352760";"Luís Antônio";"Não";"Região Metropolitana de Ribeirão Preto";"Ocupantes de automóvel";NA;NA;NA;NA;NA;NA;NA;NA;2;NA;NA;NA;NA;NA;1;NA;NA;NA;NA;NA;1;NA;NA;NA;NA
35;"SP";3527702;"352770";"Luiziânia";"Não";"-";"Ocupantes de automóvel";NA;NA;NA;NA;NA;NA;NA;NA;NA;NA;NA;NA;NA;NA;NA;NA;NA;NA;NA;NA;NA;NA;NA;NA;NA
35;"SP";3527801;"352780";"Lupércio";"Não";"-";"Ocupantes de automóvel";NA;NA;NA;NA;NA;NA;NA;NA;NA;NA;NA;NA;NA;NA;1;NA;NA;NA;NA;NA;NA;NA;NA;NA;NA
35;"SP";3528007;"352800";"Macatuba";"Não";"-";"Ocupantes de automóvel";NA;NA;NA;NA;NA;NA;NA;NA;NA;NA;NA;NA;NA;NA;NA;NA;NA;NA;NA;NA;NA;NA;NA;1;NA
35;"SP";3528106;"352810";"Macaubal";"Não";"Região Metropolitana de São José do Rio Preto";"Ocupantes de automóvel";NA;NA;NA;NA;NA;NA;NA;NA;NA;NA;NA;NA;NA;NA;NA;NA;NA;NA;NA;NA;NA;NA;NA;NA;NA
35;"SP";3528205;"352820";"Macedônia";"Não";"-";"Ocupantes de automóvel";NA;NA;NA;NA;NA;NA;NA;NA;NA;NA;NA;NA;NA;NA;NA;NA;NA;NA;NA;NA;NA;NA;NA;NA;NA
35;"SP";3528304;"352830";"Magda";"Não";"-";"Ocupantes de automóvel";NA;NA;NA;NA;NA;NA;NA;NA;NA;NA;NA;NA;NA;NA;1;NA;NA;NA;NA;NA;NA;NA;NA;NA;NA
35;"SP";3528403;"352840";"Mairinque";"Não";"Região Metropolitana de Sorocaba";"Ocupantes de automóvel";NA;NA;NA;1;NA;NA;NA;1;NA;NA;2;1;1;NA;NA;2;NA;NA;NA;NA;NA;1;NA;NA;NA
35;"SP";3528502;"352850";"Mairiporã";"Não";"Região Metropolitana de São Paulo";"Ocupantes de automóvel";NA;NA;NA;NA;NA;2;1;NA;NA;NA;1;NA;NA;1;1;2;NA;NA;NA;NA;1;3;2;1;NA
35;"SP";3528601;"352860";"Manduri";"Não";"-";"Ocupantes de automóvel";NA;NA;NA;NA;NA;NA;NA;NA;NA;NA;NA;2;NA;NA;NA;NA;NA;NA;NA;2;NA;NA;NA;2;NA
35;"SP";3528700;"352870";"Marabá Paulista";"Não";"-";"Ocupantes de automóvel";NA;NA;1;NA;NA;NA;NA;NA;1;NA;1;NA;NA;NA;NA;1;NA;NA;NA;NA;NA;NA;NA;NA;NA
35;"SP";3528809;"352880";"Maracaí";"Não";"-";"Ocupantes de automóvel";NA;NA;NA;NA;NA;NA;NA;NA;NA;NA;NA;NA;NA;NA;NA;NA;NA;NA;NA;NA;NA;NA;NA;NA;NA
35;"SP";3528858;"352885";"Marapoama";"Não";"-";"Ocupantes de automóvel";NA;NA;NA;NA;NA;NA;NA;NA;NA;NA;NA;NA;NA;NA;NA;NA;NA;NA;NA;1;NA;NA;NA;NA;NA
35;"SP";3529005;"352900";"Marília";"Não";"-";"Ocupantes de automóvel";NA;1;NA;1;NA;2;4;4;1;1;2;NA;2;1;2;2;1;1;1;1;4;3;NA;4;NA
35;"SP";3529104;"352910";"Marinópolis";"Não";"-";"Ocupantes de automóvel";NA;NA;NA;NA;NA;NA;NA;NA;NA;NA;NA;NA;NA;NA;NA;NA;NA;NA;NA;NA;NA;NA;NA;NA;NA
35;"SP";3529203;"352920";"Martinópolis";"Não";"-";"Ocupantes de automóvel";NA;NA;NA;NA;NA;NA;NA;NA;1;1;NA;2;NA;NA;1;1;2;1;NA;NA;NA;NA;2;1;NA
35;"SP";3529302;"352930";"Matão";"Não";"-";"Ocupantes de automóvel";NA;NA;NA;1;1;NA;NA;1;2;2;NA;2;NA;NA;NA;3;NA;NA;1;1;1;NA;NA;NA;NA
35;"SP";3529401;"352940";"Mauá";"Não";"Região Metropolitana de São Paulo";"Ocupantes de automóvel";NA;NA;1;NA;NA;NA;NA;NA;NA;NA;NA;NA;1;2;1;NA;NA;NA;NA;NA;3;NA;1;1;NA
35;"SP";3529500;"352950";"Mendonça";"Não";"Região Metropolitana de São José do Rio Preto";"Ocupantes de automóvel";NA;NA;NA;NA;NA;NA;NA;NA;NA;NA;NA;NA;NA;NA;NA;NA;NA;NA;NA;NA;NA;NA;NA;NA;NA
35;"SP";3529609;"352960";"Meridiano";"Não";"-";"Ocupantes de automóvel";NA;NA;NA;NA;NA;NA;NA;NA;NA;NA;NA;NA;NA;NA;NA;NA;NA;NA;NA;NA;NA;NA;NA;NA;NA
35;"SP";3529708;"352970";"Miguelópolis";"Não";"-";"Ocupantes de automóvel";NA;NA;NA;NA;NA;NA;NA;NA;NA;NA;NA;NA;NA;NA;NA;NA;NA;NA;NA;NA;3;NA;NA;NA;NA
35;"SP";3529807;"352980";"Mineiros do Tietê";"Não";"-";"Ocupantes de automóvel";NA;NA;NA;NA;NA;NA;NA;NA;NA;NA;NA;NA;NA;NA;NA;NA;NA;NA;1;NA;NA;1;1;NA;NA
35;"SP";3529906;"352990";"Miracatu";"Não";"-";"Ocupantes de automóvel";NA;1;NA;NA;NA;NA;7;1;3;2;NA;NA;NA;2;1;1;NA;NA;6;3;10;1;2;NA;NA
35;"SP";3530003;"353000";"Mira Estrela";"Não";"-";"Ocupantes de automóvel";NA;NA;NA;NA;NA;NA;NA;NA;NA;NA;NA;NA;NA;NA;NA;1;NA;NA;NA;NA;NA;NA;NA;NA;NA
35;"SP";3530102;"353010";"Mirandópolis";"Não";"-";"Ocupantes de automóvel";NA;NA;NA;NA;NA;NA;NA;NA;NA;NA;NA;NA;NA;NA;2;NA;NA;NA;NA;NA;NA;1;1;1;NA
35;"SP";3530201;"353020";"Mirante do Paranapanema";"Não";"-";"Ocupantes de automóvel";NA;NA;NA;NA;NA;NA;NA;2;NA;2;NA;NA;NA;NA;NA;NA;2;NA;NA;1;NA;2;2;1;NA
35;"SP";3530300;"353030";"Mirassol";"Não";"Região Metropolitana de São José do Rio Preto";"Ocupantes de automóvel";NA;NA;NA;NA;NA;NA;1;NA;2;1;NA;NA;NA;NA;1;NA;NA;NA;NA;NA;NA;NA;1;NA;NA
35;"SP";3530508;"353050";"Mococa";"Não";"Região Metropolitana de Ribeirão Preto";"Ocupantes de automóvel";NA;NA;1;1;NA;NA;NA;NA;NA;NA;NA;NA;NA;NA;NA;NA;NA;NA;1;NA;NA;NA;1;NA;NA
35;"SP";3530607;"353060";"Mogi das Cruzes";"Não";"Região Metropolitana de São Paulo";"Ocupantes de automóvel";NA;1;NA;1;1;NA;1;NA;2;NA;2;4;4;4;3;NA;2;3;1;3;6;14;7;6;NA
35;"SP";3530706;"353070";"Mogi Guaçu";"Não";"-";"Ocupantes de automóvel";NA;NA;NA;NA;NA;NA;NA;NA;NA;NA;NA;NA;NA;NA;NA;NA;NA;NA;NA;1;NA;NA;NA;NA;NA
35;"SP";3530805;"353080";"Mogi Mirim";"Não";"-";"Ocupantes de automóvel";NA;NA;NA;NA;NA;1;NA;NA;NA;NA;NA;NA;NA;NA;NA;NA;NA;NA;NA;3;NA;1;1;NA;NA
35;"SP";3530904;"353090";"Mombuca";"Não";"Região Metropolitana de Piracicaba";"Ocupantes de automóvel";NA;NA;NA;1;NA;NA;NA;NA;NA;NA;NA;NA;NA;NA;NA;NA;NA;NA;NA;NA;NA;NA;NA;NA;NA
35;"SP";3531001;"353100";"Monções";"Não";"-";"Ocupantes de automóvel";NA;NA;NA;NA;NA;NA;NA;NA;NA;NA;NA;NA;NA;NA;NA;NA;NA;NA;NA;NA;NA;NA;NA;NA;NA
35;"SP";3531100;"353110";"Mongaguá";"Não";"Região Metropolitana da Baixada Santista";"Ocupantes de automóvel";NA;NA;NA;NA;NA;NA;NA;3;NA;2;2;3;1;NA;1;NA;1;NA;NA;NA;NA;1;1;1;NA
35;"SP";3531308;"353130";"Monte Alto";"Não";"Região Metropolitana de Ribeirão Preto";"Ocupantes de automóvel";NA;NA;NA;NA;NA;NA;NA;1;NA;NA;NA;2;NA;NA;NA;NA;1;NA;NA;NA;1;NA;NA;2;NA
35;"SP";3531407;"353140";"Monte Aprazível";"Não";"Região Metropolitana de São José do Rio Preto";"Ocupantes de automóvel";NA;NA;NA;NA;NA;NA;1;1;1;NA;NA;NA;2;NA;NA;1;NA;NA;NA;NA;NA;NA;1;4;NA
35;"SP";3531506;"353150";"Monte Azul Paulista";"Não";"-";"Ocupantes de automóvel";NA;NA;NA;NA;NA;NA;NA;1;NA;NA;1;1;NA;1;1;NA;1;NA;NA;NA;NA;1;NA;NA;NA
35;"SP";3531605;"353160";"Monte Castelo";"Não";"-";"Ocupantes de automóvel";NA;NA;NA;NA;1;NA;NA;NA;NA;NA;NA;1;NA;NA;NA;NA;NA;NA;NA;NA;1;NA;NA;NA;NA
35;"SP";3531704;"353170";"Monteiro Lobato";"Não";"Região Metropolitana do Vale do Paraíba e Litoral Norte";"Ocupantes de automóvel";NA;NA;NA;NA;NA;NA;NA;NA;NA;NA;NA;NA;NA;NA;NA;NA;NA;NA;NA;NA;NA;NA;NA;NA;NA
35;"SP";3531803;"353180";"Monte Mor";"Não";"Região Metropolitana de Campinas";"Ocupantes de automóvel";NA;NA;NA;1;1;NA;NA;1;NA;NA;NA;2;1;1;NA;1;NA;NA;NA;NA;NA;NA;1;NA;NA
35;"SP";3531902;"353190";"Morro Agudo";"Não";"Região Metropolitana de Ribeirão Preto";"Ocupantes de automóvel";NA;NA;NA;NA;1;NA;1;1;NA;NA;NA;1;NA;2;NA;NA;1;NA;1;NA;NA;NA;NA;NA;NA
35;"SP";3532009;"353200";"Morungaba";"Não";"Região Metropolitana de Campinas";"Ocupantes de automóvel";NA;NA;NA;NA;NA;NA;NA;NA;NA;NA;NA;NA;NA;NA;NA;NA;NA;NA;NA;NA;NA;NA;NA;NA;NA
35;"SP";3532058;"353205";"Motuca";"Não";"-";"Ocupantes de automóvel";NA;NA;NA;NA;NA;NA;NA;NA;NA;1;NA;NA;NA;NA;NA;NA;NA;1;NA;NA;NA;NA;NA;NA;NA
35;"SP";3532108;"353210";"Murutinga do Sul";"Não";"-";"Ocupantes de automóvel";NA;NA;NA;NA;NA;NA;NA;NA;NA;NA;NA;NA;NA;NA;NA;NA;NA;NA;NA;NA;NA;NA;NA;NA;NA
35;"SP";3532157;"353215";"Nantes";"Não";"-";"Ocupantes de automóvel";NA;NA;NA;NA;NA;NA;NA;NA;NA;NA;NA;NA;NA;NA;NA;NA;NA;NA;NA;NA;NA;NA;NA;NA;NA
35;"SP";3532207;"353220";"Narandiba";"Não";"-";"Ocupantes de automóvel";NA;NA;NA;NA;NA;NA;NA;NA;1;NA;1;NA;NA;NA;NA;NA;NA;NA;NA;NA;NA;NA;NA;NA;NA
35;"SP";3532306;"353230";"Natividade da Serra";"Não";"Região Metropolitana do Vale do Paraíba e Litoral Norte";"Ocupantes de automóvel";NA;NA;NA;NA;NA;NA;NA;NA;NA;NA;NA;NA;NA;NA;NA;NA;NA;NA;NA;NA;NA;NA;NA;NA;NA
35;"SP";3532405;"353240";"Nazaré Paulista";"Não";"-";"Ocupantes de automóvel";NA;NA;NA;NA;NA;NA;NA;NA;NA;NA;NA;NA;NA;NA;NA;NA;NA;NA;NA;NA;NA;NA;1;2;NA
35;"SP";3532504;"353250";"Neves Paulista";"Não";"Região Metropolitana de São José do Rio Preto";"Ocupantes de automóvel";NA;NA;NA;NA;NA;NA;NA;NA;NA;NA;NA;NA;NA;NA;NA;NA;NA;NA;NA;NA;NA;NA;NA;NA;NA
35;"SP";3532603;"353260";"Nhandeara";"Não";"-";"Ocupantes de automóvel";NA;NA;NA;NA;NA;NA;NA;NA;NA;NA;NA;NA;NA;1;NA;NA;NA;NA;NA;1;NA;NA;NA;NA;NA
35;"SP";3532702;"353270";"Nipoã";"Não";"Região Metropolitana de São José do Rio Preto";"Ocupantes de automóvel";NA;NA;NA;NA;NA;NA;NA;NA;NA;1;NA;NA;NA;NA;NA;1;NA;NA;NA;NA;NA;NA;2;NA;NA
35;"SP";3532801;"353280";"Nova Aliança";"Não";"Região Metropolitana de São José do Rio Preto";"Ocupantes de automóvel";NA;NA;NA;NA;NA;NA;NA;NA;NA;NA;NA;NA;NA;NA;NA;1;NA;NA;NA;NA;NA;NA;NA;NA;NA
35;"SP";3532900;"353290";"Nova Europa";"Não";"-";"Ocupantes de automóvel";NA;NA;NA;NA;NA;NA;NA;NA;NA;NA;NA;NA;NA;NA;NA;NA;NA;NA;NA;NA;NA;NA;NA;1;NA
35;"SP";3533007;"353300";"Nova Granada";"Não";"Região Metropolitana de São José do Rio Preto";"Ocupantes de automóvel";NA;NA;NA;NA;NA;NA;NA;NA;NA;NA;NA;NA;NA;1;NA;NA;NA;NA;1;NA;1;NA;NA;NA;NA
35;"SP";3533106;"353310";"Nova Guataporanga";"Não";"-";"Ocupantes de automóvel";NA;NA;NA;NA;NA;NA;NA;NA;NA;NA;NA;NA;NA;NA;NA;NA;NA;NA;NA;NA;NA;NA;NA;NA;NA
35;"SP";3533254;"353325";"Novais";"Não";"-";"Ocupantes de automóvel";NA;NA;NA;NA;NA;NA;NA;NA;NA;NA;NA;NA;NA;NA;NA;NA;NA;NA;NA;NA;NA;NA;NA;NA;NA
35;"SP";3533403;"353340";"Nova Odessa";"Não";"Região Metropolitana de Campinas";"Ocupantes de automóvel";NA;NA;NA;1;1;NA;NA;NA;NA;NA;NA;NA;NA;NA;NA;2;NA;NA;NA;NA;NA;NA;1;1;NA
35;"SP";3533502;"353350";"Novo Horizonte";"Não";"-";"Ocupantes de automóvel";NA;NA;NA;NA;NA;NA;1;NA;1;1;NA;NA;NA;NA;NA;NA;NA;NA;NA;4;NA;NA;1;NA;NA
35;"SP";3533601;"353360";"Nuporanga";"Não";"Região Metropolitana de Ribeirão Preto";"Ocupantes de automóvel";NA;NA;NA;NA;NA;NA;NA;NA;NA;NA;NA;NA;NA;NA;NA;NA;NA;NA;NA;NA;NA;NA;NA;NA;NA
35;"SP";3533700;"353370";"Ocauçu";"Não";"-";"Ocupantes de automóvel";NA;NA;NA;NA;NA;NA;NA;NA;NA;NA;NA;NA;NA;NA;NA;NA;NA;NA;NA;NA;NA;NA;NA;NA;NA
35;"SP";3533809;"353380";"Óleo";"Não";"-";"Ocupantes de automóvel";NA;NA;NA;NA;NA;NA;NA;NA;NA;NA;NA;NA;NA;NA;NA;NA;NA;NA;NA;NA;NA;NA;NA;NA;NA
35;"SP";3533908;"353390";"Olímpia";"Não";"Região Metropolitana de São José do Rio Preto";"Ocupantes de automóvel";NA;1;NA;NA;1;NA;2;2;3;3;2;2;1;1;7;2;NA;2;NA;1;NA;1;1;1;NA
35;"SP";3534005;"353400";"Onda Verde";"Não";"Região Metropolitana de São José do Rio Preto";"Ocupantes de automóvel";NA;NA;NA;NA;NA;NA;NA;NA;NA;NA;NA;NA;NA;NA;NA;NA;NA;NA;NA;NA;NA;1;NA;1;NA
35;"SP";3534104;"353410";"Oriente";"Não";"-";"Ocupantes de automóvel";NA;NA;NA;NA;NA;NA;NA;NA;NA;NA;NA;NA;NA;NA;NA;NA;NA;NA;NA;NA;1;NA;NA;NA;NA
35;"SP";3534203;"353420";"Orindiúva";"Não";"Região Metropolitana de São José do Rio Preto";"Ocupantes de automóvel";NA;NA;NA;NA;NA;NA;NA;NA;NA;NA;NA;NA;1;NA;NA;NA;NA;NA;NA;NA;NA;NA;NA;1;NA
35;"SP";3534302;"353430";"Orlândia";"Não";"Região Metropolitana de Ribeirão Preto";"Ocupantes de automóvel";NA;NA;NA;1;NA;NA;1;NA;1;1;2;4;1;NA;NA;NA;NA;NA;NA;NA;NA;NA;NA;NA;NA
35;"SP";3534401;"353440";"Osasco";"Não";"Região Metropolitana de São Paulo";"Ocupantes de automóvel";2;4;1;2;2;4;8;5;5;NA;NA;1;NA;NA;NA;2;3;2;NA;2;4;2;1;2;NA
35;"SP";3534609;"353460";"Osvaldo Cruz";"Não";"-";"Ocupantes de automóvel";NA;NA;NA;NA;NA;NA;NA;NA;1;NA;NA;NA;NA;NA;NA;NA;NA;NA;NA;NA;NA;NA;1;NA;NA
35;"SP";3534708;"353470";"Ourinhos";"Não";"-";"Ocupantes de automóvel";1;NA;1;NA;NA;1;NA;1;1;4;1;2;NA;NA;1;1;NA;NA;1;NA;NA;2;1;NA;NA
35;"SP";3534757;"353475";"Ouroeste";"Não";"-";"Ocupantes de automóvel";NA;NA;NA;NA;NA;NA;NA;NA;NA;NA;NA;NA;NA;NA;NA;NA;NA;NA;NA;NA;NA;NA;NA;NA;NA
35;"SP";3534807;"353480";"Ouro Verde";"Não";"-";"Ocupantes de automóvel";NA;NA;NA;NA;NA;1;NA;NA;NA;NA;NA;NA;NA;NA;NA;NA;NA;NA;1;NA;NA;NA;NA;NA;NA
35;"SP";3534906;"353490";"Pacaembu";"Não";"-";"Ocupantes de automóvel";NA;NA;NA;NA;NA;NA;1;NA;NA;NA;NA;NA;NA;NA;NA;NA;NA;NA;NA;NA;NA;NA;2;NA;NA
35;"SP";3535002;"353500";"Palestina";"Não";"Região Metropolitana de São José do Rio Preto";"Ocupantes de automóvel";NA;NA;NA;NA;NA;NA;NA;NA;NA;NA;NA;NA;1;2;NA;NA;NA;NA;NA;NA;NA;1;2;NA;NA
35;"SP";3535101;"353510";"Palmares Paulista";"Não";"-";"Ocupantes de automóvel";NA;NA;NA;NA;NA;NA;NA;NA;NA;1;1;NA;NA;NA;NA;NA;NA;NA;NA;NA;NA;NA;NA;NA;NA
35;"SP";3535200;"353520";"Palmeira d'Oeste";"Não";"-";"Ocupantes de automóvel";NA;NA;NA;NA;NA;NA;NA;NA;NA;NA;2;NA;NA;NA;1;NA;NA;NA;NA;NA;NA;NA;NA;NA;NA
35;"SP";3535309;"353530";"Palmital";"Não";"-";"Ocupantes de automóvel";NA;NA;NA;NA;NA;NA;NA;NA;NA;NA;NA;NA;NA;NA;NA;NA;NA;NA;NA;NA;NA;NA;NA;NA;NA
35;"SP";3535408;"353540";"Panorama";"Não";"-";"Ocupantes de automóvel";NA;NA;NA;NA;NA;NA;NA;NA;NA;1;NA;NA;1;NA;NA;NA;NA;NA;NA;1;NA;NA;1;NA;NA
35;"SP";3535507;"353550";"Paraguaçu Paulista";"Não";"-";"Ocupantes de automóvel";NA;1;NA;NA;NA;NA;1;NA;NA;NA;NA;NA;NA;NA;NA;NA;NA;NA;NA;1;NA;NA;NA;NA;NA
35;"SP";3535606;"353560";"Paraibuna";"Não";"Região Metropolitana do Vale do Paraíba e Litoral Norte";"Ocupantes de automóvel";NA;NA;NA;NA;NA;NA;NA;1;NA;NA;3;1;NA;1;1;NA;NA;NA;NA;NA;NA;NA;NA;NA;NA
35;"SP";3535705;"353570";"Paraíso";"Não";"-";"Ocupantes de automóvel";NA;NA;NA;NA;NA;NA;NA;NA;NA;NA;NA;NA;NA;NA;NA;NA;NA;NA;NA;NA;2;NA;NA;NA;NA
35;"SP";3535804;"353580";"Paranapanema";"Não";"-";"Ocupantes de automóvel";NA;2;NA;NA;2;1;NA;NA;NA;NA;NA;NA;NA;NA;NA;NA;NA;NA;1;NA;NA;NA;NA;NA;NA
35;"SP";3536000;"353600";"Parapuã";"Não";"-";"Ocupantes de automóvel";NA;NA;1;NA;NA;NA;NA;NA;NA;NA;NA;1;NA;NA;NA;NA;NA;2;1;1;1;NA;NA;NA;NA
35;"SP";3536109;"353610";"Pardinho";"Não";"-";"Ocupantes de automóvel";NA;NA;NA;NA;NA;NA;NA;NA;NA;2;NA;NA;1;NA;NA;NA;NA;NA;NA;NA;NA;NA;NA;NA;NA
35;"SP";3536208;"353620";"Pariquera-Açu";"Não";"-";"Ocupantes de automóvel";NA;NA;NA;NA;1;NA;NA;NA;NA;NA;NA;1;NA;4;3;NA;2;1;NA;1;1;3;3;2;NA
35;"SP";3536257;"353625";"Parisi";"Não";"-";"Ocupantes de automóvel";NA;NA;NA;NA;NA;NA;NA;NA;NA;NA;NA;NA;NA;NA;NA;NA;NA;NA;NA;NA;NA;NA;NA;NA;NA
35;"SP";3536307;"353630";"Patrocínio Paulista";"Não";"-";"Ocupantes de automóvel";NA;NA;NA;NA;NA;NA;NA;NA;NA;1;NA;NA;NA;NA;NA;NA;NA;NA;NA;NA;NA;NA;NA;1;NA
35;"SP";3536406;"353640";"Paulicéia";"Não";"-";"Ocupantes de automóvel";NA;NA;NA;NA;NA;NA;NA;NA;NA;NA;NA;NA;1;NA;NA;1;NA;NA;NA;NA;NA;NA;NA;NA;NA
35;"SP";3536505;"353650";"Paulínia";"Não";"Região Metropolitana de Campinas";"Ocupantes de automóvel";NA;NA;NA;NA;NA;NA;NA;NA;NA;NA;NA;NA;1;1;NA;NA;NA;NA;1;NA;NA;1;NA;1;NA
35;"SP";3536570;"353657";"Paulistânia";"Não";"-";"Ocupantes de automóvel";NA;NA;NA;NA;NA;NA;NA;NA;NA;NA;NA;NA;NA;NA;NA;NA;NA;NA;NA;NA;NA;NA;NA;NA;NA
35;"SP";3536604;"353660";"Paulo de Faria";"Não";"Região Metropolitana de São José do Rio Preto";"Ocupantes de automóvel";NA;1;NA;NA;NA;NA;NA;NA;NA;NA;NA;NA;1;NA;NA;NA;NA;NA;1;NA;NA;NA;NA;NA;NA
35;"SP";3536703;"353670";"Pederneiras";"Não";"-";"Ocupantes de automóvel";NA;1;NA;NA;NA;NA;NA;NA;NA;NA;NA;NA;NA;NA;NA;3;NA;1;NA;1;NA;NA;2;1;NA
35;"SP";3536802;"353680";"Pedra Bela";"Não";"-";"Ocupantes de automóvel";NA;NA;NA;NA;NA;NA;NA;NA;NA;NA;NA;NA;NA;NA;NA;NA;NA;NA;NA;NA;NA;NA;NA;NA;NA
35;"SP";3536901;"353690";"Pedranópolis";"Não";"-";"Ocupantes de automóvel";NA;NA;NA;NA;NA;NA;NA;NA;NA;NA;NA;NA;NA;NA;NA;NA;NA;NA;NA;NA;NA;NA;NA;NA;NA
35;"SP";3537008;"353700";"Pedregulho";"Não";"-";"Ocupantes de automóvel";NA;NA;NA;NA;NA;NA;NA;NA;NA;NA;NA;NA;NA;NA;1;NA;NA;NA;NA;NA;NA;NA;1;1;NA
35;"SP";3537107;"353710";"Pedreira";"Não";"Região Metropolitana de Campinas";"Ocupantes de automóvel";NA;NA;NA;NA;NA;NA;NA;NA;NA;NA;NA;NA;NA;NA;NA;NA;NA;NA;NA;NA;NA;NA;NA;NA;NA
35;"SP";3537206;"353720";"Pedro de Toledo";"Não";"-";"Ocupantes de automóvel";NA;NA;NA;NA;NA;NA;NA;NA;NA;NA;NA;1;NA;NA;NA;NA;NA;NA;1;NA;NA;1;1;NA;NA
35;"SP";3537305;"353730";"Penápolis";"Não";"-";"Ocupantes de automóvel";NA;NA;NA;NA;NA;NA;NA;2;NA;1;NA;NA;4;NA;NA;NA;NA;1;NA;NA;1;3;2;1;NA
35;"SP";3537404;"353740";"Pereira Barreto";"Não";"-";"Ocupantes de automóvel";NA;NA;NA;NA;NA;NA;NA;NA;1;NA;1;5;3;NA;3;NA;1;NA;1;NA;1;NA;1;NA;NA
35;"SP";3537503;"353750";"Pereiras";"Não";"-";"Ocupantes de automóvel";NA;NA;NA;NA;NA;1;NA;NA;NA;NA;NA;NA;NA;NA;NA;NA;NA;NA;NA;NA;NA;NA;NA;NA;NA
35;"SP";3537602;"353760";"Peruíbe";"Não";"Região Metropolitana da Baixada Santista";"Ocupantes de automóvel";NA;NA;NA;NA;NA;NA;NA;NA;NA;NA;NA;NA;1;NA;NA;NA;NA;1;NA;NA;4;NA;NA;2;NA
35;"SP";3537701;"353770";"Piacatu";"Não";"-";"Ocupantes de automóvel";NA;NA;NA;NA;NA;NA;NA;NA;NA;1;NA;NA;NA;NA;1;NA;NA;NA;NA;NA;1;1;NA;NA;NA
35;"SP";3537800;"353780";"Piedade";"Não";"Região Metropolitana de Sorocaba";"Ocupantes de automóvel";NA;NA;NA;NA;NA;NA;NA;NA;NA;NA;1;NA;1;NA;1;NA;NA;NA;1;NA;NA;NA;NA;4;NA
35;"SP";3537909;"353790";"Pilar do Sul";"Não";"Região Metropolitana de Sorocaba";"Ocupantes de automóvel";NA;NA;NA;NA;NA;NA;NA;NA;NA;NA;NA;NA;1;1;1;NA;NA;NA;NA;NA;1;NA;NA;NA;NA
35;"SP";3538006;"353800";"Pindamonhangaba";"Não";"Região Metropolitana do Vale do Paraíba e Litoral Norte";"Ocupantes de automóvel";NA;NA;NA;NA;1;NA;NA;NA;NA;NA;NA;NA;NA;NA;1;NA;NA;NA;NA;NA;NA;NA;NA;NA;NA
35;"SP";3538105;"353810";"Pindorama";"Não";"-";"Ocupantes de automóvel";NA;NA;NA;NA;NA;NA;NA;NA;NA;NA;NA;NA;NA;NA;NA;NA;NA;NA;1;NA;NA;NA;1;1;NA
35;"SP";3538204;"353820";"Pinhalzinho";"Não";"-";"Ocupantes de automóvel";NA;NA;NA;NA;NA;NA;NA;NA;NA;NA;NA;NA;NA;NA;NA;NA;NA;NA;1;NA;NA;NA;NA;NA;NA
35;"SP";3538303;"353830";"Piquerobi";"Não";"-";"Ocupantes de automóvel";NA;NA;NA;NA;1;NA;NA;NA;NA;NA;NA;NA;NA;NA;NA;NA;NA;NA;NA;NA;NA;NA;NA;NA;NA
35;"SP";3538501;"353850";"Piquete";"Não";"Região Metropolitana do Vale do Paraíba e Litoral Norte";"Ocupantes de automóvel";NA;NA;NA;NA;NA;1;NA;NA;NA;NA;NA;NA;NA;NA;NA;NA;NA;NA;NA;NA;NA;NA;NA;NA;NA
35;"SP";3538600;"353860";"Piracaia";"Não";"-";"Ocupantes de automóvel";NA;NA;NA;NA;NA;NA;NA;NA;NA;NA;NA;NA;NA;1;NA;NA;NA;NA;2;NA;NA;NA;NA;NA;NA
35;"SP";3538709;"353870";"Piracicaba";"Não";"Região Metropolitana de Piracicaba";"Ocupantes de automóvel";NA;NA;1;NA;NA;1;NA;NA;NA;5;4;1;3;2;3;5;2;8;2;1;NA;3;5;2;NA
35;"SP";3538808;"353880";"Piraju";"Não";"-";"Ocupantes de automóvel";1;NA;NA;NA;NA;NA;NA;NA;NA;NA;NA;NA;NA;NA;NA;NA;NA;1;NA;NA;NA;NA;NA;NA;NA
35;"SP";3538907;"353890";"Pirajuí";"Não";"-";"Ocupantes de automóvel";NA;NA;NA;NA;NA;NA;NA;NA;NA;NA;NA;NA;NA;NA;NA;NA;NA;NA;NA;NA;NA;NA;NA;NA;NA
35;"SP";3539004;"353900";"Pirangi";"Não";"-";"Ocupantes de automóvel";NA;NA;NA;NA;NA;NA;NA;NA;NA;NA;NA;NA;NA;NA;NA;NA;NA;NA;NA;NA;1;NA;NA;NA;NA
35;"SP";3539202;"353920";"Pirapozinho";"Não";"-";"Ocupantes de automóvel";NA;NA;NA;NA;NA;NA;1;2;1;NA;2;NA;1;2;1;NA;NA;NA;NA;NA;NA;2;NA;NA;NA
35;"SP";3539301;"353930";"Pirassununga";"Não";"Região Metropolitana de Piracicaba";"Ocupantes de automóvel";NA;NA;NA;NA;NA;NA;1;NA;NA;NA;NA;NA;1;NA;NA;NA;NA;NA;NA;NA;NA;NA;NA;3;NA
35;"SP";3539400;"353940";"Piratininga";"Não";"-";"Ocupantes de automóvel";NA;NA;NA;NA;NA;1;1;NA;NA;NA;NA;NA;NA;NA;NA;NA;NA;NA;NA;NA;NA;1;1;NA;NA
35;"SP";3539509;"353950";"Pitangueiras";"Não";"Região Metropolitana de Ribeirão Preto";"Ocupantes de automóvel";NA;NA;NA;NA;NA;NA;1;NA;NA;NA;1;NA;NA;NA;1;NA;2;1;NA;NA;NA;NA;NA;NA;NA
35;"SP";3539608;"353960";"Planalto";"Não";"Região Metropolitana de São José do Rio Preto";"Ocupantes de automóvel";NA;NA;NA;NA;NA;NA;NA;NA;NA;NA;NA;NA;NA;1;NA;NA;NA;NA;1;NA;NA;NA;NA;NA;NA
35;"SP";3539806;"353980";"Poá";"Não";"Região Metropolitana de São Paulo";"Ocupantes de automóvel";NA;NA;NA;NA;NA;NA;NA;NA;NA;NA;NA;NA;NA;NA;NA;NA;NA;NA;NA;NA;NA;NA;1;NA;NA
35;"SP";3539905;"353990";"Poloni";"Não";"Região Metropolitana de São José do Rio Preto";"Ocupantes de automóvel";NA;NA;NA;NA;NA;NA;NA;NA;NA;NA;NA;NA;1;2;NA;NA;NA;NA;NA;NA;NA;NA;2;NA;NA
35;"SP";3540002;"354000";"Pompéia";"Não";"-";"Ocupantes de automóvel";NA;NA;NA;NA;1;NA;NA;NA;NA;NA;NA;NA;NA;NA;NA;NA;1;NA;NA;NA;NA;NA;NA;NA;NA
35;"SP";3540101;"354010";"Pongaí";"Não";"-";"Ocupantes de automóvel";NA;NA;NA;NA;NA;NA;NA;NA;NA;NA;NA;NA;NA;NA;NA;NA;NA;NA;NA;NA;NA;NA;NA;NA;NA
35;"SP";3540200;"354020";"Pontal";"Não";"Região Metropolitana de Ribeirão Preto";"Ocupantes de automóvel";NA;NA;NA;NA;1;NA;NA;1;1;1;2;NA;1;NA;NA;NA;1;NA;NA;NA;1;NA;NA;NA;NA
35;"SP";3540259;"354025";"Pontalinda";"Não";"-";"Ocupantes de automóvel";NA;NA;NA;NA;NA;NA;NA;NA;NA;NA;NA;NA;NA;NA;NA;NA;NA;NA;NA;NA;NA;NA;NA;NA;NA
35;"SP";3540309;"354030";"Pontes Gestal";"Não";"-";"Ocupantes de automóvel";NA;NA;NA;NA;NA;NA;NA;NA;NA;NA;NA;NA;NA;NA;NA;NA;NA;NA;NA;NA;NA;NA;NA;NA;NA
35;"SP";3540408;"354040";"Populina";"Não";"-";"Ocupantes de automóvel";NA;NA;NA;NA;NA;NA;NA;NA;NA;NA;1;NA;NA;NA;NA;NA;NA;NA;NA;NA;NA;NA;NA;NA;NA
35;"SP";3540507;"354050";"Porangaba";"Não";"-";"Ocupantes de automóvel";NA;NA;NA;NA;1;NA;NA;NA;NA;NA;NA;NA;NA;NA;NA;NA;NA;NA;NA;2;NA;NA;NA;NA;NA
35;"SP";3540606;"354060";"Porto Feliz";"Não";"Região Metropolitana de Sorocaba";"Ocupantes de automóvel";NA;NA;NA;1;NA;NA;1;2;NA;NA;NA;1;NA;1;2;1;NA;1;NA;NA;NA;NA;NA;1;NA
35;"SP";3540705;"354070";"Porto Ferreira";"Não";"-";"Ocupantes de automóvel";NA;NA;NA;NA;NA;NA;NA;NA;NA;1;NA;NA;2;NA;NA;1;NA;1;NA;NA;NA;NA;1;NA;NA
35;"SP";3540804;"354080";"Potirendaba";"Não";"Região Metropolitana de São José do Rio Preto";"Ocupantes de automóvel";NA;NA;1;NA;NA;NA;NA;NA;NA;1;NA;NA;NA;NA;NA;1;NA;NA;NA;1;NA;1;NA;NA;NA
35;"SP";3540903;"354090";"Pradópolis";"Não";"Região Metropolitana de Ribeirão Preto";"Ocupantes de automóvel";NA;NA;NA;1;1;NA;NA;NA;NA;NA;NA;NA;NA;NA;NA;1;NA;NA;NA;1;NA;2;1;NA;NA
35;"SP";3541000;"354100";"Praia Grande";"Não";"Região Metropolitana da Baixada Santista";"Ocupantes de automóvel";NA;1;NA;NA;NA;NA;NA;NA;NA;NA;NA;NA;4;3;NA;NA;NA;1;1;2;NA;4;3;4;NA
35;"SP";3541059;"354105";"Pratânia";"Não";"-";"Ocupantes de automóvel";NA;NA;NA;NA;NA;NA;NA;1;NA;1;NA;NA;NA;NA;NA;NA;NA;NA;5;NA;NA;NA;NA;NA;NA
35;"SP";3541109;"354110";"Presidente Alves";"Não";"-";"Ocupantes de automóvel";NA;NA;NA;NA;NA;NA;NA;NA;NA;NA;NA;NA;NA;NA;NA;NA;NA;NA;NA;NA;NA;NA;NA;NA;NA
35;"SP";3541208;"354120";"Presidente Bernardes";"Não";"-";"Ocupantes de automóvel";NA;NA;NA;NA;1;NA;NA;NA;NA;NA;NA;NA;NA;1;NA;NA;NA;NA;NA;NA;NA;NA;NA;NA;NA
35;"SP";3541307;"354130";"Presidente Epitácio";"Não";"-";"Ocupantes de automóvel";NA;NA;NA;NA;1;NA;3;1;1;2;1;4;NA;NA;NA;1;2;1;NA;1;2;NA;NA;NA;NA
35;"SP";3541406;"354140";"Presidente Prudente";"Não";"-";"Ocupantes de automóvel";1;1;2;NA;4;4;12;1;6;2;1;3;5;3;4;2;2;2;3;NA;2;2;4;4;NA
35;"SP";3541505;"354150";"Presidente Venceslau";"Não";"-";"Ocupantes de automóvel";NA;NA;NA;1;NA;NA;1;1;1;2;NA;NA;1;1;2;NA;NA;1;NA;NA;1;NA;3;NA;NA
35;"SP";3541604;"354160";"Promissão";"Não";"-";"Ocupantes de automóvel";NA;1;NA;NA;NA;NA;NA;NA;NA;NA;1;NA;NA;NA;NA;NA;1;1;2;1;NA;1;NA;NA;NA
35;"SP";3541653;"354165";"Quadra";"Não";"-";"Ocupantes de automóvel";NA;NA;NA;NA;NA;NA;NA;NA;NA;NA;NA;NA;NA;NA;NA;NA;NA;NA;NA;NA;NA;NA;NA;NA;NA
35;"SP";3541703;"354170";"Quatá";"Não";"-";"Ocupantes de automóvel";NA;NA;NA;NA;NA;NA;NA;NA;NA;NA;NA;NA;NA;NA;NA;NA;NA;NA;1;NA;NA;NA;NA;1;NA
35;"SP";3541802;"354180";"Queiroz";"Não";"-";"Ocupantes de automóvel";NA;NA;NA;NA;NA;NA;NA;NA;NA;NA;NA;NA;NA;NA;NA;NA;NA;NA;NA;NA;NA;NA;NA;NA;NA
35;"SP";3541901;"354190";"Queluz";"Não";"Região Metropolitana do Vale do Paraíba e Litoral Norte";"Ocupantes de automóvel";NA;NA;NA;NA;NA;NA;1;NA;NA;NA;NA;NA;NA;NA;NA;NA;NA;NA;NA;NA;NA;NA;NA;NA;NA
35;"SP";3542008;"354200";"Quintana";"Não";"-";"Ocupantes de automóvel";NA;NA;NA;NA;NA;NA;NA;NA;NA;NA;NA;NA;1;NA;NA;NA;NA;NA;NA;NA;NA;NA;NA;NA;NA
35;"SP";3542107;"354210";"Rafard";"Não";"Região Metropolitana de Piracicaba";"Ocupantes de automóvel";NA;NA;NA;NA;NA;NA;NA;NA;NA;NA;NA;NA;NA;NA;NA;NA;NA;NA;NA;NA;NA;NA;NA;NA;NA
35;"SP";3542206;"354220";"Rancharia";"Não";"-";"Ocupantes de automóvel";NA;NA;NA;NA;NA;1;1;NA;2;NA;3;NA;NA;1;5;1;NA;NA;NA;NA;NA;NA;NA;NA;NA
35;"SP";3542305;"354230";"Redenção da Serra";"Não";"Região Metropolitana do Vale do Paraíba e Litoral Norte";"Ocupantes de automóvel";NA;NA;NA;NA;NA;NA;NA;NA;NA;NA;NA;NA;NA;NA;NA;NA;NA;NA;NA;NA;NA;NA;NA;NA;NA
35;"SP";3542404;"354240";"Regente Feijó";"Não";"-";"Ocupantes de automóvel";NA;1;NA;NA;NA;NA;NA;NA;NA;NA;NA;NA;NA;NA;NA;NA;NA;NA;NA;1;NA;NA;NA;NA;NA
35;"SP";3542503;"354250";"Reginópolis";"Não";"-";"Ocupantes de automóvel";NA;NA;NA;NA;NA;NA;NA;NA;NA;NA;NA;NA;NA;1;NA;NA;NA;NA;NA;NA;NA;NA;NA;NA;NA
35;"SP";3542602;"354260";"Registro";"Não";"-";"Ocupantes de automóvel";NA;NA;NA;NA;NA;NA;3;1;4;2;NA;NA;NA;1;2;1;1;1;3;1;3;3;2;3;NA
35;"SP";3542701;"354270";"Restinga";"Não";"-";"Ocupantes de automóvel";NA;NA;NA;NA;NA;NA;NA;NA;NA;1;NA;NA;NA;NA;NA;NA;NA;NA;NA;NA;NA;NA;NA;NA;NA
35;"SP";3542800;"354280";"Ribeira";"Não";"-";"Ocupantes de automóvel";NA;NA;NA;NA;NA;NA;NA;NA;NA;NA;NA;NA;1;NA;NA;NA;NA;1;NA;NA;NA;NA;NA;NA;NA
35;"SP";3542909;"354290";"Ribeirão Bonito";"Não";"-";"Ocupantes de automóvel";NA;NA;NA;NA;NA;NA;NA;NA;NA;NA;NA;NA;NA;NA;NA;NA;NA;1;NA;NA;NA;NA;NA;NA;NA
35;"SP";3543006;"354300";"Ribeirão Branco";"Não";"-";"Ocupantes de automóvel";NA;NA;NA;NA;NA;1;NA;NA;NA;NA;NA;NA;NA;NA;NA;NA;NA;NA;NA;NA;1;NA;NA;NA;NA
35;"SP";3543204;"354320";"Ribeirão do Sul";"Não";"-";"Ocupantes de automóvel";NA;NA;NA;NA;NA;NA;NA;NA;NA;NA;NA;NA;NA;NA;NA;NA;NA;NA;NA;NA;NA;NA;NA;NA;NA
35;"SP";3543253;"354325";"Ribeirão Grande";"Não";"-";"Ocupantes de automóvel";NA;NA;NA;NA;NA;NA;NA;NA;NA;NA;NA;NA;NA;NA;NA;NA;NA;NA;NA;NA;NA;NA;NA;NA;NA
35;"SP";3543303;"354330";"Ribeirão Pires";"Não";"Região Metropolitana de São Paulo";"Ocupantes de automóvel";NA;NA;NA;NA;NA;NA;1;NA;NA;1;NA;1;2;3;NA;NA;NA;NA;NA;1;5;NA;1;1;NA
35;"SP";3543402;"354340";"Ribeirão Preto";"Não";"Região Metropolitana de Ribeirão Preto";"Ocupantes de automóvel";2;2;4;3;NA;1;2;5;2;2;8;2;5;6;8;2;4;1;5;3;6;8;4;6;NA
35;"SP";3543501;"354350";"Riversul";"Não";"-";"Ocupantes de automóvel";NA;NA;NA;NA;NA;NA;NA;NA;NA;NA;NA;NA;NA;NA;NA;NA;NA;NA;NA;NA;NA;NA;NA;NA;NA
35;"SP";3543600;"354360";"Rifaina";"Não";"-";"Ocupantes de automóvel";NA;NA;NA;NA;NA;NA;NA;NA;NA;NA;NA;NA;NA;NA;NA;NA;NA;NA;1;NA;NA;NA;NA;NA;NA
35;"SP";3543709;"354370";"Rincão";"Não";"-";"Ocupantes de automóvel";NA;NA;NA;NA;NA;NA;NA;NA;NA;NA;NA;NA;NA;NA;NA;NA;NA;NA;NA;NA;NA;NA;2;NA;NA
35;"SP";3543808;"354380";"Rinópolis";"Não";"-";"Ocupantes de automóvel";NA;NA;NA;NA;NA;NA;NA;NA;NA;NA;NA;NA;NA;NA;1;NA;NA;NA;NA;NA;NA;NA;1;1;NA
35;"SP";3543907;"354390";"Rio Claro";"Não";"Região Metropolitana de Piracicaba";"Ocupantes de automóvel";NA;NA;NA;NA;1;NA;1;NA;NA;NA;1;NA;NA;NA;NA;NA;NA;1;1;NA;NA;1;1;3;NA
35;"SP";3544004;"354400";"Rio das Pedras";"Não";"Região Metropolitana de Piracicaba";"Ocupantes de automóvel";NA;NA;NA;NA;NA;NA;NA;1;1;2;NA;1;NA;NA;1;NA;NA;NA;NA;NA;NA;1;NA;NA;NA
35;"SP";3544103;"354410";"Rio Grande da Serra";"Não";"Região Metropolitana de São Paulo";"Ocupantes de automóvel";NA;NA;NA;NA;NA;NA;NA;NA;NA;NA;NA;NA;NA;NA;NA;NA;NA;NA;NA;NA;NA;NA;NA;NA;NA
35;"SP";3544202;"354420";"Riolândia";"Não";"-";"Ocupantes de automóvel";NA;NA;NA;NA;NA;NA;NA;NA;NA;1;NA;NA;1;NA;NA;NA;NA;NA;NA;NA;NA;NA;NA;2;NA
35;"SP";3544251;"354425";"Rosana";"Não";"-";"Ocupantes de automóvel";NA;1;NA;NA;NA;NA;1;4;NA;NA;NA;NA;2;1;NA;1;NA;NA;NA;NA;2;1;1;1;NA
35;"SP";3544301;"354430";"Roseira";"Não";"Região Metropolitana do Vale do Paraíba e Litoral Norte";"Ocupantes de automóvel";NA;NA;NA;NA;NA;NA;NA;NA;NA;NA;NA;NA;NA;NA;NA;NA;NA;NA;NA;NA;NA;NA;NA;NA;NA
35;"SP";3544509;"354450";"Rubinéia";"Não";"-";"Ocupantes de automóvel";NA;NA;NA;NA;NA;NA;NA;NA;NA;NA;NA;NA;NA;NA;NA;NA;NA;NA;NA;NA;NA;NA;NA;NA;NA
35;"SP";3544608;"354460";"Sabino";"Não";"-";"Ocupantes de automóvel";NA;NA;NA;NA;NA;NA;NA;NA;NA;NA;NA;NA;NA;NA;NA;NA;NA;NA;NA;NA;NA;NA;NA;NA;NA
35;"SP";3544707;"354470";"Sagres";"Não";"-";"Ocupantes de automóvel";NA;NA;NA;NA;NA;NA;NA;NA;NA;NA;NA;NA;NA;NA;NA;NA;NA;NA;NA;NA;NA;NA;NA;NA;NA
35;"SP";3544806;"354480";"Sales";"Não";"Região Metropolitana de São José do Rio Preto";"Ocupantes de automóvel";NA;NA;NA;NA;NA;NA;NA;NA;NA;NA;NA;NA;NA;NA;NA;NA;NA;NA;NA;NA;NA;NA;NA;NA;NA
35;"SP";3544905;"354490";"Sales Oliveira";"Não";"Região Metropolitana de Ribeirão Preto";"Ocupantes de automóvel";1;NA;NA;NA;NA;NA;NA;NA;NA;NA;NA;NA;NA;NA;NA;NA;NA;NA;NA;NA;NA;NA;NA;NA;NA
35;"SP";3545001;"354500";"Salesópolis";"Não";"Região Metropolitana de São Paulo";"Ocupantes de automóvel";NA;NA;NA;NA;NA;NA;NA;NA;NA;NA;NA;NA;NA;NA;NA;NA;NA;NA;NA;NA;NA;NA;NA;NA;NA
35;"SP";3545100;"354510";"Salmourão";"Não";"-";"Ocupantes de automóvel";NA;NA;NA;NA;1;NA;NA;NA;NA;NA;NA;NA;NA;NA;NA;NA;NA;NA;NA;NA;NA;NA;NA;NA;NA
35;"SP";3545159;"354515";"Saltinho";"Não";"Região Metropolitana de Piracicaba";"Ocupantes de automóvel";NA;NA;NA;NA;NA;NA;NA;NA;NA;NA;NA;NA;NA;NA;NA;NA;NA;NA;NA;NA;NA;NA;NA;NA;NA
35;"SP";3545209;"354520";"Salto";"Não";"Região Metropolitana de Sorocaba";"Ocupantes de automóvel";NA;NA;NA;NA;NA;NA;1;NA;NA;1;NA;1;NA;NA;NA;NA;NA;NA;1;1;NA;NA;1;NA;NA
35;"SP";3545308;"354530";"Salto de Pirapora";"Não";"Região Metropolitana de Sorocaba";"Ocupantes de automóvel";NA;NA;NA;NA;2;NA;NA;NA;NA;NA;NA;NA;1;1;2;NA;NA;NA;2;NA;NA;NA;1;NA;NA
35;"SP";3545407;"354540";"Salto Grande";"Não";"-";"Ocupantes de automóvel";NA;NA;NA;1;NA;NA;NA;NA;NA;NA;NA;NA;NA;NA;NA;NA;NA;NA;NA;NA;NA;NA;NA;NA;NA
35;"SP";3545506;"354550";"Sandovalina";"Não";"-";"Ocupantes de automóvel";NA;NA;NA;NA;NA;1;NA;NA;NA;1;NA;NA;NA;1;NA;NA;NA;NA;NA;NA;1;NA;NA;NA;NA
35;"SP";3545605;"354560";"Santa Adélia";"Não";"-";"Ocupantes de automóvel";NA;NA;NA;NA;NA;NA;NA;NA;NA;NA;NA;NA;NA;NA;NA;NA;NA;NA;NA;2;NA;NA;NA;1;NA
35;"SP";3545803;"354580";"Santa Bárbara d'Oeste";"Não";"Região Metropolitana de Campinas";"Ocupantes de automóvel";NA;NA;NA;1;NA;NA;NA;NA;1;NA;NA;NA;2;NA;NA;NA;NA;3;NA;NA;NA;2;2;1;NA
35;"SP";3546009;"354600";"Santa Branca";"Não";"Região Metropolitana do Vale do Paraíba e Litoral Norte";"Ocupantes de automóvel";NA;NA;NA;NA;NA;NA;NA;NA;NA;NA;NA;NA;NA;1;NA;NA;NA;NA;NA;NA;NA;NA;NA;NA;NA
35;"SP";3546108;"354610";"Santa Clara d'Oeste";"Não";"-";"Ocupantes de automóvel";NA;NA;NA;NA;NA;NA;NA;NA;NA;NA;NA;NA;NA;NA;NA;NA;NA;NA;NA;NA;NA;NA;NA;NA;NA
35;"SP";3546207;"354620";"Santa Cruz da Conceição";"Não";"Região Metropolitana de Piracicaba";"Ocupantes de automóvel";NA;NA;NA;NA;NA;NA;NA;NA;NA;NA;NA;NA;NA;NA;NA;NA;NA;NA;NA;NA;NA;NA;NA;NA;NA
35;"SP";3546256;"354625";"Santa Cruz da Esperança";"Não";"Região Metropolitana de Ribeirão Preto";"Ocupantes de automóvel";NA;NA;NA;NA;NA;NA;NA;NA;NA;NA;NA;NA;NA;1;NA;NA;NA;NA;NA;NA;NA;NA;NA;NA;NA
35;"SP";3546306;"354630";"Santa Cruz das Palmeiras";"Não";"-";"Ocupantes de automóvel";NA;NA;NA;NA;NA;NA;NA;NA;NA;1;NA;NA;NA;NA;NA;NA;NA;NA;NA;NA;NA;NA;NA;NA;NA
35;"SP";3546405;"354640";"Santa Cruz do Rio Pardo";"Não";"-";"Ocupantes de automóvel";NA;1;NA;NA;NA;NA;NA;NA;NA;NA;NA;NA;NA;NA;1;1;NA;NA;NA;NA;NA;1;1;NA;NA
35;"SP";3546504;"354650";"Santa Ernestina";"Não";"-";"Ocupantes de automóvel";NA;NA;NA;NA;NA;NA;NA;NA;NA;NA;NA;NA;NA;NA;NA;NA;NA;NA;NA;NA;NA;NA;NA;NA;NA
35;"SP";3546603;"354660";"Santa Fé do Sul";"Não";"-";"Ocupantes de automóvel";NA;NA;2;NA;NA;NA;NA;2;1;NA;1;1;1;NA;NA;NA;NA;NA;NA;NA;NA;NA;NA;NA;NA
35;"SP";3546702;"354670";"Santa Gertrudes";"Não";"Região Metropolitana de Piracicaba";"Ocupantes de automóvel";NA;NA;NA;NA;1;NA;NA;NA;NA;1;NA;NA;NA;NA;NA;NA;NA;NA;NA;NA;NA;NA;NA;NA;NA
35;"SP";3546801;"354680";"Santa Isabel";"Não";"Região Metropolitana de São Paulo";"Ocupantes de automóvel";1;NA;NA;NA;NA;NA;NA;1;1;NA;NA;NA;2;1;NA;NA;NA;NA;1;NA;NA;1;NA;NA;NA
35;"SP";3546900;"354690";"Santa Lúcia";"Não";"-";"Ocupantes de automóvel";NA;NA;NA;1;NA;NA;NA;NA;NA;NA;NA;NA;NA;NA;NA;NA;NA;NA;NA;NA;NA;NA;NA;NA;NA
35;"SP";3547007;"354700";"Santa Maria da Serra";"Não";"Região Metropolitana de Piracicaba";"Ocupantes de automóvel";NA;NA;NA;NA;NA;NA;NA;NA;1;NA;NA;NA;NA;NA;NA;1;NA;NA;NA;NA;NA;1;NA;NA;NA
35;"SP";3547106;"354710";"Santa Mercedes";"Não";"-";"Ocupantes de automóvel";NA;1;NA;NA;NA;NA;NA;NA;NA;NA;NA;NA;NA;NA;NA;NA;NA;NA;3;NA;NA;NA;NA;NA;NA
35;"SP";3547205;"354720";"Santana da Ponte Pensa";"Não";"-";"Ocupantes de automóvel";NA;NA;NA;NA;NA;NA;NA;NA;NA;NA;NA;NA;NA;NA;NA;NA;NA;NA;NA;NA;NA;NA;NA;NA;NA
35;"SP";3547304;"354730";"Santana de Parnaíba";"Não";"Região Metropolitana de São Paulo";"Ocupantes de automóvel";NA;NA;NA;1;NA;NA;NA;NA;NA;NA;NA;NA;NA;1;NA;NA;NA;NA;1;1;NA;1;NA;1;NA
35;"SP";3547502;"354750";"Santa Rita do Passa Quatro";"Não";"Região Metropolitana de Ribeirão Preto";"Ocupantes de automóvel";NA;NA;NA;NA;NA;NA;1;NA;1;1;1;NA;NA;1;NA;1;NA;NA;NA;NA;NA;NA;1;NA;NA
35;"SP";3547601;"354760";"Santa Rosa de Viterbo";"Não";"Região Metropolitana de Ribeirão Preto";"Ocupantes de automóvel";1;NA;NA;NA;NA;NA;NA;NA;NA;NA;NA;NA;NA;NA;NA;NA;NA;NA;1;NA;1;NA;NA;2;NA
35;"SP";3547650;"354765";"Santa Salete";"Não";"-";"Ocupantes de automóvel";NA;NA;NA;NA;NA;NA;NA;NA;NA;NA;NA;NA;NA;NA;NA;NA;NA;NA;NA;NA;NA;NA;NA;NA;NA
35;"SP";3547700;"354770";"Santo Anastácio";"Não";"-";"Ocupantes de automóvel";NA;NA;1;1;NA;NA;NA;NA;NA;NA;NA;NA;NA;NA;NA;NA;1;NA;NA;1;NA;NA;1;NA;NA
35;"SP";3547809;"354780";"Santo André";"Não";"Região Metropolitana de São Paulo";"Ocupantes de automóvel";NA;NA;NA;1;NA;NA;1;NA;1;1;1;NA;NA;2;NA;NA;2;NA;1;1;2;1;2;NA;NA
35;"SP";3547908;"354790";"Santo Antônio da Alegria";"Não";"Região Metropolitana de Ribeirão Preto";"Ocupantes de automóvel";NA;NA;NA;NA;NA;NA;NA;NA;NA;NA;NA;NA;NA;NA;NA;NA;NA;NA;NA;NA;1;NA;NA;NA;NA
35;"SP";3548005;"354800";"Santo Antônio de Posse";"Não";"Região Metropolitana de Campinas";"Ocupantes de automóvel";NA;NA;NA;NA;NA;NA;NA;NA;NA;NA;NA;NA;NA;NA;NA;NA;NA;NA;NA;NA;NA;2;NA;NA;NA
35;"SP";3548054;"354805";"Santo Antônio do Aracanguá";"Não";"-";"Ocupantes de automóvel";NA;NA;NA;NA;NA;NA;NA;NA;NA;NA;NA;NA;1;NA;1;NA;NA;NA;1;NA;NA;NA;NA;NA;NA
35;"SP";3548104;"354810";"Santo Antônio do Jardim";"Não";"-";"Ocupantes de automóvel";NA;NA;NA;NA;NA;NA;NA;NA;2;NA;NA;NA;NA;NA;NA;NA;NA;1;NA;NA;NA;NA;NA;NA;NA
35;"SP";3548203;"354820";"Santo Antônio do Pinhal";"Não";"Região Metropolitana do Vale do Paraíba e Litoral Norte";"Ocupantes de automóvel";NA;NA;NA;NA;NA;NA;NA;NA;NA;NA;NA;NA;NA;NA;NA;NA;NA;NA;NA;NA;NA;NA;NA;NA;NA
35;"SP";3548302;"354830";"Santo Expedito";"Não";"-";"Ocupantes de automóvel";NA;NA;NA;NA;NA;NA;NA;NA;NA;NA;NA;NA;NA;NA;NA;1;NA;NA;NA;1;NA;NA;NA;NA;NA
35;"SP";3548401;"354840";"Santópolis do Aguapeí";"Não";"-";"Ocupantes de automóvel";NA;NA;NA;NA;NA;NA;NA;NA;1;1;NA;1;NA;NA;NA;NA;NA;NA;NA;NA;NA;NA;NA;NA;NA
35;"SP";3548500;"354850";"Santos";"Não";"Região Metropolitana da Baixada Santista";"Ocupantes de automóvel";NA;1;NA;NA;NA;1;2;NA;1;1;NA;1;1;1;NA;1;1;2;4;1;1;3;1;1;NA
35;"SP";3548609;"354860";"São Bento do Sapucaí";"Não";"Região Metropolitana do Vale do Paraíba e Litoral Norte";"Ocupantes de automóvel";NA;NA;NA;NA;NA;NA;NA;NA;NA;NA;NA;NA;NA;NA;NA;NA;NA;NA;NA;NA;NA;NA;NA;NA;NA
35;"SP";3548708;"354870";"São Bernardo do Campo";"Não";"Região Metropolitana de São Paulo";"Ocupantes de automóvel";3;1;1;1;2;1;1;NA;2;2;NA;1;NA;1;8;4;NA;1;4;5;NA;2;3;1;NA
35;"SP";3548807;"354880";"São Caetano do Sul";"Não";"Região Metropolitana de São Paulo";"Ocupantes de automóvel";NA;NA;NA;NA;NA;NA;NA;NA;NA;NA;1;NA;2;NA;NA;NA;NA;NA;NA;NA;NA;NA;NA;NA;NA
35;"SP";3548906;"354890";"São Carlos";"Não";"-";"Ocupantes de automóvel";NA;NA;NA;NA;NA;NA;NA;2;1;NA;3;9;NA;5;2;2;NA;2;NA;1;1;NA;NA;1;NA
35;"SP";3549102;"354910";"São João da Boa Vista";"Não";"-";"Ocupantes de automóvel";NA;NA;1;NA;NA;NA;NA;NA;NA;1;NA;1;NA;2;NA;1;1;NA;2;NA;1;3;NA;1;NA
35;"SP";3549201;"354920";"São João das Duas Pontes";"Não";"-";"Ocupantes de automóvel";NA;NA;NA;NA;NA;NA;NA;NA;NA;NA;NA;NA;NA;NA;NA;NA;NA;NA;NA;NA;NA;NA;NA;NA;NA
35;"SP";3549250;"354925";"São João de Iracema";"Não";"-";"Ocupantes de automóvel";NA;NA;NA;NA;NA;NA;NA;NA;NA;NA;NA;NA;NA;NA;NA;NA;NA;NA;NA;NA;NA;NA;NA;NA;NA
35;"SP";3549300;"354930";"São João do Pau d'Alho";"Não";"-";"Ocupantes de automóvel";NA;NA;NA;NA;NA;NA;NA;NA;NA;NA;NA;NA;NA;NA;1;NA;NA;NA;NA;NA;NA;NA;NA;NA;NA
35;"SP";3549409;"354940";"São Joaquim da Barra";"Não";"-";"Ocupantes de automóvel";NA;NA;NA;1;NA;1;NA;2;2;NA;NA;NA;NA;NA;1;1;NA;NA;NA;NA;NA;1;2;NA;NA
35;"SP";3549508;"354950";"São José da Bela Vista";"Não";"-";"Ocupantes de automóvel";NA;NA;NA;NA;NA;NA;NA;NA;NA;NA;NA;NA;NA;NA;NA;NA;NA;NA;NA;NA;NA;NA;NA;NA;NA
35;"SP";3549706;"354970";"São José do Rio Pardo";"Não";"-";"Ocupantes de automóvel";NA;NA;NA;NA;1;2;NA;1;NA;NA;NA;1;NA;2;3;1;NA;1;NA;NA;NA;NA;1;NA;NA
35;"SP";3549805;"354980";"São José do Rio Preto";"Não";"Região Metropolitana de São José do Rio Preto";"Ocupantes de automóvel";1;2;1;1;1;NA;NA;NA;NA;NA;NA;1;1;2;1;NA;NA;5;1;1;3;2;4;1;NA
35;"SP";3549904;"354990";"São José dos Campos";"Não";"Região Metropolitana do Vale do Paraíba e Litoral Norte";"Ocupantes de automóvel";NA;NA;NA;NA;NA;NA;NA;NA;NA;NA;3;1;NA;NA;2;1;NA;2;1;3;5;1;2;2;NA
35;"SP";3549953;"354995";"São Lourenço da Serra";"Não";"Região Metropolitana de São Paulo";"Ocupantes de automóvel";NA;NA;NA;NA;NA;NA;NA;NA;NA;NA;NA;NA;NA;NA;NA;NA;NA;NA;NA;NA;NA;NA;NA;NA;NA
35;"SP";3550001;"355000";"São Luiz do Paraitinga";"Não";"Região Metropolitana do Vale do Paraíba e Litoral Norte";"Ocupantes de automóvel";NA;NA;NA;NA;NA;NA;NA;NA;NA;NA;NA;NA;NA;NA;NA;NA;NA;NA;NA;NA;NA;NA;NA;NA;NA
35;"SP";3550100;"355010";"São Manuel";"Não";"-";"Ocupantes de automóvel";NA;NA;1;1;NA;NA;NA;NA;1;NA;1;1;1;NA;1;NA;1;1;NA;1;NA;1;2;NA;NA
35;"SP";3550209;"355020";"São Miguel Arcanjo";"Não";"Região Metropolitana de Sorocaba";"Ocupantes de automóvel";NA;NA;NA;NA;NA;NA;NA;NA;NA;NA;NA;NA;NA;NA;NA;NA;NA;NA;NA;NA;1;1;NA;NA;NA
35;"SP";3550308;"355030";"São Paulo";"Sim";"Região Metropolitana de São Paulo";"Ocupantes de automóvel";1;15;7;14;22;22;73;37;54;53;61;54;61;68;70;57;63;25;3;31;55;28;1;2;NA
35;"SP";3550407;"355040";"São Pedro";"Não";"Região Metropolitana de Piracicaba";"Ocupantes de automóvel";NA;NA;NA;NA;NA;1;NA;NA;NA;NA;NA;NA;NA;NA;NA;NA;1;NA;NA;NA;NA;NA;NA;4;NA
35;"SP";3550506;"355050";"São Pedro do Turvo";"Não";"-";"Ocupantes de automóvel";NA;NA;NA;NA;NA;NA;NA;NA;NA;NA;NA;NA;NA;NA;NA;NA;NA;NA;NA;NA;NA;NA;NA;NA;NA
35;"SP";3550605;"355060";"São Roque";"Não";"Região Metropolitana de Sorocaba";"Ocupantes de automóvel";NA;NA;NA;NA;NA;NA;NA;2;2;NA;NA;NA;NA;NA;2;NA;NA;NA;NA;3;NA;1;1;1;NA
35;"SP";3550704;"355070";"São Sebastião";"Não";"Região Metropolitana do Vale do Paraíba e Litoral Norte";"Ocupantes de automóvel";NA;NA;NA;1;NA;NA;NA;1;NA;NA;NA;NA;NA;NA;NA;NA;NA;1;NA;1;1;NA;NA;NA;NA
35;"SP";3550803;"355080";"São Sebastião da Grama";"Não";"-";"Ocupantes de automóvel";NA;NA;NA;NA;NA;NA;NA;NA;NA;NA;1;1;NA;1;NA;NA;NA;NA;NA;NA;NA;NA;NA;NA;NA
35;"SP";3550902;"355090";"São Simão";"Não";"Região Metropolitana de Ribeirão Preto";"Ocupantes de automóvel";1;2;NA;NA;NA;NA;1;1;1;1;NA;1;NA;1;NA;NA;NA;NA;NA;NA;1;1;2;1;NA
35;"SP";3551009;"355100";"São Vicente";"Não";"Região Metropolitana da Baixada Santista";"Ocupantes de automóvel";NA;NA;NA;NA;NA;NA;NA;NA;1;4;NA;1;4;NA;1;1;NA;NA;1;NA;1;2;1;NA;NA
35;"SP";3551108;"355110";"Sarapuí";"Não";"Região Metropolitana de Sorocaba";"Ocupantes de automóvel";NA;NA;NA;NA;NA;NA;NA;NA;NA;NA;NA;NA;1;NA;1;NA;NA;NA;NA;NA;NA;NA;NA;NA;NA
35;"SP";3551207;"355120";"Sarutaiá";"Não";"-";"Ocupantes de automóvel";NA;NA;NA;NA;NA;NA;NA;NA;NA;NA;NA;NA;NA;NA;NA;NA;NA;NA;NA;NA;NA;NA;NA;NA;NA
35;"SP";3551405;"355140";"Serra Azul";"Não";"Região Metropolitana de Ribeirão Preto";"Ocupantes de automóvel";NA;NA;NA;NA;NA;NA;NA;NA;NA;NA;NA;NA;NA;1;NA;NA;NA;NA;NA;NA;NA;NA;2;NA;NA
35;"SP";3551504;"355150";"Serrana";"Não";"Região Metropolitana de Ribeirão Preto";"Ocupantes de automóvel";NA;1;NA;NA;NA;NA;NA;NA;NA;NA;1;NA;NA;NA;1;NA;NA;NA;NA;1;NA;NA;1;NA;NA
35;"SP";3551603;"355160";"Serra Negra";"Não";"-";"Ocupantes de automóvel";NA;NA;NA;NA;NA;NA;NA;NA;NA;NA;NA;NA;NA;NA;NA;NA;NA;NA;NA;NA;NA;NA;1;1;NA
35;"SP";3551702;"355170";"Sertãozinho";"Não";"Região Metropolitana de Ribeirão Preto";"Ocupantes de automóvel";1;NA;NA;1;NA;NA;2;NA;1;NA;NA;1;1;1;NA;1;NA;NA;2;3;6;1;1;1;NA
35;"SP";3551801;"355180";"Sete Barras";"Não";"-";"Ocupantes de automóvel";NA;NA;NA;NA;NA;NA;NA;NA;NA;NA;NA;NA;NA;NA;NA;NA;NA;NA;NA;NA;2;1;1;1;NA
35;"SP";3551900;"355190";"Severínia";"Não";"Região Metropolitana de São José do Rio Preto";"Ocupantes de automóvel";NA;NA;NA;1;2;NA;NA;NA;NA;NA;NA;NA;NA;1;NA;NA;NA;1;NA;NA;NA;NA;NA;1;NA
35;"SP";3552007;"355200";"Silveiras";"Não";"Região Metropolitana do Vale do Paraíba e Litoral Norte";"Ocupantes de automóvel";NA;1;NA;NA;NA;NA;NA;NA;NA;NA;NA;NA;NA;NA;NA;NA;1;NA;NA;NA;NA;NA;NA;NA;NA
35;"SP";3552106;"355210";"Socorro";"Não";"-";"Ocupantes de automóvel";NA;NA;NA;NA;NA;NA;3;NA;NA;NA;NA;NA;NA;NA;NA;NA;NA;1;1;NA;1;NA;NA;NA;NA
35;"SP";3552205;"355220";"Sorocaba";"Não";"Região Metropolitana de Sorocaba";"Ocupantes de automóvel";NA;NA;NA;NA;NA;2;8;2;4;7;5;6;4;3;4;NA;1;6;3;3;9;5;5;10;NA
35;"SP";3552304;"355230";"Sud Mennucci";"Não";"-";"Ocupantes de automóvel";NA;NA;NA;NA;NA;NA;NA;NA;NA;NA;NA;NA;NA;NA;NA;NA;NA;NA;NA;NA;NA;NA;NA;NA;NA
35;"SP";3552403;"355240";"Sumaré";"Não";"Região Metropolitana de Campinas";"Ocupantes de automóvel";NA;NA;NA;NA;1;NA;NA;2;NA;NA;1;3;NA;NA;5;4;1;2;2;1;2;2;3;2;NA
35;"SP";3552502;"355250";"Suzano";"Não";"Região Metropolitana de São Paulo";"Ocupantes de automóvel";NA;NA;NA;NA;NA;NA;NA;NA;NA;1;NA;NA;NA;NA;NA;NA;1;NA;NA;NA;NA;NA;1;3;NA
35;"SP";3552551;"355255";"Suzanápolis";"Não";"-";"Ocupantes de automóvel";NA;NA;NA;NA;NA;NA;NA;NA;NA;NA;NA;NA;NA;NA;NA;NA;NA;NA;NA;NA;NA;NA;NA;NA;NA
35;"SP";3552601;"355260";"Tabapuã";"Não";"-";"Ocupantes de automóvel";NA;NA;NA;NA;NA;NA;NA;NA;NA;NA;NA;NA;NA;NA;NA;NA;NA;NA;NA;NA;NA;NA;NA;NA;NA
35;"SP";3552700;"355270";"Tabatinga";"Não";"-";"Ocupantes de automóvel";NA;NA;NA;NA;1;NA;1;NA;NA;NA;NA;1;NA;NA;NA;NA;NA;NA;NA;NA;NA;NA;NA;NA;NA
35;"SP";3552809;"355280";"Taboão da Serra";"Não";"Região Metropolitana de São Paulo";"Ocupantes de automóvel";2;NA;1;NA;NA;NA;1;2;2;1;2;4;2;2;1;1;NA;2;NA;2;2;1;1;NA;NA
35;"SP";3552908;"355290";"Taciba";"Não";"-";"Ocupantes de automóvel";NA;NA;NA;NA;NA;NA;NA;NA;1;NA;NA;3;NA;NA;NA;NA;1;NA;NA;1;NA;NA;NA;NA;NA
35;"SP";3553005;"355300";"Taguaí";"Não";"-";"Ocupantes de automóvel";NA;NA;NA;NA;NA;NA;NA;NA;NA;NA;NA;NA;NA;NA;NA;1;NA;NA;NA;1;NA;NA;NA;NA;NA
35;"SP";3553203;"355320";"Taiúva";"Não";"Região Metropolitana de Ribeirão Preto";"Ocupantes de automóvel";NA;NA;NA;NA;NA;NA;NA;NA;1;NA;NA;NA;NA;NA;NA;NA;NA;NA;NA;NA;NA;NA;NA;1;NA
35;"SP";3553302;"355330";"Tambaú";"Não";"Região Metropolitana de Ribeirão Preto";"Ocupantes de automóvel";NA;NA;NA;1;NA;2;NA;NA;NA;NA;NA;NA;NA;NA;1;NA;NA;NA;1;NA;NA;NA;NA;NA;NA
35;"SP";3553401;"355340";"Tanabi";"Não";"Região Metropolitana de São José do Rio Preto";"Ocupantes de automóvel";NA;NA;NA;NA;NA;NA;NA;1;1;NA;2;NA;NA;NA;NA;NA;NA;NA;NA;NA;2;1;NA;1;NA
35;"SP";3553500;"355350";"Tapiraí";"Não";"Região Metropolitana de Sorocaba";"Ocupantes de automóvel";NA;NA;NA;NA;NA;NA;NA;NA;NA;NA;NA;NA;NA;NA;NA;NA;NA;NA;NA;NA;NA;NA;1;NA;NA
35;"SP";3553609;"355360";"Tapiratiba";"Não";"-";"Ocupantes de automóvel";NA;NA;NA;NA;NA;NA;NA;NA;1;NA;NA;NA;NA;NA;NA;NA;NA;NA;NA;NA;NA;NA;NA;NA;NA
35;"SP";3553658;"355365";"Taquaral";"Não";"Região Metropolitana de Ribeirão Preto";"Ocupantes de automóvel";NA;NA;NA;NA;NA;NA;2;NA;NA;NA;NA;NA;NA;NA;NA;NA;1;NA;NA;NA;NA;NA;NA;NA;NA
35;"SP";3553708;"355370";"Taquaritinga";"Não";"-";"Ocupantes de automóvel";NA;NA;NA;1;NA;NA;NA;NA;NA;NA;NA;NA;NA;NA;1;1;3;NA;NA;NA;2;NA;NA;NA;NA
35;"SP";3553807;"355380";"Taquarituba";"Não";"-";"Ocupantes de automóvel";NA;NA;NA;NA;NA;1;NA;NA;NA;NA;NA;1;1;NA;NA;1;NA;NA;NA;NA;NA;NA;NA;NA;NA
35;"SP";3553856;"355385";"Taquarivaí";"Não";"-";"Ocupantes de automóvel";NA;NA;NA;NA;NA;NA;NA;NA;NA;NA;NA;NA;NA;NA;NA;NA;NA;NA;NA;NA;NA;NA;NA;NA;NA
35;"SP";3553906;"355390";"Tarabai";"Não";"-";"Ocupantes de automóvel";NA;NA;NA;NA;NA;1;NA;NA;NA;NA;NA;NA;1;NA;1;NA;NA;NA;NA;NA;NA;NA;NA;NA;NA
35;"SP";3553955;"355395";"Tarumã";"Não";"-";"Ocupantes de automóvel";NA;NA;NA;NA;NA;NA;NA;NA;NA;NA;NA;NA;NA;NA;NA;NA;NA;NA;NA;NA;NA;NA;NA;NA;NA
35;"SP";3554003;"355400";"Tatuí";"Não";"Região Metropolitana de Sorocaba";"Ocupantes de automóvel";NA;NA;1;NA;NA;NA;NA;1;1;NA;2;1;1;1;NA;NA;NA;2;NA;1;4;2;NA;NA;NA
35;"SP";3554102;"355410";"Taubaté";"Não";"Região Metropolitana do Vale do Paraíba e Litoral Norte";"Ocupantes de automóvel";NA;NA;1;NA;NA;NA;NA;NA;NA;2;NA;NA;NA;1;1;NA;1;NA;NA;1;2;NA;NA;NA;NA
35;"SP";3554201;"355420";"Tejupá";"Não";"-";"Ocupantes de automóvel";NA;NA;NA;NA;NA;NA;NA;NA;NA;NA;NA;NA;NA;NA;NA;NA;NA;NA;NA;1;NA;NA;NA;NA;NA
35;"SP";3554300;"355430";"Teodoro Sampaio";"Não";"-";"Ocupantes de automóvel";1;NA;1;NA;NA;NA;NA;NA;NA;3;NA;1;NA;NA;NA;NA;2;3;NA;NA;NA;1;NA;1;NA
35;"SP";3554409;"355440";"Terra Roxa";"Não";"-";"Ocupantes de automóvel";NA;NA;NA;NA;NA;NA;NA;1;NA;NA;NA;NA;NA;NA;1;NA;NA;NA;NA;NA;NA;1;NA;1;NA
35;"SP";3554508;"355450";"Tietê";"Não";"Região Metropolitana de Sorocaba";"Ocupantes de automóvel";NA;NA;NA;NA;NA;NA;NA;NA;NA;NA;4;NA;NA;NA;NA;NA;NA;NA;2;NA;1;NA;1;2;NA
35;"SP";3554706;"355470";"Torrinha";"Não";"-";"Ocupantes de automóvel";NA;NA;NA;NA;NA;NA;NA;NA;NA;NA;NA;NA;NA;NA;NA;NA;1;NA;1;NA;NA;NA;NA;NA;NA
35;"SP";3554755;"355475";"Trabiju";"Não";"-";"Ocupantes de automóvel";NA;NA;1;NA;NA;NA;NA;NA;1;NA;NA;NA;NA;NA;NA;NA;NA;NA;NA;NA;NA;NA;NA;NA;NA
35;"SP";3554805;"355480";"Tremembé";"Não";"Região Metropolitana do Vale do Paraíba e Litoral Norte";"Ocupantes de automóvel";NA;NA;NA;NA;NA;NA;NA;NA;NA;NA;NA;NA;NA;1;NA;NA;NA;NA;NA;NA;NA;NA;NA;NA;NA
35;"SP";3554904;"355490";"Três Fronteiras";"Não";"-";"Ocupantes de automóvel";NA;NA;NA;NA;NA;NA;NA;NA;1;NA;NA;NA;NA;NA;NA;NA;NA;NA;NA;NA;NA;NA;NA;NA;NA
35;"SP";3554953;"355495";"Tuiuti";"Não";"-";"Ocupantes de automóvel";NA;NA;NA;NA;NA;NA;NA;NA;NA;NA;NA;NA;NA;1;NA;NA;NA;NA;NA;NA;NA;NA;NA;NA;NA
35;"SP";3555000;"355500";"Tupã";"Não";"-";"Ocupantes de automóvel";NA;NA;NA;1;NA;NA;NA;2;NA;1;1;2;NA;NA;NA;NA;3;NA;1;1;NA;NA;2;1;NA
35;"SP";3555109;"355510";"Tupi Paulista";"Não";"-";"Ocupantes de automóvel";NA;NA;NA;NA;NA;NA;NA;NA;NA;NA;NA;1;2;NA;1;NA;NA;NA;NA;NA;NA;1;NA;NA;NA
35;"SP";3555208;"355520";"Turiúba";"Não";"-";"Ocupantes de automóvel";NA;NA;NA;NA;NA;NA;NA;NA;NA;NA;NA;NA;NA;NA;NA;NA;NA;NA;NA;NA;NA;NA;NA;NA;NA
35;"SP";3555307;"355530";"Turmalina";"Não";"-";"Ocupantes de automóvel";NA;NA;NA;NA;NA;NA;NA;NA;NA;NA;NA;NA;NA;NA;NA;NA;NA;NA;NA;NA;NA;NA;NA;NA;NA
35;"SP";3555356;"355535";"Ubarana";"Não";"Região Metropolitana de São José do Rio Preto";"Ocupantes de automóvel";NA;NA;NA;NA;NA;NA;NA;NA;NA;NA;NA;NA;NA;NA;NA;NA;NA;NA;NA;NA;NA;NA;NA;NA;NA
35;"SP";3555406;"355540";"Ubatuba";"Não";"Região Metropolitana do Vale do Paraíba e Litoral Norte";"Ocupantes de automóvel";NA;NA;NA;NA;NA;NA;NA;NA;NA;NA;1;2;NA;NA;NA;NA;NA;NA;NA;NA;1;1;NA;3;NA
35;"SP";3555505;"355550";"Ubirajara";"Não";"-";"Ocupantes de automóvel";NA;NA;NA;NA;NA;NA;NA;NA;NA;NA;NA;NA;NA;NA;NA;NA;NA;NA;NA;NA;NA;NA;NA;NA;NA
35;"SP";3555604;"355560";"Uchoa";"Não";"Região Metropolitana de São José do Rio Preto";"Ocupantes de automóvel";NA;NA;NA;NA;NA;NA;NA;1;NA;NA;NA;NA;NA;NA;1;NA;NA;1;1;NA;NA;NA;NA;NA;NA
35;"SP";3555703;"355570";"União Paulista";"Não";"Região Metropolitana de São José do Rio Preto";"Ocupantes de automóvel";NA;NA;NA;NA;NA;NA;NA;NA;NA;NA;NA;NA;NA;NA;NA;NA;NA;NA;NA;NA;NA;NA;NA;NA;NA
35;"SP";3555802;"355580";"Urânia";"Não";"-";"Ocupantes de automóvel";NA;NA;NA;NA;NA;NA;NA;NA;NA;NA;NA;NA;NA;1;NA;NA;NA;NA;NA;NA;NA;NA;NA;NA;NA
35;"SP";3555901;"355590";"Uru";"Não";"-";"Ocupantes de automóvel";NA;NA;NA;NA;NA;NA;NA;NA;NA;NA;NA;NA;NA;NA;NA;NA;NA;NA;NA;NA;NA;NA;NA;NA;NA
35;"SP";3556008;"355600";"Urupês";"Não";"Região Metropolitana de São José do Rio Preto";"Ocupantes de automóvel";NA;NA;NA;NA;NA;NA;NA;NA;NA;NA;NA;1;NA;NA;NA;NA;NA;2;NA;NA;1;NA;NA;1;NA
35;"SP";3556107;"355610";"Valentim Gentil";"Não";"-";"Ocupantes de automóvel";NA;NA;NA;NA;NA;NA;NA;NA;NA;NA;NA;NA;NA;NA;NA;NA;NA;NA;NA;NA;NA;1;NA;NA;NA
35;"SP";3556206;"355620";"Valinhos";"Não";"Região Metropolitana de Campinas";"Ocupantes de automóvel";NA;NA;NA;NA;NA;NA;NA;NA;NA;NA;1;NA;1;NA;NA;NA;NA;NA;NA;NA;NA;NA;NA;NA;NA
35;"SP";3556305;"355630";"Valparaíso";"Não";"-";"Ocupantes de automóvel";NA;NA;NA;NA;NA;NA;NA;NA;NA;NA;NA;NA;NA;NA;1;1;NA;2;1;NA;NA;NA;NA;2;NA
35;"SP";3556354;"355635";"Vargem";"Não";"-";"Ocupantes de automóvel";NA;NA;NA;NA;NA;NA;NA;NA;NA;NA;NA;NA;NA;1;NA;NA;NA;NA;1;NA;NA;NA;NA;NA;NA
35;"SP";3556404;"355640";"Vargem Grande do Sul";"Não";"-";"Ocupantes de automóvel";NA;NA;NA;NA;NA;NA;NA;NA;NA;1;NA;1;NA;NA;NA;NA;NA;NA;NA;1;NA;NA;NA;1;NA
35;"SP";3556453;"355645";"Vargem Grande Paulista";"Não";"Região Metropolitana de São Paulo";"Ocupantes de automóvel";NA;NA;NA;NA;NA;NA;NA;NA;NA;NA;NA;NA;1;NA;NA;NA;NA;NA;NA;NA;NA;NA;NA;NA;NA
35;"SP";3556503;"355650";"Várzea Paulista";"Não";"Região Metropolitana de Jundiaí";"Ocupantes de automóvel";NA;NA;1;NA;1;NA;NA;NA;NA;NA;NA;NA;NA;NA;NA;NA;NA;1;NA;1;NA;NA;1;NA;NA
35;"SP";3556602;"355660";"Vera Cruz";"Não";"-";"Ocupantes de automóvel";NA;NA;NA;NA;NA;NA;NA;NA;NA;NA;NA;NA;NA;NA;NA;NA;NA;NA;NA;NA;NA;NA;NA;NA;NA
35;"SP";3556701;"355670";"Vinhedo";"Não";"Região Metropolitana de Campinas";"Ocupantes de automóvel";NA;NA;NA;NA;NA;NA;NA;NA;NA;NA;NA;NA;NA;NA;NA;NA;NA;NA;1;NA;NA;NA;NA;NA;NA
35;"SP";3556800;"355680";"Viradouro";"Não";"-";"Ocupantes de automóvel";NA;NA;NA;NA;NA;NA;NA;NA;NA;NA;NA;NA;NA;1;NA;NA;NA;NA;NA;1;NA;NA;NA;NA;NA
35;"SP";3556909;"355690";"Vista Alegre do Alto";"Não";"-";"Ocupantes de automóvel";NA;NA;NA;NA;NA;NA;NA;NA;NA;NA;NA;NA;NA;NA;NA;NA;NA;1;NA;NA;NA;NA;NA;NA;NA
35;"SP";3556958;"355695";"Vitória Brasil";"Não";"-";"Ocupantes de automóvel";NA;NA;NA;NA;NA;NA;NA;NA;NA;NA;NA;NA;NA;NA;NA;NA;NA;NA;NA;NA;NA;NA;NA;NA;NA
35;"SP";3557006;"355700";"Votorantim";"Não";"Região Metropolitana de Sorocaba";"Ocupantes de automóvel";NA;NA;NA;NA;NA;NA;NA;NA;NA;NA;NA;1;NA;NA;NA;NA;NA;NA;NA;NA;NA;1;NA;NA;NA
35;"SP";3557105;"355710";"Votuporanga";"Não";"-";"Ocupantes de automóvel";NA;NA;NA;NA;NA;NA;NA;NA;NA;NA;NA;NA;NA;1;2;NA;NA;1;NA;2;NA;NA;1;2;NA
35;"SP";3557154;"355715";"Zacarias";"Não";"Região Metropolitana de São José do Rio Preto";"Ocupantes de automóvel";NA;NA;NA;NA;NA;NA;NA;NA;NA;NA;NA;NA;NA;NA;NA;NA;NA;NA;NA;NA;NA;NA;NA;NA;NA
35;"SP";3557204;"355720";"Chavantes";"Não";"-";"Ocupantes de automóvel";NA;3;NA;NA;NA;NA;NA;1;NA;NA;NA;NA;NA;NA;NA;NA;NA;NA;NA;NA;NA;NA;NA;NA;NA
35;"SP";3557303;"355730";"Estiva Gerbi";"Não";"-";"Ocupantes de automóvel";NA;NA;NA;NA;NA;NA;NA;NA;NA;NA;1;NA;NA;NA;NA;NA;NA;NA;NA;NA;NA;NA;NA;NA;NA
41;"PR";4100103;"410010";"Abatiá";"Não";"-";"Ocupantes de automóvel";NA;NA;NA;NA;NA;NA;NA;NA;NA;NA;1;NA;NA;NA;NA;NA;NA;NA;NA;NA;NA;NA;1;NA;NA
41;"PR";4100202;"410020";"Adrianópolis";"Não";"Região Metropolitana de Curitiba";"Ocupantes de automóvel";1;NA;NA;NA;NA;NA;NA;NA;NA;NA;NA;NA;NA;NA;NA;NA;NA;1;NA;NA;1;NA;NA;NA;NA
41;"PR";4100301;"410030";"Agudos do Sul";"Não";"Região Metropolitana de Curitiba";"Ocupantes de automóvel";NA;NA;NA;NA;NA;NA;NA;NA;NA;NA;NA;NA;NA;NA;NA;NA;NA;NA;NA;NA;NA;NA;1;NA;NA
41;"PR";4100400;"410040";"Almirante Tamandaré";"Não";"Região Metropolitana de Curitiba";"Ocupantes de automóvel";NA;NA;NA;1;1;NA;NA;NA;NA;NA;1;NA;NA;1;NA;NA;1;1;NA;1;NA;1;2;1;NA
41;"PR";4100459;"410045";"Altamira do Paraná";"Não";"Região Metropolitana de Campo Mourão";"Ocupantes de automóvel";NA;NA;NA;NA;NA;NA;NA;NA;NA;NA;NA;NA;NA;NA;NA;1;NA;NA;NA;NA;NA;NA;NA;NA;NA
41;"PR";4100509;"410050";"Altônia";"Não";"Região Metropolitana de Umuarama";"Ocupantes de automóvel";NA;NA;NA;NA;1;NA;NA;NA;NA;NA;NA;NA;NA;1;NA;NA;NA;NA;1;NA;NA;NA;NA;1;NA
41;"PR";4100608;"410060";"Alto Paraná";"Não";"-";"Ocupantes de automóvel";NA;NA;NA;NA;NA;NA;NA;NA;NA;NA;NA;NA;NA;NA;NA;2;NA;NA;NA;NA;NA;1;NA;NA;NA
41;"PR";4100707;"410070";"Alto Piquiri";"Não";"Região Metropolitana de Umuarama";"Ocupantes de automóvel";NA;NA;NA;NA;NA;NA;NA;NA;NA;NA;NA;NA;1;NA;NA;NA;NA;NA;NA;1;NA;NA;NA;1;NA
41;"PR";4100806;"410080";"Alvorada do Sul";"Não";"Região Metropolitana de Londrina";"Ocupantes de automóvel";NA;NA;NA;NA;1;NA;NA;NA;NA;NA;NA;2;1;NA;NA;NA;1;NA;1;NA;2;NA;NA;1;NA
41;"PR";4100905;"410090";"Amaporã";"Não";"-";"Ocupantes de automóvel";NA;NA;1;NA;NA;NA;NA;NA;2;1;NA;NA;1;1;NA;NA;NA;NA;NA;NA;NA;2;NA;NA;NA
41;"PR";4101002;"410100";"Ampére";"Não";"-";"Ocupantes de automóvel";NA;NA;NA;NA;1;NA;NA;NA;NA;NA;NA;NA;NA;NA;NA;NA;NA;NA;NA;NA;2;NA;NA;2;NA
41;"PR";4101051;"410105";"Anahy";"Não";"Região Metropolitana de Cascavel";"Ocupantes de automóvel";NA;1;NA;NA;NA;NA;NA;NA;NA;NA;NA;NA;NA;NA;NA;NA;NA;1;NA;NA;NA;NA;NA;NA;NA
41;"PR";4101101;"410110";"Andirá";"Não";"-";"Ocupantes de automóvel";NA;NA;1;NA;NA;NA;NA;2;NA;NA;NA;NA;NA;NA;NA;NA;NA;1;NA;NA;NA;2;2;NA;NA
41;"PR";4101150;"410115";"Ângulo";"Não";"Região Metropolitana de Maringá";"Ocupantes de automóvel";NA;NA;NA;NA;2;NA;NA;NA;NA;NA;NA;NA;NA;NA;1;NA;NA;NA;NA;NA;NA;NA;2;NA;NA
41;"PR";4101200;"410120";"Antonina";"Não";"-";"Ocupantes de automóvel";NA;NA;NA;NA;NA;NA;NA;NA;NA;NA;NA;NA;NA;NA;NA;NA;NA;NA;NA;NA;NA;NA;NA;NA;NA
41;"PR";4101309;"410130";"Antônio Olinto";"Não";"-";"Ocupantes de automóvel";NA;NA;NA;NA;NA;NA;NA;NA;NA;NA;NA;NA;NA;NA;NA;NA;NA;NA;NA;NA;NA;NA;NA;NA;NA
41;"PR";4101408;"410140";"Apucarana";"Não";"Região Metropolitana de Apucarana";"Ocupantes de automóvel";NA;3;3;6;3;1;4;3;1;1;2;1;4;1;5;4;NA;5;3;4;1;4;1;5;NA
41;"PR";4101507;"410150";"Arapongas";"Não";"Região Metropolitana de Londrina";"Ocupantes de automóvel";2;NA;1;NA;NA;NA;1;1;1;1;1;1;3;3;5;1;3;1;3;3;3;3;4;1;NA
41;"PR";4101606;"410160";"Arapoti";"Não";"-";"Ocupantes de automóvel";NA;NA;NA;NA;NA;NA;NA;1;NA;NA;1;NA;NA;NA;NA;1;NA;NA;1;4;1;NA;1;1;NA
41;"PR";4101655;"410165";"Arapuã";"Não";"Região Metropolitana de Apucarana";"Ocupantes de automóvel";NA;NA;NA;NA;NA;NA;NA;NA;NA;NA;NA;NA;NA;NA;NA;NA;NA;NA;NA;NA;NA;NA;NA;1;NA
41;"PR";4101705;"410170";"Araruna";"Não";"Região Metropolitana de Campo Mourão";"Ocupantes de automóvel";NA;NA;1;NA;NA;NA;NA;1;NA;NA;NA;NA;1;NA;NA;NA;2;NA;NA;1;3;1;NA;NA;NA
41;"PR";4101804;"410180";"Araucária";"Não";"Região Metropolitana de Curitiba";"Ocupantes de automóvel";NA;NA;NA;1;NA;NA;2;NA;NA;NA;NA;NA;NA;NA;NA;NA;NA;NA;NA;NA;1;1;5;2;NA
41;"PR";4101853;"410185";"Ariranha do Ivaí";"Não";"Região Metropolitana de Apucarana";"Ocupantes de automóvel";NA;NA;NA;NA;NA;NA;NA;NA;NA;NA;NA;NA;NA;NA;NA;NA;NA;NA;NA;NA;NA;NA;NA;NA;NA
41;"PR";4101903;"410190";"Assaí";"Não";"Região Metropolitana de Londrina";"Ocupantes de automóvel";NA;NA;NA;NA;NA;NA;NA;NA;1;NA;NA;NA;1;NA;NA;NA;NA;NA;NA;NA;NA;NA;NA;NA;NA
41;"PR";4102000;"410200";"Assis Chateaubriand";"Não";"Região Metropolitana de Toledo";"Ocupantes de automóvel";NA;NA;NA;NA;NA;NA;NA;NA;NA;NA;1;NA;NA;3;2;NA;1;5;2;NA;NA;2;4;NA;NA
41;"PR";4102109;"410210";"Astorga";"Não";"Região Metropolitana de Maringá";"Ocupantes de automóvel";NA;NA;NA;1;NA;NA;1;NA;1;NA;NA;NA;NA;1;1;2;NA;1;NA;NA;NA;NA;3;NA;NA
41;"PR";4102208;"410220";"Atalaia";"Não";"Região Metropolitana de Maringá";"Ocupantes de automóvel";NA;NA;NA;NA;NA;NA;NA;NA;NA;NA;NA;NA;NA;NA;NA;NA;NA;NA;NA;NA;1;NA;NA;NA;NA
41;"PR";4102307;"410230";"Balsa Nova";"Não";"Região Metropolitana de Curitiba";"Ocupantes de automóvel";NA;NA;NA;NA;NA;NA;NA;NA;NA;NA;NA;1;NA;NA;NA;NA;NA;NA;NA;NA;1;NA;2;NA;NA
41;"PR";4102406;"410240";"Bandeirantes";"Não";"-";"Ocupantes de automóvel";NA;NA;NA;1;1;NA;NA;NA;NA;NA;NA;NA;NA;NA;NA;5;2;NA;NA;NA;NA;NA;NA;NA;NA
41;"PR";4102505;"410250";"Barbosa Ferraz";"Não";"Região Metropolitana de Campo Mourão";"Ocupantes de automóvel";NA;NA;NA;NA;NA;NA;NA;NA;NA;NA;NA;NA;NA;NA;NA;NA;NA;NA;NA;NA;1;NA;NA;NA;NA
41;"PR";4102604;"410260";"Barracão";"Não";"-";"Ocupantes de automóvel";1;NA;NA;NA;NA;NA;NA;NA;1;NA;NA;NA;NA;NA;NA;NA;NA;NA;NA;NA;NA;NA;NA;NA;NA
41;"PR";4102703;"410270";"Barra do Jacaré";"Não";"-";"Ocupantes de automóvel";NA;NA;NA;NA;NA;NA;NA;NA;NA;NA;NA;NA;NA;NA;NA;NA;1;NA;NA;NA;NA;NA;NA;NA;NA
41;"PR";4102802;"410280";"Bela Vista do Paraíso";"Não";"Região Metropolitana de Londrina";"Ocupantes de automóvel";NA;NA;NA;NA;NA;NA;NA;NA;NA;NA;NA;NA;1;NA;1;NA;NA;1;1;NA;1;1;1;NA;NA
41;"PR";4102901;"410290";"Bituruna";"Não";"-";"Ocupantes de automóvel";NA;NA;NA;NA;NA;NA;NA;NA;NA;NA;NA;NA;NA;NA;NA;NA;NA;NA;NA;NA;NA;1;NA;NA;NA
41;"PR";4103008;"410300";"Boa Esperança";"Não";"Região Metropolitana de Campo Mourão";"Ocupantes de automóvel";NA;NA;NA;NA;NA;NA;NA;NA;NA;NA;NA;1;NA;NA;NA;NA;NA;NA;1;1;1;NA;NA;NA;NA
41;"PR";4103024;"410302";"Boa Esperança do Iguaçu";"Não";"-";"Ocupantes de automóvel";NA;NA;NA;NA;NA;NA;NA;NA;NA;NA;NA;NA;NA;NA;NA;NA;NA;NA;NA;NA;NA;NA;NA;NA;NA
41;"PR";4103040;"410304";"Boa Ventura de São Roque";"Não";"-";"Ocupantes de automóvel";NA;NA;NA;1;NA;NA;NA;NA;NA;NA;NA;NA;NA;NA;NA;NA;NA;NA;NA;NA;NA;NA;NA;1;NA
41;"PR";4103057;"410305";"Boa Vista da Aparecida";"Não";"Região Metropolitana de Cascavel";"Ocupantes de automóvel";NA;NA;NA;NA;NA;NA;NA;NA;NA;NA;NA;NA;NA;1;NA;NA;NA;1;NA;NA;1;NA;NA;1;NA
41;"PR";4103107;"410310";"Bocaiúva do Sul";"Não";"Região Metropolitana de Curitiba";"Ocupantes de automóvel";NA;NA;NA;NA;NA;NA;NA;NA;NA;NA;NA;NA;NA;NA;NA;NA;NA;NA;NA;NA;NA;1;NA;NA;NA
41;"PR";4103156;"410315";"Bom Jesus do Sul";"Não";"-";"Ocupantes de automóvel";NA;NA;NA;NA;NA;NA;NA;NA;NA;NA;NA;NA;NA;NA;NA;NA;1;1;NA;NA;NA;NA;NA;NA;NA
41;"PR";4103206;"410320";"Bom Sucesso";"Não";"Região Metropolitana de Maringá";"Ocupantes de automóvel";NA;NA;NA;NA;NA;1;NA;NA;NA;NA;NA;NA;NA;NA;NA;NA;NA;NA;NA;1;NA;NA;NA;NA;NA
41;"PR";4103222;"410322";"Bom Sucesso do Sul";"Não";"-";"Ocupantes de automóvel";NA;NA;NA;NA;NA;NA;NA;NA;NA;NA;NA;NA;NA;NA;NA;NA;NA;NA;NA;NA;NA;NA;NA;NA;NA
41;"PR";4103305;"410330";"Borrazópolis";"Não";"Região Metropolitana de Apucarana";"Ocupantes de automóvel";NA;NA;NA;NA;NA;NA;NA;NA;NA;NA;NA;NA;1;NA;NA;NA;NA;NA;NA;NA;NA;NA;NA;NA;NA
41;"PR";4103354;"410335";"Braganey";"Não";"Região Metropolitana de Cascavel";"Ocupantes de automóvel";NA;NA;NA;NA;NA;NA;NA;NA;NA;NA;NA;NA;NA;NA;NA;NA;NA;NA;NA;NA;NA;NA;NA;NA;NA
41;"PR";4103370;"410337";"Brasilândia do Sul";"Não";"Região Metropolitana de Umuarama";"Ocupantes de automóvel";NA;NA;NA;NA;NA;1;NA;NA;NA;NA;NA;NA;NA;NA;NA;NA;NA;NA;3;NA;1;NA;NA;NA;NA
41;"PR";4103404;"410340";"Cafeara";"Não";"-";"Ocupantes de automóvel";NA;NA;NA;NA;NA;NA;NA;NA;NA;NA;NA;NA;NA;3;NA;NA;NA;NA;NA;NA;NA;NA;NA;NA;NA
41;"PR";4103453;"410345";"Cafelândia";"Não";"Região Metropolitana de Cascavel";"Ocupantes de automóvel";NA;NA;NA;NA;NA;NA;NA;NA;NA;NA;NA;NA;NA;NA;NA;NA;NA;NA;1;NA;2;NA;NA;NA;NA
41;"PR";4103479;"410347";"Cafezal do Sul";"Não";"Região Metropolitana de Umuarama";"Ocupantes de automóvel";NA;NA;NA;NA;NA;NA;NA;NA;NA;NA;NA;NA;NA;NA;NA;NA;NA;NA;NA;NA;NA;NA;NA;1;NA
41;"PR";4103503;"410350";"Califórnia";"Não";"Região Metropolitana de Apucarana";"Ocupantes de automóvel";NA;NA;NA;NA;NA;NA;NA;NA;NA;NA;NA;NA;NA;NA;NA;NA;NA;NA;NA;NA;NA;NA;NA;NA;NA
41;"PR";4103602;"410360";"Cambará";"Não";"-";"Ocupantes de automóvel";NA;NA;NA;NA;1;2;NA;NA;1;NA;2;1;NA;NA;2;NA;NA;NA;NA;2;NA;NA;NA;NA;NA
41;"PR";4103701;"410370";"Cambé";"Não";"Região Metropolitana de Londrina";"Ocupantes de automóvel";1;NA;NA;1;1;1;NA;NA;1;NA;NA;1;NA;1;NA;NA;NA;NA;NA;2;1;1;1;1;NA
41;"PR";4103800;"410380";"Cambira";"Não";"Região Metropolitana de Maringá";"Ocupantes de automóvel";NA;NA;NA;NA;NA;NA;NA;1;NA;NA;NA;NA;NA;NA;NA;NA;NA;NA;NA;1;1;NA;NA;NA;NA
41;"PR";4103909;"410390";"Campina da Lagoa";"Não";"Região Metropolitana de Campo Mourão";"Ocupantes de automóvel";NA;NA;NA;NA;NA;NA;NA;NA;NA;NA;1;1;1;NA;1;NA;NA;1;NA;NA;NA;NA;NA;1;NA
41;"PR";4103958;"410395";"Campina do Simão";"Não";"-";"Ocupantes de automóvel";NA;NA;NA;NA;NA;NA;NA;NA;NA;NA;NA;NA;NA;NA;NA;NA;NA;NA;NA;NA;NA;NA;NA;NA;NA
41;"PR";4104006;"410400";"Campina Grande do Sul";"Não";"Região Metropolitana de Curitiba";"Ocupantes de automóvel";NA;NA;1;NA;NA;2;1;NA;NA;NA;NA;1;NA;NA;NA;NA;NA;NA;1;NA;NA;2;NA;3;NA
41;"PR";4104055;"410405";"Campo Bonito";"Não";"Região Metropolitana de Cascavel";"Ocupantes de automóvel";NA;NA;NA;NA;NA;NA;NA;NA;NA;NA;NA;NA;NA;NA;NA;NA;NA;NA;NA;NA;NA;NA;NA;NA;NA
41;"PR";4104105;"410410";"Campo do Tenente";"Não";"Região Metropolitana de Curitiba";"Ocupantes de automóvel";NA;NA;NA;NA;NA;NA;NA;NA;NA;NA;NA;NA;NA;NA;NA;NA;NA;NA;NA;NA;NA;NA;1;NA;NA
41;"PR";4104204;"410420";"Campo Largo";"Não";"Região Metropolitana de Curitiba";"Ocupantes de automóvel";NA;NA;NA;NA;NA;1;NA;NA;1;NA;NA;NA;NA;NA;NA;NA;1;NA;1;NA;NA;1;2;NA;NA
41;"PR";4104253;"410425";"Campo Magro";"Não";"Região Metropolitana de Curitiba";"Ocupantes de automóvel";NA;NA;NA;NA;NA;NA;NA;NA;NA;NA;NA;NA;NA;NA;NA;NA;NA;NA;NA;NA;NA;2;1;NA;NA
41;"PR";4104303;"410430";"Campo Mourão";"Não";"Região Metropolitana de Campo Mourão";"Ocupantes de automóvel";2;NA;NA;NA;2;1;NA;5;3;7;5;8;7;4;8;6;2;9;6;5;3;3;5;8;NA
41;"PR";4104402;"410440";"Cândido de Abreu";"Não";"-";"Ocupantes de automóvel";NA;NA;NA;NA;NA;NA;NA;NA;NA;NA;NA;NA;NA;NA;NA;NA;NA;1;NA;NA;NA;1;NA;1;NA
41;"PR";4104428;"410442";"Candói";"Não";"-";"Ocupantes de automóvel";NA;NA;NA;NA;NA;NA;NA;1;NA;NA;1;NA;NA;1;NA;1;1;NA;2;1;1;NA;NA;6;NA
41;"PR";4104451;"410445";"Cantagalo";"Não";"-";"Ocupantes de automóvel";NA;NA;NA;NA;NA;NA;NA;NA;NA;NA;NA;NA;1;NA;NA;NA;NA;NA;NA;NA;NA;NA;NA;NA;NA
41;"PR";4104501;"410450";"Capanema";"Não";"-";"Ocupantes de automóvel";NA;NA;NA;NA;NA;NA;NA;NA;NA;NA;NA;NA;NA;NA;NA;NA;NA;NA;NA;1;1;NA;NA;NA;NA
41;"PR";4104600;"410460";"Capitão Leônidas Marques";"Não";"Região Metropolitana de Cascavel";"Ocupantes de automóvel";NA;1;NA;NA;NA;NA;NA;NA;NA;NA;NA;NA;NA;NA;1;NA;NA;1;NA;NA;1;NA;NA;NA;NA
41;"PR";4104659;"410465";"Carambeí";"Não";"-";"Ocupantes de automóvel";NA;1;NA;NA;NA;NA;NA;NA;NA;NA;NA;NA;NA;NA;NA;NA;NA;NA;NA;NA;NA;NA;1;NA;NA
41;"PR";4104709;"410470";"Carlópolis";"Não";"-";"Ocupantes de automóvel";NA;NA;NA;NA;NA;NA;NA;NA;NA;NA;NA;NA;NA;NA;NA;NA;NA;NA;NA;NA;2;NA;NA;1;NA
41;"PR";4104808;"410480";"Cascavel";"Não";"Região Metropolitana de Cascavel";"Ocupantes de automóvel";1;NA;3;NA;3;1;4;3;3;NA;2;1;5;4;3;2;NA;1;3;2;4;10;10;9;NA
41;"PR";4104907;"410490";"Castro";"Não";"-";"Ocupantes de automóvel";NA;NA;NA;NA;NA;NA;NA;NA;NA;NA;1;1;NA;1;1;1;3;NA;1;NA;NA;1;1;1;NA
41;"PR";4105003;"410500";"Catanduvas";"Não";"Região Metropolitana de Cascavel";"Ocupantes de automóvel";NA;NA;NA;NA;NA;NA;NA;NA;NA;NA;NA;NA;NA;NA;NA;NA;2;3;NA;NA;NA;NA;NA;NA;NA
41;"PR";4105102;"410510";"Centenário do Sul";"Não";"Região Metropolitana de Londrina";"Ocupantes de automóvel";NA;NA;NA;NA;NA;NA;NA;NA;NA;NA;NA;1;NA;NA;NA;NA;1;NA;NA;NA;1;NA;NA;NA;NA
41;"PR";4105201;"410520";"Cerro Azul";"Não";"Região Metropolitana de Curitiba";"Ocupantes de automóvel";NA;NA;NA;NA;NA;NA;NA;NA;NA;NA;NA;NA;NA;NA;NA;NA;NA;NA;NA;NA;NA;NA;NA;NA;NA
41;"PR";4105300;"410530";"Céu Azul";"Não";"Região Metropolitana de Cascavel";"Ocupantes de automóvel";NA;NA;NA;1;NA;NA;NA;2;1;NA;NA;NA;1;NA;NA;2;NA;1;NA;NA;NA;NA;1;NA;NA
41;"PR";4105409;"410540";"Chopinzinho";"Não";"-";"Ocupantes de automóvel";NA;NA;NA;NA;NA;NA;1;NA;NA;1;1;NA;NA;NA;1;1;2;NA;NA;NA;1;1;1;NA;NA
41;"PR";4105508;"410550";"Cianorte";"Não";"-";"Ocupantes de automóvel";NA;NA;2;2;3;NA;1;2;NA;3;2;2;4;5;4;3;3;2;3;3;7;4;1;NA;NA
41;"PR";4105607;"410560";"Cidade Gaúcha";"Não";"Região Metropolitana de Umuarama";"Ocupantes de automóvel";NA;NA;NA;NA;NA;NA;NA;NA;NA;NA;NA;NA;NA;NA;1;NA;NA;NA;NA;NA;NA;NA;1;2;NA
41;"PR";4105706;"410570";"Clevelândia";"Não";"-";"Ocupantes de automóvel";NA;NA;NA;NA;1;NA;1;NA;NA;1;NA;NA;NA;NA;NA;NA;NA;NA;NA;NA;1;3;NA;1;NA
41;"PR";4105805;"410580";"Colombo";"Não";"Região Metropolitana de Curitiba";"Ocupantes de automóvel";NA;NA;NA;NA;NA;1;NA;1;NA;NA;NA;NA;NA;NA;NA;NA;NA;NA;NA;1;NA;NA;1;NA;NA
41;"PR";4105904;"410590";"Colorado";"Não";"-";"Ocupantes de automóvel";NA;NA;NA;NA;NA;NA;1;NA;NA;NA;NA;NA;NA;NA;NA;1;NA;1;1;1;NA;2;4;NA;NA
41;"PR";4106001;"410600";"Congonhinhas";"Não";"-";"Ocupantes de automóvel";NA;NA;NA;NA;NA;NA;NA;NA;NA;NA;NA;NA;NA;NA;NA;NA;NA;NA;NA;NA;NA;NA;NA;NA;NA
41;"PR";4106100;"410610";"Conselheiro Mairinck";"Não";"-";"Ocupantes de automóvel";NA;NA;NA;NA;NA;NA;NA;NA;NA;NA;NA;NA;NA;NA;NA;NA;NA;NA;NA;NA;1;NA;NA;NA;NA
41;"PR";4106209;"410620";"Contenda";"Não";"Região Metropolitana de Curitiba";"Ocupantes de automóvel";NA;NA;NA;NA;NA;NA;NA;NA;NA;NA;NA;NA;NA;NA;NA;NA;NA;NA;1;NA;NA;1;NA;NA;NA
41;"PR";4106308;"410630";"Corbélia";"Não";"Região Metropolitana de Cascavel";"Ocupantes de automóvel";1;1;NA;1;NA;NA;NA;NA;NA;NA;NA;NA;NA;2;1;NA;NA;2;NA;1;NA;NA;1;5;NA
41;"PR";4106407;"410640";"Cornélio Procópio";"Não";"-";"Ocupantes de automóvel";NA;1;NA;1;3;NA;NA;2;1;NA;4;NA;2;2;2;2;3;1;1;NA;NA;1;2;1;NA
41;"PR";4106456;"410645";"Coronel Domingos Soares";"Não";"-";"Ocupantes de automóvel";NA;NA;NA;NA;NA;NA;NA;NA;NA;NA;NA;NA;NA;NA;NA;NA;NA;NA;NA;NA;NA;NA;NA;NA;NA
41;"PR";4106506;"410650";"Coronel Vivida";"Não";"-";"Ocupantes de automóvel";NA;NA;NA;NA;NA;NA;NA;NA;1;NA;NA;NA;NA;2;NA;NA;1;NA;NA;1;NA;NA;NA;NA;NA
41;"PR";4106555;"410655";"Corumbataí do Sul";"Não";"Região Metropolitana de Campo Mourão";"Ocupantes de automóvel";NA;NA;NA;NA;NA;NA;NA;NA;NA;NA;NA;NA;NA;NA;NA;NA;NA;NA;NA;NA;NA;NA;NA;NA;NA
41;"PR";4106571;"410657";"Cruzeiro do Iguaçu";"Não";"-";"Ocupantes de automóvel";NA;NA;NA;NA;NA;NA;NA;NA;NA;NA;NA;NA;NA;NA;NA;NA;NA;NA;NA;NA;NA;NA;NA;NA;NA
41;"PR";4106605;"410660";"Cruzeiro do Oeste";"Não";"Região Metropolitana de Umuarama";"Ocupantes de automóvel";NA;1;1;NA;NA;NA;1;NA;1;NA;1;1;1;NA;1;NA;NA;NA;NA;NA;1;1;1;2;NA
41;"PR";4106704;"410670";"Cruzeiro do Sul";"Não";"-";"Ocupantes de automóvel";NA;NA;NA;NA;NA;NA;NA;NA;NA;NA;NA;1;NA;NA;NA;NA;NA;NA;NA;NA;NA;NA;NA;NA;NA
41;"PR";4106803;"410680";"Cruz Machado";"Não";"-";"Ocupantes de automóvel";NA;NA;NA;NA;NA;NA;NA;NA;NA;NA;NA;NA;NA;NA;NA;NA;NA;NA;NA;NA;NA;NA;NA;NA;NA
41;"PR";4106852;"410685";"Cruzmaltina";"Não";"Região Metropolitana de Apucarana";"Ocupantes de automóvel";NA;NA;NA;NA;4;NA;NA;NA;NA;NA;NA;NA;NA;1;NA;NA;NA;NA;NA;NA;1;NA;NA;NA;NA
41;"PR";4106902;"410690";"Curitiba";"Sim";"Região Metropolitana de Curitiba";"Ocupantes de automóvel";8;6;3;5;5;3;8;2;7;1;3;7;4;4;5;5;7;2;6;1;6;14;16;10;NA
41;"PR";4107009;"410700";"Curiúva";"Não";"-";"Ocupantes de automóvel";NA;NA;NA;NA;NA;1;NA;NA;NA;NA;NA;NA;1;NA;NA;NA;NA;NA;NA;NA;NA;1;NA;NA;NA
41;"PR";4107108;"410710";"Diamante do Norte";"Não";"-";"Ocupantes de automóvel";NA;NA;NA;NA;NA;NA;1;NA;NA;NA;NA;NA;NA;3;1;NA;NA;NA;NA;NA;NA;NA;NA;2;NA
41;"PR";4107124;"410712";"Diamante do Sul";"Não";"Região Metropolitana de Cascavel";"Ocupantes de automóvel";NA;NA;NA;NA;NA;NA;NA;NA;NA;NA;NA;NA;NA;NA;NA;NA;NA;NA;NA;NA;NA;NA;NA;NA;NA
41;"PR";4107157;"410715";"Diamante D'Oeste";"Não";"Região Metropolitana de Toledo";"Ocupantes de automóvel";NA;NA;NA;NA;NA;NA;NA;NA;NA;NA;NA;NA;NA;NA;NA;NA;NA;NA;NA;NA;NA;NA;NA;NA;NA
41;"PR";4107207;"410720";"Dois Vizinhos";"Não";"-";"Ocupantes de automóvel";NA;NA;NA;NA;NA;NA;NA;NA;1;NA;NA;NA;NA;NA;NA;NA;NA;NA;NA;NA;NA;2;NA;2;NA
41;"PR";4107256;"410725";"Douradina";"Não";"Região Metropolitana de Umuarama";"Ocupantes de automóvel";NA;NA;NA;NA;NA;NA;NA;NA;NA;NA;NA;NA;NA;NA;NA;NA;NA;NA;NA;NA;NA;NA;NA;NA;NA
41;"PR";4107306;"410730";"Doutor Camargo";"Não";"Região Metropolitana de Maringá";"Ocupantes de automóvel";NA;NA;NA;NA;NA;NA;NA;NA;NA;1;NA;1;NA;1;2;2;NA;1;NA;NA;NA;NA;NA;NA;NA
41;"PR";4107405;"410740";"Enéas Marques";"Não";"-";"Ocupantes de automóvel";1;NA;NA;NA;NA;NA;NA;NA;NA;NA;NA;NA;NA;NA;NA;NA;NA;NA;NA;NA;NA;NA;NA;1;NA
41;"PR";4107504;"410750";"Engenheiro Beltrão";"Não";"Região Metropolitana de Campo Mourão";"Ocupantes de automóvel";1;NA;NA;NA;NA;NA;NA;NA;NA;3;3;1;2;NA;1;1;2;NA;NA;1;2;3;NA;NA;NA
41;"PR";4107520;"410752";"Esperança Nova";"Não";"Região Metropolitana de Umuarama";"Ocupantes de automóvel";NA;NA;NA;NA;NA;NA;NA;NA;NA;NA;NA;NA;NA;NA;NA;NA;NA;NA;NA;NA;NA;NA;NA;NA;NA
41;"PR";4107538;"410753";"Entre Rios do Oeste";"Não";"Região Metropolitana de Toledo";"Ocupantes de automóvel";NA;NA;NA;NA;NA;NA;NA;NA;NA;NA;NA;NA;NA;NA;NA;NA;NA;NA;NA;NA;NA;NA;1;NA;NA
41;"PR";4107546;"410754";"Espigão Alto do Iguaçu";"Não";"-";"Ocupantes de automóvel";NA;NA;NA;NA;NA;NA;NA;NA;NA;NA;NA;NA;NA;NA;NA;NA;NA;NA;NA;NA;NA;NA;NA;NA;NA
41;"PR";4107553;"410755";"Farol";"Não";"Região Metropolitana de Campo Mourão";"Ocupantes de automóvel";NA;NA;NA;1;NA;NA;NA;NA;NA;1;NA;NA;NA;NA;NA;1;NA;NA;NA;NA;NA;NA;NA;NA;NA
41;"PR";4107603;"410760";"Faxinal";"Não";"Região Metropolitana de Apucarana";"Ocupantes de automóvel";1;NA;NA;NA;NA;NA;NA;NA;1;NA;NA;NA;NA;NA;NA;NA;NA;NA;NA;NA;2;1;NA;NA;NA
41;"PR";4107652;"410765";"Fazenda Rio Grande";"Não";"Região Metropolitana de Curitiba";"Ocupantes de automóvel";NA;NA;NA;NA;NA;NA;1;NA;NA;1;NA;NA;NA;NA;NA;NA;NA;NA;NA;NA;NA;NA;2;1;NA
41;"PR";4107702;"410770";"Fênix";"Não";"Região Metropolitana de Campo Mourão";"Ocupantes de automóvel";1;NA;NA;NA;NA;NA;NA;NA;NA;NA;NA;NA;NA;NA;NA;NA;NA;NA;NA;NA;NA;1;NA;NA;NA
41;"PR";4107736;"410773";"Fernandes Pinheiro";"Não";"-";"Ocupantes de automóvel";NA;NA;NA;NA;NA;NA;NA;NA;NA;NA;NA;NA;NA;NA;NA;NA;NA;NA;NA;NA;NA;NA;NA;NA;NA
41;"PR";4107751;"410775";"Figueira";"Não";"-";"Ocupantes de automóvel";NA;NA;NA;NA;NA;NA;NA;NA;NA;NA;NA;NA;NA;NA;NA;NA;NA;NA;NA;NA;NA;1;NA;NA;NA
41;"PR";4107801;"410780";"Floraí";"Não";"Região Metropolitana de Maringá";"Ocupantes de automóvel";NA;NA;NA;NA;NA;NA;NA;NA;NA;NA;NA;NA;NA;NA;NA;NA;1;NA;NA;NA;NA;1;NA;NA;NA
41;"PR";4107850;"410785";"Flor da Serra do Sul";"Não";"-";"Ocupantes de automóvel";NA;NA;NA;NA;NA;NA;NA;NA;NA;NA;NA;NA;NA;NA;NA;NA;NA;NA;NA;NA;NA;NA;NA;NA;NA
41;"PR";4107900;"410790";"Floresta";"Não";"Região Metropolitana de Maringá";"Ocupantes de automóvel";NA;NA;NA;1;NA;NA;NA;NA;NA;NA;NA;NA;NA;NA;NA;NA;NA;NA;1;NA;NA;NA;1;1;NA
41;"PR";4108007;"410800";"Florestópolis";"Não";"Região Metropolitana de Londrina";"Ocupantes de automóvel";NA;NA;NA;NA;NA;NA;NA;NA;NA;NA;NA;NA;NA;NA;1;NA;1;NA;NA;NA;NA;NA;NA;2;NA
41;"PR";4108106;"410810";"Flórida";"Não";"Região Metropolitana de Maringá";"Ocupantes de automóvel";NA;NA;NA;NA;NA;NA;NA;NA;NA;NA;NA;NA;NA;NA;NA;NA;NA;NA;NA;NA;1;NA;NA;NA;NA
41;"PR";4108205;"410820";"Formosa do Oeste";"Não";"Região Metropolitana de Cascavel";"Ocupantes de automóvel";NA;NA;NA;NA;NA;NA;NA;NA;NA;NA;NA;NA;NA;NA;NA;NA;NA;NA;NA;NA;NA;NA;1;NA;NA
41;"PR";4108304;"410830";"Foz do Iguaçu";"Não";"-";"Ocupantes de automóvel";NA;2;NA;NA;3;1;2;NA;1;2;NA;2;2;NA;1;NA;NA;NA;2;1;1;2;1;NA;NA
41;"PR";4108320;"410832";"Francisco Alves";"Não";"Região Metropolitana de Umuarama";"Ocupantes de automóvel";NA;NA;NA;NA;NA;NA;NA;NA;NA;NA;NA;NA;NA;1;1;NA;2;1;NA;NA;1;1;NA;2;NA
41;"PR";4108403;"410840";"Francisco Beltrão";"Não";"-";"Ocupantes de automóvel";NA;1;2;NA;2;3;3;1;NA;1;2;1;1;1;2;NA;NA;1;NA;3;2;3;5;2;NA
41;"PR";4108452;"410845";"Foz do Jordão";"Não";"-";"Ocupantes de automóvel";NA;NA;NA;NA;NA;NA;NA;NA;NA;NA;NA;NA;NA;NA;NA;NA;NA;NA;NA;NA;NA;NA;NA;NA;NA
41;"PR";4108502;"410850";"General Carneiro";"Não";"-";"Ocupantes de automóvel";NA;NA;NA;NA;NA;NA;NA;NA;NA;NA;1;1;NA;NA;NA;2;NA;1;NA;NA;NA;NA;NA;2;NA
41;"PR";4108551;"410855";"Godoy Moreira";"Não";"Região Metropolitana de Apucarana";"Ocupantes de automóvel";NA;NA;NA;NA;NA;NA;NA;NA;NA;NA;NA;NA;NA;NA;NA;NA;NA;NA;NA;NA;NA;NA;NA;NA;NA
41;"PR";4108601;"410860";"Goioerê";"Não";"Região Metropolitana de Campo Mourão";"Ocupantes de automóvel";1;NA;NA;1;NA;NA;NA;NA;NA;NA;NA;NA;NA;NA;NA;NA;2;2;NA;NA;1;NA;1;3;NA
41;"PR";4108650;"410865";"Goioxim";"Não";"-";"Ocupantes de automóvel";NA;NA;NA;NA;NA;NA;NA;NA;NA;NA;NA;NA;NA;NA;NA;NA;NA;NA;NA;NA;NA;NA;NA;NA;NA
41;"PR";4108700;"410870";"Grandes Rios";"Não";"Região Metropolitana de Apucarana";"Ocupantes de automóvel";NA;NA;NA;NA;NA;NA;NA;NA;NA;NA;NA;NA;NA;NA;NA;NA;NA;NA;NA;NA;NA;NA;NA;NA;NA
41;"PR";4108809;"410880";"Guaíra";"Não";"Região Metropolitana de Toledo";"Ocupantes de automóvel";NA;NA;NA;NA;NA;NA;NA;NA;2;NA;NA;NA;NA;1;NA;NA;NA;1;2;NA;3;NA;1;1;NA
41;"PR";4108908;"410890";"Guairaçá";"Não";"-";"Ocupantes de automóvel";NA;NA;NA;NA;NA;NA;NA;NA;NA;NA;NA;NA;1;NA;NA;NA;NA;NA;1;1;NA;NA;1;1;NA
41;"PR";4108957;"410895";"Guamiranga";"Não";"-";"Ocupantes de automóvel";NA;NA;NA;NA;NA;NA;NA;NA;NA;NA;NA;NA;NA;NA;NA;1;NA;NA;NA;NA;NA;NA;NA;NA;NA
41;"PR";4109005;"410900";"Guapirama";"Não";"-";"Ocupantes de automóvel";NA;NA;NA;NA;NA;NA;NA;1;NA;1;2;NA;NA;NA;NA;NA;NA;NA;NA;NA;1;NA;NA;NA;NA
41;"PR";4109104;"410910";"Guaporema";"Não";"-";"Ocupantes de automóvel";NA;NA;NA;NA;NA;NA;NA;NA;NA;NA;NA;NA;NA;NA;NA;NA;NA;NA;NA;NA;NA;NA;NA;NA;NA
41;"PR";4109203;"410920";"Guaraci";"Não";"Região Metropolitana de Londrina";"Ocupantes de automóvel";NA;NA;NA;NA;NA;NA;NA;NA;NA;NA;NA;NA;NA;NA;NA;NA;NA;NA;1;2;1;NA;NA;1;NA
41;"PR";4109302;"410930";"Guaraniaçu";"Não";"Região Metropolitana de Cascavel";"Ocupantes de automóvel";NA;NA;NA;NA;NA;NA;NA;NA;NA;NA;NA;NA;NA;NA;NA;NA;1;NA;1;NA;NA;1;1;1;NA
41;"PR";4109401;"410940";"Guarapuava";"Não";"-";"Ocupantes de automóvel";NA;NA;NA;NA;NA;NA;NA;NA;NA;2;NA;1;NA;NA;1;1;1;2;1;3;4;6;7;5;NA
41;"PR";4109500;"410950";"Guaraqueçaba";"Não";"-";"Ocupantes de automóvel";NA;NA;NA;NA;NA;NA;NA;NA;NA;NA;NA;NA;NA;NA;NA;NA;NA;NA;NA;NA;NA;NA;NA;NA;NA
41;"PR";4109609;"410960";"Guaratuba";"Não";"-";"Ocupantes de automóvel";NA;NA;NA;NA;NA;NA;NA;NA;NA;NA;NA;NA;NA;NA;NA;NA;NA;1;NA;NA;NA;1;NA;1;NA
41;"PR";4109658;"410965";"Honório Serpa";"Não";"-";"Ocupantes de automóvel";NA;NA;NA;NA;NA;NA;NA;NA;NA;NA;NA;NA;NA;NA;NA;NA;NA;NA;NA;NA;2;NA;NA;NA;NA
41;"PR";4109708;"410970";"Ibaiti";"Não";"-";"Ocupantes de automóvel";NA;NA;NA;NA;NA;NA;NA;NA;1;NA;7;NA;NA;NA;NA;NA;2;NA;NA;NA;1;1;4;1;NA
41;"PR";4109757;"410975";"Ibema";"Não";"Região Metropolitana de Cascavel";"Ocupantes de automóvel";NA;NA;NA;NA;NA;NA;NA;NA;NA;NA;NA;NA;NA;1;NA;NA;NA;NA;NA;NA;NA;NA;NA;NA;NA
41;"PR";4109807;"410980";"Ibiporã";"Não";"Região Metropolitana de Londrina";"Ocupantes de automóvel";NA;NA;NA;2;NA;NA;1;NA;NA;NA;NA;1;NA;NA;1;NA;NA;1;NA;NA;1;NA;NA;NA;NA
41;"PR";4109906;"410990";"Icaraíma";"Não";"Região Metropolitana de Umuarama";"Ocupantes de automóvel";NA;NA;NA;NA;NA;NA;NA;NA;NA;NA;NA;NA;NA;NA;NA;NA;NA;NA;NA;NA;NA;NA;NA;NA;NA
41;"PR";4110003;"411000";"Iguaraçu";"Não";"Região Metropolitana de Maringá";"Ocupantes de automóvel";NA;NA;NA;NA;2;1;NA;NA;2;NA;NA;NA;1;NA;1;NA;NA;NA;NA;NA;NA;NA;NA;1;NA
41;"PR";4110052;"411005";"Iguatu";"Não";"Região Metropolitana de Cascavel";"Ocupantes de automóvel";NA;NA;NA;NA;NA;NA;NA;NA;NA;NA;NA;NA;NA;NA;NA;NA;NA;NA;NA;NA;NA;NA;NA;NA;NA
41;"PR";4110078;"411007";"Imbaú";"Não";"-";"Ocupantes de automóvel";NA;NA;NA;NA;NA;NA;NA;NA;NA;NA;1;NA;NA;NA;NA;NA;NA;NA;NA;NA;NA;NA;1;1;NA
41;"PR";4110102;"411010";"Imbituva";"Não";"-";"Ocupantes de automóvel";NA;NA;NA;NA;NA;NA;NA;NA;NA;NA;NA;NA;1;1;NA;NA;1;NA;NA;NA;NA;NA;NA;NA;NA
41;"PR";4110201;"411020";"Inácio Martins";"Não";"-";"Ocupantes de automóvel";NA;NA;NA;NA;NA;NA;NA;NA;NA;NA;NA;NA;NA;NA;NA;NA;NA;NA;NA;NA;NA;NA;NA;NA;NA
41;"PR";4110300;"411030";"Inajá";"Não";"-";"Ocupantes de automóvel";NA;NA;NA;NA;NA;NA;NA;NA;NA;NA;NA;NA;NA;NA;1;NA;NA;NA;1;NA;NA;NA;NA;NA;NA
41;"PR";4110409;"411040";"Indianópolis";"Não";"-";"Ocupantes de automóvel";NA;NA;NA;NA;NA;NA;NA;NA;NA;NA;NA;NA;NA;NA;NA;NA;NA;NA;NA;NA;NA;NA;NA;NA;NA
41;"PR";4110508;"411050";"Ipiranga";"Não";"-";"Ocupantes de automóvel";NA;NA;NA;NA;NA;NA;NA;NA;NA;NA;NA;NA;NA;NA;NA;NA;NA;NA;NA;NA;NA;NA;1;NA;NA
41;"PR";4110607;"411060";"Iporã";"Não";"Região Metropolitana de Umuarama";"Ocupantes de automóvel";NA;NA;NA;NA;NA;NA;NA;NA;NA;NA;NA;NA;NA;1;1;2;NA;1;NA;NA;NA;1;NA;2;NA
41;"PR";4110656;"411065";"Iracema do Oeste";"Não";"Região Metropolitana de Cascavel";"Ocupantes de automóvel";NA;NA;NA;NA;NA;NA;NA;NA;NA;NA;NA;NA;1;NA;NA;NA;1;NA;NA;NA;NA;NA;NA;NA;NA
41;"PR";4110706;"411070";"Irati";"Não";"-";"Ocupantes de automóvel";NA;NA;NA;NA;NA;NA;NA;NA;NA;NA;NA;NA;NA;2;1;NA;1;NA;NA;NA;1;1;2;1;NA
41;"PR";4110805;"411080";"Iretama";"Não";"Região Metropolitana de Campo Mourão";"Ocupantes de automóvel";1;NA;NA;NA;NA;NA;NA;NA;NA;NA;NA;NA;NA;NA;NA;NA;NA;NA;NA;NA;NA;2;2;1;NA
41;"PR";4110904;"411090";"Itaguajé";"Não";"-";"Ocupantes de automóvel";NA;NA;NA;NA;NA;NA;NA;1;NA;NA;1;NA;NA;NA;NA;NA;NA;1;NA;NA;NA;1;NA;1;NA
41;"PR";4110953;"411095";"Itaipulândia";"Não";"-";"Ocupantes de automóvel";NA;NA;NA;NA;NA;NA;NA;NA;NA;NA;NA;NA;NA;NA;NA;NA;NA;NA;NA;NA;NA;NA;NA;NA;NA
41;"PR";4111001;"411100";"Itambaracá";"Não";"-";"Ocupantes de automóvel";NA;NA;NA;NA;NA;NA;NA;NA;NA;NA;NA;NA;NA;1;NA;NA;NA;NA;NA;NA;NA;NA;NA;NA;NA
41;"PR";4111100;"411110";"Itambé";"Não";"Região Metropolitana de Maringá";"Ocupantes de automóvel";NA;NA;NA;NA;NA;NA;NA;NA;NA;NA;NA;NA;NA;NA;NA;NA;NA;NA;NA;NA;NA;NA;NA;NA;NA
41;"PR";4111209;"411120";"Itapejara d'Oeste";"Não";"-";"Ocupantes de automóvel";NA;NA;NA;NA;NA;NA;NA;NA;NA;NA;NA;NA;NA;NA;NA;NA;NA;NA;NA;NA;NA;NA;NA;NA;NA
41;"PR";4111258;"411125";"Itaperuçu";"Não";"Região Metropolitana de Curitiba";"Ocupantes de automóvel";NA;NA;NA;NA;NA;NA;NA;NA;NA;NA;NA;NA;NA;NA;NA;NA;NA;NA;NA;NA;1;NA;NA;NA;NA
41;"PR";4111308;"411130";"Itaúna do Sul";"Não";"-";"Ocupantes de automóvel";NA;NA;NA;NA;NA;NA;NA;NA;NA;NA;NA;NA;NA;NA;NA;NA;NA;1;NA;NA;NA;1;NA;NA;NA
41;"PR";4111407;"411140";"Ivaí";"Não";"-";"Ocupantes de automóvel";NA;NA;NA;NA;NA;NA;NA;NA;NA;NA;NA;NA;NA;NA;NA;NA;NA;NA;NA;NA;NA;NA;NA;NA;NA
41;"PR";4111506;"411150";"Ivaiporã";"Não";"Região Metropolitana de Apucarana";"Ocupantes de automóvel";NA;NA;NA;NA;NA;NA;NA;NA;1;NA;NA;NA;1;1;NA;5;2;1;NA;1;1;5;1;2;NA
41;"PR";4111555;"411155";"Ivaté";"Não";"Região Metropolitana de Umuarama";"Ocupantes de automóvel";NA;NA;NA;NA;NA;NA;NA;NA;NA;NA;NA;NA;NA;NA;NA;1;NA;1;NA;2;1;1;NA;2;NA
41;"PR";4111605;"411160";"Ivatuba";"Não";"Região Metropolitana de Maringá";"Ocupantes de automóvel";NA;NA;NA;NA;NA;NA;NA;NA;NA;NA;NA;NA;NA;NA;NA;NA;NA;NA;NA;NA;NA;NA;NA;NA;NA
41;"PR";4111704;"411170";"Jaboti";"Não";"-";"Ocupantes de automóvel";NA;NA;NA;NA;NA;NA;NA;NA;NA;NA;NA;NA;NA;NA;NA;1;NA;NA;NA;NA;NA;NA;NA;NA;NA
41;"PR";4111803;"411180";"Jacarezinho";"Não";"-";"Ocupantes de automóvel";NA;NA;NA;NA;NA;NA;NA;1;1;NA;NA;NA;NA;NA;3;1;1;2;2;1;2;1;4;2;NA
41;"PR";4111902;"411190";"Jaguapitã";"Não";"Região Metropolitana de Londrina";"Ocupantes de automóvel";NA;1;NA;NA;NA;NA;1;NA;NA;NA;NA;NA;NA;NA;1;NA;NA;NA;NA;NA;1;NA;NA;2;NA
41;"PR";4112009;"411200";"Jaguariaíva";"Não";"-";"Ocupantes de automóvel";NA;NA;NA;1;NA;NA;NA;NA;NA;3;NA;NA;NA;NA;NA;1;NA;1;NA;NA;NA;1;1;NA;NA
41;"PR";4112108;"411210";"Jandaia do Sul";"Não";"Região Metropolitana de Maringá";"Ocupantes de automóvel";NA;NA;NA;NA;NA;NA;NA;NA;NA;NA;NA;NA;NA;NA;NA;NA;1;1;NA;NA;1;2;2;NA;NA
41;"PR";4112207;"411220";"Janiópolis";"Não";"Região Metropolitana de Campo Mourão";"Ocupantes de automóvel";NA;NA;NA;NA;NA;NA;NA;NA;NA;NA;NA;NA;NA;NA;NA;NA;NA;NA;NA;3;NA;NA;NA;NA;NA
41;"PR";4112306;"411230";"Japira";"Não";"-";"Ocupantes de automóvel";NA;NA;NA;NA;NA;NA;NA;NA;NA;NA;NA;NA;1;NA;NA;NA;NA;2;NA;NA;NA;NA;1;NA;NA
41;"PR";4112405;"411240";"Japurá";"Não";"-";"Ocupantes de automóvel";NA;NA;NA;NA;NA;NA;NA;NA;NA;NA;NA;NA;NA;NA;NA;NA;NA;NA;NA;NA;NA;NA;NA;NA;NA
41;"PR";4112504;"411250";"Jardim Alegre";"Não";"Região Metropolitana de Apucarana";"Ocupantes de automóvel";NA;NA;NA;NA;NA;NA;NA;NA;1;1;NA;NA;NA;NA;1;NA;NA;NA;NA;NA;NA;1;NA;NA;NA
41;"PR";4112603;"411260";"Jardim Olinda";"Não";"-";"Ocupantes de automóvel";NA;NA;NA;NA;NA;NA;NA;NA;NA;NA;NA;NA;NA;NA;NA;NA;NA;NA;NA;NA;NA;NA;NA;NA;NA
41;"PR";4112702;"411270";"Jataizinho";"Não";"Região Metropolitana de Londrina";"Ocupantes de automóvel";NA;NA;NA;NA;1;NA;NA;NA;NA;NA;NA;NA;NA;1;NA;1;NA;NA;NA;NA;NA;NA;NA;NA;NA
41;"PR";4112751;"411275";"Jesuítas";"Não";"Região Metropolitana de Cascavel";"Ocupantes de automóvel";NA;NA;NA;NA;NA;NA;NA;NA;NA;1;NA;1;1;NA;3;4;NA;NA;1;NA;NA;NA;NA;NA;NA
41;"PR";4112801;"411280";"Joaquim Távora";"Não";"-";"Ocupantes de automóvel";NA;NA;NA;NA;NA;NA;NA;NA;NA;NA;2;NA;NA;NA;3;NA;NA;NA;1;NA;NA;2;1;NA;NA
41;"PR";4112900;"411290";"Jundiaí do Sul";"Não";"-";"Ocupantes de automóvel";NA;NA;NA;NA;NA;NA;NA;NA;NA;NA;NA;NA;NA;NA;NA;NA;NA;NA;NA;NA;NA;NA;NA;NA;NA
41;"PR";4112959;"411295";"Juranda";"Não";"Região Metropolitana de Campo Mourão";"Ocupantes de automóvel";NA;NA;NA;NA;NA;NA;NA;1;NA;NA;NA;NA;NA;NA;1;NA;NA;NA;NA;NA;1;NA;NA;NA;NA
41;"PR";4113007;"411300";"Jussara";"Não";"-";"Ocupantes de automóvel";NA;NA;NA;NA;NA;NA;NA;NA;NA;NA;1;NA;NA;1;NA;NA;NA;NA;1;NA;1;NA;NA;NA;NA
41;"PR";4113106;"411310";"Kaloré";"Não";"Região Metropolitana de Apucarana";"Ocupantes de automóvel";NA;NA;NA;NA;NA;NA;NA;NA;NA;NA;NA;NA;NA;1;NA;NA;NA;NA;NA;NA;NA;NA;NA;NA;NA
41;"PR";4113205;"411320";"Lapa";"Não";"Região Metropolitana de Curitiba";"Ocupantes de automóvel";NA;NA;NA;NA;NA;NA;NA;NA;NA;NA;NA;NA;NA;NA;NA;NA;NA;NA;NA;NA;1;1;1;1;NA
41;"PR";4113254;"411325";"Laranjal";"Não";"-";"Ocupantes de automóvel";NA;NA;NA;NA;NA;NA;NA;1;NA;NA;NA;NA;NA;NA;NA;NA;NA;NA;NA;NA;NA;1;NA;NA;NA
41;"PR";4113304;"411330";"Laranjeiras do Sul";"Não";"-";"Ocupantes de automóvel";NA;NA;NA;NA;NA;NA;NA;NA;NA;NA;NA;NA;NA;NA;NA;NA;NA;NA;1;NA;NA;2;2;1;NA
41;"PR";4113403;"411340";"Leópolis";"Não";"-";"Ocupantes de automóvel";NA;NA;NA;NA;NA;NA;NA;NA;NA;NA;1;NA;NA;NA;NA;NA;NA;NA;NA;NA;NA;NA;NA;NA;NA
41;"PR";4113429;"411342";"Lidianópolis";"Não";"Região Metropolitana de Apucarana";"Ocupantes de automóvel";NA;NA;NA;NA;NA;NA;NA;NA;NA;1;1;NA;NA;NA;NA;NA;NA;1;NA;NA;NA;NA;1;2;NA
41;"PR";4113452;"411345";"Lindoeste";"Não";"Região Metropolitana de Cascavel";"Ocupantes de automóvel";NA;NA;NA;NA;NA;NA;NA;NA;NA;NA;NA;NA;NA;NA;NA;NA;NA;NA;NA;NA;NA;NA;NA;NA;NA
41;"PR";4113502;"411350";"Loanda";"Não";"-";"Ocupantes de automóvel";NA;NA;1;NA;1;NA;NA;NA;NA;NA;NA;1;NA;NA;1;1;4;NA;NA;NA;1;NA;NA;2;NA
41;"PR";4113601;"411360";"Lobato";"Não";"Região Metropolitana de Maringá";"Ocupantes de automóvel";NA;NA;NA;NA;NA;NA;NA;NA;NA;NA;NA;1;NA;NA;NA;NA;NA;NA;NA;NA;NA;NA;NA;NA;NA
41;"PR";4113700;"411370";"Londrina";"Não";"Região Metropolitana de Londrina";"Ocupantes de automóvel";3;2;1;1;4;4;2;4;3;5;2;5;2;3;4;4;3;4;3;11;5;5;9;8;NA
41;"PR";4113734;"411373";"Luiziana";"Não";"Região Metropolitana de Campo Mourão";"Ocupantes de automóvel";NA;NA;1;1;2;NA;NA;NA;NA;NA;2;NA;NA;NA;NA;NA;NA;1;NA;NA;1;1;NA;NA;NA
41;"PR";4113759;"411375";"Lunardelli";"Não";"Região Metropolitana de Apucarana";"Ocupantes de automóvel";1;NA;NA;NA;NA;NA;NA;NA;NA;NA;NA;NA;1;NA;NA;1;NA;1;NA;NA;NA;NA;NA;NA;NA
41;"PR";4113809;"411380";"Lupionópolis";"Não";"Região Metropolitana de Londrina";"Ocupantes de automóvel";NA;NA;NA;NA;NA;NA;NA;NA;1;NA;3;NA;NA;NA;NA;NA;NA;NA;1;1;NA;NA;NA;NA;NA
41;"PR";4113908;"411390";"Mallet";"Não";"-";"Ocupantes de automóvel";NA;NA;NA;NA;NA;NA;NA;NA;NA;NA;NA;NA;NA;NA;NA;NA;NA;NA;NA;NA;NA;NA;NA;NA;NA
41;"PR";4114005;"411400";"Mamborê";"Não";"Região Metropolitana de Campo Mourão";"Ocupantes de automóvel";NA;NA;NA;NA;NA;NA;NA;NA;NA;NA;NA;NA;1;NA;3;3;NA;2;3;1;NA;NA;NA;2;NA
41;"PR";4114104;"411410";"Mandaguaçu";"Não";"Região Metropolitana de Maringá";"Ocupantes de automóvel";NA;NA;NA;NA;NA;NA;NA;NA;NA;NA;1;NA;NA;NA;NA;NA;1;NA;NA;NA;NA;NA;NA;1;NA
41;"PR";4114203;"411420";"Mandaguari";"Não";"Região Metropolitana de Maringá";"Ocupantes de automóvel";NA;NA;1;NA;1;NA;1;NA;NA;NA;NA;NA;NA;2;1;NA;NA;NA;NA;1;1;4;NA;1;NA
41;"PR";4114302;"411430";"Mandirituba";"Não";"Região Metropolitana de Curitiba";"Ocupantes de automóvel";NA;NA;NA;NA;NA;NA;NA;NA;NA;NA;NA;NA;NA;NA;NA;NA;NA;1;NA;NA;NA;2;NA;1;NA
41;"PR";4114351;"411435";"Manfrinópolis";"Não";"-";"Ocupantes de automóvel";NA;NA;NA;NA;NA;NA;NA;NA;NA;NA;NA;NA;NA;NA;NA;NA;NA;NA;1;NA;NA;NA;NA;NA;NA
41;"PR";4114401;"411440";"Mangueirinha";"Não";"-";"Ocupantes de automóvel";NA;NA;NA;NA;1;NA;NA;NA;NA;2;NA;NA;NA;NA;NA;NA;NA;NA;NA;1;1;NA;1;NA;NA
41;"PR";4114500;"411450";"Manoel Ribas";"Não";"-";"Ocupantes de automóvel";NA;NA;NA;NA;NA;NA;NA;1;NA;1;NA;NA;NA;NA;NA;NA;1;NA;NA;NA;NA;NA;NA;NA;NA
41;"PR";4114609;"411460";"Marechal Cândido Rondon";"Não";"Região Metropolitana de Toledo";"Ocupantes de automóvel";NA;NA;NA;NA;1;NA;NA;NA;NA;NA;NA;NA;1;1;1;2;2;NA;1;1;NA;NA;NA;1;NA
41;"PR";4114708;"411470";"Maria Helena";"Não";"Região Metropolitana de Umuarama";"Ocupantes de automóvel";NA;NA;NA;NA;NA;NA;NA;NA;NA;NA;NA;NA;NA;NA;1;NA;NA;NA;NA;NA;NA;NA;NA;NA;NA
41;"PR";4114807;"411480";"Marialva";"Não";"Região Metropolitana de Maringá";"Ocupantes de automóvel";NA;NA;NA;NA;NA;NA;NA;NA;NA;NA;2;NA;NA;1;1;NA;NA;NA;NA;1;NA;2;NA;1;NA
41;"PR";4114906;"411490";"Marilândia do Sul";"Não";"Região Metropolitana de Apucarana";"Ocupantes de automóvel";NA;NA;NA;NA;2;1;1;NA;NA;NA;NA;1;NA;NA;1;1;NA;1;NA;NA;NA;NA;NA;NA;NA
41;"PR";4115002;"411500";"Marilena";"Não";"-";"Ocupantes de automóvel";NA;NA;NA;NA;NA;NA;NA;NA;NA;NA;NA;NA;NA;NA;NA;NA;NA;NA;NA;1;NA;NA;NA;NA;NA
41;"PR";4115101;"411510";"Mariluz";"Não";"Região Metropolitana de Umuarama";"Ocupantes de automóvel";NA;NA;NA;NA;NA;NA;NA;NA;NA;NA;NA;NA;NA;NA;1;NA;NA;NA;NA;1;1;NA;NA;NA;NA
41;"PR";4115200;"411520";"Maringá";"Não";"Região Metropolitana de Maringá";"Ocupantes de automóvel";NA;1;2;1;3;4;NA;2;5;NA;5;NA;4;3;3;4;5;1;1;4;3;NA;4;2;NA
41;"PR";4115309;"411530";"Mariópolis";"Não";"-";"Ocupantes de automóvel";NA;NA;NA;NA;NA;NA;NA;NA;NA;NA;NA;NA;1;NA;1;NA;NA;NA;NA;NA;NA;NA;NA;NA;NA
41;"PR";4115358;"411535";"Maripá";"Não";"Região Metropolitana de Toledo";"Ocupantes de automóvel";NA;NA;NA;NA;NA;NA;NA;NA;NA;NA;NA;NA;NA;NA;NA;NA;NA;NA;NA;NA;NA;1;NA;1;NA
41;"PR";4115408;"411540";"Marmeleiro";"Não";"-";"Ocupantes de automóvel";NA;NA;NA;NA;NA;NA;NA;NA;NA;NA;NA;NA;NA;NA;NA;NA;NA;NA;NA;NA;NA;NA;NA;NA;NA
41;"PR";4115457;"411545";"Marquinho";"Não";"-";"Ocupantes de automóvel";NA;NA;NA;NA;NA;NA;NA;NA;NA;NA;NA;NA;2;NA;NA;NA;NA;NA;NA;NA;NA;NA;NA;NA;NA
41;"PR";4115507;"411550";"Marumbi";"Não";"Região Metropolitana de Apucarana";"Ocupantes de automóvel";NA;NA;NA;NA;NA;NA;NA;NA;NA;NA;NA;NA;NA;NA;NA;NA;NA;NA;NA;NA;NA;NA;NA;NA;NA
41;"PR";4115606;"411560";"Matelândia";"Não";"Região Metropolitana de Cascavel";"Ocupantes de automóvel";NA;NA;NA;NA;1;NA;NA;NA;NA;NA;NA;NA;NA;NA;NA;1;1;NA;NA;NA;NA;NA;NA;NA;NA
41;"PR";4115705;"411570";"Matinhos";"Não";"-";"Ocupantes de automóvel";NA;NA;NA;NA;NA;NA;NA;NA;NA;NA;NA;NA;NA;NA;NA;NA;NA;NA;NA;NA;NA;NA;NA;NA;NA
41;"PR";4115739;"411573";"Mato Rico";"Não";"-";"Ocupantes de automóvel";NA;NA;NA;NA;NA;NA;NA;NA;NA;NA;NA;NA;NA;NA;NA;NA;NA;NA;NA;NA;NA;NA;NA;NA;NA
41;"PR";4115754;"411575";"Mauá da Serra";"Não";"Região Metropolitana de Apucarana";"Ocupantes de automóvel";NA;NA;NA;NA;NA;NA;1;NA;NA;NA;NA;NA;NA;NA;NA;NA;NA;NA;NA;NA;NA;NA;1;1;NA
41;"PR";4115804;"411580";"Medianeira";"Não";"-";"Ocupantes de automóvel";NA;NA;NA;NA;NA;NA;NA;NA;NA;NA;NA;NA;1;NA;NA;1;NA;NA;2;NA;NA;NA;NA;NA;NA
41;"PR";4115853;"411585";"Mercedes";"Não";"Região Metropolitana de Toledo";"Ocupantes de automóvel";NA;NA;NA;NA;NA;NA;NA;NA;NA;NA;NA;NA;NA;NA;NA;NA;NA;NA;1;NA;NA;NA;2;NA;NA
41;"PR";4115903;"411590";"Mirador";"Não";"-";"Ocupantes de automóvel";NA;NA;NA;NA;NA;NA;NA;NA;NA;NA;NA;NA;NA;NA;NA;NA;NA;NA;NA;NA;NA;NA;NA;NA;NA
41;"PR";4116000;"411600";"Miraselva";"Não";"Região Metropolitana de Londrina";"Ocupantes de automóvel";NA;NA;NA;NA;NA;1;1;NA;NA;NA;NA;NA;NA;NA;NA;NA;NA;NA;NA;NA;NA;NA;NA;NA;NA
41;"PR";4116059;"411605";"Missal";"Não";"-";"Ocupantes de automóvel";NA;NA;NA;NA;NA;NA;NA;NA;NA;NA;NA;NA;1;NA;NA;NA;NA;NA;NA;NA;NA;3;NA;NA;NA
41;"PR";4116109;"411610";"Moreira Sales";"Não";"Região Metropolitana de Campo Mourão";"Ocupantes de automóvel";NA;NA;NA;NA;NA;NA;NA;NA;NA;NA;NA;NA;NA;1;NA;NA;1;3;NA;NA;3;NA;NA;3;NA
41;"PR";4116208;"411620";"Morretes";"Não";"-";"Ocupantes de automóvel";NA;NA;1;NA;NA;NA;NA;NA;NA;1;1;1;NA;NA;NA;1;1;1;NA;NA;NA;NA;NA;1;NA
41;"PR";4116307;"411630";"Munhoz de Melo";"Não";"Região Metropolitana de Maringá";"Ocupantes de automóvel";NA;NA;NA;NA;NA;NA;NA;1;NA;NA;NA;1;NA;NA;NA;NA;NA;NA;NA;NA;NA;NA;NA;NA;NA
41;"PR";4116406;"411640";"Nossa Senhora das Graças";"Não";"-";"Ocupantes de automóvel";NA;NA;NA;NA;NA;NA;NA;NA;NA;NA;NA;NA;NA;NA;NA;NA;NA;NA;NA;NA;NA;1;NA;1;NA
41;"PR";4116505;"411650";"Nova Aliança do Ivaí";"Não";"-";"Ocupantes de automóvel";NA;NA;NA;NA;NA;NA;NA;NA;NA;NA;NA;NA;NA;NA;NA;NA;NA;NA;NA;NA;NA;NA;NA;NA;NA
41;"PR";4116604;"411660";"Nova América da Colina";"Não";"-";"Ocupantes de automóvel";NA;NA;NA;NA;NA;NA;NA;NA;NA;NA;NA;NA;NA;NA;NA;NA;NA;NA;NA;NA;NA;NA;NA;NA;NA
41;"PR";4116703;"411670";"Nova Aurora";"Não";"Região Metropolitana de Cascavel";"Ocupantes de automóvel";NA;NA;NA;NA;NA;NA;NA;NA;NA;NA;NA;NA;NA;1;NA;NA;NA;NA;1;NA;1;1;NA;NA;NA
41;"PR";4116802;"411680";"Nova Cantu";"Não";"Região Metropolitana de Campo Mourão";"Ocupantes de automóvel";NA;NA;NA;NA;NA;NA;NA;NA;NA;NA;NA;NA;NA;NA;NA;NA;NA;NA;NA;2;NA;NA;NA;NA;NA
41;"PR";4116901;"411690";"Nova Esperança";"Não";"Região Metropolitana de Maringá";"Ocupantes de automóvel";NA;NA;1;NA;NA;NA;NA;NA;NA;1;NA;NA;NA;1;3;1;NA;NA;NA;1;NA;2;NA;NA;NA
41;"PR";4116950;"411695";"Nova Esperança do Sudoeste";"Não";"-";"Ocupantes de automóvel";NA;NA;NA;NA;NA;NA;NA;NA;NA;NA;NA;NA;NA;NA;NA;NA;NA;NA;NA;NA;NA;NA;NA;NA;NA
41;"PR";4117008;"411700";"Nova Fátima";"Não";"-";"Ocupantes de automóvel";NA;NA;NA;NA;NA;NA;NA;NA;NA;NA;NA;NA;NA;NA;NA;NA;NA;NA;NA;NA;2;NA;NA;1;NA
41;"PR";4117057;"411705";"Nova Laranjeiras";"Não";"-";"Ocupantes de automóvel";NA;NA;NA;NA;NA;NA;NA;NA;NA;NA;NA;NA;NA;NA;NA;1;NA;NA;NA;NA;NA;NA;NA;NA;NA
41;"PR";4117107;"411710";"Nova Londrina";"Não";"-";"Ocupantes de automóvel";NA;1;NA;NA;NA;NA;NA;NA;NA;NA;1;NA;NA;NA;NA;1;1;NA;NA;1;NA;NA;1;NA;NA
41;"PR";4117206;"411720";"Nova Olímpia";"Não";"Região Metropolitana de Umuarama";"Ocupantes de automóvel";NA;NA;NA;NA;NA;NA;NA;NA;NA;NA;NA;NA;1;NA;NA;1;NA;NA;NA;NA;NA;NA;NA;NA;NA
41;"PR";4117214;"411721";"Nova Santa Bárbara";"Não";"-";"Ocupantes de automóvel";NA;NA;NA;NA;NA;NA;NA;NA;NA;NA;NA;NA;NA;NA;NA;NA;NA;NA;NA;NA;NA;NA;NA;NA;NA
41;"PR";4117222;"411722";"Nova Santa Rosa";"Não";"Região Metropolitana de Toledo";"Ocupantes de automóvel";NA;NA;NA;NA;NA;NA;NA;NA;NA;NA;NA;NA;NA;NA;NA;NA;NA;NA;NA;NA;NA;NA;NA;NA;NA
41;"PR";4117255;"411725";"Nova Prata do Iguaçu";"Não";"-";"Ocupantes de automóvel";NA;NA;NA;NA;NA;NA;NA;NA;NA;NA;NA;1;NA;NA;NA;NA;NA;NA;NA;NA;NA;1;NA;NA;NA
41;"PR";4117271;"411727";"Nova Tebas";"Não";"-";"Ocupantes de automóvel";NA;NA;NA;NA;6;NA;NA;NA;NA;NA;NA;NA;NA;NA;NA;NA;NA;NA;NA;NA;NA;2;3;NA;NA
41;"PR";4117297;"411729";"Novo Itacolomi";"Não";"Região Metropolitana de Apucarana";"Ocupantes de automóvel";NA;NA;NA;NA;NA;NA;NA;NA;NA;NA;NA;NA;NA;NA;NA;NA;NA;NA;NA;NA;NA;NA;NA;NA;NA
41;"PR";4117305;"411730";"Ortigueira";"Não";"-";"Ocupantes de automóvel";NA;NA;1;1;NA;1;NA;NA;1;NA;NA;1;NA;NA;1;NA;1;1;NA;NA;NA;1;6;2;NA
41;"PR";4117404;"411740";"Ourizona";"Não";"Região Metropolitana de Maringá";"Ocupantes de automóvel";NA;NA;NA;NA;NA;NA;NA;NA;NA;NA;NA;NA;NA;NA;NA;NA;NA;NA;NA;NA;NA;NA;NA;NA;NA
41;"PR";4117453;"411745";"Ouro Verde do Oeste";"Não";"Região Metropolitana de Toledo";"Ocupantes de automóvel";NA;NA;NA;NA;NA;NA;NA;NA;NA;NA;NA;NA;NA;NA;NA;NA;NA;1;NA;NA;3;NA;1;NA;NA
41;"PR";4117503;"411750";"Paiçandu";"Não";"Região Metropolitana de Maringá";"Ocupantes de automóvel";NA;NA;NA;NA;NA;NA;NA;NA;NA;NA;1;NA;NA;NA;NA;NA;NA;NA;NA;NA;NA;1;NA;NA;NA
41;"PR";4117602;"411760";"Palmas";"Não";"-";"Ocupantes de automóvel";NA;NA;NA;NA;NA;NA;1;NA;1;NA;1;1;1;3;NA;NA;1;1;3;1;4;2;NA;NA;NA
41;"PR";4117701;"411770";"Palmeira";"Não";"-";"Ocupantes de automóvel";NA;NA;NA;NA;NA;NA;NA;NA;NA;NA;1;NA;NA;2;2;2;2;NA;1;NA;2;NA;NA;3;NA
41;"PR";4117800;"411780";"Palmital";"Não";"-";"Ocupantes de automóvel";NA;NA;NA;NA;NA;NA;NA;NA;NA;NA;NA;NA;NA;1;NA;NA;NA;NA;NA;NA;NA;1;NA;NA;NA
41;"PR";4117909;"411790";"Palotina";"Não";"Região Metropolitana de Toledo";"Ocupantes de automóvel";NA;NA;NA;NA;NA;2;NA;NA;NA;NA;1;1;2;2;1;1;NA;NA;NA;1;2;3;1;2;NA
41;"PR";4118006;"411800";"Paraíso do Norte";"Não";"-";"Ocupantes de automóvel";NA;NA;NA;NA;NA;NA;NA;1;NA;NA;NA;NA;NA;NA;NA;NA;NA;1;NA;NA;NA;1;2;1;NA
41;"PR";4118105;"411810";"Paranacity";"Não";"-";"Ocupantes de automóvel";NA;NA;NA;NA;NA;NA;NA;NA;NA;NA;NA;NA;1;NA;1;NA;NA;NA;2;1;NA;NA;1;NA;NA
41;"PR";4118204;"411820";"Paranaguá";"Não";"-";"Ocupantes de automóvel";NA;1;1;NA;NA;1;1;NA;NA;2;NA;NA;NA;NA;NA;1;NA;2;NA;1;NA;1;1;3;NA
41;"PR";4118303;"411830";"Paranapoema";"Não";"-";"Ocupantes de automóvel";NA;NA;NA;NA;NA;NA;NA;NA;NA;NA;NA;NA;1;NA;NA;NA;NA;NA;NA;1;NA;NA;NA;NA;NA
41;"PR";4118402;"411840";"Paranavaí";"Não";"-";"Ocupantes de automóvel";NA;1;1;1;2;NA;3;NA;3;3;2;NA;NA;1;NA;NA;2;3;2;3;5;5;1;3;NA
41;"PR";4118451;"411845";"Pato Bragado";"Não";"Região Metropolitana de Toledo";"Ocupantes de automóvel";NA;NA;NA;NA;NA;NA;NA;NA;NA;NA;NA;NA;NA;NA;NA;NA;NA;NA;NA;NA;NA;NA;NA;NA;NA
41;"PR";4118501;"411850";"Pato Branco";"Não";"-";"Ocupantes de automóvel";1;NA;NA;NA;1;NA;NA;NA;1;1;NA;1;2;3;NA;NA;1;NA;1;2;NA;NA;3;1;NA
41;"PR";4118600;"411860";"Paula Freitas";"Não";"-";"Ocupantes de automóvel";NA;NA;NA;NA;NA;NA;NA;NA;NA;NA;NA;NA;NA;NA;NA;NA;NA;NA;NA;NA;NA;NA;NA;1;NA
41;"PR";4118709;"411870";"Paulo Frontin";"Não";"-";"Ocupantes de automóvel";NA;NA;NA;NA;NA;NA;NA;NA;NA;NA;NA;NA;NA;NA;NA;NA;NA;NA;NA;NA;NA;NA;NA;NA;NA
41;"PR";4118808;"411880";"Peabiru";"Não";"Região Metropolitana de Campo Mourão";"Ocupantes de automóvel";NA;NA;NA;NA;NA;NA;NA;NA;NA;NA;NA;NA;NA;NA;NA;NA;NA;NA;NA;NA;2;1;NA;1;NA
41;"PR";4118857;"411885";"Perobal";"Não";"Região Metropolitana de Umuarama";"Ocupantes de automóvel";NA;NA;NA;NA;NA;NA;NA;1;NA;NA;NA;NA;NA;NA;NA;NA;NA;NA;NA;NA;1;NA;NA;NA;NA
41;"PR";4118907;"411890";"Pérola";"Não";"Região Metropolitana de Umuarama";"Ocupantes de automóvel";NA;NA;NA;NA;NA;NA;NA;NA;NA;NA;NA;NA;NA;1;NA;NA;NA;2;NA;1;NA;NA;NA;NA;NA
41;"PR";4119004;"411900";"Pérola d'Oeste";"Não";"-";"Ocupantes de automóvel";NA;NA;NA;1;NA;NA;NA;NA;NA;NA;NA;NA;NA;NA;NA;NA;NA;NA;NA;NA;NA;NA;1;NA;NA
41;"PR";4119103;"411910";"Piên";"Não";"Região Metropolitana de Curitiba";"Ocupantes de automóvel";NA;NA;NA;NA;NA;NA;NA;NA;NA;NA;NA;NA;NA;NA;NA;NA;NA;NA;1;NA;NA;NA;NA;NA;NA
41;"PR";4119152;"411915";"Pinhais";"Não";"Região Metropolitana de Curitiba";"Ocupantes de automóvel";NA;NA;NA;NA;NA;NA;NA;NA;NA;NA;NA;NA;NA;NA;NA;NA;NA;NA;NA;NA;NA;NA;1;NA;NA
41;"PR";4119202;"411920";"Pinhalão";"Não";"-";"Ocupantes de automóvel";NA;NA;NA;NA;NA;NA;NA;NA;NA;NA;NA;NA;NA;NA;NA;NA;NA;NA;3;NA;NA;NA;NA;NA;NA
41;"PR";4119251;"411925";"Pinhal de São Bento";"Não";"-";"Ocupantes de automóvel";NA;NA;NA;NA;NA;NA;NA;NA;NA;NA;NA;NA;NA;NA;NA;NA;NA;NA;1;NA;NA;NA;NA;NA;NA
41;"PR";4119301;"411930";"Pinhão";"Não";"-";"Ocupantes de automóvel";NA;NA;NA;NA;1;NA;NA;NA;NA;NA;NA;NA;NA;1;NA;NA;NA;NA;NA;NA;1;4;1;NA;NA
41;"PR";4119400;"411940";"Piraí do Sul";"Não";"-";"Ocupantes de automóvel";NA;NA;NA;NA;NA;2;NA;NA;1;1;NA;NA;2;NA;1;NA;1;NA;NA;1;1;NA;NA;1;NA
41;"PR";4119509;"411950";"Piraquara";"Não";"Região Metropolitana de Curitiba";"Ocupantes de automóvel";NA;NA;1;NA;NA;NA;NA;NA;NA;NA;NA;NA;NA;NA;NA;NA;NA;1;NA;NA;NA;NA;NA;NA;NA
41;"PR";4119608;"411960";"Pitanga";"Não";"-";"Ocupantes de automóvel";NA;NA;NA;NA;NA;NA;NA;NA;NA;NA;NA;NA;NA;NA;NA;NA;NA;1;NA;1;NA;1;NA;2;NA
41;"PR";4119657;"411965";"Pitangueiras";"Não";"Região Metropolitana de Londrina";"Ocupantes de automóvel";NA;NA;NA;NA;NA;NA;NA;NA;NA;NA;NA;NA;NA;NA;NA;NA;NA;NA;NA;NA;NA;NA;NA;1;NA
41;"PR";4119707;"411970";"Planaltina do Paraná";"Não";"-";"Ocupantes de automóvel";NA;NA;NA;NA;NA;NA;NA;NA;NA;NA;NA;NA;NA;NA;NA;NA;NA;NA;NA;NA;NA;1;NA;NA;NA
41;"PR";4119806;"411980";"Planalto";"Não";"-";"Ocupantes de automóvel";NA;NA;NA;NA;NA;NA;NA;NA;NA;NA;NA;NA;NA;NA;NA;NA;NA;NA;NA;NA;NA;NA;NA;NA;NA
41;"PR";4119905;"411990";"Ponta Grossa";"Não";"-";"Ocupantes de automóvel";1;1;1;3;3;2;1;8;5;3;3;2;1;2;5;2;1;NA;1;5;1;3;2;3;NA
41;"PR";4119954;"411995";"Pontal do Paraná";"Não";"-";"Ocupantes de automóvel";NA;NA;NA;NA;NA;NA;NA;NA;NA;NA;1;NA;1;NA;NA;NA;NA;NA;NA;NA;NA;NA;NA;1;NA
41;"PR";4120002;"412000";"Porecatu";"Não";"Região Metropolitana de Londrina";"Ocupantes de automóvel";NA;NA;NA;1;NA;NA;NA;NA;NA;NA;NA;1;NA;NA;NA;NA;NA;NA;NA;NA;1;NA;NA;1;NA
41;"PR";4120101;"412010";"Porto Amazonas";"Não";"-";"Ocupantes de automóvel";NA;NA;NA;NA;NA;NA;NA;NA;NA;NA;NA;NA;NA;NA;NA;NA;NA;NA;NA;NA;NA;NA;NA;NA;NA
41;"PR";4120150;"412015";"Porto Barreiro";"Não";"-";"Ocupantes de automóvel";NA;NA;NA;NA;NA;NA;NA;NA;NA;NA;NA;NA;NA;NA;NA;NA;NA;NA;NA;NA;NA;NA;NA;NA;NA
41;"PR";4120200;"412020";"Porto Rico";"Não";"-";"Ocupantes de automóvel";NA;NA;NA;NA;NA;NA;NA;NA;NA;1;NA;NA;NA;NA;NA;NA;NA;NA;NA;NA;NA;1;NA;NA;NA
41;"PR";4120309;"412030";"Porto Vitória";"Não";"-";"Ocupantes de automóvel";NA;NA;NA;NA;NA;NA;NA;NA;NA;NA;NA;NA;NA;NA;NA;NA;NA;NA;NA;NA;NA;NA;NA;NA;NA
41;"PR";4120333;"412033";"Prado Ferreira";"Não";"Região Metropolitana de Londrina";"Ocupantes de automóvel";NA;NA;NA;NA;NA;NA;NA;NA;NA;NA;NA;NA;NA;NA;NA;NA;NA;NA;NA;NA;NA;NA;NA;NA;NA
41;"PR";4120358;"412035";"Pranchita";"Não";"-";"Ocupantes de automóvel";NA;NA;NA;NA;NA;NA;NA;NA;NA;NA;NA;NA;1;NA;NA;NA;NA;NA;NA;NA;1;NA;NA;NA;NA
41;"PR";4120408;"412040";"Presidente Castelo Branco";"Não";"Região Metropolitana de Maringá";"Ocupantes de automóvel";NA;NA;NA;NA;NA;NA;NA;NA;NA;NA;NA;NA;NA;1;NA;NA;NA;NA;NA;NA;NA;NA;NA;NA;NA
41;"PR";4120507;"412050";"Primeiro de Maio";"Não";"Região Metropolitana de Londrina";"Ocupantes de automóvel";NA;NA;1;NA;NA;NA;NA;NA;NA;NA;NA;NA;NA;NA;NA;NA;NA;NA;NA;NA;NA;2;NA;NA;NA
41;"PR";4120606;"412060";"Prudentópolis";"Não";"-";"Ocupantes de automóvel";NA;NA;NA;NA;1;NA;1;NA;NA;NA;NA;NA;NA;NA;NA;NA;2;1;NA;NA;NA;NA;NA;1;NA
41;"PR";4120655;"412065";"Quarto Centenário";"Não";"Região Metropolitana de Campo Mourão";"Ocupantes de automóvel";NA;NA;NA;NA;NA;NA;NA;NA;NA;NA;1;NA;NA;1;NA;NA;NA;1;NA;NA;1;NA;1;NA;NA
41;"PR";4120705;"412070";"Quatiguá";"Não";"-";"Ocupantes de automóvel";NA;NA;NA;NA;NA;NA;NA;NA;NA;NA;NA;NA;NA;NA;NA;NA;2;NA;NA;NA;NA;NA;NA;NA;NA
41;"PR";4120804;"412080";"Quatro Barras";"Não";"Região Metropolitana de Curitiba";"Ocupantes de automóvel";NA;NA;NA;NA;NA;NA;NA;NA;NA;NA;NA;NA;NA;NA;NA;NA;NA;NA;NA;NA;NA;1;NA;NA;NA
41;"PR";4120853;"412085";"Quatro Pontes";"Não";"Região Metropolitana de Toledo";"Ocupantes de automóvel";NA;NA;NA;NA;NA;NA;NA;NA;NA;NA;NA;NA;NA;NA;NA;NA;NA;NA;NA;NA;NA;NA;NA;NA;NA
41;"PR";4120903;"412090";"Quedas do Iguaçu";"Não";"-";"Ocupantes de automóvel";NA;NA;1;NA;NA;NA;NA;NA;NA;NA;1;NA;NA;1;NA;NA;1;NA;NA;NA;NA;3;1;NA;NA
41;"PR";4121000;"412100";"Querência do Norte";"Não";"-";"Ocupantes de automóvel";NA;NA;1;NA;NA;NA;NA;NA;NA;NA;NA;NA;NA;NA;2;NA;NA;NA;NA;2;NA;NA;NA;NA;NA
41;"PR";4121109;"412110";"Quinta do Sol";"Não";"Região Metropolitana de Campo Mourão";"Ocupantes de automóvel";NA;NA;NA;NA;NA;NA;NA;NA;NA;NA;1;NA;NA;NA;NA;NA;NA;NA;NA;NA;NA;NA;1;NA;NA
41;"PR";4121208;"412120";"Quitandinha";"Não";"Região Metropolitana de Curitiba";"Ocupantes de automóvel";NA;NA;NA;NA;NA;NA;NA;NA;NA;NA;NA;NA;NA;NA;NA;NA;NA;NA;NA;NA;NA;3;NA;NA;NA
41;"PR";4121257;"412125";"Ramilândia";"Não";"-";"Ocupantes de automóvel";NA;NA;NA;NA;NA;NA;NA;NA;NA;NA;NA;NA;NA;NA;NA;NA;NA;NA;NA;NA;NA;NA;NA;NA;NA
41;"PR";4121307;"412130";"Rancho Alegre";"Não";"Região Metropolitana de Londrina";"Ocupantes de automóvel";NA;NA;NA;NA;NA;NA;NA;NA;NA;NA;NA;NA;NA;NA;NA;NA;NA;NA;NA;NA;NA;NA;1;NA;NA
41;"PR";4121356;"412135";"Rancho Alegre D'Oeste";"Não";"Região Metropolitana de Campo Mourão";"Ocupantes de automóvel";NA;NA;NA;NA;NA;NA;NA;NA;NA;NA;NA;NA;NA;NA;NA;NA;NA;NA;NA;NA;NA;NA;NA;NA;NA
41;"PR";4121406;"412140";"Realeza";"Não";"-";"Ocupantes de automóvel";NA;NA;NA;2;NA;NA;NA;NA;NA;NA;NA;NA;NA;NA;NA;NA;NA;NA;1;1;1;1;1;NA;NA
41;"PR";4121505;"412150";"Rebouças";"Não";"-";"Ocupantes de automóvel";NA;NA;NA;NA;NA;NA;NA;NA;NA;NA;NA;NA;NA;NA;1;NA;NA;NA;2;NA;NA;NA;NA;NA;NA
41;"PR";4121604;"412160";"Renascença";"Não";"-";"Ocupantes de automóvel";NA;NA;NA;NA;NA;1;NA;NA;1;NA;NA;NA;NA;NA;1;NA;1;NA;NA;NA;NA;NA;NA;NA;NA
41;"PR";4121703;"412170";"Reserva";"Não";"-";"Ocupantes de automóvel";NA;NA;NA;NA;NA;NA;NA;NA;1;NA;NA;NA;NA;NA;NA;NA;NA;NA;NA;NA;1;NA;1;1;NA
41;"PR";4121752;"412175";"Reserva do Iguaçu";"Não";"-";"Ocupantes de automóvel";NA;NA;NA;NA;NA;NA;NA;NA;NA;NA;NA;NA;NA;NA;NA;NA;NA;NA;NA;NA;NA;NA;NA;1;NA
41;"PR";4121802;"412180";"Ribeirão Claro";"Não";"-";"Ocupantes de automóvel";NA;NA;NA;NA;NA;NA;NA;NA;NA;NA;NA;NA;NA;NA;NA;NA;NA;NA;NA;2;NA;1;1;NA;NA
41;"PR";4121901;"412190";"Ribeirão do Pinhal";"Não";"-";"Ocupantes de automóvel";NA;1;NA;NA;NA;NA;NA;NA;NA;NA;1;NA;NA;NA;NA;NA;NA;NA;2;1;NA;1;1;3;NA
41;"PR";4122008;"412200";"Rio Azul";"Não";"-";"Ocupantes de automóvel";NA;NA;NA;NA;NA;NA;NA;NA;NA;NA;NA;NA;NA;1;NA;NA;NA;NA;NA;NA;NA;NA;1;NA;NA
41;"PR";4122107;"412210";"Rio Bom";"Não";"Região Metropolitana de Apucarana";"Ocupantes de automóvel";NA;NA;NA;NA;NA;NA;NA;NA;NA;NA;NA;NA;NA;NA;NA;NA;NA;NA;NA;NA;NA;NA;1;NA;NA
41;"PR";4122156;"412215";"Rio Bonito do Iguaçu";"Não";"-";"Ocupantes de automóvel";NA;NA;NA;NA;NA;NA;NA;NA;NA;NA;NA;NA;NA;NA;1;NA;NA;NA;NA;NA;NA;NA;NA;1;NA
41;"PR";4122172;"412217";"Rio Branco do Ivaí";"Não";"Região Metropolitana de Apucarana";"Ocupantes de automóvel";NA;NA;NA;NA;NA;NA;NA;NA;NA;NA;NA;NA;NA;NA;NA;NA;NA;NA;NA;NA;NA;NA;NA;NA;NA
41;"PR";4122206;"412220";"Rio Branco do Sul";"Não";"Região Metropolitana de Curitiba";"Ocupantes de automóvel";NA;NA;NA;NA;NA;NA;1;NA;1;NA;NA;NA;1;NA;NA;NA;1;NA;1;NA;NA;NA;NA;1;NA
41;"PR";4122305;"412230";"Rio Negro";"Não";"Região Metropolitana de Curitiba";"Ocupantes de automóvel";NA;NA;NA;NA;NA;NA;NA;NA;NA;NA;NA;NA;NA;NA;NA;NA;NA;NA;NA;NA;NA;NA;1;1;NA
41;"PR";4122404;"412240";"Rolândia";"Não";"Região Metropolitana de Londrina";"Ocupantes de automóvel";NA;1;NA;NA;NA;NA;2;3;NA;1;1;1;2;NA;1;1;1;1;NA;NA;1;2;NA;NA;NA
41;"PR";4122503;"412250";"Roncador";"Não";"Região Metropolitana de Campo Mourão";"Ocupantes de automóvel";NA;NA;NA;NA;1;NA;NA;NA;NA;NA;NA;NA;1;NA;NA;NA;1;NA;NA;NA;NA;NA;NA;NA;NA
41;"PR";4122602;"412260";"Rondon";"Não";"-";"Ocupantes de automóvel";1;NA;NA;NA;NA;NA;NA;NA;NA;NA;NA;NA;NA;NA;NA;NA;NA;NA;2;NA;NA;NA;1;NA;NA
41;"PR";4122651;"412265";"Rosário do Ivaí";"Não";"Região Metropolitana de Apucarana";"Ocupantes de automóvel";NA;NA;NA;NA;NA;NA;NA;NA;NA;NA;NA;NA;NA;NA;NA;NA;NA;NA;NA;NA;NA;NA;NA;NA;NA
41;"PR";4122701;"412270";"Sabáudia";"Não";"Região Metropolitana de Londrina";"Ocupantes de automóvel";NA;NA;NA;NA;NA;NA;NA;1;NA;NA;1;NA;NA;NA;NA;NA;NA;NA;NA;1;NA;NA;NA;NA;NA
41;"PR";4122800;"412280";"Salgado Filho";"Não";"-";"Ocupantes de automóvel";NA;NA;NA;NA;NA;NA;NA;NA;NA;NA;NA;NA;NA;NA;NA;NA;NA;NA;NA;NA;NA;NA;NA;NA;NA
41;"PR";4122909;"412290";"Salto do Itararé";"Não";"-";"Ocupantes de automóvel";NA;NA;NA;NA;NA;NA;NA;NA;NA;NA;NA;NA;NA;NA;NA;NA;NA;NA;NA;NA;NA;NA;NA;NA;NA
41;"PR";4123006;"412300";"Salto do Lontra";"Não";"-";"Ocupantes de automóvel";NA;NA;NA;NA;NA;NA;NA;NA;NA;NA;NA;NA;NA;NA;NA;NA;NA;NA;NA;3;NA;NA;1;NA;NA
41;"PR";4123105;"412310";"Santa Amélia";"Não";"-";"Ocupantes de automóvel";NA;NA;NA;NA;NA;NA;NA;NA;NA;NA;NA;NA;NA;NA;NA;NA;NA;NA;NA;NA;NA;NA;NA;NA;NA
41;"PR";4123204;"412320";"Santa Cecília do Pavão";"Não";"-";"Ocupantes de automóvel";NA;NA;NA;NA;NA;NA;NA;NA;NA;NA;NA;NA;NA;NA;NA;NA;NA;NA;NA;NA;NA;1;NA;NA;NA
41;"PR";4123303;"412330";"Santa Cruz de Monte Castelo";"Não";"-";"Ocupantes de automóvel";NA;NA;NA;NA;NA;NA;NA;NA;NA;NA;1;1;NA;NA;NA;NA;NA;NA;NA;NA;1;NA;NA;NA;NA
41;"PR";4123402;"412340";"Santa Fé";"Não";"Região Metropolitana de Maringá";"Ocupantes de automóvel";1;NA;NA;NA;1;NA;NA;1;1;NA;NA;NA;NA;NA;NA;NA;NA;NA;NA;NA;NA;NA;1;NA;NA
41;"PR";4123501;"412350";"Santa Helena";"Não";"Região Metropolitana de Toledo";"Ocupantes de automóvel";NA;NA;NA;NA;NA;NA;NA;NA;NA;NA;NA;NA;NA;NA;NA;NA;NA;1;NA;NA;NA;NA;NA;NA;NA
41;"PR";4123600;"412360";"Santa Inês";"Não";"-";"Ocupantes de automóvel";NA;NA;NA;NA;NA;NA;NA;NA;NA;NA;NA;NA;NA;NA;NA;NA;NA;NA;NA;NA;NA;NA;NA;NA;NA
41;"PR";4123709;"412370";"Santa Isabel do Ivaí";"Não";"-";"Ocupantes de automóvel";NA;NA;NA;NA;NA;NA;NA;1;NA;NA;NA;NA;NA;3;NA;NA;NA;NA;NA;NA;NA;NA;NA;NA;NA
41;"PR";4123808;"412380";"Santa Izabel do Oeste";"Não";"-";"Ocupantes de automóvel";NA;NA;NA;NA;NA;4;NA;NA;NA;NA;NA;NA;NA;NA;1;NA;NA;NA;1;NA;NA;NA;NA;NA;NA
41;"PR";4123824;"412382";"Santa Lúcia";"Não";"Região Metropolitana de Cascavel";"Ocupantes de automóvel";NA;NA;NA;NA;NA;NA;NA;NA;NA;NA;NA;NA;NA;NA;NA;NA;NA;NA;NA;NA;NA;NA;NA;1;NA
41;"PR";4123857;"412385";"Santa Maria do Oeste";"Não";"-";"Ocupantes de automóvel";NA;NA;NA;NA;NA;NA;NA;NA;NA;NA;NA;2;NA;NA;NA;NA;NA;NA;NA;NA;NA;1;NA;NA;NA
41;"PR";4123907;"412390";"Santa Mariana";"Não";"-";"Ocupantes de automóvel";NA;NA;NA;NA;NA;NA;NA;NA;1;2;1;NA;NA;NA;NA;NA;NA;NA;NA;NA;NA;NA;1;NA;NA
41;"PR";4123956;"412395";"Santa Mônica";"Não";"-";"Ocupantes de automóvel";NA;NA;NA;NA;NA;NA;NA;NA;NA;NA;NA;NA;NA;NA;NA;NA;NA;NA;NA;NA;NA;NA;NA;NA;NA
41;"PR";4124004;"412400";"Santana do Itararé";"Não";"-";"Ocupantes de automóvel";NA;NA;NA;NA;NA;NA;NA;NA;NA;NA;NA;NA;NA;NA;NA;NA;NA;NA;NA;NA;NA;NA;NA;NA;NA
41;"PR";4124020;"412402";"Santa Tereza do Oeste";"Não";"Região Metropolitana de Cascavel";"Ocupantes de automóvel";1;NA;NA;NA;NA;1;NA;NA;NA;NA;NA;NA;NA;NA;1;1;NA;NA;NA;NA;NA;1;NA;NA;NA
41;"PR";4124053;"412405";"Santa Terezinha de Itaipu";"Não";"-";"Ocupantes de automóvel";NA;NA;NA;NA;NA;NA;NA;NA;NA;NA;NA;NA;NA;NA;NA;NA;1;2;NA;1;NA;NA;NA;NA;NA
41;"PR";4124103;"412410";"Santo Antônio da Platina";"Não";"-";"Ocupantes de automóvel";NA;NA;NA;NA;1;1;NA;NA;NA;1;1;1;NA;NA;NA;NA;2;1;2;NA;2;1;1;2;NA
41;"PR";4124202;"412420";"Santo Antônio do Caiuá";"Não";"-";"Ocupantes de automóvel";NA;NA;NA;NA;NA;NA;NA;NA;NA;NA;NA;NA;NA;NA;NA;NA;NA;NA;1;NA;NA;NA;NA;NA;NA
41;"PR";4124301;"412430";"Santo Antônio do Paraíso";"Não";"-";"Ocupantes de automóvel";NA;NA;NA;NA;NA;NA;NA;NA;NA;NA;NA;NA;NA;NA;NA;NA;NA;NA;NA;NA;NA;1;NA;NA;NA
41;"PR";4124400;"412440";"Santo Antônio do Sudoeste";"Não";"-";"Ocupantes de automóvel";NA;NA;NA;NA;NA;NA;NA;NA;NA;NA;NA;NA;NA;NA;NA;NA;NA;NA;NA;NA;NA;NA;NA;NA;NA
41;"PR";4124509;"412450";"Santo Inácio";"Não";"-";"Ocupantes de automóvel";NA;NA;NA;NA;NA;NA;NA;2;NA;NA;NA;NA;NA;NA;NA;NA;NA;NA;NA;1;NA;NA;1;NA;NA
41;"PR";4124608;"412460";"São Carlos do Ivaí";"Não";"-";"Ocupantes de automóvel";NA;NA;NA;1;NA;NA;NA;NA;NA;3;NA;1;NA;NA;NA;1;NA;NA;NA;NA;NA;NA;NA;NA;NA
41;"PR";4124707;"412470";"São Jerônimo da Serra";"Não";"-";"Ocupantes de automóvel";NA;NA;NA;NA;NA;NA;NA;NA;NA;NA;NA;NA;NA;NA;NA;NA;NA;NA;NA;NA;NA;1;1;NA;NA
41;"PR";4124806;"412480";"São João";"Não";"-";"Ocupantes de automóvel";NA;NA;NA;NA;NA;NA;NA;NA;NA;NA;NA;NA;NA;NA;NA;NA;NA;NA;NA;NA;NA;NA;NA;1;NA
41;"PR";4124905;"412490";"São João do Caiuá";"Não";"-";"Ocupantes de automóvel";NA;NA;NA;NA;NA;NA;NA;NA;NA;NA;NA;NA;NA;NA;1;NA;NA;NA;NA;NA;NA;NA;NA;NA;NA
41;"PR";4125001;"412500";"São João do Ivaí";"Não";"Região Metropolitana de Apucarana";"Ocupantes de automóvel";NA;NA;NA;NA;NA;1;NA;1;NA;NA;NA;NA;2;NA;NA;NA;NA;NA;NA;NA;NA;NA;NA;NA;NA
41;"PR";4125100;"412510";"São João do Triunfo";"Não";"-";"Ocupantes de automóvel";NA;NA;NA;NA;NA;NA;NA;NA;NA;NA;NA;NA;NA;NA;NA;NA;NA;NA;NA;NA;NA;NA;NA;NA;NA
41;"PR";4125209;"412520";"São Jorge d'Oeste";"Não";"-";"Ocupantes de automóvel";NA;NA;NA;NA;NA;NA;NA;NA;NA;NA;NA;NA;NA;NA;NA;NA;NA;NA;NA;NA;NA;1;NA;NA;NA
41;"PR";4125308;"412530";"São Jorge do Ivaí";"Não";"Região Metropolitana de Maringá";"Ocupantes de automóvel";NA;NA;NA;NA;NA;NA;NA;NA;NA;NA;NA;NA;NA;1;NA;NA;NA;NA;NA;NA;NA;NA;NA;NA;NA
41;"PR";4125357;"412535";"São Jorge do Patrocínio";"Não";"Região Metropolitana de Umuarama";"Ocupantes de automóvel";1;NA;NA;NA;NA;NA;NA;NA;NA;NA;NA;NA;NA;NA;NA;NA;NA;NA;NA;NA;NA;NA;NA;NA;NA
41;"PR";4125407;"412540";"São José da Boa Vista";"Não";"-";"Ocupantes de automóvel";NA;NA;NA;NA;NA;NA;NA;NA;NA;NA;NA;NA;NA;NA;NA;NA;NA;NA;NA;NA;NA;NA;NA;NA;NA
41;"PR";4125456;"412545";"São José das Palmeiras";"Não";"Região Metropolitana de Toledo";"Ocupantes de automóvel";NA;NA;NA;NA;NA;NA;NA;NA;NA;NA;NA;NA;NA;NA;NA;NA;NA;NA;NA;NA;1;NA;NA;NA;NA
41;"PR";4125506;"412550";"São José dos Pinhais";"Não";"Região Metropolitana de Curitiba";"Ocupantes de automóvel";NA;2;1;1;1;NA;NA;NA;1;NA;NA;1;NA;NA;1;NA;1;1;NA;3;3;NA;1;1;NA
41;"PR";4125555;"412555";"São Manoel do Paraná";"Não";"-";"Ocupantes de automóvel";NA;NA;NA;NA;NA;NA;NA;NA;NA;NA;NA;NA;NA;NA;NA;NA;NA;NA;NA;NA;NA;1;NA;NA;NA
41;"PR";4125605;"412560";"São Mateus do Sul";"Não";"-";"Ocupantes de automóvel";1;NA;NA;NA;1;NA;NA;NA;NA;NA;NA;NA;NA;NA;NA;1;NA;2;1;1;NA;NA;NA;NA;NA
41;"PR";4125704;"412570";"São Miguel do Iguaçu";"Não";"-";"Ocupantes de automóvel";1;NA;NA;1;NA;NA;NA;NA;NA;NA;NA;NA;NA;NA;NA;NA;NA;1;NA;1;NA;NA;1;1;NA
41;"PR";4125753;"412575";"São Pedro do Iguaçu";"Não";"Região Metropolitana de Toledo";"Ocupantes de automóvel";NA;NA;NA;NA;NA;NA;NA;NA;NA;NA;NA;NA;1;NA;NA;2;NA;NA;NA;NA;NA;NA;NA;NA;NA
41;"PR";4125803;"412580";"São Pedro do Ivaí";"Não";"Região Metropolitana de Apucarana";"Ocupantes de automóvel";NA;NA;NA;NA;NA;NA;NA;NA;NA;NA;NA;NA;NA;NA;NA;NA;1;NA;NA;NA;1;NA;NA;NA;NA
41;"PR";4125902;"412590";"São Pedro do Paraná";"Não";"-";"Ocupantes de automóvel";NA;NA;NA;NA;NA;NA;NA;NA;NA;NA;NA;NA;NA;NA;NA;NA;NA;NA;NA;1;NA;NA;1;NA;NA
41;"PR";4126009;"412600";"São Sebastião da Amoreira";"Não";"-";"Ocupantes de automóvel";NA;NA;NA;NA;NA;NA;NA;NA;NA;NA;NA;NA;NA;NA;NA;NA;NA;NA;NA;NA;NA;NA;NA;NA;NA
41;"PR";4126108;"412610";"São Tomé";"Não";"-";"Ocupantes de automóvel";NA;NA;NA;NA;NA;NA;NA;NA;NA;NA;NA;NA;2;NA;NA;NA;NA;NA;NA;NA;NA;NA;1;NA;NA
41;"PR";4126207;"412620";"Sapopema";"Não";"-";"Ocupantes de automóvel";NA;NA;NA;NA;NA;NA;NA;NA;NA;NA;NA;NA;NA;NA;NA;NA;NA;NA;NA;NA;NA;1;NA;NA;NA
41;"PR";4126256;"412625";"Sarandi";"Não";"Região Metropolitana de Maringá";"Ocupantes de automóvel";NA;1;NA;NA;NA;NA;NA;NA;NA;NA;NA;NA;NA;NA;NA;NA;NA;3;NA;NA;NA;2;4;3;NA
41;"PR";4126272;"412627";"Saudade do Iguaçu";"Não";"-";"Ocupantes de automóvel";NA;NA;NA;NA;NA;NA;NA;NA;NA;NA;NA;NA;NA;NA;NA;NA;NA;NA;NA;NA;NA;NA;NA;1;NA
41;"PR";4126306;"412630";"Sengés";"Não";"-";"Ocupantes de automóvel";NA;NA;NA;NA;NA;NA;1;NA;NA;NA;NA;NA;NA;NA;NA;1;NA;1;NA;NA;1;1;NA;2;NA
41;"PR";4126355;"412635";"Serranópolis do Iguaçu";"Não";"-";"Ocupantes de automóvel";NA;NA;NA;NA;NA;NA;NA;NA;NA;NA;NA;NA;NA;NA;NA;1;NA;1;NA;1;NA;NA;NA;NA;NA
41;"PR";4126405;"412640";"Sertaneja";"Não";"Região Metropolitana de Londrina";"Ocupantes de automóvel";NA;NA;NA;NA;NA;NA;NA;NA;NA;NA;NA;NA;NA;1;NA;NA;1;NA;NA;NA;NA;NA;2;NA;NA
41;"PR";4126504;"412650";"Sertanópolis";"Não";"Região Metropolitana de Londrina";"Ocupantes de automóvel";1;NA;4;NA;NA;NA;NA;NA;NA;1;NA;1;NA;NA;NA;4;1;NA;NA;NA;1;3;1;NA;NA
41;"PR";4126603;"412660";"Siqueira Campos";"Não";"-";"Ocupantes de automóvel";NA;NA;NA;NA;1;NA;NA;NA;NA;NA;NA;NA;NA;NA;NA;NA;NA;1;NA;1;1;NA;NA;2;NA
41;"PR";4126652;"412665";"Sulina";"Não";"-";"Ocupantes de automóvel";NA;NA;NA;NA;NA;NA;NA;NA;NA;NA;NA;NA;NA;NA;NA;NA;NA;NA;NA;NA;NA;NA;NA;NA;NA
41;"PR";4126678;"412667";"Tamarana";"Não";"Região Metropolitana de Londrina";"Ocupantes de automóvel";NA;NA;NA;NA;NA;NA;NA;NA;NA;NA;NA;NA;NA;NA;NA;1;NA;NA;NA;1;NA;1;NA;2;NA
41;"PR";4126702;"412670";"Tamboara";"Não";"-";"Ocupantes de automóvel";NA;NA;NA;NA;NA;NA;NA;NA;NA;NA;1;NA;NA;NA;1;NA;NA;NA;NA;NA;NA;NA;NA;NA;NA
41;"PR";4126801;"412680";"Tapejara";"Não";"Região Metropolitana de Umuarama";"Ocupantes de automóvel";NA;1;NA;NA;NA;NA;NA;NA;NA;NA;NA;NA;2;NA;1;NA;3;2;NA;NA;NA;NA;NA;NA;NA
41;"PR";4126900;"412690";"Tapira";"Não";"Região Metropolitana de Umuarama";"Ocupantes de automóvel";NA;1;NA;NA;NA;NA;NA;NA;NA;NA;NA;NA;NA;NA;NA;NA;NA;NA;1;NA;NA;NA;NA;2;NA
41;"PR";4127007;"412700";"Teixeira Soares";"Não";"-";"Ocupantes de automóvel";NA;NA;NA;NA;NA;1;NA;NA;NA;NA;NA;1;NA;NA;NA;NA;1;NA;NA;NA;NA;NA;1;1;NA
41;"PR";4127106;"412710";"Telêmaco Borba";"Não";"-";"Ocupantes de automóvel";NA;NA;NA;NA;NA;2;NA;NA;NA;NA;NA;1;1;3;2;3;1;NA;NA;NA;1;1;1;2;NA
41;"PR";4127205;"412720";"Terra Boa";"Não";"Região Metropolitana de Campo Mourão";"Ocupantes de automóvel";NA;NA;NA;NA;NA;NA;NA;NA;NA;1;1;NA;1;3;2;2;1;NA;NA;NA;NA;NA;1;NA;NA
41;"PR";4127304;"412730";"Terra Rica";"Não";"-";"Ocupantes de automóvel";NA;1;NA;NA;NA;NA;NA;NA;NA;NA;NA;NA;NA;1;NA;NA;NA;NA;NA;NA;NA;NA;NA;NA;NA
41;"PR";4127403;"412740";"Terra Roxa";"Não";"Região Metropolitana de Toledo";"Ocupantes de automóvel";NA;NA;NA;NA;NA;NA;NA;NA;1;NA;NA;NA;1;NA;NA;NA;NA;NA;NA;NA;NA;2;1;NA;NA
41;"PR";4127502;"412750";"Tibagi";"Não";"-";"Ocupantes de automóvel";NA;NA;NA;NA;NA;NA;NA;NA;1;NA;1;NA;NA;1;1;1;3;NA;2;NA;NA;1;NA;1;NA
41;"PR";4127601;"412760";"Tijucas do Sul";"Não";"Região Metropolitana de Curitiba";"Ocupantes de automóvel";NA;NA;NA;NA;1;NA;NA;NA;NA;NA;NA;NA;NA;NA;NA;1;NA;NA;NA;NA;NA;NA;NA;1;NA
41;"PR";4127700;"412770";"Toledo";"Não";"Região Metropolitana de Toledo";"Ocupantes de automóvel";1;NA;1;NA;1;NA;1;1;1;NA;NA;NA;3;1;6;5;4;6;NA;4;1;7;6;2;NA
41;"PR";4127809;"412780";"Tomazina";"Não";"-";"Ocupantes de automóvel";NA;NA;NA;NA;NA;NA;NA;NA;NA;NA;NA;2;NA;NA;NA;NA;NA;NA;NA;NA;NA;NA;NA;NA;NA
41;"PR";4127858;"412785";"Três Barras do Paraná";"Não";"Região Metropolitana de Cascavel";"Ocupantes de automóvel";NA;NA;NA;NA;NA;NA;NA;NA;NA;NA;NA;NA;NA;NA;NA;NA;NA;1;NA;NA;NA;NA;1;NA;NA
41;"PR";4127882;"412788";"Tunas do Paraná";"Não";"Região Metropolitana de Curitiba";"Ocupantes de automóvel";NA;NA;NA;NA;NA;NA;NA;NA;NA;NA;NA;NA;NA;NA;NA;NA;NA;NA;NA;NA;NA;NA;NA;NA;NA
41;"PR";4127908;"412790";"Tuneiras do Oeste";"Não";"Região Metropolitana de Umuarama";"Ocupantes de automóvel";NA;NA;NA;NA;1;NA;NA;1;NA;NA;2;NA;NA;NA;NA;1;NA;4;1;1;1;NA;NA;NA;NA
41;"PR";4127957;"412795";"Tupãssi";"Não";"Região Metropolitana de Toledo";"Ocupantes de automóvel";NA;NA;NA;NA;NA;NA;NA;NA;NA;NA;NA;NA;NA;NA;NA;NA;NA;NA;1;NA;NA;NA;NA;NA;NA
41;"PR";4127965;"412796";"Turvo";"Não";"-";"Ocupantes de automóvel";NA;NA;NA;NA;NA;NA;NA;NA;NA;1;NA;NA;NA;NA;NA;NA;NA;1;NA;NA;NA;NA;NA;NA;NA
41;"PR";4128005;"412800";"Ubiratã";"Não";"Região Metropolitana de Campo Mourão";"Ocupantes de automóvel";NA;NA;NA;NA;NA;NA;NA;1;NA;1;1;1;NA;NA;1;2;3;NA;NA;NA;1;1;1;1;NA
41;"PR";4128104;"412810";"Umuarama";"Não";"Região Metropolitana de Umuarama";"Ocupantes de automóvel";2;2;NA;4;4;NA;1;1;1;NA;4;1;1;1;5;6;6;4;2;6;5;3;NA;6;NA
41;"PR";4128203;"412820";"União da Vitória";"Não";"-";"Ocupantes de automóvel";NA;NA;NA;NA;NA;NA;NA;NA;NA;NA;1;1;NA;NA;1;NA;NA;1;1;3;1;NA;2;3;NA
41;"PR";4128302;"412830";"Uniflor";"Não";"-";"Ocupantes de automóvel";NA;NA;NA;NA;NA;NA;NA;NA;NA;NA;NA;NA;2;NA;NA;NA;NA;NA;NA;NA;1;NA;NA;NA;NA
41;"PR";4128401;"412840";"Uraí";"Não";"Região Metropolitana de Londrina";"Ocupantes de automóvel";NA;1;NA;NA;NA;NA;NA;NA;NA;NA;NA;NA;NA;NA;NA;NA;NA;NA;NA;1;NA;NA;NA;1;NA
41;"PR";4128500;"412850";"Wenceslau Braz";"Não";"-";"Ocupantes de automóvel";NA;NA;NA;NA;NA;NA;1;NA;NA;NA;NA;NA;NA;NA;NA;1;NA;2;NA;NA;NA;1;1;NA;NA
41;"PR";4128534;"412853";"Ventania";"Não";"-";"Ocupantes de automóvel";NA;NA;NA;NA;NA;1;NA;NA;NA;1;NA;1;NA;NA;NA;NA;1;NA;NA;NA;1;3;NA;NA;NA
41;"PR";4128559;"412855";"Vera Cruz do Oeste";"Não";"Região Metropolitana de Cascavel";"Ocupantes de automóvel";NA;NA;NA;NA;1;NA;NA;NA;NA;NA;NA;NA;NA;NA;1;NA;NA;NA;1;NA;NA;NA;NA;NA;NA
41;"PR";4128609;"412860";"Verê";"Não";"-";"Ocupantes de automóvel";NA;NA;NA;1;NA;NA;NA;NA;NA;NA;NA;NA;NA;NA;NA;NA;NA;NA;NA;NA;NA;NA;NA;NA;NA
41;"PR";4128625;"412862";"Alto Paraíso";"Não";"Região Metropolitana de Umuarama";"Ocupantes de automóvel";NA;NA;NA;NA;NA;NA;NA;NA;NA;NA;NA;1;NA;NA;NA;NA;NA;NA;1;NA;NA;NA;1;NA;NA
41;"PR";4128633;"412863";"Doutor Ulysses";"Não";"Região Metropolitana de Curitiba";"Ocupantes de automóvel";NA;NA;NA;NA;NA;NA;NA;NA;NA;NA;NA;NA;NA;NA;NA;NA;NA;NA;NA;NA;NA;NA;NA;NA;NA
41;"PR";4128658;"412865";"Virmond";"Não";"-";"Ocupantes de automóvel";NA;NA;NA;NA;NA;NA;NA;NA;NA;NA;NA;NA;NA;NA;NA;NA;NA;NA;NA;NA;NA;NA;NA;NA;NA
41;"PR";4128708;"412870";"Vitorino";"Não";"-";"Ocupantes de automóvel";NA;NA;NA;NA;NA;NA;NA;NA;NA;NA;NA;NA;NA;NA;NA;NA;NA;NA;NA;NA;NA;NA;NA;NA;NA
41;"PR";4128807;"412880";"Xambrê";"Não";"Região Metropolitana de Umuarama";"Ocupantes de automóvel";NA;NA;NA;NA;1;1;NA;1;NA;NA;NA;NA;NA;NA;1;NA;NA;NA;NA;1;1;1;NA;2;NA
42;"SC";4200051;"420005";"Abdon Batista";"Não";"Região Metropolitana do Contestado";"Ocupantes de automóvel";NA;NA;NA;NA;NA;NA;NA;NA;NA;NA;NA;NA;NA;NA;NA;NA;NA;NA;NA;NA;NA;NA;NA;NA;NA
42;"SC";4200101;"420010";"Abelardo Luz";"Não";"Região Metropolitana do Extremo Oeste";"Ocupantes de automóvel";NA;NA;NA;NA;NA;NA;NA;NA;NA;NA;NA;1;NA;1;NA;NA;NA;NA;NA;1;NA;NA;NA;NA;NA
42;"SC";4200200;"420020";"Agrolândia";"Não";"Região Metropolitana do Alto Vale do Itajaí";"Ocupantes de automóvel";NA;NA;NA;NA;NA;NA;NA;NA;NA;NA;NA;NA;NA;NA;NA;NA;NA;NA;NA;1;NA;NA;NA;NA;NA
42;"SC";4200309;"420030";"Agronômica";"Não";"Região Metropolitana do Alto Vale do Itajaí";"Ocupantes de automóvel";NA;NA;NA;NA;NA;NA;NA;NA;NA;NA;NA;1;NA;NA;NA;NA;NA;1;1;NA;NA;NA;NA;NA;NA
42;"SC";4200408;"420040";"Água Doce";"Não";"Região Metropolitana do Contestado";"Ocupantes de automóvel";NA;NA;NA;NA;NA;NA;NA;NA;NA;NA;NA;NA;NA;NA;1;NA;NA;1;NA;NA;1;NA;NA;NA;NA
42;"SC";4200507;"420050";"Águas de Chapecó";"Não";"Região Metropolitana de Chapecó";"Ocupantes de automóvel";NA;NA;NA;NA;NA;NA;NA;NA;NA;NA;NA;1;NA;NA;NA;NA;NA;NA;NA;NA;NA;NA;NA;NA;NA
42;"SC";4200556;"420055";"Águas Frias";"Não";"Região Metropolitana de Chapecó";"Ocupantes de automóvel";NA;NA;NA;NA;NA;NA;NA;NA;NA;NA;NA;NA;NA;NA;NA;NA;NA;NA;NA;NA;NA;NA;NA;NA;NA
42;"SC";4200606;"420060";"Águas Mornas";"Não";"Região Metropolitana de Florianópolis";"Ocupantes de automóvel";NA;NA;NA;NA;NA;NA;NA;NA;NA;2;NA;NA;NA;NA;NA;1;NA;NA;NA;NA;NA;NA;NA;NA;NA
42;"SC";4200705;"420070";"Alfredo Wagner";"Não";"Região Metropolitana de Florianópolis";"Ocupantes de automóvel";NA;NA;NA;NA;NA;NA;NA;NA;NA;NA;NA;NA;NA;NA;NA;NA;NA;NA;NA;NA;NA;NA;1;NA;NA
42;"SC";4200754;"420075";"Alto Bela Vista";"Não";"Região Metropolitana do Contestado";"Ocupantes de automóvel";NA;NA;NA;NA;NA;NA;NA;NA;NA;NA;NA;NA;NA;NA;NA;NA;NA;NA;NA;NA;NA;NA;NA;NA;NA
42;"SC";4200804;"420080";"Anchieta";"Não";"Região Metropolitana do Extremo Oeste";"Ocupantes de automóvel";NA;NA;NA;NA;NA;NA;NA;NA;NA;NA;NA;NA;1;NA;NA;NA;NA;NA;NA;NA;NA;NA;NA;NA;NA
42;"SC";4200903;"420090";"Angelina";"Não";"Região Metropolitana de Florianópolis";"Ocupantes de automóvel";NA;NA;NA;NA;NA;NA;NA;NA;NA;NA;NA;NA;NA;NA;NA;NA;NA;NA;NA;NA;NA;NA;NA;NA;NA
42;"SC";4201000;"420100";"Anita Garibaldi";"Não";"Região Metropolitana de Lages";"Ocupantes de automóvel";NA;NA;NA;NA;NA;NA;NA;NA;NA;NA;NA;NA;NA;NA;NA;NA;NA;NA;NA;NA;NA;NA;NA;NA;NA
42;"SC";4201109;"420110";"Anitápolis";"Não";"Região Metropolitana de Florianópolis";"Ocupantes de automóvel";NA;NA;NA;NA;NA;NA;NA;NA;NA;NA;NA;NA;NA;NA;NA;NA;NA;NA;NA;NA;NA;NA;NA;NA;NA
42;"SC";4201208;"420120";"Antônio Carlos";"Não";"Região Metropolitana de Florianópolis";"Ocupantes de automóvel";NA;NA;NA;NA;NA;NA;NA;NA;NA;NA;NA;NA;NA;NA;NA;NA;NA;NA;NA;NA;NA;NA;NA;NA;NA
42;"SC";4201257;"420125";"Apiúna";"Não";"Região Metropolitana do Vale do Itajaí";"Ocupantes de automóvel";NA;NA;NA;NA;NA;NA;NA;NA;NA;NA;NA;NA;NA;NA;NA;1;NA;NA;1;NA;NA;2;1;NA;NA
42;"SC";4201273;"420127";"Arabutã";"Não";"Região Metropolitana do Contestado";"Ocupantes de automóvel";NA;NA;NA;NA;NA;NA;NA;NA;NA;NA;NA;NA;NA;NA;NA;NA;NA;NA;NA;NA;NA;NA;NA;NA;NA
42;"SC";4201307;"420130";"Araquari";"Não";"Região Metropolitana de Joinville";"Ocupantes de automóvel";NA;NA;NA;NA;NA;NA;NA;NA;NA;NA;1;NA;NA;1;3;4;1;NA;2;2;NA;3;NA;NA;NA
42;"SC";4201406;"420140";"Araranguá";"Não";"Região Metropolitana Carbonífera";"Ocupantes de automóvel";NA;NA;NA;NA;NA;NA;NA;NA;NA;1;NA;2;NA;NA;NA;NA;NA;NA;NA;NA;NA;NA;NA;NA;NA
42;"SC";4201505;"420150";"Armazém";"Não";"Região Metropolitana de Tubarão";"Ocupantes de automóvel";NA;NA;NA;NA;NA;NA;NA;NA;NA;NA;NA;NA;NA;NA;NA;NA;NA;NA;NA;NA;NA;NA;NA;NA;NA
42;"SC";4201604;"420160";"Arroio Trinta";"Não";"Região Metropolitana do Contestado";"Ocupantes de automóvel";NA;NA;NA;NA;NA;NA;NA;NA;NA;NA;NA;NA;NA;NA;NA;NA;NA;NA;NA;NA;NA;NA;NA;NA;NA
42;"SC";4201653;"420165";"Arvoredo";"Não";"Região Metropolitana de Chapecó";"Ocupantes de automóvel";NA;NA;NA;NA;NA;1;NA;1;NA;NA;NA;NA;NA;NA;NA;NA;NA;NA;NA;NA;NA;NA;NA;NA;NA
42;"SC";4201703;"420170";"Ascurra";"Não";"Região Metropolitana do Vale do Itajaí";"Ocupantes de automóvel";NA;NA;NA;NA;NA;NA;NA;NA;NA;NA;NA;NA;NA;NA;NA;NA;NA;NA;NA;NA;NA;1;NA;NA;NA
42;"SC";4201901;"420190";"Aurora";"Não";"Região Metropolitana do Alto Vale do Itajaí";"Ocupantes de automóvel";NA;NA;NA;NA;NA;NA;NA;NA;NA;NA;NA;NA;NA;NA;NA;NA;NA;NA;NA;NA;1;1;NA;NA;NA
42;"SC";4201950;"420195";"Balneário Arroio do Silva";"Não";"Região Metropolitana Carbonífera";"Ocupantes de automóvel";NA;NA;NA;NA;NA;NA;NA;NA;NA;NA;NA;NA;NA;NA;NA;2;NA;NA;NA;NA;NA;NA;NA;NA;NA
42;"SC";4202008;"420200";"Balneário Camboriú";"Não";"Região Metropolitana da Foz do Rio Itajaí";"Ocupantes de automóvel";NA;NA;NA;NA;1;1;NA;NA;1;1;NA;1;NA;NA;NA;NA;NA;NA;NA;NA;NA;NA;NA;1;NA
42;"SC";4202057;"420205";"Balneário Barra do Sul";"Não";"Região Metropolitana de Joinville";"Ocupantes de automóvel";NA;NA;NA;NA;NA;NA;NA;NA;NA;NA;NA;NA;NA;NA;NA;NA;NA;NA;NA;NA;NA;1;NA;NA;NA
42;"SC";4202073;"420207";"Balneário Gaivota";"Não";"Região Metropolitana Carbonífera";"Ocupantes de automóvel";NA;NA;NA;NA;NA;NA;NA;NA;NA;NA;NA;NA;NA;NA;NA;NA;NA;NA;NA;NA;NA;NA;NA;NA;NA
42;"SC";4202081;"420208";"Bandeirante";"Não";"Região Metropolitana do Extremo Oeste";"Ocupantes de automóvel";NA;NA;NA;NA;NA;NA;NA;NA;NA;NA;NA;NA;NA;NA;NA;NA;NA;NA;NA;NA;NA;NA;NA;NA;NA
42;"SC";4202099;"420209";"Barra Bonita";"Não";"Região Metropolitana do Extremo Oeste";"Ocupantes de automóvel";NA;NA;NA;NA;NA;NA;NA;NA;NA;NA;NA;NA;NA;NA;NA;NA;NA;NA;NA;NA;NA;NA;NA;NA;NA
42;"SC";4202107;"420210";"Barra Velha";"Não";"Região Metropolitana de Jaraguá do Sul";"Ocupantes de automóvel";NA;NA;NA;NA;NA;NA;NA;NA;NA;NA;NA;NA;NA;NA;NA;NA;NA;NA;NA;NA;NA;NA;NA;NA;NA
42;"SC";4202131;"420213";"Bela Vista do Toldo";"Não";"Região Metropolitana do Planalto Norte";"Ocupantes de automóvel";NA;NA;NA;NA;NA;NA;NA;NA;NA;NA;NA;NA;NA;NA;NA;NA;NA;NA;NA;NA;NA;NA;NA;NA;NA
42;"SC";4202206;"420220";"Benedito Novo";"Não";"Região Metropolitana do Vale do Itajaí";"Ocupantes de automóvel";NA;NA;NA;NA;NA;NA;NA;NA;NA;NA;NA;NA;NA;NA;NA;NA;NA;NA;NA;NA;NA;NA;NA;NA;NA
42;"SC";4202305;"420230";"Biguaçu";"Não";"Região Metropolitana de Florianópolis";"Ocupantes de automóvel";NA;NA;NA;NA;NA;NA;NA;NA;NA;NA;NA;NA;NA;NA;NA;NA;1;NA;1;NA;NA;NA;NA;NA;NA
42;"SC";4202404;"420240";"Blumenau";"Não";"Região Metropolitana do Vale do Itajaí";"Ocupantes de automóvel";NA;NA;NA;NA;NA;NA;NA;NA;NA;1;3;3;1;1;3;NA;NA;2;NA;2;2;4;3;1;NA
42;"SC";4202438;"420243";"Bocaina do Sul";"Não";"Região Metropolitana de Lages";"Ocupantes de automóvel";NA;NA;NA;NA;NA;NA;NA;NA;NA;NA;NA;1;NA;NA;NA;NA;NA;NA;NA;1;NA;NA;1;NA;NA
42;"SC";4202453;"420245";"Bombinhas";"Não";"Região Metropolitana da Foz do Rio Itajaí";"Ocupantes de automóvel";NA;NA;NA;NA;NA;NA;NA;NA;NA;NA;NA;NA;NA;NA;NA;NA;NA;NA;NA;NA;NA;NA;NA;NA;NA
42;"SC";4202503;"420250";"Bom Jardim da Serra";"Não";"Região Metropolitana de Lages";"Ocupantes de automóvel";NA;NA;NA;NA;NA;NA;NA;NA;NA;NA;NA;1;1;NA;NA;NA;NA;NA;NA;NA;NA;NA;NA;NA;NA
42;"SC";4202537;"420253";"Bom Jesus";"Não";"Região Metropolitana do Extremo Oeste";"Ocupantes de automóvel";NA;NA;NA;NA;NA;NA;NA;NA;1;NA;NA;NA;NA;1;NA;NA;NA;NA;NA;NA;NA;NA;NA;NA;NA
42;"SC";4202578;"420257";"Bom Jesus do Oeste";"Não";"Região Metropolitana do Extremo Oeste";"Ocupantes de automóvel";NA;NA;NA;NA;NA;NA;NA;NA;NA;NA;NA;NA;NA;NA;NA;NA;NA;NA;NA;NA;NA;NA;NA;NA;NA
42;"SC";4202602;"420260";"Bom Retiro";"Não";"Região Metropolitana de Lages";"Ocupantes de automóvel";NA;NA;NA;NA;NA;NA;NA;NA;NA;NA;NA;2;NA;NA;2;NA;NA;NA;NA;NA;NA;1;1;NA;NA
42;"SC";4202701;"420270";"Botuverá";"Não";"Região Metropolitana do Vale do Itajaí";"Ocupantes de automóvel";NA;NA;NA;NA;NA;NA;NA;NA;NA;NA;NA;NA;NA;NA;NA;NA;NA;NA;NA;NA;NA;NA;NA;NA;NA
42;"SC";4202800;"420280";"Braço do Norte";"Não";"Região Metropolitana de Tubarão";"Ocupantes de automóvel";NA;NA;2;1;NA;NA;NA;NA;NA;NA;NA;NA;1;NA;NA;3;NA;NA;NA;NA;NA;NA;1;1;NA
42;"SC";4202859;"420285";"Braço do Trombudo";"Não";"Região Metropolitana do Alto Vale do Itajaí";"Ocupantes de automóvel";NA;NA;NA;NA;NA;NA;NA;NA;NA;NA;NA;NA;NA;NA;NA;NA;NA;NA;NA;NA;NA;NA;NA;NA;NA
42;"SC";4202875;"420287";"Brunópolis";"Não";"Região Metropolitana do Contestado";"Ocupantes de automóvel";NA;NA;NA;NA;NA;NA;NA;NA;NA;NA;NA;NA;NA;NA;NA;NA;NA;NA;NA;NA;NA;NA;NA;NA;NA
42;"SC";4202909;"420290";"Brusque";"Não";"Região Metropolitana do Vale do Itajaí";"Ocupantes de automóvel";NA;NA;NA;NA;1;NA;NA;2;NA;NA;NA;NA;NA;3;1;NA;NA;NA;NA;NA;NA;2;2;NA;NA
42;"SC";4203006;"420300";"Caçador";"Não";"Região Metropolitana do Contestado";"Ocupantes de automóvel";NA;NA;NA;NA;NA;NA;NA;NA;1;2;2;NA;NA;4;NA;1;2;3;NA;4;1;4;1;2;NA
42;"SC";4203105;"420310";"Caibi";"Não";"Região Metropolitana do Extremo Oeste";"Ocupantes de automóvel";NA;NA;1;NA;NA;NA;NA;NA;NA;NA;NA;NA;1;NA;NA;NA;NA;NA;NA;NA;NA;2;NA;NA;NA
42;"SC";4203154;"420315";"Calmon";"Não";"Região Metropolitana do Contestado";"Ocupantes de automóvel";NA;NA;NA;NA;NA;NA;NA;NA;NA;NA;NA;NA;NA;NA;NA;NA;NA;NA;NA;NA;NA;NA;NA;NA;NA
42;"SC";4203204;"420320";"Camboriú";"Não";"Região Metropolitana da Foz do Rio Itajaí";"Ocupantes de automóvel";NA;NA;NA;NA;NA;NA;NA;NA;NA;NA;NA;NA;1;NA;NA;NA;NA;NA;NA;NA;NA;NA;NA;1;NA
42;"SC";4203253;"420325";"Capão Alto";"Não";"Região Metropolitana de Lages";"Ocupantes de automóvel";NA;NA;NA;1;NA;NA;NA;NA;NA;NA;NA;NA;NA;NA;NA;NA;NA;NA;NA;2;4;NA;NA;NA;NA
42;"SC";4203303;"420330";"Campo Alegre";"Não";"Região Metropolitana de Joinville";"Ocupantes de automóvel";NA;NA;NA;NA;NA;NA;NA;NA;NA;NA;NA;NA;NA;NA;NA;NA;1;NA;NA;NA;NA;NA;NA;NA;NA
42;"SC";4203402;"420340";"Campo Belo do Sul";"Não";"Região Metropolitana de Lages";"Ocupantes de automóvel";NA;NA;NA;NA;NA;NA;NA;NA;NA;NA;NA;NA;NA;NA;NA;NA;NA;NA;NA;NA;1;NA;NA;NA;NA
42;"SC";4203501;"420350";"Campo Erê";"Não";"Região Metropolitana do Extremo Oeste";"Ocupantes de automóvel";NA;NA;NA;NA;NA;NA;NA;NA;NA;NA;NA;NA;NA;NA;NA;NA;NA;1;NA;NA;NA;NA;NA;NA;NA
42;"SC";4203600;"420360";"Campos Novos";"Não";"Região Metropolitana do Contestado";"Ocupantes de automóvel";NA;NA;NA;NA;NA;1;NA;NA;NA;NA;1;1;2;NA;2;1;NA;5;NA;2;1;1;2;NA;NA
42;"SC";4203709;"420370";"Canelinha";"Não";"Região Metropolitana de Florianópolis";"Ocupantes de automóvel";NA;NA;NA;NA;NA;NA;NA;NA;NA;NA;NA;NA;2;NA;NA;NA;NA;NA;NA;NA;NA;NA;1;NA;NA
42;"SC";4203808;"420380";"Canoinhas";"Não";"Região Metropolitana do Planalto Norte";"Ocupantes de automóvel";NA;NA;NA;NA;NA;NA;NA;NA;NA;NA;NA;NA;1;NA;NA;NA;NA;NA;NA;NA;1;NA;NA;NA;NA
42;"SC";4203907;"420390";"Capinzal";"Não";"Região Metropolitana do Contestado";"Ocupantes de automóvel";NA;NA;NA;NA;NA;NA;1;NA;NA;NA;NA;NA;NA;NA;NA;NA;NA;NA;NA;NA;NA;NA;NA;NA;NA
42;"SC";4203956;"420395";"Capivari de Baixo";"Não";"Região Metropolitana de Tubarão";"Ocupantes de automóvel";NA;NA;NA;NA;NA;3;NA;NA;NA;1;NA;NA;NA;1;NA;NA;NA;NA;NA;NA;1;NA;NA;NA;NA
42;"SC";4204004;"420400";"Catanduvas";"Não";"Região Metropolitana do Contestado";"Ocupantes de automóvel";NA;NA;NA;NA;NA;NA;NA;NA;NA;NA;NA;NA;NA;NA;NA;1;NA;NA;NA;NA;2;NA;NA;NA;NA
42;"SC";4204103;"420410";"Caxambu do Sul";"Não";"Região Metropolitana de Chapecó";"Ocupantes de automóvel";NA;NA;NA;NA;NA;NA;NA;NA;NA;NA;NA;NA;NA;NA;NA;NA;NA;NA;NA;NA;NA;NA;NA;NA;NA
42;"SC";4204152;"420415";"Celso Ramos";"Não";"Região Metropolitana do Contestado";"Ocupantes de automóvel";NA;NA;NA;NA;NA;NA;NA;NA;NA;NA;NA;NA;NA;NA;NA;NA;NA;NA;NA;NA;NA;NA;NA;NA;NA
42;"SC";4204178;"420417";"Cerro Negro";"Não";"Região Metropolitana de Lages";"Ocupantes de automóvel";NA;NA;NA;NA;NA;NA;NA;NA;NA;NA;NA;NA;NA;NA;NA;NA;NA;NA;NA;NA;NA;NA;NA;NA;NA
42;"SC";4204194;"420419";"Chapadão do Lageado";"Não";"Região Metropolitana do Alto Vale do Itajaí";"Ocupantes de automóvel";NA;NA;NA;NA;NA;NA;NA;NA;NA;NA;NA;NA;NA;NA;NA;NA;NA;NA;NA;NA;NA;NA;NA;1;NA
42;"SC";4204202;"420420";"Chapecó";"Não";"Região Metropolitana de Chapecó";"Ocupantes de automóvel";NA;1;1;NA;NA;1;1;NA;1;NA;NA;4;1;1;NA;2;3;1;2;3;1;3;3;4;NA
42;"SC";4204251;"420425";"Cocal do Sul";"Não";"Região Metropolitana Carbonífera";"Ocupantes de automóvel";NA;NA;NA;NA;NA;NA;NA;NA;NA;NA;NA;NA;NA;NA;NA;NA;NA;NA;NA;NA;NA;NA;NA;NA;NA
42;"SC";4204301;"420430";"Concórdia";"Não";"Região Metropolitana do Contestado";"Ocupantes de automóvel";NA;NA;NA;1;NA;1;NA;NA;1;NA;1;NA;1;2;1;1;NA;NA;NA;NA;NA;1;NA;1;NA
42;"SC";4204350;"420435";"Cordilheira Alta";"Não";"Região Metropolitana de Chapecó";"Ocupantes de automóvel";NA;NA;NA;NA;NA;NA;NA;NA;NA;NA;NA;NA;NA;NA;NA;NA;NA;NA;NA;NA;NA;1;NA;NA;NA
42;"SC";4204400;"420440";"Coronel Freitas";"Não";"Região Metropolitana de Chapecó";"Ocupantes de automóvel";NA;NA;NA;NA;NA;NA;NA;NA;NA;NA;NA;NA;NA;NA;NA;NA;NA;NA;NA;NA;NA;NA;NA;NA;NA
42;"SC";4204509;"420450";"Corupá";"Não";"Região Metropolitana de Jaraguá do Sul";"Ocupantes de automóvel";NA;NA;NA;NA;NA;NA;NA;NA;NA;NA;1;NA;NA;1;NA;2;NA;NA;NA;NA;NA;NA;NA;NA;NA
42;"SC";4204558;"420455";"Correia Pinto";"Não";"Região Metropolitana de Lages";"Ocupantes de automóvel";NA;NA;NA;NA;NA;NA;NA;NA;NA;NA;NA;NA;NA;NA;NA;NA;NA;1;1;1;1;NA;NA;NA;NA
42;"SC";4204608;"420460";"Criciúma";"Não";"Região Metropolitana Carbonífera";"Ocupantes de automóvel";NA;1;NA;NA;NA;NA;NA;1;1;NA;1;1;NA;NA;2;1;1;1;1;NA;1;1;2;1;NA
42;"SC";4204707;"420470";"Cunha Porã";"Não";"Região Metropolitana do Extremo Oeste";"Ocupantes de automóvel";NA;NA;NA;NA;NA;NA;NA;NA;NA;NA;NA;NA;NA;NA;NA;NA;NA;NA;NA;NA;NA;NA;NA;NA;NA
42;"SC";4204806;"420480";"Curitibanos";"Não";"Região Metropolitana de Lages";"Ocupantes de automóvel";NA;NA;NA;NA;NA;NA;NA;NA;NA;NA;NA;2;NA;1;1;NA;1;NA;3;NA;NA;NA;NA;NA;NA
42;"SC";4204905;"420490";"Descanso";"Não";"Região Metropolitana do Extremo Oeste";"Ocupantes de automóvel";NA;NA;NA;NA;NA;NA;NA;1;1;NA;NA;NA;NA;NA;NA;NA;1;NA;NA;NA;NA;NA;NA;NA;NA
42;"SC";4205001;"420500";"Dionísio Cerqueira";"Não";"Região Metropolitana do Extremo Oeste";"Ocupantes de automóvel";NA;NA;NA;NA;NA;NA;NA;NA;NA;NA;NA;NA;NA;NA;NA;NA;NA;NA;NA;NA;NA;2;NA;NA;NA
42;"SC";4205100;"420510";"Dona Emma";"Não";"Região Metropolitana do Alto Vale do Itajaí";"Ocupantes de automóvel";NA;NA;NA;NA;NA;NA;NA;NA;NA;NA;NA;NA;NA;NA;NA;NA;NA;NA;NA;NA;NA;NA;NA;NA;NA
42;"SC";4205159;"420515";"Doutor Pedrinho";"Não";"Região Metropolitana do Vale do Itajaí";"Ocupantes de automóvel";NA;NA;NA;NA;NA;NA;NA;NA;NA;NA;NA;NA;NA;NA;NA;NA;1;NA;NA;NA;NA;NA;NA;NA;NA
42;"SC";4205175;"420517";"Entre Rios";"Não";"Região Metropolitana do Extremo Oeste";"Ocupantes de automóvel";NA;NA;NA;NA;NA;NA;NA;NA;NA;NA;NA;NA;NA;NA;NA;NA;NA;NA;NA;NA;NA;NA;NA;NA;NA
42;"SC";4205191;"420519";"Ermo";"Não";"Região Metropolitana Carbonífera";"Ocupantes de automóvel";NA;NA;NA;NA;NA;NA;NA;NA;NA;NA;NA;NA;NA;NA;NA;NA;NA;NA;NA;NA;NA;NA;NA;NA;NA
42;"SC";4205209;"420520";"Erval Velho";"Não";"Região Metropolitana do Contestado";"Ocupantes de automóvel";NA;NA;NA;NA;NA;NA;NA;NA;NA;NA;NA;NA;NA;NA;NA;NA;NA;NA;NA;1;1;NA;NA;NA;NA
42;"SC";4205308;"420530";"Faxinal dos Guedes";"Não";"Região Metropolitana de Chapecó";"Ocupantes de automóvel";NA;NA;NA;NA;NA;NA;NA;NA;1;NA;NA;1;1;NA;NA;NA;NA;NA;1;1;NA;NA;NA;NA;NA
42;"SC";4205407;"420540";"Florianópolis";"Sim";"Região Metropolitana de Florianópolis";"Ocupantes de automóvel";NA;1;1;1;2;NA;1;NA;NA;2;1;2;1;1;1;4;4;2;NA;NA;NA;1;NA;NA;NA
42;"SC";4205431;"420543";"Formosa do Sul";"Não";"Região Metropolitana do Extremo Oeste";"Ocupantes de automóvel";NA;NA;NA;NA;NA;NA;NA;NA;NA;NA;NA;NA;NA;NA;NA;NA;NA;NA;NA;NA;NA;NA;NA;1;NA
42;"SC";4205456;"420545";"Forquilhinha";"Não";"Região Metropolitana Carbonífera";"Ocupantes de automóvel";NA;NA;NA;NA;NA;NA;NA;NA;NA;NA;NA;NA;NA;NA;NA;NA;NA;NA;NA;NA;NA;NA;NA;NA;NA
42;"SC";4205506;"420550";"Fraiburgo";"Não";"Região Metropolitana do Contestado";"Ocupantes de automóvel";1;NA;NA;NA;NA;NA;NA;NA;NA;NA;NA;1;NA;1;NA;NA;NA;1;1;NA;3;1;NA;NA;NA
42;"SC";4205555;"420555";"Frei Rogério";"Não";"Região Metropolitana de Lages";"Ocupantes de automóvel";NA;NA;NA;NA;NA;NA;NA;NA;NA;NA;NA;NA;NA;NA;NA;1;NA;NA;NA;NA;NA;NA;NA;NA;NA
42;"SC";4205605;"420560";"Galvão";"Não";"Região Metropolitana do Extremo Oeste";"Ocupantes de automóvel";NA;NA;NA;NA;NA;NA;NA;NA;NA;NA;NA;NA;NA;NA;NA;NA;NA;NA;NA;NA;NA;NA;NA;NA;NA
42;"SC";4205704;"420570";"Garopaba";"Não";"Região Metropolitana de Florianópolis";"Ocupantes de automóvel";NA;NA;NA;NA;NA;NA;NA;NA;NA;NA;NA;NA;NA;NA;NA;NA;NA;NA;NA;NA;NA;NA;NA;1;NA
42;"SC";4205803;"420580";"Garuva";"Não";"Região Metropolitana de Joinville";"Ocupantes de automóvel";NA;NA;NA;1;NA;NA;NA;NA;NA;NA;NA;NA;NA;NA;NA;1;NA;1;1;NA;NA;1;1;NA;NA
42;"SC";4205902;"420590";"Gaspar";"Não";"Região Metropolitana do Vale do Itajaí";"Ocupantes de automóvel";NA;NA;NA;NA;NA;NA;NA;NA;NA;NA;NA;NA;1;NA;NA;NA;NA;NA;NA;NA;NA;1;NA;1;NA
42;"SC";4206009;"420600";"Governador Celso Ramos";"Não";"Região Metropolitana de Florianópolis";"Ocupantes de automóvel";NA;NA;NA;NA;NA;NA;NA;NA;NA;NA;NA;NA;NA;NA;NA;NA;NA;NA;NA;NA;NA;NA;NA;NA;NA
42;"SC";4206108;"420610";"Grão-Pará";"Não";"Região Metropolitana de Tubarão";"Ocupantes de automóvel";NA;NA;NA;NA;NA;NA;NA;NA;NA;NA;NA;NA;NA;NA;NA;NA;NA;NA;NA;NA;NA;NA;NA;NA;NA
42;"SC";4206207;"420620";"Gravatal";"Não";"Região Metropolitana de Tubarão";"Ocupantes de automóvel";NA;NA;NA;NA;NA;NA;NA;NA;NA;NA;NA;NA;NA;NA;NA;NA;NA;1;NA;NA;1;NA;NA;NA;NA
42;"SC";4206306;"420630";"Guabiruba";"Não";"Região Metropolitana do Vale do Itajaí";"Ocupantes de automóvel";NA;NA;NA;NA;NA;NA;NA;NA;NA;NA;NA;NA;NA;NA;NA;NA;NA;NA;NA;NA;NA;NA;NA;NA;NA
42;"SC";4206405;"420640";"Guaraciaba";"Não";"Região Metropolitana do Extremo Oeste";"Ocupantes de automóvel";NA;NA;NA;NA;NA;NA;NA;NA;NA;NA;NA;NA;NA;NA;1;1;NA;NA;NA;NA;NA;NA;NA;NA;NA
42;"SC";4206504;"420650";"Guaramirim";"Não";"Região Metropolitana de Jaraguá do Sul";"Ocupantes de automóvel";NA;NA;NA;NA;1;NA;NA;1;NA;NA;NA;NA;2;NA;1;1;NA;1;1;NA;1;NA;2;NA;NA
42;"SC";4206603;"420660";"Guarujá do Sul";"Não";"Região Metropolitana do Extremo Oeste";"Ocupantes de automóvel";NA;NA;NA;NA;NA;NA;NA;NA;NA;NA;NA;NA;NA;NA;NA;NA;NA;NA;NA;NA;NA;NA;NA;NA;NA
42;"SC";4206652;"420665";"Guatambú";"Não";"Região Metropolitana de Chapecó";"Ocupantes de automóvel";NA;NA;NA;NA;NA;NA;NA;NA;NA;NA;NA;NA;1;NA;NA;NA;NA;NA;NA;NA;NA;NA;NA;NA;NA
42;"SC";4206702;"420670";"Herval d'Oeste";"Não";"Região Metropolitana do Contestado";"Ocupantes de automóvel";NA;NA;NA;NA;NA;NA;NA;NA;NA;1;NA;2;NA;5;NA;NA;NA;NA;NA;NA;NA;NA;NA;1;NA
42;"SC";4206751;"420675";"Ibiam";"Não";"Região Metropolitana do Contestado";"Ocupantes de automóvel";NA;NA;NA;NA;NA;NA;NA;NA;NA;NA;NA;NA;NA;NA;NA;NA;NA;NA;NA;NA;NA;NA;NA;NA;NA
42;"SC";4206801;"420680";"Ibicaré";"Não";"Região Metropolitana do Contestado";"Ocupantes de automóvel";NA;NA;NA;NA;NA;NA;NA;NA;NA;NA;NA;NA;NA;NA;NA;NA;NA;NA;NA;NA;NA;NA;NA;NA;NA
42;"SC";4206900;"420690";"Ibirama";"Não";"Região Metropolitana do Alto Vale do Itajaí";"Ocupantes de automóvel";NA;NA;NA;NA;NA;NA;NA;NA;NA;1;NA;NA;NA;NA;NA;NA;NA;NA;NA;NA;NA;NA;NA;1;NA
42;"SC";4207007;"420700";"Içara";"Não";"Região Metropolitana Carbonífera";"Ocupantes de automóvel";NA;NA;NA;1;NA;NA;1;NA;NA;NA;1;NA;NA;1;NA;NA;NA;1;1;NA;NA;NA;NA;NA;NA
42;"SC";4207106;"420710";"Ilhota";"Não";"Região Metropolitana do Vale do Itajaí";"Ocupantes de automóvel";NA;NA;NA;NA;NA;NA;NA;NA;NA;NA;NA;NA;NA;NA;NA;NA;NA;1;1;NA;NA;NA;NA;NA;NA
42;"SC";4207205;"420720";"Imaruí";"Não";"Região Metropolitana de Tubarão";"Ocupantes de automóvel";NA;NA;NA;NA;NA;NA;NA;NA;NA;NA;NA;NA;NA;NA;NA;NA;NA;NA;NA;NA;NA;NA;NA;NA;NA
42;"SC";4207304;"420730";"Imbituba";"Não";"Região Metropolitana de Tubarão";"Ocupantes de automóvel";NA;1;NA;1;1;NA;NA;1;1;NA;NA;NA;NA;NA;NA;NA;NA;2;NA;NA;NA;NA;NA;NA;NA
42;"SC";4207403;"420740";"Imbuia";"Não";"Região Metropolitana do Alto Vale do Itajaí";"Ocupantes de automóvel";NA;NA;NA;NA;NA;NA;NA;NA;NA;NA;NA;NA;NA;NA;NA;NA;NA;NA;NA;NA;NA;NA;NA;NA;NA
42;"SC";4207502;"420750";"Indaial";"Não";"Região Metropolitana do Vale do Itajaí";"Ocupantes de automóvel";NA;NA;NA;NA;NA;NA;NA;NA;NA;NA;1;NA;NA;NA;NA;3;NA;NA;1;1;NA;NA;NA;1;NA
42;"SC";4207577;"420757";"Iomerê";"Não";"Região Metropolitana do Contestado";"Ocupantes de automóvel";NA;NA;NA;NA;NA;NA;NA;NA;NA;NA;NA;NA;NA;NA;NA;NA;NA;NA;NA;NA;NA;NA;NA;NA;NA
42;"SC";4207601;"420760";"Ipira";"Não";"Região Metropolitana do Contestado";"Ocupantes de automóvel";NA;NA;NA;NA;NA;NA;NA;NA;NA;NA;NA;NA;NA;NA;NA;NA;NA;NA;NA;NA;NA;NA;NA;NA;NA
42;"SC";4207650;"420765";"Iporã do Oeste";"Não";"Região Metropolitana do Extremo Oeste";"Ocupantes de automóvel";2;NA;NA;NA;NA;NA;NA;NA;NA;NA;NA;NA;NA;NA;NA;NA;NA;NA;NA;NA;NA;NA;NA;NA;NA
42;"SC";4207684;"420768";"Ipuaçu";"Não";"Região Metropolitana do Extremo Oeste";"Ocupantes de automóvel";1;NA;NA;NA;NA;NA;NA;NA;NA;NA;NA;NA;NA;NA;NA;NA;NA;NA;NA;NA;NA;1;NA;NA;NA
42;"SC";4207700;"420770";"Ipumirim";"Não";"Região Metropolitana do Contestado";"Ocupantes de automóvel";NA;NA;NA;NA;NA;NA;NA;NA;NA;NA;NA;NA;1;1;NA;NA;NA;NA;NA;NA;NA;NA;NA;NA;NA
42;"SC";4207759;"420775";"Iraceminha";"Não";"Região Metropolitana do Extremo Oeste";"Ocupantes de automóvel";NA;NA;NA;NA;NA;NA;NA;NA;NA;NA;NA;NA;3;NA;NA;1;NA;NA;NA;NA;NA;NA;NA;NA;NA
42;"SC";4207809;"420780";"Irani";"Não";"Região Metropolitana do Contestado";"Ocupantes de automóvel";NA;2;NA;NA;NA;1;NA;NA;NA;NA;NA;NA;NA;NA;1;NA;NA;NA;NA;1;NA;NA;NA;NA;NA
42;"SC";4207858;"420785";"Irati";"Não";"Região Metropolitana do Extremo Oeste";"Ocupantes de automóvel";NA;NA;NA;NA;NA;NA;NA;NA;NA;NA;NA;NA;NA;NA;NA;NA;NA;NA;NA;NA;NA;NA;NA;NA;NA
42;"SC";4207908;"420790";"Irineópolis";"Não";"Região Metropolitana do Planalto Norte";"Ocupantes de automóvel";NA;NA;NA;NA;NA;NA;NA;NA;NA;NA;NA;NA;NA;NA;NA;NA;NA;NA;NA;NA;NA;NA;2;NA;NA
42;"SC";4208005;"420800";"Itá";"Não";"Região Metropolitana de Chapecó";"Ocupantes de automóvel";NA;NA;NA;NA;NA;NA;1;NA;NA;NA;NA;2;NA;NA;NA;NA;NA;NA;NA;NA;NA;NA;NA;NA;NA
42;"SC";4208104;"420810";"Itaiópolis";"Não";"Região Metropolitana do Planalto Norte";"Ocupantes de automóvel";NA;NA;NA;NA;NA;NA;NA;1;NA;NA;NA;NA;2;NA;NA;NA;1;NA;NA;NA;NA;NA;NA;NA;NA
42;"SC";4208203;"420820";"Itajaí";"Não";"Região Metropolitana da Foz do Rio Itajaí";"Ocupantes de automóvel";NA;NA;NA;1;1;1;3;NA;1;NA;1;NA;1;1;1;NA;2;NA;2;NA;2;NA;1;1;NA
42;"SC";4208302;"420830";"Itapema";"Não";"Região Metropolitana da Foz do Rio Itajaí";"Ocupantes de automóvel";NA;NA;NA;NA;NA;NA;NA;NA;NA;NA;NA;NA;NA;NA;NA;NA;NA;NA;NA;NA;NA;NA;NA;1;NA
42;"SC";4208401;"420840";"Itapiranga";"Não";"Região Metropolitana do Extremo Oeste";"Ocupantes de automóvel";NA;NA;NA;NA;NA;NA;NA;NA;NA;NA;NA;NA;NA;NA;NA;NA;NA;NA;NA;NA;NA;NA;NA;NA;NA
42;"SC";4208450;"420845";"Itapoá";"Não";"Região Metropolitana de Joinville";"Ocupantes de automóvel";NA;NA;NA;NA;NA;NA;NA;NA;NA;NA;NA;NA;NA;NA;1;1;NA;3;NA;1;2;NA;1;NA;NA
42;"SC";4208500;"420850";"Ituporanga";"Não";"Região Metropolitana do Alto Vale do Itajaí";"Ocupantes de automóvel";NA;NA;NA;NA;NA;NA;NA;NA;NA;NA;1;NA;NA;1;NA;NA;NA;NA;NA;NA;NA;1;1;NA;NA
42;"SC";4208609;"420860";"Jaborá";"Não";"Região Metropolitana do Contestado";"Ocupantes de automóvel";NA;NA;NA;NA;NA;NA;NA;NA;NA;NA;NA;NA;NA;NA;NA;NA;NA;NA;1;NA;NA;NA;NA;NA;NA
42;"SC";4208708;"420870";"Jacinto Machado";"Não";"Região Metropolitana Carbonífera";"Ocupantes de automóvel";NA;NA;NA;NA;NA;NA;NA;NA;NA;NA;NA;NA;NA;NA;NA;NA;NA;NA;NA;NA;NA;NA;NA;NA;NA
42;"SC";4208807;"420880";"Jaguaruna";"Não";"Região Metropolitana de Tubarão";"Ocupantes de automóvel";NA;NA;NA;NA;1;NA;NA;NA;NA;NA;NA;NA;NA;1;NA;NA;NA;NA;NA;NA;NA;NA;NA;NA;NA
42;"SC";4208906;"420890";"Jaraguá do Sul";"Não";"Região Metropolitana de Jaraguá do Sul";"Ocupantes de automóvel";NA;NA;1;NA;2;NA;1;NA;NA;1;1;1;NA;2;NA;NA;1;2;2;2;NA;NA;1;NA;NA
42;"SC";4209003;"420900";"Joaçaba";"Não";"Região Metropolitana do Contestado";"Ocupantes de automóvel";NA;NA;NA;1;NA;NA;NA;NA;NA;NA;1;NA;1;NA;1;NA;NA;NA;NA;1;2;NA;NA;1;NA
42;"SC";4209102;"420910";"Joinville";"Não";"Região Metropolitana de Joinville";"Ocupantes de automóvel";3;NA;1;NA;1;1;3;1;1;4;4;1;3;1;6;8;4;2;4;1;2;6;4;NA;NA
42;"SC";4209151;"420915";"José Boiteux";"Não";"Região Metropolitana do Alto Vale do Itajaí";"Ocupantes de automóvel";NA;NA;NA;NA;NA;NA;NA;NA;NA;NA;NA;NA;NA;NA;NA;NA;NA;NA;NA;NA;NA;NA;NA;NA;NA
42;"SC";4209177;"420917";"Jupiá";"Não";"Região Metropolitana do Extremo Oeste";"Ocupantes de automóvel";NA;NA;NA;NA;NA;NA;NA;NA;NA;NA;NA;1;NA;NA;NA;NA;NA;NA;1;NA;NA;NA;NA;NA;NA
42;"SC";4209201;"420920";"Lacerdópolis";"Não";"Região Metropolitana do Contestado";"Ocupantes de automóvel";NA;NA;NA;NA;NA;NA;NA;NA;NA;NA;NA;NA;NA;NA;NA;NA;NA;NA;NA;NA;NA;NA;NA;NA;NA
42;"SC";4209300;"420930";"Lages";"Não";"Região Metropolitana de Lages";"Ocupantes de automóvel";2;NA;NA;NA;NA;NA;1;NA;NA;1;NA;1;NA;1;3;3;3;1;3;4;2;4;2;2;NA
42;"SC";4209409;"420940";"Laguna";"Não";"Região Metropolitana de Tubarão";"Ocupantes de automóvel";NA;NA;NA;NA;1;1;NA;NA;NA;NA;NA;1;NA;NA;NA;NA;NA;NA;1;NA;NA;NA;NA;NA;NA
42;"SC";4209458;"420945";"Lajeado Grande";"Não";"Região Metropolitana de Chapecó";"Ocupantes de automóvel";NA;NA;NA;NA;NA;NA;NA;NA;NA;NA;NA;NA;NA;NA;NA;NA;NA;NA;NA;NA;NA;NA;NA;NA;NA
42;"SC";4209508;"420950";"Laurentino";"Não";"Região Metropolitana do Alto Vale do Itajaí";"Ocupantes de automóvel";NA;NA;NA;NA;NA;NA;NA;NA;NA;1;NA;NA;NA;NA;NA;NA;NA;NA;NA;NA;NA;NA;NA;NA;NA
42;"SC";4209607;"420960";"Lauro Müller";"Não";"Região Metropolitana Carbonífera";"Ocupantes de automóvel";NA;NA;NA;NA;NA;NA;NA;NA;NA;1;NA;NA;NA;NA;NA;NA;NA;NA;NA;NA;NA;NA;NA;NA;NA
42;"SC";4209706;"420970";"Lebon Régis";"Não";"Região Metropolitana do Contestado";"Ocupantes de automóvel";NA;NA;NA;NA;NA;NA;NA;NA;NA;NA;1;NA;NA;NA;NA;NA;NA;NA;NA;NA;NA;NA;NA;1;NA
42;"SC";4209805;"420980";"Leoberto Leal";"Não";"Região Metropolitana de Florianópolis";"Ocupantes de automóvel";NA;NA;NA;NA;NA;NA;NA;NA;NA;NA;NA;NA;NA;NA;NA;NA;NA;NA;NA;NA;NA;NA;NA;NA;NA
42;"SC";4209854;"420985";"Lindóia do Sul";"Não";"Região Metropolitana do Contestado";"Ocupantes de automóvel";NA;NA;NA;NA;NA;NA;NA;NA;NA;NA;NA;NA;NA;NA;NA;NA;NA;NA;NA;NA;NA;1;NA;NA;NA
42;"SC";4209904;"420990";"Lontras";"Não";"Região Metropolitana do Alto Vale do Itajaí";"Ocupantes de automóvel";NA;NA;NA;NA;NA;NA;NA;NA;1;NA;NA;NA;NA;1;NA;NA;NA;NA;NA;NA;NA;2;NA;NA;NA
42;"SC";4210001;"421000";"Luiz Alves";"Não";"Região Metropolitana do Vale do Itajaí";"Ocupantes de automóvel";NA;NA;NA;NA;NA;NA;NA;NA;NA;NA;NA;NA;NA;NA;NA;NA;NA;NA;NA;NA;NA;NA;NA;NA;NA
42;"SC";4210035;"421003";"Luzerna";"Não";"Região Metropolitana do Contestado";"Ocupantes de automóvel";NA;NA;NA;NA;NA;1;NA;NA;NA;NA;NA;NA;NA;NA;NA;NA;NA;2;NA;NA;1;NA;NA;NA;NA
42;"SC";4210050;"421005";"Macieira";"Não";"Região Metropolitana do Contestado";"Ocupantes de automóvel";NA;NA;NA;NA;NA;NA;NA;NA;NA;NA;NA;NA;NA;NA;NA;NA;NA;NA;NA;NA;NA;NA;NA;NA;NA
42;"SC";4210100;"421010";"Mafra";"Não";"Região Metropolitana do Planalto Norte";"Ocupantes de automóvel";NA;1;NA;NA;1;3;NA;NA;NA;1;1;NA;NA;NA;1;NA;NA;NA;NA;NA;2;NA;NA;NA;NA
42;"SC";4210209;"421020";"Major Gercino";"Não";"Região Metropolitana de Florianópolis";"Ocupantes de automóvel";NA;NA;NA;NA;NA;NA;NA;NA;NA;NA;NA;NA;NA;NA;NA;NA;NA;NA;NA;NA;NA;NA;NA;NA;NA
42;"SC";4210308;"421030";"Major Vieira";"Não";"Região Metropolitana do Planalto Norte";"Ocupantes de automóvel";NA;NA;NA;NA;NA;NA;NA;NA;NA;NA;NA;NA;NA;NA;NA;NA;NA;NA;NA;NA;NA;NA;NA;NA;NA
42;"SC";4210407;"421040";"Maracajá";"Não";"Região Metropolitana Carbonífera";"Ocupantes de automóvel";NA;NA;NA;NA;NA;NA;NA;NA;NA;NA;NA;NA;NA;NA;NA;NA;NA;NA;1;NA;NA;NA;NA;NA;NA
42;"SC";4210506;"421050";"Maravilha";"Não";"Região Metropolitana do Extremo Oeste";"Ocupantes de automóvel";NA;NA;NA;NA;NA;NA;NA;NA;NA;NA;NA;NA;2;2;NA;NA;NA;1;NA;NA;3;NA;NA;NA;NA
42;"SC";4210555;"421055";"Marema";"Não";"Região Metropolitana de Chapecó";"Ocupantes de automóvel";NA;NA;NA;NA;NA;NA;NA;NA;NA;NA;NA;NA;NA;NA;NA;NA;NA;NA;NA;NA;NA;NA;NA;NA;NA
42;"SC";4210605;"421060";"Massaranduba";"Não";"Região Metropolitana de Jaraguá do Sul";"Ocupantes de automóvel";NA;NA;NA;NA;NA;NA;NA;NA;NA;NA;NA;NA;NA;1;NA;NA;NA;NA;NA;NA;NA;NA;NA;NA;NA
42;"SC";4210704;"421070";"Matos Costa";"Não";"Região Metropolitana do Contestado";"Ocupantes de automóvel";NA;NA;NA;NA;NA;NA;NA;NA;NA;NA;NA;NA;NA;NA;NA;NA;NA;NA;NA;NA;NA;NA;NA;NA;NA
42;"SC";4210803;"421080";"Meleiro";"Não";"Região Metropolitana Carbonífera";"Ocupantes de automóvel";NA;NA;NA;NA;NA;NA;NA;NA;NA;NA;NA;NA;NA;NA;NA;NA;NA;NA;NA;NA;NA;NA;NA;NA;NA
42;"SC";4210852;"421085";"Mirim Doce";"Não";"Região Metropolitana do Alto Vale do Itajaí";"Ocupantes de automóvel";NA;NA;NA;NA;NA;NA;NA;NA;NA;NA;NA;NA;NA;NA;NA;NA;NA;NA;NA;NA;NA;NA;NA;NA;NA
42;"SC";4210902;"421090";"Modelo";"Não";"Região Metropolitana do Extremo Oeste";"Ocupantes de automóvel";NA;NA;NA;NA;NA;NA;NA;NA;NA;NA;NA;NA;NA;NA;NA;NA;NA;NA;NA;NA;NA;NA;NA;NA;NA
42;"SC";4211009;"421100";"Mondaí";"Não";"Região Metropolitana do Extremo Oeste";"Ocupantes de automóvel";NA;NA;NA;NA;NA;NA;NA;NA;NA;NA;NA;NA;NA;NA;NA;NA;NA;1;NA;NA;NA;NA;NA;NA;NA
42;"SC";4211058;"421105";"Monte Carlo";"Não";"Região Metropolitana do Contestado";"Ocupantes de automóvel";1;NA;NA;NA;NA;NA;NA;NA;NA;NA;NA;NA;1;NA;NA;NA;NA;NA;NA;3;NA;NA;NA;NA;NA
42;"SC";4211108;"421110";"Monte Castelo";"Não";"Região Metropolitana do Planalto Norte";"Ocupantes de automóvel";NA;NA;NA;NA;NA;NA;NA;1;NA;NA;NA;NA;NA;NA;NA;NA;NA;NA;NA;1;NA;NA;NA;NA;NA
42;"SC";4211207;"421120";"Morro da Fumaça";"Não";"Região Metropolitana Carbonífera";"Ocupantes de automóvel";NA;NA;NA;NA;NA;NA;NA;NA;NA;NA;NA;NA;NA;NA;NA;NA;NA;NA;NA;NA;NA;NA;NA;NA;NA
42;"SC";4211256;"421125";"Morro Grande";"Não";"Região Metropolitana Carbonífera";"Ocupantes de automóvel";NA;NA;NA;NA;NA;NA;NA;NA;NA;NA;NA;NA;NA;NA;NA;NA;NA;NA;NA;NA;NA;NA;NA;NA;NA
42;"SC";4211306;"421130";"Navegantes";"Não";"Região Metropolitana da Foz do Rio Itajaí";"Ocupantes de automóvel";NA;NA;NA;NA;NA;NA;NA;NA;NA;NA;NA;NA;1;1;NA;NA;NA;NA;NA;1;NA;NA;NA;NA;NA
42;"SC";4211405;"421140";"Nova Erechim";"Não";"Região Metropolitana de Chapecó";"Ocupantes de automóvel";NA;NA;NA;NA;NA;NA;NA;NA;NA;NA;NA;NA;NA;NA;NA;NA;NA;NA;NA;NA;NA;NA;NA;NA;NA
42;"SC";4211454;"421145";"Nova Itaberaba";"Não";"Região Metropolitana de Chapecó";"Ocupantes de automóvel";NA;NA;NA;NA;NA;NA;NA;NA;NA;NA;NA;NA;NA;NA;NA;NA;NA;NA;NA;NA;NA;NA;NA;NA;NA
42;"SC";4211504;"421150";"Nova Trento";"Não";"Região Metropolitana de Florianópolis";"Ocupantes de automóvel";NA;NA;NA;NA;NA;NA;NA;NA;NA;NA;NA;NA;NA;NA;NA;NA;NA;NA;NA;NA;NA;NA;1;NA;NA
42;"SC";4211603;"421160";"Nova Veneza";"Não";"Região Metropolitana Carbonífera";"Ocupantes de automóvel";NA;NA;NA;NA;NA;NA;NA;NA;NA;NA;NA;NA;NA;NA;NA;NA;1;NA;NA;NA;NA;NA;NA;NA;NA
42;"SC";4211652;"421165";"Novo Horizonte";"Não";"Região Metropolitana do Extremo Oeste";"Ocupantes de automóvel";NA;NA;NA;1;NA;NA;NA;NA;NA;NA;NA;NA;NA;NA;NA;NA;NA;NA;NA;NA;NA;NA;NA;NA;NA
42;"SC";4211702;"421170";"Orleans";"Não";"Região Metropolitana de Tubarão";"Ocupantes de automóvel";NA;NA;NA;NA;NA;NA;NA;NA;NA;NA;NA;NA;NA;NA;NA;NA;NA;NA;NA;NA;NA;1;NA;NA;NA
42;"SC";4211751;"421175";"Otacílio Costa";"Não";"Região Metropolitana de Lages";"Ocupantes de automóvel";NA;NA;NA;NA;NA;NA;NA;NA;1;NA;NA;NA;NA;NA;NA;1;NA;NA;NA;NA;NA;NA;NA;NA;NA
42;"SC";4211801;"421180";"Ouro";"Não";"Região Metropolitana do Contestado";"Ocupantes de automóvel";NA;NA;NA;NA;NA;NA;NA;NA;NA;NA;NA;NA;NA;NA;NA;NA;NA;NA;NA;NA;NA;NA;NA;NA;NA
42;"SC";4211892;"421189";"Painel";"Não";"Região Metropolitana de Lages";"Ocupantes de automóvel";NA;NA;NA;NA;NA;NA;NA;NA;NA;NA;NA;NA;1;NA;NA;1;NA;1;NA;NA;NA;NA;NA;NA;NA
42;"SC";4211900;"421190";"Palhoça";"Não";"Região Metropolitana de Florianópolis";"Ocupantes de automóvel";NA;2;NA;NA;NA;NA;NA;NA;NA;1;NA;NA;NA;1;NA;NA;NA;NA;1;NA;NA;NA;NA;NA;NA
42;"SC";4212007;"421200";"Palma Sola";"Não";"Região Metropolitana do Extremo Oeste";"Ocupantes de automóvel";NA;NA;NA;NA;NA;NA;NA;NA;2;NA;NA;NA;NA;NA;NA;NA;NA;NA;NA;NA;NA;NA;NA;NA;NA
42;"SC";4212056;"421205";"Palmeira";"Não";"Região Metropolitana de Lages";"Ocupantes de automóvel";NA;NA;NA;NA;NA;NA;NA;NA;NA;NA;NA;NA;NA;NA;NA;NA;NA;NA;NA;NA;NA;NA;NA;1;NA
42;"SC";4212106;"421210";"Palmitos";"Não";"Região Metropolitana de Chapecó";"Ocupantes de automóvel";NA;NA;NA;NA;NA;NA;NA;NA;NA;NA;NA;NA;NA;NA;NA;NA;NA;NA;NA;NA;NA;1;1;NA;NA
42;"SC";4212205;"421220";"Papanduva";"Não";"Região Metropolitana do Planalto Norte";"Ocupantes de automóvel";3;1;NA;NA;NA;NA;NA;NA;NA;NA;NA;NA;NA;NA;NA;NA;NA;NA;NA;NA;NA;NA;NA;NA;NA
42;"SC";4212239;"421223";"Paraíso";"Não";"Região Metropolitana do Extremo Oeste";"Ocupantes de automóvel";NA;NA;NA;NA;NA;NA;NA;NA;NA;NA;NA;NA;NA;NA;NA;NA;NA;NA;NA;NA;NA;NA;NA;NA;NA
42;"SC";4212254;"421225";"Passo de Torres";"Não";"Região Metropolitana Carbonífera";"Ocupantes de automóvel";NA;NA;NA;NA;NA;NA;NA;NA;NA;NA;NA;NA;NA;NA;NA;NA;NA;NA;NA;NA;NA;NA;NA;NA;NA
42;"SC";4212270;"421227";"Passos Maia";"Não";"Região Metropolitana de Chapecó";"Ocupantes de automóvel";NA;NA;NA;NA;NA;NA;NA;NA;NA;NA;NA;NA;NA;NA;NA;NA;NA;NA;NA;NA;NA;NA;NA;NA;NA
42;"SC";4212304;"421230";"Paulo Lopes";"Não";"Região Metropolitana de Florianópolis";"Ocupantes de automóvel";NA;NA;NA;NA;NA;NA;NA;NA;NA;NA;NA;NA;NA;NA;NA;NA;NA;NA;NA;NA;2;NA;NA;NA;NA
42;"SC";4212403;"421240";"Pedras Grandes";"Não";"Região Metropolitana de Tubarão";"Ocupantes de automóvel";NA;NA;NA;NA;NA;NA;NA;NA;NA;NA;NA;NA;NA;NA;NA;NA;NA;NA;NA;NA;NA;NA;NA;NA;NA
42;"SC";4212502;"421250";"Penha";"Não";"Região Metropolitana da Foz do Rio Itajaí";"Ocupantes de automóvel";NA;NA;NA;NA;NA;NA;NA;NA;NA;NA;NA;NA;NA;NA;NA;NA;NA;NA;NA;NA;NA;NA;NA;NA;NA
42;"SC";4212601;"421260";"Peritiba";"Não";"Região Metropolitana do Contestado";"Ocupantes de automóvel";NA;NA;NA;NA;NA;NA;NA;NA;NA;NA;NA;NA;NA;1;NA;NA;NA;NA;NA;NA;NA;NA;NA;NA;NA
42;"SC";4212650;"421265";"Pescaria Brava";"Não";"Região Metropolitana de Tubarão";"Ocupantes de automóvel";NA;NA;NA;NA;NA;NA;NA;NA;NA;NA;NA;NA;NA;NA;NA;NA;NA;NA;NA;NA;NA;NA;NA;NA;NA
42;"SC";4212700;"421270";"Petrolândia";"Não";"Região Metropolitana do Alto Vale do Itajaí";"Ocupantes de automóvel";NA;NA;NA;NA;NA;NA;NA;NA;NA;NA;NA;NA;NA;NA;NA;1;1;NA;NA;NA;NA;NA;NA;NA;NA
42;"SC";4212809;"421280";"Balneário Piçarras";"Não";"Região Metropolitana da Foz do Rio Itajaí";"Ocupantes de automóvel";NA;NA;NA;NA;NA;NA;NA;NA;NA;NA;NA;NA;NA;NA;NA;NA;NA;1;NA;NA;NA;NA;NA;NA;NA
42;"SC";4212908;"421290";"Pinhalzinho";"Não";"Região Metropolitana de Chapecó";"Ocupantes de automóvel";NA;NA;NA;NA;NA;NA;NA;NA;NA;NA;NA;NA;NA;NA;NA;NA;NA;NA;1;4;NA;1;NA;1;NA
42;"SC";4213005;"421300";"Pinheiro Preto";"Não";"Região Metropolitana do Contestado";"Ocupantes de automóvel";NA;NA;NA;NA;NA;NA;NA;NA;NA;NA;NA;NA;NA;NA;NA;NA;1;NA;NA;NA;1;NA;NA;NA;NA
42;"SC";4213104;"421310";"Piratuba";"Não";"Região Metropolitana do Contestado";"Ocupantes de automóvel";NA;NA;NA;NA;NA;NA;NA;NA;NA;NA;NA;NA;NA;NA;NA;NA;NA;NA;NA;NA;NA;NA;NA;NA;NA
42;"SC";4213153;"421315";"Planalto Alegre";"Não";"Região Metropolitana de Chapecó";"Ocupantes de automóvel";NA;NA;NA;NA;NA;NA;NA;1;NA;NA;NA;NA;NA;NA;NA;NA;NA;NA;NA;NA;NA;NA;NA;1;NA
42;"SC";4213203;"421320";"Pomerode";"Não";"Região Metropolitana do Vale do Itajaí";"Ocupantes de automóvel";NA;NA;NA;NA;NA;NA;NA;NA;NA;NA;NA;NA;NA;NA;NA;1;NA;NA;NA;NA;NA;NA;NA;NA;NA
42;"SC";4213302;"421330";"Ponte Alta";"Não";"Região Metropolitana de Lages";"Ocupantes de automóvel";NA;NA;NA;NA;NA;NA;NA;NA;NA;NA;NA;NA;NA;NA;1;2;NA;1;1;NA;NA;1;NA;NA;NA
42;"SC";4213351;"421335";"Ponte Alta do Norte";"Não";"Região Metropolitana de Lages";"Ocupantes de automóvel";NA;NA;NA;NA;NA;NA;1;NA;NA;NA;NA;NA;NA;1;NA;NA;NA;NA;NA;NA;NA;NA;NA;NA;NA
42;"SC";4213401;"421340";"Ponte Serrada";"Não";"Região Metropolitana de Chapecó";"Ocupantes de automóvel";NA;NA;NA;NA;NA;NA;NA;NA;1;NA;NA;1;NA;NA;NA;1;NA;NA;3;1;NA;NA;NA;1;NA
42;"SC";4213500;"421350";"Porto Belo";"Não";"Região Metropolitana da Foz do Rio Itajaí";"Ocupantes de automóvel";NA;NA;1;NA;NA;NA;NA;NA;NA;NA;NA;NA;NA;NA;NA;NA;NA;NA;NA;NA;NA;NA;NA;NA;NA
42;"SC";4213609;"421360";"Porto União";"Não";"Região Metropolitana do Planalto Norte";"Ocupantes de automóvel";NA;NA;NA;NA;NA;NA;NA;NA;NA;NA;NA;NA;NA;NA;NA;NA;NA;NA;NA;NA;NA;NA;1;NA;NA
42;"SC";4213708;"421370";"Pouso Redondo";"Não";"Região Metropolitana do Alto Vale do Itajaí";"Ocupantes de automóvel";1;NA;NA;NA;NA;NA;NA;NA;NA;2;NA;NA;NA;NA;1;1;NA;NA;NA;NA;NA;NA;NA;NA;NA
42;"SC";4213807;"421380";"Praia Grande";"Não";"Região Metropolitana Carbonífera";"Ocupantes de automóvel";NA;NA;NA;NA;NA;NA;NA;NA;NA;NA;NA;NA;NA;NA;NA;NA;NA;NA;NA;NA;NA;NA;NA;NA;NA
42;"SC";4214003;"421400";"Presidente Getúlio";"Não";"Região Metropolitana do Alto Vale do Itajaí";"Ocupantes de automóvel";NA;NA;NA;NA;NA;NA;NA;NA;NA;NA;NA;NA;NA;NA;NA;NA;NA;NA;NA;NA;NA;2;NA;NA;NA
42;"SC";4214102;"421410";"Presidente Nereu";"Não";"Região Metropolitana do Alto Vale do Itajaí";"Ocupantes de automóvel";NA;NA;NA;NA;NA;NA;NA;NA;NA;NA;NA;NA;NA;NA;NA;NA;NA;1;NA;NA;NA;NA;NA;NA;NA
42;"SC";4214201;"421420";"Quilombo";"Não";"Região Metropolitana de Chapecó";"Ocupantes de automóvel";NA;NA;NA;NA;NA;NA;NA;NA;NA;NA;NA;NA;NA;NA;NA;NA;NA;NA;NA;NA;NA;NA;NA;NA;NA
42;"SC";4214300;"421430";"Rancho Queimado";"Não";"Região Metropolitana de Florianópolis";"Ocupantes de automóvel";NA;NA;NA;NA;NA;NA;NA;NA;NA;NA;NA;NA;NA;NA;1;NA;NA;NA;NA;NA;NA;NA;NA;NA;NA
42;"SC";4214409;"421440";"Rio das Antas";"Não";"Região Metropolitana do Contestado";"Ocupantes de automóvel";NA;NA;NA;NA;NA;NA;NA;NA;NA;NA;NA;NA;NA;NA;NA;NA;NA;NA;NA;NA;NA;NA;NA;1;NA
42;"SC";4214508;"421450";"Rio do Campo";"Não";"Região Metropolitana do Alto Vale do Itajaí";"Ocupantes de automóvel";NA;NA;NA;NA;NA;NA;NA;NA;NA;NA;NA;NA;NA;NA;NA;NA;NA;NA;NA;NA;NA;NA;NA;NA;NA
42;"SC";4214607;"421460";"Rio do Oeste";"Não";"Região Metropolitana do Alto Vale do Itajaí";"Ocupantes de automóvel";NA;NA;NA;NA;NA;NA;NA;NA;NA;NA;NA;NA;NA;NA;NA;NA;NA;NA;NA;NA;NA;NA;NA;NA;NA
42;"SC";4214706;"421470";"Rio dos Cedros";"Não";"Região Metropolitana do Vale do Itajaí";"Ocupantes de automóvel";NA;NA;NA;NA;NA;NA;NA;NA;NA;NA;NA;NA;NA;NA;NA;NA;NA;NA;NA;NA;NA;NA;NA;NA;NA
42;"SC";4214805;"421480";"Rio do Sul";"Não";"Região Metropolitana do Alto Vale do Itajaí";"Ocupantes de automóvel";NA;NA;NA;NA;2;NA;NA;NA;NA;NA;1;NA;NA;1;3;NA;NA;1;NA;NA;1;NA;NA;2;NA
42;"SC";4214904;"421490";"Rio Fortuna";"Não";"Região Metropolitana de Tubarão";"Ocupantes de automóvel";NA;NA;NA;NA;NA;NA;NA;NA;NA;NA;NA;NA;NA;NA;NA;NA;NA;NA;NA;NA;NA;NA;NA;NA;NA
42;"SC";4215000;"421500";"Rio Negrinho";"Não";"Região Metropolitana de Joinville";"Ocupantes de automóvel";NA;NA;NA;NA;NA;NA;NA;NA;NA;NA;NA;NA;NA;NA;NA;NA;NA;NA;NA;NA;NA;NA;1;NA;NA
42;"SC";4215059;"421505";"Rio Rufino";"Não";"Região Metropolitana de Lages";"Ocupantes de automóvel";NA;NA;NA;NA;NA;NA;NA;NA;NA;NA;NA;NA;NA;NA;NA;NA;NA;NA;NA;NA;NA;NA;NA;1;NA
42;"SC";4215075;"421507";"Riqueza";"Não";"Região Metropolitana do Extremo Oeste";"Ocupantes de automóvel";NA;NA;NA;NA;NA;NA;NA;NA;NA;NA;NA;NA;NA;NA;NA;NA;NA;NA;NA;NA;NA;NA;NA;NA;NA
42;"SC";4215109;"421510";"Rodeio";"Não";"Região Metropolitana do Vale do Itajaí";"Ocupantes de automóvel";NA;NA;NA;NA;NA;NA;NA;NA;NA;NA;NA;1;NA;NA;NA;NA;NA;NA;NA;NA;NA;NA;NA;NA;NA
42;"SC";4215208;"421520";"Romelândia";"Não";"Região Metropolitana do Extremo Oeste";"Ocupantes de automóvel";NA;NA;NA;NA;NA;NA;NA;NA;NA;NA;NA;NA;NA;NA;NA;1;NA;NA;NA;NA;NA;NA;NA;NA;NA
42;"SC";4215307;"421530";"Salete";"Não";"Região Metropolitana do Alto Vale do Itajaí";"Ocupantes de automóvel";NA;NA;NA;NA;NA;NA;NA;NA;NA;NA;NA;NA;NA;NA;NA;NA;NA;NA;NA;NA;NA;NA;NA;NA;NA
42;"SC";4215406;"421540";"Salto Veloso";"Não";"Região Metropolitana do Contestado";"Ocupantes de automóvel";NA;NA;NA;NA;NA;NA;NA;NA;NA;NA;NA;NA;NA;NA;NA;NA;NA;NA;NA;NA;NA;NA;NA;NA;NA
42;"SC";4215455;"421545";"Sangão";"Não";"Região Metropolitana de Tubarão";"Ocupantes de automóvel";NA;NA;NA;1;NA;1;NA;NA;NA;NA;NA;NA;NA;1;NA;NA;NA;NA;NA;NA;NA;NA;NA;1;NA
42;"SC";4215505;"421550";"Santa Cecília";"Não";"Região Metropolitana de Lages";"Ocupantes de automóvel";NA;NA;NA;NA;NA;NA;NA;NA;NA;NA;1;2;1;NA;NA;1;NA;NA;NA;NA;NA;1;1;NA;NA
42;"SC";4215554;"421555";"Santa Helena";"Não";"Região Metropolitana do Extremo Oeste";"Ocupantes de automóvel";NA;NA;NA;NA;NA;NA;NA;NA;NA;NA;NA;NA;NA;NA;NA;NA;NA;NA;NA;NA;NA;NA;NA;NA;NA
42;"SC";4215653;"421565";"Santa Rosa do Sul";"Não";"Região Metropolitana Carbonífera";"Ocupantes de automóvel";NA;NA;NA;NA;NA;NA;NA;1;NA;NA;NA;NA;NA;NA;NA;NA;NA;NA;NA;NA;NA;NA;NA;NA;NA
42;"SC";4215679;"421567";"Santa Terezinha";"Não";"Região Metropolitana do Alto Vale do Itajaí";"Ocupantes de automóvel";NA;NA;NA;NA;NA;NA;NA;NA;NA;NA;NA;NA;NA;NA;NA;NA;NA;NA;NA;NA;NA;NA;NA;NA;NA
42;"SC";4215687;"421568";"Santa Terezinha do Progresso";"Não";"Região Metropolitana do Extremo Oeste";"Ocupantes de automóvel";NA;NA;NA;NA;NA;NA;NA;NA;NA;NA;NA;NA;NA;NA;NA;NA;NA;NA;NA;NA;NA;NA;NA;NA;NA
42;"SC";4215695;"421569";"Santiago do Sul";"Não";"Região Metropolitana do Extremo Oeste";"Ocupantes de automóvel";NA;NA;NA;NA;NA;NA;NA;NA;NA;NA;NA;NA;NA;NA;NA;NA;NA;NA;NA;NA;NA;NA;NA;NA;NA
42;"SC";4215703;"421570";"Santo Amaro da Imperatriz";"Não";"Região Metropolitana de Florianópolis";"Ocupantes de automóvel";NA;NA;NA;NA;NA;NA;NA;NA;NA;NA;NA;NA;NA;NA;NA;NA;NA;NA;NA;NA;NA;NA;NA;NA;NA
42;"SC";4215802;"421580";"São Bento do Sul";"Não";"Região Metropolitana de Joinville";"Ocupantes de automóvel";NA;NA;1;NA;NA;NA;NA;NA;NA;NA;NA;NA;NA;1;1;NA;NA;NA;NA;1;NA;NA;NA;NA;NA
42;"SC";4215901;"421590";"São Bonifácio";"Não";"Região Metropolitana de Florianópolis";"Ocupantes de automóvel";NA;NA;NA;NA;NA;NA;NA;NA;NA;NA;NA;NA;NA;NA;NA;NA;NA;NA;NA;NA;NA;NA;NA;NA;NA
42;"SC";4216008;"421600";"São Carlos";"Não";"Região Metropolitana de Chapecó";"Ocupantes de automóvel";NA;NA;NA;NA;NA;NA;NA;NA;NA;NA;NA;NA;NA;NA;NA;NA;NA;NA;NA;NA;NA;NA;NA;NA;NA
42;"SC";4216057;"421605";"São Cristóvão do Sul";"Não";"Região Metropolitana de Lages";"Ocupantes de automóvel";NA;NA;NA;NA;NA;NA;1;NA;NA;NA;NA;NA;1;NA;NA;1;NA;NA;NA;NA;2;NA;NA;3;NA
42;"SC";4216107;"421610";"São Domingos";"Não";"Região Metropolitana do Extremo Oeste";"Ocupantes de automóvel";NA;NA;NA;NA;NA;NA;NA;1;NA;NA;NA;NA;NA;NA;NA;1;NA;NA;NA;NA;NA;NA;NA;NA;NA
42;"SC";4216206;"421620";"São Francisco do Sul";"Não";"Região Metropolitana de Joinville";"Ocupantes de automóvel";NA;NA;NA;NA;NA;NA;NA;NA;NA;NA;NA;NA;NA;NA;NA;NA;NA;NA;NA;1;NA;NA;NA;NA;NA
42;"SC";4216255;"421625";"São João do Oeste";"Não";"Região Metropolitana do Extremo Oeste";"Ocupantes de automóvel";NA;NA;NA;NA;NA;NA;NA;NA;NA;NA;NA;NA;NA;NA;NA;NA;NA;NA;NA;1;NA;NA;NA;NA;NA
42;"SC";4216305;"421630";"São João Batista";"Não";"Região Metropolitana de Florianópolis";"Ocupantes de automóvel";NA;NA;NA;NA;NA;NA;NA;NA;NA;NA;1;NA;NA;NA;NA;NA;NA;NA;NA;NA;NA;1;NA;NA;NA
42;"SC";4216354;"421635";"São João do Itaperiú";"Não";"Região Metropolitana de Jaraguá do Sul";"Ocupantes de automóvel";NA;NA;NA;NA;NA;NA;NA;NA;NA;NA;NA;NA;NA;NA;NA;NA;NA;NA;NA;NA;NA;NA;NA;NA;NA
42;"SC";4216404;"421640";"São João do Sul";"Não";"Região Metropolitana Carbonífera";"Ocupantes de automóvel";NA;NA;NA;NA;NA;NA;NA;NA;NA;NA;1;NA;NA;NA;NA;NA;NA;NA;NA;NA;NA;NA;NA;NA;NA
42;"SC";4216503;"421650";"São Joaquim";"Não";"Região Metropolitana de Lages";"Ocupantes de automóvel";NA;NA;NA;NA;NA;1;NA;NA;2;NA;NA;NA;NA;NA;1;1;1;NA;NA;1;NA;1;NA;NA;NA
42;"SC";4216602;"421660";"São José";"Não";"Região Metropolitana de Florianópolis";"Ocupantes de automóvel";NA;1;1;NA;NA;NA;NA;NA;NA;NA;NA;1;NA;NA;1;NA;NA;1;1;NA;NA;1;1;NA;NA
42;"SC";4216701;"421670";"São José do Cedro";"Não";"Região Metropolitana do Extremo Oeste";"Ocupantes de automóvel";NA;NA;NA;NA;NA;NA;NA;NA;NA;NA;NA;NA;NA;NA;NA;NA;NA;NA;NA;NA;NA;NA;NA;NA;NA
42;"SC";4216800;"421680";"São José do Cerrito";"Não";"Região Metropolitana de Lages";"Ocupantes de automóvel";NA;NA;NA;NA;NA;NA;NA;NA;NA;NA;NA;NA;NA;NA;NA;1;NA;NA;NA;1;NA;NA;NA;NA;NA
42;"SC";4216909;"421690";"São Lourenço do Oeste";"Não";"Região Metropolitana do Extremo Oeste";"Ocupantes de automóvel";NA;NA;NA;NA;NA;NA;NA;1;NA;NA;NA;NA;1;NA;NA;NA;NA;NA;NA;NA;NA;NA;NA;NA;NA
42;"SC";4217006;"421700";"São Ludgero";"Não";"Região Metropolitana de Tubarão";"Ocupantes de automóvel";NA;NA;NA;NA;NA;NA;NA;NA;NA;NA;NA;NA;NA;NA;NA;NA;NA;NA;NA;NA;NA;NA;NA;NA;NA
42;"SC";4217105;"421710";"São Martinho";"Não";"Região Metropolitana de Tubarão";"Ocupantes de automóvel";NA;NA;NA;NA;NA;NA;NA;NA;NA;NA;NA;NA;NA;NA;NA;NA;NA;NA;NA;NA;NA;NA;NA;NA;NA
42;"SC";4217204;"421720";"São Miguel do Oeste";"Não";"Região Metropolitana do Extremo Oeste";"Ocupantes de automóvel";NA;NA;NA;NA;NA;NA;NA;NA;NA;NA;NA;NA;1;1;1;NA;2;NA;NA;NA;1;NA;NA;NA;NA
42;"SC";4217253;"421725";"São Pedro de Alcântara";"Não";"Região Metropolitana de Florianópolis";"Ocupantes de automóvel";NA;NA;NA;NA;NA;NA;NA;NA;NA;NA;NA;NA;NA;NA;NA;NA;1;NA;NA;NA;NA;NA;NA;NA;NA
42;"SC";4217303;"421730";"Saudades";"Não";"Região Metropolitana de Chapecó";"Ocupantes de automóvel";NA;NA;NA;NA;NA;NA;NA;NA;NA;NA;NA;NA;NA;NA;NA;NA;NA;NA;NA;NA;NA;NA;NA;NA;NA
42;"SC";4217402;"421740";"Schroeder";"Não";"Região Metropolitana de Jaraguá do Sul";"Ocupantes de automóvel";NA;NA;NA;NA;NA;NA;NA;NA;NA;NA;NA;NA;NA;NA;NA;NA;NA;NA;NA;NA;NA;NA;NA;NA;NA
42;"SC";4217501;"421750";"Seara";"Não";"Região Metropolitana de Chapecó";"Ocupantes de automóvel";NA;NA;NA;NA;NA;NA;NA;NA;NA;NA;NA;NA;NA;NA;NA;NA;NA;NA;NA;NA;NA;NA;NA;NA;NA
42;"SC";4217550;"421755";"Serra Alta";"Não";"Região Metropolitana de Chapecó";"Ocupantes de automóvel";NA;NA;NA;NA;NA;NA;NA;NA;NA;NA;NA;NA;NA;NA;NA;1;NA;NA;NA;NA;NA;NA;NA;NA;NA
42;"SC";4217600;"421760";"Siderópolis";"Não";"Região Metropolitana Carbonífera";"Ocupantes de automóvel";NA;NA;NA;1;NA;NA;NA;1;NA;NA;NA;NA;NA;NA;NA;NA;NA;NA;NA;NA;NA;NA;NA;NA;NA
42;"SC";4217709;"421770";"Sombrio";"Não";"Região Metropolitana Carbonífera";"Ocupantes de automóvel";NA;NA;NA;NA;NA;NA;NA;NA;NA;NA;1;NA;NA;NA;NA;NA;NA;NA;NA;NA;NA;1;NA;NA;NA
42;"SC";4217758;"421775";"Sul Brasil";"Não";"Região Metropolitana de Chapecó";"Ocupantes de automóvel";NA;NA;NA;NA;NA;NA;NA;NA;NA;NA;NA;NA;NA;NA;NA;NA;NA;NA;NA;NA;NA;NA;NA;NA;NA
42;"SC";4217808;"421780";"Taió";"Não";"Região Metropolitana do Alto Vale do Itajaí";"Ocupantes de automóvel";NA;NA;NA;NA;NA;NA;NA;NA;NA;NA;NA;NA;NA;NA;NA;NA;NA;NA;NA;NA;NA;NA;NA;NA;NA
42;"SC";4217907;"421790";"Tangará";"Não";"Região Metropolitana do Contestado";"Ocupantes de automóvel";NA;NA;NA;NA;NA;NA;NA;NA;NA;NA;NA;NA;NA;NA;NA;NA;NA;NA;NA;NA;NA;NA;NA;NA;NA
42;"SC";4218004;"421800";"Tijucas";"Não";"Região Metropolitana de Florianópolis";"Ocupantes de automóvel";NA;NA;NA;NA;NA;NA;NA;NA;NA;NA;NA;2;NA;1;NA;NA;NA;NA;NA;1;1;NA;1;NA;NA
42;"SC";4218103;"421810";"Timbé do Sul";"Não";"Região Metropolitana Carbonífera";"Ocupantes de automóvel";NA;NA;NA;NA;NA;NA;NA;NA;NA;NA;NA;NA;NA;NA;NA;NA;NA;NA;NA;NA;NA;NA;NA;NA;NA
42;"SC";4218202;"421820";"Timbó";"Não";"Região Metropolitana do Vale do Itajaí";"Ocupantes de automóvel";NA;NA;NA;NA;NA;NA;NA;NA;NA;NA;NA;NA;NA;NA;NA;NA;NA;NA;NA;NA;1;NA;NA;NA;NA
42;"SC";4218251;"421825";"Timbó Grande";"Não";"Região Metropolitana do Contestado";"Ocupantes de automóvel";NA;NA;NA;NA;NA;NA;NA;NA;NA;NA;NA;NA;NA;NA;NA;NA;NA;NA;NA;NA;NA;NA;NA;NA;NA
42;"SC";4218301;"421830";"Três Barras";"Não";"Região Metropolitana do Planalto Norte";"Ocupantes de automóvel";NA;NA;NA;NA;1;NA;NA;NA;NA;NA;NA;1;NA;NA;NA;NA;NA;NA;NA;NA;NA;NA;NA;NA;NA
42;"SC";4218350;"421835";"Treviso";"Não";"Região Metropolitana Carbonífera";"Ocupantes de automóvel";NA;NA;NA;NA;NA;NA;NA;NA;NA;NA;NA;NA;NA;NA;NA;NA;NA;NA;NA;NA;NA;NA;NA;NA;NA
42;"SC";4218400;"421840";"Treze de Maio";"Não";"Região Metropolitana de Tubarão";"Ocupantes de automóvel";NA;NA;NA;NA;NA;NA;NA;NA;NA;NA;NA;NA;NA;NA;NA;NA;NA;NA;NA;NA;NA;NA;NA;NA;NA
42;"SC";4218509;"421850";"Treze Tílias";"Não";"Região Metropolitana do Contestado";"Ocupantes de automóvel";NA;NA;NA;NA;NA;NA;NA;NA;NA;NA;NA;NA;NA;NA;NA;NA;NA;NA;NA;NA;NA;NA;NA;NA;NA
42;"SC";4218608;"421860";"Trombudo Central";"Não";"Região Metropolitana do Alto Vale do Itajaí";"Ocupantes de automóvel";NA;NA;NA;NA;NA;NA;NA;NA;NA;NA;NA;NA;NA;NA;1;NA;NA;NA;NA;NA;NA;NA;NA;NA;NA
42;"SC";4218707;"421870";"Tubarão";"Não";"Região Metropolitana de Tubarão";"Ocupantes de automóvel";NA;1;1;NA;2;3;4;NA;1;2;1;1;NA;NA;1;1;NA;2;NA;NA;NA;1;1;1;NA
42;"SC";4218756;"421875";"Tunápolis";"Não";"Região Metropolitana do Extremo Oeste";"Ocupantes de automóvel";NA;NA;NA;NA;NA;NA;NA;NA;NA;NA;NA;NA;NA;NA;NA;NA;NA;NA;NA;NA;NA;NA;NA;NA;NA
42;"SC";4218806;"421880";"Turvo";"Não";"Região Metropolitana Carbonífera";"Ocupantes de automóvel";NA;NA;NA;NA;NA;NA;NA;NA;NA;NA;NA;NA;NA;NA;NA;NA;NA;NA;NA;NA;NA;NA;NA;NA;NA
42;"SC";4218855;"421885";"União do Oeste";"Não";"Região Metropolitana de Chapecó";"Ocupantes de automóvel";NA;NA;NA;NA;NA;NA;NA;NA;NA;NA;NA;NA;NA;NA;NA;NA;NA;NA;NA;NA;NA;NA;NA;NA;NA
42;"SC";4218905;"421890";"Urubici";"Não";"Região Metropolitana de Lages";"Ocupantes de automóvel";NA;NA;NA;NA;NA;NA;NA;NA;NA;1;NA;NA;NA;NA;NA;NA;NA;NA;NA;NA;NA;NA;NA;NA;NA
42;"SC";4218954;"421895";"Urupema";"Não";"Região Metropolitana de Lages";"Ocupantes de automóvel";NA;1;NA;NA;NA;NA;NA;NA;NA;NA;NA;NA;NA;NA;NA;NA;NA;NA;NA;NA;NA;NA;NA;NA;NA
42;"SC";4219002;"421900";"Urussanga";"Não";"Região Metropolitana Carbonífera";"Ocupantes de automóvel";NA;NA;NA;NA;NA;NA;NA;NA;NA;NA;NA;NA;NA;NA;NA;NA;NA;NA;NA;NA;NA;NA;NA;NA;NA
42;"SC";4219101;"421910";"Vargeão";"Não";"Região Metropolitana de Chapecó";"Ocupantes de automóvel";NA;NA;NA;NA;NA;NA;NA;NA;NA;NA;NA;NA;1;NA;1;NA;NA;NA;NA;NA;NA;NA;NA;NA;NA
42;"SC";4219150;"421915";"Vargem";"Não";"Região Metropolitana do Contestado";"Ocupantes de automóvel";NA;NA;NA;NA;NA;NA;NA;NA;NA;NA;NA;NA;NA;NA;1;NA;NA;NA;NA;NA;NA;NA;NA;NA;NA
42;"SC";4219176;"421917";"Vargem Bonita";"Não";"Região Metropolitana do Contestado";"Ocupantes de automóvel";NA;NA;NA;NA;NA;NA;1;2;NA;NA;NA;NA;NA;NA;NA;NA;NA;1;NA;NA;NA;NA;NA;2;NA
42;"SC";4219200;"421920";"Vidal Ramos";"Não";"Região Metropolitana do Alto Vale do Itajaí";"Ocupantes de automóvel";NA;NA;NA;NA;NA;NA;NA;NA;NA;NA;NA;NA;NA;NA;NA;NA;NA;NA;NA;NA;NA;NA;NA;NA;NA
42;"SC";4219309;"421930";"Videira";"Não";"Região Metropolitana do Contestado";"Ocupantes de automóvel";NA;NA;NA;NA;NA;NA;NA;NA;NA;1;NA;NA;NA;NA;NA;NA;1;1;NA;2;NA;NA;2;2;NA
42;"SC";4219408;"421940";"Witmarsum";"Não";"Região Metropolitana do Alto Vale do Itajaí";"Ocupantes de automóvel";NA;NA;NA;NA;NA;NA;NA;NA;NA;NA;NA;NA;NA;NA;NA;NA;NA;NA;NA;NA;NA;NA;NA;NA;NA
42;"SC";4219507;"421950";"Xanxerê";"Não";"Região Metropolitana de Chapecó";"Ocupantes de automóvel";NA;NA;NA;NA;NA;NA;NA;1;NA;1;NA;NA;NA;2;1;NA;5;1;1;NA;1;NA;NA;1;NA
42;"SC";4219606;"421960";"Xavantina";"Não";"Região Metropolitana de Chapecó";"Ocupantes de automóvel";NA;NA;NA;NA;NA;NA;NA;NA;NA;NA;NA;NA;NA;NA;1;NA;NA;NA;NA;NA;NA;NA;NA;NA;NA
42;"SC";4219705;"421970";"Xaxim";"Não";"Região Metropolitana de Chapecó";"Ocupantes de automóvel";NA;NA;NA;NA;NA;NA;NA;NA;NA;NA;NA;NA;NA;NA;NA;NA;NA;NA;NA;NA;NA;NA;NA;NA;NA
42;"SC";4219853;"421985";"Zortéa";"Não";"Região Metropolitana do Contestado";"Ocupantes de automóvel";NA;NA;NA;NA;NA;NA;NA;NA;NA;NA;NA;NA;NA;NA;NA;NA;NA;NA;NA;NA;NA;NA;NA;NA;NA
42;"SC";4220000;"422000";"Balneário Rincão";"Não";"Região Metropolitana Carbonífera";"Ocupantes de automóvel";NA;NA;NA;NA;NA;NA;NA;NA;NA;NA;NA;NA;NA;NA;NA;NA;NA;NA;NA;NA;NA;NA;NA;NA;NA
43;"RS";4300034;"430003";"Aceguá";"Não";"-";"Ocupantes de automóvel";NA;NA;NA;NA;NA;NA;NA;NA;NA;NA;NA;NA;NA;NA;NA;NA;2;NA;NA;NA;NA;NA;NA;NA;NA
43;"RS";4300059;"430005";"Água Santa";"Não";"-";"Ocupantes de automóvel";NA;NA;NA;NA;NA;NA;NA;NA;NA;NA;NA;NA;NA;NA;NA;NA;NA;NA;NA;NA;NA;NA;NA;NA;NA
43;"RS";4300109;"430010";"Agudo";"Não";"-";"Ocupantes de automóvel";NA;NA;NA;NA;NA;NA;NA;NA;NA;NA;NA;NA;NA;NA;NA;1;NA;NA;NA;1;NA;NA;NA;NA;NA
43;"RS";4300208;"430020";"Ajuricaba";"Não";"-";"Ocupantes de automóvel";NA;NA;NA;NA;NA;NA;NA;NA;NA;NA;NA;NA;NA;NA;NA;NA;NA;NA;NA;NA;NA;NA;NA;NA;NA
43;"RS";4300307;"430030";"Alecrim";"Não";"-";"Ocupantes de automóvel";NA;NA;NA;NA;NA;NA;NA;NA;NA;NA;NA;NA;NA;NA;NA;NA;NA;NA;NA;NA;NA;NA;NA;1;NA
43;"RS";4300406;"430040";"Alegrete";"Não";"-";"Ocupantes de automóvel";NA;1;NA;NA;NA;NA;NA;NA;NA;NA;NA;NA;NA;NA;NA;1;NA;NA;NA;NA;NA;NA;NA;NA;NA
43;"RS";4300455;"430045";"Alegria";"Não";"-";"Ocupantes de automóvel";NA;NA;NA;NA;NA;NA;NA;NA;NA;NA;NA;NA;NA;NA;NA;NA;NA;NA;NA;NA;NA;NA;NA;NA;NA
43;"RS";4300471;"430047";"Almirante Tamandaré do Sul";"Não";"-";"Ocupantes de automóvel";NA;NA;NA;NA;NA;NA;NA;NA;NA;NA;NA;NA;NA;NA;NA;NA;NA;NA;NA;NA;NA;NA;1;NA;NA
43;"RS";4300505;"430050";"Alpestre";"Não";"-";"Ocupantes de automóvel";NA;NA;NA;NA;NA;NA;NA;NA;NA;NA;NA;NA;NA;NA;NA;NA;NA;1;NA;NA;NA;NA;NA;NA;NA
43;"RS";4300570;"430057";"Alto Feliz";"Não";"-";"Ocupantes de automóvel";NA;NA;NA;NA;NA;NA;NA;NA;NA;NA;NA;NA;NA;NA;NA;NA;NA;NA;NA;NA;NA;NA;NA;NA;NA
43;"RS";4300604;"430060";"Alvorada";"Não";"Região Metropolitana de Porto Alegre";"Ocupantes de automóvel";NA;NA;NA;NA;NA;NA;NA;NA;NA;NA;NA;NA;NA;NA;NA;1;NA;NA;NA;1;1;NA;1;1;NA
43;"RS";4300646;"430064";"Ametista do Sul";"Não";"-";"Ocupantes de automóvel";NA;NA;NA;NA;NA;NA;NA;NA;NA;NA;NA;NA;NA;NA;NA;NA;NA;NA;NA;NA;NA;NA;NA;NA;NA
43;"RS";4300661;"430066";"André da Rocha";"Não";"-";"Ocupantes de automóvel";NA;NA;NA;NA;NA;NA;NA;NA;NA;NA;NA;NA;NA;NA;NA;NA;NA;NA;NA;NA;NA;NA;NA;NA;NA
43;"RS";4300703;"430070";"Anta Gorda";"Não";"-";"Ocupantes de automóvel";NA;NA;NA;NA;NA;NA;NA;NA;NA;NA;NA;NA;NA;NA;NA;NA;NA;NA;NA;NA;NA;NA;NA;NA;NA
43;"RS";4300802;"430080";"Antônio Prado";"Não";"Região Metropolitana da Serra Gaúcha";"Ocupantes de automóvel";NA;NA;NA;NA;NA;NA;NA;NA;NA;NA;NA;NA;NA;NA;NA;NA;NA;NA;NA;NA;NA;NA;2;NA;NA
43;"RS";4300851;"430085";"Arambaré";"Não";"-";"Ocupantes de automóvel";NA;NA;NA;NA;NA;NA;NA;NA;NA;NA;NA;NA;NA;NA;NA;NA;NA;NA;NA;NA;NA;NA;NA;NA;NA
43;"RS";4300877;"430087";"Araricá";"Não";"Região Metropolitana de Porto Alegre";"Ocupantes de automóvel";NA;NA;NA;NA;NA;NA;NA;NA;NA;NA;NA;NA;NA;NA;NA;NA;NA;NA;NA;NA;NA;NA;NA;NA;NA
43;"RS";4300901;"430090";"Aratiba";"Não";"-";"Ocupantes de automóvel";NA;NA;NA;NA;NA;NA;NA;NA;NA;NA;NA;NA;NA;NA;NA;NA;NA;NA;NA;NA;NA;NA;NA;NA;NA
43;"RS";4301008;"430100";"Arroio do Meio";"Não";"-";"Ocupantes de automóvel";NA;NA;NA;NA;NA;NA;NA;NA;NA;NA;NA;NA;NA;NA;NA;NA;NA;NA;NA;NA;NA;NA;NA;NA;NA
43;"RS";4301057;"430105";"Arroio do Sal";"Não";"-";"Ocupantes de automóvel";NA;NA;NA;NA;NA;NA;NA;1;NA;NA;NA;NA;NA;NA;NA;NA;NA;NA;NA;NA;NA;NA;NA;NA;NA
43;"RS";4301107;"430110";"Arroio dos Ratos";"Não";"Região Metropolitana de Porto Alegre";"Ocupantes de automóvel";NA;NA;NA;NA;NA;NA;NA;NA;NA;NA;NA;NA;NA;NA;NA;NA;NA;NA;NA;NA;NA;NA;NA;NA;NA
43;"RS";4301206;"430120";"Arroio do Tigre";"Não";"-";"Ocupantes de automóvel";NA;NA;NA;NA;NA;NA;NA;NA;NA;NA;NA;NA;NA;NA;NA;NA;NA;NA;NA;NA;NA;NA;NA;NA;NA
43;"RS";4301305;"430130";"Arroio Grande";"Não";"-";"Ocupantes de automóvel";NA;NA;NA;NA;NA;NA;NA;NA;NA;NA;NA;NA;NA;NA;NA;NA;NA;NA;NA;NA;NA;NA;NA;NA;NA
43;"RS";4301404;"430140";"Arvorezinha";"Não";"-";"Ocupantes de automóvel";NA;NA;NA;NA;NA;NA;NA;NA;NA;NA;NA;NA;NA;NA;NA;NA;NA;NA;NA;NA;NA;NA;NA;1;NA
43;"RS";4301503;"430150";"Augusto Pestana";"Não";"-";"Ocupantes de automóvel";NA;NA;NA;NA;NA;NA;NA;NA;NA;NA;NA;NA;NA;NA;NA;NA;NA;NA;NA;NA;NA;NA;NA;NA;NA
43;"RS";4301552;"430155";"Áurea";"Não";"-";"Ocupantes de automóvel";NA;NA;NA;NA;NA;NA;NA;NA;NA;NA;NA;NA;NA;NA;NA;NA;NA;NA;NA;NA;NA;NA;NA;NA;NA
43;"RS";4301602;"430160";"Bagé";"Não";"-";"Ocupantes de automóvel";NA;1;NA;NA;NA;NA;NA;NA;NA;NA;1;1;NA;NA;2;NA;NA;NA;1;NA;NA;1;1;NA;NA
43;"RS";4301636;"430163";"Balneário Pinhal";"Não";"-";"Ocupantes de automóvel";NA;NA;NA;NA;NA;NA;NA;1;NA;NA;NA;1;NA;NA;NA;NA;NA;NA;NA;NA;NA;NA;NA;NA;NA
43;"RS";4301651;"430165";"Barão";"Não";"-";"Ocupantes de automóvel";NA;NA;NA;NA;NA;NA;NA;NA;NA;NA;NA;1;NA;NA;NA;NA;NA;NA;NA;NA;NA;NA;NA;NA;NA
43;"RS";4301701;"430170";"Barão de Cotegipe";"Não";"-";"Ocupantes de automóvel";NA;NA;NA;NA;NA;NA;NA;NA;NA;NA;NA;NA;NA;NA;NA;NA;NA;NA;NA;NA;NA;NA;1;NA;NA
43;"RS";4301800;"430180";"Barracão";"Não";"-";"Ocupantes de automóvel";NA;NA;NA;NA;NA;NA;NA;NA;NA;NA;NA;NA;NA;NA;NA;NA;NA;NA;NA;NA;NA;NA;NA;NA;NA
43;"RS";4301859;"430185";"Barra do Guarita";"Não";"-";"Ocupantes de automóvel";NA;NA;NA;NA;NA;NA;NA;NA;NA;NA;NA;NA;NA;NA;NA;NA;NA;NA;NA;NA;NA;NA;NA;NA;NA
43;"RS";4301909;"430190";"Barra do Ribeiro";"Não";"-";"Ocupantes de automóvel";NA;NA;NA;NA;NA;NA;NA;NA;NA;NA;NA;1;NA;NA;NA;NA;NA;NA;NA;1;NA;NA;1;NA;NA
43;"RS";4301958;"430195";"Barra Funda";"Não";"-";"Ocupantes de automóvel";NA;NA;NA;NA;NA;NA;NA;NA;NA;NA;NA;NA;NA;NA;1;NA;NA;NA;NA;NA;NA;NA;NA;NA;NA
43;"RS";4302006;"430200";"Barros Cassal";"Não";"-";"Ocupantes de automóvel";NA;NA;NA;NA;NA;NA;NA;NA;NA;NA;NA;NA;NA;NA;NA;NA;NA;NA;NA;NA;NA;NA;NA;NA;NA
43;"RS";4302055;"430205";"Benjamin Constant do Sul";"Não";"-";"Ocupantes de automóvel";NA;NA;NA;NA;NA;NA;NA;NA;NA;NA;NA;NA;NA;NA;NA;NA;NA;NA;NA;NA;NA;NA;NA;NA;NA
43;"RS";4302105;"430210";"Bento Gonçalves";"Não";"Região Metropolitana da Serra Gaúcha";"Ocupantes de automóvel";NA;NA;NA;NA;NA;NA;1;NA;1;NA;3;NA;NA;1;NA;NA;NA;NA;NA;NA;1;NA;NA;1;NA
43;"RS";4302154;"430215";"Boa Vista das Missões";"Não";"-";"Ocupantes de automóvel";NA;NA;NA;NA;NA;NA;NA;NA;NA;NA;NA;NA;NA;NA;NA;NA;NA;NA;NA;NA;NA;NA;NA;NA;NA
43;"RS";4302204;"430220";"Boa Vista do Buricá";"Não";"-";"Ocupantes de automóvel";NA;NA;NA;NA;NA;NA;NA;NA;NA;NA;NA;NA;NA;NA;NA;NA;NA;NA;1;NA;NA;NA;NA;NA;NA
43;"RS";4302220;"430222";"Boa Vista do Cadeado";"Não";"-";"Ocupantes de automóvel";NA;NA;NA;NA;NA;NA;NA;NA;NA;NA;NA;NA;NA;NA;NA;NA;NA;NA;NA;NA;NA;NA;NA;NA;NA
43;"RS";4302238;"430223";"Boa Vista do Incra";"Não";"-";"Ocupantes de automóvel";NA;NA;NA;NA;NA;1;NA;NA;NA;NA;NA;NA;NA;NA;NA;NA;NA;NA;NA;NA;NA;NA;NA;NA;NA
43;"RS";4302253;"430225";"Boa Vista do Sul";"Não";"-";"Ocupantes de automóvel";NA;NA;NA;NA;NA;NA;NA;NA;NA;NA;NA;NA;NA;NA;NA;NA;NA;NA;NA;NA;NA;NA;NA;NA;NA
43;"RS";4302303;"430230";"Bom Jesus";"Não";"-";"Ocupantes de automóvel";NA;NA;NA;NA;NA;NA;NA;NA;NA;NA;NA;NA;NA;NA;NA;NA;NA;NA;NA;NA;1;NA;NA;NA;NA
43;"RS";4302352;"430235";"Bom Princípio";"Não";"-";"Ocupantes de automóvel";NA;NA;NA;NA;NA;NA;NA;NA;NA;NA;NA;NA;NA;NA;NA;NA;NA;NA;NA;NA;NA;NA;NA;NA;NA
43;"RS";4302378;"430237";"Bom Progresso";"Não";"-";"Ocupantes de automóvel";NA;NA;NA;NA;NA;NA;NA;NA;NA;NA;NA;NA;NA;NA;NA;NA;NA;NA;NA;NA;NA;NA;NA;NA;NA
43;"RS";4302402;"430240";"Bom Retiro do Sul";"Não";"-";"Ocupantes de automóvel";NA;NA;NA;NA;NA;NA;NA;NA;NA;NA;NA;NA;NA;NA;NA;NA;NA;NA;NA;NA;NA;NA;1;NA;NA
43;"RS";4302451;"430245";"Boqueirão do Leão";"Não";"-";"Ocupantes de automóvel";NA;NA;NA;NA;NA;NA;NA;NA;NA;NA;NA;NA;NA;NA;NA;NA;NA;NA;1;NA;NA;NA;NA;NA;NA
43;"RS";4302501;"430250";"Bossoroca";"Não";"-";"Ocupantes de automóvel";NA;NA;NA;NA;NA;NA;NA;NA;NA;NA;NA;NA;NA;NA;NA;NA;NA;NA;NA;1;NA;NA;NA;NA;NA
43;"RS";4302584;"430258";"Bozano";"Não";"-";"Ocupantes de automóvel";NA;NA;NA;NA;NA;NA;NA;NA;NA;NA;1;NA;NA;NA;NA;NA;NA;NA;NA;NA;NA;NA;NA;NA;NA
43;"RS";4302600;"430260";"Braga";"Não";"-";"Ocupantes de automóvel";NA;NA;NA;NA;NA;NA;NA;NA;NA;NA;NA;NA;NA;NA;NA;NA;NA;NA;NA;NA;NA;NA;NA;NA;NA
43;"RS";4302659;"430265";"Brochier";"Não";"-";"Ocupantes de automóvel";NA;NA;NA;NA;NA;NA;NA;NA;NA;NA;NA;NA;NA;NA;NA;NA;NA;NA;NA;NA;NA;NA;NA;NA;NA
43;"RS";4302709;"430270";"Butiá";"Não";"-";"Ocupantes de automóvel";NA;NA;NA;1;NA;NA;NA;NA;NA;NA;NA;NA;NA;NA;NA;1;NA;NA;NA;NA;1;NA;NA;NA;NA
43;"RS";4302808;"430280";"Caçapava do Sul";"Não";"-";"Ocupantes de automóvel";NA;NA;NA;NA;1;NA;NA;NA;NA;NA;NA;1;1;1;NA;NA;NA;1;2;NA;NA;NA;1;NA;NA
43;"RS";4302907;"430290";"Cacequi";"Não";"-";"Ocupantes de automóvel";NA;NA;NA;NA;NA;NA;NA;NA;NA;NA;NA;NA;NA;NA;NA;NA;1;NA;NA;NA;NA;NA;NA;NA;NA
43;"RS";4303004;"430300";"Cachoeira do Sul";"Não";"-";"Ocupantes de automóvel";NA;NA;NA;NA;NA;1;NA;NA;NA;NA;NA;1;NA;NA;NA;1;NA;1;1;3;1;1;2;NA;NA
43;"RS";4303103;"430310";"Cachoeirinha";"Não";"Região Metropolitana de Porto Alegre";"Ocupantes de automóvel";NA;NA;NA;NA;NA;2;NA;NA;NA;NA;NA;NA;NA;NA;NA;NA;2;NA;NA;NA;NA;NA;NA;NA;NA
43;"RS";4303202;"430320";"Cacique Doble";"Não";"-";"Ocupantes de automóvel";NA;NA;NA;NA;NA;NA;NA;NA;1;NA;NA;NA;NA;NA;NA;NA;NA;NA;NA;NA;NA;NA;NA;NA;NA
43;"RS";4303301;"430330";"Caibaté";"Não";"-";"Ocupantes de automóvel";NA;NA;NA;NA;NA;NA;NA;NA;NA;NA;NA;NA;NA;NA;NA;NA;NA;2;NA;NA;NA;NA;NA;NA;NA
43;"RS";4303400;"430340";"Caiçara";"Não";"-";"Ocupantes de automóvel";NA;NA;NA;NA;NA;NA;NA;NA;NA;NA;NA;NA;NA;NA;NA;NA;NA;NA;NA;NA;NA;NA;NA;NA;NA
43;"RS";4303509;"430350";"Camaquã";"Não";"-";"Ocupantes de automóvel";NA;NA;NA;NA;NA;NA;1;NA;NA;1;NA;NA;NA;NA;1;NA;NA;NA;NA;NA;NA;NA;2;NA;NA
43;"RS";4303558;"430355";"Camargo";"Não";"-";"Ocupantes de automóvel";NA;NA;NA;NA;NA;NA;NA;NA;NA;NA;NA;NA;NA;NA;NA;NA;NA;NA;NA;NA;NA;NA;NA;NA;NA
43;"RS";4303608;"430360";"Cambará do Sul";"Não";"-";"Ocupantes de automóvel";NA;NA;NA;NA;NA;NA;NA;NA;NA;NA;NA;NA;1;NA;NA;NA;NA;NA;NA;NA;NA;NA;NA;NA;NA
43;"RS";4303673;"430367";"Campestre da Serra";"Não";"-";"Ocupantes de automóvel";NA;NA;NA;NA;NA;NA;NA;NA;NA;NA;NA;NA;NA;NA;NA;NA;NA;NA;NA;NA;1;NA;NA;NA;NA
43;"RS";4303707;"430370";"Campina das Missões";"Não";"-";"Ocupantes de automóvel";NA;NA;NA;NA;NA;NA;NA;NA;NA;NA;NA;NA;NA;NA;NA;NA;NA;NA;NA;NA;NA;NA;NA;NA;NA
43;"RS";4303806;"430380";"Campinas do Sul";"Não";"-";"Ocupantes de automóvel";NA;NA;NA;NA;NA;NA;NA;NA;NA;NA;NA;NA;NA;NA;NA;NA;NA;NA;NA;NA;NA;NA;NA;NA;NA
43;"RS";4303905;"430390";"Campo Bom";"Não";"Região Metropolitana de Porto Alegre";"Ocupantes de automóvel";NA;NA;NA;NA;NA;NA;NA;NA;NA;NA;NA;NA;NA;NA;NA;NA;NA;NA;NA;NA;NA;NA;NA;NA;NA
43;"RS";4304002;"430400";"Campo Novo";"Não";"-";"Ocupantes de automóvel";NA;NA;NA;NA;NA;NA;NA;NA;NA;NA;NA;NA;NA;NA;NA;NA;NA;NA;NA;NA;NA;NA;NA;NA;NA
43;"RS";4304101;"430410";"Campos Borges";"Não";"-";"Ocupantes de automóvel";NA;NA;NA;NA;NA;NA;NA;NA;NA;NA;NA;NA;NA;NA;NA;NA;NA;NA;NA;NA;NA;NA;NA;NA;NA
43;"RS";4304200;"430420";"Candelária";"Não";"-";"Ocupantes de automóvel";NA;NA;NA;NA;NA;NA;NA;NA;NA;NA;NA;NA;NA;NA;NA;NA;NA;NA;NA;1;1;NA;NA;NA;NA
43;"RS";4304309;"430430";"Cândido Godói";"Não";"-";"Ocupantes de automóvel";NA;NA;NA;NA;NA;NA;NA;NA;NA;NA;NA;NA;NA;NA;NA;NA;NA;NA;NA;NA;NA;NA;NA;NA;NA
43;"RS";4304358;"430435";"Candiota";"Não";"-";"Ocupantes de automóvel";NA;NA;NA;NA;NA;NA;NA;NA;NA;NA;1;NA;NA;NA;1;NA;NA;NA;NA;NA;NA;NA;NA;NA;NA
43;"RS";4304408;"430440";"Canela";"Não";"-";"Ocupantes de automóvel";NA;NA;NA;NA;NA;NA;NA;NA;NA;NA;NA;NA;NA;NA;NA;NA;NA;NA;NA;NA;NA;NA;NA;NA;NA
43;"RS";4304507;"430450";"Canguçu";"Não";"-";"Ocupantes de automóvel";NA;NA;NA;NA;NA;NA;NA;NA;NA;NA;2;NA;NA;NA;NA;NA;NA;1;NA;1;NA;NA;NA;1;NA
43;"RS";4304606;"430460";"Canoas";"Não";"Região Metropolitana de Porto Alegre";"Ocupantes de automóvel";NA;1;NA;NA;NA;NA;NA;NA;NA;NA;NA;NA;NA;2;NA;1;1;1;1;2;1;2;1;1;NA
43;"RS";4304614;"430461";"Canudos do Vale";"Não";"-";"Ocupantes de automóvel";NA;NA;NA;NA;NA;NA;NA;NA;NA;NA;NA;NA;NA;NA;NA;NA;NA;NA;NA;NA;NA;NA;NA;NA;NA
43;"RS";4304622;"430462";"Capão Bonito do Sul";"Não";"-";"Ocupantes de automóvel";NA;NA;NA;NA;NA;NA;NA;NA;NA;NA;NA;NA;NA;NA;NA;NA;NA;NA;NA;NA;NA;NA;NA;NA;NA
43;"RS";4304630;"430463";"Capão da Canoa";"Não";"-";"Ocupantes de automóvel";NA;NA;NA;NA;NA;NA;NA;NA;1;NA;NA;NA;NA;1;1;NA;NA;NA;NA;NA;NA;NA;2;NA;NA
43;"RS";4304655;"430465";"Capão do Cipó";"Não";"-";"Ocupantes de automóvel";NA;NA;NA;NA;NA;NA;NA;NA;NA;NA;NA;NA;NA;NA;NA;NA;NA;NA;NA;NA;NA;NA;NA;NA;NA
43;"RS";4304663;"430466";"Capão do Leão";"Não";"-";"Ocupantes de automóvel";NA;NA;NA;NA;NA;NA;NA;NA;NA;NA;NA;NA;NA;NA;NA;NA;NA;NA;1;NA;NA;NA;NA;NA;NA
43;"RS";4304671;"430467";"Capivari do Sul";"Não";"-";"Ocupantes de automóvel";NA;NA;NA;NA;NA;NA;NA;NA;NA;NA;NA;NA;NA;NA;NA;NA;NA;NA;NA;NA;NA;NA;NA;NA;NA
43;"RS";4304689;"430468";"Capela de Santana";"Não";"Região Metropolitana de Porto Alegre";"Ocupantes de automóvel";NA;NA;NA;1;NA;NA;NA;NA;NA;NA;NA;NA;NA;NA;NA;NA;NA;NA;NA;NA;NA;NA;NA;NA;NA
43;"RS";4304705;"430470";"Carazinho";"Não";"-";"Ocupantes de automóvel";NA;NA;NA;NA;NA;NA;NA;1;NA;NA;NA;NA;NA;NA;NA;NA;NA;NA;NA;1;NA;NA;NA;1;NA
43;"RS";4304713;"430471";"Caraá";"Não";"-";"Ocupantes de automóvel";NA;NA;NA;NA;NA;NA;NA;NA;NA;NA;NA;NA;NA;NA;NA;NA;NA;NA;NA;NA;NA;NA;NA;NA;NA
43;"RS";4304804;"430480";"Carlos Barbosa";"Não";"Região Metropolitana da Serra Gaúcha";"Ocupantes de automóvel";NA;NA;NA;NA;NA;NA;NA;NA;NA;NA;1;NA;NA;NA;NA;NA;NA;NA;NA;NA;NA;NA;NA;NA;NA
43;"RS";4304853;"430485";"Carlos Gomes";"Não";"-";"Ocupantes de automóvel";NA;NA;NA;NA;NA;NA;NA;NA;NA;NA;NA;NA;NA;NA;NA;NA;NA;NA;NA;NA;NA;NA;NA;NA;NA
43;"RS";4304903;"430490";"Casca";"Não";"-";"Ocupantes de automóvel";NA;NA;NA;NA;NA;NA;NA;NA;NA;NA;NA;NA;NA;NA;NA;NA;NA;NA;NA;NA;NA;NA;NA;NA;NA
43;"RS";4304952;"430495";"Caseiros";"Não";"-";"Ocupantes de automóvel";NA;NA;NA;NA;NA;NA;NA;NA;NA;NA;NA;NA;NA;NA;NA;NA;NA;NA;NA;NA;NA;NA;NA;NA;NA
43;"RS";4305009;"430500";"Catuípe";"Não";"-";"Ocupantes de automóvel";NA;NA;NA;NA;NA;NA;NA;NA;NA;NA;NA;NA;NA;NA;NA;NA;NA;NA;NA;NA;NA;NA;NA;NA;NA
43;"RS";4305108;"430510";"Caxias do Sul";"Não";"Região Metropolitana da Serra Gaúcha";"Ocupantes de automóvel";2;4;2;5;1;NA;NA;1;5;5;NA;2;NA;2;3;1;3;2;2;NA;2;NA;1;5;NA
43;"RS";4305116;"430511";"Centenário";"Não";"-";"Ocupantes de automóvel";NA;NA;NA;NA;NA;NA;NA;NA;NA;NA;NA;NA;NA;NA;NA;NA;NA;NA;NA;NA;NA;NA;NA;NA;NA
43;"RS";4305124;"430512";"Cerrito";"Não";"-";"Ocupantes de automóvel";NA;NA;NA;NA;NA;NA;NA;NA;NA;NA;NA;NA;NA;NA;NA;NA;NA;NA;NA;NA;NA;NA;NA;NA;NA
43;"RS";4305132;"430513";"Cerro Branco";"Não";"-";"Ocupantes de automóvel";NA;NA;NA;NA;NA;NA;NA;NA;NA;NA;NA;NA;NA;NA;NA;NA;NA;NA;NA;1;NA;NA;NA;NA;NA
43;"RS";4305157;"430515";"Cerro Grande";"Não";"-";"Ocupantes de automóvel";NA;NA;NA;NA;NA;NA;NA;NA;NA;NA;NA;NA;NA;NA;NA;NA;NA;NA;NA;NA;NA;NA;NA;NA;NA
43;"RS";4305207;"430520";"Cerro Largo";"Não";"-";"Ocupantes de automóvel";NA;NA;NA;NA;NA;NA;NA;NA;NA;NA;1;NA;NA;1;NA;NA;NA;NA;NA;NA;NA;NA;NA;NA;NA
43;"RS";4305306;"430530";"Chapada";"Não";"-";"Ocupantes de automóvel";NA;NA;NA;NA;NA;NA;NA;NA;NA;NA;NA;NA;NA;NA;NA;NA;NA;NA;NA;NA;NA;NA;NA;NA;NA
43;"RS";4305355;"430535";"Charqueadas";"Não";"Região Metropolitana de Porto Alegre";"Ocupantes de automóvel";NA;NA;NA;NA;NA;NA;NA;NA;NA;NA;NA;NA;NA;NA;NA;NA;NA;NA;NA;NA;NA;NA;1;NA;NA
43;"RS";4305371;"430537";"Charrua";"Não";"-";"Ocupantes de automóvel";NA;NA;NA;NA;NA;NA;NA;NA;NA;NA;NA;NA;NA;NA;NA;NA;NA;NA;NA;NA;NA;NA;NA;NA;NA
43;"RS";4305405;"430540";"Chiapetta";"Não";"-";"Ocupantes de automóvel";NA;NA;NA;NA;NA;NA;NA;NA;NA;NA;NA;NA;NA;NA;NA;NA;NA;NA;NA;NA;1;NA;NA;NA;NA
43;"RS";4305439;"430543";"Chuí";"Não";"-";"Ocupantes de automóvel";NA;NA;NA;NA;NA;NA;NA;NA;NA;NA;NA;NA;NA;NA;NA;NA;NA;NA;NA;NA;NA;NA;NA;NA;NA
43;"RS";4305447;"430544";"Chuvisca";"Não";"-";"Ocupantes de automóvel";NA;NA;NA;NA;NA;NA;NA;NA;NA;NA;NA;NA;NA;NA;NA;NA;NA;NA;NA;NA;NA;NA;NA;NA;NA
43;"RS";4305454;"430545";"Cidreira";"Não";"-";"Ocupantes de automóvel";NA;NA;NA;NA;NA;NA;NA;NA;NA;NA;NA;1;NA;NA;NA;NA;NA;1;NA;NA;NA;NA;NA;NA;NA
43;"RS";4305504;"430550";"Ciríaco";"Não";"-";"Ocupantes de automóvel";NA;NA;NA;NA;NA;NA;NA;NA;NA;NA;NA;NA;NA;NA;NA;NA;NA;NA;NA;NA;NA;NA;NA;NA;NA
43;"RS";4305587;"430558";"Colinas";"Não";"-";"Ocupantes de automóvel";NA;NA;NA;NA;NA;NA;NA;NA;NA;NA;NA;NA;NA;NA;NA;NA;NA;NA;NA;NA;NA;NA;NA;NA;NA
43;"RS";4305603;"430560";"Colorado";"Não";"-";"Ocupantes de automóvel";NA;NA;NA;NA;NA;NA;NA;NA;NA;NA;NA;NA;NA;NA;NA;NA;NA;NA;NA;NA;NA;NA;NA;NA;NA
43;"RS";4305702;"430570";"Condor";"Não";"-";"Ocupantes de automóvel";NA;NA;NA;NA;NA;NA;NA;NA;NA;NA;NA;NA;NA;NA;NA;NA;NA;NA;NA;NA;NA;NA;NA;NA;NA
43;"RS";4305801;"430580";"Constantina";"Não";"-";"Ocupantes de automóvel";NA;NA;NA;NA;NA;NA;NA;NA;NA;NA;NA;NA;NA;NA;NA;NA;NA;NA;NA;NA;NA;NA;NA;NA;NA
43;"RS";4305850;"430585";"Coqueiros do Sul";"Não";"-";"Ocupantes de automóvel";NA;NA;NA;NA;NA;NA;NA;NA;NA;NA;NA;NA;NA;NA;NA;NA;NA;NA;NA;NA;NA;NA;NA;NA;NA
43;"RS";4305871;"430587";"Coronel Barros";"Não";"-";"Ocupantes de automóvel";NA;NA;NA;NA;NA;NA;NA;NA;NA;NA;NA;NA;NA;NA;NA;NA;NA;NA;NA;NA;NA;NA;NA;NA;NA
43;"RS";4305900;"430590";"Coronel Bicaco";"Não";"-";"Ocupantes de automóvel";NA;NA;NA;NA;NA;NA;NA;NA;NA;NA;NA;NA;NA;NA;NA;NA;NA;NA;NA;NA;NA;NA;NA;NA;NA
43;"RS";4305934;"430593";"Coronel Pilar";"Não";"-";"Ocupantes de automóvel";NA;NA;NA;NA;NA;NA;NA;NA;NA;NA;NA;NA;NA;NA;NA;NA;NA;NA;NA;NA;NA;NA;NA;NA;NA
43;"RS";4305959;"430595";"Cotiporã";"Não";"-";"Ocupantes de automóvel";NA;NA;NA;NA;NA;NA;NA;NA;NA;NA;NA;NA;NA;NA;NA;NA;NA;NA;NA;NA;NA;NA;NA;NA;NA
43;"RS";4305975;"430597";"Coxilha";"Não";"-";"Ocupantes de automóvel";NA;NA;NA;NA;NA;NA;NA;NA;NA;NA;NA;1;NA;NA;NA;NA;NA;1;NA;NA;NA;NA;NA;1;NA
43;"RS";4306007;"430600";"Crissiumal";"Não";"-";"Ocupantes de automóvel";NA;NA;NA;NA;NA;NA;NA;NA;NA;NA;NA;NA;NA;NA;NA;NA;NA;NA;NA;NA;NA;NA;NA;NA;NA
43;"RS";4306056;"430605";"Cristal";"Não";"-";"Ocupantes de automóvel";NA;NA;NA;NA;NA;NA;NA;NA;NA;NA;NA;NA;NA;NA;NA;NA;NA;NA;NA;NA;NA;NA;NA;NA;NA
43;"RS";4306072;"430607";"Cristal do Sul";"Não";"-";"Ocupantes de automóvel";NA;NA;NA;NA;NA;NA;NA;NA;NA;NA;NA;NA;NA;NA;NA;NA;NA;NA;NA;NA;NA;NA;NA;NA;NA
43;"RS";4306106;"430610";"Cruz Alta";"Não";"-";"Ocupantes de automóvel";NA;NA;NA;NA;1;NA;NA;NA;NA;NA;1;NA;1;NA;2;NA;NA;1;NA;NA;NA;NA;NA;NA;NA
43;"RS";4306205;"430620";"Cruzeiro do Sul";"Não";"-";"Ocupantes de automóvel";NA;NA;NA;NA;NA;NA;NA;NA;NA;NA;NA;NA;NA;NA;1;NA;NA;NA;NA;NA;NA;NA;NA;NA;NA
43;"RS";4306304;"430630";"David Canabarro";"Não";"-";"Ocupantes de automóvel";NA;NA;NA;NA;NA;NA;NA;NA;NA;NA;NA;NA;NA;NA;NA;NA;NA;NA;NA;NA;NA;NA;NA;NA;NA
43;"RS";4306320;"430632";"Derrubadas";"Não";"-";"Ocupantes de automóvel";NA;NA;NA;NA;NA;NA;NA;NA;NA;NA;NA;NA;NA;NA;NA;NA;NA;NA;NA;NA;NA;NA;NA;NA;NA
43;"RS";4306353;"430635";"Dezesseis de Novembro";"Não";"-";"Ocupantes de automóvel";NA;NA;NA;NA;NA;NA;NA;NA;NA;NA;NA;NA;NA;NA;NA;NA;NA;NA;NA;NA;NA;NA;NA;NA;NA
43;"RS";4306403;"430640";"Dois Irmãos";"Não";"Região Metropolitana de Porto Alegre";"Ocupantes de automóvel";NA;NA;NA;NA;NA;NA;NA;NA;NA;NA;NA;NA;NA;NA;NA;NA;NA;NA;NA;NA;NA;1;NA;NA;NA
43;"RS";4306452;"430645";"Dois Lajeados";"Não";"-";"Ocupantes de automóvel";NA;NA;NA;NA;NA;NA;NA;NA;NA;NA;NA;NA;NA;NA;NA;NA;NA;NA;NA;NA;NA;NA;NA;NA;NA
43;"RS";4306502;"430650";"Dom Feliciano";"Não";"-";"Ocupantes de automóvel";NA;NA;NA;NA;NA;NA;NA;NA;NA;NA;NA;NA;NA;NA;NA;NA;NA;NA;NA;NA;NA;NA;NA;NA;NA
43;"RS";4306601;"430660";"Dom Pedrito";"Não";"-";"Ocupantes de automóvel";NA;NA;1;NA;NA;NA;NA;NA;NA;NA;NA;1;NA;NA;NA;2;NA;NA;NA;NA;NA;NA;NA;NA;NA
43;"RS";4306734;"430673";"Doutor Maurício Cardoso";"Não";"-";"Ocupantes de automóvel";NA;NA;NA;NA;NA;NA;NA;NA;NA;NA;NA;NA;NA;NA;NA;NA;NA;NA;NA;NA;NA;NA;NA;NA;NA
43;"RS";4306759;"430675";"Doutor Ricardo";"Não";"-";"Ocupantes de automóvel";NA;NA;NA;NA;NA;NA;NA;NA;NA;NA;NA;NA;NA;NA;NA;NA;NA;NA;NA;NA;NA;NA;NA;NA;NA
43;"RS";4306767;"430676";"Eldorado do Sul";"Não";"Região Metropolitana de Porto Alegre";"Ocupantes de automóvel";NA;NA;NA;NA;NA;NA;NA;1;NA;NA;NA;NA;NA;NA;NA;NA;NA;NA;3;NA;NA;NA;NA;1;NA
43;"RS";4306809;"430680";"Encantado";"Não";"-";"Ocupantes de automóvel";NA;NA;NA;NA;NA;2;NA;NA;NA;NA;NA;NA;NA;NA;NA;NA;NA;NA;NA;NA;NA;NA;NA;NA;NA
43;"RS";4306908;"430690";"Encruzilhada do Sul";"Não";"-";"Ocupantes de automóvel";NA;NA;NA;NA;NA;1;NA;NA;NA;1;NA;NA;NA;NA;NA;NA;1;NA;NA;NA;NA;NA;NA;NA;NA
43;"RS";4306932;"430693";"Entre-Ijuís";"Não";"-";"Ocupantes de automóvel";NA;NA;NA;NA;1;NA;NA;NA;NA;NA;NA;NA;NA;NA;NA;NA;NA;NA;NA;NA;NA;NA;NA;NA;NA
43;"RS";4306957;"430695";"Entre Rios do Sul";"Não";"-";"Ocupantes de automóvel";NA;NA;NA;NA;NA;NA;NA;NA;NA;NA;NA;NA;NA;NA;NA;NA;NA;NA;NA;NA;NA;NA;NA;NA;NA
43;"RS";4306973;"430697";"Erebango";"Não";"-";"Ocupantes de automóvel";NA;NA;NA;NA;NA;NA;NA;NA;NA;NA;NA;NA;NA;NA;NA;NA;NA;NA;NA;NA;NA;NA;NA;NA;NA
43;"RS";4307005;"430700";"Erechim";"Não";"-";"Ocupantes de automóvel";NA;NA;NA;1;NA;NA;2;NA;1;NA;NA;2;NA;4;3;NA;NA;2;NA;NA;NA;NA;1;1;NA
43;"RS";4307054;"430705";"Ernestina";"Não";"-";"Ocupantes de automóvel";NA;NA;NA;NA;NA;NA;NA;NA;NA;NA;NA;NA;NA;NA;NA;NA;NA;NA;NA;NA;NA;NA;NA;NA;NA
43;"RS";4307203;"430720";"Erval Grande";"Não";"-";"Ocupantes de automóvel";NA;NA;NA;NA;NA;NA;NA;NA;NA;NA;NA;NA;NA;NA;NA;NA;NA;NA;NA;NA;NA;NA;NA;NA;NA
43;"RS";4307302;"430730";"Erval Seco";"Não";"-";"Ocupantes de automóvel";NA;NA;NA;NA;NA;NA;NA;NA;NA;NA;NA;NA;NA;NA;NA;NA;NA;NA;NA;NA;NA;NA;NA;NA;NA
43;"RS";4307401;"430740";"Esmeralda";"Não";"-";"Ocupantes de automóvel";NA;NA;NA;NA;NA;NA;NA;NA;NA;NA;NA;NA;NA;NA;NA;NA;NA;NA;NA;NA;NA;NA;NA;NA;NA
43;"RS";4307450;"430745";"Esperança do Sul";"Não";"-";"Ocupantes de automóvel";NA;NA;NA;NA;NA;NA;NA;NA;NA;NA;NA;NA;NA;NA;NA;NA;NA;NA;NA;NA;NA;NA;NA;NA;NA
43;"RS";4307500;"430750";"Espumoso";"Não";"-";"Ocupantes de automóvel";NA;NA;NA;NA;NA;NA;NA;NA;NA;NA;NA;NA;NA;NA;NA;NA;NA;NA;NA;NA;NA;NA;NA;1;NA
43;"RS";4307559;"430755";"Estação";"Não";"-";"Ocupantes de automóvel";NA;NA;NA;1;NA;NA;NA;NA;NA;NA;NA;NA;NA;NA;NA;NA;NA;NA;NA;NA;NA;NA;NA;NA;NA
43;"RS";4307609;"430760";"Estância Velha";"Não";"Região Metropolitana de Porto Alegre";"Ocupantes de automóvel";NA;NA;NA;NA;NA;NA;NA;NA;NA;NA;NA;NA;NA;NA;NA;NA;NA;1;NA;NA;NA;NA;NA;NA;NA
43;"RS";4307708;"430770";"Esteio";"Não";"Região Metropolitana de Porto Alegre";"Ocupantes de automóvel";NA;NA;NA;NA;NA;NA;NA;NA;NA;NA;NA;NA;NA;NA;NA;NA;NA;NA;NA;NA;NA;NA;NA;NA;NA
43;"RS";4307807;"430780";"Estrela";"Não";"-";"Ocupantes de automóvel";NA;NA;NA;1;NA;NA;NA;NA;NA;NA;NA;NA;1;NA;NA;NA;NA;NA;1;NA;NA;NA;NA;NA;NA
43;"RS";4307815;"430781";"Estrela Velha";"Não";"-";"Ocupantes de automóvel";NA;NA;NA;NA;NA;NA;NA;NA;NA;NA;NA;NA;NA;NA;NA;NA;NA;NA;1;NA;NA;NA;NA;NA;NA
43;"RS";4307831;"430783";"Eugênio de Castro";"Não";"-";"Ocupantes de automóvel";NA;NA;NA;NA;NA;NA;NA;NA;NA;NA;NA;NA;NA;NA;NA;NA;NA;NA;NA;NA;NA;NA;NA;NA;NA
43;"RS";4307906;"430790";"Farroupilha";"Não";"Região Metropolitana da Serra Gaúcha";"Ocupantes de automóvel";NA;NA;1;NA;NA;NA;NA;NA;NA;1;2;NA;1;NA;NA;1;NA;NA;1;NA;NA;NA;1;NA;NA
43;"RS";4308003;"430800";"Faxinal do Soturno";"Não";"-";"Ocupantes de automóvel";NA;NA;NA;NA;NA;NA;NA;NA;NA;NA;NA;NA;NA;NA;NA;NA;NA;NA;NA;NA;NA;NA;NA;NA;NA
43;"RS";4308052;"430805";"Faxinalzinho";"Não";"-";"Ocupantes de automóvel";NA;NA;NA;NA;NA;NA;NA;NA;NA;NA;NA;NA;NA;NA;NA;NA;NA;NA;NA;NA;NA;NA;NA;NA;NA
43;"RS";4308078;"430807";"Fazenda Vilanova";"Não";"-";"Ocupantes de automóvel";NA;NA;NA;NA;NA;NA;NA;NA;NA;NA;NA;NA;NA;NA;NA;NA;NA;NA;NA;NA;NA;NA;NA;NA;NA
43;"RS";4308102;"430810";"Feliz";"Não";"-";"Ocupantes de automóvel";NA;NA;NA;NA;NA;NA;NA;NA;NA;NA;NA;NA;NA;NA;NA;NA;NA;NA;NA;NA;NA;NA;NA;NA;NA
43;"RS";4308201;"430820";"Flores da Cunha";"Não";"Região Metropolitana da Serra Gaúcha";"Ocupantes de automóvel";NA;NA;NA;NA;NA;NA;NA;NA;NA;NA;NA;NA;NA;NA;NA;NA;NA;NA;NA;NA;NA;NA;NA;NA;NA
43;"RS";4308250;"430825";"Floriano Peixoto";"Não";"-";"Ocupantes de automóvel";NA;NA;NA;NA;NA;NA;NA;NA;NA;NA;NA;NA;NA;NA;NA;NA;NA;NA;NA;NA;NA;NA;NA;NA;NA
43;"RS";4308300;"430830";"Fontoura Xavier";"Não";"-";"Ocupantes de automóvel";NA;NA;NA;NA;NA;NA;NA;NA;NA;NA;NA;NA;NA;NA;NA;NA;NA;NA;NA;NA;NA;NA;NA;NA;NA
43;"RS";4308409;"430840";"Formigueiro";"Não";"-";"Ocupantes de automóvel";NA;NA;NA;NA;NA;NA;NA;NA;NA;NA;NA;NA;NA;NA;NA;NA;NA;NA;NA;NA;NA;NA;NA;NA;NA
43;"RS";4308433;"430843";"Forquetinha";"Não";"-";"Ocupantes de automóvel";NA;NA;NA;NA;NA;NA;NA;NA;NA;NA;NA;NA;NA;NA;NA;NA;NA;NA;NA;NA;NA;NA;NA;NA;NA
43;"RS";4308458;"430845";"Fortaleza dos Valos";"Não";"-";"Ocupantes de automóvel";NA;NA;NA;NA;NA;NA;NA;NA;NA;NA;NA;NA;NA;NA;NA;NA;NA;NA;NA;NA;NA;NA;NA;NA;NA
43;"RS";4308508;"430850";"Frederico Westphalen";"Não";"-";"Ocupantes de automóvel";NA;NA;NA;NA;NA;NA;NA;NA;NA;NA;NA;NA;NA;NA;NA;1;NA;1;1;NA;NA;NA;NA;NA;NA
43;"RS";4308607;"430860";"Garibaldi";"Não";"Região Metropolitana da Serra Gaúcha";"Ocupantes de automóvel";NA;NA;NA;NA;NA;NA;NA;NA;NA;NA;NA;NA;NA;NA;NA;NA;2;NA;NA;NA;NA;NA;NA;NA;NA
43;"RS";4308656;"430865";"Garruchos";"Não";"-";"Ocupantes de automóvel";NA;NA;NA;NA;NA;NA;NA;NA;NA;NA;NA;NA;NA;NA;NA;NA;NA;NA;NA;NA;NA;NA;NA;NA;NA
43;"RS";4308706;"430870";"Gaurama";"Não";"-";"Ocupantes de automóvel";NA;NA;NA;NA;NA;NA;NA;NA;NA;NA;NA;NA;NA;NA;NA;NA;NA;NA;NA;NA;NA;NA;NA;NA;NA
43;"RS";4308805;"430880";"General Câmara";"Não";"-";"Ocupantes de automóvel";NA;NA;NA;NA;NA;NA;NA;NA;NA;NA;NA;NA;NA;NA;NA;NA;NA;NA;NA;NA;NA;NA;NA;NA;NA
43;"RS";4308854;"430885";"Gentil";"Não";"-";"Ocupantes de automóvel";NA;NA;NA;NA;NA;NA;NA;NA;NA;NA;NA;NA;NA;NA;NA;NA;NA;NA;NA;NA;NA;NA;NA;NA;NA
43;"RS";4308904;"430890";"Getúlio Vargas";"Não";"-";"Ocupantes de automóvel";NA;NA;NA;NA;NA;NA;NA;NA;NA;NA;NA;NA;2;NA;NA;1;NA;NA;NA;NA;NA;1;NA;NA;NA
43;"RS";4309001;"430900";"Giruá";"Não";"-";"Ocupantes de automóvel";NA;NA;NA;NA;NA;NA;NA;NA;NA;NA;NA;NA;NA;NA;NA;NA;1;NA;NA;NA;NA;NA;NA;NA;NA
43;"RS";4309050;"430905";"Glorinha";"Não";"Região Metropolitana de Porto Alegre";"Ocupantes de automóvel";NA;NA;NA;NA;NA;NA;NA;NA;NA;NA;NA;NA;NA;NA;NA;NA;NA;NA;NA;NA;NA;NA;NA;NA;NA
43;"RS";4309100;"430910";"Gramado";"Não";"-";"Ocupantes de automóvel";NA;NA;NA;NA;NA;NA;NA;NA;NA;NA;NA;NA;NA;NA;1;NA;NA;NA;NA;NA;NA;NA;NA;1;NA
43;"RS";4309126;"430912";"Gramado dos Loureiros";"Não";"-";"Ocupantes de automóvel";NA;NA;NA;NA;NA;NA;NA;NA;NA;NA;NA;NA;NA;NA;NA;NA;NA;NA;NA;NA;NA;NA;NA;NA;NA
43;"RS";4309159;"430915";"Gramado Xavier";"Não";"-";"Ocupantes de automóvel";NA;NA;NA;NA;NA;1;NA;NA;NA;NA;NA;NA;NA;NA;NA;NA;NA;NA;NA;NA;NA;NA;NA;NA;NA
43;"RS";4309209;"430920";"Gravataí";"Não";"Região Metropolitana de Porto Alegre";"Ocupantes de automóvel";NA;NA;NA;NA;NA;NA;NA;NA;NA;NA;NA;NA;NA;NA;1;NA;NA;NA;NA;1;NA;NA;2;1;NA
43;"RS";4309258;"430925";"Guabiju";"Não";"-";"Ocupantes de automóvel";NA;NA;NA;NA;NA;NA;NA;NA;NA;NA;NA;NA;NA;NA;NA;NA;NA;NA;NA;NA;NA;NA;NA;1;NA
43;"RS";4309308;"430930";"Guaíba";"Não";"Região Metropolitana de Porto Alegre";"Ocupantes de automóvel";NA;1;NA;NA;NA;NA;NA;NA;NA;NA;1;NA;2;NA;NA;NA;NA;NA;NA;NA;NA;NA;NA;NA;NA
43;"RS";4309407;"430940";"Guaporé";"Não";"-";"Ocupantes de automóvel";NA;NA;NA;NA;NA;NA;1;NA;NA;NA;NA;NA;NA;NA;NA;NA;NA;NA;1;NA;1;NA;NA;1;NA
43;"RS";4309506;"430950";"Guarani das Missões";"Não";"-";"Ocupantes de automóvel";NA;NA;NA;NA;NA;NA;NA;NA;NA;NA;NA;NA;NA;NA;NA;NA;NA;NA;NA;NA;NA;NA;NA;NA;NA
43;"RS";4309555;"430955";"Harmonia";"Não";"-";"Ocupantes de automóvel";NA;NA;NA;NA;NA;NA;NA;NA;NA;NA;NA;NA;NA;NA;NA;NA;NA;NA;NA;NA;NA;NA;NA;NA;NA
43;"RS";4309571;"430957";"Herveiras";"Não";"-";"Ocupantes de automóvel";NA;NA;NA;NA;NA;NA;NA;NA;NA;NA;NA;NA;NA;NA;NA;NA;NA;NA;NA;NA;NA;NA;NA;NA;NA
43;"RS";4309605;"430960";"Horizontina";"Não";"-";"Ocupantes de automóvel";NA;NA;NA;NA;NA;1;NA;NA;NA;NA;NA;NA;NA;NA;NA;NA;NA;NA;NA;NA;NA;NA;NA;NA;NA
43;"RS";4309654;"430965";"Hulha Negra";"Não";"-";"Ocupantes de automóvel";NA;NA;NA;NA;NA;NA;NA;NA;NA;NA;NA;NA;NA;1;NA;NA;NA;NA;NA;NA;NA;NA;NA;NA;NA
43;"RS";4309704;"430970";"Humaitá";"Não";"-";"Ocupantes de automóvel";NA;NA;NA;NA;NA;NA;NA;NA;NA;NA;NA;NA;NA;NA;NA;NA;NA;NA;NA;NA;NA;NA;NA;NA;NA
43;"RS";4309803;"430980";"Ibiaçá";"Não";"-";"Ocupantes de automóvel";NA;NA;NA;NA;NA;NA;NA;NA;NA;NA;NA;NA;NA;NA;NA;NA;NA;NA;NA;NA;NA;NA;NA;1;NA
43;"RS";4309902;"430990";"Ibiraiaras";"Não";"-";"Ocupantes de automóvel";NA;NA;NA;NA;NA;NA;NA;NA;NA;NA;NA;NA;NA;NA;NA;NA;NA;NA;NA;NA;NA;NA;NA;1;NA
43;"RS";4310009;"431000";"Ibirubá";"Não";"-";"Ocupantes de automóvel";NA;NA;NA;NA;NA;NA;NA;NA;NA;NA;NA;NA;NA;NA;NA;1;NA;NA;3;NA;NA;NA;NA;NA;NA
43;"RS";4310108;"431010";"Igrejinha";"Não";"Região Metropolitana de Porto Alegre";"Ocupantes de automóvel";NA;NA;NA;NA;NA;NA;NA;NA;NA;NA;1;NA;NA;NA;NA;NA;NA;NA;NA;NA;NA;NA;NA;1;NA
43;"RS";4310207;"431020";"Ijuí";"Não";"-";"Ocupantes de automóvel";NA;NA;NA;NA;NA;NA;NA;NA;NA;NA;1;NA;NA;NA;NA;NA;NA;NA;2;NA;1;NA;NA;NA;NA
43;"RS";4310306;"431030";"Ilópolis";"Não";"-";"Ocupantes de automóvel";NA;NA;NA;NA;NA;NA;NA;NA;NA;NA;NA;NA;NA;NA;NA;NA;NA;NA;NA;NA;NA;NA;NA;NA;NA
43;"RS";4310330;"431033";"Imbé";"Não";"-";"Ocupantes de automóvel";NA;NA;NA;NA;NA;NA;NA;NA;NA;NA;NA;NA;NA;NA;NA;NA;NA;NA;NA;NA;NA;NA;NA;NA;NA
43;"RS";4310363;"431036";"Imigrante";"Não";"-";"Ocupantes de automóvel";NA;NA;NA;NA;NA;NA;NA;NA;NA;NA;NA;NA;NA;NA;NA;NA;NA;NA;NA;NA;NA;NA;NA;NA;NA
43;"RS";4310405;"431040";"Independência";"Não";"-";"Ocupantes de automóvel";NA;NA;NA;NA;NA;NA;NA;NA;1;NA;NA;NA;NA;NA;NA;NA;NA;NA;NA;NA;NA;NA;NA;NA;NA
43;"RS";4310439;"431043";"Ipê";"Não";"Região Metropolitana da Serra Gaúcha";"Ocupantes de automóvel";NA;NA;3;NA;NA;NA;NA;NA;NA;NA;NA;NA;NA;NA;NA;NA;NA;NA;NA;NA;NA;NA;1;NA;NA
43;"RS";4310462;"431046";"Ipiranga do Sul";"Não";"-";"Ocupantes de automóvel";NA;NA;NA;NA;NA;NA;NA;NA;NA;NA;NA;NA;NA;NA;NA;NA;NA;NA;NA;NA;NA;NA;NA;NA;NA
43;"RS";4310504;"431050";"Iraí";"Não";"-";"Ocupantes de automóvel";NA;NA;NA;NA;NA;NA;NA;NA;NA;NA;NA;NA;NA;NA;NA;NA;NA;NA;NA;NA;NA;NA;NA;1;NA
43;"RS";4310538;"431053";"Itaara";"Não";"-";"Ocupantes de automóvel";NA;NA;NA;NA;NA;NA;NA;NA;NA;NA;NA;NA;NA;NA;NA;NA;NA;NA;NA;NA;NA;NA;NA;NA;NA
43;"RS";4310553;"431055";"Itacurubi";"Não";"-";"Ocupantes de automóvel";NA;NA;NA;NA;NA;NA;NA;NA;NA;NA;NA;NA;NA;NA;NA;NA;NA;NA;NA;NA;NA;NA;NA;NA;NA
43;"RS";4310579;"431057";"Itapuca";"Não";"-";"Ocupantes de automóvel";NA;NA;NA;NA;NA;NA;NA;NA;NA;NA;NA;NA;NA;NA;NA;NA;NA;NA;NA;NA;NA;NA;NA;NA;NA
43;"RS";4310603;"431060";"Itaqui";"Não";"-";"Ocupantes de automóvel";NA;NA;NA;NA;NA;NA;NA;NA;NA;NA;NA;NA;NA;NA;NA;NA;NA;NA;NA;NA;NA;NA;NA;NA;NA
43;"RS";4310652;"431065";"Itati";"Não";"-";"Ocupantes de automóvel";NA;NA;NA;NA;NA;NA;NA;NA;NA;NA;NA;NA;NA;NA;NA;NA;NA;NA;NA;NA;NA;NA;NA;NA;NA
43;"RS";4310702;"431070";"Itatiba do Sul";"Não";"-";"Ocupantes de automóvel";NA;NA;NA;NA;NA;NA;NA;NA;NA;NA;NA;NA;NA;NA;NA;NA;NA;NA;NA;NA;NA;NA;NA;NA;NA
43;"RS";4310801;"431080";"Ivoti";"Não";"Região Metropolitana de Porto Alegre";"Ocupantes de automóvel";NA;NA;NA;NA;NA;NA;NA;NA;NA;NA;NA;NA;NA;NA;NA;NA;NA;NA;NA;NA;NA;NA;NA;NA;NA
43;"RS";4310850;"431085";"Jaboticaba";"Não";"-";"Ocupantes de automóvel";NA;NA;NA;NA;NA;NA;NA;NA;NA;NA;NA;NA;NA;NA;NA;NA;NA;NA;NA;NA;NA;NA;NA;NA;NA
43;"RS";4310876;"431087";"Jacuizinho";"Não";"-";"Ocupantes de automóvel";NA;NA;NA;NA;NA;NA;NA;NA;NA;NA;NA;NA;NA;NA;NA;NA;NA;NA;NA;NA;NA;NA;NA;NA;NA
43;"RS";4310900;"431090";"Jacutinga";"Não";"-";"Ocupantes de automóvel";NA;NA;NA;NA;NA;NA;NA;NA;NA;NA;NA;NA;NA;NA;NA;NA;NA;NA;NA;NA;NA;NA;NA;NA;NA
43;"RS";4311007;"431100";"Jaguarão";"Não";"-";"Ocupantes de automóvel";NA;NA;NA;NA;NA;NA;NA;NA;NA;NA;NA;NA;NA;NA;NA;1;NA;NA;NA;NA;NA;NA;NA;NA;NA
43;"RS";4311106;"431110";"Jaguari";"Não";"-";"Ocupantes de automóvel";NA;NA;1;NA;NA;NA;NA;NA;NA;NA;NA;NA;NA;NA;NA;NA;NA;NA;1;NA;NA;1;NA;NA;NA
43;"RS";4311122;"431112";"Jaquirana";"Não";"-";"Ocupantes de automóvel";NA;NA;1;NA;NA;NA;NA;NA;NA;NA;NA;NA;NA;NA;NA;NA;NA;NA;NA;NA;NA;NA;NA;NA;NA
43;"RS";4311155;"431115";"Jóia";"Não";"-";"Ocupantes de automóvel";NA;NA;NA;NA;NA;NA;NA;NA;NA;NA;1;NA;NA;NA;NA;NA;NA;NA;NA;NA;NA;NA;NA;NA;NA
43;"RS";4311205;"431120";"Júlio de Castilhos";"Não";"-";"Ocupantes de automóvel";NA;NA;NA;NA;NA;NA;NA;NA;NA;NA;NA;NA;NA;NA;NA;NA;NA;1;NA;NA;NA;NA;NA;1;NA
43;"RS";4311254;"431125";"Lagoão";"Não";"-";"Ocupantes de automóvel";NA;NA;NA;NA;NA;NA;NA;NA;NA;NA;NA;NA;NA;NA;NA;NA;NA;NA;NA;NA;NA;NA;NA;NA;NA
43;"RS";4311270;"431127";"Lagoa dos Três Cantos";"Não";"-";"Ocupantes de automóvel";NA;NA;NA;NA;NA;NA;NA;NA;NA;NA;NA;NA;NA;NA;NA;NA;NA;NA;NA;NA;NA;NA;NA;NA;NA
43;"RS";4311304;"431130";"Lagoa Vermelha";"Não";"-";"Ocupantes de automóvel";NA;NA;NA;NA;NA;NA;NA;1;NA;NA;NA;NA;NA;NA;NA;NA;1;NA;NA;NA;NA;NA;NA;1;NA
43;"RS";4311403;"431140";"Lajeado";"Não";"-";"Ocupantes de automóvel";NA;NA;NA;NA;NA;NA;NA;NA;NA;NA;NA;NA;NA;NA;NA;1;NA;NA;NA;NA;NA;NA;2;NA;NA
43;"RS";4311429;"431142";"Lajeado do Bugre";"Não";"-";"Ocupantes de automóvel";NA;NA;NA;NA;NA;NA;NA;NA;NA;NA;NA;NA;NA;NA;NA;NA;NA;NA;NA;NA;NA;NA;NA;NA;NA
43;"RS";4311502;"431150";"Lavras do Sul";"Não";"-";"Ocupantes de automóvel";NA;NA;NA;NA;NA;NA;NA;NA;NA;NA;NA;NA;NA;NA;NA;NA;NA;NA;NA;NA;NA;NA;NA;NA;NA
43;"RS";4311627;"431162";"Lindolfo Collor";"Não";"-";"Ocupantes de automóvel";NA;NA;NA;NA;NA;NA;NA;NA;NA;NA;NA;NA;NA;NA;NA;NA;NA;NA;NA;NA;NA;NA;NA;NA;NA
43;"RS";4311643;"431164";"Linha Nova";"Não";"-";"Ocupantes de automóvel";NA;NA;NA;NA;NA;NA;NA;NA;NA;NA;NA;NA;NA;NA;NA;NA;NA;NA;NA;NA;NA;NA;NA;NA;NA
43;"RS";4311700;"431170";"Machadinho";"Não";"-";"Ocupantes de automóvel";NA;NA;NA;NA;NA;NA;NA;NA;NA;NA;NA;NA;NA;NA;NA;NA;NA;NA;NA;NA;NA;NA;NA;NA;NA
43;"RS";4311759;"431175";"Manoel Viana";"Não";"-";"Ocupantes de automóvel";NA;NA;NA;NA;NA;NA;NA;NA;NA;NA;NA;NA;1;NA;NA;1;NA;NA;NA;NA;NA;NA;NA;NA;NA
43;"RS";4311775;"431177";"Maquiné";"Não";"-";"Ocupantes de automóvel";NA;NA;NA;NA;NA;NA;NA;NA;NA;NA;NA;NA;NA;NA;NA;NA;NA;NA;NA;NA;NA;NA;NA;NA;NA
43;"RS";4311791;"431179";"Maratá";"Não";"-";"Ocupantes de automóvel";NA;NA;NA;NA;NA;NA;NA;NA;NA;NA;NA;NA;NA;NA;NA;NA;NA;NA;NA;NA;NA;NA;NA;NA;NA
43;"RS";4311809;"431180";"Marau";"Não";"-";"Ocupantes de automóvel";NA;NA;NA;NA;NA;NA;NA;1;NA;NA;NA;NA;NA;NA;NA;NA;NA;NA;NA;NA;NA;NA;NA;NA;NA
43;"RS";4311908;"431190";"Marcelino Ramos";"Não";"-";"Ocupantes de automóvel";NA;NA;NA;NA;NA;NA;NA;NA;NA;NA;NA;NA;NA;NA;NA;NA;NA;NA;NA;NA;NA;NA;NA;NA;NA
43;"RS";4311981;"431198";"Mariana Pimentel";"Não";"-";"Ocupantes de automóvel";NA;NA;NA;NA;NA;NA;NA;NA;NA;NA;NA;NA;NA;NA;NA;NA;NA;NA;NA;NA;NA;NA;NA;NA;NA
43;"RS";4312005;"431200";"Mariano Moro";"Não";"-";"Ocupantes de automóvel";NA;NA;NA;NA;NA;NA;NA;NA;NA;NA;NA;NA;NA;NA;NA;NA;NA;NA;NA;NA;NA;NA;NA;NA;NA
43;"RS";4312054;"431205";"Marques de Souza";"Não";"-";"Ocupantes de automóvel";NA;1;NA;NA;NA;NA;NA;NA;NA;NA;NA;NA;NA;NA;NA;NA;NA;NA;NA;NA;NA;NA;NA;1;NA
43;"RS";4312104;"431210";"Mata";"Não";"-";"Ocupantes de automóvel";NA;NA;NA;NA;NA;NA;NA;NA;NA;NA;NA;NA;NA;NA;NA;NA;NA;NA;NA;NA;NA;NA;NA;NA;NA
43;"RS";4312138;"431213";"Mato Castelhano";"Não";"-";"Ocupantes de automóvel";NA;NA;NA;NA;NA;NA;NA;NA;NA;NA;NA;NA;NA;NA;NA;NA;NA;NA;NA;NA;NA;NA;NA;NA;NA
43;"RS";4312153;"431215";"Mato Leitão";"Não";"-";"Ocupantes de automóvel";NA;NA;NA;NA;NA;NA;NA;NA;NA;NA;NA;NA;NA;NA;NA;NA;NA;NA;NA;NA;NA;NA;NA;NA;NA
43;"RS";4312179;"431217";"Mato Queimado";"Não";"-";"Ocupantes de automóvel";NA;NA;NA;NA;NA;NA;NA;NA;NA;NA;NA;NA;NA;NA;NA;NA;NA;NA;NA;NA;NA;NA;NA;NA;NA
43;"RS";4312203;"431220";"Maximiliano de Almeida";"Não";"-";"Ocupantes de automóvel";NA;NA;NA;NA;NA;NA;NA;NA;NA;NA;NA;NA;NA;NA;NA;NA;NA;NA;NA;NA;NA;NA;NA;NA;NA
43;"RS";4312252;"431225";"Minas do Leão";"Não";"-";"Ocupantes de automóvel";NA;NA;NA;NA;NA;NA;NA;NA;NA;NA;NA;NA;1;NA;NA;NA;NA;NA;NA;NA;1;NA;NA;NA;NA
43;"RS";4312302;"431230";"Miraguaí";"Não";"-";"Ocupantes de automóvel";NA;NA;NA;NA;NA;NA;NA;NA;NA;NA;NA;NA;NA;NA;NA;NA;NA;NA;NA;NA;NA;NA;NA;NA;NA
43;"RS";4312351;"431235";"Montauri";"Não";"-";"Ocupantes de automóvel";NA;NA;NA;NA;NA;NA;NA;NA;NA;NA;NA;NA;NA;NA;NA;NA;NA;NA;NA;NA;NA;NA;NA;NA;NA
43;"RS";4312377;"431237";"Monte Alegre dos Campos";"Não";"-";"Ocupantes de automóvel";NA;NA;NA;NA;1;NA;NA;NA;NA;NA;NA;NA;NA;NA;NA;1;NA;NA;NA;NA;NA;NA;NA;NA;NA
43;"RS";4312385;"431238";"Monte Belo do Sul";"Não";"Região Metropolitana da Serra Gaúcha";"Ocupantes de automóvel";NA;NA;NA;NA;NA;NA;NA;NA;NA;NA;NA;NA;NA;NA;NA;NA;NA;NA;NA;NA;NA;NA;NA;NA;NA
43;"RS";4312401;"431240";"Montenegro";"Não";"Região Metropolitana de Porto Alegre";"Ocupantes de automóvel";NA;NA;NA;NA;NA;1;NA;NA;NA;NA;NA;NA;NA;NA;NA;NA;NA;NA;NA;NA;NA;NA;NA;1;NA
43;"RS";4312443;"431244";"Morrinhos do Sul";"Não";"-";"Ocupantes de automóvel";NA;NA;NA;NA;NA;NA;NA;NA;NA;NA;NA;NA;NA;NA;NA;NA;NA;NA;NA;NA;1;NA;NA;NA;NA
43;"RS";4312450;"431245";"Morro Redondo";"Não";"-";"Ocupantes de automóvel";NA;NA;NA;NA;NA;NA;NA;NA;NA;NA;NA;NA;NA;NA;NA;NA;NA;NA;NA;NA;NA;NA;1;NA;NA
43;"RS";4312476;"431247";"Morro Reuter";"Não";"-";"Ocupantes de automóvel";NA;NA;NA;NA;NA;NA;NA;NA;NA;NA;NA;NA;NA;NA;NA;NA;NA;NA;NA;NA;NA;NA;NA;NA;NA
43;"RS";4312500;"431250";"Mostardas";"Não";"-";"Ocupantes de automóvel";NA;NA;NA;NA;NA;NA;NA;NA;NA;NA;NA;NA;NA;NA;NA;NA;NA;NA;NA;NA;2;NA;NA;1;NA
43;"RS";4312609;"431260";"Muçum";"Não";"-";"Ocupantes de automóvel";NA;NA;NA;NA;NA;NA;NA;NA;1;NA;NA;NA;NA;NA;NA;NA;1;NA;NA;NA;NA;NA;NA;NA;NA
43;"RS";4312617;"431261";"Muitos Capões";"Não";"-";"Ocupantes de automóvel";NA;NA;NA;NA;NA;NA;NA;NA;NA;NA;NA;NA;NA;NA;NA;NA;NA;NA;1;NA;NA;NA;NA;NA;NA
43;"RS";4312625;"431262";"Muliterno";"Não";"-";"Ocupantes de automóvel";NA;NA;NA;NA;NA;NA;NA;NA;NA;NA;NA;NA;NA;NA;NA;NA;NA;NA;NA;NA;NA;NA;NA;NA;NA
43;"RS";4312658;"431265";"Não-Me-Toque";"Não";"-";"Ocupantes de automóvel";NA;NA;NA;NA;NA;NA;NA;1;NA;NA;NA;NA;NA;NA;NA;NA;NA;NA;NA;NA;1;NA;NA;NA;NA
43;"RS";4312674;"431267";"Nicolau Vergueiro";"Não";"-";"Ocupantes de automóvel";NA;NA;NA;NA;NA;NA;NA;NA;NA;NA;NA;NA;NA;NA;NA;NA;NA;NA;1;NA;NA;NA;NA;NA;NA
43;"RS";4312708;"431270";"Nonoai";"Não";"-";"Ocupantes de automóvel";NA;NA;NA;NA;NA;NA;NA;NA;NA;NA;NA;NA;NA;1;NA;NA;NA;1;NA;NA;1;NA;NA;NA;NA
43;"RS";4312757;"431275";"Nova Alvorada";"Não";"-";"Ocupantes de automóvel";NA;NA;NA;NA;NA;NA;NA;NA;NA;NA;NA;NA;NA;NA;NA;NA;NA;NA;NA;NA;NA;NA;NA;NA;NA
43;"RS";4312807;"431280";"Nova Araçá";"Não";"-";"Ocupantes de automóvel";1;NA;NA;NA;NA;NA;NA;NA;NA;NA;NA;NA;NA;NA;NA;NA;NA;NA;NA;NA;NA;NA;NA;NA;NA
43;"RS";4312906;"431290";"Nova Bassano";"Não";"-";"Ocupantes de automóvel";NA;NA;NA;NA;NA;NA;NA;NA;NA;NA;NA;NA;NA;NA;NA;NA;NA;NA;NA;NA;NA;NA;NA;NA;NA
43;"RS";4312955;"431295";"Nova Boa Vista";"Não";"-";"Ocupantes de automóvel";NA;NA;NA;NA;NA;NA;NA;NA;NA;NA;NA;NA;NA;NA;NA;NA;NA;NA;NA;NA;NA;NA;NA;NA;NA
43;"RS";4313011;"431301";"Nova Candelária";"Não";"-";"Ocupantes de automóvel";NA;NA;NA;NA;NA;NA;NA;NA;NA;NA;NA;NA;NA;NA;NA;NA;NA;NA;NA;NA;NA;NA;NA;NA;NA
43;"RS";4313037;"431303";"Nova Esperança do Sul";"Não";"-";"Ocupantes de automóvel";NA;NA;NA;NA;NA;NA;NA;NA;NA;NA;NA;NA;NA;NA;NA;NA;NA;NA;NA;NA;NA;NA;NA;NA;NA
43;"RS";4313060;"431306";"Nova Hartz";"Não";"Região Metropolitana de Porto Alegre";"Ocupantes de automóvel";NA;NA;NA;NA;NA;NA;NA;NA;NA;NA;NA;NA;NA;NA;NA;NA;NA;NA;NA;NA;NA;NA;NA;NA;NA
43;"RS";4313086;"431308";"Nova Pádua";"Não";"Região Metropolitana da Serra Gaúcha";"Ocupantes de automóvel";NA;NA;NA;NA;NA;NA;NA;NA;NA;NA;NA;NA;NA;NA;NA;NA;NA;NA;NA;NA;NA;NA;NA;NA;NA
43;"RS";4313102;"431310";"Nova Palma";"Não";"-";"Ocupantes de automóvel";NA;NA;NA;NA;NA;NA;NA;NA;NA;NA;NA;NA;NA;NA;NA;NA;NA;NA;NA;NA;NA;NA;NA;NA;NA
43;"RS";4313201;"431320";"Nova Petrópolis";"Não";"-";"Ocupantes de automóvel";NA;NA;NA;NA;1;NA;NA;NA;1;NA;NA;NA;NA;NA;NA;NA;NA;NA;NA;NA;NA;NA;NA;NA;NA
43;"RS";4313300;"431330";"Nova Prata";"Não";"-";"Ocupantes de automóvel";NA;NA;NA;NA;NA;NA;NA;NA;NA;NA;NA;NA;NA;NA;NA;3;1;1;NA;NA;NA;NA;NA;NA;NA
43;"RS";4313334;"431333";"Nova Ramada";"Não";"-";"Ocupantes de automóvel";NA;NA;NA;NA;NA;NA;NA;NA;NA;NA;NA;NA;NA;NA;NA;NA;NA;NA;NA;NA;NA;NA;NA;NA;NA
43;"RS";4313359;"431335";"Nova Roma do Sul";"Não";"Região Metropolitana da Serra Gaúcha";"Ocupantes de automóvel";NA;NA;NA;NA;NA;1;NA;NA;NA;NA;NA;NA;NA;NA;NA;NA;NA;NA;NA;NA;NA;NA;NA;NA;NA
43;"RS";4313375;"431337";"Nova Santa Rita";"Não";"Região Metropolitana de Porto Alegre";"Ocupantes de automóvel";NA;NA;NA;NA;NA;NA;NA;NA;NA;NA;NA;NA;NA;NA;NA;NA;NA;1;NA;NA;1;NA;NA;NA;NA
43;"RS";4313391;"431339";"Novo Cabrais";"Não";"-";"Ocupantes de automóvel";NA;NA;NA;NA;NA;NA;NA;NA;NA;NA;NA;NA;NA;NA;NA;NA;NA;NA;NA;NA;NA;NA;NA;NA;NA
43;"RS";4313409;"431340";"Novo Hamburgo";"Não";"Região Metropolitana de Porto Alegre";"Ocupantes de automóvel";NA;1;NA;NA;NA;NA;NA;1;NA;NA;NA;1;NA;NA;NA;NA;NA;NA;NA;NA;NA;NA;1;NA;NA
43;"RS";4313425;"431342";"Novo Machado";"Não";"-";"Ocupantes de automóvel";NA;NA;NA;NA;NA;NA;NA;NA;NA;NA;NA;NA;NA;NA;NA;NA;NA;NA;NA;NA;NA;NA;NA;NA;NA
43;"RS";4313466;"431346";"Novo Xingu";"Não";"-";"Ocupantes de automóvel";NA;NA;NA;NA;NA;NA;NA;NA;NA;NA;NA;NA;NA;NA;NA;NA;NA;NA;NA;NA;NA;NA;NA;NA;NA
43;"RS";4313490;"431349";"Novo Barreiro";"Não";"-";"Ocupantes de automóvel";NA;NA;NA;NA;NA;NA;NA;NA;NA;NA;NA;NA;NA;NA;NA;NA;NA;NA;NA;NA;NA;NA;NA;NA;NA
43;"RS";4313508;"431350";"Osório";"Não";"-";"Ocupantes de automóvel";NA;NA;NA;NA;NA;NA;NA;NA;NA;NA;4;1;NA;NA;NA;NA;NA;NA;NA;NA;1;NA;NA;NA;NA
43;"RS";4313607;"431360";"Paim Filho";"Não";"-";"Ocupantes de automóvel";NA;NA;NA;NA;NA;NA;NA;NA;NA;NA;NA;NA;NA;NA;NA;NA;NA;NA;NA;NA;NA;NA;NA;NA;NA
43;"RS";4313656;"431365";"Palmares do Sul";"Não";"-";"Ocupantes de automóvel";NA;NA;NA;NA;NA;NA;NA;NA;NA;NA;NA;NA;NA;NA;NA;NA;1;NA;1;NA;NA;NA;NA;1;NA
43;"RS";4313706;"431370";"Palmeira das Missões";"Não";"-";"Ocupantes de automóvel";NA;NA;NA;NA;NA;NA;NA;NA;NA;NA;NA;NA;NA;NA;NA;NA;NA;NA;NA;NA;NA;NA;NA;NA;NA
43;"RS";4313805;"431380";"Palmitinho";"Não";"-";"Ocupantes de automóvel";NA;NA;NA;NA;NA;NA;NA;NA;NA;NA;NA;NA;NA;NA;NA;NA;NA;NA;NA;NA;NA;NA;NA;NA;NA
43;"RS";4313904;"431390";"Panambi";"Não";"-";"Ocupantes de automóvel";NA;NA;NA;NA;1;NA;NA;NA;NA;NA;NA;NA;NA;NA;NA;1;NA;NA;NA;NA;NA;NA;NA;1;NA
43;"RS";4313953;"431395";"Pantano Grande";"Não";"-";"Ocupantes de automóvel";NA;NA;NA;NA;NA;NA;NA;NA;NA;NA;NA;NA;NA;NA;NA;NA;NA;NA;NA;NA;NA;NA;NA;NA;NA
43;"RS";4314001;"431400";"Paraí";"Não";"-";"Ocupantes de automóvel";NA;NA;NA;NA;NA;NA;NA;NA;NA;NA;NA;NA;NA;NA;NA;NA;1;NA;NA;1;NA;NA;NA;NA;NA
43;"RS";4314027;"431402";"Paraíso do Sul";"Não";"-";"Ocupantes de automóvel";NA;NA;NA;NA;NA;NA;NA;NA;NA;NA;NA;NA;NA;NA;NA;NA;NA;NA;NA;1;NA;NA;NA;NA;NA
43;"RS";4314035;"431403";"Pareci Novo";"Não";"-";"Ocupantes de automóvel";NA;NA;NA;NA;NA;NA;NA;NA;NA;NA;NA;NA;NA;NA;NA;NA;NA;NA;NA;NA;NA;NA;NA;NA;NA
43;"RS";4314050;"431405";"Parobé";"Não";"Região Metropolitana de Porto Alegre";"Ocupantes de automóvel";NA;NA;NA;NA;NA;NA;NA;NA;NA;NA;NA;NA;1;NA;NA;NA;NA;NA;NA;NA;1;NA;NA;NA;NA
43;"RS";4314068;"431406";"Passa Sete";"Não";"-";"Ocupantes de automóvel";NA;NA;NA;NA;NA;NA;1;NA;NA;NA;NA;NA;NA;NA;NA;NA;NA;NA;NA;NA;NA;NA;NA;NA;NA
43;"RS";4314076;"431407";"Passo do Sobrado";"Não";"-";"Ocupantes de automóvel";NA;NA;NA;NA;NA;NA;NA;NA;NA;NA;NA;NA;NA;NA;NA;NA;NA;NA;NA;NA;NA;NA;NA;NA;NA
43;"RS";4314100;"431410";"Passo Fundo";"Não";"-";"Ocupantes de automóvel";NA;NA;NA;NA;NA;NA;NA;2;1;NA;1;2;1;3;1;4;1;4;NA;2;1;2;2;3;NA
43;"RS";4314134;"431413";"Paulo Bento";"Não";"-";"Ocupantes de automóvel";NA;NA;NA;NA;NA;NA;NA;NA;NA;NA;NA;NA;NA;NA;NA;NA;NA;NA;NA;NA;NA;NA;NA;NA;NA
43;"RS";4314159;"431415";"Paverama";"Não";"-";"Ocupantes de automóvel";NA;NA;NA;NA;NA;NA;NA;NA;NA;NA;NA;NA;NA;NA;NA;NA;NA;NA;NA;NA;NA;NA;NA;NA;NA
43;"RS";4314209;"431420";"Pedro Osório";"Não";"-";"Ocupantes de automóvel";NA;NA;NA;NA;NA;NA;NA;NA;NA;NA;NA;NA;NA;NA;NA;NA;NA;NA;NA;NA;NA;NA;NA;NA;NA
43;"RS";4314308;"431430";"Pejuçara";"Não";"-";"Ocupantes de automóvel";NA;NA;NA;NA;NA;NA;NA;NA;NA;NA;NA;NA;NA;NA;NA;NA;NA;1;NA;NA;NA;NA;1;NA;NA
43;"RS";4314407;"431440";"Pelotas";"Não";"-";"Ocupantes de automóvel";NA;1;NA;NA;NA;NA;NA;NA;NA;NA;1;NA;NA;NA;NA;NA;2;1;1;2;2;1;5;1;NA
43;"RS";4314423;"431442";"Picada Café";"Não";"-";"Ocupantes de automóvel";NA;NA;NA;NA;NA;NA;NA;NA;NA;NA;NA;NA;1;NA;NA;NA;NA;NA;NA;1;NA;NA;NA;NA;NA
43;"RS";4314456;"431445";"Pinhal";"Não";"-";"Ocupantes de automóvel";NA;NA;NA;NA;NA;NA;NA;NA;NA;NA;NA;NA;NA;NA;NA;NA;NA;NA;NA;NA;NA;NA;NA;NA;NA
43;"RS";4314506;"431450";"Pinheiro Machado";"Não";"-";"Ocupantes de automóvel";NA;NA;NA;NA;NA;NA;NA;NA;NA;NA;NA;NA;NA;NA;NA;NA;NA;NA;1;NA;NA;NA;NA;1;NA
43;"RS";4314548;"431454";"Pinto Bandeira";"Não";"Região Metropolitana da Serra Gaúcha";"Ocupantes de automóvel";NA;NA;NA;NA;NA;NA;NA;NA;NA;NA;NA;NA;NA;NA;NA;NA;NA;NA;NA;NA;NA;NA;NA;NA;NA
43;"RS";4314555;"431455";"Pirapó";"Não";"-";"Ocupantes de automóvel";NA;NA;NA;NA;NA;NA;NA;NA;NA;NA;NA;NA;NA;NA;NA;NA;NA;NA;NA;NA;NA;NA;NA;NA;NA
43;"RS";4314605;"431460";"Piratini";"Não";"-";"Ocupantes de automóvel";NA;NA;NA;NA;NA;NA;NA;NA;NA;NA;NA;NA;NA;NA;NA;NA;NA;NA;NA;NA;NA;NA;NA;1;NA
43;"RS";4314704;"431470";"Planalto";"Não";"-";"Ocupantes de automóvel";NA;NA;NA;NA;NA;NA;NA;NA;NA;NA;NA;NA;NA;NA;NA;NA;NA;NA;NA;NA;NA;NA;NA;NA;NA
43;"RS";4314753;"431475";"Poço das Antas";"Não";"-";"Ocupantes de automóvel";NA;NA;NA;NA;NA;NA;NA;NA;NA;NA;NA;NA;NA;NA;NA;NA;NA;NA;NA;NA;NA;NA;NA;NA;NA
43;"RS";4314779;"431477";"Pontão";"Não";"-";"Ocupantes de automóvel";NA;NA;NA;NA;NA;NA;NA;NA;NA;NA;NA;NA;NA;NA;NA;NA;NA;NA;NA;NA;NA;NA;NA;NA;NA
43;"RS";4314803;"431480";"Portão";"Não";"Região Metropolitana de Porto Alegre";"Ocupantes de automóvel";NA;NA;NA;NA;NA;NA;NA;NA;NA;NA;NA;NA;NA;NA;NA;NA;NA;NA;NA;NA;NA;NA;NA;NA;NA
43;"RS";4314902;"431490";"Porto Alegre";"Sim";"Região Metropolitana de Porto Alegre";"Ocupantes de automóvel";2;1;NA;1;5;NA;3;2;7;3;7;4;5;6;2;11;2;1;2;2;2;5;7;5;NA
43;"RS";4315008;"431500";"Porto Lucena";"Não";"-";"Ocupantes de automóvel";NA;NA;NA;NA;NA;NA;NA;NA;NA;NA;NA;NA;NA;NA;NA;NA;NA;NA;NA;NA;NA;NA;NA;NA;NA
43;"RS";4315057;"431505";"Porto Mauá";"Não";"-";"Ocupantes de automóvel";NA;NA;NA;NA;NA;NA;NA;NA;NA;NA;NA;NA;NA;NA;NA;NA;NA;NA;NA;NA;NA;NA;NA;NA;NA
43;"RS";4315107;"431510";"Porto Xavier";"Não";"-";"Ocupantes de automóvel";NA;NA;NA;NA;NA;NA;NA;NA;NA;NA;NA;NA;NA;NA;NA;NA;NA;NA;NA;NA;NA;NA;NA;NA;NA
43;"RS";4315131;"431513";"Pouso Novo";"Não";"-";"Ocupantes de automóvel";NA;NA;NA;NA;NA;NA;NA;NA;NA;NA;NA;NA;NA;NA;NA;NA;NA;NA;NA;NA;NA;NA;NA;NA;NA
43;"RS";4315156;"431515";"Progresso";"Não";"-";"Ocupantes de automóvel";NA;NA;NA;NA;NA;NA;NA;NA;NA;NA;NA;NA;NA;NA;NA;NA;NA;NA;NA;NA;NA;NA;NA;NA;NA
43;"RS";4315206;"431520";"Putinga";"Não";"-";"Ocupantes de automóvel";NA;NA;NA;NA;NA;NA;NA;NA;NA;NA;NA;NA;NA;NA;NA;NA;NA;NA;NA;NA;NA;NA;NA;NA;NA
43;"RS";4315305;"431530";"Quaraí";"Não";"-";"Ocupantes de automóvel";NA;NA;NA;NA;NA;NA;NA;NA;NA;NA;NA;NA;NA;NA;NA;NA;NA;NA;NA;NA;NA;NA;NA;NA;NA
43;"RS";4315313;"431531";"Quatro Irmãos";"Não";"-";"Ocupantes de automóvel";NA;NA;NA;NA;NA;NA;NA;NA;NA;NA;NA;NA;NA;NA;NA;NA;NA;NA;NA;NA;NA;NA;NA;NA;NA
43;"RS";4315354;"431535";"Quinze de Novembro";"Não";"-";"Ocupantes de automóvel";NA;NA;NA;NA;NA;NA;NA;NA;NA;NA;NA;NA;NA;NA;NA;NA;NA;NA;NA;NA;NA;NA;NA;NA;NA
43;"RS";4315404;"431540";"Redentora";"Não";"-";"Ocupantes de automóvel";NA;NA;NA;NA;NA;NA;NA;NA;NA;NA;NA;NA;NA;NA;NA;NA;NA;NA;NA;NA;NA;NA;NA;NA;NA
43;"RS";4315503;"431550";"Restinga Sêca";"Não";"-";"Ocupantes de automóvel";NA;NA;NA;NA;NA;NA;NA;NA;NA;NA;NA;NA;NA;2;NA;NA;NA;NA;NA;NA;NA;NA;NA;NA;NA
43;"RS";4315552;"431555";"Rio dos Índios";"Não";"-";"Ocupantes de automóvel";NA;NA;NA;NA;NA;NA;NA;NA;NA;NA;NA;NA;NA;NA;NA;NA;NA;NA;NA;NA;NA;NA;NA;NA;NA
43;"RS";4315602;"431560";"Rio Grande";"Não";"-";"Ocupantes de automóvel";NA;NA;NA;NA;2;3;1;3;2;4;1;NA;1;1;1;1;NA;1;NA;NA;NA;NA;NA;1;NA
43;"RS";4315701;"431570";"Rio Pardo";"Não";"-";"Ocupantes de automóvel";NA;NA;NA;NA;NA;NA;NA;NA;NA;NA;NA;NA;NA;NA;NA;2;3;NA;NA;NA;NA;NA;NA;1;NA
43;"RS";4315750;"431575";"Riozinho";"Não";"-";"Ocupantes de automóvel";NA;NA;NA;NA;NA;NA;NA;NA;NA;NA;NA;NA;NA;NA;NA;NA;NA;NA;NA;NA;NA;NA;NA;NA;NA
43;"RS";4315800;"431580";"Roca Sales";"Não";"-";"Ocupantes de automóvel";NA;NA;NA;NA;NA;NA;NA;NA;NA;NA;NA;NA;NA;NA;NA;NA;NA;NA;NA;NA;NA;NA;NA;NA;NA
43;"RS";4315909;"431590";"Rodeio Bonito";"Não";"-";"Ocupantes de automóvel";NA;NA;NA;NA;NA;NA;NA;NA;NA;NA;NA;NA;NA;NA;NA;NA;NA;NA;NA;NA;NA;NA;NA;NA;NA
43;"RS";4315958;"431595";"Rolador";"Não";"-";"Ocupantes de automóvel";NA;NA;NA;NA;NA;NA;NA;NA;NA;NA;NA;NA;NA;NA;NA;NA;NA;NA;NA;NA;NA;NA;NA;NA;NA
43;"RS";4316006;"431600";"Rolante";"Não";"Região Metropolitana de Porto Alegre";"Ocupantes de automóvel";NA;NA;NA;NA;NA;NA;NA;NA;NA;NA;NA;NA;NA;NA;NA;NA;NA;NA;NA;NA;NA;NA;NA;NA;NA
43;"RS";4316105;"431610";"Ronda Alta";"Não";"-";"Ocupantes de automóvel";NA;NA;NA;NA;NA;NA;NA;NA;NA;NA;NA;NA;NA;NA;NA;NA;NA;NA;NA;NA;NA;NA;NA;NA;NA
43;"RS";4316204;"431620";"Rondinha";"Não";"-";"Ocupantes de automóvel";NA;NA;NA;NA;NA;NA;NA;NA;NA;NA;NA;NA;NA;NA;NA;NA;NA;NA;NA;NA;NA;NA;NA;NA;NA
43;"RS";4316303;"431630";"Roque Gonzales";"Não";"-";"Ocupantes de automóvel";NA;NA;NA;NA;NA;NA;NA;NA;NA;NA;NA;NA;NA;NA;NA;NA;NA;NA;NA;NA;NA;NA;NA;NA;NA
43;"RS";4316402;"431640";"Rosário do Sul";"Não";"-";"Ocupantes de automóvel";NA;NA;NA;NA;NA;NA;NA;NA;NA;NA;NA;1;NA;NA;NA;NA;NA;NA;1;1;1;NA;1;NA;NA
43;"RS";4316428;"431642";"Sagrada Família";"Não";"-";"Ocupantes de automóvel";NA;NA;NA;NA;NA;NA;NA;NA;NA;NA;NA;NA;NA;NA;NA;NA;NA;NA;NA;NA;NA;NA;NA;NA;NA
43;"RS";4316436;"431643";"Saldanha Marinho";"Não";"-";"Ocupantes de automóvel";NA;NA;NA;NA;NA;NA;NA;NA;NA;NA;NA;NA;NA;NA;NA;NA;NA;NA;NA;NA;NA;NA;NA;NA;NA
43;"RS";4316451;"431645";"Salto do Jacuí";"Não";"-";"Ocupantes de automóvel";NA;NA;NA;NA;NA;NA;NA;NA;NA;NA;NA;NA;NA;NA;1;NA;NA;NA;NA;1;NA;NA;NA;NA;NA
43;"RS";4316477;"431647";"Salvador das Missões";"Não";"-";"Ocupantes de automóvel";NA;NA;NA;NA;NA;NA;NA;NA;NA;NA;NA;NA;NA;NA;NA;NA;NA;NA;NA;NA;NA;NA;NA;NA;NA
43;"RS";4316501;"431650";"Salvador do Sul";"Não";"-";"Ocupantes de automóvel";NA;NA;NA;NA;NA;NA;NA;NA;NA;NA;NA;NA;NA;NA;NA;NA;NA;NA;NA;NA;NA;NA;NA;NA;NA
43;"RS";4316600;"431660";"Sananduva";"Não";"-";"Ocupantes de automóvel";NA;NA;NA;NA;NA;NA;NA;NA;NA;NA;NA;NA;NA;NA;NA;NA;NA;1;1;NA;NA;NA;NA;NA;NA
43;"RS";4316709;"431670";"Santa Bárbara do Sul";"Não";"-";"Ocupantes de automóvel";NA;NA;NA;NA;NA;NA;NA;NA;NA;NA;NA;NA;NA;NA;NA;NA;NA;NA;NA;1;NA;NA;1;NA;NA
43;"RS";4316758;"431675";"Santa Clara do Sul";"Não";"-";"Ocupantes de automóvel";NA;NA;NA;NA;NA;NA;NA;NA;NA;NA;NA;NA;NA;NA;NA;NA;NA;NA;NA;NA;NA;NA;NA;NA;NA
43;"RS";4316808;"431680";"Santa Cruz do Sul";"Não";"-";"Ocupantes de automóvel";NA;NA;1;1;NA;NA;3;1;NA;NA;1;NA;NA;NA;1;NA;1;NA;1;NA;4;1;1;NA;NA
43;"RS";4316907;"431690";"Santa Maria";"Não";"-";"Ocupantes de automóvel";NA;NA;NA;NA;NA;NA;NA;NA;NA;NA;NA;NA;NA;NA;NA;NA;1;2;4;2;4;1;2;3;NA
43;"RS";4316956;"431695";"Santa Maria do Herval";"Não";"-";"Ocupantes de automóvel";NA;NA;NA;NA;NA;NA;NA;NA;NA;NA;NA;NA;NA;NA;NA;NA;NA;NA;NA;NA;NA;NA;NA;NA;NA
43;"RS";4316972;"431697";"Santa Margarida do Sul";"Não";"-";"Ocupantes de automóvel";NA;NA;NA;NA;NA;NA;NA;NA;NA;NA;NA;NA;NA;NA;NA;NA;NA;NA;1;NA;NA;NA;NA;NA;NA
43;"RS";4317004;"431700";"Santana da Boa Vista";"Não";"-";"Ocupantes de automóvel";NA;NA;NA;NA;NA;NA;NA;NA;NA;NA;NA;NA;NA;NA;NA;NA;NA;NA;NA;NA;NA;1;NA;NA;NA
43;"RS";4317103;"431710";"Sant'Ana do Livramento";"Não";"-";"Ocupantes de automóvel";NA;NA;NA;NA;NA;NA;NA;NA;NA;NA;NA;NA;NA;NA;1;NA;NA;NA;NA;NA;NA;NA;NA;1;NA
43;"RS";4317202;"431720";"Santa Rosa";"Não";"-";"Ocupantes de automóvel";NA;NA;NA;NA;NA;NA;NA;NA;NA;NA;1;NA;NA;NA;1;NA;NA;NA;NA;NA;NA;1;NA;2;NA
43;"RS";4317251;"431725";"Santa Tereza";"Não";"Região Metropolitana da Serra Gaúcha";"Ocupantes de automóvel";NA;NA;NA;NA;NA;NA;NA;NA;NA;NA;NA;NA;NA;NA;NA;NA;NA;NA;NA;NA;NA;NA;NA;NA;NA
43;"RS";4317301;"431730";"Santa Vitória do Palmar";"Não";"-";"Ocupantes de automóvel";NA;NA;NA;NA;NA;NA;1;NA;NA;NA;NA;NA;NA;NA;NA;NA;NA;NA;NA;NA;1;NA;NA;NA;NA
43;"RS";4317400;"431740";"Santiago";"Não";"-";"Ocupantes de automóvel";NA;NA;NA;NA;NA;NA;NA;NA;NA;NA;NA;NA;NA;NA;NA;NA;NA;NA;NA;NA;1;NA;NA;NA;NA
43;"RS";4317509;"431750";"Santo Ângelo";"Não";"-";"Ocupantes de automóvel";NA;NA;NA;NA;NA;NA;NA;NA;NA;2;1;NA;NA;NA;NA;NA;1;NA;NA;NA;NA;NA;1;NA;NA
43;"RS";4317558;"431755";"Santo Antônio do Palma";"Não";"-";"Ocupantes de automóvel";NA;NA;NA;NA;NA;NA;NA;NA;NA;NA;NA;NA;NA;NA;NA;NA;NA;NA;NA;NA;NA;NA;NA;NA;NA
43;"RS";4317608;"431760";"Santo Antônio da Patrulha";"Não";"Região Metropolitana de Porto Alegre";"Ocupantes de automóvel";NA;NA;NA;NA;NA;NA;NA;1;NA;NA;NA;NA;NA;NA;2;NA;NA;NA;NA;NA;NA;NA;NA;NA;NA
43;"RS";4317707;"431770";"Santo Antônio das Missões";"Não";"-";"Ocupantes de automóvel";NA;NA;NA;NA;NA;NA;NA;NA;NA;NA;NA;NA;NA;NA;NA;NA;NA;NA;NA;NA;NA;NA;NA;NA;NA
43;"RS";4317756;"431775";"Santo Antônio do Planalto";"Não";"-";"Ocupantes de automóvel";NA;NA;NA;NA;NA;NA;NA;NA;NA;NA;NA;NA;NA;NA;NA;NA;NA;NA;NA;NA;NA;NA;NA;NA;NA
43;"RS";4317806;"431780";"Santo Augusto";"Não";"-";"Ocupantes de automóvel";NA;NA;NA;NA;NA;NA;NA;1;NA;NA;NA;NA;NA;NA;1;NA;NA;NA;NA;NA;NA;NA;NA;NA;NA
43;"RS";4317905;"431790";"Santo Cristo";"Não";"-";"Ocupantes de automóvel";NA;NA;NA;NA;NA;NA;NA;NA;NA;NA;NA;NA;NA;NA;NA;1;NA;NA;NA;NA;NA;NA;NA;NA;NA
43;"RS";4318002;"431800";"São Borja";"Não";"-";"Ocupantes de automóvel";NA;NA;NA;NA;NA;NA;NA;NA;NA;NA;NA;NA;NA;NA;NA;NA;NA;NA;NA;NA;NA;NA;NA;NA;NA
43;"RS";4318051;"431805";"São Domingos do Sul";"Não";"-";"Ocupantes de automóvel";NA;NA;NA;NA;NA;NA;NA;NA;NA;NA;NA;NA;NA;NA;NA;NA;NA;NA;NA;NA;NA;3;NA;NA;NA
43;"RS";4318101;"431810";"São Francisco de Assis";"Não";"-";"Ocupantes de automóvel";NA;NA;NA;NA;NA;NA;NA;NA;NA;NA;NA;NA;NA;NA;NA;NA;NA;NA;NA;NA;NA;NA;NA;NA;NA
43;"RS";4318200;"431820";"São Francisco de Paula";"Não";"-";"Ocupantes de automóvel";NA;NA;NA;NA;NA;NA;NA;NA;NA;NA;NA;NA;1;NA;NA;NA;1;NA;NA;NA;1;NA;NA;3;NA
43;"RS";4318309;"431830";"São Gabriel";"Não";"-";"Ocupantes de automóvel";NA;NA;NA;NA;NA;1;NA;1;NA;NA;1;NA;NA;NA;1;NA;1;2;NA;NA;NA;NA;NA;NA;NA
43;"RS";4318408;"431840";"São Jerônimo";"Não";"Região Metropolitana de Porto Alegre";"Ocupantes de automóvel";NA;NA;NA;NA;NA;NA;NA;NA;NA;NA;NA;NA;NA;NA;NA;NA;NA;NA;NA;NA;NA;NA;NA;NA;NA
43;"RS";4318424;"431842";"São João da Urtiga";"Não";"-";"Ocupantes de automóvel";NA;NA;NA;NA;NA;NA;NA;NA;NA;NA;NA;NA;NA;NA;NA;NA;NA;NA;NA;NA;NA;NA;NA;NA;NA
43;"RS";4318440;"431844";"São Jorge";"Não";"-";"Ocupantes de automóvel";NA;NA;NA;NA;NA;NA;NA;NA;NA;NA;NA;NA;NA;NA;NA;NA;NA;NA;NA;NA;NA;NA;NA;NA;NA
43;"RS";4318457;"431845";"São José das Missões";"Não";"-";"Ocupantes de automóvel";NA;NA;NA;NA;NA;NA;NA;NA;NA;NA;NA;NA;NA;NA;NA;NA;NA;NA;NA;NA;NA;NA;NA;NA;NA
43;"RS";4318465;"431846";"São José do Herval";"Não";"-";"Ocupantes de automóvel";NA;NA;NA;NA;NA;NA;NA;NA;NA;NA;NA;NA;NA;NA;NA;NA;NA;1;NA;NA;NA;NA;1;NA;NA
43;"RS";4318481;"431848";"São José do Hortêncio";"Não";"-";"Ocupantes de automóvel";NA;NA;NA;NA;NA;NA;NA;NA;NA;NA;NA;NA;NA;NA;NA;NA;NA;NA;NA;NA;NA;NA;NA;NA;NA
43;"RS";4318499;"431849";"São José do Inhacorá";"Não";"-";"Ocupantes de automóvel";NA;NA;NA;NA;NA;NA;NA;NA;NA;NA;NA;NA;NA;NA;NA;NA;NA;NA;NA;NA;NA;NA;NA;NA;NA
43;"RS";4318507;"431850";"São José do Norte";"Não";"-";"Ocupantes de automóvel";NA;NA;NA;NA;NA;NA;NA;NA;NA;NA;NA;NA;NA;NA;NA;1;NA;NA;NA;NA;NA;NA;NA;NA;NA
43;"RS";4318606;"431860";"São José do Ouro";"Não";"-";"Ocupantes de automóvel";NA;NA;NA;NA;NA;NA;NA;NA;NA;NA;NA;NA;NA;NA;NA;NA;NA;NA;NA;NA;NA;NA;NA;NA;NA
43;"RS";4318614;"431861";"São José do Sul";"Não";"-";"Ocupantes de automóvel";NA;NA;NA;NA;NA;NA;NA;NA;NA;NA;NA;NA;NA;NA;NA;NA;NA;NA;NA;NA;NA;NA;NA;NA;NA
43;"RS";4318705;"431870";"São Leopoldo";"Não";"Região Metropolitana de Porto Alegre";"Ocupantes de automóvel";NA;NA;1;2;1;3;NA;NA;1;3;2;3;1;NA;NA;1;1;1;NA;1;1;1;NA;NA;NA
43;"RS";4318804;"431880";"São Lourenço do Sul";"Não";"-";"Ocupantes de automóvel";NA;NA;NA;NA;1;NA;NA;NA;NA;NA;NA;NA;NA;NA;NA;NA;NA;NA;NA;NA;NA;NA;NA;NA;NA
43;"RS";4318903;"431890";"São Luiz Gonzaga";"Não";"-";"Ocupantes de automóvel";NA;NA;NA;NA;NA;NA;NA;NA;NA;NA;NA;NA;NA;NA;1;2;NA;NA;NA;1;NA;NA;1;2;NA
43;"RS";4319000;"431900";"São Marcos";"Não";"Região Metropolitana da Serra Gaúcha";"Ocupantes de automóvel";NA;NA;NA;NA;NA;NA;NA;NA;NA;NA;NA;NA;NA;NA;NA;NA;NA;NA;NA;NA;NA;NA;NA;NA;NA
43;"RS";4319109;"431910";"São Martinho";"Não";"-";"Ocupantes de automóvel";NA;NA;NA;NA;NA;NA;NA;NA;NA;NA;NA;NA;NA;NA;NA;NA;NA;NA;NA;NA;NA;NA;NA;NA;NA
43;"RS";4319158;"431915";"São Miguel das Missões";"Não";"-";"Ocupantes de automóvel";NA;NA;NA;NA;NA;NA;NA;NA;NA;NA;NA;NA;NA;NA;NA;NA;NA;NA;NA;NA;NA;NA;NA;NA;NA
43;"RS";4319208;"431920";"São Nicolau";"Não";"-";"Ocupantes de automóvel";NA;NA;NA;NA;NA;NA;NA;NA;NA;NA;NA;NA;NA;NA;NA;NA;NA;NA;NA;NA;NA;NA;NA;1;NA
43;"RS";4319307;"431930";"São Paulo das Missões";"Não";"-";"Ocupantes de automóvel";NA;NA;NA;NA;NA;NA;NA;NA;NA;NA;NA;NA;NA;NA;NA;NA;NA;NA;NA;NA;NA;NA;NA;NA;NA
43;"RS";4319356;"431935";"São Pedro da Serra";"Não";"-";"Ocupantes de automóvel";NA;NA;NA;NA;NA;NA;NA;NA;NA;NA;NA;NA;NA;NA;NA;NA;NA;NA;NA;NA;NA;NA;NA;NA;NA
43;"RS";4319372;"431937";"São Pedro do Butiá";"Não";"-";"Ocupantes de automóvel";NA;NA;NA;NA;NA;NA;NA;NA;NA;NA;NA;NA;NA;NA;NA;NA;NA;NA;NA;NA;NA;NA;NA;NA;NA
43;"RS";4319406;"431940";"São Pedro do Sul";"Não";"-";"Ocupantes de automóvel";NA;NA;NA;NA;NA;NA;NA;NA;NA;NA;NA;NA;NA;NA;NA;NA;NA;NA;NA;NA;NA;NA;NA;NA;NA
43;"RS";4319505;"431950";"São Sebastião do Caí";"Não";"Região Metropolitana de Porto Alegre";"Ocupantes de automóvel";NA;NA;NA;NA;NA;NA;NA;NA;NA;NA;NA;NA;NA;NA;NA;NA;NA;NA;NA;NA;NA;NA;NA;NA;NA
43;"RS";4319604;"431960";"São Sepé";"Não";"-";"Ocupantes de automóvel";NA;NA;NA;NA;NA;NA;NA;NA;NA;NA;NA;NA;1;NA;NA;NA;NA;NA;1;NA;1;NA;1;NA;NA
43;"RS";4319703;"431970";"São Valentim";"Não";"-";"Ocupantes de automóvel";NA;NA;NA;NA;NA;NA;NA;NA;NA;NA;NA;NA;NA;NA;NA;NA;NA;NA;NA;NA;NA;NA;NA;NA;NA
43;"RS";4319711;"431971";"São Valentim do Sul";"Não";"-";"Ocupantes de automóvel";NA;NA;NA;NA;NA;NA;NA;NA;NA;NA;NA;NA;NA;NA;NA;NA;NA;NA;NA;NA;NA;NA;NA;NA;NA
43;"RS";4319752;"431975";"São Vendelino";"Não";"-";"Ocupantes de automóvel";NA;NA;NA;NA;NA;NA;NA;NA;NA;NA;NA;NA;NA;NA;NA;NA;NA;NA;NA;NA;NA;NA;NA;NA;NA
43;"RS";4319802;"431980";"São Vicente do Sul";"Não";"-";"Ocupantes de automóvel";NA;NA;NA;NA;NA;NA;NA;NA;NA;NA;NA;1;NA;NA;NA;1;NA;1;NA;1;NA;NA;1;NA;NA
43;"RS";4319901;"431990";"Sapiranga";"Não";"Região Metropolitana de Porto Alegre";"Ocupantes de automóvel";NA;NA;NA;NA;NA;NA;NA;NA;NA;NA;NA;NA;NA;NA;NA;NA;1;NA;NA;NA;NA;NA;NA;NA;NA
43;"RS";4320008;"432000";"Sapucaia do Sul";"Não";"Região Metropolitana de Porto Alegre";"Ocupantes de automóvel";NA;NA;NA;NA;NA;NA;NA;NA;NA;NA;NA;NA;NA;NA;NA;NA;NA;NA;NA;1;NA;NA;NA;1;NA
43;"RS";4320107;"432010";"Sarandi";"Não";"-";"Ocupantes de automóvel";NA;NA;NA;NA;NA;NA;NA;NA;NA;NA;NA;NA;NA;1;NA;NA;NA;NA;NA;NA;NA;NA;NA;NA;NA
43;"RS";4320206;"432020";"Seberi";"Não";"-";"Ocupantes de automóvel";NA;NA;NA;NA;NA;NA;NA;NA;NA;NA;NA;NA;NA;NA;1;NA;NA;NA;NA;NA;NA;NA;1;NA;NA
43;"RS";4320263;"432026";"Segredo";"Não";"-";"Ocupantes de automóvel";NA;NA;NA;NA;NA;NA;NA;NA;NA;NA;NA;NA;NA;NA;NA;NA;NA;NA;NA;NA;NA;NA;NA;NA;NA
43;"RS";4320305;"432030";"Selbach";"Não";"-";"Ocupantes de automóvel";NA;NA;NA;NA;NA;NA;NA;NA;NA;NA;NA;NA;NA;NA;NA;NA;NA;NA;1;NA;NA;1;NA;NA;NA
43;"RS";4320354;"432035";"Sentinela do Sul";"Não";"-";"Ocupantes de automóvel";NA;NA;NA;NA;NA;NA;NA;NA;NA;NA;NA;NA;NA;NA;NA;NA;NA;NA;NA;NA;NA;NA;NA;NA;NA
43;"RS";4320404;"432040";"Serafina Corrêa";"Não";"-";"Ocupantes de automóvel";NA;NA;NA;NA;NA;NA;NA;NA;NA;NA;NA;NA;NA;NA;NA;NA;NA;1;NA;NA;NA;NA;NA;NA;NA
43;"RS";4320453;"432045";"Sério";"Não";"-";"Ocupantes de automóvel";NA;NA;NA;NA;NA;NA;NA;NA;NA;NA;NA;NA;NA;NA;NA;NA;NA;NA;NA;NA;NA;NA;NA;NA;NA
43;"RS";4320503;"432050";"Sertão";"Não";"-";"Ocupantes de automóvel";NA;NA;NA;NA;NA;NA;NA;NA;NA;NA;NA;NA;NA;NA;NA;NA;NA;NA;NA;NA;1;NA;NA;NA;NA
43;"RS";4320552;"432055";"Sertão Santana";"Não";"-";"Ocupantes de automóvel";NA;NA;NA;NA;NA;NA;NA;NA;NA;NA;NA;NA;NA;NA;1;NA;NA;NA;4;NA;NA;NA;NA;NA;NA
43;"RS";4320578;"432057";"Sete de Setembro";"Não";"-";"Ocupantes de automóvel";NA;NA;NA;NA;NA;NA;NA;NA;NA;NA;NA;NA;NA;NA;NA;NA;NA;NA;NA;NA;NA;NA;NA;NA;NA
43;"RS";4320602;"432060";"Severiano de Almeida";"Não";"-";"Ocupantes de automóvel";NA;NA;NA;NA;NA;1;NA;NA;NA;NA;NA;NA;NA;NA;NA;NA;NA;NA;NA;NA;NA;NA;NA;NA;NA
43;"RS";4320651;"432065";"Silveira Martins";"Não";"-";"Ocupantes de automóvel";NA;NA;NA;NA;NA;NA;NA;NA;NA;NA;NA;NA;NA;NA;NA;NA;NA;1;NA;NA;NA;NA;NA;NA;NA
43;"RS";4320677;"432067";"Sinimbu";"Não";"-";"Ocupantes de automóvel";NA;NA;NA;NA;NA;NA;NA;NA;NA;NA;NA;NA;NA;NA;NA;NA;NA;NA;1;NA;NA;NA;NA;NA;NA
43;"RS";4320701;"432070";"Sobradinho";"Não";"-";"Ocupantes de automóvel";NA;NA;NA;NA;NA;NA;NA;NA;NA;NA;NA;NA;NA;NA;NA;NA;NA;NA;NA;NA;NA;NA;1;NA;NA
43;"RS";4320800;"432080";"Soledade";"Não";"-";"Ocupantes de automóvel";NA;NA;NA;NA;NA;NA;NA;NA;NA;NA;NA;NA;NA;NA;NA;NA;NA;NA;NA;NA;1;NA;NA;2;NA
43;"RS";4320859;"432085";"Tabaí";"Não";"-";"Ocupantes de automóvel";NA;NA;NA;NA;NA;NA;NA;NA;NA;NA;NA;NA;NA;1;NA;NA;NA;NA;NA;NA;NA;NA;NA;NA;NA
43;"RS";4320909;"432090";"Tapejara";"Não";"-";"Ocupantes de automóvel";NA;NA;NA;NA;NA;NA;NA;NA;NA;NA;NA;NA;NA;NA;NA;NA;NA;NA;NA;NA;NA;NA;NA;1;NA
43;"RS";4321006;"432100";"Tapera";"Não";"-";"Ocupantes de automóvel";NA;NA;NA;NA;NA;NA;NA;NA;NA;NA;NA;NA;NA;NA;NA;NA;NA;NA;NA;NA;NA;NA;1;NA;NA
43;"RS";4321105;"432110";"Tapes";"Não";"-";"Ocupantes de automóvel";NA;NA;NA;NA;NA;NA;NA;NA;1;NA;NA;NA;NA;NA;NA;NA;NA;NA;NA;NA;NA;NA;NA;NA;NA
43;"RS";4321204;"432120";"Taquara";"Não";"Região Metropolitana de Porto Alegre";"Ocupantes de automóvel";NA;NA;NA;NA;NA;1;NA;NA;NA;NA;NA;NA;NA;NA;NA;NA;NA;NA;NA;NA;NA;NA;NA;NA;NA
43;"RS";4321303;"432130";"Taquari";"Não";"-";"Ocupantes de automóvel";NA;NA;NA;NA;NA;NA;NA;NA;NA;NA;NA;NA;NA;NA;NA;NA;NA;NA;NA;NA;1;NA;NA;NA;NA
43;"RS";4321329;"432132";"Taquaruçu do Sul";"Não";"-";"Ocupantes de automóvel";NA;NA;NA;NA;NA;NA;NA;NA;NA;NA;NA;NA;NA;NA;NA;NA;NA;NA;NA;NA;NA;NA;NA;NA;NA
43;"RS";4321352;"432135";"Tavares";"Não";"-";"Ocupantes de automóvel";NA;NA;NA;NA;NA;NA;NA;NA;NA;NA;NA;NA;NA;NA;1;NA;NA;NA;NA;NA;NA;NA;NA;NA;NA
43;"RS";4321402;"432140";"Tenente Portela";"Não";"-";"Ocupantes de automóvel";NA;NA;NA;NA;NA;NA;NA;NA;NA;NA;NA;NA;NA;NA;NA;NA;NA;NA;1;NA;NA;NA;NA;1;NA
43;"RS";4321436;"432143";"Terra de Areia";"Não";"-";"Ocupantes de automóvel";NA;NA;NA;NA;NA;NA;NA;NA;NA;NA;NA;NA;NA;NA;NA;NA;NA;NA;NA;NA;NA;NA;NA;NA;NA
43;"RS";4321451;"432145";"Teutônia";"Não";"-";"Ocupantes de automóvel";NA;NA;NA;NA;NA;NA;NA;NA;NA;NA;NA;NA;NA;NA;NA;NA;NA;1;NA;NA;NA;NA;NA;NA;NA
43;"RS";4321469;"432146";"Tio Hugo";"Não";"-";"Ocupantes de automóvel";NA;NA;NA;NA;NA;NA;NA;NA;NA;NA;NA;NA;NA;NA;NA;NA;NA;NA;NA;NA;NA;1;NA;NA;NA
43;"RS";4321477;"432147";"Tiradentes do Sul";"Não";"-";"Ocupantes de automóvel";NA;NA;NA;NA;NA;NA;NA;NA;NA;NA;NA;NA;NA;NA;NA;NA;NA;NA;NA;NA;NA;NA;NA;NA;NA
43;"RS";4321501;"432150";"Torres";"Não";"-";"Ocupantes de automóvel";NA;NA;NA;NA;NA;NA;NA;NA;NA;NA;NA;NA;NA;1;NA;NA;NA;NA;NA;NA;NA;NA;NA;NA;NA
43;"RS";4321600;"432160";"Tramandaí";"Não";"-";"Ocupantes de automóvel";NA;NA;NA;NA;NA;NA;NA;NA;NA;NA;1;NA;NA;NA;NA;NA;NA;NA;1;NA;1;NA;NA;NA;NA
43;"RS";4321626;"432162";"Travesseiro";"Não";"-";"Ocupantes de automóvel";NA;NA;NA;NA;NA;NA;NA;NA;NA;NA;NA;NA;NA;NA;NA;NA;NA;NA;NA;NA;NA;NA;NA;NA;NA
43;"RS";4321634;"432163";"Três Arroios";"Não";"-";"Ocupantes de automóvel";NA;NA;NA;NA;NA;NA;NA;NA;NA;NA;NA;NA;NA;NA;NA;NA;NA;NA;NA;NA;NA;NA;NA;NA;NA
43;"RS";4321667;"432166";"Três Cachoeiras";"Não";"-";"Ocupantes de automóvel";NA;NA;NA;NA;NA;NA;NA;NA;NA;NA;NA;NA;NA;NA;NA;NA;NA;NA;NA;NA;NA;NA;NA;NA;NA
43;"RS";4321709;"432170";"Três Coroas";"Não";"-";"Ocupantes de automóvel";NA;NA;NA;NA;NA;NA;NA;NA;NA;NA;NA;NA;NA;NA;NA;NA;NA;NA;NA;NA;NA;NA;NA;NA;NA
43;"RS";4321808;"432180";"Três de Maio";"Não";"-";"Ocupantes de automóvel";NA;NA;NA;NA;NA;NA;NA;NA;NA;NA;NA;NA;NA;NA;NA;NA;1;NA;NA;NA;NA;NA;NA;NA;NA
43;"RS";4321832;"432183";"Três Forquilhas";"Não";"-";"Ocupantes de automóvel";NA;NA;NA;NA;NA;NA;NA;NA;NA;NA;NA;NA;NA;NA;NA;NA;NA;NA;NA;NA;NA;NA;NA;NA;NA
43;"RS";4321857;"432185";"Três Palmeiras";"Não";"-";"Ocupantes de automóvel";NA;NA;NA;NA;NA;NA;NA;NA;NA;NA;NA;NA;NA;NA;NA;NA;NA;NA;NA;NA;NA;NA;NA;NA;NA
43;"RS";4321907;"432190";"Três Passos";"Não";"-";"Ocupantes de automóvel";NA;NA;NA;NA;NA;NA;NA;NA;NA;NA;NA;NA;NA;NA;NA;NA;NA;NA;NA;NA;NA;NA;NA;NA;NA
43;"RS";4321956;"432195";"Trindade do Sul";"Não";"-";"Ocupantes de automóvel";NA;NA;NA;NA;NA;NA;NA;NA;NA;NA;NA;NA;NA;NA;NA;NA;NA;NA;NA;NA;1;NA;NA;NA;NA
43;"RS";4322004;"432200";"Triunfo";"Não";"Região Metropolitana de Porto Alegre";"Ocupantes de automóvel";NA;NA;NA;NA;NA;NA;NA;NA;NA;NA;NA;NA;NA;NA;NA;NA;NA;NA;NA;NA;NA;NA;NA;NA;NA
43;"RS";4322103;"432210";"Tucunduva";"Não";"-";"Ocupantes de automóvel";NA;NA;NA;NA;NA;NA;NA;NA;NA;NA;NA;NA;NA;NA;NA;NA;NA;NA;NA;NA;NA;NA;NA;NA;NA
43;"RS";4322186;"432218";"Tupanci do Sul";"Não";"-";"Ocupantes de automóvel";NA;NA;NA;NA;NA;NA;NA;NA;NA;NA;NA;NA;NA;NA;NA;NA;NA;NA;NA;NA;NA;NA;NA;NA;NA
43;"RS";4322202;"432220";"Tupanciretã";"Não";"-";"Ocupantes de automóvel";NA;NA;NA;NA;NA;NA;NA;NA;NA;NA;NA;NA;NA;NA;NA;NA;NA;NA;1;1;NA;1;NA;1;NA
43;"RS";4322251;"432225";"Tupandi";"Não";"-";"Ocupantes de automóvel";NA;NA;NA;NA;NA;NA;NA;NA;NA;NA;NA;NA;NA;NA;NA;NA;NA;NA;NA;NA;NA;NA;NA;NA;NA
43;"RS";4322301;"432230";"Tuparendi";"Não";"-";"Ocupantes de automóvel";NA;NA;NA;NA;NA;NA;NA;NA;NA;NA;NA;NA;NA;NA;NA;NA;NA;NA;NA;NA;NA;NA;NA;NA;NA
43;"RS";4322327;"432232";"Turuçu";"Não";"-";"Ocupantes de automóvel";NA;NA;NA;NA;NA;NA;NA;NA;NA;NA;NA;NA;NA;NA;NA;NA;NA;NA;NA;NA;NA;NA;NA;NA;NA
43;"RS";4322376;"432237";"Unistalda";"Não";"-";"Ocupantes de automóvel";NA;NA;NA;NA;NA;NA;NA;NA;NA;NA;NA;NA;NA;NA;1;NA;NA;NA;NA;NA;NA;NA;NA;NA;NA
43;"RS";4322400;"432240";"Uruguaiana";"Não";"-";"Ocupantes de automóvel";NA;NA;NA;NA;NA;NA;NA;NA;NA;NA;NA;NA;NA;NA;1;2;1;1;NA;NA;NA;NA;NA;NA;NA
43;"RS";4322509;"432250";"Vacaria";"Não";"-";"Ocupantes de automóvel";NA;NA;NA;NA;2;2;NA;NA;NA;NA;NA;NA;NA;1;2;NA;1;NA;NA;4;1;NA;NA;NA;NA
43;"RS";4322525;"432252";"Vale Verde";"Não";"-";"Ocupantes de automóvel";NA;NA;NA;NA;NA;NA;NA;NA;NA;NA;NA;NA;NA;NA;NA;NA;NA;NA;NA;NA;NA;NA;NA;1;NA
43;"RS";4322533;"432253";"Vale do Sol";"Não";"-";"Ocupantes de automóvel";NA;NA;NA;NA;NA;NA;NA;NA;NA;NA;NA;NA;NA;NA;1;NA;NA;NA;1;NA;NA;NA;NA;NA;NA
43;"RS";4322541;"432254";"Vale Real";"Não";"-";"Ocupantes de automóvel";NA;NA;NA;NA;NA;NA;NA;NA;NA;NA;NA;NA;NA;NA;NA;NA;NA;NA;NA;NA;NA;NA;NA;NA;NA
43;"RS";4322608;"432260";"Venâncio Aires";"Não";"-";"Ocupantes de automóvel";NA;NA;1;NA;1;NA;1;NA;NA;NA;NA;1;NA;NA;1;1;NA;1;1;1;1;1;NA;NA;NA
43;"RS";4322707;"432270";"Vera Cruz";"Não";"-";"Ocupantes de automóvel";NA;NA;NA;NA;NA;NA;NA;NA;NA;NA;NA;NA;NA;NA;1;NA;1;NA;NA;NA;NA;NA;NA;NA;NA
43;"RS";4322806;"432280";"Veranópolis";"Não";"-";"Ocupantes de automóvel";NA;NA;NA;NA;NA;1;NA;NA;NA;NA;NA;NA;NA;NA;1;NA;NA;NA;NA;NA;NA;NA;NA;NA;NA
43;"RS";4322855;"432285";"Vespasiano Corrêa";"Não";"-";"Ocupantes de automóvel";NA;NA;NA;NA;NA;NA;NA;NA;NA;NA;NA;NA;NA;NA;NA;NA;NA;NA;NA;NA;NA;NA;NA;NA;NA
43;"RS";4322905;"432290";"Viadutos";"Não";"-";"Ocupantes de automóvel";NA;NA;NA;NA;NA;NA;NA;NA;NA;NA;NA;NA;NA;NA;NA;NA;NA;NA;NA;NA;NA;NA;NA;NA;NA
43;"RS";4323002;"432300";"Viamão";"Não";"Região Metropolitana de Porto Alegre";"Ocupantes de automóvel";NA;NA;NA;NA;NA;NA;NA;NA;NA;NA;NA;NA;NA;NA;NA;NA;NA;3;3;1;NA;2;NA;NA;NA
43;"RS";4323101;"432310";"Vicente Dutra";"Não";"-";"Ocupantes de automóvel";NA;NA;NA;NA;NA;NA;NA;NA;NA;NA;NA;NA;NA;NA;NA;NA;NA;NA;NA;NA;NA;NA;NA;NA;NA
43;"RS";4323200;"432320";"Victor Graeff";"Não";"-";"Ocupantes de automóvel";NA;NA;NA;NA;NA;NA;NA;NA;NA;NA;NA;NA;NA;NA;NA;NA;NA;NA;NA;NA;NA;NA;NA;NA;NA
43;"RS";4323309;"432330";"Vila Flores";"Não";"-";"Ocupantes de automóvel";NA;NA;NA;NA;NA;NA;NA;NA;NA;NA;NA;NA;NA;2;NA;NA;1;NA;NA;1;NA;NA;NA;NA;NA
43;"RS";4323358;"432335";"Vila Lângaro";"Não";"-";"Ocupantes de automóvel";NA;NA;NA;NA;NA;NA;NA;NA;NA;NA;NA;NA;NA;NA;NA;NA;NA;NA;NA;NA;NA;NA;NA;NA;NA
43;"RS";4323408;"432340";"Vila Maria";"Não";"-";"Ocupantes de automóvel";NA;NA;NA;NA;NA;NA;NA;NA;NA;NA;NA;NA;NA;NA;NA;NA;NA;NA;NA;NA;NA;NA;NA;NA;NA
43;"RS";4323457;"432345";"Vila Nova do Sul";"Não";"-";"Ocupantes de automóvel";NA;NA;NA;NA;NA;NA;NA;NA;NA;NA;NA;NA;NA;NA;NA;NA;NA;NA;NA;NA;NA;NA;NA;NA;NA
43;"RS";4323507;"432350";"Vista Alegre";"Não";"-";"Ocupantes de automóvel";NA;NA;NA;NA;NA;NA;NA;NA;NA;NA;NA;NA;NA;NA;NA;NA;NA;NA;NA;NA;NA;NA;NA;NA;NA
43;"RS";4323606;"432360";"Vista Alegre do Prata";"Não";"-";"Ocupantes de automóvel";NA;NA;NA;NA;NA;NA;NA;NA;NA;NA;NA;NA;NA;NA;NA;NA;NA;NA;NA;NA;NA;NA;NA;NA;NA
43;"RS";4323754;"432375";"Vitória das Missões";"Não";"-";"Ocupantes de automóvel";NA;NA;NA;NA;NA;NA;NA;NA;NA;NA;NA;NA;NA;NA;NA;NA;NA;NA;NA;NA;NA;1;NA;NA;NA
43;"RS";4323770;"432377";"Westfália";"Não";"-";"Ocupantes de automóvel";NA;NA;NA;NA;NA;NA;NA;NA;NA;NA;NA;NA;NA;NA;NA;NA;NA;NA;NA;NA;NA;NA;NA;NA;NA
43;"RS";4323804;"432380";"Xangri-lá";"Não";"-";"Ocupantes de automóvel";NA;NA;NA;NA;NA;NA;NA;NA;NA;NA;NA;NA;1;NA;NA;NA;NA;NA;NA;NA;NA;NA;NA;NA;NA
50;"MS";5000203;"500020";"Água Clara";"Não";"-";"Ocupantes de automóvel";NA;NA;NA;NA;NA;1;NA;NA;2;NA;1;1;1;NA;5;NA;NA;NA;NA;NA;NA;2;2;2;NA
50;"MS";5000252;"500025";"Alcinópolis";"Não";"-";"Ocupantes de automóvel";NA;NA;NA;NA;NA;NA;NA;NA;NA;NA;NA;NA;1;NA;NA;NA;NA;NA;NA;NA;NA;NA;NA;NA;NA
50;"MS";5000609;"500060";"Amambai";"Não";"-";"Ocupantes de automóvel";NA;NA;NA;NA;NA;NA;NA;NA;NA;1;2;1;1;NA;1;1;1;2;1;2;NA;1;NA;NA;NA
50;"MS";5000708;"500070";"Anastácio";"Não";"-";"Ocupantes de automóvel";NA;NA;NA;NA;NA;NA;2;NA;NA;1;NA;1;NA;1;NA;1;NA;NA;NA;NA;NA;NA;1;5;NA
50;"MS";5000807;"500080";"Anaurilândia";"Não";"-";"Ocupantes de automóvel";NA;NA;NA;NA;2;NA;NA;NA;1;NA;NA;1;2;NA;1;NA;1;NA;NA;NA;NA;NA;NA;NA;NA
50;"MS";5000856;"500085";"Angélica";"Não";"-";"Ocupantes de automóvel";NA;NA;NA;NA;NA;NA;NA;NA;NA;NA;NA;NA;NA;NA;2;3;NA;NA;NA;NA;NA;1;1;1;NA
50;"MS";5000906;"500090";"Antônio João";"Não";"-";"Ocupantes de automóvel";NA;NA;NA;NA;NA;NA;NA;NA;NA;1;NA;1;NA;NA;1;NA;NA;NA;NA;NA;NA;NA;NA;1;NA
50;"MS";5001003;"500100";"Aparecida do Taboado";"Não";"-";"Ocupantes de automóvel";NA;NA;1;NA;NA;NA;NA;NA;1;NA;1;NA;5;2;2;NA;NA;NA;2;NA;NA;NA;NA;3;NA
50;"MS";5001102;"500110";"Aquidauana";"Não";"-";"Ocupantes de automóvel";NA;1;NA;NA;3;1;1;NA;NA;NA;NA;2;2;NA;NA;NA;NA;1;2;2;1;2;1;1;NA
50;"MS";5001243;"500124";"Aral Moreira";"Não";"-";"Ocupantes de automóvel";NA;NA;NA;NA;NA;NA;NA;NA;NA;NA;2;NA;NA;NA;1;NA;NA;3;2;NA;NA;1;2;2;NA
50;"MS";5001508;"500150";"Bandeirantes";"Não";"-";"Ocupantes de automóvel";NA;NA;NA;NA;NA;NA;NA;1;5;NA;3;3;NA;NA;2;1;NA;NA;NA;NA;NA;NA;NA;NA;NA
50;"MS";5001904;"500190";"Bataguassu";"Não";"-";"Ocupantes de automóvel";NA;NA;2;NA;1;2;NA;1;NA;NA;1;4;3;6;8;2;2;1;NA;1;1;NA;1;3;NA
50;"MS";5002001;"500200";"Batayporã";"Não";"-";"Ocupantes de automóvel";NA;NA;NA;NA;NA;NA;NA;1;2;NA;NA;NA;NA;2;1;NA;NA;NA;NA;2;NA;NA;3;NA;NA
50;"MS";5002100;"500210";"Bela Vista";"Não";"-";"Ocupantes de automóvel";NA;NA;NA;NA;NA;NA;4;1;NA;NA;1;NA;NA;NA;NA;1;1;1;2;1;NA;1;1;1;NA
50;"MS";5002159;"500215";"Bodoquena";"Não";"-";"Ocupantes de automóvel";NA;NA;1;NA;NA;NA;1;NA;NA;NA;1;NA;NA;NA;NA;1;NA;NA;1;1;NA;1;1;1;NA
50;"MS";5002209;"500220";"Bonito";"Não";"-";"Ocupantes de automóvel";NA;1;NA;NA;NA;NA;NA;NA;NA;NA;NA;NA;NA;NA;NA;NA;NA;2;NA;1;1;NA;1;NA;NA
50;"MS";5002308;"500230";"Brasilândia";"Não";"-";"Ocupantes de automóvel";NA;NA;NA;NA;NA;NA;NA;NA;NA;1;NA;3;2;NA;1;1;NA;NA;NA;2;NA;NA;NA;NA;NA
50;"MS";5002407;"500240";"Caarapó";"Não";"-";"Ocupantes de automóvel";NA;NA;1;1;NA;NA;NA;NA;NA;NA;NA;NA;1;1;1;NA;2;1;NA;NA;NA;NA;1;NA;NA
50;"MS";5002605;"500260";"Camapuã";"Não";"-";"Ocupantes de automóvel";NA;NA;NA;NA;2;NA;1;1;NA;1;4;1;NA;NA;NA;1;NA;8;4;1;NA;NA;1;1;NA
50;"MS";5002704;"500270";"Campo Grande";"Sim";"-";"Ocupantes de automóvel";2;1;NA;7;6;12;10;13;12;18;17;16;10;23;14;12;11;14;13;19;14;22;14;19;NA
50;"MS";5002803;"500280";"Caracol";"Não";"-";"Ocupantes de automóvel";NA;NA;NA;NA;NA;NA;NA;NA;NA;1;NA;NA;NA;NA;NA;NA;2;NA;1;NA;NA;NA;NA;NA;NA
50;"MS";5002902;"500290";"Cassilândia";"Não";"-";"Ocupantes de automóvel";NA;NA;NA;1;NA;NA;NA;NA;NA;NA;NA;NA;NA;5;NA;2;NA;1;NA;NA;3;1;1;1;NA
50;"MS";5002951;"500295";"Chapadão do Sul";"Não";"-";"Ocupantes de automóvel";NA;2;NA;NA;NA;NA;NA;1;1;NA;NA;NA;NA;1;NA;NA;NA;2;1;NA;NA;NA;NA;1;NA
50;"MS";5003108;"500310";"Corguinho";"Não";"-";"Ocupantes de automóvel";NA;NA;NA;NA;NA;NA;NA;NA;NA;NA;NA;2;NA;NA;NA;3;NA;NA;NA;NA;NA;NA;NA;NA;NA
50;"MS";5003157;"500315";"Coronel Sapucaia";"Não";"-";"Ocupantes de automóvel";NA;NA;NA;NA;1;NA;NA;NA;NA;NA;NA;NA;NA;NA;NA;NA;NA;NA;1;NA;NA;NA;NA;NA;NA
50;"MS";5003207;"500320";"Corumbá";"Não";"-";"Ocupantes de automóvel";NA;NA;3;1;2;1;1;1;NA;3;1;2;4;4;2;2;3;NA;3;2;5;2;3;NA;NA
50;"MS";5003256;"500325";"Costa Rica";"Não";"-";"Ocupantes de automóvel";NA;NA;NA;NA;1;NA;NA;NA;NA;1;NA;NA;1;NA;NA;NA;NA;1;NA;1;NA;1;NA;1;NA
50;"MS";5003306;"500330";"Coxim";"Não";"-";"Ocupantes de automóvel";NA;NA;NA;NA;NA;1;NA;3;NA;NA;2;2;NA;2;NA;2;NA;3;2;1;NA;NA;NA;2;NA
50;"MS";5003454;"500345";"Deodápolis";"Não";"-";"Ocupantes de automóvel";NA;NA;1;NA;NA;NA;1;NA;NA;NA;NA;1;1;2;2;NA;NA;2;NA;NA;2;NA;1;NA;NA
50;"MS";5003488;"500348";"Dois Irmãos do Buriti";"Não";"-";"Ocupantes de automóvel";NA;NA;NA;NA;NA;NA;NA;NA;NA;1;NA;NA;NA;NA;1;1;1;2;1;1;2;NA;1;NA;NA
50;"MS";5003504;"500350";"Douradina";"Não";"-";"Ocupantes de automóvel";NA;NA;NA;NA;NA;NA;NA;1;NA;NA;1;NA;1;2;NA;NA;NA;1;NA;NA;NA;NA;2;NA;NA
50;"MS";5003702;"500370";"Dourados";"Não";"-";"Ocupantes de automóvel";NA;1;3;3;6;2;4;4;3;4;11;13;13;5;7;8;14;6;7;9;3;5;7;8;NA
50;"MS";5003751;"500375";"Eldorado";"Não";"-";"Ocupantes de automóvel";NA;NA;1;NA;NA;3;3;NA;2;NA;NA;NA;2;3;NA;3;2;NA;NA;NA;NA;NA;NA;NA;NA
50;"MS";5003801;"500380";"Fátima do Sul";"Não";"-";"Ocupantes de automóvel";NA;NA;NA;NA;NA;NA;NA;1;1;NA;NA;1;NA;NA;NA;NA;2;NA;1;NA;NA;1;1;2;NA
50;"MS";5003900;"500390";"Figueirão";"Não";"-";"Ocupantes de automóvel";NA;NA;NA;NA;NA;NA;1;NA;NA;NA;NA;NA;NA;NA;NA;NA;NA;NA;NA;NA;NA;NA;NA;1;NA
50;"MS";5004007;"500400";"Glória de Dourados";"Não";"-";"Ocupantes de automóvel";NA;NA;NA;NA;1;NA;NA;NA;NA;NA;NA;1;NA;1;1;3;NA;1;NA;NA;1;1;NA;NA;NA
50;"MS";5004106;"500410";"Guia Lopes da Laguna";"Não";"-";"Ocupantes de automóvel";NA;NA;NA;NA;2;NA;NA;NA;1;2;NA;NA;NA;NA;NA;1;1;3;NA;1;NA;1;NA;NA;NA
50;"MS";5004304;"500430";"Iguatemi";"Não";"-";"Ocupantes de automóvel";NA;NA;NA;NA;NA;NA;NA;NA;NA;NA;NA;NA;NA;NA;1;NA;NA;NA;NA;NA;NA;1;NA;NA;NA
50;"MS";5004403;"500440";"Inocência";"Não";"-";"Ocupantes de automóvel";NA;NA;NA;NA;NA;NA;NA;2;NA;NA;1;NA;NA;NA;NA;NA;NA;NA;NA;NA;NA;NA;NA;NA;NA
50;"MS";5004502;"500450";"Itaporã";"Não";"-";"Ocupantes de automóvel";1;NA;NA;1;NA;NA;NA;NA;2;NA;NA;1;1;1;NA;1;2;NA;1;NA;NA;NA;NA;1;NA
50;"MS";5004601;"500460";"Itaquiraí";"Não";"-";"Ocupantes de automóvel";NA;NA;NA;3;NA;1;NA;NA;1;NA;1;NA;3;NA;NA;NA;1;NA;1;2;NA;NA;NA;NA;NA
50;"MS";5004700;"500470";"Ivinhema";"Não";"-";"Ocupantes de automóvel";NA;NA;NA;NA;1;1;NA;NA;NA;NA;NA;3;3;3;6;NA;1;NA;NA;NA;NA;NA;2;NA;NA
50;"MS";5004809;"500480";"Japorã";"Não";"-";"Ocupantes de automóvel";NA;NA;NA;NA;NA;NA;NA;NA;1;NA;NA;NA;NA;NA;NA;NA;NA;NA;NA;NA;NA;NA;NA;NA;NA
50;"MS";5004908;"500490";"Jaraguari";"Não";"-";"Ocupantes de automóvel";NA;NA;NA;NA;NA;NA;NA;NA;3;1;NA;2;NA;4;2;1;2;NA;1;NA;NA;1;1;1;NA
50;"MS";5005004;"500500";"Jardim";"Não";"-";"Ocupantes de automóvel";NA;NA;1;NA;NA;NA;NA;NA;NA;1;2;NA;NA;NA;2;NA;NA;NA;NA;NA;NA;NA;4;2;NA
50;"MS";5005103;"500510";"Jateí";"Não";"-";"Ocupantes de automóvel";NA;NA;NA;NA;1;NA;NA;NA;NA;NA;5;NA;2;NA;NA;NA;NA;NA;NA;NA;NA;1;1;NA;NA
50;"MS";5005152;"500515";"Juti";"Não";"-";"Ocupantes de automóvel";NA;1;NA;NA;NA;NA;1;NA;NA;NA;NA;NA;NA;NA;NA;1;NA;NA;NA;NA;3;1;NA;NA;NA
50;"MS";5005202;"500520";"Ladário";"Não";"-";"Ocupantes de automóvel";NA;NA;NA;NA;NA;NA;NA;NA;NA;NA;NA;NA;NA;NA;NA;NA;NA;NA;NA;NA;NA;1;NA;NA;NA
50;"MS";5005251;"500525";"Laguna Carapã";"Não";"-";"Ocupantes de automóvel";NA;NA;NA;NA;NA;NA;NA;NA;NA;NA;NA;NA;NA;2;NA;NA;1;NA;NA;NA;NA;NA;NA;NA;NA
50;"MS";5005400;"500540";"Maracaju";"Não";"-";"Ocupantes de automóvel";NA;NA;NA;1;1;NA;NA;1;1;1;1;NA;NA;2;1;1;NA;7;2;1;1;NA;NA;1;NA
50;"MS";5005608;"500560";"Miranda";"Não";"-";"Ocupantes de automóvel";NA;NA;1;NA;NA;NA;NA;NA;NA;NA;NA;NA;1;NA;4;NA;2;5;1;1;NA;NA;1;2;NA
50;"MS";5005681;"500568";"Mundo Novo";"Não";"-";"Ocupantes de automóvel";NA;NA;NA;NA;NA;NA;NA;NA;NA;NA;NA;2;4;1;2;NA;1;NA;NA;NA;1;NA;NA;1;NA
50;"MS";5005707;"500570";"Naviraí";"Não";"-";"Ocupantes de automóvel";NA;NA;1;2;1;2;1;NA;NA;NA;NA;2;NA;1;1;NA;NA;NA;NA;NA;NA;NA;NA;NA;NA
50;"MS";5005806;"500580";"Nioaque";"Não";"-";"Ocupantes de automóvel";NA;NA;NA;NA;NA;NA;NA;2;NA;NA;NA;NA;NA;NA;NA;NA;NA;NA;1;NA;NA;2;1;NA;NA
50;"MS";5006002;"500600";"Nova Alvorada do Sul";"Não";"-";"Ocupantes de automóvel";NA;NA;1;1;NA;2;2;3;3;3;2;5;9;7;3;1;3;4;NA;3;7;NA;NA;1;NA
50;"MS";5006200;"500620";"Nova Andradina";"Não";"-";"Ocupantes de automóvel";NA;NA;NA;NA;NA;1;4;NA;NA;NA;1;2;3;4;6;4;2;1;1;1;2;4;2;3;NA
50;"MS";5006275;"500627";"Paraíso das Águas";"Não";"-";"Ocupantes de automóvel";NA;NA;NA;NA;NA;NA;NA;NA;NA;NA;NA;NA;NA;NA;NA;NA;NA;NA;NA;NA;NA;NA;1;NA;NA
50;"MS";5006309;"500630";"Paranaíba";"Não";"-";"Ocupantes de automóvel";NA;1;NA;NA;NA;NA;2;NA;NA;2;NA;NA;4;1;NA;3;1;NA;NA;1;1;1;NA;NA;NA
50;"MS";5006358;"500635";"Paranhos";"Não";"-";"Ocupantes de automóvel";NA;NA;NA;NA;NA;NA;NA;NA;NA;NA;NA;NA;NA;NA;NA;NA;NA;1;NA;NA;NA;NA;NA;NA;NA
50;"MS";5006408;"500640";"Pedro Gomes";"Não";"-";"Ocupantes de automóvel";NA;NA;1;NA;NA;NA;NA;NA;NA;5;NA;NA;NA;3;NA;NA;NA;NA;NA;NA;1;NA;NA;NA;NA
50;"MS";5006606;"500660";"Ponta Porã";"Não";"-";"Ocupantes de automóvel";NA;NA;2;NA;1;NA;1;NA;1;3;1;6;2;4;5;2;4;2;4;8;6;1;5;6;NA
50;"MS";5006903;"500690";"Porto Murtinho";"Não";"-";"Ocupantes de automóvel";NA;NA;1;NA;NA;NA;NA;NA;NA;NA;NA;NA;1;NA;NA;NA;NA;2;NA;NA;NA;NA;NA;NA;NA
50;"MS";5007109;"500710";"Ribas do Rio Pardo";"Não";"-";"Ocupantes de automóvel";NA;NA;NA;NA;NA;1;NA;1;NA;NA;8;1;NA;NA;NA;3;1;3;NA;NA;1;3;2;5;NA
50;"MS";5007208;"500720";"Rio Brilhante";"Não";"-";"Ocupantes de automóvel";NA;NA;NA;NA;NA;1;NA;1;NA;NA;3;NA;NA;3;1;NA;NA;2;1;2;3;1;NA;NA;NA
50;"MS";5007307;"500730";"Rio Negro";"Não";"-";"Ocupantes de automóvel";NA;NA;NA;NA;NA;NA;NA;NA;NA;NA;NA;NA;NA;NA;1;2;NA;2;NA;NA;NA;NA;NA;NA;NA
50;"MS";5007406;"500740";"Rio Verde de Mato Grosso";"Não";"-";"Ocupantes de automóvel";NA;NA;1;NA;NA;1;1;NA;2;4;NA;1;NA;NA;NA;4;2;3;2;NA;NA;NA;5;NA;NA
50;"MS";5007505;"500750";"Rochedo";"Não";"-";"Ocupantes de automóvel";NA;NA;NA;NA;NA;NA;NA;NA;NA;NA;1;NA;NA;NA;1;NA;NA;4;1;NA;2;1;NA;NA;NA
50;"MS";5007554;"500755";"Santa Rita do Pardo";"Não";"-";"Ocupantes de automóvel";NA;NA;NA;NA;NA;NA;NA;NA;2;NA;NA;1;NA;1;NA;NA;NA;NA;1;NA;NA;NA;NA;NA;NA
50;"MS";5007695;"500769";"São Gabriel do Oeste";"Não";"-";"Ocupantes de automóvel";NA;NA;NA;NA;2;1;NA;1;1;NA;1;1;2;3;2;NA;NA;2;1;1;NA;NA;NA;2;NA
50;"MS";5007703;"500770";"Sete Quedas";"Não";"-";"Ocupantes de automóvel";NA;NA;NA;NA;NA;NA;NA;NA;NA;NA;1;NA;NA;NA;NA;NA;NA;NA;NA;NA;NA;NA;NA;NA;NA
50;"MS";5007802;"500780";"Selvíria";"Não";"-";"Ocupantes de automóvel";NA;NA;NA;NA;NA;NA;NA;NA;1;NA;NA;NA;NA;NA;NA;NA;NA;NA;NA;NA;NA;NA;NA;NA;NA
50;"MS";5007901;"500790";"Sidrolândia";"Não";"-";"Ocupantes de automóvel";NA;NA;NA;2;1;1;1;1;NA;NA;2;3;2;1;3;NA;6;NA;3;2;3;1;4;3;NA
50;"MS";5007935;"500793";"Sonora";"Não";"-";"Ocupantes de automóvel";2;NA;NA;NA;1;1;1;1;NA;1;2;NA;1;1;NA;3;3;NA;1;NA;NA;NA;NA;3;NA
50;"MS";5007950;"500795";"Tacuru";"Não";"-";"Ocupantes de automóvel";NA;NA;NA;NA;NA;NA;NA;NA;1;NA;NA;1;NA;NA;3;NA;1;2;1;1;1;NA;1;NA;NA
50;"MS";5007976;"500797";"Taquarussu";"Não";"-";"Ocupantes de automóvel";NA;NA;NA;NA;NA;NA;NA;NA;NA;NA;NA;NA;NA;NA;NA;NA;NA;NA;NA;1;NA;NA;NA;1;NA
50;"MS";5008008;"500800";"Terenos";"Não";"-";"Ocupantes de automóvel";NA;1;NA;NA;NA;2;1;1;NA;2;NA;1;4;1;3;NA;1;NA;NA;1;NA;NA;2;2;NA
50;"MS";5008305;"500830";"Três Lagoas";"Não";"-";"Ocupantes de automóvel";NA;NA;NA;NA;NA;NA;1;NA;1;NA;4;2;5;4;4;NA;5;3;1;NA;1;2;2;2;NA
50;"MS";5008404;"500840";"Vicentina";"Não";"-";"Ocupantes de automóvel";1;NA;NA;NA;NA;NA;NA;NA;NA;NA;2;1;1;NA;NA;2;1;NA;1;2;3;NA;NA;NA;NA
51;"MT";5100102;"510010";"Acorizal";"Não";"Região Metropolitana do Vale do Rio Cuiabá";"Ocupantes de automóvel";NA;NA;NA;NA;NA;NA;NA;NA;NA;3;1;NA;NA;1;2;NA;NA;NA;NA;NA;NA;NA;NA;1;NA
51;"MT";5100201;"510020";"Água Boa";"Não";"-";"Ocupantes de automóvel";NA;1;1;NA;NA;NA;2;NA;3;1;2;3;2;1;1;NA;1;NA;3;1;NA;3;1;1;NA
51;"MT";5100250;"510025";"Alta Floresta";"Não";"-";"Ocupantes de automóvel";1;4;4;2;1;2;NA;NA;NA;NA;NA;NA;3;1;5;2;NA;1;NA;2;2;2;2;2;NA
51;"MT";5100300;"510030";"Alto Araguaia";"Não";"-";"Ocupantes de automóvel";NA;NA;NA;NA;NA;NA;1;1;NA;NA;NA;1;2;1;NA;NA;NA;NA;NA;1;NA;NA;NA;1;NA
51;"MT";5100359;"510035";"Alto Boa Vista";"Não";"-";"Ocupantes de automóvel";NA;NA;1;NA;1;NA;NA;NA;1;NA;NA;NA;NA;NA;NA;NA;NA;NA;NA;NA;NA;NA;1;NA;NA
51;"MT";5100409;"510040";"Alto Garças";"Não";"-";"Ocupantes de automóvel";NA;1;NA;1;NA;NA;NA;1;1;1;NA;NA;NA;1;NA;1;NA;NA;1;NA;NA;1;NA;1;NA
51;"MT";5100508;"510050";"Alto Paraguai";"Não";"-";"Ocupantes de automóvel";NA;NA;NA;NA;NA;NA;NA;NA;NA;NA;NA;NA;NA;NA;NA;NA;NA;NA;1;NA;NA;NA;NA;NA;NA
51;"MT";5100607;"510060";"Alto Taquari";"Não";"-";"Ocupantes de automóvel";NA;NA;NA;NA;1;1;NA;NA;NA;NA;2;NA;1;NA;NA;NA;1;NA;NA;NA;NA;NA;2;1;NA
51;"MT";5100805;"510080";"Apiacás";"Não";"-";"Ocupantes de automóvel";NA;NA;NA;2;NA;NA;NA;NA;NA;NA;NA;NA;NA;1;NA;NA;1;NA;NA;NA;NA;NA;NA;NA;NA
51;"MT";5101001;"510100";"Araguaiana";"Não";"-";"Ocupantes de automóvel";NA;NA;NA;NA;NA;NA;NA;NA;NA;NA;NA;NA;NA;1;NA;NA;NA;NA;1;1;NA;1;NA;NA;NA
51;"MT";5101209;"510120";"Araguainha";"Não";"-";"Ocupantes de automóvel";NA;NA;NA;NA;NA;NA;NA;NA;NA;NA;NA;NA;NA;NA;NA;NA;1;NA;NA;NA;NA;NA;NA;NA;NA
51;"MT";5101258;"510125";"Araputanga";"Não";"-";"Ocupantes de automóvel";NA;1;NA;1;1;1;NA;NA;NA;NA;NA;NA;2;2;NA;2;1;1;2;1;NA;1;NA;NA;NA
51;"MT";5101308;"510130";"Arenápolis";"Não";"-";"Ocupantes de automóvel";NA;1;NA;NA;NA;NA;NA;NA;NA;NA;1;3;NA;NA;1;NA;1;1;NA;NA;5;NA;NA;NA;NA
51;"MT";5101407;"510140";"Aripuanã";"Não";"-";"Ocupantes de automóvel";1;2;1;NA;NA;NA;NA;NA;NA;NA;NA;NA;NA;NA;1;NA;NA;NA;NA;NA;NA;NA;NA;3;NA
51;"MT";5101605;"510160";"Barão de Melgaço";"Não";"Entorno Metropolitano da RM Vale do Rio Cuiabá";"Ocupantes de automóvel";NA;NA;NA;NA;NA;NA;NA;NA;NA;NA;NA;NA;NA;NA;NA;NA;NA;NA;NA;NA;NA;NA;1;NA;NA
51;"MT";5101704;"510170";"Barra do Bugres";"Não";"-";"Ocupantes de automóvel";1;1;3;NA;NA;NA;1;1;2;1;3;2;3;1;1;2;1;NA;3;NA;NA;NA;NA;NA;NA
51;"MT";5101803;"510180";"Barra do Garças";"Não";"-";"Ocupantes de automóvel";1;NA;8;6;4;1;NA;4;2;1;5;6;4;6;3;1;3;6;3;6;4;4;2;2;NA
51;"MT";5101852;"510185";"Bom Jesus do Araguaia";"Não";"-";"Ocupantes de automóvel";NA;NA;NA;1;NA;NA;NA;NA;NA;NA;NA;NA;2;NA;NA;NA;1;1;NA;NA;NA;NA;NA;1;NA
51;"MT";5101902;"510190";"Brasnorte";"Não";"-";"Ocupantes de automóvel";NA;NA;NA;1;NA;NA;NA;NA;NA;NA;NA;NA;2;1;1;NA;NA;NA;1;NA;2;NA;NA;1;NA
51;"MT";5102504;"510250";"Cáceres";"Não";"-";"Ocupantes de automóvel";4;11;6;4;4;6;7;2;1;4;9;2;2;6;14;5;10;2;7;4;NA;5;3;7;NA
51;"MT";5102603;"510260";"Campinápolis";"Não";"-";"Ocupantes de automóvel";NA;NA;NA;NA;NA;NA;NA;NA;NA;NA;1;1;NA;NA;NA;NA;NA;NA;NA;NA;NA;1;NA;NA;NA
51;"MT";5102637;"510263";"Campo Novo do Parecis";"Não";"-";"Ocupantes de automóvel";1;2;1;2;1;6;3;2;2;4;2;3;4;8;1;2;3;1;2;5;3;10;6;1;NA
51;"MT";5102678;"510267";"Campo Verde";"Não";"-";"Ocupantes de automóvel";NA;1;NA;2;4;NA;3;NA;1;1;NA;NA;1;NA;NA;NA;NA;NA;1;NA;NA;NA;NA;3;NA
51;"MT";5102686;"510268";"Campos de Júlio";"Não";"-";"Ocupantes de automóvel";NA;NA;1;NA;NA;NA;9;1;2;NA;1;NA;3;NA;NA;NA;NA;NA;NA;NA;NA;NA;2;2;NA
51;"MT";5102694;"510269";"Canabrava do Norte";"Não";"-";"Ocupantes de automóvel";NA;1;NA;NA;1;NA;NA;NA;NA;NA;1;NA;1;NA;NA;NA;NA;NA;NA;NA;NA;NA;NA;NA;NA
51;"MT";5102702;"510270";"Canarana";"Não";"-";"Ocupantes de automóvel";NA;1;NA;NA;1;NA;NA;NA;1;2;2;NA;NA;NA;1;1;2;NA;2;2;NA;7;3;1;NA
51;"MT";5102793;"510279";"Carlinda";"Não";"-";"Ocupantes de automóvel";NA;NA;1;1;NA;NA;NA;NA;NA;NA;NA;NA;NA;1;NA;NA;NA;NA;NA;NA;NA;NA;NA;1;NA
51;"MT";5102850;"510285";"Castanheira";"Não";"-";"Ocupantes de automóvel";NA;NA;NA;NA;NA;NA;NA;NA;NA;NA;NA;NA;NA;NA;NA;NA;1;NA;NA;NA;1;1;NA;NA;NA
51;"MT";5103007;"510300";"Chapada dos Guimarães";"Não";"Região Metropolitana do Vale do Rio Cuiabá";"Ocupantes de automóvel";1;NA;NA;NA;NA;NA;3;NA;NA;NA;1;NA;1;3;NA;NA;1;1;1;NA;2;NA;NA;1;NA
51;"MT";5103056;"510305";"Cláudia";"Não";"-";"Ocupantes de automóvel";NA;1;NA;NA;NA;NA;NA;NA;NA;NA;NA;NA;NA;1;NA;NA;NA;4;NA;1;NA;1;NA;1;NA
51;"MT";5103106;"510310";"Cocalinho";"Não";"-";"Ocupantes de automóvel";NA;NA;NA;NA;NA;NA;NA;NA;NA;NA;NA;NA;1;NA;NA;NA;NA;NA;1;NA;NA;1;1;NA;NA
51;"MT";5103205;"510320";"Colíder";"Não";"-";"Ocupantes de automóvel";NA;NA;NA;2;2;2;NA;NA;NA;NA;NA;NA;NA;1;NA;NA;NA;1;NA;NA;NA;NA;1;2;NA
51;"MT";5103254;"510325";"Colniza";"Não";"-";"Ocupantes de automóvel";NA;NA;NA;1;NA;NA;NA;NA;NA;NA;NA;NA;NA;1;NA;NA;NA;NA;NA;NA;NA;1;1;1;NA
51;"MT";5103304;"510330";"Comodoro";"Não";"-";"Ocupantes de automóvel";NA;NA;NA;1;3;2;1;7;3;1;1;NA;2;2;NA;1;NA;NA;NA;NA;NA;NA;1;NA;NA
51;"MT";5103353;"510335";"Confresa";"Não";"-";"Ocupantes de automóvel";1;NA;2;NA;2;NA;NA;NA;NA;NA;2;NA;NA;NA;NA;NA;2;NA;NA;1;1;NA;NA;1;NA
51;"MT";5103361;"510336";"Conquista D'Oeste";"Não";"-";"Ocupantes de automóvel";NA;NA;NA;NA;NA;NA;NA;NA;1;NA;NA;NA;NA;1;NA;NA;NA;NA;NA;4;NA;NA;NA;6;NA
51;"MT";5103379;"510337";"Cotriguaçu";"Não";"-";"Ocupantes de automóvel";NA;NA;NA;NA;NA;NA;NA;NA;NA;NA;NA;NA;NA;NA;NA;NA;NA;NA;NA;NA;NA;1;NA;NA;NA
51;"MT";5103403;"510340";"Cuiabá";"Sim";"Região Metropolitana do Vale do Rio Cuiabá";"Ocupantes de automóvel";23;35;45;27;25;24;26;23;19;26;24;34;13;20;35;35;19;24;26;13;19;10;19;17;NA
51;"MT";5103437;"510343";"Curvelândia";"Não";"-";"Ocupantes de automóvel";NA;NA;NA;NA;NA;NA;NA;NA;NA;1;NA;NA;NA;1;NA;1;1;NA;NA;1;NA;NA;NA;1;NA
51;"MT";5103452;"510345";"Denise";"Não";"-";"Ocupantes de automóvel";NA;1;NA;NA;NA;NA;1;NA;NA;NA;1;NA;NA;NA;NA;4;NA;NA;NA;NA;NA;NA;3;1;NA
51;"MT";5103502;"510350";"Diamantino";"Não";"-";"Ocupantes de automóvel";1;1;NA;NA;1;NA;NA;NA;3;1;3;3;3;2;NA;4;NA;NA;3;NA;8;6;4;3;NA
51;"MT";5103601;"510360";"Dom Aquino";"Não";"-";"Ocupantes de automóvel";1;NA;NA;NA;2;NA;NA;NA;3;2;NA;NA;NA;NA;NA;NA;NA;NA;NA;NA;NA;NA;1;NA;NA
51;"MT";5103700;"510370";"Feliz Natal";"Não";"-";"Ocupantes de automóvel";NA;NA;NA;NA;NA;NA;NA;NA;NA;1;NA;NA;NA;NA;NA;NA;NA;NA;1;NA;1;3;NA;NA;NA
51;"MT";5103809;"510380";"Figueirópolis D'Oeste";"Não";"-";"Ocupantes de automóvel";NA;NA;NA;NA;1;NA;NA;NA;NA;NA;1;1;NA;NA;NA;NA;NA;NA;NA;NA;NA;NA;NA;NA;NA
51;"MT";5103858;"510385";"Gaúcha do Norte";"Não";"-";"Ocupantes de automóvel";NA;NA;NA;NA;NA;NA;NA;NA;NA;NA;NA;NA;NA;NA;NA;NA;NA;NA;NA;NA;NA;NA;NA;NA;NA
51;"MT";5103908;"510390";"General Carneiro";"Não";"-";"Ocupantes de automóvel";NA;NA;5;1;NA;NA;NA;NA;NA;NA;NA;NA;2;1;NA;2;5;1;NA;5;2;NA;NA;2;NA
51;"MT";5103957;"510395";"Glória D'Oeste";"Não";"-";"Ocupantes de automóvel";NA;NA;NA;NA;NA;NA;NA;1;NA;NA;NA;NA;NA;NA;NA;NA;NA;2;NA;1;NA;1;NA;NA;NA
51;"MT";5104104;"510410";"Guarantã do Norte";"Não";"-";"Ocupantes de automóvel";NA;NA;NA;NA;1;NA;NA;1;NA;NA;NA;NA;NA;2;NA;NA;NA;NA;NA;NA;NA;NA;NA;NA;NA
51;"MT";5104203;"510420";"Guiratinga";"Não";"-";"Ocupantes de automóvel";NA;1;4;NA;NA;1;1;NA;NA;1;NA;NA;2;NA;NA;NA;NA;NA;NA;NA;NA;NA;NA;NA;NA
51;"MT";5104500;"510450";"Indiavaí";"Não";"-";"Ocupantes de automóvel";NA;NA;NA;NA;NA;NA;NA;NA;1;NA;NA;NA;NA;NA;NA;NA;NA;NA;NA;NA;NA;NA;NA;NA;NA
51;"MT";5104526;"510452";"Ipiranga do Norte";"Não";"-";"Ocupantes de automóvel";NA;NA;NA;NA;NA;NA;NA;NA;NA;NA;NA;NA;2;NA;NA;NA;NA;NA;NA;NA;1;2;NA;NA;NA
51;"MT";5104542;"510454";"Itanhangá";"Não";"-";"Ocupantes de automóvel";NA;NA;NA;NA;NA;NA;NA;NA;NA;NA;1;NA;NA;NA;NA;NA;NA;NA;NA;NA;NA;NA;2;2;NA
51;"MT";5104559;"510455";"Itaúba";"Não";"-";"Ocupantes de automóvel";NA;NA;1;NA;NA;NA;2;NA;NA;NA;NA;NA;NA;NA;NA;NA;2;NA;NA;2;1;NA;NA;2;NA
51;"MT";5104609;"510460";"Itiquira";"Não";"-";"Ocupantes de automóvel";NA;1;2;NA;1;2;NA;NA;NA;NA;NA;3;2;NA;1;NA;NA;NA;NA;1;NA;NA;NA;1;NA
51;"MT";5104807;"510480";"Jaciara";"Não";"-";"Ocupantes de automóvel";NA;1;4;2;1;1;2;2;2;NA;1;1;NA;NA;NA;NA;3;NA;NA;NA;NA;1;NA;NA;NA
51;"MT";5104906;"510490";"Jangada";"Não";"Entorno Metropolitano da RM Vale do Rio Cuiabá";"Ocupantes de automóvel";1;4;1;1;1;NA;2;1;2;5;2;7;NA;4;1;1;1;2;NA;NA;NA;1;NA;NA;NA
51;"MT";5105002;"510500";"Jauru";"Não";"-";"Ocupantes de automóvel";NA;1;NA;NA;NA;NA;NA;NA;1;NA;1;NA;NA;NA;NA;NA;NA;NA;NA;NA;NA;NA;NA;1;NA
51;"MT";5105101;"510510";"Juara";"Não";"-";"Ocupantes de automóvel";NA;NA;1;1;1;1;NA;1;NA;2;NA;1;1;1;NA;1;1;NA;NA;NA;NA;NA;NA;NA;NA
51;"MT";5105150;"510515";"Juína";"Não";"-";"Ocupantes de automóvel";NA;NA;1;1;NA;NA;NA;3;1;3;2;NA;1;NA;NA;NA;1;1;NA;NA;1;1;1;1;NA
51;"MT";5105176;"510517";"Juruena";"Não";"-";"Ocupantes de automóvel";NA;NA;NA;1;NA;NA;NA;NA;NA;NA;NA;NA;NA;NA;NA;NA;NA;NA;NA;1;1;NA;NA;NA;NA
51;"MT";5105200;"510520";"Juscimeira";"Não";"-";"Ocupantes de automóvel";NA;1;1;2;NA;NA;NA;NA;NA;2;NA;NA;NA;NA;NA;NA;1;NA;NA;NA;NA;NA;NA;NA;NA
51;"MT";5105234;"510523";"Lambari D'Oeste";"Não";"-";"Ocupantes de automóvel";NA;NA;1;NA;NA;NA;NA;NA;NA;NA;NA;1;NA;1;NA;2;NA;NA;NA;NA;NA;NA;1;NA;NA
51;"MT";5105259;"510525";"Lucas do Rio Verde";"Não";"-";"Ocupantes de automóvel";NA;NA;1;NA;3;NA;NA;1;1;2;NA;2;1;3;3;3;NA;4;2;NA;1;2;5;1;NA
51;"MT";5105309;"510530";"Luciara";"Não";"-";"Ocupantes de automóvel";NA;NA;NA;NA;NA;NA;NA;NA;NA;NA;NA;NA;NA;NA;NA;NA;NA;NA;NA;NA;NA;NA;NA;NA;NA
51;"MT";5105507;"510550";"Vila Bela da Santíssima Trindade";"Não";"-";"Ocupantes de automóvel";NA;NA;NA;1;NA;NA;NA;1;NA;NA;NA;NA;NA;NA;1;NA;NA;NA;NA;1;1;1;NA;NA;NA
51;"MT";5105580;"510558";"Marcelândia";"Não";"-";"Ocupantes de automóvel";NA;1;1;NA;NA;NA;NA;NA;NA;NA;NA;NA;NA;NA;NA;NA;2;NA;NA;NA;NA;NA;NA;NA;NA
51;"MT";5105606;"510560";"Matupá";"Não";"-";"Ocupantes de automóvel";NA;1;1;NA;NA;1;NA;NA;NA;NA;2;1;NA;1;3;NA;NA;NA;NA;NA;NA;1;2;NA;NA
51;"MT";5105622;"510562";"Mirassol d'Oeste";"Não";"-";"Ocupantes de automóvel";1;NA;NA;1;1;NA;NA;1;1;NA;NA;NA;NA;NA;2;NA;1;NA;1;1;1;4;1;NA;NA
51;"MT";5105903;"510590";"Nobres";"Não";"Entorno Metropolitano da RM Vale do Rio Cuiabá";"Ocupantes de automóvel";2;4;NA;1;NA;NA;NA;3;NA;NA;3;1;NA;4;NA;NA;NA;NA;NA;NA;NA;NA;2;NA;NA
51;"MT";5106000;"510600";"Nortelândia";"Não";"-";"Ocupantes de automóvel";NA;NA;NA;NA;1;NA;NA;NA;NA;1;NA;NA;NA;NA;NA;NA;NA;NA;NA;NA;NA;NA;NA;NA;NA
51;"MT";5106109;"510610";"Nossa Senhora do Livramento";"Não";"Região Metropolitana do Vale do Rio Cuiabá";"Ocupantes de automóvel";NA;2;NA;1;NA;NA;1;NA;2;7;2;1;2;4;5;2;NA;2;1;2;NA;NA;2;NA;NA
51;"MT";5106158;"510615";"Nova Bandeirantes";"Não";"-";"Ocupantes de automóvel";NA;NA;NA;1;2;NA;NA;NA;NA;NA;NA;NA;NA;NA;NA;NA;NA;NA;NA;NA;NA;NA;NA;NA;NA
51;"MT";5106174;"510617";"Nova Nazaré";"Não";"-";"Ocupantes de automóvel";NA;NA;1;NA;NA;NA;NA;NA;NA;NA;NA;NA;NA;1;NA;NA;NA;NA;1;NA;NA;NA;NA;NA;NA
51;"MT";5106182;"510618";"Nova Lacerda";"Não";"-";"Ocupantes de automóvel";NA;NA;NA;NA;NA;NA;NA;4;2;2;NA;2;2;NA;NA;NA;NA;NA;NA;1;NA;NA;NA;NA;NA
51;"MT";5106190;"510619";"Nova Santa Helena";"Não";"-";"Ocupantes de automóvel";NA;NA;NA;NA;NA;NA;1;NA;NA;NA;NA;NA;NA;NA;NA;NA;NA;NA;NA;NA;NA;NA;NA;NA;NA
51;"MT";5106208;"510620";"Nova Brasilândia";"Não";"Entorno Metropolitano da RM Vale do Rio Cuiabá";"Ocupantes de automóvel";NA;NA;NA;NA;1;NA;NA;NA;NA;NA;NA;NA;NA;NA;NA;NA;NA;NA;NA;NA;NA;1;NA;2;NA
51;"MT";5106216;"510621";"Nova Canaã do Norte";"Não";"-";"Ocupantes de automóvel";NA;NA;NA;3;NA;NA;NA;1;NA;NA;NA;NA;NA;NA;1;NA;1;2;NA;1;NA;NA;1;NA;NA
51;"MT";5106224;"510622";"Nova Mutum";"Não";"-";"Ocupantes de automóvel";1;1;3;NA;NA;1;3;1;4;1;3;3;6;4;3;6;4;4;1;6;4;7;13;3;NA
51;"MT";5106232;"510623";"Nova Olímpia";"Não";"-";"Ocupantes de automóvel";NA;2;1;NA;NA;1;NA;NA;2;1;NA;NA;NA;2;NA;NA;NA;NA;NA;2;NA;1;NA;NA;NA
51;"MT";5106240;"510624";"Nova Ubiratã";"Não";"-";"Ocupantes de automóvel";NA;NA;NA;NA;NA;NA;NA;NA;NA;NA;NA;NA;NA;NA;NA;NA;NA;1;NA;1;NA;1;NA;1;NA
51;"MT";5106257;"510625";"Nova Xavantina";"Não";"-";"Ocupantes de automóvel";NA;1;2;1;3;NA;1;1;2;NA;1;3;1;3;NA;1;NA;2;NA;3;2;2;NA;1;NA
51;"MT";5106265;"510626";"Novo Mundo";"Não";"-";"Ocupantes de automóvel";NA;NA;NA;NA;NA;NA;NA;NA;NA;NA;NA;NA;NA;NA;NA;NA;NA;NA;1;NA;NA;NA;NA;NA;NA
51;"MT";5106273;"510627";"Novo Horizonte do Norte";"Não";"-";"Ocupantes de automóvel";NA;NA;NA;NA;NA;NA;NA;NA;NA;NA;NA;NA;NA;NA;NA;NA;NA;1;NA;NA;NA;NA;NA;NA;NA
51;"MT";5106281;"510628";"Novo São Joaquim";"Não";"-";"Ocupantes de automóvel";1;NA;NA;NA;NA;NA;NA;NA;NA;NA;NA;NA;NA;NA;NA;NA;NA;NA;1;NA;NA;NA;NA;NA;NA
51;"MT";5106299;"510629";"Paranaíta";"Não";"-";"Ocupantes de automóvel";NA;NA;NA;NA;NA;2;1;NA;NA;NA;NA;NA;NA;NA;NA;NA;2;NA;NA;NA;NA;3;NA;NA;NA
51;"MT";5106307;"510630";"Paranatinga";"Não";"-";"Ocupantes de automóvel";NA;NA;NA;NA;NA;3;NA;1;NA;NA;NA;2;NA;NA;1;NA;NA;1;NA;2;2;NA;1;1;NA
51;"MT";5106315;"510631";"Novo Santo Antônio";"Não";"-";"Ocupantes de automóvel";NA;NA;NA;1;NA;NA;NA;NA;1;NA;NA;NA;NA;NA;NA;NA;NA;NA;NA;NA;NA;NA;NA;NA;NA
51;"MT";5106372;"510637";"Pedra Preta";"Não";"-";"Ocupantes de automóvel";NA;1;3;1;NA;3;NA;NA;NA;2;NA;1;NA;1;NA;2;NA;1;1;NA;NA;NA;NA;1;NA
51;"MT";5106422;"510642";"Peixoto de Azevedo";"Não";"-";"Ocupantes de automóvel";NA;1;1;NA;2;NA;NA;NA;1;NA;1;NA;NA;NA;NA;NA;1;1;NA;NA;NA;4;1;NA;NA
51;"MT";5106455;"510645";"Planalto da Serra";"Não";"Entorno Metropolitano da RM Vale do Rio Cuiabá";"Ocupantes de automóvel";1;1;NA;NA;NA;NA;NA;NA;NA;NA;NA;NA;NA;NA;NA;NA;NA;NA;NA;NA;NA;NA;1;NA;NA
51;"MT";5106505;"510650";"Poconé";"Não";"Entorno Metropolitano da RM Vale do Rio Cuiabá";"Ocupantes de automóvel";NA;2;NA;2;1;NA;NA;1;1;2;6;2;3;1;3;2;NA;NA;2;NA;1;4;3;1;NA
51;"MT";5106653;"510665";"Pontal do Araguaia";"Não";"-";"Ocupantes de automóvel";NA;NA;NA;NA;NA;NA;NA;NA;NA;1;NA;1;NA;NA;1;NA;NA;NA;NA;NA;1;NA;NA;NA;NA
51;"MT";5106703;"510670";"Ponte Branca";"Não";"-";"Ocupantes de automóvel";NA;NA;NA;NA;NA;NA;NA;NA;NA;NA;NA;NA;NA;NA;NA;NA;NA;NA;NA;NA;NA;NA;NA;NA;NA
51;"MT";5106752;"510675";"Pontes e Lacerda";"Não";"-";"Ocupantes de automóvel";NA;NA;1;2;3;1;1;2;2;1;1;1;8;4;1;2;NA;1;4;NA;3;3;5;3;NA
51;"MT";5106778;"510677";"Porto Alegre do Norte";"Não";"-";"Ocupantes de automóvel";NA;NA;NA;NA;1;1;NA;NA;NA;NA;NA;NA;NA;1;NA;2;1;NA;NA;NA;1;NA;NA;NA;NA
51;"MT";5106802;"510680";"Porto dos Gaúchos";"Não";"-";"Ocupantes de automóvel";NA;NA;NA;NA;NA;NA;NA;NA;NA;NA;NA;NA;NA;NA;NA;NA;NA;NA;NA;NA;NA;NA;NA;NA;NA
51;"MT";5106828;"510682";"Porto Esperidião";"Não";"-";"Ocupantes de automóvel";NA;NA;1;NA;1;NA;NA;NA;NA;3;NA;1;3;1;2;2;NA;NA;1;3;NA;NA;1;1;NA
51;"MT";5106851;"510685";"Porto Estrela";"Não";"-";"Ocupantes de automóvel";3;NA;NA;NA;NA;NA;NA;NA;1;NA;NA;NA;NA;NA;NA;NA;NA;NA;NA;NA;NA;1;NA;NA;NA
51;"MT";5107008;"510700";"Poxoréu";"Não";"-";"Ocupantes de automóvel";NA;2;1;4;2;1;NA;NA;1;NA;1;4;1;1;NA;2;6;1;1;1;NA;2;NA;NA;NA
51;"MT";5107040;"510704";"Primavera do Leste";"Não";"-";"Ocupantes de automóvel";1;NA;1;6;1;2;NA;3;NA;NA;2;1;1;3;1;5;NA;NA;3;NA;NA;1;NA;1;NA
51;"MT";5107065;"510706";"Querência";"Não";"-";"Ocupantes de automóvel";NA;1;NA;NA;NA;NA;NA;NA;NA;3;1;4;NA;NA;NA;NA;2;NA;2;1;3;1;NA;1;NA
51;"MT";5107107;"510710";"São José dos Quatro Marcos";"Não";"-";"Ocupantes de automóvel";NA;1;2;1;1;NA;NA;NA;NA;NA;1;NA;1;2;1;1;2;2;1;NA;2;1;NA;1;NA
51;"MT";5107180;"510718";"Ribeirão Cascalheira";"Não";"-";"Ocupantes de automóvel";NA;NA;1;3;1;NA;1;NA;NA;1;NA;NA;NA;NA;1;1;NA;NA;2;NA;1;2;NA;1;NA
51;"MT";5107198;"510719";"Ribeirãozinho";"Não";"-";"Ocupantes de automóvel";NA;NA;NA;NA;1;NA;NA;NA;NA;NA;NA;NA;NA;2;NA;1;NA;NA;NA;NA;NA;NA;NA;1;NA
51;"MT";5107206;"510720";"Rio Branco";"Não";"-";"Ocupantes de automóvel";NA;NA;NA;NA;NA;NA;NA;NA;NA;NA;NA;NA;NA;NA;1;NA;NA;NA;NA;NA;NA;1;1;NA;NA
51;"MT";5107248;"510724";"Santa Carmem";"Não";"-";"Ocupantes de automóvel";1;NA;NA;NA;NA;NA;1;2;NA;NA;NA;NA;NA;NA;NA;NA;NA;NA;NA;NA;NA;NA;NA;NA;NA
51;"MT";5107297;"510729";"São José do Povo";"Não";"-";"Ocupantes de automóvel";NA;NA;NA;NA;NA;NA;NA;NA;NA;NA;NA;NA;NA;NA;NA;NA;NA;NA;NA;NA;NA;NA;NA;NA;NA
51;"MT";5107305;"510730";"São José do Rio Claro";"Não";"-";"Ocupantes de automóvel";1;NA;NA;NA;NA;NA;NA;NA;1;1;NA;NA;2;1;NA;NA;NA;1;NA;NA;NA;NA;NA;1;NA
51;"MT";5107354;"510735";"São José do Xingu";"Não";"-";"Ocupantes de automóvel";NA;NA;NA;NA;NA;NA;NA;NA;1;NA;NA;NA;NA;1;NA;NA;NA;NA;NA;NA;NA;1;1;NA;NA
51;"MT";5107404;"510740";"São Pedro da Cipa";"Não";"-";"Ocupantes de automóvel";NA;1;NA;NA;NA;NA;NA;NA;NA;NA;NA;NA;NA;NA;NA;NA;NA;NA;NA;NA;NA;NA;NA;NA;NA
51;"MT";5107578;"510757";"Rondolândia";"Não";"-";"Ocupantes de automóvel";NA;NA;NA;NA;NA;NA;NA;NA;NA;NA;NA;NA;NA;NA;NA;NA;NA;NA;NA;NA;NA;NA;1;NA;NA
51;"MT";5107602;"510760";"Rondonópolis";"Não";"-";"Ocupantes de automóvel";NA;18;16;15;16;27;10;7;8;6;10;14;11;13;12;11;12;7;7;8;16;5;9;7;NA
51;"MT";5107701;"510770";"Rosário Oeste";"Não";"Entorno Metropolitano da RM Vale do Rio Cuiabá";"Ocupantes de automóvel";5;NA;8;1;1;2;NA;NA;NA;NA;NA;NA;1;NA;NA;NA;1;NA;2;2;NA;NA;NA;5;NA
51;"MT";5107743;"510774";"Santa Cruz do Xingu";"Não";"-";"Ocupantes de automóvel";NA;NA;NA;NA;NA;NA;1;NA;NA;NA;NA;NA;NA;NA;NA;NA;NA;NA;NA;NA;NA;NA;NA;NA;NA
51;"MT";5107750;"510775";"Salto do Céu";"Não";"-";"Ocupantes de automóvel";NA;NA;NA;NA;NA;NA;NA;NA;NA;NA;NA;NA;NA;NA;NA;NA;NA;NA;1;NA;NA;NA;NA;NA;NA
51;"MT";5107768;"510776";"Santa Rita do Trivelato";"Não";"-";"Ocupantes de automóvel";NA;NA;NA;NA;NA;NA;NA;NA;NA;NA;NA;NA;NA;NA;NA;NA;1;NA;NA;NA;NA;NA;NA;2;NA
51;"MT";5107776;"510777";"Santa Terezinha";"Não";"-";"Ocupantes de automóvel";NA;NA;NA;NA;NA;NA;NA;NA;1;1;NA;NA;NA;1;NA;NA;NA;NA;1;NA;NA;NA;NA;NA;NA
51;"MT";5107792;"510779";"Santo Antônio do Leste";"Não";"-";"Ocupantes de automóvel";NA;NA;NA;NA;NA;NA;NA;NA;NA;NA;NA;NA;NA;NA;NA;NA;NA;NA;NA;NA;1;NA;NA;NA;NA
51;"MT";5107800;"510780";"Santo Antônio de Leverger";"Não";"Região Metropolitana do Vale do Rio Cuiabá";"Ocupantes de automóvel";NA;NA;3;NA;2;NA;1;4;NA;NA;2;2;1;3;1;NA;4;1;2;NA;3;2;NA;3;NA
51;"MT";5107859;"510785";"São Félix do Araguaia";"Não";"-";"Ocupantes de automóvel";NA;NA;NA;NA;1;1;NA;NA;NA;NA;NA;NA;NA;NA;1;NA;2;1;NA;1;1;NA;NA;NA;NA
51;"MT";5107875;"510787";"Sapezal";"Não";"-";"Ocupantes de automóvel";NA;NA;2;NA;1;NA;NA;1;2;3;NA;1;1;1;1;NA;NA;NA;NA;NA;NA;NA;2;2;NA
51;"MT";5107909;"510790";"Sinop";"Não";"-";"Ocupantes de automóvel";2;2;5;1;1;1;1;3;2;1;5;4;4;8;6;9;9;8;8;12;6;10;3;7;NA
51;"MT";5107925;"510792";"Sorriso";"Não";"-";"Ocupantes de automóvel";NA;NA;4;2;NA;1;4;2;3;1;1;NA;2;4;7;2;7;6;2;6;5;6;6;4;NA
51;"MT";5107941;"510794";"Tabaporã";"Não";"-";"Ocupantes de automóvel";1;NA;1;NA;NA;NA;NA;NA;NA;NA;1;NA;NA;1;NA;NA;NA;NA;1;1;NA;NA;NA;2;NA
51;"MT";5107958;"510795";"Tangará da Serra";"Não";"-";"Ocupantes de automóvel";NA;3;1;5;9;2;1;5;6;6;7;NA;4;7;NA;NA;3;1;2;3;3;1;2;4;NA
51;"MT";5108006;"510800";"Tapurah";"Não";"-";"Ocupantes de automóvel";2;1;NA;NA;1;1;NA;NA;NA;NA;NA;2;NA;2;3;NA;NA;2;1;NA;NA;NA;1;4;NA
51;"MT";5108055;"510805";"Terra Nova do Norte";"Não";"-";"Ocupantes de automóvel";NA;NA;NA;NA;NA;1;1;1;NA;1;NA;NA;1;NA;NA;NA;1;NA;NA;1;NA;NA;NA;NA;NA
51;"MT";5108105;"510810";"Tesouro";"Não";"-";"Ocupantes de automóvel";NA;NA;NA;NA;NA;NA;NA;NA;NA;NA;NA;NA;NA;1;NA;NA;NA;NA;NA;NA;NA;NA;NA;NA;NA
51;"MT";5108303;"510830";"União do Sul";"Não";"-";"Ocupantes de automóvel";NA;NA;NA;NA;NA;NA;NA;NA;NA;NA;NA;NA;NA;1;NA;NA;2;NA;NA;NA;NA;NA;NA;NA;NA
51;"MT";5108352;"510835";"Vale de São Domingos";"Não";"-";"Ocupantes de automóvel";NA;NA;NA;NA;NA;NA;NA;NA;NA;NA;NA;NA;NA;NA;NA;NA;NA;NA;NA;NA;NA;NA;NA;NA;NA
51;"MT";5108402;"510840";"Várzea Grande";"Não";"Região Metropolitana do Vale do Rio Cuiabá";"Ocupantes de automóvel";4;10;13;5;6;7;8;12;14;18;23;4;25;16;27;6;15;8;12;15;18;23;23;19;NA
51;"MT";5108501;"510850";"Vera";"Não";"-";"Ocupantes de automóvel";NA;1;NA;NA;NA;NA;NA;NA;NA;NA;NA;NA;NA;NA;NA;NA;1;NA;NA;NA;1;1;NA;NA;NA
51;"MT";5108600;"510860";"Vila Rica";"Não";"-";"Ocupantes de automóvel";NA;NA;2;NA;1;NA;NA;1;NA;1;NA;NA;NA;NA;NA;2;1;NA;NA;2;NA;1;NA;NA;NA
51;"MT";5108808;"510880";"Nova Guarita";"Não";"-";"Ocupantes de automóvel";NA;NA;NA;NA;NA;1;2;NA;NA;NA;NA;NA;NA;NA;NA;NA;NA;NA;NA;NA;NA;NA;NA;NA;NA
51;"MT";5108857;"510885";"Nova Marilândia";"Não";"-";"Ocupantes de automóvel";NA;NA;NA;NA;NA;NA;NA;NA;NA;NA;NA;1;NA;NA;1;NA;NA;NA;1;NA;NA;NA;1;NA;NA
51;"MT";5108907;"510890";"Nova Maringá";"Não";"-";"Ocupantes de automóvel";NA;NA;NA;NA;NA;NA;NA;NA;NA;NA;NA;NA;NA;NA;NA;NA;NA;NA;1;NA;NA;NA;NA;NA;NA
51;"MT";5108956;"510895";"Nova Monte Verde";"Não";"-";"Ocupantes de automóvel";NA;NA;NA;NA;1;NA;NA;NA;NA;NA;NA;NA;NA;NA;NA;NA;NA;NA;NA;NA;NA;NA;NA;1;NA
52;"GO";5200050;"520005";"Abadia de Goiás";"Não";"Região Metropolitana de Goiânia";"Ocupantes de automóvel";NA;NA;1;NA;NA;NA;NA;NA;NA;NA;NA;NA;NA;NA;NA;1;NA;NA;NA;NA;NA;2;NA;NA;NA
52;"GO";5200100;"520010";"Abadiânia";"Não";"Região Integrada de Desenvolvimento do Distrito Federal e Entorno";"Ocupantes de automóvel";NA;NA;2;1;NA;NA;4;NA;NA;1;3;3;1;2;2;1;NA;NA;3;NA;3;1;NA;2;NA
52;"GO";5200134;"520013";"Acreúna";"Não";"-";"Ocupantes de automóvel";1;1;1;NA;3;1;1;NA;NA;1;1;NA;NA;NA;4;1;NA;2;3;NA;NA;NA;NA;2;NA
52;"GO";5200175;"520017";"Água Fria de Goiás";"Não";"Região Integrada de Desenvolvimento do Distrito Federal e Entorno";"Ocupantes de automóvel";NA;NA;NA;1;1;NA;NA;1;NA;NA;NA;NA;NA;2;6;NA;1;NA;2;1;NA;NA;NA;NA;NA
52;"GO";5200209;"520020";"Água Limpa";"Não";"-";"Ocupantes de automóvel";NA;NA;NA;1;NA;NA;NA;NA;NA;NA;NA;NA;NA;NA;NA;NA;NA;NA;NA;NA;NA;NA;NA;NA;NA
52;"GO";5200258;"520025";"Águas Lindas de Goiás";"Não";"Região Integrada de Desenvolvimento do Distrito Federal e Entorno";"Ocupantes de automóvel";NA;NA;2;1;NA;3;1;2;1;3;NA;7;2;9;2;NA;1;2;NA;NA;NA;NA;1;2;NA
52;"GO";5200308;"520030";"Alexânia";"Não";"Região Integrada de Desenvolvimento do Distrito Federal e Entorno";"Ocupantes de automóvel";NA;1;4;NA;NA;2;NA;NA;2;NA;3;4;1;6;2;4;2;2;NA;NA;NA;NA;NA;NA;NA
52;"GO";5200506;"520050";"Aloândia";"Não";"-";"Ocupantes de automóvel";NA;NA;NA;NA;NA;NA;NA;NA;NA;NA;NA;NA;NA;NA;NA;NA;NA;NA;NA;NA;NA;NA;NA;NA;NA
52;"GO";5200555;"520055";"Alto Horizonte";"Não";"-";"Ocupantes de automóvel";NA;NA;1;NA;NA;NA;NA;NA;NA;NA;NA;NA;NA;NA;NA;NA;NA;NA;NA;NA;NA;NA;1;NA;NA
52;"GO";5200605;"520060";"Alto Paraíso de Goiás";"Não";"Região Integrada de Desenvolvimento do Distrito Federal e Entorno";"Ocupantes de automóvel";NA;NA;1;NA;NA;1;NA;NA;NA;1;NA;1;NA;1;NA;3;NA;NA;1;NA;NA;NA;NA;1;NA
52;"GO";5200803;"520080";"Alvorada do Norte";"Não";"Região Integrada de Desenvolvimento do Distrito Federal e Entorno";"Ocupantes de automóvel";NA;NA;3;1;3;NA;NA;NA;NA;2;1;2;2;6;1;2;2;7;3;2;NA;1;3;5;NA
52;"GO";5200829;"520082";"Amaralina";"Não";"-";"Ocupantes de automóvel";NA;NA;NA;NA;NA;NA;NA;NA;NA;NA;NA;NA;NA;NA;NA;NA;NA;NA;NA;NA;1;NA;NA;NA;NA
52;"GO";5200852;"520085";"Americano do Brasil";"Não";"-";"Ocupantes de automóvel";NA;NA;NA;NA;NA;NA;NA;NA;NA;NA;NA;NA;NA;NA;NA;NA;NA;NA;NA;1;NA;NA;NA;NA;NA
52;"GO";5200902;"520090";"Amorinópolis";"Não";"-";"Ocupantes de automóvel";NA;NA;NA;NA;NA;2;NA;NA;NA;NA;NA;NA;1;NA;NA;NA;NA;NA;NA;NA;1;NA;NA;NA;NA
52;"GO";5201108;"520110";"Anápolis";"Não";"-";"Ocupantes de automóvel";3;6;7;3;6;6;7;5;12;9;14;24;19;28;15;8;16;11;5;9;13;4;5;2;NA
52;"GO";5201306;"520130";"Anicuns";"Não";"-";"Ocupantes de automóvel";NA;NA;NA;NA;NA;NA;NA;NA;1;NA;NA;NA;2;1;1;2;1;NA;NA;NA;1;NA;3;NA;NA
52;"GO";5201405;"520140";"Aparecida de Goiânia";"Não";"Região Metropolitana de Goiânia";"Ocupantes de automóvel";NA;1;1;2;NA;3;16;6;2;7;3;5;4;2;6;4;3;3;4;7;NA;2;4;4;NA
52;"GO";5201454;"520145";"Aparecida do Rio Doce";"Não";"-";"Ocupantes de automóvel";NA;NA;NA;NA;NA;NA;NA;NA;NA;NA;NA;1;1;NA;NA;NA;NA;2;NA;NA;NA;NA;NA;NA;NA
52;"GO";5201504;"520150";"Aporé";"Não";"-";"Ocupantes de automóvel";NA;NA;NA;NA;NA;2;NA;1;NA;1;NA;NA;NA;NA;2;NA;NA;NA;NA;NA;NA;NA;NA;NA;NA
52;"GO";5201603;"520160";"Araçu";"Não";"-";"Ocupantes de automóvel";NA;NA;NA;NA;NA;NA;NA;NA;NA;NA;NA;NA;NA;NA;NA;NA;1;NA;NA;NA;NA;NA;NA;NA;NA
52;"GO";5201702;"520170";"Aragarças";"Não";"-";"Ocupantes de automóvel";NA;NA;NA;NA;NA;NA;NA;NA;2;NA;1;NA;NA;NA;3;2;NA;NA;NA;1;NA;NA;3;4;NA
52;"GO";5201801;"520180";"Aragoiânia";"Não";"Região Metropolitana de Goiânia";"Ocupantes de automóvel";NA;NA;NA;NA;NA;NA;NA;NA;NA;NA;NA;NA;NA;1;NA;NA;NA;NA;NA;NA;NA;NA;NA;1;NA
52;"GO";5202155;"520215";"Araguapaz";"Não";"-";"Ocupantes de automóvel";NA;NA;NA;NA;NA;NA;4;NA;1;NA;1;NA;1;NA;1;NA;NA;NA;NA;NA;NA;NA;NA;NA;NA
52;"GO";5202353;"520235";"Arenópolis";"Não";"-";"Ocupantes de automóvel";NA;NA;NA;NA;NA;NA;NA;NA;NA;NA;NA;NA;1;NA;NA;NA;1;1;NA;NA;NA;NA;NA;NA;NA
52;"GO";5202502;"520250";"Aruanã";"Não";"-";"Ocupantes de automóvel";NA;NA;NA;NA;NA;NA;NA;NA;NA;NA;NA;NA;2;NA;NA;2;2;NA;NA;NA;1;NA;NA;1;NA
52;"GO";5202601;"520260";"Aurilândia";"Não";"-";"Ocupantes de automóvel";NA;NA;NA;NA;NA;NA;NA;NA;NA;1;NA;NA;NA;NA;1;NA;NA;NA;NA;NA;NA;1;NA;NA;NA
52;"GO";5202809;"520280";"Avelinópolis";"Não";"-";"Ocupantes de automóvel";NA;NA;NA;NA;NA;NA;NA;NA;NA;NA;NA;NA;NA;NA;NA;1;1;NA;NA;NA;1;NA;NA;NA;NA
52;"GO";5203104;"520310";"Baliza";"Não";"-";"Ocupantes de automóvel";NA;NA;NA;NA;NA;NA;NA;NA;NA;NA;1;NA;NA;NA;NA;NA;NA;1;NA;NA;NA;NA;NA;NA;NA
52;"GO";5203203;"520320";"Barro Alto";"Não";"Região Integrada de Desenvolvimento do Distrito Federal e Entorno";"Ocupantes de automóvel";1;NA;NA;NA;NA;2;NA;8;NA;1;1;NA;NA;2;4;1;NA;1;NA;NA;NA;NA;NA;1;NA
52;"GO";5203302;"520330";"Bela Vista de Goiás";"Não";"Região Metropolitana de Goiânia";"Ocupantes de automóvel";NA;NA;NA;NA;NA;NA;1;NA;NA;NA;1;1;NA;1;4;4;3;NA;2;1;NA;1;1;1;NA
52;"GO";5203401;"520340";"Bom Jardim de Goiás";"Não";"-";"Ocupantes de automóvel";NA;NA;NA;NA;NA;NA;NA;NA;NA;1;NA;NA;NA;2;NA;1;NA;NA;NA;NA;1;NA;1;1;NA
52;"GO";5203500;"520350";"Bom Jesus de Goiás";"Não";"-";"Ocupantes de automóvel";NA;NA;NA;NA;1;NA;NA;NA;1;2;NA;1;2;1;3;NA;NA;1;1;1;NA;1;1;2;NA
52;"GO";5203559;"520355";"Bonfinópolis";"Não";"Região Metropolitana de Goiânia";"Ocupantes de automóvel";NA;NA;NA;NA;NA;NA;NA;NA;NA;NA;NA;NA;NA;NA;2;NA;NA;NA;NA;NA;NA;1;1;2;NA
52;"GO";5203609;"520360";"Brazabrantes";"Não";"Região Metropolitana de Goiânia";"Ocupantes de automóvel";NA;NA;NA;NA;NA;NA;NA;NA;NA;NA;NA;NA;NA;NA;NA;NA;NA;1;NA;1;NA;NA;NA;NA;NA
52;"GO";5203807;"520380";"Britânia";"Não";"-";"Ocupantes de automóvel";NA;NA;NA;NA;NA;NA;NA;NA;NA;NA;NA;NA;NA;NA;NA;NA;NA;NA;1;NA;NA;NA;NA;NA;NA
52;"GO";5203906;"520390";"Buriti Alegre";"Não";"-";"Ocupantes de automóvel";NA;NA;NA;NA;NA;NA;NA;NA;NA;NA;NA;NA;NA;NA;NA;NA;NA;2;NA;NA;NA;NA;NA;NA;NA
52;"GO";5203939;"520393";"Buriti de Goiás";"Não";"-";"Ocupantes de automóvel";NA;NA;NA;NA;NA;NA;NA;1;NA;NA;NA;1;NA;NA;NA;NA;NA;1;NA;NA;1;NA;NA;NA;NA
52;"GO";5203962;"520396";"Buritinópolis";"Não";"-";"Ocupantes de automóvel";NA;NA;NA;NA;NA;NA;NA;NA;NA;NA;NA;1;1;NA;NA;2;NA;NA;2;NA;NA;NA;NA;NA;NA
52;"GO";5204003;"520400";"Cabeceiras";"Não";"Região Integrada de Desenvolvimento do Distrito Federal e Entorno";"Ocupantes de automóvel";NA;NA;NA;NA;NA;NA;NA;NA;NA;1;1;1;1;NA;3;1;1;NA;6;NA;NA;1;NA;NA;NA
52;"GO";5204102;"520410";"Cachoeira Alta";"Não";"-";"Ocupantes de automóvel";NA;NA;NA;NA;NA;NA;NA;NA;NA;2;NA;NA;1;NA;NA;1;1;1;2;NA;1;NA;1;NA;NA
52;"GO";5204201;"520420";"Cachoeira de Goiás";"Não";"-";"Ocupantes de automóvel";NA;NA;NA;NA;NA;NA;NA;NA;NA;NA;NA;NA;NA;NA;NA;NA;NA;NA;NA;NA;NA;NA;NA;NA;NA
52;"GO";5204250;"520425";"Cachoeira Dourada";"Não";"-";"Ocupantes de automóvel";NA;NA;NA;NA;NA;NA;NA;NA;NA;NA;NA;1;NA;NA;NA;1;NA;NA;NA;NA;NA;NA;NA;NA;NA
52;"GO";5204300;"520430";"Caçu";"Não";"-";"Ocupantes de automóvel";NA;NA;NA;NA;NA;NA;NA;NA;NA;NA;1;NA;NA;NA;1;NA;NA;2;NA;NA;NA;NA;NA;1;NA
52;"GO";5204409;"520440";"Caiapônia";"Não";"-";"Ocupantes de automóvel";1;NA;NA;NA;NA;NA;NA;NA;2;4;1;1;NA;1;3;2;1;2;1;1;1;1;NA;1;NA
52;"GO";5204508;"520450";"Caldas Novas";"Não";"-";"Ocupantes de automóvel";NA;NA;NA;1;NA;1;1;2;2;1;2;NA;NA;3;5;NA;6;6;2;4;6;NA;1;2;NA
52;"GO";5204607;"520460";"Campestre de Goiás";"Não";"-";"Ocupantes de automóvel";NA;NA;NA;NA;NA;NA;NA;NA;NA;NA;NA;NA;NA;NA;1;NA;NA;2;NA;NA;NA;NA;1;NA;NA
52;"GO";5204656;"520465";"Campinaçu";"Não";"-";"Ocupantes de automóvel";NA;NA;1;NA;NA;NA;NA;NA;NA;NA;NA;NA;NA;NA;NA;NA;NA;NA;NA;NA;1;NA;NA;NA;NA
52;"GO";5204706;"520470";"Campinorte";"Não";"-";"Ocupantes de automóvel";NA;NA;NA;3;NA;NA;NA;1;1;NA;NA;NA;3;1;NA;NA;NA;1;NA;NA;3;1;1;1;NA
52;"GO";5204805;"520480";"Campo Alegre de Goiás";"Não";"-";"Ocupantes de automóvel";NA;1;NA;NA;NA;NA;NA;NA;NA;NA;NA;1;NA;NA;NA;2;NA;NA;NA;NA;1;NA;1;NA;NA
52;"GO";5204854;"520485";"Campo Limpo de Goiás";"Não";"-";"Ocupantes de automóvel";NA;NA;NA;NA;1;NA;NA;NA;NA;NA;NA;NA;NA;1;NA;NA;1;1;NA;NA;NA;NA;NA;NA;NA
52;"GO";5204904;"520490";"Campos Belos";"Não";"-";"Ocupantes de automóvel";NA;NA;NA;NA;NA;2;NA;1;1;1;1;NA;1;NA;NA;NA;4;1;NA;2;2;NA;NA;NA;NA
52;"GO";5204953;"520495";"Campos Verdes";"Não";"-";"Ocupantes de automóvel";NA;NA;NA;NA;NA;NA;NA;NA;NA;NA;NA;1;NA;NA;NA;NA;NA;NA;NA;NA;NA;NA;2;1;NA
52;"GO";5205000;"520500";"Carmo do Rio Verde";"Não";"-";"Ocupantes de automóvel";NA;NA;NA;NA;NA;NA;NA;NA;NA;NA;1;NA;NA;NA;NA;NA;NA;NA;2;1;2;NA;NA;1;NA
52;"GO";5205059;"520505";"Castelândia";"Não";"-";"Ocupantes de automóvel";1;NA;NA;NA;NA;NA;NA;NA;NA;NA;NA;NA;NA;NA;NA;1;NA;NA;1;NA;NA;NA;NA;NA;NA
52;"GO";5205109;"520510";"Catalão";"Não";"-";"Ocupantes de automóvel";NA;NA;NA;NA;NA;NA;NA;NA;NA;NA;2;NA;4;2;1;5;3;6;8;2;4;4;5;4;NA
52;"GO";5205208;"520520";"Caturaí";"Não";"Região Metropolitana de Goiânia";"Ocupantes de automóvel";NA;1;NA;NA;2;NA;NA;NA;NA;NA;NA;NA;NA;NA;NA;NA;NA;NA;NA;NA;NA;NA;NA;NA;NA
52;"GO";5205307;"520530";"Cavalcante";"Não";"Região Integrada de Desenvolvimento do Distrito Federal e Entorno";"Ocupantes de automóvel";1;NA;NA;NA;NA;NA;NA;NA;NA;NA;1;NA;NA;NA;1;NA;3;NA;NA;NA;NA;NA;NA;NA;NA
52;"GO";5205406;"520540";"Ceres";"Não";"-";"Ocupantes de automóvel";NA;NA;1;NA;NA;NA;NA;NA;NA;NA;NA;4;NA;2;4;3;NA;4;NA;2;3;NA;NA;2;NA
52;"GO";5205455;"520545";"Cezarina";"Não";"-";"Ocupantes de automóvel";NA;1;NA;NA;NA;NA;NA;NA;NA;NA;NA;NA;NA;1;NA;1;NA;2;NA;1;NA;1;2;NA;NA
52;"GO";5205471;"520547";"Chapadão do Céu";"Não";"-";"Ocupantes de automóvel";NA;NA;1;1;NA;NA;NA;NA;NA;NA;1;2;NA;2;5;NA;1;1;NA;NA;1;NA;1;1;NA
52;"GO";5205497;"520549";"Cidade Ocidental";"Não";"Região Integrada de Desenvolvimento do Distrito Federal e Entorno";"Ocupantes de automóvel";NA;1;NA;NA;NA;NA;NA;NA;NA;NA;2;NA;2;NA;1;NA;NA;1;NA;1;NA;NA;NA;1;NA
52;"GO";5205513;"520551";"Cocalzinho de Goiás";"Não";"Região Integrada de Desenvolvimento do Distrito Federal e Entorno";"Ocupantes de automóvel";1;2;1;1;1;NA;NA;NA;4;NA;3;6;4;4;5;1;3;4;4;3;3;NA;2;NA;NA
52;"GO";5205521;"520552";"Colinas do Sul";"Não";"-";"Ocupantes de automóvel";1;1;NA;NA;NA;NA;NA;NA;NA;NA;NA;NA;NA;NA;NA;NA;NA;1;NA;1;NA;NA;1;NA;NA
52;"GO";5205703;"520570";"Córrego do Ouro";"Não";"-";"Ocupantes de automóvel";1;NA;NA;NA;NA;NA;NA;NA;NA;NA;NA;NA;NA;NA;NA;NA;NA;NA;NA;NA;NA;NA;NA;NA;NA
52;"GO";5205802;"520580";"Corumbá de Goiás";"Não";"Região Integrada de Desenvolvimento do Distrito Federal e Entorno";"Ocupantes de automóvel";NA;NA;1;NA;1;NA;NA;2;NA;NA;1;2;NA;1;2;NA;NA;1;NA;1;2;NA;NA;NA;NA
52;"GO";5205901;"520590";"Corumbaíba";"Não";"-";"Ocupantes de automóvel";NA;NA;NA;NA;NA;NA;NA;NA;NA;NA;NA;NA;NA;NA;NA;NA;NA;1;2;NA;1;NA;NA;NA;NA
52;"GO";5206206;"520620";"Cristalina";"Não";"Região Integrada de Desenvolvimento do Distrito Federal e Entorno";"Ocupantes de automóvel";2;13;3;NA;NA;NA;5;NA;6;11;12;9;11;9;9;24;12;8;3;4;7;3;6;1;NA
52;"GO";5206305;"520630";"Cristianópolis";"Não";"-";"Ocupantes de automóvel";1;NA;NA;NA;NA;NA;NA;NA;NA;NA;NA;NA;NA;NA;NA;NA;2;NA;NA;NA;NA;1;NA;NA;NA
52;"GO";5206404;"520640";"Crixás";"Não";"-";"Ocupantes de automóvel";NA;NA;NA;1;NA;NA;NA;NA;NA;NA;NA;1;NA;1;2;1;2;NA;2;NA;NA;NA;1;1;NA
52;"GO";5206503;"520650";"Cromínia";"Não";"-";"Ocupantes de automóvel";NA;NA;NA;NA;NA;NA;NA;NA;NA;NA;1;NA;NA;1;NA;NA;NA;NA;NA;NA;NA;NA;NA;NA;NA
52;"GO";5206602;"520660";"Cumari";"Não";"-";"Ocupantes de automóvel";1;NA;NA;NA;NA;NA;NA;NA;NA;NA;NA;NA;NA;NA;5;NA;1;NA;1;NA;NA;NA;NA;NA;NA
52;"GO";5206701;"520670";"Damianópolis";"Não";"-";"Ocupantes de automóvel";NA;NA;NA;NA;NA;NA;NA;NA;2;NA;NA;NA;NA;NA;1;NA;NA;NA;NA;NA;NA;NA;NA;NA;NA
52;"GO";5206800;"520680";"Damolândia";"Não";"-";"Ocupantes de automóvel";NA;1;NA;NA;NA;NA;NA;NA;NA;NA;NA;NA;NA;NA;NA;NA;NA;NA;NA;NA;NA;NA;NA;NA;NA
52;"GO";5206909;"520690";"Davinópolis";"Não";"-";"Ocupantes de automóvel";NA;NA;NA;NA;NA;NA;NA;NA;NA;NA;NA;NA;NA;1;NA;NA;NA;NA;2;NA;NA;NA;NA;NA;NA
52;"GO";5207253;"520725";"Doverlândia";"Não";"-";"Ocupantes de automóvel";NA;NA;NA;NA;NA;NA;NA;NA;NA;NA;NA;1;NA;2;NA;NA;1;NA;NA;NA;1;NA;NA;NA;NA
52;"GO";5207352;"520735";"Edealina";"Não";"-";"Ocupantes de automóvel";NA;NA;NA;NA;NA;NA;NA;NA;NA;NA;NA;NA;NA;NA;NA;NA;NA;NA;NA;NA;NA;NA;NA;NA;NA
52;"GO";5207402;"520740";"Edéia";"Não";"-";"Ocupantes de automóvel";NA;NA;NA;NA;1;NA;3;NA;NA;1;NA;NA;1;NA;NA;NA;NA;NA;1;NA;1;NA;NA;NA;NA
52;"GO";5207501;"520750";"Estrela do Norte";"Não";"-";"Ocupantes de automóvel";1;NA;NA;NA;1;1;1;NA;NA;NA;NA;NA;4;1;NA;2;3;1;NA;NA;NA;NA;1;NA;NA
52;"GO";5207535;"520753";"Faina";"Não";"-";"Ocupantes de automóvel";NA;1;2;NA;1;NA;1;NA;NA;NA;NA;NA;1;NA;NA;1;3;2;NA;1;NA;1;NA;NA;NA
52;"GO";5207600;"520760";"Fazenda Nova";"Não";"-";"Ocupantes de automóvel";NA;NA;NA;NA;NA;NA;NA;NA;NA;NA;NA;NA;1;NA;NA;NA;NA;NA;NA;NA;NA;NA;1;1;NA
52;"GO";5207808;"520780";"Firminópolis";"Não";"-";"Ocupantes de automóvel";NA;NA;NA;NA;NA;NA;NA;NA;NA;2;NA;1;1;NA;2;NA;NA;NA;1;NA;1;NA;NA;NA;NA
52;"GO";5207907;"520790";"Flores de Goiás";"Não";"Região Integrada de Desenvolvimento do Distrito Federal e Entorno";"Ocupantes de automóvel";NA;NA;2;1;NA;NA;NA;4;NA;NA;1;NA;1;4;2;2;4;1;1;3;3;1;NA;3;NA
52;"GO";5208004;"520800";"Formosa";"Não";"Região Integrada de Desenvolvimento do Distrito Federal e Entorno";"Ocupantes de automóvel";4;1;1;6;3;3;7;3;8;12;5;9;5;7;20;18;15;6;14;9;8;7;5;3;NA
52;"GO";5208103;"520810";"Formoso";"Não";"-";"Ocupantes de automóvel";NA;NA;NA;NA;NA;NA;NA;NA;NA;NA;NA;NA;1;NA;NA;NA;1;NA;NA;NA;NA;NA;NA;NA;NA
52;"GO";5208152;"520815";"Gameleira de Goiás";"Não";"-";"Ocupantes de automóvel";NA;NA;NA;NA;NA;NA;NA;NA;NA;NA;NA;NA;NA;NA;NA;NA;NA;NA;NA;NA;NA;NA;NA;NA;NA
52;"GO";5208301;"520830";"Divinópolis de Goiás";"Não";"-";"Ocupantes de automóvel";NA;NA;NA;NA;NA;NA;NA;NA;NA;NA;NA;NA;NA;NA;NA;NA;NA;1;NA;NA;NA;NA;NA;NA;NA
52;"GO";5208400;"520840";"Goianápolis";"Não";"Região Metropolitana de Goiânia";"Ocupantes de automóvel";NA;1;1;2;NA;NA;NA;2;NA;NA;2;1;3;NA;NA;NA;NA;NA;NA;NA;1;2;NA;NA;NA
52;"GO";5208509;"520850";"Goiandira";"Não";"-";"Ocupantes de automóvel";NA;NA;NA;NA;NA;NA;NA;NA;NA;NA;1;NA;NA;NA;NA;NA;1;NA;NA;1;1;NA;NA;NA;NA
52;"GO";5208608;"520860";"Goianésia";"Não";"Região Integrada de Desenvolvimento do Distrito Federal e Entorno";"Ocupantes de automóvel";1;1;1;NA;4;NA;2;NA;2;4;6;2;3;4;4;5;2;1;1;1;2;3;1;2;NA
52;"GO";5208707;"520870";"Goiânia";"Sim";"Região Metropolitana de Goiânia";"Ocupantes de automóvel";18;19;16;12;34;31;33;32;42;33;27;32;31;34;46;41;46;54;42;32;34;33;25;52;NA
52;"GO";5208806;"520880";"Goianira";"Não";"Região Metropolitana de Goiânia";"Ocupantes de automóvel";NA;NA;NA;NA;NA;NA;NA;NA;NA;NA;NA;NA;NA;NA;1;3;2;4;2;NA;NA;3;1;NA;NA
52;"GO";5208905;"520890";"Goiás";"Não";"-";"Ocupantes de automóvel";NA;NA;NA;1;NA;NA;NA;1;NA;NA;1;NA;NA;6;2;2;5;NA;NA;NA;2;NA;NA;1;NA
52;"GO";5209101;"520910";"Goiatuba";"Não";"-";"Ocupantes de automóvel";NA;NA;NA;1;2;1;NA;NA;NA;NA;1;NA;1;2;3;NA;1;1;NA;NA;NA;1;6;1;NA
52;"GO";5209150;"520915";"Gouvelândia";"Não";"-";"Ocupantes de automóvel";NA;NA;NA;NA;NA;NA;NA;NA;NA;NA;NA;NA;NA;NA;1;1;1;NA;NA;NA;1;NA;NA;NA;NA
52;"GO";5209200;"520920";"Guapó";"Não";"Região Metropolitana de Goiânia";"Ocupantes de automóvel";NA;NA;NA;NA;NA;1;NA;1;NA;2;NA;NA;NA;1;2;NA;4;NA;2;NA;NA;NA;NA;NA;NA
52;"GO";5209291;"520929";"Guaraíta";"Não";"-";"Ocupantes de automóvel";NA;NA;NA;NA;NA;NA;NA;NA;NA;NA;NA;NA;NA;NA;NA;NA;NA;NA;NA;NA;NA;NA;NA;NA;NA
52;"GO";5209408;"520940";"Guarani de Goiás";"Não";"-";"Ocupantes de automóvel";NA;NA;NA;NA;NA;NA;NA;NA;NA;NA;3;NA;NA;1;NA;NA;NA;5;NA;1;3;2;3;NA;NA
52;"GO";5209457;"520945";"Guarinos";"Não";"-";"Ocupantes de automóvel";NA;NA;NA;NA;NA;NA;NA;NA;NA;NA;NA;NA;NA;1;NA;NA;NA;NA;NA;NA;NA;NA;NA;1;NA
52;"GO";5209606;"520960";"Heitoraí";"Não";"-";"Ocupantes de automóvel";NA;NA;NA;NA;NA;NA;NA;NA;NA;NA;NA;NA;NA;NA;NA;NA;NA;NA;NA;1;NA;NA;3;NA;NA
52;"GO";5209705;"520970";"Hidrolândia";"Não";"Região Metropolitana de Goiânia";"Ocupantes de automóvel";NA;NA;NA;NA;4;NA;NA;NA;NA;NA;NA;NA;1;2;3;2;NA;NA;NA;NA;NA;2;NA;NA;NA
52;"GO";5209804;"520980";"Hidrolina";"Não";"-";"Ocupantes de automóvel";1;NA;NA;NA;NA;NA;NA;NA;1;NA;NA;NA;NA;NA;NA;NA;1;NA;1;1;NA;2;2;2;NA
52;"GO";5209903;"520990";"Iaciara";"Não";"-";"Ocupantes de automóvel";NA;NA;NA;1;NA;NA;NA;NA;NA;NA;1;NA;NA;1;NA;2;NA;NA;NA;1;2;NA;NA;NA;NA
52;"GO";5209937;"520993";"Inaciolândia";"Não";"-";"Ocupantes de automóvel";NA;NA;NA;NA;NA;NA;NA;NA;NA;NA;NA;NA;NA;1;NA;NA;NA;NA;NA;NA;NA;NA;NA;NA;NA
52;"GO";5209952;"520995";"Indiara";"Não";"-";"Ocupantes de automóvel";NA;NA;NA;NA;1;2;NA;NA;NA;1;NA;NA;1;NA;5;3;7;3;1;NA;1;NA;1;NA;NA
52;"GO";5210000;"521000";"Inhumas";"Não";"Região Metropolitana de Goiânia";"Ocupantes de automóvel";NA;NA;NA;NA;NA;2;1;NA;NA;NA;NA;6;2;1;3;1;6;6;NA;2;3;5;NA;3;NA
52;"GO";5210109;"521010";"Ipameri";"Não";"-";"Ocupantes de automóvel";NA;NA;NA;2;NA;NA;NA;NA;1;1;2;2;1;NA;2;1;3;NA;2;NA;2;1;3;1;NA
52;"GO";5210158;"521015";"Ipiranga de Goiás";"Não";"-";"Ocupantes de automóvel";NA;NA;NA;NA;NA;NA;NA;NA;NA;NA;NA;NA;NA;NA;NA;1;NA;NA;NA;1;NA;NA;NA;1;NA
52;"GO";5210208;"521020";"Iporá";"Não";"-";"Ocupantes de automóvel";NA;NA;NA;NA;1;2;NA;NA;1;1;NA;2;1;2;5;2;NA;1;1;1;1;NA;1;NA;NA
52;"GO";5210307;"521030";"Israelândia";"Não";"-";"Ocupantes de automóvel";NA;NA;NA;NA;NA;NA;NA;NA;NA;1;2;1;3;1;1;NA;NA;NA;NA;NA;1;1;NA;2;NA
52;"GO";5210406;"521040";"Itaberaí";"Não";"-";"Ocupantes de automóvel";NA;NA;NA;NA;NA;NA;NA;3;NA;2;3;2;1;NA;3;3;NA;1;2;1;5;1;1;3;NA
52;"GO";5210562;"521056";"Itaguari";"Não";"-";"Ocupantes de automóvel";NA;NA;NA;NA;NA;NA;NA;NA;NA;NA;NA;NA;NA;NA;NA;NA;NA;NA;NA;1;NA;1;2;1;NA
52;"GO";5210604;"521060";"Itaguaru";"Não";"-";"Ocupantes de automóvel";NA;NA;NA;2;NA;1;1;NA;NA;1;NA;NA;1;NA;NA;NA;NA;NA;NA;NA;NA;1;NA;NA;NA
52;"GO";5210802;"521080";"Itajá";"Não";"-";"Ocupantes de automóvel";NA;NA;NA;1;NA;NA;NA;NA;NA;NA;NA;NA;1;NA;NA;NA;NA;1;NA;NA;NA;1;NA;NA;NA
52;"GO";5210901;"521090";"Itapaci";"Não";"-";"Ocupantes de automóvel";NA;NA;NA;NA;1;1;1;NA;NA;NA;NA;NA;NA;3;1;1;NA;1;1;NA;1;NA;1;1;NA
52;"GO";5211008;"521100";"Itapirapuã";"Não";"-";"Ocupantes de automóvel";NA;NA;NA;1;NA;NA;1;1;NA;NA;NA;NA;NA;NA;1;NA;1;NA;NA;NA;NA;NA;NA;NA;NA
52;"GO";5211206;"521120";"Itapuranga";"Não";"-";"Ocupantes de automóvel";NA;NA;NA;NA;NA;NA;NA;NA;NA;NA;NA;NA;NA;NA;1;NA;1;NA;2;NA;1;NA;3;2;NA
52;"GO";5211305;"521130";"Itarumã";"Não";"-";"Ocupantes de automóvel";NA;NA;NA;NA;NA;NA;NA;NA;NA;NA;NA;1;2;NA;1;NA;NA;NA;NA;NA;NA;1;NA;NA;NA
52;"GO";5211404;"521140";"Itauçu";"Não";"-";"Ocupantes de automóvel";NA;NA;NA;NA;NA;NA;NA;NA;NA;NA;NA;NA;3;NA;1;2;1;1;2;2;NA;1;1;NA;NA
52;"GO";5211503;"521150";"Itumbiara";"Não";"-";"Ocupantes de automóvel";NA;5;NA;1;NA;1;4;NA;NA;NA;1;NA;4;3;3;1;2;8;1;6;4;1;7;7;NA
52;"GO";5211602;"521160";"Ivolândia";"Não";"-";"Ocupantes de automóvel";NA;NA;NA;NA;NA;NA;NA;NA;NA;NA;2;NA;NA;3;2;NA;NA;1;NA;NA;NA;NA;NA;NA;NA
52;"GO";5211701;"521170";"Jandaia";"Não";"-";"Ocupantes de automóvel";NA;NA;NA;NA;NA;1;NA;NA;NA;NA;NA;NA;1;1;NA;1;NA;1;NA;1;NA;1;1;2;NA
52;"GO";5211800;"521180";"Jaraguá";"Não";"-";"Ocupantes de automóvel";NA;NA;6;1;NA;NA;1;1;2;5;3;4;1;3;3;5;5;2;NA;3;NA;3;NA;NA;NA
52;"GO";5211909;"521190";"Jataí";"Não";"-";"Ocupantes de automóvel";1;1;2;2;5;4;12;11;4;8;5;1;9;2;4;2;7;1;1;2;4;7;3;2;NA
52;"GO";5212006;"521200";"Jaupaci";"Não";"-";"Ocupantes de automóvel";NA;NA;NA;NA;NA;NA;NA;NA;NA;NA;NA;NA;1;1;2;1;NA;NA;3;NA;NA;NA;NA;NA;NA
52;"GO";5212055;"521205";"Jesúpolis";"Não";"-";"Ocupantes de automóvel";NA;NA;NA;NA;NA;NA;NA;NA;NA;NA;NA;NA;NA;NA;NA;NA;NA;NA;NA;NA;NA;NA;NA;NA;NA
52;"GO";5212105;"521210";"Joviânia";"Não";"-";"Ocupantes de automóvel";NA;NA;NA;NA;NA;NA;1;NA;NA;NA;1;NA;1;NA;1;NA;NA;NA;NA;NA;NA;NA;NA;NA;NA
52;"GO";5212204;"521220";"Jussara";"Não";"-";"Ocupantes de automóvel";NA;NA;NA;NA;NA;1;1;1;1;NA;2;3;6;2;NA;NA;1;NA;1;2;3;1;2;1;NA
52;"GO";5212303;"521230";"Leopoldo de Bulhões";"Não";"-";"Ocupantes de automóvel";NA;NA;NA;NA;NA;1;NA;NA;NA;NA;NA;1;NA;1;NA;2;3;NA;1;2;NA;NA;NA;NA;NA
52;"GO";5212501;"521250";"Luziânia";"Não";"Região Integrada de Desenvolvimento do Distrito Federal e Entorno";"Ocupantes de automóvel";NA;6;5;2;2;7;8;8;2;9;5;3;6;13;11;24;6;3;3;1;3;2;3;3;NA
52;"GO";5212600;"521260";"Mairipotaba";"Não";"-";"Ocupantes de automóvel";1;NA;NA;NA;NA;NA;NA;NA;NA;NA;NA;NA;NA;NA;NA;NA;NA;2;NA;NA;NA;NA;NA;NA;NA
52;"GO";5212709;"521270";"Mambaí";"Não";"-";"Ocupantes de automóvel";NA;NA;NA;NA;NA;1;NA;NA;NA;NA;NA;NA;NA;NA;2;1;1;2;2;NA;NA;1;1;NA;NA
52;"GO";5212808;"521280";"Mara Rosa";"Não";"-";"Ocupantes de automóvel";NA;NA;NA;NA;NA;NA;NA;NA;1;NA;1;2;1;2;NA;2;2;NA;NA;2;NA;1;1;4;NA
52;"GO";5212907;"521290";"Marzagão";"Não";"-";"Ocupantes de automóvel";NA;NA;NA;NA;NA;NA;NA;NA;NA;NA;NA;NA;NA;NA;NA;NA;NA;NA;NA;NA;NA;NA;NA;1;NA
52;"GO";5212956;"521295";"Matrinchã";"Não";"-";"Ocupantes de automóvel";NA;NA;NA;NA;NA;NA;NA;1;NA;NA;NA;NA;NA;NA;NA;NA;NA;NA;NA;NA;NA;NA;NA;NA;NA
52;"GO";5213004;"521300";"Maurilândia";"Não";"-";"Ocupantes de automóvel";NA;NA;NA;NA;NA;NA;NA;NA;NA;NA;NA;NA;NA;NA;3;1;1;NA;NA;NA;NA;NA;NA;NA;NA
52;"GO";5213053;"521305";"Mimoso de Goiás";"Não";"Região Integrada de Desenvolvimento do Distrito Federal e Entorno";"Ocupantes de automóvel";NA;NA;1;1;NA;NA;NA;NA;NA;NA;NA;NA;NA;NA;NA;NA;NA;NA;NA;NA;NA;NA;NA;1;NA
52;"GO";5213087;"521308";"Minaçu";"Não";"-";"Ocupantes de automóvel";NA;NA;1;2;NA;2;NA;1;1;6;1;NA;NA;2;2;NA;NA;3;NA;NA;NA;NA;NA;NA;NA
52;"GO";5213103;"521310";"Mineiros";"Não";"-";"Ocupantes de automóvel";NA;NA;1;1;NA;NA;2;NA;1;1;4;3;5;7;4;3;1;3;4;NA;3;4;NA;3;NA
52;"GO";5213400;"521340";"Moiporá";"Não";"-";"Ocupantes de automóvel";NA;NA;NA;NA;1;NA;NA;NA;NA;NA;NA;NA;NA;1;NA;NA;NA;1;NA;NA;NA;NA;NA;NA;NA
52;"GO";5213509;"521350";"Monte Alegre de Goiás";"Não";"-";"Ocupantes de automóvel";NA;1;NA;2;1;3;NA;1;1;NA;1;NA;NA;NA;2;1;1;4;1;NA;NA;NA;NA;NA;NA
52;"GO";5213707;"521370";"Montes Claros de Goiás";"Não";"-";"Ocupantes de automóvel";NA;NA;NA;NA;NA;NA;NA;NA;NA;1;NA;NA;1;5;NA;NA;NA;3;3;NA;1;NA;1;2;NA
52;"GO";5213756;"521375";"Montividiu";"Não";"-";"Ocupantes de automóvel";NA;NA;NA;NA;NA;1;NA;NA;NA;NA;NA;NA;1;1;1;NA;3;NA;2;NA;1;5;NA;NA;NA
52;"GO";5213772;"521377";"Montividiu do Norte";"Não";"-";"Ocupantes de automóvel";NA;NA;NA;NA;NA;NA;NA;NA;NA;NA;NA;NA;NA;NA;NA;NA;NA;NA;NA;NA;NA;NA;NA;NA;NA
52;"GO";5213806;"521380";"Morrinhos";"Não";"-";"Ocupantes de automóvel";3;1;NA;2;NA;1;NA;1;1;2;3;NA;1;1;1;3;1;1;1;NA;1;1;2;NA;NA
52;"GO";5213855;"521385";"Morro Agudo de Goiás";"Não";"-";"Ocupantes de automóvel";NA;NA;NA;NA;NA;NA;NA;NA;NA;NA;NA;NA;NA;NA;NA;NA;NA;NA;NA;NA;NA;NA;NA;NA;NA
52;"GO";5213905;"521390";"Mossâmedes";"Não";"-";"Ocupantes de automóvel";NA;NA;NA;NA;NA;NA;NA;NA;NA;NA;NA;NA;NA;NA;NA;NA;NA;1;NA;NA;NA;NA;NA;2;NA
52;"GO";5214002;"521400";"Mozarlândia";"Não";"-";"Ocupantes de automóvel";1;NA;NA;NA;4;NA;NA;1;NA;NA;NA;NA;NA;NA;1;1;1;2;NA;5;1;NA;2;NA;NA
52;"GO";5214051;"521405";"Mundo Novo";"Não";"-";"Ocupantes de automóvel";NA;1;NA;NA;NA;NA;NA;1;NA;1;NA;1;NA;NA;1;NA;NA;NA;NA;NA;NA;NA;1;NA;NA
52;"GO";5214101;"521410";"Mutunópolis";"Não";"-";"Ocupantes de automóvel";NA;NA;NA;1;NA;NA;NA;NA;NA;NA;NA;NA;NA;NA;NA;NA;1;NA;NA;NA;NA;NA;NA;NA;NA
52;"GO";5214408;"521440";"Nazário";"Não";"-";"Ocupantes de automóvel";NA;NA;NA;NA;NA;NA;NA;NA;NA;NA;NA;NA;NA;1;NA;NA;1;NA;NA;NA;NA;8;3;2;NA
52;"GO";5214507;"521450";"Nerópolis";"Não";"Região Metropolitana de Goiânia";"Ocupantes de automóvel";NA;NA;1;NA;1;1;1;NA;NA;2;1;1;1;2;1;3;1;1;2;1;3;NA;1;3;NA
52;"GO";5214606;"521460";"Niquelândia";"Não";"Região Integrada de Desenvolvimento do Distrito Federal e Entorno";"Ocupantes de automóvel";1;NA;1;3;1;1;1;1;NA;3;1;7;6;4;1;4;1;NA;1;2;1;1;9;1;NA
52;"GO";5214705;"521470";"Nova América";"Não";"-";"Ocupantes de automóvel";NA;NA;NA;NA;NA;NA;NA;NA;NA;NA;NA;NA;NA;NA;NA;NA;NA;NA;NA;NA;NA;1;NA;NA;NA
52;"GO";5214804;"521480";"Nova Aurora";"Não";"-";"Ocupantes de automóvel";NA;NA;NA;NA;NA;NA;NA;NA;NA;NA;NA;NA;NA;NA;NA;NA;NA;NA;NA;NA;NA;NA;NA;NA;NA
52;"GO";5214838;"521483";"Nova Crixás";"Não";"-";"Ocupantes de automóvel";NA;3;NA;NA;NA;2;3;1;NA;NA;NA;NA;NA;1;NA;NA;NA;NA;NA;2;NA;NA;1;NA;NA
52;"GO";5214861;"521486";"Nova Glória";"Não";"-";"Ocupantes de automóvel";NA;NA;NA;1;NA;NA;NA;1;1;NA;2;4;4;4;7;2;1;1;NA;5;1;1;3;1;NA
52;"GO";5214879;"521487";"Nova Iguaçu de Goiás";"Não";"-";"Ocupantes de automóvel";NA;NA;1;NA;NA;NA;NA;NA;1;1;NA;NA;NA;NA;3;NA;2;NA;1;NA;NA;NA;NA;NA;NA
52;"GO";5214903;"521490";"Nova Roma";"Não";"-";"Ocupantes de automóvel";1;NA;NA;NA;NA;NA;NA;NA;NA;NA;NA;NA;NA;1;NA;NA;NA;NA;NA;NA;NA;NA;NA;NA;NA
52;"GO";5215009;"521500";"Nova Veneza";"Não";"Região Metropolitana de Goiânia";"Ocupantes de automóvel";NA;NA;NA;NA;NA;NA;NA;NA;NA;NA;NA;NA;NA;1;NA;NA;NA;NA;NA;NA;1;NA;NA;NA;NA
52;"GO";5215207;"521520";"Novo Brasil";"Não";"-";"Ocupantes de automóvel";NA;NA;NA;NA;NA;NA;NA;NA;NA;NA;NA;NA;NA;NA;NA;1;1;NA;NA;NA;NA;NA;NA;NA;NA
52;"GO";5215231;"521523";"Novo Gama";"Não";"Região Integrada de Desenvolvimento do Distrito Federal e Entorno";"Ocupantes de automóvel";1;1;NA;1;NA;NA;1;NA;1;1;1;NA;NA;1;2;1;NA;1;NA;NA;1;NA;NA;NA;NA
52;"GO";5215256;"521525";"Novo Planalto";"Não";"-";"Ocupantes de automóvel";NA;2;1;NA;NA;NA;NA;NA;NA;NA;NA;NA;NA;1;NA;NA;NA;NA;NA;NA;NA;NA;NA;NA;NA
52;"GO";5215306;"521530";"Orizona";"Não";"-";"Ocupantes de automóvel";NA;1;NA;NA;NA;NA;NA;NA;NA;NA;NA;1;1;NA;NA;NA;NA;NA;NA;NA;NA;NA;NA;NA;NA
52;"GO";5215405;"521540";"Ouro Verde de Goiás";"Não";"-";"Ocupantes de automóvel";NA;NA;NA;NA;NA;NA;NA;NA;NA;NA;NA;NA;1;NA;NA;NA;1;NA;NA;NA;NA;NA;1;NA;NA
52;"GO";5215504;"521550";"Ouvidor";"Não";"-";"Ocupantes de automóvel";NA;NA;NA;NA;NA;NA;NA;NA;NA;NA;NA;NA;NA;NA;NA;NA;NA;NA;NA;NA;NA;NA;1;NA;NA
52;"GO";5215603;"521560";"Padre Bernardo";"Não";"Região Integrada de Desenvolvimento do Distrito Federal e Entorno";"Ocupantes de automóvel";2;1;1;3;3;2;1;NA;2;5;8;2;NA;1;3;4;4;NA;NA;NA;2;1;NA;NA;NA
52;"GO";5215652;"521565";"Palestina de Goiás";"Não";"-";"Ocupantes de automóvel";NA;NA;NA;NA;NA;NA;NA;NA;NA;1;NA;2;1;2;NA;NA;NA;NA;NA;NA;1;NA;NA;1;NA
52;"GO";5215702;"521570";"Palmeiras de Goiás";"Não";"-";"Ocupantes de automóvel";NA;NA;2;NA;NA;NA;NA;NA;NA;NA;NA;1;NA;NA;NA;3;NA;1;NA;1;3;NA;NA;1;NA
52;"GO";5215801;"521580";"Palmelo";"Não";"-";"Ocupantes de automóvel";NA;NA;NA;NA;NA;NA;NA;NA;NA;NA;NA;NA;NA;NA;NA;NA;NA;NA;NA;NA;NA;1;NA;NA;NA
52;"GO";5215900;"521590";"Palminópolis";"Não";"-";"Ocupantes de automóvel";NA;NA;NA;NA;NA;NA;NA;NA;NA;NA;NA;NA;NA;NA;NA;NA;NA;NA;NA;NA;NA;NA;NA;NA;NA
52;"GO";5216007;"521600";"Panamá";"Não";"-";"Ocupantes de automóvel";NA;NA;NA;NA;NA;2;NA;NA;NA;NA;NA;NA;NA;NA;NA;NA;1;NA;NA;NA;2;NA;NA;1;NA
52;"GO";5216304;"521630";"Paranaiguara";"Não";"-";"Ocupantes de automóvel";NA;NA;NA;NA;NA;NA;NA;NA;NA;NA;NA;NA;1;NA;1;NA;NA;NA;NA;NA;1;NA;2;1;NA
52;"GO";5216403;"521640";"Paraúna";"Não";"-";"Ocupantes de automóvel";NA;NA;NA;NA;NA;NA;NA;NA;NA;NA;NA;NA;NA;NA;1;NA;4;2;1;1;1;NA;2;NA;NA
52;"GO";5216452;"521645";"Perolândia";"Não";"-";"Ocupantes de automóvel";NA;NA;NA;NA;NA;NA;NA;NA;NA;NA;NA;NA;NA;1;NA;NA;NA;1;NA;NA;NA;NA;NA;NA;NA
52;"GO";5216809;"521680";"Petrolina de Goiás";"Não";"-";"Ocupantes de automóvel";NA;NA;NA;NA;NA;NA;NA;NA;NA;NA;1;1;NA;1;NA;NA;NA;NA;2;3;1;NA;NA;NA;NA
52;"GO";5216908;"521690";"Pilar de Goiás";"Não";"-";"Ocupantes de automóvel";NA;NA;NA;NA;NA;NA;NA;NA;NA;NA;NA;NA;NA;NA;1;NA;NA;NA;NA;1;NA;NA;NA;NA;NA
52;"GO";5217104;"521710";"Piracanjuba";"Não";"-";"Ocupantes de automóvel";NA;NA;NA;1;1;2;NA;2;3;3;NA;2;NA;1;1;NA;3;NA;NA;NA;NA;NA;3;3;NA
52;"GO";5217203;"521720";"Piranhas";"Não";"-";"Ocupantes de automóvel";NA;1;1;NA;NA;NA;NA;NA;NA;2;1;NA;1;2;NA;1;NA;NA;1;2;1;NA;NA;NA;NA
52;"GO";5217302;"521730";"Pirenópolis";"Não";"Região Integrada de Desenvolvimento do Distrito Federal e Entorno";"Ocupantes de automóvel";1;NA;NA;NA;NA;1;NA;NA;NA;2;4;2;NA;5;2;1;NA;NA;1;NA;1;NA;2;NA;NA
52;"GO";5217401;"521740";"Pires do Rio";"Não";"-";"Ocupantes de automóvel";1;NA;NA;NA;1;NA;NA;NA;NA;NA;3;1;NA;1;1;NA;NA;1;3;1;4;3;NA;2;NA
52;"GO";5217609;"521760";"Planaltina";"Não";"Região Integrada de Desenvolvimento do Distrito Federal e Entorno";"Ocupantes de automóvel";NA;1;2;1;3;1;1;NA;2;NA;1;3;4;5;5;4;4;5;3;2;4;1;NA;7;NA
52;"GO";5217708;"521770";"Pontalina";"Não";"-";"Ocupantes de automóvel";NA;NA;NA;NA;NA;NA;NA;NA;NA;7;NA;1;3;NA;NA;2;NA;NA;NA;1;NA;1;NA;NA;NA
52;"GO";5218003;"521800";"Porangatu";"Não";"-";"Ocupantes de automóvel";3;NA;3;1;1;5;2;NA;NA;NA;4;NA;2;NA;NA;1;5;5;NA;NA;4;NA;2;2;NA
52;"GO";5218052;"521805";"Porteirão";"Não";"-";"Ocupantes de automóvel";NA;NA;NA;NA;1;NA;NA;NA;NA;NA;1;NA;NA;NA;NA;NA;1;NA;NA;NA;NA;NA;1;NA;NA
52;"GO";5218102;"521810";"Portelândia";"Não";"-";"Ocupantes de automóvel";NA;NA;NA;NA;NA;NA;1;NA;NA;NA;NA;NA;NA;1;NA;NA;NA;1;2;NA;4;1;NA;NA;NA
52;"GO";5218300;"521830";"Posse";"Não";"-";"Ocupantes de automóvel";NA;1;NA;1;NA;NA;NA;2;NA;3;5;2;3;4;12;8;6;6;3;3;1;7;1;2;NA
52;"GO";5218391;"521839";"Professor Jamil";"Não";"-";"Ocupantes de automóvel";NA;NA;NA;NA;NA;NA;NA;NA;NA;2;NA;NA;NA;NA;1;1;NA;1;NA;NA;NA;NA;NA;NA;NA
52;"GO";5218508;"521850";"Quirinópolis";"Não";"-";"Ocupantes de automóvel";NA;NA;NA;NA;NA;NA;NA;NA;NA;NA;NA;NA;1;2;6;1;3;1;4;NA;2;2;1;2;NA
52;"GO";5218607;"521860";"Rialma";"Não";"-";"Ocupantes de automóvel";2;NA;NA;NA;NA;NA;NA;NA;2;NA;NA;1;4;3;10;2;NA;NA;3;4;NA;1;NA;3;NA
52;"GO";5218706;"521870";"Rianápolis";"Não";"-";"Ocupantes de automóvel";NA;NA;1;NA;NA;NA;NA;NA;NA;NA;NA;NA;NA;3;NA;5;1;NA;NA;NA;2;2;NA;1;NA
52;"GO";5218789;"521878";"Rio Quente";"Não";"-";"Ocupantes de automóvel";1;NA;NA;NA;NA;NA;NA;NA;NA;NA;NA;NA;NA;NA;NA;NA;NA;NA;NA;NA;1;1;NA;NA;NA
52;"GO";5218805;"521880";"Rio Verde";"Não";"-";"Ocupantes de automóvel";1;NA;1;NA;NA;6;2;NA;NA;5;NA;NA;5;6;8;9;8;18;12;7;9;7;7;7;NA
52;"GO";5218904;"521890";"Rubiataba";"Não";"-";"Ocupantes de automóvel";NA;NA;NA;NA;NA;NA;NA;NA;NA;1;NA;1;2;1;NA;NA;NA;NA;NA;NA;NA;NA;1;NA;NA
52;"GO";5219001;"521900";"Sanclerlândia";"Não";"-";"Ocupantes de automóvel";NA;NA;NA;NA;NA;NA;NA;NA;NA;NA;NA;NA;NA;NA;NA;3;2;NA;NA;NA;1;NA;NA;NA;NA
52;"GO";5219100;"521910";"Santa Bárbara de Goiás";"Não";"Região Metropolitana de Goiânia";"Ocupantes de automóvel";NA;2;NA;NA;NA;NA;1;NA;NA;NA;NA;NA;NA;1;1;NA;NA;NA;1;NA;2;NA;1;NA;NA
52;"GO";5219209;"521920";"Santa Cruz de Goiás";"Não";"-";"Ocupantes de automóvel";NA;NA;NA;NA;NA;NA;NA;NA;NA;NA;NA;NA;NA;NA;NA;NA;NA;NA;NA;NA;NA;NA;1;NA;NA
52;"GO";5219258;"521925";"Santa Fé de Goiás";"Não";"-";"Ocupantes de automóvel";NA;2;NA;NA;NA;NA;NA;NA;NA;NA;NA;1;NA;NA;2;NA;NA;NA;NA;2;NA;NA;1;1;NA
52;"GO";5219308;"521930";"Santa Helena de Goiás";"Não";"-";"Ocupantes de automóvel";NA;1;NA;1;4;1;1;1;2;NA;NA;NA;4;2;6;4;4;5;6;4;7;6;5;5;NA
52;"GO";5219357;"521935";"Santa Isabel";"Não";"-";"Ocupantes de automóvel";NA;NA;NA;NA;NA;NA;NA;NA;NA;NA;NA;NA;NA;NA;NA;NA;NA;NA;NA;1;NA;NA;NA;NA;NA
52;"GO";5219407;"521940";"Santa Rita do Araguaia";"Não";"-";"Ocupantes de automóvel";NA;NA;NA;NA;NA;NA;NA;NA;NA;1;NA;NA;NA;NA;NA;NA;NA;NA;NA;NA;NA;NA;1;NA;NA
52;"GO";5219456;"521945";"Santa Rita do Novo Destino";"Não";"-";"Ocupantes de automóvel";NA;NA;NA;NA;NA;NA;NA;NA;NA;NA;NA;NA;NA;1;NA;NA;NA;NA;NA;NA;NA;NA;1;NA;NA
52;"GO";5219506;"521950";"Santa Rosa de Goiás";"Não";"-";"Ocupantes de automóvel";NA;NA;NA;NA;NA;NA;NA;NA;NA;NA;NA;NA;NA;NA;NA;NA;NA;1;NA;NA;NA;1;NA;NA;NA
52;"GO";5219605;"521960";"Santa Tereza de Goiás";"Não";"-";"Ocupantes de automóvel";NA;NA;1;NA;NA;NA;NA;1;NA;NA;5;NA;2;NA;NA;1;3;NA;NA;1;NA;NA;NA;NA;NA
52;"GO";5219704;"521970";"Santa Terezinha de Goiás";"Não";"-";"Ocupantes de automóvel";1;NA;NA;NA;NA;NA;NA;NA;NA;1;NA;NA;NA;1;NA;NA;2;2;3;NA;NA;NA;NA;NA;NA
52;"GO";5219712;"521971";"Santo Antônio da Barra";"Não";"-";"Ocupantes de automóvel";NA;NA;NA;NA;NA;1;1;NA;NA;NA;NA;NA;2;NA;NA;NA;1;1;NA;NA;NA;NA;1;NA;NA
52;"GO";5219738;"521973";"Santo Antônio de Goiás";"Não";"Região Metropolitana de Goiânia";"Ocupantes de automóvel";NA;NA;NA;NA;NA;NA;1;NA;NA;NA;NA;NA;NA;NA;NA;1;NA;NA;NA;NA;1;NA;1;NA;NA
52;"GO";5219753;"521975";"Santo Antônio do Descoberto";"Não";"Região Integrada de Desenvolvimento do Distrito Federal e Entorno";"Ocupantes de automóvel";1;1;1;NA;NA;NA;2;NA;3;NA;1;NA;NA;5;4;2;NA;NA;NA;NA;NA;NA;1;1;NA
52;"GO";5219803;"521980";"São Domingos";"Não";"-";"Ocupantes de automóvel";NA;1;NA;NA;NA;NA;NA;1;1;NA;1;NA;NA;NA;1;4;NA;NA;2;NA;NA;NA;NA;NA;NA
52;"GO";5219902;"521990";"São Francisco de Goiás";"Não";"-";"Ocupantes de automóvel";NA;NA;NA;NA;NA;1;NA;NA;NA;NA;NA;3;NA;NA;2;NA;NA;NA;1;2;1;NA;2;1;NA
52;"GO";5220009;"522000";"São João d'Aliança";"Não";"Região Integrada de Desenvolvimento do Distrito Federal e Entorno";"Ocupantes de automóvel";NA;NA;NA;NA;1;NA;NA;NA;1;NA;NA;3;NA;1;1;4;1;1;3;2;3;NA;NA;1;NA
52;"GO";5220058;"522005";"São João da Paraúna";"Não";"-";"Ocupantes de automóvel";NA;NA;NA;NA;NA;NA;NA;NA;NA;NA;NA;NA;NA;1;NA;NA;NA;NA;NA;NA;NA;NA;NA;NA;NA
52;"GO";5220108;"522010";"São Luís de Montes Belos";"Não";"-";"Ocupantes de automóvel";NA;NA;NA;NA;NA;NA;NA;1;NA;NA;1;1;4;NA;NA;NA;NA;NA;2;NA;NA;1;3;1;NA
52;"GO";5220157;"522015";"São Luiz do Norte";"Não";"-";"Ocupantes de automóvel";NA;NA;NA;NA;NA;NA;NA;1;NA;1;1;2;1;NA;1;NA;1;1;1;1;NA;1;NA;2;NA
52;"GO";5220207;"522020";"São Miguel do Araguaia";"Não";"-";"Ocupantes de automóvel";3;NA;1;1;1;NA;NA;1;NA;2;2;1;1;NA;2;3;2;2;NA;1;1;NA;NA;NA;NA
52;"GO";5220264;"522026";"São Miguel do Passa Quatro";"Não";"-";"Ocupantes de automóvel";NA;NA;NA;NA;NA;NA;NA;NA;NA;NA;NA;NA;NA;NA;NA;NA;1;1;NA;NA;NA;NA;NA;NA;NA
52;"GO";5220405;"522040";"São Simão";"Não";"-";"Ocupantes de automóvel";NA;NA;NA;1;NA;NA;NA;NA;NA;NA;NA;4;NA;1;2;NA;NA;NA;2;NA;NA;NA;NA;1;NA
52;"GO";5220454;"522045";"Senador Canedo";"Não";"Região Metropolitana de Goiânia";"Ocupantes de automóvel";NA;NA;1;NA;NA;NA;NA;NA;NA;NA;NA;1;2;NA;2;4;4;1;1;NA;NA;NA;NA;1;NA
52;"GO";5220504;"522050";"Serranópolis";"Não";"-";"Ocupantes de automóvel";NA;1;NA;NA;NA;NA;NA;NA;NA;1;NA;NA;2;1;NA;NA;1;NA;2;NA;1;1;NA;NA;NA
52;"GO";5220603;"522060";"Silvânia";"Não";"-";"Ocupantes de automóvel";NA;NA;NA;NA;NA;NA;1;NA;NA;NA;1;NA;NA;1;1;NA;NA;NA;2;3;NA;2;NA;1;NA
52;"GO";5220686;"522068";"Simolândia";"Não";"Região Integrada de Desenvolvimento do Distrito Federal e Entorno";"Ocupantes de automóvel";1;NA;NA;NA;2;2;NA;NA;NA;NA;1;2;1;6;NA;NA;1;1;1;NA;NA;NA;1;NA;NA
52;"GO";5220702;"522070";"Sítio d'Abadia";"Não";"-";"Ocupantes de automóvel";NA;NA;NA;NA;NA;NA;NA;NA;NA;2;NA;NA;NA;NA;NA;NA;NA;NA;NA;NA;NA;NA;NA;NA;NA
52;"GO";5221007;"522100";"Taquaral de Goiás";"Não";"-";"Ocupantes de automóvel";NA;NA;NA;NA;3;NA;NA;NA;NA;1;NA;NA;NA;NA;NA;NA;NA;NA;NA;NA;NA;NA;NA;NA;NA
52;"GO";5221080;"522108";"Teresina de Goiás";"Não";"-";"Ocupantes de automóvel";1;NA;2;NA;NA;NA;NA;1;3;NA;NA;NA;NA;NA;NA;NA;1;3;1;NA;NA;NA;1;NA;NA
52;"GO";5221197;"522119";"Terezópolis de Goiás";"Não";"Região Metropolitana de Goiânia";"Ocupantes de automóvel";NA;NA;NA;1;4;NA;1;NA;NA;NA;NA;NA;NA;NA;1;1;NA;NA;NA;NA;NA;NA;NA;NA;NA
52;"GO";5221304;"522130";"Três Ranchos";"Não";"-";"Ocupantes de automóvel";NA;NA;NA;NA;NA;NA;NA;NA;NA;NA;NA;NA;NA;NA;NA;NA;NA;NA;NA;1;NA;NA;NA;NA;NA
52;"GO";5221403;"522140";"Trindade";"Não";"Região Metropolitana de Goiânia";"Ocupantes de automóvel";NA;NA;NA;NA;NA;NA;2;1;1;NA;NA;NA;NA;3;1;1;3;1;2;2;2;1;4;1;NA
52;"GO";5221452;"522145";"Trombas";"Não";"-";"Ocupantes de automóvel";NA;NA;NA;NA;NA;NA;NA;NA;NA;NA;NA;NA;NA;NA;NA;NA;NA;NA;NA;NA;NA;NA;NA;NA;NA
52;"GO";5221502;"522150";"Turvânia";"Não";"-";"Ocupantes de automóvel";NA;1;NA;NA;NA;1;NA;NA;NA;NA;NA;NA;NA;1;NA;NA;2;3;1;NA;NA;2;NA;NA;NA
52;"GO";5221551;"522155";"Turvelândia";"Não";"-";"Ocupantes de automóvel";NA;NA;NA;NA;NA;NA;NA;NA;NA;NA;NA;NA;NA;3;NA;NA;1;1;NA;3;NA;NA;NA;1;NA
52;"GO";5221577;"522157";"Uirapuru";"Não";"-";"Ocupantes de automóvel";NA;NA;NA;NA;NA;NA;NA;NA;NA;NA;NA;NA;NA;NA;NA;NA;NA;1;NA;NA;NA;NA;NA;NA;NA
52;"GO";5221601;"522160";"Uruaçu";"Não";"-";"Ocupantes de automóvel";NA;NA;1;NA;NA;6;2;NA;3;3;9;3;3;4;2;3;4;6;2;NA;2;3;7;8;NA
52;"GO";5221700;"522170";"Uruana";"Não";"-";"Ocupantes de automóvel";NA;NA;NA;NA;NA;NA;NA;NA;NA;NA;3;NA;1;NA;NA;NA;1;2;NA;NA;NA;NA;NA;1;NA
52;"GO";5221809;"522180";"Urutaí";"Não";"-";"Ocupantes de automóvel";NA;NA;NA;NA;NA;NA;NA;NA;NA;NA;NA;NA;NA;NA;NA;5;1;2;NA;NA;NA;NA;NA;NA;NA
52;"GO";5221858;"522185";"Valparaíso de Goiás";"Não";"Região Integrada de Desenvolvimento do Distrito Federal e Entorno";"Ocupantes de automóvel";NA;NA;1;NA;NA;NA;1;1;1;NA;NA;NA;NA;3;5;1;NA;NA;NA;NA;NA;NA;NA;NA;NA
52;"GO";5221908;"522190";"Varjão";"Não";"-";"Ocupantes de automóvel";NA;NA;NA;NA;NA;NA;NA;NA;NA;NA;NA;NA;NA;NA;NA;NA;1;NA;NA;NA;1;NA;NA;NA;NA
52;"GO";5222005;"522200";"Vianópolis";"Não";"-";"Ocupantes de automóvel";NA;1;1;NA;NA;NA;NA;NA;NA;1;NA;NA;NA;1;4;2;2;2;NA;NA;6;1;2;NA;NA
52;"GO";5222054;"522205";"Vicentinópolis";"Não";"-";"Ocupantes de automóvel";NA;NA;NA;NA;NA;NA;1;NA;NA;NA;1;NA;NA;NA;NA;1;2;NA;NA;1;NA;NA;NA;NA;NA
52;"GO";5222203;"522220";"Vila Boa";"Não";"Região Integrada de Desenvolvimento do Distrito Federal e Entorno";"Ocupantes de automóvel";NA;1;NA;NA;NA;NA;NA;1;1;NA;1;1;2;3;NA;2;2;5;2;5;4;2;4;3;NA
52;"GO";5222302;"522230";"Vila Propício";"Não";"Região Integrada de Desenvolvimento do Distrito Federal e Entorno";"Ocupantes de automóvel";1;NA;NA;NA;2;NA;NA;NA;1;NA;NA;2;NA;NA;2;7;NA;NA;2;NA;NA;NA;NA;3;NA
53;"DF";5300108;"530010";"Brasília";"Sim";"Região Integrada de Desenvolvimento do Distrito Federal e Entorno";"Ocupantes de automóvel";218;194;188;242;200;145;135;124;123;150;149;182;173;128;122;66;78;59;55;61;51;48;58;41;NA
11;"RO";1100015;"110001";"Alta Floresta D'Oeste";"Não";"-";"Ciclistas";NA;NA;NA;NA;NA;NA;NA;NA;NA;NA;NA;NA;NA;NA;NA;1;NA;NA;NA;NA;NA;NA;NA;NA;NA
11;"RO";1100023;"110002";"Ariquemes";"Não";"-";"Ciclistas";NA;NA;NA;NA;NA;NA;NA;2;1;2;NA;NA;NA;NA;NA;NA;NA;2;1;1;NA;2;NA;NA;NA
11;"RO";1100031;"110003";"Cabixi";"Não";"-";"Ciclistas";NA;NA;NA;NA;NA;NA;NA;NA;NA;NA;NA;NA;NA;NA;NA;1;1;NA;NA;NA;NA;NA;NA;NA;NA
11;"RO";1100049;"110004";"Cacoal";"Não";"-";"Ciclistas";NA;NA;1;NA;NA;NA;1;NA;NA;1;NA;1;1;1;1;1;5;2;2;8;2;2;3;1;NA
11;"RO";1100056;"110005";"Cerejeiras";"Não";"-";"Ciclistas";NA;NA;NA;NA;NA;NA;NA;NA;NA;NA;NA;NA;1;NA;NA;NA;NA;NA;NA;NA;NA;NA;NA;NA;NA
11;"RO";1100064;"110006";"Colorado do Oeste";"Não";"-";"Ciclistas";NA;NA;1;NA;NA;NA;NA;NA;NA;NA;NA;1;2;NA;NA;NA;NA;NA;1;NA;NA;NA;NA;NA;NA
11;"RO";1100080;"110008";"Costa Marques";"Não";"-";"Ciclistas";NA;NA;NA;NA;NA;NA;NA;NA;NA;1;NA;NA;NA;NA;NA;NA;NA;NA;NA;NA;NA;NA;NA;NA;NA
11;"RO";1100098;"110009";"Espigão D'Oeste";"Não";"-";"Ciclistas";NA;NA;NA;NA;NA;NA;NA;NA;NA;NA;NA;NA;NA;NA;NA;NA;2;1;NA;NA;NA;NA;1;NA;NA
11;"RO";1100106;"110010";"Guajará-Mirim";"Não";"-";"Ciclistas";NA;NA;NA;NA;NA;NA;NA;1;2;1;NA;2;NA;1;1;1;NA;NA;NA;NA;NA;1;NA;NA;NA
11;"RO";1100114;"110011";"Jaru";"Não";"-";"Ciclistas";NA;NA;NA;NA;NA;NA;NA;NA;NA;1;NA;NA;NA;NA;NA;NA;NA;2;NA;NA;1;NA;NA;NA;NA
11;"RO";1100122;"110012";"Ji-Paraná";"Não";"-";"Ciclistas";NA;1;1;NA;NA;NA;1;1;NA;3;4;4;NA;1;NA;NA;NA;NA;NA;NA;NA;1;NA;1;NA
11;"RO";1100130;"110013";"Machadinho D'Oeste";"Não";"-";"Ciclistas";NA;NA;NA;NA;NA;NA;NA;NA;NA;1;NA;NA;NA;NA;NA;NA;NA;NA;NA;NA;NA;NA;NA;1;NA
11;"RO";1100148;"110014";"Nova Brasilândia D'Oeste";"Não";"-";"Ciclistas";NA;NA;NA;NA;NA;NA;NA;NA;NA;NA;NA;1;NA;NA;NA;NA;NA;NA;NA;NA;NA;NA;NA;NA;NA
11;"RO";1100155;"110015";"Ouro Preto do Oeste";"Não";"-";"Ciclistas";NA;NA;NA;NA;NA;NA;1;NA;NA;1;NA;NA;NA;NA;NA;NA;1;1;NA;NA;1;NA;NA;1;NA
11;"RO";1100189;"110018";"Pimenta Bueno";"Não";"-";"Ciclistas";NA;NA;NA;1;NA;NA;NA;NA;NA;2;2;NA;1;NA;NA;NA;NA;NA;NA;NA;NA;2;NA;NA;NA
11;"RO";1100205;"110020";"Porto Velho";"Sim";"Região Metropolitana de Porto Velho";"Ciclistas";NA;NA;5;5;2;2;7;1;8;2;4;5;3;13;5;5;4;5;6;5;11;5;2;6;NA
11;"RO";1100254;"110025";"Presidente Médici";"Não";"-";"Ciclistas";NA;1;NA;NA;NA;NA;NA;NA;NA;NA;NA;NA;NA;NA;NA;NA;NA;NA;1;NA;NA;NA;NA;1;NA
11;"RO";1100288;"110028";"Rolim de Moura";"Não";"-";"Ciclistas";NA;NA;NA;NA;NA;NA;NA;1;NA;NA;NA;NA;NA;NA;NA;NA;NA;NA;NA;NA;NA;NA;NA;NA;NA
11;"RO";1100304;"110030";"Vilhena";"Não";"-";"Ciclistas";NA;NA;NA;NA;NA;NA;NA;NA;NA;2;2;1;3;1;1;4;1;2;3;NA;NA;NA;1;1;NA
11;"RO";1100320;"110032";"São Miguel do Guaporé";"Não";"-";"Ciclistas";NA;NA;NA;NA;NA;NA;NA;NA;NA;NA;NA;NA;NA;NA;NA;1;NA;NA;NA;NA;NA;1;NA;NA;NA
11;"RO";1100338;"110033";"Nova Mamoré";"Não";"-";"Ciclistas";NA;NA;NA;NA;NA;NA;1;1;NA;1;NA;NA;NA;NA;NA;NA;NA;NA;NA;NA;NA;2;NA;NA;NA
11;"RO";1100346;"110034";"Alvorada D'Oeste";"Não";"-";"Ciclistas";NA;NA;NA;NA;NA;NA;1;NA;NA;NA;1;NA;NA;NA;NA;NA;NA;NA;NA;NA;NA;NA;NA;NA;NA
11;"RO";1100379;"110037";"Alto Alegre dos Parecis";"Não";"-";"Ciclistas";NA;NA;NA;NA;NA;NA;NA;NA;NA;NA;NA;NA;NA;NA;NA;NA;NA;1;NA;NA;NA;NA;NA;NA;NA
11;"RO";1100452;"110045";"Buritis";"Não";"-";"Ciclistas";NA;NA;NA;NA;NA;NA;NA;NA;NA;NA;NA;NA;NA;NA;NA;NA;NA;NA;NA;NA;NA;NA;NA;NA;NA
11;"RO";1100502;"110050";"Novo Horizonte do Oeste";"Não";"-";"Ciclistas";NA;NA;NA;NA;NA;NA;NA;NA;NA;NA;NA;NA;NA;NA;NA;NA;NA;NA;NA;NA;NA;NA;NA;NA;NA
11;"RO";1100809;"110080";"Candeias do Jamari";"Não";"Região Metropolitana de Porto Velho";"Ciclistas";NA;NA;NA;NA;NA;NA;NA;NA;NA;NA;NA;1;NA;NA;NA;NA;NA;NA;NA;NA;NA;NA;1;NA;NA
11;"RO";1101005;"110100";"Governador Jorge Teixeira";"Não";"-";"Ciclistas";NA;NA;NA;NA;1;NA;NA;NA;NA;NA;NA;NA;NA;NA;NA;NA;NA;NA;NA;NA;1;NA;NA;NA;NA
11;"RO";1101104;"110110";"Itapuã do Oeste";"Não";"-";"Ciclistas";NA;NA;NA;NA;NA;NA;NA;NA;NA;NA;NA;NA;NA;NA;1;1;NA;NA;NA;NA;NA;1;NA;NA;NA
11;"RO";1101302;"110130";"Mirante da Serra";"Não";"-";"Ciclistas";NA;NA;NA;NA;NA;NA;NA;NA;NA;NA;NA;NA;NA;NA;NA;NA;1;1;NA;NA;NA;NA;NA;NA;NA
11;"RO";1101401;"110140";"Monte Negro";"Não";"-";"Ciclistas";NA;NA;NA;NA;NA;1;NA;NA;NA;NA;NA;NA;NA;NA;NA;NA;NA;NA;NA;NA;NA;NA;NA;NA;NA
11;"RO";1101492;"110149";"São Francisco do Guaporé";"Não";"-";"Ciclistas";NA;NA;NA;NA;NA;NA;NA;NA;NA;NA;1;NA;NA;NA;NA;NA;NA;NA;NA;1;NA;NA;NA;NA;NA
11;"RO";1101500;"110150";"Seringueiras";"Não";"-";"Ciclistas";NA;NA;NA;NA;NA;NA;NA;NA;NA;1;NA;NA;NA;2;NA;NA;NA;NA;NA;NA;NA;NA;NA;NA;NA
11;"RO";1101708;"110170";"Urupá";"Não";"-";"Ciclistas";NA;NA;NA;NA;NA;NA;NA;NA;NA;NA;NA;NA;NA;NA;NA;NA;NA;1;NA;NA;NA;NA;NA;NA;NA
11;"RO";1101757;"110175";"Vale do Anari";"Não";"-";"Ciclistas";NA;NA;NA;NA;NA;2;NA;NA;NA;NA;NA;NA;NA;NA;NA;NA;1;NA;NA;NA;NA;NA;NA;NA;NA
12;"AC";1200013;"120001";"Acrelândia";"Não";"-";"Ciclistas";NA;NA;NA;NA;NA;NA;NA;1;NA;NA;NA;NA;NA;NA;NA;NA;NA;NA;NA;NA;NA;NA;NA;NA;NA
12;"AC";1200104;"120010";"Brasiléia";"Não";"-";"Ciclistas";NA;1;NA;NA;NA;NA;NA;NA;NA;NA;NA;NA;NA;NA;NA;NA;NA;NA;NA;NA;NA;NA;NA;NA;NA
12;"AC";1200179;"120017";"Capixaba";"Não";"-";"Ciclistas";NA;NA;NA;NA;NA;NA;NA;NA;NA;NA;NA;NA;NA;NA;NA;NA;NA;NA;NA;NA;NA;NA;NA;NA;NA
12;"AC";1200203;"120020";"Cruzeiro do Sul";"Não";"-";"Ciclistas";NA;NA;1;NA;NA;1;NA;NA;NA;NA;NA;NA;1;NA;2;NA;1;1;1;NA;NA;NA;1;1;NA
12;"AC";1200252;"120025";"Epitaciolândia";"Não";"-";"Ciclistas";NA;NA;NA;NA;NA;NA;1;NA;1;NA;NA;NA;1;NA;NA;NA;NA;NA;NA;NA;NA;NA;NA;NA;NA
12;"AC";1200302;"120030";"Feijó";"Não";"-";"Ciclistas";NA;NA;1;NA;NA;NA;1;NA;NA;NA;NA;NA;NA;1;NA;NA;NA;NA;NA;NA;NA;NA;NA;NA;NA
12;"AC";1200336;"120033";"Mâncio Lima";"Não";"-";"Ciclistas";NA;NA;NA;NA;NA;NA;NA;NA;NA;NA;NA;NA;1;NA;NA;NA;NA;NA;NA;NA;1;NA;NA;NA;NA
12;"AC";1200351;"120035";"Marechal Thaumaturgo";"Não";"-";"Ciclistas";NA;NA;NA;NA;NA;NA;NA;NA;NA;NA;NA;NA;NA;NA;1;NA;NA;NA;NA;NA;NA;NA;NA;NA;NA
12;"AC";1200385;"120038";"Plácido de Castro";"Não";"-";"Ciclistas";NA;NA;NA;NA;NA;NA;1;NA;NA;NA;NA;NA;NA;NA;NA;NA;NA;NA;NA;NA;NA;NA;NA;NA;NA
12;"AC";1200401;"120040";"Rio Branco";"Sim";"-";"Ciclistas";NA;2;1;2;NA;1;NA;NA;NA;1;NA;NA;5;4;4;5;2;3;6;5;2;1;1;5;NA
12;"AC";1200450;"120045";"Senador Guiomard";"Não";"-";"Ciclistas";NA;NA;NA;NA;NA;NA;NA;NA;NA;NA;NA;NA;1;NA;NA;NA;NA;NA;NA;NA;NA;NA;NA;NA;NA
12;"AC";1200500;"120050";"Sena Madureira";"Não";"-";"Ciclistas";NA;NA;NA;NA;NA;NA;1;NA;NA;NA;NA;NA;NA;NA;NA;NA;1;NA;NA;NA;NA;NA;NA;NA;NA
12;"AC";1200609;"120060";"Tarauacá";"Não";"-";"Ciclistas";NA;NA;NA;NA;1;NA;1;NA;NA;NA;NA;NA;NA;1;NA;NA;1;NA;NA;NA;NA;NA;NA;1;NA
12;"AC";1200708;"120070";"Xapuri";"Não";"-";"Ciclistas";NA;NA;NA;1;NA;NA;NA;NA;NA;NA;NA;NA;NA;NA;NA;NA;NA;NA;NA;NA;NA;NA;NA;NA;NA
13;"AM";1300102;"130010";"Anori";"Não";"-";"Ciclistas";NA;NA;NA;NA;NA;NA;NA;NA;NA;NA;NA;NA;NA;NA;NA;NA;NA;NA;NA;NA;NA;1;NA;NA;NA
13;"AM";1300144;"130014";"Apuí";"Não";"-";"Ciclistas";NA;NA;NA;NA;NA;NA;NA;NA;NA;NA;NA;1;NA;NA;NA;NA;NA;NA;NA;NA;1;1;NA;NA;NA
13;"AM";1300300;"130030";"Autazes";"Não";"Região Metropolitana de Manaus";"Ciclistas";NA;NA;NA;NA;NA;NA;NA;NA;NA;NA;NA;NA;NA;NA;NA;NA;NA;NA;NA;1;NA;NA;NA;NA;NA
13;"AM";1300706;"130070";"Boca do Acre";"Não";"-";"Ciclistas";NA;NA;NA;NA;NA;NA;NA;NA;NA;NA;NA;NA;NA;NA;NA;1;NA;NA;NA;NA;NA;NA;NA;NA;NA
13;"AM";1300904;"130090";"Canutama";"Não";"-";"Ciclistas";NA;NA;NA;NA;NA;NA;NA;NA;NA;NA;NA;NA;NA;NA;NA;NA;NA;NA;NA;NA;NA;1;NA;NA;NA
13;"AM";1301001;"130100";"Carauari";"Não";"-";"Ciclistas";NA;NA;NA;NA;NA;2;NA;NA;NA;NA;NA;NA;NA;NA;NA;NA;1;NA;NA;NA;NA;NA;NA;NA;NA
13;"AM";1301100;"130110";"Careiro";"Não";"Região Metropolitana de Manaus";"Ciclistas";NA;NA;NA;NA;NA;NA;NA;NA;NA;NA;NA;NA;1;NA;NA;NA;NA;NA;NA;NA;NA;NA;NA;NA;NA
13;"AM";1301209;"130120";"Coari";"Não";"-";"Ciclistas";NA;NA;NA;NA;NA;NA;NA;NA;NA;NA;NA;NA;NA;1;NA;NA;NA;NA;NA;NA;NA;NA;NA;NA;NA
13;"AM";1301407;"130140";"Eirunepé";"Não";"-";"Ciclistas";NA;NA;NA;NA;1;1;NA;1;NA;NA;NA;NA;NA;NA;1;NA;NA;NA;NA;NA;NA;NA;NA;NA;NA
13;"AM";1301506;"130150";"Envira";"Não";"-";"Ciclistas";NA;NA;1;NA;NA;NA;NA;NA;NA;NA;NA;NA;NA;NA;NA;1;NA;NA;NA;NA;NA;NA;NA;NA;NA
13;"AM";1301704;"130170";"Humaitá";"Não";"-";"Ciclistas";NA;NA;NA;NA;NA;NA;NA;NA;NA;NA;NA;NA;1;NA;NA;NA;1;2;1;NA;1;1;NA;NA;NA
13;"AM";1301852;"130185";"Iranduba";"Não";"Região Metropolitana de Manaus";"Ciclistas";NA;NA;NA;NA;NA;NA;NA;NA;NA;NA;1;NA;NA;1;NA;2;NA;NA;1;NA;NA;NA;NA;NA;NA
13;"AM";1301902;"130190";"Itacoatiara";"Não";"Região Metropolitana de Manaus";"Ciclistas";NA;NA;1;NA;NA;NA;NA;NA;1;NA;NA;1;NA;1;NA;NA;NA;NA;NA;1;NA;NA;NA;NA;NA
13;"AM";1302405;"130240";"Lábrea";"Não";"-";"Ciclistas";NA;NA;NA;NA;NA;NA;NA;NA;NA;NA;NA;1;NA;NA;NA;NA;NA;NA;NA;NA;NA;NA;NA;NA;NA
13;"AM";1302504;"130250";"Manacapuru";"Não";"Região Metropolitana de Manaus";"Ciclistas";NA;NA;NA;NA;NA;NA;NA;NA;NA;NA;NA;NA;NA;NA;NA;1;NA;NA;NA;NA;NA;NA;NA;NA;NA
13;"AM";1302603;"130260";"Manaus";"Sim";"Região Metropolitana de Manaus";"Ciclistas";8;3;1;5;1;4;2;NA;4;1;3;4;1;1;1;NA;2;10;4;5;4;1;NA;1;NA
13;"AM";1302702;"130270";"Manicoré";"Não";"-";"Ciclistas";NA;NA;NA;NA;NA;NA;NA;NA;NA;NA;NA;NA;NA;NA;NA;NA;1;NA;NA;1;NA;NA;1;NA;NA
13;"AM";1302801;"130280";"Maraã";"Não";"-";"Ciclistas";NA;NA;NA;NA;NA;NA;NA;NA;NA;NA;NA;NA;NA;NA;NA;NA;NA;NA;NA;NA;NA;NA;NA;NA;NA
13;"AM";1302900;"130290";"Maués";"Não";"-";"Ciclistas";NA;NA;NA;NA;NA;NA;NA;NA;NA;NA;NA;NA;NA;NA;NA;NA;NA;NA;NA;1;NA;NA;NA;NA;NA
13;"AM";1303106;"130310";"Nova Olinda do Norte";"Não";"-";"Ciclistas";NA;NA;NA;NA;NA;NA;NA;NA;NA;NA;NA;NA;NA;NA;NA;NA;NA;NA;NA;NA;NA;NA;NA;NA;NA
13;"AM";1303205;"130320";"Novo Airão";"Não";"Região Metropolitana de Manaus";"Ciclistas";NA;1;NA;NA;NA;NA;NA;NA;NA;NA;NA;NA;NA;NA;NA;NA;NA;NA;NA;NA;NA;NA;NA;NA;NA
13;"AM";1303304;"130330";"Novo Aripuanã";"Não";"-";"Ciclistas";NA;NA;NA;NA;NA;1;NA;NA;NA;NA;2;NA;NA;NA;NA;NA;NA;NA;NA;NA;NA;NA;NA;NA;NA
13;"AM";1303403;"130340";"Parintins";"Não";"-";"Ciclistas";NA;NA;3;NA;NA;1;NA;NA;1;NA;NA;NA;NA;1;1;NA;1;NA;1;NA;NA;NA;NA;NA;NA
13;"AM";1303536;"130353";"Presidente Figueiredo";"Não";"Região Metropolitana de Manaus";"Ciclistas";NA;NA;NA;NA;1;NA;NA;NA;NA;NA;1;NA;NA;NA;NA;NA;NA;NA;NA;1;NA;NA;NA;NA;NA
13;"AM";1303700;"130370";"Santo Antônio do Içá";"Não";"-";"Ciclistas";NA;NA;NA;NA;NA;NA;NA;NA;NA;NA;NA;NA;NA;NA;NA;NA;1;NA;NA;NA;NA;NA;NA;NA;NA
13;"AM";1303809;"130380";"São Gabriel da Cachoeira";"Não";"-";"Ciclistas";NA;NA;NA;NA;NA;NA;NA;NA;NA;NA;NA;NA;NA;NA;NA;NA;NA;NA;NA;NA;NA;NA;NA;NA;NA
13;"AM";1304005;"130400";"Silves";"Não";"Região Metropolitana de Manaus";"Ciclistas";NA;NA;NA;NA;NA;NA;NA;NA;NA;NA;NA;1;NA;NA;NA;NA;NA;NA;NA;NA;NA;NA;NA;NA;NA
13;"AM";1304203;"130420";"Tefé";"Não";"-";"Ciclistas";NA;NA;NA;NA;NA;NA;NA;NA;NA;NA;NA;NA;NA;NA;NA;NA;NA;NA;NA;NA;NA;NA;NA;NA;NA
13;"AM";1304302;"130430";"Urucará";"Não";"-";"Ciclistas";NA;NA;NA;NA;NA;1;NA;NA;NA;NA;NA;NA;NA;NA;NA;NA;NA;NA;NA;NA;NA;NA;NA;NA;NA
14;"RR";1400027;"140002";"Amajari";"Não";"-";"Ciclistas";NA;NA;NA;NA;NA;NA;NA;NA;NA;NA;NA;NA;NA;NA;NA;NA;NA;NA;NA;NA;NA;NA;NA;NA;NA
14;"RR";1400050;"140005";"Alto Alegre";"Não";"Região Metropolitana da Capital";"Ciclistas";NA;1;NA;NA;NA;NA;NA;NA;NA;NA;NA;NA;1;NA;NA;NA;NA;NA;NA;NA;NA;NA;NA;NA;NA
14;"RR";1400100;"140010";"Boa Vista";"Sim";"Região Metropolitana da Capital";"Ciclistas";6;5;7;NA;NA;10;4;10;13;4;10;13;7;9;6;11;1;16;2;2;3;2;4;3;NA
14;"RR";1400159;"140015";"Bonfim";"Não";"Região Metropolitana da Capital";"Ciclistas";NA;1;NA;1;1;NA;NA;1;NA;NA;NA;NA;NA;NA;NA;NA;1;NA;NA;1;NA;NA;1;NA;NA
14;"RR";1400175;"140017";"Cantá";"Não";"Região Metropolitana da Capital";"Ciclistas";2;NA;NA;1;NA;NA;1;NA;NA;1;1;1;2;1;NA;1;3;NA;2;NA;NA;NA;NA;NA;NA
14;"RR";1400209;"140020";"Caracaraí";"Não";"Região Metropolitana de Central";"Ciclistas";NA;1;1;NA;NA;NA;NA;NA;1;NA;NA;NA;NA;NA;1;NA;NA;NA;NA;NA;2;1;NA;NA;NA
14;"RR";1400233;"140023";"Caroebe";"Não";"Região Metropolitana do Sul do Estado";"Ciclistas";NA;NA;NA;NA;NA;NA;NA;1;1;NA;NA;NA;NA;NA;NA;NA;NA;NA;NA;NA;NA;NA;NA;NA;NA
14;"RR";1400282;"140028";"Iracema";"Não";"Região Metropolitana de Central";"Ciclistas";NA;NA;NA;NA;NA;NA;NA;NA;NA;NA;NA;NA;NA;NA;NA;NA;NA;NA;1;NA;NA;NA;NA;NA;NA
14;"RR";1400308;"140030";"Mucajaí";"Não";"Região Metropolitana da Capital";"Ciclistas";NA;1;NA;NA;NA;NA;NA;NA;NA;NA;NA;NA;NA;NA;NA;NA;NA;NA;NA;NA;NA;NA;NA;NA;NA
14;"RR";1400456;"140045";"Pacaraima";"Não";"-";"Ciclistas";NA;NA;NA;NA;NA;NA;NA;NA;NA;NA;NA;NA;NA;NA;NA;NA;NA;NA;NA;NA;NA;NA;NA;NA;NA
14;"RR";1400472;"140047";"Rorainópolis";"Não";"Região Metropolitana do Sul do Estado";"Ciclistas";1;NA;1;NA;NA;NA;NA;NA;NA;1;NA;NA;NA;NA;NA;1;NA;NA;NA;NA;NA;NA;NA;NA;NA
14;"RR";1400605;"140060";"São Luiz";"Não";"Região Metropolitana do Sul do Estado";"Ciclistas";NA;NA;NA;NA;NA;NA;NA;NA;NA;NA;NA;NA;NA;1;NA;NA;NA;NA;NA;NA;NA;NA;NA;NA;NA
15;"PA";1500107;"150010";"Abaetetuba";"Não";"-";"Ciclistas";NA;NA;NA;1;NA;NA;NA;NA;NA;NA;NA;NA;NA;NA;NA;NA;NA;NA;NA;1;NA;NA;NA;NA;NA
15;"PA";1500206;"150020";"Acará";"Não";"-";"Ciclistas";NA;NA;NA;NA;1;1;NA;NA;NA;NA;NA;NA;1;NA;NA;NA;NA;NA;NA;NA;NA;NA;NA;NA;NA
15;"PA";1500347;"150034";"Água Azul do Norte";"Não";"-";"Ciclistas";NA;NA;1;NA;NA;NA;NA;NA;NA;NA;NA;NA;NA;NA;NA;NA;NA;NA;NA;NA;NA;NA;NA;NA;NA
15;"PA";1500404;"150040";"Alenquer";"Não";"-";"Ciclistas";NA;NA;NA;NA;NA;NA;NA;NA;2;1;NA;NA;NA;NA;NA;NA;1;NA;NA;NA;NA;NA;1;NA;NA
15;"PA";1500503;"150050";"Almeirim";"Não";"-";"Ciclistas";NA;1;NA;NA;NA;NA;NA;1;NA;NA;NA;NA;1;NA;NA;1;1;NA;NA;NA;NA;NA;NA;NA;NA
15;"PA";1500602;"150060";"Altamira";"Não";"-";"Ciclistas";1;1;1;2;1;NA;2;1;1;2;3;2;3;1;7;NA;NA;NA;1;NA;NA;NA;NA;1;NA
15;"PA";1500800;"150080";"Ananindeua";"Não";"Região Metropolitana de Belém";"Ciclistas";NA;NA;NA;NA;NA;1;3;2;3;5;2;1;2;1;NA;1;NA;5;2;2;1;6;5;4;NA
15;"PA";1500859;"150085";"Anapu";"Não";"-";"Ciclistas";NA;NA;NA;NA;NA;NA;NA;NA;NA;NA;NA;NA;NA;1;NA;NA;NA;NA;NA;NA;NA;NA;NA;NA;NA
15;"PA";1500958;"150095";"Aurora do Pará";"Não";"-";"Ciclistas";NA;NA;NA;NA;NA;6;NA;NA;NA;NA;NA;NA;NA;NA;1;NA;NA;NA;NA;NA;NA;NA;NA;NA;NA
15;"PA";1501303;"150130";"Barcarena";"Não";"-";"Ciclistas";NA;NA;NA;NA;NA;NA;1;NA;NA;NA;NA;NA;NA;NA;NA;NA;NA;NA;NA;NA;NA;NA;NA;NA;NA
15;"PA";1501402;"150140";"Belém";"Sim";"Região Metropolitana de Belém";"Ciclistas";NA;NA;1;1;1;7;4;NA;2;4;2;4;3;2;1;NA;2;1;3;1;1;3;3;2;NA
15;"PA";1501451;"150145";"Belterra";"Não";"Região Metropolitana de Santarém";"Ciclistas";NA;NA;NA;1;NA;NA;NA;NA;NA;NA;NA;NA;NA;NA;NA;NA;NA;NA;NA;NA;NA;NA;NA;NA;NA
15;"PA";1501501;"150150";"Benevides";"Não";"Região Metropolitana de Belém";"Ciclistas";NA;NA;NA;NA;NA;1;NA;NA;NA;NA;NA;NA;NA;NA;NA;NA;NA;NA;NA;NA;NA;NA;NA;NA;NA
15;"PA";1501576;"150157";"Bom Jesus do Tocantins";"Não";"-";"Ciclistas";NA;NA;NA;NA;NA;NA;NA;1;NA;NA;NA;NA;NA;NA;NA;NA;NA;NA;NA;NA;NA;NA;NA;NA;NA
15;"PA";1501709;"150170";"Bragança";"Não";"-";"Ciclistas";1;NA;1;NA;NA;NA;NA;NA;1;NA;NA;NA;NA;NA;NA;NA;NA;NA;1;NA;NA;NA;NA;NA;NA
15;"PA";1501758;"150175";"Brejo Grande do Araguaia";"Não";"-";"Ciclistas";NA;NA;NA;NA;1;NA;NA;NA;NA;NA;NA;NA;NA;NA;NA;NA;NA;NA;NA;NA;NA;NA;NA;NA;NA
15;"PA";1501782;"150178";"Breu Branco";"Não";"-";"Ciclistas";NA;NA;NA;NA;NA;1;1;NA;1;NA;NA;1;NA;NA;NA;NA;NA;NA;NA;NA;NA;NA;NA;NA;NA
15;"PA";1501808;"150180";"Breves";"Não";"-";"Ciclistas";1;1;1;NA;NA;NA;NA;NA;NA;NA;NA;NA;NA;NA;NA;NA;NA;NA;NA;NA;NA;NA;2;NA;NA
15;"PA";1501907;"150190";"Bujaru";"Não";"-";"Ciclistas";NA;NA;NA;NA;1;NA;NA;NA;NA;NA;NA;NA;NA;NA;NA;NA;NA;NA;NA;NA;NA;NA;NA;NA;NA
15;"PA";1501956;"150195";"Cachoeira do Piriá";"Não";"-";"Ciclistas";NA;NA;NA;NA;NA;NA;NA;NA;NA;NA;NA;NA;NA;NA;NA;NA;NA;NA;NA;1;NA;NA;NA;NA;NA
15;"PA";1502103;"150210";"Cametá";"Não";"-";"Ciclistas";NA;NA;NA;1;NA;NA;NA;NA;NA;NA;NA;1;NA;NA;NA;NA;2;1;NA;NA;1;NA;NA;1;NA
15;"PA";1502152;"150215";"Canaã dos Carajás";"Não";"-";"Ciclistas";NA;NA;NA;NA;NA;NA;NA;NA;1;NA;NA;NA;NA;NA;NA;NA;NA;NA;NA;NA;NA;NA;NA;NA;NA
15;"PA";1502202;"150220";"Capanema";"Não";"-";"Ciclistas";NA;NA;NA;NA;NA;NA;NA;NA;1;NA;NA;1;NA;NA;NA;NA;NA;NA;NA;1;NA;NA;NA;NA;NA
15;"PA";1502301;"150230";"Capitão Poço";"Não";"-";"Ciclistas";1;1;NA;NA;1;NA;NA;NA;NA;NA;NA;NA;NA;NA;NA;NA;NA;NA;NA;NA;2;NA;1;NA;NA
15;"PA";1502400;"150240";"Castanhal";"Não";"Região Metropolitana de Belém";"Ciclistas";NA;1;NA;NA;NA;NA;1;1;NA;7;1;2;3;NA;4;NA;2;4;2;3;1;3;NA;1;NA
15;"PA";1502608;"150260";"Colares";"Não";"-";"Ciclistas";NA;NA;NA;NA;NA;NA;NA;NA;NA;NA;NA;NA;NA;NA;NA;NA;NA;NA;NA;NA;NA;NA;NA;1;NA
15;"PA";1502707;"150270";"Conceição do Araguaia";"Não";"-";"Ciclistas";NA;NA;NA;NA;NA;NA;NA;1;NA;NA;1;NA;NA;1;NA;NA;NA;NA;NA;NA;NA;NA;1;NA;NA
15;"PA";1502772;"150277";"Curionópolis";"Não";"-";"Ciclistas";NA;NA;NA;NA;NA;NA;NA;NA;NA;NA;NA;1;NA;NA;NA;NA;NA;NA;NA;NA;NA;NA;NA;NA;NA
15;"PA";1502855;"150285";"Curuá";"Não";"-";"Ciclistas";NA;NA;NA;NA;NA;NA;NA;NA;NA;NA;NA;NA;NA;NA;NA;NA;NA;NA;NA;NA;NA;NA;NA;1;NA
15;"PA";1502905;"150290";"Curuçá";"Não";"-";"Ciclistas";NA;NA;NA;NA;NA;NA;NA;NA;NA;NA;1;1;NA;NA;NA;NA;NA;NA;NA;1;1;NA;NA;NA;NA
15;"PA";1502939;"150293";"Dom Eliseu";"Não";"-";"Ciclistas";NA;1;NA;NA;NA;NA;NA;1;3;NA;NA;1;NA;NA;1;NA;1;NA;NA;2;1;1;NA;NA;NA
15;"PA";1502954;"150295";"Eldorado do Carajás";"Não";"-";"Ciclistas";NA;NA;NA;NA;NA;NA;NA;NA;NA;NA;NA;NA;NA;NA;NA;NA;NA;1;NA;NA;NA;NA;NA;NA;NA
15;"PA";1503044;"150304";"Floresta do Araguaia";"Não";"-";"Ciclistas";NA;NA;NA;NA;1;NA;NA;NA;NA;NA;NA;NA;NA;NA;NA;NA;NA;2;NA;NA;NA;NA;NA;NA;NA
15;"PA";1503077;"150307";"Garrafão do Norte";"Não";"-";"Ciclistas";NA;NA;NA;NA;NA;NA;NA;NA;NA;NA;NA;NA;NA;NA;NA;1;NA;NA;NA;NA;NA;NA;NA;NA;NA
15;"PA";1503093;"150309";"Goianésia do Pará";"Não";"-";"Ciclistas";NA;NA;NA;3;2;2;NA;2;NA;NA;1;NA;NA;NA;NA;NA;NA;NA;1;NA;NA;NA;NA;NA;NA
15;"PA";1503200;"150320";"Igarapé-Açu";"Não";"-";"Ciclistas";NA;NA;NA;NA;NA;NA;NA;NA;NA;NA;1;NA;3;2;NA;NA;NA;1;NA;NA;NA;1;NA;1;NA
15;"PA";1503309;"150330";"Igarapé-Miri";"Não";"-";"Ciclistas";NA;NA;NA;1;NA;NA;1;NA;NA;NA;NA;NA;NA;2;NA;NA;NA;NA;NA;1;NA;NA;NA;NA;NA
15;"PA";1503408;"150340";"Inhangapi";"Não";"-";"Ciclistas";NA;NA;NA;NA;NA;NA;NA;NA;NA;NA;NA;NA;NA;1;NA;NA;NA;NA;1;NA;NA;1;NA;NA;NA
15;"PA";1503457;"150345";"Ipixuna do Pará";"Não";"-";"Ciclistas";NA;NA;NA;NA;NA;NA;NA;NA;NA;1;NA;2;NA;NA;NA;NA;2;NA;1;NA;NA;NA;1;NA;NA
15;"PA";1503507;"150350";"Irituia";"Não";"-";"Ciclistas";NA;NA;NA;NA;NA;NA;NA;NA;NA;NA;NA;1;NA;NA;NA;1;NA;NA;NA;NA;NA;NA;NA;NA;NA
15;"PA";1503606;"150360";"Itaituba";"Não";"-";"Ciclistas";NA;2;1;NA;1;NA;NA;2;1;1;5;1;NA;1;NA;NA;NA;3;3;NA;1;2;NA;NA;NA
15;"PA";1503804;"150380";"Jacundá";"Não";"-";"Ciclistas";NA;NA;1;NA;1;2;1;1;1;1;NA;NA;NA;NA;NA;NA;NA;NA;NA;1;NA;NA;NA;NA;NA
15;"PA";1503903;"150390";"Juruti";"Não";"-";"Ciclistas";NA;NA;NA;NA;NA;NA;NA;1;NA;NA;NA;NA;NA;NA;NA;1;1;NA;NA;NA;NA;NA;NA;NA;NA
15;"PA";1504059;"150405";"Mãe do Rio";"Não";"-";"Ciclistas";NA;NA;1;NA;1;NA;NA;NA;NA;NA;NA;NA;NA;NA;NA;NA;1;NA;NA;NA;NA;NA;NA;NA;NA
15;"PA";1504109;"150410";"Magalhães Barata";"Não";"-";"Ciclistas";NA;NA;NA;NA;NA;NA;NA;NA;NA;NA;NA;NA;NA;NA;NA;NA;NA;NA;NA;NA;1;NA;1;NA;NA
15;"PA";1504208;"150420";"Marabá";"Não";"-";"Ciclistas";NA;1;1;NA;1;NA;1;1;NA;NA;1;2;1;1;NA;3;NA;6;2;1;NA;2;1;1;NA
15;"PA";1504307;"150430";"Maracanã";"Não";"-";"Ciclistas";NA;NA;NA;NA;NA;1;NA;NA;NA;NA;NA;NA;2;1;NA;NA;NA;NA;NA;NA;NA;NA;NA;NA;NA
15;"PA";1504406;"150440";"Marapanim";"Não";"-";"Ciclistas";NA;NA;NA;NA;NA;1;NA;NA;NA;1;NA;NA;NA;NA;NA;NA;NA;NA;NA;NA;NA;NA;1;NA;NA
15;"PA";1504422;"150442";"Marituba";"Não";"Região Metropolitana de Belém";"Ciclistas";NA;1;NA;NA;NA;1;1;NA;3;NA;NA;NA;NA;NA;NA;NA;NA;NA;NA;NA;NA;NA;NA;NA;NA
15;"PA";1504455;"150445";"Medicilândia";"Não";"-";"Ciclistas";NA;NA;NA;2;NA;NA;NA;NA;NA;NA;NA;NA;NA;NA;NA;NA;NA;NA;NA;NA;NA;NA;NA;NA;NA
15;"PA";1504604;"150460";"Mocajuba";"Não";"-";"Ciclistas";NA;NA;NA;NA;NA;NA;NA;NA;NA;NA;NA;NA;NA;NA;NA;NA;1;NA;NA;NA;NA;NA;NA;NA;NA
15;"PA";1504703;"150470";"Moju";"Não";"-";"Ciclistas";NA;NA;NA;NA;1;NA;1;NA;NA;NA;NA;NA;NA;1;NA;NA;NA;NA;NA;NA;NA;NA;NA;NA;NA
15;"PA";1504901;"150490";"Muaná";"Não";"-";"Ciclistas";NA;NA;NA;NA;1;NA;NA;NA;NA;NA;NA;NA;NA;NA;NA;NA;NA;NA;NA;NA;NA;NA;NA;NA;NA
15;"PA";1505007;"150500";"Nova Timboteua";"Não";"-";"Ciclistas";NA;NA;1;NA;NA;1;NA;NA;7;NA;NA;1;NA;NA;NA;NA;NA;NA;NA;NA;NA;NA;1;NA;NA
15;"PA";1505031;"150503";"Novo Progresso";"Não";"-";"Ciclistas";NA;NA;NA;NA;1;NA;NA;NA;NA;NA;NA;NA;NA;NA;NA;NA;1;NA;NA;1;2;NA;NA;NA;NA
15;"PA";1505064;"150506";"Novo Repartimento";"Não";"-";"Ciclistas";NA;NA;NA;NA;1;NA;NA;NA;NA;1;1;NA;NA;NA;NA;NA;NA;1;NA;1;NA;NA;NA;NA;NA
15;"PA";1505106;"150510";"Óbidos";"Não";"-";"Ciclistas";NA;NA;NA;NA;NA;NA;NA;NA;NA;NA;NA;NA;1;NA;NA;NA;NA;NA;NA;NA;NA;NA;NA;NA;NA
15;"PA";1505304;"150530";"Oriximiná";"Não";"-";"Ciclistas";NA;NA;NA;NA;NA;1;NA;NA;NA;1;1;NA;NA;NA;NA;NA;NA;2;NA;NA;NA;NA;NA;NA;NA
15;"PA";1505403;"150540";"Ourém";"Não";"-";"Ciclistas";NA;NA;NA;NA;NA;NA;NA;NA;1;NA;NA;NA;2;NA;1;NA;NA;NA;NA;NA;NA;NA;NA;NA;NA
15;"PA";1505437;"150543";"Ourilândia do Norte";"Não";"-";"Ciclistas";NA;NA;NA;NA;NA;NA;1;NA;1;NA;NA;1;NA;NA;NA;NA;NA;NA;1;1;NA;NA;NA;NA;NA
15;"PA";1505486;"150548";"Pacajá";"Não";"-";"Ciclistas";NA;NA;1;NA;1;NA;NA;NA;NA;NA;NA;NA;NA;NA;NA;NA;NA;NA;NA;1;NA;NA;NA;NA;NA
15;"PA";1505502;"150550";"Paragominas";"Não";"-";"Ciclistas";NA;NA;NA;NA;NA;NA;NA;4;NA;2;1;NA;1;1;1;NA;NA;1;NA;NA;1;1;1;1;NA
15;"PA";1505536;"150553";"Parauapebas";"Não";"-";"Ciclistas";NA;4;2;2;1;1;2;1;3;NA;NA;3;2;1;3;1;NA;NA;NA;1;NA;1;NA;NA;NA
15;"PA";1505551;"150555";"Pau D'Arco";"Não";"-";"Ciclistas";NA;NA;NA;NA;NA;NA;NA;NA;NA;NA;NA;NA;NA;1;NA;NA;NA;1;NA;NA;NA;1;NA;NA;NA
15;"PA";1505650;"150565";"Placas";"Não";"-";"Ciclistas";NA;NA;NA;NA;NA;NA;NA;NA;NA;1;NA;NA;NA;NA;NA;NA;NA;NA;NA;NA;NA;NA;NA;NA;NA
15;"PA";1505700;"150570";"Ponta de Pedras";"Não";"-";"Ciclistas";NA;NA;NA;NA;NA;NA;NA;NA;NA;NA;NA;NA;NA;NA;NA;NA;NA;NA;1;NA;NA;NA;NA;NA;NA
15;"PA";1505809;"150580";"Portel";"Não";"-";"Ciclistas";NA;NA;NA;NA;NA;NA;NA;NA;NA;NA;NA;1;NA;NA;NA;NA;NA;NA;NA;NA;NA;NA;NA;NA;NA
15;"PA";1506104;"150610";"Primavera";"Não";"-";"Ciclistas";NA;NA;NA;NA;NA;NA;NA;1;NA;NA;NA;NA;NA;NA;NA;NA;NA;NA;NA;NA;NA;NA;NA;NA;NA
15;"PA";1506138;"150613";"Redenção";"Não";"-";"Ciclistas";3;1;NA;2;NA;NA;1;1;NA;2;NA;NA;2;NA;1;NA;NA;NA;NA;2;1;NA;NA;1;NA
15;"PA";1506161;"150616";"Rio Maria";"Não";"-";"Ciclistas";NA;NA;NA;NA;NA;NA;NA;NA;1;NA;NA;NA;NA;NA;NA;NA;NA;NA;NA;NA;NA;NA;NA;NA;NA
15;"PA";1506187;"150618";"Rondon do Pará";"Não";"-";"Ciclistas";NA;3;1;NA;NA;NA;NA;NA;NA;NA;NA;NA;NA;NA;1;NA;NA;NA;NA;NA;NA;NA;NA;NA;NA
15;"PA";1506195;"150619";"Rurópolis";"Não";"-";"Ciclistas";NA;NA;NA;NA;NA;NA;NA;NA;NA;NA;NA;NA;1;NA;NA;NA;1;NA;NA;1;NA;NA;NA;NA;NA
15;"PA";1506203;"150620";"Salinópolis";"Não";"-";"Ciclistas";1;NA;NA;NA;1;2;NA;NA;NA;NA;1;NA;3;2;NA;NA;NA;NA;NA;NA;NA;NA;NA;NA;NA
15;"PA";1506302;"150630";"Salvaterra";"Não";"-";"Ciclistas";NA;NA;NA;NA;NA;NA;NA;NA;NA;NA;NA;NA;1;NA;NA;NA;NA;NA;NA;NA;1;NA;1;NA;NA
15;"PA";1506351;"150635";"Santa Bárbara do Pará";"Não";"Região Metropolitana de Belém";"Ciclistas";2;NA;NA;NA;NA;NA;NA;1;NA;NA;NA;NA;NA;NA;NA;NA;NA;NA;NA;NA;NA;NA;NA;NA;NA
15;"PA";1506500;"150650";"Santa Izabel do Pará";"Não";"Região Metropolitana de Belém";"Ciclistas";NA;NA;NA;1;NA;NA;NA;NA;NA;NA;1;1;1;NA;1;1;NA;NA;NA;NA;NA;NA;NA;NA;NA
15;"PA";1506559;"150655";"Santa Luzia do Pará";"Não";"-";"Ciclistas";NA;2;NA;NA;NA;NA;NA;NA;NA;NA;NA;NA;NA;NA;NA;NA;NA;NA;NA;NA;NA;NA;NA;NA;NA
15;"PA";1506583;"150658";"Santa Maria das Barreiras";"Não";"-";"Ciclistas";NA;NA;NA;NA;NA;NA;NA;NA;NA;NA;1;1;NA;NA;NA;NA;NA;NA;NA;NA;NA;NA;NA;NA;NA
15;"PA";1506609;"150660";"Santa Maria do Pará";"Não";"-";"Ciclistas";1;NA;NA;NA;NA;NA;NA;NA;NA;NA;NA;1;NA;NA;NA;1;NA;NA;NA;NA;NA;NA;NA;NA;NA
15;"PA";1506708;"150670";"Santana do Araguaia";"Não";"-";"Ciclistas";NA;2;1;1;1;NA;4;NA;1;1;NA;NA;1;NA;NA;1;NA;NA;NA;NA;NA;NA;NA;NA;NA
15;"PA";1506807;"150680";"Santarém";"Não";"Região Metropolitana de Santarém";"Ciclistas";NA;NA;NA;NA;NA;NA;NA;NA;NA;5;NA;NA;NA;NA;NA;NA;1;1;NA;NA;2;2;2;1;NA
15;"PA";1506906;"150690";"Santarém Novo";"Não";"-";"Ciclistas";NA;NA;NA;NA;NA;NA;NA;NA;NA;NA;NA;NA;NA;NA;NA;NA;NA;1;NA;NA;NA;NA;NA;NA;NA
15;"PA";1507003;"150700";"Santo Antônio do Tauá";"Não";"-";"Ciclistas";NA;NA;NA;NA;NA;NA;NA;NA;NA;NA;NA;NA;NA;NA;NA;NA;NA;NA;NA;NA;NA;NA;NA;NA;NA
15;"PA";1507151;"150715";"São Domingos do Araguaia";"Não";"-";"Ciclistas";NA;1;NA;NA;NA;NA;NA;NA;NA;NA;NA;NA;NA;NA;NA;NA;NA;NA;NA;1;NA;NA;NA;NA;NA
15;"PA";1507201;"150720";"São Domingos do Capim";"Não";"-";"Ciclistas";NA;NA;NA;NA;NA;NA;NA;NA;NA;NA;NA;NA;NA;NA;NA;NA;NA;NA;1;NA;NA;NA;NA;NA;NA
15;"PA";1507300;"150730";"São Félix do Xingu";"Não";"-";"Ciclistas";NA;NA;2;2;NA;1;NA;NA;NA;NA;NA;NA;NA;NA;NA;NA;NA;NA;NA;NA;NA;NA;NA;NA;NA
15;"PA";1507409;"150740";"São Francisco do Pará";"Não";"-";"Ciclistas";NA;NA;NA;NA;NA;NA;NA;NA;NA;NA;1;NA;NA;NA;NA;NA;NA;NA;NA;NA;1;2;NA;NA;NA
15;"PA";1507458;"150745";"São Geraldo do Araguaia";"Não";"-";"Ciclistas";NA;NA;NA;NA;NA;NA;NA;NA;NA;NA;NA;NA;NA;NA;NA;NA;NA;NA;NA;NA;NA;1;NA;NA;NA
15;"PA";1507466;"150746";"São João da Ponta";"Não";"-";"Ciclistas";NA;NA;NA;NA;NA;NA;NA;NA;NA;NA;NA;NA;NA;NA;NA;NA;1;NA;NA;NA;NA;NA;NA;NA;NA
15;"PA";1507607;"150760";"São Miguel do Guamá";"Não";"-";"Ciclistas";NA;NA;NA;NA;NA;NA;NA;NA;NA;NA;NA;NA;NA;NA;NA;NA;1;NA;NA;NA;NA;NA;NA;NA;NA
15;"PA";1507805;"150780";"Senador José Porfírio";"Não";"-";"Ciclistas";NA;NA;NA;NA;NA;NA;NA;NA;NA;NA;NA;NA;NA;NA;NA;NA;NA;NA;2;NA;NA;NA;NA;NA;NA
15;"PA";1507904;"150790";"Soure";"Não";"-";"Ciclistas";NA;NA;NA;NA;NA;NA;NA;NA;NA;NA;NA;NA;1;NA;1;NA;NA;NA;NA;NA;NA;NA;NA;NA;NA
15;"PA";1507953;"150795";"Tailândia";"Não";"-";"Ciclistas";NA;1;NA;NA;NA;NA;1;NA;NA;NA;NA;1;NA;NA;NA;NA;NA;NA;NA;NA;NA;NA;NA;NA;NA
15;"PA";1507961;"150796";"Terra Alta";"Não";"-";"Ciclistas";NA;NA;NA;NA;NA;NA;NA;NA;NA;1;NA;NA;NA;NA;NA;NA;NA;1;NA;NA;NA;NA;NA;NA;NA
15;"PA";1507979;"150797";"Terra Santa";"Não";"-";"Ciclistas";NA;NA;NA;NA;NA;NA;NA;NA;NA;NA;NA;NA;NA;NA;NA;NA;NA;NA;1;NA;NA;NA;NA;NA;NA
15;"PA";1508001;"150800";"Tomé-Açu";"Não";"-";"Ciclistas";2;NA;NA;NA;NA;1;NA;1;1;NA;NA;NA;NA;NA;NA;NA;NA;NA;1;1;NA;NA;NA;NA;NA
15;"PA";1508035;"150803";"Tracuateua";"Não";"-";"Ciclistas";NA;NA;NA;NA;NA;NA;NA;NA;NA;NA;NA;NA;NA;NA;NA;NA;NA;1;NA;NA;1;NA;NA;NA;NA
15;"PA";1508050;"150805";"Trairão";"Não";"-";"Ciclistas";NA;NA;NA;NA;NA;NA;NA;NA;NA;NA;NA;NA;NA;NA;NA;NA;NA;NA;NA;NA;NA;NA;NA;1;NA
15;"PA";1508084;"150808";"Tucumã";"Não";"-";"Ciclistas";1;NA;2;NA;1;NA;NA;NA;NA;NA;NA;NA;NA;NA;NA;NA;NA;NA;NA;NA;NA;NA;1;NA;NA
15;"PA";1508100;"150810";"Tucuruí";"Não";"-";"Ciclistas";NA;1;3;1;2;NA;3;6;1;NA;2;1;1;NA;NA;NA;NA;NA;1;NA;NA;NA;NA;NA;NA
15;"PA";1508126;"150812";"Ulianópolis";"Não";"-";"Ciclistas";NA;NA;NA;NA;NA;NA;NA;1;1;NA;1;1;NA;NA;NA;NA;NA;1;1;NA;NA;NA;NA;NA;NA
15;"PA";1508159;"150815";"Uruará";"Não";"-";"Ciclistas";NA;NA;NA;NA;NA;NA;NA;NA;NA;NA;NA;NA;NA;NA;NA;NA;NA;NA;NA;NA;NA;NA;NA;NA;NA
15;"PA";1508209;"150820";"Vigia";"Não";"-";"Ciclistas";NA;NA;NA;NA;NA;NA;NA;NA;NA;NA;NA;NA;1;NA;1;NA;NA;NA;NA;NA;NA;NA;1;NA;NA
15;"PA";1508308;"150830";"Viseu";"Não";"-";"Ciclistas";NA;NA;NA;NA;NA;NA;NA;NA;NA;NA;NA;NA;NA;NA;NA;1;NA;NA;NA;NA;NA;NA;NA;NA;NA
15;"PA";1508407;"150840";"Xinguara";"Não";"-";"Ciclistas";NA;NA;NA;NA;NA;NA;1;2;NA;NA;NA;NA;NA;NA;NA;NA;NA;NA;NA;1;1;1;1;NA;NA
16;"AP";1600204;"160020";"Calçoene";"Não";"-";"Ciclistas";NA;NA;NA;NA;NA;NA;NA;NA;NA;NA;NA;NA;NA;NA;NA;NA;NA;NA;NA;NA;NA;1;NA;NA;NA
16;"AP";1600279;"160027";"Laranjal do Jari";"Não";"-";"Ciclistas";NA;NA;NA;NA;NA;NA;NA;NA;NA;NA;NA;NA;NA;NA;NA;NA;NA;NA;NA;NA;NA;NA;1;1;NA
16;"AP";1600303;"160030";"Macapá";"Sim";"Região Metropolitana de Macapá";"Ciclistas";1;NA;3;NA;3;3;2;NA;2;NA;NA;NA;1;1;10;11;6;11;4;8;4;3;9;9;NA
16;"AP";1600501;"160050";"Oiapoque";"Não";"-";"Ciclistas";NA;NA;NA;NA;NA;NA;NA;NA;NA;NA;NA;NA;NA;NA;NA;NA;NA;NA;NA;1;NA;1;NA;NA;NA
16;"AP";1600600;"160060";"Santana";"Não";"Região Metropolitana de Macapá";"Ciclistas";NA;NA;NA;NA;NA;NA;NA;NA;NA;NA;NA;NA;NA;NA;3;1;1;1;NA;1;1;2;NA;3;NA
17;"TO";1700301;"170030";"Aguiarnópolis";"Não";"-";"Ciclistas";NA;NA;NA;NA;NA;NA;NA;NA;NA;NA;NA;NA;NA;NA;NA;NA;NA;NA;1;NA;NA;NA;NA;NA;NA
17;"TO";1700350;"170035";"Aliança do Tocantins";"Não";"Região Metropolitana de Gurupi";"Ciclistas";NA;NA;NA;NA;NA;NA;NA;1;NA;NA;NA;NA;NA;NA;NA;NA;NA;NA;NA;NA;NA;NA;2;NA;NA
17;"TO";1700707;"170070";"Alvorada";"Não";"Região Metropolitana de Gurupi";"Ciclistas";NA;NA;NA;NA;NA;NA;NA;NA;NA;NA;NA;NA;NA;NA;NA;NA;NA;NA;NA;NA;NA;1;NA;NA;NA
17;"TO";1701051;"170105";"Angico";"Não";"-";"Ciclistas";NA;NA;NA;NA;NA;NA;NA;NA;NA;NA;NA;NA;NA;NA;NA;NA;NA;NA;NA;NA;NA;NA;NA;NA;NA
17;"TO";1701101;"170110";"Aparecida do Rio Negro";"Não";"Região Metropolitana de Palmas";"Ciclistas";1;NA;NA;NA;NA;NA;NA;NA;NA;NA;NA;NA;NA;NA;NA;NA;NA;NA;NA;NA;NA;NA;NA;NA;NA
17;"TO";1701309;"170130";"Aragominas";"Não";"-";"Ciclistas";NA;NA;NA;NA;NA;1;NA;NA;NA;NA;NA;NA;NA;NA;NA;NA;NA;NA;NA;NA;NA;NA;NA;NA;NA
17;"TO";1702109;"170210";"Araguaína";"Não";"-";"Ciclistas";11;9;11;12;14;7;7;6;7;3;2;3;4;2;1;3;4;2;4;2;2;5;1;2;NA
17;"TO";1702158;"170215";"Araguanã";"Não";"-";"Ciclistas";NA;NA;NA;NA;NA;NA;NA;NA;1;NA;NA;NA;NA;NA;NA;NA;NA;NA;NA;NA;NA;NA;NA;NA;NA
17;"TO";1702208;"170220";"Araguatins";"Não";"-";"Ciclistas";NA;NA;NA;NA;NA;NA;NA;NA;NA;NA;NA;NA;1;NA;NA;NA;NA;NA;NA;NA;1;NA;NA;3;NA
17;"TO";1702307;"170230";"Arapoema";"Não";"-";"Ciclistas";NA;NA;NA;NA;NA;1;NA;NA;NA;NA;NA;NA;NA;NA;NA;NA;NA;NA;NA;NA;NA;NA;NA;NA;NA
17;"TO";1702406;"170240";"Arraias";"Não";"-";"Ciclistas";NA;NA;NA;NA;NA;NA;NA;NA;NA;NA;NA;1;NA;NA;NA;NA;NA;NA;NA;NA;NA;NA;NA;NA;NA
17;"TO";1702554;"170255";"Augustinópolis";"Não";"-";"Ciclistas";NA;NA;NA;1;NA;1;NA;1;NA;NA;NA;NA;NA;NA;NA;NA;NA;NA;NA;NA;NA;NA;NA;1;NA
17;"TO";1702901;"170290";"Axixá do Tocantins";"Não";"-";"Ciclistas";NA;NA;NA;NA;NA;NA;NA;NA;NA;NA;NA;NA;NA;NA;NA;NA;NA;NA;NA;NA;NA;NA;1;NA;NA
17;"TO";1703008;"170300";"Babaçulândia";"Não";"-";"Ciclistas";NA;NA;NA;NA;1;NA;NA;1;NA;NA;NA;NA;NA;NA;NA;NA;NA;1;NA;NA;NA;NA;NA;NA;NA
17;"TO";1703073;"170307";"Barra do Ouro";"Não";"-";"Ciclistas";NA;NA;NA;NA;1;NA;NA;NA;NA;NA;NA;NA;NA;NA;NA;NA;1;NA;NA;NA;NA;NA;NA;NA;NA
17;"TO";1703305;"170330";"Bom Jesus do Tocantins";"Não";"-";"Ciclistas";NA;NA;NA;NA;NA;NA;NA;NA;NA;NA;NA;NA;NA;NA;NA;1;NA;NA;NA;NA;NA;NA;NA;NA;NA
17;"TO";1703602;"170360";"Brasilândia do Tocantins";"Não";"-";"Ciclistas";NA;NA;NA;NA;NA;NA;NA;1;NA;NA;NA;NA;NA;NA;NA;NA;NA;NA;NA;NA;NA;NA;NA;NA;NA
17;"TO";1703701;"170370";"Brejinho de Nazaré";"Não";"Região Metropolitana de Palmas";"Ciclistas";NA;NA;NA;NA;NA;NA;NA;NA;NA;NA;NA;NA;NA;1;NA;NA;NA;NA;NA;NA;NA;NA;NA;NA;NA
17;"TO";1703842;"170384";"Campos Lindos";"Não";"-";"Ciclistas";NA;NA;NA;NA;NA;NA;NA;NA;NA;NA;NA;NA;NA;NA;NA;NA;NA;NA;NA;NA;2;NA;NA;NA;NA
17;"TO";1703867;"170386";"Cariri do Tocantins";"Não";"Região Metropolitana de Gurupi";"Ciclistas";NA;NA;NA;NA;NA;NA;NA;1;NA;NA;NA;NA;NA;NA;NA;NA;NA;NA;1;NA;NA;NA;NA;NA;NA
17;"TO";1703883;"170388";"Carmolândia";"Não";"-";"Ciclistas";NA;NA;NA;NA;NA;1;NA;NA;NA;NA;NA;NA;NA;NA;NA;NA;NA;NA;NA;NA;NA;NA;NA;NA;NA
17;"TO";1703891;"170389";"Carrasco Bonito";"Não";"-";"Ciclistas";NA;NA;NA;NA;NA;NA;NA;NA;1;NA;NA;NA;NA;NA;NA;NA;NA;NA;NA;NA;NA;NA;NA;NA;NA
17;"TO";1703909;"170390";"Caseara";"Não";"-";"Ciclistas";NA;NA;NA;NA;NA;NA;NA;NA;NA;NA;NA;NA;NA;NA;NA;NA;NA;NA;NA;NA;NA;1;NA;NA;NA
17;"TO";1705102;"170510";"Chapada da Natividade";"Não";"-";"Ciclistas";NA;NA;NA;NA;NA;NA;NA;NA;NA;NA;NA;NA;NA;NA;NA;NA;NA;NA;NA;NA;NA;NA;NA;1;NA
17;"TO";1705508;"170550";"Colinas do Tocantins";"Não";"-";"Ciclistas";1;NA;NA;NA;NA;NA;1;NA;NA;NA;1;NA;2;1;NA;NA;NA;1;NA;1;2;NA;NA;1;NA
17;"TO";1705607;"170560";"Conceição do Tocantins";"Não";"-";"Ciclistas";NA;NA;NA;NA;NA;NA;NA;NA;NA;NA;NA;NA;NA;NA;NA;NA;NA;NA;NA;NA;NA;NA;NA;1;NA
17;"TO";1706001;"170600";"Couto Magalhães";"Não";"-";"Ciclistas";NA;NA;NA;NA;NA;NA;NA;NA;NA;NA;NA;NA;NA;NA;NA;NA;NA;NA;NA;NA;NA;NA;NA;NA;NA
17;"TO";1706100;"170610";"Cristalândia";"Não";"-";"Ciclistas";NA;NA;NA;NA;NA;1;NA;NA;NA;1;NA;NA;NA;NA;NA;NA;NA;NA;NA;NA;NA;NA;NA;NA;NA
17;"TO";1706258;"170625";"Crixás do Tocantins";"Não";"Região Metropolitana de Gurupi";"Ciclistas";NA;NA;NA;NA;NA;NA;NA;NA;NA;NA;NA;NA;NA;NA;NA;NA;NA;NA;NA;NA;NA;NA;NA;1;NA
17;"TO";1706506;"170650";"Darcinópolis";"Não";"-";"Ciclistas";NA;NA;NA;NA;NA;NA;NA;NA;1;NA;NA;NA;NA;NA;NA;NA;NA;NA;NA;NA;NA;NA;NA;NA;NA
17;"TO";1707009;"170700";"Dianópolis";"Não";"-";"Ciclistas";NA;NA;1;NA;NA;NA;1;1;NA;1;NA;NA;NA;NA;NA;NA;NA;NA;NA;NA;NA;NA;NA;NA;NA
17;"TO";1707108;"170710";"Divinópolis do Tocantins";"Não";"-";"Ciclistas";NA;NA;NA;NA;NA;NA;NA;NA;NA;NA;NA;NA;NA;NA;1;NA;NA;NA;NA;NA;NA;NA;NA;NA;NA
17;"TO";1707652;"170765";"Figueirópolis";"Não";"Região Metropolitana de Gurupi";"Ciclistas";NA;NA;NA;NA;NA;NA;NA;NA;NA;NA;NA;NA;NA;NA;NA;NA;NA;NA;NA;NA;NA;NA;NA;NA;NA
17;"TO";1707702;"170770";"Filadélfia";"Não";"-";"Ciclistas";NA;NA;NA;NA;NA;NA;NA;NA;NA;NA;NA;NA;NA;NA;NA;NA;NA;NA;NA;NA;NA;1;NA;NA;NA
17;"TO";1708205;"170820";"Formoso do Araguaia";"Não";"Região Metropolitana de Gurupi";"Ciclistas";NA;NA;NA;NA;NA;1;2;NA;NA;NA;NA;NA;NA;NA;NA;NA;NA;NA;NA;NA;NA;NA;NA;NA;NA
17;"TO";1709302;"170930";"Guaraí";"Não";"-";"Ciclistas";NA;NA;NA;NA;NA;1;NA;NA;1;NA;NA;NA;NA;2;NA;NA;NA;NA;NA;NA;NA;NA;NA;NA;NA
17;"TO";1709500;"170950";"Gurupi";"Não";"Região Metropolitana de Gurupi";"Ciclistas";1;1;2;2;NA;NA;1;1;NA;NA;NA;NA;NA;NA;NA;2;1;3;NA;4;1;7;NA;2;NA
17;"TO";1710508;"171050";"Itacajá";"Não";"-";"Ciclistas";NA;NA;NA;NA;NA;NA;NA;NA;NA;NA;NA;NA;NA;1;NA;NA;NA;NA;NA;NA;1;NA;NA;NA;NA
17;"TO";1710706;"171070";"Itaguatins";"Não";"-";"Ciclistas";NA;NA;NA;NA;NA;NA;NA;NA;NA;NA;NA;NA;NA;NA;1;NA;NA;NA;NA;NA;NA;NA;NA;NA;NA
17;"TO";1711506;"171150";"Jaú do Tocantins";"Não";"Região Metropolitana de Gurupi";"Ciclistas";NA;NA;NA;NA;NA;NA;NA;NA;NA;NA;NA;NA;1;NA;NA;NA;NA;NA;NA;NA;NA;NA;NA;NA;NA
17;"TO";1711902;"171190";"Lagoa da Confusão";"Não";"Região Metropolitana de Gurupi";"Ciclistas";NA;NA;NA;NA;NA;NA;NA;NA;NA;NA;NA;NA;NA;NA;NA;NA;NA;NA;NA;NA;NA;NA;NA;NA;NA
17;"TO";1711951;"171195";"Lagoa do Tocantins";"Não";"-";"Ciclistas";NA;NA;NA;NA;NA;NA;1;NA;NA;NA;NA;NA;NA;NA;NA;NA;NA;NA;NA;NA;NA;NA;NA;NA;NA
17;"TO";1712009;"171200";"Lajeado";"Não";"Região Metropolitana de Palmas";"Ciclistas";NA;NA;NA;NA;NA;NA;NA;NA;NA;NA;NA;NA;NA;NA;NA;1;NA;NA;NA;1;NA;NA;NA;NA;NA
17;"TO";1712454;"171245";"Luzinópolis";"Não";"-";"Ciclistas";NA;NA;NA;NA;1;NA;NA;NA;NA;NA;NA;NA;NA;NA;NA;NA;NA;NA;NA;NA;NA;NA;NA;NA;NA
17;"TO";1713205;"171320";"Miracema do Tocantins";"Não";"Região Metropolitana de Palmas";"Ciclistas";NA;1;1;NA;NA;NA;NA;NA;NA;NA;NA;NA;NA;NA;NA;NA;NA;NA;NA;NA;NA;NA;NA;NA;NA
17;"TO";1713304;"171330";"Miranorte";"Não";"Região Metropolitana de Palmas";"Ciclistas";NA;1;NA;NA;NA;NA;NA;NA;NA;1;1;NA;NA;NA;NA;NA;NA;NA;NA;NA;NA;NA;NA;NA;NA
17;"TO";1713601;"171360";"Monte do Carmo";"Não";"Região Metropolitana de Palmas";"Ciclistas";NA;NA;NA;NA;1;NA;NA;NA;1;NA;NA;NA;NA;NA;NA;NA;NA;NA;NA;NA;NA;NA;NA;NA;NA
17;"TO";1713957;"171395";"Muricilândia";"Não";"-";"Ciclistas";NA;NA;NA;NA;NA;NA;NA;NA;NA;NA;NA;NA;NA;NA;NA;NA;NA;NA;1;NA;NA;NA;NA;NA;NA
17;"TO";1714203;"171420";"Natividade";"Não";"-";"Ciclistas";NA;NA;NA;NA;NA;NA;NA;NA;NA;NA;NA;1;NA;NA;1;NA;NA;NA;NA;NA;1;NA;NA;NA;NA
17;"TO";1714302;"171430";"Nazaré";"Não";"-";"Ciclistas";NA;NA;NA;NA;NA;1;NA;NA;NA;NA;NA;NA;NA;NA;NA;NA;NA;NA;NA;NA;NA;NA;NA;1;NA
17;"TO";1714880;"171488";"Nova Olinda";"Não";"-";"Ciclistas";NA;NA;NA;NA;NA;1;NA;NA;1;NA;NA;1;NA;NA;NA;NA;NA;NA;NA;NA;NA;NA;NA;NA;NA
17;"TO";1715002;"171500";"Nova Rosalândia";"Não";"-";"Ciclistas";NA;NA;NA;1;1;1;NA;1;NA;NA;NA;NA;NA;NA;NA;NA;NA;NA;NA;NA;NA;NA;NA;NA;NA
17;"TO";1715705;"171570";"Palmeirante";"Não";"-";"Ciclistas";NA;NA;NA;NA;NA;NA;NA;NA;1;NA;NA;NA;NA;NA;NA;NA;NA;NA;NA;NA;NA;NA;NA;NA;NA
17;"TO";1715754;"171575";"Palmeirópolis";"Não";"Região Metropolitana de Gurupi";"Ciclistas";NA;NA;NA;NA;NA;NA;NA;NA;NA;NA;NA;NA;NA;NA;NA;NA;NA;NA;NA;NA;NA;1;NA;NA;NA
17;"TO";1716109;"171610";"Paraíso do Tocantins";"Não";"Região Metropolitana de Palmas";"Ciclistas";NA;NA;1;NA;NA;NA;2;1;NA;2;NA;NA;NA;NA;NA;NA;NA;NA;NA;NA;1;1;NA;NA;NA
17;"TO";1716208;"171620";"Paranã";"Não";"-";"Ciclistas";NA;NA;NA;NA;NA;NA;NA;NA;NA;NA;NA;NA;NA;NA;1;NA;NA;1;NA;NA;NA;NA;NA;NA;NA
17;"TO";1716307;"171630";"Pau D'Arco";"Não";"-";"Ciclistas";NA;NA;NA;NA;NA;NA;NA;NA;NA;NA;1;NA;NA;NA;NA;NA;NA;NA;NA;NA;NA;NA;NA;NA;NA
17;"TO";1716505;"171650";"Pedro Afonso";"Não";"-";"Ciclistas";NA;NA;NA;NA;NA;NA;NA;1;NA;NA;NA;NA;NA;1;NA;NA;NA;NA;NA;NA;NA;NA;NA;NA;NA
17;"TO";1716604;"171660";"Peixe";"Não";"Região Metropolitana de Gurupi";"Ciclistas";NA;NA;NA;1;NA;NA;NA;1;NA;NA;NA;NA;NA;NA;NA;NA;NA;NA;NA;NA;NA;NA;NA;NA;NA
17;"TO";1716703;"171670";"Colméia";"Não";"-";"Ciclistas";NA;NA;NA;NA;NA;1;NA;1;NA;NA;NA;NA;NA;NA;NA;NA;NA;NA;NA;NA;NA;NA;NA;NA;NA
17;"TO";1717909;"171790";"Ponte Alta do Tocantins";"Não";"-";"Ciclistas";NA;NA;NA;NA;NA;NA;NA;1;NA;NA;NA;NA;NA;NA;NA;NA;NA;NA;NA;NA;NA;NA;NA;NA;NA
17;"TO";1718204;"171820";"Porto Nacional";"Não";"Região Metropolitana de Palmas";"Ciclistas";NA;NA;4;2;NA;1;NA;1;2;2;NA;NA;NA;1;NA;NA;1;NA;NA;NA;NA;1;NA;NA;NA
17;"TO";1718303;"171830";"Praia Norte";"Não";"-";"Ciclistas";NA;NA;NA;NA;NA;NA;NA;NA;NA;NA;NA;NA;NA;NA;NA;NA;NA;NA;NA;1;NA;NA;NA;NA;NA
17;"TO";1718402;"171840";"Presidente Kennedy";"Não";"-";"Ciclistas";NA;NA;NA;NA;1;NA;NA;NA;NA;NA;2;NA;NA;NA;NA;NA;NA;NA;NA;NA;NA;NA;NA;NA;NA
17;"TO";1718451;"171845";"Pugmil";"Não";"Região Metropolitana de Palmas";"Ciclistas";NA;NA;NA;NA;NA;NA;NA;NA;NA;NA;NA;NA;NA;1;NA;NA;NA;NA;NA;NA;NA;NA;NA;NA;NA
17;"TO";1718501;"171850";"Recursolândia";"Não";"-";"Ciclistas";NA;NA;NA;NA;NA;NA;NA;1;NA;NA;NA;NA;NA;NA;NA;NA;NA;NA;NA;NA;NA;NA;NA;NA;NA
17;"TO";1718899;"171889";"Santa Rita do Tocantins";"Não";"-";"Ciclistas";NA;NA;NA;NA;NA;NA;NA;NA;3;NA;NA;NA;NA;NA;NA;NA;NA;NA;NA;NA;NA;NA;NA;NA;NA
17;"TO";1718907;"171890";"Santa Rosa do Tocantins";"Não";"-";"Ciclistas";NA;NA;NA;NA;NA;1;NA;NA;2;NA;NA;NA;1;NA;NA;NA;NA;NA;NA;NA;NA;NA;NA;NA;NA
17;"TO";1720200;"172020";"São Miguel do Tocantins";"Não";"-";"Ciclistas";NA;NA;NA;NA;NA;NA;NA;NA;NA;NA;NA;NA;NA;NA;1;NA;NA;NA;NA;NA;NA;NA;NA;NA;NA
17;"TO";1720309;"172030";"São Sebastião do Tocantins";"Não";"-";"Ciclistas";NA;NA;NA;NA;NA;NA;NA;NA;NA;NA;NA;NA;NA;NA;NA;NA;NA;NA;NA;NA;NA;NA;NA;NA;NA
17;"TO";1720499;"172049";"São Valério";"Não";"Região Metropolitana de Gurupi";"Ciclistas";NA;NA;NA;NA;NA;1;NA;NA;NA;NA;NA;NA;NA;NA;NA;NA;NA;NA;NA;NA;NA;NA;NA;NA;NA
17;"TO";1720655;"172065";"Silvanópolis";"Não";"Região Metropolitana de Palmas";"Ciclistas";NA;1;NA;NA;NA;NA;1;NA;NA;NA;NA;NA;NA;NA;NA;NA;NA;NA;NA;NA;NA;NA;NA;NA;NA
17;"TO";1720804;"172080";"Sítio Novo do Tocantins";"Não";"-";"Ciclistas";NA;NA;NA;NA;NA;NA;NA;NA;NA;NA;NA;NA;NA;NA;NA;NA;NA;1;NA;NA;NA;NA;NA;NA;NA
17;"TO";1720903;"172090";"Taguatinga";"Não";"-";"Ciclistas";NA;NA;1;NA;NA;NA;NA;NA;NA;1;NA;NA;NA;NA;NA;NA;NA;NA;NA;NA;NA;NA;NA;NA;NA
17;"TO";1720978;"172097";"Talismã";"Não";"Região Metropolitana de Gurupi";"Ciclistas";NA;NA;NA;NA;NA;NA;NA;1;NA;NA;NA;NA;NA;NA;NA;NA;NA;NA;NA;NA;NA;NA;NA;NA;NA
17;"TO";1721000;"172100";"Palmas";"Sim";"Região Metropolitana de Palmas";"Ciclistas";3;2;8;9;2;4;4;5;2;5;3;2;6;4;2;2;4;5;2;5;6;4;2;2;NA
17;"TO";1721109;"172110";"Tocantínia";"Não";"Região Metropolitana de Palmas";"Ciclistas";NA;NA;NA;NA;NA;NA;NA;NA;1;NA;NA;NA;NA;NA;NA;NA;NA;NA;NA;NA;NA;NA;NA;NA;NA
17;"TO";1721208;"172120";"Tocantinópolis";"Não";"-";"Ciclistas";NA;NA;NA;NA;NA;NA;NA;NA;NA;NA;NA;NA;1;NA;1;NA;NA;NA;NA;1;NA;NA;NA;NA;NA
17;"TO";1722081;"172208";"Wanderlândia";"Não";"-";"Ciclistas";NA;NA;NA;3;NA;NA;NA;2;NA;NA;NA;NA;NA;NA;NA;NA;NA;NA;NA;NA;NA;NA;NA;NA;NA
17;"TO";1722107;"172210";"Xambioá";"Não";"-";"Ciclistas";NA;NA;NA;NA;NA;NA;1;NA;NA;NA;NA;NA;NA;NA;NA;NA;NA;NA;NA;NA;NA;NA;NA;NA;NA
21;"MA";2100055;"210005";"Açailândia";"Não";"Região Metropolitana do Sudoeste Maranhense";"Ciclistas";NA;NA;NA;NA;NA;1;1;NA;NA;NA;NA;NA;1;NA;2;1;NA;NA;NA;NA;NA;NA;1;2;NA
21;"MA";2100204;"210020";"Alcântara";"Não";"Região Metropolitana da Grande São Luís";"Ciclistas";NA;NA;NA;NA;NA;NA;NA;NA;NA;NA;NA;NA;NA;NA;1;NA;NA;NA;NA;NA;NA;NA;NA;NA;NA
21;"MA";2100303;"210030";"Aldeias Altas";"Não";"Região Metropolitana da Zona Leste do Estado do Maranhão";"Ciclistas";NA;NA;NA;NA;NA;NA;NA;NA;NA;1;NA;NA;NA;NA;NA;NA;1;NA;NA;NA;NA;NA;NA;NA;NA
21;"MA";2100436;"210043";"Alto Alegre do Maranhão";"Não";"-";"Ciclistas";NA;NA;NA;NA;NA;NA;NA;NA;NA;NA;2;NA;NA;NA;NA;1;NA;NA;NA;NA;NA;NA;NA;NA;NA
21;"MA";2100477;"210047";"Alto Alegre do Pindaré";"Não";"-";"Ciclistas";NA;NA;NA;NA;NA;NA;NA;NA;NA;NA;NA;NA;2;NA;NA;NA;NA;NA;NA;NA;NA;NA;NA;NA;NA
21;"MA";2100550;"210055";"Amapá do Maranhão";"Não";"-";"Ciclistas";NA;NA;NA;NA;NA;NA;NA;NA;NA;NA;NA;1;NA;NA;NA;NA;NA;NA;NA;NA;NA;NA;NA;NA;NA
21;"MA";2100600;"210060";"Amarante do Maranhão";"Não";"Região Metropolitana do Sudoeste Maranhense";"Ciclistas";NA;NA;NA;NA;NA;NA;NA;NA;NA;1;NA;1;NA;NA;1;NA;1;NA;NA;NA;NA;NA;NA;NA;NA
21;"MA";2100709;"210070";"Anajatuba";"Não";"-";"Ciclistas";NA;NA;2;NA;NA;NA;NA;NA;NA;NA;NA;1;NA;NA;NA;1;NA;NA;NA;NA;NA;NA;NA;NA;NA
21;"MA";2100808;"210080";"Anapurus";"Não";"-";"Ciclistas";NA;NA;NA;NA;NA;NA;NA;NA;NA;1;1;NA;NA;NA;NA;1;3;NA;NA;1;NA;NA;NA;NA;NA
21;"MA";2100832;"210083";"Apicum-Açu";"Não";"-";"Ciclistas";NA;NA;NA;NA;NA;NA;NA;NA;NA;NA;NA;NA;NA;NA;NA;NA;NA;NA;NA;NA;NA;NA;NA;NA;NA
21;"MA";2100907;"210090";"Araioses";"Não";"-";"Ciclistas";NA;NA;NA;NA;NA;NA;NA;NA;NA;NA;NA;1;NA;NA;2;NA;NA;NA;NA;NA;1;NA;NA;NA;NA
21;"MA";2100956;"210095";"Arame";"Não";"-";"Ciclistas";NA;NA;NA;NA;NA;NA;NA;NA;NA;NA;NA;NA;NA;NA;NA;NA;NA;NA;NA;NA;NA;NA;NA;NA;NA
21;"MA";2101004;"210100";"Arari";"Não";"-";"Ciclistas";NA;NA;NA;NA;NA;NA;NA;NA;NA;NA;NA;NA;NA;NA;NA;NA;1;NA;NA;NA;2;NA;NA;NA;NA
21;"MA";2101202;"210120";"Bacabal";"Não";"-";"Ciclistas";NA;NA;NA;NA;NA;1;3;3;NA;NA;NA;NA;NA;1;1;NA;NA;1;NA;NA;NA;2;NA;NA;NA
21;"MA";2101251;"210125";"Bacabeira";"Não";"Região Metropolitana da Grande São Luís";"Ciclistas";NA;NA;NA;NA;NA;NA;NA;NA;NA;NA;NA;NA;NA;NA;NA;NA;NA;NA;1;NA;NA;NA;NA;NA;NA
21;"MA";2101400;"210140";"Balsas";"Não";"-";"Ciclistas";NA;NA;NA;NA;1;NA;NA;1;NA;NA;NA;NA;NA;NA;NA;NA;NA;NA;NA;1;NA;NA;NA;2;NA
21;"MA";2101608;"210160";"Barra do Corda";"Não";"-";"Ciclistas";NA;1;NA;2;1;1;NA;1;4;NA;1;2;1;NA;NA;NA;NA;NA;NA;1;NA;1;1;2;NA
21;"MA";2101707;"210170";"Barreirinhas";"Não";"-";"Ciclistas";NA;NA;NA;NA;1;NA;NA;1;1;1;NA;NA;NA;1;1;NA;3;NA;NA;1;NA;NA;NA;NA;NA
21;"MA";2101905;"210190";"Bequimão";"Não";"-";"Ciclistas";NA;NA;NA;NA;NA;NA;NA;1;NA;NA;NA;1;NA;NA;NA;NA;NA;NA;NA;NA;1;NA;NA;NA;NA
21;"MA";2101939;"210193";"Bernardo do Mearim";"Não";"-";"Ciclistas";NA;NA;NA;1;NA;NA;NA;NA;NA;NA;NA;NA;NA;NA;NA;NA;NA;NA;NA;NA;NA;NA;NA;NA;NA
21;"MA";2102002;"210200";"Bom Jardim";"Não";"-";"Ciclistas";NA;1;NA;NA;NA;NA;NA;NA;NA;NA;NA;NA;NA;NA;NA;NA;NA;NA;NA;NA;NA;1;NA;NA;NA
21;"MA";2102036;"210203";"Bom Jesus das Selvas";"Não";"-";"Ciclistas";NA;NA;NA;NA;NA;NA;NA;NA;NA;NA;NA;NA;NA;NA;1;NA;NA;NA;NA;NA;NA;NA;3;NA;NA
21;"MA";2102077;"210207";"Bom Lugar";"Não";"-";"Ciclistas";NA;NA;NA;NA;NA;NA;NA;NA;NA;NA;NA;NA;NA;NA;NA;NA;NA;NA;NA;NA;NA;NA;1;NA;NA
21;"MA";2102101;"210210";"Brejo";"Não";"-";"Ciclistas";NA;NA;NA;NA;NA;NA;NA;NA;NA;NA;NA;NA;1;1;NA;NA;1;NA;NA;NA;NA;NA;NA;NA;NA
21;"MA";2102200;"210220";"Buriti";"Não";"-";"Ciclistas";NA;1;1;NA;NA;NA;NA;NA;NA;NA;NA;NA;NA;NA;NA;NA;NA;NA;NA;NA;NA;2;NA;NA;NA
21;"MA";2102309;"210230";"Buriti Bravo";"Não";"-";"Ciclistas";NA;NA;NA;NA;NA;NA;NA;NA;NA;NA;NA;NA;1;NA;NA;NA;NA;NA;NA;NA;NA;NA;NA;NA;NA
21;"MA";2102325;"210232";"Buriticupu";"Não";"-";"Ciclistas";NA;NA;NA;NA;NA;NA;NA;NA;NA;NA;NA;NA;NA;NA;NA;NA;NA;NA;1;NA;2;1;NA;NA;NA
21;"MA";2102556;"210255";"Campestre do Maranhão";"Não";"Região Metropolitana do Sudoeste Maranhense";"Ciclistas";NA;NA;NA;NA;NA;NA;NA;NA;NA;NA;NA;NA;NA;NA;NA;1;1;1;NA;NA;NA;NA;NA;NA;NA
21;"MA";2102606;"210260";"Cândido Mendes";"Não";"-";"Ciclistas";NA;NA;NA;NA;NA;NA;NA;NA;NA;NA;NA;NA;NA;NA;NA;NA;1;NA;NA;NA;NA;NA;NA;NA;NA
21;"MA";2102705;"210270";"Cantanhede";"Não";"-";"Ciclistas";NA;NA;NA;NA;NA;NA;NA;NA;NA;NA;NA;NA;NA;NA;NA;NA;1;NA;NA;NA;NA;NA;NA;NA;NA
21;"MA";2102754;"210275";"Capinzal do Norte";"Não";"-";"Ciclistas";NA;NA;NA;NA;NA;NA;NA;NA;NA;NA;NA;NA;NA;NA;NA;NA;NA;NA;NA;NA;NA;NA;NA;NA;NA
21;"MA";2102804;"210280";"Carolina";"Não";"Região Metropolitana do Sudoeste Maranhense";"Ciclistas";NA;NA;NA;NA;2;NA;NA;NA;NA;NA;NA;NA;NA;NA;NA;1;NA;NA;NA;NA;1;NA;NA;NA;NA
21;"MA";2102903;"210290";"Carutapera";"Não";"-";"Ciclistas";NA;NA;2;NA;NA;1;NA;NA;NA;NA;NA;NA;NA;NA;NA;NA;NA;NA;NA;NA;NA;NA;NA;NA;NA
21;"MA";2103000;"210300";"Caxias";"Não";"Região Metropolitana da Zona Leste do Estado do Maranhão";"Ciclistas";NA;NA;NA;NA;1;NA;NA;1;1;2;NA;4;3;NA;4;NA;1;NA;NA;5;NA;1;NA;5;NA
21;"MA";2103109;"210310";"Cedral";"Não";"-";"Ciclistas";NA;NA;NA;NA;NA;NA;NA;NA;NA;NA;NA;NA;NA;NA;NA;NA;1;NA;NA;NA;NA;NA;NA;NA;NA
21;"MA";2103158;"210315";"Centro do Guilherme";"Não";"-";"Ciclistas";NA;NA;NA;NA;NA;NA;NA;NA;NA;NA;NA;NA;NA;NA;NA;NA;1;NA;NA;NA;NA;NA;NA;NA;NA
21;"MA";2103208;"210320";"Chapadinha";"Não";"-";"Ciclistas";NA;NA;1;NA;NA;NA;NA;NA;NA;1;NA;NA;1;1;2;2;NA;1;NA;1;NA;1;NA;NA;NA
21;"MA";2103257;"210325";"Cidelândia";"Não";"Região Metropolitana do Sudoeste Maranhense";"Ciclistas";NA;NA;NA;NA;NA;NA;NA;NA;NA;NA;NA;NA;NA;NA;NA;NA;NA;NA;NA;NA;1;NA;NA;NA;NA
21;"MA";2103307;"210330";"Codó";"Não";"Região Metropolitana da Zona Leste do Estado do Maranhão";"Ciclistas";NA;NA;NA;NA;NA;2;NA;1;NA;NA;2;NA;1;1;NA;NA;NA;NA;1;NA;NA;NA;NA;NA;NA
21;"MA";2103406;"210340";"Coelho Neto";"Não";"-";"Ciclistas";NA;NA;NA;1;1;NA;NA;NA;NA;NA;NA;NA;NA;NA;NA;NA;NA;NA;NA;1;NA;NA;NA;NA;NA
21;"MA";2103505;"210350";"Colinas";"Não";"-";"Ciclistas";NA;NA;NA;NA;NA;NA;NA;1;1;NA;NA;NA;NA;NA;NA;NA;NA;NA;NA;NA;NA;1;NA;NA;NA
21;"MA";2103604;"210360";"Coroatá";"Não";"-";"Ciclistas";2;NA;NA;NA;1;NA;NA;NA;NA;1;NA;1;NA;NA;NA;3;NA;2;NA;NA;NA;NA;NA;2;NA
21;"MA";2103703;"210370";"Cururupu";"Não";"-";"Ciclistas";NA;NA;NA;NA;NA;NA;NA;NA;NA;1;NA;NA;NA;NA;NA;NA;1;NA;1;NA;NA;NA;NA;NA;NA
21;"MA";2103752;"210375";"Davinópolis";"Não";"Região Metropolitana do Sudoeste Maranhense";"Ciclistas";NA;NA;NA;NA;NA;NA;NA;NA;NA;NA;NA;NA;2;NA;NA;NA;NA;NA;NA;NA;NA;NA;NA;NA;NA
21;"MA";2103802;"210380";"Dom Pedro";"Não";"-";"Ciclistas";NA;NA;1;NA;NA;NA;NA;NA;1;NA;NA;NA;NA;NA;NA;NA;NA;NA;NA;NA;NA;NA;NA;1;NA
21;"MA";2103901;"210390";"Duque Bacelar";"Não";"-";"Ciclistas";NA;NA;NA;NA;NA;NA;NA;NA;NA;NA;1;NA;NA;NA;NA;NA;NA;NA;NA;NA;NA;NA;NA;NA;NA
21;"MA";2104008;"210400";"Esperantinópolis";"Não";"-";"Ciclistas";NA;NA;NA;NA;NA;NA;NA;NA;NA;NA;1;NA;1;NA;NA;NA;NA;NA;NA;NA;NA;NA;NA;NA;NA
21;"MA";2104057;"210405";"Estreito";"Não";"Região Metropolitana do Sudoeste Maranhense";"Ciclistas";1;NA;NA;NA;NA;NA;NA;NA;NA;NA;NA;NA;NA;NA;NA;NA;NA;1;NA;NA;NA;NA;NA;NA;NA
21;"MA";2104206;"210420";"Fortuna";"Não";"-";"Ciclistas";NA;NA;NA;NA;NA;NA;NA;NA;NA;NA;NA;NA;NA;2;NA;NA;NA;NA;NA;NA;NA;NA;NA;NA;NA
21;"MA";2104552;"210455";"Governador Edison Lobão";"Não";"Região Metropolitana do Sudoeste Maranhense";"Ciclistas";NA;NA;NA;1;NA;NA;NA;NA;NA;NA;NA;NA;NA;NA;NA;NA;NA;NA;NA;NA;NA;NA;NA;NA;NA
21;"MA";2104602;"210460";"Governador Eugênio Barros";"Não";"-";"Ciclistas";NA;NA;NA;NA;NA;NA;1;NA;NA;NA;NA;1;NA;NA;NA;NA;NA;NA;NA;NA;NA;NA;NA;NA;NA
21;"MA";2104651;"210465";"Governador Newton Bello";"Não";"-";"Ciclistas";1;NA;NA;NA;NA;NA;NA;NA;NA;NA;NA;1;NA;NA;NA;NA;NA;NA;NA;NA;NA;NA;NA;NA;NA
21;"MA";2104677;"210467";"Governador Nunes Freire";"Não";"-";"Ciclistas";NA;NA;NA;NA;NA;1;NA;NA;1;NA;NA;NA;NA;1;NA;1;NA;1;NA;NA;NA;1;NA;NA;NA
21;"MA";2104701;"210470";"Graça Aranha";"Não";"-";"Ciclistas";NA;NA;NA;NA;NA;NA;NA;NA;NA;NA;NA;1;NA;NA;NA;NA;NA;NA;NA;NA;NA;NA;NA;NA;NA
21;"MA";2104800;"210480";"Grajaú";"Não";"-";"Ciclistas";1;NA;1;NA;NA;NA;NA;1;NA;NA;NA;1;1;NA;NA;NA;1;1;NA;NA;1;NA;NA;3;NA
21;"MA";2104909;"210490";"Guimarães";"Não";"-";"Ciclistas";NA;NA;1;NA;NA;NA;NA;NA;NA;NA;NA;NA;NA;NA;NA;NA;NA;NA;NA;NA;NA;NA;NA;NA;NA
21;"MA";2105005;"210500";"Humberto de Campos";"Não";"-";"Ciclistas";NA;NA;NA;NA;NA;NA;NA;NA;NA;NA;NA;NA;NA;NA;NA;NA;NA;NA;1;NA;NA;NA;NA;NA;NA
21;"MA";2105203;"210520";"Igarapé Grande";"Não";"-";"Ciclistas";NA;NA;NA;NA;NA;NA;NA;NA;NA;NA;NA;NA;NA;NA;NA;NA;NA;NA;NA;NA;NA;NA;NA;NA;NA
21;"MA";2105302;"210530";"Imperatriz";"Não";"Região Metropolitana do Sudoeste Maranhense";"Ciclistas";NA;NA;1;1;2;3;3;3;1;NA;NA;4;11;9;4;8;7;8;5;10;4;3;2;6;NA
21;"MA";2105401;"210540";"Itapecuru Mirim";"Não";"-";"Ciclistas";NA;NA;NA;NA;1;1;1;2;3;NA;1;NA;1;1;1;2;NA;1;NA;1;NA;1;NA;1;NA
21;"MA";2105427;"210542";"Itinga do Maranhão";"Não";"Região Metropolitana do Sudoeste Maranhense";"Ciclistas";NA;NA;1;NA;NA;NA;NA;NA;NA;NA;NA;NA;1;NA;NA;NA;NA;NA;NA;NA;NA;NA;NA;NA;NA
21;"MA";2105450;"210545";"Jatobá";"Não";"-";"Ciclistas";NA;NA;NA;NA;NA;NA;NA;1;NA;NA;NA;NA;NA;NA;NA;NA;NA;NA;NA;NA;NA;NA;NA;NA;NA
21;"MA";2105500;"210550";"João Lisboa";"Não";"Região Metropolitana do Sudoeste Maranhense";"Ciclistas";NA;NA;NA;NA;NA;NA;NA;NA;NA;NA;NA;1;NA;NA;NA;NA;NA;NA;NA;1;1;NA;NA;1;NA
21;"MA";2105658;"210565";"Junco do Maranhão";"Não";"-";"Ciclistas";NA;NA;NA;NA;NA;NA;NA;NA;NA;NA;NA;NA;NA;NA;NA;1;NA;NA;NA;NA;NA;NA;NA;NA;NA
21;"MA";2105708;"210570";"Lago da Pedra";"Não";"-";"Ciclistas";NA;NA;1;NA;NA;NA;NA;NA;NA;NA;NA;NA;NA;NA;NA;NA;NA;NA;NA;NA;NA;1;NA;NA;NA
21;"MA";2105906;"210590";"Lago Verde";"Não";"-";"Ciclistas";NA;NA;NA;NA;NA;NA;NA;NA;NA;NA;NA;NA;NA;NA;1;NA;NA;NA;NA;NA;NA;NA;NA;NA;NA
21;"MA";2105922;"210592";"Lagoa do Mato";"Não";"-";"Ciclistas";NA;NA;NA;NA;NA;NA;NA;NA;NA;NA;NA;NA;NA;1;NA;NA;NA;1;NA;NA;NA;NA;NA;1;NA
21;"MA";2105989;"210598";"Lajeado Novo";"Não";"Região Metropolitana do Sudoeste Maranhense";"Ciclistas";NA;NA;NA;NA;NA;NA;NA;1;NA;NA;NA;1;NA;NA;NA;NA;NA;NA;NA;NA;NA;NA;NA;NA;NA
21;"MA";2106003;"210600";"Lima Campos";"Não";"-";"Ciclistas";NA;NA;NA;NA;1;NA;NA;NA;NA;NA;NA;NA;NA;NA;NA;NA;NA;NA;NA;NA;1;NA;NA;NA;NA
21;"MA";2106102;"210610";"Loreto";"Não";"-";"Ciclistas";NA;NA;NA;1;NA;NA;NA;NA;NA;NA;NA;1;NA;NA;NA;NA;NA;NA;NA;NA;NA;1;NA;NA;NA
21;"MA";2106326;"210632";"Maracaçumé";"Não";"-";"Ciclistas";NA;NA;NA;NA;NA;NA;NA;NA;NA;NA;NA;NA;NA;NA;NA;NA;NA;NA;NA;NA;NA;NA;NA;NA;NA
21;"MA";2106359;"210635";"Marajá do Sena";"Não";"-";"Ciclistas";NA;NA;NA;NA;NA;NA;NA;NA;NA;NA;NA;NA;NA;NA;NA;NA;NA;NA;1;NA;NA;NA;NA;NA;NA
21;"MA";2106409;"210640";"Mata Roma";"Não";"-";"Ciclistas";NA;NA;NA;NA;NA;NA;NA;NA;NA;NA;NA;NA;NA;NA;NA;NA;3;NA;NA;NA;NA;NA;NA;NA;NA
21;"MA";2106607;"210660";"Matões";"Não";"Região Metropolitana da Zona Leste do Estado do Maranhão";"Ciclistas";NA;NA;NA;NA;NA;NA;NA;NA;1;NA;NA;NA;NA;NA;NA;NA;NA;NA;NA;NA;NA;NA;NA;NA;NA
21;"MA";2106631;"210663";"Matões do Norte";"Não";"-";"Ciclistas";NA;1;NA;NA;NA;NA;NA;NA;NA;NA;NA;1;NA;NA;NA;NA;NA;NA;NA;NA;NA;NA;NA;NA;NA
21;"MA";2106672;"210667";"Milagres do Maranhão";"Não";"-";"Ciclistas";NA;NA;NA;NA;NA;NA;NA;NA;NA;NA;NA;NA;NA;NA;NA;NA;NA;NA;NA;NA;NA;NA;1;NA;NA
21;"MA";2106755;"210675";"Miranda do Norte";"Não";"-";"Ciclistas";NA;NA;NA;NA;NA;NA;1;NA;NA;NA;NA;NA;NA;2;1;NA;NA;NA;NA;NA;NA;NA;NA;NA;NA
21;"MA";2106904;"210690";"Monção";"Não";"-";"Ciclistas";NA;NA;NA;NA;NA;NA;NA;NA;NA;NA;NA;NA;NA;NA;NA;NA;NA;NA;NA;NA;NA;NA;NA;1;NA
21;"MA";2107001;"210700";"Montes Altos";"Não";"Região Metropolitana do Sudoeste Maranhense";"Ciclistas";NA;NA;NA;NA;NA;NA;NA;NA;NA;NA;NA;NA;1;NA;NA;NA;NA;NA;NA;NA;NA;NA;NA;NA;NA
21;"MA";2107100;"210710";"Morros";"Não";"Região Metropolitana da Grande São Luís";"Ciclistas";NA;NA;NA;NA;NA;NA;NA;NA;NA;NA;NA;NA;NA;NA;NA;NA;NA;NA;NA;NA;1;NA;NA;NA;NA
21;"MA";2107357;"210735";"Nova Olinda do Maranhão";"Não";"-";"Ciclistas";NA;NA;NA;NA;NA;NA;NA;NA;NA;2;1;1;2;2;NA;NA;NA;1;NA;NA;NA;NA;NA;NA;NA
21;"MA";2107407;"210740";"Olho d'Água das Cunhãs";"Não";"-";"Ciclistas";NA;NA;NA;NA;NA;NA;1;NA;NA;NA;NA;NA;NA;1;NA;NA;NA;NA;NA;NA;NA;NA;NA;NA;NA
21;"MA";2107506;"210750";"Paço do Lumiar";"Não";"Região Metropolitana da Grande São Luís";"Ciclistas";NA;NA;NA;NA;NA;NA;NA;1;NA;NA;NA;NA;NA;NA;NA;NA;NA;NA;NA;NA;NA;NA;NA;NA;NA
21;"MA";2107704;"210770";"Paraibano";"Não";"-";"Ciclistas";NA;NA;1;NA;NA;NA;NA;NA;NA;NA;NA;NA;NA;NA;NA;NA;NA;NA;NA;NA;NA;NA;NA;NA;NA
21;"MA";2107902;"210790";"Passagem Franca";"Não";"-";"Ciclistas";NA;NA;NA;NA;NA;NA;NA;NA;NA;NA;NA;NA;NA;NA;NA;NA;NA;NA;1;NA;NA;NA;NA;NA;NA
21;"MA";2108009;"210800";"Pastos Bons";"Não";"-";"Ciclistas";NA;NA;NA;NA;NA;NA;NA;NA;NA;NA;NA;1;NA;NA;1;NA;NA;NA;NA;NA;NA;1;NA;NA;NA
21;"MA";2108108;"210810";"Paulo Ramos";"Não";"-";"Ciclistas";NA;NA;NA;NA;NA;NA;NA;NA;NA;NA;NA;NA;NA;1;NA;NA;NA;NA;NA;NA;NA;NA;NA;1;NA
21;"MA";2108207;"210820";"Pedreiras";"Não";"-";"Ciclistas";NA;NA;NA;NA;NA;NA;NA;1;NA;NA;1;NA;NA;NA;NA;NA;NA;NA;1;NA;NA;NA;NA;NA;NA
21;"MA";2108256;"210825";"Pedro do Rosário";"Não";"-";"Ciclistas";NA;NA;NA;NA;NA;NA;NA;NA;NA;NA;NA;1;NA;NA;NA;NA;NA;NA;NA;NA;NA;NA;NA;NA;NA
21;"MA";2108306;"210830";"Penalva";"Não";"-";"Ciclistas";NA;NA;NA;NA;NA;NA;NA;NA;NA;NA;NA;NA;NA;NA;NA;NA;NA;NA;NA;NA;1;NA;NA;NA;NA
21;"MA";2108454;"210845";"Peritoró";"Não";"-";"Ciclistas";NA;NA;2;NA;NA;1;NA;NA;NA;NA;NA;NA;NA;NA;NA;NA;NA;NA;NA;2;NA;NA;NA;NA;NA
21;"MA";2108504;"210850";"Pindaré-Mirim";"Não";"-";"Ciclistas";NA;NA;NA;NA;NA;NA;NA;NA;NA;NA;NA;NA;NA;NA;1;NA;NA;NA;NA;NA;NA;NA;NA;NA;NA
21;"MA";2108603;"210860";"Pinheiro";"Não";"-";"Ciclistas";NA;NA;NA;1;NA;2;2;NA;1;NA;1;NA;NA;NA;NA;NA;2;NA;2;2;NA;1;1;2;NA
21;"MA";2108702;"210870";"Pio XII";"Não";"-";"Ciclistas";NA;NA;NA;NA;NA;NA;NA;NA;NA;NA;NA;NA;NA;NA;NA;NA;NA;NA;NA;NA;NA;NA;NA;1;NA
21;"MA";2109007;"210900";"Porto Franco";"Não";"Região Metropolitana do Sudoeste Maranhense";"Ciclistas";NA;NA;NA;NA;NA;NA;NA;2;3;1;4;NA;NA;1;NA;NA;NA;1;1;NA;1;NA;NA;NA;NA
21;"MA";2109106;"210910";"Presidente Dutra";"Não";"-";"Ciclistas";NA;NA;NA;NA;NA;1;NA;NA;NA;1;NA;2;1;1;NA;2;1;2;NA;NA;NA;1;NA;NA;NA
21;"MA";2109239;"210923";"Presidente Médici";"Não";"-";"Ciclistas";NA;NA;NA;NA;NA;NA;NA;NA;NA;NA;NA;NA;NA;1;1;NA;NA;NA;NA;NA;NA;NA;NA;NA;NA
21;"MA";2109270;"210927";"Presidente Sarney";"Não";"-";"Ciclistas";NA;NA;NA;NA;NA;NA;NA;NA;NA;NA;NA;NA;NA;NA;NA;NA;1;NA;NA;NA;NA;NA;NA;NA;NA
21;"MA";2109452;"210945";"Raposa";"Não";"Região Metropolitana da Grande São Luís";"Ciclistas";NA;NA;NA;NA;NA;NA;NA;NA;NA;NA;1;NA;NA;NA;NA;NA;NA;NA;NA;NA;NA;NA;NA;NA;NA
21;"MA";2109502;"210950";"Riachão";"Não";"-";"Ciclistas";NA;NA;NA;NA;NA;NA;NA;NA;NA;NA;NA;NA;NA;NA;NA;NA;NA;NA;NA;2;1;1;NA;NA;NA
21;"MA";2109601;"210960";"Rosário";"Não";"Região Metropolitana da Grande São Luís";"Ciclistas";NA;NA;1;NA;NA;1;NA;1;1;NA;NA;NA;NA;1;NA;NA;NA;NA;NA;1;NA;NA;NA;NA;NA
21;"MA";2109809;"210980";"Santa Helena";"Não";"-";"Ciclistas";NA;NA;NA;NA;NA;NA;NA;NA;NA;NA;NA;NA;NA;NA;NA;NA;1;NA;NA;NA;NA;NA;NA;NA;NA
21;"MA";2109908;"210990";"Santa Inês";"Não";"-";"Ciclistas";NA;NA;NA;NA;NA;2;2;NA;NA;NA;1;1;NA;NA;1;NA;1;3;1;NA;NA;NA;2;NA;NA
21;"MA";2110005;"211000";"Santa Luzia";"Não";"-";"Ciclistas";NA;NA;NA;NA;NA;NA;NA;NA;NA;NA;NA;NA;NA;1;2;NA;NA;NA;NA;NA;NA;NA;1;NA;NA
21;"MA";2110039;"211003";"Santa Luzia do Paruá";"Não";"-";"Ciclistas";NA;NA;NA;NA;NA;NA;1;NA;1;NA;NA;NA;1;NA;NA;NA;NA;NA;NA;NA;1;NA;NA;NA;NA
21;"MA";2110104;"211010";"Santa Quitéria do Maranhão";"Não";"-";"Ciclistas";NA;1;NA;NA;NA;NA;NA;NA;1;NA;NA;NA;NA;2;1;NA;NA;NA;NA;NA;NA;NA;NA;1;NA
21;"MA";2110203;"211020";"Santa Rita";"Não";"Região Metropolitana da Grande São Luís";"Ciclistas";NA;NA;NA;NA;NA;NA;1;NA;NA;1;NA;NA;NA;1;NA;NA;1;NA;1;NA;NA;NA;NA;NA;NA
21;"MA";2110237;"211023";"Santana do Maranhão";"Não";"-";"Ciclistas";NA;NA;NA;NA;NA;NA;NA;NA;NA;NA;1;NA;NA;NA;NA;NA;NA;NA;NA;NA;NA;NA;NA;NA;NA
21;"MA";2110278;"211027";"Santo Amaro do Maranhão";"Não";"-";"Ciclistas";NA;NA;NA;NA;NA;NA;NA;NA;NA;NA;NA;NA;NA;NA;NA;NA;NA;NA;NA;NA;NA;NA;NA;NA;NA
21;"MA";2110302;"211030";"Santo Antônio dos Lopes";"Não";"-";"Ciclistas";NA;NA;NA;NA;NA;NA;NA;NA;NA;NA;NA;NA;1;NA;NA;NA;NA;NA;NA;NA;NA;NA;1;NA;NA
21;"MA";2110401;"211040";"São Benedito do Rio Preto";"Não";"-";"Ciclistas";NA;1;NA;1;NA;NA;NA;NA;1;NA;NA;NA;3;NA;NA;1;NA;NA;NA;NA;NA;NA;NA;NA;NA
21;"MA";2110609;"211060";"São Bernardo";"Não";"-";"Ciclistas";1;NA;NA;NA;NA;NA;NA;NA;NA;NA;NA;NA;NA;1;NA;NA;NA;1;NA;NA;NA;NA;NA;NA;NA
21;"MA";2110658;"211065";"São Domingos do Azeitão";"Não";"-";"Ciclistas";NA;NA;NA;NA;NA;NA;NA;NA;NA;1;NA;NA;NA;NA;NA;1;NA;NA;NA;NA;NA;NA;NA;NA;NA
21;"MA";2110708;"211070";"São Domingos do Maranhão";"Não";"-";"Ciclistas";NA;NA;NA;NA;NA;NA;NA;1;3;NA;NA;NA;NA;NA;NA;NA;NA;NA;NA;1;NA;NA;NA;NA;NA
21;"MA";2110856;"211085";"São Francisco do Brejão";"Não";"Região Metropolitana do Sudoeste Maranhense";"Ciclistas";NA;NA;NA;NA;NA;NA;NA;NA;NA;NA;NA;NA;NA;NA;NA;NA;NA;NA;NA;NA;1;NA;NA;NA;NA
21;"MA";2111003;"211100";"São João Batista";"Não";"-";"Ciclistas";NA;NA;1;NA;NA;NA;NA;NA;NA;NA;1;NA;NA;NA;NA;NA;NA;NA;NA;NA;NA;NA;NA;NA;NA
21;"MA";2111078;"211107";"São João do Soter";"Não";"Região Metropolitana da Zona Leste do Estado do Maranhão";"Ciclistas";NA;NA;NA;NA;NA;NA;NA;NA;NA;NA;NA;NA;NA;NA;NA;NA;NA;NA;NA;1;NA;NA;NA;NA;NA
21;"MA";2111102;"211110";"São João dos Patos";"Não";"-";"Ciclistas";NA;NA;NA;NA;NA;NA;NA;NA;1;NA;NA;NA;NA;NA;NA;NA;NA;1;1;NA;NA;NA;NA;NA;NA
21;"MA";2111201;"211120";"São José de Ribamar";"Não";"Região Metropolitana da Grande São Luís";"Ciclistas";NA;1;NA;NA;1;NA;1;1;NA;NA;NA;1;NA;NA;NA;NA;NA;NA;NA;NA;1;NA;NA;NA;NA
21;"MA";2111250;"211125";"São José dos Basílios";"Não";"-";"Ciclistas";NA;NA;NA;NA;NA;NA;NA;1;NA;NA;NA;NA;NA;NA;NA;NA;NA;NA;NA;NA;NA;NA;NA;NA;NA
21;"MA";2111300;"211130";"São Luís";"Sim";"Região Metropolitana da Grande São Luís";"Ciclistas";5;2;6;6;8;22;10;6;8;10;7;7;4;4;2;3;4;NA;4;NA;2;3;5;5;NA
21;"MA";2111409;"211140";"São Luís Gonzaga do Maranhão";"Não";"-";"Ciclistas";NA;NA;NA;NA;NA;NA;NA;NA;NA;1;NA;NA;NA;NA;NA;NA;NA;NA;NA;NA;NA;NA;NA;NA;NA
21;"MA";2111508;"211150";"São Mateus do Maranhão";"Não";"-";"Ciclistas";NA;NA;2;NA;1;NA;NA;NA;NA;5;1;1;1;NA;NA;NA;2;1;2;NA;NA;NA;NA;1;NA
21;"MA";2111532;"211153";"São Pedro da Água Branca";"Não";"Região Metropolitana do Sudoeste Maranhense";"Ciclistas";NA;NA;NA;NA;NA;NA;NA;NA;1;NA;NA;NA;NA;NA;NA;NA;NA;NA;NA;NA;NA;NA;NA;NA;NA
21;"MA";2111607;"211160";"São Raimundo das Mangabeiras";"Não";"-";"Ciclistas";NA;NA;NA;NA;NA;NA;NA;NA;NA;NA;1;NA;NA;NA;1;NA;NA;NA;NA;NA;NA;NA;NA;1;NA
21;"MA";2111672;"211167";"São Roberto";"Não";"-";"Ciclistas";NA;NA;NA;NA;NA;NA;NA;NA;NA;NA;NA;NA;NA;NA;NA;NA;NA;NA;NA;NA;NA;NA;NA;NA;NA
21;"MA";2111748;"211174";"Senador Alexandre Costa";"Não";"-";"Ciclistas";NA;NA;NA;NA;NA;NA;NA;NA;1;NA;NA;2;NA;NA;NA;NA;NA;NA;NA;NA;1;NA;NA;NA;NA
21;"MA";2111763;"211176";"Senador La Rocque";"Não";"Região Metropolitana do Sudoeste Maranhense";"Ciclistas";NA;NA;NA;NA;NA;NA;NA;NA;NA;NA;NA;NA;NA;2;NA;NA;NA;NA;NA;NA;2;NA;NA;NA;NA
21;"MA";2111805;"211180";"Sítio Novo";"Não";"Região Metropolitana do Sudoeste Maranhense";"Ciclistas";NA;NA;NA;NA;NA;NA;1;NA;NA;NA;NA;NA;NA;NA;1;NA;NA;NA;NA;NA;NA;NA;NA;NA;NA
21;"MA";2112001;"211200";"Tasso Fragoso";"Não";"-";"Ciclistas";NA;NA;NA;NA;NA;NA;NA;NA;NA;NA;NA;1;NA;NA;NA;NA;NA;NA;NA;1;NA;NA;NA;NA;NA
21;"MA";2112100;"211210";"Timbiras";"Não";"-";"Ciclistas";NA;NA;1;1;NA;NA;NA;NA;NA;NA;NA;NA;1;NA;NA;NA;NA;NA;NA;NA;NA;NA;NA;NA;NA
21;"MA";2112209;"211220";"Timon";"Não";"Região Integrada de Desenvolvimento da Grande Teresina";"Ciclistas";NA;NA;NA;NA;NA;2;2;3;1;NA;2;1;1;NA;NA;3;NA;1;2;2;1;NA;1;1;NA
21;"MA";2112308;"211230";"Tuntum";"Não";"-";"Ciclistas";NA;NA;NA;NA;NA;1;NA;1;NA;NA;NA;NA;NA;NA;NA;NA;NA;NA;NA;NA;NA;NA;NA;NA;NA
21;"MA";2112456;"211245";"Turilândia";"Não";"-";"Ciclistas";NA;NA;NA;NA;1;NA;NA;NA;NA;NA;NA;NA;1;1;NA;NA;1;NA;NA;NA;NA;NA;NA;NA;NA
21;"MA";2112506;"211250";"Tutóia";"Não";"-";"Ciclistas";NA;1;NA;NA;NA;NA;NA;NA;1;NA;NA;NA;NA;2;2;NA;NA;NA;NA;NA;NA;NA;NA;NA;NA
21;"MA";2112605;"211260";"Urbano Santos";"Não";"-";"Ciclistas";NA;NA;NA;NA;NA;NA;NA;NA;NA;NA;NA;NA;NA;NA;NA;1;NA;1;NA;1;NA;NA;NA;NA;NA
21;"MA";2112704;"211270";"Vargem Grande";"Não";"-";"Ciclistas";NA;NA;NA;NA;NA;1;NA;NA;2;3;NA;NA;NA;1;NA;1;1;NA;NA;1;NA;NA;NA;NA;NA
21;"MA";2112803;"211280";"Viana";"Não";"-";"Ciclistas";NA;NA;NA;NA;NA;NA;1;NA;NA;NA;NA;NA;NA;NA;NA;NA;NA;NA;NA;NA;NA;NA;NA;NA;NA
21;"MA";2112852;"211285";"Vila Nova dos Martírios";"Não";"Região Metropolitana do Sudoeste Maranhense";"Ciclistas";NA;NA;1;NA;NA;NA;NA;NA;NA;NA;NA;NA;NA;NA;NA;NA;NA;NA;NA;NA;NA;NA;NA;1;NA
21;"MA";2112902;"211290";"Vitória do Mearim";"Não";"-";"Ciclistas";NA;NA;NA;1;NA;NA;NA;2;NA;1;3;2;1;NA;1;NA;NA;2;NA;NA;NA;NA;NA;NA;NA
21;"MA";2113009;"211300";"Vitorino Freire";"Não";"-";"Ciclistas";NA;NA;NA;NA;NA;NA;NA;1;NA;NA;NA;NA;NA;NA;NA;NA;NA;1;NA;NA;NA;NA;NA;NA;NA
21;"MA";2114007;"211400";"Zé Doca";"Não";"-";"Ciclistas";NA;NA;NA;NA;NA;NA;NA;2;NA;2;NA;1;NA;2;NA;NA;NA;NA;1;NA;NA;NA;NA;NA;NA
22;"PI";2200053;"220005";"Acauã";"Não";"-";"Ciclistas";NA;NA;NA;NA;NA;NA;NA;NA;NA;NA;NA;NA;NA;NA;NA;NA;NA;NA;1;NA;NA;NA;NA;NA;NA
22;"PI";2200103;"220010";"Agricolândia";"Não";"-";"Ciclistas";NA;NA;NA;NA;NA;NA;NA;NA;NA;NA;NA;NA;NA;NA;NA;NA;NA;NA;1;NA;NA;NA;NA;NA;NA
22;"PI";2200202;"220020";"Água Branca";"Não";"-";"Ciclistas";NA;NA;NA;NA;NA;NA;NA;NA;NA;NA;NA;1;NA;NA;1;NA;NA;NA;NA;NA;1;NA;NA;NA;NA
22;"PI";2200301;"220030";"Alto Longá";"Não";"-";"Ciclistas";NA;NA;NA;NA;NA;1;NA;NA;NA;NA;NA;NA;NA;1;NA;NA;NA;NA;NA;NA;NA;NA;NA;NA;NA
22;"PI";2200400;"220040";"Altos";"Não";"Região Integrada de Desenvolvimento da Grande Teresina";"Ciclistas";NA;NA;NA;NA;NA;1;1;NA;NA;1;NA;NA;NA;NA;NA;NA;NA;2;NA;NA;NA;1;NA;NA;NA
22;"PI";2200459;"220045";"Alvorada do Gurguéia";"Não";"-";"Ciclistas";NA;NA;NA;NA;NA;NA;NA;NA;NA;NA;NA;NA;NA;1;NA;NA;NA;NA;NA;NA;NA;NA;NA;NA;NA
22;"PI";2200509;"220050";"Amarante";"Não";"-";"Ciclistas";NA;NA;NA;NA;NA;NA;1;NA;NA;NA;NA;NA;NA;1;1;NA;NA;NA;NA;NA;NA;NA;NA;NA;NA
22;"PI";2200608;"220060";"Angical do Piauí";"Não";"-";"Ciclistas";NA;NA;NA;NA;NA;NA;NA;NA;NA;NA;NA;NA;NA;NA;NA;NA;NA;NA;NA;NA;NA;NA;NA;NA;NA
22;"PI";2200707;"220070";"Anísio de Abreu";"Não";"-";"Ciclistas";NA;NA;NA;NA;NA;NA;NA;NA;NA;NA;NA;NA;NA;1;NA;NA;NA;NA;NA;NA;NA;NA;NA;NA;NA
22;"PI";2200806;"220080";"Antônio Almeida";"Não";"-";"Ciclistas";NA;NA;NA;NA;NA;NA;NA;NA;NA;1;NA;NA;NA;NA;NA;NA;NA;NA;NA;NA;NA;NA;NA;NA;NA
22;"PI";2200905;"220090";"Aroazes";"Não";"-";"Ciclistas";NA;NA;NA;NA;NA;NA;NA;NA;NA;NA;NA;NA;1;NA;NA;NA;NA;NA;NA;NA;NA;NA;NA;NA;NA
22;"PI";2201150;"220115";"Baixa Grande do Ribeiro";"Não";"-";"Ciclistas";NA;NA;NA;NA;1;NA;NA;NA;NA;NA;NA;NA;NA;NA;NA;NA;NA;NA;NA;NA;NA;NA;NA;NA;NA
22;"PI";2201176;"220117";"Barra D'Alcântara";"Não";"-";"Ciclistas";NA;NA;NA;NA;NA;NA;NA;NA;NA;NA;NA;NA;NA;NA;NA;NA;1;NA;NA;NA;NA;NA;NA;NA;NA
22;"PI";2201200;"220120";"Barras";"Não";"-";"Ciclistas";NA;NA;NA;NA;NA;NA;NA;NA;NA;NA;1;NA;NA;NA;NA;1;NA;NA;NA;NA;NA;NA;1;NA;NA
22;"PI";2201408;"220140";"Barro Duro";"Não";"-";"Ciclistas";NA;NA;NA;NA;NA;NA;NA;NA;NA;NA;NA;NA;NA;NA;NA;NA;NA;NA;NA;NA;NA;NA;1;NA;NA
22;"PI";2201507;"220150";"Batalha";"Não";"-";"Ciclistas";NA;NA;1;NA;NA;NA;NA;NA;NA;1;NA;NA;NA;NA;1;NA;NA;NA;NA;NA;1;NA;NA;NA;NA
22;"PI";2201903;"220190";"Bom Jesus";"Não";"-";"Ciclistas";NA;NA;NA;NA;NA;NA;NA;NA;NA;2;NA;NA;NA;2;NA;NA;3;NA;1;NA;NA;NA;NA;1;NA
22;"PI";2201919;"220191";"Bom Princípio do Piauí";"Não";"-";"Ciclistas";NA;NA;NA;NA;NA;NA;NA;NA;NA;NA;NA;NA;NA;NA;NA;NA;NA;1;NA;NA;NA;NA;NA;NA;NA
22;"PI";2201945;"220194";"Boqueirão do Piauí";"Não";"-";"Ciclistas";NA;NA;NA;NA;NA;NA;NA;NA;NA;NA;NA;NA;NA;NA;NA;NA;NA;NA;NA;NA;NA;NA;NA;1;NA
22;"PI";2202000;"220200";"Buriti dos Lopes";"Não";"-";"Ciclistas";NA;NA;NA;1;NA;NA;NA;NA;NA;NA;NA;NA;NA;NA;1;NA;NA;NA;NA;NA;NA;NA;NA;NA;NA
22;"PI";2202059;"220205";"Cabeceiras do Piauí";"Não";"-";"Ciclistas";NA;NA;NA;NA;NA;NA;NA;NA;NA;NA;NA;NA;NA;NA;NA;NA;NA;NA;NA;1;NA;NA;NA;NA;NA
22;"PI";2202075;"220207";"Cajazeiras do Piauí";"Não";"-";"Ciclistas";NA;1;NA;NA;NA;NA;NA;NA;NA;NA;NA;NA;NA;NA;NA;NA;NA;NA;NA;NA;NA;NA;NA;NA;NA
22;"PI";2202083;"220208";"Cajueiro da Praia";"Não";"-";"Ciclistas";NA;NA;NA;NA;NA;NA;NA;NA;NA;NA;NA;NA;NA;NA;NA;NA;NA;NA;2;NA;NA;NA;NA;NA;NA
22;"PI";2202109;"220210";"Campinas do Piauí";"Não";"-";"Ciclistas";NA;NA;NA;NA;NA;NA;NA;NA;NA;NA;NA;NA;NA;NA;NA;NA;NA;NA;NA;NA;NA;NA;1;NA;NA
22;"PI";2202133;"220213";"Campo Grande do Piauí";"Não";"-";"Ciclistas";NA;NA;NA;NA;NA;NA;NA;NA;NA;NA;1;NA;NA;NA;NA;NA;NA;NA;1;NA;NA;1;NA;NA;NA
22;"PI";2202174;"220217";"Campo Largo do Piauí";"Não";"-";"Ciclistas";NA;NA;NA;NA;NA;NA;NA;NA;NA;NA;NA;NA;1;1;NA;NA;NA;NA;NA;NA;NA;NA;NA;NA;NA
22;"PI";2202208;"220220";"Campo Maior";"Não";"-";"Ciclistas";NA;NA;NA;NA;1;NA;1;1;NA;NA;2;NA;NA;NA;2;NA;NA;NA;2;1;NA;1;1;NA;NA
22;"PI";2202307;"220230";"Canto do Buriti";"Não";"-";"Ciclistas";NA;NA;NA;NA;NA;NA;1;NA;NA;NA;NA;NA;NA;NA;NA;1;NA;1;1;NA;NA;NA;NA;1;NA
22;"PI";2202406;"220240";"Capitão de Campos";"Não";"-";"Ciclistas";NA;NA;NA;NA;NA;NA;NA;NA;NA;1;NA;1;1;NA;NA;NA;NA;1;NA;NA;NA;NA;1;NA;NA
22;"PI";2202505;"220250";"Caracol";"Não";"-";"Ciclistas";NA;NA;NA;NA;NA;NA;NA;NA;NA;1;NA;NA;1;NA;NA;NA;NA;NA;NA;NA;NA;NA;NA;NA;NA
22;"PI";2202604;"220260";"Castelo do Piauí";"Não";"-";"Ciclistas";NA;NA;NA;1;1;NA;NA;NA;NA;2;NA;1;2;NA;NA;NA;NA;NA;NA;NA;NA;NA;NA;NA;NA
22;"PI";2202653;"220265";"Caxingó";"Não";"-";"Ciclistas";NA;NA;NA;NA;NA;NA;NA;1;NA;NA;NA;NA;NA;NA;NA;NA;NA;NA;NA;NA;1;NA;NA;1;NA
22;"PI";2202703;"220270";"Cocal";"Não";"-";"Ciclistas";NA;NA;NA;NA;NA;1;NA;NA;NA;NA;NA;NA;NA;NA;1;NA;NA;NA;1;NA;NA;NA;NA;NA;NA
22;"PI";2202711;"220271";"Cocal de Telha";"Não";"-";"Ciclistas";NA;NA;NA;NA;NA;NA;NA;1;1;NA;NA;NA;NA;NA;NA;NA;NA;1;NA;NA;NA;NA;NA;NA;NA
22;"PI";2202729;"220272";"Cocal dos Alves";"Não";"-";"Ciclistas";NA;NA;NA;NA;NA;NA;1;NA;NA;NA;NA;NA;NA;NA;NA;NA;NA;NA;NA;NA;NA;NA;NA;NA;NA
22;"PI";2202802;"220280";"Conceição do Canindé";"Não";"-";"Ciclistas";NA;NA;NA;NA;NA;NA;NA;NA;NA;NA;NA;NA;NA;1;NA;NA;NA;NA;NA;NA;NA;NA;NA;NA;NA
22;"PI";2202901;"220290";"Corrente";"Não";"-";"Ciclistas";NA;NA;NA;NA;NA;NA;NA;NA;NA;NA;1;NA;NA;NA;1;NA;NA;NA;NA;NA;NA;NA;NA;NA;NA
22;"PI";2203008;"220300";"Cristalândia do Piauí";"Não";"-";"Ciclistas";NA;NA;NA;NA;NA;NA;NA;NA;1;NA;NA;NA;NA;NA;NA;NA;NA;NA;NA;NA;NA;NA;NA;NA;NA
22;"PI";2203107;"220310";"Cristino Castro";"Não";"-";"Ciclistas";NA;NA;NA;NA;NA;NA;NA;NA;NA;NA;1;NA;NA;1;NA;NA;NA;NA;NA;NA;1;NA;NA;NA;NA
22;"PI";2203206;"220320";"Curimatá";"Não";"-";"Ciclistas";NA;NA;NA;NA;NA;NA;NA;NA;NA;NA;1;1;NA;NA;NA;NA;NA;NA;NA;NA;NA;NA;NA;NA;NA
22;"PI";2203305;"220330";"Demerval Lobão";"Não";"Região Integrada de Desenvolvimento da Grande Teresina";"Ciclistas";NA;NA;NA;NA;NA;NA;1;NA;NA;NA;NA;NA;NA;NA;NA;NA;1;NA;NA;1;NA;NA;NA;1;NA
22;"PI";2203404;"220340";"Dom Expedito Lopes";"Não";"-";"Ciclistas";NA;NA;NA;NA;NA;NA;NA;NA;1;1;NA;NA;NA;NA;NA;NA;NA;1;NA;NA;NA;NA;NA;NA;NA
22;"PI";2203503;"220350";"Elesbão Veloso";"Não";"-";"Ciclistas";NA;NA;NA;NA;NA;NA;NA;NA;NA;NA;NA;NA;NA;NA;NA;NA;NA;NA;NA;NA;NA;NA;NA;1;NA
22;"PI";2203701;"220370";"Esperantina";"Não";"-";"Ciclistas";NA;NA;NA;NA;NA;1;1;1;NA;NA;1;2;NA;NA;1;1;NA;NA;NA;NA;NA;NA;1;1;NA
22;"PI";2203800;"220380";"Flores do Piauí";"Não";"-";"Ciclistas";NA;NA;NA;NA;NA;NA;NA;NA;NA;NA;1;NA;NA;NA;NA;NA;NA;NA;NA;NA;NA;NA;NA;NA;NA
22;"PI";2203909;"220390";"Floriano";"Não";"-";"Ciclistas";NA;3;NA;NA;1;NA;NA;1;4;NA;NA;NA;1;2;1;1;2;NA;2;3;1;NA;1;NA;NA
22;"PI";2204006;"220400";"Francinópolis";"Não";"-";"Ciclistas";NA;NA;NA;NA;NA;NA;NA;NA;NA;NA;NA;NA;NA;NA;NA;NA;NA;NA;NA;NA;NA;NA;NA;NA;NA
22;"PI";2204204;"220420";"Francisco Santos";"Não";"-";"Ciclistas";NA;NA;NA;NA;NA;NA;NA;NA;NA;NA;NA;NA;NA;1;1;NA;NA;NA;NA;NA;NA;NA;NA;NA;NA
22;"PI";2204303;"220430";"Fronteiras";"Não";"-";"Ciclistas";NA;NA;NA;NA;NA;NA;NA;NA;NA;NA;NA;NA;NA;1;NA;NA;NA;NA;NA;NA;NA;NA;NA;NA;NA
22;"PI";2204352;"220435";"Geminiano";"Não";"-";"Ciclistas";NA;NA;NA;NA;NA;NA;NA;NA;NA;NA;NA;NA;NA;NA;NA;NA;NA;NA;NA;NA;NA;NA;NA;NA;NA
22;"PI";2204402;"220440";"Gilbués";"Não";"-";"Ciclistas";NA;NA;NA;NA;NA;NA;NA;NA;NA;NA;NA;NA;NA;NA;NA;NA;NA;NA;NA;1;NA;NA;NA;NA;NA
22;"PI";2204501;"220450";"Guadalupe";"Não";"-";"Ciclistas";NA;NA;NA;NA;NA;NA;NA;NA;NA;NA;NA;NA;NA;NA;NA;NA;1;NA;NA;NA;NA;NA;NA;NA;NA
22;"PI";2204709;"220470";"Inhuma";"Não";"-";"Ciclistas";NA;NA;NA;NA;NA;NA;NA;NA;NA;NA;NA;NA;1;1;NA;NA;NA;NA;NA;NA;NA;NA;NA;NA;NA
22;"PI";2204808;"220480";"Ipiranga do Piauí";"Não";"-";"Ciclistas";NA;1;NA;NA;NA;NA;NA;1;NA;NA;NA;NA;NA;NA;NA;NA;NA;NA;NA;NA;NA;NA;NA;NA;NA
22;"PI";2205003;"220500";"Itainópolis";"Não";"-";"Ciclistas";NA;NA;NA;NA;NA;1;NA;NA;NA;NA;NA;NA;NA;NA;NA;NA;NA;NA;NA;NA;NA;NA;NA;NA;NA
22;"PI";2205102;"220510";"Itaueira";"Não";"-";"Ciclistas";NA;NA;NA;NA;NA;NA;NA;NA;NA;NA;NA;NA;NA;NA;NA;NA;NA;NA;NA;NA;NA;NA;NA;1;NA
22;"PI";2205151;"220515";"Jacobina do Piauí";"Não";"-";"Ciclistas";NA;NA;NA;NA;NA;NA;NA;NA;NA;NA;NA;NA;NA;NA;NA;NA;NA;NA;NA;NA;NA;NA;NA;NA;NA
22;"PI";2205300;"220530";"Jerumenha";"Não";"-";"Ciclistas";NA;NA;NA;NA;NA;NA;NA;NA;NA;1;NA;NA;NA;NA;NA;NA;NA;NA;NA;1;1;NA;NA;NA;NA
22;"PI";2205458;"220545";"Joca Marques";"Não";"-";"Ciclistas";NA;NA;NA;NA;NA;NA;NA;NA;NA;NA;NA;NA;NA;NA;NA;NA;1;NA;NA;NA;NA;NA;NA;NA;NA
22;"PI";2205508;"220550";"José de Freitas";"Não";"Região Integrada de Desenvolvimento da Grande Teresina";"Ciclistas";NA;NA;NA;NA;NA;NA;NA;NA;NA;1;1;NA;1;NA;NA;NA;NA;NA;NA;NA;1;NA;NA;1;NA
22;"PI";2205524;"220552";"Júlio Borges";"Não";"-";"Ciclistas";NA;NA;NA;NA;NA;NA;NA;NA;NA;NA;NA;NA;NA;NA;1;NA;NA;NA;NA;NA;NA;NA;NA;NA;NA
22;"PI";2205540;"220554";"Lagoinha do Piauí";"Não";"-";"Ciclistas";NA;NA;NA;NA;1;NA;NA;NA;NA;NA;NA;NA;NA;NA;NA;NA;NA;NA;NA;NA;NA;NA;NA;NA;NA
22;"PI";2205557;"220555";"Lagoa Alegre";"Não";"Região Integrada de Desenvolvimento da Grande Teresina";"Ciclistas";NA;NA;NA;NA;NA;NA;NA;NA;NA;NA;NA;NA;NA;NA;NA;NA;NA;NA;NA;NA;1;NA;NA;NA;NA
22;"PI";2205565;"220556";"Lagoa do Barro do Piauí";"Não";"-";"Ciclistas";NA;NA;NA;NA;NA;NA;NA;NA;NA;NA;NA;NA;NA;NA;NA;1;NA;NA;NA;NA;NA;NA;NA;NA;NA
22;"PI";2205581;"220558";"Lagoa do Piauí";"Não";"Região Integrada de Desenvolvimento da Grande Teresina";"Ciclistas";NA;NA;NA;NA;1;NA;NA;NA;NA;NA;NA;NA;NA;NA;NA;NA;NA;NA;NA;NA;NA;NA;NA;NA;NA
22;"PI";2205706;"220570";"Luís Correia";"Não";"-";"Ciclistas";NA;NA;NA;NA;NA;NA;NA;NA;NA;NA;NA;NA;NA;NA;NA;1;1;NA;NA;1;NA;NA;NA;NA;NA
22;"PI";2205805;"220580";"Luzilândia";"Não";"-";"Ciclistas";NA;1;NA;NA;NA;NA;NA;NA;1;NA;NA;NA;NA;NA;NA;NA;NA;NA;NA;NA;NA;NA;NA;NA;NA
22;"PI";2205904;"220590";"Manoel Emídio";"Não";"-";"Ciclistas";NA;NA;NA;NA;NA;NA;NA;NA;NA;NA;NA;NA;NA;NA;1;NA;NA;NA;NA;NA;NA;NA;NA;NA;NA
22;"PI";2206001;"220600";"Marcos Parente";"Não";"-";"Ciclistas";NA;NA;NA;NA;NA;NA;NA;1;NA;NA;NA;NA;NA;NA;NA;NA;NA;NA;NA;NA;NA;NA;NA;NA;NA
22;"PI";2206209;"220620";"Miguel Alves";"Não";"-";"Ciclistas";NA;NA;NA;NA;NA;NA;NA;NA;NA;NA;NA;NA;NA;NA;2;NA;NA;1;NA;NA;NA;NA;NA;NA;NA
22;"PI";2206407;"220640";"Monsenhor Gil";"Não";"Região Integrada de Desenvolvimento da Grande Teresina";"Ciclistas";NA;NA;NA;NA;1;NA;NA;NA;NA;NA;NA;NA;NA;NA;NA;NA;NA;NA;NA;NA;NA;1;NA;1;NA
22;"PI";2206506;"220650";"Monsenhor Hipólito";"Não";"-";"Ciclistas";NA;NA;NA;NA;NA;NA;NA;NA;NA;NA;NA;NA;NA;NA;NA;NA;NA;NA;NA;1;NA;NA;NA;NA;NA
22;"PI";2206605;"220660";"Monte Alegre do Piauí";"Não";"-";"Ciclistas";NA;1;NA;NA;NA;NA;NA;NA;NA;1;NA;NA;NA;NA;NA;NA;NA;NA;1;NA;NA;NA;NA;NA;NA
22;"PI";2206670;"220667";"Morro do Chapéu do Piauí";"Não";"-";"Ciclistas";NA;NA;NA;NA;NA;NA;NA;NA;NA;NA;NA;1;NA;NA;NA;NA;NA;NA;NA;NA;NA;NA;NA;NA;NA
22;"PI";2206696;"220669";"Murici dos Portelas";"Não";"-";"Ciclistas";NA;NA;NA;NA;NA;NA;NA;1;NA;NA;NA;NA;NA;NA;NA;NA;NA;NA;NA;NA;NA;NA;NA;NA;NA
22;"PI";2206753;"220675";"Nossa Senhora de Nazaré";"Não";"-";"Ciclistas";NA;NA;NA;NA;NA;NA;NA;NA;NA;NA;NA;NA;NA;NA;NA;NA;NA;NA;NA;NA;NA;NA;NA;1;NA
22;"PI";2206803;"220680";"Nossa Senhora dos Remédios";"Não";"-";"Ciclistas";NA;NA;NA;NA;NA;NA;NA;NA;NA;NA;NA;NA;NA;NA;NA;NA;NA;NA;NA;NA;NA;NA;NA;1;NA
22;"PI";2207009;"220700";"Oeiras";"Não";"-";"Ciclistas";NA;NA;NA;NA;NA;NA;NA;NA;NA;NA;2;2;2;1;NA;2;1;4;NA;NA;NA;NA;NA;NA;NA
22;"PI";2207108;"220710";"Olho D'Água do Piauí";"Não";"-";"Ciclistas";NA;NA;NA;NA;NA;NA;NA;NA;NA;NA;NA;NA;NA;1;NA;NA;NA;NA;NA;NA;NA;NA;NA;NA;NA
22;"PI";2207504;"220750";"Palmeirais";"Não";"-";"Ciclistas";NA;NA;NA;NA;NA;NA;NA;NA;NA;NA;NA;NA;NA;NA;NA;NA;NA;NA;1;NA;NA;NA;NA;NA;NA
22;"PI";2207702;"220770";"Parnaíba";"Não";"-";"Ciclistas";NA;NA;1;NA;NA;NA;NA;2;1;1;NA;NA;1;2;5;4;5;6;3;3;3;2;NA;2;NA
22;"PI";2207777;"220777";"Patos do Piauí";"Não";"-";"Ciclistas";NA;NA;NA;NA;NA;NA;1;NA;NA;NA;NA;NA;NA;NA;NA;NA;NA;NA;NA;1;NA;NA;NA;NA;NA
22;"PI";2207900;"220790";"Pedro II";"Não";"-";"Ciclistas";NA;NA;NA;NA;NA;NA;NA;NA;NA;NA;NA;1;NA;NA;NA;2;NA;NA;NA;NA;NA;NA;NA;NA;NA
22;"PI";2208007;"220800";"Picos";"Não";"-";"Ciclistas";NA;NA;NA;NA;1;2;2;1;2;1;3;3;NA;1;NA;2;NA;1;2;3;NA;NA;1;1;NA
22;"PI";2208205;"220820";"Pio IX";"Não";"-";"Ciclistas";NA;1;NA;NA;NA;NA;1;NA;NA;NA;NA;NA;1;NA;NA;NA;NA;NA;NA;NA;NA;NA;NA;NA;NA
22;"PI";2208304;"220830";"Piracuruca";"Não";"-";"Ciclistas";NA;NA;NA;NA;NA;NA;NA;NA;NA;5;3;1;NA;NA;NA;NA;1;1;NA;NA;NA;NA;1;NA;NA
22;"PI";2208403;"220840";"Piripiri";"Não";"-";"Ciclistas";NA;1;1;NA;NA;NA;4;5;1;3;1;1;3;NA;NA;1;1;1;2;3;NA;NA;1;1;NA
22;"PI";2208700;"220870";"Redenção do Gurguéia";"Não";"-";"Ciclistas";NA;NA;NA;NA;NA;NA;NA;NA;NA;1;NA;NA;NA;NA;NA;NA;NA;NA;NA;NA;NA;NA;NA;NA;NA
22;"PI";2208809;"220880";"Regeneração";"Não";"-";"Ciclistas";NA;NA;NA;NA;NA;NA;NA;NA;NA;NA;NA;1;NA;NA;NA;NA;NA;NA;NA;NA;NA;NA;NA;NA;NA
22;"PI";2209005;"220900";"Rio Grande do Piauí";"Não";"-";"Ciclistas";NA;NA;NA;NA;NA;NA;NA;1;NA;NA;NA;NA;NA;NA;NA;NA;NA;NA;NA;NA;NA;NA;NA;NA;NA
22;"PI";2209153;"220915";"Santa Cruz dos Milagres";"Não";"-";"Ciclistas";NA;NA;NA;NA;NA;NA;NA;NA;1;NA;NA;NA;NA;NA;NA;NA;NA;NA;NA;NA;NA;NA;NA;NA;NA
22;"PI";2209302;"220930";"Santa Luz";"Não";"-";"Ciclistas";NA;NA;NA;NA;NA;NA;NA;NA;NA;NA;NA;NA;NA;NA;NA;NA;NA;NA;NA;NA;NA;1;NA;NA;NA
22;"PI";2209401;"220940";"Santo Antônio de Lisboa";"Não";"-";"Ciclistas";1;NA;NA;NA;NA;NA;NA;NA;NA;NA;NA;NA;NA;NA;NA;NA;NA;NA;NA;NA;NA;NA;NA;NA;NA
22;"PI";2209609;"220960";"São Félix do Piauí";"Não";"-";"Ciclistas";NA;NA;NA;NA;NA;NA;NA;NA;NA;NA;NA;NA;NA;NA;NA;NA;NA;1;NA;NA;NA;NA;NA;NA;NA
22;"PI";2209971;"220997";"São João do Arraial";"Não";"-";"Ciclistas";NA;NA;NA;NA;1;NA;NA;NA;NA;NA;NA;NA;NA;NA;NA;NA;NA;NA;NA;1;NA;NA;NA;NA;NA
22;"PI";2210003;"221000";"São João do Piauí";"Não";"-";"Ciclistas";NA;NA;NA;NA;NA;NA;NA;NA;NA;1;NA;NA;NA;NA;NA;1;NA;NA;NA;NA;NA;NA;NA;NA;NA
22;"PI";2210508;"221050";"São Pedro do Piauí";"Não";"-";"Ciclistas";NA;NA;NA;NA;NA;NA;NA;NA;NA;NA;NA;1;NA;NA;NA;NA;NA;NA;NA;NA;NA;NA;NA;NA;NA
22;"PI";2210607;"221060";"São Raimundo Nonato";"Não";"-";"Ciclistas";NA;NA;NA;NA;NA;NA;1;NA;NA;NA;NA;NA;NA;NA;NA;NA;NA;1;NA;NA;2;1;NA;NA;NA
22;"PI";2210706;"221070";"Simões";"Não";"-";"Ciclistas";NA;NA;NA;NA;NA;NA;NA;NA;NA;NA;NA;NA;NA;NA;NA;NA;NA;NA;NA;1;NA;NA;NA;NA;NA
22;"PI";2210938;"221093";"Sussuapara";"Não";"-";"Ciclistas";NA;NA;NA;NA;NA;NA;NA;NA;NA;NA;NA;NA;NA;NA;NA;NA;NA;NA;NA;NA;NA;NA;NA;NA;NA
22;"PI";2211001;"221100";"Teresina";"Sim";"Região Integrada de Desenvolvimento da Grande Teresina";"Ciclistas";15;13;18;11;21;17;21;32;24;26;29;16;23;12;17;16;21;14;14;13;9;14;15;8;NA
22;"PI";2211100;"221110";"União";"Não";"Região Integrada de Desenvolvimento da Grande Teresina";"Ciclistas";NA;NA;NA;NA;NA;NA;NA;NA;NA;NA;NA;1;NA;1;1;2;2;1;NA;NA;NA;1;1;1;NA
22;"PI";2211209;"221120";"Uruçuí";"Não";"-";"Ciclistas";NA;NA;NA;NA;NA;NA;NA;NA;NA;NA;NA;NA;NA;NA;1;NA;NA;NA;NA;NA;2;NA;NA;NA;NA
22;"PI";2211308;"221130";"Valença do Piauí";"Não";"-";"Ciclistas";NA;NA;NA;NA;NA;NA;NA;NA;NA;NA;NA;NA;NA;NA;NA;NA;NA;NA;NA;NA;NA;NA;NA;NA;NA
23;"CE";2300200;"230020";"Acaraú";"Não";"-";"Ciclistas";NA;NA;NA;NA;3;NA;NA;NA;NA;1;NA;2;1;NA;3;2;1;1;2;1;NA;2;1;NA;NA
23;"CE";2300309;"230030";"Acopiara";"Não";"-";"Ciclistas";NA;1;1;1;NA;NA;2;1;NA;1;1;NA;1;NA;1;NA;NA;NA;1;1;1;NA;NA;NA;NA
23;"CE";2300408;"230040";"Aiuaba";"Não";"-";"Ciclistas";NA;NA;NA;NA;NA;NA;1;NA;NA;NA;NA;NA;NA;NA;NA;NA;NA;NA;NA;NA;NA;NA;NA;NA;NA
23;"CE";2300507;"230050";"Alcântaras";"Não";"Região Metropolitana de Sobral";"Ciclistas";NA;NA;NA;NA;NA;NA;NA;NA;NA;NA;NA;NA;NA;NA;1;NA;NA;NA;NA;NA;NA;NA;NA;NA;NA
23;"CE";2300754;"230075";"Amontada";"Não";"-";"Ciclistas";NA;1;NA;NA;NA;NA;NA;NA;NA;NA;NA;1;NA;NA;1;NA;2;NA;NA;NA;NA;1;NA;NA;NA
23;"CE";2301000;"230100";"Aquiraz";"Não";"Região Metropolitana de Fortaleza";"Ciclistas";NA;NA;NA;NA;NA;NA;1;NA;NA;NA;NA;NA;NA;NA;NA;NA;NA;NA;NA;NA;NA;NA;NA;NA;NA
23;"CE";2301109;"230110";"Aracati";"Não";"-";"Ciclistas";NA;NA;1;NA;1;NA;NA;1;NA;NA;NA;NA;NA;NA;NA;NA;NA;1;1;1;1;NA;NA;NA;NA
23;"CE";2301208;"230120";"Aracoiaba";"Não";"-";"Ciclistas";1;NA;NA;NA;NA;NA;NA;1;NA;NA;NA;NA;NA;NA;NA;NA;NA;NA;NA;NA;NA;NA;NA;NA;NA
23;"CE";2301257;"230125";"Ararendá";"Não";"-";"Ciclistas";NA;NA;NA;NA;NA;NA;NA;NA;NA;1;NA;NA;NA;NA;NA;NA;NA;NA;NA;NA;NA;NA;NA;NA;NA
23;"CE";2301307;"230130";"Araripe";"Não";"-";"Ciclistas";NA;NA;NA;NA;1;NA;NA;NA;NA;NA;NA;NA;NA;NA;NA;NA;NA;NA;NA;NA;NA;NA;NA;NA;NA
23;"CE";2301406;"230140";"Aratuba";"Não";"-";"Ciclistas";NA;NA;NA;NA;NA;NA;NA;NA;NA;NA;NA;NA;NA;NA;NA;1;NA;NA;NA;NA;NA;NA;NA;NA;NA
23;"CE";2301505;"230150";"Arneiroz";"Não";"-";"Ciclistas";NA;NA;NA;NA;NA;NA;NA;NA;NA;NA;1;NA;NA;NA;NA;NA;NA;NA;NA;NA;NA;NA;NA;NA;NA
23;"CE";2301703;"230170";"Aurora";"Não";"-";"Ciclistas";NA;NA;NA;NA;NA;NA;NA;NA;NA;1;NA;1;NA;NA;NA;NA;NA;NA;NA;NA;NA;NA;NA;NA;NA
23;"CE";2301851;"230185";"Banabuiú";"Não";"-";"Ciclistas";NA;NA;NA;NA;NA;NA;NA;NA;NA;NA;NA;NA;NA;1;NA;NA;NA;NA;NA;NA;NA;NA;NA;NA;NA
23;"CE";2301901;"230190";"Barbalha";"Não";"Região Metropolitana do Cariri";"Ciclistas";NA;2;NA;NA;1;1;1;NA;NA;NA;11;2;NA;4;1;NA;NA;2;NA;NA;1;1;NA;1;NA
23;"CE";2301950;"230195";"Barreira";"Não";"-";"Ciclistas";NA;NA;NA;NA;NA;NA;1;NA;NA;NA;NA;NA;NA;NA;NA;NA;NA;NA;NA;NA;NA;NA;NA;NA;NA
23;"CE";2302008;"230200";"Barro";"Não";"-";"Ciclistas";NA;NA;NA;NA;NA;NA;NA;NA;NA;NA;1;NA;NA;NA;NA;NA;NA;NA;NA;NA;NA;NA;NA;NA;NA
23;"CE";2302057;"230205";"Barroquinha";"Não";"-";"Ciclistas";NA;NA;NA;NA;NA;NA;NA;NA;NA;NA;NA;1;1;NA;NA;NA;NA;NA;NA;NA;NA;NA;NA;NA;NA
23;"CE";2302107;"230210";"Baturité";"Não";"-";"Ciclistas";1;NA;NA;NA;NA;NA;NA;NA;NA;NA;NA;NA;NA;NA;NA;NA;NA;NA;NA;NA;NA;NA;NA;1;NA
23;"CE";2302206;"230220";"Beberibe";"Não";"-";"Ciclistas";NA;NA;NA;NA;NA;2;NA;NA;1;NA;NA;NA;NA;NA;NA;1;NA;NA;NA;NA;NA;NA;NA;1;NA
23;"CE";2302305;"230230";"Bela Cruz";"Não";"-";"Ciclistas";NA;NA;NA;NA;NA;1;1;NA;NA;NA;NA;NA;NA;NA;NA;1;NA;NA;2;NA;NA;NA;NA;NA;NA
23;"CE";2302404;"230240";"Boa Viagem";"Não";"-";"Ciclistas";NA;NA;NA;1;NA;NA;NA;NA;NA;NA;NA;NA;NA;NA;NA;NA;NA;NA;NA;NA;NA;NA;NA;NA;NA
23;"CE";2302503;"230250";"Brejo Santo";"Não";"-";"Ciclistas";NA;NA;NA;NA;NA;NA;NA;NA;NA;NA;NA;NA;NA;NA;NA;NA;NA;NA;NA;NA;NA;1;NA;NA;NA
23;"CE";2302602;"230260";"Camocim";"Não";"-";"Ciclistas";NA;1;2;1;NA;2;2;1;1;NA;NA;1;2;NA;NA;NA;NA;NA;NA;NA;NA;NA;NA;2;NA
23;"CE";2302701;"230270";"Campos Sales";"Não";"-";"Ciclistas";NA;NA;NA;NA;NA;NA;NA;NA;NA;NA;NA;NA;NA;2;NA;NA;NA;NA;NA;NA;NA;NA;NA;1;NA
23;"CE";2302800;"230280";"Canindé";"Não";"-";"Ciclistas";NA;1;NA;1;NA;NA;NA;1;NA;NA;NA;1;NA;NA;NA;NA;NA;NA;NA;NA;NA;NA;NA;NA;NA
23;"CE";2302909;"230290";"Capistrano";"Não";"-";"Ciclistas";NA;NA;1;NA;NA;NA;NA;NA;NA;NA;NA;NA;NA;NA;NA;NA;NA;NA;NA;NA;NA;NA;NA;NA;NA
23;"CE";2303006;"230300";"Caridade";"Não";"-";"Ciclistas";NA;NA;NA;NA;NA;NA;NA;NA;NA;NA;1;NA;NA;NA;NA;NA;NA;NA;NA;NA;NA;NA;NA;NA;NA
23;"CE";2303105;"230310";"Cariré";"Não";"Região Metropolitana de Sobral";"Ciclistas";NA;NA;NA;NA;NA;1;1;NA;NA;NA;NA;NA;NA;NA;NA;1;NA;NA;NA;1;NA;NA;NA;NA;NA
23;"CE";2303204;"230320";"Caririaçu";"Não";"Região Metropolitana do Cariri";"Ciclistas";NA;NA;NA;NA;NA;NA;NA;NA;NA;NA;1;NA;NA;NA;NA;NA;NA;NA;NA;NA;NA;NA;NA;NA;NA
23;"CE";2303303;"230330";"Cariús";"Não";"-";"Ciclistas";NA;NA;NA;NA;NA;1;NA;NA;NA;NA;NA;NA;NA;NA;NA;NA;NA;NA;NA;1;NA;NA;NA;NA;NA
23;"CE";2303501;"230350";"Cascavel";"Não";"Região Metropolitana de Fortaleza";"Ciclistas";NA;NA;NA;NA;NA;NA;NA;NA;NA;NA;NA;NA;NA;NA;NA;NA;1;NA;NA;NA;NA;NA;NA;NA;NA
23;"CE";2303600;"230360";"Catarina";"Não";"-";"Ciclistas";NA;NA;NA;NA;NA;NA;NA;NA;1;NA;NA;NA;1;NA;NA;NA;NA;NA;NA;NA;NA;NA;NA;NA;NA
23;"CE";2303659;"230365";"Catunda";"Não";"-";"Ciclistas";NA;NA;NA;NA;NA;NA;NA;NA;1;NA;NA;NA;NA;NA;NA;NA;NA;NA;NA;NA;NA;NA;NA;NA;NA
23;"CE";2303709;"230370";"Caucaia";"Não";"Região Metropolitana de Fortaleza";"Ciclistas";NA;NA;1;2;2;1;6;5;NA;NA;NA;2;NA;NA;NA;NA;2;NA;NA;NA;NA;NA;NA;1;NA
23;"CE";2303808;"230380";"Cedro";"Não";"-";"Ciclistas";NA;NA;NA;NA;NA;NA;NA;NA;NA;NA;NA;NA;NA;NA;NA;NA;NA;NA;NA;NA;NA;NA;NA;NA;NA
23;"CE";2303907;"230390";"Chaval";"Não";"-";"Ciclistas";NA;NA;NA;NA;NA;NA;NA;1;NA;NA;1;NA;NA;NA;NA;NA;NA;NA;1;1;NA;NA;NA;NA;NA
23;"CE";2303931;"230393";"Choró";"Não";"-";"Ciclistas";1;NA;NA;NA;NA;NA;NA;NA;NA;NA;NA;NA;NA;NA;NA;NA;NA;NA;NA;NA;NA;NA;NA;NA;NA
23;"CE";2304004;"230400";"Coreaú";"Não";"Região Metropolitana de Sobral";"Ciclistas";NA;NA;1;NA;NA;NA;NA;1;NA;1;NA;NA;NA;NA;1;NA;NA;NA;NA;NA;NA;NA;NA;NA;NA
23;"CE";2304103;"230410";"Crateús";"Não";"-";"Ciclistas";NA;2;NA;NA;1;NA;NA;2;2;NA;NA;NA;2;3;NA;1;NA;NA;NA;1;NA;NA;NA;1;NA
23;"CE";2304202;"230420";"Crato";"Não";"Região Metropolitana do Cariri";"Ciclistas";NA;NA;NA;1;NA;1;NA;NA;NA;1;2;NA;1;NA;NA;NA;NA;NA;NA;NA;NA;NA;1;3;NA
23;"CE";2304236;"230423";"Croatá";"Não";"-";"Ciclistas";NA;NA;NA;NA;NA;NA;NA;NA;NA;NA;1;NA;NA;NA;NA;NA;NA;NA;3;NA;1;NA;NA;NA;NA
23;"CE";2304251;"230425";"Cruz";"Não";"-";"Ciclistas";NA;NA;NA;NA;NA;2;NA;1;NA;2;1;1;NA;1;1;NA;NA;NA;NA;NA;NA;NA;NA;NA;NA
23;"CE";2304285;"230428";"Eusébio";"Não";"Região Metropolitana de Fortaleza";"Ciclistas";NA;1;NA;NA;NA;NA;NA;NA;NA;NA;NA;NA;NA;NA;NA;NA;NA;NA;NA;NA;NA;NA;NA;NA;NA
23;"CE";2304301;"230430";"Farias Brito";"Não";"Região Metropolitana do Cariri";"Ciclistas";NA;NA;NA;NA;NA;1;NA;NA;NA;NA;1;NA;NA;NA;NA;NA;NA;NA;NA;NA;NA;NA;NA;NA;NA
23;"CE";2304350;"230435";"Forquilha";"Não";"Região Metropolitana de Sobral";"Ciclistas";NA;NA;NA;NA;NA;NA;NA;1;NA;NA;NA;NA;2;NA;NA;NA;1;NA;NA;NA;NA;NA;NA;NA;NA
23;"CE";2304400;"230440";"Fortaleza";"Sim";"Região Metropolitana de Fortaleza";"Ciclistas";9;16;6;4;1;NA;3;5;2;NA;NA;NA;NA;2;1;3;8;15;17;9;13;14;17;22;NA
23;"CE";2304459;"230445";"Fortim";"Não";"-";"Ciclistas";NA;NA;NA;NA;NA;NA;1;NA;NA;NA;NA;NA;NA;NA;NA;NA;NA;NA;NA;NA;NA;NA;1;NA;NA
23;"CE";2304509;"230450";"Frecheirinha";"Não";"Região Metropolitana de Sobral";"Ciclistas";NA;NA;NA;NA;NA;1;NA;NA;NA;NA;NA;NA;NA;2;1;2;1;NA;NA;NA;1;1;1;NA;NA
23;"CE";2304657;"230465";"Graça";"Não";"Região Metropolitana de Sobral";"Ciclistas";NA;NA;NA;NA;NA;NA;NA;NA;NA;NA;1;NA;NA;NA;NA;NA;NA;NA;1;NA;NA;NA;1;NA;NA
23;"CE";2304707;"230470";"Granja";"Não";"-";"Ciclistas";NA;2;NA;1;NA;NA;NA;NA;NA;NA;NA;NA;NA;NA;NA;2;1;1;2;NA;NA;NA;3;NA;NA
23;"CE";2304806;"230480";"Granjeiro";"Não";"-";"Ciclistas";NA;NA;NA;NA;NA;NA;NA;NA;NA;NA;NA;NA;NA;NA;NA;NA;NA;NA;NA;NA;NA;NA;NA;3;NA
23;"CE";2304905;"230490";"Groaíras";"Não";"Região Metropolitana de Sobral";"Ciclistas";NA;NA;NA;1;NA;NA;NA;NA;1;NA;NA;NA;NA;NA;NA;NA;NA;NA;NA;NA;NA;NA;NA;NA;NA
23;"CE";2304954;"230495";"Guaiúba";"Não";"Região Metropolitana de Fortaleza";"Ciclistas";1;NA;NA;NA;NA;NA;NA;NA;NA;NA;NA;NA;NA;NA;NA;1;NA;NA;NA;NA;NA;NA;NA;NA;NA
23;"CE";2305001;"230500";"Guaraciaba do Norte";"Não";"-";"Ciclistas";NA;1;NA;NA;NA;NA;NA;NA;NA;NA;NA;NA;NA;1;NA;2;NA;NA;NA;1;NA;NA;NA;1;NA
23;"CE";2305209;"230520";"Hidrolândia";"Não";"-";"Ciclistas";NA;NA;1;1;NA;NA;NA;NA;NA;1;2;NA;NA;NA;NA;NA;NA;NA;NA;NA;NA;NA;NA;2;NA
23;"CE";2305233;"230523";"Horizonte";"Não";"Região Metropolitana de Fortaleza";"Ciclistas";NA;NA;NA;NA;NA;1;NA;NA;1;NA;NA;NA;NA;NA;NA;NA;NA;NA;NA;NA;NA;NA;NA;NA;NA
23;"CE";2305266;"230526";"Ibaretama";"Não";"-";"Ciclistas";NA;NA;NA;2;NA;NA;NA;NA;NA;NA;NA;NA;NA;NA;NA;NA;NA;NA;NA;NA;NA;NA;NA;NA;NA
23;"CE";2305308;"230530";"Ibiapina";"Não";"-";"Ciclistas";NA;1;NA;NA;1;NA;NA;NA;NA;1;NA;NA;NA;NA;NA;NA;NA;NA;1;NA;NA;1;NA;NA;NA
23;"CE";2305357;"230535";"Icapuí";"Não";"-";"Ciclistas";NA;NA;NA;NA;NA;NA;NA;NA;NA;NA;NA;NA;NA;NA;NA;NA;NA;NA;NA;NA;NA;NA;NA;NA;NA
23;"CE";2305407;"230540";"Icó";"Não";"-";"Ciclistas";NA;NA;1;1;2;2;NA;1;NA;2;NA;NA;NA;2;1;NA;NA;NA;NA;NA;NA;NA;NA;NA;NA
23;"CE";2305506;"230550";"Iguatu";"Não";"-";"Ciclistas";1;NA;1;2;1;3;1;NA;6;5;1;5;3;6;1;2;2;1;3;1;1;2;1;NA;NA
23;"CE";2305605;"230560";"Independência";"Não";"-";"Ciclistas";NA;NA;NA;NA;NA;NA;NA;NA;1;2;NA;NA;NA;1;NA;NA;NA;NA;NA;NA;NA;NA;NA;NA;NA
23;"CE";2305654;"230565";"Ipaporanga";"Não";"-";"Ciclistas";NA;NA;NA;NA;NA;NA;NA;NA;NA;NA;NA;NA;NA;NA;NA;NA;NA;NA;NA;NA;NA;1;1;NA;NA
23;"CE";2305704;"230570";"Ipaumirim";"Não";"-";"Ciclistas";NA;NA;NA;NA;NA;NA;1;NA;NA;NA;NA;NA;NA;NA;NA;NA;NA;NA;NA;NA;NA;NA;NA;NA;NA
23;"CE";2305803;"230580";"Ipu";"Não";"-";"Ciclistas";NA;1;NA;2;4;NA;2;1;NA;NA;NA;NA;NA;NA;1;NA;1;2;NA;NA;NA;NA;NA;NA;NA
23;"CE";2305902;"230590";"Ipueiras";"Não";"-";"Ciclistas";NA;NA;1;NA;NA;1;1;1;NA;NA;NA;NA;NA;NA;NA;NA;NA;NA;1;NA;NA;NA;1;NA;NA
23;"CE";2306009;"230600";"Iracema";"Não";"-";"Ciclistas";NA;NA;NA;NA;NA;NA;NA;1;NA;NA;NA;NA;NA;NA;NA;NA;NA;NA;NA;NA;NA;NA;NA;NA;NA
23;"CE";2306108;"230610";"Irauçuba";"Não";"-";"Ciclistas";2;NA;NA;NA;1;NA;4;1;NA;NA;NA;NA;1;NA;NA;NA;NA;NA;NA;1;NA;NA;NA;3;NA
23;"CE";2306207;"230620";"Itaiçaba";"Não";"-";"Ciclistas";1;NA;1;NA;NA;NA;NA;NA;NA;NA;NA;NA;NA;NA;NA;NA;NA;NA;NA;NA;NA;NA;NA;1;NA
23;"CE";2306256;"230625";"Itaitinga";"Não";"Região Metropolitana de Fortaleza";"Ciclistas";NA;NA;NA;NA;NA;NA;NA;NA;NA;NA;NA;NA;NA;NA;NA;NA;NA;NA;NA;NA;1;NA;NA;NA;NA
23;"CE";2306306;"230630";"Itapajé";"Não";"-";"Ciclistas";NA;NA;NA;NA;NA;NA;NA;1;NA;NA;1;1;NA;NA;2;NA;NA;1;NA;NA;NA;NA;NA;NA;NA
23;"CE";2306405;"230640";"Itapipoca";"Não";"-";"Ciclistas";2;NA;2;1;NA;2;NA;NA;1;NA;NA;2;NA;NA;NA;NA;NA;NA;NA;1;NA;NA;NA;NA;NA
23;"CE";2306553;"230655";"Itarema";"Não";"-";"Ciclistas";NA;NA;NA;NA;NA;NA;NA;NA;1;NA;2;NA;NA;1;NA;NA;NA;NA;NA;NA;NA;1;NA;NA;NA
23;"CE";2306702;"230670";"Jaguaretama";"Não";"-";"Ciclistas";NA;NA;NA;NA;NA;NA;NA;NA;NA;NA;NA;NA;NA;NA;NA;1;NA;NA;NA;NA;NA;NA;NA;NA;NA
23;"CE";2306900;"230690";"Jaguaribe";"Não";"-";"Ciclistas";NA;NA;NA;NA;NA;NA;NA;NA;NA;NA;NA;NA;NA;1;1;NA;NA;NA;NA;NA;NA;NA;NA;NA;NA
23;"CE";2307007;"230700";"Jaguaruana";"Não";"-";"Ciclistas";NA;NA;NA;1;NA;NA;NA;1;1;1;1;1;NA;NA;NA;NA;NA;NA;1;NA;NA;NA;NA;NA;NA
23;"CE";2307106;"230710";"Jardim";"Não";"Região Metropolitana do Cariri";"Ciclistas";NA;NA;NA;NA;NA;NA;NA;NA;NA;NA;1;NA;NA;NA;NA;NA;NA;NA;NA;NA;NA;NA;NA;2;NA
23;"CE";2307254;"230725";"Jijoca de Jericoacoara";"Não";"-";"Ciclistas";NA;NA;NA;NA;NA;NA;NA;NA;NA;NA;NA;NA;NA;NA;NA;1;1;NA;NA;NA;NA;NA;NA;NA;NA
23;"CE";2307304;"230730";"Juazeiro do Norte";"Não";"Região Metropolitana do Cariri";"Ciclistas";3;3;1;1;NA;NA;NA;1;NA;4;14;NA;NA;NA;1;NA;NA;NA;2;2;NA;2;2;3;NA
23;"CE";2307403;"230740";"Jucás";"Não";"-";"Ciclistas";NA;NA;NA;NA;NA;NA;1;NA;NA;1;1;1;NA;NA;NA;1;NA;NA;NA;NA;NA;NA;NA;NA;NA
23;"CE";2307502;"230750";"Lavras da Mangabeira";"Não";"-";"Ciclistas";NA;NA;1;NA;NA;NA;1;NA;NA;NA;NA;NA;NA;NA;NA;NA;NA;NA;NA;NA;NA;NA;NA;NA;NA
23;"CE";2307601;"230760";"Limoeiro do Norte";"Não";"-";"Ciclistas";NA;NA;NA;NA;1;1;NA;NA;NA;NA;NA;NA;NA;NA;NA;NA;1;NA;1;NA;NA;NA;NA;2;NA
23;"CE";2307635;"230763";"Madalena";"Não";"-";"Ciclistas";NA;NA;NA;NA;NA;NA;NA;NA;NA;NA;NA;NA;NA;NA;NA;NA;NA;NA;NA;NA;NA;NA;NA;NA;NA
23;"CE";2307650;"230765";"Maracanaú";"Não";"Região Metropolitana de Fortaleza";"Ciclistas";1;NA;NA;NA;NA;NA;NA;NA;NA;NA;NA;NA;NA;NA;NA;NA;NA;NA;NA;1;NA;NA;1;NA;NA
23;"CE";2307700;"230770";"Maranguape";"Não";"Região Metropolitana de Fortaleza";"Ciclistas";1;2;1;2;1;3;1;1;NA;NA;NA;NA;NA;NA;NA;NA;NA;NA;1;NA;NA;NA;NA;NA;NA
23;"CE";2307809;"230780";"Marco";"Não";"-";"Ciclistas";NA;NA;NA;1;NA;1;NA;1;NA;NA;1;1;NA;NA;NA;NA;NA;1;NA;NA;NA;NA;1;NA;NA
23;"CE";2307908;"230790";"Martinópole";"Não";"-";"Ciclistas";NA;NA;NA;NA;NA;NA;2;NA;1;NA;NA;NA;NA;NA;NA;NA;NA;NA;NA;NA;1;NA;NA;NA;NA
23;"CE";2308005;"230800";"Massapê";"Não";"Região Metropolitana de Sobral";"Ciclistas";NA;NA;NA;NA;NA;NA;1;NA;NA;NA;1;NA;NA;NA;NA;NA;1;NA;NA;NA;2;NA;1;NA;NA
23;"CE";2308203;"230820";"Meruoca";"Não";"Região Metropolitana de Sobral";"Ciclistas";NA;NA;NA;NA;NA;NA;NA;NA;NA;NA;1;NA;1;NA;NA;NA;NA;NA;NA;1;NA;NA;NA;NA;NA
23;"CE";2308351;"230835";"Milhã";"Não";"-";"Ciclistas";NA;NA;1;NA;NA;NA;NA;NA;NA;NA;NA;NA;NA;NA;NA;NA;NA;NA;NA;NA;NA;NA;NA;NA;NA
23;"CE";2308377;"230837";"Miraíma";"Não";"-";"Ciclistas";NA;NA;NA;NA;NA;NA;NA;NA;NA;NA;NA;NA;NA;NA;NA;NA;NA;NA;NA;NA;NA;NA;1;NA;NA
23;"CE";2308401;"230840";"Missão Velha";"Não";"Região Metropolitana do Cariri";"Ciclistas";NA;NA;NA;NA;NA;NA;NA;NA;1;NA;NA;NA;NA;NA;NA;NA;NA;NA;NA;NA;NA;NA;NA;NA;NA
23;"CE";2308500;"230850";"Mombaça";"Não";"-";"Ciclistas";2;3;2;NA;NA;2;NA;NA;NA;NA;NA;2;NA;NA;NA;1;NA;NA;NA;NA;NA;NA;NA;NA;NA
23;"CE";2308708;"230870";"Morada Nova";"Não";"-";"Ciclistas";NA;NA;NA;NA;NA;1;NA;NA;NA;1;NA;1;1;3;NA;NA;2;NA;1;2;1;1;1;NA;NA
23;"CE";2308807;"230880";"Moraújo";"Não";"Região Metropolitana de Sobral";"Ciclistas";NA;NA;NA;NA;NA;NA;NA;NA;NA;NA;NA;NA;NA;NA;NA;NA;1;NA;1;1;NA;NA;NA;NA;NA
23;"CE";2308906;"230890";"Morrinhos";"Não";"-";"Ciclistas";NA;NA;NA;NA;NA;1;NA;NA;NA;NA;1;NA;NA;NA;NA;NA;NA;NA;NA;NA;NA;NA;NA;NA;NA
23;"CE";2309003;"230900";"Mucambo";"Não";"Região Metropolitana de Sobral";"Ciclistas";NA;NA;NA;NA;NA;NA;NA;NA;NA;NA;NA;NA;NA;NA;NA;NA;NA;NA;NA;NA;NA;1;1;NA;NA
23;"CE";2309201;"230920";"Nova Olinda";"Não";"Região Metropolitana do Cariri";"Ciclistas";NA;NA;NA;NA;1;NA;1;NA;NA;NA;1;NA;NA;NA;NA;NA;NA;NA;NA;1;NA;NA;NA;NA;NA
23;"CE";2309300;"230930";"Nova Russas";"Não";"-";"Ciclistas";1;NA;NA;NA;NA;1;NA;1;NA;NA;NA;NA;NA;NA;1;NA;NA;NA;NA;1;NA;NA;NA;1;NA
23;"CE";2309409;"230940";"Novo Oriente";"Não";"-";"Ciclistas";NA;NA;NA;NA;NA;NA;NA;NA;1;NA;NA;NA;NA;NA;NA;NA;NA;NA;NA;NA;NA;NA;NA;NA;NA
23;"CE";2309458;"230945";"Ocara";"Não";"-";"Ciclistas";NA;NA;NA;NA;NA;NA;NA;NA;NA;NA;NA;NA;NA;NA;NA;NA;NA;NA;NA;NA;NA;NA;NA;NA;NA
23;"CE";2309607;"230960";"Pacajus";"Não";"Região Metropolitana de Fortaleza";"Ciclistas";NA;NA;NA;NA;NA;NA;NA;NA;NA;NA;NA;NA;NA;NA;NA;NA;1;NA;1;NA;NA;NA;1;NA;NA
23;"CE";2309706;"230970";"Pacatuba";"Não";"Região Metropolitana de Fortaleza";"Ciclistas";NA;NA;NA;NA;NA;NA;1;1;NA;NA;NA;NA;NA;NA;NA;NA;NA;NA;NA;NA;NA;NA;NA;NA;NA
23;"CE";2309805;"230980";"Pacoti";"Não";"-";"Ciclistas";NA;NA;NA;NA;NA;NA;NA;NA;NA;NA;NA;NA;NA;NA;NA;NA;NA;NA;NA;NA;NA;NA;NA;NA;NA
23;"CE";2309904;"230990";"Pacujá";"Não";"Região Metropolitana de Sobral";"Ciclistas";NA;NA;NA;NA;NA;NA;NA;NA;NA;NA;NA;NA;NA;NA;NA;NA;NA;NA;NA;NA;NA;1;NA;NA;NA
23;"CE";2310209;"231020";"Paracuru";"Não";"Região Metropolitana de Fortaleza";"Ciclistas";1;NA;NA;NA;NA;NA;NA;NA;NA;NA;NA;NA;NA;NA;NA;NA;NA;1;NA;NA;NA;NA;1;NA;NA
23;"CE";2310258;"231025";"Paraipaba";"Não";"Região Metropolitana de Fortaleza";"Ciclistas";NA;NA;NA;1;NA;NA;2;NA;NA;NA;NA;NA;NA;NA;NA;NA;NA;NA;NA;NA;NA;NA;NA;NA;NA
23;"CE";2310308;"231030";"Parambu";"Não";"-";"Ciclistas";NA;NA;NA;NA;NA;1;NA;NA;1;NA;1;NA;NA;NA;NA;NA;NA;NA;NA;NA;NA;NA;1;NA;NA
23;"CE";2310506;"231050";"Pedra Branca";"Não";"-";"Ciclistas";1;NA;NA;1;1;NA;NA;1;NA;NA;NA;NA;NA;NA;NA;NA;NA;NA;NA;NA;NA;1;NA;NA;NA
23;"CE";2310803;"231080";"Pereiro";"Não";"-";"Ciclistas";NA;NA;NA;NA;NA;NA;NA;NA;NA;NA;NA;NA;NA;NA;NA;NA;NA;NA;NA;NA;NA;NA;NA;NA;NA
23;"CE";2310852;"231085";"Pindoretama";"Não";"Região Metropolitana de Fortaleza";"Ciclistas";NA;NA;NA;NA;NA;NA;NA;NA;NA;NA;NA;NA;NA;NA;NA;NA;NA;NA;NA;1;NA;NA;NA;NA;NA
23;"CE";2310951;"231095";"Pires Ferreira";"Não";"Região Metropolitana de Sobral";"Ciclistas";NA;NA;NA;NA;NA;NA;1;NA;NA;NA;NA;NA;NA;NA;NA;NA;NA;NA;NA;NA;NA;NA;NA;NA;NA
23;"CE";2311108;"231110";"Porteiras";"Não";"-";"Ciclistas";NA;NA;NA;NA;1;NA;NA;NA;NA;NA;1;NA;NA;NA;NA;NA;NA;NA;NA;NA;NA;NA;NA;NA;NA
23;"CE";2311207;"231120";"Potengi";"Não";"-";"Ciclistas";NA;NA;NA;NA;NA;NA;NA;NA;NA;NA;1;NA;NA;NA;NA;NA;NA;NA;NA;NA;NA;NA;NA;NA;NA
23;"CE";2311264;"231126";"Quiterianópolis";"Não";"-";"Ciclistas";NA;NA;NA;NA;NA;NA;NA;NA;NA;NA;NA;NA;NA;NA;NA;NA;NA;1;NA;NA;NA;NA;NA;NA;NA
23;"CE";2311306;"231130";"Quixadá";"Não";"-";"Ciclistas";NA;NA;NA;NA;NA;NA;3;NA;NA;NA;NA;NA;NA;1;NA;1;1;NA;NA;NA;1;NA;NA;NA;NA
23;"CE";2311355;"231135";"Quixelô";"Não";"-";"Ciclistas";NA;NA;NA;1;NA;NA;NA;NA;NA;NA;1;NA;2;NA;NA;NA;NA;NA;1;NA;NA;NA;NA;NA;NA
23;"CE";2311405;"231140";"Quixeramobim";"Não";"-";"Ciclistas";NA;2;NA;NA;NA;NA;NA;NA;NA;1;1;NA;NA;NA;NA;NA;NA;1;NA;NA;NA;NA;NA;1;NA
23;"CE";2311504;"231150";"Quixeré";"Não";"-";"Ciclistas";NA;NA;1;NA;NA;2;NA;NA;NA;NA;NA;NA;NA;NA;NA;NA;NA;NA;NA;NA;NA;1;NA;NA;NA
23;"CE";2311603;"231160";"Redenção";"Não";"-";"Ciclistas";NA;NA;NA;NA;NA;NA;NA;NA;NA;NA;NA;NA;NA;NA;NA;NA;NA;1;NA;NA;NA;NA;NA;NA;NA
23;"CE";2311702;"231170";"Reriutaba";"Não";"Região Metropolitana de Sobral";"Ciclistas";NA;NA;NA;NA;NA;1;NA;NA;NA;NA;NA;1;NA;NA;NA;NA;NA;NA;NA;NA;NA;NA;NA;NA;NA
23;"CE";2311801;"231180";"Russas";"Não";"-";"Ciclistas";1;2;NA;NA;NA;NA;2;4;NA;1;NA;NA;3;2;NA;NA;2;1;2;2;NA;NA;NA;1;NA
23;"CE";2311900;"231190";"Saboeiro";"Não";"-";"Ciclistas";NA;NA;NA;NA;NA;1;NA;NA;NA;NA;NA;NA;NA;NA;NA;NA;NA;NA;NA;NA;NA;NA;NA;NA;NA
23;"CE";2312007;"231200";"Santana do Acaraú";"Não";"Região Metropolitana de Sobral";"Ciclistas";NA;1;2;1;4;1;NA;NA;1;1;1;1;1;NA;NA;NA;NA;NA;NA;NA;NA;2;NA;NA;NA
23;"CE";2312205;"231220";"Santa Quitéria";"Não";"-";"Ciclistas";NA;NA;1;3;NA;1;NA;NA;1;NA;2;NA;NA;NA;NA;NA;NA;NA;NA;NA;NA;NA;NA;NA;NA
23;"CE";2312304;"231230";"São Benedito";"Não";"-";"Ciclistas";1;NA;1;3;1;NA;1;NA;3;1;1;1;NA;2;NA;NA;1;NA;NA;1;NA;NA;NA;NA;NA
23;"CE";2312403;"231240";"São Gonçalo do Amarante";"Não";"Região Metropolitana de Fortaleza";"Ciclistas";NA;NA;2;NA;NA;2;1;3;NA;NA;NA;NA;NA;1;NA;1;NA;NA;1;NA;NA;NA;1;NA;NA
23;"CE";2312601;"231260";"São Luís do Curu";"Não";"Região Metropolitana de Fortaleza";"Ciclistas";NA;1;NA;NA;NA;NA;NA;NA;NA;NA;NA;NA;NA;NA;NA;NA;NA;NA;NA;NA;NA;NA;NA;NA;NA
23;"CE";2312700;"231270";"Senador Pompeu";"Não";"-";"Ciclistas";NA;NA;NA;NA;NA;NA;NA;1;1;NA;NA;NA;NA;NA;NA;NA;NA;NA;NA;NA;NA;NA;NA;NA;NA
23;"CE";2312908;"231290";"Sobral";"Não";"Região Metropolitana de Sobral";"Ciclistas";1;NA;3;2;NA;3;5;NA;2;5;1;4;1;1;6;7;8;13;13;5;6;5;13;12;NA
23;"CE";2313104;"231310";"Tabuleiro do Norte";"Não";"-";"Ciclistas";NA;NA;NA;NA;NA;NA;NA;NA;NA;NA;NA;NA;NA;NA;NA;NA;NA;NA;NA;1;NA;NA;NA;NA;NA
23;"CE";2313203;"231320";"Tamboril";"Não";"-";"Ciclistas";NA;NA;NA;NA;NA;NA;NA;NA;NA;NA;NA;NA;NA;NA;NA;NA;NA;NA;NA;NA;NA;NA;NA;1;NA
23;"CE";2313252;"231325";"Tarrafas";"Não";"-";"Ciclistas";NA;NA;NA;NA;NA;NA;NA;NA;NA;NA;NA;NA;NA;NA;NA;NA;NA;NA;NA;NA;NA;NA;NA;NA;NA
23;"CE";2313302;"231330";"Tauá";"Não";"-";"Ciclistas";NA;NA;NA;NA;2;NA;NA;NA;1;NA;NA;NA;1;NA;NA;1;1;3;1;NA;NA;NA;1;NA;NA
23;"CE";2313401;"231340";"Tianguá";"Não";"-";"Ciclistas";2;NA;2;1;NA;4;3;2;1;1;1;NA;1;NA;NA;1;NA;NA;1;2;NA;NA;1;1;NA
23;"CE";2313500;"231350";"Trairi";"Não";"Região Metropolitana de Fortaleza";"Ciclistas";NA;NA;NA;NA;NA;NA;NA;NA;1;NA;NA;NA;NA;NA;NA;NA;NA;NA;NA;NA;NA;NA;NA;1;NA
23;"CE";2313559;"231355";"Tururu";"Não";"-";"Ciclistas";NA;NA;NA;NA;NA;NA;NA;1;NA;NA;NA;NA;NA;NA;NA;NA;NA;NA;NA;NA;NA;NA;NA;NA;NA
23;"CE";2313609;"231360";"Ubajara";"Não";"-";"Ciclistas";NA;NA;NA;NA;1;1;1;2;1;NA;NA;1;NA;1;NA;NA;NA;NA;NA;NA;NA;NA;2;NA;NA
23;"CE";2313708;"231370";"Umari";"Não";"-";"Ciclistas";NA;NA;NA;NA;NA;1;NA;NA;NA;NA;NA;NA;NA;NA;NA;NA;NA;NA;NA;NA;NA;NA;NA;NA;NA
23;"CE";2313807;"231380";"Uruburetama";"Não";"-";"Ciclistas";NA;NA;NA;NA;NA;NA;NA;NA;NA;NA;NA;NA;NA;NA;NA;NA;1;NA;NA;NA;NA;NA;NA;NA;NA
23;"CE";2313906;"231390";"Uruoca";"Não";"-";"Ciclistas";1;NA;NA;NA;NA;NA;NA;NA;NA;NA;NA;NA;NA;NA;NA;NA;NA;NA;NA;NA;NA;NA;2;1;NA
23;"CE";2313955;"231395";"Varjota";"Não";"Região Metropolitana de Sobral";"Ciclistas";NA;NA;NA;NA;NA;NA;NA;NA;NA;NA;NA;NA;NA;NA;NA;NA;NA;NA;NA;NA;NA;NA;NA;NA;NA
23;"CE";2314003;"231400";"Várzea Alegre";"Não";"-";"Ciclistas";NA;NA;NA;1;NA;NA;NA;NA;NA;1;1;NA;1;1;NA;NA;1;NA;NA;NA;NA;NA;NA;NA;NA
23;"CE";2314102;"231410";"Viçosa do Ceará";"Não";"-";"Ciclistas";NA;NA;NA;NA;NA;NA;NA;NA;NA;1;NA;NA;NA;2;2;1;2;NA;1;1;NA;NA;NA;NA;NA
24;"RN";2400109;"240010";"Acari";"Não";"-";"Ciclistas";NA;NA;NA;NA;NA;NA;NA;NA;NA;1;NA;NA;NA;NA;NA;NA;NA;NA;NA;NA;NA;NA;NA;NA;NA
24;"RN";2400208;"240020";"Açu";"Não";"-";"Ciclistas";NA;NA;NA;NA;NA;NA;1;NA;NA;NA;1;NA;NA;NA;1;NA;NA;NA;NA;NA;NA;NA;NA;NA;NA
24;"RN";2400307;"240030";"Afonso Bezerra";"Não";"-";"Ciclistas";NA;NA;NA;1;NA;NA;NA;1;NA;NA;NA;NA;NA;NA;NA;NA;NA;NA;NA;NA;NA;NA;NA;NA;NA
24;"RN";2400802;"240080";"Angicos";"Não";"-";"Ciclistas";NA;NA;NA;NA;NA;NA;NA;NA;NA;NA;NA;NA;NA;NA;NA;NA;NA;NA;NA;1;NA;NA;NA;NA;NA
24;"RN";2401008;"240100";"Apodi";"Não";"-";"Ciclistas";NA;NA;1;NA;NA;NA;NA;NA;NA;NA;NA;NA;1;NA;NA;NA;NA;NA;NA;NA;NA;NA;NA;NA;NA
24;"RN";2401107;"240110";"Areia Branca";"Não";"-";"Ciclistas";NA;NA;NA;NA;1;NA;NA;NA;NA;NA;NA;NA;2;NA;NA;NA;NA;NA;NA;1;NA;NA;NA;NA;NA
24;"RN";2401453;"240145";"Baraúna";"Não";"-";"Ciclistas";NA;NA;NA;NA;NA;NA;1;NA;NA;NA;NA;NA;NA;NA;2;NA;NA;NA;NA;NA;NA;NA;1;1;NA
24;"RN";2401701;"240170";"Bom Jesus";"Não";"Região Metropolitana de Natal";"Ciclistas";NA;NA;NA;NA;NA;NA;NA;NA;NA;NA;NA;NA;1;1;NA;NA;NA;NA;NA;NA;NA;NA;NA;NA;NA
24;"RN";2402006;"240200";"Caicó";"Não";"-";"Ciclistas";NA;NA;NA;NA;NA;1;NA;NA;NA;1;NA;1;NA;NA;NA;NA;NA;NA;1;1;NA;1;NA;NA;NA
24;"RN";2402204;"240220";"Canguaretama";"Não";"-";"Ciclistas";NA;NA;NA;NA;NA;NA;NA;NA;1;NA;1;NA;NA;NA;NA;NA;NA;NA;1;NA;NA;NA;NA;NA;NA
24;"RN";2402303;"240230";"Caraúbas";"Não";"-";"Ciclistas";NA;NA;NA;NA;NA;NA;NA;NA;NA;NA;NA;NA;NA;NA;NA;NA;NA;NA;NA;NA;NA;NA;NA;NA;NA
24;"RN";2402402;"240240";"Carnaúba dos Dantas";"Não";"-";"Ciclistas";NA;NA;NA;NA;NA;NA;NA;NA;NA;NA;NA;NA;NA;NA;NA;NA;NA;NA;NA;NA;NA;NA;NA;NA;NA
24;"RN";2402501;"240250";"Carnaubais";"Não";"-";"Ciclistas";NA;NA;NA;NA;NA;NA;NA;1;NA;NA;NA;NA;NA;NA;NA;NA;NA;NA;NA;NA;NA;NA;NA;NA;NA
24;"RN";2402600;"240260";"Ceará-Mirim";"Não";"Região Metropolitana de Natal";"Ciclistas";NA;NA;1;NA;NA;2;NA;NA;NA;NA;NA;NA;NA;NA;NA;NA;1;1;2;NA;NA;NA;NA;1;NA
24;"RN";2403103;"240310";"Currais Novos";"Não";"-";"Ciclistas";NA;NA;NA;NA;NA;1;NA;NA;NA;NA;NA;NA;NA;NA;NA;NA;NA;NA;NA;NA;NA;1;NA;1;NA
24;"RN";2403251;"240325";"Parnamirim";"Não";"Região Metropolitana de Natal";"Ciclistas";NA;NA;1;NA;1;1;NA;NA;1;NA;NA;1;NA;NA;NA;1;2;1;NA;NA;NA;NA;1;1;NA
24;"RN";2403400;"240340";"Equador";"Não";"-";"Ciclistas";NA;NA;NA;NA;NA;NA;NA;NA;NA;NA;NA;NA;NA;NA;NA;NA;NA;NA;NA;NA;NA;NA;NA;NA;NA
24;"RN";2403806;"240380";"Florânia";"Não";"-";"Ciclistas";NA;NA;NA;NA;NA;NA;NA;NA;NA;NA;NA;1;NA;NA;NA;NA;NA;NA;NA;NA;NA;NA;NA;NA;NA
24;"RN";2404200;"240420";"Goianinha";"Não";"Região Metropolitana de Natal";"Ciclistas";NA;NA;NA;NA;NA;1;1;NA;1;NA;NA;NA;NA;NA;NA;NA;NA;NA;NA;NA;NA;NA;NA;1;NA
24;"RN";2404309;"240430";"Governador Dix-Sept Rosado";"Não";"-";"Ciclistas";NA;NA;NA;NA;1;NA;NA;NA;2;NA;NA;NA;NA;NA;NA;NA;NA;NA;NA;NA;NA;NA;NA;NA;NA
24;"RN";2404507;"240450";"Guamaré";"Não";"-";"Ciclistas";NA;NA;NA;NA;NA;NA;NA;NA;NA;NA;1;NA;NA;NA;NA;NA;NA;NA;NA;NA;NA;NA;NA;NA;NA
24;"RN";2404853;"240485";"Itajá";"Não";"-";"Ciclistas";NA;NA;NA;NA;NA;NA;1;NA;NA;NA;NA;NA;NA;NA;NA;NA;NA;NA;NA;NA;NA;NA;NA;NA;NA
24;"RN";2405009;"240500";"Jaçanã";"Não";"-";"Ciclistas";NA;NA;1;NA;NA;NA;NA;NA;NA;NA;NA;NA;NA;NA;NA;NA;NA;NA;NA;NA;NA;NA;NA;NA;NA
24;"RN";2405108;"240510";"Jandaíra";"Não";"-";"Ciclistas";NA;NA;NA;NA;NA;NA;NA;NA;NA;NA;1;NA;NA;NA;NA;NA;NA;NA;NA;NA;NA;NA;NA;NA;NA
24;"RN";2405603;"240560";"Jardim de Piranhas";"Não";"-";"Ciclistas";NA;NA;NA;NA;NA;NA;NA;NA;NA;NA;NA;NA;NA;NA;NA;NA;NA;NA;NA;NA;NA;NA;NA;NA;NA
24;"RN";2405702;"240570";"Jardim do Seridó";"Não";"-";"Ciclistas";NA;NA;NA;NA;NA;NA;NA;NA;NA;NA;NA;NA;NA;1;NA;NA;NA;NA;NA;NA;NA;NA;NA;NA;NA
24;"RN";2405801;"240580";"João Câmara";"Não";"-";"Ciclistas";NA;NA;NA;NA;NA;NA;NA;NA;NA;NA;NA;NA;NA;2;NA;NA;NA;NA;NA;NA;NA;NA;NA;NA;NA
24;"RN";2406106;"240610";"Jucurutu";"Não";"-";"Ciclistas";NA;NA;NA;NA;1;NA;NA;NA;NA;NA;NA;NA;NA;NA;NA;NA;NA;NA;NA;NA;NA;1;NA;NA;NA
24;"RN";2406155;"240615";"Jundiá";"Não";"-";"Ciclistas";NA;NA;NA;NA;NA;NA;NA;NA;NA;NA;NA;NA;NA;NA;NA;NA;NA;NA;NA;NA;1;NA;NA;NA;NA
24;"RN";2406502;"240650";"Lagoa Nova";"Não";"-";"Ciclistas";NA;NA;NA;NA;NA;NA;NA;NA;NA;NA;NA;NA;NA;NA;NA;NA;NA;NA;NA;NA;NA;1;NA;NA;NA
24;"RN";2406809;"240680";"Lajes Pintadas";"Não";"-";"Ciclistas";NA;NA;1;NA;NA;NA;NA;NA;NA;NA;NA;NA;NA;NA;NA;NA;NA;NA;NA;NA;NA;NA;NA;NA;NA
24;"RN";2407104;"240710";"Macaíba";"Não";"Região Metropolitana de Natal";"Ciclistas";NA;NA;NA;1;NA;NA;NA;NA;NA;NA;NA;NA;NA;NA;NA;NA;NA;NA;NA;NA;NA;NA;NA;NA;NA
24;"RN";2407302;"240730";"Marcelino Vieira";"Não";"-";"Ciclistas";NA;NA;NA;NA;NA;NA;NA;NA;NA;NA;NA;NA;NA;NA;NA;NA;NA;NA;NA;NA;NA;NA;NA;NA;NA
24;"RN";2407708;"240770";"Montanhas";"Não";"-";"Ciclistas";NA;NA;NA;NA;NA;NA;NA;NA;NA;NA;NA;NA;1;NA;NA;NA;NA;NA;NA;NA;NA;NA;NA;NA;NA
24;"RN";2407807;"240780";"Monte Alegre";"Não";"Região Metropolitana de Natal";"Ciclistas";NA;NA;NA;NA;NA;NA;NA;NA;NA;NA;NA;NA;NA;NA;NA;NA;NA;NA;NA;NA;NA;NA;NA;NA;NA
24;"RN";2408003;"240800";"Mossoró";"Não";"-";"Ciclistas";1;1;NA;2;NA;3;4;3;3;2;5;7;1;3;1;8;1;2;1;2;2;3;3;NA;NA
24;"RN";2408102;"240810";"Natal";"Sim";"Região Metropolitana de Natal";"Ciclistas";2;5;2;4;2;1;2;2;3;1;6;5;NA;2;3;3;5;4;1;1;5;5;3;11;NA
24;"RN";2408300;"240830";"Nova Cruz";"Não";"-";"Ciclistas";NA;NA;NA;NA;NA;NA;NA;NA;NA;NA;NA;NA;NA;NA;3;NA;NA;NA;NA;NA;NA;NA;NA;NA;NA
24;"RN";2408409;"240840";"Olho d'Água do Borges";"Não";"-";"Ciclistas";NA;NA;NA;NA;NA;NA;NA;NA;NA;NA;NA;NA;NA;NA;NA;NA;2;NA;NA;NA;NA;NA;NA;NA;NA
24;"RN";2408805;"240880";"Parazinho";"Não";"-";"Ciclistas";NA;NA;NA;NA;NA;NA;NA;NA;NA;NA;NA;NA;NA;NA;NA;1;NA;NA;NA;NA;NA;NA;NA;NA;NA
24;"RN";2408904;"240890";"Parelhas";"Não";"-";"Ciclistas";NA;NA;1;1;NA;NA;NA;NA;NA;NA;NA;NA;NA;NA;NA;NA;NA;NA;NA;NA;NA;NA;NA;NA;NA
24;"RN";2409308;"240930";"Patu";"Não";"-";"Ciclistas";NA;NA;1;NA;NA;1;NA;NA;NA;NA;NA;NA;NA;NA;NA;NA;NA;NA;NA;NA;NA;NA;NA;NA;NA
24;"RN";2409407;"240940";"Pau dos Ferros";"Não";"-";"Ciclistas";NA;NA;NA;NA;NA;NA;NA;NA;NA;NA;NA;NA;NA;1;NA;NA;NA;NA;NA;1;NA;NA;NA;NA;NA
24;"RN";2409803;"240980";"Pedro Velho";"Não";"-";"Ciclistas";NA;NA;NA;NA;NA;NA;NA;NA;NA;NA;NA;NA;NA;NA;1;NA;NA;NA;NA;NA;NA;NA;NA;NA;NA
24;"RN";2410405;"241040";"Pureza";"Não";"-";"Ciclistas";NA;NA;1;NA;NA;NA;NA;NA;NA;NA;NA;NA;NA;NA;NA;NA;NA;NA;NA;NA;NA;NA;NA;NA;NA
24;"RN";2410504;"241050";"Rafael Fernandes";"Não";"-";"Ciclistas";NA;NA;NA;NA;NA;NA;NA;NA;NA;NA;NA;NA;NA;NA;NA;NA;NA;NA;NA;NA;NA;NA;NA;1;NA
24;"RN";2410900;"241090";"Riachuelo";"Não";"-";"Ciclistas";NA;NA;NA;NA;NA;NA;NA;NA;NA;NA;1;NA;NA;NA;NA;NA;NA;NA;NA;NA;1;NA;NA;NA;NA
24;"RN";2411205;"241120";"Santa Cruz";"Não";"-";"Ciclistas";NA;NA;NA;NA;NA;NA;NA;NA;NA;NA;1;NA;NA;NA;NA;NA;NA;NA;NA;NA;NA;NA;NA;NA;NA
24;"RN";2411429;"241142";"Santana do Seridó";"Não";"-";"Ciclistas";NA;NA;NA;NA;NA;NA;NA;NA;NA;NA;NA;NA;NA;NA;NA;NA;NA;NA;NA;NA;NA;NA;NA;NA;NA
24;"RN";2411908;"241190";"São Francisco do Oeste";"Não";"-";"Ciclistas";NA;NA;NA;NA;NA;NA;NA;NA;1;NA;NA;NA;NA;NA;NA;NA;NA;NA;NA;NA;NA;NA;NA;NA;NA
24;"RN";2412005;"241200";"São Gonçalo do Amarante";"Não";"Região Metropolitana de Natal";"Ciclistas";NA;NA;NA;NA;NA;NA;NA;NA;NA;NA;NA;1;1;1;NA;NA;NA;1;NA;NA;NA;NA;1;NA;NA
24;"RN";2412203;"241220";"São José de Mipibu";"Não";"Região Metropolitana de Natal";"Ciclistas";NA;1;NA;NA;NA;NA;NA;NA;NA;NA;NA;1;NA;NA;NA;1;NA;NA;NA;1;NA;2;1;1;NA
24;"RN";2412500;"241250";"São Miguel";"Não";"-";"Ciclistas";NA;NA;NA;NA;NA;NA;NA;NA;NA;NA;NA;NA;NA;NA;NA;NA;1;NA;NA;NA;NA;NA;1;NA;NA
24;"RN";2412807;"241280";"São Rafael";"Não";"-";"Ciclistas";NA;NA;NA;NA;NA;NA;NA;NA;NA;NA;NA;NA;NA;NA;NA;NA;NA;NA;NA;NA;1;NA;NA;NA;NA
24;"RN";2413201;"241320";"Senador Georgino Avelino";"Não";"-";"Ciclistas";NA;NA;NA;NA;NA;NA;NA;NA;NA;NA;NA;NA;NA;NA;NA;NA;1;NA;NA;NA;NA;NA;NA;NA;NA
24;"RN";2413300;"241330";"Serra de São Bento";"Não";"-";"Ciclistas";NA;NA;NA;NA;NA;NA;NA;NA;NA;NA;NA;NA;NA;1;NA;NA;NA;NA;NA;NA;NA;NA;NA;NA;NA
24;"RN";2413508;"241350";"Serrinha";"Não";"-";"Ciclistas";NA;NA;NA;NA;NA;NA;NA;NA;NA;NA;NA;NA;NA;NA;1;1;NA;1;NA;NA;NA;NA;NA;NA;NA
24;"RN";2413904;"241390";"Taipu";"Não";"-";"Ciclistas";NA;NA;NA;NA;2;NA;NA;NA;NA;NA;NA;NA;NA;NA;NA;NA;NA;NA;NA;NA;NA;NA;NA;NA;NA
24;"RN";2414001;"241400";"Tangará";"Não";"-";"Ciclistas";NA;NA;NA;NA;NA;NA;NA;1;NA;NA;NA;NA;NA;NA;NA;NA;1;NA;NA;NA;NA;NA;NA;NA;NA
24;"RN";2414209;"241420";"Tibau do Sul";"Não";"-";"Ciclistas";NA;NA;NA;NA;NA;NA;NA;NA;NA;NA;NA;NA;NA;NA;NA;NA;NA;1;1;NA;NA;NA;NA;NA;NA
24;"RN";2414407;"241440";"Touros";"Não";"-";"Ciclistas";NA;1;NA;NA;NA;NA;NA;NA;NA;1;NA;NA;NA;NA;NA;NA;NA;NA;NA;NA;NA;NA;1;NA;NA
24;"RN";2414506;"241450";"Umarizal";"Não";"-";"Ciclistas";NA;NA;NA;NA;1;NA;NA;NA;NA;NA;NA;NA;NA;NA;NA;NA;NA;NA;NA;NA;NA;NA;NA;NA;NA
25;"PB";2500304;"250030";"Alagoa Grande";"Não";"-";"Ciclistas";NA;NA;NA;NA;NA;NA;NA;NA;NA;NA;NA;NA;NA;NA;1;NA;NA;NA;NA;NA;NA;NA;NA;NA;NA
25;"PB";2500403;"250040";"Alagoa Nova";"Não";"Região Metropolitana de Esperança";"Ciclistas";NA;NA;NA;NA;NA;NA;NA;NA;NA;NA;NA;NA;NA;NA;1;NA;NA;NA;NA;NA;NA;NA;NA;NA;NA
25;"PB";2500502;"250050";"Alagoinha";"Não";"Região Metropolitana de Guarabira";"Ciclistas";NA;NA;NA;NA;NA;NA;NA;NA;NA;NA;NA;NA;NA;NA;NA;NA;NA;NA;NA;NA;NA;NA;NA;NA;NA
25;"PB";2500601;"250060";"Alhandra";"Não";"Região Metropolitana de João Pessoa";"Ciclistas";NA;NA;NA;NA;1;NA;1;NA;NA;NA;NA;NA;NA;1;NA;NA;NA;NA;NA;NA;NA;NA;NA;NA;NA
25;"PB";2500809;"250080";"Araçagi";"Não";"Região Metropolitana de Guarabira";"Ciclistas";NA;NA;NA;NA;NA;1;NA;NA;NA;NA;NA;NA;NA;NA;NA;NA;NA;NA;NA;NA;NA;NA;NA;NA;NA
25;"PB";2501005;"250100";"Araruna";"Não";"Região Metropolitana de Araruna";"Ciclistas";NA;NA;NA;NA;NA;NA;NA;NA;NA;NA;NA;NA;NA;NA;NA;NA;NA;NA;NA;NA;NA;NA;NA;1;NA
25;"PB";2501104;"250110";"Areia";"Não";"Região Metropolitana de Esperança";"Ciclistas";NA;NA;NA;NA;NA;NA;NA;NA;NA;NA;NA;NA;NA;NA;NA;NA;NA;NA;NA;NA;NA;NA;NA;1;NA
25;"PB";2501500;"250150";"Bananeiras";"Não";"Região Metropolitana de Guarabira";"Ciclistas";NA;NA;NA;NA;NA;NA;NA;NA;NA;NA;NA;NA;NA;NA;NA;NA;NA;NA;NA;NA;NA;NA;NA;NA;NA
25;"PB";2501609;"250160";"Barra de Santa Rosa";"Não";"Região Metropolitana de Barra de Santa Rosa";"Ciclistas";NA;NA;NA;NA;NA;NA;NA;NA;NA;NA;NA;NA;NA;NA;NA;1;NA;NA;NA;NA;1;NA;NA;NA;NA
25;"PB";2501807;"250180";"Bayeux";"Não";"Região Metropolitana de João Pessoa";"Ciclistas";NA;NA;1;NA;NA;NA;NA;NA;1;NA;NA;NA;NA;NA;NA;NA;1;NA;NA;NA;NA;NA;NA;NA;NA
25;"PB";2501906;"250190";"Belém";"Não";"Região Metropolitana de Guarabira";"Ciclistas";NA;NA;NA;NA;NA;NA;NA;NA;NA;NA;NA;NA;NA;NA;NA;NA;NA;NA;NA;NA;1;NA;NA;NA;NA
25;"PB";2502003;"250200";"Belém do Brejo do Cruz";"Não";"-";"Ciclistas";NA;NA;NA;NA;NA;NA;NA;NA;NA;NA;NA;NA;NA;NA;NA;NA;NA;1;NA;NA;NA;NA;NA;NA;NA
25;"PB";2502102;"250210";"Boa Ventura";"Não";"Região Metropolitana do Vale do Piancó";"Ciclistas";NA;NA;NA;NA;NA;NA;NA;NA;NA;NA;NA;NA;NA;NA;NA;NA;NA;NA;NA;NA;NA;NA;NA;1;NA
25;"PB";2502201;"250220";"Bom Jesus";"Não";"Região Metropolitana de Cajazeiras";"Ciclistas";NA;NA;NA;NA;NA;NA;NA;NA;NA;NA;NA;NA;NA;NA;NA;NA;NA;NA;NA;NA;NA;NA;NA;NA;NA
25;"PB";2502805;"250280";"Brejo do Cruz";"Não";"-";"Ciclistas";NA;NA;NA;NA;NA;NA;NA;NA;NA;NA;NA;NA;NA;NA;NA;1;NA;NA;NA;NA;NA;NA;NA;NA;NA
25;"PB";2502904;"250290";"Brejo dos Santos";"Não";"-";"Ciclistas";NA;NA;NA;NA;1;NA;NA;NA;NA;NA;NA;NA;NA;NA;NA;NA;NA;NA;NA;NA;NA;NA;NA;NA;NA
25;"PB";2503001;"250300";"Caaporã";"Não";"Região Metropolitana de João Pessoa";"Ciclistas";NA;NA;1;NA;NA;NA;NA;NA;NA;NA;NA;NA;NA;NA;NA;NA;NA;NA;NA;NA;NA;NA;NA;NA;NA
25;"PB";2503209;"250320";"Cabedelo";"Não";"Região Metropolitana de João Pessoa";"Ciclistas";NA;NA;NA;NA;NA;NA;NA;NA;NA;NA;NA;NA;NA;NA;NA;NA;NA;1;1;1;NA;NA;NA;NA;NA
25;"PB";2503308;"250330";"Cachoeira dos Índios";"Não";"Região Metropolitana de Cajazeiras";"Ciclistas";NA;NA;NA;NA;NA;NA;NA;NA;NA;NA;NA;NA;NA;NA;NA;NA;NA;NA;NA;NA;NA;NA;NA;NA;NA
25;"PB";2503407;"250340";"Cacimba de Areia";"Não";"Região Metropolitana de Patos";"Ciclistas";NA;NA;NA;NA;NA;NA;NA;NA;NA;NA;NA;1;NA;NA;NA;NA;NA;NA;NA;NA;NA;NA;NA;NA;NA
25;"PB";2503704;"250370";"Cajazeiras";"Não";"Região Metropolitana de Cajazeiras";"Ciclistas";NA;NA;NA;NA;NA;1;NA;NA;NA;NA;NA;NA;NA;1;1;NA;1;NA;NA;NA;NA;NA;1;1;NA
25;"PB";2503902;"250390";"Camalaú";"Não";"-";"Ciclistas";NA;NA;NA;NA;NA;NA;NA;NA;NA;NA;NA;NA;NA;1;NA;NA;NA;NA;NA;NA;NA;NA;NA;NA;NA
25;"PB";2504009;"250400";"Campina Grande";"Não";"Região Metropolitana de Campina Grande";"Ciclistas";NA;NA;NA;3;1;NA;NA;1;5;5;3;6;1;4;NA;6;2;4;3;9;2;5;2;1;NA
25;"PB";2504074;"250407";"Caraúbas";"Não";"-";"Ciclistas";NA;NA;NA;NA;NA;NA;NA;NA;NA;NA;NA;NA;NA;NA;NA;NA;NA;NA;NA;NA;NA;NA;NA;NA;NA
25;"PB";2504306;"250430";"Catolé do Rocha";"Não";"-";"Ciclistas";NA;NA;NA;NA;NA;NA;NA;NA;NA;NA;NA;NA;NA;NA;NA;NA;NA;NA;NA;NA;NA;NA;1;NA;NA
25;"PB";2504405;"250440";"Conceição";"Não";"Região Metropolitana do Vale do Piancó";"Ciclistas";NA;NA;NA;NA;NA;NA;NA;NA;NA;NA;NA;NA;NA;NA;NA;NA;1;NA;NA;NA;NA;NA;NA;NA;NA
25;"PB";2504603;"250460";"Conde";"Não";"Região Metropolitana de João Pessoa";"Ciclistas";1;NA;NA;NA;NA;NA;NA;NA;NA;NA;NA;NA;NA;NA;NA;NA;NA;NA;NA;NA;NA;NA;NA;NA;NA
25;"PB";2504801;"250480";"Coremas";"Não";"Região Metropolitana do Vale do Piancó";"Ciclistas";NA;NA;NA;NA;NA;NA;NA;NA;NA;NA;NA;NA;NA;NA;NA;NA;NA;1;NA;NA;NA;NA;NA;NA;NA
25;"PB";2504900;"250490";"Cruz do Espírito Santo";"Não";"Região Metropolitana de João Pessoa";"Ciclistas";NA;NA;NA;NA;NA;NA;NA;NA;NA;NA;NA;NA;1;NA;NA;NA;NA;NA;NA;NA;NA;NA;NA;NA;NA
25;"PB";2505006;"250500";"Cubati";"Não";"-";"Ciclistas";NA;NA;NA;NA;NA;NA;NA;NA;NA;NA;NA;NA;NA;NA;NA;NA;NA;NA;1;NA;NA;NA;NA;NA;NA
25;"PB";2505105;"250510";"Cuité";"Não";"Região Metropolitana de Barra de Santa Rosa";"Ciclistas";NA;NA;NA;NA;NA;NA;NA;1;NA;NA;NA;NA;NA;NA;NA;NA;NA;NA;NA;NA;NA;NA;NA;NA;NA
25;"PB";2505352;"250535";"Damião";"Não";"Região Metropolitana de Araruna";"Ciclistas";NA;NA;NA;NA;NA;NA;NA;NA;NA;NA;NA;NA;NA;NA;NA;NA;NA;1;NA;NA;NA;NA;NA;NA;NA
25;"PB";2505402;"250540";"Desterro";"Não";"Região Metropolitana de Patos";"Ciclistas";NA;NA;NA;NA;NA;NA;NA;NA;NA;NA;NA;1;NA;NA;NA;NA;NA;NA;NA;1;NA;NA;NA;NA;NA
25;"PB";2505709;"250570";"Dona Inês";"Não";"Região Metropolitana de Araruna";"Ciclistas";NA;NA;NA;NA;NA;NA;1;NA;NA;NA;NA;NA;NA;NA;NA;NA;NA;NA;NA;NA;NA;NA;NA;NA;NA
25;"PB";2506004;"250600";"Esperança";"Não";"Região Metropolitana de Esperança";"Ciclistas";NA;NA;NA;NA;NA;NA;NA;NA;NA;NA;NA;1;NA;NA;NA;NA;NA;NA;NA;NA;NA;NA;NA;NA;NA
25;"PB";2506301;"250630";"Guarabira";"Não";"Região Metropolitana de Guarabira";"Ciclistas";NA;NA;NA;NA;NA;NA;NA;NA;NA;NA;NA;NA;NA;NA;NA;1;1;NA;NA;NA;NA;NA;NA;NA;NA
25;"PB";2506905;"250690";"Itabaiana";"Não";"Região Metropolitana de Itabaiana";"Ciclistas";NA;NA;NA;NA;NA;NA;NA;NA;NA;NA;NA;NA;1;NA;NA;NA;NA;NA;NA;NA;NA;NA;NA;NA;NA
25;"PB";2507002;"250700";"Itaporanga";"Não";"Região Metropolitana do Vale do Piancó";"Ciclistas";NA;NA;NA;NA;NA;NA;NA;NA;NA;NA;NA;NA;NA;NA;NA;NA;NA;NA;NA;NA;NA;NA;NA;NA;NA
25;"PB";2507507;"250750";"João Pessoa";"Sim";"Região Metropolitana de João Pessoa";"Ciclistas";NA;2;1;5;1;4;1;2;7;5;4;4;2;3;NA;3;7;6;7;3;1;7;1;2;NA
25;"PB";2507606;"250760";"Juarez Távora";"Não";"Região Metropolitana de Itabaiana";"Ciclistas";NA;NA;NA;NA;NA;NA;NA;NA;NA;NA;1;NA;NA;NA;NA;NA;NA;NA;NA;NA;NA;NA;NA;NA;NA
25;"PB";2507705;"250770";"Juazeirinho";"Não";"-";"Ciclistas";NA;NA;NA;NA;NA;NA;NA;NA;1;NA;NA;NA;NA;NA;NA;NA;NA;NA;NA;NA;NA;NA;NA;NA;NA
25;"PB";2507804;"250780";"Junco do Seridó";"Não";"Região Metropolitana de Patos";"Ciclistas";NA;NA;NA;NA;NA;NA;NA;NA;NA;1;NA;NA;NA;NA;NA;NA;NA;NA;NA;NA;NA;NA;NA;NA;NA
25;"PB";2507903;"250790";"Juripiranga";"Não";"Região Metropolitana de Itabaiana";"Ciclistas";NA;NA;NA;1;NA;NA;NA;NA;NA;NA;NA;NA;NA;NA;NA;NA;NA;NA;NA;NA;NA;NA;NA;NA;NA
25;"PB";2508000;"250800";"Juru";"Não";"-";"Ciclistas";NA;NA;NA;NA;NA;NA;NA;NA;NA;NA;NA;NA;3;NA;NA;NA;NA;NA;NA;NA;NA;NA;NA;NA;NA
25;"PB";2508307;"250830";"Lagoa Seca";"Não";"Região Metropolitana de Campina Grande";"Ciclistas";NA;NA;NA;NA;NA;NA;NA;NA;NA;NA;NA;NA;NA;NA;1;NA;NA;NA;NA;NA;NA;NA;NA;NA;NA
25;"PB";2508554;"250855";"Logradouro";"Não";"Região Metropolitana de Guarabira";"Ciclistas";NA;NA;NA;NA;NA;NA;NA;NA;NA;NA;NA;NA;NA;1;1;NA;NA;NA;NA;NA;NA;NA;NA;NA;NA
25;"PB";2508604;"250860";"Lucena";"Não";"Região Metropolitana de João Pessoa";"Ciclistas";NA;NA;NA;NA;NA;NA;NA;NA;NA;NA;NA;NA;NA;1;NA;NA;NA;NA;NA;NA;NA;NA;NA;NA;NA
25;"PB";2508901;"250890";"Mamanguape";"Não";"Região Metropolitana do Vale do Mamanguape";"Ciclistas";NA;NA;NA;NA;NA;NA;NA;NA;NA;NA;NA;NA;NA;NA;NA;NA;NA;1;NA;NA;NA;NA;1;NA;NA
25;"PB";2509107;"250910";"Mari";"Não";"-";"Ciclistas";NA;NA;NA;NA;NA;NA;NA;NA;NA;NA;NA;NA;1;1;NA;NA;NA;NA;NA;NA;NA;NA;NA;NA;NA
25;"PB";2509206;"250920";"Massaranduba";"Não";"Região Metropolitana de Campina Grande";"Ciclistas";NA;NA;NA;NA;NA;NA;NA;NA;NA;NA;NA;NA;NA;NA;NA;NA;NA;NA;NA;NA;NA;NA;NA;NA;NA
25;"PB";2509404;"250940";"Mogeiro";"Não";"Região Metropolitana de Itabaiana";"Ciclistas";NA;NA;1;NA;NA;NA;NA;NA;NA;NA;NA;NA;NA;NA;NA;NA;NA;NA;NA;NA;1;NA;NA;NA;NA
25;"PB";2509701;"250970";"Monteiro";"Não";"-";"Ciclistas";NA;NA;NA;NA;NA;NA;NA;NA;NA;NA;NA;1;NA;NA;NA;NA;NA;NA;NA;NA;NA;NA;NA;NA;NA
25;"PB";2509909;"250990";"Natuba";"Não";"Região Metropolitana de Campina Grande";"Ciclistas";NA;NA;NA;NA;NA;NA;NA;NA;NA;NA;NA;NA;NA;NA;NA;NA;1;NA;NA;NA;NA;NA;NA;NA;NA
25;"PB";2510105;"251010";"Nova Floresta";"Não";"Região Metropolitana de Barra de Santa Rosa";"Ciclistas";NA;NA;NA;NA;NA;NA;NA;NA;NA;NA;1;NA;NA;NA;NA;NA;NA;NA;NA;NA;NA;NA;NA;NA;NA
25;"PB";2510303;"251030";"Nova Palmeira";"Não";"Região Metropolitana de Barra de Santa Rosa";"Ciclistas";NA;NA;NA;NA;NA;NA;NA;1;NA;NA;NA;NA;NA;NA;NA;NA;NA;NA;NA;NA;NA;NA;NA;NA;NA
25;"PB";2510600;"251060";"Ouro Velho";"Não";"-";"Ciclistas";NA;NA;NA;NA;NA;NA;NA;NA;NA;1;NA;NA;NA;NA;NA;NA;NA;NA;NA;NA;NA;NA;NA;NA;NA
25;"PB";2510808;"251080";"Patos";"Não";"Região Metropolitana de Patos";"Ciclistas";NA;NA;NA;NA;NA;NA;NA;1;1;NA;2;NA;1;1;1;NA;NA;NA;NA;1;1;NA;NA;NA;NA
25;"PB";2510907;"251090";"Paulista";"Não";"-";"Ciclistas";NA;NA;NA;NA;NA;NA;NA;NA;NA;NA;NA;NA;NA;NA;NA;NA;NA;NA;NA;1;NA;NA;NA;NA;NA
25;"PB";2511202;"251120";"Pedras de Fogo";"Não";"Região Metropolitana de João Pessoa";"Ciclistas";NA;NA;NA;NA;NA;NA;NA;NA;NA;NA;NA;NA;NA;NA;NA;NA;NA;NA;NA;1;NA;NA;NA;NA;NA
25;"PB";2511400;"251140";"Picuí";"Não";"Região Metropolitana de Barra de Santa Rosa";"Ciclistas";NA;NA;NA;NA;NA;NA;NA;NA;NA;NA;NA;NA;NA;NA;NA;NA;NA;NA;NA;NA;NA;NA;NA;NA;NA
25;"PB";2511509;"251150";"Pilar";"Não";"Região Metropolitana de Itabaiana";"Ciclistas";NA;NA;1;NA;NA;NA;NA;NA;NA;NA;1;NA;NA;NA;NA;NA;NA;NA;NA;NA;NA;NA;NA;NA;NA
25;"PB";2511608;"251160";"Pilões";"Não";"Região Metropolitana de Guarabira";"Ciclistas";NA;NA;NA;NA;NA;NA;NA;NA;NA;NA;NA;NA;NA;NA;NA;NA;NA;NA;1;NA;NA;NA;NA;NA;NA
25;"PB";2512002;"251200";"Pocinhos";"Não";"Região Metropolitana de Esperança";"Ciclistas";NA;NA;NA;NA;NA;NA;NA;NA;NA;NA;NA;NA;NA;NA;NA;1;NA;NA;NA;NA;NA;NA;NA;NA;NA
25;"PB";2512101;"251210";"Pombal";"Não";"-";"Ciclistas";NA;NA;NA;NA;NA;NA;NA;NA;NA;NA;NA;NA;NA;NA;NA;NA;NA;NA;NA;NA;NA;1;NA;NA;NA
25;"PB";2512200;"251220";"Prata";"Não";"-";"Ciclistas";NA;NA;NA;NA;2;NA;NA;NA;NA;NA;NA;NA;NA;NA;NA;NA;NA;NA;NA;NA;NA;NA;NA;NA;NA
25;"PB";2512309;"251230";"Princesa Isabel";"Não";"-";"Ciclistas";NA;NA;NA;1;NA;NA;NA;NA;NA;NA;NA;NA;NA;NA;NA;NA;NA;NA;NA;NA;NA;NA;NA;NA;NA
25;"PB";2512705;"251270";"Remígio";"Não";"Região Metropolitana de Esperança";"Ciclistas";NA;NA;NA;NA;NA;NA;NA;NA;NA;NA;NA;NA;1;NA;NA;NA;NA;NA;NA;NA;NA;NA;NA;NA;NA
25;"PB";2512903;"251290";"Rio Tinto";"Não";"Região Metropolitana de João Pessoa";"Ciclistas";NA;NA;NA;NA;NA;NA;NA;NA;NA;NA;NA;NA;NA;NA;NA;NA;1;NA;NA;NA;NA;NA;NA;NA;NA
25;"PB";2513307;"251330";"Santa Helena";"Não";"Região Metropolitana de Cajazeiras";"Ciclistas";NA;NA;NA;NA;NA;NA;NA;NA;NA;NA;NA;NA;NA;NA;NA;NA;NA;NA;NA;NA;NA;NA;1;NA;NA
25;"PB";2513406;"251340";"Santa Luzia";"Não";"Região Metropolitana de Patos";"Ciclistas";NA;NA;NA;NA;NA;NA;NA;NA;NA;NA;NA;2;NA;NA;NA;NA;NA;NA;NA;NA;NA;NA;NA;NA;NA
25;"PB";2513703;"251370";"Santa Rita";"Não";"Região Metropolitana de João Pessoa";"Ciclistas";NA;NA;NA;NA;NA;NA;NA;NA;NA;NA;1;NA;NA;NA;NA;NA;NA;NA;1;1;NA;NA;NA;NA;NA
25;"PB";2513802;"251380";"Santa Teresinha";"Não";"Região Metropolitana de Patos";"Ciclistas";NA;NA;NA;NA;NA;NA;NA;NA;NA;NA;NA;NA;NA;NA;NA;NA;NA;NA;NA;NA;NA;NA;NA;NA;NA
25;"PB";2513901;"251390";"São Bento";"Não";"-";"Ciclistas";NA;NA;NA;NA;NA;NA;NA;NA;NA;NA;NA;NA;NA;NA;NA;NA;NA;NA;NA;NA;NA;NA;NA;NA;NA
25;"PB";2514909;"251490";"São Mamede";"Não";"Região Metropolitana de Patos";"Ciclistas";NA;NA;NA;NA;NA;NA;NA;NA;NA;NA;NA;NA;NA;NA;NA;NA;NA;NA;NA;NA;NA;NA;NA;1;NA
25;"PB";2515302;"251530";"Sapé";"Não";"-";"Ciclistas";NA;NA;NA;NA;NA;NA;NA;NA;NA;NA;NA;1;NA;NA;NA;NA;NA;1;NA;NA;NA;NA;NA;NA;NA
25;"PB";2515500;"251550";"Serra Branca";"Não";"-";"Ciclistas";NA;NA;NA;NA;NA;NA;NA;NA;NA;1;NA;NA;NA;NA;NA;NA;NA;NA;NA;NA;NA;NA;NA;NA;NA
25;"PB";2515906;"251590";"Serraria";"Não";"Região Metropolitana de Guarabira";"Ciclistas";NA;NA;NA;NA;NA;NA;NA;NA;NA;NA;1;NA;NA;NA;NA;NA;NA;NA;NA;NA;NA;NA;NA;NA;NA
25;"PB";2515971;"251597";"Sobrado";"Não";"-";"Ciclistas";NA;NA;NA;NA;NA;NA;NA;NA;NA;NA;NA;NA;NA;NA;NA;NA;NA;1;NA;NA;NA;NA;NA;NA;NA
25;"PB";2516102;"251610";"Soledade";"Não";"-";"Ciclistas";NA;NA;NA;NA;NA;1;NA;NA;NA;NA;NA;NA;NA;NA;NA;NA;NA;NA;NA;NA;NA;NA;NA;NA;NA
25;"PB";2516201;"251620";"Sousa";"Não";"Região Metropolitana de Sousa";"Ciclistas";NA;NA;NA;NA;1;NA;NA;1;1;NA;1;2;1;NA;1;NA;NA;NA;NA;NA;NA;NA;NA;NA;NA
25;"PB";2516300;"251630";"Sumé";"Não";"-";"Ciclistas";NA;NA;NA;NA;NA;NA;NA;NA;NA;NA;NA;NA;NA;NA;NA;NA;1;NA;NA;NA;NA;NA;NA;NA;NA
25;"PB";2516409;"251640";"Tacima";"Não";"Região Metropolitana de Araruna";"Ciclistas";NA;NA;NA;NA;NA;NA;1;NA;NA;NA;NA;NA;NA;NA;NA;NA;NA;NA;NA;NA;NA;NA;NA;NA;NA
25;"PB";2516805;"251680";"Triunfo";"Não";"Região Metropolitana de Cajazeiras";"Ciclistas";NA;NA;NA;NA;NA;NA;NA;NA;NA;NA;NA;NA;NA;NA;NA;NA;NA;NA;NA;NA;NA;1;NA;NA;NA
25;"PB";2516904;"251690";"Uiraúna";"Não";"Região Metropolitana de Cajazeiras";"Ciclistas";NA;NA;NA;NA;NA;NA;NA;NA;NA;NA;NA;NA;NA;NA;NA;NA;NA;NA;NA;NA;NA;1;NA;NA;NA
26;"PE";2600054;"260005";"Abreu e Lima";"Não";"Região Metropolitana de Recife";"Ciclistas";NA;1;NA;NA;NA;NA;NA;NA;NA;NA;NA;3;1;NA;NA;NA;NA;1;NA;NA;NA;1;NA;NA;NA
26;"PE";2600104;"260010";"Afogados da Ingazeira";"Não";"-";"Ciclistas";1;NA;NA;NA;NA;NA;1;NA;NA;3;NA;NA;NA;1;NA;NA;NA;NA;NA;NA;NA;1;NA;NA;NA
26;"PE";2600203;"260020";"Afrânio";"Não";"-";"Ciclistas";NA;NA;NA;NA;NA;NA;NA;NA;NA;NA;NA;NA;NA;NA;NA;NA;NA;NA;NA;1;NA;NA;NA;NA;NA
26;"PE";2600302;"260030";"Agrestina";"Não";"-";"Ciclistas";NA;1;NA;NA;NA;NA;NA;NA;NA;NA;NA;NA;NA;NA;NA;NA;NA;NA;NA;NA;NA;NA;NA;NA;NA
26;"PE";2600401;"260040";"Água Preta";"Não";"-";"Ciclistas";NA;NA;NA;NA;NA;NA;NA;NA;NA;NA;NA;NA;NA;NA;1;1;NA;NA;NA;NA;NA;1;NA;NA;NA
26;"PE";2600500;"260050";"Águas Belas";"Não";"-";"Ciclistas";NA;NA;NA;NA;NA;NA;NA;NA;NA;NA;NA;NA;1;NA;NA;NA;NA;NA;NA;NA;NA;NA;NA;1;NA
26;"PE";2600708;"260070";"Aliança";"Não";"-";"Ciclistas";NA;NA;1;NA;1;NA;1;NA;NA;NA;NA;NA;NA;NA;NA;NA;2;1;NA;NA;NA;NA;NA;NA;NA
26;"PE";2600807;"260080";"Altinho";"Não";"-";"Ciclistas";NA;NA;NA;NA;NA;NA;NA;NA;NA;NA;NA;NA;NA;NA;NA;NA;NA;NA;1;NA;NA;NA;NA;NA;NA
26;"PE";2601052;"260105";"Araçoiaba";"Não";"Região Metropolitana de Recife";"Ciclistas";NA;NA;NA;NA;NA;NA;1;NA;NA;NA;NA;NA;NA;NA;NA;NA;NA;NA;NA;NA;NA;NA;NA;NA;NA
26;"PE";2601102;"260110";"Araripina";"Não";"-";"Ciclistas";1;NA;1;3;NA;NA;1;1;NA;3;2;1;NA;NA;1;1;2;NA;NA;NA;NA;NA;1;1;NA
26;"PE";2601201;"260120";"Arcoverde";"Não";"-";"Ciclistas";NA;NA;NA;NA;NA;1;NA;NA;NA;NA;1;NA;2;NA;NA;NA;NA;NA;NA;1;1;NA;1;NA;NA
26;"PE";2601300;"260130";"Barra de Guabiraba";"Não";"-";"Ciclistas";NA;NA;NA;NA;NA;NA;NA;NA;NA;NA;NA;NA;NA;NA;NA;NA;NA;NA;NA;NA;NA;NA;NA;1;NA
26;"PE";2601409;"260140";"Barreiros";"Não";"-";"Ciclistas";NA;NA;NA;NA;NA;NA;NA;NA;NA;NA;1;NA;NA;NA;1;NA;NA;NA;NA;NA;NA;NA;1;NA;NA
26;"PE";2601508;"260150";"Belém de Maria";"Não";"-";"Ciclistas";NA;NA;NA;NA;NA;NA;NA;NA;NA;NA;NA;NA;NA;NA;NA;NA;1;NA;NA;NA;NA;NA;NA;NA;NA
26;"PE";2601607;"260160";"Belém do São Francisco";"Não";"-";"Ciclistas";NA;NA;NA;NA;NA;NA;NA;NA;NA;NA;NA;NA;NA;NA;NA;NA;NA;NA;NA;NA;NA;NA;NA;NA;NA
26;"PE";2601706;"260170";"Belo Jardim";"Não";"-";"Ciclistas";NA;1;NA;NA;NA;NA;NA;NA;1;1;NA;2;1;NA;NA;1;NA;NA;NA;NA;NA;NA;NA;NA;NA
26;"PE";2601904;"260190";"Bezerros";"Não";"-";"Ciclistas";NA;1;1;NA;NA;NA;NA;1;NA;NA;NA;NA;2;1;NA;NA;NA;1;NA;NA;NA;NA;NA;2;NA
26;"PE";2602001;"260200";"Bodocó";"Não";"-";"Ciclistas";NA;NA;NA;NA;NA;NA;1;NA;NA;1;NA;NA;NA;NA;NA;NA;NA;NA;NA;NA;NA;1;NA;NA;NA
26;"PE";2602100;"260210";"Bom Conselho";"Não";"-";"Ciclistas";NA;NA;NA;NA;NA;NA;1;1;NA;NA;NA;NA;NA;NA;NA;NA;NA;NA;NA;NA;NA;NA;NA;NA;NA
26;"PE";2602209;"260220";"Bom Jardim";"Não";"-";"Ciclistas";NA;1;NA;NA;NA;NA;1;NA;1;NA;NA;NA;2;NA;NA;NA;NA;NA;NA;NA;NA;NA;NA;NA;NA
26;"PE";2602308;"260230";"Bonito";"Não";"-";"Ciclistas";NA;NA;NA;NA;NA;1;1;NA;NA;NA;NA;NA;NA;NA;NA;NA;NA;NA;NA;NA;NA;NA;NA;NA;NA
26;"PE";2602506;"260250";"Brejinho";"Não";"-";"Ciclistas";NA;NA;NA;NA;NA;NA;NA;NA;NA;NA;NA;NA;1;1;NA;NA;NA;NA;NA;NA;NA;NA;NA;NA;NA
26;"PE";2602605;"260260";"Brejo da Madre de Deus";"Não";"-";"Ciclistas";NA;NA;1;NA;1;NA;NA;NA;1;NA;NA;NA;1;NA;1;NA;1;1;NA;NA;NA;NA;NA;NA;NA
26;"PE";2602704;"260270";"Buenos Aires";"Não";"-";"Ciclistas";NA;NA;NA;NA;NA;NA;NA;NA;1;NA;NA;NA;NA;NA;NA;NA;NA;NA;NA;NA;NA;NA;NA;NA;NA
26;"PE";2602902;"260290";"Cabo de Santo Agostinho";"Não";"Região Metropolitana de Recife";"Ciclistas";NA;NA;NA;2;NA;NA;NA;1;NA;NA;NA;NA;3;NA;NA;NA;NA;NA;NA;NA;2;4;1;NA;NA
26;"PE";2603009;"260300";"Cabrobó";"Não";"-";"Ciclistas";NA;NA;NA;NA;NA;NA;NA;1;NA;NA;NA;NA;NA;NA;NA;NA;NA;NA;NA;NA;NA;NA;NA;NA;NA
26;"PE";2603108;"260310";"Cachoeirinha";"Não";"-";"Ciclistas";1;NA;NA;NA;NA;NA;NA;NA;NA;NA;NA;NA;NA;NA;NA;NA;NA;NA;NA;NA;NA;NA;NA;NA;NA
26;"PE";2603207;"260320";"Caetés";"Não";"-";"Ciclistas";NA;NA;1;NA;NA;NA;NA;NA;NA;NA;NA;NA;NA;NA;NA;NA;NA;NA;NA;NA;NA;NA;NA;NA;NA
26;"PE";2603454;"260345";"Camaragibe";"Não";"Região Metropolitana de Recife";"Ciclistas";NA;1;NA;NA;NA;NA;NA;NA;1;NA;NA;NA;NA;NA;NA;NA;NA;NA;NA;NA;2;1;NA;NA;NA
26;"PE";2603504;"260350";"Camocim de São Félix";"Não";"-";"Ciclistas";NA;NA;NA;NA;NA;NA;NA;NA;NA;NA;NA;NA;NA;NA;NA;NA;1;NA;NA;NA;NA;NA;NA;NA;NA
26;"PE";2603702;"260370";"Canhotinho";"Não";"-";"Ciclistas";NA;NA;NA;NA;NA;NA;NA;NA;NA;NA;NA;NA;NA;NA;NA;NA;NA;NA;NA;NA;NA;1;NA;NA;NA
26;"PE";2603801;"260380";"Capoeiras";"Não";"-";"Ciclistas";NA;NA;NA;NA;NA;NA;NA;NA;NA;NA;NA;NA;NA;NA;NA;NA;NA;NA;NA;NA;NA;NA;NA;NA;NA
26;"PE";2603900;"260390";"Carnaíba";"Não";"-";"Ciclistas";NA;NA;NA;NA;NA;NA;NA;NA;NA;NA;NA;NA;NA;NA;NA;NA;NA;NA;NA;NA;NA;NA;1;NA;NA
26;"PE";2603926;"260392";"Carnaubeira da Penha";"Não";"-";"Ciclistas";NA;NA;NA;NA;NA;NA;NA;NA;NA;NA;NA;NA;NA;NA;NA;NA;NA;NA;NA;NA;NA;NA;NA;NA;NA
26;"PE";2604007;"260400";"Carpina";"Não";"-";"Ciclistas";NA;NA;NA;NA;NA;1;1;1;1;NA;1;NA;NA;NA;NA;NA;NA;NA;NA;NA;NA;NA;NA;NA;NA
26;"PE";2604106;"260410";"Caruaru";"Não";"-";"Ciclistas";1;5;2;4;2;1;2;4;7;4;6;6;1;3;2;2;3;NA;3;NA;2;NA;2;4;NA
26;"PE";2604205;"260420";"Catende";"Não";"-";"Ciclistas";NA;2;NA;NA;NA;NA;NA;NA;NA;NA;NA;NA;NA;NA;NA;NA;1;NA;NA;NA;1;NA;1;NA;NA
26;"PE";2604304;"260430";"Cedro";"Não";"-";"Ciclistas";NA;NA;NA;NA;NA;1;NA;NA;NA;NA;NA;NA;NA;NA;NA;NA;NA;NA;NA;NA;NA;NA;NA;NA;NA
26;"PE";2604403;"260440";"Chã de Alegria";"Não";"-";"Ciclistas";NA;NA;NA;NA;NA;NA;1;NA;NA;NA;NA;1;NA;NA;NA;NA;NA;NA;NA;NA;NA;NA;NA;NA;NA
26;"PE";2604502;"260450";"Chã Grande";"Não";"-";"Ciclistas";NA;NA;NA;NA;NA;NA;NA;NA;NA;NA;NA;NA;1;NA;NA;NA;NA;NA;NA;NA;NA;NA;NA;NA;NA
26;"PE";2604601;"260460";"Condado";"Não";"-";"Ciclistas";NA;NA;NA;NA;NA;NA;1;1;NA;NA;1;NA;NA;NA;NA;NA;1;1;2;NA;NA;NA;NA;NA;NA
26;"PE";2604700;"260470";"Correntes";"Não";"-";"Ciclistas";NA;NA;NA;NA;NA;NA;NA;NA;NA;1;NA;NA;NA;NA;NA;NA;NA;NA;NA;NA;NA;NA;NA;NA;NA
26;"PE";2604809;"260480";"Cortês";"Não";"-";"Ciclistas";NA;NA;NA;NA;NA;NA;NA;NA;NA;NA;NA;NA;NA;NA;NA;1;NA;NA;NA;NA;NA;NA;NA;NA;NA
26;"PE";2604908;"260490";"Cumaru";"Não";"-";"Ciclistas";NA;NA;NA;NA;NA;NA;NA;NA;NA;NA;NA;NA;NA;NA;NA;NA;NA;NA;NA;NA;1;NA;NA;1;NA
26;"PE";2605004;"260500";"Cupira";"Não";"-";"Ciclistas";NA;NA;NA;1;NA;NA;NA;NA;NA;NA;NA;NA;NA;NA;NA;2;NA;NA;NA;NA;NA;NA;NA;NA;NA
26;"PE";2605103;"260510";"Custódia";"Não";"-";"Ciclistas";1;NA;NA;1;NA;1;NA;NA;NA;NA;NA;1;NA;NA;1;NA;NA;NA;NA;1;NA;NA;NA;NA;NA
26;"PE";2605152;"260515";"Dormentes";"Não";"-";"Ciclistas";NA;NA;NA;NA;NA;NA;NA;NA;NA;NA;NA;NA;NA;NA;NA;1;NA;NA;NA;NA;NA;NA;NA;NA;NA
26;"PE";2605202;"260520";"Escada";"Não";"-";"Ciclistas";NA;NA;NA;NA;NA;NA;NA;NA;NA;NA;2;NA;NA;NA;NA;1;1;NA;NA;NA;NA;NA;NA;NA;NA
26;"PE";2605301;"260530";"Exu";"Não";"-";"Ciclistas";NA;1;1;NA;2;NA;2;1;NA;NA;1;1;NA;NA;1;NA;NA;1;1;NA;NA;NA;2;1;NA
26;"PE";2605400;"260540";"Feira Nova";"Não";"-";"Ciclistas";NA;NA;NA;NA;NA;NA;NA;1;NA;NA;NA;1;NA;NA;NA;NA;NA;NA;1;NA;NA;NA;NA;NA;NA
26;"PE";2605509;"260550";"Ferreiros";"Não";"-";"Ciclistas";NA;NA;NA;NA;NA;NA;NA;NA;NA;NA;1;1;1;NA;NA;NA;NA;NA;NA;NA;NA;NA;NA;NA;NA
26;"PE";2605608;"260560";"Flores";"Não";"-";"Ciclistas";NA;NA;NA;NA;NA;NA;NA;NA;1;NA;NA;NA;NA;NA;NA;NA;NA;NA;NA;NA;NA;NA;NA;NA;NA
26;"PE";2605707;"260570";"Floresta";"Não";"-";"Ciclistas";NA;NA;NA;NA;NA;NA;NA;1;NA;1;NA;NA;NA;NA;NA;1;NA;1;NA;NA;1;1;NA;NA;NA
26;"PE";2605905;"260590";"Gameleira";"Não";"-";"Ciclistas";NA;NA;NA;NA;NA;NA;NA;NA;NA;NA;NA;NA;NA;NA;NA;NA;NA;NA;NA;NA;NA;NA;NA;NA;NA
26;"PE";2606002;"260600";"Garanhuns";"Não";"-";"Ciclistas";NA;NA;NA;1;1;NA;NA;1;1;NA;1;NA;1;NA;NA;NA;NA;NA;NA;NA;NA;NA;NA;NA;NA
26;"PE";2606101;"260610";"Glória do Goitá";"Não";"-";"Ciclistas";NA;NA;NA;NA;NA;NA;NA;NA;NA;1;NA;NA;NA;NA;NA;NA;NA;NA;NA;NA;NA;NA;NA;NA;NA
26;"PE";2606200;"260620";"Goiana";"Não";"-";"Ciclistas";NA;NA;NA;NA;NA;NA;3;NA;NA;NA;NA;NA;NA;NA;NA;NA;1;NA;1;1;1;1;NA;2;NA
26;"PE";2606408;"260640";"Gravatá";"Não";"-";"Ciclistas";NA;NA;NA;NA;NA;NA;1;NA;NA;NA;2;NA;NA;NA;NA;NA;NA;NA;1;NA;NA;NA;NA;NA;NA
26;"PE";2606507;"260650";"Iati";"Não";"-";"Ciclistas";NA;NA;NA;NA;NA;NA;NA;NA;NA;NA;NA;NA;NA;NA;NA;NA;NA;NA;NA;1;NA;NA;NA;NA;NA
26;"PE";2606606;"260660";"Ibimirim";"Não";"-";"Ciclistas";NA;NA;NA;NA;2;1;NA;1;NA;NA;NA;NA;NA;NA;NA;2;1;NA;1;NA;NA;NA;NA;NA;NA
26;"PE";2606705;"260670";"Ibirajuba";"Não";"-";"Ciclistas";NA;NA;NA;NA;NA;NA;NA;NA;NA;1;NA;NA;NA;NA;NA;NA;NA;NA;NA;NA;NA;NA;NA;NA;NA
26;"PE";2606804;"260680";"Igarassu";"Não";"Região Metropolitana de Recife";"Ciclistas";1;NA;NA;NA;NA;NA;NA;NA;NA;NA;NA;NA;NA;NA;1;NA;NA;NA;NA;2;NA;NA;NA;NA;NA
26;"PE";2606903;"260690";"Iguaracy";"Não";"-";"Ciclistas";NA;NA;NA;NA;NA;NA;NA;1;NA;NA;NA;1;NA;NA;NA;NA;1;NA;NA;NA;NA;1;NA;NA;NA
26;"PE";2607208;"260720";"Ipojuca";"Não";"Região Metropolitana de Recife";"Ciclistas";NA;NA;1;NA;1;NA;NA;NA;NA;NA;NA;NA;NA;1;4;1;NA;1;NA;NA;1;1;NA;1;NA
26;"PE";2607307;"260730";"Ipubi";"Não";"-";"Ciclistas";NA;NA;NA;NA;NA;NA;1;1;2;NA;NA;NA;NA;NA;NA;NA;1;NA;NA;NA;NA;NA;NA;1;NA
26;"PE";2607505;"260750";"Itaíba";"Não";"-";"Ciclistas";NA;NA;NA;NA;NA;NA;NA;NA;NA;NA;NA;NA;NA;NA;NA;NA;NA;NA;NA;NA;NA;NA;NA;1;NA
26;"PE";2607604;"260760";"Ilha de Itamaracá";"Não";"Região Metropolitana de Recife";"Ciclistas";NA;NA;1;NA;NA;NA;NA;NA;NA;1;NA;NA;NA;NA;NA;NA;NA;NA;NA;NA;NA;NA;NA;NA;NA
26;"PE";2607653;"260765";"Itambé";"Não";"-";"Ciclistas";NA;NA;NA;NA;NA;NA;NA;NA;NA;1;1;NA;NA;NA;NA;1;NA;NA;NA;NA;NA;NA;NA;NA;NA
26;"PE";2607703;"260770";"Itapetim";"Não";"-";"Ciclistas";NA;NA;NA;NA;NA;NA;NA;NA;NA;NA;NA;NA;NA;NA;NA;NA;NA;NA;NA;NA;NA;NA;NA;NA;NA
26;"PE";2607752;"260775";"Itapissuma";"Não";"Região Metropolitana de Recife";"Ciclistas";NA;NA;NA;NA;NA;NA;NA;NA;NA;NA;1;NA;NA;NA;NA;NA;NA;NA;NA;NA;NA;NA;NA;NA;NA
26;"PE";2607802;"260780";"Itaquitinga";"Não";"-";"Ciclistas";NA;NA;NA;1;NA;NA;NA;NA;NA;NA;NA;NA;NA;NA;NA;NA;NA;NA;NA;NA;NA;NA;NA;NA;NA
26;"PE";2607901;"260790";"Jaboatão dos Guararapes";"Não";"Região Metropolitana de Recife";"Ciclistas";NA;1;NA;1;NA;NA;2;5;1;NA;NA;3;2;3;1;1;1;1;5;NA;3;2;1;4;NA
26;"PE";2607950;"260795";"Jaqueira";"Não";"-";"Ciclistas";NA;NA;NA;1;NA;NA;NA;NA;1;NA;NA;NA;NA;NA;NA;NA;NA;NA;NA;NA;NA;NA;NA;NA;NA
26;"PE";2608008;"260800";"Jataúba";"Não";"-";"Ciclistas";NA;NA;NA;NA;NA;NA;NA;NA;NA;NA;NA;NA;NA;NA;NA;NA;NA;NA;NA;NA;NA;NA;NA;NA;NA
26;"PE";2608057;"260805";"Jatobá";"Não";"-";"Ciclistas";NA;NA;NA;NA;NA;NA;NA;NA;NA;1;NA;NA;NA;NA;NA;NA;NA;NA;NA;NA;NA;NA;NA;1;NA
26;"PE";2608107;"260810";"João Alfredo";"Não";"-";"Ciclistas";NA;NA;NA;NA;NA;NA;NA;NA;NA;NA;NA;NA;NA;NA;1;NA;NA;NA;NA;NA;NA;NA;NA;NA;NA
26;"PE";2608206;"260820";"Joaquim Nabuco";"Não";"-";"Ciclistas";NA;NA;NA;NA;NA;NA;NA;NA;NA;NA;NA;NA;NA;NA;NA;NA;NA;NA;NA;NA;NA;NA;NA;NA;NA
26;"PE";2608255;"260825";"Jucati";"Não";"-";"Ciclistas";NA;NA;NA;NA;NA;NA;NA;NA;NA;NA;NA;NA;NA;NA;NA;NA;1;1;NA;NA;NA;NA;NA;NA;NA
26;"PE";2608453;"260845";"Lagoa do Carro";"Não";"-";"Ciclistas";NA;NA;NA;NA;NA;NA;NA;NA;NA;NA;NA;NA;NA;NA;1;NA;NA;NA;NA;NA;NA;NA;NA;NA;NA
26;"PE";2608503;"260850";"Lagoa de Itaenga";"Não";"-";"Ciclistas";NA;NA;NA;NA;NA;NA;NA;NA;NA;NA;NA;NA;NA;2;NA;NA;NA;NA;NA;NA;NA;NA;NA;NA;NA
26;"PE";2608602;"260860";"Lagoa do Ouro";"Não";"-";"Ciclistas";NA;NA;NA;NA;NA;NA;NA;NA;NA;NA;NA;NA;NA;NA;NA;NA;NA;1;NA;NA;NA;NA;NA;NA;NA
26;"PE";2608750;"260875";"Lagoa Grande";"Não";"Região Administrativa Integrada de Desenvolvimento do Polo Petrolina/PE e Juazeiro/BA";"Ciclistas";NA;NA;NA;NA;NA;1;NA;NA;NA;1;1;1;NA;NA;1;NA;NA;NA;NA;NA;NA;NA;NA;1;NA
26;"PE";2608800;"260880";"Lajedo";"Não";"-";"Ciclistas";NA;NA;NA;NA;1;NA;NA;1;NA;NA;NA;NA;NA;NA;NA;NA;NA;1;NA;1;NA;1;1;1;NA
26;"PE";2608909;"260890";"Limoeiro";"Não";"-";"Ciclistas";NA;1;NA;NA;NA;NA;NA;NA;NA;2;NA;NA;1;NA;NA;NA;1;NA;1;NA;NA;NA;1;2;NA
26;"PE";2609006;"260900";"Macaparana";"Não";"-";"Ciclistas";NA;1;NA;NA;NA;NA;1;NA;NA;NA;NA;NA;NA;NA;NA;NA;NA;NA;NA;NA;NA;NA;NA;NA;NA
26;"PE";2609105;"260910";"Machados";"Não";"-";"Ciclistas";NA;NA;NA;NA;NA;NA;NA;NA;NA;NA;NA;NA;NA;NA;1;NA;NA;1;NA;NA;NA;NA;NA;NA;NA
26;"PE";2609154;"260915";"Manari";"Não";"-";"Ciclistas";NA;NA;NA;NA;NA;NA;NA;NA;NA;NA;NA;NA;NA;NA;NA;1;NA;NA;NA;NA;NA;NA;NA;NA;NA
26;"PE";2609303;"260930";"Mirandiba";"Não";"-";"Ciclistas";1;NA;NA;NA;NA;1;NA;NA;NA;NA;NA;NA;NA;NA;NA;1;1;2;NA;NA;NA;NA;NA;NA;NA
26;"PE";2609402;"260940";"Moreno";"Não";"Região Metropolitana de Recife";"Ciclistas";NA;NA;NA;NA;NA;NA;NA;NA;NA;NA;NA;NA;NA;NA;NA;NA;NA;NA;NA;NA;NA;NA;NA;1;NA
26;"PE";2609501;"260950";"Nazaré da Mata";"Não";"-";"Ciclistas";NA;NA;NA;NA;1;NA;NA;NA;1;NA;NA;NA;NA;NA;NA;NA;NA;NA;2;NA;NA;1;NA;NA;NA
26;"PE";2609600;"260960";"Olinda";"Não";"Região Metropolitana de Recife";"Ciclistas";NA;NA;NA;NA;NA;2;NA;1;NA;1;NA;1;1;NA;1;NA;2;3;2;NA;1;NA;3;NA;NA
26;"PE";2609808;"260980";"Orocó";"Não";"Região Administrativa Integrada de Desenvolvimento do Polo Petrolina/PE e Juazeiro/BA";"Ciclistas";NA;NA;NA;1;NA;NA;NA;1;NA;NA;NA;NA;NA;NA;NA;NA;NA;NA;NA;NA;NA;NA;NA;NA;NA
26;"PE";2609907;"260990";"Ouricuri";"Não";"-";"Ciclistas";2;1;NA;NA;NA;NA;NA;NA;3;NA;1;NA;1;1;NA;2;2;NA;NA;NA;NA;2;1;1;NA
26;"PE";2610004;"261000";"Palmares";"Não";"-";"Ciclistas";NA;1;NA;NA;2;NA;NA;NA;NA;NA;NA;NA;NA;1;NA;1;NA;NA;2;NA;NA;NA;NA;NA;NA
26;"PE";2610202;"261020";"Panelas";"Não";"-";"Ciclistas";NA;NA;NA;NA;NA;NA;NA;NA;NA;1;1;NA;NA;NA;NA;NA;NA;NA;NA;NA;NA;NA;NA;NA;NA
26;"PE";2610301;"261030";"Paranatama";"Não";"-";"Ciclistas";NA;NA;NA;NA;NA;NA;NA;NA;NA;NA;NA;NA;NA;NA;NA;NA;NA;NA;NA;NA;NA;NA;1;NA;NA
26;"PE";2610400;"261040";"Parnamirim";"Não";"-";"Ciclistas";NA;NA;NA;NA;NA;NA;NA;NA;NA;NA;NA;NA;NA;NA;NA;NA;NA;NA;NA;NA;NA;NA;NA;NA;NA
26;"PE";2610509;"261050";"Passira";"Não";"-";"Ciclistas";NA;NA;NA;NA;NA;NA;NA;NA;1;NA;NA;NA;1;NA;NA;NA;NA;NA;NA;2;NA;NA;NA;NA;NA
26;"PE";2610608;"261060";"Paudalho";"Não";"-";"Ciclistas";NA;NA;NA;1;NA;NA;NA;1;NA;NA;NA;NA;NA;NA;NA;NA;1;NA;NA;NA;2;NA;1;NA;NA
26;"PE";2610707;"261070";"Paulista";"Não";"Região Metropolitana de Recife";"Ciclistas";NA;NA;1;NA;NA;NA;NA;NA;1;NA;NA;NA;2;NA;NA;1;NA;3;NA;1;2;1;1;NA;NA
26;"PE";2610806;"261080";"Pedra";"Não";"-";"Ciclistas";NA;NA;NA;NA;NA;NA;NA;NA;NA;NA;NA;NA;NA;NA;NA;NA;NA;NA;1;NA;NA;NA;NA;NA;NA
26;"PE";2610905;"261090";"Pesqueira";"Não";"-";"Ciclistas";NA;NA;1;NA;NA;1;NA;1;NA;NA;NA;NA;NA;NA;NA;NA;NA;NA;NA;NA;NA;NA;NA;NA;NA
26;"PE";2611002;"261100";"Petrolândia";"Não";"-";"Ciclistas";NA;NA;NA;NA;NA;NA;NA;NA;NA;NA;NA;NA;NA;NA;NA;NA;NA;NA;1;NA;NA;1;NA;NA;NA
26;"PE";2611101;"261110";"Petrolina";"Não";"Região Administrativa Integrada de Desenvolvimento do Polo Petrolina/PE e Juazeiro/BA";"Ciclistas";4;1;5;3;NA;1;1;NA;2;9;NA;4;4;5;4;8;5;6;12;2;5;3;12;5;NA
26;"PE";2611200;"261120";"Poção";"Não";"-";"Ciclistas";NA;NA;NA;NA;NA;NA;NA;NA;NA;NA;NA;NA;NA;NA;NA;NA;NA;NA;NA;NA;NA;NA;NA;NA;NA
26;"PE";2611309;"261130";"Pombos";"Não";"-";"Ciclistas";NA;NA;NA;NA;NA;NA;NA;NA;NA;1;NA;NA;NA;NA;NA;NA;NA;NA;NA;NA;NA;NA;NA;NA;NA
26;"PE";2611408;"261140";"Primavera";"Não";"-";"Ciclistas";NA;NA;NA;NA;NA;NA;1;1;NA;NA;NA;NA;NA;NA;1;NA;NA;NA;1;NA;NA;NA;NA;NA;NA
26;"PE";2611507;"261150";"Quipapá";"Não";"-";"Ciclistas";NA;NA;NA;NA;NA;1;NA;NA;NA;NA;NA;NA;NA;NA;NA;NA;NA;NA;NA;NA;NA;NA;NA;NA;NA
26;"PE";2611606;"261160";"Recife";"Sim";"Região Metropolitana de Recife";"Ciclistas";12;15;11;8;7;12;14;13;9;11;12;10;14;3;9;24;11;20;17;25;19;15;11;28;NA
26;"PE";2611804;"261180";"Ribeirão";"Não";"-";"Ciclistas";NA;NA;NA;NA;NA;NA;NA;NA;NA;NA;NA;NA;NA;NA;NA;NA;NA;NA;NA;NA;NA;NA;NA;NA;NA
26;"PE";2611903;"261190";"Rio Formoso";"Não";"-";"Ciclistas";1;NA;NA;NA;1;NA;NA;NA;NA;NA;NA;NA;NA;NA;1;NA;NA;NA;NA;NA;NA;NA;NA;NA;NA
26;"PE";2612000;"261200";"Sairé";"Não";"-";"Ciclistas";NA;NA;NA;NA;NA;NA;NA;NA;NA;NA;NA;NA;NA;NA;NA;NA;NA;NA;NA;NA;1;NA;NA;NA;NA
26;"PE";2612208;"261220";"Salgueiro";"Não";"-";"Ciclistas";NA;1;1;NA;1;1;NA;NA;NA;NA;2;NA;NA;NA;NA;2;NA;NA;NA;1;NA;NA;1;1;NA
26;"PE";2612406;"261240";"Sanharó";"Não";"-";"Ciclistas";NA;NA;NA;1;NA;NA;NA;NA;NA;NA;NA;NA;NA;NA;NA;NA;NA;NA;NA;1;NA;NA;NA;NA;NA
26;"PE";2612455;"261245";"Santa Cruz";"Não";"-";"Ciclistas";NA;NA;NA;NA;NA;NA;NA;NA;NA;NA;NA;NA;NA;1;NA;1;NA;NA;1;NA;1;NA;NA;NA;NA
26;"PE";2612505;"261250";"Santa Cruz do Capibaribe";"Não";"-";"Ciclistas";NA;1;NA;NA;2;NA;1;NA;2;NA;1;NA;NA;NA;NA;NA;NA;NA;2;NA;NA;NA;NA;1;NA
26;"PE";2612554;"261255";"Santa Filomena";"Não";"-";"Ciclistas";NA;NA;NA;NA;NA;NA;NA;NA;NA;NA;NA;NA;NA;NA;NA;NA;NA;NA;NA;NA;NA;NA;NA;NA;NA
26;"PE";2612604;"261260";"Santa Maria da Boa Vista";"Não";"Região Administrativa Integrada de Desenvolvimento do Polo Petrolina/PE e Juazeiro/BA";"Ciclistas";NA;1;NA;2;NA;NA;NA;1;NA;NA;NA;NA;NA;NA;NA;NA;NA;NA;NA;NA;NA;NA;1;NA;NA
26;"PE";2612901;"261290";"São Benedito do Sul";"Não";"-";"Ciclistas";NA;NA;NA;NA;NA;NA;NA;NA;NA;NA;NA;NA;NA;NA;NA;NA;NA;NA;NA;NA;NA;NA;NA;NA;NA
26;"PE";2613008;"261300";"São Bento do Una";"Não";"-";"Ciclistas";NA;NA;NA;NA;NA;NA;NA;1;NA;1;NA;NA;1;NA;NA;NA;NA;NA;1;1;NA;NA;NA;1;NA
26;"PE";2613107;"261310";"São Caitano";"Não";"-";"Ciclistas";NA;NA;NA;1;3;NA;NA;1;NA;2;NA;NA;NA;NA;NA;NA;NA;NA;NA;NA;NA;NA;1;NA;NA
26;"PE";2613206;"261320";"São João";"Não";"-";"Ciclistas";NA;NA;NA;NA;NA;NA;NA;NA;NA;NA;1;NA;NA;NA;NA;1;NA;NA;NA;NA;NA;1;NA;NA;NA
26;"PE";2613305;"261330";"São Joaquim do Monte";"Não";"-";"Ciclistas";NA;NA;NA;NA;NA;NA;NA;NA;NA;NA;NA;NA;NA;NA;NA;NA;NA;NA;NA;NA;NA;NA;NA;NA;NA
26;"PE";2613404;"261340";"São José da Coroa Grande";"Não";"-";"Ciclistas";NA;NA;NA;NA;NA;NA;1;NA;NA;NA;NA;NA;NA;NA;NA;NA;NA;NA;1;NA;NA;NA;NA;1;NA
26;"PE";2613503;"261350";"São José do Belmonte";"Não";"-";"Ciclistas";NA;NA;NA;NA;NA;NA;1;NA;NA;NA;NA;NA;NA;NA;NA;NA;NA;NA;NA;NA;NA;NA;NA;NA;NA
26;"PE";2613602;"261360";"São José do Egito";"Não";"-";"Ciclistas";NA;NA;NA;NA;1;NA;NA;1;NA;NA;NA;NA;NA;NA;2;NA;NA;1;NA;NA;NA;NA;NA;NA;NA
26;"PE";2613701;"261370";"São Lourenço da Mata";"Não";"Região Metropolitana de Recife";"Ciclistas";NA;NA;NA;NA;NA;NA;NA;NA;NA;NA;NA;NA;1;NA;NA;1;NA;1;NA;1;NA;NA;NA;NA;NA
26;"PE";2613800;"261380";"São Vicente Férrer";"Não";"-";"Ciclistas";1;NA;NA;NA;NA;NA;NA;NA;NA;NA;NA;NA;NA;NA;NA;NA;NA;NA;NA;NA;NA;NA;NA;NA;NA
26;"PE";2613909;"261390";"Serra Talhada";"Não";"-";"Ciclistas";NA;NA;NA;1;NA;NA;NA;NA;NA;NA;NA;NA;NA;NA;1;NA;NA;1;1;NA;NA;NA;1;NA;NA
26;"PE";2614006;"261400";"Serrita";"Não";"-";"Ciclistas";NA;NA;1;NA;NA;NA;1;NA;NA;NA;NA;NA;NA;NA;NA;NA;1;NA;NA;NA;NA;NA;NA;NA;NA
26;"PE";2614105;"261410";"Sertânia";"Não";"-";"Ciclistas";NA;NA;1;2;NA;NA;1;NA;NA;NA;NA;2;NA;NA;1;NA;NA;NA;NA;1;NA;NA;NA;NA;NA
26;"PE";2614204;"261420";"Sirinhaém";"Não";"-";"Ciclistas";NA;NA;NA;NA;NA;NA;NA;NA;NA;NA;NA;NA;NA;NA;NA;NA;NA;NA;NA;NA;NA;1;NA;NA;NA
26;"PE";2614303;"261430";"Moreilândia";"Não";"-";"Ciclistas";NA;NA;NA;NA;NA;NA;NA;NA;NA;NA;NA;NA;NA;NA;NA;NA;NA;NA;NA;NA;NA;NA;NA;NA;NA
26;"PE";2614402;"261440";"Solidão";"Não";"-";"Ciclistas";NA;NA;NA;NA;NA;NA;NA;NA;NA;NA;NA;NA;NA;NA;NA;NA;NA;NA;NA;NA;NA;NA;NA;NA;NA
26;"PE";2614501;"261450";"Surubim";"Não";"-";"Ciclistas";NA;NA;NA;NA;NA;NA;NA;NA;1;NA;NA;NA;NA;NA;NA;NA;NA;NA;NA;NA;NA;NA;NA;NA;NA
26;"PE";2614600;"261460";"Tabira";"Não";"-";"Ciclistas";NA;NA;NA;NA;NA;NA;NA;NA;NA;NA;NA;NA;1;NA;NA;NA;NA;NA;NA;NA;NA;1;NA;NA;NA
26;"PE";2614709;"261470";"Tacaimbó";"Não";"-";"Ciclistas";NA;NA;NA;NA;NA;NA;NA;1;NA;NA;NA;NA;NA;NA;NA;NA;NA;NA;NA;NA;NA;NA;NA;NA;NA
26;"PE";2614808;"261480";"Tacaratu";"Não";"-";"Ciclistas";NA;NA;NA;NA;NA;NA;NA;NA;1;NA;NA;NA;NA;NA;NA;NA;NA;NA;NA;NA;NA;NA;NA;NA;NA
26;"PE";2614857;"261485";"Tamandaré";"Não";"-";"Ciclistas";NA;NA;NA;1;NA;2;1;NA;NA;NA;NA;NA;NA;NA;NA;NA;NA;NA;NA;NA;NA;NA;NA;NA;NA
26;"PE";2615102;"261510";"Terezinha";"Não";"-";"Ciclistas";NA;NA;NA;NA;NA;NA;NA;NA;NA;NA;NA;NA;NA;NA;1;NA;NA;1;NA;NA;NA;NA;NA;NA;NA
26;"PE";2615300;"261530";"Timbaúba";"Não";"-";"Ciclistas";NA;1;NA;NA;NA;NA;NA;NA;NA;1;NA;1;NA;1;NA;NA;1;NA;NA;NA;NA;NA;NA;NA;NA
26;"PE";2615409;"261540";"Toritama";"Não";"-";"Ciclistas";1;NA;NA;NA;NA;NA;NA;NA;NA;NA;NA;NA;NA;NA;NA;NA;NA;NA;NA;NA;2;NA;NA;NA;NA
26;"PE";2615508;"261550";"Tracunhaém";"Não";"-";"Ciclistas";NA;NA;NA;NA;NA;NA;NA;NA;NA;NA;NA;NA;NA;NA;NA;NA;1;NA;NA;NA;NA;NA;NA;NA;NA
26;"PE";2615607;"261560";"Trindade";"Não";"-";"Ciclistas";NA;NA;NA;NA;NA;NA;NA;1;1;NA;NA;1;1;NA;NA;NA;2;NA;NA;2;1;1;NA;NA;NA
26;"PE";2615706;"261570";"Triunfo";"Não";"-";"Ciclistas";NA;NA;NA;NA;NA;NA;NA;NA;NA;NA;NA;NA;NA;NA;1;NA;NA;NA;NA;NA;NA;NA;NA;NA;NA
26;"PE";2615904;"261590";"Tuparetama";"Não";"-";"Ciclistas";NA;NA;NA;NA;NA;NA;1;NA;NA;NA;NA;NA;NA;NA;1;NA;NA;NA;NA;NA;NA;NA;NA;NA;NA
26;"PE";2616001;"261600";"Venturosa";"Não";"-";"Ciclistas";NA;NA;NA;NA;NA;NA;NA;NA;NA;NA;NA;NA;NA;NA;NA;NA;NA;NA;NA;NA;NA;NA;1;NA;NA
26;"PE";2616100;"261610";"Verdejante";"Não";"-";"Ciclistas";NA;NA;NA;NA;NA;NA;NA;NA;NA;NA;NA;NA;NA;NA;NA;NA;NA;NA;NA;NA;NA;NA;NA;NA;NA
26;"PE";2616209;"261620";"Vertentes";"Não";"-";"Ciclistas";NA;NA;NA;NA;NA;NA;NA;NA;NA;NA;1;NA;NA;NA;NA;NA;NA;NA;1;NA;NA;NA;NA;NA;NA
26;"PE";2616308;"261630";"Vicência";"Não";"-";"Ciclistas";NA;NA;NA;NA;NA;NA;1;NA;NA;NA;1;NA;NA;NA;NA;NA;NA;NA;NA;NA;NA;NA;NA;NA;NA
26;"PE";2616407;"261640";"Vitória de Santo Antão";"Não";"-";"Ciclistas";NA;NA;NA;NA;NA;NA;1;1;NA;NA;NA;NA;1;NA;NA;NA;NA;NA;NA;NA;NA;NA;1;NA;NA
26;"PE";2616506;"261650";"Xexéu";"Não";"-";"Ciclistas";NA;NA;NA;NA;NA;NA;NA;NA;NA;1;NA;NA;NA;NA;NA;NA;NA;NA;NA;NA;NA;NA;NA;NA;NA
27;"AL";2700201;"270020";"Anadia";"Não";"-";"Ciclistas";NA;NA;NA;NA;NA;NA;NA;NA;NA;NA;NA;NA;NA;NA;NA;NA;NA;1;NA;NA;NA;NA;NA;NA;NA
27;"AL";2700300;"270030";"Arapiraca";"Não";"Região Metropolitana do Agreste";"Ciclistas";NA;NA;NA;NA;2;2;3;2;4;5;4;5;3;1;1;NA;5;2;10;4;7;5;3;4;NA
27;"AL";2700409;"270040";"Atalaia";"Não";"Região Metropolitana do Vale do Paraíba";"Ciclistas";NA;NA;NA;NA;NA;NA;NA;NA;NA;1;NA;NA;NA;NA;NA;NA;NA;NA;NA;NA;NA;NA;NA;NA;NA
27;"AL";2700805;"270080";"Belém";"Não";"Região Metropolitana do Agreste";"Ciclistas";NA;NA;NA;NA;NA;NA;NA;NA;NA;NA;NA;NA;NA;NA;NA;NA;NA;1;NA;NA;NA;NA;NA;NA;NA
27;"AL";2701001;"270100";"Boca da Mata";"Não";"Região Metropolitana do Vale do Paraíba";"Ciclistas";NA;NA;NA;NA;NA;NA;NA;NA;NA;NA;NA;1;NA;NA;NA;NA;NA;NA;NA;NA;NA;NA;NA;NA;NA
27;"AL";2701209;"270120";"Cacimbinhas";"Não";"Região Metropolitana de Palmeira dos Índios";"Ciclistas";NA;NA;NA;NA;NA;NA;NA;NA;NA;NA;NA;NA;NA;NA;NA;NA;NA;NA;NA;NA;NA;NA;NA;NA;NA
27;"AL";2701308;"270130";"Cajueiro";"Não";"Região Metropolitana do Vale do Paraíba";"Ciclistas";NA;NA;NA;NA;1;NA;NA;NA;NA;NA;NA;NA;NA;NA;NA;NA;NA;NA;NA;NA;NA;NA;NA;NA;NA
27;"AL";2701407;"270140";"Campo Alegre";"Não";"-";"Ciclistas";NA;NA;NA;1;NA;NA;NA;NA;NA;NA;NA;NA;NA;NA;NA;NA;NA;1;NA;NA;NA;NA;NA;NA;NA
27;"AL";2701506;"270150";"Campo Grande";"Não";"Região Metropolitana do Agreste";"Ciclistas";NA;NA;NA;NA;NA;NA;NA;NA;NA;NA;NA;NA;NA;NA;NA;NA;NA;NA;NA;NA;NA;NA;NA;NA;NA
27;"AL";2702207;"270220";"Coqueiro Seco";"Não";"Região Metropolitana de Maceió";"Ciclistas";NA;NA;NA;NA;NA;NA;NA;NA;NA;NA;NA;NA;NA;NA;NA;NA;NA;NA;NA;NA;NA;NA;1;NA;NA
27;"AL";2702306;"270230";"Coruripe";"Não";"Região Metropolitana de Caetés";"Ciclistas";NA;NA;NA;NA;NA;NA;NA;NA;1;NA;NA;NA;NA;NA;NA;NA;1;NA;NA;NA;1;NA;NA;1;NA
27;"AL";2702405;"270240";"Delmiro Gouveia";"Não";"Região Metropolitana do Sertão";"Ciclistas";NA;NA;NA;NA;NA;NA;NA;NA;NA;NA;NA;NA;NA;NA;NA;1;NA;NA;NA;NA;NA;NA;NA;NA;NA
27;"AL";2702504;"270250";"Dois Riachos";"Não";"Região Metropolitana do Médio Sertão";"Ciclistas";NA;NA;1;NA;NA;NA;NA;NA;NA;NA;NA;NA;NA;NA;NA;NA;NA;NA;NA;NA;NA;NA;NA;NA;NA
27;"AL";2702553;"270255";"Estrela de Alagoas";"Não";"Região Metropolitana do Agreste";"Ciclistas";NA;NA;NA;NA;NA;NA;NA;NA;NA;NA;NA;NA;NA;1;NA;NA;NA;NA;NA;NA;NA;NA;NA;NA;NA
27;"AL";2702603;"270260";"Feira Grande";"Não";"Região Metropolitana do Agreste";"Ciclistas";NA;1;NA;NA;NA;NA;NA;NA;NA;NA;NA;NA;NA;NA;NA;NA;NA;NA;1;NA;NA;NA;NA;NA;NA
27;"AL";2702900;"270290";"Girau do Ponciano";"Não";"Região Metropolitana do Agreste";"Ciclistas";NA;NA;NA;NA;NA;NA;NA;NA;NA;NA;NA;NA;NA;NA;NA;NA;NA;1;NA;NA;NA;NA;NA;NA;NA
27;"AL";2703106;"270310";"Igaci";"Não";"Região Metropolitana do Agreste";"Ciclistas";NA;NA;NA;NA;NA;NA;NA;NA;NA;NA;NA;NA;NA;NA;NA;NA;NA;NA;NA;NA;1;NA;NA;NA;NA
27;"AL";2703205;"270320";"Igreja Nova";"Não";"Região Metropolitana do São Francisco";"Ciclistas";NA;NA;NA;NA;NA;NA;NA;2;NA;NA;NA;NA;NA;NA;NA;NA;NA;NA;NA;NA;NA;NA;NA;NA;NA
27;"AL";2704005;"270400";"Junqueiro";"Não";"-";"Ciclistas";NA;NA;NA;NA;NA;NA;NA;NA;NA;NA;NA;NA;NA;NA;NA;NA;NA;NA;NA;NA;NA;1;NA;NA;NA
27;"AL";2704104;"270410";"Lagoa da Canoa";"Não";"Região Metropolitana do Agreste";"Ciclistas";NA;NA;NA;NA;NA;NA;NA;NA;NA;NA;NA;NA;NA;NA;NA;NA;NA;NA;NA;NA;1;NA;NA;NA;NA
27;"AL";2704302;"270430";"Maceió";"Sim";"Região Metropolitana de Maceió";"Ciclistas";2;2;3;3;4;4;6;NA;3;4;3;4;NA;NA;1;2;2;10;5;4;14;3;5;9;NA
27;"AL";2704401;"270440";"Major Isidoro";"Não";"Região Metropolitana de Palmeira dos Índios";"Ciclistas";NA;NA;NA;NA;NA;NA;NA;NA;NA;NA;NA;NA;NA;NA;NA;NA;NA;NA;NA;NA;NA;NA;NA;NA;NA
27;"AL";2704708;"270470";"Marechal Deodoro";"Não";"Região Metropolitana de Maceió";"Ciclistas";NA;NA;NA;NA;NA;NA;NA;NA;NA;NA;NA;NA;NA;NA;NA;NA;NA;NA;NA;NA;1;1;1;NA;NA
27;"AL";2704807;"270480";"Maribondo";"Não";"Região Metropolitana do Vale do Paraíba";"Ciclistas";NA;NA;NA;NA;NA;NA;NA;NA;NA;NA;NA;NA;NA;NA;NA;NA;NA;NA;NA;NA;NA;NA;1;NA;NA
27;"AL";2705101;"270510";"Matriz de Camaragibe";"Não";"Região Metropolitana da Zona da Mata";"Ciclistas";NA;NA;NA;NA;NA;NA;NA;NA;NA;NA;NA;NA;1;NA;NA;NA;NA;NA;NA;NA;1;NA;NA;NA;NA
27;"AL";2705200;"270520";"Messias";"Não";"Região Metropolitana de Maceió";"Ciclistas";NA;NA;NA;NA;NA;NA;NA;NA;NA;NA;NA;NA;NA;NA;NA;NA;NA;NA;NA;NA;NA;NA;NA;NA;NA
27;"AL";2705408;"270540";"Monteirópolis";"Não";"-";"Ciclistas";NA;NA;1;NA;NA;NA;NA;NA;NA;NA;NA;NA;NA;NA;NA;NA;NA;NA;NA;NA;NA;NA;NA;NA;NA
27;"AL";2705507;"270550";"Murici";"Não";"Região Metropolitana de Maceió";"Ciclistas";NA;NA;NA;NA;NA;NA;NA;NA;NA;NA;NA;NA;NA;NA;NA;NA;NA;NA;NA;NA;NA;NA;NA;NA;NA
27;"AL";2705705;"270570";"Olho d'Água das Flores";"Não";"Região Metropolitana do Médio Sertão";"Ciclistas";NA;NA;NA;NA;NA;NA;NA;NA;NA;NA;NA;NA;NA;NA;NA;NA;NA;NA;NA;NA;NA;NA;NA;NA;NA
27;"AL";2705804;"270580";"Olho d'Água do Casado";"Não";"Região Metropolitana do Sertão";"Ciclistas";1;NA;NA;NA;NA;NA;NA;NA;1;NA;NA;NA;NA;NA;NA;NA;NA;NA;NA;NA;NA;NA;NA;NA;NA
27;"AL";2706307;"270630";"Palmeira dos Índios";"Não";"Região Metropolitana do Agreste";"Ciclistas";NA;NA;NA;NA;NA;NA;NA;NA;NA;NA;1;NA;NA;NA;NA;NA;NA;NA;NA;1;NA;NA;NA;NA;NA
27;"AL";2706448;"270644";"Paripueira";"Não";"Região Metropolitana de Maceió";"Ciclistas";NA;NA;NA;NA;NA;NA;NA;NA;NA;NA;NA;NA;NA;NA;NA;NA;NA;NA;NA;NA;1;NA;NA;1;NA
27;"AL";2706505;"270650";"Passo de Camaragibe";"Não";"-";"Ciclistas";NA;NA;NA;NA;NA;NA;NA;NA;NA;NA;NA;NA;NA;NA;NA;NA;NA;NA;NA;NA;NA;1;NA;NA;NA
27;"AL";2706703;"270670";"Penedo";"Não";"Região Metropolitana do São Francisco";"Ciclistas";NA;NA;NA;NA;NA;NA;NA;NA;NA;NA;1;NA;NA;NA;NA;NA;NA;NA;NA;NA;NA;NA;NA;2;NA
27;"AL";2706901;"270690";"Pilar";"Não";"Região Metropolitana de Maceió";"Ciclistas";NA;NA;NA;NA;NA;NA;NA;NA;1;NA;NA;NA;NA;NA;NA;NA;NA;1;NA;NA;1;NA;1;1;NA
27;"AL";2707107;"270710";"Piranhas";"Não";"Região Metropolitana do Sertão";"Ciclistas";NA;NA;NA;NA;NA;NA;NA;NA;NA;NA;NA;NA;NA;NA;NA;NA;NA;NA;NA;NA;NA;NA;1;NA;NA
27;"AL";2707206;"270720";"Poço das Trincheiras";"Não";"Região Metropolitana do Médio Sertão";"Ciclistas";NA;NA;NA;NA;NA;NA;NA;NA;NA;NA;NA;NA;NA;NA;NA;NA;NA;NA;NA;NA;NA;NA;1;NA;NA
27;"AL";2707305;"270730";"Porto Calvo";"Não";"Região Metropolitana da Zona da Mata";"Ciclistas";NA;NA;NA;NA;NA;NA;NA;NA;NA;NA;NA;NA;NA;NA;NA;NA;NA;NA;NA;NA;NA;NA;1;NA;NA
27;"AL";2707701;"270770";"Rio Largo";"Não";"Região Metropolitana de Maceió";"Ciclistas";NA;NA;NA;NA;NA;NA;NA;NA;NA;NA;NA;NA;NA;NA;NA;NA;NA;NA;NA;NA;NA;1;NA;NA;NA
27;"AL";2707800;"270780";"Roteiro";"Não";"-";"Ciclistas";NA;NA;NA;NA;NA;NA;NA;NA;NA;NA;NA;NA;NA;NA;NA;NA;NA;1;NA;NA;NA;NA;NA;NA;NA
27;"AL";2708006;"270800";"Santana do Ipanema";"Não";"Região Metropolitana do Médio Sertão";"Ciclistas";NA;NA;1;NA;NA;NA;NA;NA;NA;NA;NA;2;NA;NA;NA;NA;NA;NA;NA;1;1;NA;NA;1;NA
27;"AL";2708402;"270840";"São José da Tapera";"Não";"-";"Ciclistas";NA;NA;1;NA;NA;NA;NA;NA;NA;NA;NA;NA;NA;NA;NA;NA;NA;NA;NA;NA;NA;NA;NA;NA;NA
27;"AL";2708600;"270860";"São Miguel dos Campos";"Não";"Região Metropolitana de Caetés";"Ciclistas";NA;NA;NA;NA;NA;NA;NA;1;NA;NA;NA;NA;NA;NA;NA;NA;NA;NA;2;1;2;NA;NA;NA;NA
27;"AL";2708808;"270880";"São Sebastião";"Não";"Região Metropolitana do Agreste";"Ciclistas";NA;NA;NA;NA;NA;NA;NA;NA;NA;NA;NA;NA;NA;NA;NA;NA;NA;1;NA;NA;NA;NA;NA;NA;NA
27;"AL";2708907;"270890";"Satuba";"Não";"Região Metropolitana de Maceió";"Ciclistas";NA;NA;NA;NA;NA;NA;NA;NA;NA;NA;1;NA;NA;NA;NA;NA;NA;1;NA;NA;NA;NA;NA;NA;NA
27;"AL";2709152;"270915";"Teotônio Vilela";"Não";"-";"Ciclistas";NA;NA;NA;1;NA;NA;NA;NA;NA;NA;NA;NA;NA;NA;NA;NA;NA;NA;2;2;1;1;1;NA;NA
27;"AL";2709400;"270940";"Viçosa";"Não";"Região Metropolitana do Vale do Paraíba";"Ciclistas";NA;NA;NA;NA;NA;NA;NA;NA;NA;NA;1;NA;NA;NA;NA;NA;NA;NA;NA;NA;NA;NA;NA;NA;NA
28;"SE";2800209;"280020";"Aquidabã";"Não";"-";"Ciclistas";NA;NA;NA;1;NA;NA;NA;NA;NA;NA;NA;NA;NA;NA;NA;NA;NA;NA;NA;1;NA;NA;NA;NA;NA
28;"SE";2800308;"280030";"Aracaju";"Sim";"Região Metropolitana de Aracaju";"Ciclistas";1;6;5;4;4;11;5;12;12;13;19;8;9;7;6;11;13;14;9;17;10;15;11;13;NA
28;"SE";2800407;"280040";"Arauá";"Não";"-";"Ciclistas";NA;NA;NA;1;NA;NA;NA;NA;NA;NA;NA;NA;NA;NA;NA;NA;NA;NA;NA;NA;NA;NA;NA;NA;NA
28;"SE";2800506;"280050";"Areia Branca";"Não";"-";"Ciclistas";NA;NA;NA;NA;NA;NA;NA;NA;NA;NA;NA;NA;1;NA;NA;NA;NA;NA;NA;NA;NA;NA;1;NA;NA
28;"SE";2800605;"280060";"Barra dos Coqueiros";"Não";"Região Metropolitana de Aracaju";"Ciclistas";NA;NA;NA;NA;NA;NA;NA;NA;1;NA;1;NA;NA;1;NA;NA;NA;NA;NA;NA;NA;NA;NA;NA;NA
28;"SE";2800670;"280067";"Boquim";"Não";"-";"Ciclistas";NA;NA;NA;1;NA;NA;NA;1;NA;1;NA;NA;NA;NA;NA;NA;NA;NA;NA;NA;NA;NA;NA;NA;NA
28;"SE";2800704;"280070";"Brejo Grande";"Não";"-";"Ciclistas";NA;NA;NA;NA;NA;NA;NA;NA;NA;NA;NA;NA;NA;NA;NA;NA;1;NA;NA;NA;NA;NA;1;NA;NA
28;"SE";2801009;"280100";"Campo do Brito";"Não";"-";"Ciclistas";NA;NA;NA;NA;NA;NA;NA;NA;NA;NA;NA;NA;NA;NA;NA;NA;NA;1;NA;NA;NA;NA;NA;NA;NA
28;"SE";2801207;"280120";"Canindé de São Francisco";"Não";"-";"Ciclistas";NA;NA;NA;NA;NA;1;NA;NA;NA;NA;NA;1;NA;NA;NA;NA;NA;NA;NA;NA;NA;NA;NA;NA;NA
28;"SE";2801306;"280130";"Capela";"Não";"-";"Ciclistas";NA;NA;NA;1;NA;1;NA;NA;NA;NA;NA;NA;NA;NA;NA;NA;NA;NA;NA;NA;NA;NA;1;NA;NA
28;"SE";2801504;"280150";"Carmópolis";"Não";"-";"Ciclistas";NA;NA;NA;NA;NA;NA;NA;1;NA;NA;NA;NA;NA;NA;NA;NA;NA;1;NA;NA;NA;NA;NA;NA;NA
28;"SE";2801603;"280160";"Cedro de São João";"Não";"-";"Ciclistas";NA;NA;NA;NA;NA;NA;NA;NA;NA;NA;NA;NA;NA;NA;NA;1;NA;NA;NA;NA;NA;NA;NA;NA;NA
28;"SE";2801702;"280170";"Cristinápolis";"Não";"-";"Ciclistas";NA;NA;NA;NA;NA;NA;NA;NA;NA;NA;NA;NA;1;NA;NA;1;NA;NA;NA;NA;NA;NA;NA;NA;NA
28;"SE";2802106;"280210";"Estância";"Não";"-";"Ciclistas";NA;NA;NA;NA;NA;NA;NA;1;NA;NA;NA;1;NA;NA;2;NA;NA;NA;1;NA;NA;1;NA;NA;NA
28;"SE";2802205;"280220";"Feira Nova";"Não";"-";"Ciclistas";NA;NA;NA;1;NA;NA;NA;NA;NA;NA;NA;NA;NA;NA;NA;NA;NA;NA;NA;NA;NA;NA;NA;NA;NA
28;"SE";2802304;"280230";"Frei Paulo";"Não";"-";"Ciclistas";NA;NA;NA;NA;NA;NA;NA;NA;NA;NA;NA;NA;NA;NA;NA;NA;NA;1;NA;NA;NA;NA;NA;NA;NA
28;"SE";2802403;"280240";"Gararu";"Não";"-";"Ciclistas";NA;NA;NA;NA;NA;NA;1;NA;NA;NA;NA;NA;NA;NA;NA;NA;NA;NA;NA;NA;NA;NA;NA;NA;NA
28;"SE";2802601;"280260";"Gracho Cardoso";"Não";"-";"Ciclistas";NA;NA;NA;NA;NA;NA;NA;NA;NA;NA;NA;NA;NA;NA;NA;NA;NA;NA;NA;NA;NA;NA;NA;NA;NA
28;"SE";2802809;"280280";"Indiaroba";"Não";"-";"Ciclistas";NA;NA;NA;NA;NA;NA;NA;NA;NA;NA;NA;NA;1;NA;NA;NA;NA;NA;NA;NA;NA;NA;NA;NA;NA
28;"SE";2802908;"280290";"Itabaiana";"Não";"-";"Ciclistas";1;NA;NA;NA;NA;NA;NA;NA;NA;NA;NA;NA;NA;NA;NA;NA;NA;NA;2;1;NA;NA;NA;1;NA
28;"SE";2803203;"280320";"Itaporanga d'Ajuda";"Não";"-";"Ciclistas";NA;NA;NA;NA;NA;NA;NA;NA;NA;1;1;NA;NA;NA;NA;3;2;NA;1;NA;NA;NA;NA;1;NA
28;"SE";2803302;"280330";"Japaratuba";"Não";"-";"Ciclistas";NA;NA;NA;NA;NA;NA;NA;NA;NA;NA;NA;NA;1;NA;NA;1;NA;NA;NA;NA;NA;NA;1;NA;NA
28;"SE";2803401;"280340";"Japoatã";"Não";"-";"Ciclistas";NA;NA;NA;NA;NA;NA;NA;NA;NA;NA;NA;NA;NA;NA;NA;NA;1;NA;NA;NA;NA;NA;NA;NA;NA
28;"SE";2803500;"280350";"Lagarto";"Não";"-";"Ciclistas";NA;NA;NA;1;NA;NA;NA;NA;2;NA;2;NA;NA;NA;NA;2;2;NA;NA;NA;NA;NA;NA;NA;NA
28;"SE";2803609;"280360";"Laranjeiras";"Não";"-";"Ciclistas";NA;NA;NA;NA;NA;NA;NA;1;NA;NA;NA;NA;NA;NA;NA;NA;NA;NA;1;NA;NA;NA;NA;NA;NA
28;"SE";2803807;"280380";"Malhada dos Bois";"Não";"-";"Ciclistas";NA;NA;NA;NA;NA;NA;NA;NA;NA;NA;NA;NA;NA;NA;NA;NA;NA;NA;NA;NA;NA;NA;NA;NA;NA
28;"SE";2804003;"280400";"Maruim";"Não";"-";"Ciclistas";NA;NA;NA;NA;NA;NA;NA;NA;NA;NA;1;NA;NA;NA;NA;NA;1;NA;NA;NA;NA;NA;NA;NA;NA
28;"SE";2804201;"280420";"Monte Alegre de Sergipe";"Não";"-";"Ciclistas";NA;NA;NA;NA;NA;NA;NA;NA;NA;NA;NA;NA;NA;NA;NA;NA;NA;NA;NA;NA;NA;NA;NA;NA;NA
28;"SE";2804300;"280430";"Muribeca";"Não";"-";"Ciclistas";NA;NA;NA;NA;NA;NA;NA;NA;NA;NA;NA;NA;NA;NA;NA;NA;NA;NA;NA;NA;NA;NA;NA;NA;NA
28;"SE";2804409;"280440";"Neópolis";"Não";"-";"Ciclistas";NA;NA;NA;NA;NA;NA;NA;NA;NA;NA;2;NA;NA;NA;NA;NA;NA;NA;NA;NA;1;NA;1;NA;NA
28;"SE";2804458;"280445";"Nossa Senhora Aparecida";"Não";"-";"Ciclistas";NA;NA;NA;NA;NA;NA;NA;NA;NA;NA;NA;NA;NA;NA;NA;NA;NA;1;NA;NA;NA;1;1;NA;NA
28;"SE";2804508;"280450";"Nossa Senhora da Glória";"Não";"-";"Ciclistas";NA;NA;NA;NA;NA;NA;NA;NA;NA;NA;1;NA;NA;NA;NA;NA;1;NA;NA;NA;NA;NA;NA;NA;NA
28;"SE";2804607;"280460";"Nossa Senhora das Dores";"Não";"-";"Ciclistas";NA;NA;NA;NA;NA;NA;NA;NA;NA;NA;NA;NA;1;NA;1;NA;NA;NA;NA;NA;NA;NA;NA;NA;NA
28;"SE";2804805;"280480";"Nossa Senhora do Socorro";"Não";"Região Metropolitana de Aracaju";"Ciclistas";NA;NA;NA;NA;NA;NA;NA;2;1;1;NA;1;3;2;NA;1;NA;NA;NA;1;NA;NA;1;NA;NA
28;"SE";2805109;"280510";"Pedrinhas";"Não";"-";"Ciclistas";NA;NA;NA;NA;NA;NA;NA;NA;NA;NA;NA;NA;NA;NA;1;NA;NA;NA;NA;NA;NA;NA;NA;NA;NA
28;"SE";2805307;"280530";"Pirambu";"Não";"-";"Ciclistas";NA;NA;NA;NA;NA;NA;NA;NA;NA;NA;NA;NA;NA;NA;NA;NA;NA;NA;1;NA;NA;NA;NA;NA;NA
28;"SE";2805406;"280540";"Poço Redondo";"Não";"-";"Ciclistas";NA;NA;1;NA;NA;NA;NA;NA;NA;NA;NA;NA;NA;NA;NA;1;NA;NA;1;NA;NA;1;1;NA;NA
28;"SE";2805505;"280550";"Poço Verde";"Não";"-";"Ciclistas";1;NA;NA;NA;NA;NA;NA;NA;NA;NA;NA;NA;NA;1;NA;NA;NA;NA;NA;NA;NA;NA;NA;NA;NA
28;"SE";2805604;"280560";"Porto da Folha";"Não";"-";"Ciclistas";NA;NA;NA;NA;NA;NA;NA;NA;NA;NA;NA;NA;NA;NA;NA;NA;NA;1;NA;NA;NA;NA;NA;NA;NA
28;"SE";2805703;"280570";"Propriá";"Não";"-";"Ciclistas";NA;NA;NA;NA;NA;NA;NA;NA;NA;NA;NA;NA;NA;NA;NA;1;NA;NA;NA;NA;NA;NA;NA;NA;NA
28;"SE";2805802;"280580";"Riachão do Dantas";"Não";"-";"Ciclistas";NA;NA;NA;NA;NA;NA;NA;NA;NA;NA;NA;NA;1;NA;NA;NA;NA;NA;NA;NA;NA;NA;NA;NA;NA
28;"SE";2805901;"280590";"Riachuelo";"Não";"-";"Ciclistas";NA;NA;NA;NA;NA;NA;NA;NA;NA;NA;NA;NA;NA;1;NA;NA;NA;NA;NA;NA;NA;NA;NA;NA;NA
28;"SE";2806008;"280600";"Ribeirópolis";"Não";"-";"Ciclistas";NA;NA;NA;NA;NA;NA;NA;NA;NA;NA;NA;NA;1;NA;NA;NA;NA;NA;NA;1;NA;NA;NA;NA;NA
28;"SE";2806206;"280620";"Salgado";"Não";"-";"Ciclistas";NA;NA;NA;NA;NA;NA;1;NA;NA;NA;NA;NA;NA;NA;NA;NA;NA;NA;NA;NA;NA;NA;NA;NA;NA
28;"SE";2806305;"280630";"Santa Luzia do Itanhy";"Não";"-";"Ciclistas";NA;NA;NA;NA;NA;NA;NA;NA;NA;NA;NA;NA;NA;1;NA;NA;NA;NA;NA;NA;NA;NA;2;NA;NA
28;"SE";2806701;"280670";"São Cristóvão";"Não";"Região Metropolitana de Aracaju";"Ciclistas";NA;NA;NA;NA;NA;NA;NA;NA;NA;NA;NA;NA;NA;NA;NA;NA;1;NA;NA;NA;NA;NA;NA;NA;NA
28;"SE";2807105;"280710";"Simão Dias";"Não";"-";"Ciclistas";NA;NA;1;NA;NA;NA;NA;NA;NA;NA;NA;NA;NA;NA;1;NA;NA;NA;NA;NA;NA;NA;1;NA;NA
28;"SE";2807204;"280720";"Siriri";"Não";"-";"Ciclistas";NA;NA;NA;NA;NA;NA;NA;NA;1;NA;NA;NA;NA;NA;NA;NA;NA;NA;NA;NA;NA;NA;NA;NA;NA
28;"SE";2807402;"280740";"Tobias Barreto";"Não";"-";"Ciclistas";NA;NA;NA;NA;NA;NA;NA;1;NA;NA;NA;1;NA;NA;2;NA;1;1;NA;NA;NA;1;NA;1;NA
28;"SE";2807501;"280750";"Tomar do Geru";"Não";"-";"Ciclistas";NA;NA;NA;NA;NA;NA;NA;NA;NA;NA;NA;NA;NA;NA;NA;1;NA;NA;NA;NA;NA;NA;NA;NA;NA
28;"SE";2807600;"280760";"Umbaúba";"Não";"-";"Ciclistas";NA;NA;NA;NA;NA;NA;NA;NA;NA;NA;1;NA;2;NA;NA;1;NA;NA;NA;NA;NA;NA;NA;NA;NA
29;"BA";2900207;"290020";"Abaré";"Não";"-";"Ciclistas";NA;NA;NA;NA;NA;NA;NA;NA;NA;NA;NA;NA;NA;NA;NA;NA;NA;NA;NA;NA;NA;1;1;NA;NA
29;"BA";2900355;"290035";"Adustina";"Não";"-";"Ciclistas";NA;NA;NA;NA;NA;NA;NA;NA;NA;NA;NA;NA;NA;NA;NA;NA;NA;NA;NA;2;NA;NA;NA;1;NA
29;"BA";2900702;"290070";"Alagoinhas";"Não";"-";"Ciclistas";NA;NA;NA;NA;NA;NA;NA;NA;NA;2;1;1;NA;NA;NA;1;NA;NA;NA;1;NA;NA;NA;1;NA
29;"BA";2900801;"290080";"Alcobaça";"Não";"-";"Ciclistas";NA;NA;NA;NA;NA;NA;NA;NA;NA;NA;NA;NA;NA;NA;NA;NA;NA;1;NA;NA;NA;NA;NA;1;NA
29;"BA";2901007;"290100";"Amargosa";"Não";"-";"Ciclistas";1;NA;NA;NA;NA;NA;NA;NA;NA;NA;NA;NA;NA;NA;NA;NA;NA;1;NA;NA;NA;1;NA;NA;NA
29;"BA";2901106;"290110";"Amélia Rodrigues";"Não";"Região Metropolitana de Feira de Santana";"Ciclistas";NA;NA;NA;NA;NA;1;NA;NA;NA;1;NA;NA;NA;NA;NA;NA;NA;NA;NA;NA;NA;NA;NA;NA;NA
29;"BA";2901205;"290120";"Anagé";"Não";"-";"Ciclistas";NA;NA;NA;NA;NA;NA;NA;NA;NA;NA;NA;NA;NA;NA;NA;NA;NA;NA;NA;NA;1;NA;NA;1;NA
29;"BA";2901304;"290130";"Andaraí";"Não";"-";"Ciclistas";NA;NA;NA;NA;NA;NA;NA;NA;NA;NA;NA;NA;NA;NA;NA;NA;NA;NA;1;NA;NA;NA;NA;NA;NA
29;"BA";2901601;"290160";"Antas";"Não";"-";"Ciclistas";NA;NA;NA;NA;NA;NA;NA;NA;NA;NA;NA;NA;2;NA;NA;NA;NA;NA;NA;NA;NA;NA;NA;NA;NA
29;"BA";2901908;"290190";"Aporá";"Não";"-";"Ciclistas";NA;NA;NA;NA;NA;NA;NA;NA;NA;NA;NA;NA;NA;1;NA;NA;NA;NA;NA;NA;NA;NA;NA;NA;NA
29;"BA";2902005;"290200";"Aracatu";"Não";"-";"Ciclistas";NA;1;NA;NA;NA;NA;NA;NA;NA;NA;NA;NA;NA;NA;NA;NA;NA;NA;NA;NA;NA;NA;NA;NA;NA
29;"BA";2902054;"290205";"Araçás";"Não";"-";"Ciclistas";NA;NA;NA;NA;NA;NA;NA;NA;NA;NA;NA;NA;NA;NA;NA;NA;NA;NA;NA;NA;NA;NA;1;1;NA
29;"BA";2902104;"290210";"Araci";"Não";"-";"Ciclistas";NA;NA;NA;NA;NA;NA;NA;NA;1;NA;NA;NA;NA;NA;NA;NA;NA;NA;NA;NA;NA;NA;NA;NA;NA
29;"BA";2902302;"290230";"Aratuípe";"Não";"-";"Ciclistas";NA;1;NA;NA;NA;NA;NA;NA;NA;NA;NA;NA;NA;NA;NA;NA;NA;NA;NA;NA;NA;NA;NA;NA;NA
29;"BA";2902500;"290250";"Baianópolis";"Não";"-";"Ciclistas";NA;NA;NA;NA;NA;NA;NA;NA;NA;NA;NA;NA;NA;NA;NA;NA;NA;NA;NA;1;NA;NA;NA;NA;NA
29;"BA";2902609;"290260";"Baixa Grande";"Não";"-";"Ciclistas";NA;1;1;NA;NA;NA;NA;NA;NA;NA;NA;NA;NA;NA;NA;NA;NA;NA;NA;NA;NA;NA;NA;1;NA
29;"BA";2902658;"290265";"Banzaê";"Não";"-";"Ciclistas";NA;NA;NA;NA;NA;NA;NA;NA;NA;NA;NA;NA;NA;NA;NA;NA;NA;NA;NA;NA;NA;NA;NA;NA;NA
29;"BA";2902708;"290270";"Barra";"Não";"-";"Ciclistas";NA;NA;NA;NA;NA;NA;NA;NA;NA;NA;NA;NA;NA;NA;NA;NA;NA;NA;NA;NA;NA;1;NA;NA;NA
29;"BA";2902906;"290290";"Barra do Choça";"Não";"-";"Ciclistas";NA;NA;NA;NA;NA;NA;NA;NA;NA;NA;1;NA;NA;NA;1;NA;NA;NA;NA;NA;NA;NA;NA;2;NA
29;"BA";2903102;"290310";"Barra do Rocha";"Não";"-";"Ciclistas";NA;NA;NA;NA;NA;NA;NA;NA;NA;NA;NA;NA;NA;NA;NA;NA;NA;NA;NA;NA;NA;NA;NA;1;NA
29;"BA";2903201;"290320";"Barreiras";"Não";"-";"Ciclistas";NA;NA;NA;1;NA;NA;NA;NA;NA;NA;NA;NA;NA;NA;NA;NA;NA;3;NA;4;5;2;3;4;NA
29;"BA";2903409;"290340";"Belmonte";"Não";"-";"Ciclistas";NA;NA;NA;NA;NA;NA;1;NA;NA;NA;NA;NA;NA;NA;NA;NA;NA;NA;NA;NA;NA;NA;NA;NA;NA
29;"BA";2903508;"290350";"Belo Campo";"Não";"-";"Ciclistas";NA;NA;NA;NA;NA;NA;NA;NA;NA;NA;NA;NA;NA;NA;NA;NA;NA;NA;NA;NA;NA;NA;2;NA;NA
29;"BA";2904001;"290400";"Boninal";"Não";"-";"Ciclistas";NA;NA;NA;NA;NA;NA;NA;NA;NA;NA;1;NA;NA;NA;NA;NA;NA;NA;1;NA;NA;NA;NA;NA;NA
29;"BA";2904100;"290410";"Boquira";"Não";"-";"Ciclistas";NA;NA;NA;NA;NA;NA;NA;NA;NA;NA;NA;NA;NA;NA;NA;NA;NA;1;NA;NA;NA;NA;NA;NA;NA
29;"BA";2904209;"290420";"Botuporã";"Não";"-";"Ciclistas";NA;NA;NA;NA;NA;NA;NA;NA;NA;NA;NA;NA;NA;NA;NA;NA;NA;NA;NA;NA;NA;NA;1;NA;NA
29;"BA";2904704;"290470";"Buerarema";"Não";"-";"Ciclistas";NA;NA;NA;NA;NA;NA;NA;NA;NA;NA;NA;NA;NA;NA;NA;NA;NA;NA;NA;NA;NA;NA;NA;NA;NA
29;"BA";2904753;"290475";"Buritirama";"Não";"-";"Ciclistas";NA;NA;NA;NA;NA;NA;1;NA;NA;NA;NA;NA;NA;NA;NA;NA;NA;NA;NA;NA;NA;NA;NA;NA;NA
29;"BA";2904852;"290485";"Cabaceiras do Paraguaçu";"Não";"-";"Ciclistas";NA;NA;NA;NA;NA;NA;NA;NA;NA;NA;NA;NA;NA;NA;NA;NA;NA;NA;NA;NA;1;NA;NA;NA;NA
29;"BA";2905008;"290500";"Caculé";"Não";"-";"Ciclistas";NA;NA;NA;NA;NA;NA;NA;NA;NA;1;NA;NA;NA;NA;NA;NA;NA;NA;NA;NA;NA;NA;NA;NA;NA
29;"BA";2905156;"290515";"Caetanos";"Não";"-";"Ciclistas";NA;NA;NA;NA;NA;NA;NA;NA;NA;NA;NA;NA;NA;NA;NA;NA;NA;NA;NA;NA;NA;NA;1;NA;NA
29;"BA";2905206;"290520";"Caetité";"Não";"-";"Ciclistas";NA;NA;NA;NA;NA;NA;1;NA;NA;2;NA;1;NA;NA;NA;NA;NA;NA;NA;1;NA;NA;NA;NA;NA
29;"BA";2905503;"290550";"Caldeirão Grande";"Não";"-";"Ciclistas";NA;NA;NA;NA;NA;NA;NA;NA;NA;NA;NA;NA;NA;NA;NA;NA;NA;NA;NA;NA;NA;NA;NA;1;NA
29;"BA";2905701;"290570";"Camaçari";"Não";"Região Metropolitana de Salvador";"Ciclistas";NA;NA;NA;NA;NA;1;1;2;NA;2;1;2;NA;1;NA;3;NA;1;1;2;NA;1;NA;2;NA
29;"BA";2905800;"290580";"Camamu";"Não";"-";"Ciclistas";NA;NA;NA;NA;NA;NA;NA;NA;NA;NA;NA;NA;NA;1;NA;NA;NA;NA;NA;NA;NA;NA;NA;NA;NA
29;"BA";2905909;"290590";"Campo Alegre de Lourdes";"Não";"-";"Ciclistas";NA;NA;NA;NA;NA;NA;NA;NA;NA;NA;NA;NA;2;NA;NA;NA;NA;NA;NA;NA;NA;NA;NA;NA;NA
29;"BA";2906204;"290620";"Canarana";"Não";"-";"Ciclistas";NA;NA;NA;NA;NA;NA;NA;NA;NA;NA;NA;NA;NA;NA;NA;NA;NA;NA;NA;NA;NA;NA;NA;NA;NA
29;"BA";2906303;"290630";"Canavieiras";"Não";"-";"Ciclistas";NA;NA;NA;NA;NA;NA;NA;NA;NA;NA;NA;1;NA;NA;NA;NA;NA;NA;NA;NA;NA;NA;NA;NA;NA
29;"BA";2906501;"290650";"Candeias";"Não";"Região Metropolitana de Salvador";"Ciclistas";NA;NA;NA;NA;NA;1;NA;NA;NA;NA;1;NA;NA;NA;NA;NA;NA;NA;NA;NA;NA;NA;NA;NA;NA
29;"BA";2906600;"290660";"Candiba";"Não";"-";"Ciclistas";NA;NA;NA;NA;NA;NA;NA;NA;NA;NA;NA;NA;1;NA;NA;NA;NA;NA;NA;NA;NA;NA;NA;NA;NA
29;"BA";2906808;"290680";"Cansanção";"Não";"-";"Ciclistas";NA;NA;NA;NA;NA;NA;NA;NA;NA;NA;NA;NA;NA;NA;NA;1;NA;NA;NA;NA;NA;NA;NA;1;NA
29;"BA";2906873;"290687";"Capim Grosso";"Não";"-";"Ciclistas";NA;NA;NA;NA;NA;NA;NA;NA;NA;NA;NA;NA;NA;NA;NA;1;1;1;NA;NA;NA;NA;NA;NA;NA
29;"BA";2906899;"290689";"Caraíbas";"Não";"-";"Ciclistas";NA;NA;NA;NA;NA;NA;NA;NA;NA;NA;1;NA;NA;NA;NA;NA;NA;NA;NA;NA;NA;NA;NA;NA;NA
29;"BA";2906907;"290690";"Caravelas";"Não";"-";"Ciclistas";NA;NA;NA;NA;NA;NA;NA;NA;NA;NA;NA;1;NA;NA;NA;NA;NA;NA;NA;NA;NA;NA;NA;NA;NA
29;"BA";2907202;"290720";"Casa Nova";"Não";"Região Administrativa Integrada de Desenvolvimento do Polo Petrolina/PE e Juazeiro/BA";"Ciclistas";NA;NA;NA;NA;NA;NA;NA;NA;NA;1;NA;NA;NA;NA;NA;NA;NA;NA;NA;NA;NA;NA;NA;NA;NA
29;"BA";2907301;"290730";"Castro Alves";"Não";"-";"Ciclistas";NA;NA;NA;NA;NA;NA;NA;NA;1;NA;NA;NA;NA;NA;NA;NA;NA;NA;NA;NA;NA;NA;NA;NA;NA
29;"BA";2907509;"290750";"Catu";"Não";"-";"Ciclistas";NA;NA;NA;NA;NA;1;NA;NA;NA;NA;NA;1;NA;NA;NA;NA;NA;NA;NA;NA;NA;NA;NA;NA;NA
29;"BA";2907608;"290760";"Central";"Não";"-";"Ciclistas";NA;NA;NA;NA;NA;NA;NA;NA;NA;NA;NA;NA;NA;NA;NA;NA;NA;1;NA;NA;NA;NA;NA;NA;NA
29;"BA";2907707;"290770";"Chorrochó";"Não";"-";"Ciclistas";NA;NA;NA;NA;NA;NA;NA;NA;NA;NA;NA;NA;NA;NA;NA;NA;NA;NA;NA;1;NA;1;NA;NA;NA
29;"BA";2907905;"290790";"Cipó";"Não";"-";"Ciclistas";NA;NA;NA;NA;NA;NA;NA;NA;NA;NA;NA;NA;NA;NA;NA;NA;NA;NA;NA;NA;NA;NA;NA;1;NA
29;"BA";2908101;"290810";"Cocos";"Não";"-";"Ciclistas";NA;NA;NA;NA;NA;NA;NA;NA;NA;NA;1;NA;NA;NA;NA;NA;NA;NA;NA;NA;NA;NA;NA;NA;NA
29;"BA";2908200;"290820";"Conceição da Feira";"Não";"Região Metropolitana de Feira de Santana";"Ciclistas";NA;NA;NA;NA;NA;NA;NA;NA;NA;NA;NA;NA;NA;NA;NA;NA;NA;NA;NA;NA;NA;NA;NA;NA;NA
29;"BA";2908309;"290830";"Conceição do Almeida";"Não";"-";"Ciclistas";NA;NA;NA;NA;NA;NA;NA;NA;NA;NA;NA;NA;NA;NA;NA;NA;NA;NA;NA;NA;NA;NA;1;NA;NA
29;"BA";2908507;"290850";"Conceição do Jacuípe";"Não";"Região Metropolitana de Feira de Santana";"Ciclistas";NA;NA;NA;NA;NA;NA;NA;NA;NA;NA;NA;NA;NA;NA;NA;NA;NA;NA;NA;1;1;NA;NA;NA;NA
29;"BA";2908705;"290870";"Condeúba";"Não";"-";"Ciclistas";NA;NA;NA;NA;NA;NA;NA;NA;NA;NA;NA;NA;1;NA;NA;NA;NA;NA;NA;NA;NA;NA;NA;NA;NA
29;"BA";2909604;"290960";"Crisópolis";"Não";"-";"Ciclistas";NA;NA;NA;NA;NA;NA;NA;NA;NA;NA;NA;NA;1;NA;NA;NA;NA;NA;NA;NA;NA;NA;NA;NA;NA
29;"BA";2909703;"290970";"Cristópolis";"Não";"-";"Ciclistas";NA;NA;NA;NA;NA;NA;NA;NA;NA;NA;NA;NA;NA;NA;NA;NA;NA;NA;NA;NA;NA;NA;NA;NA;NA
29;"BA";2909802;"290980";"Cruz das Almas";"Não";"-";"Ciclistas";NA;NA;NA;NA;NA;NA;NA;NA;NA;NA;NA;NA;NA;1;NA;NA;NA;NA;1;NA;NA;NA;NA;NA;NA
29;"BA";2910008;"291000";"Dário Meira";"Não";"-";"Ciclistas";NA;NA;NA;NA;NA;NA;NA;NA;1;NA;NA;NA;NA;NA;NA;NA;NA;NA;NA;NA;NA;NA;NA;NA;NA
29;"BA";2910057;"291005";"Dias d'Ávila";"Não";"Região Metropolitana de Salvador";"Ciclistas";NA;NA;NA;NA;NA;NA;NA;NA;NA;NA;NA;NA;NA;NA;NA;NA;NA;NA;NA;1;NA;1;NA;NA;NA
29;"BA";2910602;"291060";"Esplanada";"Não";"-";"Ciclistas";NA;1;NA;NA;NA;NA;NA;NA;NA;NA;NA;NA;NA;NA;NA;NA;NA;NA;NA;NA;NA;NA;NA;NA;NA
29;"BA";2910701;"291070";"Euclides da Cunha";"Não";"-";"Ciclistas";NA;NA;NA;NA;1;NA;NA;NA;NA;NA;NA;NA;NA;NA;NA;NA;NA;NA;1;NA;NA;NA;NA;NA;NA
29;"BA";2910727;"291072";"Eunápolis";"Não";"-";"Ciclistas";NA;NA;NA;1;NA;NA;NA;NA;1;NA;1;1;2;1;NA;1;NA;2;2;1;NA;1;NA;2;NA
29;"BA";2910800;"291080";"Feira de Santana";"Não";"Região Metropolitana de Feira de Santana";"Ciclistas";NA;NA;NA;NA;NA;NA;1;NA;2;NA;NA;NA;1;NA;NA;NA;NA;2;1;NA;NA;NA;NA;1;NA
29;"BA";2910859;"291085";"Filadélfia";"Não";"-";"Ciclistas";NA;NA;NA;NA;NA;NA;NA;NA;1;NA;NA;NA;NA;NA;NA;NA;NA;NA;NA;NA;NA;NA;NA;1;NA
29;"BA";2911204;"291120";"Gandu";"Não";"-";"Ciclistas";1;NA;1;NA;1;NA;NA;NA;NA;NA;NA;NA;NA;NA;NA;NA;NA;NA;NA;NA;NA;NA;NA;NA;NA
29;"BA";2911402;"291140";"Glória";"Não";"-";"Ciclistas";NA;NA;NA;NA;NA;NA;NA;NA;NA;NA;NA;NA;NA;NA;NA;NA;NA;NA;NA;NA;1;NA;NA;NA;NA
29;"BA";2911600;"291160";"Governador Mangabeira";"Não";"-";"Ciclistas";NA;NA;NA;NA;NA;NA;NA;NA;NA;NA;NA;NA;NA;NA;NA;NA;1;1;NA;NA;NA;NA;NA;NA;NA
29;"BA";2911709;"291170";"Guanambi";"Não";"-";"Ciclistas";NA;NA;NA;NA;NA;NA;NA;1;NA;NA;NA;NA;NA;NA;1;NA;NA;NA;NA;1;2;3;NA;1;NA
29;"BA";2911808;"291180";"Guaratinga";"Não";"-";"Ciclistas";NA;NA;NA;NA;NA;NA;NA;NA;NA;NA;NA;NA;NA;NA;NA;NA;1;NA;NA;NA;NA;NA;NA;NA;NA
29;"BA";2912004;"291200";"Ibiassucê";"Não";"-";"Ciclistas";NA;NA;NA;NA;NA;NA;NA;NA;NA;NA;NA;NA;NA;NA;NA;NA;NA;1;NA;NA;NA;NA;NA;NA;NA
29;"BA";2912905;"291290";"Ibirataia";"Não";"-";"Ciclistas";NA;NA;NA;NA;NA;NA;NA;NA;NA;1;NA;NA;NA;NA;NA;NA;NA;NA;NA;NA;NA;NA;NA;NA;NA
29;"BA";2913200;"291320";"Ibotirama";"Não";"-";"Ciclistas";NA;NA;NA;NA;NA;NA;1;NA;NA;NA;1;NA;NA;NA;NA;NA;NA;NA;NA;NA;NA;NA;NA;NA;NA
29;"BA";2913507;"291350";"Iguaí";"Não";"-";"Ciclistas";NA;NA;NA;NA;NA;NA;NA;NA;NA;NA;NA;NA;NA;1;NA;NA;NA;NA;NA;NA;NA;NA;NA;NA;NA
29;"BA";2913606;"291360";"Ilhéus";"Não";"-";"Ciclistas";NA;NA;NA;NA;NA;NA;NA;2;1;1;1;NA;1;4;4;NA;1;1;2;1;NA;1;NA;NA;NA
29;"BA";2913705;"291370";"Inhambupe";"Não";"-";"Ciclistas";NA;NA;NA;NA;NA;1;NA;NA;NA;NA;NA;NA;NA;NA;NA;1;NA;NA;NA;NA;NA;NA;NA;NA;NA
29;"BA";2913903;"291390";"Ipiaú";"Não";"-";"Ciclistas";NA;NA;NA;NA;NA;NA;NA;NA;NA;NA;NA;NA;NA;1;NA;NA;1;1;NA;NA;NA;NA;NA;NA;NA
29;"BA";2914000;"291400";"Ipirá";"Não";"-";"Ciclistas";NA;NA;NA;NA;NA;NA;NA;NA;NA;NA;NA;NA;NA;NA;NA;NA;NA;NA;NA;NA;NA;NA;NA;NA;NA
29;"BA";2914307;"291430";"Iramaia";"Não";"-";"Ciclistas";NA;NA;NA;NA;NA;NA;NA;1;1;NA;NA;NA;NA;NA;NA;NA;NA;NA;NA;NA;NA;NA;NA;NA;NA
29;"BA";2914505;"291450";"Irará";"Não";"Área de Expansão Metropolitana";"Ciclistas";NA;NA;NA;NA;NA;NA;NA;NA;1;NA;NA;NA;NA;NA;NA;NA;NA;NA;NA;NA;NA;NA;NA;NA;NA
29;"BA";2914604;"291460";"Irecê";"Não";"-";"Ciclistas";NA;NA;NA;NA;NA;NA;NA;NA;NA;NA;NA;1;2;4;1;1;NA;1;NA;1;1;1;NA;1;NA
29;"BA";2914653;"291465";"Itabela";"Não";"-";"Ciclistas";NA;NA;1;NA;NA;NA;NA;NA;NA;NA;NA;NA;1;NA;NA;NA;1;NA;NA;NA;1;NA;NA;2;NA
29;"BA";2914703;"291470";"Itaberaba";"Não";"-";"Ciclistas";NA;NA;NA;NA;NA;NA;NA;NA;1;1;NA;NA;NA;1;NA;NA;NA;NA;NA;NA;NA;NA;NA;NA;NA
29;"BA";2914802;"291480";"Itabuna";"Não";"-";"Ciclistas";1;1;2;1;2;NA;1;NA;1;NA;1;3;NA;2;1;NA;NA;NA;NA;NA;NA;NA;1;1;NA
29;"BA";2914901;"291490";"Itacaré";"Não";"-";"Ciclistas";NA;NA;NA;NA;NA;NA;NA;1;NA;NA;NA;NA;NA;NA;NA;NA;NA;NA;NA;NA;NA;NA;NA;NA;NA
29;"BA";2915304;"291530";"Itagimirim";"Não";"-";"Ciclistas";NA;NA;NA;NA;NA;NA;NA;NA;NA;NA;NA;NA;NA;NA;NA;NA;NA;NA;NA;NA;NA;NA;NA;1;NA
29;"BA";2915353;"291535";"Itaguaçu da Bahia";"Não";"-";"Ciclistas";NA;NA;NA;NA;NA;NA;NA;NA;NA;NA;NA;NA;1;NA;NA;NA;NA;NA;NA;NA;NA;NA;NA;NA;NA
29;"BA";2915601;"291560";"Itamaraju";"Não";"-";"Ciclistas";NA;NA;NA;NA;1;NA;NA;NA;NA;NA;NA;NA;NA;NA;NA;1;NA;NA;NA;NA;NA;2;NA;1;NA
29;"BA";2915700;"291570";"Itamari";"Não";"-";"Ciclistas";NA;NA;NA;NA;NA;NA;NA;NA;NA;1;NA;NA;NA;NA;NA;NA;NA;NA;NA;NA;NA;NA;NA;NA;NA
29;"BA";2915809;"291580";"Itambé";"Não";"-";"Ciclistas";NA;NA;NA;NA;NA;NA;NA;NA;1;NA;NA;NA;NA;NA;NA;NA;NA;NA;NA;NA;NA;NA;NA;NA;NA
29;"BA";2916104;"291610";"Itaparica";"Não";"Região Metropolitana de Salvador";"Ciclistas";NA;NA;NA;NA;NA;NA;NA;1;NA;NA;NA;NA;NA;1;NA;NA;NA;NA;NA;NA;NA;NA;NA;NA;NA
29;"BA";2916302;"291630";"Itapebi";"Não";"-";"Ciclistas";NA;NA;NA;NA;NA;NA;1;NA;NA;NA;NA;NA;NA;NA;NA;NA;NA;NA;NA;NA;NA;NA;NA;1;NA
29;"BA";2916401;"291640";"Itapetinga";"Não";"-";"Ciclistas";NA;NA;NA;NA;NA;NA;NA;1;NA;NA;NA;NA;NA;NA;NA;NA;1;1;1;NA;NA;NA;NA;NA;NA
29;"BA";2916856;"291685";"Itatim";"Não";"-";"Ciclistas";NA;NA;NA;NA;NA;NA;NA;NA;1;NA;NA;NA;NA;NA;NA;NA;NA;NA;NA;NA;NA;NA;NA;NA;NA
29;"BA";2917102;"291710";"Itororó";"Não";"-";"Ciclistas";NA;NA;NA;NA;NA;NA;NA;NA;NA;NA;NA;NA;NA;NA;NA;NA;NA;NA;NA;NA;1;NA;1;NA;NA
29;"BA";2917201;"291720";"Ituaçu";"Não";"-";"Ciclistas";NA;NA;NA;NA;NA;NA;1;NA;NA;NA;NA;NA;NA;NA;NA;NA;NA;NA;NA;NA;NA;NA;NA;NA;NA
29;"BA";2917508;"291750";"Jacobina";"Não";"-";"Ciclistas";1;NA;NA;NA;NA;NA;NA;NA;1;NA;NA;NA;NA;NA;NA;NA;NA;1;NA;NA;1;NA;NA;NA;NA
29;"BA";2917607;"291760";"Jaguaquara";"Não";"-";"Ciclistas";NA;NA;NA;NA;NA;NA;NA;NA;NA;NA;NA;NA;NA;NA;NA;NA;NA;1;NA;NA;NA;NA;NA;NA;NA
29;"BA";2917706;"291770";"Jaguarari";"Não";"-";"Ciclistas";NA;NA;NA;NA;NA;NA;NA;NA;NA;NA;NA;NA;NA;NA;NA;NA;NA;NA;NA;NA;NA;NA;NA;NA;NA
29;"BA";2918001;"291800";"Jequié";"Não";"-";"Ciclistas";NA;NA;NA;NA;1;NA;NA;NA;1;1;1;NA;3;1;NA;1;1;NA;3;1;1;NA;NA;1;NA
29;"BA";2918100;"291810";"Jeremoabo";"Não";"-";"Ciclistas";NA;NA;NA;NA;NA;NA;NA;NA;NA;NA;NA;NA;1;NA;NA;NA;NA;NA;NA;NA;NA;NA;NA;NA;NA
29;"BA";2918209;"291820";"Jiquiriçá";"Não";"-";"Ciclistas";1;NA;NA;NA;NA;NA;NA;NA;NA;NA;NA;NA;NA;NA;NA;NA;NA;NA;NA;NA;NA;NA;NA;NA;NA
29;"BA";2918407;"291840";"Juazeiro";"Não";"Região Administrativa Integrada de Desenvolvimento do Polo Petrolina/PE e Juazeiro/BA";"Ciclistas";NA;NA;1;1;NA;2;NA;NA;NA;NA;NA;NA;1;NA;NA;NA;NA;NA;NA;NA;NA;NA;1;NA;NA
29;"BA";2918803;"291880";"Laje";"Não";"-";"Ciclistas";NA;NA;NA;NA;NA;NA;NA;1;NA;NA;NA;NA;NA;NA;NA;NA;NA;NA;NA;NA;NA;NA;NA;NA;NA
29;"BA";2919108;"291910";"Lamarão";"Não";"-";"Ciclistas";NA;NA;NA;NA;NA;NA;NA;NA;NA;NA;NA;NA;NA;NA;NA;NA;NA;1;NA;NA;NA;NA;NA;NA;NA
29;"BA";2919207;"291920";"Lauro de Freitas";"Não";"Região Metropolitana de Salvador";"Ciclistas";NA;NA;NA;NA;NA;NA;NA;NA;NA;1;NA;NA;NA;NA;NA;NA;1;NA;NA;NA;NA;NA;NA;NA;NA
29;"BA";2919504;"291950";"Livramento de Nossa Senhora";"Não";"-";"Ciclistas";NA;NA;NA;NA;NA;NA;NA;NA;NA;NA;NA;NA;NA;NA;NA;NA;NA;NA;NA;NA;NA;NA;NA;NA;NA
29;"BA";2919553;"291955";"Luís Eduardo Magalhães";"Não";"-";"Ciclistas";NA;NA;NA;NA;NA;NA;NA;NA;NA;NA;NA;NA;NA;NA;NA;NA;NA;NA;NA;3;NA;NA;2;2;NA
29;"BA";2920205;"292020";"Malhada";"Não";"-";"Ciclistas";NA;NA;NA;NA;NA;NA;NA;NA;NA;NA;NA;NA;NA;NA;NA;NA;NA;NA;NA;NA;NA;NA;NA;NA;NA
29;"BA";2920502;"292050";"Maracás";"Não";"-";"Ciclistas";NA;NA;NA;NA;NA;NA;NA;NA;NA;NA;NA;NA;NA;NA;NA;NA;NA;NA;NA;NA;NA;NA;NA;1;NA
29;"BA";2920700;"292070";"Maraú";"Não";"-";"Ciclistas";NA;NA;NA;NA;NA;NA;NA;NA;NA;NA;NA;NA;NA;NA;NA;NA;1;NA;NA;NA;NA;NA;NA;NA;NA
29;"BA";2921005;"292100";"Mata de São João";"Não";"Região Metropolitana de Salvador";"Ciclistas";NA;NA;NA;NA;NA;NA;NA;1;NA;NA;1;NA;NA;NA;NA;1;1;1;NA;NA;NA;NA;NA;1;NA
29;"BA";2921203;"292120";"Miguel Calmon";"Não";"-";"Ciclistas";NA;NA;NA;NA;NA;NA;NA;NA;NA;1;NA;1;NA;NA;NA;NA;NA;NA;NA;NA;NA;NA;NA;NA;NA
29;"BA";2921500;"292150";"Monte Santo";"Não";"-";"Ciclistas";NA;NA;NA;NA;NA;NA;NA;NA;NA;NA;NA;NA;1;NA;NA;NA;NA;NA;NA;NA;NA;NA;NA;NA;NA
29;"BA";2922052;"292205";"Mulungu do Morro";"Não";"-";"Ciclistas";NA;NA;1;NA;NA;NA;NA;NA;NA;NA;NA;NA;NA;NA;NA;NA;NA;NA;NA;NA;NA;NA;NA;NA;NA
29;"BA";2922250;"292225";"Muquém do São Francisco";"Não";"-";"Ciclistas";NA;NA;NA;NA;NA;NA;NA;NA;NA;NA;NA;NA;NA;NA;NA;NA;NA;NA;NA;NA;NA;NA;1;NA;NA
29;"BA";2922300;"292230";"Muritiba";"Não";"-";"Ciclistas";NA;NA;NA;NA;NA;NA;NA;NA;NA;NA;NA;NA;NA;NA;NA;NA;NA;NA;NA;NA;1;NA;NA;NA;NA
29;"BA";2922409;"292240";"Mutuípe";"Não";"-";"Ciclistas";NA;NA;NA;NA;NA;NA;NA;NA;NA;NA;NA;NA;NA;NA;NA;NA;NA;NA;1;NA;NA;NA;NA;NA;NA
29;"BA";2922508;"292250";"Nazaré";"Não";"-";"Ciclistas";NA;NA;NA;NA;NA;NA;NA;2;1;NA;NA;NA;NA;1;NA;NA;NA;NA;NA;NA;NA;NA;1;NA;NA
29;"BA";2922706;"292270";"Nova Canaã";"Não";"-";"Ciclistas";NA;NA;NA;NA;NA;NA;NA;NA;1;NA;NA;NA;NA;NA;NA;NA;NA;NA;1;NA;NA;NA;NA;NA;NA
29;"BA";2922805;"292280";"Nova Itarana";"Não";"-";"Ciclistas";NA;NA;NA;NA;NA;NA;NA;NA;NA;NA;NA;NA;NA;NA;NA;NA;NA;NA;NA;NA;NA;NA;NA;NA;NA
29;"BA";2922854;"292285";"Nova Redenção";"Não";"-";"Ciclistas";NA;NA;NA;NA;NA;NA;NA;NA;NA;NA;1;NA;NA;NA;NA;NA;NA;NA;NA;NA;NA;NA;NA;NA;NA
29;"BA";2922904;"292290";"Nova Soure";"Não";"-";"Ciclistas";NA;NA;NA;NA;NA;NA;NA;NA;1;NA;NA;NA;NA;NA;NA;NA;NA;NA;NA;NA;NA;NA;NA;NA;NA
29;"BA";2923001;"292300";"Nova Viçosa";"Não";"-";"Ciclistas";NA;NA;NA;NA;NA;NA;NA;NA;NA;NA;NA;NA;NA;NA;1;NA;NA;NA;1;NA;NA;NA;NA;NA;NA
29;"BA";2923407;"292340";"Palmas de Monte Alto";"Não";"-";"Ciclistas";NA;NA;NA;NA;NA;NA;NA;NA;NA;NA;NA;NA;NA;NA;NA;NA;NA;NA;NA;NA;NA;NA;1;NA;NA
29;"BA";2923506;"292350";"Palmeiras";"Não";"-";"Ciclistas";NA;NA;NA;NA;NA;NA;NA;NA;NA;NA;NA;NA;NA;NA;NA;NA;1;NA;NA;NA;NA;NA;NA;NA;NA
29;"BA";2923605;"292360";"Paramirim";"Não";"-";"Ciclistas";NA;NA;NA;NA;NA;NA;NA;NA;NA;NA;NA;NA;NA;NA;NA;NA;NA;NA;NA;NA;NA;NA;NA;NA;NA
29;"BA";2923704;"292370";"Paratinga";"Não";"-";"Ciclistas";NA;NA;NA;NA;NA;NA;NA;NA;NA;NA;2;NA;NA;NA;NA;NA;NA;NA;NA;NA;NA;NA;NA;NA;NA
29;"BA";2924009;"292400";"Paulo Afonso";"Não";"-";"Ciclistas";NA;NA;NA;1;NA;NA;1;NA;NA;NA;NA;NA;NA;NA;NA;NA;NA;NA;NA;2;2;1;NA;NA;NA
29;"BA";2924306;"292430";"Piatã";"Não";"-";"Ciclistas";NA;NA;NA;NA;NA;NA;NA;NA;NA;NA;NA;NA;NA;NA;NA;NA;NA;NA;NA;NA;NA;NA;NA;NA;NA
29;"BA";2924405;"292440";"Pilão Arcado";"Não";"-";"Ciclistas";NA;NA;NA;NA;NA;NA;NA;NA;NA;NA;NA;NA;NA;NA;NA;NA;NA;NA;NA;NA;NA;1;NA;NA;NA
29;"BA";2924504;"292450";"Pindaí";"Não";"-";"Ciclistas";NA;NA;NA;NA;NA;NA;NA;NA;NA;NA;NA;NA;NA;NA;NA;NA;NA;NA;NA;1;NA;NA;NA;NA;NA
29;"BA";2924801;"292480";"Piritiba";"Não";"-";"Ciclistas";NA;NA;NA;1;NA;NA;NA;NA;NA;NA;NA;NA;NA;NA;NA;NA;NA;NA;NA;NA;1;NA;NA;NA;NA
29;"BA";2924900;"292490";"Planaltino";"Não";"-";"Ciclistas";NA;NA;NA;NA;NA;NA;NA;NA;NA;NA;NA;NA;NA;1;NA;NA;NA;NA;NA;NA;NA;NA;NA;NA;NA
29;"BA";2925105;"292510";"Poções";"Não";"-";"Ciclistas";NA;1;NA;NA;NA;NA;NA;NA;2;NA;NA;NA;NA;NA;NA;NA;NA;NA;NA;NA;NA;NA;NA;NA;NA
29;"BA";2925253;"292525";"Ponto Novo";"Não";"-";"Ciclistas";NA;NA;NA;NA;NA;NA;NA;NA;1;NA;NA;NA;NA;NA;NA;NA;NA;NA;NA;NA;NA;NA;NA;NA;NA
29;"BA";2925303;"292530";"Porto Seguro";"Não";"-";"Ciclistas";1;NA;NA;NA;NA;NA;2;1;2;1;1;NA;1;1;NA;NA;2;3;1;NA;1;NA;3;8;NA
29;"BA";2925501;"292550";"Prado";"Não";"-";"Ciclistas";NA;NA;NA;NA;NA;NA;NA;NA;NA;NA;NA;1;1;NA;NA;NA;NA;NA;NA;NA;NA;NA;NA;1;NA
29;"BA";2925931;"292593";"Quixabeira";"Não";"-";"Ciclistas";NA;NA;NA;NA;NA;NA;NA;NA;NA;NA;NA;NA;NA;NA;NA;NA;NA;NA;NA;NA;NA;NA;NA;NA;NA
29;"BA";2926004;"292600";"Remanso";"Não";"-";"Ciclistas";NA;NA;NA;NA;NA;NA;NA;NA;NA;NA;NA;NA;NA;NA;NA;NA;NA;NA;1;NA;NA;NA;NA;NA;NA
29;"BA";2926202;"292620";"Riachão das Neves";"Não";"-";"Ciclistas";NA;NA;NA;NA;NA;NA;NA;NA;NA;NA;NA;NA;NA;NA;NA;NA;NA;NA;NA;NA;NA;NA;1;NA;NA
29;"BA";2926301;"292630";"Riachão do Jacuípe";"Não";"Área de Expansão Metropolitana";"Ciclistas";NA;NA;NA;NA;NA;NA;NA;NA;NA;NA;NA;NA;NA;NA;NA;NA;NA;NA;NA;NA;NA;NA;NA;1;NA
29;"BA";2926400;"292640";"Riacho de Santana";"Não";"-";"Ciclistas";NA;NA;NA;NA;NA;NA;NA;NA;NA;NA;NA;NA;NA;NA;NA;NA;NA;NA;NA;NA;NA;NA;NA;1;NA
29;"BA";2926509;"292650";"Ribeira do Amparo";"Não";"-";"Ciclistas";NA;NA;NA;NA;NA;NA;NA;NA;NA;NA;NA;NA;NA;NA;NA;NA;NA;1;NA;NA;NA;NA;NA;NA;NA
29;"BA";2926608;"292660";"Ribeira do Pombal";"Não";"-";"Ciclistas";NA;NA;NA;NA;NA;NA;NA;1;1;NA;NA;NA;NA;NA;NA;NA;NA;1;NA;1;NA;NA;NA;1;NA
29;"BA";2927002;"292700";"Rio Real";"Não";"-";"Ciclistas";NA;NA;NA;NA;NA;NA;NA;NA;NA;NA;NA;NA;1;NA;NA;NA;NA;NA;1;NA;NA;NA;NA;NA;NA
29;"BA";2927309;"292730";"Salinas da Margarida";"Não";"-";"Ciclistas";NA;NA;NA;NA;NA;NA;NA;NA;NA;NA;NA;NA;NA;NA;NA;NA;NA;NA;NA;NA;1;NA;NA;NA;NA
29;"BA";2927408;"292740";"Salvador";"Sim";"Região Metropolitana de Salvador";"Ciclistas";NA;NA;1;1;NA;7;11;13;3;NA;2;5;4;5;8;5;3;4;4;4;4;6;4;6;NA
29;"BA";2927606;"292760";"Santa Brígida";"Não";"-";"Ciclistas";NA;NA;NA;NA;NA;NA;NA;1;NA;NA;1;NA;NA;NA;NA;NA;NA;NA;NA;NA;NA;NA;NA;NA;NA
29;"BA";2927705;"292770";"Santa Cruz Cabrália";"Não";"-";"Ciclistas";NA;NA;NA;NA;NA;NA;NA;NA;NA;NA;NA;NA;NA;NA;NA;NA;NA;NA;NA;NA;NA;NA;NA;3;NA
29;"BA";2927903;"292790";"Santa Inês";"Não";"-";"Ciclistas";NA;NA;1;NA;NA;NA;NA;NA;NA;NA;NA;NA;NA;NA;NA;NA;NA;NA;NA;NA;NA;NA;NA;NA;NA
29;"BA";2928109;"292810";"Santa Maria da Vitória";"Não";"-";"Ciclistas";NA;NA;NA;NA;NA;NA;NA;NA;NA;NA;NA;NA;1;NA;NA;NA;NA;NA;1;NA;NA;NA;1;NA;NA
29;"BA";2928505;"292850";"Santa Terezinha";"Não";"-";"Ciclistas";NA;NA;NA;NA;NA;NA;NA;NA;NA;NA;1;NA;NA;NA;NA;NA;NA;NA;NA;NA;NA;NA;NA;NA;NA
29;"BA";2928604;"292860";"Santo Amaro";"Não";"-";"Ciclistas";NA;NA;NA;NA;NA;NA;NA;NA;NA;NA;1;NA;NA;NA;NA;NA;NA;NA;NA;NA;NA;NA;NA;NA;NA
29;"BA";2928703;"292870";"Santo Antônio de Jesus";"Não";"-";"Ciclistas";NA;NA;NA;NA;NA;1;NA;NA;1;1;NA;3;1;NA;1;1;NA;NA;1;2;2;1;NA;2;NA
29;"BA";2928901;"292890";"São Desidério";"Não";"-";"Ciclistas";NA;NA;NA;NA;NA;NA;NA;NA;NA;NA;NA;NA;NA;NA;NA;NA;NA;NA;1;NA;NA;NA;NA;1;NA
29;"BA";2929107;"292910";"São Felipe";"Não";"-";"Ciclistas";NA;NA;NA;NA;NA;NA;1;NA;NA;NA;NA;NA;NA;NA;NA;NA;NA;NA;NA;NA;NA;NA;NA;NA;NA
29;"BA";2929206;"292920";"São Francisco do Conde";"Não";"Região Metropolitana de Salvador";"Ciclistas";NA;NA;NA;NA;NA;NA;NA;NA;NA;NA;NA;NA;NA;1;NA;NA;NA;NA;NA;NA;NA;NA;NA;NA;NA
29;"BA";2929370;"292937";"São José do Jacuípe";"Não";"-";"Ciclistas";NA;NA;NA;NA;NA;NA;1;NA;NA;NA;NA;NA;NA;NA;NA;NA;NA;NA;1;NA;NA;NA;NA;NA;NA
29;"BA";2929503;"292950";"São Sebastião do Passé";"Não";"Região Metropolitana de Salvador";"Ciclistas";NA;NA;NA;NA;NA;NA;NA;NA;NA;NA;NA;NA;1;NA;NA;NA;NA;NA;NA;NA;NA;NA;NA;NA;NA
29;"BA";2929602;"292960";"Sapeaçu";"Não";"-";"Ciclistas";NA;NA;NA;NA;NA;NA;NA;NA;NA;NA;NA;NA;NA;NA;NA;NA;NA;NA;NA;NA;NA;NA;NA;NA;NA
29;"BA";2929909;"292990";"Seabra";"Não";"-";"Ciclistas";NA;NA;NA;NA;NA;NA;NA;NA;NA;NA;NA;NA;NA;NA;NA;NA;NA;NA;NA;NA;2;NA;NA;NA;NA
29;"BA";2930006;"293000";"Sebastião Laranjeiras";"Não";"-";"Ciclistas";NA;NA;NA;NA;NA;1;NA;NA;NA;NA;NA;NA;NA;NA;NA;NA;NA;NA;NA;NA;NA;NA;NA;NA;NA
29;"BA";2930501;"293050";"Serrinha";"Não";"-";"Ciclistas";NA;NA;NA;NA;NA;NA;NA;NA;NA;NA;NA;NA;NA;NA;NA;NA;NA;NA;1;NA;NA;NA;NA;NA;NA
29;"BA";2930709;"293070";"Simões Filho";"Não";"Região Metropolitana de Salvador";"Ciclistas";NA;NA;NA;NA;NA;1;NA;NA;NA;NA;NA;NA;NA;NA;NA;NA;NA;NA;NA;NA;NA;NA;NA;NA;NA
29;"BA";2931350;"293135";"Teixeira de Freitas";"Não";"-";"Ciclistas";NA;NA;NA;1;NA;NA;NA;NA;NA;NA;4;NA;NA;1;1;2;1;1;NA;3;1;NA;NA;1;NA
29;"BA";2931806;"293180";"Tremedal";"Não";"-";"Ciclistas";NA;NA;NA;NA;NA;NA;NA;NA;NA;1;NA;NA;NA;NA;NA;NA;NA;NA;NA;NA;NA;NA;NA;NA;NA
29;"BA";2931905;"293190";"Tucano";"Não";"-";"Ciclistas";NA;NA;NA;NA;NA;NA;NA;NA;NA;NA;NA;NA;NA;NA;NA;NA;NA;1;NA;NA;NA;NA;NA;NA;NA
29;"BA";2932101;"293210";"Ubaíra";"Não";"-";"Ciclistas";NA;NA;NA;NA;NA;NA;NA;NA;NA;NA;NA;NA;NA;NA;NA;NA;NA;NA;NA;NA;NA;NA;NA;NA;NA
29;"BA";2932200;"293220";"Ubaitaba";"Não";"-";"Ciclistas";NA;NA;NA;NA;NA;NA;NA;NA;NA;NA;NA;NA;NA;NA;2;NA;NA;NA;NA;NA;NA;NA;NA;NA;NA
29;"BA";2932309;"293230";"Ubatã";"Não";"-";"Ciclistas";NA;NA;NA;NA;NA;NA;NA;NA;NA;NA;NA;NA;NA;NA;NA;NA;NA;NA;NA;NA;NA;NA;NA;1;NA
29;"BA";2932507;"293250";"Una";"Não";"-";"Ciclistas";NA;NA;NA;NA;NA;NA;NA;NA;NA;NA;NA;NA;NA;NA;NA;NA;1;NA;NA;NA;NA;NA;NA;NA;NA
29;"BA";2932606;"293260";"Urandi";"Não";"-";"Ciclistas";NA;NA;NA;NA;NA;NA;NA;NA;1;NA;NA;NA;NA;NA;NA;NA;NA;NA;NA;NA;NA;NA;NA;NA;NA
29;"BA";2932804;"293280";"Utinga";"Não";"-";"Ciclistas";NA;NA;NA;1;NA;NA;NA;1;NA;NA;NA;NA;NA;NA;NA;NA;NA;NA;NA;NA;NA;NA;NA;NA;NA
29;"BA";2932903;"293290";"Valença";"Não";"-";"Ciclistas";NA;NA;1;NA;NA;NA;NA;NA;NA;NA;1;NA;NA;NA;1;NA;1;NA;NA;1;NA;NA;1;1;NA
29;"BA";2933059;"293305";"Várzea da Roça";"Não";"-";"Ciclistas";NA;NA;NA;NA;NA;NA;NA;NA;NA;NA;NA;NA;NA;NA;NA;NA;1;NA;NA;1;NA;NA;NA;NA;NA
29;"BA";2933208;"293320";"Vera Cruz";"Não";"Região Metropolitana de Salvador";"Ciclistas";NA;NA;NA;NA;NA;NA;NA;NA;NA;1;NA;NA;NA;NA;1;NA;NA;NA;NA;NA;1;NA;NA;NA;NA
29;"BA";2933307;"293330";"Vitória da Conquista";"Não";"-";"Ciclistas";2;6;4;1;4;1;NA;1;3;2;NA;NA;4;NA;4;1;1;NA;NA;1;3;2;5;8;NA
29;"BA";2933505;"293350";"Wenceslau Guimarães";"Não";"-";"Ciclistas";NA;NA;NA;NA;NA;NA;NA;NA;NA;NA;NA;NA;NA;NA;NA;NA;NA;NA;NA;NA;NA;NA;NA;1;NA
29;"BA";2933604;"293360";"Xique-Xique";"Não";"-";"Ciclistas";NA;NA;NA;NA;NA;NA;NA;NA;NA;NA;NA;NA;NA;NA;NA;NA;NA;NA;NA;NA;NA;1;NA;NA;NA
31;"MG";3100104;"310010";"Abadia dos Dourados";"Não";"-";"Ciclistas";NA;NA;1;NA;NA;NA;NA;NA;NA;NA;NA;NA;NA;NA;NA;NA;NA;NA;NA;NA;NA;NA;NA;NA;NA
31;"MG";3100302;"310030";"Abre Campo";"Não";"-";"Ciclistas";NA;NA;NA;1;NA;NA;1;NA;NA;NA;NA;NA;NA;NA;NA;NA;NA;NA;NA;NA;NA;NA;1;NA;NA
31;"MG";3100609;"310060";"Água Boa";"Não";"-";"Ciclistas";NA;NA;1;NA;NA;NA;1;NA;1;NA;NA;NA;NA;NA;NA;NA;NA;NA;NA;NA;NA;NA;NA;NA;NA
31;"MG";3100906;"310090";"Águas Formosas";"Não";"-";"Ciclistas";NA;NA;1;NA;NA;NA;NA;NA;NA;NA;NA;NA;NA;NA;NA;NA;NA;NA;NA;1;NA;NA;NA;NA;NA
31;"MG";3101003;"310100";"Águas Vermelhas";"Não";"-";"Ciclistas";NA;NA;NA;NA;NA;NA;NA;1;NA;NA;NA;NA;NA;NA;NA;NA;NA;NA;NA;NA;NA;NA;NA;NA;NA
31;"MG";3101102;"310110";"Aimorés";"Não";"-";"Ciclistas";NA;NA;NA;1;1;NA;1;NA;NA;NA;NA;NA;NA;NA;NA;NA;NA;NA;NA;NA;NA;NA;NA;NA;NA
31;"MG";3101201;"310120";"Aiuruoca";"Não";"-";"Ciclistas";NA;NA;NA;NA;NA;NA;NA;NA;NA;NA;NA;NA;NA;NA;NA;NA;NA;NA;NA;NA;NA;NA;NA;NA;NA
31;"MG";3101508;"310150";"Além Paraíba";"Não";"-";"Ciclistas";NA;NA;NA;NA;NA;NA;NA;NA;NA;NA;NA;NA;NA;NA;NA;NA;NA;NA;NA;NA;NA;NA;NA;1;NA
31;"MG";3101607;"310160";"Alfenas";"Não";"-";"Ciclistas";NA;NA;1;NA;NA;NA;NA;NA;NA;NA;NA;NA;NA;NA;NA;NA;NA;NA;1;1;1;NA;NA;NA;NA
31;"MG";3101631;"310163";"Alfredo Vasconcelos";"Não";"-";"Ciclistas";NA;NA;NA;NA;NA;NA;NA;NA;NA;NA;NA;NA;NA;NA;NA;NA;NA;NA;NA;NA;NA;NA;NA;NA;NA
31;"MG";3101706;"310170";"Almenara";"Não";"-";"Ciclistas";1;NA;NA;NA;NA;NA;NA;NA;NA;NA;NA;NA;NA;NA;NA;1;NA;NA;NA;NA;NA;NA;NA;NA;NA
31;"MG";3101805;"310180";"Alpercata";"Não";"-";"Ciclistas";NA;NA;NA;NA;NA;NA;NA;NA;NA;NA;NA;NA;1;NA;1;NA;NA;NA;NA;NA;NA;NA;NA;NA;NA
31;"MG";3101904;"310190";"Alpinópolis";"Não";"-";"Ciclistas";NA;NA;NA;1;NA;NA;NA;NA;NA;NA;NA;NA;NA;NA;NA;NA;NA;NA;NA;NA;NA;NA;NA;NA;NA
31;"MG";3102308;"310230";"Alvinópolis";"Não";"-";"Ciclistas";NA;NA;NA;NA;NA;NA;NA;NA;NA;NA;1;NA;NA;NA;NA;NA;NA;NA;NA;NA;NA;NA;NA;NA;NA
31;"MG";3102605;"310260";"Andradas";"Não";"-";"Ciclistas";NA;NA;1;NA;1;NA;NA;NA;NA;NA;NA;NA;NA;NA;NA;NA;NA;NA;NA;NA;NA;NA;NA;NA;NA
31;"MG";3102704;"310270";"Cachoeira de Pajeú";"Não";"-";"Ciclistas";NA;NA;NA;NA;NA;NA;NA;NA;NA;NA;NA;NA;NA;NA;1;NA;NA;NA;NA;NA;NA;NA;NA;NA;NA
31;"MG";3103009;"310300";"Antônio Dias";"Não";"Colar Metropolitano";"Ciclistas";NA;NA;NA;NA;NA;NA;NA;NA;NA;NA;NA;NA;NA;NA;NA;NA;NA;NA;NA;NA;NA;NA;1;NA;NA
31;"MG";3103405;"310340";"Araçuaí";"Não";"-";"Ciclistas";NA;NA;NA;NA;1;NA;NA;NA;NA;NA;NA;NA;NA;NA;NA;NA;NA;NA;NA;NA;NA;NA;NA;NA;NA
31;"MG";3103504;"310350";"Araguari";"Não";"-";"Ciclistas";NA;NA;NA;NA;NA;NA;NA;NA;2;1;NA;NA;NA;1;1;NA;NA;NA;1;NA;NA;NA;NA;NA;NA
31;"MG";3103603;"310360";"Arantina";"Não";"-";"Ciclistas";NA;NA;NA;NA;NA;NA;NA;NA;NA;NA;NA;NA;NA;NA;NA;NA;NA;NA;NA;NA;NA;NA;NA;NA;NA
31;"MG";3103702;"310370";"Araponga";"Não";"-";"Ciclistas";NA;NA;NA;NA;NA;NA;NA;NA;NA;NA;NA;NA;NA;NA;NA;NA;NA;NA;NA;NA;NA;NA;NA;NA;NA
31;"MG";3104007;"310400";"Araxá";"Não";"-";"Ciclistas";NA;NA;1;1;NA;NA;NA;1;NA;NA;1;NA;NA;NA;NA;1;NA;NA;NA;NA;NA;NA;2;1;NA
31;"MG";3104106;"310410";"Arceburgo";"Não";"-";"Ciclistas";NA;NA;NA;NA;NA;NA;NA;NA;NA;NA;NA;NA;NA;NA;NA;NA;NA;NA;NA;NA;NA;NA;NA;NA;NA
31;"MG";3104205;"310420";"Arcos";"Não";"-";"Ciclistas";NA;NA;NA;NA;NA;NA;NA;NA;NA;NA;NA;1;NA;NA;NA;NA;NA;NA;NA;NA;NA;NA;NA;NA;NA
31;"MG";3104304;"310430";"Areado";"Não";"-";"Ciclistas";NA;NA;NA;NA;NA;NA;NA;NA;NA;NA;NA;NA;NA;NA;NA;NA;NA;NA;NA;NA;NA;NA;NA;NA;NA
31;"MG";3104502;"310450";"Arinos";"Não";"Região Integrada de Desenvolvimento do Distrito Federal e Entorno";"Ciclistas";NA;NA;NA;NA;NA;NA;NA;NA;NA;NA;NA;NA;NA;NA;1;1;NA;NA;NA;NA;NA;NA;NA;NA;NA
31;"MG";3104700;"310470";"Ataléia";"Não";"-";"Ciclistas";NA;NA;NA;NA;NA;NA;NA;NA;NA;NA;NA;NA;NA;NA;NA;NA;NA;NA;NA;NA;NA;1;NA;NA;NA
31;"MG";3104809;"310480";"Augusto de Lima";"Não";"-";"Ciclistas";NA;NA;NA;NA;NA;NA;NA;NA;NA;NA;NA;NA;NA;NA;NA;NA;NA;NA;NA;1;NA;NA;NA;NA;NA
31;"MG";3104908;"310490";"Baependi";"Não";"-";"Ciclistas";NA;NA;NA;NA;NA;NA;NA;NA;NA;NA;NA;NA;NA;NA;NA;NA;NA;NA;NA;NA;NA;NA;NA;NA;NA
31;"MG";3105103;"310510";"Bambuí";"Não";"-";"Ciclistas";NA;NA;NA;NA;NA;NA;NA;NA;NA;NA;NA;NA;NA;NA;NA;NA;NA;NA;NA;NA;NA;NA;NA;NA;NA
31;"MG";3105400;"310540";"Barão de Cocais";"Não";"Colar Metropolitano de Belo Horizonte";"Ciclistas";NA;NA;NA;NA;NA;1;NA;NA;NA;NA;NA;NA;NA;NA;NA;NA;NA;NA;NA;NA;NA;NA;NA;NA;NA
31;"MG";3105608;"310560";"Barbacena";"Não";"-";"Ciclistas";1;NA;NA;NA;NA;NA;NA;1;1;1;NA;2;NA;2;NA;1;NA;1;2;1;NA;NA;NA;1;NA
31;"MG";3106200;"310620";"Belo Horizonte";"Sim";"Região Metropolitana de Belo Horizonte";"Ciclistas";10;14;29;22;23;16;19;27;17;13;13;17;8;9;13;12;3;9;16;3;7;9;5;11;NA
31;"MG";3106309;"310630";"Belo Oriente";"Não";"Colar Metropolitano";"Ciclistas";NA;NA;NA;NA;NA;NA;NA;NA;NA;NA;NA;NA;1;NA;NA;NA;NA;NA;NA;NA;NA;1;NA;NA;NA
31;"MG";3106408;"310640";"Belo Vale";"Não";"Colar Metropolitano de Belo Horizonte";"Ciclistas";NA;NA;NA;NA;NA;NA;NA;NA;NA;NA;NA;NA;NA;NA;1;NA;NA;NA;NA;NA;NA;NA;NA;NA;NA
31;"MG";3106705;"310670";"Betim";"Não";"Região Metropolitana de Belo Horizonte";"Ciclistas";3;NA;4;1;2;2;1;1;2;3;2;1;2;2;2;NA;NA;NA;3;NA;NA;1;2;1;NA
31;"MG";3106903;"310690";"Bicas";"Não";"-";"Ciclistas";NA;NA;NA;NA;NA;NA;NA;NA;NA;NA;NA;NA;NA;NA;NA;NA;NA;NA;NA;NA;NA;NA;NA;NA;NA
31;"MG";3107109;"310710";"Boa Esperança";"Não";"-";"Ciclistas";NA;NA;NA;NA;NA;NA;NA;NA;NA;NA;NA;NA;NA;NA;NA;NA;NA;NA;NA;1;NA;NA;NA;NA;NA
31;"MG";3107307;"310730";"Bocaiúva";"Não";"-";"Ciclistas";NA;NA;NA;NA;NA;NA;1;NA;NA;NA;NA;NA;NA;NA;NA;NA;NA;NA;NA;1;NA;NA;NA;NA;NA
31;"MG";3107406;"310740";"Bom Despacho";"Não";"-";"Ciclistas";NA;NA;NA;NA;NA;1;NA;NA;NA;NA;NA;NA;NA;NA;NA;NA;NA;NA;NA;NA;NA;NA;NA;NA;NA
31;"MG";3108008;"310800";"Bom Sucesso";"Não";"-";"Ciclistas";NA;NA;NA;NA;NA;NA;NA;NA;NA;NA;NA;NA;NA;NA;NA;NA;NA;NA;NA;NA;NA;NA;NA;NA;NA
31;"MG";3108305;"310830";"Borda da Mata";"Não";"-";"Ciclistas";NA;NA;NA;NA;NA;NA;NA;NA;NA;NA;NA;NA;NA;NA;NA;NA;NA;NA;NA;NA;NA;NA;NA;NA;NA
31;"MG";3108552;"310855";"Brasilândia de Minas";"Não";"-";"Ciclistas";NA;NA;NA;NA;NA;NA;NA;NA;NA;NA;NA;NA;NA;1;NA;NA;NA;NA;NA;NA;NA;1;NA;NA;NA
31;"MG";3108909;"310890";"Brazópolis";"Não";"-";"Ciclistas";NA;NA;NA;NA;NA;NA;NA;NA;NA;NA;NA;NA;NA;NA;NA;NA;NA;NA;NA;NA;NA;NA;NA;NA;NA
31;"MG";3109006;"310900";"Brumadinho";"Não";"Região Metropolitana de Belo Horizonte";"Ciclistas";NA;NA;NA;NA;NA;NA;NA;NA;NA;NA;NA;NA;NA;NA;NA;NA;NA;NA;NA;1;NA;NA;NA;NA;NA
31;"MG";3109303;"310930";"Buritis";"Não";"Região Integrada de Desenvolvimento do Distrito Federal e Entorno";"Ciclistas";NA;NA;NA;NA;NA;NA;NA;NA;NA;NA;NA;NA;NA;NA;2;1;1;1;NA;NA;1;NA;NA;NA;NA
31;"MG";3109402;"310940";"Buritizeiro";"Não";"-";"Ciclistas";NA;NA;NA;NA;NA;NA;NA;NA;1;NA;2;NA;NA;1;NA;1;NA;NA;1;NA;NA;NA;NA;1;NA
31;"MG";3109501;"310950";"Cabo Verde";"Não";"-";"Ciclistas";NA;NA;NA;NA;NA;NA;NA;NA;NA;NA;NA;NA;NA;NA;NA;NA;NA;NA;NA;NA;NA;NA;NA;NA;NA
31;"MG";3109709;"310970";"Cachoeira de Minas";"Não";"-";"Ciclistas";NA;NA;NA;NA;NA;NA;NA;NA;NA;NA;NA;NA;1;NA;NA;NA;NA;NA;NA;NA;NA;NA;NA;NA;NA
31;"MG";3109808;"310980";"Cachoeira Dourada";"Não";"-";"Ciclistas";NA;NA;NA;NA;NA;NA;NA;NA;NA;NA;NA;NA;NA;NA;NA;1;NA;NA;NA;NA;NA;NA;NA;NA;NA
31;"MG";3110004;"311000";"Caeté";"Não";"Região Metropolitana de Belo Horizonte";"Ciclistas";NA;NA;NA;NA;NA;NA;NA;NA;NA;1;NA;NA;NA;1;NA;NA;NA;NA;NA;NA;NA;NA;NA;NA;NA
31;"MG";3110202;"311020";"Cajuri";"Não";"-";"Ciclistas";NA;NA;NA;NA;NA;NA;NA;NA;NA;NA;NA;NA;NA;NA;NA;NA;NA;NA;NA;NA;NA;NA;NA;NA;NA
31;"MG";3110509;"311050";"Camanducaia";"Não";"-";"Ciclistas";NA;NA;NA;NA;NA;NA;NA;NA;NA;NA;NA;NA;NA;NA;NA;NA;NA;NA;NA;NA;NA;NA;NA;NA;NA
31;"MG";3110608;"311060";"Cambuí";"Não";"-";"Ciclistas";NA;NA;NA;NA;NA;NA;NA;NA;NA;NA;NA;NA;NA;NA;NA;NA;NA;NA;NA;NA;NA;NA;NA;NA;NA
31;"MG";3110707;"311070";"Cambuquira";"Não";"-";"Ciclistas";NA;NA;NA;NA;NA;NA;NA;NA;NA;NA;NA;1;NA;NA;NA;NA;NA;1;NA;NA;NA;NA;NA;NA;NA
31;"MG";3110806;"311080";"Campanário";"Não";"-";"Ciclistas";NA;NA;NA;NA;1;NA;NA;NA;NA;NA;NA;NA;NA;NA;NA;NA;NA;NA;NA;NA;NA;NA;NA;NA;NA
31;"MG";3110905;"311090";"Campanha";"Não";"-";"Ciclistas";NA;NA;NA;NA;NA;NA;NA;NA;NA;NA;NA;NA;NA;NA;NA;NA;NA;NA;NA;NA;NA;NA;NA;NA;NA
31;"MG";3111002;"311100";"Campestre";"Não";"-";"Ciclistas";NA;NA;NA;NA;NA;NA;NA;NA;NA;NA;NA;NA;NA;NA;NA;NA;NA;NA;NA;NA;NA;NA;NA;NA;NA
31;"MG";3111101;"311110";"Campina Verde";"Não";"-";"Ciclistas";NA;NA;NA;NA;NA;NA;NA;NA;NA;NA;NA;NA;NA;NA;NA;NA;NA;NA;NA;NA;NA;NA;NA;NA;NA
31;"MG";3111150;"311115";"Campo Azul";"Não";"-";"Ciclistas";NA;NA;NA;NA;NA;NA;NA;NA;NA;NA;NA;NA;NA;NA;NA;NA;NA;NA;NA;NA;NA;1;NA;NA;NA
31;"MG";3111200;"311120";"Campo Belo";"Não";"-";"Ciclistas";NA;NA;NA;1;NA;1;NA;NA;NA;NA;NA;NA;NA;NA;NA;NA;NA;NA;NA;1;NA;NA;1;NA;NA
31;"MG";3111309;"311130";"Campo do Meio";"Não";"-";"Ciclistas";NA;NA;NA;NA;NA;NA;1;NA;NA;NA;NA;NA;NA;NA;NA;NA;NA;NA;NA;NA;NA;NA;NA;NA;NA
31;"MG";3111507;"311150";"Campos Altos";"Não";"-";"Ciclistas";NA;NA;NA;NA;NA;NA;NA;NA;NA;NA;NA;NA;NA;NA;NA;NA;NA;NA;NA;NA;NA;NA;NA;NA;NA
31;"MG";3111705;"311170";"Canaã";"Não";"-";"Ciclistas";NA;NA;NA;NA;NA;NA;NA;NA;NA;NA;NA;1;NA;NA;NA;NA;NA;NA;NA;NA;NA;NA;NA;NA;NA
31;"MG";3111804;"311180";"Canápolis";"Não";"-";"Ciclistas";NA;NA;NA;NA;NA;NA;NA;NA;NA;NA;NA;NA;NA;NA;NA;NA;NA;NA;NA;NA;NA;NA;NA;NA;NA
31;"MG";3112307;"311230";"Capelinha";"Não";"-";"Ciclistas";NA;NA;NA;NA;NA;NA;NA;NA;NA;NA;NA;NA;NA;NA;NA;NA;NA;NA;NA;NA;1;NA;2;NA;NA
31;"MG";3112406;"311240";"Capetinga";"Não";"-";"Ciclistas";NA;NA;NA;NA;NA;NA;1;NA;NA;NA;NA;NA;NA;NA;NA;NA;NA;NA;NA;NA;NA;NA;NA;NA;NA
31;"MG";3112604;"311260";"Capinópolis";"Não";"-";"Ciclistas";NA;NA;NA;NA;NA;NA;NA;NA;NA;NA;NA;NA;NA;NA;NA;NA;NA;NA;NA;NA;NA;NA;NA;NA;NA
31;"MG";3112653;"311265";"Capitão Andrade";"Não";"-";"Ciclistas";NA;NA;NA;NA;NA;NA;NA;NA;NA;NA;NA;NA;NA;NA;NA;NA;NA;NA;NA;NA;NA;NA;NA;NA;NA
31;"MG";3112703;"311270";"Capitão Enéas";"Não";"-";"Ciclistas";NA;NA;NA;NA;NA;NA;NA;NA;NA;NA;NA;NA;1;NA;NA;NA;NA;NA;NA;NA;NA;NA;1;NA;NA
31;"MG";3112901;"311290";"Caputira";"Não";"-";"Ciclistas";NA;NA;NA;1;NA;NA;NA;NA;NA;NA;NA;NA;NA;NA;NA;NA;NA;NA;NA;NA;NA;NA;NA;NA;NA
31;"MG";3113008;"311300";"Caraí";"Não";"-";"Ciclistas";NA;NA;NA;NA;NA;NA;NA;NA;NA;NA;NA;NA;NA;NA;NA;NA;NA;NA;NA;NA;NA;NA;1;NA;NA
31;"MG";3113206;"311320";"Carandaí";"Não";"-";"Ciclistas";NA;NA;NA;NA;NA;NA;NA;NA;NA;NA;NA;NA;NA;NA;NA;NA;NA;NA;NA;NA;NA;NA;NA;NA;NA
31;"MG";3113305;"311330";"Carangola";"Não";"-";"Ciclistas";NA;NA;NA;NA;NA;NA;NA;NA;NA;NA;NA;NA;NA;NA;NA;NA;NA;NA;NA;NA;1;NA;1;NA;NA
31;"MG";3113404;"311340";"Caratinga";"Não";"Colar Metropolitano";"Ciclistas";NA;NA;NA;NA;NA;NA;NA;NA;NA;NA;NA;NA;NA;NA;1;2;1;NA;NA;1;1;1;1;1;NA
31;"MG";3113701;"311370";"Carlos Chagas";"Não";"-";"Ciclistas";NA;NA;NA;NA;NA;NA;NA;NA;NA;NA;NA;NA;NA;NA;NA;NA;NA;NA;1;NA;NA;NA;NA;NA;NA
31;"MG";3114105;"311410";"Carmo de Minas";"Não";"-";"Ciclistas";NA;NA;NA;NA;NA;NA;NA;1;NA;NA;NA;NA;NA;NA;NA;NA;NA;NA;NA;NA;NA;NA;NA;NA;NA
31;"MG";3114204;"311420";"Carmo do Cajuru";"Não";"-";"Ciclistas";NA;NA;NA;NA;NA;NA;NA;NA;NA;NA;NA;NA;NA;NA;NA;NA;NA;NA;NA;NA;NA;NA;NA;NA;NA
31;"MG";3114303;"311430";"Carmo do Paranaíba";"Não";"-";"Ciclistas";NA;NA;NA;NA;NA;NA;NA;NA;NA;NA;NA;NA;NA;NA;NA;NA;NA;NA;NA;NA;NA;NA;NA;NA;NA
31;"MG";3114501;"311450";"Carmópolis de Minas";"Não";"-";"Ciclistas";NA;NA;NA;NA;NA;NA;NA;NA;NA;NA;NA;NA;NA;NA;NA;NA;NA;NA;NA;NA;NA;NA;NA;NA;NA
31;"MG";3115102;"311510";"Cássia";"Não";"-";"Ciclistas";NA;NA;NA;NA;NA;NA;NA;NA;NA;NA;NA;NA;NA;NA;NA;NA;NA;NA;NA;1;NA;NA;NA;NA;NA
31;"MG";3115300;"311530";"Cataguases";"Não";"-";"Ciclistas";NA;NA;1;NA;NA;NA;NA;NA;NA;NA;NA;NA;NA;2;1;NA;NA;NA;NA;NA;NA;NA;1;NA;NA
31;"MG";3115458;"311545";"Catuji";"Não";"-";"Ciclistas";NA;NA;NA;NA;NA;NA;1;1;NA;NA;NA;NA;1;1;NA;NA;NA;NA;NA;NA;NA;NA;NA;NA;NA
31;"MG";3115508;"311550";"Caxambu";"Não";"-";"Ciclistas";NA;NA;NA;NA;NA;NA;NA;NA;NA;NA;NA;NA;NA;NA;NA;NA;NA;NA;NA;NA;NA;NA;NA;NA;NA
31;"MG";3115805;"311580";"Centralina";"Não";"-";"Ciclistas";NA;NA;NA;NA;NA;NA;NA;NA;NA;NA;NA;NA;NA;NA;NA;NA;NA;NA;NA;NA;NA;NA;NA;NA;NA
31;"MG";3115904;"311590";"Chácara";"Não";"-";"Ciclistas";NA;NA;NA;NA;NA;NA;1;NA;NA;NA;NA;NA;NA;NA;NA;NA;NA;NA;NA;NA;NA;NA;NA;NA;NA
31;"MG";3116605;"311660";"Cláudio";"Não";"-";"Ciclistas";NA;NA;NA;NA;NA;NA;NA;NA;NA;NA;NA;NA;NA;NA;NA;1;1;NA;NA;NA;NA;NA;NA;NA;NA
31;"MG";3116704;"311670";"Coimbra";"Não";"-";"Ciclistas";NA;NA;NA;NA;NA;NA;NA;NA;NA;NA;NA;NA;NA;NA;NA;NA;NA;NA;NA;NA;NA;NA;NA;NA;NA
31;"MG";3116803;"311680";"Coluna";"Não";"-";"Ciclistas";NA;NA;NA;NA;NA;NA;NA;NA;NA;NA;NA;NA;NA;NA;NA;NA;NA;NA;NA;NA;NA;NA;NA;NA;NA
31;"MG";3117306;"311730";"Conceição das Alagoas";"Não";"-";"Ciclistas";NA;NA;NA;NA;NA;NA;1;NA;NA;NA;NA;NA;NA;NA;NA;NA;NA;NA;NA;NA;NA;NA;NA;NA;NA
31;"MG";3117702;"311770";"Conceição do Rio Verde";"Não";"-";"Ciclistas";NA;NA;NA;NA;NA;NA;NA;1;NA;NA;NA;NA;NA;NA;NA;NA;NA;NA;NA;NA;NA;NA;NA;NA;NA
31;"MG";3117900;"311790";"Congonhal";"Não";"-";"Ciclistas";NA;NA;NA;NA;NA;NA;NA;NA;NA;NA;NA;NA;NA;NA;NA;NA;NA;NA;NA;NA;NA;NA;NA;NA;NA
31;"MG";3118007;"311800";"Congonhas";"Não";"-";"Ciclistas";NA;NA;NA;NA;1;NA;NA;NA;NA;1;NA;NA;NA;NA;NA;1;NA;NA;NA;NA;NA;NA;NA;NA;NA
31;"MG";3118304;"311830";"Conselheiro Lafaiete";"Não";"-";"Ciclistas";NA;NA;NA;NA;NA;NA;NA;NA;NA;NA;NA;NA;NA;NA;NA;NA;NA;NA;NA;NA;2;1;NA;NA;NA
31;"MG";3118403;"311840";"Conselheiro Pena";"Não";"-";"Ciclistas";NA;NA;NA;NA;NA;NA;NA;NA;NA;NA;NA;NA;NA;NA;NA;NA;NA;1;NA;NA;NA;NA;NA;NA;NA
31;"MG";3118601;"311860";"Contagem";"Não";"Região Metropolitana de Belo Horizonte";"Ciclistas";NA;1;NA;NA;3;2;2;NA;NA;2;1;NA;NA;NA;NA;1;2;2;1;2;3;2;3;1;NA
31;"MG";3118908;"311890";"Cordisburgo";"Não";"-";"Ciclistas";NA;NA;NA;NA;NA;NA;NA;NA;NA;NA;NA;NA;NA;NA;NA;NA;NA;1;NA;NA;NA;NA;NA;NA;NA
31;"MG";3119203;"311920";"Coroaci";"Não";"-";"Ciclistas";NA;NA;NA;NA;NA;NA;NA;NA;NA;NA;NA;NA;NA;NA;NA;NA;NA;NA;NA;NA;NA;NA;NA;NA;NA
31;"MG";3119302;"311930";"Coromandel";"Não";"-";"Ciclistas";NA;NA;NA;NA;NA;NA;NA;NA;NA;NA;NA;NA;NA;NA;NA;NA;NA;NA;NA;NA;NA;NA;NA;NA;NA
31;"MG";3119401;"311940";"Coronel Fabriciano";"Não";"Região Metropolitana do Vale do Aço";"Ciclistas";NA;NA;NA;NA;NA;NA;NA;NA;NA;NA;NA;NA;NA;NA;NA;NA;NA;NA;NA;NA;1;NA;NA;NA;NA
31;"MG";3119609;"311960";"Coronel Pacheco";"Não";"-";"Ciclistas";NA;NA;NA;NA;NA;NA;NA;NA;NA;NA;NA;NA;NA;NA;NA;NA;NA;NA;NA;NA;NA;NA;NA;NA;NA
31;"MG";3119708;"311970";"Coronel Xavier Chaves";"Não";"-";"Ciclistas";NA;NA;NA;NA;NA;NA;NA;NA;NA;NA;NA;NA;NA;NA;NA;NA;NA;NA;NA;NA;NA;NA;NA;NA;NA
31;"MG";3120409;"312040";"Cristiano Otoni";"Não";"-";"Ciclistas";NA;NA;NA;NA;1;NA;NA;NA;NA;NA;NA;NA;NA;NA;NA;NA;NA;NA;NA;NA;NA;NA;NA;NA;NA
31;"MG";3120508;"312050";"Cristina";"Não";"-";"Ciclistas";NA;NA;NA;NA;NA;NA;NA;NA;NA;NA;NA;NA;NA;NA;NA;NA;NA;NA;1;NA;NA;NA;NA;NA;NA
31;"MG";3120706;"312070";"Cruzeiro da Fortaleza";"Não";"-";"Ciclistas";NA;NA;NA;NA;NA;NA;NA;NA;NA;NA;NA;NA;1;NA;NA;NA;NA;NA;NA;NA;NA;1;NA;NA;NA
31;"MG";3120805;"312080";"Cruzília";"Não";"-";"Ciclistas";NA;NA;NA;NA;NA;NA;NA;NA;NA;NA;NA;NA;NA;NA;NA;NA;NA;NA;NA;NA;NA;NA;NA;NA;NA
31;"MG";3120870;"312087";"Curral de Dentro";"Não";"-";"Ciclistas";NA;NA;NA;NA;NA;NA;NA;NA;NA;NA;NA;NA;1;NA;NA;NA;NA;NA;NA;NA;NA;NA;NA;NA;NA
31;"MG";3120904;"312090";"Curvelo";"Não";"-";"Ciclistas";NA;NA;NA;1;NA;NA;1;NA;NA;NA;1;1;NA;NA;NA;1;3;1;2;1;2;1;1;4;NA
31;"MG";3121100;"312110";"Delfim Moreira";"Não";"-";"Ciclistas";NA;NA;NA;NA;NA;NA;NA;NA;NA;NA;NA;NA;NA;NA;NA;NA;NA;NA;NA;NA;NA;NA;NA;NA;NA
31;"MG";3121407;"312140";"Desterro de Entre Rios";"Não";"-";"Ciclistas";NA;NA;NA;NA;NA;NA;NA;NA;NA;NA;NA;NA;NA;NA;NA;NA;NA;NA;NA;NA;NA;NA;1;NA;NA
31;"MG";3121605;"312160";"Diamantina";"Não";"-";"Ciclistas";NA;NA;NA;NA;NA;NA;NA;1;NA;1;1;NA;NA;NA;2;NA;1;NA;NA;NA;NA;NA;NA;1;NA
31;"MG";3122009;"312200";"Divino";"Não";"-";"Ciclistas";NA;NA;NA;NA;NA;1;NA;NA;NA;NA;NA;NA;NA;NA;NA;NA;NA;NA;NA;NA;NA;NA;NA;NA;NA
31;"MG";3122306;"312230";"Divinópolis";"Não";"-";"Ciclistas";NA;NA;NA;NA;NA;NA;NA;NA;NA;NA;1;NA;NA;1;NA;NA;NA;1;1;NA;NA;NA;NA;2;NA
31;"MG";3122355;"312235";"Divisa Alegre";"Não";"-";"Ciclistas";NA;NA;NA;1;NA;NA;NA;1;NA;NA;NA;NA;NA;NA;NA;NA;NA;NA;NA;NA;NA;NA;NA;NA;NA
31;"MG";3122470;"312247";"Dom Bosco";"Não";"-";"Ciclistas";NA;NA;NA;NA;NA;NA;NA;NA;NA;NA;1;NA;NA;NA;NA;NA;NA;NA;NA;NA;NA;NA;NA;NA;NA
31;"MG";3122504;"312250";"Dom Cavati";"Não";"Colar Metropolitano";"Ciclistas";NA;NA;NA;NA;NA;NA;NA;NA;NA;NA;NA;NA;NA;NA;NA;NA;NA;NA;NA;1;NA;NA;NA;NA;NA
31;"MG";3122603;"312260";"Dom Joaquim";"Não";"-";"Ciclistas";NA;NA;NA;NA;NA;NA;NA;NA;NA;NA;NA;NA;NA;NA;NA;NA;NA;NA;NA;1;NA;NA;NA;NA;NA
31;"MG";3123106;"312310";"Dores de Guanhães";"Não";"-";"Ciclistas";NA;NA;NA;NA;NA;NA;NA;NA;NA;NA;NA;NA;NA;NA;NA;NA;NA;NA;1;NA;NA;NA;NA;NA;NA
31;"MG";3123528;"312352";"Durandé";"Não";"-";"Ciclistas";NA;NA;NA;NA;NA;NA;NA;NA;NA;NA;NA;NA;NA;NA;NA;NA;NA;NA;NA;NA;NA;NA;NA;NA;NA
31;"MG";3123601;"312360";"Elói Mendes";"Não";"-";"Ciclistas";NA;NA;NA;NA;NA;NA;NA;NA;NA;NA;NA;NA;NA;NA;NA;NA;NA;NA;NA;NA;NA;NA;NA;NA;NA
31;"MG";3123700;"312370";"Engenheiro Caldas";"Não";"-";"Ciclistas";NA;NA;NA;1;NA;NA;NA;NA;NA;NA;NA;NA;NA;NA;NA;NA;NA;NA;1;NA;NA;NA;NA;1;NA
31;"MG";3123858;"312385";"Entre Folhas";"Não";"Colar Metropolitano";"Ciclistas";NA;NA;NA;NA;NA;NA;NA;NA;NA;NA;NA;NA;NA;NA;NA;NA;NA;NA;NA;NA;NA;1;NA;1;NA
31;"MG";3124005;"312400";"Ervália";"Não";"-";"Ciclistas";NA;NA;NA;NA;NA;NA;NA;NA;NA;NA;NA;NA;NA;NA;1;NA;NA;NA;NA;NA;NA;1;NA;NA;NA
31;"MG";3124104;"312410";"Esmeraldas";"Não";"Região Metropolitana de Belo Horizonte";"Ciclistas";NA;NA;NA;NA;NA;NA;NA;NA;NA;NA;1;NA;NA;NA;1;NA;NA;NA;1;NA;NA;NA;NA;NA;NA
31;"MG";3124203;"312420";"Espera Feliz";"Não";"-";"Ciclistas";NA;NA;NA;NA;NA;NA;NA;NA;NA;NA;NA;NA;NA;NA;NA;NA;NA;NA;NA;NA;NA;NA;NA;NA;NA
31;"MG";3124302;"312430";"Espinosa";"Não";"-";"Ciclistas";NA;NA;NA;1;NA;NA;NA;NA;NA;NA;NA;NA;NA;NA;NA;NA;NA;NA;NA;NA;NA;NA;1;NA;NA
31;"MG";3124500;"312450";"Estiva";"Não";"-";"Ciclistas";NA;NA;NA;NA;NA;NA;NA;NA;NA;NA;NA;NA;NA;NA;NA;NA;NA;NA;NA;NA;NA;NA;NA;NA;NA
31;"MG";3125101;"312510";"Extrema";"Não";"-";"Ciclistas";NA;NA;NA;NA;NA;NA;NA;NA;NA;NA;NA;NA;NA;NA;NA;NA;NA;NA;NA;NA;NA;NA;1;NA;NA
31;"MG";3125408;"312540";"Felício dos Santos";"Não";"-";"Ciclistas";NA;NA;NA;NA;NA;NA;NA;NA;NA;NA;NA;NA;NA;NA;NA;NA;NA;NA;NA;NA;NA;NA;NA;1;NA
31;"MG";3125903;"312590";"Ferros";"Não";"-";"Ciclistas";NA;NA;NA;NA;NA;NA;NA;NA;NA;NA;NA;NA;NA;NA;NA;NA;NA;NA;NA;NA;NA;NA;NA;NA;NA
31;"MG";3125952;"312595";"Fervedouro";"Não";"-";"Ciclistas";NA;NA;NA;NA;NA;NA;NA;NA;NA;NA;NA;NA;NA;NA;NA;1;NA;NA;NA;NA;1;NA;NA;NA;NA
31;"MG";3126109;"312610";"Formiga";"Não";"-";"Ciclistas";NA;NA;NA;NA;NA;NA;1;NA;NA;NA;NA;NA;NA;NA;NA;NA;NA;NA;NA;NA;1;NA;1;1;NA
31;"MG";3126208;"312620";"Formoso";"Não";"-";"Ciclistas";NA;NA;NA;NA;NA;NA;NA;NA;NA;NA;NA;NA;NA;NA;NA;NA;NA;NA;1;1;NA;NA;NA;NA;NA
31;"MG";3126406;"312640";"Fortuna de Minas";"Não";"Colar Metropolitano de Belo Horizonte";"Ciclistas";NA;NA;NA;NA;NA;NA;NA;NA;NA;NA;NA;NA;NA;NA;NA;NA;NA;NA;NA;NA;NA;NA;NA;NA;NA
31;"MG";3126703;"312670";"Francisco Sá";"Não";"-";"Ciclistas";NA;NA;NA;NA;NA;1;NA;NA;NA;NA;NA;NA;NA;NA;NA;NA;NA;NA;NA;NA;NA;NA;NA;NA;NA
31;"MG";3127008;"312700";"Fronteira";"Não";"-";"Ciclistas";NA;NA;NA;NA;NA;NA;NA;NA;NA;NA;NA;NA;NA;NA;NA;NA;NA;NA;1;NA;NA;NA;NA;NA;NA
31;"MG";3127107;"312710";"Frutal";"Não";"-";"Ciclistas";NA;NA;NA;NA;NA;NA;NA;NA;NA;NA;1;NA;NA;NA;NA;NA;1;NA;NA;NA;NA;2;NA;1;NA
31;"MG";3127305;"312730";"Galiléia";"Não";"-";"Ciclistas";NA;NA;NA;NA;NA;NA;NA;1;NA;NA;NA;NA;NA;NA;NA;NA;NA;1;NA;NA;NA;NA;NA;NA;NA
31;"MG";3127339;"312733";"Gameleiras";"Não";"-";"Ciclistas";NA;NA;NA;NA;NA;NA;NA;NA;NA;NA;NA;NA;NA;NA;NA;NA;NA;NA;NA;NA;NA;NA;NA;NA;NA
31;"MG";3127388;"312738";"Goianá";"Não";"-";"Ciclistas";NA;NA;NA;NA;NA;NA;NA;NA;NA;NA;NA;NA;NA;NA;NA;NA;NA;NA;NA;NA;NA;NA;NA;NA;NA
31;"MG";3127701;"312770";"Governador Valadares";"Não";"-";"Ciclistas";NA;1;2;5;9;12;4;7;10;3;2;1;2;5;6;12;3;12;7;8;16;7;9;8;NA
31;"MG";3127800;"312780";"Grão Mogol";"Não";"-";"Ciclistas";NA;NA;NA;NA;NA;NA;NA;NA;NA;NA;NA;NA;NA;NA;NA;1;NA;NA;NA;NA;NA;NA;NA;NA;NA
31;"MG";3128006;"312800";"Guanhães";"Não";"-";"Ciclistas";NA;NA;NA;NA;NA;NA;NA;1;NA;NA;NA;NA;NA;NA;1;NA;NA;NA;NA;NA;NA;NA;NA;NA;NA
31;"MG";3128105;"312810";"Guapé";"Não";"-";"Ciclistas";NA;NA;NA;NA;NA;NA;NA;NA;NA;NA;NA;NA;NA;NA;NA;NA;NA;NA;NA;NA;NA;NA;NA;NA;NA
31;"MG";3128204;"312820";"Guaraciaba";"Não";"-";"Ciclistas";NA;NA;NA;NA;NA;NA;NA;NA;NA;NA;1;NA;NA;NA;NA;NA;NA;NA;NA;NA;NA;NA;NA;NA;NA
31;"MG";3128253;"312825";"Guaraciama";"Não";"-";"Ciclistas";NA;NA;NA;NA;NA;NA;NA;1;NA;NA;NA;NA;NA;NA;NA;NA;NA;NA;NA;NA;NA;NA;NA;NA;NA
31;"MG";3128402;"312840";"Guarani";"Não";"-";"Ciclistas";NA;NA;NA;NA;NA;NA;NA;NA;NA;NA;NA;NA;NA;NA;NA;NA;NA;NA;NA;NA;NA;NA;NA;NA;NA
31;"MG";3128600;"312860";"Guarda-Mor";"Não";"-";"Ciclistas";NA;NA;NA;NA;NA;1;NA;NA;NA;NA;NA;NA;NA;NA;NA;NA;NA;NA;NA;NA;NA;NA;NA;NA;NA
31;"MG";3128709;"312870";"Guaxupé";"Não";"-";"Ciclistas";NA;1;NA;NA;NA;NA;1;NA;NA;1;NA;1;NA;NA;NA;NA;NA;1;NA;NA;1;1;NA;NA;NA
31;"MG";3128907;"312890";"Guimarânia";"Não";"-";"Ciclistas";NA;NA;NA;NA;NA;NA;NA;NA;NA;NA;NA;NA;NA;NA;NA;NA;NA;NA;NA;NA;NA;NA;NA;NA;NA
31;"MG";3129202;"312920";"Heliodora";"Não";"-";"Ciclistas";NA;NA;NA;NA;NA;NA;NA;NA;NA;NA;NA;NA;1;NA;NA;NA;NA;NA;NA;NA;NA;NA;NA;NA;NA
31;"MG";3129301;"312930";"Iapu";"Não";"Colar Metropolitano";"Ciclistas";NA;NA;NA;NA;NA;NA;NA;NA;NA;NA;NA;NA;NA;NA;NA;NA;NA;NA;NA;NA;NA;NA;NA;2;NA
31;"MG";3129400;"312940";"Ibertioga";"Não";"-";"Ciclistas";NA;NA;NA;NA;NA;NA;NA;NA;NA;NA;NA;NA;NA;NA;1;NA;NA;NA;NA;NA;NA;NA;NA;NA;NA
31;"MG";3129509;"312950";"Ibiá";"Não";"-";"Ciclistas";NA;NA;NA;NA;NA;NA;NA;NA;NA;NA;NA;NA;NA;NA;NA;NA;NA;NA;NA;NA;NA;NA;NA;NA;NA
31;"MG";3129806;"312980";"Ibirité";"Não";"Região Metropolitana de Belo Horizonte";"Ciclistas";1;NA;NA;NA;NA;1;NA;NA;NA;NA;NA;NA;NA;NA;NA;NA;NA;NA;NA;NA;NA;NA;NA;NA;NA
31;"MG";3130051;"313005";"Icaraí de Minas";"Não";"-";"Ciclistas";NA;NA;NA;NA;NA;NA;NA;NA;NA;NA;NA;NA;NA;NA;1;NA;NA;NA;NA;NA;NA;NA;NA;NA;NA
31;"MG";3130200;"313020";"Igaratinga";"Não";"-";"Ciclistas";NA;NA;NA;NA;NA;NA;NA;NA;NA;NA;1;NA;NA;NA;NA;NA;NA;NA;NA;NA;NA;NA;NA;NA;NA
31;"MG";3130903;"313090";"Inhapim";"Não";"-";"Ciclistas";NA;NA;NA;NA;NA;NA;NA;NA;NA;NA;NA;NA;NA;NA;NA;NA;NA;NA;NA;1;NA;1;NA;NA;NA
31;"MG";3131109;"313110";"Inimutaba";"Não";"-";"Ciclistas";NA;NA;NA;NA;1;NA;NA;NA;NA;NA;NA;NA;NA;NA;NA;NA;NA;NA;NA;NA;NA;NA;NA;NA;NA
31;"MG";3131208;"313120";"Ipanema";"Não";"-";"Ciclistas";NA;NA;NA;NA;NA;NA;NA;NA;NA;NA;NA;NA;NA;NA;NA;2;NA;NA;NA;NA;NA;NA;NA;NA;NA
31;"MG";3131307;"313130";"Ipatinga";"Não";"Região Metropolitana do Vale do Aço";"Ciclistas";1;NA;1;1;1;NA;3;1;NA;NA;NA;NA;1;NA;NA;NA;3;NA;2;2;2;2;1;3;NA
31;"MG";3131703;"313170";"Itabira";"Não";"-";"Ciclistas";NA;NA;NA;NA;NA;NA;NA;1;NA;NA;NA;NA;NA;1;NA;NA;NA;2;1;NA;NA;NA;NA;NA;NA
31;"MG";3131802;"313180";"Itabirinha";"Não";"-";"Ciclistas";NA;NA;NA;1;NA;NA;NA;NA;NA;NA;NA;NA;NA;NA;NA;NA;NA;1;NA;1;NA;NA;NA;NA;NA
31;"MG";3131901;"313190";"Itabirito";"Não";"Colar Metropolitano de Belo Horizonte";"Ciclistas";NA;NA;NA;NA;NA;NA;1;NA;NA;NA;NA;1;NA;NA;NA;NA;NA;1;NA;2;NA;1;1;NA;NA
31;"MG";3132008;"313200";"Itacambira";"Não";"-";"Ciclistas";NA;NA;NA;NA;NA;NA;NA;NA;NA;NA;NA;NA;NA;NA;NA;NA;NA;NA;NA;NA;NA;1;NA;NA;NA
31;"MG";3132107;"313210";"Itacarambi";"Não";"-";"Ciclistas";NA;NA;2;NA;NA;NA;NA;NA;NA;NA;NA;NA;NA;NA;NA;NA;1;NA;1;NA;NA;NA;NA;NA;NA
31;"MG";3132206;"313220";"Itaguara";"Não";"Região Metropolitana de Belo Horizonte";"Ciclistas";NA;NA;NA;NA;NA;NA;NA;NA;NA;NA;NA;NA;1;NA;NA;NA;NA;NA;NA;NA;NA;NA;NA;NA;NA
31;"MG";3132305;"313230";"Itaipé";"Não";"-";"Ciclistas";NA;NA;NA;NA;NA;NA;NA;NA;NA;NA;NA;1;NA;NA;NA;NA;NA;NA;NA;NA;NA;NA;NA;NA;NA
31;"MG";3132404;"313240";"Itajubá";"Não";"-";"Ciclistas";NA;NA;NA;NA;1;NA;NA;NA;NA;1;NA;NA;NA;NA;NA;NA;NA;NA;1;NA;NA;1;1;NA;NA
31;"MG";3132503;"313250";"Itamarandiba";"Não";"-";"Ciclistas";NA;NA;NA;NA;NA;NA;NA;NA;NA;NA;NA;NA;NA;NA;NA;NA;NA;NA;NA;NA;NA;NA;NA;NA;NA
31;"MG";3132701;"313270";"Itambacuri";"Não";"-";"Ciclistas";NA;NA;1;NA;NA;NA;NA;NA;NA;NA;NA;NA;1;NA;NA;NA;NA;NA;1;NA;NA;NA;NA;NA;NA
31;"MG";3133006;"313300";"Itamonte";"Não";"-";"Ciclistas";NA;NA;NA;NA;NA;NA;NA;NA;NA;NA;NA;NA;NA;NA;NA;NA;NA;NA;NA;NA;NA;NA;NA;NA;NA
31;"MG";3133105;"313310";"Itanhandu";"Não";"-";"Ciclistas";NA;NA;NA;NA;NA;NA;NA;NA;NA;NA;NA;NA;NA;NA;NA;NA;NA;NA;NA;NA;NA;NA;NA;NA;NA
31;"MG";3133204;"313320";"Itanhomi";"Não";"-";"Ciclistas";NA;NA;NA;NA;NA;NA;NA;NA;NA;NA;NA;NA;NA;NA;NA;NA;NA;NA;NA;1;NA;NA;NA;NA;NA
31;"MG";3133303;"313330";"Itaobim";"Não";"-";"Ciclistas";NA;NA;NA;NA;NA;NA;1;NA;NA;NA;NA;NA;NA;NA;NA;NA;NA;NA;1;NA;NA;NA;NA;1;NA
31;"MG";3133402;"313340";"Itapagipe";"Não";"-";"Ciclistas";NA;NA;NA;NA;NA;NA;NA;NA;NA;NA;NA;NA;NA;NA;NA;NA;NA;NA;1;NA;NA;NA;NA;NA;NA
31;"MG";3133501;"313350";"Itapecerica";"Não";"-";"Ciclistas";NA;NA;NA;NA;NA;NA;NA;NA;NA;NA;NA;NA;NA;NA;NA;NA;NA;NA;NA;NA;NA;NA;NA;NA;NA
31;"MG";3133709;"313370";"Itatiaiuçu";"Não";"Região Metropolitana de Belo Horizonte";"Ciclistas";NA;NA;NA;NA;NA;NA;NA;NA;NA;NA;NA;NA;NA;NA;1;NA;NA;NA;NA;NA;1;NA;NA;NA;NA
31;"MG";3133758;"313375";"Itaú de Minas";"Não";"-";"Ciclistas";NA;NA;NA;NA;NA;NA;NA;NA;NA;NA;NA;NA;NA;NA;NA;NA;NA;NA;NA;NA;NA;NA;NA;NA;NA
31;"MG";3133808;"313380";"Itaúna";"Não";"Colar Metropolitano de Belo Horizonte";"Ciclistas";NA;NA;NA;NA;NA;1;NA;1;1;NA;NA;NA;NA;NA;1;NA;NA;NA;NA;1;NA;NA;NA;NA;NA
31;"MG";3134004;"313400";"Itinga";"Não";"-";"Ciclistas";NA;NA;NA;NA;1;NA;NA;NA;NA;NA;NA;NA;NA;NA;NA;NA;1;NA;NA;NA;NA;NA;NA;NA;NA
31;"MG";3134202;"313420";"Ituiutaba";"Não";"-";"Ciclistas";1;NA;NA;NA;NA;NA;NA;NA;NA;1;NA;NA;1;NA;NA;1;NA;NA;NA;1;NA;1;NA;NA;NA
31;"MG";3134301;"313430";"Itumirim";"Não";"-";"Ciclistas";NA;NA;NA;NA;NA;NA;NA;NA;NA;NA;NA;1;NA;NA;NA;1;NA;NA;NA;NA;NA;NA;NA;NA;NA
31;"MG";3134400;"313440";"Iturama";"Não";"-";"Ciclistas";NA;NA;NA;NA;NA;NA;NA;NA;NA;NA;NA;NA;NA;NA;NA;NA;NA;1;NA;NA;NA;NA;NA;NA;NA
31;"MG";3134608;"313460";"Jaboticatubas";"Não";"Região Metropolitana de Belo Horizonte";"Ciclistas";NA;NA;NA;NA;NA;1;NA;NA;NA;NA;NA;NA;NA;NA;NA;NA;NA;NA;NA;NA;1;NA;1;NA;NA
31;"MG";3134806;"313480";"Jacuí";"Não";"-";"Ciclistas";NA;NA;NA;NA;NA;NA;NA;NA;NA;NA;NA;NA;NA;NA;NA;NA;NA;NA;NA;NA;NA;NA;NA;NA;NA
31;"MG";3134905;"313490";"Jacutinga";"Não";"-";"Ciclistas";NA;NA;NA;NA;NA;NA;NA;NA;NA;NA;NA;NA;NA;NA;NA;NA;NA;NA;NA;1;NA;NA;NA;NA;NA
31;"MG";3135050;"313505";"Jaíba";"Não";"-";"Ciclistas";NA;NA;1;NA;NA;NA;NA;NA;NA;NA;NA;NA;NA;NA;NA;NA;NA;NA;NA;NA;NA;NA;NA;NA;NA
31;"MG";3135100;"313510";"Janaúba";"Não";"-";"Ciclistas";NA;NA;NA;1;1;NA;NA;1;NA;NA;NA;NA;NA;3;NA;NA;NA;NA;NA;NA;NA;NA;NA;NA;NA
31;"MG";3135209;"313520";"Januária";"Não";"-";"Ciclistas";NA;NA;1;NA;NA;2;NA;NA;NA;1;NA;NA;NA;NA;2;NA;NA;NA;NA;1;NA;1;NA;NA;NA
31;"MG";3135357;"313535";"Japonvar";"Não";"-";"Ciclistas";NA;NA;NA;NA;NA;NA;NA;NA;NA;NA;NA;NA;1;NA;NA;NA;NA;NA;NA;NA;NA;NA;NA;NA;NA
31;"MG";3135407;"313540";"Jeceaba";"Não";"-";"Ciclistas";NA;NA;NA;NA;NA;NA;NA;NA;NA;NA;NA;NA;NA;NA;NA;NA;NA;NA;NA;NA;1;NA;NA;NA;NA
31;"MG";3135803;"313580";"Jequitinhonha";"Não";"-";"Ciclistas";NA;NA;NA;NA;NA;NA;NA;NA;NA;NA;NA;NA;NA;NA;NA;1;NA;1;NA;NA;NA;NA;NA;NA;NA
31;"MG";3136207;"313620";"João Monlevade";"Não";"-";"Ciclistas";NA;NA;NA;NA;NA;NA;NA;NA;NA;NA;1;NA;NA;NA;NA;NA;NA;NA;NA;NA;NA;NA;NA;NA;NA
31;"MG";3136306;"313630";"João Pinheiro";"Não";"-";"Ciclistas";NA;NA;NA;NA;NA;NA;NA;NA;NA;NA;NA;2;1;NA;NA;NA;NA;NA;NA;NA;NA;NA;NA;NA;NA
31;"MG";3136652;"313665";"Juatuba";"Não";"Região Metropolitana de Belo Horizonte";"Ciclistas";NA;NA;NA;NA;NA;NA;NA;1;NA;NA;1;NA;NA;NA;NA;NA;NA;NA;NA;NA;NA;NA;NA;NA;NA
31;"MG";3136702;"313670";"Juiz de Fora";"Não";"-";"Ciclistas";4;2;4;1;4;1;2;NA;1;4;1;NA;NA;2;NA;NA;NA;3;2;3;3;1;1;2;NA
31;"MG";3136801;"313680";"Juramento";"Não";"-";"Ciclistas";NA;NA;NA;NA;NA;NA;NA;NA;NA;NA;NA;NA;NA;NA;NA;NA;NA;NA;NA;NA;NA;NA;1;NA;NA
31;"MG";3136900;"313690";"Juruaia";"Não";"-";"Ciclistas";NA;NA;NA;NA;NA;NA;NA;NA;NA;NA;NA;NA;NA;NA;NA;NA;NA;NA;NA;NA;NA;NA;NA;2;NA
31;"MG";3137007;"313700";"Ladainha";"Não";"-";"Ciclistas";NA;NA;NA;NA;NA;NA;NA;NA;NA;NA;NA;NA;NA;NA;1;NA;NA;NA;NA;NA;NA;NA;NA;NA;NA
31;"MG";3137106;"313710";"Lagamar";"Não";"-";"Ciclistas";NA;NA;NA;NA;NA;NA;NA;NA;NA;NA;NA;NA;NA;NA;NA;NA;NA;NA;NA;NA;NA;NA;NA;1;NA
31;"MG";3137205;"313720";"Lagoa da Prata";"Não";"-";"Ciclistas";NA;NA;NA;NA;NA;NA;NA;1;NA;1;NA;NA;NA;NA;NA;NA;NA;NA;1;NA;NA;1;NA;NA;NA
31;"MG";3137403;"313740";"Lagoa Dourada";"Não";"-";"Ciclistas";NA;NA;NA;NA;NA;NA;NA;NA;NA;1;NA;NA;NA;NA;NA;NA;NA;NA;NA;NA;NA;NA;NA;NA;NA
31;"MG";3137502;"313750";"Lagoa Formosa";"Não";"-";"Ciclistas";NA;NA;NA;NA;NA;NA;NA;NA;NA;NA;NA;NA;NA;NA;NA;NA;NA;NA;NA;NA;NA;NA;NA;NA;NA
31;"MG";3137536;"313753";"Lagoa Grande";"Não";"-";"Ciclistas";NA;NA;NA;NA;NA;NA;NA;NA;NA;NA;NA;NA;NA;NA;NA;NA;NA;NA;NA;1;NA;NA;NA;NA;NA
31;"MG";3137601;"313760";"Lagoa Santa";"Não";"Região Metropolitana de Belo Horizonte";"Ciclistas";NA;NA;NA;NA;NA;NA;NA;NA;NA;NA;NA;NA;1;NA;NA;NA;NA;NA;NA;NA;NA;NA;NA;1;NA
31;"MG";3137809;"313780";"Lambari";"Não";"-";"Ciclistas";NA;NA;NA;NA;NA;NA;NA;NA;NA;NA;NA;NA;NA;NA;NA;NA;NA;NA;NA;NA;NA;NA;NA;NA;NA
31;"MG";3138104;"313810";"Lassance";"Não";"-";"Ciclistas";NA;NA;NA;NA;NA;NA;NA;NA;NA;NA;NA;NA;NA;NA;NA;NA;NA;NA;NA;NA;NA;NA;NA;NA;NA
31;"MG";3138203;"313820";"Lavras";"Não";"-";"Ciclistas";1;NA;2;NA;2;NA;2;1;NA;2;NA;NA;NA;NA;NA;NA;NA;NA;NA;1;2;NA;NA;NA;NA
31;"MG";3138401;"313840";"Leopoldina";"Não";"-";"Ciclistas";NA;NA;NA;NA;NA;NA;1;NA;NA;NA;NA;NA;NA;NA;NA;NA;NA;NA;NA;NA;NA;NA;NA;NA;NA
31;"MG";3138609;"313860";"Lima Duarte";"Não";"-";"Ciclistas";NA;NA;NA;NA;NA;NA;NA;NA;NA;NA;NA;NA;NA;NA;NA;NA;NA;NA;NA;NA;NA;NA;NA;NA;NA
31;"MG";3138807;"313880";"Luz";"Não";"-";"Ciclistas";NA;NA;NA;NA;NA;1;NA;NA;NA;NA;NA;NA;NA;NA;NA;NA;NA;NA;NA;NA;NA;NA;NA;NA;NA
31;"MG";3139003;"313900";"Machado";"Não";"-";"Ciclistas";NA;NA;NA;NA;NA;NA;NA;NA;NA;NA;NA;1;NA;NA;NA;NA;NA;NA;NA;NA;NA;NA;1;NA;NA
31;"MG";3139201;"313920";"Malacacheta";"Não";"-";"Ciclistas";NA;NA;NA;NA;NA;NA;NA;NA;NA;NA;1;NA;NA;1;NA;NA;NA;NA;NA;NA;NA;NA;1;NA;NA
31;"MG";3139409;"313940";"Manhuaçu";"Não";"-";"Ciclistas";NA;NA;NA;NA;1;1;NA;NA;NA;NA;NA;NA;NA;NA;1;NA;2;1;NA;NA;1;NA;NA;3;NA
31;"MG";3139508;"313950";"Manhumirim";"Não";"-";"Ciclistas";NA;NA;NA;NA;NA;NA;1;NA;NA;NA;NA;NA;NA;NA;NA;1;NA;NA;NA;NA;NA;NA;NA;NA;NA
31;"MG";3139607;"313960";"Mantena";"Não";"-";"Ciclistas";NA;NA;NA;NA;NA;NA;NA;NA;NA;NA;NA;NA;NA;NA;NA;NA;NA;1;NA;NA;NA;NA;NA;NA;NA
31;"MG";3139706;"313970";"Maravilhas";"Não";"-";"Ciclistas";NA;NA;NA;NA;NA;NA;NA;NA;NA;NA;NA;NA;NA;NA;NA;1;NA;NA;NA;1;NA;NA;NA;NA;NA
31;"MG";3139805;"313980";"Mar de Espanha";"Não";"-";"Ciclistas";NA;NA;NA;NA;1;NA;NA;NA;NA;NA;NA;NA;NA;NA;NA;NA;NA;NA;NA;NA;NA;NA;NA;NA;NA
31;"MG";3140001;"314000";"Mariana";"Não";"-";"Ciclistas";NA;NA;NA;NA;NA;NA;NA;NA;NA;NA;NA;NA;NA;NA;NA;NA;1;NA;NA;NA;NA;NA;NA;NA;NA
31;"MG";3140159;"314015";"Mário Campos";"Não";"Região Metropolitana de Belo Horizonte";"Ciclistas";NA;NA;NA;NA;NA;NA;NA;NA;NA;NA;NA;NA;NA;NA;NA;NA;NA;1;NA;NA;NA;NA;NA;NA;NA
31;"MG";3140209;"314020";"Maripá de Minas";"Não";"-";"Ciclistas";NA;NA;NA;NA;NA;NA;NA;NA;NA;NA;NA;NA;NA;NA;NA;NA;NA;NA;NA;NA;NA;NA;NA;NA;NA
31;"MG";3140506;"314050";"Martinho Campos";"Não";"-";"Ciclistas";NA;NA;NA;NA;NA;NA;NA;NA;NA;NA;NA;NA;NA;NA;NA;NA;NA;NA;NA;NA;NA;NA;NA;NA;NA
31;"MG";3140704;"314070";"Mateus Leme";"Não";"Região Metropolitana de Belo Horizonte";"Ciclistas";NA;NA;NA;NA;NA;NA;NA;NA;NA;NA;NA;1;NA;NA;NA;NA;NA;NA;NA;NA;NA;NA;NA;NA;NA
31;"MG";3140803;"314080";"Matias Barbosa";"Não";"-";"Ciclistas";NA;NA;NA;NA;NA;NA;NA;NA;NA;NA;NA;NA;NA;NA;NA;NA;NA;NA;NA;NA;NA;NA;NA;NA;NA
31;"MG";3140852;"314085";"Matias Cardoso";"Não";"-";"Ciclistas";NA;NA;NA;NA;NA;NA;NA;1;NA;NA;NA;NA;NA;NA;NA;NA;NA;NA;NA;NA;NA;NA;NA;NA;NA
31;"MG";3140902;"314090";"Matipó";"Não";"-";"Ciclistas";NA;NA;NA;NA;NA;NA;NA;NA;NA;NA;NA;NA;NA;NA;NA;NA;NA;NA;1;1;NA;NA;NA;NA;NA
31;"MG";3141009;"314100";"Mato Verde";"Não";"-";"Ciclistas";NA;NA;NA;NA;NA;NA;NA;NA;NA;NA;NA;NA;NA;NA;NA;NA;NA;NA;1;NA;NA;NA;NA;NA;NA
31;"MG";3141108;"314110";"Matozinhos";"Não";"Região Metropolitana de Belo Horizonte";"Ciclistas";NA;NA;NA;NA;NA;NA;NA;NA;NA;NA;NA;NA;NA;NA;NA;NA;NA;NA;NA;NA;NA;NA;NA;1;NA
31;"MG";3141207;"314120";"Matutina";"Não";"-";"Ciclistas";NA;NA;NA;NA;NA;NA;1;NA;NA;NA;NA;NA;NA;NA;NA;NA;NA;NA;NA;NA;NA;NA;NA;NA;NA
31;"MG";3141405;"314140";"Medina";"Não";"-";"Ciclistas";NA;NA;NA;NA;NA;1;NA;NA;NA;NA;NA;NA;NA;NA;NA;NA;NA;NA;1;NA;NA;NA;NA;NA;NA
31;"MG";3141603;"314160";"Mercês";"Não";"-";"Ciclistas";NA;NA;NA;NA;NA;1;NA;NA;NA;1;NA;NA;NA;NA;NA;NA;NA;NA;NA;NA;NA;NA;NA;NA;NA
31;"MG";3141801;"314180";"Minas Novas";"Não";"-";"Ciclistas";NA;NA;NA;NA;NA;NA;NA;NA;NA;NA;NA;NA;NA;NA;NA;NA;NA;NA;NA;NA;NA;NA;NA;NA;NA
31;"MG";3142007;"314200";"Mirabela";"Não";"-";"Ciclistas";NA;NA;NA;NA;NA;NA;NA;NA;NA;NA;NA;NA;NA;NA;1;NA;NA;NA;NA;NA;NA;NA;NA;NA;NA
31;"MG";3142254;"314225";"Miravânia";"Não";"-";"Ciclistas";NA;NA;NA;NA;NA;NA;NA;NA;NA;NA;NA;NA;NA;NA;NA;NA;NA;NA;NA;1;NA;NA;NA;NA;NA
31;"MG";3142403;"314240";"Moema";"Não";"-";"Ciclistas";NA;NA;1;NA;NA;NA;NA;NA;NA;NA;NA;NA;NA;NA;NA;NA;NA;NA;NA;NA;NA;NA;NA;NA;NA
31;"MG";3142908;"314290";"Monte Azul";"Não";"-";"Ciclistas";NA;NA;NA;NA;NA;NA;NA;NA;NA;NA;NA;NA;NA;NA;NA;NA;NA;NA;NA;NA;NA;NA;NA;1;NA
31;"MG";3143005;"314300";"Monte Belo";"Não";"-";"Ciclistas";NA;NA;NA;NA;NA;NA;NA;NA;NA;NA;NA;NA;NA;NA;NA;NA;NA;NA;NA;NA;NA;NA;NA;NA;NA
31;"MG";3143104;"314310";"Monte Carmelo";"Não";"-";"Ciclistas";NA;NA;NA;NA;NA;NA;NA;NA;NA;NA;NA;NA;NA;NA;NA;NA;1;NA;NA;NA;1;NA;NA;NA;NA
31;"MG";3143203;"314320";"Monte Santo de Minas";"Não";"-";"Ciclistas";NA;NA;NA;NA;NA;NA;NA;NA;NA;NA;NA;NA;NA;NA;NA;NA;NA;NA;NA;NA;NA;1;NA;NA;NA
31;"MG";3143302;"314330";"Montes Claros";"Não";"-";"Ciclistas";1;NA;1;4;NA;3;1;NA;2;1;3;2;NA;1;NA;1;1;NA;6;6;4;NA;1;6;NA
31;"MG";3143401;"314340";"Monte Sião";"Não";"-";"Ciclistas";NA;NA;NA;NA;NA;NA;NA;NA;NA;NA;NA;NA;1;NA;NA;NA;NA;NA;NA;NA;NA;NA;NA;NA;NA
31;"MG";3143450;"314345";"Montezuma";"Não";"-";"Ciclistas";NA;NA;NA;NA;NA;NA;NA;NA;NA;NA;NA;NA;NA;NA;NA;NA;NA;NA;NA;NA;NA;NA;NA;NA;NA
31;"MG";3143906;"314390";"Muriaé";"Não";"-";"Ciclistas";NA;NA;NA;NA;NA;NA;NA;NA;NA;NA;1;NA;1;1;1;1;NA;1;1;1;NA;NA;2;NA;NA
31;"MG";3144003;"314400";"Mutum";"Não";"-";"Ciclistas";NA;NA;NA;NA;NA;1;NA;1;NA;NA;NA;NA;NA;NA;NA;NA;NA;NA;NA;NA;NA;1;NA;NA;NA
31;"MG";3144102;"314410";"Muzambinho";"Não";"-";"Ciclistas";NA;NA;NA;NA;NA;NA;NA;NA;NA;NA;NA;NA;NA;NA;NA;NA;NA;NA;1;NA;NA;NA;NA;NA;NA
31;"MG";3144300;"314430";"Nanuque";"Não";"-";"Ciclistas";NA;NA;NA;1;NA;NA;1;NA;NA;1;NA;NA;NA;NA;NA;NA;NA;NA;NA;NA;NA;1;NA;1;NA
31;"MG";3144359;"314435";"Naque";"Não";"Colar Metropolitano";"Ciclistas";NA;NA;NA;NA;NA;NA;NA;NA;NA;NA;NA;NA;NA;NA;NA;NA;NA;NA;NA;NA;NA;NA;NA;NA;NA
31;"MG";3144656;"314465";"Ninheira";"Não";"-";"Ciclistas";NA;NA;NA;NA;NA;NA;NA;NA;NA;NA;1;NA;NA;NA;NA;NA;NA;NA;NA;NA;NA;NA;NA;NA;NA
31;"MG";3144672;"314467";"Nova Belém";"Não";"-";"Ciclistas";NA;NA;NA;NA;NA;NA;NA;NA;NA;1;NA;NA;NA;NA;NA;NA;NA;NA;NA;NA;NA;NA;NA;NA;NA
31;"MG";3144706;"314470";"Nova Era";"Não";"-";"Ciclistas";NA;NA;1;NA;NA;NA;NA;NA;NA;NA;NA;NA;NA;NA;NA;NA;NA;NA;NA;NA;NA;NA;NA;NA;NA
31;"MG";3144805;"314480";"Nova Lima";"Não";"Região Metropolitana de Belo Horizonte";"Ciclistas";NA;NA;NA;5;NA;NA;1;2;NA;NA;NA;NA;1;NA;NA;NA;NA;NA;NA;NA;NA;NA;NA;NA;NA
31;"MG";3145000;"314500";"Nova Ponte";"Não";"-";"Ciclistas";NA;NA;NA;NA;NA;NA;NA;NA;NA;1;NA;NA;NA;NA;NA;NA;NA;NA;1;NA;NA;NA;1;NA;NA
31;"MG";3145208;"314520";"Nova Serrana";"Não";"-";"Ciclistas";NA;1;NA;NA;NA;NA;NA;NA;NA;1;NA;NA;NA;NA;NA;NA;3;NA;NA;NA;NA;1;NA;1;NA
31;"MG";3145307;"314530";"Novo Cruzeiro";"Não";"-";"Ciclistas";NA;NA;NA;NA;NA;NA;NA;NA;NA;1;1;NA;NA;NA;NA;NA;NA;NA;NA;1;NA;NA;NA;NA;NA
31;"MG";3145406;"314540";"Olaria";"Não";"-";"Ciclistas";NA;NA;NA;NA;NA;NA;NA;NA;NA;NA;NA;1;NA;NA;NA;NA;NA;NA;NA;NA;NA;NA;NA;NA;NA
31;"MG";3145604;"314560";"Oliveira";"Não";"-";"Ciclistas";NA;NA;NA;NA;NA;NA;NA;NA;NA;NA;NA;NA;NA;NA;NA;NA;NA;NA;NA;NA;NA;NA;NA;NA;NA
31;"MG";3145901;"314590";"Ouro Branco";"Não";"-";"Ciclistas";NA;NA;NA;NA;NA;NA;NA;NA;NA;NA;NA;NA;NA;NA;NA;NA;NA;NA;NA;NA;NA;NA;NA;NA;NA
31;"MG";3146008;"314600";"Ouro Fino";"Não";"-";"Ciclistas";NA;NA;NA;NA;NA;NA;NA;NA;NA;NA;NA;NA;NA;NA;NA;NA;NA;NA;NA;NA;NA;NA;NA;NA;NA
31;"MG";3146107;"314610";"Ouro Preto";"Não";"-";"Ciclistas";NA;NA;NA;NA;NA;NA;NA;NA;NA;NA;NA;NA;NA;1;NA;NA;NA;NA;NA;NA;1;NA;NA;NA;NA
31;"MG";3146206;"314620";"Ouro Verde de Minas";"Não";"-";"Ciclistas";NA;NA;NA;NA;NA;NA;1;NA;NA;NA;NA;NA;NA;NA;NA;NA;NA;NA;NA;NA;NA;NA;NA;NA;NA
31;"MG";3146305;"314630";"Padre Paraíso";"Não";"-";"Ciclistas";NA;NA;NA;NA;NA;NA;NA;NA;NA;1;NA;NA;NA;1;NA;NA;NA;NA;NA;NA;NA;NA;NA;NA;NA
31;"MG";3146552;"314655";"Pai Pedro";"Não";"-";"Ciclistas";NA;NA;NA;NA;NA;NA;NA;NA;NA;NA;NA;1;NA;NA;NA;NA;NA;NA;NA;NA;NA;NA;NA;NA;NA
31;"MG";3146701;"314670";"Palma";"Não";"-";"Ciclistas";NA;NA;NA;NA;NA;NA;NA;NA;NA;NA;NA;NA;NA;NA;NA;NA;NA;NA;NA;NA;NA;NA;NA;NA;NA
31;"MG";3146909;"314690";"Papagaios";"Não";"-";"Ciclistas";NA;NA;NA;NA;NA;NA;NA;NA;NA;NA;NA;1;NA;NA;NA;NA;NA;NA;NA;NA;NA;NA;NA;NA;NA
31;"MG";3147006;"314700";"Paracatu";"Não";"-";"Ciclistas";NA;1;NA;NA;NA;NA;NA;NA;NA;NA;1;NA;NA;NA;NA;NA;NA;NA;NA;NA;NA;NA;NA;NA;NA
31;"MG";3147105;"314710";"Pará de Minas";"Não";"Colar Metropolitano de Belo Horizonte";"Ciclistas";1;NA;1;NA;2;NA;NA;NA;NA;2;1;NA;1;1;NA;1;1;2;2;1;1;NA;NA;2;NA
31;"MG";3147204;"314720";"Paraguaçu";"Não";"-";"Ciclistas";NA;NA;NA;NA;NA;NA;NA;NA;NA;NA;NA;NA;NA;NA;NA;NA;NA;NA;NA;NA;NA;NA;NA;1;NA
31;"MG";3147303;"314730";"Paraisópolis";"Não";"-";"Ciclistas";NA;NA;NA;NA;NA;NA;NA;NA;NA;NA;NA;NA;NA;NA;NA;NA;NA;NA;NA;NA;NA;NA;NA;NA;NA
31;"MG";3147402;"314740";"Paraopeba";"Não";"-";"Ciclistas";NA;NA;NA;NA;NA;NA;NA;NA;NA;NA;NA;NA;NA;NA;1;NA;NA;NA;NA;NA;NA;1;NA;NA;NA
31;"MG";3147600;"314760";"Passa Quatro";"Não";"-";"Ciclistas";NA;NA;NA;NA;NA;NA;NA;NA;NA;NA;NA;NA;NA;NA;NA;NA;NA;NA;NA;NA;NA;NA;NA;NA;NA
31;"MG";3147907;"314790";"Passos";"Não";"-";"Ciclistas";NA;2;NA;1;3;1;NA;NA;NA;1;NA;NA;NA;NA;1;NA;NA;NA;NA;NA;NA;NA;NA;1;NA
31;"MG";3148004;"314800";"Patos de Minas";"Não";"-";"Ciclistas";NA;2;NA;NA;NA;1;NA;NA;NA;1;1;2;1;1;1;2;NA;1;2;NA;NA;NA;1;2;NA
31;"MG";3148103;"314810";"Patrocínio";"Não";"-";"Ciclistas";1;NA;NA;NA;NA;NA;1;NA;NA;NA;1;NA;NA;NA;1;NA;NA;1;NA;NA;NA;NA;1;NA;NA
31;"MG";3148301;"314830";"Paula Cândido";"Não";"-";"Ciclistas";NA;NA;NA;NA;NA;NA;NA;NA;NA;1;NA;NA;NA;NA;NA;NA;NA;NA;NA;NA;NA;1;NA;NA;NA
31;"MG";3148400;"314840";"Paulistas";"Não";"-";"Ciclistas";NA;NA;NA;NA;NA;NA;NA;NA;NA;NA;NA;NA;NA;NA;NA;NA;NA;NA;NA;NA;NA;NA;NA;1;NA
31;"MG";3148608;"314860";"Peçanha";"Não";"-";"Ciclistas";NA;NA;NA;NA;NA;NA;NA;NA;NA;NA;1;NA;NA;NA;NA;NA;NA;NA;NA;NA;NA;NA;NA;NA;NA
31;"MG";3148707;"314870";"Pedra Azul";"Não";"-";"Ciclistas";NA;NA;NA;NA;NA;NA;NA;NA;NA;NA;NA;NA;NA;NA;NA;NA;NA;1;NA;NA;NA;NA;NA;NA;NA
31;"MG";3149002;"314900";"Pedra Dourada";"Não";"-";"Ciclistas";NA;NA;NA;NA;NA;NA;NA;NA;NA;NA;NA;NA;NA;NA;NA;NA;NA;NA;NA;NA;NA;NA;NA;NA;NA
31;"MG";3149101;"314910";"Pedralva";"Não";"-";"Ciclistas";NA;NA;NA;NA;NA;NA;NA;NA;NA;NA;NA;NA;NA;NA;NA;1;NA;NA;NA;NA;NA;NA;NA;NA;NA
31;"MG";3149309;"314930";"Pedro Leopoldo";"Não";"Região Metropolitana de Belo Horizonte";"Ciclistas";NA;NA;NA;NA;NA;NA;1;NA;1;NA;NA;NA;NA;NA;NA;NA;NA;NA;NA;NA;NA;NA;NA;NA;NA
31;"MG";3149705;"314970";"Perdigão";"Não";"-";"Ciclistas";NA;NA;NA;NA;NA;NA;NA;1;NA;NA;NA;NA;NA;NA;NA;NA;NA;NA;NA;NA;NA;NA;NA;NA;NA
31;"MG";3149903;"314990";"Perdões";"Não";"-";"Ciclistas";NA;NA;NA;NA;NA;NA;1;NA;NA;NA;NA;NA;NA;1;NA;NA;NA;NA;NA;NA;NA;NA;NA;NA;NA
31;"MG";3150109;"315010";"Piau";"Não";"-";"Ciclistas";NA;NA;NA;NA;NA;NA;NA;NA;NA;NA;NA;NA;NA;NA;NA;NA;NA;NA;NA;NA;NA;1;NA;NA;NA
31;"MG";3150158;"315015";"Piedade de Caratinga";"Não";"-";"Ciclistas";NA;NA;NA;NA;NA;NA;NA;NA;NA;NA;NA;NA;NA;NA;NA;NA;NA;NA;NA;NA;NA;NA;NA;1;NA
31;"MG";3150505;"315050";"Pimenta";"Não";"-";"Ciclistas";NA;NA;NA;NA;NA;NA;NA;NA;NA;NA;NA;NA;NA;NA;NA;NA;NA;NA;NA;NA;NA;NA;NA;NA;NA
31;"MG";3150539;"315053";"Pingo-d'Água";"Não";"Colar Metropolitano";"Ciclistas";NA;NA;NA;NA;NA;NA;NA;NA;NA;NA;NA;NA;NA;1;NA;NA;NA;NA;NA;NA;NA;NA;NA;NA;NA
31;"MG";3151008;"315100";"Piranguinho";"Não";"-";"Ciclistas";NA;NA;NA;NA;NA;NA;NA;NA;NA;NA;NA;NA;NA;NA;NA;NA;NA;NA;NA;NA;NA;NA;NA;NA;NA
31;"MG";3151206;"315120";"Pirapora";"Não";"-";"Ciclistas";NA;1;NA;1;NA;NA;NA;NA;NA;1;1;NA;3;1;4;2;1;1;NA;NA;1;1;NA;NA;NA
31;"MG";3151305;"315130";"Piraúba";"Não";"-";"Ciclistas";NA;NA;NA;NA;NA;NA;NA;NA;NA;NA;NA;NA;NA;NA;NA;NA;NA;NA;NA;NA;NA;NA;NA;NA;NA
31;"MG";3151503;"315150";"Piumhi";"Não";"-";"Ciclistas";NA;NA;NA;NA;NA;NA;NA;NA;NA;1;NA;NA;NA;NA;NA;NA;NA;NA;NA;NA;NA;NA;NA;NA;NA
31;"MG";3151701;"315170";"Poço Fundo";"Não";"-";"Ciclistas";NA;NA;NA;NA;NA;NA;NA;NA;NA;NA;NA;NA;NA;NA;NA;NA;NA;NA;NA;NA;NA;NA;NA;NA;NA
31;"MG";3151800;"315180";"Poços de Caldas";"Não";"-";"Ciclistas";NA;NA;NA;1;NA;NA;NA;NA;NA;NA;NA;NA;NA;NA;NA;1;NA;NA;NA;NA;NA;NA;NA;NA;NA
31;"MG";3151909;"315190";"Pocrane";"Não";"-";"Ciclistas";NA;NA;NA;NA;NA;NA;NA;NA;NA;NA;NA;NA;NA;NA;NA;NA;NA;NA;NA;NA;NA;NA;NA;NA;NA
31;"MG";3152006;"315200";"Pompéu";"Não";"-";"Ciclistas";NA;NA;NA;1;NA;NA;NA;NA;NA;NA;NA;1;NA;NA;NA;NA;1;NA;NA;NA;NA;4;NA;1;NA
31;"MG";3152105;"315210";"Ponte Nova";"Não";"-";"Ciclistas";NA;NA;NA;NA;NA;NA;NA;NA;NA;NA;1;3;NA;NA;NA;NA;NA;1;1;2;2;NA;NA;1;NA
31;"MG";3152204;"315220";"Porteirinha";"Não";"-";"Ciclistas";NA;NA;NA;NA;NA;NA;NA;NA;NA;NA;NA;NA;NA;NA;NA;NA;NA;NA;NA;NA;NA;NA;NA;NA;NA
31;"MG";3152303;"315230";"Porto Firme";"Não";"-";"Ciclistas";NA;NA;NA;NA;NA;NA;NA;NA;NA;NA;NA;NA;NA;1;NA;NA;NA;NA;NA;NA;NA;NA;NA;NA;NA
31;"MG";3152402;"315240";"Poté";"Não";"-";"Ciclistas";NA;NA;NA;NA;NA;NA;NA;NA;NA;NA;NA;NA;NA;1;1;NA;NA;NA;NA;NA;NA;NA;2;1;NA
31;"MG";3152501;"315250";"Pouso Alegre";"Não";"-";"Ciclistas";NA;NA;NA;NA;NA;NA;NA;1;NA;NA;NA;NA;NA;NA;1;NA;NA;NA;NA;2;2;1;3;1;NA
31;"MG";3152600;"315260";"Pouso Alto";"Não";"-";"Ciclistas";NA;NA;NA;NA;NA;NA;NA;NA;NA;NA;NA;NA;NA;NA;NA;NA;NA;NA;NA;NA;NA;NA;NA;NA;NA
31;"MG";3152709;"315270";"Prados";"Não";"-";"Ciclistas";NA;NA;NA;NA;NA;NA;NA;NA;1;NA;NA;NA;NA;NA;NA;NA;NA;2;1;NA;NA;NA;NA;NA;NA
31;"MG";3152808;"315280";"Prata";"Não";"-";"Ciclistas";NA;NA;NA;NA;NA;NA;NA;NA;NA;1;NA;NA;NA;NA;NA;NA;NA;NA;NA;NA;NA;NA;NA;NA;NA
31;"MG";3153400;"315340";"Presidente Olegário";"Não";"-";"Ciclistas";NA;NA;NA;NA;NA;NA;NA;NA;NA;NA;NA;NA;NA;1;1;NA;NA;NA;NA;NA;NA;NA;NA;1;NA
31;"MG";3153509;"315350";"Alto Jequitibá";"Não";"-";"Ciclistas";NA;NA;NA;NA;NA;NA;NA;NA;NA;NA;NA;NA;NA;NA;NA;NA;NA;NA;NA;NA;NA;NA;NA;NA;NA
31;"MG";3153608;"315360";"Prudente de Morais";"Não";"Colar Metropolitano de Belo Horizonte";"Ciclistas";NA;NA;NA;NA;1;NA;NA;NA;NA;NA;NA;NA;NA;NA;NA;NA;NA;NA;NA;NA;NA;NA;1;NA;NA
31;"MG";3154002;"315400";"Raul Soares";"Não";"-";"Ciclistas";NA;NA;NA;NA;NA;NA;NA;NA;NA;NA;NA;NA;1;1;NA;NA;NA;1;NA;NA;NA;NA;NA;NA;NA
31;"MG";3154309;"315430";"Resplendor";"Não";"-";"Ciclistas";NA;NA;NA;NA;NA;NA;NA;NA;NA;NA;1;1;NA;NA;NA;NA;NA;NA;NA;NA;NA;NA;NA;1;NA
31;"MG";3154408;"315440";"Ressaquinha";"Não";"-";"Ciclistas";NA;NA;NA;NA;NA;NA;NA;NA;NA;NA;NA;NA;NA;NA;NA;NA;NA;NA;NA;NA;NA;NA;NA;NA;NA
31;"MG";3154457;"315445";"Riachinho";"Não";"-";"Ciclistas";NA;NA;NA;NA;NA;NA;NA;NA;NA;NA;NA;NA;1;NA;NA;NA;1;NA;NA;NA;NA;1;NA;NA;NA
31;"MG";3154606;"315460";"Ribeirão das Neves";"Não";"Região Metropolitana de Belo Horizonte";"Ciclistas";1;NA;1;NA;NA;NA;NA;NA;NA;NA;NA;NA;NA;NA;1;NA;NA;NA;NA;NA;NA;NA;NA;1;NA
31;"MG";3154903;"315490";"Rio Casca";"Não";"-";"Ciclistas";NA;NA;NA;NA;NA;NA;NA;NA;NA;NA;NA;NA;NA;NA;NA;NA;NA;NA;NA;NA;NA;NA;NA;NA;NA
31;"MG";3155306;"315530";"Rio Manso";"Não";"Região Metropolitana de Belo Horizonte";"Ciclistas";NA;NA;NA;NA;NA;NA;NA;NA;NA;NA;NA;NA;NA;NA;NA;NA;NA;NA;NA;NA;NA;NA;NA;NA;NA
31;"MG";3155405;"315540";"Rio Novo";"Não";"-";"Ciclistas";NA;NA;NA;NA;NA;NA;NA;NA;NA;NA;NA;1;NA;NA;NA;NA;NA;NA;NA;NA;NA;NA;NA;NA;NA
31;"MG";3155504;"315550";"Rio Paranaíba";"Não";"-";"Ciclistas";NA;NA;NA;NA;NA;NA;NA;NA;NA;NA;NA;NA;NA;NA;NA;NA;NA;NA;NA;1;NA;NA;NA;NA;NA
31;"MG";3155702;"315570";"Rio Piracicaba";"Não";"-";"Ciclistas";NA;NA;NA;NA;NA;NA;NA;NA;NA;NA;NA;NA;NA;NA;NA;NA;NA;NA;1;NA;NA;NA;NA;NA;NA
31;"MG";3155801;"315580";"Rio Pomba";"Não";"-";"Ciclistas";NA;NA;NA;NA;NA;NA;NA;NA;NA;2;NA;NA;NA;NA;NA;1;NA;NA;NA;NA;NA;NA;NA;1;NA
31;"MG";3156205;"315620";"Rochedo de Minas";"Não";"-";"Ciclistas";NA;NA;NA;NA;NA;NA;NA;NA;NA;NA;NA;NA;NA;NA;NA;NA;NA;NA;NA;1;NA;NA;NA;NA;NA
31;"MG";3156304;"315630";"Rodeiro";"Não";"-";"Ciclistas";NA;NA;NA;NA;NA;NA;NA;NA;NA;NA;NA;NA;NA;NA;NA;NA;NA;NA;NA;NA;NA;NA;NA;NA;NA
31;"MG";3156452;"315645";"Rosário da Limeira";"Não";"-";"Ciclistas";NA;NA;NA;NA;NA;NA;NA;NA;NA;NA;NA;NA;NA;NA;NA;NA;NA;NA;NA;NA;NA;NA;NA;NA;NA
31;"MG";3156700;"315670";"Sabará";"Não";"Região Metropolitana de Belo Horizonte";"Ciclistas";NA;NA;NA;NA;NA;NA;NA;NA;NA;NA;1;NA;NA;2;NA;1;1;1;NA;NA;NA;NA;NA;NA;NA
31;"MG";3156809;"315680";"Sabinópolis";"Não";"-";"Ciclistas";NA;NA;NA;NA;NA;1;NA;NA;NA;1;NA;NA;NA;NA;NA;NA;NA;NA;NA;NA;NA;NA;NA;NA;NA
31;"MG";3156908;"315690";"Sacramento";"Não";"-";"Ciclistas";NA;NA;NA;NA;NA;NA;NA;NA;NA;NA;NA;NA;NA;NA;2;NA;NA;NA;NA;NA;1;NA;NA;NA;NA
31;"MG";3157005;"315700";"Salinas";"Não";"-";"Ciclistas";NA;NA;NA;NA;NA;1;NA;NA;NA;NA;NA;NA;NA;NA;NA;1;NA;NA;NA;NA;NA;NA;NA;NA;NA
31;"MG";3157203;"315720";"Santa Bárbara";"Não";"Colar Metropolitano de Belo Horizonte";"Ciclistas";NA;NA;NA;NA;NA;NA;NA;NA;NA;NA;NA;NA;NA;1;NA;NA;NA;NA;NA;NA;NA;NA;NA;NA;NA
31;"MG";3157401;"315740";"Santa Cruz do Escalvado";"Não";"-";"Ciclistas";NA;NA;NA;NA;NA;NA;NA;NA;NA;NA;NA;NA;NA;NA;NA;NA;NA;NA;NA;NA;NA;NA;NA;1;NA
31;"MG";3157807;"315780";"Santa Luzia";"Não";"Região Metropolitana de Belo Horizonte";"Ciclistas";NA;NA;NA;NA;NA;NA;NA;NA;NA;NA;NA;NA;NA;NA;NA;NA;1;NA;1;NA;NA;NA;NA;NA;NA
31;"MG";3157906;"315790";"Santa Margarida";"Não";"-";"Ciclistas";NA;NA;NA;NA;NA;NA;NA;NA;NA;NA;NA;NA;NA;NA;NA;1;NA;NA;NA;NA;NA;NA;NA;NA;NA
31;"MG";3158102;"315810";"Santa Maria do Salto";"Não";"-";"Ciclistas";NA;NA;NA;NA;NA;NA;NA;NA;NA;NA;NA;NA;NA;NA;NA;NA;NA;NA;NA;NA;NA;NA;1;NA;NA
31;"MG";3158409;"315840";"Santana de Cataguases";"Não";"-";"Ciclistas";NA;NA;NA;NA;NA;NA;NA;NA;NA;NA;NA;NA;NA;NA;NA;NA;NA;NA;NA;NA;NA;NA;NA;NA;NA
31;"MG";3158953;"315895";"Santana do Paraíso";"Não";"Região Metropolitana do Vale do Aço";"Ciclistas";NA;NA;NA;NA;NA;NA;NA;NA;NA;NA;NA;NA;NA;NA;NA;NA;NA;NA;1;NA;NA;NA;NA;1;NA
31;"MG";3159357;"315935";"Santa Rita de Minas";"Não";"-";"Ciclistas";NA;NA;NA;NA;NA;NA;NA;NA;NA;NA;NA;NA;NA;NA;NA;NA;NA;NA;NA;NA;NA;1;NA;NA;NA
31;"MG";3159605;"315960";"Santa Rita do Sapucaí";"Não";"-";"Ciclistas";NA;NA;NA;NA;NA;NA;NA;NA;NA;NA;NA;NA;NA;NA;NA;NA;NA;NA;1;1;NA;NA;NA;NA;NA
31;"MG";3159803;"315980";"Santa Vitória";"Não";"-";"Ciclistas";NA;NA;NA;NA;NA;NA;NA;NA;NA;NA;NA;NA;NA;NA;NA;NA;NA;NA;NA;NA;NA;NA;NA;1;NA
31;"MG";3159902;"315990";"Santo Antônio do Amparo";"Não";"-";"Ciclistas";NA;NA;NA;NA;NA;NA;NA;NA;NA;NA;NA;NA;NA;NA;NA;NA;NA;NA;NA;NA;NA;NA;NA;NA;NA
31;"MG";3160405;"316040";"Santo Antônio do Monte";"Não";"-";"Ciclistas";NA;1;NA;NA;NA;NA;NA;NA;NA;NA;NA;NA;NA;NA;NA;NA;1;NA;1;NA;NA;NA;NA;NA;NA
31;"MG";3160702;"316070";"Santos Dumont";"Não";"-";"Ciclistas";NA;NA;NA;NA;NA;NA;NA;NA;NA;NA;NA;1;NA;NA;NA;NA;NA;NA;NA;NA;NA;NA;NA;NA;NA
31;"MG";3161106;"316110";"São Francisco";"Não";"-";"Ciclistas";NA;NA;NA;NA;NA;NA;NA;NA;NA;NA;1;NA;NA;1;1;NA;1;NA;NA;NA;NA;NA;NA;NA;NA
31;"MG";3161205;"316120";"São Francisco de Paula";"Não";"-";"Ciclistas";NA;NA;NA;NA;NA;NA;NA;NA;NA;NA;NA;NA;NA;NA;NA;NA;NA;NA;NA;NA;NA;NA;NA;NA;NA
31;"MG";3161502;"316150";"São Geraldo";"Não";"-";"Ciclistas";NA;NA;NA;NA;NA;NA;NA;NA;NA;NA;NA;NA;NA;NA;NA;NA;NA;NA;NA;NA;NA;NA;NA;NA;NA
31;"MG";3161908;"316190";"São Gonçalo do Rio Abaixo";"Não";"Colar Metropolitano de Belo Horizonte";"Ciclistas";NA;NA;NA;NA;NA;NA;1;NA;1;NA;NA;NA;NA;NA;1;NA;NA;NA;NA;NA;NA;NA;NA;NA;NA
31;"MG";3162104;"316210";"São Gotardo";"Não";"-";"Ciclistas";NA;NA;NA;NA;NA;NA;NA;NA;NA;NA;NA;NA;NA;NA;NA;NA;NA;NA;NA;NA;NA;1;NA;NA;NA
31;"MG";3162401;"316240";"São João da Ponte";"Não";"-";"Ciclistas";NA;NA;NA;NA;NA;NA;NA;NA;1;NA;NA;1;NA;NA;NA;NA;NA;NA;NA;NA;NA;NA;1;NA;NA
31;"MG";3162450;"316245";"São João das Missões";"Não";"-";"Ciclistas";NA;NA;NA;NA;NA;NA;NA;NA;NA;NA;NA;NA;NA;NA;NA;NA;1;NA;NA;NA;NA;NA;NA;NA;NA
31;"MG";3162500;"316250";"São João del Rei";"Não";"-";"Ciclistas";NA;NA;NA;NA;NA;NA;NA;NA;1;1;NA;NA;NA;NA;1;NA;NA;NA;NA;NA;NA;NA;2;NA;NA
31;"MG";3162559;"316255";"São João do Manhuaçu";"Não";"-";"Ciclistas";NA;NA;NA;NA;NA;NA;NA;NA;NA;NA;NA;NA;NA;NA;NA;NA;NA;NA;NA;NA;NA;NA;NA;NA;NA
31;"MG";3162575;"316257";"São João do Manteninha";"Não";"-";"Ciclistas";NA;NA;NA;NA;NA;NA;NA;NA;NA;NA;NA;NA;NA;NA;NA;1;NA;NA;NA;NA;NA;NA;NA;NA;NA
31;"MG";3162906;"316290";"São João Nepomuceno";"Não";"-";"Ciclistas";NA;NA;NA;NA;NA;NA;NA;NA;1;NA;NA;NA;NA;NA;NA;NA;NA;NA;NA;NA;NA;NA;NA;NA;NA
31;"MG";3162948;"316294";"São José da Barra";"Não";"-";"Ciclistas";NA;NA;NA;NA;NA;NA;NA;NA;NA;NA;NA;NA;NA;NA;NA;NA;NA;NA;NA;NA;NA;NA;NA;NA;NA
31;"MG";3162955;"316295";"São José da Lapa";"Não";"Região Metropolitana de Belo Horizonte";"Ciclistas";NA;NA;NA;NA;1;NA;NA;NA;NA;NA;NA;NA;NA;NA;NA;NA;NA;NA;NA;NA;NA;NA;NA;NA;NA
31;"MG";3163201;"316320";"São José do Alegre";"Não";"-";"Ciclistas";NA;NA;NA;NA;NA;NA;NA;NA;NA;NA;NA;NA;NA;NA;NA;NA;NA;NA;NA;NA;NA;NA;NA;NA;NA
31;"MG";3163508;"316350";"São José do Jacuri";"Não";"-";"Ciclistas";NA;NA;NA;NA;NA;NA;NA;NA;NA;NA;NA;NA;NA;1;NA;NA;NA;NA;NA;NA;NA;NA;NA;NA;NA
31;"MG";3163706;"316370";"São Lourenço";"Não";"-";"Ciclistas";NA;1;NA;NA;NA;NA;NA;NA;NA;NA;NA;NA;NA;NA;NA;NA;NA;NA;NA;NA;NA;NA;1;NA;NA
31;"MG";3164001;"316400";"São Pedro dos Ferros";"Não";"-";"Ciclistas";NA;NA;NA;NA;NA;NA;NA;NA;NA;NA;NA;1;NA;NA;NA;NA;NA;NA;NA;NA;NA;NA;NA;NA;NA
31;"MG";3164308;"316430";"São Roque de Minas";"Não";"-";"Ciclistas";NA;NA;NA;NA;NA;NA;NA;NA;NA;NA;NA;NA;NA;NA;NA;NA;NA;NA;NA;NA;NA;NA;NA;NA;NA
31;"MG";3164506;"316450";"São Sebastião do Maranhão";"Não";"-";"Ciclistas";NA;NA;NA;NA;NA;NA;NA;NA;NA;NA;NA;NA;1;NA;NA;NA;NA;NA;NA;NA;NA;NA;NA;NA;NA
31;"MG";3164605;"316460";"São Sebastião do Oeste";"Não";"-";"Ciclistas";NA;NA;NA;NA;NA;NA;NA;NA;NA;NA;NA;1;NA;NA;NA;NA;NA;NA;NA;NA;NA;NA;NA;NA;NA
31;"MG";3164704;"316470";"São Sebastião do Paraíso";"Não";"-";"Ciclistas";NA;NA;NA;NA;NA;NA;NA;NA;NA;NA;NA;NA;1;1;1;NA;NA;1;NA;NA;NA;3;NA;1;NA
31;"MG";3164902;"316490";"São Sebastião do Rio Verde";"Não";"-";"Ciclistas";NA;NA;NA;NA;NA;NA;NA;NA;NA;NA;NA;NA;NA;NA;NA;NA;NA;NA;NA;NA;NA;NA;NA;NA;NA
31;"MG";3165404;"316540";"Sapucaí-Mirim";"Não";"-";"Ciclistas";NA;NA;NA;NA;NA;NA;NA;NA;NA;NA;NA;NA;NA;NA;NA;NA;NA;NA;NA;NA;NA;NA;NA;NA;NA
31;"MG";3165503;"316550";"Sardoá";"Não";"-";"Ciclistas";NA;NA;NA;NA;NA;NA;NA;NA;NA;NA;NA;NA;NA;NA;NA;NA;NA;NA;NA;NA;NA;NA;NA;NA;NA
31;"MG";3165537;"316553";"Sarzedo";"Não";"Região Metropolitana de Belo Horizonte";"Ciclistas";NA;NA;NA;NA;NA;NA;NA;NA;NA;1;1;NA;NA;NA;NA;NA;NA;NA;NA;NA;NA;NA;NA;NA;NA
31;"MG";3165552;"316555";"Setubinha";"Não";"-";"Ciclistas";NA;NA;NA;NA;NA;NA;NA;NA;NA;NA;1;NA;NA;NA;NA;1;NA;NA;NA;NA;NA;NA;NA;NA;NA
31;"MG";3166006;"316600";"Senhora de Oliveira";"Não";"-";"Ciclistas";NA;NA;NA;NA;NA;NA;NA;NA;NA;NA;NA;NA;NA;NA;NA;NA;NA;NA;NA;NA;NA;NA;NA;NA;NA
31;"MG";3166204;"316620";"Senhora dos Remédios";"Não";"-";"Ciclistas";NA;NA;NA;NA;NA;NA;NA;NA;NA;NA;NA;NA;NA;NA;NA;NA;NA;NA;NA;NA;NA;NA;NA;NA;NA
31;"MG";3166709;"316670";"Serra dos Aimorés";"Não";"-";"Ciclistas";NA;NA;NA;NA;NA;NA;NA;NA;NA;NA;NA;NA;NA;NA;NA;NA;NA;1;1;NA;NA;NA;NA;NA;NA
31;"MG";3166808;"316680";"Serra do Salitre";"Não";"-";"Ciclistas";NA;NA;NA;NA;NA;NA;NA;NA;NA;NA;NA;NA;NA;NA;NA;NA;NA;NA;NA;NA;NA;NA;1;NA;NA
31;"MG";3167103;"316710";"Serro";"Não";"-";"Ciclistas";NA;NA;1;NA;NA;NA;NA;NA;1;NA;NA;NA;1;NA;NA;NA;NA;NA;NA;NA;NA;NA;NA;NA;NA
31;"MG";3167202;"316720";"Sete Lagoas";"Não";"Colar Metropolitano de Belo Horizonte";"Ciclistas";NA;NA;1;NA;NA;NA;NA;NA;NA;2;1;3;3;2;3;1;1;4;2;2;3;3;4;6;NA
31;"MG";3167608;"316760";"Simonésia";"Não";"-";"Ciclistas";NA;NA;NA;NA;NA;NA;NA;NA;NA;NA;NA;NA;NA;NA;NA;NA;NA;NA;NA;NA;1;NA;NA;NA;NA
31;"MG";3167707;"316770";"Sobrália";"Não";"Colar Metropolitano";"Ciclistas";NA;NA;NA;NA;NA;1;NA;NA;NA;NA;NA;NA;NA;NA;NA;NA;NA;NA;NA;NA;NA;NA;NA;NA;NA
31;"MG";3167806;"316780";"Soledade de Minas";"Não";"-";"Ciclistas";NA;NA;NA;NA;NA;NA;NA;NA;NA;NA;NA;NA;NA;NA;NA;NA;NA;NA;NA;NA;NA;NA;NA;NA;NA
31;"MG";3167905;"316790";"Tabuleiro";"Não";"-";"Ciclistas";NA;NA;NA;NA;NA;NA;NA;NA;NA;NA;NA;NA;NA;NA;NA;NA;NA;NA;NA;NA;NA;NA;NA;NA;NA
31;"MG";3168101;"316810";"Tapira";"Não";"-";"Ciclistas";NA;NA;NA;NA;NA;NA;NA;NA;NA;NA;NA;NA;NA;NA;NA;1;NA;NA;NA;NA;NA;NA;NA;NA;NA
31;"MG";3168408;"316840";"Tarumirim";"Não";"-";"Ciclistas";NA;NA;NA;NA;NA;NA;NA;NA;NA;NA;NA;NA;NA;NA;NA;NA;NA;NA;NA;NA;NA;NA;NA;NA;NA
31;"MG";3168507;"316850";"Teixeiras";"Não";"-";"Ciclistas";NA;NA;NA;NA;NA;NA;NA;NA;NA;NA;NA;NA;NA;NA;NA;NA;NA;NA;1;NA;NA;NA;NA;NA;NA
31;"MG";3168606;"316860";"Teófilo Otoni";"Não";"-";"Ciclistas";1;4;3;5;2;7;5;6;5;4;8;5;8;4;5;4;1;3;3;3;4;4;4;3;NA
31;"MG";3168705;"316870";"Timóteo";"Não";"Região Metropolitana do Vale do Aço";"Ciclistas";1;NA;NA;NA;NA;NA;1;NA;NA;NA;1;NA;NA;1;NA;1;2;1;2;3;NA;2;1;NA;NA
31;"MG";3168804;"316880";"Tiradentes";"Não";"-";"Ciclistas";NA;NA;NA;NA;NA;NA;NA;1;NA;NA;NA;NA;NA;NA;NA;NA;NA;NA;NA;NA;NA;NA;NA;NA;NA
31;"MG";3168903;"316890";"Tiros";"Não";"-";"Ciclistas";NA;NA;NA;NA;NA;NA;NA;NA;NA;NA;NA;NA;NA;NA;NA;NA;NA;NA;NA;NA;NA;NA;NA;NA;NA
31;"MG";3169000;"316900";"Tocantins";"Não";"-";"Ciclistas";NA;NA;NA;NA;NA;NA;NA;NA;NA;NA;NA;NA;NA;NA;NA;NA;NA;NA;NA;NA;NA;NA;NA;NA;NA
31;"MG";3169307;"316930";"Três Corações";"Não";"-";"Ciclistas";NA;NA;NA;1;2;1;NA;NA;NA;NA;NA;NA;1;NA;1;1;NA;NA;1;1;1;NA;NA;NA;NA
31;"MG";3169356;"316935";"Três Marias";"Não";"-";"Ciclistas";NA;NA;NA;NA;NA;NA;NA;NA;NA;NA;NA;NA;NA;NA;NA;NA;NA;NA;NA;NA;NA;NA;NA;NA;NA
31;"MG";3169406;"316940";"Três Pontas";"Não";"-";"Ciclistas";1;NA;NA;1;2;NA;1;NA;NA;1;NA;NA;NA;NA;NA;NA;NA;1;NA;NA;1;1;NA;NA;NA
31;"MG";3169604;"316960";"Tupaciguara";"Não";"-";"Ciclistas";NA;NA;NA;NA;NA;NA;NA;NA;NA;NA;NA;NA;NA;NA;NA;NA;NA;NA;NA;NA;NA;NA;NA;NA;NA
31;"MG";3169703;"316970";"Turmalina";"Não";"-";"Ciclistas";NA;NA;NA;NA;NA;NA;NA;NA;NA;NA;NA;NA;NA;NA;NA;NA;NA;NA;1;NA;NA;NA;NA;NA;NA
31;"MG";3169901;"316990";"Ubá";"Não";"-";"Ciclistas";NA;NA;NA;NA;1;NA;1;NA;1;3;1;1;NA;NA;4;1;1;1;3;2;NA;NA;NA;NA;NA
31;"MG";3170057;"317005";"Ubaporanga";"Não";"-";"Ciclistas";NA;NA;NA;NA;NA;NA;NA;NA;NA;NA;NA;NA;NA;NA;NA;NA;1;NA;NA;NA;NA;NA;NA;NA;NA
31;"MG";3170107;"317010";"Uberaba";"Não";"-";"Ciclistas";NA;1;1;NA;NA;3;3;NA;1;2;1;1;6;4;2;2;6;3;2;1;7;2;2;2;NA
31;"MG";3170206;"317020";"Uberlândia";"Não";"-";"Ciclistas";NA;NA;NA;2;7;3;NA;2;1;1;1;2;1;1;2;1;2;4;2;3;9;2;2;2;NA
31;"MG";3170404;"317040";"Unaí";"Não";"Região Integrada de Desenvolvimento do Distrito Federal e Entorno";"Ciclistas";NA;NA;NA;NA;NA;NA;NA;NA;NA;NA;NA;1;2;6;1;3;1;3;2;2;1;3;NA;NA;NA
31;"MG";3170529;"317052";"Urucuia";"Não";"-";"Ciclistas";NA;NA;NA;NA;NA;NA;NA;NA;NA;NA;NA;NA;NA;NA;NA;NA;NA;NA;NA;NA;NA;NA;NA;NA;NA
31;"MG";3170578;"317057";"Vargem Alegre";"Não";"Colar Metropolitano";"Ciclistas";NA;NA;NA;NA;NA;NA;NA;NA;NA;NA;NA;NA;NA;NA;NA;NA;NA;NA;NA;NA;NA;NA;1;NA;NA
31;"MG";3170602;"317060";"Vargem Bonita";"Não";"-";"Ciclistas";NA;NA;NA;NA;NA;NA;NA;NA;NA;NA;NA;NA;NA;NA;NA;NA;NA;1;NA;NA;NA;NA;NA;NA;NA
31;"MG";3170651;"317065";"Vargem Grande do Rio Pardo";"Não";"-";"Ciclistas";NA;NA;NA;NA;NA;NA;NA;NA;NA;NA;NA;NA;NA;NA;1;NA;NA;NA;NA;NA;NA;NA;NA;NA;NA
31;"MG";3170701;"317070";"Varginha";"Não";"-";"Ciclistas";NA;NA;NA;NA;4;NA;NA;NA;NA;NA;NA;NA;NA;NA;NA;NA;1;1;NA;NA;NA;1;NA;1;NA
31;"MG";3170800;"317080";"Várzea da Palma";"Não";"-";"Ciclistas";NA;NA;NA;NA;NA;NA;NA;NA;NA;1;3;NA;1;1;NA;NA;NA;NA;NA;NA;NA;NA;NA;NA;NA
31;"MG";3171006;"317100";"Vazante";"Não";"-";"Ciclistas";NA;NA;NA;NA;NA;NA;NA;NA;NA;NA;NA;NA;NA;NA;NA;NA;NA;NA;NA;NA;NA;NA;1;NA;NA
31;"MG";3171204;"317120";"Vespasiano";"Não";"Região Metropolitana de Belo Horizonte";"Ciclistas";2;NA;NA;NA;NA;NA;NA;NA;NA;NA;NA;NA;NA;NA;NA;NA;NA;NA;NA;NA;NA;NA;NA;NA;NA
31;"MG";3171303;"317130";"Viçosa";"Não";"-";"Ciclistas";NA;1;NA;2;1;NA;NA;NA;NA;NA;NA;NA;NA;1;NA;NA;NA;3;NA;NA;NA;NA;NA;NA;NA
31;"MG";3171808;"317180";"Virginópolis";"Não";"-";"Ciclistas";NA;NA;NA;NA;NA;NA;NA;NA;NA;1;1;2;NA;NA;NA;1;NA;NA;NA;NA;NA;NA;NA;NA;NA
31;"MG";3172004;"317200";"Visconde do Rio Branco";"Não";"-";"Ciclistas";NA;NA;NA;NA;NA;NA;NA;NA;NA;NA;2;1;NA;2;NA;NA;NA;NA;NA;NA;NA;NA;NA;NA;NA
31;"MG";3172202;"317220";"Wenceslau Braz";"Não";"-";"Ciclistas";NA;NA;NA;NA;NA;NA;NA;NA;NA;NA;NA;NA;NA;NA;NA;NA;NA;NA;NA;NA;NA;NA;NA;NA;NA
32;"ES";3200102;"320010";"Afonso Cláudio";"Não";"-";"Ciclistas";NA;NA;NA;NA;NA;NA;NA;NA;NA;NA;NA;NA;NA;NA;NA;NA;NA;NA;NA;NA;NA;NA;NA;NA;NA
32;"ES";3200201;"320020";"Alegre";"Não";"-";"Ciclistas";NA;NA;NA;NA;NA;NA;NA;NA;NA;NA;NA;NA;NA;NA;NA;NA;NA;NA;NA;NA;NA;NA;NA;NA;NA
32;"ES";3200359;"320035";"Alto Rio Novo";"Não";"-";"Ciclistas";NA;NA;NA;1;NA;NA;NA;NA;NA;NA;NA;NA;NA;NA;NA;NA;NA;NA;NA;NA;NA;NA;NA;NA;NA
32;"ES";3200409;"320040";"Anchieta";"Não";"-";"Ciclistas";NA;NA;NA;NA;NA;NA;NA;1;NA;1;NA;NA;NA;NA;NA;NA;NA;NA;NA;NA;NA;NA;NA;1;NA
32;"ES";3200508;"320050";"Apiacá";"Não";"-";"Ciclistas";1;NA;NA;NA;NA;NA;NA;NA;NA;NA;NA;NA;NA;NA;NA;NA;NA;NA;NA;NA;NA;NA;NA;NA;NA
32;"ES";3200607;"320060";"Aracruz";"Não";"-";"Ciclistas";NA;NA;NA;NA;NA;1;1;NA;NA;1;NA;NA;NA;NA;NA;NA;1;NA;NA;NA;NA;2;NA;1;NA
32;"ES";3200706;"320070";"Atílio Vivácqua";"Não";"-";"Ciclistas";NA;NA;NA;NA;NA;NA;NA;NA;NA;2;NA;NA;NA;NA;NA;NA;NA;NA;NA;NA;NA;NA;NA;NA;NA
32;"ES";3200805;"320080";"Baixo Guandu";"Não";"-";"Ciclistas";NA;NA;NA;NA;1;NA;NA;NA;NA;NA;NA;NA;NA;NA;NA;NA;NA;NA;NA;1;NA;NA;NA;1;NA
32;"ES";3200904;"320090";"Barra de São Francisco";"Não";"-";"Ciclistas";NA;NA;NA;NA;NA;NA;1;1;NA;NA;NA;1;NA;NA;NA;1;NA;NA;NA;NA;NA;NA;NA;NA;NA
32;"ES";3201001;"320100";"Boa Esperança";"Não";"-";"Ciclistas";NA;NA;NA;NA;NA;NA;NA;NA;NA;NA;NA;1;NA;NA;NA;NA;NA;NA;NA;NA;1;NA;NA;NA;NA
32;"ES";3201159;"320115";"Brejetuba";"Não";"-";"Ciclistas";NA;NA;NA;NA;NA;NA;NA;NA;NA;NA;NA;NA;NA;1;NA;NA;NA;NA;NA;NA;NA;1;NA;NA;NA
32;"ES";3201209;"320120";"Cachoeiro de Itapemirim";"Não";"-";"Ciclistas";NA;2;NA;2;1;NA;NA;NA;1;NA;3;1;NA;1;1;NA;1;NA;2;NA;NA;3;1;2;NA
32;"ES";3201308;"320130";"Cariacica";"Não";"Região Metropolitana da Grande Vitória";"Ciclistas";NA;NA;NA;1;NA;1;3;1;2;NA;NA;NA;NA;1;2;NA;1;2;1;1;3;NA;1;NA;NA
32;"ES";3201506;"320150";"Colatina";"Não";"-";"Ciclistas";1;NA;NA;NA;NA;NA;1;NA;2;NA;NA;1;1;NA;NA;NA;1;NA;NA;1;NA;1;1;NA;NA
32;"ES";3201605;"320160";"Conceição da Barra";"Não";"-";"Ciclistas";NA;NA;NA;NA;NA;NA;NA;NA;NA;1;NA;NA;NA;NA;NA;NA;NA;NA;NA;NA;NA;NA;NA;NA;NA
32;"ES";3201902;"320190";"Domingos Martins";"Não";"-";"Ciclistas";NA;NA;NA;NA;NA;NA;NA;NA;NA;NA;NA;NA;NA;NA;NA;NA;NA;NA;NA;NA;NA;NA;NA;NA;NA
32;"ES";3202108;"320210";"Ecoporanga";"Não";"-";"Ciclistas";NA;NA;NA;1;NA;NA;NA;NA;NA;NA;NA;NA;NA;NA;NA;NA;NA;NA;NA;NA;NA;NA;NA;NA;NA
32;"ES";3202207;"320220";"Fundão";"Não";"Região Metropolitana da Grande Vitória";"Ciclistas";NA;NA;NA;NA;NA;NA;NA;NA;1;1;NA;NA;NA;NA;NA;NA;1;NA;NA;1;NA;NA;NA;NA;NA
32;"ES";3202306;"320230";"Guaçuí";"Não";"-";"Ciclistas";NA;NA;NA;NA;NA;NA;NA;NA;NA;NA;NA;NA;NA;1;NA;NA;NA;NA;NA;NA;NA;NA;NA;NA;NA
32;"ES";3202405;"320240";"Guarapari";"Não";"Região Metropolitana da Grande Vitória";"Ciclistas";NA;NA;1;NA;NA;1;NA;NA;NA;NA;NA;NA;NA;NA;NA;3;NA;1;NA;NA;NA;2;NA;NA;NA
32;"ES";3202454;"320245";"Ibatiba";"Não";"-";"Ciclistas";NA;NA;NA;NA;NA;NA;NA;NA;NA;NA;NA;NA;NA;NA;NA;NA;1;2;NA;NA;NA;1;NA;NA;NA
32;"ES";3202603;"320260";"Iconha";"Não";"-";"Ciclistas";NA;NA;NA;NA;NA;NA;NA;NA;NA;NA;NA;NA;NA;NA;NA;NA;NA;NA;NA;NA;NA;NA;NA;NA;NA
32;"ES";3202801;"320280";"Itapemirim";"Não";"-";"Ciclistas";NA;NA;NA;NA;NA;NA;NA;NA;NA;NA;NA;NA;NA;NA;NA;NA;NA;NA;NA;NA;NA;NA;NA;NA;NA
32;"ES";3202900;"320290";"Itarana";"Não";"-";"Ciclistas";NA;NA;NA;NA;NA;NA;NA;NA;NA;NA;NA;1;NA;NA;NA;NA;NA;NA;NA;NA;NA;NA;1;NA;NA
32;"ES";3203007;"320300";"Iúna";"Não";"-";"Ciclistas";NA;NA;NA;NA;NA;NA;NA;NA;NA;NA;NA;NA;NA;NA;NA;NA;NA;NA;NA;NA;NA;NA;NA;NA;NA
32;"ES";3203056;"320305";"Jaguaré";"Não";"-";"Ciclistas";NA;NA;NA;NA;NA;NA;NA;NA;NA;NA;NA;NA;NA;NA;NA;NA;NA;NA;NA;NA;NA;1;NA;1;NA
32;"ES";3203106;"320310";"Jerônimo Monteiro";"Não";"-";"Ciclistas";NA;NA;NA;NA;NA;NA;NA;NA;NA;1;NA;NA;NA;NA;NA;NA;NA;NA;NA;NA;NA;NA;NA;NA;NA
32;"ES";3203130;"320313";"João Neiva";"Não";"-";"Ciclistas";NA;NA;1;NA;NA;NA;NA;NA;NA;NA;NA;NA;NA;NA;NA;NA;NA;NA;NA;NA;NA;NA;NA;NA;NA
32;"ES";3203163;"320316";"Laranja da Terra";"Não";"-";"Ciclistas";NA;NA;NA;NA;NA;NA;NA;NA;NA;NA;NA;NA;NA;NA;NA;NA;NA;NA;NA;NA;NA;NA;NA;NA;NA
32;"ES";3203205;"320320";"Linhares";"Não";"-";"Ciclistas";NA;NA;NA;NA;NA;NA;NA;2;1;NA;NA;NA;1;NA;1;NA;NA;1;NA;1;4;1;7;5;NA
32;"ES";3203304;"320330";"Mantenópolis";"Não";"-";"Ciclistas";NA;NA;NA;NA;NA;NA;NA;NA;NA;NA;NA;NA;NA;1;NA;NA;NA;NA;NA;NA;NA;NA;NA;1;NA
32;"ES";3203320;"320332";"Marataízes";"Não";"-";"Ciclistas";NA;NA;NA;NA;NA;NA;NA;NA;NA;NA;NA;NA;NA;NA;NA;1;NA;NA;NA;NA;NA;NA;NA;NA;NA
32;"ES";3203346;"320334";"Marechal Floriano";"Não";"-";"Ciclistas";NA;NA;NA;NA;NA;NA;NA;NA;NA;NA;NA;NA;NA;2;NA;NA;NA;NA;NA;NA;NA;NA;NA;NA;NA
32;"ES";3203403;"320340";"Mimoso do Sul";"Não";"-";"Ciclistas";NA;NA;NA;NA;NA;NA;NA;NA;NA;NA;1;NA;NA;NA;NA;NA;NA;NA;NA;NA;NA;NA;NA;1;NA
32;"ES";3203502;"320350";"Montanha";"Não";"-";"Ciclistas";NA;NA;NA;NA;NA;NA;1;NA;NA;NA;NA;NA;NA;NA;NA;NA;NA;NA;NA;NA;NA;NA;NA;NA;NA
32;"ES";3203809;"320380";"Muqui";"Não";"-";"Ciclistas";NA;NA;NA;NA;NA;NA;NA;NA;NA;NA;NA;NA;NA;NA;NA;NA;NA;NA;NA;NA;NA;1;NA;NA;NA
32;"ES";3203908;"320390";"Nova Venécia";"Não";"-";"Ciclistas";NA;NA;NA;NA;NA;NA;NA;NA;NA;NA;1;NA;NA;NA;NA;NA;NA;NA;NA;NA;1;2;1;NA;NA
32;"ES";3204054;"320405";"Pedro Canário";"Não";"-";"Ciclistas";NA;NA;1;NA;NA;NA;NA;NA;NA;NA;NA;NA;NA;NA;NA;NA;NA;NA;NA;NA;NA;NA;NA;1;NA
32;"ES";3204104;"320410";"Pinheiros";"Não";"-";"Ciclistas";NA;NA;NA;NA;NA;NA;NA;NA;NA;NA;NA;NA;NA;1;NA;NA;NA;NA;NA;NA;NA;1;1;NA;NA
32;"ES";3204351;"320435";"Rio Bananal";"Não";"-";"Ciclistas";NA;NA;NA;NA;NA;NA;NA;NA;NA;NA;NA;NA;NA;NA;NA;NA;NA;NA;NA;NA;NA;1;NA;NA;NA
32;"ES";3204500;"320450";"Santa Leopoldina";"Não";"-";"Ciclistas";NA;NA;NA;NA;NA;1;NA;NA;NA;NA;NA;NA;NA;NA;NA;NA;NA;NA;NA;NA;NA;NA;NA;NA;NA
32;"ES";3204559;"320455";"Santa Maria de Jetibá";"Não";"-";"Ciclistas";NA;NA;1;NA;NA;NA;NA;NA;NA;NA;NA;NA;NA;NA;NA;NA;NA;NA;NA;NA;NA;NA;NA;NA;NA
32;"ES";3204658;"320465";"São Domingos do Norte";"Não";"-";"Ciclistas";NA;NA;NA;NA;NA;NA;NA;NA;1;NA;NA;NA;NA;NA;NA;1;NA;NA;NA;NA;NA;NA;NA;NA;NA
32;"ES";3204708;"320470";"São Gabriel da Palha";"Não";"-";"Ciclistas";NA;NA;NA;NA;NA;NA;1;NA;NA;NA;NA;NA;NA;NA;NA;NA;NA;NA;NA;NA;NA;NA;NA;NA;NA
32;"ES";3204906;"320490";"São Mateus";"Não";"-";"Ciclistas";NA;NA;NA;NA;NA;NA;1;1;1;1;1;1;NA;3;1;NA;2;4;1;2;NA;NA;NA;4;NA
32;"ES";3204955;"320495";"São Roque do Canaã";"Não";"-";"Ciclistas";NA;NA;NA;NA;1;NA;NA;NA;NA;NA;NA;NA;1;NA;NA;NA;NA;NA;NA;NA;NA;NA;NA;NA;NA
32;"ES";3205002;"320500";"Serra";"Não";"Região Metropolitana da Grande Vitória";"Ciclistas";NA;NA;NA;2;1;2;2;1;4;2;3;1;4;NA;2;3;3;3;6;3;3;3;3;1;NA
32;"ES";3205010;"320501";"Sooretama";"Não";"-";"Ciclistas";NA;NA;NA;NA;NA;NA;NA;NA;NA;NA;NA;NA;NA;NA;1;NA;NA;NA;1;NA;NA;NA;1;1;NA
32;"ES";3205036;"320503";"Vargem Alta";"Não";"-";"Ciclistas";NA;NA;NA;NA;NA;NA;NA;NA;NA;NA;NA;NA;NA;NA;NA;NA;NA;NA;NA;NA;NA;NA;NA;NA;NA
32;"ES";3205069;"320506";"Venda Nova do Imigrante";"Não";"-";"Ciclistas";NA;NA;NA;NA;NA;NA;NA;NA;NA;NA;NA;NA;NA;NA;NA;NA;NA;1;NA;NA;NA;NA;NA;NA;NA
32;"ES";3205101;"320510";"Viana";"Não";"Região Metropolitana da Grande Vitória";"Ciclistas";NA;NA;NA;NA;NA;NA;NA;NA;NA;1;NA;NA;1;NA;NA;NA;NA;1;NA;1;1;NA;NA;NA;NA
32;"ES";3205150;"320515";"Vila Pavão";"Não";"-";"Ciclistas";NA;NA;NA;NA;NA;NA;NA;NA;NA;NA;NA;NA;NA;NA;NA;NA;NA;NA;NA;NA;NA;NA;NA;NA;NA
32;"ES";3205176;"320517";"Vila Valério";"Não";"-";"Ciclistas";NA;NA;NA;NA;NA;NA;NA;NA;NA;NA;NA;NA;NA;NA;NA;NA;NA;NA;NA;NA;NA;NA;NA;NA;NA
32;"ES";3205200;"320520";"Vila Velha";"Não";"Região Metropolitana da Grande Vitória";"Ciclistas";NA;NA;NA;3;NA;1;3;3;NA;NA;NA;NA;NA;1;1;NA;NA;NA;1;1;NA;NA;1;2;NA
32;"ES";3205309;"320530";"Vitória";"Sim";"Região Metropolitana da Grande Vitória";"Ciclistas";3;2;1;1;2;6;4;2;1;4;3;2;4;8;6;8;7;2;7;5;12;16;10;5;NA
33;"RJ";3300100;"330010";"Angra dos Reis";"Não";"-";"Ciclistas";1;1;1;2;1;3;2;2;NA;1;2;5;NA;NA;1;NA;NA;NA;NA;NA;1;1;NA;NA;NA
33;"RJ";3300159;"330015";"Aperibé";"Não";"-";"Ciclistas";NA;NA;NA;NA;NA;NA;NA;NA;NA;NA;NA;NA;NA;NA;NA;NA;NA;NA;NA;NA;NA;NA;NA;NA;NA
33;"RJ";3300209;"330020";"Araruama";"Não";"-";"Ciclistas";NA;NA;NA;NA;NA;NA;4;3;2;NA;1;NA;NA;NA;NA;NA;NA;NA;2;NA;NA;NA;1;1;NA
33;"RJ";3300225;"330022";"Areal";"Não";"-";"Ciclistas";NA;NA;1;NA;NA;NA;NA;NA;NA;NA;NA;NA;NA;2;NA;NA;NA;NA;NA;NA;NA;NA;NA;NA;NA
33;"RJ";3300233;"330023";"Armação dos Búzios";"Não";"-";"Ciclistas";NA;1;1;NA;NA;NA;NA;1;NA;1;NA;NA;NA;NA;NA;NA;NA;NA;NA;NA;NA;NA;NA;NA;NA
33;"RJ";3300258;"330025";"Arraial do Cabo";"Não";"-";"Ciclistas";NA;NA;NA;NA;NA;NA;NA;NA;1;NA;NA;NA;NA;NA;1;NA;1;NA;NA;NA;NA;NA;NA;NA;NA
33;"RJ";3300308;"330030";"Barra do Piraí";"Não";"-";"Ciclistas";1;1;NA;NA;3;NA;1;NA;1;1;2;NA;NA;2;NA;1;NA;NA;1;2;NA;NA;NA;NA;NA
33;"RJ";3300407;"330040";"Barra Mansa";"Não";"-";"Ciclistas";NA;NA;1;1;1;5;3;2;3;2;NA;NA;1;2;NA;1;1;NA;1;NA;NA;NA;NA;NA;NA
33;"RJ";3300456;"330045";"Belford Roxo";"Não";"Região Metropolitana do Rio de Janeiro";"Ciclistas";NA;NA;NA;NA;NA;1;NA;1;NA;NA;NA;NA;NA;NA;NA;NA;NA;NA;NA;NA;NA;NA;NA;NA;NA
33;"RJ";3300506;"330050";"Bom Jardim";"Não";"-";"Ciclistas";NA;NA;NA;NA;1;1;NA;NA;NA;NA;NA;NA;NA;NA;NA;NA;NA;NA;NA;NA;NA;NA;NA;NA;NA
33;"RJ";3300605;"330060";"Bom Jesus do Itabapoana";"Não";"-";"Ciclistas";NA;NA;1;1;1;NA;NA;NA;NA;NA;NA;NA;NA;NA;NA;NA;NA;NA;NA;1;NA;NA;NA;NA;NA
33;"RJ";3300704;"330070";"Cabo Frio";"Não";"-";"Ciclistas";NA;NA;2;6;NA;2;5;7;5;6;3;4;7;3;1;3;1;NA;NA;NA;1;NA;NA;1;NA
33;"RJ";3300803;"330080";"Cachoeiras de Macacu";"Não";"Região Metropolitana do Rio de Janeiro";"Ciclistas";NA;NA;2;NA;NA;NA;NA;NA;NA;NA;NA;NA;NA;NA;NA;NA;NA;NA;NA;NA;NA;NA;NA;NA;NA
33;"RJ";3300902;"330090";"Cambuci";"Não";"-";"Ciclistas";NA;NA;NA;NA;NA;NA;NA;NA;NA;NA;NA;NA;NA;NA;NA;NA;NA;NA;NA;NA;NA;NA;NA;NA;NA
33;"RJ";3300936;"330093";"Carapebus";"Não";"-";"Ciclistas";NA;NA;NA;NA;NA;1;NA;NA;NA;NA;NA;NA;NA;NA;NA;NA;NA;1;NA;NA;NA;NA;NA;NA;NA
33;"RJ";3300951;"330095";"Comendador Levy Gasparian";"Não";"-";"Ciclistas";NA;NA;NA;NA;NA;NA;NA;NA;NA;NA;NA;NA;NA;NA;NA;NA;NA;NA;NA;NA;NA;NA;NA;NA;NA
33;"RJ";3301009;"330100";"Campos dos Goytacazes";"Não";"-";"Ciclistas";2;2;2;3;9;8;16;13;4;6;7;7;13;10;2;6;10;10;15;12;6;8;10;10;NA
33;"RJ";3301108;"330110";"Cantagalo";"Não";"-";"Ciclistas";NA;NA;NA;NA;NA;NA;NA;NA;NA;1;NA;NA;NA;NA;NA;NA;NA;NA;NA;NA;NA;NA;NA;NA;NA
33;"RJ";3301157;"330115";"Cardoso Moreira";"Não";"-";"Ciclistas";NA;NA;NA;NA;NA;NA;NA;NA;NA;NA;NA;NA;NA;NA;NA;NA;NA;NA;NA;NA;NA;NA;NA;NA;NA
33;"RJ";3301306;"330130";"Casimiro de Abreu";"Não";"-";"Ciclistas";1;NA;NA;NA;NA;NA;NA;NA;NA;NA;NA;NA;NA;NA;NA;NA;NA;NA;NA;NA;NA;NA;NA;NA;NA
33;"RJ";3301405;"330140";"Conceição de Macabu";"Não";"-";"Ciclistas";NA;NA;NA;NA;NA;1;NA;NA;NA;NA;NA;NA;NA;NA;NA;NA;NA;NA;NA;NA;NA;NA;NA;NA;NA
33;"RJ";3301504;"330150";"Cordeiro";"Não";"-";"Ciclistas";1;NA;NA;1;NA;1;NA;NA;NA;NA;NA;NA;NA;NA;NA;NA;NA;NA;NA;NA;NA;NA;NA;NA;NA
33;"RJ";3301603;"330160";"Duas Barras";"Não";"-";"Ciclistas";NA;NA;NA;NA;NA;NA;NA;NA;NA;NA;1;NA;NA;NA;NA;NA;NA;NA;NA;NA;NA;NA;NA;NA;NA
33;"RJ";3301702;"330170";"Duque de Caxias";"Não";"Região Metropolitana do Rio de Janeiro";"Ciclistas";1;NA;NA;NA;NA;NA;NA;NA;NA;NA;NA;NA;2;1;1;2;1;1;1;NA;1;NA;NA;3;NA
33;"RJ";3301801;"330180";"Engenheiro Paulo de Frontin";"Não";"-";"Ciclistas";NA;NA;NA;NA;1;NA;NA;NA;NA;NA;NA;NA;NA;NA;NA;NA;NA;NA;NA;NA;NA;NA;NA;NA;NA
33;"RJ";3301876;"330187";"Iguaba Grande";"Não";"-";"Ciclistas";NA;NA;NA;NA;1;NA;1;NA;NA;NA;NA;NA;1;NA;NA;1;NA;NA;NA;NA;NA;NA;NA;1;NA
33;"RJ";3301900;"330190";"Itaboraí";"Não";"Região Metropolitana do Rio de Janeiro";"Ciclistas";NA;NA;1;1;1;NA;1;1;1;1;1;NA;NA;NA;NA;NA;NA;NA;NA;NA;NA;NA;NA;1;NA
33;"RJ";3302007;"330200";"Itaguaí";"Não";"Região Metropolitana do Rio de Janeiro";"Ciclistas";NA;NA;2;NA;NA;NA;1;3;3;1;NA;NA;3;NA;1;1;1;NA;NA;NA;NA;NA;NA;NA;NA
33;"RJ";3302056;"330205";"Italva";"Não";"-";"Ciclistas";NA;NA;NA;NA;NA;1;NA;1;NA;NA;NA;1;NA;NA;1;NA;NA;NA;NA;NA;NA;1;NA;NA;NA
33;"RJ";3302106;"330210";"Itaocara";"Não";"-";"Ciclistas";NA;1;NA;NA;NA;NA;NA;NA;NA;NA;2;NA;1;NA;NA;NA;NA;NA;NA;NA;2;NA;NA;NA;NA
33;"RJ";3302205;"330220";"Itaperuna";"Não";"-";"Ciclistas";NA;1;1;2;4;1;1;2;NA;1;1;1;1;7;2;1;2;3;1;2;1;2;1;1;NA
33;"RJ";3302254;"330225";"Itatiaia";"Não";"-";"Ciclistas";NA;NA;NA;NA;NA;NA;NA;NA;NA;NA;NA;NA;NA;NA;NA;NA;NA;NA;NA;NA;NA;NA;NA;NA;NA
33;"RJ";3302270;"330227";"Japeri";"Não";"Região Metropolitana do Rio de Janeiro";"Ciclistas";NA;NA;NA;NA;NA;NA;NA;NA;1;NA;NA;NA;NA;NA;NA;NA;NA;NA;NA;NA;NA;NA;NA;NA;NA
33;"RJ";3302304;"330230";"Laje do Muriaé";"Não";"-";"Ciclistas";NA;NA;NA;NA;NA;NA;NA;NA;NA;NA;NA;NA;NA;NA;NA;1;NA;NA;NA;NA;NA;NA;NA;NA;NA
33;"RJ";3302403;"330240";"Macaé";"Não";"-";"Ciclistas";NA;NA;NA;1;2;2;3;1;NA;NA;NA;3;NA;2;NA;NA;2;1;1;2;NA;NA;1;NA;NA
33;"RJ";3302502;"330250";"Magé";"Não";"Região Metropolitana do Rio de Janeiro";"Ciclistas";NA;NA;NA;NA;3;1;NA;NA;NA;NA;NA;NA;NA;NA;1;NA;NA;NA;NA;NA;1;1;NA;NA;NA
33;"RJ";3302601;"330260";"Mangaratiba";"Não";"-";"Ciclistas";NA;NA;NA;NA;NA;NA;1;NA;NA;NA;NA;NA;NA;NA;NA;NA;NA;NA;NA;NA;NA;NA;NA;NA;NA
33;"RJ";3302700;"330270";"Maricá";"Não";"Região Metropolitana do Rio de Janeiro";"Ciclistas";NA;NA;1;1;2;NA;NA;5;2;3;NA;NA;NA;NA;1;3;1;NA;NA;2;NA;NA;NA;1;NA
33;"RJ";3302809;"330280";"Mendes";"Não";"-";"Ciclistas";NA;NA;NA;NA;NA;NA;NA;NA;NA;NA;NA;NA;NA;NA;NA;NA;NA;NA;NA;NA;NA;NA;NA;NA;NA
33;"RJ";3302858;"330285";"Mesquita";"Não";"Região Metropolitana do Rio de Janeiro";"Ciclistas";NA;NA;NA;NA;NA;NA;NA;1;2;NA;NA;1;NA;NA;NA;NA;NA;NA;NA;NA;NA;NA;NA;NA;NA
33;"RJ";3302908;"330290";"Miguel Pereira";"Não";"-";"Ciclistas";NA;NA;NA;NA;NA;NA;1;NA;NA;1;NA;NA;NA;NA;1;NA;NA;NA;NA;NA;NA;NA;NA;NA;NA
33;"RJ";3303005;"330300";"Miracema";"Não";"-";"Ciclistas";NA;NA;1;NA;1;NA;NA;NA;NA;NA;NA;NA;NA;NA;1;NA;NA;NA;NA;NA;NA;NA;NA;NA;NA
33;"RJ";3303104;"330310";"Natividade";"Não";"-";"Ciclistas";1;NA;NA;NA;NA;NA;NA;NA;NA;NA;NA;NA;NA;NA;NA;NA;1;NA;NA;NA;NA;NA;NA;NA;NA
33;"RJ";3303203;"330320";"Nilópolis";"Não";"Região Metropolitana do Rio de Janeiro";"Ciclistas";NA;NA;NA;1;NA;NA;NA;NA;NA;NA;NA;NA;NA;NA;NA;NA;NA;NA;NA;NA;NA;NA;NA;NA;NA
33;"RJ";3303302;"330330";"Niterói";"Não";"Região Metropolitana do Rio de Janeiro";"Ciclistas";1;NA;1;1;2;2;1;1;1;NA;2;NA;NA;NA;1;1;NA;2;2;3;1;2;2;NA;NA
33;"RJ";3303401;"330340";"Nova Friburgo";"Não";"-";"Ciclistas";NA;1;NA;1;2;NA;NA;1;2;NA;2;NA;1;1;NA;NA;NA;NA;NA;NA;NA;NA;NA;NA;NA
33;"RJ";3303500;"330350";"Nova Iguaçu";"Não";"Região Metropolitana do Rio de Janeiro";"Ciclistas";NA;NA;NA;8;2;4;5;6;NA;3;1;1;3;1;5;1;1;NA;NA;1;NA;1;1;2;NA
33;"RJ";3303609;"330360";"Paracambi";"Não";"Região Metropolitana do Rio de Janeiro";"Ciclistas";NA;NA;1;NA;NA;1;NA;4;NA;2;NA;NA;NA;NA;NA;NA;NA;1;NA;1;NA;NA;NA;NA;NA
33;"RJ";3303708;"330370";"Paraíba do Sul";"Não";"-";"Ciclistas";NA;NA;NA;1;NA;NA;NA;NA;1;NA;NA;NA;NA;NA;NA;NA;1;NA;NA;NA;NA;NA;NA;NA;NA
33;"RJ";3303807;"330380";"Paraty";"Não";"-";"Ciclistas";NA;NA;NA;NA;NA;NA;NA;NA;NA;NA;1;NA;1;NA;NA;NA;NA;NA;NA;NA;NA;NA;NA;1;NA
33;"RJ";3303856;"330385";"Paty do Alferes";"Não";"-";"Ciclistas";NA;NA;1;1;NA;NA;NA;NA;NA;NA;NA;NA;NA;NA;NA;NA;NA;NA;NA;NA;NA;NA;NA;NA;NA
33;"RJ";3303906;"330390";"Petrópolis";"Não";"Região Metropolitana do Rio de Janeiro";"Ciclistas";1;2;1;1;NA;NA;NA;2;NA;1;2;1;NA;1;1;1;1;1;NA;1;1;NA;NA;2;NA
33;"RJ";3304003;"330400";"Piraí";"Não";"-";"Ciclistas";NA;NA;1;2;NA;NA;3;1;NA;NA;1;NA;NA;1;1;NA;NA;NA;NA;NA;NA;NA;1;NA;NA
33;"RJ";3304102;"330410";"Porciúncula";"Não";"-";"Ciclistas";NA;NA;NA;1;NA;NA;NA;1;NA;NA;NA;NA;NA;NA;NA;1;NA;NA;NA;1;1;NA;NA;NA;NA
33;"RJ";3304110;"330411";"Porto Real";"Não";"-";"Ciclistas";NA;NA;NA;NA;NA;NA;NA;1;NA;NA;NA;NA;NA;NA;NA;NA;NA;NA;NA;2;NA;NA;NA;NA;NA
33;"RJ";3304128;"330412";"Quatis";"Não";"-";"Ciclistas";NA;NA;NA;NA;NA;NA;NA;NA;NA;NA;NA;NA;NA;NA;NA;NA;NA;NA;NA;NA;NA;NA;NA;NA;NA
33;"RJ";3304144;"330414";"Queimados";"Não";"Região Metropolitana do Rio de Janeiro";"Ciclistas";NA;NA;2;NA;2;1;NA;NA;NA;NA;NA;NA;NA;NA;NA;NA;NA;NA;NA;NA;NA;1;NA;NA;NA
33;"RJ";3304151;"330415";"Quissamã";"Não";"-";"Ciclistas";NA;NA;NA;NA;1;NA;NA;NA;NA;NA;NA;NA;NA;NA;NA;NA;NA;NA;NA;NA;NA;NA;NA;NA;NA
33;"RJ";3304201;"330420";"Resende";"Não";"-";"Ciclistas";NA;1;NA;5;1;1;3;1;1;NA;NA;3;1;2;2;1;3;NA;NA;1;1;NA;NA;NA;NA
33;"RJ";3304300;"330430";"Rio Bonito";"Não";"Região Metropolitana do Rio de Janeiro";"Ciclistas";NA;NA;NA;NA;1;NA;NA;1;NA;NA;NA;NA;NA;NA;NA;NA;NA;NA;1;NA;NA;NA;NA;NA;NA
33;"RJ";3304409;"330440";"Rio Claro";"Não";"-";"Ciclistas";NA;NA;NA;NA;NA;NA;NA;NA;NA;NA;NA;NA;NA;NA;NA;NA;NA;NA;NA;NA;1;NA;NA;NA;NA
33;"RJ";3304524;"330452";"Rio das Ostras";"Não";"-";"Ciclistas";NA;NA;NA;NA;NA;NA;NA;NA;1;NA;NA;1;NA;NA;NA;1;NA;NA;1;NA;NA;NA;NA;NA;NA
33;"RJ";3304557;"330455";"Rio de Janeiro";"Sim";"Região Metropolitana do Rio de Janeiro";"Ciclistas";1;1;3;3;8;11;17;9;21;20;28;7;3;9;4;6;3;8;2;1;2;10;5;5;NA
33;"RJ";3304607;"330460";"Santa Maria Madalena";"Não";"-";"Ciclistas";NA;NA;NA;NA;NA;NA;NA;NA;NA;NA;NA;NA;NA;NA;NA;NA;NA;NA;NA;NA;NA;NA;NA;NA;NA
33;"RJ";3304706;"330470";"Santo Antônio de Pádua";"Não";"-";"Ciclistas";1;1;1;NA;NA;1;NA;NA;1;NA;2;NA;NA;NA;NA;2;2;NA;NA;NA;NA;NA;NA;NA;NA
33;"RJ";3304755;"330475";"São Francisco de Itabapoana";"Não";"-";"Ciclistas";1;NA;NA;1;NA;NA;NA;NA;NA;1;NA;2;NA;1;1;NA;NA;NA;NA;NA;NA;NA;NA;NA;NA
33;"RJ";3304805;"330480";"São Fidélis";"Não";"-";"Ciclistas";NA;NA;NA;NA;NA;NA;NA;NA;NA;NA;NA;NA;NA;NA;NA;NA;NA;1;NA;NA;1;NA;NA;NA;NA
33;"RJ";3304904;"330490";"São Gonçalo";"Não";"Região Metropolitana do Rio de Janeiro";"Ciclistas";1;NA;NA;2;NA;1;NA;NA;4;3;1;NA;2;3;6;1;3;6;1;3;2;5;4;5;NA
33;"RJ";3305000;"330500";"São João da Barra";"Não";"-";"Ciclistas";NA;NA;NA;NA;NA;NA;NA;NA;NA;NA;NA;NA;1;NA;NA;1;NA;NA;NA;1;NA;NA;NA;NA;NA
33;"RJ";3305109;"330510";"São João de Meriti";"Não";"Região Metropolitana do Rio de Janeiro";"Ciclistas";NA;NA;NA;2;NA;2;NA;NA;NA;NA;NA;NA;1;NA;NA;NA;NA;NA;NA;NA;NA;NA;NA;NA;NA
33;"RJ";3305133;"330513";"São José de Ubá";"Não";"-";"Ciclistas";NA;NA;NA;NA;NA;NA;NA;NA;NA;NA;NA;NA;NA;NA;NA;NA;NA;NA;NA;NA;NA;NA;NA;NA;NA
33;"RJ";3305158;"330515";"São José do Vale do Rio Preto";"Não";"-";"Ciclistas";NA;NA;NA;NA;NA;NA;NA;NA;NA;NA;NA;NA;NA;NA;NA;NA;NA;NA;NA;NA;NA;NA;NA;NA;NA
33;"RJ";3305208;"330520";"São Pedro da Aldeia";"Não";"-";"Ciclistas";NA;2;NA;NA;2;1;5;4;3;3;3;4;1;2;3;NA;NA;NA;NA;NA;1;NA;NA;NA;NA
33;"RJ";3305307;"330530";"São Sebastião do Alto";"Não";"-";"Ciclistas";NA;NA;NA;NA;NA;NA;1;NA;NA;NA;NA;NA;NA;NA;NA;NA;NA;NA;NA;NA;NA;NA;NA;NA;NA
33;"RJ";3305406;"330540";"Sapucaia";"Não";"-";"Ciclistas";NA;NA;NA;NA;1;NA;NA;NA;NA;NA;NA;NA;NA;NA;NA;NA;NA;NA;NA;NA;NA;NA;NA;NA;NA
33;"RJ";3305505;"330550";"Saquarema";"Não";"-";"Ciclistas";NA;NA;NA;1;1;1;4;NA;3;2;3;NA;NA;NA;NA;NA;NA;NA;NA;NA;NA;NA;NA;NA;NA
33;"RJ";3305554;"330555";"Seropédica";"Não";"Região Metropolitana do Rio de Janeiro";"Ciclistas";NA;NA;NA;NA;NA;NA;NA;NA;NA;NA;NA;NA;NA;NA;NA;NA;NA;1;NA;NA;NA;NA;NA;NA;NA
33;"RJ";3305604;"330560";"Silva Jardim";"Não";"-";"Ciclistas";NA;NA;NA;1;NA;NA;NA;NA;NA;2;1;2;1;NA;NA;NA;NA;NA;NA;NA;NA;NA;NA;NA;NA
33;"RJ";3305703;"330570";"Sumidouro";"Não";"-";"Ciclistas";NA;NA;NA;NA;NA;NA;NA;NA;NA;NA;NA;NA;NA;NA;NA;NA;NA;NA;NA;NA;NA;NA;NA;NA;NA
33;"RJ";3305752;"330575";"Tanguá";"Não";"Região Metropolitana do Rio de Janeiro";"Ciclistas";NA;NA;NA;1;NA;NA;NA;NA;NA;NA;NA;NA;NA;NA;NA;NA;NA;1;NA;NA;NA;NA;NA;NA;NA
33;"RJ";3305802;"330580";"Teresópolis";"Não";"-";"Ciclistas";1;NA;NA;NA;2;NA;1;NA;NA;NA;NA;NA;NA;NA;NA;1;NA;1;NA;1;NA;3;1;NA;NA
33;"RJ";3305901;"330590";"Trajano de Moraes";"Não";"-";"Ciclistas";NA;NA;NA;NA;NA;NA;NA;NA;NA;NA;NA;NA;NA;NA;NA;NA;NA;NA;NA;NA;NA;NA;NA;NA;NA
33;"RJ";3306008;"330600";"Três Rios";"Não";"-";"Ciclistas";NA;1;4;1;3;1;1;1;2;NA;NA;1;NA;NA;1;2;NA;1;2;NA;NA;NA;NA;NA;NA
33;"RJ";3306107;"330610";"Valença";"Não";"-";"Ciclistas";NA;NA;NA;NA;NA;NA;NA;NA;NA;2;NA;NA;1;NA;NA;NA;NA;NA;NA;NA;NA;1;NA;NA;NA
33;"RJ";3306206;"330620";"Vassouras";"Não";"-";"Ciclistas";NA;NA;NA;NA;NA;NA;NA;NA;NA;NA;NA;NA;NA;1;NA;NA;NA;NA;NA;NA;NA;NA;NA;NA;NA
33;"RJ";3306305;"330630";"Volta Redonda";"Não";"-";"Ciclistas";1;2;2;3;1;1;5;7;6;4;NA;NA;NA;NA;NA;2;1;NA;1;NA;NA;1;NA;NA;NA
35;"SP";3500303;"350030";"Aguaí";"Não";"-";"Ciclistas";NA;NA;NA;NA;NA;NA;NA;NA;NA;NA;NA;NA;NA;NA;NA;NA;NA;NA;NA;NA;NA;NA;NA;NA;NA
35;"SP";3500402;"350040";"Águas da Prata";"Não";"-";"Ciclistas";NA;NA;NA;NA;NA;NA;NA;NA;NA;NA;NA;NA;NA;NA;NA;NA;NA;NA;NA;NA;NA;NA;NA;NA;NA
35;"SP";3500501;"350050";"Águas de Lindóia";"Não";"-";"Ciclistas";NA;NA;NA;NA;NA;NA;NA;NA;NA;NA;NA;NA;NA;NA;NA;NA;NA;NA;NA;NA;NA;NA;NA;NA;NA
35;"SP";3500550;"350055";"Águas de Santa Bárbara";"Não";"-";"Ciclistas";NA;NA;NA;NA;NA;NA;NA;NA;NA;NA;NA;NA;NA;NA;NA;NA;NA;NA;NA;NA;NA;NA;NA;NA;NA
35;"SP";3500709;"350070";"Agudos";"Não";"-";"Ciclistas";NA;NA;NA;NA;NA;NA;NA;NA;NA;NA;NA;NA;NA;NA;NA;1;NA;NA;NA;NA;NA;NA;NA;NA;NA
35;"SP";3500758;"350075";"Alambari";"Não";"Região Metropolitana de Sorocaba";"Ciclistas";NA;NA;NA;NA;NA;NA;NA;NA;NA;NA;NA;NA;NA;NA;NA;NA;NA;NA;NA;NA;NA;NA;NA;1;NA
35;"SP";3500808;"350080";"Alfredo Marcondes";"Não";"-";"Ciclistas";NA;NA;NA;NA;NA;NA;NA;NA;NA;NA;NA;NA;NA;NA;NA;NA;NA;NA;NA;NA;NA;NA;NA;NA;NA
35;"SP";3501004;"350100";"Altinópolis";"Não";"Região Metropolitana de Ribeirão Preto";"Ciclistas";NA;NA;NA;NA;NA;NA;NA;NA;NA;NA;NA;NA;NA;1;NA;NA;NA;NA;NA;NA;NA;NA;1;NA;NA
35;"SP";3501152;"350115";"Alumínio";"Não";"Região Metropolitana de Sorocaba";"Ciclistas";NA;NA;NA;NA;NA;NA;1;NA;NA;NA;NA;NA;NA;NA;NA;NA;NA;NA;NA;NA;NA;NA;NA;NA;NA
35;"SP";3501202;"350120";"Álvares Florence";"Não";"-";"Ciclistas";NA;NA;NA;NA;NA;NA;NA;NA;NA;NA;NA;NA;NA;NA;NA;NA;NA;NA;NA;NA;NA;NA;NA;NA;NA
35;"SP";3501301;"350130";"Álvares Machado";"Não";"-";"Ciclistas";NA;NA;NA;NA;NA;NA;NA;NA;NA;NA;NA;NA;NA;NA;NA;NA;NA;NA;NA;NA;NA;NA;NA;NA;NA
35;"SP";3501608;"350160";"Americana";"Não";"Região Metropolitana de Campinas";"Ciclistas";1;NA;NA;1;NA;NA;NA;NA;1;1;NA;NA;1;1;1;NA;1;1;1;4;NA;2;1;NA;NA
35;"SP";3501707;"350170";"Américo Brasiliense";"Não";"-";"Ciclistas";NA;NA;NA;NA;NA;NA;NA;NA;NA;NA;NA;NA;NA;NA;NA;NA;NA;NA;NA;NA;1;NA;NA;NA;NA
35;"SP";3501806;"350180";"Américo de Campos";"Não";"-";"Ciclistas";NA;NA;NA;NA;NA;NA;NA;NA;NA;NA;NA;NA;NA;NA;NA;NA;NA;NA;NA;NA;NA;NA;1;NA;NA
35;"SP";3501905;"350190";"Amparo";"Não";"-";"Ciclistas";NA;NA;NA;NA;NA;NA;NA;NA;NA;NA;NA;NA;NA;NA;NA;NA;NA;NA;NA;NA;2;NA;NA;NA;NA
35;"SP";3502101;"350210";"Andradina";"Não";"-";"Ciclistas";NA;NA;NA;NA;NA;NA;NA;NA;NA;NA;NA;NA;NA;NA;NA;NA;NA;NA;NA;NA;2;NA;NA;NA;NA
35;"SP";3502200;"350220";"Angatuba";"Não";"-";"Ciclistas";NA;NA;NA;NA;NA;NA;NA;NA;NA;NA;NA;NA;NA;NA;NA;NA;NA;NA;NA;NA;NA;NA;NA;NA;NA
35;"SP";3502507;"350250";"Aparecida";"Não";"Região Metropolitana do Vale do Paraíba e Litoral Norte";"Ciclistas";NA;NA;NA;NA;NA;NA;NA;NA;NA;NA;NA;NA;NA;NA;NA;NA;NA;NA;NA;NA;1;NA;NA;NA;NA
35;"SP";3502606;"350260";"Aparecida d'Oeste";"Não";"-";"Ciclistas";NA;NA;NA;NA;NA;NA;NA;NA;NA;NA;NA;NA;NA;NA;NA;NA;NA;NA;NA;NA;NA;NA;NA;NA;NA
35;"SP";3502705;"350270";"Apiaí";"Não";"-";"Ciclistas";NA;NA;NA;NA;NA;NA;NA;NA;NA;NA;NA;NA;NA;NA;NA;NA;NA;1;1;NA;NA;NA;NA;NA;NA
35;"SP";3502754;"350275";"Araçariguama";"Não";"Região Metropolitana de Sorocaba";"Ciclistas";NA;NA;NA;NA;NA;NA;NA;NA;NA;NA;NA;NA;NA;NA;NA;NA;NA;NA;NA;NA;NA;NA;NA;NA;NA
35;"SP";3502804;"350280";"Araçatuba";"Não";"-";"Ciclistas";NA;1;NA;1;2;1;NA;NA;NA;NA;2;NA;2;2;2;5;2;2;4;2;6;2;2;1;NA
35;"SP";3502903;"350290";"Araçoiaba da Serra";"Não";"Região Metropolitana de Sorocaba";"Ciclistas";NA;NA;NA;NA;NA;NA;NA;NA;NA;NA;1;NA;NA;NA;NA;NA;1;NA;NA;NA;NA;NA;NA;NA;NA
35;"SP";3503000;"350300";"Aramina";"Não";"-";"Ciclistas";NA;NA;NA;NA;NA;NA;NA;NA;NA;NA;NA;NA;NA;NA;NA;NA;NA;NA;NA;NA;NA;NA;NA;NA;NA
35;"SP";3503109;"350310";"Arandu";"Não";"-";"Ciclistas";NA;NA;NA;NA;NA;NA;NA;NA;NA;NA;NA;NA;NA;NA;NA;NA;NA;NA;NA;NA;NA;NA;NA;NA;NA
35;"SP";3503208;"350320";"Araraquara";"Não";"-";"Ciclistas";NA;1;2;5;NA;NA;2;2;1;2;3;1;1;NA;NA;NA;1;1;1;NA;1;2;NA;1;NA
35;"SP";3503307;"350330";"Araras";"Não";"Região Metropolitana de Piracicaba";"Ciclistas";NA;NA;NA;NA;NA;NA;NA;NA;NA;NA;NA;NA;NA;NA;NA;NA;NA;NA;1;NA;NA;NA;NA;2;NA
35;"SP";3503505;"350350";"Areias";"Não";"Região Metropolitana do Vale do Paraíba e Litoral Norte";"Ciclistas";NA;NA;NA;NA;NA;NA;NA;NA;NA;NA;NA;NA;NA;NA;NA;NA;NA;NA;NA;NA;NA;NA;NA;NA;NA
35;"SP";3503802;"350380";"Artur Nogueira";"Não";"Região Metropolitana de Campinas";"Ciclistas";NA;NA;NA;NA;NA;NA;NA;NA;NA;NA;NA;NA;NA;NA;NA;NA;NA;1;NA;NA;1;1;NA;1;NA
35;"SP";3503901;"350390";"Arujá";"Não";"Região Metropolitana de São Paulo";"Ciclistas";NA;NA;NA;NA;NA;NA;NA;NA;NA;NA;NA;NA;NA;NA;NA;NA;NA;NA;NA;NA;NA;NA;NA;NA;NA
35;"SP";3504008;"350400";"Assis";"Não";"-";"Ciclistas";NA;NA;NA;NA;NA;NA;NA;NA;NA;NA;NA;NA;NA;NA;NA;1;1;NA;NA;NA;1;NA;NA;NA;NA
35;"SP";3504107;"350410";"Atibaia";"Não";"-";"Ciclistas";NA;NA;NA;NA;NA;NA;NA;NA;NA;NA;NA;1;NA;NA;NA;NA;1;NA;NA;NA;NA;NA;1;NA;NA
35;"SP";3504206;"350420";"Auriflama";"Não";"-";"Ciclistas";NA;NA;NA;NA;NA;NA;NA;NA;NA;NA;NA;NA;NA;NA;NA;NA;NA;NA;NA;NA;NA;NA;1;NA;NA
35;"SP";3504305;"350430";"Avaí";"Não";"-";"Ciclistas";NA;NA;NA;NA;NA;NA;NA;NA;NA;NA;NA;NA;NA;NA;NA;NA;NA;NA;NA;NA;1;NA;NA;NA;NA
35;"SP";3504404;"350440";"Avanhandava";"Não";"-";"Ciclistas";NA;NA;NA;NA;NA;NA;NA;NA;NA;NA;NA;1;NA;NA;NA;NA;NA;NA;NA;NA;NA;NA;NA;NA;NA
35;"SP";3504503;"350450";"Avaré";"Não";"-";"Ciclistas";NA;NA;NA;NA;NA;NA;NA;NA;NA;1;NA;NA;NA;NA;NA;NA;NA;NA;NA;1;NA;NA;NA;NA;NA
35;"SP";3504602;"350460";"Bady Bassitt";"Não";"Região Metropolitana de São José do Rio Preto";"Ciclistas";NA;NA;NA;NA;NA;NA;NA;NA;NA;NA;NA;NA;NA;NA;NA;NA;NA;NA;NA;NA;NA;NA;NA;NA;NA
35;"SP";3504800;"350480";"Bálsamo";"Não";"Região Metropolitana de São José do Rio Preto";"Ciclistas";NA;NA;NA;NA;NA;NA;NA;NA;NA;NA;NA;NA;NA;NA;NA;NA;NA;NA;NA;NA;NA;NA;NA;NA;NA
35;"SP";3505005;"350500";"Barão de Antonina";"Não";"-";"Ciclistas";NA;NA;NA;NA;NA;NA;NA;NA;NA;NA;NA;NA;NA;NA;NA;NA;NA;NA;NA;NA;NA;NA;NA;NA;NA
35;"SP";3505104;"350510";"Barbosa";"Não";"-";"Ciclistas";NA;NA;NA;NA;NA;NA;NA;NA;NA;NA;NA;NA;NA;NA;NA;NA;NA;NA;NA;NA;NA;NA;NA;NA;NA
35;"SP";3505203;"350520";"Bariri";"Não";"-";"Ciclistas";NA;NA;NA;NA;NA;NA;NA;NA;NA;NA;NA;NA;NA;NA;NA;NA;NA;NA;NA;NA;NA;NA;NA;NA;NA
35;"SP";3505302;"350530";"Barra Bonita";"Não";"-";"Ciclistas";NA;NA;NA;NA;NA;NA;NA;NA;NA;NA;NA;NA;NA;NA;NA;NA;NA;NA;NA;NA;NA;NA;NA;NA;NA
35;"SP";3505401;"350540";"Barra do Turvo";"Não";"-";"Ciclistas";NA;NA;NA;NA;NA;NA;NA;NA;1;NA;NA;NA;NA;NA;NA;NA;NA;NA;NA;NA;NA;NA;NA;NA;NA
35;"SP";3505500;"350550";"Barretos";"Não";"-";"Ciclistas";NA;NA;NA;NA;1;1;NA;NA;NA;1;NA;1;1;NA;NA;NA;1;NA;3;1;NA;1;2;1;NA
35;"SP";3505609;"350560";"Barrinha";"Não";"Região Metropolitana de Ribeirão Preto";"Ciclistas";NA;NA;2;NA;NA;NA;NA;NA;NA;NA;NA;NA;NA;NA;NA;NA;NA;NA;NA;NA;NA;NA;NA;NA;NA
35;"SP";3505708;"350570";"Barueri";"Não";"Região Metropolitana de São Paulo";"Ciclistas";NA;1;NA;NA;NA;NA;NA;NA;NA;NA;NA;NA;NA;NA;NA;1;NA;NA;1;1;NA;NA;NA;2;NA
35;"SP";3505807;"350580";"Bastos";"Não";"-";"Ciclistas";NA;NA;NA;NA;NA;NA;NA;NA;NA;NA;NA;NA;NA;NA;NA;NA;NA;NA;NA;NA;NA;NA;NA;NA;NA
35;"SP";3505906;"350590";"Batatais";"Não";"Região Metropolitana de Ribeirão Preto";"Ciclistas";NA;NA;NA;NA;NA;NA;NA;NA;NA;NA;NA;2;NA;NA;NA;1;NA;NA;NA;1;NA;NA;1;NA;NA
35;"SP";3506003;"350600";"Bauru";"Não";"-";"Ciclistas";NA;NA;2;2;NA;NA;NA;1;2;3;NA;2;1;2;NA;NA;NA;NA;NA;NA;2;1;NA;NA;NA
35;"SP";3506102;"350610";"Bebedouro";"Não";"-";"Ciclistas";NA;NA;NA;NA;NA;NA;2;NA;NA;NA;NA;NA;NA;NA;NA;NA;NA;NA;1;NA;1;1;NA;NA;NA
35;"SP";3506300;"350630";"Bernardino de Campos";"Não";"-";"Ciclistas";NA;NA;NA;NA;NA;NA;NA;NA;NA;NA;NA;NA;NA;NA;NA;NA;NA;NA;NA;NA;NA;NA;NA;NA;NA
35;"SP";3506359;"350635";"Bertioga";"Não";"Região Metropolitana da Baixada Santista";"Ciclistas";NA;NA;NA;NA;NA;NA;NA;NA;NA;NA;NA;NA;NA;NA;NA;1;NA;1;NA;1;2;2;NA;1;NA
35;"SP";3506409;"350640";"Bilac";"Não";"-";"Ciclistas";NA;NA;NA;NA;NA;NA;NA;NA;NA;NA;NA;NA;NA;NA;NA;NA;1;NA;NA;NA;NA;NA;NA;NA;NA
35;"SP";3506508;"350650";"Birigui";"Não";"-";"Ciclistas";1;NA;NA;NA;NA;NA;NA;NA;NA;1;NA;NA;NA;NA;NA;NA;NA;1;1;NA;NA;1;1;NA;NA
35;"SP";3506607;"350660";"Biritiba Mirim";"Não";"Região Metropolitana de São Paulo";"Ciclistas";NA;NA;NA;NA;NA;NA;NA;NA;NA;NA;NA;NA;NA;NA;NA;NA;NA;NA;NA;NA;NA;NA;NA;NA;NA
35;"SP";3506706;"350670";"Boa Esperança do Sul";"Não";"-";"Ciclistas";NA;NA;NA;NA;NA;NA;NA;NA;NA;NA;NA;NA;NA;NA;NA;NA;NA;NA;NA;NA;NA;NA;NA;NA;NA
35;"SP";3506805;"350680";"Bocaina";"Não";"-";"Ciclistas";NA;NA;NA;NA;NA;NA;NA;NA;NA;NA;NA;NA;NA;NA;NA;NA;NA;NA;NA;NA;NA;NA;NA;NA;NA
35;"SP";3506904;"350690";"Bofete";"Não";"-";"Ciclistas";NA;NA;NA;NA;NA;NA;NA;NA;NA;NA;NA;NA;NA;NA;NA;1;NA;NA;NA;NA;NA;NA;NA;NA;NA
35;"SP";3507001;"350700";"Boituva";"Não";"Região Metropolitana de Sorocaba";"Ciclistas";NA;1;NA;NA;NA;1;NA;NA;2;1;NA;1;NA;2;NA;NA;NA;NA;1;NA;NA;NA;NA;NA;NA
35;"SP";3507100;"350710";"Bom Jesus dos Perdões";"Não";"-";"Ciclistas";NA;NA;NA;NA;NA;NA;NA;NA;NA;NA;NA;NA;NA;NA;NA;NA;NA;NA;NA;NA;NA;NA;NA;NA;NA
35;"SP";3507407;"350740";"Borborema";"Não";"-";"Ciclistas";NA;NA;NA;NA;NA;NA;NA;NA;NA;NA;NA;NA;NA;NA;NA;NA;NA;NA;NA;NA;NA;NA;NA;NA;NA
35;"SP";3507506;"350750";"Botucatu";"Não";"-";"Ciclistas";NA;NA;NA;NA;NA;NA;NA;NA;NA;1;NA;2;NA;NA;NA;NA;NA;NA;NA;1;1;1;NA;NA;NA
35;"SP";3507605;"350760";"Bragança Paulista";"Não";"-";"Ciclistas";NA;NA;NA;NA;NA;NA;NA;2;NA;NA;NA;NA;2;NA;1;2;1;1;NA;1;1;NA;NA;NA;NA
35;"SP";3507753;"350775";"Brejo Alegre";"Não";"-";"Ciclistas";NA;NA;NA;NA;NA;NA;NA;NA;NA;NA;NA;NA;NA;NA;NA;NA;NA;NA;NA;NA;NA;NA;NA;NA;NA
35;"SP";3507803;"350780";"Brodowski";"Não";"Região Metropolitana de Ribeirão Preto";"Ciclistas";NA;NA;NA;NA;NA;NA;NA;NA;NA;NA;1;NA;NA;1;NA;NA;NA;NA;NA;NA;NA;NA;NA;NA;NA
35;"SP";3508009;"350800";"Buri";"Não";"-";"Ciclistas";NA;NA;NA;NA;NA;NA;NA;NA;NA;NA;NA;NA;NA;NA;NA;NA;NA;NA;NA;NA;NA;NA;NA;NA;NA
35;"SP";3508108;"350810";"Buritama";"Não";"-";"Ciclistas";NA;NA;NA;NA;NA;NA;NA;NA;NA;NA;NA;NA;NA;NA;NA;NA;NA;1;NA;NA;NA;NA;NA;NA;NA
35;"SP";3508306;"350830";"Cabrália Paulista";"Não";"-";"Ciclistas";NA;NA;NA;NA;NA;NA;1;NA;NA;NA;NA;NA;NA;NA;NA;NA;NA;NA;NA;NA;NA;NA;NA;NA;NA
35;"SP";3508405;"350840";"Cabreúva";"Não";"Região Metropolitana de Jundiaí";"Ciclistas";NA;NA;NA;NA;NA;NA;NA;NA;NA;NA;NA;NA;NA;NA;NA;NA;NA;NA;NA;NA;NA;1;NA;NA;NA
35;"SP";3508504;"350850";"Caçapava";"Não";"Região Metropolitana do Vale do Paraíba e Litoral Norte";"Ciclistas";NA;1;NA;NA;NA;NA;NA;NA;NA;NA;NA;NA;NA;NA;NA;NA;NA;NA;1;NA;NA;NA;NA;2;NA
35;"SP";3508603;"350860";"Cachoeira Paulista";"Não";"Região Metropolitana do Vale do Paraíba e Litoral Norte";"Ciclistas";NA;NA;NA;NA;NA;NA;NA;NA;NA;NA;NA;NA;NA;1;NA;NA;NA;NA;NA;NA;NA;NA;NA;NA;NA
35;"SP";3508702;"350870";"Caconde";"Não";"-";"Ciclistas";NA;NA;NA;NA;NA;NA;1;NA;NA;NA;NA;NA;NA;NA;NA;NA;NA;NA;NA;NA;NA;NA;NA;NA;NA
35;"SP";3509007;"350900";"Caieiras";"Não";"Região Metropolitana de São Paulo";"Ciclistas";NA;NA;NA;NA;NA;NA;NA;NA;NA;NA;NA;NA;NA;NA;1;NA;NA;NA;NA;NA;NA;NA;NA;NA;NA
35;"SP";3509106;"350910";"Caiuá";"Não";"-";"Ciclistas";NA;NA;NA;NA;NA;NA;NA;NA;NA;NA;NA;NA;NA;NA;NA;NA;NA;NA;NA;NA;1;NA;NA;NA;NA
35;"SP";3509205;"350920";"Cajamar";"Não";"Região Metropolitana de São Paulo";"Ciclistas";NA;NA;NA;NA;NA;NA;NA;NA;NA;NA;NA;NA;NA;NA;NA;NA;NA;NA;NA;NA;NA;NA;NA;NA;NA
35;"SP";3509254;"350925";"Cajati";"Não";"-";"Ciclistas";NA;NA;NA;NA;NA;NA;1;NA;NA;NA;NA;NA;NA;NA;NA;NA;NA;NA;NA;NA;NA;1;NA;NA;NA
35;"SP";3509304;"350930";"Cajobi";"Não";"-";"Ciclistas";NA;NA;NA;NA;NA;NA;NA;NA;NA;NA;NA;NA;NA;NA;NA;NA;NA;NA;NA;NA;NA;NA;NA;NA;NA
35;"SP";3509403;"350940";"Cajuru";"Não";"Região Metropolitana de Ribeirão Preto";"Ciclistas";NA;NA;NA;NA;NA;NA;NA;NA;NA;NA;NA;NA;NA;NA;NA;NA;NA;NA;NA;NA;NA;NA;NA;NA;NA
35;"SP";3509502;"350950";"Campinas";"Não";"Região Metropolitana de Campinas";"Ciclistas";NA;NA;1;1;3;6;4;5;5;3;5;2;2;4;10;3;NA;2;3;2;3;4;6;3;NA
35;"SP";3509601;"350960";"Campo Limpo Paulista";"Não";"Região Metropolitana de Jundiaí";"Ciclistas";NA;NA;NA;NA;NA;NA;NA;NA;NA;NA;NA;NA;NA;NA;NA;NA;NA;NA;NA;1;NA;NA;NA;NA;NA
35;"SP";3509700;"350970";"Campos do Jordão";"Não";"Região Metropolitana do Vale do Paraíba e Litoral Norte";"Ciclistas";NA;NA;NA;NA;NA;NA;NA;NA;NA;NA;NA;NA;NA;NA;NA;NA;NA;NA;NA;NA;NA;NA;NA;NA;NA
35;"SP";3509908;"350990";"Cananéia";"Não";"-";"Ciclistas";NA;NA;NA;NA;NA;NA;NA;NA;NA;NA;NA;NA;NA;NA;NA;NA;NA;NA;NA;NA;NA;NA;NA;NA;NA
35;"SP";3509957;"350995";"Canas";"Não";"Região Metropolitana do Vale do Paraíba e Litoral Norte";"Ciclistas";NA;NA;NA;NA;NA;NA;NA;NA;NA;NA;NA;NA;NA;NA;NA;NA;NA;NA;NA;NA;NA;NA;NA;NA;NA
35;"SP";3510005;"351000";"Cândido Mota";"Não";"-";"Ciclistas";NA;NA;NA;NA;NA;NA;NA;NA;NA;NA;NA;NA;NA;NA;NA;NA;NA;NA;NA;1;NA;NA;NA;NA;NA
35;"SP";3510203;"351020";"Capão Bonito";"Não";"-";"Ciclistas";NA;NA;NA;NA;NA;NA;NA;1;NA;NA;NA;NA;NA;NA;NA;NA;NA;NA;NA;NA;NA;NA;NA;NA;NA
35;"SP";3510401;"351040";"Capivari";"Não";"Região Metropolitana de Piracicaba";"Ciclistas";NA;NA;NA;NA;NA;NA;NA;NA;NA;NA;1;NA;NA;NA;NA;NA;NA;NA;NA;NA;NA;NA;NA;NA;NA
35;"SP";3510500;"351050";"Caraguatatuba";"Não";"Região Metropolitana do Vale do Paraíba e Litoral Norte";"Ciclistas";NA;1;NA;NA;1;NA;NA;3;1;1;NA;NA;NA;NA;NA;NA;NA;2;1;NA;1;NA;NA;NA;NA
35;"SP";3510609;"351060";"Carapicuíba";"Não";"Região Metropolitana de São Paulo";"Ciclistas";NA;NA;NA;1;NA;NA;NA;NA;NA;NA;NA;NA;NA;1;1;NA;NA;1;NA;NA;1;3;NA;NA;NA
35;"SP";3510708;"351070";"Cardoso";"Não";"-";"Ciclistas";NA;NA;NA;NA;NA;NA;NA;NA;NA;NA;NA;NA;NA;NA;NA;NA;NA;NA;NA;NA;NA;NA;NA;NA;NA
35;"SP";3510807;"351080";"Casa Branca";"Não";"-";"Ciclistas";NA;NA;NA;NA;NA;NA;1;NA;NA;NA;NA;NA;NA;NA;NA;NA;NA;NA;NA;NA;NA;NA;NA;NA;NA
35;"SP";3510906;"351090";"Cássia dos Coqueiros";"Não";"Região Metropolitana de Ribeirão Preto";"Ciclistas";NA;NA;NA;NA;NA;NA;NA;NA;NA;NA;NA;NA;NA;NA;NA;NA;NA;NA;NA;NA;NA;NA;NA;1;NA
35;"SP";3511003;"351100";"Castilho";"Não";"-";"Ciclistas";NA;NA;NA;NA;NA;NA;NA;1;NA;NA;NA;NA;NA;NA;NA;NA;NA;NA;NA;NA;NA;NA;NA;NA;NA
35;"SP";3511102;"351110";"Catanduva";"Não";"-";"Ciclistas";NA;NA;NA;NA;1;1;2;2;1;NA;1;NA;NA;1;1;NA;NA;NA;NA;1;1;NA;NA;NA;NA
35;"SP";3511409;"351140";"Cerqueira César";"Não";"-";"Ciclistas";NA;NA;NA;NA;NA;NA;NA;NA;NA;NA;NA;NA;NA;NA;NA;NA;NA;NA;NA;NA;NA;NA;NA;NA;NA
35;"SP";3511508;"351150";"Cerquilho";"Não";"Região Metropolitana de Sorocaba";"Ciclistas";NA;NA;NA;NA;NA;NA;NA;NA;1;NA;NA;NA;NA;NA;NA;NA;NA;NA;NA;NA;NA;NA;NA;NA;NA
35;"SP";3512001;"351200";"Colina";"Não";"-";"Ciclistas";NA;NA;NA;NA;NA;NA;NA;NA;NA;NA;NA;NA;NA;NA;NA;NA;NA;NA;NA;NA;NA;NA;NA;NA;NA
35;"SP";3512100;"351210";"Colômbia";"Não";"-";"Ciclistas";NA;NA;NA;NA;NA;NA;NA;NA;NA;NA;NA;NA;NA;NA;NA;NA;NA;NA;NA;NA;NA;NA;NA;NA;NA
35;"SP";3512209;"351220";"Conchal";"Não";"Região Metropolitana de Piracicaba";"Ciclistas";NA;NA;NA;NA;NA;NA;NA;NA;NA;NA;NA;NA;1;NA;NA;NA;NA;NA;NA;NA;NA;1;1;NA;NA
35;"SP";3512407;"351240";"Cordeirópolis";"Não";"Região Metropolitana de Piracicaba";"Ciclistas";NA;NA;NA;NA;NA;NA;NA;NA;NA;NA;NA;NA;NA;NA;NA;NA;NA;NA;1;1;1;NA;NA;NA;NA
35;"SP";3512803;"351280";"Cosmópolis";"Não";"Região Metropolitana de Campinas";"Ciclistas";NA;NA;NA;NA;NA;NA;NA;NA;1;NA;NA;NA;1;NA;NA;NA;NA;NA;1;NA;NA;2;NA;NA;NA
35;"SP";3513009;"351300";"Cotia";"Não";"Região Metropolitana de São Paulo";"Ciclistas";NA;NA;NA;NA;NA;NA;NA;NA;1;NA;NA;NA;NA;NA;1;NA;NA;NA;1;NA;NA;1;NA;NA;NA
35;"SP";3513108;"351310";"Cravinhos";"Não";"Região Metropolitana de Ribeirão Preto";"Ciclistas";NA;NA;NA;NA;NA;NA;NA;NA;NA;NA;NA;NA;NA;NA;NA;NA;NA;NA;NA;NA;1;NA;NA;NA;NA
35;"SP";3513207;"351320";"Cristais Paulista";"Não";"-";"Ciclistas";NA;NA;NA;NA;NA;NA;NA;NA;NA;NA;NA;NA;NA;NA;NA;NA;NA;NA;NA;NA;NA;NA;NA;NA;NA
35;"SP";3513405;"351340";"Cruzeiro";"Não";"Região Metropolitana do Vale do Paraíba e Litoral Norte";"Ciclistas";NA;NA;NA;NA;NA;NA;NA;NA;2;NA;NA;NA;NA;NA;NA;1;1;NA;NA;NA;NA;NA;NA;NA;NA
35;"SP";3513504;"351350";"Cubatão";"Não";"Região Metropolitana da Baixada Santista";"Ciclistas";NA;NA;NA;1;NA;NA;NA;NA;NA;NA;NA;NA;NA;NA;1;NA;NA;NA;NA;2;4;1;1;1;NA
35;"SP";3513603;"351360";"Cunha";"Não";"Região Metropolitana do Vale do Paraíba e Litoral Norte";"Ciclistas";NA;NA;NA;NA;NA;NA;NA;NA;NA;NA;NA;NA;NA;NA;NA;NA;NA;NA;NA;NA;NA;NA;NA;NA;NA
35;"SP";3513702;"351370";"Descalvado";"Não";"-";"Ciclistas";NA;NA;NA;NA;NA;NA;1;NA;NA;NA;NA;NA;NA;NA;NA;NA;NA;NA;NA;NA;1;NA;NA;NA;NA
35;"SP";3513801;"351380";"Diadema";"Não";"Região Metropolitana de São Paulo";"Ciclistas";NA;NA;1;2;NA;NA;1;1;NA;NA;NA;2;1;NA;2;2;NA;1;NA;NA;4;NA;NA;NA;NA
35;"SP";3513900;"351390";"Divinolândia";"Não";"-";"Ciclistas";NA;NA;NA;NA;NA;NA;NA;NA;NA;NA;NA;NA;NA;NA;NA;NA;NA;NA;NA;NA;2;NA;NA;NA;NA
35;"SP";3514007;"351400";"Dobrada";"Não";"-";"Ciclistas";NA;NA;NA;NA;NA;NA;NA;NA;NA;NA;NA;NA;NA;NA;NA;NA;NA;NA;NA;NA;NA;NA;NA;NA;NA
35;"SP";3514106;"351410";"Dois Córregos";"Não";"-";"Ciclistas";NA;NA;NA;NA;NA;NA;NA;NA;NA;NA;1;NA;NA;NA;NA;NA;NA;NA;NA;NA;NA;NA;NA;NA;NA
35;"SP";3514304;"351430";"Dourado";"Não";"-";"Ciclistas";NA;NA;NA;NA;NA;NA;NA;NA;NA;NA;1;NA;NA;NA;NA;NA;NA;NA;NA;NA;NA;NA;NA;NA;NA
35;"SP";3514403;"351440";"Dracena";"Não";"-";"Ciclistas";NA;NA;NA;NA;NA;NA;NA;NA;NA;1;1;NA;1;NA;NA;NA;NA;NA;NA;NA;NA;NA;NA;NA;NA
35;"SP";3514502;"351450";"Duartina";"Não";"-";"Ciclistas";NA;NA;NA;NA;NA;NA;NA;NA;NA;NA;NA;NA;NA;NA;NA;NA;NA;NA;NA;NA;NA;NA;NA;NA;NA
35;"SP";3514908;"351490";"Elias Fausto";"Não";"Região Metropolitana de Piracicaba";"Ciclistas";NA;NA;NA;NA;NA;NA;NA;NA;NA;NA;NA;NA;NA;NA;NA;NA;NA;NA;NA;NA;NA;NA;NA;NA;NA
35;"SP";3514924;"351492";"Elisiário";"Não";"-";"Ciclistas";NA;NA;NA;NA;NA;NA;NA;NA;NA;NA;NA;NA;NA;NA;NA;NA;NA;NA;NA;NA;NA;NA;NA;NA;NA
35;"SP";3515103;"351510";"Embu-Guaçu";"Não";"Região Metropolitana de São Paulo";"Ciclistas";NA;NA;NA;NA;NA;NA;NA;NA;NA;NA;NA;NA;NA;NA;NA;NA;NA;NA;NA;NA;NA;NA;NA;NA;NA
35;"SP";3515152;"351515";"Engenheiro Coelho";"Não";"Região Metropolitana de Campinas";"Ciclistas";NA;NA;NA;NA;NA;NA;NA;NA;NA;NA;NA;NA;NA;NA;1;NA;NA;NA;NA;NA;NA;NA;NA;NA;NA
35;"SP";3515202;"351520";"Estrela d'Oeste";"Não";"-";"Ciclistas";NA;NA;NA;NA;NA;NA;NA;NA;NA;NA;NA;NA;NA;NA;NA;NA;NA;NA;NA;NA;NA;NA;NA;NA;NA
35;"SP";3515301;"351530";"Estrela do Norte";"Não";"-";"Ciclistas";NA;NA;NA;NA;NA;NA;NA;NA;NA;NA;NA;NA;NA;NA;NA;NA;NA;NA;NA;NA;NA;NA;NA;1;NA
35;"SP";3515350;"351535";"Euclides da Cunha Paulista";"Não";"-";"Ciclistas";NA;NA;NA;NA;NA;NA;NA;NA;NA;NA;NA;1;NA;NA;NA;NA;NA;1;NA;NA;NA;NA;NA;1;NA
35;"SP";3515400;"351540";"Fartura";"Não";"-";"Ciclistas";NA;1;NA;NA;NA;NA;NA;NA;NA;NA;NA;NA;NA;NA;NA;NA;NA;NA;NA;NA;NA;NA;NA;NA;NA
35;"SP";3515509;"351550";"Fernandópolis";"Não";"-";"Ciclistas";NA;NA;NA;NA;NA;NA;NA;NA;NA;2;NA;NA;NA;NA;NA;NA;NA;NA;1;1;2;NA;NA;NA;NA
35;"SP";3515707;"351570";"Ferraz de Vasconcelos";"Não";"Região Metropolitana de São Paulo";"Ciclistas";NA;NA;NA;NA;NA;NA;NA;NA;NA;NA;NA;NA;NA;NA;1;NA;NA;NA;1;NA;NA;NA;NA;NA;NA
35;"SP";3516002;"351600";"Flórida Paulista";"Não";"-";"Ciclistas";NA;NA;NA;NA;NA;NA;NA;NA;NA;NA;NA;NA;NA;NA;NA;NA;NA;NA;NA;NA;NA;NA;NA;NA;NA
35;"SP";3516200;"351620";"Franca";"Não";"-";"Ciclistas";NA;NA;NA;1;2;NA;NA;1;NA;1;1;1;NA;2;NA;NA;2;NA;1;1;3;NA;NA;1;NA
35;"SP";3516309;"351630";"Francisco Morato";"Não";"Região Metropolitana de São Paulo";"Ciclistas";NA;NA;NA;NA;NA;NA;NA;1;NA;NA;NA;NA;NA;NA;NA;NA;NA;NA;NA;1;2;1;NA;NA;NA
35;"SP";3516408;"351640";"Franco da Rocha";"Não";"Região Metropolitana de São Paulo";"Ciclistas";NA;NA;NA;NA;1;NA;NA;NA;NA;NA;NA;NA;NA;NA;NA;2;NA;NA;1;2;NA;1;1;NA;NA
35;"SP";3516606;"351660";"Gália";"Não";"-";"Ciclistas";NA;NA;NA;NA;NA;NA;NA;NA;NA;NA;NA;1;NA;NA;NA;NA;NA;NA;NA;NA;NA;NA;NA;NA;NA
35;"SP";3516705;"351670";"Garça";"Não";"-";"Ciclistas";NA;NA;NA;NA;NA;NA;NA;NA;NA;1;NA;NA;NA;NA;NA;NA;NA;NA;NA;NA;NA;NA;NA;NA;NA
35;"SP";3516804;"351680";"Gastão Vidigal";"Não";"-";"Ciclistas";NA;NA;NA;NA;NA;NA;NA;NA;NA;NA;NA;NA;NA;NA;NA;NA;NA;NA;NA;NA;NA;NA;NA;NA;NA
35;"SP";3516853;"351685";"Gavião Peixoto";"Não";"-";"Ciclistas";NA;NA;NA;NA;NA;NA;NA;NA;NA;NA;NA;NA;NA;NA;NA;NA;NA;NA;NA;NA;NA;NA;NA;NA;NA
35;"SP";3517000;"351700";"Getulina";"Não";"-";"Ciclistas";NA;NA;NA;NA;NA;NA;NA;NA;NA;NA;NA;NA;NA;NA;NA;NA;NA;NA;NA;NA;NA;NA;NA;NA;NA
35;"SP";3517109;"351710";"Glicério";"Não";"-";"Ciclistas";NA;NA;NA;NA;NA;NA;NA;NA;NA;NA;NA;1;NA;NA;NA;NA;NA;NA;NA;NA;NA;NA;NA;NA;NA
35;"SP";3517307;"351730";"Guaimbê";"Não";"-";"Ciclistas";NA;NA;NA;NA;NA;NA;1;NA;NA;NA;NA;NA;NA;NA;NA;NA;NA;NA;NA;NA;NA;NA;NA;NA;NA
35;"SP";3517406;"351740";"Guaíra";"Não";"-";"Ciclistas";NA;NA;NA;NA;NA;NA;NA;NA;NA;NA;NA;NA;NA;1;NA;NA;NA;NA;NA;NA;NA;NA;NA;NA;NA
35;"SP";3517604;"351760";"Guapiara";"Não";"-";"Ciclistas";NA;NA;NA;NA;1;NA;NA;NA;NA;NA;NA;NA;NA;NA;NA;NA;NA;NA;NA;1;NA;NA;NA;NA;NA
35;"SP";3518206;"351820";"Guararapes";"Não";"-";"Ciclistas";NA;NA;NA;NA;NA;NA;NA;NA;NA;NA;1;NA;NA;NA;1;NA;NA;NA;NA;NA;NA;NA;NA;NA;NA
35;"SP";3518305;"351830";"Guararema";"Não";"Região Metropolitana de São Paulo";"Ciclistas";NA;NA;NA;NA;NA;NA;NA;NA;NA;NA;NA;NA;NA;NA;1;NA;NA;1;NA;NA;NA;NA;1;NA;NA
35;"SP";3518404;"351840";"Guaratinguetá";"Não";"Região Metropolitana do Vale do Paraíba e Litoral Norte";"Ciclistas";NA;NA;1;NA;1;NA;NA;1;NA;1;NA;NA;1;NA;1;NA;2;NA;NA;NA;NA;NA;NA;NA;NA
35;"SP";3518503;"351850";"Guareí";"Não";"-";"Ciclistas";NA;NA;NA;NA;NA;NA;NA;NA;NA;NA;NA;NA;NA;NA;NA;NA;NA;NA;NA;NA;NA;NA;NA;NA;NA
35;"SP";3518602;"351860";"Guariba";"Não";"Região Metropolitana de Ribeirão Preto";"Ciclistas";NA;NA;NA;NA;NA;NA;NA;NA;NA;NA;NA;NA;NA;NA;NA;NA;NA;NA;NA;1;NA;NA;1;NA;NA
35;"SP";3518701;"351870";"Guarujá";"Não";"Região Metropolitana da Baixada Santista";"Ciclistas";NA;NA;NA;NA;NA;NA;NA;NA;NA;NA;NA;NA;NA;NA;1;NA;1;1;1;2;1;3;8;4;NA
35;"SP";3518800;"351880";"Guarulhos";"Não";"Região Metropolitana de São Paulo";"Ciclistas";NA;1;1;NA;NA;NA;NA;6;3;5;5;5;2;3;3;1;3;2;3;3;NA;2;3;4;NA
35;"SP";3518859;"351885";"Guatapará";"Não";"Região Metropolitana de Ribeirão Preto";"Ciclistas";NA;NA;NA;NA;NA;NA;NA;NA;NA;NA;NA;NA;NA;NA;NA;NA;NA;NA;NA;1;NA;NA;NA;NA;NA
35;"SP";3519006;"351900";"Herculândia";"Não";"-";"Ciclistas";NA;NA;NA;NA;NA;NA;NA;NA;NA;NA;NA;NA;NA;NA;NA;NA;NA;NA;NA;NA;NA;NA;NA;1;NA
35;"SP";3519055;"351905";"Holambra";"Não";"Região Metropolitana de Campinas";"Ciclistas";NA;NA;NA;NA;NA;NA;NA;NA;NA;NA;NA;NA;NA;NA;NA;NA;NA;NA;NA;NA;NA;NA;NA;NA;NA
35;"SP";3519071;"351907";"Hortolândia";"Não";"Região Metropolitana de Campinas";"Ciclistas";NA;NA;NA;NA;NA;NA;2;1;1;NA;NA;1;NA;NA;1;1;NA;1;NA;2;NA;NA;NA;1;NA
35;"SP";3519303;"351930";"Ibaté";"Não";"-";"Ciclistas";NA;NA;NA;NA;NA;NA;NA;NA;NA;NA;NA;NA;NA;NA;NA;NA;NA;NA;NA;NA;1;NA;NA;NA;NA
35;"SP";3519402;"351940";"Ibirá";"Não";"Região Metropolitana de São José do Rio Preto";"Ciclistas";NA;NA;NA;NA;NA;NA;NA;NA;NA;NA;NA;NA;NA;NA;NA;NA;NA;NA;NA;NA;NA;NA;NA;NA;NA
35;"SP";3519600;"351960";"Ibitinga";"Não";"-";"Ciclistas";NA;1;NA;NA;NA;NA;NA;NA;NA;NA;NA;NA;NA;NA;NA;NA;1;NA;NA;NA;NA;NA;NA;NA;NA
35;"SP";3519709;"351970";"Ibiúna";"Não";"Região Metropolitana de Sorocaba";"Ciclistas";NA;NA;NA;NA;NA;NA;NA;NA;NA;NA;NA;NA;NA;NA;NA;NA;NA;NA;NA;NA;NA;NA;NA;NA;NA
35;"SP";3519808;"351980";"Icém";"Não";"Região Metropolitana de São José do Rio Preto";"Ciclistas";NA;NA;NA;NA;NA;NA;NA;NA;NA;NA;NA;NA;NA;NA;NA;NA;NA;NA;NA;NA;NA;NA;1;1;NA
35;"SP";3520004;"352000";"Igaraçu do Tietê";"Não";"-";"Ciclistas";NA;NA;NA;NA;NA;NA;NA;NA;NA;NA;NA;NA;NA;NA;NA;NA;NA;NA;NA;NA;NA;NA;NA;NA;NA
35;"SP";3520202;"352020";"Igaratá";"Não";"Região Metropolitana do Vale do Paraíba e Litoral Norte";"Ciclistas";NA;NA;NA;NA;NA;NA;NA;NA;NA;NA;NA;NA;1;NA;NA;NA;NA;NA;NA;NA;NA;NA;NA;NA;NA
35;"SP";3520301;"352030";"Iguape";"Não";"-";"Ciclistas";NA;NA;NA;NA;1;NA;NA;NA;NA;NA;NA;NA;NA;1;NA;NA;1;NA;1;NA;NA;NA;NA;NA;NA
35;"SP";3520400;"352040";"Ilhabela";"Não";"Região Metropolitana do Vale do Paraíba e Litoral Norte";"Ciclistas";NA;NA;NA;NA;NA;NA;NA;NA;1;NA;NA;NA;NA;NA;NA;NA;NA;1;NA;NA;NA;NA;NA;NA;NA
35;"SP";3520442;"352044";"Ilha Solteira";"Não";"-";"Ciclistas";NA;NA;NA;NA;NA;NA;NA;NA;NA;NA;NA;NA;1;NA;NA;NA;NA;NA;NA;NA;NA;NA;NA;NA;NA
35;"SP";3520509;"352050";"Indaiatuba";"Não";"Região Metropolitana de Campinas";"Ciclistas";NA;NA;NA;NA;2;NA;2;3;NA;NA;1;2;NA;2;NA;1;NA;2;2;NA;2;1;1;2;NA
35;"SP";3520608;"352060";"Indiana";"Não";"-";"Ciclistas";NA;NA;NA;NA;NA;NA;NA;NA;NA;NA;NA;NA;NA;NA;NA;NA;NA;NA;NA;NA;NA;NA;NA;NA;NA
35;"SP";3520905;"352090";"Ipaussu";"Não";"-";"Ciclistas";NA;NA;NA;NA;NA;NA;1;1;NA;1;NA;NA;NA;NA;NA;NA;NA;NA;NA;NA;NA;NA;NA;NA;NA
35;"SP";3521002;"352100";"Iperó";"Não";"Região Metropolitana de Sorocaba";"Ciclistas";NA;NA;NA;NA;NA;NA;NA;NA;NA;NA;NA;NA;NA;NA;NA;NA;NA;NA;NA;NA;NA;1;NA;NA;NA
35;"SP";3521150;"352115";"Ipiguá";"Não";"Região Metropolitana de São José do Rio Preto";"Ciclistas";NA;NA;NA;NA;NA;NA;NA;NA;NA;NA;NA;NA;NA;NA;NA;NA;NA;NA;NA;NA;NA;NA;NA;NA;NA
35;"SP";3521309;"352130";"Ipuã";"Não";"-";"Ciclistas";NA;NA;NA;NA;NA;NA;NA;NA;NA;1;NA;NA;NA;NA;NA;NA;NA;NA;NA;NA;NA;NA;NA;NA;NA
35;"SP";3521606;"352160";"Irapuru";"Não";"-";"Ciclistas";NA;NA;NA;NA;NA;NA;NA;NA;NA;NA;1;NA;NA;NA;NA;NA;NA;NA;NA;NA;NA;NA;NA;NA;NA
35;"SP";3521705;"352170";"Itaberá";"Não";"-";"Ciclistas";NA;NA;NA;NA;NA;NA;NA;NA;NA;NA;NA;NA;1;NA;NA;NA;NA;NA;NA;NA;NA;NA;NA;NA;NA
35;"SP";3521804;"352180";"Itaí";"Não";"-";"Ciclistas";NA;NA;NA;NA;NA;NA;NA;NA;NA;NA;NA;NA;NA;NA;NA;NA;NA;NA;NA;NA;NA;NA;NA;NA;NA
35;"SP";3522109;"352210";"Itanhaém";"Não";"Região Metropolitana da Baixada Santista";"Ciclistas";NA;NA;NA;NA;NA;1;2;1;NA;NA;1;3;NA;NA;NA;NA;NA;NA;2;NA;1;6;4;2;NA
35;"SP";3522158;"352215";"Itaoca";"Não";"-";"Ciclistas";NA;NA;NA;NA;NA;NA;NA;NA;NA;NA;NA;NA;NA;NA;NA;NA;NA;NA;NA;NA;NA;NA;NA;NA;NA
35;"SP";3522208;"352220";"Itapecerica da Serra";"Não";"Região Metropolitana de São Paulo";"Ciclistas";NA;NA;NA;NA;NA;NA;NA;NA;NA;NA;NA;NA;NA;NA;1;NA;NA;1;NA;NA;1;NA;NA;NA;NA
35;"SP";3522307;"352230";"Itapetininga";"Não";"Região Metropolitana de Sorocaba";"Ciclistas";NA;NA;NA;NA;NA;NA;NA;NA;1;NA;NA;NA;NA;NA;NA;NA;NA;NA;NA;NA;NA;NA;NA;NA;NA
35;"SP";3522406;"352240";"Itapeva";"Não";"-";"Ciclistas";NA;NA;NA;NA;NA;NA;NA;NA;NA;NA;NA;NA;NA;NA;NA;NA;NA;NA;NA;1;NA;NA;NA;NA;NA
35;"SP";3522505;"352250";"Itapevi";"Não";"Região Metropolitana de São Paulo";"Ciclistas";NA;NA;NA;NA;NA;NA;NA;1;NA;NA;NA;NA;NA;NA;NA;NA;NA;NA;1;NA;1;NA;NA;2;NA
35;"SP";3522604;"352260";"Itapira";"Não";"-";"Ciclistas";NA;NA;NA;NA;NA;NA;NA;NA;NA;NA;NA;1;NA;NA;NA;NA;NA;NA;NA;NA;NA;NA;NA;1;NA
35;"SP";3522703;"352270";"Itápolis";"Não";"-";"Ciclistas";NA;NA;NA;NA;NA;NA;NA;NA;NA;NA;1;NA;NA;NA;1;NA;NA;NA;NA;NA;NA;NA;NA;NA;NA
35;"SP";3522901;"352290";"Itapuí";"Não";"-";"Ciclistas";NA;NA;NA;NA;NA;NA;NA;NA;NA;NA;NA;NA;NA;NA;NA;NA;NA;NA;NA;NA;NA;NA;NA;NA;NA
35;"SP";3523008;"352300";"Itapura";"Não";"-";"Ciclistas";NA;NA;NA;NA;NA;NA;NA;NA;NA;NA;NA;NA;NA;NA;NA;NA;NA;NA;1;NA;NA;NA;NA;NA;NA
35;"SP";3523107;"352310";"Itaquaquecetuba";"Não";"Região Metropolitana de São Paulo";"Ciclistas";NA;NA;NA;NA;NA;NA;NA;NA;1;NA;NA;NA;1;NA;1;1;NA;2;NA;NA;NA;NA;NA;NA;NA
35;"SP";3523206;"352320";"Itararé";"Não";"-";"Ciclistas";NA;NA;NA;NA;NA;NA;NA;NA;NA;NA;NA;NA;NA;NA;NA;NA;NA;NA;NA;NA;NA;NA;NA;NA;NA
35;"SP";3523305;"352330";"Itariri";"Não";"-";"Ciclistas";NA;NA;NA;NA;NA;NA;NA;NA;NA;NA;NA;1;NA;NA;NA;NA;NA;NA;NA;NA;NA;NA;1;NA;NA
35;"SP";3523404;"352340";"Itatiba";"Não";"Região Metropolitana de Campinas";"Ciclistas";NA;NA;NA;1;NA;NA;NA;NA;NA;NA;NA;NA;1;NA;1;NA;1;NA;2;NA;1;NA;NA;NA;NA
35;"SP";3523503;"352350";"Itatinga";"Não";"-";"Ciclistas";NA;NA;NA;NA;NA;NA;NA;NA;NA;NA;NA;NA;NA;NA;NA;NA;NA;NA;NA;NA;NA;NA;NA;NA;NA
35;"SP";3523602;"352360";"Itirapina";"Não";"-";"Ciclistas";NA;NA;NA;NA;NA;NA;NA;NA;NA;NA;NA;NA;NA;NA;NA;NA;NA;NA;NA;NA;NA;NA;NA;NA;NA
35;"SP";3523800;"352380";"Itobi";"Não";"-";"Ciclistas";NA;NA;NA;NA;NA;NA;NA;NA;NA;NA;NA;NA;NA;NA;NA;NA;NA;NA;NA;NA;NA;NA;1;NA;NA
35;"SP";3523909;"352390";"Itu";"Não";"Região Metropolitana de Sorocaba";"Ciclistas";NA;NA;1;NA;NA;NA;NA;NA;1;NA;NA;2;1;3;NA;NA;NA;NA;NA;1;NA;NA;3;1;NA
35;"SP";3524006;"352400";"Itupeva";"Não";"Região Metropolitana de Jundiaí";"Ciclistas";NA;NA;NA;NA;NA;NA;NA;NA;1;1;NA;NA;NA;NA;NA;NA;NA;NA;NA;NA;1;NA;NA;NA;NA
35;"SP";3524105;"352410";"Ituverava";"Não";"-";"Ciclistas";NA;NA;NA;NA;NA;NA;NA;NA;NA;NA;1;NA;NA;NA;NA;NA;NA;NA;NA;NA;NA;NA;NA;1;NA
35;"SP";3524303;"352430";"Jaboticabal";"Não";"Região Metropolitana de Ribeirão Preto";"Ciclistas";NA;NA;1;NA;NA;NA;NA;NA;NA;NA;NA;NA;NA;NA;NA;NA;NA;NA;NA;NA;1;NA;1;1;NA
35;"SP";3524402;"352440";"Jacareí";"Não";"Região Metropolitana do Vale do Paraíba e Litoral Norte";"Ciclistas";NA;NA;NA;NA;NA;NA;1;NA;NA;1;NA;NA;1;1;NA;NA;1;NA;NA;NA;1;NA;NA;NA;NA
35;"SP";3524600;"352460";"Jacupiranga";"Não";"-";"Ciclistas";NA;NA;NA;NA;NA;NA;NA;NA;NA;NA;NA;NA;NA;NA;NA;NA;NA;NA;NA;NA;NA;NA;NA;NA;NA
35;"SP";3524709;"352470";"Jaguariúna";"Não";"Região Metropolitana de Campinas";"Ciclistas";NA;NA;NA;NA;NA;NA;1;NA;NA;NA;NA;NA;NA;NA;NA;NA;NA;NA;NA;NA;NA;NA;1;NA;NA
35;"SP";3524808;"352480";"Jales";"Não";"-";"Ciclistas";NA;NA;NA;NA;NA;NA;NA;NA;NA;NA;NA;NA;NA;NA;NA;NA;NA;NA;NA;NA;NA;NA;NA;NA;NA
35;"SP";3525003;"352500";"Jandira";"Não";"Região Metropolitana de São Paulo";"Ciclistas";NA;1;NA;NA;NA;1;NA;NA;1;NA;NA;NA;NA;NA;NA;NA;NA;NA;1;NA;NA;NA;NA;NA;NA
35;"SP";3525102;"352510";"Jardinópolis";"Não";"Região Metropolitana de Ribeirão Preto";"Ciclistas";NA;NA;NA;NA;NA;NA;NA;NA;NA;1;NA;NA;NA;NA;NA;NA;NA;NA;NA;NA;NA;NA;NA;NA;NA
35;"SP";3525201;"352520";"Jarinu";"Não";"Região Metropolitana de Jundiaí";"Ciclistas";NA;NA;NA;NA;NA;NA;NA;NA;NA;NA;NA;NA;NA;NA;NA;NA;1;NA;NA;NA;NA;NA;NA;NA;NA
35;"SP";3525300;"352530";"Jaú";"Não";"-";"Ciclistas";NA;NA;NA;NA;NA;NA;NA;NA;NA;NA;2;NA;NA;NA;NA;1;2;NA;NA;NA;1;1;NA;1;NA
35;"SP";3525508;"352550";"Joanópolis";"Não";"-";"Ciclistas";NA;NA;NA;NA;NA;NA;NA;NA;NA;NA;NA;NA;NA;NA;NA;NA;NA;NA;NA;NA;NA;NA;NA;NA;NA
35;"SP";3525607;"352560";"João Ramalho";"Não";"-";"Ciclistas";NA;NA;NA;NA;NA;NA;NA;NA;NA;NA;NA;NA;NA;NA;NA;NA;NA;NA;NA;NA;NA;NA;NA;NA;NA
35;"SP";3525706;"352570";"José Bonifácio";"Não";"Região Metropolitana de São José do Rio Preto";"Ciclistas";NA;NA;NA;NA;NA;NA;NA;NA;NA;NA;NA;NA;NA;NA;NA;NA;NA;NA;NA;NA;NA;NA;NA;NA;NA
35;"SP";3525904;"352590";"Jundiaí";"Não";"Região Metropolitana de Jundiaí";"Ciclistas";NA;NA;NA;NA;NA;NA;2;1;2;1;4;NA;2;1;1;2;5;1;1;1;1;NA;2;4;NA
35;"SP";3526001;"352600";"Junqueirópolis";"Não";"-";"Ciclistas";1;NA;NA;NA;NA;NA;NA;NA;NA;NA;NA;NA;NA;NA;1;NA;NA;NA;NA;NA;NA;NA;NA;NA;NA
35;"SP";3526100;"352610";"Juquiá";"Não";"-";"Ciclistas";NA;NA;NA;NA;NA;NA;NA;1;NA;NA;NA;NA;NA;NA;NA;NA;NA;NA;NA;NA;NA;NA;NA;NA;NA
35;"SP";3526407;"352640";"Laranjal Paulista";"Não";"-";"Ciclistas";NA;NA;NA;NA;NA;NA;NA;NA;NA;NA;NA;NA;NA;1;NA;NA;NA;NA;NA;NA;NA;NA;NA;NA;NA
35;"SP";3526704;"352670";"Leme";"Não";"Região Metropolitana de Piracicaba";"Ciclistas";NA;NA;NA;NA;NA;NA;NA;NA;NA;NA;NA;NA;NA;NA;NA;1;NA;NA;1;NA;NA;NA;1;1;NA
35;"SP";3526803;"352680";"Lençóis Paulista";"Não";"-";"Ciclistas";NA;NA;NA;NA;NA;NA;NA;NA;NA;NA;NA;NA;NA;NA;NA;NA;NA;NA;NA;1;NA;NA;NA;NA;NA
35;"SP";3526902;"352690";"Limeira";"Não";"Região Metropolitana de Piracicaba";"Ciclistas";NA;NA;NA;NA;NA;NA;NA;NA;NA;NA;NA;NA;NA;1;NA;2;NA;NA;NA;2;3;1;2;3;NA
35;"SP";3527108;"352710";"Lins";"Não";"-";"Ciclistas";NA;NA;NA;NA;NA;NA;NA;1;1;NA;1;NA;NA;NA;1;NA;NA;2;NA;1;NA;1;NA;NA;NA
35;"SP";3527207;"352720";"Lorena";"Não";"Região Metropolitana do Vale do Paraíba e Litoral Norte";"Ciclistas";NA;NA;NA;NA;NA;NA;NA;1;NA;NA;NA;NA;NA;NA;NA;NA;NA;NA;NA;NA;NA;NA;NA;1;NA
35;"SP";3527306;"352730";"Louveira";"Não";"Região Metropolitana de Jundiaí";"Ciclistas";NA;NA;NA;NA;NA;NA;NA;NA;NA;NA;NA;NA;NA;NA;NA;NA;NA;1;NA;NA;NA;NA;1;NA;NA
35;"SP";3527603;"352760";"Luís Antônio";"Não";"Região Metropolitana de Ribeirão Preto";"Ciclistas";NA;NA;NA;NA;NA;NA;NA;NA;NA;NA;NA;NA;NA;NA;NA;NA;NA;NA;NA;NA;NA;NA;NA;NA;NA
35;"SP";3528007;"352800";"Macatuba";"Não";"-";"Ciclistas";NA;NA;NA;NA;NA;NA;1;NA;NA;NA;NA;NA;NA;NA;NA;NA;NA;NA;NA;NA;NA;NA;NA;NA;NA
35;"SP";3528205;"352820";"Macedônia";"Não";"-";"Ciclistas";NA;NA;NA;NA;NA;NA;NA;NA;NA;NA;NA;NA;NA;NA;NA;NA;NA;NA;NA;NA;NA;NA;NA;NA;NA
35;"SP";3528403;"352840";"Mairinque";"Não";"Região Metropolitana de Sorocaba";"Ciclistas";NA;NA;NA;NA;NA;NA;NA;NA;NA;NA;NA;1;NA;NA;NA;NA;NA;NA;NA;1;NA;NA;NA;NA;NA
35;"SP";3528502;"352850";"Mairiporã";"Não";"Região Metropolitana de São Paulo";"Ciclistas";NA;NA;NA;NA;NA;NA;NA;NA;1;NA;NA;NA;NA;NA;NA;NA;NA;NA;NA;NA;NA;NA;NA;NA;NA
35;"SP";3528700;"352870";"Marabá Paulista";"Não";"-";"Ciclistas";NA;NA;NA;NA;NA;NA;NA;NA;NA;NA;NA;NA;NA;NA;NA;NA;NA;NA;NA;NA;NA;NA;NA;1;NA
35;"SP";3528809;"352880";"Maracaí";"Não";"-";"Ciclistas";NA;NA;NA;NA;NA;NA;NA;NA;NA;NA;NA;NA;NA;NA;NA;NA;NA;NA;NA;NA;NA;NA;NA;NA;NA
35;"SP";3529005;"352900";"Marília";"Não";"-";"Ciclistas";1;NA;NA;2;1;NA;2;3;NA;1;1;NA;2;NA;NA;1;1;2;NA;NA;NA;1;1;2;NA
35;"SP";3529104;"352910";"Marinópolis";"Não";"-";"Ciclistas";NA;NA;NA;NA;NA;NA;NA;NA;NA;NA;NA;NA;NA;NA;NA;NA;NA;NA;NA;NA;NA;NA;NA;NA;NA
35;"SP";3529203;"352920";"Martinópolis";"Não";"-";"Ciclistas";NA;NA;NA;NA;NA;NA;NA;NA;NA;NA;NA;NA;1;NA;NA;NA;NA;NA;NA;NA;NA;NA;NA;NA;NA
35;"SP";3529302;"352930";"Matão";"Não";"-";"Ciclistas";NA;1;NA;NA;NA;1;1;1;NA;1;NA;NA;NA;2;NA;NA;NA;1;1;NA;NA;NA;1;NA;NA
35;"SP";3529401;"352940";"Mauá";"Não";"Região Metropolitana de São Paulo";"Ciclistas";NA;1;NA;NA;NA;NA;NA;NA;NA;NA;NA;NA;NA;NA;NA;NA;NA;NA;NA;NA;NA;NA;NA;NA;NA
35;"SP";3529906;"352990";"Miracatu";"Não";"-";"Ciclistas";NA;NA;NA;NA;NA;NA;NA;NA;NA;NA;NA;NA;NA;1;NA;NA;NA;NA;NA;NA;NA;NA;NA;NA;NA
35;"SP";3530102;"353010";"Mirandópolis";"Não";"-";"Ciclistas";NA;NA;NA;NA;NA;NA;NA;NA;NA;NA;NA;NA;NA;NA;NA;NA;NA;NA;NA;NA;NA;NA;1;NA;NA
35;"SP";3530300;"353030";"Mirassol";"Não";"Região Metropolitana de São José do Rio Preto";"Ciclistas";NA;NA;NA;NA;NA;NA;NA;NA;NA;NA;NA;NA;NA;1;1;NA;NA;NA;NA;NA;1;NA;NA;1;NA
35;"SP";3530508;"353050";"Mococa";"Não";"Região Metropolitana de Ribeirão Preto";"Ciclistas";NA;NA;NA;NA;NA;NA;NA;NA;NA;NA;NA;NA;NA;NA;NA;NA;NA;NA;NA;NA;NA;NA;2;NA;NA
35;"SP";3530607;"353060";"Mogi das Cruzes";"Não";"Região Metropolitana de São Paulo";"Ciclistas";NA;2;1;NA;NA;1;2;NA;1;1;1;5;NA;2;NA;2;1;3;6;4;2;4;3;3;NA
35;"SP";3530706;"353070";"Mogi Guaçu";"Não";"-";"Ciclistas";NA;NA;NA;NA;NA;NA;NA;NA;NA;NA;NA;NA;NA;NA;NA;NA;NA;NA;NA;NA;NA;NA;NA;NA;NA
35;"SP";3530805;"353080";"Mogi Mirim";"Não";"-";"Ciclistas";NA;NA;NA;NA;NA;NA;NA;NA;NA;NA;1;NA;NA;NA;NA;NA;NA;NA;NA;NA;NA;NA;NA;1;NA
35;"SP";3531001;"353100";"Monções";"Não";"-";"Ciclistas";NA;NA;NA;NA;NA;NA;NA;NA;NA;NA;NA;NA;NA;NA;NA;NA;NA;NA;NA;NA;NA;NA;NA;NA;NA
35;"SP";3531100;"353110";"Mongaguá";"Não";"Região Metropolitana da Baixada Santista";"Ciclistas";NA;NA;1;1;NA;NA;NA;NA;NA;NA;NA;NA;NA;NA;NA;NA;NA;NA;NA;NA;NA;4;NA;NA;NA
35;"SP";3531209;"353120";"Monte Alegre do Sul";"Não";"-";"Ciclistas";NA;NA;NA;NA;NA;NA;NA;NA;NA;NA;NA;NA;NA;NA;NA;NA;NA;NA;NA;NA;NA;NA;NA;NA;NA
35;"SP";3531308;"353130";"Monte Alto";"Não";"Região Metropolitana de Ribeirão Preto";"Ciclistas";NA;1;NA;NA;NA;NA;NA;NA;NA;NA;NA;NA;NA;NA;NA;NA;NA;1;NA;NA;NA;NA;NA;NA;NA
35;"SP";3531407;"353140";"Monte Aprazível";"Não";"Região Metropolitana de São José do Rio Preto";"Ciclistas";NA;NA;NA;NA;NA;NA;NA;NA;NA;NA;NA;NA;NA;NA;NA;NA;NA;NA;NA;NA;NA;NA;NA;NA;NA
35;"SP";3531605;"353160";"Monte Castelo";"Não";"-";"Ciclistas";NA;NA;NA;NA;NA;NA;NA;NA;NA;NA;NA;NA;NA;NA;NA;NA;NA;NA;NA;NA;NA;NA;NA;NA;NA
35;"SP";3531803;"353180";"Monte Mor";"Não";"Região Metropolitana de Campinas";"Ciclistas";NA;NA;NA;NA;NA;NA;NA;1;1;NA;NA;NA;NA;NA;1;NA;NA;NA;NA;1;NA;NA;1;NA;NA
35;"SP";3531902;"353190";"Morro Agudo";"Não";"Região Metropolitana de Ribeirão Preto";"Ciclistas";NA;NA;NA;NA;NA;NA;NA;NA;NA;NA;NA;NA;NA;NA;NA;NA;NA;NA;NA;NA;NA;NA;NA;NA;NA
35;"SP";3532009;"353200";"Morungaba";"Não";"Região Metropolitana de Campinas";"Ciclistas";NA;NA;NA;NA;NA;NA;NA;NA;NA;NA;NA;NA;NA;NA;NA;NA;NA;NA;NA;NA;NA;1;NA;NA;NA
35;"SP";3532405;"353240";"Nazaré Paulista";"Não";"-";"Ciclistas";NA;NA;NA;NA;NA;NA;NA;NA;NA;NA;NA;NA;NA;NA;NA;NA;NA;NA;NA;NA;NA;NA;NA;NA;NA
35;"SP";3532504;"353250";"Neves Paulista";"Não";"Região Metropolitana de São José do Rio Preto";"Ciclistas";NA;NA;NA;NA;NA;NA;NA;NA;NA;NA;NA;NA;NA;NA;NA;NA;NA;NA;NA;NA;NA;NA;NA;NA;NA
35;"SP";3532603;"353260";"Nhandeara";"Não";"-";"Ciclistas";NA;NA;NA;NA;NA;NA;NA;NA;NA;NA;NA;NA;NA;NA;NA;NA;NA;NA;NA;NA;NA;NA;NA;NA;NA
35;"SP";3532702;"353270";"Nipoã";"Não";"Região Metropolitana de São José do Rio Preto";"Ciclistas";NA;NA;NA;NA;NA;NA;NA;NA;NA;1;NA;NA;NA;NA;NA;NA;NA;NA;NA;NA;NA;NA;NA;NA;NA
35;"SP";3532801;"353280";"Nova Aliança";"Não";"Região Metropolitana de São José do Rio Preto";"Ciclistas";NA;NA;NA;NA;NA;NA;NA;NA;NA;NA;NA;NA;NA;NA;NA;NA;NA;NA;NA;NA;NA;NA;NA;NA;NA
35;"SP";3532827;"353282";"Nova Campina";"Não";"-";"Ciclistas";NA;NA;NA;NA;NA;NA;NA;NA;NA;NA;NA;NA;NA;NA;NA;NA;NA;NA;NA;NA;NA;NA;NA;NA;NA
35;"SP";3533007;"353300";"Nova Granada";"Não";"Região Metropolitana de São José do Rio Preto";"Ciclistas";NA;NA;NA;NA;NA;NA;NA;NA;NA;NA;NA;NA;NA;NA;NA;NA;NA;NA;NA;NA;NA;NA;1;NA;NA
35;"SP";3533304;"353330";"Nova Luzitânia";"Não";"-";"Ciclistas";NA;NA;NA;NA;NA;NA;NA;NA;NA;NA;NA;NA;NA;NA;NA;NA;NA;NA;NA;NA;NA;NA;NA;NA;NA
35;"SP";3533403;"353340";"Nova Odessa";"Não";"Região Metropolitana de Campinas";"Ciclistas";NA;NA;NA;NA;NA;NA;NA;NA;NA;NA;NA;NA;1;NA;NA;NA;NA;NA;1;NA;NA;NA;NA;NA;NA
35;"SP";3533502;"353350";"Novo Horizonte";"Não";"-";"Ciclistas";NA;NA;NA;NA;NA;NA;NA;NA;NA;NA;NA;NA;NA;NA;NA;NA;NA;NA;NA;NA;1;NA;NA;NA;NA
35;"SP";3533601;"353360";"Nuporanga";"Não";"Região Metropolitana de Ribeirão Preto";"Ciclistas";NA;NA;NA;NA;NA;NA;NA;NA;NA;NA;NA;NA;NA;NA;NA;NA;NA;NA;NA;NA;NA;NA;NA;NA;NA
35;"SP";3533700;"353370";"Ocauçu";"Não";"-";"Ciclistas";NA;NA;NA;NA;NA;NA;NA;NA;NA;NA;NA;NA;NA;NA;NA;NA;NA;NA;NA;NA;NA;NA;NA;NA;NA
35;"SP";3533908;"353390";"Olímpia";"Não";"Região Metropolitana de São José do Rio Preto";"Ciclistas";NA;NA;NA;NA;NA;NA;NA;NA;NA;NA;NA;NA;1;NA;NA;NA;NA;NA;NA;NA;NA;NA;NA;NA;NA
35;"SP";3534005;"353400";"Onda Verde";"Não";"Região Metropolitana de São José do Rio Preto";"Ciclistas";NA;NA;NA;NA;NA;NA;NA;NA;NA;NA;NA;NA;NA;NA;NA;NA;NA;NA;NA;NA;NA;NA;NA;NA;NA
35;"SP";3534302;"353430";"Orlândia";"Não";"Região Metropolitana de Ribeirão Preto";"Ciclistas";NA;NA;NA;NA;NA;NA;NA;NA;1;NA;NA;NA;NA;NA;NA;NA;NA;NA;NA;NA;NA;NA;NA;NA;NA
35;"SP";3534401;"353440";"Osasco";"Não";"Região Metropolitana de São Paulo";"Ciclistas";NA;2;1;NA;2;2;NA;1;1;1;NA;1;1;NA;1;1;NA;NA;1;NA;1;3;1;1;NA
35;"SP";3534609;"353460";"Osvaldo Cruz";"Não";"-";"Ciclistas";NA;NA;NA;NA;NA;NA;NA;NA;NA;1;NA;2;NA;NA;NA;NA;NA;NA;NA;NA;NA;NA;NA;NA;NA
35;"SP";3534708;"353470";"Ourinhos";"Não";"-";"Ciclistas";NA;NA;1;NA;NA;NA;NA;1;NA;NA;NA;NA;NA;1;NA;NA;1;NA;NA;NA;NA;NA;NA;1;NA
35;"SP";3534757;"353475";"Ouroeste";"Não";"-";"Ciclistas";NA;NA;NA;NA;NA;NA;NA;NA;NA;NA;NA;NA;NA;NA;NA;NA;NA;NA;NA;NA;NA;NA;NA;NA;NA
35;"SP";3534807;"353480";"Ouro Verde";"Não";"-";"Ciclistas";NA;NA;NA;NA;NA;NA;NA;NA;NA;NA;NA;NA;NA;1;NA;NA;NA;NA;NA;1;NA;NA;NA;NA;NA
35;"SP";3535200;"353520";"Palmeira d'Oeste";"Não";"-";"Ciclistas";NA;NA;NA;NA;NA;NA;NA;NA;NA;NA;NA;NA;NA;NA;NA;NA;NA;NA;NA;NA;NA;NA;NA;NA;NA
35;"SP";3535309;"353530";"Palmital";"Não";"-";"Ciclistas";NA;NA;NA;NA;NA;NA;NA;NA;NA;NA;NA;NA;NA;NA;NA;NA;NA;NA;NA;NA;NA;NA;NA;NA;NA
35;"SP";3535408;"353540";"Panorama";"Não";"-";"Ciclistas";NA;NA;NA;NA;1;NA;NA;NA;NA;NA;NA;NA;NA;NA;NA;NA;NA;NA;NA;NA;NA;NA;NA;NA;NA
35;"SP";3535507;"353550";"Paraguaçu Paulista";"Não";"-";"Ciclistas";NA;NA;NA;NA;NA;NA;NA;NA;NA;NA;NA;NA;NA;NA;NA;NA;NA;NA;1;NA;NA;NA;NA;NA;NA
35;"SP";3535606;"353560";"Paraibuna";"Não";"Região Metropolitana do Vale do Paraíba e Litoral Norte";"Ciclistas";NA;NA;NA;NA;NA;NA;NA;NA;NA;NA;NA;NA;NA;NA;NA;NA;NA;NA;NA;NA;NA;NA;NA;NA;NA
35;"SP";3535903;"353590";"Paranapuã";"Não";"-";"Ciclistas";NA;NA;NA;NA;NA;NA;NA;NA;NA;NA;NA;NA;NA;NA;NA;NA;NA;NA;NA;NA;NA;NA;NA;NA;NA
35;"SP";3536000;"353600";"Parapuã";"Não";"-";"Ciclistas";NA;NA;NA;NA;NA;NA;NA;NA;NA;NA;NA;NA;NA;NA;NA;NA;NA;NA;NA;NA;NA;NA;NA;NA;NA
35;"SP";3536208;"353620";"Pariquera-Açu";"Não";"-";"Ciclistas";NA;1;NA;1;NA;NA;NA;NA;NA;NA;NA;NA;NA;1;1;2;1;1;3;1;NA;NA;NA;NA;NA
35;"SP";3536307;"353630";"Patrocínio Paulista";"Não";"-";"Ciclistas";NA;NA;NA;NA;NA;NA;NA;NA;NA;NA;NA;NA;NA;NA;NA;NA;NA;NA;NA;NA;NA;NA;NA;NA;NA
35;"SP";3536406;"353640";"Paulicéia";"Não";"-";"Ciclistas";NA;NA;NA;NA;NA;NA;NA;NA;1;NA;NA;NA;NA;NA;NA;NA;NA;NA;NA;NA;NA;NA;NA;NA;NA
35;"SP";3536505;"353650";"Paulínia";"Não";"Região Metropolitana de Campinas";"Ciclistas";NA;NA;NA;NA;NA;NA;1;1;NA;NA;NA;NA;NA;NA;NA;NA;NA;NA;1;NA;1;1;NA;NA;NA
35;"SP";3536703;"353670";"Pederneiras";"Não";"-";"Ciclistas";NA;NA;NA;NA;NA;NA;NA;NA;NA;NA;NA;NA;NA;NA;NA;NA;NA;NA;NA;NA;NA;NA;NA;NA;NA
35;"SP";3536802;"353680";"Pedra Bela";"Não";"-";"Ciclistas";NA;NA;NA;NA;NA;NA;NA;NA;NA;NA;NA;NA;NA;NA;NA;NA;NA;NA;NA;1;NA;NA;NA;NA;NA
35;"SP";3537107;"353710";"Pedreira";"Não";"Região Metropolitana de Campinas";"Ciclistas";NA;NA;NA;NA;NA;NA;NA;NA;NA;NA;NA;NA;NA;NA;NA;NA;NA;NA;NA;NA;NA;NA;NA;NA;NA
35;"SP";3537206;"353720";"Pedro de Toledo";"Não";"-";"Ciclistas";NA;1;NA;1;NA;NA;NA;NA;NA;NA;NA;NA;NA;NA;NA;1;NA;NA;1;NA;NA;NA;NA;NA;NA
35;"SP";3537305;"353730";"Penápolis";"Não";"-";"Ciclistas";NA;NA;NA;NA;NA;NA;NA;NA;1;NA;NA;NA;NA;1;1;NA;NA;1;NA;NA;NA;1;NA;1;NA
35;"SP";3537404;"353740";"Pereira Barreto";"Não";"-";"Ciclistas";NA;NA;NA;NA;NA;NA;1;NA;NA;NA;1;NA;NA;NA;NA;NA;NA;NA;NA;1;NA;NA;NA;NA;NA
35;"SP";3537503;"353750";"Pereiras";"Não";"-";"Ciclistas";NA;NA;NA;NA;NA;NA;NA;NA;NA;NA;NA;NA;NA;NA;NA;NA;NA;NA;NA;NA;NA;NA;NA;NA;NA
35;"SP";3537602;"353760";"Peruíbe";"Não";"Região Metropolitana da Baixada Santista";"Ciclistas";NA;NA;NA;1;NA;NA;NA;NA;1;NA;NA;NA;1;NA;NA;NA;NA;1;NA;1;NA;1;1;NA;NA
35;"SP";3537701;"353770";"Piacatu";"Não";"-";"Ciclistas";NA;NA;NA;NA;NA;NA;NA;NA;NA;1;NA;NA;NA;NA;NA;NA;NA;NA;NA;NA;NA;NA;NA;NA;NA
35;"SP";3537800;"353780";"Piedade";"Não";"Região Metropolitana de Sorocaba";"Ciclistas";NA;NA;NA;NA;NA;NA;NA;NA;NA;NA;NA;NA;NA;NA;NA;NA;NA;NA;NA;NA;NA;NA;NA;NA;NA
35;"SP";3537909;"353790";"Pilar do Sul";"Não";"Região Metropolitana de Sorocaba";"Ciclistas";NA;NA;NA;NA;NA;NA;NA;NA;NA;NA;NA;NA;NA;NA;NA;NA;NA;NA;NA;NA;NA;NA;NA;NA;NA
35;"SP";3538006;"353800";"Pindamonhangaba";"Não";"Região Metropolitana do Vale do Paraíba e Litoral Norte";"Ciclistas";NA;NA;NA;NA;NA;NA;NA;NA;NA;1;1;NA;NA;NA;NA;NA;1;NA;NA;NA;NA;NA;NA;2;NA
35;"SP";3538105;"353810";"Pindorama";"Não";"-";"Ciclistas";NA;NA;NA;NA;NA;NA;NA;NA;NA;NA;NA;NA;NA;NA;NA;NA;NA;NA;NA;NA;NA;NA;NA;NA;NA
35;"SP";3538204;"353820";"Pinhalzinho";"Não";"-";"Ciclistas";NA;NA;NA;NA;NA;NA;NA;NA;NA;NA;NA;NA;NA;NA;1;NA;NA;NA;NA;NA;NA;NA;NA;NA;NA
35;"SP";3538501;"353850";"Piquete";"Não";"Região Metropolitana do Vale do Paraíba e Litoral Norte";"Ciclistas";NA;NA;NA;NA;NA;NA;NA;NA;NA;NA;NA;NA;NA;NA;NA;NA;NA;NA;NA;NA;NA;NA;NA;NA;NA
35;"SP";3538600;"353860";"Piracaia";"Não";"-";"Ciclistas";NA;NA;NA;NA;NA;NA;NA;NA;NA;NA;NA;NA;NA;NA;NA;NA;1;NA;NA;NA;NA;NA;NA;NA;NA
35;"SP";3538709;"353870";"Piracicaba";"Não";"Região Metropolitana de Piracicaba";"Ciclistas";NA;NA;NA;NA;NA;NA;1;NA;NA;1;1;2;NA;3;NA;2;1;NA;1;2;NA;NA;NA;2;NA
35;"SP";3538808;"353880";"Piraju";"Não";"-";"Ciclistas";NA;NA;NA;NA;NA;NA;NA;NA;NA;NA;NA;NA;NA;NA;NA;NA;NA;1;NA;NA;NA;NA;NA;NA;NA
35;"SP";3538907;"353890";"Pirajuí";"Não";"-";"Ciclistas";NA;NA;NA;NA;NA;NA;NA;NA;NA;NA;NA;NA;NA;NA;NA;NA;NA;NA;NA;NA;NA;NA;NA;NA;NA
35;"SP";3539004;"353900";"Pirangi";"Não";"-";"Ciclistas";NA;NA;NA;NA;NA;NA;1;NA;NA;NA;NA;NA;NA;NA;NA;NA;NA;NA;NA;NA;NA;NA;NA;NA;NA
35;"SP";3539202;"353920";"Pirapozinho";"Não";"-";"Ciclistas";NA;NA;NA;NA;NA;NA;NA;NA;NA;NA;NA;NA;NA;NA;NA;NA;NA;NA;NA;NA;NA;NA;NA;NA;NA
35;"SP";3539301;"353930";"Pirassununga";"Não";"Região Metropolitana de Piracicaba";"Ciclistas";NA;NA;NA;NA;NA;NA;NA;NA;NA;NA;NA;NA;NA;NA;1;NA;NA;NA;NA;1;NA;NA;2;NA;NA
35;"SP";3539400;"353940";"Piratininga";"Não";"-";"Ciclistas";NA;NA;NA;NA;NA;NA;NA;NA;NA;NA;NA;NA;NA;NA;NA;NA;NA;NA;NA;NA;NA;NA;NA;NA;NA
35;"SP";3539509;"353950";"Pitangueiras";"Não";"Região Metropolitana de Ribeirão Preto";"Ciclistas";NA;NA;NA;NA;NA;NA;NA;NA;NA;1;NA;NA;NA;1;NA;NA;NA;NA;NA;NA;NA;NA;1;NA;NA
35;"SP";3539608;"353960";"Planalto";"Não";"Região Metropolitana de São José do Rio Preto";"Ciclistas";NA;NA;NA;NA;NA;NA;NA;NA;NA;NA;NA;NA;NA;NA;NA;NA;NA;NA;NA;NA;NA;NA;NA;NA;NA
35;"SP";3539806;"353980";"Poá";"Não";"Região Metropolitana de São Paulo";"Ciclistas";NA;NA;NA;1;NA;NA;NA;NA;NA;NA;NA;NA;NA;NA;NA;NA;NA;NA;NA;NA;NA;NA;NA;NA;NA
35;"SP";3539905;"353990";"Poloni";"Não";"Região Metropolitana de São José do Rio Preto";"Ciclistas";NA;NA;NA;NA;NA;NA;NA;NA;NA;1;NA;NA;NA;NA;NA;NA;NA;NA;NA;NA;NA;NA;NA;NA;NA
35;"SP";3540002;"354000";"Pompéia";"Não";"-";"Ciclistas";NA;NA;NA;NA;NA;NA;NA;NA;NA;NA;NA;NA;NA;NA;NA;NA;NA;NA;NA;NA;NA;NA;NA;NA;NA
35;"SP";3540101;"354010";"Pongaí";"Não";"-";"Ciclistas";NA;NA;NA;NA;NA;NA;NA;NA;NA;NA;NA;1;NA;NA;NA;NA;NA;NA;NA;NA;NA;NA;NA;NA;NA
35;"SP";3540200;"354020";"Pontal";"Não";"Região Metropolitana de Ribeirão Preto";"Ciclistas";NA;NA;NA;NA;NA;NA;NA;NA;NA;NA;NA;NA;NA;NA;NA;NA;NA;1;NA;NA;NA;NA;NA;NA;NA
35;"SP";3540606;"354060";"Porto Feliz";"Não";"Região Metropolitana de Sorocaba";"Ciclistas";NA;NA;NA;NA;NA;NA;NA;NA;NA;NA;NA;NA;NA;1;NA;NA;NA;NA;NA;NA;NA;NA;NA;NA;NA
35;"SP";3540705;"354070";"Porto Ferreira";"Não";"-";"Ciclistas";NA;NA;NA;NA;NA;NA;NA;NA;NA;NA;NA;NA;NA;NA;NA;NA;NA;NA;NA;NA;NA;NA;NA;NA;NA
35;"SP";3540903;"354090";"Pradópolis";"Não";"Região Metropolitana de Ribeirão Preto";"Ciclistas";NA;NA;NA;NA;NA;NA;NA;NA;NA;NA;NA;1;NA;1;NA;NA;NA;NA;NA;NA;NA;NA;NA;NA;NA
35;"SP";3541000;"354100";"Praia Grande";"Não";"Região Metropolitana da Baixada Santista";"Ciclistas";1;NA;1;1;NA;NA;NA;NA;NA;3;2;8;3;3;1;4;4;3;4;4;4;7;4;6;NA
35;"SP";3541208;"354120";"Presidente Bernardes";"Não";"-";"Ciclistas";NA;NA;NA;NA;NA;NA;NA;NA;NA;NA;NA;NA;NA;NA;1;NA;NA;NA;NA;NA;NA;NA;NA;NA;NA
35;"SP";3541307;"354130";"Presidente Epitácio";"Não";"-";"Ciclistas";NA;NA;NA;NA;NA;NA;1;NA;NA;NA;1;2;NA;NA;NA;NA;NA;NA;NA;NA;NA;NA;NA;NA;NA
35;"SP";3541406;"354140";"Presidente Prudente";"Não";"-";"Ciclistas";NA;NA;NA;NA;NA;NA;1;NA;NA;1;1;1;NA;NA;2;NA;NA;NA;NA;2;2;NA;1;3;NA
35;"SP";3541505;"354150";"Presidente Venceslau";"Não";"-";"Ciclistas";NA;NA;NA;NA;NA;NA;NA;NA;NA;NA;NA;NA;1;NA;NA;NA;NA;NA;NA;NA;NA;1;NA;NA;NA
35;"SP";3541703;"354170";"Quatá";"Não";"-";"Ciclistas";NA;NA;NA;NA;NA;NA;NA;NA;NA;NA;NA;NA;NA;NA;NA;NA;NA;NA;NA;NA;NA;NA;NA;NA;NA
35;"SP";3541901;"354190";"Queluz";"Não";"Região Metropolitana do Vale do Paraíba e Litoral Norte";"Ciclistas";NA;NA;NA;NA;NA;NA;NA;NA;NA;NA;NA;NA;NA;NA;NA;NA;NA;NA;NA;NA;NA;NA;NA;NA;NA
35;"SP";3542008;"354200";"Quintana";"Não";"-";"Ciclistas";NA;NA;NA;NA;1;NA;NA;NA;NA;NA;NA;NA;NA;NA;NA;NA;NA;NA;NA;NA;NA;NA;NA;NA;NA
35;"SP";3542107;"354210";"Rafard";"Não";"Região Metropolitana de Piracicaba";"Ciclistas";NA;NA;NA;NA;NA;NA;NA;NA;NA;NA;NA;NA;NA;NA;NA;NA;NA;NA;NA;NA;NA;NA;NA;NA;NA
35;"SP";3542206;"354220";"Rancharia";"Não";"-";"Ciclistas";NA;NA;NA;NA;NA;NA;NA;NA;NA;NA;NA;NA;NA;NA;NA;NA;NA;NA;NA;NA;NA;NA;NA;NA;NA
35;"SP";3542404;"354240";"Regente Feijó";"Não";"-";"Ciclistas";NA;NA;NA;NA;NA;NA;NA;NA;NA;NA;NA;NA;NA;NA;NA;NA;NA;1;NA;NA;NA;1;NA;NA;NA
35;"SP";3542602;"354260";"Registro";"Não";"-";"Ciclistas";NA;NA;NA;NA;NA;NA;NA;NA;NA;NA;NA;NA;1;4;NA;NA;NA;NA;1;NA;NA;NA;NA;NA;NA
35;"SP";3542701;"354270";"Restinga";"Não";"-";"Ciclistas";NA;NA;NA;NA;NA;NA;NA;NA;NA;NA;NA;NA;NA;NA;NA;NA;NA;NA;NA;NA;NA;NA;NA;NA;NA
35;"SP";3542909;"354290";"Ribeirão Bonito";"Não";"-";"Ciclistas";NA;NA;NA;NA;NA;NA;NA;NA;NA;NA;NA;NA;NA;NA;NA;NA;NA;NA;NA;NA;NA;NA;NA;NA;NA
35;"SP";3543006;"354300";"Ribeirão Branco";"Não";"-";"Ciclistas";NA;NA;NA;NA;NA;NA;NA;NA;NA;NA;NA;NA;NA;NA;NA;NA;NA;NA;NA;NA;NA;NA;NA;NA;NA
35;"SP";3543105;"354310";"Ribeirão Corrente";"Não";"-";"Ciclistas";NA;NA;NA;NA;NA;NA;NA;NA;NA;NA;NA;NA;NA;NA;NA;NA;NA;NA;NA;NA;NA;NA;NA;NA;NA
35;"SP";3543303;"354330";"Ribeirão Pires";"Não";"Região Metropolitana de São Paulo";"Ciclistas";NA;NA;NA;NA;1;NA;NA;NA;NA;NA;NA;1;NA;NA;NA;NA;NA;NA;NA;NA;1;NA;NA;NA;NA
35;"SP";3543402;"354340";"Ribeirão Preto";"Não";"Região Metropolitana de Ribeirão Preto";"Ciclistas";NA;NA;NA;NA;NA;NA;10;3;3;4;6;1;2;3;3;6;5;7;5;1;2;3;5;4;NA
35;"SP";3543501;"354350";"Riversul";"Não";"-";"Ciclistas";NA;NA;NA;NA;1;NA;NA;NA;NA;NA;NA;NA;NA;NA;NA;NA;NA;NA;NA;NA;NA;NA;NA;NA;NA
35;"SP";3543709;"354370";"Rincão";"Não";"-";"Ciclistas";NA;NA;NA;NA;NA;NA;NA;NA;NA;NA;NA;NA;NA;NA;NA;NA;NA;NA;NA;NA;NA;1;NA;NA;NA
35;"SP";3543808;"354380";"Rinópolis";"Não";"-";"Ciclistas";NA;NA;NA;NA;NA;NA;NA;NA;NA;NA;NA;NA;NA;NA;NA;NA;NA;NA;NA;NA;NA;NA;NA;NA;NA
35;"SP";3543907;"354390";"Rio Claro";"Não";"Região Metropolitana de Piracicaba";"Ciclistas";NA;NA;1;1;2;2;2;2;1;1;NA;NA;1;2;NA;1;1;1;1;3;2;1;1;1;NA
35;"SP";3544004;"354400";"Rio das Pedras";"Não";"Região Metropolitana de Piracicaba";"Ciclistas";NA;NA;NA;NA;NA;NA;NA;NA;NA;NA;NA;NA;NA;NA;NA;NA;NA;NA;NA;NA;NA;NA;NA;NA;NA
35;"SP";3544251;"354425";"Rosana";"Não";"-";"Ciclistas";NA;NA;NA;NA;NA;NA;NA;NA;NA;NA;1;NA;1;NA;NA;1;NA;NA;NA;NA;NA;1;NA;NA;NA
35;"SP";3544301;"354430";"Roseira";"Não";"Região Metropolitana do Vale do Paraíba e Litoral Norte";"Ciclistas";NA;NA;NA;NA;NA;NA;NA;NA;NA;NA;NA;NA;NA;NA;NA;NA;NA;NA;NA;NA;NA;NA;NA;NA;NA
35;"SP";3544806;"354480";"Sales";"Não";"Região Metropolitana de São José do Rio Preto";"Ciclistas";NA;NA;NA;NA;NA;NA;NA;NA;NA;NA;NA;NA;NA;NA;NA;NA;NA;NA;NA;NA;NA;NA;NA;NA;NA
35;"SP";3544905;"354490";"Sales Oliveira";"Não";"Região Metropolitana de Ribeirão Preto";"Ciclistas";NA;NA;NA;NA;NA;NA;NA;NA;NA;NA;NA;NA;NA;NA;NA;NA;NA;NA;NA;NA;NA;NA;NA;NA;NA
35;"SP";3545001;"354500";"Salesópolis";"Não";"Região Metropolitana de São Paulo";"Ciclistas";NA;NA;NA;NA;NA;NA;NA;NA;NA;NA;NA;NA;NA;NA;NA;NA;NA;NA;NA;NA;NA;NA;NA;NA;NA
35;"SP";3545100;"354510";"Salmourão";"Não";"-";"Ciclistas";NA;NA;NA;NA;NA;NA;NA;NA;NA;NA;NA;NA;NA;NA;NA;NA;NA;NA;NA;NA;NA;NA;NA;1;NA
35;"SP";3545209;"354520";"Salto";"Não";"Região Metropolitana de Sorocaba";"Ciclistas";NA;NA;NA;NA;NA;1;2;NA;NA;NA;NA;NA;1;NA;1;NA;NA;NA;NA;NA;1;1;2;1;NA
35;"SP";3545308;"354530";"Salto de Pirapora";"Não";"Região Metropolitana de Sorocaba";"Ciclistas";NA;NA;NA;NA;NA;NA;1;NA;NA;NA;NA;1;NA;1;NA;NA;NA;NA;NA;NA;NA;NA;NA;NA;NA
35;"SP";3545506;"354550";"Sandovalina";"Não";"-";"Ciclistas";NA;NA;NA;NA;NA;NA;NA;NA;NA;NA;NA;NA;NA;NA;NA;NA;NA;NA;NA;NA;NA;1;NA;NA;NA
35;"SP";3545605;"354560";"Santa Adélia";"Não";"-";"Ciclistas";NA;NA;NA;NA;NA;NA;NA;NA;NA;NA;NA;NA;NA;NA;NA;NA;NA;NA;NA;NA;NA;NA;NA;NA;NA
35;"SP";3545803;"354580";"Santa Bárbara d'Oeste";"Não";"Região Metropolitana de Campinas";"Ciclistas";NA;NA;NA;NA;1;NA;NA;NA;NA;NA;NA;NA;NA;NA;NA;NA;NA;NA;NA;1;NA;1;NA;NA;NA
35;"SP";3546009;"354600";"Santa Branca";"Não";"Região Metropolitana do Vale do Paraíba e Litoral Norte";"Ciclistas";NA;NA;NA;NA;NA;NA;NA;NA;NA;NA;NA;NA;NA;NA;NA;NA;NA;NA;NA;NA;NA;NA;NA;NA;NA
35;"SP";3546306;"354630";"Santa Cruz das Palmeiras";"Não";"-";"Ciclistas";NA;NA;NA;NA;NA;NA;NA;NA;NA;1;NA;NA;NA;NA;NA;NA;NA;NA;NA;NA;NA;NA;NA;NA;NA
35;"SP";3546405;"354640";"Santa Cruz do Rio Pardo";"Não";"-";"Ciclistas";NA;NA;NA;NA;NA;NA;NA;NA;NA;NA;NA;1;1;NA;NA;NA;NA;NA;NA;NA;NA;NA;NA;NA;NA
35;"SP";3546603;"354660";"Santa Fé do Sul";"Não";"-";"Ciclistas";NA;NA;NA;NA;NA;NA;NA;NA;NA;NA;NA;NA;NA;NA;NA;NA;NA;NA;NA;NA;NA;NA;NA;NA;NA
35;"SP";3546702;"354670";"Santa Gertrudes";"Não";"Região Metropolitana de Piracicaba";"Ciclistas";NA;NA;NA;NA;NA;NA;NA;NA;NA;NA;NA;NA;NA;1;NA;NA;NA;NA;NA;NA;NA;NA;NA;NA;NA
35;"SP";3546801;"354680";"Santa Isabel";"Não";"Região Metropolitana de São Paulo";"Ciclistas";NA;NA;NA;NA;NA;NA;1;NA;NA;NA;NA;NA;NA;NA;NA;NA;NA;NA;NA;NA;NA;NA;NA;NA;NA
35;"SP";3546900;"354690";"Santa Lúcia";"Não";"-";"Ciclistas";NA;NA;NA;NA;1;NA;NA;NA;NA;NA;NA;NA;NA;NA;NA;NA;NA;NA;NA;NA;NA;NA;NA;NA;NA
35;"SP";3547007;"354700";"Santa Maria da Serra";"Não";"Região Metropolitana de Piracicaba";"Ciclistas";NA;NA;NA;NA;NA;NA;1;NA;NA;NA;NA;NA;NA;NA;NA;NA;NA;NA;NA;NA;NA;NA;NA;NA;NA
35;"SP";3547106;"354710";"Santa Mercedes";"Não";"-";"Ciclistas";NA;NA;NA;NA;NA;NA;NA;NA;NA;NA;NA;NA;NA;NA;NA;NA;NA;NA;NA;NA;NA;NA;NA;NA;NA
35;"SP";3547304;"354730";"Santana de Parnaíba";"Não";"Região Metropolitana de São Paulo";"Ciclistas";NA;NA;NA;NA;NA;NA;NA;NA;NA;1;NA;NA;NA;NA;1;NA;NA;1;NA;1;NA;1;NA;NA;NA
35;"SP";3547502;"354750";"Santa Rita do Passa Quatro";"Não";"Região Metropolitana de Ribeirão Preto";"Ciclistas";NA;NA;NA;NA;NA;NA;NA;NA;NA;NA;NA;NA;NA;NA;NA;NA;NA;NA;NA;1;NA;NA;NA;NA;NA
35;"SP";3547601;"354760";"Santa Rosa de Viterbo";"Não";"Região Metropolitana de Ribeirão Preto";"Ciclistas";NA;NA;NA;NA;NA;NA;NA;NA;NA;NA;NA;NA;2;NA;NA;NA;NA;NA;NA;NA;NA;NA;NA;NA;NA
35;"SP";3547650;"354765";"Santa Salete";"Não";"-";"Ciclistas";NA;NA;NA;NA;NA;NA;NA;NA;NA;NA;NA;NA;NA;NA;NA;NA;NA;NA;NA;NA;NA;NA;NA;NA;NA
35;"SP";3547809;"354780";"Santo André";"Não";"Região Metropolitana de São Paulo";"Ciclistas";NA;NA;1;NA;1;NA;1;3;1;1;NA;1;NA;NA;1;NA;1;NA;NA;1;NA;NA;NA;1;NA
35;"SP";3548005;"354800";"Santo Antônio de Posse";"Não";"Região Metropolitana de Campinas";"Ciclistas";NA;NA;NA;NA;NA;NA;NA;NA;NA;NA;NA;NA;NA;NA;1;NA;NA;NA;NA;NA;NA;NA;NA;NA;NA
35;"SP";3548054;"354805";"Santo Antônio do Aracanguá";"Não";"-";"Ciclistas";NA;NA;NA;NA;NA;NA;NA;NA;NA;NA;NA;NA;NA;NA;NA;NA;NA;NA;NA;NA;NA;NA;NA;NA;NA
35;"SP";3548203;"354820";"Santo Antônio do Pinhal";"Não";"Região Metropolitana do Vale do Paraíba e Litoral Norte";"Ciclistas";NA;NA;NA;NA;NA;NA;NA;NA;NA;NA;NA;NA;NA;NA;NA;NA;NA;NA;NA;NA;NA;NA;NA;NA;NA
35;"SP";3548401;"354840";"Santópolis do Aguapeí";"Não";"-";"Ciclistas";NA;NA;NA;NA;NA;NA;NA;NA;NA;NA;NA;NA;NA;NA;NA;1;NA;NA;NA;NA;NA;NA;NA;NA;NA
35;"SP";3548500;"354850";"Santos";"Não";"Região Metropolitana da Baixada Santista";"Ciclistas";NA;NA;1;NA;NA;1;2;1;5;5;5;9;6;2;4;2;3;1;NA;2;4;NA;5;NA;NA
35;"SP";3548609;"354860";"São Bento do Sapucaí";"Não";"Região Metropolitana do Vale do Paraíba e Litoral Norte";"Ciclistas";NA;NA;NA;NA;NA;NA;NA;NA;NA;NA;NA;NA;NA;NA;NA;NA;NA;NA;NA;NA;NA;NA;NA;NA;NA
35;"SP";3548708;"354870";"São Bernardo do Campo";"Não";"Região Metropolitana de São Paulo";"Ciclistas";1;1;NA;NA;NA;NA;NA;NA;1;NA;1;NA;2;1;NA;NA;NA;2;NA;NA;NA;NA;2;NA;NA
35;"SP";3548807;"354880";"São Caetano do Sul";"Não";"Região Metropolitana de São Paulo";"Ciclistas";NA;NA;NA;NA;NA;NA;NA;NA;NA;NA;NA;NA;NA;NA;NA;NA;NA;NA;1;NA;NA;NA;NA;NA;NA
35;"SP";3548906;"354890";"São Carlos";"Não";"-";"Ciclistas";NA;NA;NA;NA;NA;NA;NA;1;1;NA;NA;NA;2;NA;1;NA;NA;NA;NA;1;NA;1;1;NA;NA
35;"SP";3549003;"354900";"São Francisco";"Não";"-";"Ciclistas";NA;NA;NA;NA;NA;NA;NA;NA;1;NA;NA;NA;NA;NA;NA;NA;NA;NA;NA;NA;NA;NA;NA;NA;NA
35;"SP";3549102;"354910";"São João da Boa Vista";"Não";"-";"Ciclistas";NA;NA;NA;NA;NA;NA;NA;NA;1;1;NA;NA;NA;NA;NA;NA;NA;NA;NA;NA;NA;NA;NA;NA;NA
35;"SP";3549300;"354930";"São João do Pau d'Alho";"Não";"-";"Ciclistas";NA;NA;NA;NA;NA;NA;NA;NA;NA;NA;NA;NA;NA;NA;NA;NA;NA;NA;NA;NA;NA;NA;NA;NA;NA
35;"SP";3549409;"354940";"São Joaquim da Barra";"Não";"-";"Ciclistas";NA;NA;NA;NA;NA;NA;NA;NA;NA;1;NA;NA;NA;NA;NA;NA;NA;NA;NA;NA;NA;NA;1;NA;NA
35;"SP";3549508;"354950";"São José da Bela Vista";"Não";"-";"Ciclistas";NA;NA;NA;NA;NA;NA;NA;NA;NA;2;NA;NA;NA;NA;NA;NA;NA;NA;NA;NA;NA;NA;NA;NA;NA
35;"SP";3549706;"354970";"São José do Rio Pardo";"Não";"-";"Ciclistas";NA;NA;NA;NA;NA;NA;NA;NA;NA;NA;NA;1;NA;NA;NA;NA;NA;NA;1;NA;NA;NA;NA;NA;NA
35;"SP";3549805;"354980";"São José do Rio Preto";"Não";"Região Metropolitana de São José do Rio Preto";"Ciclistas";1;1;2;NA;2;NA;NA;NA;NA;2;NA;1;1;NA;NA;NA;NA;1;1;1;NA;2;1;2;NA
35;"SP";3549904;"354990";"São José dos Campos";"Não";"Região Metropolitana do Vale do Paraíba e Litoral Norte";"Ciclistas";NA;NA;NA;2;NA;NA;NA;1;NA;NA;NA;NA;NA;NA;2;1;1;NA;1;NA;NA;1;2;1;NA
35;"SP";3550001;"355000";"São Luiz do Paraitinga";"Não";"Região Metropolitana do Vale do Paraíba e Litoral Norte";"Ciclistas";NA;NA;NA;NA;NA;NA;NA;NA;NA;NA;NA;NA;NA;NA;NA;NA;NA;NA;NA;NA;NA;NA;NA;NA;NA
35;"SP";3550100;"355010";"São Manuel";"Não";"-";"Ciclistas";NA;NA;NA;NA;NA;NA;NA;NA;NA;NA;NA;NA;NA;1;NA;NA;NA;NA;NA;1;NA;NA;NA;NA;NA
35;"SP";3550209;"355020";"São Miguel Arcanjo";"Não";"Região Metropolitana de Sorocaba";"Ciclistas";NA;NA;NA;NA;NA;NA;NA;NA;NA;NA;NA;NA;NA;NA;1;NA;NA;NA;NA;NA;1;NA;NA;NA;NA
35;"SP";3550308;"355030";"São Paulo";"Sim";"Região Metropolitana de São Paulo";"Ciclistas";1;10;6;11;8;15;39;18;26;34;29;23;21;18;26;13;15;11;1;16;15;17;2;3;NA
35;"SP";3550407;"355040";"São Pedro";"Não";"Região Metropolitana de Piracicaba";"Ciclistas";NA;NA;NA;NA;NA;NA;NA;NA;NA;NA;NA;NA;NA;NA;NA;NA;NA;NA;NA;NA;NA;NA;1;NA;NA
35;"SP";3550605;"355060";"São Roque";"Não";"Região Metropolitana de Sorocaba";"Ciclistas";NA;NA;NA;NA;NA;NA;NA;NA;NA;NA;NA;NA;NA;NA;NA;NA;NA;NA;NA;NA;NA;1;NA;1;NA
35;"SP";3550704;"355070";"São Sebastião";"Não";"Região Metropolitana do Vale do Paraíba e Litoral Norte";"Ciclistas";1;NA;NA;1;NA;NA;NA;NA;NA;1;NA;NA;NA;NA;1;2;1;NA;NA;NA;1;NA;NA;NA;NA
35;"SP";3550803;"355080";"São Sebastião da Grama";"Não";"-";"Ciclistas";NA;NA;NA;NA;NA;NA;NA;NA;NA;NA;NA;NA;1;NA;NA;NA;NA;NA;NA;NA;NA;NA;NA;NA;NA
35;"SP";3551009;"355100";"São Vicente";"Não";"Região Metropolitana da Baixada Santista";"Ciclistas";NA;NA;1;NA;NA;1;3;1;1;2;NA;1;2;3;1;2;NA;NA;2;6;2;1;4;6;NA
35;"SP";3551108;"355110";"Sarapuí";"Não";"Região Metropolitana de Sorocaba";"Ciclistas";NA;NA;NA;NA;NA;NA;NA;NA;NA;NA;NA;NA;NA;NA;NA;NA;NA;NA;NA;NA;NA;NA;NA;NA;NA
35;"SP";3551207;"355120";"Sarutaiá";"Não";"-";"Ciclistas";NA;NA;NA;NA;NA;NA;NA;NA;NA;NA;NA;NA;NA;NA;NA;NA;NA;NA;NA;NA;NA;NA;NA;NA;NA
35;"SP";3551405;"355140";"Serra Azul";"Não";"Região Metropolitana de Ribeirão Preto";"Ciclistas";NA;NA;NA;NA;NA;NA;NA;NA;NA;NA;NA;NA;NA;NA;NA;NA;NA;NA;NA;NA;NA;NA;NA;NA;NA
35;"SP";3551504;"355150";"Serrana";"Não";"Região Metropolitana de Ribeirão Preto";"Ciclistas";NA;NA;NA;NA;NA;NA;1;NA;NA;NA;NA;NA;NA;NA;NA;NA;NA;NA;NA;NA;NA;NA;NA;NA;NA
35;"SP";3551603;"355160";"Serra Negra";"Não";"-";"Ciclistas";NA;NA;NA;NA;NA;NA;NA;NA;NA;NA;NA;NA;NA;NA;NA;NA;NA;NA;NA;NA;NA;NA;NA;NA;NA
35;"SP";3551702;"355170";"Sertãozinho";"Não";"Região Metropolitana de Ribeirão Preto";"Ciclistas";NA;NA;NA;NA;NA;NA;NA;NA;1;NA;NA;1;NA;1;NA;NA;NA;1;NA;NA;1;1;NA;1;NA
35;"SP";3551801;"355180";"Sete Barras";"Não";"-";"Ciclistas";NA;NA;NA;NA;NA;NA;NA;NA;NA;NA;NA;NA;NA;NA;NA;1;NA;NA;NA;NA;NA;NA;NA;NA;NA
35;"SP";3551900;"355190";"Severínia";"Não";"Região Metropolitana de São José do Rio Preto";"Ciclistas";NA;NA;NA;NA;NA;NA;NA;NA;NA;NA;NA;NA;NA;NA;NA;NA;NA;NA;NA;NA;NA;NA;1;NA;NA
35;"SP";3552106;"355210";"Socorro";"Não";"-";"Ciclistas";NA;NA;NA;NA;NA;NA;NA;NA;NA;NA;NA;NA;NA;NA;NA;NA;1;NA;NA;NA;NA;NA;NA;NA;NA
35;"SP";3552205;"355220";"Sorocaba";"Não";"Região Metropolitana de Sorocaba";"Ciclistas";NA;2;1;1;1;1;2;1;1;1;2;2;NA;2;2;2;1;1;4;3;2;3;3;4;NA
35;"SP";3552403;"355240";"Sumaré";"Não";"Região Metropolitana de Campinas";"Ciclistas";NA;NA;1;1;2;NA;1;1;1;NA;1;NA;NA;1;1;1;NA;NA;NA;NA;1;3;2;1;NA
35;"SP";3552502;"355250";"Suzano";"Não";"Região Metropolitana de São Paulo";"Ciclistas";NA;NA;NA;NA;NA;NA;NA;1;NA;NA;1;NA;NA;NA;NA;NA;1;NA;2;NA;NA;NA;NA;1;NA
35;"SP";3552700;"355270";"Tabatinga";"Não";"-";"Ciclistas";NA;NA;NA;NA;NA;NA;NA;NA;NA;NA;NA;NA;NA;NA;NA;NA;NA;1;NA;NA;NA;NA;NA;NA;NA
35;"SP";3552809;"355280";"Taboão da Serra";"Não";"Região Metropolitana de São Paulo";"Ciclistas";1;NA;NA;NA;NA;NA;1;1;NA;NA;2;NA;1;NA;1;NA;NA;NA;NA;1;1;NA;1;NA;NA
35;"SP";3553302;"355330";"Tambaú";"Não";"Região Metropolitana de Ribeirão Preto";"Ciclistas";NA;NA;NA;NA;NA;NA;NA;NA;NA;NA;NA;NA;NA;NA;NA;NA;NA;NA;1;NA;NA;NA;NA;NA;NA
35;"SP";3553401;"355340";"Tanabi";"Não";"Região Metropolitana de São José do Rio Preto";"Ciclistas";NA;NA;NA;NA;NA;NA;NA;NA;NA;NA;NA;NA;NA;NA;NA;NA;NA;NA;NA;NA;NA;NA;NA;NA;NA
35;"SP";3553500;"355350";"Tapiraí";"Não";"Região Metropolitana de Sorocaba";"Ciclistas";NA;NA;NA;NA;NA;NA;NA;NA;NA;NA;NA;NA;NA;NA;NA;NA;NA;NA;NA;NA;NA;NA;NA;NA;NA
35;"SP";3553609;"355360";"Tapiratiba";"Não";"-";"Ciclistas";NA;NA;NA;NA;NA;NA;NA;NA;NA;NA;NA;NA;NA;NA;NA;NA;NA;NA;NA;NA;NA;NA;NA;NA;NA
35;"SP";3553708;"355370";"Taquaritinga";"Não";"-";"Ciclistas";NA;NA;NA;NA;NA;NA;NA;NA;NA;NA;NA;NA;NA;NA;NA;NA;NA;NA;NA;NA;1;NA;1;NA;NA
35;"SP";3553807;"355380";"Taquarituba";"Não";"-";"Ciclistas";NA;NA;NA;NA;NA;NA;NA;NA;NA;NA;NA;NA;NA;NA;NA;NA;NA;NA;NA;NA;NA;NA;NA;NA;NA
35;"SP";3553856;"355385";"Taquarivaí";"Não";"-";"Ciclistas";NA;NA;NA;NA;NA;NA;NA;NA;1;NA;NA;NA;NA;NA;NA;1;NA;NA;NA;NA;NA;NA;NA;NA;NA
35;"SP";3553955;"355395";"Tarumã";"Não";"-";"Ciclistas";NA;NA;NA;NA;NA;NA;NA;NA;NA;NA;1;NA;NA;NA;1;NA;NA;NA;NA;NA;NA;NA;NA;NA;NA
35;"SP";3554003;"355400";"Tatuí";"Não";"Região Metropolitana de Sorocaba";"Ciclistas";NA;NA;1;NA;NA;NA;NA;1;1;NA;1;NA;NA;NA;NA;NA;NA;NA;NA;NA;NA;NA;1;1;NA
35;"SP";3554102;"355410";"Taubaté";"Não";"Região Metropolitana do Vale do Paraíba e Litoral Norte";"Ciclistas";NA;NA;NA;NA;NA;1;NA;NA;NA;NA;NA;NA;NA;NA;NA;NA;NA;1;3;NA;1;NA;1;1;NA
35;"SP";3554300;"355430";"Teodoro Sampaio";"Não";"-";"Ciclistas";NA;NA;NA;NA;NA;NA;NA;NA;NA;NA;NA;NA;NA;NA;NA;NA;NA;NA;NA;NA;NA;NA;NA;NA;NA
35;"SP";3554508;"355450";"Tietê";"Não";"Região Metropolitana de Sorocaba";"Ciclistas";NA;NA;NA;NA;NA;NA;NA;NA;NA;NA;NA;1;NA;NA;NA;NA;NA;NA;NA;NA;NA;NA;NA;NA;NA
35;"SP";3554607;"355460";"Timburi";"Não";"-";"Ciclistas";NA;NA;NA;NA;NA;NA;NA;NA;NA;NA;NA;NA;NA;NA;NA;NA;NA;NA;NA;NA;NA;NA;NA;NA;NA
35;"SP";3554805;"355480";"Tremembé";"Não";"Região Metropolitana do Vale do Paraíba e Litoral Norte";"Ciclistas";NA;NA;NA;NA;NA;NA;NA;NA;NA;NA;NA;NA;NA;NA;NA;NA;NA;NA;NA;NA;NA;NA;NA;NA;NA
35;"SP";3554904;"355490";"Três Fronteiras";"Não";"-";"Ciclistas";NA;NA;NA;NA;NA;NA;NA;NA;NA;NA;NA;NA;NA;NA;NA;NA;NA;NA;NA;NA;NA;NA;NA;NA;NA
35;"SP";3554953;"355495";"Tuiuti";"Não";"-";"Ciclistas";NA;NA;NA;NA;NA;NA;NA;NA;NA;NA;NA;NA;NA;NA;NA;NA;NA;NA;NA;NA;NA;NA;NA;NA;NA
35;"SP";3555000;"355500";"Tupã";"Não";"-";"Ciclistas";1;1;1;NA;2;1;1;NA;NA;NA;NA;NA;NA;NA;NA;NA;NA;1;NA;NA;NA;NA;NA;NA;NA
35;"SP";3555109;"355510";"Tupi Paulista";"Não";"-";"Ciclistas";NA;NA;NA;NA;NA;NA;NA;NA;NA;NA;NA;NA;NA;NA;NA;NA;NA;NA;NA;NA;NA;NA;NA;NA;NA
35;"SP";3555356;"355535";"Ubarana";"Não";"Região Metropolitana de São José do Rio Preto";"Ciclistas";NA;NA;NA;NA;NA;NA;NA;NA;NA;NA;NA;NA;NA;NA;NA;NA;NA;NA;NA;NA;NA;NA;NA;NA;NA
35;"SP";3555406;"355540";"Ubatuba";"Não";"Região Metropolitana do Vale do Paraíba e Litoral Norte";"Ciclistas";1;NA;NA;NA;NA;NA;NA;1;1;3;NA;1;3;NA;NA;NA;NA;NA;NA;NA;2;NA;NA;NA;NA
35;"SP";3555802;"355580";"Urânia";"Não";"-";"Ciclistas";NA;NA;NA;NA;NA;NA;NA;NA;NA;NA;NA;NA;NA;NA;NA;NA;NA;NA;NA;NA;NA;NA;NA;NA;NA
35;"SP";3555901;"355590";"Uru";"Não";"-";"Ciclistas";NA;NA;NA;NA;NA;NA;NA;NA;NA;NA;NA;NA;NA;NA;NA;NA;NA;NA;NA;NA;NA;NA;NA;NA;NA
35;"SP";3556107;"355610";"Valentim Gentil";"Não";"-";"Ciclistas";NA;NA;NA;NA;NA;NA;NA;NA;NA;NA;NA;NA;NA;NA;NA;NA;NA;1;NA;NA;NA;NA;NA;NA;NA
35;"SP";3556206;"355620";"Valinhos";"Não";"Região Metropolitana de Campinas";"Ciclistas";NA;NA;NA;NA;NA;NA;NA;1;NA;1;NA;NA;NA;NA;NA;NA;2;NA;NA;NA;NA;1;NA;NA;NA
35;"SP";3556354;"355635";"Vargem";"Não";"-";"Ciclistas";NA;NA;NA;NA;NA;NA;NA;NA;NA;NA;NA;NA;NA;NA;NA;NA;NA;NA;NA;NA;NA;NA;NA;NA;NA
35;"SP";3556404;"355640";"Vargem Grande do Sul";"Não";"-";"Ciclistas";NA;NA;NA;NA;NA;NA;NA;NA;NA;NA;NA;NA;NA;NA;NA;NA;NA;NA;NA;NA;NA;NA;NA;NA;NA
35;"SP";3556453;"355645";"Vargem Grande Paulista";"Não";"Região Metropolitana de São Paulo";"Ciclistas";NA;NA;NA;NA;NA;NA;NA;NA;NA;NA;NA;NA;NA;NA;NA;NA;NA;NA;NA;NA;2;NA;1;NA;NA
35;"SP";3556503;"355650";"Várzea Paulista";"Não";"Região Metropolitana de Jundiaí";"Ciclistas";NA;NA;NA;NA;NA;NA;NA;NA;NA;NA;NA;NA;NA;NA;NA;NA;NA;NA;NA;NA;NA;NA;NA;1;NA
35;"SP";3556701;"355670";"Vinhedo";"Não";"Região Metropolitana de Campinas";"Ciclistas";NA;NA;NA;NA;1;NA;NA;NA;NA;NA;NA;NA;NA;NA;NA;NA;NA;NA;NA;NA;NA;NA;NA;NA;NA
35;"SP";3556800;"355680";"Viradouro";"Não";"-";"Ciclistas";NA;NA;NA;NA;NA;NA;NA;NA;NA;NA;NA;NA;NA;NA;NA;NA;NA;NA;NA;NA;NA;NA;NA;NA;NA
35;"SP";3556909;"355690";"Vista Alegre do Alto";"Não";"-";"Ciclistas";NA;NA;NA;NA;NA;NA;NA;NA;NA;NA;NA;NA;NA;NA;NA;NA;NA;NA;NA;NA;NA;NA;NA;NA;NA
35;"SP";3557006;"355700";"Votorantim";"Não";"Região Metropolitana de Sorocaba";"Ciclistas";NA;NA;NA;NA;NA;NA;NA;NA;NA;NA;NA;NA;NA;NA;NA;NA;NA;NA;NA;NA;NA;NA;NA;NA;NA
35;"SP";3557105;"355710";"Votuporanga";"Não";"-";"Ciclistas";NA;NA;NA;NA;NA;NA;NA;NA;NA;NA;NA;1;NA;NA;1;2;NA;NA;NA;1;NA;NA;1;NA;NA
35;"SP";3557154;"355715";"Zacarias";"Não";"Região Metropolitana de São José do Rio Preto";"Ciclistas";NA;NA;NA;NA;NA;NA;NA;NA;NA;NA;NA;NA;NA;NA;NA;NA;NA;NA;NA;NA;NA;NA;NA;NA;NA
41;"PR";4100400;"410040";"Almirante Tamandaré";"Não";"Região Metropolitana de Curitiba";"Ciclistas";NA;NA;NA;NA;NA;NA;NA;NA;NA;NA;NA;NA;NA;1;NA;NA;NA;NA;NA;NA;NA;NA;NA;1;NA
41;"PR";4100509;"410050";"Altônia";"Não";"Região Metropolitana de Umuarama";"Ciclistas";NA;NA;NA;NA;NA;NA;NA;NA;NA;NA;NA;NA;NA;NA;NA;NA;NA;NA;NA;NA;NA;NA;NA;NA;NA
41;"PR";4100608;"410060";"Alto Paraná";"Não";"-";"Ciclistas";NA;NA;NA;NA;NA;NA;NA;NA;NA;NA;NA;NA;NA;NA;NA;NA;NA;NA;NA;NA;NA;NA;NA;NA;NA
41;"PR";4100707;"410070";"Alto Piquiri";"Não";"Região Metropolitana de Umuarama";"Ciclistas";NA;NA;NA;NA;NA;NA;NA;NA;NA;NA;NA;NA;NA;NA;NA;1;NA;NA;NA;NA;NA;NA;NA;NA;NA
41;"PR";4100806;"410080";"Alvorada do Sul";"Não";"Região Metropolitana de Londrina";"Ciclistas";NA;NA;NA;NA;NA;NA;NA;NA;NA;NA;NA;NA;NA;NA;NA;NA;NA;NA;NA;NA;NA;NA;NA;NA;NA
41;"PR";4100905;"410090";"Amaporã";"Não";"-";"Ciclistas";NA;NA;NA;NA;NA;1;NA;NA;NA;NA;NA;NA;NA;NA;NA;NA;NA;NA;NA;NA;NA;NA;NA;NA;NA
41;"PR";4101002;"410100";"Ampére";"Não";"-";"Ciclistas";NA;NA;NA;NA;NA;NA;NA;NA;NA;NA;NA;NA;NA;NA;NA;NA;NA;NA;NA;NA;NA;NA;NA;NA;NA
41;"PR";4101101;"410110";"Andirá";"Não";"-";"Ciclistas";NA;1;NA;NA;NA;NA;NA;NA;NA;NA;NA;NA;NA;NA;NA;NA;NA;NA;NA;NA;NA;NA;NA;NA;NA
41;"PR";4101150;"410115";"Ângulo";"Não";"Região Metropolitana de Maringá";"Ciclistas";NA;NA;NA;NA;NA;NA;NA;NA;NA;NA;NA;NA;NA;NA;NA;NA;NA;NA;NA;NA;NA;NA;NA;NA;NA
41;"PR";4101200;"410120";"Antonina";"Não";"-";"Ciclistas";NA;NA;NA;NA;NA;NA;NA;NA;NA;NA;NA;NA;NA;NA;NA;NA;NA;NA;NA;NA;NA;NA;NA;NA;NA
41;"PR";4101309;"410130";"Antônio Olinto";"Não";"-";"Ciclistas";NA;NA;NA;NA;NA;NA;NA;NA;NA;NA;NA;NA;NA;NA;NA;NA;NA;NA;NA;NA;NA;NA;NA;NA;NA
41;"PR";4101408;"410140";"Apucarana";"Não";"Região Metropolitana de Apucarana";"Ciclistas";2;NA;1;NA;1;1;2;NA;1;1;2;2;1;1;NA;NA;1;NA;NA;1;NA;3;NA;1;NA
41;"PR";4101507;"410150";"Arapongas";"Não";"Região Metropolitana de Londrina";"Ciclistas";NA;NA;1;1;2;1;1;NA;1;NA;1;NA;3;NA;NA;3;1;4;1;2;NA;NA;NA;3;NA
41;"PR";4101606;"410160";"Arapoti";"Não";"-";"Ciclistas";NA;NA;NA;NA;NA;NA;NA;NA;NA;NA;NA;NA;NA;NA;NA;1;NA;NA;NA;NA;NA;NA;NA;NA;NA
41;"PR";4101705;"410170";"Araruna";"Não";"Região Metropolitana de Campo Mourão";"Ciclistas";NA;NA;NA;NA;NA;NA;NA;NA;NA;NA;NA;NA;NA;NA;NA;NA;NA;NA;NA;1;NA;NA;1;NA;NA
41;"PR";4101804;"410180";"Araucária";"Não";"Região Metropolitana de Curitiba";"Ciclistas";NA;NA;NA;NA;NA;1;NA;NA;NA;NA;NA;NA;NA;NA;NA;NA;NA;NA;NA;NA;NA;NA;NA;1;NA
41;"PR";4101903;"410190";"Assaí";"Não";"Região Metropolitana de Londrina";"Ciclistas";NA;1;NA;NA;NA;NA;1;NA;NA;NA;NA;NA;NA;NA;NA;NA;NA;NA;NA;NA;NA;NA;NA;NA;NA
41;"PR";4102000;"410200";"Assis Chateaubriand";"Não";"Região Metropolitana de Toledo";"Ciclistas";NA;NA;NA;NA;NA;NA;NA;NA;NA;1;NA;NA;NA;NA;NA;NA;NA;NA;NA;NA;NA;NA;NA;NA;NA
41;"PR";4102109;"410210";"Astorga";"Não";"Região Metropolitana de Maringá";"Ciclistas";NA;NA;NA;NA;NA;NA;NA;NA;NA;NA;NA;NA;NA;NA;NA;NA;NA;NA;NA;NA;NA;NA;NA;NA;NA
41;"PR";4102208;"410220";"Atalaia";"Não";"Região Metropolitana de Maringá";"Ciclistas";NA;NA;NA;NA;1;NA;NA;NA;NA;NA;NA;NA;NA;NA;NA;NA;NA;NA;NA;NA;NA;NA;NA;NA;NA
41;"PR";4102307;"410230";"Balsa Nova";"Não";"Região Metropolitana de Curitiba";"Ciclistas";NA;NA;NA;NA;NA;NA;NA;NA;NA;NA;NA;NA;NA;NA;NA;NA;NA;NA;NA;NA;NA;1;NA;NA;NA
41;"PR";4102406;"410240";"Bandeirantes";"Não";"-";"Ciclistas";NA;NA;NA;1;1;NA;NA;NA;1;NA;NA;NA;NA;NA;NA;NA;NA;1;NA;NA;NA;NA;NA;NA;NA
41;"PR";4102505;"410250";"Barbosa Ferraz";"Não";"Região Metropolitana de Campo Mourão";"Ciclistas";NA;NA;NA;NA;1;NA;NA;NA;NA;NA;NA;NA;NA;NA;NA;NA;NA;NA;NA;NA;NA;NA;NA;NA;NA
41;"PR";4102604;"410260";"Barracão";"Não";"-";"Ciclistas";NA;NA;NA;NA;NA;NA;NA;NA;NA;NA;NA;NA;NA;NA;NA;NA;NA;NA;NA;NA;NA;NA;NA;NA;NA
41;"PR";4102802;"410280";"Bela Vista do Paraíso";"Não";"Região Metropolitana de Londrina";"Ciclistas";NA;NA;NA;NA;NA;NA;NA;NA;NA;NA;NA;NA;NA;NA;NA;NA;NA;NA;NA;NA;NA;NA;NA;NA;NA
41;"PR";4102901;"410290";"Bituruna";"Não";"-";"Ciclistas";NA;NA;NA;NA;NA;NA;NA;NA;NA;NA;NA;NA;NA;NA;NA;1;NA;NA;NA;NA;NA;NA;NA;NA;NA
41;"PR";4103008;"410300";"Boa Esperança";"Não";"Região Metropolitana de Campo Mourão";"Ciclistas";NA;NA;NA;NA;NA;NA;NA;NA;NA;NA;NA;1;NA;NA;NA;NA;NA;NA;NA;NA;NA;NA;NA;NA;NA
41;"PR";4103040;"410304";"Boa Ventura de São Roque";"Não";"-";"Ciclistas";NA;NA;NA;NA;NA;NA;NA;NA;NA;NA;NA;NA;NA;NA;NA;NA;NA;NA;NA;NA;NA;NA;NA;NA;NA
41;"PR";4103057;"410305";"Boa Vista da Aparecida";"Não";"Região Metropolitana de Cascavel";"Ciclistas";NA;NA;NA;NA;NA;NA;NA;NA;NA;NA;NA;NA;NA;NA;NA;NA;NA;NA;NA;NA;NA;NA;NA;NA;NA
41;"PR";4103107;"410310";"Bocaiúva do Sul";"Não";"Região Metropolitana de Curitiba";"Ciclistas";NA;NA;NA;NA;NA;NA;NA;NA;NA;NA;NA;NA;NA;NA;NA;NA;NA;NA;1;NA;NA;NA;NA;NA;NA
41;"PR";4103156;"410315";"Bom Jesus do Sul";"Não";"-";"Ciclistas";NA;NA;NA;NA;NA;NA;NA;NA;NA;NA;NA;NA;NA;NA;NA;NA;NA;NA;NA;NA;NA;NA;NA;NA;NA
41;"PR";4103305;"410330";"Borrazópolis";"Não";"Região Metropolitana de Apucarana";"Ciclistas";NA;NA;NA;NA;NA;NA;NA;NA;NA;NA;NA;NA;NA;NA;NA;NA;NA;NA;NA;NA;NA;NA;NA;NA;NA
41;"PR";4103479;"410347";"Cafezal do Sul";"Não";"Região Metropolitana de Umuarama";"Ciclistas";NA;NA;NA;NA;NA;NA;NA;NA;NA;NA;NA;NA;NA;NA;NA;NA;NA;NA;NA;NA;NA;NA;NA;NA;NA
41;"PR";4103503;"410350";"Califórnia";"Não";"Região Metropolitana de Apucarana";"Ciclistas";NA;1;NA;NA;NA;NA;NA;NA;NA;1;NA;NA;NA;NA;NA;NA;NA;NA;NA;NA;NA;NA;NA;NA;NA
41;"PR";4103602;"410360";"Cambará";"Não";"-";"Ciclistas";NA;NA;NA;NA;NA;NA;NA;NA;NA;1;NA;NA;NA;NA;NA;NA;NA;NA;NA;NA;NA;NA;NA;NA;NA
41;"PR";4103701;"410370";"Cambé";"Não";"Região Metropolitana de Londrina";"Ciclistas";NA;NA;NA;NA;NA;NA;1;NA;1;NA;NA;NA;NA;NA;NA;NA;NA;NA;NA;NA;NA;NA;NA;NA;NA
41;"PR";4103800;"410380";"Cambira";"Não";"Região Metropolitana de Maringá";"Ciclistas";NA;NA;NA;NA;NA;NA;NA;NA;NA;NA;NA;NA;NA;NA;NA;NA;NA;NA;NA;NA;1;NA;NA;NA;NA
41;"PR";4103909;"410390";"Campina da Lagoa";"Não";"Região Metropolitana de Campo Mourão";"Ciclistas";1;NA;NA;NA;1;NA;NA;NA;NA;NA;NA;NA;NA;NA;NA;NA;NA;NA;NA;NA;NA;NA;NA;1;NA
41;"PR";4103958;"410395";"Campina do Simão";"Não";"-";"Ciclistas";NA;NA;NA;NA;NA;NA;NA;NA;NA;NA;NA;NA;NA;NA;NA;NA;NA;NA;NA;NA;NA;NA;NA;NA;NA
41;"PR";4104006;"410400";"Campina Grande do Sul";"Não";"Região Metropolitana de Curitiba";"Ciclistas";NA;NA;NA;NA;NA;1;NA;NA;NA;NA;1;NA;1;NA;NA;NA;NA;NA;1;NA;NA;NA;NA;NA;NA
41;"PR";4104105;"410410";"Campo do Tenente";"Não";"Região Metropolitana de Curitiba";"Ciclistas";NA;NA;NA;NA;NA;NA;NA;NA;NA;NA;NA;NA;NA;NA;NA;NA;NA;NA;NA;NA;NA;NA;NA;NA;NA
41;"PR";4104204;"410420";"Campo Largo";"Não";"Região Metropolitana de Curitiba";"Ciclistas";NA;NA;NA;NA;NA;NA;NA;NA;NA;NA;NA;NA;NA;NA;NA;NA;NA;NA;NA;NA;NA;2;1;NA;NA
41;"PR";4104303;"410430";"Campo Mourão";"Não";"Região Metropolitana de Campo Mourão";"Ciclistas";1;1;1;NA;1;NA;NA;NA;NA;3;NA;2;3;6;1;2;4;2;3;2;1;1;3;2;NA
41;"PR";4104402;"410440";"Cândido de Abreu";"Não";"-";"Ciclistas";NA;NA;NA;NA;NA;NA;NA;NA;NA;NA;NA;NA;NA;NA;NA;1;NA;NA;NA;NA;NA;NA;NA;NA;NA
41;"PR";4104428;"410442";"Candói";"Não";"-";"Ciclistas";NA;NA;NA;NA;NA;NA;NA;NA;NA;NA;NA;NA;NA;NA;NA;NA;NA;NA;NA;NA;NA;NA;NA;NA;NA
41;"PR";4104451;"410445";"Cantagalo";"Não";"-";"Ciclistas";NA;NA;NA;NA;NA;NA;NA;NA;NA;NA;NA;1;NA;NA;NA;NA;NA;NA;NA;NA;NA;NA;NA;NA;NA
41;"PR";4104501;"410450";"Capanema";"Não";"-";"Ciclistas";NA;NA;NA;NA;NA;NA;NA;NA;NA;NA;NA;NA;NA;NA;NA;NA;NA;NA;NA;NA;NA;NA;1;NA;NA
41;"PR";4104600;"410460";"Capitão Leônidas Marques";"Não";"Região Metropolitana de Cascavel";"Ciclistas";NA;NA;NA;NA;NA;NA;NA;NA;NA;NA;NA;NA;NA;NA;NA;NA;NA;NA;NA;NA;NA;NA;NA;NA;NA
41;"PR";4104659;"410465";"Carambeí";"Não";"-";"Ciclistas";NA;NA;NA;NA;NA;NA;NA;NA;NA;NA;NA;NA;NA;NA;NA;NA;NA;NA;NA;NA;NA;NA;NA;NA;NA
41;"PR";4104709;"410470";"Carlópolis";"Não";"-";"Ciclistas";NA;NA;NA;NA;NA;NA;NA;NA;NA;NA;NA;NA;NA;NA;NA;NA;NA;NA;NA;NA;NA;NA;NA;NA;NA
41;"PR";4104808;"410480";"Cascavel";"Não";"Região Metropolitana de Cascavel";"Ciclistas";NA;1;NA;1;NA;NA;1;1;NA;1;NA;NA;NA;NA;NA;NA;NA;1;2;1;NA;1;4;2;NA
41;"PR";4104907;"410490";"Castro";"Não";"-";"Ciclistas";NA;NA;NA;NA;NA;NA;NA;NA;NA;NA;NA;NA;NA;NA;NA;NA;NA;NA;NA;NA;NA;NA;NA;NA;NA
41;"PR";4105003;"410500";"Catanduvas";"Não";"Região Metropolitana de Cascavel";"Ciclistas";NA;NA;NA;NA;NA;NA;NA;NA;NA;NA;NA;NA;NA;NA;NA;NA;NA;NA;NA;NA;NA;NA;NA;NA;NA
41;"PR";4105102;"410510";"Centenário do Sul";"Não";"Região Metropolitana de Londrina";"Ciclistas";NA;NA;NA;NA;NA;NA;NA;NA;NA;NA;NA;NA;NA;NA;NA;NA;NA;NA;NA;NA;NA;NA;NA;NA;NA
41;"PR";4105300;"410530";"Céu Azul";"Não";"Região Metropolitana de Cascavel";"Ciclistas";NA;NA;NA;NA;NA;NA;NA;NA;NA;NA;NA;NA;NA;NA;NA;NA;NA;NA;NA;NA;NA;1;NA;NA;NA
41;"PR";4105409;"410540";"Chopinzinho";"Não";"-";"Ciclistas";NA;NA;NA;NA;NA;NA;NA;NA;NA;NA;NA;NA;NA;NA;NA;NA;NA;NA;NA;NA;1;NA;NA;NA;NA
41;"PR";4105508;"410550";"Cianorte";"Não";"-";"Ciclistas";NA;NA;NA;NA;NA;1;1;NA;1;1;1;NA;NA;NA;2;NA;1;NA;1;1;NA;NA;NA;NA;NA
41;"PR";4105607;"410560";"Cidade Gaúcha";"Não";"Região Metropolitana de Umuarama";"Ciclistas";NA;NA;NA;NA;NA;NA;NA;NA;NA;NA;NA;NA;NA;NA;NA;NA;NA;NA;1;NA;NA;NA;NA;NA;NA
41;"PR";4105706;"410570";"Clevelândia";"Não";"-";"Ciclistas";NA;NA;NA;NA;NA;NA;NA;NA;NA;NA;NA;NA;NA;NA;NA;NA;NA;NA;NA;NA;NA;NA;NA;NA;NA
41;"PR";4105805;"410580";"Colombo";"Não";"Região Metropolitana de Curitiba";"Ciclistas";NA;NA;NA;NA;NA;NA;NA;NA;NA;NA;NA;NA;NA;NA;NA;NA;NA;NA;NA;NA;1;NA;NA;1;NA
41;"PR";4105904;"410590";"Colorado";"Não";"-";"Ciclistas";NA;NA;NA;NA;NA;NA;NA;NA;NA;NA;NA;NA;NA;NA;NA;NA;NA;NA;NA;NA;NA;NA;NA;NA;NA
41;"PR";4106001;"410600";"Congonhinhas";"Não";"-";"Ciclistas";NA;NA;NA;NA;NA;NA;NA;NA;NA;NA;NA;NA;NA;NA;NA;NA;NA;NA;NA;NA;NA;NA;NA;NA;NA
41;"PR";4106209;"410620";"Contenda";"Não";"Região Metropolitana de Curitiba";"Ciclistas";NA;NA;NA;NA;1;NA;NA;NA;NA;NA;NA;NA;NA;NA;NA;NA;NA;NA;NA;NA;NA;NA;NA;1;NA
41;"PR";4106308;"410630";"Corbélia";"Não";"Região Metropolitana de Cascavel";"Ciclistas";NA;NA;NA;NA;NA;NA;NA;NA;NA;NA;NA;NA;NA;NA;NA;NA;NA;NA;NA;NA;NA;NA;NA;NA;NA
41;"PR";4106407;"410640";"Cornélio Procópio";"Não";"-";"Ciclistas";NA;NA;NA;NA;NA;NA;NA;NA;1;NA;NA;NA;NA;NA;NA;NA;NA;NA;NA;NA;NA;NA;NA;NA;NA
41;"PR";4106506;"410650";"Coronel Vivida";"Não";"-";"Ciclistas";NA;NA;NA;NA;NA;NA;NA;NA;NA;NA;NA;NA;NA;NA;NA;NA;NA;NA;NA;NA;NA;NA;NA;NA;NA
41;"PR";4106605;"410660";"Cruzeiro do Oeste";"Não";"Região Metropolitana de Umuarama";"Ciclistas";NA;NA;NA;NA;NA;NA;2;NA;NA;NA;NA;NA;NA;NA;NA;NA;NA;NA;NA;NA;NA;NA;1;NA;NA
41;"PR";4106803;"410680";"Cruz Machado";"Não";"-";"Ciclistas";NA;NA;NA;NA;NA;NA;NA;NA;NA;NA;NA;NA;NA;NA;NA;NA;NA;NA;NA;NA;NA;NA;NA;NA;NA
41;"PR";4106902;"410690";"Curitiba";"Sim";"Região Metropolitana de Curitiba";"Ciclistas";NA;2;2;3;2;8;4;1;1;NA;1;2;3;2;1;3;4;NA;2;4;9;4;4;5;NA
41;"PR";4107009;"410700";"Curiúva";"Não";"-";"Ciclistas";NA;NA;NA;NA;1;NA;NA;NA;NA;1;NA;NA;NA;NA;NA;NA;NA;NA;NA;NA;NA;NA;NA;NA;NA
41;"PR";4107108;"410710";"Diamante do Norte";"Não";"-";"Ciclistas";NA;NA;NA;NA;1;NA;NA;NA;NA;NA;NA;NA;NA;NA;NA;NA;NA;NA;NA;NA;NA;NA;NA;NA;NA
41;"PR";4107157;"410715";"Diamante D'Oeste";"Não";"Região Metropolitana de Toledo";"Ciclistas";NA;NA;NA;NA;NA;NA;NA;NA;NA;NA;NA;NA;NA;NA;NA;NA;NA;NA;NA;NA;1;NA;NA;NA;NA
41;"PR";4107207;"410720";"Dois Vizinhos";"Não";"-";"Ciclistas";NA;NA;NA;NA;NA;NA;NA;NA;NA;NA;NA;NA;NA;NA;NA;NA;NA;NA;NA;NA;NA;NA;NA;NA;NA
41;"PR";4107306;"410730";"Doutor Camargo";"Não";"Região Metropolitana de Maringá";"Ciclistas";NA;NA;NA;NA;NA;NA;NA;NA;NA;NA;NA;NA;NA;NA;NA;NA;NA;NA;NA;NA;NA;NA;NA;NA;NA
41;"PR";4107504;"410750";"Engenheiro Beltrão";"Não";"Região Metropolitana de Campo Mourão";"Ciclistas";NA;NA;NA;NA;NA;NA;NA;NA;2;NA;NA;NA;NA;NA;NA;NA;1;NA;NA;NA;NA;NA;1;NA;NA
41;"PR";4107553;"410755";"Farol";"Não";"Região Metropolitana de Campo Mourão";"Ciclistas";NA;NA;NA;NA;NA;NA;NA;NA;NA;NA;NA;NA;NA;NA;NA;NA;NA;NA;NA;NA;NA;NA;NA;NA;NA
41;"PR";4107603;"410760";"Faxinal";"Não";"Região Metropolitana de Apucarana";"Ciclistas";NA;NA;NA;NA;NA;NA;NA;NA;NA;NA;NA;NA;NA;NA;NA;NA;NA;1;NA;NA;NA;NA;NA;NA;NA
41;"PR";4107652;"410765";"Fazenda Rio Grande";"Não";"Região Metropolitana de Curitiba";"Ciclistas";NA;NA;NA;NA;NA;NA;NA;NA;NA;NA;NA;NA;NA;1;NA;NA;NA;NA;NA;NA;NA;NA;NA;NA;NA
41;"PR";4107736;"410773";"Fernandes Pinheiro";"Não";"-";"Ciclistas";NA;NA;NA;NA;NA;NA;NA;NA;NA;NA;NA;NA;NA;NA;NA;NA;NA;NA;NA;NA;NA;NA;NA;NA;NA
41;"PR";4107751;"410775";"Figueira";"Não";"-";"Ciclistas";NA;NA;NA;NA;NA;NA;1;NA;NA;NA;NA;NA;NA;NA;NA;NA;NA;NA;NA;NA;NA;NA;NA;NA;NA
41;"PR";4107801;"410780";"Floraí";"Não";"Região Metropolitana de Maringá";"Ciclistas";NA;NA;NA;NA;NA;NA;NA;NA;NA;NA;NA;NA;NA;NA;NA;NA;NA;NA;NA;NA;NA;1;NA;NA;NA
41;"PR";4107850;"410785";"Flor da Serra do Sul";"Não";"-";"Ciclistas";NA;NA;NA;NA;NA;NA;NA;NA;NA;NA;NA;NA;NA;NA;NA;NA;NA;NA;NA;NA;NA;NA;NA;NA;NA
41;"PR";4107900;"410790";"Floresta";"Não";"Região Metropolitana de Maringá";"Ciclistas";NA;NA;NA;NA;NA;NA;NA;NA;NA;NA;NA;NA;NA;NA;NA;NA;NA;NA;NA;NA;NA;NA;NA;NA;NA
41;"PR";4108007;"410800";"Florestópolis";"Não";"Região Metropolitana de Londrina";"Ciclistas";NA;NA;NA;NA;NA;NA;NA;NA;NA;NA;NA;NA;NA;NA;NA;NA;NA;NA;NA;NA;NA;NA;NA;NA;NA
41;"PR";4108106;"410810";"Flórida";"Não";"Região Metropolitana de Maringá";"Ciclistas";NA;NA;NA;NA;NA;NA;NA;NA;NA;NA;NA;NA;NA;NA;NA;NA;NA;NA;NA;NA;NA;NA;NA;NA;NA
41;"PR";4108304;"410830";"Foz do Iguaçu";"Não";"-";"Ciclistas";NA;NA;NA;NA;1;1;NA;1;2;4;2;NA;1;1;1;NA;NA;NA;2;1;1;NA;NA;NA;NA
41;"PR";4108320;"410832";"Francisco Alves";"Não";"Região Metropolitana de Umuarama";"Ciclistas";NA;NA;NA;NA;NA;NA;NA;NA;NA;NA;NA;NA;NA;NA;NA;NA;NA;NA;NA;NA;NA;NA;NA;NA;NA
41;"PR";4108403;"410840";"Francisco Beltrão";"Não";"-";"Ciclistas";NA;1;NA;NA;1;1;NA;1;NA;NA;NA;NA;NA;NA;NA;NA;1;NA;NA;NA;NA;NA;NA;NA;NA
41;"PR";4108502;"410850";"General Carneiro";"Não";"-";"Ciclistas";NA;NA;NA;NA;NA;NA;NA;NA;NA;NA;NA;NA;NA;NA;NA;NA;NA;NA;NA;NA;NA;NA;NA;NA;NA
41;"PR";4108601;"410860";"Goioerê";"Não";"Região Metropolitana de Campo Mourão";"Ciclistas";NA;1;1;NA;NA;NA;1;1;NA;NA;NA;1;NA;NA;1;NA;NA;NA;NA;NA;NA;NA;NA;NA;NA
41;"PR";4108700;"410870";"Grandes Rios";"Não";"Região Metropolitana de Apucarana";"Ciclistas";NA;NA;NA;NA;NA;NA;NA;NA;NA;NA;NA;NA;1;NA;NA;NA;NA;NA;NA;NA;NA;NA;NA;NA;NA
41;"PR";4108809;"410880";"Guaíra";"Não";"Região Metropolitana de Toledo";"Ciclistas";NA;NA;NA;NA;NA;NA;NA;1;NA;NA;NA;NA;NA;NA;NA;NA;NA;NA;1;NA;1;NA;NA;NA;NA
41;"PR";4108908;"410890";"Guairaçá";"Não";"-";"Ciclistas";NA;NA;NA;NA;NA;NA;NA;NA;NA;NA;NA;NA;NA;NA;NA;NA;NA;NA;NA;NA;NA;NA;NA;NA;NA
41;"PR";4108957;"410895";"Guamiranga";"Não";"-";"Ciclistas";NA;NA;NA;NA;NA;NA;NA;NA;NA;NA;NA;NA;NA;NA;NA;NA;NA;NA;NA;NA;NA;NA;NA;NA;NA
41;"PR";4109203;"410920";"Guaraci";"Não";"Região Metropolitana de Londrina";"Ciclistas";NA;NA;NA;NA;NA;NA;NA;NA;NA;NA;NA;NA;NA;NA;NA;NA;NA;NA;NA;NA;NA;NA;NA;NA;NA
41;"PR";4109302;"410930";"Guaraniaçu";"Não";"Região Metropolitana de Cascavel";"Ciclistas";NA;NA;1;NA;NA;NA;NA;NA;1;NA;NA;NA;NA;NA;NA;NA;NA;NA;NA;NA;NA;1;1;1;NA
41;"PR";4109401;"410940";"Guarapuava";"Não";"-";"Ciclistas";1;NA;NA;NA;NA;NA;1;NA;NA;1;NA;NA;NA;NA;NA;NA;NA;NA;1;NA;1;NA;NA;NA;NA
41;"PR";4109609;"410960";"Guaratuba";"Não";"-";"Ciclistas";NA;NA;NA;NA;NA;NA;NA;NA;NA;NA;NA;NA;NA;NA;NA;NA;NA;NA;NA;NA;NA;NA;NA;1;NA
41;"PR";4109708;"410970";"Ibaiti";"Não";"-";"Ciclistas";NA;NA;NA;NA;NA;NA;NA;NA;NA;NA;NA;NA;NA;NA;NA;NA;NA;NA;NA;NA;NA;NA;NA;NA;NA
41;"PR";4109757;"410975";"Ibema";"Não";"Região Metropolitana de Cascavel";"Ciclistas";NA;NA;NA;NA;NA;NA;NA;NA;NA;NA;NA;NA;NA;NA;NA;NA;NA;NA;NA;NA;NA;NA;NA;NA;NA
41;"PR";4109807;"410980";"Ibiporã";"Não";"Região Metropolitana de Londrina";"Ciclistas";NA;NA;NA;1;NA;NA;NA;NA;NA;NA;NA;NA;NA;NA;NA;NA;NA;NA;NA;NA;NA;NA;NA;NA;NA
41;"PR";4109906;"410990";"Icaraíma";"Não";"Região Metropolitana de Umuarama";"Ciclistas";NA;NA;NA;NA;NA;1;NA;NA;NA;NA;NA;NA;NA;NA;NA;NA;NA;NA;NA;NA;NA;NA;NA;NA;NA
41;"PR";4110003;"411000";"Iguaraçu";"Não";"Região Metropolitana de Maringá";"Ciclistas";NA;NA;NA;NA;NA;NA;NA;NA;NA;NA;NA;NA;NA;NA;NA;NA;NA;NA;NA;NA;NA;NA;NA;NA;NA
41;"PR";4110078;"411007";"Imbaú";"Não";"-";"Ciclistas";NA;NA;NA;NA;NA;NA;NA;NA;NA;NA;NA;NA;NA;NA;NA;NA;NA;NA;NA;NA;NA;NA;NA;NA;NA
41;"PR";4110102;"411010";"Imbituva";"Não";"-";"Ciclistas";NA;NA;NA;NA;NA;NA;NA;NA;NA;NA;NA;1;NA;NA;NA;NA;NA;NA;NA;NA;NA;NA;NA;NA;NA
41;"PR";4110201;"411020";"Inácio Martins";"Não";"-";"Ciclistas";NA;NA;NA;NA;NA;NA;NA;NA;NA;NA;NA;NA;NA;NA;NA;NA;NA;NA;NA;NA;NA;NA;NA;NA;NA
41;"PR";4110409;"411040";"Indianópolis";"Não";"-";"Ciclistas";NA;NA;NA;NA;NA;NA;NA;NA;NA;NA;NA;NA;NA;NA;NA;NA;NA;NA;NA;NA;NA;NA;NA;NA;NA
41;"PR";4110508;"411050";"Ipiranga";"Não";"-";"Ciclistas";NA;NA;NA;NA;NA;NA;NA;NA;NA;NA;NA;NA;NA;NA;NA;NA;NA;NA;NA;NA;NA;NA;NA;NA;NA
41;"PR";4110607;"411060";"Iporã";"Não";"Região Metropolitana de Umuarama";"Ciclistas";NA;NA;NA;NA;NA;NA;NA;NA;NA;NA;1;NA;NA;NA;NA;NA;NA;NA;NA;NA;NA;NA;NA;NA;NA
41;"PR";4110706;"411070";"Irati";"Não";"-";"Ciclistas";1;NA;NA;NA;1;NA;NA;NA;NA;NA;NA;NA;NA;NA;NA;NA;NA;1;NA;NA;NA;NA;NA;NA;NA
41;"PR";4110805;"411080";"Iretama";"Não";"Região Metropolitana de Campo Mourão";"Ciclistas";NA;NA;NA;NA;NA;NA;NA;NA;NA;NA;NA;NA;NA;NA;NA;NA;NA;NA;NA;NA;NA;NA;NA;NA;NA
41;"PR";4110953;"411095";"Itaipulândia";"Não";"-";"Ciclistas";NA;NA;NA;NA;NA;NA;NA;NA;NA;NA;NA;NA;NA;NA;NA;NA;NA;NA;NA;NA;NA;NA;NA;NA;NA
41;"PR";4111001;"411100";"Itambaracá";"Não";"-";"Ciclistas";NA;NA;NA;NA;NA;NA;NA;NA;NA;NA;NA;NA;NA;NA;NA;NA;NA;NA;NA;NA;NA;NA;NA;NA;NA
41;"PR";4111209;"411120";"Itapejara d'Oeste";"Não";"-";"Ciclistas";NA;NA;NA;NA;NA;NA;NA;NA;NA;NA;NA;NA;NA;NA;NA;NA;NA;NA;NA;NA;NA;NA;NA;NA;NA
41;"PR";4111258;"411125";"Itaperuçu";"Não";"Região Metropolitana de Curitiba";"Ciclistas";NA;NA;NA;NA;NA;NA;NA;NA;NA;NA;NA;NA;NA;NA;NA;NA;NA;NA;NA;NA;NA;NA;NA;NA;NA
41;"PR";4111407;"411140";"Ivaí";"Não";"-";"Ciclistas";NA;NA;NA;NA;NA;NA;NA;NA;NA;NA;NA;NA;NA;NA;NA;NA;NA;NA;NA;NA;NA;NA;NA;NA;NA
41;"PR";4111506;"411150";"Ivaiporã";"Não";"Região Metropolitana de Apucarana";"Ciclistas";NA;NA;NA;NA;NA;NA;NA;NA;NA;1;1;NA;NA;NA;NA;1;NA;NA;NA;NA;NA;NA;NA;1;NA
41;"PR";4111704;"411170";"Jaboti";"Não";"-";"Ciclistas";NA;NA;NA;NA;NA;NA;NA;NA;NA;NA;NA;NA;NA;NA;NA;NA;NA;NA;NA;NA;NA;NA;NA;NA;NA
41;"PR";4111803;"411180";"Jacarezinho";"Não";"-";"Ciclistas";NA;NA;1;1;NA;2;1;NA;NA;NA;NA;NA;NA;1;NA;NA;NA;NA;NA;NA;1;NA;NA;NA;NA
41;"PR";4111902;"411190";"Jaguapitã";"Não";"Região Metropolitana de Londrina";"Ciclistas";NA;NA;NA;NA;NA;NA;NA;NA;NA;NA;NA;NA;NA;NA;NA;NA;NA;NA;NA;NA;NA;NA;1;NA;NA
41;"PR";4112009;"411200";"Jaguariaíva";"Não";"-";"Ciclistas";NA;NA;NA;NA;NA;NA;NA;NA;NA;NA;NA;NA;NA;NA;NA;NA;NA;NA;NA;NA;NA;NA;NA;NA;NA
41;"PR";4112108;"411210";"Jandaia do Sul";"Não";"Região Metropolitana de Maringá";"Ciclistas";NA;NA;1;NA;NA;NA;NA;NA;NA;NA;NA;NA;1;NA;NA;NA;1;NA;NA;NA;1;NA;NA;NA;NA
41;"PR";4112207;"411220";"Janiópolis";"Não";"Região Metropolitana de Campo Mourão";"Ciclistas";NA;NA;NA;NA;NA;NA;NA;NA;NA;NA;NA;NA;NA;NA;NA;NA;NA;NA;NA;NA;NA;NA;NA;NA;NA
41;"PR";4112405;"411240";"Japurá";"Não";"-";"Ciclistas";NA;NA;NA;NA;NA;NA;NA;NA;NA;NA;NA;NA;NA;NA;NA;1;NA;NA;NA;1;NA;NA;NA;NA;NA
41;"PR";4112504;"411250";"Jardim Alegre";"Não";"Região Metropolitana de Apucarana";"Ciclistas";NA;NA;NA;NA;NA;NA;NA;NA;NA;NA;NA;NA;NA;NA;NA;NA;NA;NA;NA;1;NA;NA;NA;NA;NA
41;"PR";4112702;"411270";"Jataizinho";"Não";"Região Metropolitana de Londrina";"Ciclistas";NA;NA;NA;NA;NA;NA;NA;NA;NA;NA;NA;NA;NA;NA;NA;NA;NA;NA;NA;NA;NA;NA;NA;NA;NA
41;"PR";4112751;"411275";"Jesuítas";"Não";"Região Metropolitana de Cascavel";"Ciclistas";NA;NA;NA;NA;NA;NA;NA;NA;NA;NA;NA;NA;NA;NA;NA;NA;NA;NA;NA;1;NA;NA;NA;NA;NA
41;"PR";4112801;"411280";"Joaquim Távora";"Não";"-";"Ciclistas";NA;NA;NA;NA;NA;NA;NA;NA;NA;NA;NA;NA;NA;NA;NA;NA;NA;NA;NA;NA;NA;NA;NA;NA;NA
41;"PR";4112900;"411290";"Jundiaí do Sul";"Não";"-";"Ciclistas";NA;NA;NA;NA;NA;NA;NA;NA;NA;NA;NA;NA;NA;NA;NA;NA;NA;NA;NA;NA;NA;NA;NA;NA;NA
41;"PR";4112959;"411295";"Juranda";"Não";"Região Metropolitana de Campo Mourão";"Ciclistas";NA;NA;NA;NA;NA;NA;NA;NA;NA;NA;NA;NA;NA;NA;NA;NA;NA;NA;1;NA;NA;NA;NA;NA;NA
41;"PR";4113007;"411300";"Jussara";"Não";"-";"Ciclistas";NA;1;NA;NA;NA;NA;NA;NA;NA;NA;NA;NA;NA;NA;NA;NA;NA;NA;NA;NA;NA;NA;NA;NA;NA
41;"PR";4113205;"411320";"Lapa";"Não";"Região Metropolitana de Curitiba";"Ciclistas";NA;NA;NA;NA;NA;NA;NA;NA;1;NA;NA;NA;NA;NA;NA;NA;NA;NA;NA;NA;NA;1;NA;NA;NA
41;"PR";4113254;"411325";"Laranjal";"Não";"-";"Ciclistas";NA;NA;NA;NA;NA;NA;NA;NA;NA;NA;NA;NA;NA;NA;NA;NA;NA;NA;NA;NA;NA;NA;NA;NA;NA
41;"PR";4113304;"411330";"Laranjeiras do Sul";"Não";"-";"Ciclistas";NA;NA;NA;NA;NA;NA;NA;NA;NA;NA;NA;NA;1;NA;NA;NA;NA;NA;NA;NA;NA;NA;NA;NA;NA
41;"PR";4113429;"411342";"Lidianópolis";"Não";"Região Metropolitana de Apucarana";"Ciclistas";NA;NA;NA;NA;NA;NA;NA;NA;NA;NA;NA;NA;NA;NA;NA;NA;NA;NA;NA;NA;NA;NA;NA;NA;NA
41;"PR";4113452;"411345";"Lindoeste";"Não";"Região Metropolitana de Cascavel";"Ciclistas";NA;NA;NA;NA;NA;NA;NA;NA;NA;NA;NA;NA;NA;NA;NA;NA;NA;NA;NA;NA;NA;NA;NA;NA;NA
41;"PR";4113502;"411350";"Loanda";"Não";"-";"Ciclistas";NA;NA;NA;NA;NA;NA;NA;NA;NA;NA;NA;NA;NA;NA;NA;NA;NA;NA;NA;NA;1;NA;NA;NA;NA
41;"PR";4113700;"411370";"Londrina";"Não";"Região Metropolitana de Londrina";"Ciclistas";2;1;3;5;NA;3;2;3;1;3;1;1;2;1;2;1;1;3;3;3;NA;2;3;4;NA
41;"PR";4113734;"411373";"Luiziana";"Não";"Região Metropolitana de Campo Mourão";"Ciclistas";NA;NA;NA;NA;NA;NA;NA;NA;NA;NA;NA;NA;NA;NA;NA;NA;NA;NA;NA;NA;NA;NA;NA;NA;NA
41;"PR";4113759;"411375";"Lunardelli";"Não";"Região Metropolitana de Apucarana";"Ciclistas";NA;NA;NA;NA;NA;NA;NA;NA;NA;NA;NA;NA;NA;NA;NA;NA;NA;NA;NA;NA;NA;NA;NA;NA;NA
41;"PR";4113908;"411390";"Mallet";"Não";"-";"Ciclistas";NA;NA;NA;NA;NA;NA;NA;NA;NA;NA;NA;NA;NA;NA;NA;NA;NA;NA;NA;NA;NA;NA;NA;NA;NA
41;"PR";4114005;"411400";"Mamborê";"Não";"Região Metropolitana de Campo Mourão";"Ciclistas";NA;NA;NA;NA;NA;NA;NA;NA;NA;NA;NA;NA;NA;NA;NA;NA;NA;NA;NA;NA;NA;NA;NA;NA;NA
41;"PR";4114104;"411410";"Mandaguaçu";"Não";"Região Metropolitana de Maringá";"Ciclistas";NA;NA;NA;NA;NA;NA;NA;NA;NA;NA;NA;NA;NA;NA;NA;NA;NA;NA;1;NA;NA;NA;NA;NA;NA
41;"PR";4114203;"411420";"Mandaguari";"Não";"Região Metropolitana de Maringá";"Ciclistas";NA;NA;NA;NA;NA;NA;1;NA;NA;NA;NA;NA;NA;NA;NA;NA;NA;NA;1;NA;NA;NA;1;NA;NA
41;"PR";4114302;"411430";"Mandirituba";"Não";"Região Metropolitana de Curitiba";"Ciclistas";NA;NA;NA;NA;NA;NA;NA;NA;NA;NA;NA;NA;NA;NA;NA;NA;NA;NA;NA;NA;NA;NA;NA;NA;NA
41;"PR";4114401;"411440";"Mangueirinha";"Não";"-";"Ciclistas";NA;NA;NA;NA;NA;NA;NA;NA;NA;NA;NA;NA;NA;NA;NA;NA;NA;NA;NA;NA;NA;NA;NA;NA;NA
41;"PR";4114500;"411450";"Manoel Ribas";"Não";"-";"Ciclistas";NA;NA;NA;NA;NA;NA;NA;NA;NA;NA;NA;NA;NA;NA;NA;NA;NA;NA;NA;NA;NA;NA;NA;NA;NA
41;"PR";4114609;"411460";"Marechal Cândido Rondon";"Não";"Região Metropolitana de Toledo";"Ciclistas";NA;1;NA;NA;NA;NA;NA;NA;NA;NA;NA;NA;NA;NA;NA;NA;1;1;NA;NA;NA;NA;NA;NA;NA
41;"PR";4114807;"411480";"Marialva";"Não";"Região Metropolitana de Maringá";"Ciclistas";NA;NA;NA;NA;NA;NA;NA;NA;NA;NA;NA;NA;NA;NA;NA;1;NA;NA;NA;1;NA;NA;NA;NA;NA
41;"PR";4115101;"411510";"Mariluz";"Não";"Região Metropolitana de Umuarama";"Ciclistas";NA;NA;NA;NA;NA;NA;NA;NA;NA;NA;NA;NA;NA;NA;NA;NA;NA;NA;NA;NA;NA;NA;NA;NA;NA
41;"PR";4115200;"411520";"Maringá";"Não";"Região Metropolitana de Maringá";"Ciclistas";1;1;2;NA;3;1;4;NA;1;NA;NA;1;2;2;2;4;NA;NA;4;1;3;1;5;NA;NA
41;"PR";4115408;"411540";"Marmeleiro";"Não";"-";"Ciclistas";NA;NA;NA;NA;1;NA;NA;NA;NA;NA;NA;NA;1;NA;NA;NA;NA;NA;NA;NA;NA;NA;NA;NA;NA
41;"PR";4115457;"411545";"Marquinho";"Não";"-";"Ciclistas";NA;NA;NA;NA;NA;NA;NA;NA;NA;NA;NA;NA;NA;NA;NA;NA;NA;NA;1;NA;NA;NA;NA;NA;NA
41;"PR";4115507;"411550";"Marumbi";"Não";"Região Metropolitana de Apucarana";"Ciclistas";NA;NA;NA;NA;NA;NA;NA;NA;NA;NA;NA;NA;NA;NA;NA;NA;NA;NA;NA;NA;NA;NA;NA;NA;NA
41;"PR";4115606;"411560";"Matelândia";"Não";"Região Metropolitana de Cascavel";"Ciclistas";NA;NA;NA;NA;NA;NA;NA;NA;NA;NA;NA;NA;NA;NA;NA;NA;NA;NA;NA;NA;NA;NA;NA;NA;NA
41;"PR";4115705;"411570";"Matinhos";"Não";"-";"Ciclistas";NA;NA;NA;NA;NA;NA;NA;NA;NA;NA;NA;NA;NA;NA;NA;NA;NA;NA;NA;NA;NA;NA;NA;NA;NA
41;"PR";4115754;"411575";"Mauá da Serra";"Não";"Região Metropolitana de Apucarana";"Ciclistas";NA;NA;NA;NA;NA;NA;NA;NA;NA;NA;NA;NA;NA;NA;NA;NA;NA;NA;NA;NA;NA;NA;NA;NA;NA
41;"PR";4115804;"411580";"Medianeira";"Não";"-";"Ciclistas";NA;NA;NA;NA;NA;NA;NA;NA;NA;NA;NA;NA;NA;NA;NA;NA;NA;NA;NA;NA;NA;NA;NA;NA;NA
41;"PR";4115853;"411585";"Mercedes";"Não";"Região Metropolitana de Toledo";"Ciclistas";NA;NA;NA;NA;NA;NA;NA;NA;NA;NA;NA;NA;NA;NA;NA;NA;NA;NA;NA;NA;NA;NA;NA;NA;NA
41;"PR";4116059;"411605";"Missal";"Não";"-";"Ciclistas";NA;NA;NA;NA;NA;NA;NA;NA;NA;1;NA;NA;NA;NA;NA;NA;NA;NA;NA;NA;NA;NA;NA;NA;NA
41;"PR";4116109;"411610";"Moreira Sales";"Não";"Região Metropolitana de Campo Mourão";"Ciclistas";NA;NA;NA;NA;NA;NA;NA;NA;NA;NA;NA;NA;NA;NA;NA;NA;NA;NA;1;NA;NA;NA;NA;NA;NA
41;"PR";4116208;"411620";"Morretes";"Não";"-";"Ciclistas";NA;NA;NA;NA;NA;NA;NA;NA;NA;NA;NA;NA;NA;NA;NA;NA;NA;NA;NA;NA;NA;NA;1;NA;NA
41;"PR";4116406;"411640";"Nossa Senhora das Graças";"Não";"-";"Ciclistas";NA;NA;NA;NA;NA;NA;NA;NA;NA;NA;NA;NA;NA;NA;NA;NA;NA;NA;NA;NA;NA;NA;NA;NA;NA
41;"PR";4116604;"411660";"Nova América da Colina";"Não";"-";"Ciclistas";NA;NA;NA;NA;NA;NA;NA;NA;NA;NA;NA;NA;NA;NA;NA;NA;NA;NA;NA;NA;NA;NA;NA;NA;NA
41;"PR";4116703;"411670";"Nova Aurora";"Não";"Região Metropolitana de Cascavel";"Ciclistas";NA;NA;NA;NA;NA;NA;NA;NA;NA;NA;NA;NA;NA;NA;NA;NA;NA;NA;NA;NA;NA;NA;NA;NA;NA
41;"PR";4116802;"411680";"Nova Cantu";"Não";"Região Metropolitana de Campo Mourão";"Ciclistas";NA;NA;NA;NA;NA;NA;NA;NA;NA;NA;NA;NA;NA;NA;NA;NA;NA;NA;NA;NA;NA;NA;NA;NA;NA
41;"PR";4116901;"411690";"Nova Esperança";"Não";"Região Metropolitana de Maringá";"Ciclistas";NA;NA;NA;NA;NA;NA;NA;NA;NA;NA;NA;NA;1;NA;NA;NA;NA;NA;NA;NA;NA;NA;NA;NA;NA
41;"PR";4117008;"411700";"Nova Fátima";"Não";"-";"Ciclistas";NA;NA;NA;NA;NA;NA;NA;NA;NA;NA;NA;NA;NA;NA;NA;NA;NA;1;NA;NA;NA;NA;NA;NA;NA
41;"PR";4117057;"411705";"Nova Laranjeiras";"Não";"-";"Ciclistas";NA;NA;NA;NA;NA;NA;NA;NA;NA;NA;NA;NA;NA;NA;NA;NA;NA;NA;NA;NA;NA;NA;NA;NA;NA
41;"PR";4117107;"411710";"Nova Londrina";"Não";"-";"Ciclistas";NA;NA;NA;NA;NA;NA;NA;NA;NA;NA;NA;NA;NA;NA;NA;NA;NA;NA;NA;NA;NA;NA;NA;NA;NA
41;"PR";4117222;"411722";"Nova Santa Rosa";"Não";"Região Metropolitana de Toledo";"Ciclistas";NA;NA;NA;NA;NA;NA;NA;NA;NA;NA;NA;NA;NA;NA;NA;NA;NA;NA;NA;NA;NA;NA;NA;NA;NA
41;"PR";4117255;"411725";"Nova Prata do Iguaçu";"Não";"-";"Ciclistas";NA;NA;NA;NA;NA;NA;NA;NA;NA;NA;NA;NA;NA;NA;NA;1;NA;NA;NA;NA;NA;NA;NA;NA;NA
41;"PR";4117271;"411727";"Nova Tebas";"Não";"-";"Ciclistas";NA;NA;NA;NA;NA;NA;NA;NA;NA;NA;NA;NA;NA;NA;NA;NA;NA;NA;NA;NA;NA;NA;NA;NA;NA
41;"PR";4117305;"411730";"Ortigueira";"Não";"-";"Ciclistas";NA;NA;NA;NA;NA;NA;NA;NA;1;NA;NA;NA;NA;NA;NA;NA;NA;NA;NA;NA;NA;NA;NA;NA;NA
41;"PR";4117404;"411740";"Ourizona";"Não";"Região Metropolitana de Maringá";"Ciclistas";NA;NA;NA;NA;NA;NA;NA;NA;NA;NA;NA;NA;NA;NA;NA;NA;NA;NA;NA;NA;NA;NA;NA;NA;NA
41;"PR";4117453;"411745";"Ouro Verde do Oeste";"Não";"Região Metropolitana de Toledo";"Ciclistas";NA;NA;NA;NA;NA;NA;NA;NA;NA;NA;NA;NA;NA;NA;NA;NA;NA;NA;NA;NA;NA;NA;NA;NA;NA
41;"PR";4117503;"411750";"Paiçandu";"Não";"Região Metropolitana de Maringá";"Ciclistas";NA;NA;NA;1;1;NA;NA;NA;NA;NA;NA;NA;NA;NA;NA;NA;NA;NA;1;1;NA;NA;NA;NA;NA
41;"PR";4117602;"411760";"Palmas";"Não";"-";"Ciclistas";NA;NA;NA;NA;NA;NA;1;NA;1;NA;NA;NA;NA;NA;NA;NA;NA;NA;NA;NA;NA;NA;NA;NA;NA
41;"PR";4117701;"411770";"Palmeira";"Não";"-";"Ciclistas";NA;NA;NA;NA;NA;1;NA;NA;NA;NA;NA;NA;NA;NA;NA;NA;NA;NA;NA;NA;NA;NA;1;NA;NA
41;"PR";4117800;"411780";"Palmital";"Não";"-";"Ciclistas";NA;NA;NA;NA;NA;NA;NA;NA;NA;NA;NA;1;NA;NA;NA;NA;NA;NA;NA;NA;NA;NA;NA;NA;NA
41;"PR";4117909;"411790";"Palotina";"Não";"Região Metropolitana de Toledo";"Ciclistas";NA;NA;NA;NA;NA;NA;NA;NA;NA;NA;1;NA;NA;NA;NA;NA;NA;NA;NA;1;NA;NA;NA;NA;NA
41;"PR";4118006;"411800";"Paraíso do Norte";"Não";"-";"Ciclistas";NA;NA;NA;NA;NA;NA;NA;NA;NA;NA;NA;NA;NA;NA;NA;NA;NA;NA;NA;NA;NA;NA;NA;NA;NA
41;"PR";4118204;"411820";"Paranaguá";"Não";"-";"Ciclistas";1;NA;3;2;NA;4;1;3;1;1;1;NA;3;3;2;1;NA;2;1;3;2;2;1;1;NA
41;"PR";4118402;"411840";"Paranavaí";"Não";"-";"Ciclistas";NA;NA;NA;NA;NA;1;1;1;1;NA;1;NA;NA;1;1;1;NA;1;1;2;1;NA;NA;1;NA
41;"PR";4118451;"411845";"Pato Bragado";"Não";"Região Metropolitana de Toledo";"Ciclistas";NA;NA;NA;NA;NA;NA;NA;NA;NA;NA;NA;NA;NA;NA;NA;NA;NA;NA;NA;NA;NA;NA;NA;NA;NA
41;"PR";4118501;"411850";"Pato Branco";"Não";"-";"Ciclistas";NA;NA;1;1;2;NA;2;NA;NA;NA;NA;NA;NA;NA;NA;NA;NA;NA;NA;NA;NA;1;NA;1;NA
41;"PR";4118600;"411860";"Paula Freitas";"Não";"-";"Ciclistas";NA;NA;NA;NA;NA;NA;NA;NA;NA;NA;NA;NA;NA;NA;NA;NA;NA;NA;NA;NA;NA;NA;NA;NA;NA
41;"PR";4118709;"411870";"Paulo Frontin";"Não";"-";"Ciclistas";NA;NA;NA;NA;NA;NA;NA;NA;NA;NA;NA;NA;NA;NA;NA;NA;NA;NA;NA;NA;NA;NA;NA;NA;NA
41;"PR";4118808;"411880";"Peabiru";"Não";"Região Metropolitana de Campo Mourão";"Ciclistas";NA;NA;NA;NA;NA;1;NA;NA;NA;NA;1;NA;NA;NA;NA;NA;NA;NA;NA;NA;NA;NA;NA;NA;NA
41;"PR";4118857;"411885";"Perobal";"Não";"Região Metropolitana de Umuarama";"Ciclistas";NA;NA;NA;NA;NA;NA;NA;NA;NA;NA;NA;NA;NA;NA;NA;NA;NA;NA;NA;NA;NA;NA;NA;NA;NA
41;"PR";4118907;"411890";"Pérola";"Não";"Região Metropolitana de Umuarama";"Ciclistas";NA;NA;NA;NA;NA;NA;NA;NA;NA;NA;NA;NA;NA;NA;NA;NA;NA;NA;NA;NA;NA;NA;NA;NA;NA
41;"PR";4119004;"411900";"Pérola d'Oeste";"Não";"-";"Ciclistas";NA;NA;NA;NA;NA;NA;NA;NA;NA;NA;NA;NA;NA;NA;NA;NA;NA;NA;NA;NA;NA;NA;NA;NA;NA
41;"PR";4119103;"411910";"Piên";"Não";"Região Metropolitana de Curitiba";"Ciclistas";NA;NA;NA;NA;NA;NA;NA;NA;NA;NA;NA;NA;NA;NA;NA;NA;NA;NA;NA;NA;NA;NA;NA;NA;NA
41;"PR";4119152;"411915";"Pinhais";"Não";"Região Metropolitana de Curitiba";"Ciclistas";NA;NA;NA;NA;NA;NA;NA;NA;1;NA;NA;NA;NA;NA;NA;NA;NA;NA;NA;NA;NA;NA;NA;NA;NA
41;"PR";4119202;"411920";"Pinhalão";"Não";"-";"Ciclistas";NA;NA;NA;NA;NA;NA;NA;NA;NA;NA;NA;NA;NA;NA;NA;NA;NA;NA;NA;NA;NA;NA;NA;NA;NA
41;"PR";4119251;"411925";"Pinhal de São Bento";"Não";"-";"Ciclistas";NA;NA;NA;NA;NA;NA;NA;NA;NA;NA;NA;NA;NA;NA;NA;NA;NA;NA;NA;NA;NA;NA;NA;NA;NA
41;"PR";4119301;"411930";"Pinhão";"Não";"-";"Ciclistas";NA;NA;NA;NA;NA;NA;NA;NA;NA;NA;NA;NA;NA;NA;NA;1;NA;NA;NA;NA;NA;NA;NA;NA;NA
41;"PR";4119400;"411940";"Piraí do Sul";"Não";"-";"Ciclistas";NA;NA;NA;NA;NA;NA;NA;NA;NA;NA;NA;NA;NA;NA;NA;NA;NA;NA;NA;NA;NA;NA;NA;NA;NA
41;"PR";4119509;"411950";"Piraquara";"Não";"Região Metropolitana de Curitiba";"Ciclistas";NA;NA;NA;NA;NA;NA;NA;NA;NA;NA;NA;NA;NA;NA;NA;NA;NA;NA;NA;NA;NA;NA;1;NA;NA
41;"PR";4119608;"411960";"Pitanga";"Não";"-";"Ciclistas";NA;NA;NA;NA;1;NA;NA;NA;NA;NA;NA;NA;NA;NA;1;NA;NA;NA;NA;NA;NA;NA;NA;NA;NA
41;"PR";4119806;"411980";"Planalto";"Não";"-";"Ciclistas";NA;NA;NA;NA;NA;NA;NA;NA;NA;NA;NA;NA;NA;NA;NA;NA;NA;NA;NA;NA;NA;NA;NA;NA;NA
41;"PR";4119905;"411990";"Ponta Grossa";"Não";"-";"Ciclistas";NA;NA;NA;1;NA;NA;NA;NA;NA;1;1;NA;NA;1;3;NA;1;1;NA;NA;1;1;2;NA;NA
41;"PR";4119954;"411995";"Pontal do Paraná";"Não";"-";"Ciclistas";NA;NA;NA;NA;NA;NA;NA;NA;NA;NA;NA;NA;NA;NA;NA;NA;NA;NA;1;NA;NA;NA;1;NA;NA
41;"PR";4120002;"412000";"Porecatu";"Não";"Região Metropolitana de Londrina";"Ciclistas";NA;NA;NA;NA;NA;NA;NA;NA;NA;NA;NA;NA;NA;NA;NA;NA;NA;NA;NA;NA;NA;1;NA;1;NA
41;"PR";4120200;"412020";"Porto Rico";"Não";"-";"Ciclistas";NA;NA;NA;NA;NA;NA;NA;NA;NA;NA;NA;NA;NA;NA;NA;NA;NA;NA;NA;NA;NA;NA;NA;NA;NA
41;"PR";4120358;"412035";"Pranchita";"Não";"-";"Ciclistas";NA;NA;NA;NA;NA;NA;NA;NA;NA;NA;NA;NA;NA;NA;NA;NA;NA;NA;NA;NA;NA;NA;NA;NA;NA
41;"PR";4120408;"412040";"Presidente Castelo Branco";"Não";"Região Metropolitana de Maringá";"Ciclistas";NA;NA;NA;NA;NA;NA;NA;NA;NA;NA;NA;NA;NA;NA;NA;NA;NA;NA;NA;NA;NA;NA;NA;NA;NA
41;"PR";4120606;"412060";"Prudentópolis";"Não";"-";"Ciclistas";NA;NA;NA;NA;NA;NA;NA;NA;NA;NA;NA;NA;NA;NA;NA;NA;NA;NA;NA;NA;NA;NA;NA;NA;NA
41;"PR";4120655;"412065";"Quarto Centenário";"Não";"Região Metropolitana de Campo Mourão";"Ciclistas";1;NA;NA;NA;NA;NA;NA;NA;NA;NA;NA;NA;NA;NA;1;NA;NA;NA;NA;NA;NA;NA;NA;NA;NA
41;"PR";4120705;"412070";"Quatiguá";"Não";"-";"Ciclistas";NA;NA;NA;NA;NA;NA;NA;NA;NA;NA;NA;NA;NA;NA;NA;NA;NA;NA;NA;NA;NA;NA;NA;NA;NA
41;"PR";4120804;"412080";"Quatro Barras";"Não";"Região Metropolitana de Curitiba";"Ciclistas";NA;NA;NA;NA;NA;NA;NA;NA;NA;NA;NA;NA;NA;NA;NA;NA;NA;NA;NA;NA;NA;NA;NA;NA;NA
41;"PR";4120853;"412085";"Quatro Pontes";"Não";"Região Metropolitana de Toledo";"Ciclistas";NA;NA;NA;NA;NA;NA;NA;NA;NA;NA;NA;NA;NA;NA;NA;NA;NA;NA;NA;NA;NA;NA;NA;NA;NA
41;"PR";4120903;"412090";"Quedas do Iguaçu";"Não";"-";"Ciclistas";NA;NA;NA;NA;NA;NA;NA;NA;NA;NA;NA;NA;NA;NA;NA;NA;NA;NA;NA;NA;NA;NA;NA;NA;NA
41;"PR";4121000;"412100";"Querência do Norte";"Não";"-";"Ciclistas";NA;NA;NA;NA;NA;NA;NA;NA;NA;NA;NA;1;NA;NA;NA;NA;NA;NA;NA;NA;NA;NA;NA;NA;NA
41;"PR";4121109;"412110";"Quinta do Sol";"Não";"Região Metropolitana de Campo Mourão";"Ciclistas";NA;NA;NA;NA;NA;NA;NA;NA;NA;NA;NA;NA;1;NA;NA;NA;NA;NA;NA;NA;NA;NA;NA;NA;NA
41;"PR";4121208;"412120";"Quitandinha";"Não";"Região Metropolitana de Curitiba";"Ciclistas";NA;NA;NA;NA;NA;NA;NA;NA;NA;NA;NA;NA;NA;NA;NA;NA;NA;NA;NA;NA;NA;NA;NA;NA;NA
41;"PR";4121356;"412135";"Rancho Alegre D'Oeste";"Não";"Região Metropolitana de Campo Mourão";"Ciclistas";NA;NA;NA;NA;NA;NA;NA;NA;NA;NA;NA;NA;NA;NA;NA;NA;NA;NA;NA;NA;NA;NA;NA;NA;NA
41;"PR";4121406;"412140";"Realeza";"Não";"-";"Ciclistas";NA;NA;NA;NA;NA;NA;NA;NA;NA;NA;NA;NA;NA;NA;NA;NA;NA;NA;NA;NA;NA;NA;NA;NA;NA
41;"PR";4121505;"412150";"Rebouças";"Não";"-";"Ciclistas";NA;NA;NA;NA;NA;NA;NA;NA;NA;NA;NA;NA;NA;NA;NA;NA;NA;NA;NA;NA;NA;NA;NA;NA;NA
41;"PR";4121604;"412160";"Renascença";"Não";"-";"Ciclistas";NA;NA;NA;NA;NA;NA;NA;NA;NA;NA;NA;NA;NA;NA;NA;NA;NA;NA;NA;NA;NA;NA;NA;NA;NA
41;"PR";4121703;"412170";"Reserva";"Não";"-";"Ciclistas";NA;NA;NA;NA;NA;NA;NA;NA;NA;NA;NA;NA;NA;NA;NA;NA;NA;NA;NA;NA;NA;NA;NA;NA;NA
41;"PR";4121901;"412190";"Ribeirão do Pinhal";"Não";"-";"Ciclistas";NA;NA;NA;NA;NA;NA;NA;NA;NA;NA;NA;NA;NA;NA;NA;NA;NA;NA;NA;NA;NA;NA;NA;NA;NA
41;"PR";4122008;"412200";"Rio Azul";"Não";"-";"Ciclistas";NA;NA;NA;NA;NA;NA;NA;NA;NA;NA;NA;NA;NA;NA;NA;NA;NA;NA;NA;NA;NA;NA;NA;NA;NA
41;"PR";4122156;"412215";"Rio Bonito do Iguaçu";"Não";"-";"Ciclistas";NA;NA;NA;NA;NA;NA;NA;NA;NA;NA;NA;NA;NA;NA;NA;NA;NA;NA;NA;NA;NA;NA;NA;NA;NA
41;"PR";4122206;"412220";"Rio Branco do Sul";"Não";"Região Metropolitana de Curitiba";"Ciclistas";NA;NA;NA;NA;NA;NA;NA;NA;NA;NA;NA;NA;NA;NA;NA;NA;NA;NA;NA;NA;NA;NA;NA;NA;NA
41;"PR";4122305;"412230";"Rio Negro";"Não";"Região Metropolitana de Curitiba";"Ciclistas";NA;NA;NA;NA;NA;NA;NA;NA;NA;NA;NA;NA;NA;NA;NA;NA;NA;NA;NA;NA;NA;NA;NA;NA;NA
41;"PR";4122404;"412240";"Rolândia";"Não";"Região Metropolitana de Londrina";"Ciclistas";NA;NA;NA;1;1;1;NA;NA;2;NA;1;NA;2;2;1;NA;NA;NA;1;NA;NA;NA;NA;NA;NA
41;"PR";4122503;"412250";"Roncador";"Não";"Região Metropolitana de Campo Mourão";"Ciclistas";NA;NA;NA;NA;NA;NA;NA;NA;NA;NA;NA;NA;NA;NA;NA;NA;NA;NA;NA;NA;NA;NA;NA;NA;NA
41;"PR";4122602;"412260";"Rondon";"Não";"-";"Ciclistas";NA;NA;NA;NA;NA;NA;NA;NA;NA;NA;NA;NA;NA;NA;NA;NA;NA;NA;NA;NA;NA;NA;NA;NA;NA
41;"PR";4122909;"412290";"Salto do Itararé";"Não";"-";"Ciclistas";NA;NA;NA;NA;NA;NA;NA;NA;NA;NA;NA;NA;NA;NA;NA;NA;NA;NA;NA;NA;NA;NA;NA;NA;NA
41;"PR";4123006;"412300";"Salto do Lontra";"Não";"-";"Ciclistas";NA;NA;NA;NA;NA;NA;NA;NA;NA;NA;NA;NA;NA;NA;NA;NA;NA;NA;NA;NA;NA;NA;NA;NA;NA
41;"PR";4123204;"412320";"Santa Cecília do Pavão";"Não";"-";"Ciclistas";NA;NA;NA;NA;NA;NA;NA;NA;NA;NA;NA;1;NA;NA;NA;NA;NA;NA;NA;NA;NA;NA;NA;NA;NA
41;"PR";4123402;"412340";"Santa Fé";"Não";"Região Metropolitana de Maringá";"Ciclistas";NA;NA;NA;NA;NA;NA;NA;NA;NA;NA;NA;NA;NA;NA;NA;NA;NA;NA;NA;NA;NA;NA;NA;NA;NA
41;"PR";4123501;"412350";"Santa Helena";"Não";"Região Metropolitana de Toledo";"Ciclistas";NA;NA;NA;NA;NA;NA;NA;NA;NA;NA;NA;NA;NA;NA;NA;NA;NA;NA;NA;NA;NA;NA;NA;NA;NA
41;"PR";4123709;"412370";"Santa Isabel do Ivaí";"Não";"-";"Ciclistas";NA;NA;NA;NA;NA;NA;NA;NA;NA;NA;NA;NA;NA;NA;NA;NA;NA;NA;NA;NA;NA;NA;NA;NA;NA
41;"PR";4123808;"412380";"Santa Izabel do Oeste";"Não";"-";"Ciclistas";NA;NA;NA;NA;NA;NA;NA;NA;NA;NA;NA;NA;NA;NA;NA;NA;NA;NA;NA;NA;NA;NA;NA;NA;NA
41;"PR";4123824;"412382";"Santa Lúcia";"Não";"Região Metropolitana de Cascavel";"Ciclistas";NA;NA;NA;NA;NA;NA;NA;NA;NA;NA;NA;NA;NA;NA;NA;NA;NA;NA;NA;NA;NA;NA;NA;NA;NA
41;"PR";4123857;"412385";"Santa Maria do Oeste";"Não";"-";"Ciclistas";NA;NA;NA;NA;NA;NA;NA;NA;NA;NA;NA;NA;NA;NA;NA;NA;NA;NA;NA;NA;NA;NA;NA;NA;NA
41;"PR";4123907;"412390";"Santa Mariana";"Não";"-";"Ciclistas";NA;1;NA;NA;NA;NA;1;NA;NA;NA;NA;NA;NA;NA;NA;NA;NA;NA;NA;NA;NA;NA;NA;NA;NA
41;"PR";4123956;"412395";"Santa Mônica";"Não";"-";"Ciclistas";NA;NA;NA;NA;NA;NA;NA;NA;NA;NA;NA;NA;NA;1;NA;NA;NA;NA;NA;NA;NA;NA;NA;NA;NA
41;"PR";4124004;"412400";"Santana do Itararé";"Não";"-";"Ciclistas";NA;NA;NA;NA;NA;NA;NA;NA;NA;NA;NA;NA;NA;NA;NA;NA;NA;NA;NA;NA;NA;NA;NA;NA;NA
41;"PR";4124020;"412402";"Santa Tereza do Oeste";"Não";"Região Metropolitana de Cascavel";"Ciclistas";NA;NA;NA;NA;NA;NA;NA;NA;NA;NA;NA;NA;NA;NA;NA;NA;NA;NA;NA;NA;NA;NA;NA;NA;NA
41;"PR";4124053;"412405";"Santa Terezinha de Itaipu";"Não";"-";"Ciclistas";NA;NA;NA;NA;NA;NA;NA;NA;NA;NA;NA;NA;NA;NA;NA;NA;NA;1;1;NA;NA;NA;NA;NA;NA
41;"PR";4124103;"412410";"Santo Antônio da Platina";"Não";"-";"Ciclistas";NA;NA;NA;NA;NA;NA;NA;NA;NA;NA;NA;NA;NA;NA;NA;NA;NA;NA;NA;NA;NA;NA;NA;NA;NA
41;"PR";4124202;"412420";"Santo Antônio do Caiuá";"Não";"-";"Ciclistas";NA;NA;NA;NA;NA;NA;NA;NA;NA;NA;NA;NA;NA;NA;NA;NA;NA;NA;NA;NA;NA;NA;NA;NA;NA
41;"PR";4124301;"412430";"Santo Antônio do Paraíso";"Não";"-";"Ciclistas";NA;NA;NA;NA;NA;NA;NA;NA;NA;NA;NA;NA;NA;NA;NA;NA;NA;NA;NA;NA;NA;NA;NA;NA;NA
41;"PR";4124400;"412440";"Santo Antônio do Sudoeste";"Não";"-";"Ciclistas";NA;NA;NA;NA;NA;NA;1;NA;NA;NA;NA;NA;NA;NA;NA;NA;NA;NA;NA;NA;1;NA;NA;NA;NA
41;"PR";4124707;"412470";"São Jerônimo da Serra";"Não";"-";"Ciclistas";NA;NA;NA;NA;NA;NA;NA;NA;NA;NA;NA;NA;NA;NA;NA;NA;NA;NA;NA;NA;NA;NA;NA;NA;NA
41;"PR";4125001;"412500";"São João do Ivaí";"Não";"Região Metropolitana de Apucarana";"Ciclistas";NA;NA;NA;NA;NA;NA;NA;NA;NA;NA;NA;NA;NA;NA;NA;NA;NA;NA;NA;1;NA;NA;NA;NA;NA
41;"PR";4125100;"412510";"São João do Triunfo";"Não";"-";"Ciclistas";NA;NA;NA;NA;NA;NA;NA;NA;NA;NA;NA;NA;NA;NA;NA;NA;NA;NA;NA;NA;NA;NA;NA;NA;NA
41;"PR";4125308;"412530";"São Jorge do Ivaí";"Não";"Região Metropolitana de Maringá";"Ciclistas";NA;NA;NA;NA;NA;NA;NA;NA;NA;NA;NA;NA;NA;NA;NA;1;NA;NA;NA;NA;NA;NA;NA;NA;NA
41;"PR";4125357;"412535";"São Jorge do Patrocínio";"Não";"Região Metropolitana de Umuarama";"Ciclistas";NA;1;NA;NA;NA;NA;NA;NA;NA;NA;NA;NA;NA;NA;NA;NA;NA;NA;NA;NA;NA;NA;NA;NA;NA
41;"PR";4125506;"412550";"São José dos Pinhais";"Não";"Região Metropolitana de Curitiba";"Ciclistas";NA;2;NA;1;NA;1;NA;NA;1;NA;NA;NA;NA;NA;NA;NA;NA;NA;NA;NA;NA;1;1;1;NA
41;"PR";4125605;"412560";"São Mateus do Sul";"Não";"-";"Ciclistas";NA;NA;NA;NA;NA;NA;NA;NA;NA;1;NA;NA;NA;NA;NA;NA;NA;NA;NA;NA;NA;NA;NA;NA;NA
41;"PR";4125704;"412570";"São Miguel do Iguaçu";"Não";"-";"Ciclistas";NA;1;NA;NA;NA;NA;NA;NA;NA;NA;NA;NA;NA;NA;NA;NA;NA;NA;NA;NA;NA;1;NA;NA;NA
41;"PR";4125753;"412575";"São Pedro do Iguaçu";"Não";"Região Metropolitana de Toledo";"Ciclistas";NA;NA;NA;NA;NA;NA;NA;NA;NA;NA;NA;NA;NA;NA;NA;NA;NA;1;NA;NA;NA;NA;NA;NA;NA
41;"PR";4126009;"412600";"São Sebastião da Amoreira";"Não";"-";"Ciclistas";NA;NA;NA;NA;NA;NA;NA;NA;NA;NA;NA;NA;NA;NA;NA;NA;NA;NA;NA;NA;NA;NA;NA;NA;NA
41;"PR";4126256;"412625";"Sarandi";"Não";"Região Metropolitana de Maringá";"Ciclistas";1;NA;NA;1;NA;NA;NA;NA;NA;NA;NA;NA;NA;NA;NA;NA;NA;1;NA;1;1;1;2;1;NA
41;"PR";4126306;"412630";"Sengés";"Não";"-";"Ciclistas";NA;NA;NA;NA;NA;NA;NA;NA;NA;NA;NA;NA;NA;NA;NA;NA;NA;NA;NA;NA;NA;NA;NA;NA;NA
41;"PR";4126405;"412640";"Sertaneja";"Não";"Região Metropolitana de Londrina";"Ciclistas";NA;NA;NA;1;NA;NA;NA;NA;NA;NA;NA;NA;NA;NA;NA;NA;NA;NA;NA;NA;NA;NA;NA;NA;NA
41;"PR";4126504;"412650";"Sertanópolis";"Não";"Região Metropolitana de Londrina";"Ciclistas";1;NA;NA;1;NA;NA;NA;NA;NA;NA;NA;NA;NA;NA;1;NA;NA;NA;NA;NA;NA;NA;NA;NA;NA
41;"PR";4126603;"412660";"Siqueira Campos";"Não";"-";"Ciclistas";NA;NA;NA;NA;NA;NA;NA;NA;NA;NA;NA;NA;NA;NA;NA;NA;NA;NA;NA;1;NA;NA;NA;NA;NA
41;"PR";4126678;"412667";"Tamarana";"Não";"Região Metropolitana de Londrina";"Ciclistas";NA;NA;NA;NA;NA;NA;NA;NA;NA;NA;NA;NA;NA;NA;NA;NA;NA;NA;NA;NA;NA;NA;NA;NA;NA
41;"PR";4126702;"412670";"Tamboara";"Não";"-";"Ciclistas";NA;NA;NA;NA;NA;NA;NA;NA;NA;NA;NA;NA;NA;NA;NA;NA;NA;NA;NA;NA;NA;NA;NA;NA;NA
41;"PR";4126900;"412690";"Tapira";"Não";"Região Metropolitana de Umuarama";"Ciclistas";NA;NA;NA;NA;NA;NA;NA;NA;NA;NA;NA;NA;1;NA;NA;NA;NA;NA;NA;NA;NA;NA;NA;NA;NA
41;"PR";4127007;"412700";"Teixeira Soares";"Não";"-";"Ciclistas";NA;NA;NA;NA;NA;NA;NA;NA;NA;NA;NA;NA;NA;NA;NA;NA;NA;NA;NA;NA;NA;NA;NA;NA;NA
41;"PR";4127106;"412710";"Telêmaco Borba";"Não";"-";"Ciclistas";NA;NA;NA;NA;NA;2;NA;1;NA;NA;NA;NA;NA;NA;1;NA;NA;NA;NA;NA;NA;NA;NA;NA;NA
41;"PR";4127205;"412720";"Terra Boa";"Não";"Região Metropolitana de Campo Mourão";"Ciclistas";1;NA;NA;NA;NA;NA;NA;NA;NA;NA;NA;NA;NA;NA;NA;NA;NA;NA;NA;NA;NA;NA;NA;NA;NA
41;"PR";4127304;"412730";"Terra Rica";"Não";"-";"Ciclistas";NA;NA;NA;NA;NA;NA;NA;NA;NA;NA;NA;NA;NA;1;NA;NA;NA;NA;NA;NA;NA;NA;NA;NA;NA
41;"PR";4127403;"412740";"Terra Roxa";"Não";"Região Metropolitana de Toledo";"Ciclistas";NA;NA;NA;NA;NA;NA;NA;NA;NA;NA;NA;NA;NA;NA;NA;NA;NA;NA;NA;NA;NA;NA;NA;NA;NA
41;"PR";4127502;"412750";"Tibagi";"Não";"-";"Ciclistas";NA;NA;NA;NA;NA;NA;NA;NA;NA;NA;NA;NA;NA;NA;NA;NA;NA;NA;NA;NA;NA;NA;NA;NA;NA
41;"PR";4127601;"412760";"Tijucas do Sul";"Não";"Região Metropolitana de Curitiba";"Ciclistas";NA;NA;NA;NA;NA;NA;NA;NA;NA;NA;NA;NA;NA;NA;NA;NA;1;NA;NA;NA;NA;NA;NA;NA;NA
41;"PR";4127700;"412770";"Toledo";"Não";"Região Metropolitana de Toledo";"Ciclistas";2;NA;2;4;2;NA;2;1;2;1;3;NA;1;1;2;1;2;2;1;1;2;3;1;NA;NA
41;"PR";4127809;"412780";"Tomazina";"Não";"-";"Ciclistas";NA;NA;NA;NA;NA;NA;NA;NA;NA;NA;NA;NA;NA;NA;NA;NA;NA;NA;NA;NA;NA;NA;NA;NA;NA
41;"PR";4127858;"412785";"Três Barras do Paraná";"Não";"Região Metropolitana de Cascavel";"Ciclistas";NA;NA;NA;NA;NA;NA;NA;NA;NA;NA;NA;NA;NA;NA;NA;NA;NA;NA;NA;NA;NA;NA;NA;NA;NA
41;"PR";4127882;"412788";"Tunas do Paraná";"Não";"Região Metropolitana de Curitiba";"Ciclistas";NA;NA;NA;NA;NA;NA;NA;NA;NA;NA;NA;NA;NA;NA;NA;NA;NA;NA;NA;NA;NA;NA;NA;NA;NA
41;"PR";4127908;"412790";"Tuneiras do Oeste";"Não";"Região Metropolitana de Umuarama";"Ciclistas";NA;NA;NA;NA;NA;NA;NA;NA;NA;NA;NA;NA;NA;NA;NA;NA;NA;NA;NA;NA;NA;NA;1;NA;NA
41;"PR";4127965;"412796";"Turvo";"Não";"-";"Ciclistas";NA;NA;NA;NA;NA;NA;NA;NA;NA;NA;NA;NA;NA;NA;NA;NA;NA;NA;NA;NA;NA;NA;NA;NA;NA
41;"PR";4128005;"412800";"Ubiratã";"Não";"Região Metropolitana de Campo Mourão";"Ciclistas";NA;NA;NA;NA;NA;NA;NA;NA;NA;NA;NA;NA;NA;NA;NA;1;NA;NA;1;NA;NA;NA;1;NA;NA
41;"PR";4128104;"412810";"Umuarama";"Não";"Região Metropolitana de Umuarama";"Ciclistas";1;1;1;1;3;NA;2;NA;1;NA;NA;1;2;3;3;2;1;NA;1;2;1;NA;2;1;NA
41;"PR";4128203;"412820";"União da Vitória";"Não";"-";"Ciclistas";NA;NA;NA;NA;NA;NA;NA;NA;NA;NA;NA;1;NA;NA;NA;NA;NA;1;NA;NA;NA;NA;NA;NA;NA
41;"PR";4128401;"412840";"Uraí";"Não";"Região Metropolitana de Londrina";"Ciclistas";NA;NA;NA;NA;NA;NA;NA;NA;NA;NA;NA;NA;NA;NA;NA;NA;NA;NA;NA;NA;NA;NA;NA;NA;NA
41;"PR";4128500;"412850";"Wenceslau Braz";"Não";"-";"Ciclistas";NA;NA;NA;NA;NA;NA;NA;NA;NA;NA;NA;NA;NA;NA;NA;NA;NA;NA;NA;NA;NA;NA;NA;NA;NA
41;"PR";4128534;"412853";"Ventania";"Não";"-";"Ciclistas";NA;NA;NA;NA;NA;NA;NA;NA;NA;NA;NA;NA;NA;NA;NA;NA;NA;NA;NA;NA;NA;NA;NA;NA;NA
41;"PR";4128559;"412855";"Vera Cruz do Oeste";"Não";"Região Metropolitana de Cascavel";"Ciclistas";NA;NA;NA;NA;NA;NA;NA;NA;NA;NA;NA;NA;NA;NA;NA;NA;NA;NA;NA;NA;NA;NA;NA;NA;NA
41;"PR";4128609;"412860";"Verê";"Não";"-";"Ciclistas";NA;NA;NA;NA;NA;NA;NA;NA;NA;NA;NA;NA;NA;NA;NA;NA;NA;NA;NA;NA;NA;NA;NA;NA;NA
41;"PR";4128625;"412862";"Alto Paraíso";"Não";"Região Metropolitana de Umuarama";"Ciclistas";NA;NA;NA;NA;NA;NA;NA;NA;NA;NA;NA;NA;NA;NA;1;NA;NA;NA;NA;NA;NA;NA;NA;NA;NA
41;"PR";4128658;"412865";"Virmond";"Não";"-";"Ciclistas";NA;NA;NA;NA;NA;NA;NA;NA;NA;NA;NA;NA;NA;NA;NA;NA;NA;NA;NA;NA;NA;NA;NA;NA;NA
41;"PR";4128708;"412870";"Vitorino";"Não";"-";"Ciclistas";NA;NA;NA;1;NA;NA;NA;NA;NA;NA;NA;NA;NA;NA;NA;NA;NA;NA;NA;NA;NA;NA;NA;NA;NA
41;"PR";4128807;"412880";"Xambrê";"Não";"Região Metropolitana de Umuarama";"Ciclistas";NA;NA;NA;NA;NA;NA;NA;NA;NA;NA;NA;NA;NA;NA;NA;NA;NA;1;NA;NA;NA;NA;NA;NA;NA
42;"SC";4200101;"420010";"Abelardo Luz";"Não";"Região Metropolitana do Extremo Oeste";"Ciclistas";NA;NA;NA;NA;NA;NA;NA;NA;NA;NA;NA;NA;NA;NA;NA;1;NA;NA;NA;NA;2;NA;NA;NA;NA
42;"SC";4200200;"420020";"Agrolândia";"Não";"Região Metropolitana do Alto Vale do Itajaí";"Ciclistas";NA;NA;NA;NA;NA;NA;NA;NA;NA;NA;NA;NA;NA;NA;NA;1;NA;NA;NA;NA;NA;NA;NA;NA;NA
42;"SC";4200309;"420030";"Agronômica";"Não";"Região Metropolitana do Alto Vale do Itajaí";"Ciclistas";NA;NA;NA;NA;NA;NA;NA;NA;NA;NA;NA;NA;NA;NA;NA;NA;NA;NA;NA;NA;NA;NA;NA;NA;NA
42;"SC";4200507;"420050";"Águas de Chapecó";"Não";"Região Metropolitana de Chapecó";"Ciclistas";NA;NA;NA;NA;NA;NA;NA;NA;NA;NA;NA;NA;NA;NA;NA;NA;NA;NA;NA;NA;NA;NA;NA;NA;NA
42;"SC";4200606;"420060";"Águas Mornas";"Não";"Região Metropolitana de Florianópolis";"Ciclistas";NA;NA;NA;NA;NA;NA;NA;NA;NA;NA;NA;NA;NA;NA;NA;NA;NA;NA;NA;NA;NA;NA;NA;NA;NA
42;"SC";4200705;"420070";"Alfredo Wagner";"Não";"Região Metropolitana de Florianópolis";"Ciclistas";NA;NA;NA;NA;NA;NA;NA;NA;NA;NA;NA;NA;NA;NA;NA;NA;NA;NA;NA;NA;NA;NA;NA;1;NA
42;"SC";4200903;"420090";"Angelina";"Não";"Região Metropolitana de Florianópolis";"Ciclistas";NA;NA;NA;NA;NA;NA;NA;NA;NA;NA;NA;NA;NA;NA;NA;NA;NA;NA;NA;NA;NA;NA;NA;NA;NA
42;"SC";4201208;"420120";"Antônio Carlos";"Não";"Região Metropolitana de Florianópolis";"Ciclistas";NA;NA;NA;NA;NA;NA;NA;NA;NA;NA;NA;NA;NA;NA;NA;NA;NA;NA;NA;NA;NA;NA;NA;NA;NA
42;"SC";4201257;"420125";"Apiúna";"Não";"Região Metropolitana do Vale do Itajaí";"Ciclistas";NA;NA;NA;NA;NA;NA;NA;NA;NA;NA;NA;NA;NA;NA;NA;NA;NA;NA;NA;NA;NA;NA;NA;NA;NA
42;"SC";4201307;"420130";"Araquari";"Não";"Região Metropolitana de Joinville";"Ciclistas";NA;NA;NA;NA;NA;1;1;NA;NA;NA;1;NA;NA;NA;1;NA;1;NA;NA;NA;1;NA;NA;NA;NA
42;"SC";4201406;"420140";"Araranguá";"Não";"Região Metropolitana Carbonífera";"Ciclistas";NA;NA;NA;NA;NA;NA;NA;NA;NA;NA;NA;NA;NA;NA;NA;NA;NA;NA;NA;NA;NA;NA;NA;NA;NA
42;"SC";4201505;"420150";"Armazém";"Não";"Região Metropolitana de Tubarão";"Ciclistas";NA;NA;NA;NA;NA;NA;NA;NA;NA;NA;NA;NA;NA;NA;NA;NA;NA;NA;NA;NA;NA;NA;NA;NA;NA
42;"SC";4202008;"420200";"Balneário Camboriú";"Não";"Região Metropolitana da Foz do Rio Itajaí";"Ciclistas";1;NA;2;NA;1;NA;NA;NA;2;1;NA;NA;1;NA;NA;NA;NA;NA;2;NA;NA;NA;1;NA;NA
42;"SC";4202057;"420205";"Balneário Barra do Sul";"Não";"Região Metropolitana de Joinville";"Ciclistas";NA;NA;NA;NA;NA;NA;NA;NA;NA;NA;NA;NA;NA;NA;NA;NA;NA;NA;NA;1;1;NA;NA;1;NA
42;"SC";4202073;"420207";"Balneário Gaivota";"Não";"Região Metropolitana Carbonífera";"Ciclistas";NA;NA;NA;NA;NA;NA;NA;NA;NA;NA;NA;NA;NA;NA;NA;NA;NA;NA;NA;NA;NA;NA;NA;NA;NA
42;"SC";4202099;"420209";"Barra Bonita";"Não";"Região Metropolitana do Extremo Oeste";"Ciclistas";NA;NA;NA;NA;NA;NA;NA;NA;NA;1;NA;NA;NA;NA;NA;NA;NA;NA;NA;NA;NA;NA;NA;NA;NA
42;"SC";4202107;"420210";"Barra Velha";"Não";"Região Metropolitana de Jaraguá do Sul";"Ciclistas";NA;NA;NA;NA;NA;NA;NA;NA;NA;NA;NA;NA;NA;NA;NA;NA;NA;1;NA;NA;NA;NA;NA;NA;NA
42;"SC";4202131;"420213";"Bela Vista do Toldo";"Não";"Região Metropolitana do Planalto Norte";"Ciclistas";NA;NA;NA;NA;NA;NA;NA;NA;NA;NA;NA;NA;NA;NA;NA;NA;NA;NA;NA;NA;NA;NA;NA;NA;NA
42;"SC";4202206;"420220";"Benedito Novo";"Não";"Região Metropolitana do Vale do Itajaí";"Ciclistas";NA;NA;NA;NA;NA;NA;NA;NA;NA;NA;NA;NA;NA;NA;NA;NA;NA;NA;NA;NA;NA;NA;NA;NA;NA
42;"SC";4202305;"420230";"Biguaçu";"Não";"Região Metropolitana de Florianópolis";"Ciclistas";NA;NA;1;NA;NA;NA;NA;NA;NA;NA;NA;NA;NA;NA;NA;NA;NA;NA;NA;1;NA;NA;NA;NA;NA
42;"SC";4202404;"420240";"Blumenau";"Não";"Região Metropolitana do Vale do Itajaí";"Ciclistas";NA;NA;NA;NA;1;NA;NA;NA;NA;1;NA;NA;NA;NA;1;NA;NA;NA;NA;3;2;2;1;1;NA
42;"SC";4202453;"420245";"Bombinhas";"Não";"Região Metropolitana da Foz do Rio Itajaí";"Ciclistas";NA;NA;NA;NA;NA;NA;NA;NA;NA;NA;NA;NA;NA;NA;NA;NA;NA;NA;NA;NA;NA;NA;NA;NA;NA
42;"SC";4202537;"420253";"Bom Jesus";"Não";"Região Metropolitana do Extremo Oeste";"Ciclistas";NA;NA;NA;NA;NA;NA;NA;NA;NA;NA;NA;NA;NA;NA;NA;NA;NA;NA;NA;NA;NA;NA;NA;NA;NA
42;"SC";4202602;"420260";"Bom Retiro";"Não";"Região Metropolitana de Lages";"Ciclistas";NA;NA;NA;NA;NA;NA;NA;NA;NA;NA;NA;NA;NA;NA;NA;NA;NA;NA;NA;NA;NA;NA;NA;NA;NA
42;"SC";4202800;"420280";"Braço do Norte";"Não";"Região Metropolitana de Tubarão";"Ciclistas";NA;NA;NA;NA;NA;NA;NA;NA;NA;NA;NA;NA;NA;NA;NA;NA;NA;NA;NA;NA;NA;NA;NA;NA;NA
42;"SC";4202909;"420290";"Brusque";"Não";"Região Metropolitana do Vale do Itajaí";"Ciclistas";NA;NA;NA;NA;NA;2;NA;1;NA;1;NA;NA;NA;NA;NA;NA;NA;NA;NA;NA;1;NA;1;1;NA
42;"SC";4203006;"420300";"Caçador";"Não";"Região Metropolitana do Contestado";"Ciclistas";NA;NA;NA;NA;NA;NA;NA;NA;NA;1;NA;NA;NA;NA;NA;NA;NA;NA;1;NA;NA;NA;NA;NA;NA
42;"SC";4203105;"420310";"Caibi";"Não";"Região Metropolitana do Extremo Oeste";"Ciclistas";NA;NA;NA;NA;NA;NA;NA;NA;NA;NA;NA;NA;NA;NA;NA;NA;NA;NA;NA;NA;NA;NA;NA;NA;NA
42;"SC";4203204;"420320";"Camboriú";"Não";"Região Metropolitana da Foz do Rio Itajaí";"Ciclistas";NA;NA;NA;NA;NA;NA;NA;NA;NA;NA;NA;NA;NA;NA;NA;NA;NA;NA;NA;NA;NA;NA;NA;NA;NA
42;"SC";4203303;"420330";"Campo Alegre";"Não";"Região Metropolitana de Joinville";"Ciclistas";NA;NA;NA;NA;NA;NA;NA;NA;NA;NA;NA;NA;NA;NA;NA;NA;NA;NA;NA;NA;NA;NA;NA;NA;NA
42;"SC";4203501;"420350";"Campo Erê";"Não";"Região Metropolitana do Extremo Oeste";"Ciclistas";NA;NA;NA;1;NA;NA;NA;NA;NA;NA;NA;NA;NA;NA;NA;NA;NA;NA;NA;NA;NA;NA;NA;NA;NA
42;"SC";4203600;"420360";"Campos Novos";"Não";"Região Metropolitana do Contestado";"Ciclistas";NA;NA;NA;NA;NA;NA;NA;NA;NA;NA;2;NA;NA;NA;NA;NA;NA;NA;NA;NA;NA;NA;NA;NA;NA
42;"SC";4203709;"420370";"Canelinha";"Não";"Região Metropolitana de Florianópolis";"Ciclistas";NA;NA;NA;NA;NA;NA;NA;NA;NA;NA;NA;NA;NA;NA;NA;NA;NA;NA;NA;NA;NA;NA;NA;NA;NA
42;"SC";4203808;"420380";"Canoinhas";"Não";"Região Metropolitana do Planalto Norte";"Ciclistas";NA;NA;NA;NA;NA;NA;NA;NA;NA;NA;NA;NA;NA;NA;NA;NA;NA;NA;1;NA;NA;NA;NA;1;NA
42;"SC";4203907;"420390";"Capinzal";"Não";"Região Metropolitana do Contestado";"Ciclistas";NA;NA;NA;NA;NA;NA;NA;NA;NA;NA;NA;NA;NA;NA;NA;NA;NA;NA;NA;NA;NA;NA;NA;NA;NA
42;"SC";4203956;"420395";"Capivari de Baixo";"Não";"Região Metropolitana de Tubarão";"Ciclistas";NA;NA;NA;1;NA;NA;NA;NA;NA;NA;NA;NA;NA;NA;NA;NA;1;NA;NA;NA;NA;NA;NA;NA;NA
42;"SC";4204004;"420400";"Catanduvas";"Não";"Região Metropolitana do Contestado";"Ciclistas";NA;NA;NA;NA;NA;NA;NA;NA;NA;NA;NA;NA;NA;NA;NA;NA;NA;NA;NA;NA;NA;NA;NA;NA;NA
42;"SC";4204202;"420420";"Chapecó";"Não";"Região Metropolitana de Chapecó";"Ciclistas";NA;1;NA;NA;NA;NA;NA;1;NA;NA;NA;1;NA;NA;NA;NA;NA;NA;1;2;NA;NA;NA;NA;NA
42;"SC";4204251;"420425";"Cocal do Sul";"Não";"Região Metropolitana Carbonífera";"Ciclistas";NA;NA;NA;NA;NA;NA;NA;NA;NA;NA;NA;NA;NA;NA;NA;NA;NA;1;NA;NA;NA;NA;NA;NA;NA
42;"SC";4204301;"420430";"Concórdia";"Não";"Região Metropolitana do Contestado";"Ciclistas";NA;NA;NA;NA;NA;1;NA;2;NA;NA;NA;NA;NA;NA;NA;NA;NA;NA;NA;NA;NA;NA;NA;NA;NA
42;"SC";4204400;"420440";"Coronel Freitas";"Não";"Região Metropolitana de Chapecó";"Ciclistas";NA;NA;NA;NA;NA;NA;NA;NA;NA;NA;NA;NA;NA;NA;NA;NA;NA;NA;NA;NA;NA;NA;NA;NA;NA
42;"SC";4204509;"420450";"Corupá";"Não";"Região Metropolitana de Jaraguá do Sul";"Ciclistas";NA;NA;NA;NA;NA;NA;NA;NA;NA;NA;NA;NA;NA;NA;NA;NA;NA;NA;NA;NA;NA;NA;NA;NA;NA
42;"SC";4204558;"420455";"Correia Pinto";"Não";"Região Metropolitana de Lages";"Ciclistas";NA;NA;NA;1;NA;NA;NA;NA;NA;NA;NA;NA;NA;NA;NA;NA;NA;NA;NA;NA;NA;1;NA;NA;NA
42;"SC";4204608;"420460";"Criciúma";"Não";"Região Metropolitana Carbonífera";"Ciclistas";NA;1;NA;1;1;NA;NA;1;NA;2;NA;1;NA;NA;NA;NA;NA;NA;NA;NA;2;1;NA;NA;NA
42;"SC";4204707;"420470";"Cunha Porã";"Não";"Região Metropolitana do Extremo Oeste";"Ciclistas";NA;NA;NA;NA;NA;NA;NA;NA;NA;NA;NA;NA;NA;NA;NA;NA;NA;NA;NA;NA;NA;NA;NA;NA;NA
42;"SC";4204806;"420480";"Curitibanos";"Não";"Região Metropolitana de Lages";"Ciclistas";NA;NA;NA;NA;NA;NA;NA;NA;NA;NA;NA;NA;NA;NA;NA;NA;NA;NA;NA;NA;NA;NA;NA;NA;NA
42;"SC";4205001;"420500";"Dionísio Cerqueira";"Não";"Região Metropolitana do Extremo Oeste";"Ciclistas";NA;NA;NA;NA;NA;NA;NA;NA;NA;NA;NA;NA;NA;NA;NA;NA;NA;NA;NA;NA;NA;NA;NA;NA;NA
42;"SC";4205175;"420517";"Entre Rios";"Não";"Região Metropolitana do Extremo Oeste";"Ciclistas";NA;NA;NA;NA;NA;NA;NA;NA;NA;NA;NA;NA;NA;NA;NA;NA;NA;NA;NA;NA;NA;NA;NA;NA;NA
42;"SC";4205191;"420519";"Ermo";"Não";"Região Metropolitana Carbonífera";"Ciclistas";NA;NA;NA;NA;NA;NA;NA;NA;NA;NA;NA;NA;NA;NA;NA;NA;NA;NA;NA;NA;NA;NA;NA;NA;NA
42;"SC";4205407;"420540";"Florianópolis";"Sim";"Região Metropolitana de Florianópolis";"Ciclistas";1;1;NA;NA;1;NA;1;1;NA;NA;NA;NA;NA;1;1;NA;1;NA;1;NA;NA;NA;NA;1;NA
42;"SC";4205456;"420545";"Forquilhinha";"Não";"Região Metropolitana Carbonífera";"Ciclistas";NA;NA;NA;NA;NA;NA;NA;NA;NA;NA;NA;NA;NA;NA;NA;NA;NA;NA;NA;NA;NA;NA;NA;NA;NA
42;"SC";4205506;"420550";"Fraiburgo";"Não";"Região Metropolitana do Contestado";"Ciclistas";NA;NA;NA;NA;NA;NA;NA;NA;NA;NA;NA;NA;NA;NA;NA;NA;NA;NA;NA;NA;NA;NA;NA;NA;NA
42;"SC";4205555;"420555";"Frei Rogério";"Não";"Região Metropolitana de Lages";"Ciclistas";NA;NA;NA;NA;1;NA;NA;NA;NA;NA;NA;NA;NA;NA;NA;NA;NA;NA;NA;NA;NA;NA;NA;NA;NA
42;"SC";4205704;"420570";"Garopaba";"Não";"Região Metropolitana de Florianópolis";"Ciclistas";NA;NA;NA;NA;1;NA;NA;NA;NA;NA;NA;NA;NA;NA;NA;NA;NA;NA;NA;NA;NA;NA;NA;NA;NA
42;"SC";4205803;"420580";"Garuva";"Não";"Região Metropolitana de Joinville";"Ciclistas";NA;1;NA;NA;NA;NA;NA;NA;NA;NA;NA;NA;NA;NA;NA;2;NA;NA;NA;NA;NA;NA;NA;NA;NA
42;"SC";4205902;"420590";"Gaspar";"Não";"Região Metropolitana do Vale do Itajaí";"Ciclistas";NA;NA;NA;NA;NA;NA;NA;NA;NA;NA;NA;NA;NA;NA;NA;NA;NA;NA;NA;NA;NA;NA;NA;NA;NA
42;"SC";4206009;"420600";"Governador Celso Ramos";"Não";"Região Metropolitana de Florianópolis";"Ciclistas";NA;NA;NA;NA;NA;NA;NA;NA;NA;NA;NA;NA;NA;NA;NA;NA;NA;NA;NA;NA;NA;NA;NA;NA;NA
42;"SC";4206108;"420610";"Grão-Pará";"Não";"Região Metropolitana de Tubarão";"Ciclistas";NA;NA;NA;NA;NA;NA;NA;NA;NA;NA;NA;NA;NA;NA;NA;NA;NA;NA;NA;NA;NA;NA;NA;NA;NA
42;"SC";4206207;"420620";"Gravatal";"Não";"Região Metropolitana de Tubarão";"Ciclistas";NA;NA;NA;NA;NA;NA;NA;NA;NA;NA;NA;NA;NA;NA;NA;NA;NA;NA;NA;NA;NA;NA;NA;NA;NA
42;"SC";4206306;"420630";"Guabiruba";"Não";"Região Metropolitana do Vale do Itajaí";"Ciclistas";NA;NA;NA;NA;NA;NA;NA;NA;NA;NA;NA;NA;NA;NA;NA;NA;NA;NA;NA;NA;NA;NA;NA;NA;NA
42;"SC";4206405;"420640";"Guaraciaba";"Não";"Região Metropolitana do Extremo Oeste";"Ciclistas";NA;NA;NA;NA;NA;1;NA;NA;NA;NA;NA;NA;NA;NA;NA;NA;NA;NA;NA;NA;NA;NA;NA;NA;NA
42;"SC";4206504;"420650";"Guaramirim";"Não";"Região Metropolitana de Jaraguá do Sul";"Ciclistas";NA;NA;NA;NA;1;NA;NA;NA;NA;NA;NA;NA;NA;NA;NA;NA;NA;NA;NA;NA;NA;NA;NA;1;NA
42;"SC";4206603;"420660";"Guarujá do Sul";"Não";"Região Metropolitana do Extremo Oeste";"Ciclistas";NA;NA;NA;NA;NA;NA;NA;NA;NA;NA;NA;NA;NA;NA;NA;NA;NA;NA;NA;NA;NA;NA;NA;NA;NA
42;"SC";4206652;"420665";"Guatambú";"Não";"Região Metropolitana de Chapecó";"Ciclistas";NA;NA;NA;NA;NA;NA;NA;NA;NA;NA;NA;NA;NA;NA;NA;NA;NA;NA;NA;NA;NA;NA;NA;NA;NA
42;"SC";4206751;"420675";"Ibiam";"Não";"Região Metropolitana do Contestado";"Ciclistas";NA;NA;NA;NA;NA;NA;NA;NA;NA;NA;NA;NA;NA;NA;NA;NA;NA;NA;NA;NA;NA;NA;NA;NA;NA
42;"SC";4206801;"420680";"Ibicaré";"Não";"Região Metropolitana do Contestado";"Ciclistas";NA;NA;NA;NA;NA;NA;NA;NA;NA;NA;NA;NA;NA;NA;NA;NA;NA;NA;NA;NA;NA;NA;NA;NA;NA
42;"SC";4206900;"420690";"Ibirama";"Não";"Região Metropolitana do Alto Vale do Itajaí";"Ciclistas";NA;NA;NA;NA;NA;NA;NA;NA;NA;NA;NA;NA;NA;NA;NA;NA;NA;NA;NA;NA;NA;NA;NA;NA;NA
42;"SC";4207007;"420700";"Içara";"Não";"Região Metropolitana Carbonífera";"Ciclistas";NA;NA;NA;NA;NA;NA;NA;NA;NA;NA;NA;NA;NA;NA;NA;NA;NA;NA;NA;NA;1;NA;NA;NA;NA
42;"SC";4207106;"420710";"Ilhota";"Não";"Região Metropolitana do Vale do Itajaí";"Ciclistas";NA;NA;NA;NA;NA;NA;NA;NA;NA;NA;NA;NA;NA;NA;NA;NA;NA;NA;NA;NA;NA;NA;NA;NA;NA
42;"SC";4207205;"420720";"Imaruí";"Não";"Região Metropolitana de Tubarão";"Ciclistas";NA;NA;NA;NA;NA;NA;NA;NA;NA;NA;NA;NA;NA;NA;NA;NA;NA;NA;NA;NA;NA;NA;NA;NA;NA
42;"SC";4207304;"420730";"Imbituba";"Não";"Região Metropolitana de Tubarão";"Ciclistas";NA;NA;NA;1;NA;NA;NA;NA;NA;NA;NA;NA;NA;NA;NA;NA;NA;1;NA;NA;NA;NA;1;NA;NA
42;"SC";4207502;"420750";"Indaial";"Não";"Região Metropolitana do Vale do Itajaí";"Ciclistas";NA;NA;NA;NA;NA;1;NA;NA;NA;NA;NA;NA;NA;NA;NA;NA;NA;NA;NA;NA;1;NA;NA;NA;NA
42;"SC";4207650;"420765";"Iporã do Oeste";"Não";"Região Metropolitana do Extremo Oeste";"Ciclistas";NA;NA;NA;NA;NA;NA;NA;NA;NA;NA;NA;NA;NA;NA;NA;NA;NA;NA;NA;NA;NA;NA;NA;NA;NA
42;"SC";4207684;"420768";"Ipuaçu";"Não";"Região Metropolitana do Extremo Oeste";"Ciclistas";NA;NA;NA;NA;NA;NA;NA;NA;NA;NA;NA;NA;NA;NA;NA;NA;NA;NA;NA;NA;NA;NA;NA;NA;NA
42;"SC";4207809;"420780";"Irani";"Não";"Região Metropolitana do Contestado";"Ciclistas";NA;NA;NA;NA;NA;NA;NA;NA;NA;NA;NA;NA;NA;NA;1;NA;NA;NA;NA;NA;NA;NA;NA;NA;NA
42;"SC";4207908;"420790";"Irineópolis";"Não";"Região Metropolitana do Planalto Norte";"Ciclistas";NA;NA;NA;NA;NA;NA;NA;NA;NA;NA;NA;NA;NA;NA;NA;NA;NA;NA;NA;NA;NA;NA;NA;NA;NA
42;"SC";4208005;"420800";"Itá";"Não";"Região Metropolitana de Chapecó";"Ciclistas";NA;NA;NA;NA;NA;NA;NA;NA;NA;NA;NA;NA;NA;NA;NA;NA;NA;NA;NA;NA;NA;NA;NA;NA;NA
42;"SC";4208104;"420810";"Itaiópolis";"Não";"Região Metropolitana do Planalto Norte";"Ciclistas";NA;NA;NA;NA;NA;NA;NA;NA;NA;NA;NA;NA;NA;NA;NA;NA;NA;NA;NA;NA;NA;NA;NA;1;NA
42;"SC";4208203;"420820";"Itajaí";"Não";"Região Metropolitana da Foz do Rio Itajaí";"Ciclistas";NA;1;1;1;1;NA;1;2;2;3;3;NA;3;NA;NA;2;NA;NA;1;1;NA;NA;3;NA;NA
42;"SC";4208302;"420830";"Itapema";"Não";"Região Metropolitana da Foz do Rio Itajaí";"Ciclistas";NA;NA;NA;NA;1;NA;NA;NA;NA;NA;NA;1;NA;NA;NA;NA;NA;NA;NA;1;NA;NA;1;NA;NA
42;"SC";4208401;"420840";"Itapiranga";"Não";"Região Metropolitana do Extremo Oeste";"Ciclistas";NA;NA;NA;NA;NA;NA;NA;NA;NA;NA;NA;NA;NA;NA;NA;NA;NA;NA;NA;NA;NA;NA;NA;NA;NA
42;"SC";4208450;"420845";"Itapoá";"Não";"Região Metropolitana de Joinville";"Ciclistas";NA;NA;NA;NA;NA;NA;NA;NA;NA;NA;NA;NA;NA;NA;NA;NA;NA;NA;NA;NA;NA;NA;NA;1;NA
42;"SC";4208500;"420850";"Ituporanga";"Não";"Região Metropolitana do Alto Vale do Itajaí";"Ciclistas";NA;NA;NA;NA;NA;NA;NA;NA;NA;NA;NA;NA;NA;NA;NA;NA;NA;NA;NA;NA;NA;NA;NA;1;NA
42;"SC";4208609;"420860";"Jaborá";"Não";"Região Metropolitana do Contestado";"Ciclistas";NA;NA;NA;NA;NA;NA;NA;NA;NA;NA;NA;NA;NA;NA;NA;NA;NA;NA;NA;NA;NA;NA;NA;NA;NA
42;"SC";4208708;"420870";"Jacinto Machado";"Não";"Região Metropolitana Carbonífera";"Ciclistas";NA;NA;NA;NA;NA;NA;NA;NA;NA;NA;NA;NA;NA;NA;NA;NA;NA;NA;NA;NA;NA;NA;NA;NA;NA
42;"SC";4208807;"420880";"Jaguaruna";"Não";"Região Metropolitana de Tubarão";"Ciclistas";NA;NA;NA;NA;NA;NA;NA;NA;NA;NA;NA;NA;NA;NA;NA;NA;NA;NA;NA;1;NA;NA;NA;NA;NA
42;"SC";4208906;"420890";"Jaraguá do Sul";"Não";"Região Metropolitana de Jaraguá do Sul";"Ciclistas";1;NA;NA;2;3;NA;1;NA;NA;1;NA;NA;NA;1;NA;2;4;1;NA;NA;NA;NA;NA;1;NA
42;"SC";4209003;"420900";"Joaçaba";"Não";"Região Metropolitana do Contestado";"Ciclistas";NA;NA;NA;NA;NA;NA;NA;NA;NA;1;NA;NA;NA;NA;NA;1;NA;NA;NA;NA;NA;NA;NA;NA;NA
42;"SC";4209102;"420910";"Joinville";"Não";"Região Metropolitana de Joinville";"Ciclistas";NA;NA;NA;1;1;NA;1;1;NA;4;4;3;1;3;3;5;2;2;2;5;2;4;2;1;NA
42;"SC";4209300;"420930";"Lages";"Não";"Região Metropolitana de Lages";"Ciclistas";NA;1;NA;1;NA;NA;NA;NA;NA;NA;NA;1;NA;NA;NA;NA;NA;NA;1;NA;NA;NA;NA;1;NA
42;"SC";4209409;"420940";"Laguna";"Não";"Região Metropolitana de Tubarão";"Ciclistas";NA;NA;NA;NA;NA;NA;NA;NA;NA;NA;NA;NA;1;NA;NA;NA;NA;NA;NA;NA;NA;NA;NA;NA;NA
42;"SC";4209508;"420950";"Laurentino";"Não";"Região Metropolitana do Alto Vale do Itajaí";"Ciclistas";NA;NA;NA;NA;NA;NA;NA;NA;NA;NA;NA;NA;NA;NA;NA;NA;NA;NA;NA;NA;NA;NA;NA;NA;NA
42;"SC";4209706;"420970";"Lebon Régis";"Não";"Região Metropolitana do Contestado";"Ciclistas";NA;NA;NA;NA;NA;NA;NA;NA;NA;NA;NA;NA;NA;NA;NA;NA;NA;NA;1;NA;NA;NA;NA;NA;NA
42;"SC";4209854;"420985";"Lindóia do Sul";"Não";"Região Metropolitana do Contestado";"Ciclistas";NA;NA;NA;NA;NA;NA;NA;NA;NA;NA;NA;NA;NA;NA;NA;NA;NA;NA;NA;NA;NA;NA;NA;NA;NA
42;"SC";4209904;"420990";"Lontras";"Não";"Região Metropolitana do Alto Vale do Itajaí";"Ciclistas";NA;NA;NA;NA;NA;NA;NA;NA;NA;NA;NA;NA;NA;NA;NA;NA;NA;NA;NA;NA;NA;NA;NA;NA;NA
42;"SC";4210001;"421000";"Luiz Alves";"Não";"Região Metropolitana do Vale do Itajaí";"Ciclistas";NA;NA;NA;NA;NA;NA;1;NA;NA;NA;NA;NA;NA;NA;NA;NA;NA;NA;NA;NA;NA;NA;NA;NA;NA
42;"SC";4210100;"421010";"Mafra";"Não";"Região Metropolitana do Planalto Norte";"Ciclistas";NA;NA;2;NA;NA;NA;NA;NA;NA;NA;NA;NA;NA;NA;NA;NA;NA;NA;NA;NA;NA;NA;NA;1;NA
42;"SC";4210209;"421020";"Major Gercino";"Não";"Região Metropolitana de Florianópolis";"Ciclistas";NA;NA;NA;NA;NA;NA;NA;NA;NA;NA;NA;NA;NA;NA;NA;NA;NA;NA;NA;NA;NA;NA;NA;NA;NA
42;"SC";4210308;"421030";"Major Vieira";"Não";"Região Metropolitana do Planalto Norte";"Ciclistas";NA;NA;NA;NA;NA;NA;NA;NA;NA;NA;NA;NA;NA;NA;NA;NA;NA;NA;NA;NA;NA;NA;NA;NA;NA
42;"SC";4210506;"421050";"Maravilha";"Não";"Região Metropolitana do Extremo Oeste";"Ciclistas";NA;NA;NA;NA;NA;NA;2;NA;NA;NA;NA;NA;NA;NA;NA;NA;NA;NA;NA;NA;NA;NA;NA;NA;NA
42;"SC";4210605;"421060";"Massaranduba";"Não";"Região Metropolitana de Jaraguá do Sul";"Ciclistas";NA;NA;NA;NA;NA;NA;NA;NA;NA;NA;NA;NA;NA;NA;NA;NA;NA;NA;NA;NA;1;NA;NA;NA;NA
42;"SC";4210803;"421080";"Meleiro";"Não";"Região Metropolitana Carbonífera";"Ciclistas";NA;NA;NA;NA;NA;NA;NA;NA;NA;NA;NA;NA;NA;NA;NA;NA;NA;NA;NA;NA;NA;NA;NA;NA;NA
42;"SC";4211058;"421105";"Monte Carlo";"Não";"Região Metropolitana do Contestado";"Ciclistas";NA;NA;NA;NA;NA;NA;NA;NA;NA;NA;NA;NA;NA;NA;NA;NA;NA;NA;NA;NA;NA;NA;NA;NA;NA
42;"SC";4211108;"421110";"Monte Castelo";"Não";"Região Metropolitana do Planalto Norte";"Ciclistas";NA;NA;NA;NA;NA;NA;NA;NA;NA;NA;NA;NA;NA;NA;NA;NA;NA;NA;NA;NA;NA;NA;NA;NA;NA
42;"SC";4211207;"421120";"Morro da Fumaça";"Não";"Região Metropolitana Carbonífera";"Ciclistas";NA;NA;NA;NA;NA;NA;NA;NA;NA;NA;NA;NA;NA;NA;NA;NA;NA;NA;NA;NA;NA;NA;NA;NA;NA
42;"SC";4211306;"421130";"Navegantes";"Não";"Região Metropolitana da Foz do Rio Itajaí";"Ciclistas";NA;NA;NA;NA;1;NA;NA;NA;NA;NA;1;NA;NA;NA;1;NA;NA;NA;NA;NA;NA;NA;NA;NA;NA
42;"SC";4211405;"421140";"Nova Erechim";"Não";"Região Metropolitana de Chapecó";"Ciclistas";NA;NA;NA;NA;NA;NA;NA;NA;NA;NA;NA;NA;NA;NA;NA;NA;NA;NA;NA;1;NA;NA;NA;NA;NA
42;"SC";4211454;"421145";"Nova Itaberaba";"Não";"Região Metropolitana de Chapecó";"Ciclistas";NA;NA;NA;NA;NA;NA;NA;NA;NA;NA;NA;NA;NA;NA;NA;NA;NA;NA;NA;NA;NA;NA;NA;NA;NA
42;"SC";4211504;"421150";"Nova Trento";"Não";"Região Metropolitana de Florianópolis";"Ciclistas";NA;NA;NA;NA;NA;NA;NA;NA;NA;NA;NA;NA;NA;NA;NA;NA;NA;NA;NA;NA;NA;NA;NA;NA;NA
42;"SC";4211603;"421160";"Nova Veneza";"Não";"Região Metropolitana Carbonífera";"Ciclistas";NA;NA;NA;NA;NA;NA;NA;NA;NA;NA;NA;NA;NA;NA;NA;NA;NA;NA;NA;NA;NA;NA;NA;NA;NA
42;"SC";4211702;"421170";"Orleans";"Não";"Região Metropolitana de Tubarão";"Ciclistas";NA;NA;NA;NA;NA;NA;NA;NA;NA;NA;NA;NA;NA;NA;NA;NA;NA;NA;NA;NA;NA;NA;NA;NA;NA
42;"SC";4211850;"421185";"Ouro Verde";"Não";"Região Metropolitana do Extremo Oeste";"Ciclistas";NA;NA;NA;NA;NA;NA;NA;NA;NA;NA;NA;NA;NA;NA;NA;NA;NA;NA;NA;NA;NA;NA;NA;NA;NA
42;"SC";4211900;"421190";"Palhoça";"Não";"Região Metropolitana de Florianópolis";"Ciclistas";NA;NA;NA;1;NA;NA;NA;NA;NA;NA;NA;NA;NA;NA;1;NA;NA;NA;NA;1;1;NA;NA;NA;NA
42;"SC";4212007;"421200";"Palma Sola";"Não";"Região Metropolitana do Extremo Oeste";"Ciclistas";NA;NA;NA;NA;NA;NA;NA;NA;NA;NA;NA;NA;NA;NA;NA;NA;NA;NA;NA;NA;NA;NA;NA;NA;NA
42;"SC";4212106;"421210";"Palmitos";"Não";"Região Metropolitana de Chapecó";"Ciclistas";NA;NA;NA;NA;NA;NA;NA;NA;NA;NA;NA;NA;NA;NA;NA;NA;NA;NA;NA;NA;NA;NA;NA;NA;NA
42;"SC";4212205;"421220";"Papanduva";"Não";"Região Metropolitana do Planalto Norte";"Ciclistas";NA;NA;1;NA;1;NA;NA;NA;NA;NA;NA;NA;NA;NA;NA;NA;NA;NA;NA;NA;NA;NA;NA;NA;NA
42;"SC";4212239;"421223";"Paraíso";"Não";"Região Metropolitana do Extremo Oeste";"Ciclistas";NA;NA;NA;NA;NA;NA;NA;NA;NA;NA;NA;NA;NA;NA;NA;NA;NA;NA;NA;NA;NA;NA;NA;NA;NA
42;"SC";4212254;"421225";"Passo de Torres";"Não";"Região Metropolitana Carbonífera";"Ciclistas";NA;NA;NA;NA;NA;NA;NA;NA;NA;NA;NA;NA;NA;NA;NA;NA;NA;NA;NA;NA;NA;NA;NA;NA;NA
42;"SC";4212502;"421250";"Penha";"Não";"Região Metropolitana da Foz do Rio Itajaí";"Ciclistas";NA;NA;NA;NA;NA;NA;NA;NA;NA;NA;NA;NA;NA;NA;NA;NA;NA;NA;NA;NA;NA;NA;NA;NA;NA
42;"SC";4212650;"421265";"Pescaria Brava";"Não";"Região Metropolitana de Tubarão";"Ciclistas";NA;NA;NA;NA;NA;NA;NA;NA;NA;NA;NA;NA;NA;NA;NA;NA;NA;NA;NA;NA;NA;NA;NA;NA;NA
42;"SC";4212809;"421280";"Balneário Piçarras";"Não";"Região Metropolitana da Foz do Rio Itajaí";"Ciclistas";NA;NA;NA;NA;NA;NA;NA;NA;NA;NA;NA;NA;NA;NA;NA;NA;NA;NA;NA;NA;NA;NA;NA;NA;NA
42;"SC";4212908;"421290";"Pinhalzinho";"Não";"Região Metropolitana de Chapecó";"Ciclistas";NA;NA;NA;NA;NA;NA;NA;NA;NA;NA;NA;NA;NA;NA;NA;NA;NA;NA;NA;NA;NA;NA;NA;NA;NA
42;"SC";4213203;"421320";"Pomerode";"Não";"Região Metropolitana do Vale do Itajaí";"Ciclistas";NA;NA;NA;NA;NA;NA;NA;NA;NA;NA;NA;NA;NA;NA;NA;NA;NA;NA;NA;NA;NA;NA;NA;NA;NA
42;"SC";4213302;"421330";"Ponte Alta";"Não";"Região Metropolitana de Lages";"Ciclistas";NA;NA;NA;NA;NA;NA;NA;NA;NA;NA;NA;NA;NA;NA;NA;NA;NA;NA;NA;NA;NA;NA;NA;NA;NA
42;"SC";4213401;"421340";"Ponte Serrada";"Não";"Região Metropolitana de Chapecó";"Ciclistas";NA;NA;NA;NA;NA;NA;NA;NA;NA;NA;NA;NA;NA;NA;NA;NA;NA;NA;NA;NA;NA;NA;NA;NA;NA
42;"SC";4213500;"421350";"Porto Belo";"Não";"Região Metropolitana da Foz do Rio Itajaí";"Ciclistas";NA;NA;NA;NA;NA;NA;NA;NA;NA;NA;NA;NA;NA;NA;NA;NA;NA;NA;1;NA;NA;NA;NA;NA;NA
42;"SC";4213609;"421360";"Porto União";"Não";"Região Metropolitana do Planalto Norte";"Ciclistas";NA;NA;NA;NA;NA;NA;NA;NA;NA;NA;NA;NA;NA;NA;NA;NA;NA;1;NA;NA;NA;NA;2;NA;NA
42;"SC";4213708;"421370";"Pouso Redondo";"Não";"Região Metropolitana do Alto Vale do Itajaí";"Ciclistas";NA;NA;NA;NA;NA;NA;NA;NA;1;NA;NA;NA;NA;NA;NA;NA;NA;NA;NA;NA;NA;NA;NA;NA;NA
42;"SC";4213807;"421380";"Praia Grande";"Não";"Região Metropolitana Carbonífera";"Ciclistas";NA;NA;NA;NA;NA;NA;NA;NA;NA;NA;NA;NA;NA;NA;NA;NA;NA;NA;NA;NA;NA;NA;NA;NA;NA
42;"SC";4214003;"421400";"Presidente Getúlio";"Não";"Região Metropolitana do Alto Vale do Itajaí";"Ciclistas";NA;NA;NA;NA;NA;NA;NA;NA;NA;NA;NA;NA;NA;NA;NA;NA;NA;NA;NA;NA;NA;NA;NA;NA;NA
42;"SC";4214151;"421415";"Princesa";"Não";"Região Metropolitana do Extremo Oeste";"Ciclistas";NA;NA;NA;NA;NA;NA;NA;NA;1;NA;NA;NA;NA;NA;NA;NA;NA;NA;NA;NA;NA;NA;NA;NA;NA
42;"SC";4214508;"421450";"Rio do Campo";"Não";"Região Metropolitana do Alto Vale do Itajaí";"Ciclistas";NA;NA;NA;NA;NA;NA;NA;NA;NA;NA;NA;NA;NA;NA;NA;NA;NA;NA;NA;NA;NA;NA;NA;NA;NA
42;"SC";4214607;"421460";"Rio do Oeste";"Não";"Região Metropolitana do Alto Vale do Itajaí";"Ciclistas";NA;NA;NA;NA;NA;NA;NA;NA;NA;NA;NA;NA;NA;NA;NA;NA;NA;NA;NA;NA;NA;NA;NA;NA;NA
42;"SC";4214706;"421470";"Rio dos Cedros";"Não";"Região Metropolitana do Vale do Itajaí";"Ciclistas";NA;NA;NA;NA;NA;NA;NA;NA;NA;NA;NA;NA;NA;NA;NA;NA;NA;NA;NA;NA;NA;NA;NA;NA;NA
42;"SC";4214805;"421480";"Rio do Sul";"Não";"Região Metropolitana do Alto Vale do Itajaí";"Ciclistas";NA;NA;NA;1;NA;2;NA;NA;NA;NA;NA;NA;NA;NA;NA;1;NA;NA;NA;NA;NA;NA;NA;NA;NA
42;"SC";4215000;"421500";"Rio Negrinho";"Não";"Região Metropolitana de Joinville";"Ciclistas";NA;NA;NA;1;NA;NA;NA;NA;NA;NA;NA;NA;NA;NA;NA;NA;NA;NA;NA;NA;NA;NA;NA;NA;NA
42;"SC";4215109;"421510";"Rodeio";"Não";"Região Metropolitana do Vale do Itajaí";"Ciclistas";NA;NA;NA;NA;NA;NA;NA;NA;NA;NA;NA;NA;NA;NA;NA;NA;NA;NA;NA;NA;NA;NA;NA;NA;NA
42;"SC";4215455;"421545";"Sangão";"Não";"Região Metropolitana de Tubarão";"Ciclistas";NA;NA;NA;NA;NA;NA;NA;NA;NA;NA;NA;NA;NA;NA;NA;NA;NA;NA;NA;NA;NA;NA;NA;NA;NA
42;"SC";4215505;"421550";"Santa Cecília";"Não";"Região Metropolitana de Lages";"Ciclistas";NA;NA;NA;1;NA;NA;NA;NA;NA;NA;NA;NA;NA;NA;NA;NA;NA;NA;NA;NA;NA;NA;NA;NA;NA
42;"SC";4215653;"421565";"Santa Rosa do Sul";"Não";"Região Metropolitana Carbonífera";"Ciclistas";NA;NA;NA;NA;NA;NA;NA;NA;NA;NA;NA;NA;NA;NA;NA;NA;NA;NA;NA;NA;NA;NA;NA;NA;NA
42;"SC";4215679;"421567";"Santa Terezinha";"Não";"Região Metropolitana do Alto Vale do Itajaí";"Ciclistas";NA;NA;NA;NA;NA;NA;NA;NA;NA;NA;NA;NA;NA;NA;NA;NA;NA;NA;NA;NA;NA;NA;NA;NA;NA
42;"SC";4215703;"421570";"Santo Amaro da Imperatriz";"Não";"Região Metropolitana de Florianópolis";"Ciclistas";NA;NA;NA;NA;NA;NA;NA;NA;NA;NA;NA;NA;3;NA;NA;NA;NA;NA;NA;NA;NA;NA;NA;NA;NA
42;"SC";4215802;"421580";"São Bento do Sul";"Não";"Região Metropolitana de Joinville";"Ciclistas";NA;NA;NA;NA;NA;NA;NA;NA;NA;NA;NA;NA;NA;NA;NA;NA;NA;NA;NA;1;1;NA;NA;NA;NA
42;"SC";4216008;"421600";"São Carlos";"Não";"Região Metropolitana de Chapecó";"Ciclistas";NA;NA;NA;1;NA;NA;NA;NA;NA;NA;NA;NA;NA;NA;NA;NA;NA;NA;NA;NA;NA;NA;NA;NA;NA
42;"SC";4216206;"421620";"São Francisco do Sul";"Não";"Região Metropolitana de Joinville";"Ciclistas";NA;NA;NA;NA;NA;NA;NA;NA;1;NA;NA;NA;NA;NA;NA;NA;NA;NA;NA;NA;NA;NA;NA;NA;NA
42;"SC";4216305;"421630";"São João Batista";"Não";"Região Metropolitana de Florianópolis";"Ciclistas";NA;NA;NA;NA;NA;NA;NA;NA;NA;NA;1;NA;NA;NA;NA;NA;NA;NA;NA;NA;NA;NA;NA;NA;NA
42;"SC";4216354;"421635";"São João do Itaperiú";"Não";"Região Metropolitana de Jaraguá do Sul";"Ciclistas";NA;NA;NA;NA;NA;NA;NA;NA;NA;NA;1;NA;NA;NA;NA;NA;NA;NA;NA;NA;NA;NA;NA;1;NA
42;"SC";4216404;"421640";"São João do Sul";"Não";"Região Metropolitana Carbonífera";"Ciclistas";NA;NA;NA;NA;NA;NA;NA;NA;NA;NA;NA;NA;NA;NA;NA;NA;NA;NA;NA;NA;NA;NA;NA;NA;NA
42;"SC";4216503;"421650";"São Joaquim";"Não";"Região Metropolitana de Lages";"Ciclistas";NA;NA;NA;NA;NA;NA;NA;NA;NA;NA;NA;NA;NA;NA;NA;NA;NA;NA;NA;NA;NA;NA;NA;NA;NA
42;"SC";4216602;"421660";"São José";"Não";"Região Metropolitana de Florianópolis";"Ciclistas";NA;NA;1;NA;NA;NA;NA;NA;NA;NA;1;NA;1;NA;1;NA;NA;NA;1;1;NA;1;1;NA;NA
42;"SC";4216909;"421690";"São Lourenço do Oeste";"Não";"Região Metropolitana do Extremo Oeste";"Ciclistas";NA;NA;NA;NA;NA;NA;NA;NA;NA;NA;NA;NA;NA;NA;NA;NA;NA;NA;NA;NA;NA;NA;NA;NA;NA
42;"SC";4217006;"421700";"São Ludgero";"Não";"Região Metropolitana de Tubarão";"Ciclistas";NA;NA;NA;NA;NA;NA;NA;NA;1;NA;NA;NA;NA;NA;NA;NA;NA;NA;NA;NA;NA;NA;NA;NA;NA
42;"SC";4217105;"421710";"São Martinho";"Não";"Região Metropolitana de Tubarão";"Ciclistas";NA;NA;NA;NA;NA;NA;NA;NA;NA;NA;NA;NA;NA;NA;NA;NA;NA;NA;NA;NA;NA;NA;NA;NA;NA
42;"SC";4217204;"421720";"São Miguel do Oeste";"Não";"Região Metropolitana do Extremo Oeste";"Ciclistas";NA;NA;NA;NA;NA;NA;NA;NA;NA;NA;NA;NA;NA;NA;NA;NA;NA;NA;NA;NA;NA;NA;NA;NA;NA
42;"SC";4217303;"421730";"Saudades";"Não";"Região Metropolitana de Chapecó";"Ciclistas";NA;NA;NA;NA;NA;NA;NA;NA;NA;NA;NA;NA;NA;NA;NA;NA;NA;NA;NA;NA;NA;NA;NA;NA;NA
42;"SC";4217402;"421740";"Schroeder";"Não";"Região Metropolitana de Jaraguá do Sul";"Ciclistas";NA;NA;NA;NA;NA;NA;NA;NA;NA;NA;NA;NA;NA;NA;NA;NA;NA;NA;NA;NA;NA;NA;NA;NA;NA
42;"SC";4217501;"421750";"Seara";"Não";"Região Metropolitana de Chapecó";"Ciclistas";NA;NA;NA;NA;NA;NA;NA;NA;NA;NA;NA;NA;NA;NA;NA;NA;NA;NA;NA;NA;NA;NA;NA;NA;NA
42;"SC";4217600;"421760";"Siderópolis";"Não";"Região Metropolitana Carbonífera";"Ciclistas";NA;NA;NA;NA;1;NA;NA;NA;NA;NA;NA;NA;NA;NA;NA;NA;NA;NA;NA;NA;NA;NA;NA;NA;NA
42;"SC";4217709;"421770";"Sombrio";"Não";"Região Metropolitana Carbonífera";"Ciclistas";NA;NA;NA;NA;NA;NA;NA;NA;NA;NA;NA;NA;NA;NA;NA;NA;NA;NA;NA;NA;NA;NA;NA;NA;NA
42;"SC";4217808;"421780";"Taió";"Não";"Região Metropolitana do Alto Vale do Itajaí";"Ciclistas";NA;1;NA;NA;2;NA;NA;NA;NA;NA;NA;NA;NA;NA;NA;NA;NA;NA;NA;NA;NA;NA;NA;NA;NA
42;"SC";4218004;"421800";"Tijucas";"Não";"Região Metropolitana de Florianópolis";"Ciclistas";NA;NA;1;NA;NA;NA;NA;NA;NA;NA;NA;NA;NA;NA;NA;NA;NA;NA;NA;NA;NA;NA;NA;NA;NA
42;"SC";4218103;"421810";"Timbé do Sul";"Não";"Região Metropolitana Carbonífera";"Ciclistas";NA;NA;NA;NA;NA;NA;NA;NA;NA;NA;NA;NA;NA;NA;NA;NA;NA;NA;NA;1;1;NA;NA;NA;NA
42;"SC";4218202;"421820";"Timbó";"Não";"Região Metropolitana do Vale do Itajaí";"Ciclistas";NA;NA;NA;NA;NA;NA;NA;NA;NA;1;NA;1;NA;NA;NA;NA;NA;NA;NA;NA;NA;NA;NA;1;NA
42;"SC";4218301;"421830";"Três Barras";"Não";"Região Metropolitana do Planalto Norte";"Ciclistas";NA;NA;NA;1;NA;NA;NA;NA;NA;NA;NA;NA;NA;NA;NA;NA;NA;NA;NA;NA;NA;NA;NA;NA;NA
42;"SC";4218350;"421835";"Treviso";"Não";"Região Metropolitana Carbonífera";"Ciclistas";NA;NA;NA;NA;NA;NA;NA;NA;NA;NA;NA;NA;NA;NA;NA;NA;NA;NA;NA;NA;NA;NA;NA;NA;NA
42;"SC";4218400;"421840";"Treze de Maio";"Não";"Região Metropolitana de Tubarão";"Ciclistas";NA;NA;NA;NA;NA;NA;NA;NA;NA;NA;NA;NA;NA;NA;NA;NA;NA;NA;NA;NA;NA;NA;NA;NA;NA
42;"SC";4218509;"421850";"Treze Tílias";"Não";"Região Metropolitana do Contestado";"Ciclistas";NA;NA;NA;NA;NA;NA;NA;NA;NA;NA;NA;NA;NA;NA;NA;NA;NA;NA;NA;NA;1;NA;NA;NA;NA
42;"SC";4218608;"421860";"Trombudo Central";"Não";"Região Metropolitana do Alto Vale do Itajaí";"Ciclistas";1;NA;NA;NA;NA;NA;NA;NA;NA;NA;NA;NA;NA;NA;NA;NA;NA;NA;NA;NA;NA;NA;NA;NA;NA
42;"SC";4218707;"421870";"Tubarão";"Não";"Região Metropolitana de Tubarão";"Ciclistas";NA;NA;NA;NA;1;NA;NA;1;NA;NA;1;1;NA;NA;NA;NA;NA;NA;NA;NA;NA;2;NA;1;NA
42;"SC";4218806;"421880";"Turvo";"Não";"Região Metropolitana Carbonífera";"Ciclistas";NA;NA;NA;NA;NA;NA;NA;NA;NA;NA;NA;NA;NA;NA;NA;NA;NA;NA;NA;NA;NA;NA;NA;NA;NA
42;"SC";4218905;"421890";"Urubici";"Não";"Região Metropolitana de Lages";"Ciclistas";NA;NA;NA;NA;NA;NA;NA;NA;NA;NA;NA;NA;NA;NA;NA;NA;NA;NA;NA;NA;NA;NA;NA;NA;NA
42;"SC";4219002;"421900";"Urussanga";"Não";"Região Metropolitana Carbonífera";"Ciclistas";NA;NA;NA;NA;NA;NA;NA;NA;NA;NA;NA;NA;NA;NA;NA;NA;NA;NA;NA;NA;NA;NA;NA;NA;NA
42;"SC";4219101;"421910";"Vargeão";"Não";"Região Metropolitana de Chapecó";"Ciclistas";NA;NA;NA;NA;NA;NA;NA;NA;NA;NA;NA;NA;NA;NA;NA;NA;NA;NA;NA;NA;NA;NA;NA;NA;NA
42;"SC";4219150;"421915";"Vargem";"Não";"Região Metropolitana do Contestado";"Ciclistas";NA;NA;NA;NA;NA;NA;NA;NA;NA;NA;NA;NA;NA;NA;NA;NA;NA;NA;NA;NA;NA;NA;NA;NA;NA
42;"SC";4219309;"421930";"Videira";"Não";"Região Metropolitana do Contestado";"Ciclistas";NA;NA;NA;NA;NA;NA;NA;NA;NA;NA;NA;NA;NA;NA;NA;NA;NA;NA;NA;NA;NA;NA;NA;NA;NA
42;"SC";4219358;"421935";"Vitor Meireles";"Não";"Região Metropolitana do Alto Vale do Itajaí";"Ciclistas";NA;NA;NA;NA;NA;NA;NA;NA;NA;NA;NA;NA;NA;NA;NA;NA;NA;NA;NA;NA;NA;NA;NA;NA;NA
42;"SC";4219507;"421950";"Xanxerê";"Não";"Região Metropolitana de Chapecó";"Ciclistas";NA;1;NA;NA;NA;NA;NA;NA;NA;NA;NA;NA;NA;NA;NA;NA;NA;NA;NA;NA;NA;NA;NA;NA;NA
42;"SC";4219606;"421960";"Xavantina";"Não";"Região Metropolitana de Chapecó";"Ciclistas";NA;NA;NA;NA;NA;NA;NA;NA;NA;NA;NA;NA;NA;NA;NA;NA;NA;NA;NA;NA;NA;NA;NA;NA;NA
42;"SC";4219853;"421985";"Zortéa";"Não";"Região Metropolitana do Contestado";"Ciclistas";NA;NA;NA;NA;NA;NA;NA;NA;NA;NA;NA;NA;NA;NA;NA;NA;NA;NA;NA;NA;NA;NA;NA;NA;NA
43;"RS";4300034;"430003";"Aceguá";"Não";"-";"Ciclistas";NA;NA;NA;NA;NA;NA;NA;NA;NA;NA;NA;NA;NA;NA;NA;NA;1;NA;NA;NA;NA;NA;NA;NA;NA
43;"RS";4300109;"430010";"Agudo";"Não";"-";"Ciclistas";NA;NA;NA;NA;NA;NA;NA;NA;NA;NA;NA;NA;NA;NA;NA;NA;NA;NA;NA;NA;NA;NA;NA;NA;NA
43;"RS";4300406;"430040";"Alegrete";"Não";"-";"Ciclistas";NA;NA;NA;NA;NA;NA;NA;NA;1;NA;1;NA;NA;NA;NA;NA;NA;NA;NA;NA;NA;NA;NA;NA;NA
43;"RS";4300505;"430050";"Alpestre";"Não";"-";"Ciclistas";NA;NA;NA;NA;NA;NA;NA;NA;NA;NA;NA;NA;NA;NA;NA;NA;NA;NA;NA;NA;NA;NA;NA;NA;NA
43;"RS";4300604;"430060";"Alvorada";"Não";"Região Metropolitana de Porto Alegre";"Ciclistas";NA;NA;NA;NA;NA;NA;NA;NA;NA;NA;NA;NA;NA;NA;NA;NA;NA;NA;NA;NA;NA;NA;NA;NA;NA
43;"RS";4300646;"430064";"Ametista do Sul";"Não";"-";"Ciclistas";NA;NA;NA;NA;NA;NA;NA;NA;NA;NA;NA;NA;NA;NA;NA;NA;NA;NA;NA;NA;NA;NA;1;NA;NA
43;"RS";4300851;"430085";"Arambaré";"Não";"-";"Ciclistas";NA;NA;NA;NA;NA;NA;NA;NA;NA;NA;NA;NA;NA;NA;NA;NA;NA;NA;NA;NA;NA;NA;NA;NA;NA
43;"RS";4300877;"430087";"Araricá";"Não";"Região Metropolitana de Porto Alegre";"Ciclistas";NA;NA;NA;NA;NA;NA;NA;NA;NA;NA;NA;NA;1;NA;NA;NA;NA;NA;NA;NA;NA;NA;NA;NA;NA
43;"RS";4301008;"430100";"Arroio do Meio";"Não";"-";"Ciclistas";NA;NA;NA;NA;NA;NA;NA;NA;NA;1;NA;NA;NA;NA;NA;NA;NA;NA;NA;NA;NA;NA;NA;NA;NA
43;"RS";4301057;"430105";"Arroio do Sal";"Não";"-";"Ciclistas";NA;NA;NA;NA;NA;NA;NA;NA;NA;NA;NA;NA;NA;NA;NA;NA;NA;NA;NA;NA;NA;NA;NA;NA;NA
43;"RS";4301206;"430120";"Arroio do Tigre";"Não";"-";"Ciclistas";NA;NA;NA;NA;NA;NA;NA;NA;NA;NA;NA;NA;NA;NA;NA;1;NA;NA;NA;NA;NA;NA;NA;NA;NA
43;"RS";4301305;"430130";"Arroio Grande";"Não";"-";"Ciclistas";NA;NA;NA;NA;NA;NA;NA;NA;NA;NA;NA;NA;NA;NA;NA;NA;NA;NA;NA;NA;NA;NA;NA;NA;NA
43;"RS";4301404;"430140";"Arvorezinha";"Não";"-";"Ciclistas";NA;NA;NA;NA;NA;NA;NA;NA;NA;NA;NA;NA;NA;NA;NA;NA;NA;NA;NA;NA;NA;NA;NA;NA;NA
43;"RS";4301503;"430150";"Augusto Pestana";"Não";"-";"Ciclistas";NA;NA;NA;NA;NA;NA;NA;NA;NA;NA;NA;NA;NA;NA;NA;NA;NA;NA;NA;NA;NA;NA;NA;NA;NA
43;"RS";4301602;"430160";"Bagé";"Não";"-";"Ciclistas";NA;NA;NA;NA;NA;NA;NA;NA;NA;NA;1;NA;NA;NA;1;NA;NA;NA;NA;NA;NA;NA;NA;NA;NA
43;"RS";4301636;"430163";"Balneário Pinhal";"Não";"-";"Ciclistas";NA;NA;NA;NA;NA;NA;NA;NA;NA;NA;NA;NA;NA;NA;NA;NA;NA;NA;NA;NA;NA;NA;NA;NA;NA
43;"RS";4302105;"430210";"Bento Gonçalves";"Não";"Região Metropolitana da Serra Gaúcha";"Ciclistas";NA;NA;NA;NA;NA;NA;NA;1;NA;1;NA;NA;NA;NA;NA;NA;NA;NA;NA;NA;NA;NA;NA;NA;NA
43;"RS";4302204;"430220";"Boa Vista do Buricá";"Não";"-";"Ciclistas";NA;NA;NA;NA;NA;NA;NA;NA;NA;NA;NA;NA;NA;NA;NA;NA;NA;NA;NA;NA;NA;NA;NA;NA;NA
43;"RS";4302253;"430225";"Boa Vista do Sul";"Não";"-";"Ciclistas";NA;NA;NA;NA;NA;NA;NA;NA;NA;NA;NA;NA;NA;NA;NA;NA;NA;NA;NA;NA;NA;NA;NA;NA;NA
43;"RS";4302303;"430230";"Bom Jesus";"Não";"-";"Ciclistas";NA;NA;NA;NA;NA;NA;NA;NA;NA;NA;NA;NA;NA;NA;NA;NA;NA;NA;NA;NA;NA;NA;NA;NA;NA
43;"RS";4302352;"430235";"Bom Princípio";"Não";"-";"Ciclistas";NA;NA;NA;NA;NA;NA;NA;NA;NA;NA;NA;NA;NA;NA;NA;NA;NA;NA;NA;NA;NA;NA;NA;NA;NA
43;"RS";4302451;"430245";"Boqueirão do Leão";"Não";"-";"Ciclistas";NA;NA;NA;NA;NA;NA;NA;NA;NA;NA;NA;NA;NA;NA;NA;NA;NA;NA;NA;NA;NA;1;NA;NA;NA
43;"RS";4302501;"430250";"Bossoroca";"Não";"-";"Ciclistas";NA;NA;NA;NA;NA;NA;NA;NA;NA;NA;NA;NA;NA;NA;NA;NA;NA;NA;NA;NA;NA;NA;NA;NA;NA
43;"RS";4302808;"430280";"Caçapava do Sul";"Não";"-";"Ciclistas";NA;NA;2;NA;NA;NA;1;NA;NA;NA;NA;NA;NA;NA;NA;NA;NA;NA;NA;NA;NA;NA;NA;NA;NA
43;"RS";4303004;"430300";"Cachoeira do Sul";"Não";"-";"Ciclistas";NA;NA;NA;NA;NA;NA;1;NA;1;NA;1;NA;NA;NA;NA;NA;NA;NA;NA;NA;NA;NA;NA;NA;NA
43;"RS";4303103;"430310";"Cachoeirinha";"Não";"Região Metropolitana de Porto Alegre";"Ciclistas";NA;NA;NA;NA;NA;NA;NA;1;NA;NA;NA;NA;NA;NA;NA;NA;NA;NA;NA;NA;NA;NA;NA;NA;NA
43;"RS";4303202;"430320";"Cacique Doble";"Não";"-";"Ciclistas";NA;NA;NA;NA;NA;NA;NA;NA;NA;NA;NA;NA;NA;NA;NA;NA;NA;NA;NA;NA;NA;NA;NA;NA;NA
43;"RS";4303301;"430330";"Caibaté";"Não";"-";"Ciclistas";NA;NA;NA;NA;NA;NA;NA;NA;NA;NA;NA;NA;NA;NA;NA;NA;NA;NA;NA;NA;NA;NA;NA;NA;NA
43;"RS";4303509;"430350";"Camaquã";"Não";"-";"Ciclistas";NA;NA;NA;NA;NA;NA;NA;NA;NA;NA;NA;NA;NA;NA;NA;NA;NA;NA;NA;NA;NA;1;NA;NA;NA
43;"RS";4303673;"430367";"Campestre da Serra";"Não";"-";"Ciclistas";NA;NA;NA;NA;NA;NA;NA;NA;NA;NA;NA;NA;NA;NA;NA;NA;NA;NA;NA;NA;NA;NA;NA;NA;NA
43;"RS";4303905;"430390";"Campo Bom";"Não";"Região Metropolitana de Porto Alegre";"Ciclistas";NA;NA;NA;NA;NA;NA;NA;NA;NA;NA;NA;NA;NA;NA;NA;NA;NA;NA;NA;NA;NA;NA;NA;NA;NA
43;"RS";4304200;"430420";"Candelária";"Não";"-";"Ciclistas";NA;NA;NA;NA;NA;NA;NA;NA;NA;NA;NA;NA;NA;NA;1;NA;NA;NA;NA;NA;NA;NA;NA;NA;NA
43;"RS";4304309;"430430";"Cândido Godói";"Não";"-";"Ciclistas";NA;NA;NA;NA;NA;NA;NA;NA;NA;NA;NA;NA;NA;NA;NA;NA;NA;NA;NA;NA;NA;NA;NA;NA;NA
43;"RS";4304358;"430435";"Candiota";"Não";"-";"Ciclistas";NA;NA;NA;NA;NA;NA;NA;NA;NA;NA;NA;NA;1;NA;NA;NA;NA;NA;NA;NA;NA;NA;NA;NA;NA
43;"RS";4304408;"430440";"Canela";"Não";"-";"Ciclistas";NA;NA;1;NA;NA;NA;NA;NA;NA;NA;NA;NA;NA;NA;NA;NA;NA;NA;NA;1;NA;NA;NA;NA;NA
43;"RS";4304507;"430450";"Canguçu";"Não";"-";"Ciclistas";NA;NA;NA;NA;NA;NA;NA;NA;NA;NA;NA;NA;NA;NA;NA;NA;NA;NA;NA;NA;NA;NA;NA;NA;NA
43;"RS";4304606;"430460";"Canoas";"Não";"Região Metropolitana de Porto Alegre";"Ciclistas";NA;NA;NA;NA;NA;NA;NA;NA;NA;NA;NA;NA;NA;NA;2;NA;NA;1;NA;1;1;2;NA;2;NA
43;"RS";4304630;"430463";"Capão da Canoa";"Não";"-";"Ciclistas";NA;NA;NA;NA;NA;NA;NA;NA;NA;NA;NA;NA;NA;NA;NA;NA;NA;NA;NA;NA;NA;NA;NA;NA;NA
43;"RS";4304663;"430466";"Capão do Leão";"Não";"-";"Ciclistas";NA;NA;NA;NA;NA;NA;NA;NA;NA;NA;NA;NA;NA;NA;NA;NA;NA;NA;NA;NA;NA;NA;NA;NA;NA
43;"RS";4304671;"430467";"Capivari do Sul";"Não";"-";"Ciclistas";NA;NA;NA;NA;NA;NA;NA;NA;NA;NA;NA;NA;NA;NA;NA;NA;NA;NA;NA;NA;NA;NA;NA;NA;NA
43;"RS";4304705;"430470";"Carazinho";"Não";"-";"Ciclistas";NA;NA;NA;NA;NA;NA;NA;NA;NA;NA;NA;NA;NA;NA;NA;NA;NA;NA;NA;1;NA;NA;NA;NA;NA
43;"RS";4304804;"430480";"Carlos Barbosa";"Não";"Região Metropolitana da Serra Gaúcha";"Ciclistas";NA;NA;NA;NA;NA;NA;NA;NA;NA;NA;NA;NA;NA;NA;NA;NA;NA;NA;NA;NA;NA;NA;NA;NA;NA
43;"RS";4305108;"430510";"Caxias do Sul";"Não";"Região Metropolitana da Serra Gaúcha";"Ciclistas";NA;NA;NA;1;NA;NA;NA;NA;NA;NA;NA;NA;NA;1;NA;NA;NA;NA;1;1;NA;NA;NA;1;NA
43;"RS";4305132;"430513";"Cerro Branco";"Não";"-";"Ciclistas";NA;NA;NA;NA;NA;NA;NA;NA;NA;NA;NA;NA;NA;NA;NA;NA;NA;NA;NA;NA;NA;NA;NA;NA;NA
43;"RS";4305207;"430520";"Cerro Largo";"Não";"-";"Ciclistas";NA;NA;NA;NA;NA;NA;NA;NA;NA;NA;NA;NA;NA;NA;NA;NA;NA;NA;NA;NA;NA;NA;NA;NA;NA
43;"RS";4305306;"430530";"Chapada";"Não";"-";"Ciclistas";NA;NA;NA;NA;NA;NA;NA;NA;NA;NA;NA;NA;NA;NA;NA;NA;NA;NA;NA;NA;NA;NA;NA;NA;NA
43;"RS";4305355;"430535";"Charqueadas";"Não";"Região Metropolitana de Porto Alegre";"Ciclistas";NA;NA;NA;NA;NA;NA;NA;NA;NA;NA;NA;NA;NA;NA;NA;NA;1;NA;1;NA;NA;NA;NA;NA;NA
43;"RS";4305405;"430540";"Chiapetta";"Não";"-";"Ciclistas";NA;NA;NA;NA;NA;NA;NA;NA;NA;NA;NA;NA;NA;NA;NA;NA;NA;NA;NA;NA;NA;NA;NA;NA;NA
43;"RS";4306056;"430605";"Cristal";"Não";"-";"Ciclistas";NA;NA;NA;NA;NA;NA;NA;NA;NA;NA;NA;NA;NA;NA;NA;NA;NA;NA;NA;NA;NA;NA;NA;NA;NA
43;"RS";4306106;"430610";"Cruz Alta";"Não";"-";"Ciclistas";NA;NA;NA;NA;NA;NA;NA;NA;NA;NA;NA;NA;NA;NA;NA;NA;NA;NA;NA;NA;NA;NA;NA;NA;NA
43;"RS";4306205;"430620";"Cruzeiro do Sul";"Não";"-";"Ciclistas";NA;NA;NA;NA;NA;NA;NA;NA;NA;NA;NA;NA;NA;NA;NA;NA;NA;NA;NA;NA;NA;NA;NA;NA;NA
43;"RS";4306353;"430635";"Dezesseis de Novembro";"Não";"-";"Ciclistas";NA;NA;NA;NA;NA;NA;NA;NA;NA;NA;NA;NA;NA;NA;NA;NA;NA;NA;NA;NA;NA;NA;NA;NA;NA
43;"RS";4306403;"430640";"Dois Irmãos";"Não";"Região Metropolitana de Porto Alegre";"Ciclistas";NA;NA;NA;NA;NA;NA;NA;NA;NA;NA;NA;NA;NA;NA;NA;NA;NA;NA;NA;NA;NA;NA;NA;NA;NA
43;"RS";4306601;"430660";"Dom Pedrito";"Não";"-";"Ciclistas";NA;NA;NA;NA;NA;NA;NA;1;1;NA;NA;NA;NA;NA;NA;NA;NA;NA;NA;NA;NA;1;NA;NA;NA
43;"RS";4306700;"430670";"Dona Francisca";"Não";"-";"Ciclistas";NA;NA;NA;NA;NA;NA;NA;NA;NA;NA;NA;NA;NA;NA;NA;NA;NA;NA;NA;NA;NA;NA;NA;NA;NA
43;"RS";4306734;"430673";"Doutor Maurício Cardoso";"Não";"-";"Ciclistas";NA;NA;NA;NA;NA;NA;NA;NA;NA;NA;NA;NA;NA;NA;NA;NA;NA;NA;NA;NA;NA;NA;NA;NA;NA
43;"RS";4306767;"430676";"Eldorado do Sul";"Não";"Região Metropolitana de Porto Alegre";"Ciclistas";NA;NA;NA;NA;NA;NA;NA;NA;NA;NA;NA;NA;NA;NA;NA;NA;NA;NA;NA;NA;NA;NA;NA;NA;NA
43;"RS";4306809;"430680";"Encantado";"Não";"-";"Ciclistas";NA;NA;NA;NA;NA;NA;NA;NA;NA;NA;NA;NA;NA;NA;1;NA;NA;NA;NA;NA;NA;NA;NA;NA;NA
43;"RS";4306908;"430690";"Encruzilhada do Sul";"Não";"-";"Ciclistas";NA;NA;NA;NA;NA;NA;NA;NA;1;1;NA;NA;NA;NA;NA;NA;NA;NA;NA;NA;NA;NA;NA;NA;NA
43;"RS";4306932;"430693";"Entre-Ijuís";"Não";"-";"Ciclistas";NA;NA;NA;NA;NA;NA;NA;NA;NA;NA;NA;NA;NA;NA;NA;NA;NA;NA;NA;NA;NA;NA;NA;NA;NA
43;"RS";4307005;"430700";"Erechim";"Não";"-";"Ciclistas";NA;NA;NA;NA;NA;1;NA;NA;1;NA;NA;NA;NA;NA;NA;1;NA;NA;NA;NA;NA;NA;NA;NA;NA
43;"RS";4307500;"430750";"Espumoso";"Não";"-";"Ciclistas";NA;NA;NA;NA;NA;NA;NA;NA;NA;NA;NA;NA;NA;NA;NA;NA;NA;NA;NA;NA;NA;NA;NA;NA;NA
43;"RS";4307559;"430755";"Estação";"Não";"-";"Ciclistas";NA;NA;NA;NA;NA;NA;NA;NA;NA;NA;NA;NA;NA;NA;NA;NA;NA;NA;NA;NA;NA;NA;NA;NA;NA
43;"RS";4307609;"430760";"Estância Velha";"Não";"Região Metropolitana de Porto Alegre";"Ciclistas";NA;NA;NA;NA;NA;NA;NA;NA;NA;NA;NA;NA;NA;NA;NA;NA;NA;NA;NA;NA;NA;NA;NA;NA;NA
43;"RS";4307708;"430770";"Esteio";"Não";"Região Metropolitana de Porto Alegre";"Ciclistas";NA;NA;NA;NA;NA;NA;NA;NA;NA;NA;NA;NA;NA;NA;NA;NA;NA;NA;NA;1;NA;NA;NA;NA;NA
43;"RS";4307807;"430780";"Estrela";"Não";"-";"Ciclistas";NA;NA;NA;NA;NA;NA;NA;1;NA;NA;NA;NA;NA;NA;NA;NA;1;NA;NA;NA;NA;NA;NA;NA;NA
43;"RS";4307864;"430786";"Fagundes Varela";"Não";"-";"Ciclistas";NA;NA;NA;NA;NA;NA;NA;NA;NA;NA;NA;NA;NA;NA;NA;NA;NA;NA;NA;NA;NA;NA;NA;NA;NA
43;"RS";4307906;"430790";"Farroupilha";"Não";"Região Metropolitana da Serra Gaúcha";"Ciclistas";NA;NA;NA;NA;NA;NA;NA;NA;NA;NA;NA;NA;NA;NA;NA;NA;NA;1;NA;NA;NA;NA;NA;NA;NA
43;"RS";4308003;"430800";"Faxinal do Soturno";"Não";"-";"Ciclistas";NA;1;NA;NA;NA;NA;NA;NA;NA;NA;NA;NA;NA;NA;NA;NA;NA;NA;NA;NA;NA;NA;NA;NA;NA
43;"RS";4308078;"430807";"Fazenda Vilanova";"Não";"-";"Ciclistas";NA;NA;NA;NA;NA;NA;NA;NA;NA;NA;NA;NA;NA;NA;NA;NA;NA;NA;NA;NA;NA;NA;NA;NA;NA
43;"RS";4308102;"430810";"Feliz";"Não";"-";"Ciclistas";NA;NA;NA;NA;NA;NA;NA;NA;NA;NA;NA;NA;1;NA;NA;NA;NA;NA;NA;NA;NA;NA;NA;NA;NA
43;"RS";4308201;"430820";"Flores da Cunha";"Não";"Região Metropolitana da Serra Gaúcha";"Ciclistas";NA;NA;NA;NA;NA;NA;NA;NA;NA;NA;NA;NA;NA;NA;NA;NA;NA;NA;NA;NA;NA;NA;NA;NA;NA
43;"RS";4308409;"430840";"Formigueiro";"Não";"-";"Ciclistas";NA;NA;NA;NA;NA;NA;NA;NA;NA;NA;NA;NA;NA;NA;NA;NA;NA;NA;NA;NA;NA;NA;NA;NA;NA
43;"RS";4308508;"430850";"Frederico Westphalen";"Não";"-";"Ciclistas";NA;NA;NA;NA;NA;NA;NA;NA;NA;NA;NA;NA;NA;NA;NA;NA;NA;NA;NA;NA;NA;NA;NA;NA;NA
43;"RS";4308607;"430860";"Garibaldi";"Não";"Região Metropolitana da Serra Gaúcha";"Ciclistas";NA;NA;NA;NA;NA;NA;NA;NA;NA;NA;NA;NA;NA;NA;NA;NA;NA;NA;NA;NA;NA;NA;NA;NA;NA
43;"RS";4308805;"430880";"General Câmara";"Não";"-";"Ciclistas";NA;NA;NA;NA;NA;NA;NA;NA;NA;NA;NA;NA;NA;NA;NA;NA;NA;NA;NA;NA;NA;NA;NA;NA;NA
43;"RS";4308904;"430890";"Getúlio Vargas";"Não";"-";"Ciclistas";NA;NA;NA;NA;NA;NA;1;NA;NA;NA;NA;NA;NA;NA;NA;NA;NA;NA;NA;NA;NA;NA;NA;NA;NA
43;"RS";4309001;"430900";"Giruá";"Não";"-";"Ciclistas";NA;NA;NA;NA;NA;NA;NA;NA;NA;NA;NA;NA;NA;NA;NA;NA;1;NA;NA;NA;NA;NA;NA;NA;NA
43;"RS";4309100;"430910";"Gramado";"Não";"-";"Ciclistas";NA;NA;NA;NA;NA;NA;NA;NA;NA;NA;NA;NA;NA;NA;NA;NA;1;NA;NA;NA;1;NA;NA;NA;NA
43;"RS";4309126;"430912";"Gramado dos Loureiros";"Não";"-";"Ciclistas";NA;NA;NA;NA;NA;NA;NA;NA;NA;NA;NA;NA;NA;NA;NA;NA;NA;NA;NA;NA;NA;NA;NA;NA;NA
43;"RS";4309209;"430920";"Gravataí";"Não";"Região Metropolitana de Porto Alegre";"Ciclistas";NA;NA;NA;NA;NA;NA;NA;NA;NA;NA;NA;NA;NA;NA;NA;NA;NA;NA;NA;NA;NA;NA;NA;2;NA
43;"RS";4309308;"430930";"Guaíba";"Não";"Região Metropolitana de Porto Alegre";"Ciclistas";NA;NA;NA;NA;NA;NA;NA;NA;NA;NA;NA;NA;NA;1;NA;NA;NA;NA;NA;NA;NA;NA;NA;1;NA
43;"RS";4309407;"430940";"Guaporé";"Não";"-";"Ciclistas";NA;NA;NA;NA;NA;NA;NA;NA;NA;NA;NA;NA;NA;NA;NA;NA;NA;NA;NA;NA;NA;NA;NA;NA;NA
43;"RS";4309506;"430950";"Guarani das Missões";"Não";"-";"Ciclistas";NA;NA;NA;NA;NA;NA;NA;NA;NA;NA;NA;NA;NA;NA;NA;NA;NA;NA;NA;NA;NA;NA;NA;NA;NA
43;"RS";4309555;"430955";"Harmonia";"Não";"-";"Ciclistas";NA;NA;NA;NA;NA;NA;NA;NA;NA;NA;NA;NA;NA;NA;NA;NA;NA;NA;NA;NA;NA;NA;NA;NA;NA
43;"RS";4309605;"430960";"Horizontina";"Não";"-";"Ciclistas";NA;NA;NA;NA;NA;NA;NA;NA;NA;NA;NA;NA;NA;NA;NA;NA;NA;NA;NA;NA;NA;NA;NA;NA;NA
43;"RS";4309654;"430965";"Hulha Negra";"Não";"-";"Ciclistas";NA;NA;NA;NA;NA;NA;NA;NA;NA;NA;NA;NA;NA;NA;NA;NA;NA;NA;NA;NA;NA;NA;NA;NA;NA
43;"RS";4309803;"430980";"Ibiaçá";"Não";"-";"Ciclistas";NA;NA;NA;NA;NA;NA;NA;NA;NA;NA;NA;NA;NA;NA;NA;NA;NA;NA;NA;NA;NA;NA;NA;NA;NA
43;"RS";4310108;"431010";"Igrejinha";"Não";"Região Metropolitana de Porto Alegre";"Ciclistas";NA;NA;NA;NA;NA;NA;NA;NA;NA;NA;NA;NA;NA;NA;1;NA;NA;NA;NA;NA;NA;NA;NA;NA;NA
43;"RS";4310207;"431020";"Ijuí";"Não";"-";"Ciclistas";NA;NA;NA;NA;NA;NA;NA;NA;NA;NA;NA;1;NA;1;1;NA;NA;NA;NA;NA;NA;NA;NA;NA;NA
43;"RS";4310306;"431030";"Ilópolis";"Não";"-";"Ciclistas";NA;NA;NA;NA;NA;NA;NA;NA;NA;NA;NA;1;NA;NA;NA;NA;NA;NA;NA;NA;NA;NA;NA;NA;NA
43;"RS";4310330;"431033";"Imbé";"Não";"-";"Ciclistas";NA;NA;NA;NA;NA;NA;NA;NA;NA;NA;NA;NA;NA;NA;NA;NA;NA;NA;NA;NA;NA;NA;NA;NA;NA
43;"RS";4310363;"431036";"Imigrante";"Não";"-";"Ciclistas";NA;NA;NA;NA;NA;NA;NA;NA;NA;NA;NA;NA;NA;NA;NA;NA;NA;NA;NA;NA;NA;NA;NA;NA;NA
43;"RS";4310405;"431040";"Independência";"Não";"-";"Ciclistas";NA;NA;NA;NA;NA;NA;NA;NA;NA;NA;NA;NA;NA;NA;NA;NA;NA;NA;NA;NA;NA;NA;NA;NA;NA
43;"RS";4310579;"431057";"Itapuca";"Não";"-";"Ciclistas";NA;NA;NA;NA;NA;NA;NA;NA;NA;NA;NA;NA;NA;NA;NA;NA;1;NA;NA;NA;NA;NA;NA;NA;NA
43;"RS";4310603;"431060";"Itaqui";"Não";"-";"Ciclistas";NA;NA;NA;NA;NA;NA;NA;NA;NA;NA;NA;NA;NA;NA;NA;NA;NA;NA;NA;NA;NA;NA;NA;NA;NA
43;"RS";4310702;"431070";"Itatiba do Sul";"Não";"-";"Ciclistas";NA;NA;NA;NA;NA;NA;NA;NA;NA;NA;NA;NA;NA;NA;NA;NA;NA;NA;NA;NA;NA;NA;NA;NA;NA
43;"RS";4310801;"431080";"Ivoti";"Não";"Região Metropolitana de Porto Alegre";"Ciclistas";NA;NA;NA;NA;NA;NA;NA;NA;NA;NA;NA;NA;NA;NA;NA;NA;NA;NA;NA;NA;NA;NA;NA;NA;NA
43;"RS";4310850;"431085";"Jaboticaba";"Não";"-";"Ciclistas";NA;NA;NA;NA;NA;NA;NA;NA;NA;NA;NA;NA;NA;NA;NA;NA;NA;NA;NA;NA;NA;NA;NA;NA;NA
43;"RS";4311007;"431100";"Jaguarão";"Não";"-";"Ciclistas";NA;NA;NA;NA;NA;NA;NA;NA;NA;NA;NA;NA;NA;NA;NA;NA;NA;NA;NA;NA;NA;NA;NA;NA;NA
43;"RS";4311304;"431130";"Lagoa Vermelha";"Não";"-";"Ciclistas";NA;NA;NA;NA;NA;NA;NA;NA;NA;NA;NA;NA;NA;NA;NA;NA;NA;NA;NA;NA;NA;NA;NA;NA;NA
43;"RS";4311403;"431140";"Lajeado";"Não";"-";"Ciclistas";NA;NA;NA;NA;NA;1;NA;NA;NA;1;NA;NA;NA;NA;NA;NA;NA;1;NA;NA;NA;NA;2;2;NA
43;"RS";4311502;"431150";"Lavras do Sul";"Não";"-";"Ciclistas";NA;NA;NA;NA;NA;NA;NA;NA;NA;NA;NA;NA;NA;NA;NA;NA;NA;NA;NA;NA;NA;NA;NA;NA;NA
43;"RS";4311718;"431171";"Maçambará";"Não";"-";"Ciclistas";NA;NA;NA;NA;NA;NA;NA;NA;NA;NA;NA;NA;NA;NA;NA;NA;NA;NA;NA;NA;NA;NA;NA;NA;NA
43;"RS";4311734;"431173";"Mampituba";"Não";"-";"Ciclistas";NA;NA;NA;NA;NA;NA;NA;NA;NA;NA;NA;NA;NA;NA;NA;NA;NA;NA;NA;NA;NA;NA;NA;NA;NA
43;"RS";4311775;"431177";"Maquiné";"Não";"-";"Ciclistas";NA;NA;NA;NA;NA;NA;NA;NA;NA;NA;NA;1;NA;NA;NA;NA;NA;NA;NA;NA;NA;NA;NA;NA;NA
43;"RS";4311809;"431180";"Marau";"Não";"-";"Ciclistas";NA;NA;NA;NA;NA;NA;NA;NA;NA;NA;NA;NA;NA;NA;NA;NA;NA;NA;NA;NA;NA;NA;NA;NA;NA
43;"RS";4311908;"431190";"Marcelino Ramos";"Não";"-";"Ciclistas";NA;NA;NA;NA;NA;NA;NA;NA;NA;NA;NA;NA;NA;NA;NA;NA;NA;NA;NA;NA;NA;NA;NA;NA;NA
43;"RS";4312054;"431205";"Marques de Souza";"Não";"-";"Ciclistas";NA;NA;NA;NA;NA;NA;NA;NA;NA;NA;NA;NA;NA;NA;NA;NA;NA;NA;NA;NA;NA;NA;NA;NA;NA
43;"RS";4312153;"431215";"Mato Leitão";"Não";"-";"Ciclistas";NA;NA;NA;NA;NA;NA;NA;NA;NA;NA;NA;NA;NA;NA;NA;NA;NA;NA;NA;NA;NA;NA;NA;NA;NA
43;"RS";4312401;"431240";"Montenegro";"Não";"Região Metropolitana de Porto Alegre";"Ciclistas";NA;NA;NA;NA;NA;NA;NA;NA;NA;NA;NA;1;NA;NA;NA;NA;NA;NA;NA;NA;1;NA;NA;NA;NA
43;"RS";4312476;"431247";"Morro Reuter";"Não";"-";"Ciclistas";NA;NA;NA;NA;NA;NA;NA;NA;NA;NA;NA;NA;NA;NA;NA;NA;NA;NA;NA;NA;NA;NA;NA;NA;NA
43;"RS";4312708;"431270";"Nonoai";"Não";"-";"Ciclistas";NA;NA;NA;NA;NA;NA;NA;NA;NA;NA;NA;NA;NA;NA;NA;NA;NA;NA;NA;NA;NA;NA;NA;NA;NA
43;"RS";4312906;"431290";"Nova Bassano";"Não";"-";"Ciclistas";NA;NA;NA;NA;NA;NA;NA;NA;NA;NA;NA;NA;NA;NA;NA;NA;NA;NA;NA;NA;NA;NA;NA;NA;NA
43;"RS";4313037;"431303";"Nova Esperança do Sul";"Não";"-";"Ciclistas";NA;NA;NA;NA;NA;NA;NA;NA;NA;NA;NA;NA;NA;NA;NA;NA;NA;NA;NA;NA;NA;NA;NA;NA;NA
43;"RS";4313060;"431306";"Nova Hartz";"Não";"Região Metropolitana de Porto Alegre";"Ciclistas";NA;NA;NA;NA;NA;NA;NA;NA;NA;NA;NA;NA;NA;NA;NA;NA;NA;NA;NA;NA;NA;NA;NA;NA;NA
43;"RS";4313201;"431320";"Nova Petrópolis";"Não";"-";"Ciclistas";NA;NA;NA;NA;NA;NA;NA;NA;NA;NA;NA;NA;NA;NA;NA;NA;NA;NA;NA;NA;NA;NA;NA;NA;NA
43;"RS";4313300;"431330";"Nova Prata";"Não";"-";"Ciclistas";NA;NA;NA;NA;NA;NA;NA;NA;NA;NA;NA;NA;NA;NA;NA;NA;NA;NA;NA;NA;NA;NA;NA;NA;NA
43;"RS";4313375;"431337";"Nova Santa Rita";"Não";"Região Metropolitana de Porto Alegre";"Ciclistas";NA;NA;NA;NA;NA;NA;NA;NA;NA;NA;NA;NA;NA;NA;NA;NA;NA;NA;NA;NA;NA;NA;NA;NA;NA
43;"RS";4313391;"431339";"Novo Cabrais";"Não";"-";"Ciclistas";NA;NA;1;NA;NA;NA;1;NA;NA;NA;NA;NA;NA;NA;NA;NA;NA;NA;NA;NA;NA;NA;NA;NA;NA
43;"RS";4313409;"431340";"Novo Hamburgo";"Não";"Região Metropolitana de Porto Alegre";"Ciclistas";NA;NA;NA;NA;1;NA;NA;NA;NA;NA;NA;NA;NA;NA;NA;NA;1;NA;NA;NA;NA;NA;NA;NA;NA
43;"RS";4313490;"431349";"Novo Barreiro";"Não";"-";"Ciclistas";NA;NA;NA;NA;NA;NA;NA;NA;NA;NA;NA;NA;NA;NA;NA;NA;NA;NA;1;NA;NA;NA;NA;NA;NA
43;"RS";4313508;"431350";"Osório";"Não";"-";"Ciclistas";NA;NA;NA;NA;NA;NA;1;NA;NA;NA;NA;NA;1;1;NA;NA;NA;NA;NA;NA;NA;NA;NA;NA;NA
43;"RS";4313706;"431370";"Palmeira das Missões";"Não";"-";"Ciclistas";NA;NA;NA;NA;NA;NA;NA;NA;NA;NA;NA;NA;NA;NA;NA;NA;NA;NA;NA;NA;NA;NA;NA;NA;NA
43;"RS";4313805;"431380";"Palmitinho";"Não";"-";"Ciclistas";NA;NA;NA;NA;NA;NA;NA;NA;NA;NA;NA;NA;NA;NA;NA;NA;NA;NA;NA;NA;NA;NA;NA;NA;NA
43;"RS";4313904;"431390";"Panambi";"Não";"-";"Ciclistas";NA;NA;NA;NA;NA;NA;NA;NA;NA;NA;NA;NA;NA;NA;NA;NA;NA;NA;NA;NA;NA;NA;NA;NA;NA
43;"RS";4313953;"431395";"Pantano Grande";"Não";"-";"Ciclistas";NA;NA;NA;NA;NA;NA;NA;NA;NA;NA;NA;NA;NA;NA;NA;NA;NA;NA;NA;NA;NA;NA;NA;NA;NA
43;"RS";4314027;"431402";"Paraíso do Sul";"Não";"-";"Ciclistas";NA;NA;NA;NA;NA;NA;NA;NA;NA;NA;NA;NA;NA;NA;NA;NA;NA;NA;NA;NA;NA;NA;NA;NA;NA
43;"RS";4314035;"431403";"Pareci Novo";"Não";"-";"Ciclistas";NA;NA;NA;NA;NA;NA;NA;NA;NA;NA;NA;NA;NA;NA;NA;NA;NA;NA;NA;NA;NA;NA;NA;NA;NA
43;"RS";4314050;"431405";"Parobé";"Não";"Região Metropolitana de Porto Alegre";"Ciclistas";NA;NA;NA;NA;NA;NA;NA;NA;NA;NA;NA;NA;NA;NA;NA;NA;NA;NA;NA;NA;NA;NA;NA;NA;NA
43;"RS";4314076;"431407";"Passo do Sobrado";"Não";"-";"Ciclistas";NA;NA;NA;NA;NA;NA;NA;NA;NA;1;NA;NA;NA;NA;NA;NA;NA;NA;NA;NA;NA;NA;NA;NA;NA
43;"RS";4314100;"431410";"Passo Fundo";"Não";"-";"Ciclistas";NA;NA;NA;NA;NA;NA;NA;1;NA;1;NA;NA;NA;NA;1;NA;NA;NA;NA;NA;NA;NA;NA;NA;NA
43;"RS";4314407;"431440";"Pelotas";"Não";"-";"Ciclistas";NA;1;NA;1;NA;NA;1;NA;NA;1;NA;NA;NA;2;1;NA;NA;1;NA;1;NA;NA;1;NA;NA
43;"RS";4314423;"431442";"Picada Café";"Não";"-";"Ciclistas";NA;NA;NA;NA;NA;NA;NA;NA;NA;NA;NA;NA;NA;NA;NA;NA;NA;NA;NA;NA;NA;NA;NA;NA;NA
43;"RS";4314506;"431450";"Pinheiro Machado";"Não";"-";"Ciclistas";NA;NA;NA;NA;NA;NA;NA;NA;NA;NA;NA;NA;NA;NA;NA;NA;NA;NA;NA;1;NA;NA;NA;NA;NA
43;"RS";4314704;"431470";"Planalto";"Não";"-";"Ciclistas";NA;NA;NA;NA;NA;NA;NA;NA;NA;NA;NA;NA;NA;NA;NA;NA;NA;NA;NA;NA;NA;NA;NA;NA;NA
43;"RS";4314779;"431477";"Pontão";"Não";"-";"Ciclistas";NA;NA;NA;NA;NA;NA;NA;NA;NA;NA;NA;NA;NA;NA;NA;NA;NA;NA;NA;NA;NA;NA;NA;NA;NA
43;"RS";4314803;"431480";"Portão";"Não";"Região Metropolitana de Porto Alegre";"Ciclistas";NA;NA;NA;NA;NA;NA;NA;NA;NA;NA;NA;NA;NA;NA;NA;NA;NA;NA;NA;NA;NA;NA;NA;1;NA
43;"RS";4314902;"431490";"Porto Alegre";"Sim";"Região Metropolitana de Porto Alegre";"Ciclistas";NA;NA;1;3;1;2;2;1;4;NA;1;NA;2;2;2;1;2;1;1;NA;1;4;4;2;NA
43;"RS";4315008;"431500";"Porto Lucena";"Não";"-";"Ciclistas";NA;NA;NA;NA;NA;NA;NA;NA;NA;NA;NA;NA;NA;NA;NA;NA;NA;NA;NA;NA;NA;NA;NA;NA;NA
43;"RS";4315107;"431510";"Porto Xavier";"Não";"-";"Ciclistas";NA;NA;NA;NA;NA;NA;NA;NA;NA;NA;NA;NA;NA;NA;NA;NA;NA;NA;1;NA;NA;NA;NA;NA;NA
43;"RS";4315305;"431530";"Quaraí";"Não";"-";"Ciclistas";NA;NA;NA;NA;NA;NA;NA;NA;NA;NA;NA;NA;NA;NA;NA;NA;NA;NA;NA;NA;NA;NA;NA;NA;NA
43;"RS";4315404;"431540";"Redentora";"Não";"-";"Ciclistas";NA;NA;NA;NA;NA;NA;NA;NA;NA;NA;NA;NA;NA;NA;NA;NA;NA;NA;NA;NA;NA;NA;NA;NA;NA
43;"RS";4315602;"431560";"Rio Grande";"Não";"-";"Ciclistas";NA;NA;NA;NA;NA;NA;2;1;1;NA;1;NA;NA;NA;1;2;NA;2;NA;1;2;1;1;NA;NA
43;"RS";4315701;"431570";"Rio Pardo";"Não";"-";"Ciclistas";NA;NA;NA;NA;NA;NA;NA;NA;NA;NA;NA;NA;NA;NA;NA;NA;NA;NA;NA;NA;NA;NA;NA;NA;NA
43;"RS";4315750;"431575";"Riozinho";"Não";"-";"Ciclistas";NA;NA;NA;NA;NA;NA;NA;NA;NA;NA;NA;NA;NA;NA;NA;NA;NA;NA;NA;NA;NA;NA;NA;NA;NA
43;"RS";4315800;"431580";"Roca Sales";"Não";"-";"Ciclistas";NA;NA;NA;NA;NA;NA;NA;NA;NA;NA;NA;NA;NA;NA;NA;NA;NA;NA;NA;NA;NA;NA;NA;NA;NA
43;"RS";4316006;"431600";"Rolante";"Não";"Região Metropolitana de Porto Alegre";"Ciclistas";NA;NA;NA;NA;NA;NA;NA;NA;NA;NA;NA;NA;NA;NA;NA;NA;NA;NA;NA;NA;NA;NA;NA;NA;NA
43;"RS";4316303;"431630";"Roque Gonzales";"Não";"-";"Ciclistas";NA;NA;NA;NA;NA;NA;NA;NA;NA;NA;NA;NA;NA;NA;NA;NA;NA;NA;NA;NA;NA;NA;NA;NA;NA
43;"RS";4316402;"431640";"Rosário do Sul";"Não";"-";"Ciclistas";NA;NA;NA;NA;NA;NA;NA;NA;NA;NA;NA;NA;NA;NA;NA;NA;NA;NA;NA;NA;NA;NA;NA;NA;NA
43;"RS";4316451;"431645";"Salto do Jacuí";"Não";"-";"Ciclistas";NA;NA;NA;NA;NA;NA;NA;NA;NA;NA;NA;NA;NA;NA;NA;1;NA;NA;NA;NA;NA;NA;NA;NA;NA
43;"RS";4316758;"431675";"Santa Clara do Sul";"Não";"-";"Ciclistas";NA;NA;NA;NA;NA;NA;NA;NA;NA;NA;NA;NA;NA;NA;NA;NA;NA;NA;NA;NA;NA;NA;NA;NA;NA
43;"RS";4316808;"431680";"Santa Cruz do Sul";"Não";"-";"Ciclistas";NA;NA;NA;NA;1;NA;NA;2;NA;NA;NA;1;NA;NA;NA;NA;1;NA;NA;1;NA;2;NA;NA;NA
43;"RS";4316907;"431690";"Santa Maria";"Não";"-";"Ciclistas";NA;NA;NA;NA;NA;NA;NA;1;NA;NA;NA;NA;NA;NA;NA;NA;1;NA;NA;NA;1;3;NA;NA;NA
43;"RS";4317004;"431700";"Santana da Boa Vista";"Não";"-";"Ciclistas";NA;NA;NA;NA;NA;NA;NA;NA;NA;NA;NA;NA;NA;NA;NA;NA;NA;NA;NA;NA;NA;NA;NA;NA;NA
43;"RS";4317103;"431710";"Sant'Ana do Livramento";"Não";"-";"Ciclistas";NA;NA;NA;NA;NA;NA;NA;NA;NA;NA;NA;1;NA;NA;NA;NA;NA;NA;1;NA;NA;NA;NA;NA;NA
43;"RS";4317202;"431720";"Santa Rosa";"Não";"-";"Ciclistas";NA;NA;NA;NA;1;NA;NA;1;NA;NA;NA;NA;NA;NA;NA;NA;NA;NA;NA;NA;NA;NA;NA;NA;NA
43;"RS";4317301;"431730";"Santa Vitória do Palmar";"Não";"-";"Ciclistas";NA;NA;NA;NA;NA;NA;NA;NA;NA;NA;NA;NA;NA;NA;NA;1;NA;NA;NA;NA;NA;NA;NA;NA;NA
43;"RS";4317400;"431740";"Santiago";"Não";"-";"Ciclistas";NA;NA;NA;NA;NA;NA;NA;NA;NA;NA;NA;NA;NA;NA;NA;NA;NA;NA;NA;NA;NA;NA;NA;NA;NA
43;"RS";4317509;"431750";"Santo Ângelo";"Não";"-";"Ciclistas";NA;NA;NA;NA;NA;NA;NA;NA;NA;NA;NA;NA;NA;NA;NA;NA;NA;NA;NA;NA;NA;NA;NA;NA;NA
43;"RS";4317608;"431760";"Santo Antônio da Patrulha";"Não";"Região Metropolitana de Porto Alegre";"Ciclistas";NA;NA;NA;NA;NA;NA;NA;NA;NA;NA;NA;NA;NA;NA;1;NA;NA;NA;NA;NA;NA;NA;NA;NA;NA
43;"RS";4317707;"431770";"Santo Antônio das Missões";"Não";"-";"Ciclistas";NA;NA;NA;NA;NA;NA;NA;NA;NA;NA;NA;NA;NA;NA;NA;NA;NA;NA;NA;NA;NA;NA;NA;NA;NA
43;"RS";4317756;"431775";"Santo Antônio do Planalto";"Não";"-";"Ciclistas";NA;NA;NA;NA;NA;NA;NA;NA;NA;NA;NA;NA;NA;NA;NA;NA;NA;NA;NA;NA;NA;NA;NA;NA;NA
43;"RS";4317806;"431780";"Santo Augusto";"Não";"-";"Ciclistas";NA;NA;NA;NA;NA;NA;NA;NA;NA;NA;NA;NA;NA;NA;NA;NA;NA;NA;NA;NA;NA;NA;NA;NA;NA
43;"RS";4318002;"431800";"São Borja";"Não";"-";"Ciclistas";NA;NA;NA;NA;NA;NA;NA;NA;NA;NA;NA;NA;NA;1;NA;NA;NA;NA;NA;NA;NA;NA;NA;NA;NA
43;"RS";4318101;"431810";"São Francisco de Assis";"Não";"-";"Ciclistas";NA;NA;NA;NA;NA;NA;NA;NA;NA;NA;NA;NA;NA;NA;NA;NA;NA;NA;NA;NA;NA;NA;NA;NA;NA
43;"RS";4318200;"431820";"São Francisco de Paula";"Não";"-";"Ciclistas";NA;NA;NA;NA;NA;NA;NA;NA;NA;NA;NA;NA;NA;NA;NA;NA;NA;NA;NA;NA;NA;NA;NA;NA;NA
43;"RS";4318309;"431830";"São Gabriel";"Não";"-";"Ciclistas";NA;NA;4;NA;NA;1;NA;NA;1;NA;NA;NA;NA;NA;NA;NA;NA;1;NA;NA;NA;NA;NA;1;NA
43;"RS";4318408;"431840";"São Jerônimo";"Não";"Região Metropolitana de Porto Alegre";"Ciclistas";NA;NA;NA;NA;NA;NA;NA;NA;NA;NA;NA;1;NA;NA;1;NA;NA;NA;NA;NA;NA;NA;NA;NA;NA
43;"RS";4318432;"431843";"São João do Polêsine";"Não";"-";"Ciclistas";NA;NA;NA;NA;NA;NA;NA;NA;NA;NA;NA;NA;NA;NA;NA;NA;NA;NA;1;NA;NA;NA;NA;NA;NA
43;"RS";4318507;"431850";"São José do Norte";"Não";"-";"Ciclistas";NA;NA;NA;NA;NA;NA;NA;NA;NA;NA;NA;NA;NA;NA;NA;NA;NA;NA;NA;NA;NA;NA;NA;NA;NA
43;"RS";4318606;"431860";"São José do Ouro";"Não";"-";"Ciclistas";NA;NA;NA;NA;NA;NA;NA;NA;NA;NA;NA;NA;NA;NA;NA;NA;NA;NA;NA;NA;NA;NA;NA;NA;NA
43;"RS";4318705;"431870";"São Leopoldo";"Não";"Região Metropolitana de Porto Alegre";"Ciclistas";NA;NA;NA;NA;NA;NA;1;NA;NA;NA;NA;NA;NA;1;NA;NA;NA;NA;NA;NA;NA;1;NA;NA;NA
43;"RS";4318804;"431880";"São Lourenço do Sul";"Não";"-";"Ciclistas";NA;NA;NA;NA;NA;NA;NA;NA;NA;NA;NA;NA;NA;NA;NA;NA;NA;NA;NA;NA;NA;NA;NA;NA;NA
43;"RS";4318903;"431890";"São Luiz Gonzaga";"Não";"-";"Ciclistas";NA;NA;NA;NA;NA;NA;NA;NA;NA;NA;1;NA;NA;NA;1;NA;NA;NA;NA;NA;NA;NA;1;NA;NA
43;"RS";4319000;"431900";"São Marcos";"Não";"Região Metropolitana da Serra Gaúcha";"Ciclistas";NA;NA;NA;NA;NA;NA;NA;NA;NA;NA;NA;NA;NA;NA;NA;NA;NA;NA;NA;NA;NA;NA;NA;NA;NA
43;"RS";4319109;"431910";"São Martinho";"Não";"-";"Ciclistas";NA;NA;NA;NA;NA;NA;NA;NA;NA;NA;NA;NA;NA;NA;NA;NA;NA;NA;NA;NA;NA;NA;NA;NA;NA
43;"RS";4319364;"431936";"São Pedro das Missões";"Não";"-";"Ciclistas";NA;NA;NA;NA;NA;NA;NA;NA;NA;NA;NA;NA;NA;NA;NA;NA;NA;NA;NA;NA;NA;NA;NA;NA;NA
43;"RS";4319372;"431937";"São Pedro do Butiá";"Não";"-";"Ciclistas";NA;NA;NA;NA;NA;NA;NA;NA;NA;NA;NA;NA;NA;NA;NA;NA;NA;NA;NA;NA;NA;NA;NA;NA;NA
43;"RS";4319505;"431950";"São Sebastião do Caí";"Não";"Região Metropolitana de Porto Alegre";"Ciclistas";NA;NA;NA;NA;NA;NA;NA;NA;NA;NA;NA;NA;NA;NA;NA;NA;NA;NA;NA;NA;NA;NA;NA;NA;NA
43;"RS";4319604;"431960";"São Sepé";"Não";"-";"Ciclistas";NA;NA;NA;NA;NA;NA;NA;NA;NA;NA;NA;NA;NA;NA;NA;NA;1;NA;NA;NA;NA;NA;NA;NA;NA
43;"RS";4319711;"431971";"São Valentim do Sul";"Não";"-";"Ciclistas";NA;NA;NA;NA;NA;NA;NA;NA;NA;NA;NA;NA;NA;NA;NA;NA;NA;NA;NA;NA;NA;NA;NA;NA;NA
43;"RS";4319802;"431980";"São Vicente do Sul";"Não";"-";"Ciclistas";NA;NA;NA;NA;NA;NA;NA;NA;NA;NA;NA;NA;NA;NA;NA;NA;NA;NA;NA;NA;NA;NA;NA;NA;NA
43;"RS";4319901;"431990";"Sapiranga";"Não";"Região Metropolitana de Porto Alegre";"Ciclistas";NA;NA;1;1;NA;NA;NA;NA;NA;NA;NA;NA;NA;NA;1;NA;NA;NA;NA;NA;NA;NA;NA;NA;NA
43;"RS";4320008;"432000";"Sapucaia do Sul";"Não";"Região Metropolitana de Porto Alegre";"Ciclistas";NA;NA;NA;NA;NA;NA;NA;NA;NA;NA;NA;NA;NA;NA;NA;NA;NA;NA;NA;NA;NA;NA;NA;NA;NA
43;"RS";4320206;"432020";"Seberi";"Não";"-";"Ciclistas";NA;NA;NA;NA;NA;NA;NA;NA;NA;NA;NA;NA;NA;1;NA;NA;NA;NA;NA;NA;NA;NA;NA;NA;NA
43;"RS";4320578;"432057";"Sete de Setembro";"Não";"-";"Ciclistas";NA;NA;NA;NA;NA;NA;NA;NA;NA;NA;NA;NA;NA;NA;NA;NA;NA;NA;NA;NA;NA;NA;NA;NA;NA
43;"RS";4320701;"432070";"Sobradinho";"Não";"-";"Ciclistas";NA;NA;NA;NA;NA;NA;NA;NA;NA;NA;NA;NA;NA;NA;NA;NA;NA;NA;NA;NA;NA;NA;NA;NA;NA
43;"RS";4320800;"432080";"Soledade";"Não";"-";"Ciclistas";NA;NA;NA;NA;NA;NA;NA;NA;NA;NA;NA;NA;NA;NA;NA;NA;NA;NA;NA;NA;NA;NA;1;NA;NA
43;"RS";4320859;"432085";"Tabaí";"Não";"-";"Ciclistas";NA;NA;NA;NA;NA;NA;NA;NA;NA;NA;NA;NA;NA;NA;NA;NA;NA;NA;NA;NA;NA;NA;NA;NA;NA
43;"RS";4320909;"432090";"Tapejara";"Não";"-";"Ciclistas";NA;NA;NA;NA;NA;NA;NA;NA;NA;NA;NA;NA;NA;NA;NA;NA;NA;NA;NA;NA;NA;NA;NA;NA;NA
43;"RS";4321006;"432100";"Tapera";"Não";"-";"Ciclistas";NA;NA;1;NA;NA;NA;NA;NA;NA;NA;NA;NA;NA;NA;NA;NA;NA;NA;NA;NA;NA;NA;NA;NA;NA
43;"RS";4321105;"432110";"Tapes";"Não";"-";"Ciclistas";NA;NA;NA;NA;NA;NA;NA;NA;NA;NA;NA;NA;NA;NA;NA;NA;NA;NA;NA;NA;NA;NA;NA;NA;NA
43;"RS";4321204;"432120";"Taquara";"Não";"Região Metropolitana de Porto Alegre";"Ciclistas";NA;NA;1;NA;NA;NA;NA;NA;NA;NA;NA;NA;1;NA;NA;NA;NA;NA;NA;NA;NA;NA;NA;NA;NA
43;"RS";4321303;"432130";"Taquari";"Não";"-";"Ciclistas";NA;NA;NA;NA;NA;NA;NA;NA;NA;NA;NA;NA;NA;NA;NA;NA;NA;NA;NA;NA;NA;NA;NA;NA;NA
43;"RS";4321436;"432143";"Terra de Areia";"Não";"-";"Ciclistas";NA;NA;NA;NA;NA;NA;NA;NA;NA;NA;NA;NA;NA;NA;NA;NA;NA;NA;1;NA;NA;NA;NA;NA;NA
43;"RS";4321451;"432145";"Teutônia";"Não";"-";"Ciclistas";NA;NA;NA;NA;NA;NA;NA;NA;NA;NA;NA;NA;NA;NA;NA;NA;NA;NA;NA;NA;NA;NA;NA;NA;NA
43;"RS";4321469;"432146";"Tio Hugo";"Não";"-";"Ciclistas";NA;NA;NA;NA;NA;NA;NA;NA;NA;NA;NA;NA;NA;NA;NA;NA;NA;NA;NA;NA;NA;NA;NA;NA;NA
43;"RS";4321477;"432147";"Tiradentes do Sul";"Não";"-";"Ciclistas";NA;NA;NA;NA;NA;NA;NA;NA;NA;NA;NA;NA;NA;NA;NA;NA;NA;NA;NA;NA;NA;NA;NA;NA;NA
43;"RS";4321501;"432150";"Torres";"Não";"-";"Ciclistas";NA;NA;NA;NA;NA;NA;NA;NA;NA;NA;NA;NA;NA;1;NA;NA;NA;NA;NA;NA;NA;NA;NA;NA;NA
43;"RS";4321600;"432160";"Tramandaí";"Não";"-";"Ciclistas";NA;NA;NA;NA;NA;NA;NA;NA;1;NA;NA;NA;NA;NA;1;NA;NA;NA;NA;NA;NA;NA;NA;NA;NA
43;"RS";4321626;"432162";"Travesseiro";"Não";"-";"Ciclistas";NA;NA;NA;NA;NA;NA;NA;NA;NA;NA;NA;NA;NA;NA;NA;NA;NA;NA;NA;NA;NA;NA;NA;NA;NA
43;"RS";4321667;"432166";"Três Cachoeiras";"Não";"-";"Ciclistas";NA;NA;NA;NA;NA;NA;NA;NA;NA;NA;NA;NA;NA;NA;NA;NA;NA;NA;NA;NA;NA;NA;NA;NA;NA
43;"RS";4321709;"432170";"Três Coroas";"Não";"-";"Ciclistas";NA;NA;NA;NA;NA;NA;NA;NA;NA;NA;NA;NA;NA;NA;NA;NA;NA;NA;NA;NA;NA;NA;NA;NA;NA
43;"RS";4321808;"432180";"Três de Maio";"Não";"-";"Ciclistas";NA;NA;NA;NA;NA;NA;NA;NA;NA;NA;NA;NA;NA;NA;NA;NA;NA;NA;NA;NA;NA;NA;NA;NA;NA
43;"RS";4321832;"432183";"Três Forquilhas";"Não";"-";"Ciclistas";NA;NA;NA;NA;NA;NA;NA;NA;NA;NA;NA;NA;NA;NA;NA;NA;NA;NA;NA;NA;NA;NA;NA;NA;NA
43;"RS";4321857;"432185";"Três Palmeiras";"Não";"-";"Ciclistas";NA;NA;NA;NA;NA;NA;NA;NA;NA;NA;NA;NA;NA;NA;NA;NA;NA;NA;NA;NA;NA;NA;NA;NA;NA
43;"RS";4321907;"432190";"Três Passos";"Não";"-";"Ciclistas";NA;NA;NA;NA;NA;NA;NA;NA;NA;NA;NA;NA;NA;NA;NA;NA;NA;NA;NA;NA;NA;NA;NA;NA;NA
43;"RS";4322004;"432200";"Triunfo";"Não";"Região Metropolitana de Porto Alegre";"Ciclistas";NA;NA;NA;NA;NA;NA;NA;NA;NA;NA;NA;NA;NA;NA;NA;NA;NA;1;NA;NA;NA;NA;NA;NA;NA
43;"RS";4322103;"432210";"Tucunduva";"Não";"-";"Ciclistas";NA;NA;NA;NA;NA;NA;NA;NA;NA;NA;NA;NA;NA;NA;NA;NA;NA;NA;NA;NA;NA;NA;NA;NA;NA
43;"RS";4322202;"432220";"Tupanciretã";"Não";"-";"Ciclistas";NA;NA;NA;NA;NA;NA;NA;NA;NA;NA;NA;NA;NA;NA;NA;NA;NA;NA;NA;NA;NA;NA;NA;NA;NA
43;"RS";4322301;"432230";"Tuparendi";"Não";"-";"Ciclistas";NA;NA;NA;NA;NA;NA;NA;NA;NA;NA;NA;NA;NA;NA;NA;NA;NA;NA;NA;NA;NA;NA;NA;NA;NA
43;"RS";4322400;"432240";"Uruguaiana";"Não";"-";"Ciclistas";NA;NA;NA;NA;NA;NA;NA;NA;NA;NA;1;NA;NA;NA;NA;NA;NA;NA;NA;1;1;NA;1;NA;NA
43;"RS";4322509;"432250";"Vacaria";"Não";"-";"Ciclistas";NA;NA;NA;NA;NA;NA;1;NA;NA;NA;NA;NA;NA;NA;NA;1;NA;NA;NA;1;NA;NA;NA;NA;NA
43;"RS";4322533;"432253";"Vale do Sol";"Não";"-";"Ciclistas";NA;NA;NA;NA;NA;NA;NA;NA;NA;NA;NA;NA;NA;NA;NA;NA;NA;NA;NA;NA;NA;NA;NA;NA;NA
43;"RS";4322541;"432254";"Vale Real";"Não";"-";"Ciclistas";NA;NA;NA;NA;NA;NA;NA;NA;NA;NA;NA;NA;NA;NA;NA;NA;NA;NA;NA;NA;NA;NA;NA;NA;NA
43;"RS";4322608;"432260";"Venâncio Aires";"Não";"-";"Ciclistas";NA;NA;NA;NA;NA;1;1;NA;NA;NA;NA;NA;NA;NA;NA;NA;NA;NA;NA;NA;NA;NA;NA;NA;NA
43;"RS";4322707;"432270";"Vera Cruz";"Não";"-";"Ciclistas";NA;NA;NA;NA;NA;NA;NA;NA;NA;NA;NA;NA;NA;NA;NA;NA;NA;NA;NA;NA;NA;1;NA;NA;NA
43;"RS";4322806;"432280";"Veranópolis";"Não";"-";"Ciclistas";NA;NA;NA;NA;NA;NA;NA;NA;NA;NA;NA;NA;NA;NA;NA;NA;NA;NA;NA;NA;NA;NA;NA;NA;NA
43;"RS";4323002;"432300";"Viamão";"Não";"Região Metropolitana de Porto Alegre";"Ciclistas";NA;NA;NA;NA;NA;NA;NA;NA;NA;1;NA;NA;NA;NA;NA;NA;NA;NA;NA;NA;NA;NA;NA;NA;NA
43;"RS";4323309;"432330";"Vila Flores";"Não";"-";"Ciclistas";NA;NA;NA;NA;NA;NA;NA;NA;NA;NA;NA;NA;NA;NA;NA;NA;NA;NA;NA;NA;NA;NA;NA;NA;NA
43;"RS";4323507;"432350";"Vista Alegre";"Não";"-";"Ciclistas";NA;NA;NA;NA;NA;NA;NA;NA;NA;NA;NA;NA;1;NA;NA;NA;NA;NA;NA;NA;NA;NA;NA;NA;NA
43;"RS";4323606;"432360";"Vista Alegre do Prata";"Não";"-";"Ciclistas";NA;NA;NA;NA;NA;NA;NA;NA;NA;NA;NA;NA;NA;NA;NA;NA;NA;NA;NA;NA;NA;NA;NA;NA;NA
43;"RS";4323804;"432380";"Xangri-lá";"Não";"-";"Ciclistas";NA;NA;NA;NA;NA;NA;NA;NA;NA;NA;NA;NA;NA;NA;NA;NA;NA;NA;NA;NA;NA;NA;NA;NA;NA
50;"MS";5000609;"500060";"Amambai";"Não";"-";"Ciclistas";NA;NA;NA;NA;NA;NA;NA;NA;NA;NA;NA;NA;NA;1;3;1;NA;2;1;1;NA;1;NA;NA;NA
50;"MS";5000708;"500070";"Anastácio";"Não";"-";"Ciclistas";NA;NA;NA;NA;NA;NA;NA;NA;NA;NA;NA;NA;NA;1;NA;NA;NA;NA;NA;NA;NA;NA;NA;NA;NA
50;"MS";5000807;"500080";"Anaurilândia";"Não";"-";"Ciclistas";NA;1;NA;NA;NA;1;NA;NA;1;NA;NA;NA;NA;NA;2;NA;NA;NA;NA;NA;NA;NA;NA;NA;NA
50;"MS";5000856;"500085";"Angélica";"Não";"-";"Ciclistas";NA;NA;NA;NA;NA;NA;NA;NA;NA;NA;NA;1;1;NA;NA;NA;NA;NA;NA;NA;NA;NA;NA;NA;NA
50;"MS";5000906;"500090";"Antônio João";"Não";"-";"Ciclistas";NA;NA;NA;NA;NA;NA;NA;NA;NA;NA;NA;NA;NA;NA;1;1;NA;NA;NA;NA;NA;NA;1;NA;NA
50;"MS";5001003;"500100";"Aparecida do Taboado";"Não";"-";"Ciclistas";NA;NA;NA;NA;NA;NA;NA;1;NA;NA;NA;NA;NA;NA;NA;NA;NA;1;NA;NA;NA;NA;NA;NA;NA
50;"MS";5001102;"500110";"Aquidauana";"Não";"-";"Ciclistas";1;NA;NA;NA;NA;NA;NA;NA;NA;NA;NA;1;NA;NA;NA;NA;NA;NA;1;1;NA;1;NA;NA;NA
50;"MS";5001243;"500124";"Aral Moreira";"Não";"-";"Ciclistas";NA;NA;NA;NA;NA;NA;NA;NA;NA;NA;NA;NA;NA;NA;NA;NA;NA;1;NA;NA;NA;NA;NA;NA;NA
50;"MS";5001508;"500150";"Bandeirantes";"Não";"-";"Ciclistas";NA;NA;NA;NA;NA;NA;NA;NA;NA;NA;NA;1;NA;NA;1;NA;NA;NA;NA;NA;NA;NA;NA;1;NA
50;"MS";5001904;"500190";"Bataguassu";"Não";"-";"Ciclistas";NA;NA;NA;NA;NA;NA;2;NA;NA;1;NA;NA;NA;NA;NA;NA;NA;NA;NA;NA;NA;NA;NA;1;NA
50;"MS";5002001;"500200";"Batayporã";"Não";"-";"Ciclistas";NA;NA;NA;NA;NA;NA;NA;1;NA;1;NA;NA;NA;NA;NA;NA;NA;NA;NA;NA;NA;NA;NA;NA;NA
50;"MS";5002100;"500210";"Bela Vista";"Não";"-";"Ciclistas";NA;NA;NA;NA;NA;NA;3;NA;NA;NA;NA;NA;NA;NA;NA;1;1;NA;NA;1;NA;NA;1;NA;NA
50;"MS";5002209;"500220";"Bonito";"Não";"-";"Ciclistas";NA;NA;NA;NA;NA;NA;NA;1;NA;NA;NA;NA;1;NA;NA;NA;NA;NA;NA;NA;NA;NA;NA;NA;NA
50;"MS";5002308;"500230";"Brasilândia";"Não";"-";"Ciclistas";NA;NA;NA;NA;NA;NA;NA;NA;NA;NA;1;NA;1;NA;NA;NA;1;NA;NA;NA;NA;NA;NA;NA;NA
50;"MS";5002407;"500240";"Caarapó";"Não";"-";"Ciclistas";NA;NA;NA;NA;NA;1;NA;1;NA;NA;2;NA;NA;NA;NA;2;NA;NA;NA;NA;NA;1;1;1;NA
50;"MS";5002605;"500260";"Camapuã";"Não";"-";"Ciclistas";NA;NA;NA;NA;NA;NA;NA;1;NA;NA;NA;NA;NA;NA;NA;NA;NA;NA;NA;NA;NA;NA;NA;NA;NA
50;"MS";5002704;"500270";"Campo Grande";"Sim";"-";"Ciclistas";2;4;7;2;3;13;12;6;7;8;15;16;14;11;9;7;6;7;7;13;9;9;9;11;NA
50;"MS";5002803;"500280";"Caracol";"Não";"-";"Ciclistas";NA;NA;NA;NA;NA;NA;NA;NA;NA;1;NA;NA;NA;NA;NA;NA;NA;NA;NA;NA;NA;NA;1;NA;NA
50;"MS";5002902;"500290";"Cassilândia";"Não";"-";"Ciclistas";NA;NA;NA;NA;NA;NA;1;NA;NA;NA;1;NA;NA;NA;NA;1;NA;NA;NA;NA;NA;NA;NA;NA;NA
50;"MS";5002951;"500295";"Chapadão do Sul";"Não";"-";"Ciclistas";NA;NA;NA;NA;NA;NA;NA;NA;NA;NA;NA;NA;NA;NA;NA;1;NA;NA;NA;NA;NA;NA;1;1;NA
50;"MS";5003157;"500315";"Coronel Sapucaia";"Não";"-";"Ciclistas";NA;NA;NA;NA;NA;NA;NA;NA;NA;NA;NA;NA;NA;NA;NA;NA;NA;NA;NA;NA;NA;NA;NA;NA;NA
50;"MS";5003207;"500320";"Corumbá";"Não";"-";"Ciclistas";NA;NA;1;NA;2;2;NA;1;NA;NA;2;NA;2;NA;1;NA;1;1;NA;NA;NA;3;1;2;NA
50;"MS";5003256;"500325";"Costa Rica";"Não";"-";"Ciclistas";NA;NA;NA;NA;NA;NA;NA;NA;NA;NA;NA;NA;NA;NA;NA;NA;NA;NA;NA;NA;NA;NA;NA;NA;NA
50;"MS";5003306;"500330";"Coxim";"Não";"-";"Ciclistas";NA;1;NA;NA;2;NA;2;3;3;NA;NA;NA;2;NA;NA;2;1;NA;2;NA;NA;NA;NA;NA;NA
50;"MS";5003454;"500345";"Deodápolis";"Não";"-";"Ciclistas";NA;NA;NA;NA;NA;NA;NA;NA;NA;2;NA;NA;NA;NA;NA;NA;NA;NA;NA;NA;1;NA;NA;NA;NA
50;"MS";5003488;"500348";"Dois Irmãos do Buriti";"Não";"-";"Ciclistas";NA;NA;NA;NA;NA;NA;NA;NA;NA;NA;NA;NA;NA;NA;NA;NA;NA;NA;NA;NA;NA;NA;NA;1;NA
50;"MS";5003504;"500350";"Douradina";"Não";"-";"Ciclistas";NA;NA;NA;NA;NA;1;1;NA;NA;NA;NA;NA;NA;NA;NA;1;NA;NA;NA;NA;NA;NA;NA;NA;NA
50;"MS";5003702;"500370";"Dourados";"Não";"-";"Ciclistas";2;3;7;10;9;7;7;9;7;5;4;10;10;10;6;4;12;3;2;11;6;6;11;5;NA
50;"MS";5003751;"500375";"Eldorado";"Não";"-";"Ciclistas";NA;NA;NA;NA;NA;NA;NA;NA;NA;NA;NA;NA;NA;NA;NA;1;NA;NA;NA;1;NA;NA;NA;NA;NA
50;"MS";5003801;"500380";"Fátima do Sul";"Não";"-";"Ciclistas";NA;1;NA;NA;NA;1;NA;NA;NA;1;NA;2;NA;NA;NA;1;NA;1;NA;NA;NA;NA;1;NA;NA
50;"MS";5004007;"500400";"Glória de Dourados";"Não";"-";"Ciclistas";NA;NA;NA;NA;NA;NA;NA;NA;NA;NA;NA;NA;NA;NA;NA;NA;NA;NA;NA;NA;NA;NA;NA;NA;NA
50;"MS";5004106;"500410";"Guia Lopes da Laguna";"Não";"-";"Ciclistas";NA;NA;NA;NA;NA;1;NA;NA;NA;2;NA;1;NA;NA;NA;NA;NA;NA;NA;2;NA;NA;NA;NA;NA
50;"MS";5004304;"500430";"Iguatemi";"Não";"-";"Ciclistas";NA;NA;NA;NA;NA;NA;NA;NA;NA;NA;NA;NA;NA;NA;NA;NA;NA;NA;NA;NA;NA;NA;NA;NA;NA
50;"MS";5004502;"500450";"Itaporã";"Não";"-";"Ciclistas";NA;NA;NA;NA;NA;NA;NA;NA;NA;NA;NA;NA;NA;NA;NA;NA;NA;1;1;NA;NA;1;NA;NA;NA
50;"MS";5004601;"500460";"Itaquiraí";"Não";"-";"Ciclistas";NA;NA;NA;NA;NA;NA;NA;NA;NA;NA;1;2;NA;NA;NA;NA;NA;NA;NA;NA;NA;NA;NA;NA;NA
50;"MS";5004700;"500470";"Ivinhema";"Não";"-";"Ciclistas";NA;NA;NA;NA;NA;NA;NA;2;NA;NA;NA;NA;NA;NA;NA;NA;NA;NA;NA;NA;NA;NA;NA;NA;NA
50;"MS";5004809;"500480";"Japorã";"Não";"-";"Ciclistas";NA;NA;NA;NA;NA;NA;NA;NA;NA;NA;NA;NA;NA;NA;NA;NA;NA;NA;NA;NA;NA;NA;NA;NA;NA
50;"MS";5004908;"500490";"Jaraguari";"Não";"-";"Ciclistas";NA;NA;NA;NA;1;NA;NA;NA;NA;NA;NA;NA;NA;NA;NA;NA;NA;NA;NA;NA;NA;NA;NA;NA;NA
50;"MS";5005004;"500500";"Jardim";"Não";"-";"Ciclistas";NA;NA;NA;NA;NA;NA;NA;NA;NA;1;NA;NA;1;NA;NA;NA;NA;NA;NA;NA;NA;NA;NA;1;NA
50;"MS";5005103;"500510";"Jateí";"Não";"-";"Ciclistas";NA;NA;NA;NA;NA;NA;NA;NA;NA;NA;NA;NA;NA;NA;NA;NA;NA;NA;NA;NA;1;NA;NA;NA;NA
50;"MS";5005152;"500515";"Juti";"Não";"-";"Ciclistas";NA;NA;NA;NA;NA;NA;NA;1;NA;NA;NA;NA;NA;NA;1;NA;NA;NA;NA;NA;NA;NA;NA;NA;NA
50;"MS";5005251;"500525";"Laguna Carapã";"Não";"-";"Ciclistas";NA;NA;NA;NA;NA;NA;NA;NA;NA;NA;NA;NA;NA;NA;NA;NA;NA;NA;NA;NA;NA;NA;1;NA;NA
50;"MS";5005400;"500540";"Maracaju";"Não";"-";"Ciclistas";NA;NA;NA;NA;1;NA;1;1;NA;1;1;NA;NA;NA;NA;NA;NA;1;NA;NA;NA;NA;1;NA;NA
50;"MS";5005608;"500560";"Miranda";"Não";"-";"Ciclistas";NA;NA;NA;NA;NA;NA;NA;NA;NA;NA;NA;NA;1;NA;NA;NA;NA;NA;NA;NA;NA;NA;1;NA;NA
50;"MS";5005681;"500568";"Mundo Novo";"Não";"-";"Ciclistas";NA;NA;NA;NA;NA;NA;NA;NA;NA;NA;NA;NA;NA;NA;NA;NA;NA;NA;NA;NA;NA;NA;NA;NA;NA
50;"MS";5005707;"500570";"Naviraí";"Não";"-";"Ciclistas";NA;NA;NA;NA;NA;NA;NA;NA;NA;1;1;NA;NA;NA;1;NA;NA;1;1;NA;NA;NA;NA;NA;NA
50;"MS";5005806;"500580";"Nioaque";"Não";"-";"Ciclistas";NA;NA;NA;NA;NA;NA;NA;NA;NA;NA;NA;NA;1;NA;NA;NA;NA;NA;NA;NA;NA;NA;NA;NA;NA
50;"MS";5006002;"500600";"Nova Alvorada do Sul";"Não";"-";"Ciclistas";NA;NA;NA;NA;NA;1;1;NA;NA;NA;NA;2;2;NA;NA;1;NA;1;NA;NA;NA;1;1;NA;NA
50;"MS";5006200;"500620";"Nova Andradina";"Não";"-";"Ciclistas";NA;NA;NA;NA;NA;4;3;NA;1;1;NA;1;NA;1;1;2;2;NA;1;1;NA;NA;2;NA;NA
50;"MS";5006259;"500625";"Novo Horizonte do Sul";"Não";"-";"Ciclistas";NA;NA;NA;NA;NA;NA;NA;NA;NA;NA;NA;NA;NA;NA;NA;NA;NA;NA;NA;NA;NA;NA;NA;NA;NA
50;"MS";5006309;"500630";"Paranaíba";"Não";"-";"Ciclistas";NA;NA;NA;NA;NA;NA;NA;1;NA;NA;NA;1;NA;NA;NA;NA;NA;NA;NA;NA;NA;NA;NA;NA;NA
50;"MS";5006358;"500635";"Paranhos";"Não";"-";"Ciclistas";NA;NA;NA;NA;NA;NA;NA;NA;NA;NA;NA;NA;NA;NA;NA;NA;NA;NA;NA;NA;NA;NA;NA;NA;NA
50;"MS";5006606;"500660";"Ponta Porã";"Não";"-";"Ciclistas";NA;NA;1;NA;NA;1;2;1;1;3;1;NA;NA;1;NA;NA;NA;2;NA;1;1;NA;NA;NA;NA
50;"MS";5006903;"500690";"Porto Murtinho";"Não";"-";"Ciclistas";NA;NA;NA;NA;NA;NA;NA;NA;NA;NA;NA;NA;NA;NA;NA;NA;NA;NA;NA;NA;NA;NA;NA;NA;NA
50;"MS";5007109;"500710";"Ribas do Rio Pardo";"Não";"-";"Ciclistas";NA;NA;NA;1;NA;NA;NA;NA;NA;NA;NA;NA;NA;NA;NA;1;NA;NA;NA;NA;NA;NA;1;NA;NA
50;"MS";5007208;"500720";"Rio Brilhante";"Não";"-";"Ciclistas";NA;NA;NA;1;NA;1;1;1;NA;1;1;1;1;1;NA;NA;1;NA;NA;1;NA;NA;NA;NA;NA
50;"MS";5007406;"500740";"Rio Verde de Mato Grosso";"Não";"-";"Ciclistas";NA;NA;NA;NA;NA;NA;NA;NA;1;NA;NA;NA;NA;NA;1;NA;1;NA;NA;NA;NA;NA;NA;NA;NA
50;"MS";5007554;"500755";"Santa Rita do Pardo";"Não";"-";"Ciclistas";NA;NA;NA;NA;NA;NA;NA;NA;NA;NA;NA;NA;NA;NA;NA;NA;NA;NA;NA;NA;NA;NA;NA;NA;NA
50;"MS";5007695;"500769";"São Gabriel do Oeste";"Não";"-";"Ciclistas";NA;NA;NA;NA;NA;1;NA;NA;1;NA;NA;NA;NA;1;NA;NA;NA;1;NA;1;NA;NA;NA;NA;NA
50;"MS";5007703;"500770";"Sete Quedas";"Não";"-";"Ciclistas";NA;NA;NA;NA;NA;NA;NA;NA;NA;NA;NA;NA;NA;NA;NA;NA;NA;NA;NA;NA;NA;NA;NA;NA;NA
50;"MS";5007802;"500780";"Selvíria";"Não";"-";"Ciclistas";NA;NA;NA;NA;NA;NA;NA;NA;NA;NA;NA;NA;NA;NA;NA;NA;NA;NA;NA;NA;NA;NA;NA;NA;NA
50;"MS";5007901;"500790";"Sidrolândia";"Não";"-";"Ciclistas";NA;NA;NA;NA;NA;NA;NA;NA;NA;NA;1;NA;NA;NA;NA;NA;NA;NA;NA;NA;1;NA;1;NA;NA
50;"MS";5007935;"500793";"Sonora";"Não";"-";"Ciclistas";NA;NA;NA;NA;NA;1;NA;1;NA;NA;NA;NA;NA;NA;NA;NA;NA;NA;NA;NA;NA;NA;NA;NA;NA
50;"MS";5007950;"500795";"Tacuru";"Não";"-";"Ciclistas";NA;NA;NA;NA;NA;NA;NA;NA;NA;NA;1;NA;NA;NA;NA;NA;NA;NA;NA;NA;NA;NA;NA;NA;NA
50;"MS";5008008;"500800";"Terenos";"Não";"-";"Ciclistas";NA;NA;NA;NA;NA;NA;NA;1;NA;NA;NA;NA;1;NA;NA;NA;1;1;NA;NA;NA;1;NA;NA;NA
50;"MS";5008305;"500830";"Três Lagoas";"Não";"-";"Ciclistas";NA;NA;NA;NA;NA;NA;4;1;2;NA;2;5;2;2;3;1;NA;1;4;1;2;1;1;2;NA
50;"MS";5008404;"500840";"Vicentina";"Não";"-";"Ciclistas";NA;NA;NA;NA;1;NA;NA;NA;NA;NA;NA;1;NA;NA;NA;NA;NA;NA;NA;NA;NA;NA;NA;NA;NA
51;"MT";5100201;"510020";"Água Boa";"Não";"-";"Ciclistas";NA;1;NA;NA;1;NA;1;1;NA;NA;1;NA;NA;1;NA;NA;NA;NA;NA;1;NA;NA;NA;NA;NA
51;"MT";5100250;"510025";"Alta Floresta";"Não";"-";"Ciclistas";NA;1;NA;NA;NA;1;NA;NA;NA;1;NA;NA;NA;1;NA;1;NA;NA;NA;1;NA;1;NA;NA;NA
51;"MT";5100300;"510030";"Alto Araguaia";"Não";"-";"Ciclistas";NA;NA;NA;NA;NA;1;NA;NA;NA;NA;NA;NA;NA;NA;NA;NA;NA;NA;1;NA;NA;NA;NA;NA;NA
51;"MT";5100409;"510040";"Alto Garças";"Não";"-";"Ciclistas";NA;NA;NA;NA;NA;NA;1;NA;NA;NA;NA;NA;1;1;NA;NA;NA;NA;NA;NA;NA;NA;NA;NA;NA
51;"MT";5100508;"510050";"Alto Paraguai";"Não";"-";"Ciclistas";NA;NA;NA;NA;NA;NA;NA;NA;NA;NA;NA;NA;NA;NA;NA;NA;1;NA;NA;NA;NA;NA;NA;NA;NA
51;"MT";5100607;"510060";"Alto Taquari";"Não";"-";"Ciclistas";NA;NA;NA;NA;NA;1;NA;NA;NA;NA;NA;NA;NA;NA;NA;NA;NA;NA;NA;NA;NA;NA;NA;NA;NA
51;"MT";5101258;"510125";"Araputanga";"Não";"-";"Ciclistas";NA;NA;NA;NA;NA;NA;NA;NA;NA;NA;NA;NA;NA;NA;NA;1;NA;NA;NA;NA;NA;NA;NA;NA;NA
51;"MT";5101308;"510130";"Arenápolis";"Não";"-";"Ciclistas";2;NA;NA;NA;NA;NA;NA;NA;NA;NA;NA;NA;NA;NA;NA;NA;NA;NA;NA;NA;NA;NA;NA;NA;NA
51;"MT";5101407;"510140";"Aripuanã";"Não";"-";"Ciclistas";NA;NA;1;NA;NA;NA;NA;NA;NA;NA;NA;NA;NA;NA;NA;NA;NA;NA;NA;NA;NA;NA;NA;NA;NA
51;"MT";5101704;"510170";"Barra do Bugres";"Não";"-";"Ciclistas";NA;NA;NA;NA;NA;NA;2;2;NA;NA;1;NA;NA;NA;NA;NA;NA;1;1;NA;NA;NA;NA;NA;NA
51;"MT";5101803;"510180";"Barra do Garças";"Não";"-";"Ciclistas";NA;NA;NA;NA;1;NA;NA;NA;NA;NA;1;1;NA;NA;NA;NA;NA;NA;1;NA;NA;NA;1;NA;NA
51;"MT";5101902;"510190";"Brasnorte";"Não";"-";"Ciclistas";NA;NA;NA;NA;NA;NA;NA;NA;NA;NA;NA;NA;NA;NA;NA;NA;NA;NA;NA;NA;NA;NA;NA;NA;NA
51;"MT";5102504;"510250";"Cáceres";"Não";"-";"Ciclistas";3;NA;NA;NA;1;2;2;4;4;2;NA;1;5;3;5;3;1;3;2;NA;NA;1;1;2;NA
51;"MT";5102603;"510260";"Campinápolis";"Não";"-";"Ciclistas";NA;NA;NA;NA;NA;NA;NA;NA;NA;NA;NA;NA;NA;NA;NA;NA;NA;NA;NA;NA;NA;NA;NA;NA;NA
51;"MT";5102637;"510263";"Campo Novo do Parecis";"Não";"-";"Ciclistas";2;NA;NA;NA;1;NA;NA;NA;1;NA;1;NA;NA;NA;1;NA;NA;NA;2;1;NA;NA;NA;2;NA
51;"MT";5102678;"510267";"Campo Verde";"Não";"-";"Ciclistas";NA;NA;NA;NA;NA;NA;NA;1;NA;NA;NA;1;NA;NA;NA;NA;NA;NA;NA;NA;NA;NA;1;1;NA
51;"MT";5102686;"510268";"Campos de Júlio";"Não";"-";"Ciclistas";NA;NA;NA;NA;NA;NA;NA;NA;NA;NA;NA;NA;NA;NA;NA;NA;NA;NA;NA;NA;NA;1;NA;NA;NA
51;"MT";5102702;"510270";"Canarana";"Não";"-";"Ciclistas";NA;NA;NA;NA;NA;NA;NA;1;NA;NA;1;NA;NA;NA;NA;NA;NA;NA;1;NA;NA;NA;1;1;NA
51;"MT";5102793;"510279";"Carlinda";"Não";"-";"Ciclistas";NA;NA;NA;NA;NA;NA;NA;1;NA;NA;NA;NA;NA;NA;NA;NA;NA;NA;NA;NA;NA;NA;NA;NA;NA
51;"MT";5103007;"510300";"Chapada dos Guimarães";"Não";"Região Metropolitana do Vale do Rio Cuiabá";"Ciclistas";NA;NA;NA;1;NA;NA;NA;1;NA;NA;NA;NA;NA;NA;NA;NA;NA;NA;NA;NA;NA;2;NA;NA;NA
51;"MT";5103056;"510305";"Cláudia";"Não";"-";"Ciclistas";NA;NA;NA;NA;NA;1;NA;NA;NA;NA;NA;NA;NA;NA;NA;NA;NA;NA;NA;NA;NA;NA;NA;NA;NA
51;"MT";5103205;"510320";"Colíder";"Não";"-";"Ciclistas";NA;NA;NA;NA;NA;NA;NA;1;NA;NA;1;1;NA;1;NA;NA;NA;NA;1;NA;2;1;NA;NA;NA
51;"MT";5103254;"510325";"Colniza";"Não";"-";"Ciclistas";NA;NA;NA;NA;NA;NA;NA;NA;NA;NA;NA;NA;NA;NA;NA;NA;NA;NA;NA;NA;NA;NA;NA;NA;NA
51;"MT";5103304;"510330";"Comodoro";"Não";"-";"Ciclistas";NA;1;NA;NA;NA;NA;NA;NA;NA;NA;NA;NA;NA;NA;NA;NA;NA;NA;NA;NA;NA;NA;NA;NA;NA
51;"MT";5103353;"510335";"Confresa";"Não";"-";"Ciclistas";NA;NA;NA;NA;NA;NA;NA;NA;NA;NA;NA;NA;NA;NA;1;1;NA;1;2;1;3;NA;NA;1;NA
51;"MT";5103361;"510336";"Conquista D'Oeste";"Não";"-";"Ciclistas";NA;NA;NA;NA;NA;NA;NA;NA;NA;NA;NA;NA;NA;NA;NA;NA;NA;NA;1;NA;NA;NA;NA;1;NA
51;"MT";5103403;"510340";"Cuiabá";"Sim";"Região Metropolitana do Vale do Rio Cuiabá";"Ciclistas";5;1;5;4;5;4;2;4;3;3;3;5;3;5;5;6;6;3;7;6;3;3;4;5;NA
51;"MT";5103437;"510343";"Curvelândia";"Não";"-";"Ciclistas";NA;NA;NA;NA;NA;NA;NA;NA;NA;NA;NA;NA;NA;NA;NA;NA;NA;NA;NA;NA;NA;NA;NA;NA;NA
51;"MT";5103452;"510345";"Denise";"Não";"-";"Ciclistas";NA;NA;NA;NA;NA;NA;NA;NA;NA;NA;NA;NA;1;NA;NA;NA;NA;NA;NA;NA;NA;NA;NA;NA;NA
51;"MT";5103502;"510350";"Diamantino";"Não";"-";"Ciclistas";NA;NA;NA;NA;NA;NA;NA;1;NA;NA;NA;1;NA;NA;NA;NA;NA;NA;NA;NA;NA;NA;NA;NA;NA
51;"MT";5103601;"510360";"Dom Aquino";"Não";"-";"Ciclistas";NA;NA;NA;NA;NA;NA;NA;NA;NA;NA;NA;NA;NA;NA;NA;1;NA;NA;NA;NA;NA;1;NA;NA;NA
51;"MT";5103700;"510370";"Feliz Natal";"Não";"-";"Ciclistas";NA;NA;NA;NA;NA;NA;NA;2;NA;NA;NA;NA;NA;NA;NA;NA;NA;NA;NA;NA;NA;NA;NA;NA;NA
51;"MT";5103809;"510380";"Figueirópolis D'Oeste";"Não";"-";"Ciclistas";NA;NA;NA;NA;NA;NA;NA;NA;NA;NA;NA;NA;NA;NA;NA;NA;NA;NA;NA;NA;NA;NA;NA;NA;NA
51;"MT";5103858;"510385";"Gaúcha do Norte";"Não";"-";"Ciclistas";NA;NA;NA;NA;NA;NA;NA;NA;NA;NA;NA;NA;NA;NA;NA;NA;NA;1;NA;NA;NA;NA;NA;NA;NA
51;"MT";5103957;"510395";"Glória D'Oeste";"Não";"-";"Ciclistas";NA;NA;NA;NA;NA;NA;NA;1;NA;NA;NA;NA;NA;NA;NA;NA;NA;NA;NA;NA;NA;NA;NA;NA;NA
51;"MT";5104104;"510410";"Guarantã do Norte";"Não";"-";"Ciclistas";NA;NA;NA;NA;NA;NA;NA;NA;NA;NA;1;NA;NA;NA;NA;NA;NA;NA;NA;NA;NA;NA;NA;NA;NA
51;"MT";5104203;"510420";"Guiratinga";"Não";"-";"Ciclistas";NA;NA;NA;NA;NA;NA;NA;NA;1;NA;NA;NA;NA;NA;NA;NA;NA;NA;NA;NA;NA;NA;NA;NA;NA
51;"MT";5104500;"510450";"Indiavaí";"Não";"-";"Ciclistas";NA;NA;NA;NA;NA;NA;1;NA;NA;NA;NA;NA;NA;NA;NA;NA;NA;NA;NA;NA;NA;NA;NA;NA;NA
51;"MT";5104542;"510454";"Itanhangá";"Não";"-";"Ciclistas";NA;NA;NA;NA;NA;NA;NA;NA;NA;NA;NA;NA;NA;NA;NA;NA;NA;NA;NA;NA;NA;NA;NA;NA;NA
51;"MT";5104559;"510455";"Itaúba";"Não";"-";"Ciclistas";NA;NA;NA;NA;NA;NA;1;NA;NA;NA;NA;NA;NA;NA;NA;NA;NA;NA;1;NA;NA;NA;NA;NA;NA
51;"MT";5104609;"510460";"Itiquira";"Não";"-";"Ciclistas";NA;NA;NA;NA;NA;NA;NA;NA;NA;NA;NA;NA;NA;NA;NA;NA;NA;1;NA;NA;NA;NA;NA;NA;NA
51;"MT";5104807;"510480";"Jaciara";"Não";"-";"Ciclistas";NA;NA;NA;1;NA;1;NA;NA;NA;NA;NA;NA;NA;NA;NA;1;NA;NA;NA;NA;NA;NA;1;NA;NA
51;"MT";5104906;"510490";"Jangada";"Não";"Entorno Metropolitano da RM Vale do Rio Cuiabá";"Ciclistas";NA;1;NA;NA;NA;NA;NA;1;NA;NA;NA;NA;NA;1;NA;NA;NA;NA;NA;NA;1;NA;NA;NA;NA
51;"MT";5105101;"510510";"Juara";"Não";"-";"Ciclistas";NA;NA;NA;NA;NA;1;3;1;2;NA;NA;NA;NA;NA;NA;NA;NA;NA;NA;2;NA;NA;1;NA;NA
51;"MT";5105150;"510515";"Juína";"Não";"-";"Ciclistas";NA;NA;NA;NA;NA;NA;1;2;1;2;3;1;1;1;NA;2;NA;NA;NA;NA;NA;NA;NA;NA;NA
51;"MT";5105200;"510520";"Juscimeira";"Não";"-";"Ciclistas";NA;NA;NA;NA;NA;NA;NA;NA;NA;NA;NA;NA;1;NA;NA;NA;NA;NA;NA;NA;NA;NA;NA;NA;NA
51;"MT";5105234;"510523";"Lambari D'Oeste";"Não";"-";"Ciclistas";NA;NA;NA;NA;NA;NA;NA;NA;NA;NA;NA;1;NA;NA;NA;NA;NA;NA;NA;NA;1;NA;NA;NA;NA
51;"MT";5105259;"510525";"Lucas do Rio Verde";"Não";"-";"Ciclistas";NA;NA;NA;NA;NA;NA;1;NA;1;3;NA;1;2;1;1;1;NA;NA;1;NA;NA;1;1;NA;NA
51;"MT";5105507;"510550";"Vila Bela da Santíssima Trindade";"Não";"-";"Ciclistas";NA;NA;NA;NA;NA;NA;NA;NA;NA;NA;NA;1;NA;NA;NA;NA;NA;NA;NA;NA;NA;NA;NA;NA;NA
51;"MT";5105606;"510560";"Matupá";"Não";"-";"Ciclistas";NA;NA;NA;NA;NA;NA;NA;NA;NA;2;1;1;NA;NA;NA;NA;NA;NA;NA;NA;1;NA;NA;1;NA
51;"MT";5105622;"510562";"Mirassol d'Oeste";"Não";"-";"Ciclistas";NA;NA;NA;NA;NA;NA;NA;NA;NA;NA;NA;NA;NA;NA;NA;NA;NA;NA;NA;NA;NA;1;1;1;NA
51;"MT";5105903;"510590";"Nobres";"Não";"Entorno Metropolitano da RM Vale do Rio Cuiabá";"Ciclistas";NA;NA;NA;NA;1;NA;NA;NA;NA;NA;NA;NA;NA;NA;1;NA;NA;NA;NA;NA;1;NA;NA;NA;NA
51;"MT";5106000;"510600";"Nortelândia";"Não";"-";"Ciclistas";NA;NA;NA;NA;NA;NA;NA;NA;1;NA;NA;1;NA;NA;NA;NA;NA;NA;NA;NA;NA;NA;NA;NA;NA
51;"MT";5106109;"510610";"Nossa Senhora do Livramento";"Não";"Região Metropolitana do Vale do Rio Cuiabá";"Ciclistas";NA;NA;NA;NA;NA;NA;1;NA;NA;NA;NA;NA;NA;NA;NA;NA;NA;NA;NA;1;NA;NA;NA;NA;NA
51;"MT";5106174;"510617";"Nova Nazaré";"Não";"-";"Ciclistas";NA;NA;NA;NA;NA;NA;NA;1;NA;NA;NA;NA;NA;NA;NA;NA;NA;NA;NA;NA;NA;NA;NA;NA;NA
51;"MT";5106182;"510618";"Nova Lacerda";"Não";"-";"Ciclistas";NA;NA;NA;NA;NA;NA;NA;NA;NA;NA;NA;NA;NA;NA;1;NA;NA;NA;NA;NA;NA;NA;NA;NA;NA
51;"MT";5106216;"510621";"Nova Canaã do Norte";"Não";"-";"Ciclistas";NA;NA;NA;NA;NA;NA;NA;NA;NA;NA;NA;NA;NA;1;NA;NA;NA;NA;NA;NA;NA;NA;NA;NA;NA
51;"MT";5106224;"510622";"Nova Mutum";"Não";"-";"Ciclistas";NA;NA;NA;NA;NA;NA;NA;NA;1;1;NA;1;1;NA;1;NA;NA;NA;1;NA;NA;1;3;1;NA
51;"MT";5106232;"510623";"Nova Olímpia";"Não";"-";"Ciclistas";NA;NA;NA;NA;NA;NA;NA;NA;NA;NA;NA;NA;NA;NA;1;NA;NA;NA;NA;NA;NA;NA;NA;NA;NA
51;"MT";5106240;"510624";"Nova Ubiratã";"Não";"-";"Ciclistas";NA;NA;NA;NA;NA;NA;NA;NA;NA;NA;NA;NA;NA;NA;NA;NA;NA;NA;NA;NA;NA;NA;NA;NA;NA
51;"MT";5106257;"510625";"Nova Xavantina";"Não";"-";"Ciclistas";NA;NA;NA;NA;1;NA;NA;1;NA;1;1;NA;NA;NA;NA;NA;NA;1;NA;NA;NA;NA;1;NA;NA
51;"MT";5106299;"510629";"Paranaíta";"Não";"-";"Ciclistas";NA;NA;NA;NA;NA;NA;NA;NA;NA;NA;NA;NA;NA;NA;NA;1;NA;NA;NA;NA;NA;NA;NA;NA;NA
51;"MT";5106307;"510630";"Paranatinga";"Não";"-";"Ciclistas";NA;NA;NA;NA;NA;NA;NA;NA;NA;NA;NA;NA;NA;NA;NA;NA;NA;NA;NA;NA;NA;NA;NA;NA;NA
51;"MT";5106422;"510642";"Peixoto de Azevedo";"Não";"-";"Ciclistas";NA;1;NA;NA;NA;NA;NA;1;NA;NA;2;3;NA;NA;NA;NA;NA;1;NA;1;NA;NA;NA;NA;NA
51;"MT";5106505;"510650";"Poconé";"Não";"Entorno Metropolitano da RM Vale do Rio Cuiabá";"Ciclistas";NA;NA;NA;NA;NA;NA;NA;NA;2;NA;NA;2;NA;1;2;NA;NA;1;NA;1;NA;1;NA;NA;NA
51;"MT";5106653;"510665";"Pontal do Araguaia";"Não";"-";"Ciclistas";NA;NA;NA;NA;NA;1;NA;NA;NA;NA;NA;NA;1;NA;NA;NA;NA;NA;NA;NA;NA;NA;NA;NA;NA
51;"MT";5106752;"510675";"Pontes e Lacerda";"Não";"-";"Ciclistas";1;NA;NA;NA;NA;NA;NA;1;NA;NA;5;NA;NA;1;NA;1;NA;NA;NA;NA;1;NA;NA;NA;NA
51;"MT";5106778;"510677";"Porto Alegre do Norte";"Não";"-";"Ciclistas";NA;NA;NA;NA;NA;NA;NA;NA;NA;1;NA;NA;NA;NA;NA;NA;NA;NA;NA;NA;NA;NA;NA;NA;NA
51;"MT";5106802;"510680";"Porto dos Gaúchos";"Não";"-";"Ciclistas";NA;NA;NA;NA;NA;NA;NA;1;NA;NA;NA;NA;NA;NA;NA;NA;NA;NA;NA;NA;1;NA;NA;NA;NA
51;"MT";5106828;"510682";"Porto Esperidião";"Não";"-";"Ciclistas";NA;NA;NA;NA;NA;2;1;NA;1;NA;NA;NA;NA;NA;NA;NA;NA;NA;NA;NA;NA;NA;NA;NA;NA
51;"MT";5107008;"510700";"Poxoréu";"Não";"-";"Ciclistas";NA;NA;NA;NA;NA;NA;NA;1;NA;NA;NA;2;NA;NA;NA;1;NA;NA;NA;1;NA;NA;NA;NA;NA
51;"MT";5107040;"510704";"Primavera do Leste";"Não";"-";"Ciclistas";NA;1;NA;NA;NA;NA;NA;NA;1;NA;NA;NA;NA;1;NA;NA;NA;NA;NA;1;NA;NA;2;1;NA
51;"MT";5107065;"510706";"Querência";"Não";"-";"Ciclistas";NA;NA;NA;NA;NA;NA;NA;NA;NA;NA;NA;NA;NA;1;NA;1;NA;2;NA;NA;NA;NA;NA;NA;NA
51;"MT";5107107;"510710";"São José dos Quatro Marcos";"Não";"-";"Ciclistas";NA;NA;NA;NA;NA;1;1;NA;NA;NA;NA;1;NA;NA;NA;NA;NA;NA;NA;NA;NA;NA;NA;NA;NA
51;"MT";5107180;"510718";"Ribeirão Cascalheira";"Não";"-";"Ciclistas";NA;NA;NA;NA;NA;1;NA;NA;NA;NA;NA;NA;NA;1;NA;NA;NA;NA;NA;NA;NA;NA;NA;NA;NA
51;"MT";5107206;"510720";"Rio Branco";"Não";"-";"Ciclistas";NA;NA;NA;NA;NA;NA;NA;NA;NA;NA;NA;NA;NA;NA;NA;NA;NA;1;NA;NA;NA;NA;NA;NA;NA
51;"MT";5107248;"510724";"Santa Carmem";"Não";"-";"Ciclistas";NA;NA;NA;NA;NA;NA;NA;NA;NA;NA;NA;NA;NA;NA;NA;NA;NA;NA;NA;1;NA;NA;NA;NA;NA
51;"MT";5107305;"510730";"São José do Rio Claro";"Não";"-";"Ciclistas";NA;NA;NA;NA;NA;1;NA;NA;NA;NA;1;NA;NA;NA;NA;NA;NA;NA;NA;NA;NA;1;NA;NA;NA
51;"MT";5107404;"510740";"São Pedro da Cipa";"Não";"-";"Ciclistas";NA;NA;NA;NA;NA;NA;NA;NA;NA;NA;NA;NA;NA;NA;NA;NA;NA;NA;NA;NA;NA;NA;NA;NA;NA
51;"MT";5107602;"510760";"Rondonópolis";"Não";"-";"Ciclistas";1;NA;1;1;1;2;3;1;2;2;2;1;NA;1;1;1;2;3;1;NA;2;4;3;2;NA
51;"MT";5107701;"510770";"Rosário Oeste";"Não";"Entorno Metropolitano da RM Vale do Rio Cuiabá";"Ciclistas";NA;NA;NA;NA;NA;NA;NA;NA;1;1;NA;NA;NA;NA;NA;NA;NA;NA;NA;1;NA;NA;NA;NA;NA
51;"MT";5107750;"510775";"Salto do Céu";"Não";"-";"Ciclistas";NA;1;NA;NA;NA;NA;NA;NA;NA;NA;NA;NA;NA;NA;NA;NA;NA;NA;NA;NA;NA;NA;NA;NA;NA
51;"MT";5107768;"510776";"Santa Rita do Trivelato";"Não";"-";"Ciclistas";NA;NA;NA;NA;NA;NA;NA;NA;NA;NA;NA;NA;NA;NA;NA;NA;1;NA;NA;NA;NA;NA;NA;NA;NA
51;"MT";5107800;"510780";"Santo Antônio de Leverger";"Não";"Região Metropolitana do Vale do Rio Cuiabá";"Ciclistas";NA;NA;NA;NA;1;NA;NA;NA;NA;NA;NA;NA;NA;NA;NA;NA;NA;1;NA;NA;NA;NA;NA;NA;NA
51;"MT";5107875;"510787";"Sapezal";"Não";"-";"Ciclistas";NA;NA;NA;NA;1;NA;NA;1;NA;NA;NA;NA;NA;NA;NA;NA;NA;NA;NA;NA;NA;NA;NA;3;NA
51;"MT";5107883;"510788";"Serra Nova Dourada";"Não";"-";"Ciclistas";NA;NA;NA;NA;NA;NA;NA;NA;NA;NA;NA;NA;NA;NA;NA;NA;NA;NA;NA;NA;NA;NA;NA;1;NA
51;"MT";5107909;"510790";"Sinop";"Não";"-";"Ciclistas";1;NA;1;NA;1;2;2;NA;NA;1;2;2;6;2;6;NA;4;2;6;2;2;7;1;6;NA
51;"MT";5107925;"510792";"Sorriso";"Não";"-";"Ciclistas";NA;1;NA;NA;2;NA;4;3;2;2;1;1;2;NA;NA;3;NA;NA;2;2;3;NA;2;NA;NA
51;"MT";5107941;"510794";"Tabaporã";"Não";"-";"Ciclistas";NA;NA;NA;NA;1;NA;NA;NA;NA;NA;NA;1;NA;NA;NA;NA;NA;NA;NA;NA;NA;NA;NA;NA;NA
51;"MT";5107958;"510795";"Tangará da Serra";"Não";"-";"Ciclistas";NA;1;1;1;3;NA;NA;2;1;1;1;2;4;1;1;1;2;4;1;NA;1;NA;NA;NA;NA
51;"MT";5108006;"510800";"Tapurah";"Não";"-";"Ciclistas";NA;NA;NA;NA;NA;NA;NA;NA;NA;1;NA;NA;1;1;NA;NA;NA;NA;NA;NA;NA;1;NA;NA;NA
51;"MT";5108055;"510805";"Terra Nova do Norte";"Não";"-";"Ciclistas";NA;NA;NA;NA;1;NA;NA;NA;NA;NA;NA;NA;NA;NA;NA;NA;NA;NA;1;NA;NA;NA;NA;NA;NA
51;"MT";5108352;"510835";"Vale de São Domingos";"Não";"-";"Ciclistas";NA;NA;NA;NA;NA;1;NA;NA;NA;NA;NA;NA;NA;NA;NA;NA;NA;NA;NA;NA;NA;NA;NA;NA;NA
51;"MT";5108402;"510840";"Várzea Grande";"Não";"Região Metropolitana do Vale do Rio Cuiabá";"Ciclistas";2;2;1;2;1;2;3;NA;1;3;NA;3;1;1;NA;NA;2;4;2;NA;1;NA;3;3;NA
51;"MT";5108501;"510850";"Vera";"Não";"-";"Ciclistas";NA;NA;NA;NA;NA;NA;NA;NA;NA;NA;NA;NA;NA;NA;NA;NA;NA;NA;NA;NA;NA;2;NA;NA;NA
51;"MT";5108600;"510860";"Vila Rica";"Não";"-";"Ciclistas";NA;NA;NA;NA;NA;NA;NA;NA;NA;NA;NA;NA;NA;NA;NA;NA;NA;2;NA;NA;NA;NA;NA;NA;NA
51;"MT";5108857;"510885";"Nova Marilândia";"Não";"-";"Ciclistas";NA;NA;NA;NA;NA;NA;NA;NA;NA;NA;NA;NA;1;NA;NA;NA;NA;NA;NA;NA;NA;NA;NA;NA;NA
52;"GO";5200050;"520005";"Abadia de Goiás";"Não";"Região Metropolitana de Goiânia";"Ciclistas";NA;NA;NA;NA;NA;NA;NA;NA;NA;NA;NA;NA;NA;NA;NA;NA;NA;NA;1;NA;NA;NA;NA;NA;NA
52;"GO";5200100;"520010";"Abadiânia";"Não";"Região Integrada de Desenvolvimento do Distrito Federal e Entorno";"Ciclistas";NA;NA;NA;NA;NA;NA;NA;NA;NA;NA;1;NA;NA;NA;NA;NA;NA;NA;NA;NA;NA;NA;NA;1;NA
52;"GO";5200134;"520013";"Acreúna";"Não";"-";"Ciclistas";NA;NA;NA;NA;NA;NA;NA;NA;NA;NA;NA;NA;NA;NA;NA;NA;NA;NA;2;NA;NA;NA;NA;NA;NA
52;"GO";5200175;"520017";"Água Fria de Goiás";"Não";"Região Integrada de Desenvolvimento do Distrito Federal e Entorno";"Ciclistas";NA;NA;NA;NA;NA;NA;NA;NA;1;NA;NA;NA;NA;NA;NA;NA;NA;NA;NA;NA;NA;NA;NA;NA;NA
52;"GO";5200258;"520025";"Águas Lindas de Goiás";"Não";"Região Integrada de Desenvolvimento do Distrito Federal e Entorno";"Ciclistas";NA;NA;NA;NA;NA;2;1;NA;NA;NA;1;NA;NA;NA;NA;NA;NA;NA;NA;NA;3;NA;NA;NA;NA
52;"GO";5200308;"520030";"Alexânia";"Não";"Região Integrada de Desenvolvimento do Distrito Federal e Entorno";"Ciclistas";NA;NA;NA;NA;NA;1;NA;NA;NA;NA;NA;NA;NA;NA;NA;NA;NA;NA;NA;NA;NA;NA;NA;NA;NA
52;"GO";5200506;"520050";"Aloândia";"Não";"-";"Ciclistas";NA;NA;NA;NA;1;NA;NA;NA;NA;NA;NA;NA;NA;NA;NA;NA;NA;NA;NA;NA;NA;NA;NA;NA;NA
52;"GO";5200803;"520080";"Alvorada do Norte";"Não";"Região Integrada de Desenvolvimento do Distrito Federal e Entorno";"Ciclistas";NA;NA;NA;NA;NA;1;NA;NA;1;NA;NA;NA;1;NA;NA;NA;1;NA;NA;NA;NA;NA;NA;NA;NA
52;"GO";5200852;"520085";"Americano do Brasil";"Não";"-";"Ciclistas";NA;NA;NA;NA;NA;NA;NA;NA;NA;1;NA;NA;NA;NA;NA;NA;NA;NA;NA;NA;NA;NA;NA;NA;NA
52;"GO";5201108;"520110";"Anápolis";"Não";"-";"Ciclistas";NA;3;3;4;2;4;NA;4;5;3;6;4;4;2;3;2;3;2;5;5;5;5;4;3;NA
52;"GO";5201306;"520130";"Anicuns";"Não";"-";"Ciclistas";NA;NA;NA;NA;NA;NA;NA;NA;NA;NA;NA;NA;NA;NA;NA;NA;NA;NA;NA;NA;NA;NA;NA;1;NA
52;"GO";5201405;"520140";"Aparecida de Goiânia";"Não";"Região Metropolitana de Goiânia";"Ciclistas";NA;1;2;1;5;1;NA;NA;1;2;NA;2;1;1;2;NA;1;2;1;3;1;2;2;2;NA
52;"GO";5201504;"520150";"Aporé";"Não";"-";"Ciclistas";NA;NA;NA;NA;NA;NA;NA;NA;NA;NA;NA;NA;NA;NA;NA;NA;NA;NA;NA;NA;NA;NA;NA;NA;NA
52;"GO";5201702;"520170";"Aragarças";"Não";"-";"Ciclistas";NA;NA;NA;NA;NA;NA;NA;NA;NA;1;NA;1;NA;1;NA;NA;NA;NA;NA;NA;1;NA;NA;NA;NA
52;"GO";5201801;"520180";"Aragoiânia";"Não";"Região Metropolitana de Goiânia";"Ciclistas";NA;NA;NA;NA;NA;NA;NA;NA;NA;NA;NA;NA;NA;NA;1;NA;NA;NA;NA;NA;NA;NA;NA;NA;NA
52;"GO";5202353;"520235";"Arenópolis";"Não";"-";"Ciclistas";NA;NA;NA;NA;NA;NA;NA;NA;NA;NA;NA;NA;1;NA;NA;NA;NA;NA;NA;NA;NA;NA;NA;NA;NA
52;"GO";5202502;"520250";"Aruanã";"Não";"-";"Ciclistas";NA;NA;NA;NA;NA;NA;NA;NA;NA;NA;NA;NA;NA;NA;NA;NA;NA;NA;NA;NA;NA;1;NA;NA;NA
52;"GO";5203203;"520320";"Barro Alto";"Não";"Região Integrada de Desenvolvimento do Distrito Federal e Entorno";"Ciclistas";NA;NA;NA;NA;NA;NA;NA;NA;NA;NA;NA;NA;NA;NA;NA;NA;NA;NA;NA;NA;NA;NA;NA;NA;NA
52;"GO";5203302;"520330";"Bela Vista de Goiás";"Não";"Região Metropolitana de Goiânia";"Ciclistas";NA;NA;NA;NA;NA;NA;NA;1;1;NA;NA;NA;NA;1;2;NA;NA;NA;NA;NA;NA;NA;NA;NA;NA
52;"GO";5203401;"520340";"Bom Jardim de Goiás";"Não";"-";"Ciclistas";NA;NA;NA;NA;NA;NA;NA;NA;NA;NA;NA;NA;NA;NA;1;NA;NA;NA;NA;NA;NA;NA;NA;NA;NA
52;"GO";5203500;"520350";"Bom Jesus de Goiás";"Não";"-";"Ciclistas";NA;NA;NA;1;NA;NA;NA;NA;NA;NA;NA;NA;NA;1;NA;NA;NA;NA;NA;NA;NA;NA;NA;NA;NA
52;"GO";5203609;"520360";"Brazabrantes";"Não";"Região Metropolitana de Goiânia";"Ciclistas";NA;NA;NA;NA;NA;NA;NA;NA;NA;NA;NA;NA;NA;NA;NA;NA;1;NA;1;NA;NA;NA;NA;NA;NA
52;"GO";5203906;"520390";"Buriti Alegre";"Não";"-";"Ciclistas";NA;NA;NA;NA;NA;NA;NA;NA;NA;NA;NA;NA;NA;NA;NA;NA;NA;NA;NA;NA;1;NA;NA;NA;NA
52;"GO";5204003;"520400";"Cabeceiras";"Não";"Região Integrada de Desenvolvimento do Distrito Federal e Entorno";"Ciclistas";NA;NA;NA;NA;NA;NA;NA;NA;NA;NA;NA;NA;NA;NA;NA;NA;NA;NA;NA;NA;NA;NA;1;NA;NA
52;"GO";5204250;"520425";"Cachoeira Dourada";"Não";"-";"Ciclistas";NA;NA;NA;NA;NA;NA;NA;NA;NA;NA;NA;NA;NA;NA;NA;NA;NA;NA;NA;NA;NA;NA;NA;NA;NA
52;"GO";5204409;"520440";"Caiapônia";"Não";"-";"Ciclistas";NA;NA;NA;NA;NA;NA;NA;NA;NA;NA;NA;NA;NA;NA;NA;NA;NA;NA;NA;NA;NA;NA;NA;NA;NA
52;"GO";5204508;"520450";"Caldas Novas";"Não";"-";"Ciclistas";NA;NA;NA;NA;NA;1;NA;NA;NA;NA;NA;NA;NA;NA;NA;1;NA;NA;1;NA;2;NA;NA;NA;NA
52;"GO";5204557;"520455";"Caldazinha";"Não";"Região Metropolitana de Goiânia";"Ciclistas";NA;NA;NA;NA;NA;NA;NA;NA;NA;NA;NA;NA;NA;NA;NA;NA;NA;1;NA;NA;NA;NA;NA;NA;NA
52;"GO";5204706;"520470";"Campinorte";"Não";"-";"Ciclistas";NA;NA;NA;NA;NA;NA;NA;NA;NA;NA;NA;NA;NA;NA;NA;NA;NA;1;NA;NA;NA;NA;NA;NA;NA
52;"GO";5204904;"520490";"Campos Belos";"Não";"-";"Ciclistas";NA;NA;2;NA;NA;NA;NA;NA;NA;NA;NA;NA;1;NA;NA;NA;NA;NA;NA;NA;NA;NA;NA;NA;NA
52;"GO";5204953;"520495";"Campos Verdes";"Não";"-";"Ciclistas";NA;NA;NA;NA;NA;NA;NA;NA;NA;NA;NA;NA;NA;NA;NA;NA;NA;NA;NA;NA;NA;NA;NA;NA;NA
52;"GO";5205109;"520510";"Catalão";"Não";"-";"Ciclistas";NA;NA;NA;1;NA;NA;NA;1;NA;NA;NA;NA;NA;NA;NA;NA;1;1;NA;1;NA;1;NA;1;NA
52;"GO";5205406;"520540";"Ceres";"Não";"-";"Ciclistas";NA;NA;NA;NA;1;NA;NA;NA;NA;NA;NA;NA;NA;NA;1;NA;NA;NA;NA;NA;NA;NA;NA;NA;NA
52;"GO";5205455;"520545";"Cezarina";"Não";"-";"Ciclistas";NA;NA;NA;NA;NA;NA;NA;NA;NA;NA;NA;NA;NA;NA;NA;NA;NA;NA;NA;NA;NA;NA;NA;1;NA
52;"GO";5205471;"520547";"Chapadão do Céu";"Não";"-";"Ciclistas";NA;NA;NA;NA;NA;NA;1;NA;NA;NA;NA;1;NA;NA;NA;NA;NA;NA;NA;1;NA;NA;NA;NA;NA
52;"GO";5205497;"520549";"Cidade Ocidental";"Não";"Região Integrada de Desenvolvimento do Distrito Federal e Entorno";"Ciclistas";NA;NA;NA;NA;NA;NA;NA;NA;NA;NA;NA;NA;NA;NA;NA;NA;NA;NA;1;NA;NA;NA;NA;NA;NA
52;"GO";5205513;"520551";"Cocalzinho de Goiás";"Não";"Região Integrada de Desenvolvimento do Distrito Federal e Entorno";"Ciclistas";NA;NA;NA;NA;NA;NA;NA;NA;NA;NA;NA;NA;NA;NA;NA;NA;NA;NA;NA;NA;NA;NA;NA;NA;NA
52;"GO";5205521;"520552";"Colinas do Sul";"Não";"-";"Ciclistas";NA;NA;NA;NA;NA;NA;NA;NA;NA;NA;NA;NA;NA;NA;NA;NA;NA;NA;NA;NA;1;NA;NA;NA;NA
52;"GO";5205802;"520580";"Corumbá de Goiás";"Não";"Região Integrada de Desenvolvimento do Distrito Federal e Entorno";"Ciclistas";NA;NA;NA;NA;NA;NA;NA;1;1;NA;NA;NA;NA;NA;NA;NA;NA;NA;1;NA;NA;NA;NA;NA;NA
52;"GO";5206206;"520620";"Cristalina";"Não";"Região Integrada de Desenvolvimento do Distrito Federal e Entorno";"Ciclistas";NA;NA;NA;NA;NA;NA;NA;NA;NA;NA;NA;NA;NA;1;NA;NA;1;NA;NA;NA;1;NA;1;NA;NA
52;"GO";5206404;"520640";"Crixás";"Não";"-";"Ciclistas";NA;NA;NA;NA;NA;NA;NA;NA;NA;NA;2;NA;NA;NA;NA;NA;NA;NA;NA;NA;NA;NA;NA;NA;NA
52;"GO";5207402;"520740";"Edéia";"Não";"-";"Ciclistas";NA;NA;NA;NA;NA;NA;NA;NA;1;NA;NA;NA;NA;NA;NA;NA;NA;NA;NA;NA;NA;NA;NA;NA;NA
52;"GO";5207501;"520750";"Estrela do Norte";"Não";"-";"Ciclistas";NA;NA;NA;NA;NA;NA;NA;NA;NA;NA;NA;NA;NA;NA;NA;NA;NA;NA;NA;NA;NA;NA;NA;NA;NA
52;"GO";5207808;"520780";"Firminópolis";"Não";"-";"Ciclistas";NA;NA;NA;NA;NA;NA;NA;NA;NA;NA;NA;NA;NA;NA;NA;NA;NA;NA;1;NA;NA;NA;NA;NA;NA
52;"GO";5207907;"520790";"Flores de Goiás";"Não";"Região Integrada de Desenvolvimento do Distrito Federal e Entorno";"Ciclistas";NA;NA;1;1;NA;NA;NA;NA;NA;NA;NA;NA;1;NA;NA;NA;1;1;NA;NA;NA;NA;NA;2;NA
52;"GO";5208004;"520800";"Formosa";"Não";"Região Integrada de Desenvolvimento do Distrito Federal e Entorno";"Ciclistas";2;1;2;NA;NA;NA;NA;2;1;2;2;NA;2;3;NA;2;2;1;1;2;1;1;NA;NA;NA
52;"GO";5208400;"520840";"Goianápolis";"Não";"Região Metropolitana de Goiânia";"Ciclistas";NA;NA;NA;NA;NA;1;NA;NA;NA;NA;NA;NA;NA;NA;NA;1;NA;NA;NA;NA;NA;NA;NA;NA;NA
52;"GO";5208608;"520860";"Goianésia";"Não";"Região Integrada de Desenvolvimento do Distrito Federal e Entorno";"Ciclistas";1;2;NA;1;1;NA;1;NA;NA;1;1;2;NA;NA;NA;NA;NA;NA;NA;2;NA;1;1;NA;NA
52;"GO";5208707;"520870";"Goiânia";"Sim";"Região Metropolitana de Goiânia";"Ciclistas";10;15;21;12;19;41;25;38;28;19;15;15;24;24;27;14;22;30;31;16;11;18;20;22;NA
52;"GO";5208806;"520880";"Goianira";"Não";"Região Metropolitana de Goiânia";"Ciclistas";NA;NA;NA;NA;NA;NA;NA;NA;NA;NA;NA;NA;NA;NA;NA;1;NA;NA;3;NA;NA;NA;NA;2;NA
52;"GO";5208905;"520890";"Goiás";"Não";"-";"Ciclistas";NA;NA;NA;NA;NA;NA;NA;1;NA;NA;NA;NA;NA;NA;NA;NA;NA;NA;NA;NA;NA;NA;NA;NA;NA
52;"GO";5209101;"520910";"Goiatuba";"Não";"-";"Ciclistas";1;NA;NA;NA;NA;NA;NA;NA;NA;NA;NA;NA;NA;NA;NA;NA;NA;NA;NA;NA;NA;NA;NA;NA;NA
52;"GO";5209200;"520920";"Guapó";"Não";"Região Metropolitana de Goiânia";"Ciclistas";NA;NA;NA;NA;NA;NA;NA;NA;NA;NA;NA;NA;NA;NA;1;NA;1;NA;NA;NA;NA;NA;NA;NA;NA
52;"GO";5209705;"520970";"Hidrolândia";"Não";"Região Metropolitana de Goiânia";"Ciclistas";NA;NA;NA;NA;NA;NA;NA;NA;NA;NA;NA;NA;NA;NA;NA;NA;NA;NA;NA;NA;NA;NA;NA;NA;NA
52;"GO";5209952;"520995";"Indiara";"Não";"-";"Ciclistas";NA;NA;NA;NA;NA;NA;NA;NA;NA;NA;NA;NA;NA;NA;NA;1;NA;NA;NA;1;1;1;NA;NA;NA
52;"GO";5210000;"521000";"Inhumas";"Não";"Região Metropolitana de Goiânia";"Ciclistas";NA;NA;NA;NA;NA;1;NA;NA;NA;NA;NA;NA;1;NA;1;1;NA;NA;NA;NA;1;NA;1;1;NA
52;"GO";5210109;"521010";"Ipameri";"Não";"-";"Ciclistas";NA;1;NA;1;NA;NA;NA;1;NA;NA;NA;NA;NA;1;NA;NA;NA;NA;NA;NA;NA;NA;NA;NA;NA
52;"GO";5210208;"521020";"Iporá";"Não";"-";"Ciclistas";NA;NA;NA;NA;NA;NA;NA;NA;NA;NA;NA;NA;1;NA;NA;NA;NA;NA;NA;1;NA;NA;NA;NA;NA
52;"GO";5210406;"521040";"Itaberaí";"Não";"-";"Ciclistas";NA;NA;NA;NA;NA;NA;NA;NA;NA;NA;NA;NA;NA;NA;NA;NA;NA;NA;NA;NA;NA;NA;NA;NA;NA
52;"GO";5210604;"521060";"Itaguaru";"Não";"-";"Ciclistas";NA;NA;NA;NA;NA;NA;NA;NA;NA;NA;NA;NA;NA;NA;NA;NA;NA;NA;1;NA;NA;NA;NA;NA;NA
52;"GO";5210802;"521080";"Itajá";"Não";"-";"Ciclistas";NA;NA;NA;NA;NA;1;NA;NA;NA;NA;NA;NA;NA;NA;NA;NA;NA;NA;NA;NA;NA;NA;NA;NA;NA
52;"GO";5210901;"521090";"Itapaci";"Não";"-";"Ciclistas";NA;NA;1;NA;NA;NA;1;1;NA;NA;NA;NA;NA;NA;NA;NA;NA;NA;NA;NA;1;NA;NA;NA;NA
52;"GO";5211206;"521120";"Itapuranga";"Não";"-";"Ciclistas";NA;NA;NA;NA;1;NA;NA;NA;NA;NA;NA;NA;NA;NA;NA;NA;NA;NA;NA;NA;NA;NA;NA;NA;NA
52;"GO";5211305;"521130";"Itarumã";"Não";"-";"Ciclistas";NA;NA;NA;NA;NA;NA;NA;NA;NA;NA;NA;1;NA;NA;NA;NA;NA;NA;NA;NA;NA;NA;NA;NA;NA
52;"GO";5211503;"521150";"Itumbiara";"Não";"-";"Ciclistas";NA;1;NA;NA;NA;NA;NA;1;2;NA;1;1;NA;NA;1;2;1;1;NA;NA;NA;NA;1;1;NA
52;"GO";5211800;"521180";"Jaraguá";"Não";"-";"Ciclistas";NA;NA;NA;NA;NA;NA;NA;NA;1;NA;1;NA;NA;NA;1;NA;NA;1;NA;NA;NA;NA;NA;NA;NA
52;"GO";5211909;"521190";"Jataí";"Não";"-";"Ciclistas";NA;1;1;NA;1;NA;NA;1;NA;NA;NA;NA;2;NA;NA;1;1;NA;NA;NA;NA;1;NA;NA;NA
52;"GO";5212105;"521210";"Joviânia";"Não";"-";"Ciclistas";NA;NA;NA;NA;NA;NA;NA;NA;NA;NA;1;NA;NA;NA;NA;NA;NA;NA;NA;NA;NA;NA;NA;NA;NA
52;"GO";5212204;"521220";"Jussara";"Não";"-";"Ciclistas";NA;NA;NA;1;NA;NA;NA;NA;NA;NA;NA;NA;NA;NA;NA;NA;NA;NA;NA;NA;NA;NA;NA;NA;NA
52;"GO";5212303;"521230";"Leopoldo de Bulhões";"Não";"-";"Ciclistas";NA;NA;NA;NA;NA;NA;NA;NA;NA;NA;NA;NA;NA;NA;NA;NA;NA;NA;NA;NA;NA;NA;NA;NA;NA
52;"GO";5212501;"521250";"Luziânia";"Não";"Região Integrada de Desenvolvimento do Distrito Federal e Entorno";"Ciclistas";NA;NA;NA;1;NA;NA;NA;1;2;NA;NA;1;NA;NA;NA;1;1;NA;NA;3;NA;NA;NA;1;NA
52;"GO";5212709;"521270";"Mambaí";"Não";"-";"Ciclistas";NA;NA;NA;NA;NA;NA;NA;NA;NA;NA;NA;1;NA;NA;NA;NA;NA;NA;NA;NA;NA;NA;NA;NA;NA
52;"GO";5212808;"521280";"Mara Rosa";"Não";"-";"Ciclistas";NA;NA;NA;NA;1;2;NA;NA;NA;NA;NA;NA;NA;NA;NA;NA;1;NA;NA;NA;NA;NA;NA;NA;NA
52;"GO";5213087;"521308";"Minaçu";"Não";"-";"Ciclistas";NA;NA;NA;NA;NA;NA;NA;NA;1;NA;NA;NA;NA;NA;NA;NA;1;NA;NA;NA;NA;1;NA;NA;NA
52;"GO";5213103;"521310";"Mineiros";"Não";"-";"Ciclistas";1;NA;1;NA;NA;NA;1;NA;NA;NA;NA;NA;1;NA;NA;2;NA;1;1;NA;1;1;NA;NA;NA
52;"GO";5213509;"521350";"Monte Alegre de Goiás";"Não";"-";"Ciclistas";1;NA;NA;NA;NA;NA;NA;NA;1;NA;NA;NA;NA;NA;NA;NA;NA;NA;NA;NA;NA;NA;NA;NA;NA
52;"GO";5213756;"521375";"Montividiu";"Não";"-";"Ciclistas";NA;NA;NA;NA;NA;NA;NA;NA;NA;NA;NA;NA;NA;NA;NA;NA;NA;NA;1;NA;NA;NA;NA;NA;NA
52;"GO";5213772;"521377";"Montividiu do Norte";"Não";"-";"Ciclistas";NA;NA;NA;NA;NA;NA;NA;NA;1;NA;NA;NA;NA;NA;NA;NA;NA;NA;NA;NA;NA;NA;NA;NA;NA
52;"GO";5213806;"521380";"Morrinhos";"Não";"-";"Ciclistas";NA;NA;NA;NA;NA;NA;NA;NA;NA;NA;NA;NA;NA;NA;NA;NA;NA;NA;NA;NA;NA;1;NA;NA;NA
52;"GO";5214051;"521405";"Mundo Novo";"Não";"-";"Ciclistas";NA;NA;NA;NA;NA;NA;NA;NA;NA;NA;NA;NA;NA;NA;NA;NA;NA;NA;NA;NA;NA;NA;NA;NA;NA
52;"GO";5214408;"521440";"Nazário";"Não";"-";"Ciclistas";NA;NA;NA;NA;NA;NA;NA;NA;NA;NA;NA;NA;NA;NA;NA;NA;NA;NA;NA;NA;NA;NA;NA;NA;NA
52;"GO";5214507;"521450";"Nerópolis";"Não";"Região Metropolitana de Goiânia";"Ciclistas";NA;NA;NA;NA;NA;1;NA;NA;NA;NA;NA;NA;NA;NA;1;1;NA;NA;NA;2;NA;NA;NA;NA;NA
52;"GO";5214606;"521460";"Niquelândia";"Não";"Região Integrada de Desenvolvimento do Distrito Federal e Entorno";"Ciclistas";NA;NA;NA;NA;NA;1;NA;NA;NA;NA;NA;NA;NA;NA;NA;NA;NA;NA;NA;NA;NA;NA;NA;NA;NA
52;"GO";5214838;"521483";"Nova Crixás";"Não";"-";"Ciclistas";NA;1;NA;NA;NA;NA;NA;NA;NA;NA;NA;NA;NA;NA;NA;NA;NA;NA;NA;NA;NA;NA;NA;NA;NA
52;"GO";5214861;"521486";"Nova Glória";"Não";"-";"Ciclistas";NA;NA;NA;NA;NA;NA;NA;NA;NA;1;NA;NA;NA;NA;NA;NA;NA;NA;NA;NA;NA;NA;NA;NA;NA
52;"GO";5214879;"521487";"Nova Iguaçu de Goiás";"Não";"-";"Ciclistas";NA;NA;NA;NA;NA;NA;NA;NA;NA;NA;NA;NA;NA;NA;NA;NA;NA;NA;NA;NA;NA;NA;NA;NA;NA
52;"GO";5215009;"521500";"Nova Veneza";"Não";"Região Metropolitana de Goiânia";"Ciclistas";NA;NA;NA;NA;NA;NA;NA;NA;NA;NA;NA;NA;NA;NA;NA;NA;1;NA;NA;NA;NA;NA;NA;NA;NA
52;"GO";5215231;"521523";"Novo Gama";"Não";"Região Integrada de Desenvolvimento do Distrito Federal e Entorno";"Ciclistas";NA;NA;NA;NA;NA;NA;NA;NA;NA;NA;NA;NA;NA;NA;NA;NA;NA;NA;1;NA;NA;NA;NA;NA;NA
52;"GO";5215306;"521530";"Orizona";"Não";"-";"Ciclistas";NA;NA;NA;NA;NA;NA;NA;NA;NA;NA;NA;NA;NA;NA;NA;NA;NA;NA;NA;NA;NA;NA;NA;NA;NA
52;"GO";5215504;"521550";"Ouvidor";"Não";"-";"Ciclistas";NA;NA;NA;NA;NA;NA;NA;NA;NA;NA;NA;NA;NA;NA;NA;NA;NA;NA;1;NA;NA;1;NA;NA;NA
52;"GO";5215603;"521560";"Padre Bernardo";"Não";"Região Integrada de Desenvolvimento do Distrito Federal e Entorno";"Ciclistas";NA;NA;NA;NA;1;NA;NA;NA;NA;NA;1;NA;NA;NA;NA;NA;NA;NA;NA;NA;NA;NA;NA;NA;NA
52;"GO";5215702;"521570";"Palmeiras de Goiás";"Não";"-";"Ciclistas";NA;NA;NA;NA;NA;NA;NA;NA;NA;NA;NA;NA;NA;NA;NA;NA;NA;1;NA;NA;NA;NA;NA;NA;NA
52;"GO";5216007;"521600";"Panamá";"Não";"-";"Ciclistas";NA;NA;NA;NA;NA;NA;NA;NA;NA;NA;NA;NA;NA;NA;NA;NA;NA;NA;NA;NA;NA;NA;NA;NA;NA
52;"GO";5216304;"521630";"Paranaiguara";"Não";"-";"Ciclistas";NA;NA;NA;1;NA;NA;NA;NA;NA;NA;NA;NA;NA;NA;NA;NA;NA;NA;NA;NA;NA;NA;NA;NA;NA
52;"GO";5216403;"521640";"Paraúna";"Não";"-";"Ciclistas";NA;NA;NA;NA;NA;NA;NA;NA;NA;NA;NA;NA;NA;NA;NA;NA;NA;NA;NA;NA;NA;NA;NA;NA;NA
52;"GO";5216452;"521645";"Perolândia";"Não";"-";"Ciclistas";NA;NA;NA;NA;NA;NA;NA;NA;NA;2;NA;NA;NA;NA;NA;NA;NA;NA;NA;NA;NA;NA;NA;NA;NA
52;"GO";5217104;"521710";"Piracanjuba";"Não";"-";"Ciclistas";NA;NA;NA;NA;NA;NA;NA;NA;NA;NA;NA;NA;NA;NA;1;NA;NA;NA;NA;NA;NA;NA;NA;NA;NA
52;"GO";5217203;"521720";"Piranhas";"Não";"-";"Ciclistas";NA;NA;NA;NA;NA;NA;NA;NA;NA;NA;NA;NA;NA;NA;NA;NA;NA;NA;NA;NA;NA;NA;NA;1;NA
52;"GO";5217302;"521730";"Pirenópolis";"Não";"Região Integrada de Desenvolvimento do Distrito Federal e Entorno";"Ciclistas";NA;NA;NA;NA;NA;NA;NA;NA;NA;NA;NA;NA;NA;NA;NA;NA;NA;NA;NA;NA;NA;NA;NA;NA;NA
52;"GO";5217401;"521740";"Pires do Rio";"Não";"-";"Ciclistas";1;NA;NA;NA;NA;NA;NA;NA;NA;NA;NA;NA;NA;NA;NA;NA;NA;NA;NA;1;NA;NA;1;1;NA
52;"GO";5217609;"521760";"Planaltina";"Não";"Região Integrada de Desenvolvimento do Distrito Federal e Entorno";"Ciclistas";NA;NA;NA;NA;1;1;NA;NA;NA;NA;NA;NA;NA;1;NA;1;1;NA;1;2;1;1;2;1;NA
52;"GO";5217708;"521770";"Pontalina";"Não";"-";"Ciclistas";NA;NA;NA;NA;NA;NA;NA;NA;NA;NA;NA;NA;NA;NA;NA;NA;NA;NA;NA;NA;NA;NA;NA;NA;NA
52;"GO";5218003;"521800";"Porangatu";"Não";"-";"Ciclistas";NA;NA;NA;1;NA;1;NA;NA;NA;NA;NA;NA;NA;NA;1;1;NA;1;NA;NA;3;NA;NA;NA;NA
52;"GO";5218052;"521805";"Porteirão";"Não";"-";"Ciclistas";NA;NA;NA;NA;NA;NA;NA;NA;NA;NA;NA;NA;NA;NA;NA;NA;NA;NA;NA;NA;NA;NA;NA;NA;NA
52;"GO";5218102;"521810";"Portelândia";"Não";"-";"Ciclistas";NA;NA;NA;1;NA;NA;NA;NA;NA;NA;NA;NA;NA;NA;NA;NA;NA;NA;NA;NA;NA;NA;NA;NA;NA
52;"GO";5218300;"521830";"Posse";"Não";"-";"Ciclistas";NA;NA;NA;NA;NA;NA;NA;NA;NA;NA;NA;NA;NA;1;1;NA;NA;NA;NA;NA;1;1;NA;NA;NA
52;"GO";5218508;"521850";"Quirinópolis";"Não";"-";"Ciclistas";NA;2;1;NA;NA;NA;NA;NA;NA;NA;NA;2;NA;NA;NA;NA;NA;NA;2;NA;NA;NA;NA;1;NA
52;"GO";5218607;"521860";"Rialma";"Não";"-";"Ciclistas";NA;NA;NA;NA;NA;NA;NA;NA;NA;NA;NA;NA;1;NA;NA;NA;NA;NA;NA;NA;NA;NA;NA;NA;NA
52;"GO";5218706;"521870";"Rianápolis";"Não";"-";"Ciclistas";NA;NA;NA;NA;NA;1;NA;NA;NA;NA;NA;NA;NA;NA;NA;NA;NA;NA;NA;NA;NA;NA;NA;NA;NA
52;"GO";5218805;"521880";"Rio Verde";"Não";"-";"Ciclistas";NA;NA;NA;NA;NA;NA;NA;NA;NA;NA;NA;NA;NA;NA;1;NA;1;NA;NA;NA;NA;3;2;NA;NA
52;"GO";5218904;"521890";"Rubiataba";"Não";"-";"Ciclistas";NA;NA;NA;NA;NA;NA;NA;NA;NA;NA;NA;NA;NA;NA;NA;NA;NA;NA;NA;NA;NA;NA;NA;NA;NA
52;"GO";5219001;"521900";"Sanclerlândia";"Não";"-";"Ciclistas";NA;NA;NA;NA;NA;NA;NA;NA;NA;NA;NA;NA;NA;NA;NA;NA;NA;NA;NA;NA;NA;NA;NA;NA;NA
52;"GO";5219308;"521930";"Santa Helena de Goiás";"Não";"-";"Ciclistas";NA;NA;NA;NA;1;NA;NA;NA;NA;NA;NA;1;NA;NA;1;3;2;3;NA;NA;1;4;1;2;NA
52;"GO";5219407;"521940";"Santa Rita do Araguaia";"Não";"-";"Ciclistas";NA;NA;NA;NA;NA;NA;NA;NA;NA;NA;1;NA;NA;NA;NA;NA;NA;NA;NA;NA;NA;NA;NA;NA;NA
52;"GO";5219704;"521970";"Santa Terezinha de Goiás";"Não";"-";"Ciclistas";NA;NA;NA;NA;NA;NA;NA;NA;NA;NA;NA;NA;NA;NA;NA;NA;NA;NA;NA;NA;1;NA;NA;NA;NA
52;"GO";5219712;"521971";"Santo Antônio da Barra";"Não";"-";"Ciclistas";NA;NA;NA;NA;NA;NA;NA;NA;NA;NA;NA;NA;NA;NA;NA;NA;NA;NA;NA;NA;NA;NA;1;NA;NA
52;"GO";5219753;"521975";"Santo Antônio do Descoberto";"Não";"Região Integrada de Desenvolvimento do Distrito Federal e Entorno";"Ciclistas";NA;NA;1;NA;NA;NA;NA;NA;NA;NA;NA;NA;1;NA;NA;NA;NA;NA;NA;NA;NA;NA;NA;NA;NA
52;"GO";5220009;"522000";"São João d'Aliança";"Não";"Região Integrada de Desenvolvimento do Distrito Federal e Entorno";"Ciclistas";NA;1;NA;NA;NA;NA;NA;NA;NA;NA;NA;NA;NA;NA;NA;1;NA;NA;NA;NA;NA;NA;NA;NA;NA
52;"GO";5220108;"522010";"São Luís de Montes Belos";"Não";"-";"Ciclistas";NA;NA;NA;1;NA;NA;NA;NA;NA;NA;NA;NA;NA;NA;NA;2;NA;1;NA;NA;NA;1;NA;NA;NA
52;"GO";5220207;"522020";"São Miguel do Araguaia";"Não";"-";"Ciclistas";NA;1;NA;NA;NA;NA;NA;NA;1;NA;NA;NA;NA;NA;NA;2;NA;NA;2;NA;1;NA;NA;NA;NA
52;"GO";5220264;"522026";"São Miguel do Passa Quatro";"Não";"-";"Ciclistas";NA;NA;NA;NA;NA;NA;NA;NA;NA;NA;NA;NA;NA;NA;NA;NA;NA;NA;NA;NA;1;NA;NA;NA;NA
52;"GO";5220405;"522040";"São Simão";"Não";"-";"Ciclistas";NA;NA;NA;NA;1;NA;NA;NA;NA;NA;NA;NA;NA;NA;1;NA;NA;NA;NA;NA;NA;NA;NA;NA;NA
52;"GO";5220454;"522045";"Senador Canedo";"Não";"Região Metropolitana de Goiânia";"Ciclistas";NA;NA;NA;NA;NA;NA;NA;1;NA;NA;NA;NA;NA;NA;NA;2;NA;1;NA;1;NA;NA;1;NA;NA
52;"GO";5220603;"522060";"Silvânia";"Não";"-";"Ciclistas";NA;NA;NA;NA;NA;NA;NA;NA;NA;NA;NA;NA;NA;NA;NA;NA;1;NA;NA;NA;NA;NA;NA;NA;NA
52;"GO";5220686;"522068";"Simolândia";"Não";"Região Integrada de Desenvolvimento do Distrito Federal e Entorno";"Ciclistas";NA;NA;NA;NA;NA;1;NA;NA;NA;NA;NA;NA;NA;NA;NA;NA;NA;NA;1;NA;NA;NA;NA;NA;NA
52;"GO";5220702;"522070";"Sítio d'Abadia";"Não";"-";"Ciclistas";NA;NA;NA;NA;NA;NA;NA;NA;NA;NA;NA;NA;NA;NA;NA;NA;NA;NA;NA;NA;NA;NA;NA;NA;NA
52;"GO";5221304;"522130";"Três Ranchos";"Não";"-";"Ciclistas";NA;NA;NA;NA;NA;NA;NA;NA;NA;NA;NA;NA;NA;NA;NA;NA;NA;NA;NA;NA;NA;NA;NA;NA;NA
52;"GO";5221403;"522140";"Trindade";"Não";"Região Metropolitana de Goiânia";"Ciclistas";NA;NA;NA;NA;NA;NA;NA;NA;NA;NA;NA;NA;1;1;1;2;2;1;1;1;1;1;1;3;NA
52;"GO";5221551;"522155";"Turvelândia";"Não";"-";"Ciclistas";NA;NA;NA;NA;NA;NA;NA;NA;NA;NA;NA;NA;NA;NA;NA;1;NA;NA;NA;NA;NA;NA;NA;NA;NA
52;"GO";5221577;"522157";"Uirapuru";"Não";"-";"Ciclistas";NA;NA;NA;NA;NA;NA;NA;1;NA;NA;NA;NA;NA;NA;NA;NA;NA;NA;NA;NA;NA;NA;NA;NA;NA
52;"GO";5221601;"522160";"Uruaçu";"Não";"-";"Ciclistas";NA;NA;NA;NA;1;NA;NA;NA;1;NA;1;3;1;NA;NA;1;NA;NA;3;NA;NA;NA;1;4;NA
52;"GO";5221700;"522170";"Uruana";"Não";"-";"Ciclistas";NA;1;NA;NA;1;NA;1;NA;NA;NA;NA;NA;1;NA;NA;NA;NA;NA;NA;NA;NA;NA;NA;NA;NA
52;"GO";5221858;"522185";"Valparaíso de Goiás";"Não";"Região Integrada de Desenvolvimento do Distrito Federal e Entorno";"Ciclistas";1;NA;NA;NA;NA;NA;1;NA;1;NA;1;NA;NA;NA;NA;NA;NA;NA;NA;NA;2;NA;NA;NA;NA
52;"GO";5222005;"522200";"Vianópolis";"Não";"-";"Ciclistas";1;NA;NA;NA;NA;NA;NA;NA;NA;NA;NA;NA;NA;NA;NA;NA;NA;NA;NA;NA;NA;1;NA;NA;NA
52;"GO";5222054;"522205";"Vicentinópolis";"Não";"-";"Ciclistas";NA;NA;NA;NA;NA;NA;NA;NA;NA;NA;NA;NA;NA;NA;NA;NA;NA;NA;NA;NA;NA;NA;NA;NA;NA
52;"GO";5222203;"522220";"Vila Boa";"Não";"Região Integrada de Desenvolvimento do Distrito Federal e Entorno";"Ciclistas";NA;NA;NA;NA;NA;1;NA;1;NA;NA;NA;NA;NA;NA;NA;NA;NA;1;NA;NA;NA;1;NA;NA;NA
52;"GO";5222302;"522230";"Vila Propício";"Não";"Região Integrada de Desenvolvimento do Distrito Federal e Entorno";"Ciclistas";NA;NA;NA;NA;NA;NA;NA;NA;NA;NA;NA;NA;NA;NA;NA;NA;NA;NA;NA;NA;NA;NA;1;NA;NA
53;"DF";5300108;"530010";"Brasília";"Sim";"Região Integrada de Desenvolvimento do Distrito Federal e Entorno";"Ciclistas";6;11;14;19;9;36;42;38;53;36;17;36;29;28;21;26;16;13;12;14;18;15;19;22;NA
11;"RO";1100015;"110001";"Alta Floresta D'Oeste";"Não";"-";"Motociclistas";NA;1;1;NA;4;1;3;1;3;5;4;NA;1;NA;2;2;2;3;NA;2;1;1;NA;1;NA
11;"RO";1100023;"110002";"Ariquemes";"Não";"-";"Motociclistas";2;NA;1;NA;NA;4;9;5;3;3;1;NA;4;2;5;12;10;6;7;9;11;11;7;16;NA
11;"RO";1100031;"110003";"Cabixi";"Não";"-";"Motociclistas";NA;NA;NA;NA;NA;NA;NA;NA;NA;NA;NA;NA;NA;NA;1;NA;NA;1;NA;1;NA;NA;1;NA;NA
11;"RO";1100049;"110004";"Cacoal";"Não";"-";"Motociclistas";1;3;4;2;4;1;6;4;1;5;10;6;16;12;9;9;25;46;19;17;29;37;35;32;NA
11;"RO";1100056;"110005";"Cerejeiras";"Não";"-";"Motociclistas";NA;NA;NA;NA;1;NA;NA;NA;NA;1;1;2;1;NA;NA;4;1;1;2;NA;NA;NA;1;3;NA
11;"RO";1100064;"110006";"Colorado do Oeste";"Não";"-";"Motociclistas";NA;NA;NA;NA;NA;NA;NA;NA;NA;NA;2;1;NA;NA;NA;2;1;1;NA;2;NA;NA;2;NA;NA
11;"RO";1100072;"110007";"Corumbiara";"Não";"-";"Motociclistas";NA;NA;NA;NA;NA;1;NA;NA;NA;NA;NA;NA;NA;NA;1;1;NA;1;1;NA;2;NA;NA;NA;NA
11;"RO";1100080;"110008";"Costa Marques";"Não";"-";"Motociclistas";NA;NA;NA;NA;NA;NA;NA;NA;NA;NA;NA;NA;NA;NA;NA;2;NA;NA;NA;1;NA;NA;NA;NA;NA
11;"RO";1100098;"110009";"Espigão D'Oeste";"Não";"-";"Motociclistas";NA;NA;NA;1;2;1;NA;1;NA;NA;1;1;1;NA;NA;4;1;1;2;1;2;3;3;3;NA
11;"RO";1100106;"110010";"Guajará-Mirim";"Não";"-";"Motociclistas";NA;1;1;NA;NA;NA;1;NA;2;2;3;3;3;1;2;6;NA;NA;1;NA;3;3;1;2;NA
11;"RO";1100114;"110011";"Jaru";"Não";"-";"Motociclistas";NA;NA;NA;NA;NA;NA;3;NA;8;2;4;7;4;4;4;6;8;12;2;1;1;3;1;5;NA
11;"RO";1100122;"110012";"Ji-Paraná";"Não";"-";"Motociclistas";NA;2;6;3;4;3;1;3;6;2;1;NA;1;NA;NA;NA;NA;3;NA;NA;1;1;5;10;NA
11;"RO";1100130;"110013";"Machadinho D'Oeste";"Não";"-";"Motociclistas";NA;1;2;NA;2;2;3;NA;NA;2;1;1;3;1;1;3;4;4;2;8;2;1;9;7;NA
11;"RO";1100148;"110014";"Nova Brasilândia D'Oeste";"Não";"-";"Motociclistas";NA;NA;NA;NA;NA;1;NA;NA;4;4;NA;1;1;1;1;1;2;4;1;1;NA;NA;NA;NA;NA
11;"RO";1100155;"110015";"Ouro Preto do Oeste";"Não";"-";"Motociclistas";NA;NA;NA;NA;1;2;2;1;2;2;2;3;5;8;7;3;9;6;1;5;1;1;1;3;NA
11;"RO";1100189;"110018";"Pimenta Bueno";"Não";"-";"Motociclistas";1;1;1;NA;2;1;NA;1;NA;2;2;2;NA;3;1;8;6;5;NA;1;5;3;3;NA;NA
11;"RO";1100205;"110020";"Porto Velho";"Sim";"Região Metropolitana de Porto Velho";"Motociclistas";3;7;10;3;7;7;11;11;11;22;29;30;45;74;33;48;42;41;34;21;25;35;41;36;NA
11;"RO";1100254;"110025";"Presidente Médici";"Não";"-";"Motociclistas";NA;NA;NA;NA;NA;NA;1;1;NA;4;2;2;NA;NA;1;1;2;5;NA;1;NA;NA;NA;NA;NA
11;"RO";1100262;"110026";"Rio Crespo";"Não";"-";"Motociclistas";NA;NA;1;NA;NA;1;NA;NA;NA;NA;NA;NA;NA;NA;NA;NA;NA;NA;NA;NA;NA;NA;NA;NA;NA
11;"RO";1100288;"110028";"Rolim de Moura";"Não";"-";"Motociclistas";NA;2;NA;2;4;1;1;NA;1;3;NA;NA;NA;NA;1;2;NA;NA;2;1;2;1;1;1;NA
11;"RO";1100296;"110029";"Santa Luzia D'Oeste";"Não";"-";"Motociclistas";NA;NA;NA;1;NA;NA;NA;NA;NA;1;NA;NA;NA;NA;NA;NA;NA;NA;NA;NA;NA;NA;NA;NA;NA
11;"RO";1100304;"110030";"Vilhena";"Não";"-";"Motociclistas";NA;1;NA;NA;1;NA;NA;NA;NA;NA;6;4;10;5;9;9;7;7;3;11;5;8;9;14;NA
11;"RO";1100320;"110032";"São Miguel do Guaporé";"Não";"-";"Motociclistas";NA;NA;NA;NA;NA;2;1;1;1;1;2;NA;NA;1;4;3;3;1;2;1;3;5;2;7;NA
11;"RO";1100338;"110033";"Nova Mamoré";"Não";"-";"Motociclistas";NA;1;1;1;NA;3;1;2;3;3;1;1;NA;NA;1;2;3;4;2;2;NA;1;3;1;NA
11;"RO";1100346;"110034";"Alvorada D'Oeste";"Não";"-";"Motociclistas";NA;NA;2;NA;NA;NA;NA;NA;NA;2;4;1;1;NA;2;NA;3;1;NA;1;1;NA;1;1;NA
11;"RO";1100379;"110037";"Alto Alegre dos Parecis";"Não";"-";"Motociclistas";NA;NA;NA;NA;1;NA;1;NA;1;NA;NA;1;2;NA;NA;NA;NA;NA;NA;1;1;1;NA;NA;NA
11;"RO";1100403;"110040";"Alto Paraíso";"Não";"-";"Motociclistas";NA;NA;NA;NA;1;NA;4;NA;NA;NA;NA;NA;NA;NA;1;6;2;2;NA;3;NA;3;NA;NA;NA
11;"RO";1100452;"110045";"Buritis";"Não";"-";"Motociclistas";NA;NA;NA;1;NA;NA;3;1;2;1;4;1;NA;3;NA;2;2;1;3;5;1;NA;3;6;NA
11;"RO";1100502;"110050";"Novo Horizonte do Oeste";"Não";"-";"Motociclistas";NA;NA;NA;NA;NA;NA;NA;NA;NA;1;1;1;NA;NA;NA;NA;NA;NA;NA;NA;1;NA;1;NA;NA
11;"RO";1100601;"110060";"Cacaulândia";"Não";"-";"Motociclistas";NA;NA;NA;NA;NA;NA;NA;NA;NA;NA;NA;NA;NA;NA;1;NA;1;1;1;NA;NA;NA;NA;NA;NA
11;"RO";1100700;"110070";"Campo Novo de Rondônia";"Não";"-";"Motociclistas";NA;NA;NA;NA;NA;NA;NA;NA;1;NA;NA;NA;NA;NA;1;NA;NA;NA;NA;NA;NA;NA;NA;NA;NA
11;"RO";1100809;"110080";"Candeias do Jamari";"Não";"Região Metropolitana de Porto Velho";"Motociclistas";NA;NA;NA;NA;NA;NA;NA;NA;NA;NA;NA;NA;NA;1;1;1;1;4;2;2;NA;NA;2;NA;NA
11;"RO";1100908;"110090";"Castanheiras";"Não";"-";"Motociclistas";NA;NA;NA;NA;NA;NA;NA;NA;NA;NA;NA;NA;NA;NA;NA;2;NA;NA;1;NA;NA;NA;NA;NA;NA
11;"RO";1100924;"110092";"Chupinguaia";"Não";"-";"Motociclistas";NA;NA;NA;NA;NA;NA;NA;NA;NA;NA;NA;NA;NA;NA;1;NA;1;1;NA;NA;NA;1;NA;1;NA
11;"RO";1100940;"110094";"Cujubim";"Não";"-";"Motociclistas";NA;NA;NA;NA;NA;NA;3;NA;NA;NA;NA;NA;1;NA;NA;1;NA;1;NA;1;1;2;1;1;NA
11;"RO";1101005;"110100";"Governador Jorge Teixeira";"Não";"-";"Motociclistas";NA;NA;NA;2;NA;NA;NA;1;2;NA;NA;NA;1;NA;NA;1;NA;1;2;NA;1;NA;NA;2;NA
11;"RO";1101104;"110110";"Itapuã do Oeste";"Não";"-";"Motociclistas";NA;NA;NA;NA;NA;1;NA;NA;NA;NA;NA;2;1;NA;1;1;1;1;NA;1;NA;NA;1;1;NA
11;"RO";1101203;"110120";"Ministro Andreazza";"Não";"-";"Motociclistas";NA;NA;NA;NA;NA;NA;NA;NA;NA;NA;1;NA;NA;NA;3;NA;1;NA;NA;NA;NA;1;NA;NA;NA
11;"RO";1101302;"110130";"Mirante da Serra";"Não";"-";"Motociclistas";NA;NA;NA;NA;NA;NA;5;NA;1;1;NA;NA;2;1;3;1;NA;NA;NA;NA;2;NA;NA;NA;NA
11;"RO";1101401;"110140";"Monte Negro";"Não";"-";"Motociclistas";1;NA;NA;NA;NA;1;NA;4;NA;NA;NA;NA;NA;1;3;1;NA;NA;NA;NA;2;1;1;2;NA
11;"RO";1101435;"110143";"Nova União";"Não";"-";"Motociclistas";NA;NA;NA;1;NA;NA;NA;NA;NA;1;NA;NA;NA;NA;NA;NA;NA;1;NA;NA;NA;NA;NA;1;NA
11;"RO";1101450;"110145";"Parecis";"Não";"-";"Motociclistas";NA;NA;NA;NA;NA;NA;NA;NA;NA;NA;NA;NA;NA;NA;NA;NA;NA;NA;NA;NA;NA;NA;NA;NA;NA
11;"RO";1101468;"110146";"Pimenteiras do Oeste";"Não";"-";"Motociclistas";NA;NA;NA;NA;NA;NA;NA;NA;NA;NA;NA;NA;NA;NA;NA;NA;NA;NA;NA;NA;NA;1;NA;1;NA
11;"RO";1101476;"110147";"Primavera de Rondônia";"Não";"-";"Motociclistas";NA;NA;NA;NA;NA;NA;NA;NA;NA;NA;NA;NA;NA;NA;NA;NA;NA;NA;NA;NA;1;NA;NA;NA;NA
11;"RO";1101484;"110148";"São Felipe D'Oeste";"Não";"-";"Motociclistas";NA;NA;NA;1;NA;NA;NA;NA;NA;NA;1;NA;NA;NA;1;NA;1;NA;NA;NA;NA;NA;NA;NA;NA
11;"RO";1101492;"110149";"São Francisco do Guaporé";"Não";"-";"Motociclistas";1;NA;NA;NA;NA;NA;NA;NA;NA;1;NA;NA;3;1;1;NA;NA;1;1;3;1;2;1;5;NA
11;"RO";1101500;"110150";"Seringueiras";"Não";"-";"Motociclistas";NA;NA;NA;1;NA;NA;NA;NA;NA;NA;NA;2;1;1;1;NA;2;NA;1;2;1;1;NA;NA;NA
11;"RO";1101559;"110155";"Teixeirópolis";"Não";"-";"Motociclistas";NA;NA;NA;NA;NA;NA;NA;NA;NA;NA;NA;NA;NA;NA;1;NA;1;NA;NA;NA;NA;NA;NA;NA;NA
11;"RO";1101609;"110160";"Theobroma";"Não";"-";"Motociclistas";NA;NA;NA;1;NA;NA;NA;NA;NA;NA;1;NA;1;1;NA;NA;NA;NA;NA;NA;NA;1;NA;NA;NA
11;"RO";1101708;"110170";"Urupá";"Não";"-";"Motociclistas";NA;NA;NA;NA;NA;NA;NA;NA;1;NA;NA;NA;5;NA;1;NA;NA;1;1;NA;1;2;NA;NA;NA
11;"RO";1101757;"110175";"Vale do Anari";"Não";"-";"Motociclistas";NA;NA;NA;NA;NA;NA;1;NA;NA;NA;NA;4;2;1;1;NA;NA;NA;NA;2;2;1;2;2;NA
11;"RO";1101807;"110180";"Vale do Paraíso";"Não";"-";"Motociclistas";NA;NA;NA;NA;NA;NA;NA;NA;NA;NA;NA;2;NA;NA;1;NA;1;NA;NA;1;NA;NA;NA;1;NA
12;"AC";1200013;"120001";"Acrelândia";"Não";"-";"Motociclistas";NA;NA;NA;NA;NA;NA;NA;NA;NA;NA;NA;NA;2;NA;NA;NA;NA;NA;NA;NA;1;NA;NA;NA;NA
12;"AC";1200054;"120005";"Assis Brasil";"Não";"-";"Motociclistas";NA;NA;NA;NA;NA;NA;NA;NA;NA;NA;NA;NA;NA;NA;NA;NA;NA;NA;NA;NA;NA;NA;NA;NA;NA
12;"AC";1200104;"120010";"Brasiléia";"Não";"-";"Motociclistas";NA;NA;NA;NA;NA;2;1;NA;NA;NA;NA;1;1;NA;NA;1;NA;1;NA;NA;2;NA;NA;NA;NA
12;"AC";1200138;"120013";"Bujari";"Não";"-";"Motociclistas";NA;NA;NA;NA;NA;NA;NA;NA;NA;NA;NA;NA;NA;NA;NA;NA;NA;NA;NA;1;NA;NA;NA;1;NA
12;"AC";1200179;"120017";"Capixaba";"Não";"-";"Motociclistas";NA;NA;NA;NA;NA;1;NA;NA;NA;NA;NA;NA;1;1;NA;NA;NA;1;NA;NA;NA;NA;NA;NA;NA
12;"AC";1200203;"120020";"Cruzeiro do Sul";"Não";"-";"Motociclistas";1;2;NA;2;NA;NA;2;NA;3;4;9;5;1;6;7;9;10;5;1;4;8;4;4;10;NA
12;"AC";1200252;"120025";"Epitaciolândia";"Não";"-";"Motociclistas";NA;NA;NA;NA;NA;NA;NA;NA;NA;NA;NA;NA;1;NA;NA;NA;NA;NA;NA;NA;NA;NA;NA;NA;NA
12;"AC";1200302;"120030";"Feijó";"Não";"-";"Motociclistas";NA;NA;NA;NA;NA;NA;NA;NA;NA;NA;NA;NA;NA;1;1;1;NA;1;1;2;1;5;NA;1;NA
12;"AC";1200328;"120032";"Jordão";"Não";"-";"Motociclistas";NA;NA;NA;NA;NA;NA;NA;NA;NA;NA;NA;NA;NA;NA;NA;NA;NA;NA;NA;1;NA;NA;1;NA;NA
12;"AC";1200336;"120033";"Mâncio Lima";"Não";"-";"Motociclistas";NA;NA;NA;NA;NA;NA;NA;1;NA;1;1;1;3;1;1;NA;NA;1;NA;1;1;1;1;NA;NA
12;"AC";1200344;"120034";"Manoel Urbano";"Não";"-";"Motociclistas";NA;NA;NA;NA;NA;NA;NA;NA;NA;NA;NA;NA;NA;1;NA;NA;NA;NA;NA;NA;NA;NA;1;NA;NA
12;"AC";1200385;"120038";"Plácido de Castro";"Não";"-";"Motociclistas";NA;NA;NA;NA;NA;NA;1;NA;NA;NA;NA;NA;NA;NA;NA;NA;NA;NA;NA;1;NA;1;NA;NA;NA
12;"AC";1200393;"120039";"Porto Walter";"Não";"-";"Motociclistas";NA;NA;NA;NA;NA;NA;NA;NA;NA;NA;NA;NA;NA;NA;NA;NA;NA;NA;1;NA;NA;NA;NA;NA;NA
12;"AC";1200401;"120040";"Rio Branco";"Sim";"-";"Motociclistas";3;2;6;1;1;1;NA;NA;NA;NA;NA;NA;19;22;19;14;17;17;15;16;12;12;9;14;NA
12;"AC";1200427;"120042";"Rodrigues Alves";"Não";"-";"Motociclistas";NA;NA;NA;NA;NA;NA;1;NA;NA;NA;NA;NA;NA;NA;NA;NA;NA;NA;NA;1;NA;1;1;NA;NA
12;"AC";1200450;"120045";"Senador Guiomard";"Não";"-";"Motociclistas";NA;NA;NA;NA;1;NA;NA;NA;NA;NA;NA;NA;1;NA;NA;NA;NA;NA;2;NA;NA;NA;NA;1;NA
12;"AC";1200500;"120050";"Sena Madureira";"Não";"-";"Motociclistas";NA;1;NA;NA;2;NA;NA;NA;NA;NA;NA;NA;NA;NA;NA;NA;NA;NA;NA;NA;1;1;NA;NA;NA
12;"AC";1200609;"120060";"Tarauacá";"Não";"-";"Motociclistas";NA;NA;NA;1;NA;NA;NA;NA;NA;NA;1;NA;NA;NA;NA;1;NA;NA;1;NA;4;NA;NA;NA;NA
12;"AC";1200708;"120070";"Xapuri";"Não";"-";"Motociclistas";NA;NA;NA;NA;NA;NA;NA;NA;1;NA;NA;NA;NA;NA;NA;NA;NA;NA;1;NA;1;NA;NA;NA;NA
12;"AC";1200807;"120080";"Porto Acre";"Não";"-";"Motociclistas";NA;NA;NA;NA;NA;NA;NA;NA;NA;NA;NA;1;NA;1;1;NA;NA;1;NA;NA;NA;NA;NA;1;NA
13;"AM";1300029;"130002";"Alvarães";"Não";"-";"Motociclistas";NA;NA;NA;NA;NA;NA;NA;1;NA;NA;1;NA;1;NA;1;1;2;NA;NA;NA;NA;NA;NA;1;NA
13;"AM";1300060;"130006";"Amaturá";"Não";"-";"Motociclistas";NA;NA;NA;NA;NA;NA;NA;NA;NA;NA;NA;NA;NA;NA;NA;NA;NA;NA;NA;NA;1;NA;NA;NA;NA
13;"AM";1300102;"130010";"Anori";"Não";"-";"Motociclistas";NA;NA;NA;NA;NA;NA;NA;1;NA;NA;1;1;1;NA;NA;NA;NA;1;NA;NA;NA;NA;NA;NA;NA
13;"AM";1300144;"130014";"Apuí";"Não";"-";"Motociclistas";NA;NA;NA;NA;1;2;1;3;1;4;3;1;1;NA;3;3;3;2;1;3;3;1;4;3;NA
13;"AM";1300201;"130020";"Atalaia do Norte";"Não";"-";"Motociclistas";NA;NA;NA;NA;NA;NA;NA;NA;NA;1;NA;NA;NA;NA;1;NA;NA;NA;NA;NA;NA;NA;NA;NA;NA
13;"AM";1300300;"130030";"Autazes";"Não";"Região Metropolitana de Manaus";"Motociclistas";NA;NA;NA;NA;NA;NA;1;NA;1;1;3;1;NA;NA;1;2;2;NA;1;2;4;1;1;2;NA
13;"AM";1300409;"130040";"Barcelos";"Não";"-";"Motociclistas";NA;1;NA;NA;NA;NA;NA;NA;NA;NA;NA;NA;2;NA;NA;NA;NA;NA;NA;NA;NA;NA;NA;1;NA
13;"AM";1300508;"130050";"Barreirinha";"Não";"-";"Motociclistas";NA;NA;NA;NA;NA;1;NA;NA;NA;NA;NA;2;NA;NA;2;1;2;1;NA;NA;1;NA;1;NA;NA
13;"AM";1300607;"130060";"Benjamin Constant";"Não";"-";"Motociclistas";2;NA;NA;1;2;1;NA;3;NA;NA;2;NA;2;1;1;NA;NA;NA;NA;NA;1;1;2;1;NA
13;"AM";1300680;"130068";"Boa Vista do Ramos";"Não";"-";"Motociclistas";NA;NA;NA;NA;NA;NA;NA;1;1;NA;NA;NA;NA;NA;1;NA;1;NA;NA;NA;1;NA;1;NA;NA
13;"AM";1300706;"130070";"Boca do Acre";"Não";"-";"Motociclistas";NA;1;NA;NA;2;NA;NA;1;NA;NA;NA;4;3;NA;3;3;1;2;3;2;2;3;1;1;NA
13;"AM";1300805;"130080";"Borba";"Não";"-";"Motociclistas";NA;NA;1;NA;NA;NA;NA;NA;1;NA;NA;3;1;1;2;1;NA;1;NA;2;1;1;NA;1;NA
13;"AM";1300839;"130083";"Caapiranga";"Não";"-";"Motociclistas";NA;NA;NA;NA;NA;NA;NA;NA;NA;NA;NA;NA;NA;1;NA;NA;NA;NA;NA;NA;NA;NA;NA;1;NA
13;"AM";1300904;"130090";"Canutama";"Não";"-";"Motociclistas";NA;NA;NA;NA;NA;NA;NA;NA;NA;NA;NA;NA;NA;NA;1;NA;NA;NA;1;NA;NA;NA;NA;1;NA
13;"AM";1301001;"130100";"Carauari";"Não";"-";"Motociclistas";NA;NA;NA;NA;NA;1;NA;NA;1;NA;2;1;NA;1;NA;NA;NA;NA;1;1;1;1;NA;2;NA
13;"AM";1301100;"130110";"Careiro";"Não";"Região Metropolitana de Manaus";"Motociclistas";NA;NA;NA;NA;1;NA;1;NA;NA;NA;NA;1;NA;1;1;NA;1;1;2;NA;NA;NA;1;2;NA
13;"AM";1301159;"130115";"Careiro da Várzea";"Não";"Região Metropolitana de Manaus";"Motociclistas";NA;NA;NA;NA;NA;NA;NA;NA;NA;NA;NA;NA;NA;1;NA;NA;1;NA;NA;NA;NA;2;NA;NA;NA
13;"AM";1301209;"130120";"Coari";"Não";"-";"Motociclistas";2;NA;NA;NA;NA;NA;NA;1;6;2;2;1;NA;2;1;3;NA;3;1;4;4;4;2;3;NA
13;"AM";1301308;"130130";"Codajás";"Não";"-";"Motociclistas";NA;NA;NA;NA;NA;NA;NA;NA;NA;NA;NA;1;NA;1;NA;NA;NA;2;NA;NA;2;NA;NA;NA;NA
13;"AM";1301407;"130140";"Eirunepé";"Não";"-";"Motociclistas";NA;NA;NA;NA;1;NA;NA;NA;NA;3;NA;NA;1;NA;NA;NA;NA;NA;2;1;1;1;2;NA;NA
13;"AM";1301506;"130150";"Envira";"Não";"-";"Motociclistas";NA;NA;NA;NA;NA;2;NA;NA;NA;NA;NA;NA;NA;NA;NA;NA;NA;NA;1;NA;NA;NA;NA;NA;NA
13;"AM";1301605;"130160";"Fonte Boa";"Não";"-";"Motociclistas";NA;NA;NA;NA;2;2;NA;1;1;NA;NA;NA;NA;NA;1;NA;NA;1;NA;NA;NA;2;NA;NA;NA
13;"AM";1301654;"130165";"Guajará";"Não";"-";"Motociclistas";NA;NA;NA;NA;NA;NA;NA;NA;1;NA;NA;1;NA;NA;NA;NA;NA;NA;NA;NA;NA;NA;NA;1;NA
13;"AM";1301704;"130170";"Humaitá";"Não";"-";"Motociclistas";NA;NA;NA;NA;NA;NA;NA;1;NA;1;4;2;2;2;1;1;3;2;1;2;3;1;2;6;NA
13;"AM";1301803;"130180";"Ipixuna";"Não";"-";"Motociclistas";NA;NA;NA;NA;NA;NA;NA;NA;NA;NA;NA;NA;NA;NA;NA;NA;NA;NA;NA;2;NA;NA;NA;1;NA
13;"AM";1301852;"130185";"Iranduba";"Não";"Região Metropolitana de Manaus";"Motociclistas";3;1;2;NA;NA;NA;1;1;NA;2;6;5;1;NA;5;2;2;8;3;4;4;8;4;3;NA
13;"AM";1301902;"130190";"Itacoatiara";"Não";"Região Metropolitana de Manaus";"Motociclistas";4;1;2;2;5;1;5;NA;2;4;NA;2;2;3;6;4;8;10;7;5;11;6;7;5;NA
13;"AM";1301951;"130195";"Itamarati";"Não";"-";"Motociclistas";NA;NA;NA;NA;NA;NA;NA;1;NA;NA;NA;NA;NA;NA;NA;NA;NA;NA;NA;NA;NA;NA;1;NA;NA
13;"AM";1302009;"130200";"Itapiranga";"Não";"Região Metropolitana de Manaus";"Motociclistas";NA;NA;NA;NA;NA;1;NA;NA;NA;1;NA;NA;NA;2;NA;1;NA;NA;NA;NA;NA;NA;NA;NA;NA
13;"AM";1302108;"130210";"Japurá";"Não";"-";"Motociclistas";NA;NA;NA;NA;NA;NA;NA;NA;NA;NA;NA;NA;NA;1;NA;NA;NA;NA;NA;NA;NA;NA;NA;NA;NA
13;"AM";1302207;"130220";"Juruá";"Não";"-";"Motociclistas";NA;NA;NA;NA;NA;NA;NA;1;NA;NA;NA;NA;NA;NA;NA;NA;NA;NA;NA;NA;NA;NA;NA;NA;NA
13;"AM";1302306;"130230";"Jutaí";"Não";"-";"Motociclistas";NA;NA;1;NA;NA;NA;NA;NA;NA;NA;NA;NA;NA;1;1;NA;1;NA;NA;NA;NA;3;NA;NA;NA
13;"AM";1302405;"130240";"Lábrea";"Não";"-";"Motociclistas";NA;NA;NA;NA;1;NA;NA;NA;1;NA;2;NA;NA;1;NA;1;NA;1;4;6;1;4;5;NA;NA
13;"AM";1302504;"130250";"Manacapuru";"Não";"Região Metropolitana de Manaus";"Motociclistas";1;NA;1;NA;2;3;NA;NA;2;2;3;3;5;7;4;14;5;2;6;2;5;5;3;4;NA
13;"AM";1302553;"130255";"Manaquiri";"Não";"Região Metropolitana de Manaus";"Motociclistas";NA;NA;NA;NA;NA;NA;NA;1;NA;NA;NA;NA;1;NA;NA;NA;NA;NA;NA;NA;NA;NA;NA;1;NA
13;"AM";1302603;"130260";"Manaus";"Sim";"Região Metropolitana de Manaus";"Motociclistas";44;35;23;24;21;34;30;34;43;34;42;46;58;63;86;105;110;130;109;102;132;117;128;160;NA
13;"AM";1302702;"130270";"Manicoré";"Não";"-";"Motociclistas";NA;NA;NA;NA;NA;NA;NA;NA;NA;2;1;2;NA;1;2;2;2;NA;7;NA;1;1;2;3;NA
13;"AM";1302801;"130280";"Maraã";"Não";"-";"Motociclistas";NA;NA;NA;NA;NA;NA;NA;NA;1;NA;NA;NA;NA;NA;NA;NA;NA;NA;2;NA;1;NA;NA;NA;NA
13;"AM";1302900;"130290";"Maués";"Não";"-";"Motociclistas";1;1;1;NA;1;2;2;NA;1;2;2;2;2;2;2;NA;5;NA;1;3;3;3;2;1;NA
13;"AM";1303007;"130300";"Nhamundá";"Não";"-";"Motociclistas";NA;NA;NA;NA;NA;NA;NA;NA;NA;NA;NA;NA;NA;NA;NA;NA;NA;NA;NA;NA;NA;NA;NA;NA;NA
13;"AM";1303106;"130310";"Nova Olinda do Norte";"Não";"-";"Motociclistas";NA;NA;NA;NA;NA;NA;1;NA;1;NA;NA;NA;1;NA;1;1;NA;NA;3;NA;1;1;NA;NA;NA
13;"AM";1303205;"130320";"Novo Airão";"Não";"Região Metropolitana de Manaus";"Motociclistas";NA;NA;NA;NA;NA;NA;1;NA;NA;NA;1;NA;NA;NA;NA;3;1;2;2;2;NA;NA;NA;2;NA
13;"AM";1303304;"130330";"Novo Aripuanã";"Não";"-";"Motociclistas";NA;1;NA;1;NA;NA;NA;NA;1;NA;NA;1;1;NA;NA;1;NA;3;1;1;NA;1;1;NA;NA
13;"AM";1303403;"130340";"Parintins";"Não";"-";"Motociclistas";NA;1;2;NA;3;7;1;2;4;6;1;2;2;5;8;4;4;5;5;5;3;5;6;5;NA
13;"AM";1303502;"130350";"Pauini";"Não";"-";"Motociclistas";NA;NA;NA;NA;NA;NA;NA;NA;NA;NA;NA;NA;NA;1;NA;NA;NA;NA;1;NA;NA;NA;1;2;NA
13;"AM";1303536;"130353";"Presidente Figueiredo";"Não";"Região Metropolitana de Manaus";"Motociclistas";NA;NA;NA;NA;NA;1;1;NA;1;1;1;NA;4;3;1;NA;4;NA;2;2;NA;NA;1;2;NA
13;"AM";1303569;"130356";"Rio Preto da Eva";"Não";"Região Metropolitana de Manaus";"Motociclistas";NA;NA;NA;NA;NA;NA;NA;NA;1;1;NA;1;NA;1;NA;NA;4;3;1;6;1;2;5;1;NA
13;"AM";1303601;"130360";"Santa Isabel do Rio Negro";"Não";"-";"Motociclistas";NA;NA;NA;NA;NA;NA;NA;NA;NA;NA;NA;NA;NA;NA;1;NA;NA;NA;NA;NA;NA;NA;NA;NA;NA
13;"AM";1303700;"130370";"Santo Antônio do Içá";"Não";"-";"Motociclistas";NA;NA;NA;1;NA;NA;NA;NA;NA;NA;NA;NA;NA;1;NA;NA;NA;NA;NA;NA;NA;NA;NA;NA;NA
13;"AM";1303809;"130380";"São Gabriel da Cachoeira";"Não";"-";"Motociclistas";1;NA;NA;NA;1;NA;NA;NA;1;NA;NA;NA;NA;NA;NA;NA;NA;1;NA;NA;NA;NA;NA;2;NA
13;"AM";1303908;"130390";"São Paulo de Olivença";"Não";"-";"Motociclistas";NA;NA;NA;NA;NA;NA;NA;2;1;NA;NA;NA;NA;NA;1;1;1;NA;1;1;NA;1;NA;1;NA
13;"AM";1303957;"130395";"São Sebastião do Uatumã";"Não";"-";"Motociclistas";NA;NA;NA;NA;NA;NA;NA;NA;NA;NA;NA;NA;NA;NA;NA;NA;NA;1;NA;NA;NA;NA;NA;NA;NA
13;"AM";1304005;"130400";"Silves";"Não";"Região Metropolitana de Manaus";"Motociclistas";NA;NA;NA;NA;NA;NA;NA;1;NA;NA;NA;NA;NA;1;NA;NA;NA;NA;2;NA;NA;NA;NA;3;NA
13;"AM";1304062;"130406";"Tabatinga";"Não";"-";"Motociclistas";NA;1;NA;NA;NA;2;2;1;2;6;1;1;4;1;1;1;1;NA;5;2;NA;3;NA;1;NA
13;"AM";1304104;"130410";"Tapauá";"Não";"-";"Motociclistas";NA;NA;NA;NA;NA;NA;NA;2;NA;NA;NA;NA;1;NA;NA;NA;NA;NA;NA;NA;1;NA;NA;NA;NA
13;"AM";1304203;"130420";"Tefé";"Não";"-";"Motociclistas";NA;1;1;NA;2;3;1;1;1;2;1;2;5;1;1;1;2;2;5;NA;NA;1;5;NA;NA
13;"AM";1304237;"130423";"Tonantins";"Não";"-";"Motociclistas";NA;NA;NA;NA;NA;NA;NA;NA;NA;1;NA;NA;NA;NA;NA;NA;NA;NA;NA;NA;NA;1;NA;NA;NA
13;"AM";1304260;"130426";"Uarini";"Não";"-";"Motociclistas";NA;NA;NA;NA;NA;NA;NA;NA;NA;NA;NA;NA;NA;NA;NA;NA;NA;NA;NA;NA;NA;1;1;NA;NA
13;"AM";1304302;"130430";"Urucará";"Não";"-";"Motociclistas";NA;NA;NA;NA;1;NA;NA;1;NA;NA;NA;1;1;NA;2;NA;2;NA;1;NA;NA;NA;1;1;NA
13;"AM";1304401;"130440";"Urucurituba";"Não";"-";"Motociclistas";NA;1;NA;NA;NA;NA;NA;NA;NA;1;NA;NA;NA;NA;NA;1;NA;NA;1;NA;NA;NA;1;NA;NA
14;"RR";1400027;"140002";"Amajari";"Não";"-";"Motociclistas";NA;NA;NA;NA;NA;NA;1;NA;NA;NA;NA;NA;1;NA;1;3;2;1;NA;NA;NA;NA;NA;1;NA
14;"RR";1400050;"140005";"Alto Alegre";"Não";"Região Metropolitana da Capital";"Motociclistas";1;1;NA;1;2;2;1;2;2;2;1;NA;2;4;2;1;NA;NA;1;2;2;3;2;1;NA
14;"RR";1400100;"140010";"Boa Vista";"Sim";"Região Metropolitana da Capital";"Motociclistas";17;20;24;2;1;13;10;32;30;10;38;29;40;48;27;47;22;40;11;13;18;7;25;25;NA
14;"RR";1400159;"140015";"Bonfim";"Não";"Região Metropolitana da Capital";"Motociclistas";NA;NA;2;NA;NA;NA;2;1;NA;1;1;2;NA;NA;1;2;2;1;NA;2;NA;NA;2;3;NA
14;"RR";1400175;"140017";"Cantá";"Não";"Região Metropolitana da Capital";"Motociclistas";NA;NA;1;NA;2;2;NA;NA;3;NA;1;4;NA;NA;NA;2;3;3;1;NA;1;1;2;2;NA
14;"RR";1400209;"140020";"Caracaraí";"Não";"Região Metropolitana de Central";"Motociclistas";NA;1;1;3;1;3;1;NA;NA;NA;2;4;6;4;NA;1;NA;1;NA;NA;4;5;1;3;NA
14;"RR";1400233;"140023";"Caroebe";"Não";"Região Metropolitana do Sul do Estado";"Motociclistas";NA;NA;NA;1;NA;NA;NA;2;NA;2;NA;NA;NA;NA;1;1;NA;2;1;1;NA;2;1;1;NA
14;"RR";1400282;"140028";"Iracema";"Não";"Região Metropolitana de Central";"Motociclistas";NA;NA;1;2;2;NA;NA;2;1;NA;NA;1;NA;1;3;NA;NA;NA;NA;NA;1;NA;NA;1;NA
14;"RR";1400308;"140030";"Mucajaí";"Não";"Região Metropolitana da Capital";"Motociclistas";1;1;2;1;1;2;1;1;1;NA;NA;NA;2;NA;NA;3;1;2;NA;3;2;1;4;2;NA
14;"RR";1400407;"140040";"Normandia";"Não";"-";"Motociclistas";1;NA;NA;NA;NA;NA;NA;NA;NA;1;NA;1;NA;NA;NA;NA;NA;NA;1;1;NA;NA;1;NA;NA
14;"RR";1400456;"140045";"Pacaraima";"Não";"-";"Motociclistas";NA;NA;NA;NA;NA;NA;NA;NA;NA;NA;NA;NA;NA;NA;1;NA;NA;NA;1;1;NA;NA;1;NA;NA
14;"RR";1400472;"140047";"Rorainópolis";"Não";"Região Metropolitana do Sul do Estado";"Motociclistas";2;3;1;1;2;NA;2;NA;NA;3;4;4;10;6;9;5;1;3;6;2;3;5;2;9;NA
14;"RR";1400506;"140050";"São João da Baliza";"Não";"Região Metropolitana do Sul do Estado";"Motociclistas";NA;2;NA;NA;NA;NA;NA;1;NA;2;NA;NA;1;1;3;3;NA;NA;NA;1;1;1;1;2;NA
14;"RR";1400605;"140060";"São Luiz";"Não";"Região Metropolitana do Sul do Estado";"Motociclistas";NA;NA;NA;NA;1;2;1;1;NA;NA;1;NA;1;NA;NA;NA;NA;NA;1;1;NA;2;NA;NA;NA
14;"RR";1400704;"140070";"Uiramutã";"Não";"-";"Motociclistas";NA;NA;NA;NA;NA;NA;NA;NA;1;NA;NA;NA;NA;NA;NA;NA;NA;NA;NA;NA;NA;NA;NA;NA;NA
15;"PA";1500107;"150010";"Abaetetuba";"Não";"-";"Motociclistas";NA;1;NA;NA;NA;NA;NA;NA;2;1;1;NA;NA;NA;1;NA;NA;NA;NA;NA;3;1;4;1;NA
15;"PA";1500131;"150013";"Abel Figueiredo";"Não";"-";"Motociclistas";NA;NA;1;NA;NA;NA;2;NA;NA;1;1;NA;1;NA;1;NA;2;1;2;1;NA;NA;NA;NA;NA
15;"PA";1500206;"150020";"Acará";"Não";"-";"Motociclistas";NA;NA;NA;NA;NA;NA;NA;NA;NA;NA;NA;NA;NA;NA;NA;1;NA;NA;NA;NA;2;2;2;2;NA
15;"PA";1500347;"150034";"Água Azul do Norte";"Não";"-";"Motociclistas";NA;NA;NA;NA;1;NA;1;NA;1;3;1;NA;1;NA;NA;2;NA;2;4;3;NA;2;NA;3;NA
15;"PA";1500404;"150040";"Alenquer";"Não";"-";"Motociclistas";NA;NA;NA;NA;NA;2;3;NA;2;2;2;8;4;8;3;3;4;1;1;1;NA;NA;3;2;NA
15;"PA";1500503;"150050";"Almeirim";"Não";"-";"Motociclistas";NA;NA;NA;1;NA;NA;NA;NA;NA;NA;2;1;1;3;1;3;1;3;1;NA;NA;2;1;NA;NA
15;"PA";1500602;"150060";"Altamira";"Não";"-";"Motociclistas";1;1;2;9;8;5;5;9;12;13;26;21;29;38;36;35;45;32;27;25;21;15;16;21;NA
15;"PA";1500701;"150070";"Anajás";"Não";"-";"Motociclistas";NA;NA;NA;NA;NA;NA;NA;NA;NA;NA;NA;NA;NA;NA;NA;NA;NA;NA;NA;1;1;NA;NA;NA;NA
15;"PA";1500800;"150080";"Ananindeua";"Não";"Região Metropolitana de Belém";"Motociclistas";NA;NA;NA;NA;1;NA;13;10;12;6;29;38;47;46;27;46;21;36;39;40;39;46;62;56;NA
15;"PA";1500859;"150085";"Anapu";"Não";"-";"Motociclistas";NA;NA;NA;NA;NA;1;NA;4;1;2;6;2;2;4;8;2;5;4;9;6;3;1;4;4;NA
15;"PA";1500909;"150090";"Augusto Corrêa";"Não";"-";"Motociclistas";NA;NA;NA;NA;NA;NA;NA;NA;NA;NA;NA;NA;NA;NA;NA;1;NA;1;NA;NA;NA;1;NA;1;NA
15;"PA";1500958;"150095";"Aurora do Pará";"Não";"-";"Motociclistas";NA;NA;NA;NA;NA;NA;1;1;NA;NA;1;1;NA;NA;6;2;NA;2;3;NA;1;1;NA;4;NA
15;"PA";1501006;"150100";"Aveiro";"Não";"-";"Motociclistas";NA;NA;NA;NA;NA;NA;NA;NA;NA;NA;NA;NA;NA;NA;NA;NA;NA;1;NA;NA;NA;NA;NA;1;NA
15;"PA";1501105;"150110";"Bagre";"Não";"-";"Motociclistas";NA;NA;NA;NA;NA;NA;NA;NA;NA;NA;NA;NA;NA;NA;NA;NA;NA;NA;NA;1;NA;NA;NA;NA;NA
15;"PA";1501204;"150120";"Baião";"Não";"-";"Motociclistas";NA;NA;NA;NA;NA;NA;NA;NA;NA;NA;NA;NA;NA;NA;NA;2;NA;NA;1;NA;NA;2;3;2;NA
15;"PA";1501253;"150125";"Bannach";"Não";"-";"Motociclistas";NA;NA;NA;NA;NA;1;NA;NA;NA;NA;NA;NA;NA;1;NA;NA;NA;NA;NA;NA;NA;NA;NA;NA;NA
15;"PA";1501303;"150130";"Barcarena";"Não";"-";"Motociclistas";NA;NA;NA;NA;NA;NA;NA;NA;NA;NA;NA;NA;NA;NA;NA;2;NA;2;NA;1;NA;4;5;1;NA
15;"PA";1501402;"150140";"Belém";"Sim";"Região Metropolitana de Belém";"Motociclistas";7;10;8;17;10;32;14;8;11;7;11;19;10;10;8;14;16;21;15;15;15;16;24;22;NA
15;"PA";1501451;"150145";"Belterra";"Não";"Região Metropolitana de Santarém";"Motociclistas";NA;NA;NA;NA;NA;NA;NA;NA;NA;NA;NA;NA;NA;NA;1;NA;NA;NA;1;3;2;NA;2;3;NA
15;"PA";1501501;"150150";"Benevides";"Não";"Região Metropolitana de Belém";"Motociclistas";NA;NA;NA;NA;1;NA;NA;NA;NA;NA;NA;1;NA;NA;1;4;NA;NA;3;NA;1;1;NA;1;NA
15;"PA";1501576;"150157";"Bom Jesus do Tocantins";"Não";"-";"Motociclistas";1;1;1;NA;1;1;NA;1;NA;NA;NA;1;5;NA;NA;1;NA;1;2;NA;NA;3;NA;NA;NA
15;"PA";1501600;"150160";"Bonito";"Não";"-";"Motociclistas";NA;NA;NA;NA;NA;NA;NA;NA;NA;NA;NA;NA;NA;1;NA;NA;NA;NA;1;NA;NA;NA;NA;2;NA
15;"PA";1501709;"150170";"Bragança";"Não";"-";"Motociclistas";1;1;NA;NA;NA;NA;1;NA;NA;NA;2;NA;1;NA;3;NA;2;1;1;NA;6;5;2;4;NA
15;"PA";1501725;"150172";"Brasil Novo";"Não";"-";"Motociclistas";1;NA;2;1;2;NA;NA;NA;NA;2;NA;4;4;3;5;4;2;4;1;3;2;6;NA;1;NA
15;"PA";1501758;"150175";"Brejo Grande do Araguaia";"Não";"-";"Motociclistas";NA;NA;NA;NA;NA;NA;NA;NA;NA;NA;1;2;2;NA;NA;2;NA;NA;NA;1;NA;NA;1;1;NA
15;"PA";1501782;"150178";"Breu Branco";"Não";"-";"Motociclistas";NA;NA;NA;2;2;2;1;1;4;2;1;6;1;1;NA;NA;1;1;2;NA;NA;1;2;2;NA
15;"PA";1501808;"150180";"Breves";"Não";"-";"Motociclistas";NA;1;NA;NA;NA;4;NA;NA;1;2;NA;1;2;2;NA;4;2;2;1;NA;4;2;3;1;NA
15;"PA";1501907;"150190";"Bujaru";"Não";"-";"Motociclistas";NA;NA;NA;NA;NA;NA;NA;NA;NA;2;1;NA;1;2;1;1;5;NA;2;NA;1;NA;NA;NA;NA
15;"PA";1501956;"150195";"Cachoeira do Piriá";"Não";"-";"Motociclistas";NA;NA;NA;NA;NA;NA;NA;NA;NA;NA;NA;NA;NA;NA;1;1;1;1;NA;NA;NA;NA;NA;3;NA
15;"PA";1502004;"150200";"Cachoeira do Arari";"Não";"-";"Motociclistas";NA;NA;NA;NA;NA;NA;NA;NA;NA;NA;NA;NA;NA;NA;NA;NA;2;2;1;2;1;1;NA;NA;NA
15;"PA";1502103;"150210";"Cametá";"Não";"-";"Motociclistas";NA;NA;NA;NA;1;1;2;1;1;2;3;3;5;7;5;6;5;5;5;8;3;8;3;9;NA
15;"PA";1502152;"150215";"Canaã dos Carajás";"Não";"-";"Motociclistas";NA;1;NA;1;1;2;NA;1;4;NA;4;2;1;1;4;2;8;5;2;4;1;8;5;12;NA
15;"PA";1502202;"150220";"Capanema";"Não";"-";"Motociclistas";NA;NA;NA;NA;NA;NA;3;2;NA;1;2;1;5;3;NA;5;1;3;3;3;12;6;3;13;NA
15;"PA";1502301;"150230";"Capitão Poço";"Não";"-";"Motociclistas";NA;NA;NA;2;1;1;3;4;NA;NA;3;1;1;NA;1;3;NA;1;4;NA;2;NA;NA;2;NA
15;"PA";1502400;"150240";"Castanhal";"Não";"Região Metropolitana de Belém";"Motociclistas";NA;1;NA;NA;NA;1;2;1;4;3;3;12;2;6;8;7;13;10;15;13;11;3;13;9;NA
15;"PA";1502608;"150260";"Colares";"Não";"-";"Motociclistas";NA;NA;NA;NA;NA;NA;NA;NA;NA;NA;1;NA;NA;NA;NA;NA;NA;NA;NA;NA;NA;NA;NA;2;NA
15;"PA";1502707;"150270";"Conceição do Araguaia";"Não";"-";"Motociclistas";NA;NA;NA;2;NA;2;2;NA;3;1;1;3;5;9;6;5;4;2;2;1;1;3;10;7;NA
15;"PA";1502756;"150275";"Concórdia do Pará";"Não";"-";"Motociclistas";NA;NA;1;2;1;NA;NA;NA;NA;NA;NA;NA;1;1;NA;3;4;NA;1;4;2;NA;2;4;NA
15;"PA";1502764;"150276";"Cumaru do Norte";"Não";"-";"Motociclistas";NA;NA;NA;NA;NA;NA;NA;NA;NA;NA;1;1;NA;1;1;1;NA;NA;NA;NA;NA;1;2;1;NA
15;"PA";1502772;"150277";"Curionópolis";"Não";"-";"Motociclistas";NA;1;1;NA;2;1;2;NA;2;NA;NA;2;1;3;1;NA;NA;3;5;3;NA;2;4;4;NA
15;"PA";1502806;"150280";"Curralinho";"Não";"-";"Motociclistas";NA;NA;NA;NA;NA;NA;NA;NA;NA;NA;NA;NA;NA;NA;NA;NA;NA;NA;NA;NA;NA;2;NA;NA;NA
15;"PA";1502855;"150285";"Curuá";"Não";"-";"Motociclistas";NA;NA;NA;NA;NA;NA;NA;NA;NA;NA;NA;NA;NA;NA;5;NA;1;1;2;NA;NA;1;NA;NA;NA
15;"PA";1502905;"150290";"Curuçá";"Não";"-";"Motociclistas";NA;NA;NA;NA;NA;NA;NA;2;1;NA;2;NA;2;3;NA;1;NA;4;2;1;3;2;2;3;NA
15;"PA";1502939;"150293";"Dom Eliseu";"Não";"-";"Motociclistas";2;NA;1;NA;NA;1;NA;2;2;NA;1;5;NA;3;2;10;9;6;4;1;3;2;2;2;NA
15;"PA";1502954;"150295";"Eldorado do Carajás";"Não";"-";"Motociclistas";NA;NA;NA;NA;2;2;2;1;4;2;3;1;NA;2;NA;5;NA;7;8;4;1;NA;5;4;NA
15;"PA";1503044;"150304";"Floresta do Araguaia";"Não";"-";"Motociclistas";NA;NA;1;2;NA;NA;NA;NA;1;3;2;3;3;3;6;3;6;5;3;6;6;2;1;3;NA
15;"PA";1503077;"150307";"Garrafão do Norte";"Não";"-";"Motociclistas";NA;NA;NA;NA;NA;NA;NA;NA;NA;NA;NA;1;5;3;9;9;11;3;1;NA;3;2;1;2;NA
15;"PA";1503093;"150309";"Goianésia do Pará";"Não";"-";"Motociclistas";NA;1;1;2;3;1;4;10;8;NA;9;7;3;1;NA;NA;3;4;3;1;2;1;1;2;NA
15;"PA";1503101;"150310";"Gurupá";"Não";"-";"Motociclistas";NA;NA;NA;NA;NA;NA;NA;NA;NA;NA;1;NA;1;NA;NA;1;1;NA;NA;NA;NA;1;1;1;NA
15;"PA";1503200;"150320";"Igarapé-Açu";"Não";"-";"Motociclistas";NA;NA;NA;NA;NA;1;NA;NA;1;NA;2;1;2;2;4;3;2;2;2;NA;4;4;5;2;NA
15;"PA";1503309;"150330";"Igarapé-Miri";"Não";"-";"Motociclistas";NA;NA;NA;NA;NA;NA;NA;NA;NA;NA;3;1;NA;2;NA;NA;NA;NA;NA;NA;NA;NA;2;1;NA
15;"PA";1503408;"150340";"Inhangapi";"Não";"-";"Motociclistas";NA;NA;NA;NA;NA;NA;NA;NA;1;NA;NA;1;NA;NA;NA;NA;NA;NA;NA;1;NA;1;1;2;NA
15;"PA";1503457;"150345";"Ipixuna do Pará";"Não";"-";"Motociclistas";1;NA;NA;NA;NA;NA;NA;NA;NA;1;1;NA;1;NA;NA;1;1;NA;NA;2;NA;1;2;1;NA
15;"PA";1503507;"150350";"Irituia";"Não";"-";"Motociclistas";NA;NA;NA;NA;NA;NA;1;NA;2;3;NA;1;1;2;NA;2;1;2;NA;2;3;NA;3;2;NA
15;"PA";1503606;"150360";"Itaituba";"Não";"-";"Motociclistas";1;1;2;4;NA;1;NA;5;6;13;10;10;6;16;10;13;23;17;19;20;16;17;10;17;NA
15;"PA";1503705;"150370";"Itupiranga";"Não";"-";"Motociclistas";1;NA;NA;1;NA;NA;NA;NA;NA;3;3;2;2;2;NA;2;NA;2;1;3;2;1;3;1;NA
15;"PA";1503754;"150375";"Jacareacanga";"Não";"-";"Motociclistas";NA;NA;NA;1;NA;NA;NA;NA;NA;NA;NA;NA;NA;NA;NA;1;NA;NA;NA;1;2;NA;NA;1;NA
15;"PA";1503804;"150380";"Jacundá";"Não";"-";"Motociclistas";NA;6;1;NA;3;8;5;7;5;3;1;7;5;8;5;5;6;2;4;2;1;2;1;NA;NA
15;"PA";1503903;"150390";"Juruti";"Não";"-";"Motociclistas";NA;NA;NA;NA;NA;NA;NA;NA;3;1;1;1;1;2;2;3;3;1;5;2;NA;3;3;4;NA
15;"PA";1504000;"150400";"Limoeiro do Ajuru";"Não";"-";"Motociclistas";NA;NA;NA;NA;NA;NA;NA;NA;NA;NA;NA;NA;NA;NA;NA;NA;NA;2;NA;NA;NA;NA;NA;NA;NA
15;"PA";1504059;"150405";"Mãe do Rio";"Não";"-";"Motociclistas";NA;NA;NA;NA;NA;NA;NA;NA;5;1;5;3;1;4;3;3;2;4;2;NA;NA;2;NA;NA;NA
15;"PA";1504109;"150410";"Magalhães Barata";"Não";"-";"Motociclistas";NA;NA;NA;NA;NA;1;NA;NA;NA;NA;1;1;1;NA;NA;1;1;3;NA;1;NA;NA;NA;2;NA
15;"PA";1504208;"150420";"Marabá";"Não";"-";"Motociclistas";1;3;4;5;5;2;3;17;9;15;25;18;29;22;10;7;3;41;44;27;31;20;24;34;NA
15;"PA";1504307;"150430";"Maracanã";"Não";"-";"Motociclistas";NA;NA;NA;NA;NA;NA;NA;NA;NA;NA;NA;NA;NA;NA;3;NA;1;NA;NA;NA;1;1;1;NA;NA
15;"PA";1504406;"150440";"Marapanim";"Não";"-";"Motociclistas";NA;NA;NA;NA;NA;NA;NA;1;2;NA;2;1;NA;NA;1;1;1;NA;4;2;2;NA;4;NA;NA
15;"PA";1504422;"150442";"Marituba";"Não";"Região Metropolitana de Belém";"Motociclistas";NA;NA;NA;1;1;NA;2;NA;NA;2;NA;NA;NA;1;1;2;NA;1;NA;NA;1;2;2;2;NA
15;"PA";1504455;"150445";"Medicilândia";"Não";"-";"Motociclistas";1;NA;NA;NA;NA;NA;1;1;1;2;NA;2;6;2;5;10;7;4;3;NA;1;2;4;1;NA
15;"PA";1504604;"150460";"Mocajuba";"Não";"-";"Motociclistas";NA;NA;NA;NA;NA;NA;NA;3;NA;NA;1;NA;NA;NA;NA;NA;1;NA;NA;2;1;1;1;1;NA
15;"PA";1504703;"150470";"Moju";"Não";"-";"Motociclistas";1;NA;NA;NA;NA;NA;NA;NA;1;1;1;1;NA;1;4;2;2;NA;1;NA;4;2;4;1;NA
15;"PA";1504752;"150475";"Mojuí dos Campos";"Não";"Região Metropolitana de Santarém";"Motociclistas";NA;NA;NA;NA;NA;NA;NA;NA;NA;NA;NA;NA;NA;NA;NA;NA;NA;NA;1;1;2;NA;NA;NA;NA
15;"PA";1504802;"150480";"Monte Alegre";"Não";"-";"Motociclistas";NA;NA;NA;NA;1;1;NA;NA;NA;1;3;3;3;2;9;6;10;5;3;6;4;8;8;3;NA
15;"PA";1504901;"150490";"Muaná";"Não";"-";"Motociclistas";NA;NA;NA;NA;NA;NA;NA;NA;NA;NA;NA;NA;NA;NA;1;1;NA;NA;NA;NA;NA;1;NA;1;NA
15;"PA";1504950;"150495";"Nova Esperança do Piriá";"Não";"-";"Motociclistas";NA;NA;NA;NA;NA;NA;NA;1;NA;NA;NA;2;1;2;2;1;3;2;3;1;2;NA;1;1;NA
15;"PA";1504976;"150497";"Nova Ipixuna";"Não";"-";"Motociclistas";NA;NA;NA;NA;1;NA;NA;NA;NA;NA;2;1;1;NA;NA;NA;1;NA;2;2;1;1;1;1;NA
15;"PA";1505007;"150500";"Nova Timboteua";"Não";"-";"Motociclistas";NA;NA;NA;NA;NA;NA;NA;NA;NA;NA;NA;NA;NA;NA;NA;NA;1;NA;NA;1;NA;NA;NA;1;NA
15;"PA";1505031;"150503";"Novo Progresso";"Não";"-";"Motociclistas";NA;NA;NA;NA;4;NA;NA;NA;NA;1;4;5;4;6;4;2;5;6;9;4;13;8;7;14;NA
15;"PA";1505064;"150506";"Novo Repartimento";"Não";"-";"Motociclistas";NA;NA;NA;6;3;3;2;NA;2;3;1;1;6;9;3;6;7;6;8;2;9;8;5;8;NA
15;"PA";1505106;"150510";"Óbidos";"Não";"-";"Motociclistas";1;NA;NA;NA;NA;NA;NA;1;NA;3;1;NA;NA;2;3;4;3;3;1;3;NA;2;4;3;NA
15;"PA";1505205;"150520";"Oeiras do Pará";"Não";"-";"Motociclistas";NA;NA;NA;NA;NA;NA;NA;NA;NA;NA;NA;NA;NA;2;2;NA;1;NA;3;NA;NA;1;NA;NA;NA
15;"PA";1505304;"150530";"Oriximiná";"Não";"-";"Motociclistas";NA;NA;NA;2;2;NA;NA;1;2;2;2;1;2;5;4;3;2;5;4;1;2;4;3;1;NA
15;"PA";1505403;"150540";"Ourém";"Não";"-";"Motociclistas";NA;NA;NA;NA;1;NA;NA;NA;NA;1;2;NA;NA;NA;1;NA;NA;NA;NA;NA;NA;NA;1;NA;NA
15;"PA";1505437;"150543";"Ourilândia do Norte";"Não";"-";"Motociclistas";NA;1;2;1;3;4;1;5;5;3;5;3;7;14;3;7;4;6;6;7;11;3;10;13;NA
15;"PA";1505486;"150548";"Pacajá";"Não";"-";"Motociclistas";NA;NA;1;1;6;3;2;1;4;4;4;3;9;10;14;15;9;6;8;2;5;7;7;2;NA
15;"PA";1505494;"150549";"Palestina do Pará";"Não";"-";"Motociclistas";NA;NA;NA;NA;NA;NA;1;3;1;NA;NA;NA;1;NA;NA;1;1;NA;NA;NA;NA;NA;NA;NA;NA
15;"PA";1505502;"150550";"Paragominas";"Não";"-";"Motociclistas";NA;NA;NA;2;1;NA;2;2;1;4;3;2;3;NA;NA;3;7;10;8;4;4;6;4;14;NA
15;"PA";1505536;"150553";"Parauapebas";"Não";"-";"Motociclistas";2;5;2;10;6;10;8;11;9;10;8;20;33;47;35;35;18;23;16;16;21;29;11;28;NA
15;"PA";1505551;"150555";"Pau D'Arco";"Não";"-";"Motociclistas";NA;NA;NA;NA;NA;NA;2;NA;NA;1;2;1;NA;2;NA;1;1;1;NA;1;NA;NA;NA;2;NA
15;"PA";1505601;"150560";"Peixe-Boi";"Não";"-";"Motociclistas";NA;NA;NA;NA;NA;NA;NA;NA;NA;NA;NA;NA;NA;NA;NA;1;NA;NA;1;NA;NA;NA;NA;NA;NA
15;"PA";1505635;"150563";"Piçarra";"Não";"-";"Motociclistas";NA;NA;1;1;NA;NA;NA;NA;NA;2;NA;NA;3;3;NA;NA;NA;2;1;NA;1;1;NA;NA;NA
15;"PA";1505650;"150565";"Placas";"Não";"-";"Motociclistas";NA;NA;NA;NA;NA;NA;NA;NA;NA;4;NA;3;2;NA;NA;2;1;1;1;3;5;4;2;3;NA
15;"PA";1505700;"150570";"Ponta de Pedras";"Não";"-";"Motociclistas";NA;NA;NA;NA;NA;NA;NA;NA;NA;NA;NA;NA;2;NA;NA;NA;NA;NA;NA;NA;NA;NA;1;2;NA
15;"PA";1505809;"150580";"Portel";"Não";"-";"Motociclistas";NA;NA;NA;NA;1;NA;NA;NA;NA;NA;NA;2;NA;2;1;NA;1;NA;NA;1;NA;2;2;NA;NA
15;"PA";1505908;"150590";"Porto de Moz";"Não";"-";"Motociclistas";NA;NA;NA;NA;NA;NA;NA;NA;NA;1;1;NA;NA;1;1;NA;NA;NA;1;NA;NA;NA;1;1;NA
15;"PA";1506005;"150600";"Prainha";"Não";"-";"Motociclistas";NA;NA;NA;NA;NA;NA;NA;NA;NA;NA;4;1;NA;1;1;2;1;NA;2;4;2;2;1;1;NA
15;"PA";1506104;"150610";"Primavera";"Não";"-";"Motociclistas";NA;NA;NA;NA;NA;NA;NA;NA;NA;NA;NA;NA;NA;NA;NA;NA;NA;NA;1;1;NA;NA;NA;NA;NA
15;"PA";1506112;"150611";"Quatipuru";"Não";"-";"Motociclistas";NA;NA;NA;NA;NA;NA;NA;NA;NA;NA;NA;NA;NA;NA;NA;NA;NA;NA;NA;2;NA;NA;NA;NA;NA
15;"PA";1506138;"150613";"Redenção";"Não";"-";"Motociclistas";2;2;5;4;8;3;4;8;14;25;30;18;15;18;19;7;23;17;22;12;35;20;29;28;NA
15;"PA";1506161;"150616";"Rio Maria";"Não";"-";"Motociclistas";1;2;NA;NA;NA;NA;2;1;1;NA;NA;1;NA;3;2;1;6;1;2;1;NA;2;3;1;NA
15;"PA";1506187;"150618";"Rondon do Pará";"Não";"-";"Motociclistas";5;NA;2;NA;3;2;1;7;5;3;2;6;4;7;6;6;7;3;2;5;1;1;2;3;NA
15;"PA";1506195;"150619";"Rurópolis";"Não";"-";"Motociclistas";NA;NA;NA;1;1;2;NA;3;NA;3;1;5;2;NA;NA;1;2;3;4;5;1;2;1;2;NA
15;"PA";1506203;"150620";"Salinópolis";"Não";"-";"Motociclistas";NA;NA;NA;NA;NA;NA;1;2;NA;1;1;2;3;NA;2;1;1;1;1;3;1;2;NA;1;NA
15;"PA";1506302;"150630";"Salvaterra";"Não";"-";"Motociclistas";NA;NA;NA;1;NA;1;NA;NA;2;3;2;1;3;4;3;3;3;2;5;2;2;3;3;1;NA
15;"PA";1506351;"150635";"Santa Bárbara do Pará";"Não";"Região Metropolitana de Belém";"Motociclistas";NA;NA;NA;NA;NA;NA;NA;NA;NA;NA;NA;NA;NA;NA;NA;NA;1;NA;NA;NA;NA;NA;1;NA;NA
15;"PA";1506401;"150640";"Santa Cruz do Arari";"Não";"-";"Motociclistas";NA;NA;NA;NA;NA;NA;NA;NA;NA;NA;NA;NA;NA;NA;NA;NA;NA;NA;1;NA;NA;NA;NA;1;NA
15;"PA";1506500;"150650";"Santa Izabel do Pará";"Não";"Região Metropolitana de Belém";"Motociclistas";1;NA;NA;2;1;2;1;2;1;5;3;5;7;1;2;2;3;NA;2;3;3;2;2;2;NA
15;"PA";1506559;"150655";"Santa Luzia do Pará";"Não";"-";"Motociclistas";NA;NA;NA;NA;NA;NA;NA;1;NA;NA;NA;NA;NA;NA;1;NA;1;1;1;NA;1;NA;NA;NA;NA
15;"PA";1506583;"150658";"Santa Maria das Barreiras";"Não";"-";"Motociclistas";NA;NA;NA;NA;1;1;NA;NA;3;5;2;1;2;4;NA;5;2;6;4;NA;2;6;3;2;NA
15;"PA";1506609;"150660";"Santa Maria do Pará";"Não";"-";"Motociclistas";NA;NA;NA;NA;1;NA;1;NA;NA;NA;NA;NA;NA;5;2;2;1;2;1;1;2;NA;NA;2;NA
15;"PA";1506708;"150670";"Santana do Araguaia";"Não";"-";"Motociclistas";1;2;NA;4;4;3;3;1;3;2;4;5;7;4;12;4;3;5;11;7;9;6;9;9;NA
15;"PA";1506807;"150680";"Santarém";"Não";"Região Metropolitana de Santarém";"Motociclistas";NA;NA;1;NA;NA;NA;NA;NA;1;NA;1;2;NA;NA;NA;NA;11;25;28;59;67;17;34;31;NA
15;"PA";1506906;"150690";"Santarém Novo";"Não";"-";"Motociclistas";NA;NA;NA;NA;NA;NA;NA;NA;NA;NA;NA;NA;NA;NA;1;NA;NA;NA;1;2;NA;NA;NA;1;NA
15;"PA";1507003;"150700";"Santo Antônio do Tauá";"Não";"-";"Motociclistas";NA;NA;NA;2;NA;1;NA;NA;NA;1;NA;NA;1;2;7;3;6;1;2;NA;3;NA;NA;2;NA
15;"PA";1507102;"150710";"São Caetano de Odivelas";"Não";"-";"Motociclistas";NA;NA;NA;NA;NA;NA;NA;1;1;2;NA;NA;NA;NA;NA;NA;1;NA;NA;3;1;NA;NA;NA;NA
15;"PA";1507151;"150715";"São Domingos do Araguaia";"Não";"-";"Motociclistas";2;1;NA;NA;1;3;NA;NA;2;NA;1;1;1;NA;NA;NA;NA;4;3;2;3;1;NA;NA;NA
15;"PA";1507201;"150720";"São Domingos do Capim";"Não";"-";"Motociclistas";NA;NA;NA;NA;NA;NA;NA;NA;NA;NA;NA;NA;NA;1;2;2;NA;1;2;NA;1;NA;1;NA;NA
15;"PA";1507300;"150730";"São Félix do Xingu";"Não";"-";"Motociclistas";NA;NA;5;3;2;1;3;NA;4;5;9;3;3;13;14;10;17;15;16;12;13;14;12;13;NA
15;"PA";1507409;"150740";"São Francisco do Pará";"Não";"-";"Motociclistas";NA;NA;NA;NA;2;NA;NA;1;NA;NA;NA;1;NA;1;NA;3;3;2;1;NA;NA;3;NA;3;NA
15;"PA";1507458;"150745";"São Geraldo do Araguaia";"Não";"-";"Motociclistas";1;1;NA;1;NA;2;2;4;1;1;8;3;3;2;1;1;3;1;2;1;1;1;2;NA;NA
15;"PA";1507466;"150746";"São João da Ponta";"Não";"-";"Motociclistas";NA;NA;NA;NA;NA;NA;NA;NA;NA;NA;NA;NA;NA;3;2;1;1;NA;NA;NA;1;NA;NA;NA;NA
15;"PA";1507474;"150747";"São João de Pirabas";"Não";"-";"Motociclistas";NA;NA;NA;NA;NA;NA;NA;NA;NA;NA;NA;NA;NA;NA;NA;NA;NA;1;NA;NA;NA;NA;NA;NA;NA
15;"PA";1507508;"150750";"São João do Araguaia";"Não";"-";"Motociclistas";NA;1;NA;NA;1;NA;NA;NA;NA;NA;NA;NA;NA;1;NA;1;1;1;1;1;NA;NA;NA;NA;NA
15;"PA";1507607;"150760";"São Miguel do Guamá";"Não";"-";"Motociclistas";1;1;NA;NA;NA;NA;NA;NA;1;1;1;NA;1;1;1;NA;2;2;4;3;6;NA;NA;1;NA
15;"PA";1507706;"150770";"São Sebastião da Boa Vista";"Não";"-";"Motociclistas";NA;NA;NA;NA;NA;NA;NA;NA;NA;NA;NA;NA;NA;NA;NA;NA;1;1;NA;NA;NA;NA;1;NA;NA
15;"PA";1507755;"150775";"Sapucaia";"Não";"-";"Motociclistas";NA;NA;NA;NA;NA;NA;NA;NA;1;1;NA;2;1;NA;NA;1;NA;3;NA;1;NA;2;NA;1;NA
15;"PA";1507805;"150780";"Senador José Porfírio";"Não";"-";"Motociclistas";NA;1;NA;1;NA;NA;NA;NA;NA;NA;NA;NA;NA;1;NA;NA;NA;NA;NA;1;1;1;4;1;NA
15;"PA";1507904;"150790";"Soure";"Não";"-";"Motociclistas";NA;NA;NA;NA;NA;NA;NA;NA;NA;1;NA;1;2;1;1;NA;NA;2;3;1;1;2;1;1;NA
15;"PA";1507953;"150795";"Tailândia";"Não";"-";"Motociclistas";NA;3;NA;1;2;3;4;2;3;1;5;5;NA;1;2;5;4;5;12;4;3;4;7;13;NA
15;"PA";1507961;"150796";"Terra Alta";"Não";"-";"Motociclistas";NA;NA;NA;NA;NA;NA;NA;NA;1;NA;NA;NA;2;1;NA;1;NA;NA;1;NA;2;1;1;NA;NA
15;"PA";1507979;"150797";"Terra Santa";"Não";"-";"Motociclistas";NA;NA;NA;NA;NA;NA;1;1;NA;NA;NA;NA;1;1;NA;1;3;NA;NA;1;3;NA;1;3;NA
15;"PA";1508001;"150800";"Tomé-Açu";"Não";"-";"Motociclistas";5;NA;2;NA;1;NA;NA;NA;1;NA;5;4;9;9;8;4;2;4;1;NA;4;1;3;7;NA
15;"PA";1508035;"150803";"Tracuateua";"Não";"-";"Motociclistas";NA;NA;NA;NA;NA;NA;NA;NA;NA;1;1;NA;1;NA;NA;NA;1;NA;1;NA;1;NA;1;3;NA
15;"PA";1508050;"150805";"Trairão";"Não";"-";"Motociclistas";NA;NA;NA;NA;1;1;1;1;NA;NA;NA;NA;NA;NA;1;NA;1;NA;3;4;7;8;4;5;NA
15;"PA";1508084;"150808";"Tucumã";"Não";"-";"Motociclistas";2;3;5;4;6;5;4;10;7;8;13;12;12;7;5;3;7;5;7;10;13;9;6;8;NA
15;"PA";1508100;"150810";"Tucuruí";"Não";"-";"Motociclistas";2;2;5;12;19;13;15;12;14;12;16;22;17;2;NA;NA;1;31;27;4;6;5;12;22;NA
15;"PA";1508126;"150812";"Ulianópolis";"Não";"-";"Motociclistas";1;NA;NA;NA;1;NA;5;4;NA;1;2;6;3;4;2;3;1;4;3;5;1;2;NA;NA;NA
15;"PA";1508159;"150815";"Uruará";"Não";"-";"Motociclistas";NA;NA;NA;NA;2;NA;1;3;1;2;3;5;5;3;8;5;4;2;3;4;9;3;9;3;NA
15;"PA";1508209;"150820";"Vigia";"Não";"-";"Motociclistas";NA;NA;NA;NA;NA;NA;NA;NA;NA;1;NA;5;2;1;NA;1;4;4;NA;2;NA;NA;NA;NA;NA
15;"PA";1508308;"150830";"Viseu";"Não";"-";"Motociclistas";NA;NA;NA;NA;NA;NA;NA;NA;NA;NA;1;1;3;NA;NA;NA;4;2;2;1;NA;2;1;NA;NA
15;"PA";1508357;"150835";"Vitória do Xingu";"Não";"-";"Motociclistas";NA;NA;NA;NA;NA;NA;NA;NA;1;NA;NA;1;2;2;6;2;5;2;3;1;2;2;1;1;NA
15;"PA";1508407;"150840";"Xinguara";"Não";"-";"Motociclistas";1;NA;NA;2;2;3;1;8;5;6;10;6;5;13;9;9;13;2;4;5;4;6;12;16;NA
16;"AP";1600055;"160005";"Serra do Navio";"Não";"-";"Motociclistas";NA;NA;NA;NA;NA;NA;NA;NA;NA;NA;NA;NA;NA;NA;NA;NA;1;NA;NA;NA;NA;NA;NA;NA;NA
16;"AP";1600105;"160010";"Amapá";"Não";"-";"Motociclistas";NA;NA;NA;NA;NA;NA;NA;NA;NA;NA;NA;NA;NA;NA;NA;NA;NA;2;NA;NA;NA;NA;NA;NA;NA
16;"AP";1600154;"160015";"Pedra Branca do Amapari";"Não";"-";"Motociclistas";NA;NA;NA;NA;NA;NA;NA;NA;NA;NA;NA;NA;NA;NA;NA;NA;NA;NA;NA;NA;NA;1;NA;1;NA
16;"AP";1600204;"160020";"Calçoene";"Não";"-";"Motociclistas";NA;NA;NA;NA;NA;NA;NA;NA;NA;NA;NA;NA;NA;NA;NA;NA;2;NA;NA;1;1;NA;NA;NA;NA
16;"AP";1600212;"160021";"Cutias";"Não";"-";"Motociclistas";NA;NA;NA;NA;NA;NA;1;NA;NA;NA;NA;NA;NA;NA;NA;NA;NA;NA;NA;NA;NA;NA;1;NA;NA
16;"AP";1600238;"160023";"Ferreira Gomes";"Não";"-";"Motociclistas";NA;NA;NA;NA;NA;1;NA;NA;NA;NA;NA;NA;NA;1;NA;NA;NA;NA;NA;NA;NA;NA;NA;1;NA
16;"AP";1600279;"160027";"Laranjal do Jari";"Não";"-";"Motociclistas";NA;NA;NA;NA;NA;NA;NA;NA;1;3;1;NA;2;NA;NA;NA;2;1;1;2;1;4;3;2;NA
16;"AP";1600303;"160030";"Macapá";"Sim";"Região Metropolitana de Macapá";"Motociclistas";2;2;2;3;6;1;7;2;1;6;NA;NA;2;1;26;20;22;25;15;11;33;14;18;10;NA
16;"AP";1600402;"160040";"Mazagão";"Não";"Região Metropolitana de Macapá";"Motociclistas";NA;NA;NA;NA;NA;NA;NA;NA;NA;NA;NA;NA;NA;NA;NA;NA;NA;NA;1;NA;NA;1;1;NA;NA
16;"AP";1600501;"160050";"Oiapoque";"Não";"-";"Motociclistas";NA;NA;NA;NA;NA;NA;1;1;NA;NA;NA;1;1;NA;1;NA;1;NA;2;NA;2;NA;NA;NA;NA
16;"AP";1600535;"160053";"Porto Grande";"Não";"-";"Motociclistas";NA;NA;NA;NA;NA;NA;NA;NA;NA;NA;NA;NA;NA;NA;NA;NA;NA;1;NA;NA;NA;NA;1;1;NA
16;"AP";1600550;"160055";"Pracuúba";"Não";"-";"Motociclistas";NA;NA;NA;NA;NA;NA;NA;NA;NA;NA;NA;NA;NA;NA;1;NA;NA;NA;NA;1;NA;NA;NA;NA;NA
16;"AP";1600600;"160060";"Santana";"Não";"Região Metropolitana de Macapá";"Motociclistas";NA;NA;NA;NA;NA;NA;NA;NA;NA;1;1;NA;NA;2;5;1;4;1;2;4;1;4;5;3;NA
16;"AP";1600709;"160070";"Tartarugalzinho";"Não";"-";"Motociclistas";NA;NA;NA;NA;NA;NA;NA;NA;NA;NA;NA;NA;NA;NA;NA;NA;1;1;NA;NA;NA;1;NA;NA;NA
17;"TO";1700251;"170025";"Abreulândia";"Não";"-";"Motociclistas";NA;NA;NA;NA;NA;NA;NA;NA;NA;NA;NA;NA;NA;NA;NA;NA;NA;NA;NA;NA;NA;NA;NA;NA;NA
17;"TO";1700301;"170030";"Aguiarnópolis";"Não";"-";"Motociclistas";NA;NA;NA;NA;NA;NA;NA;2;NA;NA;1;NA;NA;NA;NA;NA;1;NA;1;NA;1;NA;NA;NA;NA
17;"TO";1700350;"170035";"Aliança do Tocantins";"Não";"Região Metropolitana de Gurupi";"Motociclistas";NA;NA;NA;NA;NA;NA;2;1;NA;NA;1;NA;3;NA;NA;1;NA;NA;2;2;NA;1;1;1;NA
17;"TO";1700400;"170040";"Almas";"Não";"-";"Motociclistas";NA;NA;NA;NA;NA;NA;NA;NA;NA;NA;NA;NA;NA;NA;NA;NA;2;1;1;NA;NA;NA;1;NA;NA
17;"TO";1700707;"170070";"Alvorada";"Não";"Região Metropolitana de Gurupi";"Motociclistas";NA;NA;NA;NA;NA;NA;NA;1;NA;NA;NA;NA;NA;3;1;NA;2;1;1;NA;NA;NA;2;2;NA
17;"TO";1701002;"170100";"Ananás";"Não";"-";"Motociclistas";NA;NA;NA;NA;NA;1;NA;NA;1;NA;2;NA;1;1;1;1;NA;1;NA;NA;NA;NA;NA;5;NA
17;"TO";1701051;"170105";"Angico";"Não";"-";"Motociclistas";NA;1;NA;NA;1;NA;NA;NA;NA;NA;NA;NA;NA;NA;NA;NA;NA;NA;NA;NA;NA;2;NA;NA;NA
17;"TO";1701101;"170110";"Aparecida do Rio Negro";"Não";"Região Metropolitana de Palmas";"Motociclistas";NA;NA;NA;NA;NA;NA;2;NA;NA;NA;1;2;2;NA;NA;NA;4;2;1;NA;1;NA;2;1;NA
17;"TO";1701309;"170130";"Aragominas";"Não";"-";"Motociclistas";NA;NA;1;NA;NA;NA;NA;NA;NA;1;1;NA;NA;NA;NA;NA;NA;1;3;NA;NA;NA;2;1;NA
17;"TO";1701903;"170190";"Araguacema";"Não";"-";"Motociclistas";NA;NA;NA;NA;NA;NA;NA;2;NA;NA;NA;1;NA;NA;NA;2;2;1;NA;1;NA;2;1;NA;NA
17;"TO";1702000;"170200";"Araguaçu";"Não";"Região Metropolitana de Gurupi";"Motociclistas";NA;NA;1;2;NA;1;NA;1;3;NA;NA;NA;NA;NA;NA;1;NA;1;1;2;1;1;NA;NA;NA
17;"TO";1702109;"170210";"Araguaína";"Não";"-";"Motociclistas";17;29;26;36;36;29;18;19;28;24;18;26;27;13;31;27;37;44;36;42;24;37;41;40;NA
17;"TO";1702158;"170215";"Araguanã";"Não";"-";"Motociclistas";NA;NA;NA;NA;NA;NA;1;1;NA;1;NA;NA;NA;NA;1;NA;2;NA;NA;2;NA;NA;1;NA;NA
17;"TO";1702208;"170220";"Araguatins";"Não";"-";"Motociclistas";NA;NA;NA;NA;2;NA;NA;2;NA;NA;4;4;3;2;3;3;1;4;NA;NA;2;2;3;1;NA
17;"TO";1702307;"170230";"Arapoema";"Não";"-";"Motociclistas";NA;1;NA;1;NA;NA;NA;NA;1;2;1;NA;NA;2;1;1;1;NA;1;2;NA;1;2;1;NA
17;"TO";1702406;"170240";"Arraias";"Não";"-";"Motociclistas";NA;NA;NA;NA;NA;NA;NA;NA;NA;1;NA;NA;1;NA;NA;NA;1;2;1;1;NA;NA;NA;1;NA
17;"TO";1702554;"170255";"Augustinópolis";"Não";"-";"Motociclistas";NA;NA;7;2;4;NA;1;3;3;1;5;9;5;3;2;3;4;2;3;1;2;4;2;8;NA
17;"TO";1702703;"170270";"Aurora do Tocantins";"Não";"-";"Motociclistas";NA;NA;NA;NA;NA;1;1;2;1;NA;1;1;NA;NA;1;1;NA;NA;NA;1;NA;NA;NA;NA;NA
17;"TO";1702901;"170290";"Axixá do Tocantins";"Não";"-";"Motociclistas";NA;NA;NA;NA;NA;NA;NA;NA;NA;1;NA;1;3;1;NA;NA;NA;NA;NA;1;2;NA;2;1;NA
17;"TO";1703008;"170300";"Babaçulândia";"Não";"-";"Motociclistas";1;1;NA;1;NA;3;NA;1;3;NA;NA;1;NA;4;1;1;3;NA;1;2;NA;NA;1;1;NA
17;"TO";1703057;"170305";"Bandeirantes do Tocantins";"Não";"-";"Motociclistas";NA;1;NA;NA;NA;NA;NA;NA;NA;NA;1;1;1;NA;NA;1;1;NA;NA;NA;1;1;1;NA;NA
17;"TO";1703073;"170307";"Barra do Ouro";"Não";"-";"Motociclistas";NA;NA;NA;NA;NA;NA;NA;NA;NA;NA;1;NA;NA;NA;NA;NA;1;NA;NA;NA;NA;NA;NA;3;NA
17;"TO";1703107;"170310";"Barrolândia";"Não";"Região Metropolitana de Palmas";"Motociclistas";1;NA;1;NA;NA;1;NA;NA;NA;NA;NA;2;1;NA;NA;1;NA;NA;NA;NA;NA;NA;2;1;NA
17;"TO";1703206;"170320";"Bernardo Sayão";"Não";"-";"Motociclistas";NA;NA;NA;NA;NA;NA;NA;1;1;NA;1;1;NA;NA;1;NA;1;NA;NA;1;NA;NA;NA;1;NA
17;"TO";1703305;"170330";"Bom Jesus do Tocantins";"Não";"-";"Motociclistas";NA;NA;NA;NA;NA;NA;NA;1;1;NA;NA;NA;NA;NA;NA;1;NA;NA;2;NA;NA;NA;1;NA;NA
17;"TO";1703602;"170360";"Brasilândia do Tocantins";"Não";"-";"Motociclistas";NA;NA;NA;NA;NA;2;1;1;NA;NA;NA;1;NA;2;1;NA;NA;1;NA;1;NA;1;1;NA;NA
17;"TO";1703701;"170370";"Brejinho de Nazaré";"Não";"Região Metropolitana de Palmas";"Motociclistas";NA;NA;NA;NA;NA;NA;NA;NA;NA;1;NA;NA;2;1;NA;1;NA;1;NA;1;1;NA;1;NA;NA
17;"TO";1703800;"170380";"Buriti do Tocantins";"Não";"-";"Motociclistas";NA;1;NA;1;NA;2;NA;NA;1;NA;NA;NA;NA;NA;NA;NA;NA;NA;1;NA;1;NA;NA;1;NA
17;"TO";1703826;"170382";"Cachoeirinha";"Não";"-";"Motociclistas";NA;NA;NA;NA;NA;NA;NA;NA;NA;NA;NA;NA;NA;NA;NA;NA;1;NA;NA;1;NA;NA;1;NA;NA
17;"TO";1703842;"170384";"Campos Lindos";"Não";"-";"Motociclistas";NA;NA;NA;NA;NA;NA;NA;NA;NA;NA;NA;NA;NA;2;1;1;1;1;NA;1;NA;NA;1;NA;NA
17;"TO";1703867;"170386";"Cariri do Tocantins";"Não";"Região Metropolitana de Gurupi";"Motociclistas";NA;NA;NA;NA;NA;NA;NA;NA;NA;NA;NA;NA;1;2;NA;1;NA;NA;NA;3;NA;NA;NA;3;NA
17;"TO";1703883;"170388";"Carmolândia";"Não";"-";"Motociclistas";NA;1;NA;NA;NA;NA;NA;NA;NA;NA;NA;NA;2;NA;NA;NA;2;1;NA;NA;1;NA;NA;2;NA
17;"TO";1703891;"170389";"Carrasco Bonito";"Não";"-";"Motociclistas";NA;NA;NA;NA;NA;NA;NA;NA;1;NA;NA;NA;NA;NA;1;1;NA;1;NA;NA;1;NA;NA;1;NA
17;"TO";1703909;"170390";"Caseara";"Não";"-";"Motociclistas";NA;NA;NA;NA;NA;NA;NA;NA;2;NA;NA;NA;NA;NA;2;NA;NA;1;NA;NA;NA;NA;NA;5;NA
17;"TO";1704105;"170410";"Centenário";"Não";"-";"Motociclistas";NA;NA;NA;NA;1;NA;NA;2;NA;NA;NA;NA;NA;NA;1;NA;NA;NA;NA;1;NA;NA;NA;NA;NA
17;"TO";1705102;"170510";"Chapada da Natividade";"Não";"-";"Motociclistas";NA;NA;NA;NA;NA;NA;NA;NA;NA;NA;1;1;NA;NA;NA;NA;2;NA;1;1;NA;NA;1;1;NA
17;"TO";1705508;"170550";"Colinas do Tocantins";"Não";"-";"Motociclistas";1;NA;3;2;5;4;NA;1;3;6;6;5;7;5;5;NA;2;2;NA;NA;5;4;2;2;NA
17;"TO";1705557;"170555";"Combinado";"Não";"-";"Motociclistas";NA;NA;NA;NA;NA;NA;NA;1;NA;NA;1;NA;1;NA;NA;NA;1;1;NA;NA;NA;1;NA;NA;NA
17;"TO";1705607;"170560";"Conceição do Tocantins";"Não";"-";"Motociclistas";NA;NA;NA;NA;NA;NA;NA;NA;NA;NA;NA;NA;NA;NA;NA;NA;1;NA;NA;NA;NA;NA;NA;1;NA
17;"TO";1706001;"170600";"Couto Magalhães";"Não";"-";"Motociclistas";NA;NA;NA;NA;NA;NA;NA;2;NA;NA;NA;NA;NA;1;NA;NA;NA;2;1;NA;2;NA;1;1;NA
17;"TO";1706100;"170610";"Cristalândia";"Não";"-";"Motociclistas";NA;NA;NA;NA;1;NA;NA;NA;1;2;NA;NA;NA;NA;1;1;3;2;NA;NA;NA;NA;1;3;NA
17;"TO";1706258;"170625";"Crixás do Tocantins";"Não";"Região Metropolitana de Gurupi";"Motociclistas";NA;NA;NA;NA;NA;NA;NA;NA;NA;NA;NA;NA;1;NA;NA;NA;1;NA;NA;NA;1;NA;NA;NA;NA
17;"TO";1706506;"170650";"Darcinópolis";"Não";"-";"Motociclistas";NA;NA;1;NA;NA;2;NA;NA;NA;NA;NA;NA;1;NA;NA;NA;1;2;1;NA;NA;1;1;4;NA
17;"TO";1707009;"170700";"Dianópolis";"Não";"-";"Motociclistas";NA;NA;NA;2;NA;NA;NA;NA;NA;2;NA;NA;2;1;5;4;1;1;NA;1;1;1;1;NA;NA
17;"TO";1707108;"170710";"Divinópolis do Tocantins";"Não";"-";"Motociclistas";NA;NA;NA;NA;NA;NA;NA;2;NA;NA;1;NA;1;3;NA;2;NA;1;2;NA;1;NA;NA;NA;NA
17;"TO";1707207;"170720";"Dois Irmãos do Tocantins";"Não";"-";"Motociclistas";NA;NA;NA;NA;1;NA;NA;NA;NA;NA;NA;NA;NA;1;NA;1;NA;1;NA;NA;2;1;NA;NA;NA
17;"TO";1707306;"170730";"Dueré";"Não";"Região Metropolitana de Gurupi";"Motociclistas";1;NA;NA;NA;NA;1;NA;NA;2;NA;NA;2;NA;2;2;NA;NA;NA;1;1;NA;NA;1;1;NA
17;"TO";1707405;"170740";"Esperantina";"Não";"-";"Motociclistas";NA;1;NA;NA;1;NA;NA;NA;1;NA;NA;NA;NA;1;3;NA;NA;5;1;NA;1;NA;1;1;NA
17;"TO";1707553;"170755";"Fátima";"Não";"Região Metropolitana de Palmas";"Motociclistas";NA;1;NA;NA;NA;NA;NA;1;2;NA;NA;NA;NA;NA;NA;NA;NA;NA;1;NA;1;NA;1;NA;NA
17;"TO";1707652;"170765";"Figueirópolis";"Não";"Região Metropolitana de Gurupi";"Motociclistas";NA;NA;NA;NA;NA;NA;NA;NA;NA;NA;1;NA;NA;NA;1;NA;NA;1;NA;NA;NA;NA;NA;1;NA
17;"TO";1707702;"170770";"Filadélfia";"Não";"-";"Motociclistas";NA;NA;NA;NA;1;NA;NA;1;NA;2;2;NA;NA;2;NA;1;1;NA;1;1;NA;NA;1;2;NA
17;"TO";1708205;"170820";"Formoso do Araguaia";"Não";"Região Metropolitana de Gurupi";"Motociclistas";NA;NA;1;NA;NA;4;1;1;1;3;1;NA;1;3;2;3;NA;1;NA;4;3;1;3;3;NA
17;"TO";1708254;"170825";"Tabocão";"Não";"-";"Motociclistas";NA;NA;NA;NA;NA;NA;NA;NA;NA;NA;NA;NA;2;NA;1;NA;NA;NA;1;NA;NA;2;NA;NA;NA
17;"TO";1708304;"170830";"Goianorte";"Não";"-";"Motociclistas";NA;NA;NA;NA;NA;NA;NA;NA;NA;NA;NA;NA;NA;NA;NA;NA;NA;NA;NA;NA;NA;1;NA;NA;NA
17;"TO";1709005;"170900";"Goiatins";"Não";"-";"Motociclistas";NA;NA;NA;NA;NA;NA;NA;NA;NA;NA;2;1;NA;1;NA;1;1;NA;NA;NA;NA;1;2;3;NA
17;"TO";1709302;"170930";"Guaraí";"Não";"-";"Motociclistas";NA;1;2;NA;1;NA;1;2;1;2;1;NA;3;5;NA;1;7;3;1;3;5;6;5;7;NA
17;"TO";1709500;"170950";"Gurupi";"Não";"Região Metropolitana de Gurupi";"Motociclistas";2;2;4;5;6;5;5;4;7;5;3;7;7;16;9;13;18;24;12;8;8;17;18;12;NA
17;"TO";1709807;"170980";"Ipueiras";"Não";"Região Metropolitana de Palmas";"Motociclistas";NA;NA;NA;NA;NA;NA;NA;NA;NA;NA;NA;NA;NA;1;NA;NA;NA;NA;NA;1;1;NA;NA;NA;NA
17;"TO";1710508;"171050";"Itacajá";"Não";"-";"Motociclistas";1;1;NA;NA;NA;NA;NA;1;NA;NA;1;NA;NA;NA;NA;NA;NA;1;NA;NA;1;NA;1;NA;NA
17;"TO";1710706;"171070";"Itaguatins";"Não";"-";"Motociclistas";1;NA;NA;NA;NA;1;NA;NA;NA;NA;NA;NA;NA;1;2;NA;NA;1;NA;NA;NA;1;NA;NA;NA
17;"TO";1710904;"171090";"Itapiratins";"Não";"-";"Motociclistas";NA;NA;NA;NA;NA;NA;NA;NA;NA;NA;NA;1;NA;NA;1;NA;NA;NA;NA;NA;NA;NA;1;NA;NA
17;"TO";1711100;"171110";"Itaporã do Tocantins";"Não";"-";"Motociclistas";NA;NA;NA;NA;NA;NA;2;NA;NA;NA;NA;NA;NA;NA;NA;NA;NA;NA;NA;NA;NA;NA;1;NA;NA
17;"TO";1711506;"171150";"Jaú do Tocantins";"Não";"Região Metropolitana de Gurupi";"Motociclistas";NA;NA;1;NA;NA;NA;NA;NA;1;NA;NA;NA;NA;NA;NA;NA;1;1;NA;NA;NA;NA;1;NA;NA
17;"TO";1711803;"171180";"Juarina";"Não";"-";"Motociclistas";NA;NA;NA;NA;NA;1;NA;NA;NA;NA;NA;NA;NA;NA;NA;NA;NA;NA;NA;NA;NA;NA;1;NA;NA
17;"TO";1711902;"171190";"Lagoa da Confusão";"Não";"Região Metropolitana de Gurupi";"Motociclistas";NA;NA;NA;2;1;NA;NA;NA;3;1;1;NA;2;NA;1;2;1;1;1;NA;1;1;NA;3;NA
17;"TO";1711951;"171195";"Lagoa do Tocantins";"Não";"-";"Motociclistas";NA;NA;NA;NA;NA;NA;NA;NA;NA;NA;NA;NA;NA;2;NA;1;1;NA;NA;NA;1;NA;1;NA;NA
17;"TO";1712009;"171200";"Lajeado";"Não";"Região Metropolitana de Palmas";"Motociclistas";NA;NA;1;NA;NA;NA;NA;NA;NA;NA;NA;NA;NA;NA;NA;NA;NA;3;NA;NA;2;NA;NA;NA;NA
17;"TO";1712157;"171215";"Lavandeira";"Não";"-";"Motociclistas";NA;NA;NA;NA;NA;NA;NA;NA;NA;NA;NA;NA;NA;NA;NA;NA;NA;NA;NA;NA;NA;NA;NA;1;NA
17;"TO";1712405;"171240";"Lizarda";"Não";"-";"Motociclistas";NA;NA;NA;NA;NA;1;NA;NA;NA;1;NA;NA;1;NA;NA;1;1;NA;NA;NA;NA;1;NA;1;NA
17;"TO";1712454;"171245";"Luzinópolis";"Não";"-";"Motociclistas";NA;NA;NA;NA;2;NA;NA;NA;NA;NA;1;NA;NA;1;1;NA;NA;NA;NA;NA;1;NA;NA;NA;NA
17;"TO";1712504;"171250";"Marianópolis do Tocantins";"Não";"-";"Motociclistas";NA;NA;NA;1;NA;NA;NA;NA;NA;NA;NA;NA;NA;1;NA;NA;NA;1;NA;1;NA;NA;1;1;NA
17;"TO";1712702;"171270";"Mateiros";"Não";"-";"Motociclistas";NA;NA;NA;NA;NA;NA;NA;NA;NA;1;1;NA;NA;NA;NA;NA;NA;NA;NA;NA;1;NA;NA;NA;NA
17;"TO";1712801;"171280";"Maurilândia do Tocantins";"Não";"-";"Motociclistas";NA;NA;NA;NA;NA;NA;NA;NA;NA;NA;NA;NA;NA;NA;1;NA;1;NA;NA;NA;NA;NA;NA;NA;NA
17;"TO";1713205;"171320";"Miracema do Tocantins";"Não";"Região Metropolitana de Palmas";"Motociclistas";NA;NA;NA;NA;2;2;NA;NA;NA;2;3;3;4;1;1;1;2;1;1;4;2;NA;NA;1;NA
17;"TO";1713304;"171330";"Miranorte";"Não";"Região Metropolitana de Palmas";"Motociclistas";1;NA;3;NA;2;1;NA;3;NA;NA;NA;NA;2;NA;1;4;3;NA;2;2;2;1;NA;1;NA
17;"TO";1713601;"171360";"Monte do Carmo";"Não";"Região Metropolitana de Palmas";"Motociclistas";NA;NA;NA;NA;NA;NA;NA;NA;NA;1;NA;1;NA;NA;1;1;NA;1;NA;NA;NA;NA;1;1;NA
17;"TO";1713700;"171370";"Monte Santo do Tocantins";"Não";"-";"Motociclistas";NA;NA;NA;NA;NA;NA;NA;NA;1;NA;NA;NA;NA;NA;NA;NA;NA;1;NA;NA;NA;NA;NA;NA;NA
17;"TO";1713809;"171380";"Palmeiras do Tocantins";"Não";"-";"Motociclistas";NA;NA;NA;NA;NA;NA;NA;NA;NA;NA;NA;1;NA;NA;1;NA;2;NA;NA;NA;NA;NA;2;NA;NA
17;"TO";1713957;"171395";"Muricilândia";"Não";"-";"Motociclistas";NA;NA;NA;NA;NA;NA;NA;NA;NA;NA;NA;NA;NA;NA;1;NA;NA;NA;NA;NA;NA;NA;1;NA;NA
17;"TO";1714203;"171420";"Natividade";"Não";"-";"Motociclistas";NA;NA;NA;NA;NA;NA;1;NA;3;NA;2;NA;1;3;NA;1;3;2;1;1;NA;1;1;2;NA
17;"TO";1714302;"171430";"Nazaré";"Não";"-";"Motociclistas";NA;NA;1;NA;NA;NA;NA;NA;NA;NA;1;NA;NA;NA;NA;NA;1;1;NA;NA;2;1;NA;NA;NA
17;"TO";1714880;"171488";"Nova Olinda";"Não";"-";"Motociclistas";2;NA;NA;1;NA;NA;1;NA;1;1;4;3;NA;2;1;1;1;NA;NA;2;NA;3;NA;1;NA
17;"TO";1715002;"171500";"Nova Rosalândia";"Não";"-";"Motociclistas";NA;NA;NA;NA;NA;1;NA;NA;2;NA;2;1;NA;NA;1;NA;NA;NA;NA;1;NA;NA;NA;NA;NA
17;"TO";1715101;"171510";"Novo Acordo";"Não";"-";"Motociclistas";NA;NA;NA;NA;NA;NA;NA;NA;NA;NA;NA;NA;1;NA;NA;1;NA;NA;NA;1;NA;1;NA;1;NA
17;"TO";1715150;"171515";"Novo Alegre";"Não";"-";"Motociclistas";NA;NA;NA;NA;NA;NA;NA;1;NA;NA;NA;NA;NA;NA;NA;NA;NA;NA;NA;1;NA;NA;NA;NA;NA
17;"TO";1715259;"171525";"Novo Jardim";"Não";"-";"Motociclistas";NA;NA;NA;NA;NA;NA;NA;NA;NA;1;1;NA;1;NA;NA;NA;NA;1;2;NA;NA;NA;NA;NA;NA
17;"TO";1715507;"171550";"Oliveira de Fátima";"Não";"Região Metropolitana de Palmas";"Motociclistas";NA;NA;NA;NA;NA;NA;NA;NA;NA;NA;NA;NA;NA;NA;NA;NA;NA;1;NA;NA;NA;NA;NA;NA;NA
17;"TO";1715705;"171570";"Palmeirante";"Não";"-";"Motociclistas";NA;NA;NA;NA;NA;NA;1;NA;NA;NA;NA;1;NA;2;1;NA;NA;1;NA;NA;NA;NA;1;2;NA
17;"TO";1715754;"171575";"Palmeirópolis";"Não";"Região Metropolitana de Gurupi";"Motociclistas";NA;NA;NA;NA;NA;2;NA;3;1;1;NA;NA;1;1;2;3;1;NA;NA;NA;NA;NA;NA;2;NA
17;"TO";1716109;"171610";"Paraíso do Tocantins";"Não";"Região Metropolitana de Palmas";"Motociclistas";1;NA;NA;NA;1;5;NA;2;2;3;3;3;1;2;6;4;1;1;1;5;3;5;6;5;NA
17;"TO";1716208;"171620";"Paranã";"Não";"-";"Motociclistas";NA;NA;NA;NA;1;NA;1;NA;NA;1;2;NA;NA;3;1;3;NA;1;2;NA;NA;NA;1;NA;NA
17;"TO";1716307;"171630";"Pau D'Arco";"Não";"-";"Motociclistas";NA;NA;NA;1;NA;NA;2;NA;NA;NA;1;NA;NA;1;NA;NA;NA;NA;NA;NA;1;NA;3;NA;NA
17;"TO";1716505;"171650";"Pedro Afonso";"Não";"-";"Motociclistas";NA;NA;1;NA;NA;NA;NA;1;NA;2;NA;NA;1;3;1;NA;NA;2;3;1;1;NA;2;2;NA
17;"TO";1716604;"171660";"Peixe";"Não";"Região Metropolitana de Gurupi";"Motociclistas";NA;NA;NA;NA;NA;1;1;NA;NA;3;NA;1;1;2;1;NA;1;NA;3;NA;2;2;1;1;NA
17;"TO";1716653;"171665";"Pequizeiro";"Não";"-";"Motociclistas";NA;NA;NA;NA;NA;NA;1;NA;NA;1;NA;1;NA;NA;NA;NA;1;NA;NA;1;NA;2;1;1;NA
17;"TO";1716703;"171670";"Colméia";"Não";"-";"Motociclistas";1;NA;1;1;NA;NA;NA;NA;NA;NA;1;1;2;NA;NA;2;NA;1;3;NA;NA;2;2;1;NA
17;"TO";1717008;"171700";"Pindorama do Tocantins";"Não";"-";"Motociclistas";NA;NA;NA;NA;NA;1;NA;NA;NA;NA;NA;NA;NA;NA;1;NA;NA;3;NA;NA;NA;NA;NA;NA;NA
17;"TO";1717206;"171720";"Piraquê";"Não";"-";"Motociclistas";NA;NA;NA;NA;NA;NA;NA;NA;NA;NA;NA;NA;NA;NA;NA;NA;1;NA;NA;NA;NA;1;NA;NA;NA
17;"TO";1717503;"171750";"Pium";"Não";"-";"Motociclistas";NA;NA;NA;NA;1;NA;NA;NA;NA;1;NA;1;NA;NA;3;1;1;1;1;1;1;NA;1;NA;NA
17;"TO";1717800;"171780";"Ponte Alta do Bom Jesus";"Não";"-";"Motociclistas";NA;NA;NA;NA;NA;NA;1;NA;1;NA;NA;NA;NA;1;NA;NA;1;NA;NA;NA;NA;NA;1;1;NA
17;"TO";1717909;"171790";"Ponte Alta do Tocantins";"Não";"-";"Motociclistas";NA;NA;NA;NA;NA;NA;NA;NA;NA;NA;1;NA;1;NA;3;NA;1;2;1;3;2;NA;NA;1;NA
17;"TO";1718006;"171800";"Porto Alegre do Tocantins";"Não";"-";"Motociclistas";NA;NA;NA;NA;NA;NA;NA;NA;NA;NA;NA;NA;NA;NA;NA;NA;NA;NA;1;NA;NA;NA;NA;NA;NA
17;"TO";1718204;"171820";"Porto Nacional";"Não";"Região Metropolitana de Palmas";"Motociclistas";NA;1;4;1;1;2;2;NA;3;6;7;7;7;3;7;14;7;6;8;7;8;13;6;8;NA
17;"TO";1718303;"171830";"Praia Norte";"Não";"-";"Motociclistas";NA;NA;NA;NA;NA;NA;NA;NA;NA;1;1;NA;1;NA;NA;NA;NA;NA;NA;NA;NA;NA;NA;NA;NA
17;"TO";1718402;"171840";"Presidente Kennedy";"Não";"-";"Motociclistas";NA;NA;NA;NA;2;NA;NA;2;1;NA;NA;NA;NA;NA;1;NA;1;NA;NA;NA;NA;NA;NA;NA;NA
17;"TO";1718451;"171845";"Pugmil";"Não";"Região Metropolitana de Palmas";"Motociclistas";NA;NA;NA;1;NA;NA;NA;NA;NA;NA;NA;NA;NA;1;NA;NA;NA;1;NA;1;NA;NA;NA;NA;NA
17;"TO";1718501;"171850";"Recursolândia";"Não";"-";"Motociclistas";NA;NA;NA;NA;NA;NA;NA;NA;NA;NA;NA;NA;NA;1;NA;1;NA;NA;NA;NA;NA;NA;NA;NA;NA
17;"TO";1718550;"171855";"Riachinho";"Não";"-";"Motociclistas";NA;NA;NA;NA;NA;NA;1;NA;1;NA;NA;NA;1;1;NA;NA;NA;NA;NA;NA;NA;NA;2;3;NA
17;"TO";1718659;"171865";"Rio da Conceição";"Não";"-";"Motociclistas";NA;NA;NA;NA;NA;1;NA;NA;NA;NA;NA;NA;NA;1;NA;NA;NA;NA;NA;NA;NA;NA;1;NA;NA
17;"TO";1718709;"171870";"Rio dos Bois";"Não";"-";"Motociclistas";NA;NA;NA;NA;NA;NA;1;1;NA;NA;NA;2;2;NA;1;NA;1;NA;NA;NA;1;NA;NA;NA;NA
17;"TO";1718758;"171875";"Rio Sono";"Não";"-";"Motociclistas";NA;NA;NA;NA;NA;NA;NA;NA;NA;2;NA;NA;NA;NA;2;1;NA;1;1;1;3;NA;NA;1;NA
17;"TO";1718808;"171880";"Sampaio";"Não";"-";"Motociclistas";NA;NA;NA;NA;NA;NA;NA;NA;NA;NA;NA;NA;NA;NA;NA;NA;NA;1;1;1;NA;NA;1;NA;NA
17;"TO";1718840;"171884";"Sandolândia";"Não";"Região Metropolitana de Gurupi";"Motociclistas";1;NA;NA;NA;NA;NA;NA;1;NA;NA;NA;NA;NA;NA;1;2;1;1;NA;NA;NA;NA;1;NA;NA
17;"TO";1718865;"171886";"Santa Fé do Araguaia";"Não";"-";"Motociclistas";NA;NA;NA;NA;1;NA;NA;1;NA;1;NA;NA;NA;NA;NA;NA;NA;1;NA;1;NA;NA;NA;NA;NA
17;"TO";1718881;"171888";"Santa Maria do Tocantins";"Não";"-";"Motociclistas";NA;NA;NA;NA;NA;NA;NA;NA;NA;NA;NA;NA;NA;NA;NA;1;1;NA;NA;NA;NA;NA;1;1;NA
17;"TO";1718899;"171889";"Santa Rita do Tocantins";"Não";"-";"Motociclistas";NA;NA;NA;NA;NA;NA;1;NA;1;NA;1;1;1;NA;NA;NA;2;NA;1;NA;NA;NA;1;NA;NA
17;"TO";1718907;"171890";"Santa Rosa do Tocantins";"Não";"-";"Motociclistas";NA;NA;1;1;NA;NA;NA;NA;1;1;NA;NA;NA;NA;NA;1;2;NA;NA;2;NA;NA;1;1;NA
17;"TO";1719004;"171900";"Santa Tereza do Tocantins";"Não";"-";"Motociclistas";NA;NA;NA;NA;NA;1;NA;NA;NA;NA;NA;NA;NA;NA;1;1;2;NA;NA;NA;1;NA;NA;1;NA
17;"TO";1720002;"172000";"Santa Terezinha do Tocantins";"Não";"-";"Motociclistas";NA;NA;NA;NA;NA;NA;NA;NA;NA;NA;NA;1;NA;NA;NA;NA;NA;NA;NA;NA;NA;NA;NA;1;NA
17;"TO";1720101;"172010";"São Bento do Tocantins";"Não";"-";"Motociclistas";NA;NA;NA;1;NA;NA;NA;NA;1;NA;NA;1;NA;NA;1;NA;NA;NA;NA;NA;NA;1;NA;2;NA
17;"TO";1720150;"172015";"São Félix do Tocantins";"Não";"-";"Motociclistas";NA;NA;NA;NA;NA;NA;NA;NA;NA;NA;NA;NA;NA;NA;NA;NA;NA;NA;NA;NA;NA;NA;NA;1;NA
17;"TO";1720200;"172020";"São Miguel do Tocantins";"Não";"-";"Motociclistas";NA;NA;NA;1;NA;NA;NA;NA;NA;NA;NA;1;NA;2;1;NA;2;4;2;NA;1;1;NA;4;NA
17;"TO";1720259;"172025";"São Salvador do Tocantins";"Não";"Região Metropolitana de Gurupi";"Motociclistas";NA;NA;NA;NA;NA;NA;NA;NA;NA;NA;NA;NA;NA;NA;NA;NA;NA;NA;1;NA;NA;NA;NA;NA;NA
17;"TO";1720309;"172030";"São Sebastião do Tocantins";"Não";"-";"Motociclistas";NA;NA;NA;NA;NA;NA;NA;NA;NA;NA;NA;NA;NA;NA;NA;NA;NA;1;1;NA;NA;1;NA;1;NA
17;"TO";1720499;"172049";"São Valério";"Não";"Região Metropolitana de Gurupi";"Motociclistas";NA;NA;NA;NA;NA;NA;NA;NA;1;NA;NA;NA;1;2;NA;NA;1;1;1;1;NA;NA;NA;NA;NA
17;"TO";1720655;"172065";"Silvanópolis";"Não";"Região Metropolitana de Palmas";"Motociclistas";NA;NA;NA;NA;NA;NA;NA;NA;2;NA;NA;NA;NA;1;NA;NA;2;NA;1;NA;1;1;NA;NA;NA
17;"TO";1720804;"172080";"Sítio Novo do Tocantins";"Não";"-";"Motociclistas";NA;NA;NA;NA;NA;NA;NA;NA;NA;NA;1;1;NA;1;1;2;NA;NA;NA;2;NA;NA;NA;NA;NA
17;"TO";1720853;"172085";"Sucupira";"Não";"Região Metropolitana de Gurupi";"Motociclistas";NA;NA;NA;NA;NA;NA;NA;NA;NA;NA;NA;NA;NA;NA;NA;NA;NA;NA;NA;NA;NA;NA;NA;1;NA
17;"TO";1720903;"172090";"Taguatinga";"Não";"-";"Motociclistas";NA;NA;1;1;NA;NA;3;1;3;1;NA;NA;1;NA;1;2;2;2;NA;NA;2;3;NA;NA;NA
17;"TO";1720937;"172093";"Taipas do Tocantins";"Não";"-";"Motociclistas";NA;NA;NA;NA;NA;NA;NA;NA;NA;3;1;NA;NA;NA;NA;NA;NA;NA;NA;NA;NA;NA;NA;NA;NA
17;"TO";1720978;"172097";"Talismã";"Não";"Região Metropolitana de Gurupi";"Motociclistas";NA;NA;NA;NA;NA;NA;NA;NA;NA;NA;NA;1;NA;1;NA;NA;NA;NA;NA;NA;2;NA;NA;NA;NA
17;"TO";1721000;"172100";"Palmas";"Sim";"Região Metropolitana de Palmas";"Motociclistas";5;10;11;17;12;12;20;34;19;18;16;25;21;34;19;37;39;44;47;43;29;50;67;49;NA
17;"TO";1721109;"172110";"Tocantínia";"Não";"Região Metropolitana de Palmas";"Motociclistas";NA;NA;NA;NA;NA;NA;NA;NA;1;NA;1;NA;NA;1;NA;1;3;NA;NA;NA;NA;NA;1;NA;NA
17;"TO";1721208;"172120";"Tocantinópolis";"Não";"-";"Motociclistas";NA;NA;NA;NA;NA;NA;1;1;NA;3;2;NA;1;NA;NA;1;2;3;NA;2;NA;NA;3;1;NA
17;"TO";1721257;"172125";"Tupirama";"Não";"-";"Motociclistas";NA;NA;NA;NA;NA;NA;NA;NA;1;NA;NA;NA;1;NA;NA;NA;1;1;NA;1;NA;NA;NA;NA;NA
17;"TO";1721307;"172130";"Tupiratins";"Não";"-";"Motociclistas";NA;NA;NA;NA;NA;1;NA;NA;NA;NA;NA;NA;NA;NA;NA;NA;NA;1;NA;NA;NA;NA;NA;1;NA
17;"TO";1722081;"172208";"Wanderlândia";"Não";"-";"Motociclistas";NA;1;NA;NA;NA;2;2;NA;2;3;NA;2;NA;1;3;NA;1;2;2;1;1;2;2;3;NA
17;"TO";1722107;"172210";"Xambioá";"Não";"-";"Motociclistas";1;1;NA;NA;NA;NA;1;NA;1;NA;2;NA;NA;NA;NA;1;NA;NA;1;1;NA;1;NA;1;NA
21;"MA";2100055;"210005";"Açailândia";"Não";"Região Metropolitana do Sudoeste Maranhense";"Motociclistas";NA;NA;3;4;1;4;5;4;2;5;3;2;12;11;14;14;12;13;10;6;9;13;11;14;NA
21;"MA";2100105;"210010";"Afonso Cunha";"Não";"-";"Motociclistas";NA;NA;NA;NA;NA;NA;NA;NA;NA;NA;NA;NA;NA;NA;NA;2;1;NA;NA;NA;NA;NA;NA;NA;NA
21;"MA";2100154;"210015";"Água Doce do Maranhão";"Não";"-";"Motociclistas";NA;NA;NA;NA;NA;NA;NA;1;NA;NA;NA;2;NA;NA;NA;NA;NA;NA;1;NA;NA;NA;NA;NA;NA
21;"MA";2100204;"210020";"Alcântara";"Não";"Região Metropolitana da Grande São Luís";"Motociclistas";NA;NA;NA;NA;NA;NA;2;3;NA;NA;1;1;NA;NA;2;2;1;1;2;1;NA;1;2;4;NA
21;"MA";2100303;"210030";"Aldeias Altas";"Não";"Região Metropolitana da Zona Leste do Estado do Maranhão";"Motociclistas";NA;NA;1;NA;NA;NA;NA;NA;NA;NA;1;NA;NA;NA;NA;1;2;NA;1;NA;4;3;NA;NA;NA
21;"MA";2100402;"210040";"Altamira do Maranhão";"Não";"-";"Motociclistas";NA;NA;1;NA;NA;1;1;NA;NA;NA;NA;NA;NA;NA;1;1;3;1;NA;1;1;NA;NA;NA;NA
21;"MA";2100436;"210043";"Alto Alegre do Maranhão";"Não";"-";"Motociclistas";NA;NA;NA;NA;NA;NA;NA;4;1;2;4;7;4;1;5;4;2;3;3;2;5;1;2;9;NA
21;"MA";2100477;"210047";"Alto Alegre do Pindaré";"Não";"-";"Motociclistas";NA;NA;NA;2;1;NA;NA;NA;3;NA;NA;2;3;4;2;NA;4;1;NA;2;NA;NA;4;1;NA
21;"MA";2100501;"210050";"Alto Parnaíba";"Não";"-";"Motociclistas";NA;NA;NA;NA;NA;NA;NA;NA;1;1;NA;NA;1;NA;NA;1;4;1;1;3;NA;NA;2;4;NA
21;"MA";2100550;"210055";"Amapá do Maranhão";"Não";"-";"Motociclistas";NA;NA;NA;NA;NA;NA;NA;1;NA;1;1;NA;1;1;NA;1;NA;1;NA;1;NA;NA;NA;NA;NA
21;"MA";2100600;"210060";"Amarante do Maranhão";"Não";"Região Metropolitana do Sudoeste Maranhense";"Motociclistas";NA;NA;1;1;NA;NA;NA;1;2;3;NA;2;4;1;2;3;4;1;NA;5;1;3;4;2;NA
21;"MA";2100709;"210070";"Anajatuba";"Não";"-";"Motociclistas";NA;NA;NA;NA;NA;NA;NA;NA;NA;NA;NA;NA;2;NA;NA;1;5;1;1;NA;1;NA;NA;NA;NA
21;"MA";2100808;"210080";"Anapurus";"Não";"-";"Motociclistas";NA;NA;NA;NA;NA;NA;NA;NA;2;3;2;NA;2;3;4;4;6;1;1;3;4;1;1;1;NA
21;"MA";2100832;"210083";"Apicum-Açu";"Não";"-";"Motociclistas";NA;NA;NA;NA;NA;NA;NA;NA;NA;NA;1;2;NA;2;NA;1;NA;1;NA;NA;1;2;NA;NA;NA
21;"MA";2100873;"210087";"Araguanã";"Não";"-";"Motociclistas";NA;NA;NA;NA;NA;NA;NA;NA;NA;NA;1;NA;NA;NA;2;1;2;NA;NA;NA;1;NA;1;2;NA
21;"MA";2100907;"210090";"Araioses";"Não";"-";"Motociclistas";NA;NA;NA;NA;NA;1;NA;NA;1;NA;2;2;4;2;2;4;1;3;3;3;NA;1;6;5;NA
21;"MA";2100956;"210095";"Arame";"Não";"-";"Motociclistas";NA;NA;NA;NA;2;NA;NA;NA;NA;2;NA;1;2;NA;1;4;1;3;NA;1;NA;NA;1;NA;NA
21;"MA";2101004;"210100";"Arari";"Não";"-";"Motociclistas";NA;NA;NA;2;1;NA;NA;NA;1;1;NA;2;2;NA;5;4;3;NA;3;2;1;NA;2;2;NA
21;"MA";2101103;"210110";"Axixá";"Não";"Região Metropolitana da Grande São Luís";"Motociclistas";NA;NA;NA;NA;NA;1;NA;NA;NA;NA;NA;1;NA;1;NA;NA;1;NA;2;NA;NA;NA;NA;1;NA
21;"MA";2101202;"210120";"Bacabal";"Não";"-";"Motociclistas";NA;NA;1;NA;NA;3;6;3;NA;1;3;7;2;5;5;2;7;7;14;12;13;29;24;26;NA
21;"MA";2101251;"210125";"Bacabeira";"Não";"Região Metropolitana da Grande São Luís";"Motociclistas";NA;NA;NA;NA;NA;1;NA;1;NA;3;1;1;2;1;1;4;NA;3;2;NA;1;1;1;NA;NA
21;"MA";2101301;"210130";"Bacuri";"Não";"-";"Motociclistas";NA;NA;NA;1;NA;NA;NA;NA;2;2;2;NA;1;1;4;2;3;2;NA;NA;1;1;1;3;NA
21;"MA";2101350;"210135";"Bacurituba";"Não";"-";"Motociclistas";NA;NA;NA;NA;NA;NA;NA;NA;NA;1;1;NA;NA;NA;NA;1;NA;NA;NA;1;NA;NA;2;NA;NA
21;"MA";2101400;"210140";"Balsas";"Não";"-";"Motociclistas";1;NA;1;NA;NA;4;7;1;4;4;3;8;3;6;7;6;7;11;19;22;11;19;11;24;NA
21;"MA";2101509;"210150";"Barão de Grajaú";"Não";"-";"Motociclistas";NA;NA;NA;NA;NA;NA;NA;1;1;NA;NA;NA;1;1;2;5;4;3;3;4;2;NA;2;4;NA
21;"MA";2101608;"210160";"Barra do Corda";"Não";"-";"Motociclistas";NA;2;1;3;3;4;2;10;8;5;15;22;12;13;13;9;7;10;6;11;20;3;7;10;NA
21;"MA";2101707;"210170";"Barreirinhas";"Não";"-";"Motociclistas";NA;NA;NA;NA;1;2;1;1;NA;NA;NA;NA;2;4;2;NA;3;11;7;2;11;11;14;18;NA
21;"MA";2101731;"210173";"Belágua";"Não";"-";"Motociclistas";NA;NA;NA;NA;NA;NA;NA;NA;NA;NA;NA;NA;NA;NA;NA;1;NA;NA;NA;NA;NA;1;1;NA;NA
21;"MA";2101772;"210177";"Bela Vista do Maranhão";"Não";"-";"Motociclistas";NA;NA;NA;NA;NA;NA;NA;NA;NA;NA;NA;NA;1;NA;NA;NA;NA;NA;1;NA;3;NA;NA;NA;NA
21;"MA";2101806;"210180";"Benedito Leite";"Não";"-";"Motociclistas";NA;NA;NA;NA;NA;NA;NA;NA;NA;1;NA;1;NA;NA;NA;NA;1;NA;NA;NA;NA;NA;NA;NA;NA
21;"MA";2101905;"210190";"Bequimão";"Não";"-";"Motociclistas";NA;NA;NA;NA;NA;NA;NA;NA;1;NA;NA;NA;NA;1;NA;1;NA;1;2;1;1;3;NA;1;NA
21;"MA";2101939;"210193";"Bernardo do Mearim";"Não";"-";"Motociclistas";NA;NA;NA;NA;NA;NA;NA;NA;NA;NA;NA;NA;NA;NA;NA;NA;NA;NA;NA;NA;1;NA;NA;NA;NA
21;"MA";2101970;"210197";"Boa Vista do Gurupi";"Não";"-";"Motociclistas";NA;NA;NA;NA;NA;NA;NA;NA;NA;NA;NA;NA;NA;NA;NA;1;NA;NA;1;NA;NA;NA;NA;NA;NA
21;"MA";2102002;"210200";"Bom Jardim";"Não";"-";"Motociclistas";NA;NA;NA;NA;NA;NA;NA;1;2;1;NA;1;NA;NA;1;2;1;3;2;1;3;4;1;5;NA
21;"MA";2102036;"210203";"Bom Jesus das Selvas";"Não";"-";"Motociclistas";NA;NA;NA;NA;NA;NA;NA;NA;1;NA;1;NA;NA;1;3;15;3;NA;2;4;4;4;5;8;NA
21;"MA";2102077;"210207";"Bom Lugar";"Não";"-";"Motociclistas";NA;NA;NA;NA;1;NA;NA;NA;NA;NA;NA;NA;1;NA;1;NA;1;NA;1;NA;NA;3;1;2;NA
21;"MA";2102101;"210210";"Brejo";"Não";"-";"Motociclistas";NA;NA;NA;2;NA;1;2;NA;3;NA;1;NA;1;1;5;6;3;5;1;2;2;3;1;1;NA
21;"MA";2102150;"210215";"Brejo de Areia";"Não";"-";"Motociclistas";NA;NA;NA;NA;NA;NA;NA;NA;NA;NA;NA;NA;1;NA;NA;NA;NA;NA;NA;NA;NA;NA;1;1;NA
21;"MA";2102200;"210220";"Buriti";"Não";"-";"Motociclistas";NA;NA;NA;NA;1;2;NA;2;2;1;NA;1;NA;2;3;NA;5;4;2;3;NA;3;2;NA;NA
21;"MA";2102309;"210230";"Buriti Bravo";"Não";"-";"Motociclistas";NA;NA;NA;NA;NA;NA;1;1;3;1;NA;1;1;4;4;4;3;NA;2;4;3;NA;5;4;NA
21;"MA";2102325;"210232";"Buriticupu";"Não";"-";"Motociclistas";NA;NA;NA;NA;NA;NA;NA;2;1;1;2;NA;1;11;13;4;16;14;9;11;11;16;14;19;NA
21;"MA";2102358;"210235";"Buritirana";"Não";"Região Metropolitana do Sudoeste Maranhense";"Motociclistas";NA;NA;NA;NA;NA;NA;1;NA;NA;NA;NA;NA;3;1;1;2;2;4;1;NA;3;1;1;1;NA
21;"MA";2102374;"210237";"Cachoeira Grande";"Não";"Região Metropolitana da Grande São Luís";"Motociclistas";NA;NA;NA;NA;NA;NA;NA;NA;NA;NA;NA;NA;NA;NA;NA;NA;NA;NA;1;NA;1;1;1;NA;NA
21;"MA";2102408;"210240";"Cajapió";"Não";"-";"Motociclistas";NA;NA;NA;NA;NA;NA;NA;NA;NA;NA;NA;NA;1;1;NA;NA;NA;2;NA;NA;NA;NA;NA;NA;NA
21;"MA";2102507;"210250";"Cajari";"Não";"-";"Motociclistas";NA;NA;NA;NA;NA;NA;NA;NA;NA;NA;NA;NA;NA;NA;NA;1;NA;NA;NA;NA;NA;1;NA;NA;NA
21;"MA";2102556;"210255";"Campestre do Maranhão";"Não";"Região Metropolitana do Sudoeste Maranhense";"Motociclistas";NA;NA;NA;NA;NA;NA;NA;NA;NA;NA;NA;NA;2;NA;NA;1;NA;1;2;NA;6;NA;3;NA;NA
21;"MA";2102606;"210260";"Cândido Mendes";"Não";"-";"Motociclistas";NA;NA;NA;NA;NA;NA;NA;NA;1;NA;1;NA;1;NA;NA;1;1;NA;2;NA;1;1;NA;NA;NA
21;"MA";2102705;"210270";"Cantanhede";"Não";"-";"Motociclistas";NA;NA;NA;NA;NA;NA;NA;NA;NA;1;NA;NA;1;NA;1;3;NA;2;NA;1;NA;NA;NA;2;NA
21;"MA";2102754;"210275";"Capinzal do Norte";"Não";"-";"Motociclistas";NA;2;NA;NA;NA;NA;NA;NA;NA;NA;4;3;1;2;2;3;2;1;1;NA;1;2;2;4;NA
21;"MA";2102804;"210280";"Carolina";"Não";"Região Metropolitana do Sudoeste Maranhense";"Motociclistas";NA;1;NA;NA;1;NA;NA;NA;NA;NA;1;4;3;6;4;5;5;NA;1;3;5;2;2;NA;NA
21;"MA";2102903;"210290";"Carutapera";"Não";"-";"Motociclistas";NA;1;1;NA;1;NA;NA;NA;NA;3;NA;NA;1;NA;NA;NA;3;NA;1;NA;1;2;2;2;NA
21;"MA";2103000;"210300";"Caxias";"Não";"Região Metropolitana da Zona Leste do Estado do Maranhão";"Motociclistas";1;NA;1;2;5;4;5;5;11;10;9;12;16;22;33;17;28;10;23;12;30;27;28;27;NA
21;"MA";2103109;"210310";"Cedral";"Não";"-";"Motociclistas";NA;NA;NA;NA;NA;NA;NA;NA;NA;NA;NA;NA;NA;1;1;NA;NA;NA;NA;NA;NA;1;NA;1;NA
21;"MA";2103125;"210312";"Central do Maranhão";"Não";"-";"Motociclistas";NA;NA;NA;NA;NA;NA;NA;NA;NA;NA;NA;NA;NA;NA;NA;NA;2;NA;2;NA;1;1;NA;1;NA
21;"MA";2103158;"210315";"Centro do Guilherme";"Não";"-";"Motociclistas";NA;NA;NA;2;NA;NA;NA;NA;NA;NA;NA;NA;NA;NA;NA;3;2;1;3;1;1;2;NA;NA;NA
21;"MA";2103174;"210317";"Centro Novo do Maranhão";"Não";"-";"Motociclistas";NA;NA;NA;NA;NA;3;NA;NA;NA;NA;NA;NA;1;NA;1;3;NA;NA;1;NA;NA;1;NA;3;NA
21;"MA";2103208;"210320";"Chapadinha";"Não";"-";"Motociclistas";2;NA;1;NA;NA;4;2;1;1;4;5;1;2;2;10;9;7;4;3;2;3;6;5;NA;NA
21;"MA";2103257;"210325";"Cidelândia";"Não";"Região Metropolitana do Sudoeste Maranhense";"Motociclistas";NA;3;1;NA;NA;NA;1;1;1;NA;NA;NA;1;1;1;3;1;1;3;NA;1;1;3;6;NA
21;"MA";2103307;"210330";"Codó";"Não";"Região Metropolitana da Zona Leste do Estado do Maranhão";"Motociclistas";NA;NA;1;1;NA;6;2;4;2;4;6;9;9;11;15;15;18;7;7;8;12;15;7;15;NA
21;"MA";2103406;"210340";"Coelho Neto";"Não";"-";"Motociclistas";NA;NA;NA;1;NA;NA;1;3;8;4;3;5;3;4;10;5;5;8;5;5;1;4;5;2;NA
21;"MA";2103505;"210350";"Colinas";"Não";"-";"Motociclistas";NA;NA;1;NA;1;NA;1;3;1;5;3;6;6;13;6;6;10;3;5;11;4;2;9;5;NA
21;"MA";2103554;"210355";"Conceição do Lago-Açu";"Não";"-";"Motociclistas";NA;NA;NA;NA;NA;NA;NA;NA;1;NA;NA;2;2;NA;1;1;NA;NA;NA;1;NA;NA;NA;NA;NA
21;"MA";2103604;"210360";"Coroatá";"Não";"-";"Motociclistas";1;1;1;NA;NA;NA;4;5;1;2;2;3;5;9;13;11;17;10;8;6;2;5;7;6;NA
21;"MA";2103703;"210370";"Cururupu";"Não";"-";"Motociclistas";NA;NA;2;1;NA;NA;NA;NA;NA;1;1;3;1;8;8;6;5;4;2;5;NA;3;5;3;NA
21;"MA";2103752;"210375";"Davinópolis";"Não";"Região Metropolitana do Sudoeste Maranhense";"Motociclistas";NA;1;NA;NA;NA;NA;1;NA;1;NA;NA;NA;NA;NA;NA;1;NA;1;1;NA;2;4;NA;2;NA
21;"MA";2103802;"210380";"Dom Pedro";"Não";"-";"Motociclistas";NA;NA;NA;NA;1;NA;NA;NA;NA;1;4;4;4;1;NA;1;6;5;1;3;NA;4;3;5;NA
21;"MA";2103901;"210390";"Duque Bacelar";"Não";"-";"Motociclistas";NA;NA;NA;NA;NA;NA;1;1;NA;NA;3;NA;1;NA;NA;1;NA;NA;1;1;NA;1;NA;NA;NA
21;"MA";2104008;"210400";"Esperantinópolis";"Não";"-";"Motociclistas";NA;NA;3;1;NA;1;NA;NA;NA;1;NA;2;1;3;6;5;7;2;1;5;3;1;4;2;NA
21;"MA";2104057;"210405";"Estreito";"Não";"Região Metropolitana do Sudoeste Maranhense";"Motociclistas";2;NA;NA;1;1;2;2;NA;NA;4;NA;NA;NA;1;1;5;3;6;4;3;1;2;6;5;NA
21;"MA";2104073;"210407";"Feira Nova do Maranhão";"Não";"-";"Motociclistas";NA;NA;NA;NA;NA;NA;NA;NA;NA;NA;NA;NA;NA;1;NA;1;NA;NA;NA;1;2;1;NA;2;NA
21;"MA";2104081;"210408";"Fernando Falcão";"Não";"-";"Motociclistas";NA;NA;NA;NA;NA;NA;NA;1;NA;1;NA;NA;NA;NA;1;1;1;1;1;1;2;NA;NA;2;NA
21;"MA";2104099;"210409";"Formosa da Serra Negra";"Não";"-";"Motociclistas";NA;NA;NA;NA;NA;NA;NA;1;NA;NA;NA;NA;NA;1;NA;NA;1;NA;NA;1;2;1;2;NA;NA
21;"MA";2104107;"210410";"Fortaleza dos Nogueiras";"Não";"-";"Motociclistas";NA;NA;NA;NA;NA;NA;NA;1;NA;NA;NA;NA;2;5;6;2;1;5;5;4;1;1;1;1;NA
21;"MA";2104206;"210420";"Fortuna";"Não";"-";"Motociclistas";NA;NA;NA;1;NA;NA;NA;2;1;1;NA;5;5;1;2;3;1;1;1;1;3;NA;2;1;NA
21;"MA";2104305;"210430";"Godofredo Viana";"Não";"-";"Motociclistas";NA;NA;NA;NA;NA;NA;NA;NA;NA;NA;NA;NA;NA;NA;1;NA;1;NA;NA;NA;NA;NA;NA;NA;NA
21;"MA";2104404;"210440";"Gonçalves Dias";"Não";"-";"Motociclistas";NA;NA;NA;NA;1;NA;1;NA;NA;2;2;2;4;1;8;NA;3;1;2;NA;NA;2;1;NA;NA
21;"MA";2104503;"210450";"Governador Archer";"Não";"-";"Motociclistas";NA;NA;NA;NA;NA;NA;NA;NA;NA;NA;NA;NA;3;NA;1;2;4;NA;1;1;1;1;1;NA;NA
21;"MA";2104552;"210455";"Governador Edison Lobão";"Não";"Região Metropolitana do Sudoeste Maranhense";"Motociclistas";NA;NA;NA;NA;NA;NA;NA;NA;NA;NA;NA;NA;1;1;3;3;2;1;3;5;5;1;1;3;NA
21;"MA";2104602;"210460";"Governador Eugênio Barros";"Não";"-";"Motociclistas";NA;NA;NA;NA;NA;NA;1;NA;NA;NA;3;3;2;1;2;2;1;NA;1;1;NA;2;3;2;NA
21;"MA";2104628;"210462";"Governador Luiz Rocha";"Não";"-";"Motociclistas";NA;NA;NA;1;NA;NA;1;NA;NA;NA;NA;NA;1;1;NA;NA;NA;NA;NA;1;1;NA;NA;NA;NA
21;"MA";2104651;"210465";"Governador Newton Bello";"Não";"-";"Motociclistas";NA;NA;NA;NA;NA;1;NA;NA;1;NA;NA;NA;1;NA;NA;NA;NA;NA;NA;NA;1;NA;1;1;NA
21;"MA";2104677;"210467";"Governador Nunes Freire";"Não";"-";"Motociclistas";NA;NA;NA;1;1;2;1;5;1;1;3;1;NA;4;8;7;4;8;5;6;5;5;4;6;NA
21;"MA";2104701;"210470";"Graça Aranha";"Não";"-";"Motociclistas";NA;NA;NA;NA;NA;NA;NA;NA;NA;NA;NA;NA;NA;1;NA;2;1;1;NA;NA;1;1;1;1;NA
21;"MA";2104800;"210480";"Grajaú";"Não";"-";"Motociclistas";NA;NA;NA;4;NA;NA;1;4;NA;1;NA;7;2;6;6;7;11;13;13;14;18;20;31;16;NA
21;"MA";2104909;"210490";"Guimarães";"Não";"-";"Motociclistas";NA;NA;NA;NA;NA;1;NA;NA;NA;NA;NA;NA;NA;1;1;NA;1;2;2;NA;NA;NA;NA;NA;NA
21;"MA";2105005;"210500";"Humberto de Campos";"Não";"-";"Motociclistas";NA;NA;NA;NA;NA;NA;NA;NA;1;NA;NA;1;NA;1;1;2;2;1;NA;NA;1;NA;NA;NA;NA
21;"MA";2105104;"210510";"Icatu";"Não";"Região Metropolitana da Grande São Luís";"Motociclistas";NA;NA;NA;NA;1;NA;1;NA;NA;1;NA;NA;NA;NA;2;1;NA;1;NA;2;2;1;NA;1;NA
21;"MA";2105153;"210515";"Igarapé do Meio";"Não";"-";"Motociclistas";NA;NA;NA;NA;NA;NA;NA;NA;1;1;NA;NA;2;2;NA;2;NA;NA;1;1;NA;NA;3;1;NA
21;"MA";2105203;"210520";"Igarapé Grande";"Não";"-";"Motociclistas";1;NA;NA;NA;1;NA;NA;1;4;1;1;2;2;NA;2;3;2;2;1;3;2;2;1;2;NA
21;"MA";2105302;"210530";"Imperatriz";"Não";"Região Metropolitana do Sudoeste Maranhense";"Motociclistas";NA;2;4;6;12;11;16;9;NA;2;6;31;72;81;93;84;92;79;80;50;48;46;44;52;NA
21;"MA";2105351;"210535";"Itaipava do Grajaú";"Não";"-";"Motociclistas";NA;NA;NA;NA;NA;NA;NA;NA;NA;NA;NA;1;2;1;1;NA;NA;3;4;3;1;2;1;5;NA
21;"MA";2105401;"210540";"Itapecuru Mirim";"Não";"-";"Motociclistas";NA;1;NA;NA;1;2;3;1;1;3;2;5;6;2;NA;4;8;2;3;3;4;1;1;NA;NA
21;"MA";2105427;"210542";"Itinga do Maranhão";"Não";"Região Metropolitana do Sudoeste Maranhense";"Motociclistas";NA;1;NA;NA;NA;NA;2;NA;NA;NA;1;NA;1;1;6;1;3;1;6;2;5;2;4;3;NA
21;"MA";2105450;"210545";"Jatobá";"Não";"-";"Motociclistas";NA;NA;NA;NA;NA;NA;NA;NA;NA;NA;NA;NA;3;NA;NA;NA;NA;NA;2;NA;1;1;1;2;NA
21;"MA";2105476;"210547";"Jenipapo dos Vieiras";"Não";"-";"Motociclistas";NA;NA;NA;NA;NA;NA;NA;NA;NA;NA;NA;1;NA;NA;NA;NA;NA;NA;NA;1;2;1;1;1;NA
21;"MA";2105500;"210550";"João Lisboa";"Não";"Região Metropolitana do Sudoeste Maranhense";"Motociclistas";NA;NA;NA;NA;NA;NA;NA;NA;NA;NA;1;NA;NA;NA;NA;NA;4;1;NA;NA;1;NA;1;NA;NA
21;"MA";2105609;"210560";"Joselândia";"Não";"-";"Motociclistas";NA;NA;NA;NA;NA;1;NA;1;NA;1;2;NA;1;4;NA;1;NA;2;1;1;2;1;2;NA;NA
21;"MA";2105658;"210565";"Junco do Maranhão";"Não";"-";"Motociclistas";NA;NA;NA;NA;NA;NA;NA;NA;NA;2;NA;1;NA;NA;1;1;4;2;NA;NA;NA;5;1;NA;NA
21;"MA";2105708;"210570";"Lago da Pedra";"Não";"-";"Motociclistas";NA;2;1;NA;NA;3;NA;2;1;4;2;1;NA;1;1;2;2;3;NA;1;3;3;NA;5;NA
21;"MA";2105807;"210580";"Lago do Junco";"Não";"-";"Motociclistas";NA;NA;NA;NA;NA;NA;3;NA;NA;2;NA;NA;NA;1;NA;2;1;1;NA;1;NA;2;1;1;NA
21;"MA";2105906;"210590";"Lago Verde";"Não";"-";"Motociclistas";NA;NA;NA;NA;NA;NA;1;1;NA;NA;1;NA;3;2;NA;1;1;1;NA;NA;1;1;NA;1;NA
21;"MA";2105922;"210592";"Lagoa do Mato";"Não";"-";"Motociclistas";NA;NA;NA;NA;NA;NA;NA;NA;NA;1;2;2;NA;2;2;NA;1;1;1;3;1;1;2;NA;NA
21;"MA";2105948;"210594";"Lago dos Rodrigues";"Não";"-";"Motociclistas";NA;NA;NA;NA;NA;NA;NA;NA;NA;NA;NA;1;NA;2;NA;NA;1;2;1;1;NA;NA;NA;NA;NA
21;"MA";2105963;"210596";"Lagoa Grande do Maranhão";"Não";"-";"Motociclistas";NA;NA;NA;1;NA;NA;NA;NA;1;1;1;NA;1;NA;NA;NA;3;NA;3;4;2;5;2;2;NA
21;"MA";2105989;"210598";"Lajeado Novo";"Não";"Região Metropolitana do Sudoeste Maranhense";"Motociclistas";NA;NA;1;1;NA;NA;NA;NA;NA;NA;NA;NA;NA;3;NA;1;NA;1;2;2;NA;3;1;2;NA
21;"MA";2106003;"210600";"Lima Campos";"Não";"-";"Motociclistas";NA;NA;NA;NA;NA;1;NA;NA;NA;1;NA;NA;1;4;3;NA;NA;2;2;2;1;3;NA;3;NA
21;"MA";2106102;"210610";"Loreto";"Não";"-";"Motociclistas";NA;NA;NA;NA;NA;1;NA;NA;NA;1;2;1;2;1;NA;NA;2;1;1;1;3;NA;NA;1;NA
21;"MA";2106201;"210620";"Luís Domingues";"Não";"-";"Motociclistas";NA;NA;NA;1;NA;1;NA;NA;NA;1;NA;NA;NA;1;NA;1;NA;1;2;NA;NA;NA;NA;1;NA
21;"MA";2106300;"210630";"Magalhães de Almeida";"Não";"-";"Motociclistas";NA;NA;NA;NA;1;NA;1;NA;NA;NA;NA;NA;1;NA;1;1;1;NA;NA;1;NA;1;NA;1;NA
21;"MA";2106326;"210632";"Maracaçumé";"Não";"-";"Motociclistas";NA;NA;1;1;NA;NA;NA;NA;NA;2;2;NA;3;2;2;NA;1;2;1;NA;NA;2;2;4;NA
21;"MA";2106359;"210635";"Marajá do Sena";"Não";"-";"Motociclistas";NA;NA;NA;NA;NA;1;NA;NA;NA;NA;NA;NA;NA;NA;NA;NA;NA;NA;NA;NA;NA;NA;NA;1;NA
21;"MA";2106375;"210637";"Maranhãozinho";"Não";"-";"Motociclistas";NA;NA;NA;NA;NA;NA;NA;1;NA;NA;1;NA;NA;1;1;1;NA;1;NA;1;NA;NA;NA;1;NA
21;"MA";2106409;"210640";"Mata Roma";"Não";"-";"Motociclistas";NA;NA;NA;NA;1;NA;NA;NA;2;1;2;1;1;1;4;2;1;4;NA;NA;2;1;2;1;NA
21;"MA";2106508;"210650";"Matinha";"Não";"-";"Motociclistas";NA;NA;NA;NA;NA;NA;1;2;NA;1;2;NA;2;2;7;5;1;1;8;3;2;5;1;2;NA
21;"MA";2106607;"210660";"Matões";"Não";"Região Metropolitana da Zona Leste do Estado do Maranhão";"Motociclistas";NA;NA;NA;NA;NA;NA;NA;1;1;2;NA;1;2;1;NA;3;1;1;2;NA;1;1;4;3;NA
21;"MA";2106631;"210663";"Matões do Norte";"Não";"-";"Motociclistas";NA;NA;NA;NA;NA;NA;NA;NA;NA;NA;NA;1;2;NA;2;4;1;5;2;1;1;1;NA;NA;NA
21;"MA";2106672;"210667";"Milagres do Maranhão";"Não";"-";"Motociclistas";NA;NA;NA;NA;NA;NA;NA;NA;NA;NA;1;NA;NA;1;NA;NA;NA;NA;NA;NA;NA;NA;NA;NA;NA
21;"MA";2106706;"210670";"Mirador";"Não";"-";"Motociclistas";NA;NA;NA;NA;NA;2;NA;2;NA;1;2;1;4;3;3;3;NA;3;3;1;2;4;NA;NA;NA
21;"MA";2106755;"210675";"Miranda do Norte";"Não";"-";"Motociclistas";NA;NA;NA;1;NA;1;NA;NA;NA;NA;NA;2;1;4;6;1;6;3;3;2;3;2;4;5;NA
21;"MA";2106805;"210680";"Mirinzal";"Não";"-";"Motociclistas";NA;NA;NA;1;1;1;NA;NA;1;1;NA;NA;1;1;NA;NA;1;NA;NA;3;NA;1;1;NA;NA
21;"MA";2106904;"210690";"Monção";"Não";"-";"Motociclistas";NA;NA;NA;NA;NA;NA;NA;1;NA;NA;4;1;NA;1;NA;1;2;2;1;1;2;1;3;1;NA
21;"MA";2107001;"210700";"Montes Altos";"Não";"Região Metropolitana do Sudoeste Maranhense";"Motociclistas";NA;NA;NA;NA;NA;NA;NA;NA;NA;NA;NA;NA;NA;1;NA;1;2;2;2;3;NA;3;NA;4;NA
21;"MA";2107100;"210710";"Morros";"Não";"Região Metropolitana da Grande São Luís";"Motociclistas";NA;NA;NA;NA;NA;NA;1;NA;1;NA;NA;NA;4;NA;NA;NA;NA;3;2;1;1;NA;1;1;NA
21;"MA";2107209;"210720";"Nina Rodrigues";"Não";"-";"Motociclistas";NA;NA;1;NA;NA;NA;NA;NA;NA;NA;NA;NA;NA;NA;NA;NA;NA;NA;NA;2;2;NA;NA;NA;NA
21;"MA";2107258;"210725";"Nova Colinas";"Não";"-";"Motociclistas";NA;NA;NA;NA;NA;NA;NA;NA;NA;NA;NA;NA;NA;NA;NA;NA;3;2;NA;NA;2;NA;1;1;NA
21;"MA";2107308;"210730";"Nova Iorque";"Não";"-";"Motociclistas";NA;NA;NA;NA;NA;NA;NA;NA;NA;NA;NA;NA;NA;NA;NA;NA;1;NA;NA;NA;1;1;NA;NA;NA
21;"MA";2107357;"210735";"Nova Olinda do Maranhão";"Não";"-";"Motociclistas";NA;NA;NA;NA;NA;NA;NA;NA;NA;NA;3;NA;NA;1;5;3;3;NA;NA;NA;NA;NA;NA;1;NA
21;"MA";2107407;"210740";"Olho d'Água das Cunhãs";"Não";"-";"Motociclistas";NA;NA;1;1;NA;NA;NA;1;NA;NA;4;1;3;NA;1;1;3;2;1;NA;1;NA;1;NA;NA
21;"MA";2107456;"210745";"Olinda Nova do Maranhão";"Não";"-";"Motociclistas";NA;NA;NA;NA;NA;NA;NA;NA;NA;2;NA;NA;1;NA;2;2;1;NA;3;NA;NA;1;NA;NA;NA
21;"MA";2107506;"210750";"Paço do Lumiar";"Não";"Região Metropolitana da Grande São Luís";"Motociclistas";NA;NA;1;1;NA;NA;2;NA;NA;NA;1;NA;2;1;NA;NA;NA;2;1;1;2;4;2;1;NA
21;"MA";2107605;"210760";"Palmeirândia";"Não";"-";"Motociclistas";NA;NA;NA;NA;NA;NA;NA;NA;2;NA;1;NA;1;NA;NA;3;2;NA;NA;2;1;1;NA;NA;NA
21;"MA";2107704;"210770";"Paraibano";"Não";"-";"Motociclistas";NA;NA;NA;NA;1;2;NA;3;4;3;3;5;10;3;4;5;7;2;7;3;3;3;3;2;NA
21;"MA";2107803;"210780";"Parnarama";"Não";"Região Metropolitana da Zona Leste do Estado do Maranhão";"Motociclistas";NA;NA;NA;1;NA;NA;1;NA;NA;4;3;2;3;NA;NA;1;4;1;3;1;5;2;3;2;NA
21;"MA";2107902;"210790";"Passagem Franca";"Não";"-";"Motociclistas";NA;NA;NA;NA;NA;NA;NA;2;NA;1;1;2;3;2;NA;2;5;2;1;1;2;4;2;4;NA
21;"MA";2108009;"210800";"Pastos Bons";"Não";"-";"Motociclistas";NA;NA;NA;1;NA;NA;NA;NA;1;2;3;4;2;3;4;2;2;1;5;4;5;5;3;4;NA
21;"MA";2108058;"210805";"Paulino Neves";"Não";"-";"Motociclistas";NA;NA;NA;NA;NA;NA;NA;NA;NA;NA;NA;1;NA;NA;2;NA;2;1;NA;2;2;NA;NA;NA;NA
21;"MA";2108108;"210810";"Paulo Ramos";"Não";"-";"Motociclistas";NA;NA;NA;NA;NA;1;2;1;NA;NA;1;NA;NA;1;1;1;5;3;NA;NA;3;2;3;3;NA
21;"MA";2108207;"210820";"Pedreiras";"Não";"-";"Motociclistas";NA;NA;1;NA;NA;1;3;2;3;3;10;10;7;7;5;2;5;5;NA;2;1;5;1;NA;NA
21;"MA";2108256;"210825";"Pedro do Rosário";"Não";"-";"Motociclistas";NA;NA;NA;NA;NA;NA;NA;NA;1;NA;NA;NA;NA;NA;1;1;1;2;4;1;NA;NA;1;1;NA
21;"MA";2108306;"210830";"Penalva";"Não";"-";"Motociclistas";NA;NA;NA;NA;NA;NA;1;NA;NA;2;NA;NA;NA;2;5;7;2;4;NA;1;1;2;NA;1;NA
21;"MA";2108405;"210840";"Peri Mirim";"Não";"-";"Motociclistas";NA;NA;NA;NA;NA;NA;NA;1;2;NA;NA;1;1;1;NA;3;2;1;NA;1;3;1;1;1;NA
21;"MA";2108454;"210845";"Peritoró";"Não";"-";"Motociclistas";NA;1;NA;NA;NA;NA;NA;NA;NA;NA;NA;NA;NA;2;6;5;9;4;5;5;6;NA;4;1;NA
21;"MA";2108504;"210850";"Pindaré-Mirim";"Não";"-";"Motociclistas";NA;NA;NA;NA;NA;NA;NA;1;NA;1;2;1;2;NA;1;1;1;2;3;2;NA;3;NA;1;NA
21;"MA";2108603;"210860";"Pinheiro";"Não";"-";"Motociclistas";1;3;6;1;1;3;1;3;10;5;12;9;13;8;18;14;16;20;29;26;25;16;19;21;NA
21;"MA";2108702;"210870";"Pio XII";"Não";"-";"Motociclistas";NA;NA;NA;NA;NA;NA;NA;NA;1;NA;1;NA;3;4;NA;2;2;2;3;NA;NA;2;NA;NA;NA
21;"MA";2108801;"210880";"Pirapemas";"Não";"-";"Motociclistas";NA;NA;NA;NA;NA;1;NA;NA;NA;NA;NA;2;NA;1;1;1;2;NA;4;NA;1;NA;NA;2;NA
21;"MA";2108900;"210890";"Poção de Pedras";"Não";"-";"Motociclistas";NA;NA;NA;1;NA;NA;1;3;5;3;4;NA;2;1;NA;NA;NA;1;2;2;1;1;NA;NA;NA
21;"MA";2109007;"210900";"Porto Franco";"Não";"Região Metropolitana do Sudoeste Maranhense";"Motociclistas";NA;NA;3;1;NA;NA;2;5;3;1;4;1;2;1;4;4;6;1;3;6;4;1;5;5;NA
21;"MA";2109056;"210905";"Porto Rico do Maranhão";"Não";"-";"Motociclistas";NA;NA;NA;NA;NA;NA;NA;NA;NA;NA;NA;1;NA;NA;NA;1;1;NA;1;NA;NA;NA;NA;NA;NA
21;"MA";2109106;"210910";"Presidente Dutra";"Não";"-";"Motociclistas";NA;NA;NA;4;1;1;3;1;4;7;21;72;48;48;41;34;47;23;32;26;18;29;19;21;NA
21;"MA";2109205;"210920";"Presidente Juscelino";"Não";"Região Metropolitana da Grande São Luís";"Motociclistas";NA;NA;NA;NA;NA;NA;NA;NA;NA;NA;NA;NA;NA;NA;NA;NA;1;NA;NA;NA;NA;1;NA;2;NA
21;"MA";2109239;"210923";"Presidente Médici";"Não";"-";"Motociclistas";NA;NA;NA;NA;NA;NA;NA;NA;NA;1;1;NA;NA;NA;NA;NA;1;NA;1;NA;NA;NA;NA;NA;NA
21;"MA";2109270;"210927";"Presidente Sarney";"Não";"-";"Motociclistas";NA;NA;NA;NA;NA;NA;NA;NA;NA;2;NA;1;1;2;1;3;5;1;NA;2;1;1;1;2;NA
21;"MA";2109304;"210930";"Presidente Vargas";"Não";"-";"Motociclistas";NA;NA;NA;NA;NA;NA;NA;NA;NA;NA;NA;NA;NA;1;1;1;NA;1;NA;1;NA;1;NA;NA;NA
21;"MA";2109403;"210940";"Primeira Cruz";"Não";"-";"Motociclistas";NA;NA;NA;NA;NA;NA;NA;NA;NA;NA;NA;NA;NA;NA;NA;NA;5;NA;NA;NA;NA;NA;NA;NA;NA
21;"MA";2109452;"210945";"Raposa";"Não";"Região Metropolitana da Grande São Luís";"Motociclistas";NA;NA;NA;NA;NA;NA;1;2;NA;NA;2;3;1;NA;NA;1;NA;1;NA;NA;NA;NA;NA;1;NA
21;"MA";2109502;"210950";"Riachão";"Não";"-";"Motociclistas";NA;NA;1;1;1;NA;NA;NA;1;NA;NA;NA;1;2;4;4;NA;3;4;2;2;4;7;9;NA
21;"MA";2109551;"210955";"Ribamar Fiquene";"Não";"Região Metropolitana do Sudoeste Maranhense";"Motociclistas";NA;NA;NA;2;NA;NA;NA;NA;NA;NA;NA;NA;NA;2;2;3;NA;3;1;2;1;NA;1;1;NA
21;"MA";2109601;"210960";"Rosário";"Não";"Região Metropolitana da Grande São Luís";"Motociclistas";NA;NA;NA;NA;NA;1;NA;1;NA;NA;NA;NA;NA;4;NA;1;4;3;1;2;2;2;NA;NA;NA
21;"MA";2109700;"210970";"Sambaíba";"Não";"-";"Motociclistas";NA;NA;NA;NA;NA;NA;NA;NA;NA;NA;NA;NA;NA;NA;NA;1;NA;NA;1;NA;1;NA;NA;1;NA
21;"MA";2109759;"210975";"Santa Filomena do Maranhão";"Não";"-";"Motociclistas";NA;NA;NA;NA;NA;NA;NA;NA;NA;1;NA;NA;1;NA;1;NA;NA;NA;NA;NA;NA;1;1;1;NA
21;"MA";2109809;"210980";"Santa Helena";"Não";"-";"Motociclistas";NA;1;1;NA;NA;NA;NA;NA;NA;2;NA;NA;6;1;3;3;2;1;NA;NA;NA;NA;1;NA;NA
21;"MA";2109908;"210990";"Santa Inês";"Não";"-";"Motociclistas";NA;NA;NA;NA;NA;NA;NA;1;7;2;2;2;4;9;3;14;5;17;15;15;9;10;12;12;NA
21;"MA";2110005;"211000";"Santa Luzia";"Não";"-";"Motociclistas";NA;NA;1;NA;NA;2;NA;NA;1;4;3;2;3;13;6;5;4;6;6;4;8;9;10;13;NA
21;"MA";2110039;"211003";"Santa Luzia do Paruá";"Não";"-";"Motociclistas";NA;NA;NA;NA;NA;3;2;NA;2;2;4;NA;5;1;1;5;5;2;2;2;NA;NA;1;8;NA
21;"MA";2110104;"211010";"Santa Quitéria do Maranhão";"Não";"-";"Motociclistas";1;NA;NA;1;NA;NA;1;2;NA;1;2;5;1;2;3;3;5;1;3;1;3;1;3;1;NA
21;"MA";2110203;"211020";"Santa Rita";"Não";"Região Metropolitana da Grande São Luís";"Motociclistas";NA;NA;NA;2;NA;NA;NA;NA;1;1;NA;1;1;7;8;4;4;4;9;4;6;4;3;NA;NA
21;"MA";2110237;"211023";"Santana do Maranhão";"Não";"-";"Motociclistas";NA;NA;NA;NA;NA;NA;NA;1;1;NA;1;NA;NA;NA;NA;NA;NA;NA;NA;NA;NA;NA;NA;NA;NA
21;"MA";2110278;"211027";"Santo Amaro do Maranhão";"Não";"-";"Motociclistas";NA;NA;NA;NA;NA;NA;NA;NA;NA;NA;NA;NA;NA;NA;NA;1;NA;NA;NA;NA;NA;NA;NA;NA;NA
21;"MA";2110302;"211030";"Santo Antônio dos Lopes";"Não";"-";"Motociclistas";NA;NA;NA;3;2;2;NA;NA;3;1;3;1;1;2;NA;NA;1;1;2;1;1;3;2;2;NA
21;"MA";2110401;"211040";"São Benedito do Rio Preto";"Não";"-";"Motociclistas";NA;NA;NA;NA;NA;NA;NA;NA;3;2;3;2;2;NA;2;1;2;1;NA;2;NA;1;NA;NA;NA
21;"MA";2110500;"211050";"São Bento";"Não";"-";"Motociclistas";NA;NA;1;NA;NA;NA;NA;NA;2;1;2;1;1;NA;7;2;1;4;6;1;3;NA;NA;NA;NA
21;"MA";2110609;"211060";"São Bernardo";"Não";"-";"Motociclistas";NA;NA;NA;NA;NA;NA;NA;NA;3;3;3;2;5;3;3;3;2;2;3;2;4;5;4;1;NA
21;"MA";2110658;"211065";"São Domingos do Azeitão";"Não";"-";"Motociclistas";NA;NA;NA;NA;NA;1;NA;1;NA;2;NA;1;2;NA;3;1;4;3;2;1;1;NA;1;2;NA
21;"MA";2110708;"211070";"São Domingos do Maranhão";"Não";"-";"Motociclistas";NA;1;6;2;3;1;1;NA;1;NA;2;2;5;7;6;4;6;4;3;3;7;2;4;10;NA
21;"MA";2110807;"211080";"São Félix de Balsas";"Não";"-";"Motociclistas";NA;NA;NA;NA;NA;NA;NA;NA;NA;1;NA;NA;NA;1;NA;NA;1;2;NA;NA;NA;NA;NA;NA;NA
21;"MA";2110856;"211085";"São Francisco do Brejão";"Não";"Região Metropolitana do Sudoeste Maranhense";"Motociclistas";NA;NA;1;NA;NA;2;NA;1;NA;NA;NA;NA;NA;1;2;2;1;1;1;2;2;1;1;NA;NA
21;"MA";2110906;"211090";"São Francisco do Maranhão";"Não";"-";"Motociclistas";NA;NA;NA;NA;NA;NA;NA;NA;NA;NA;NA;NA;NA;NA;1;NA;NA;3;2;1;1;2;NA;1;NA
21;"MA";2111003;"211100";"São João Batista";"Não";"-";"Motociclistas";NA;NA;NA;NA;NA;NA;1;NA;NA;NA;NA;NA;NA;NA;NA;1;1;2;1;NA;1;NA;1;1;NA
21;"MA";2111029;"211102";"São João do Carú";"Não";"-";"Motociclistas";NA;NA;NA;NA;NA;NA;NA;NA;NA;1;1;NA;NA;1;1;NA;2;NA;NA;1;NA;1;NA;NA;NA
21;"MA";2111052;"211105";"São João do Paraíso";"Não";"Região Metropolitana do Sudoeste Maranhense";"Motociclistas";NA;NA;NA;NA;NA;NA;1;NA;NA;1;NA;NA;1;NA;2;1;NA;NA;2;NA;NA;2;NA;3;NA
21;"MA";2111078;"211107";"São João do Soter";"Não";"Região Metropolitana da Zona Leste do Estado do Maranhão";"Motociclistas";NA;NA;1;NA;NA;NA;NA;NA;NA;NA;NA;NA;1;NA;4;1;1;NA;2;1;6;1;1;1;NA
21;"MA";2111102;"211110";"São João dos Patos";"Não";"-";"Motociclistas";NA;NA;NA;NA;NA;1;1;1;1;5;3;1;6;5;5;6;7;5;8;2;7;6;1;3;NA
21;"MA";2111201;"211120";"São José de Ribamar";"Não";"Região Metropolitana da Grande São Luís";"Motociclistas";1;NA;NA;NA;NA;NA;NA;1;1;2;1;8;4;1;1;NA;1;NA;1;1;1;4;2;NA;NA
21;"MA";2111250;"211125";"São José dos Basílios";"Não";"-";"Motociclistas";NA;NA;NA;1;NA;NA;NA;NA;NA;NA;NA;1;1;2;1;1;1;NA;NA;1;1;NA;1;1;NA
21;"MA";2111300;"211130";"São Luís";"Sim";"Região Metropolitana da Grande São Luís";"Motociclistas";9;12;22;18;15;28;30;37;55;52;59;60;81;53;54;51;53;38;24;20;48;50;62;48;NA
21;"MA";2111409;"211140";"São Luís Gonzaga do Maranhão";"Não";"-";"Motociclistas";NA;NA;NA;NA;NA;NA;NA;NA;NA;NA;NA;NA;1;2;3;NA;1;NA;NA;1;NA;2;1;1;NA
21;"MA";2111508;"211150";"São Mateus do Maranhão";"Não";"-";"Motociclistas";NA;NA;NA;1;1;NA;4;1;2;1;4;3;2;1;3;7;3;3;7;1;6;NA;1;6;NA
21;"MA";2111532;"211153";"São Pedro da Água Branca";"Não";"Região Metropolitana do Sudoeste Maranhense";"Motociclistas";NA;NA;NA;NA;NA;NA;NA;NA;1;NA;NA;1;NA;2;1;3;2;NA;1;NA;NA;1;2;NA;NA
21;"MA";2111573;"211157";"São Pedro dos Crentes";"Não";"-";"Motociclistas";NA;NA;NA;NA;NA;NA;NA;NA;NA;NA;NA;NA;NA;NA;NA;1;1;1;1;NA;NA;NA;NA;NA;NA
21;"MA";2111607;"211160";"São Raimundo das Mangabeiras";"Não";"-";"Motociclistas";NA;NA;NA;NA;2;NA;NA;NA;4;2;3;2;2;4;6;2;2;7;2;1;3;4;4;6;NA
21;"MA";2111631;"211163";"São Raimundo do Doca Bezerra";"Não";"-";"Motociclistas";NA;NA;NA;NA;NA;NA;NA;NA;NA;NA;NA;1;NA;NA;NA;NA;1;NA;1;1;NA;1;NA;1;NA
21;"MA";2111672;"211167";"São Roberto";"Não";"-";"Motociclistas";NA;NA;NA;NA;NA;NA;NA;NA;NA;NA;NA;NA;NA;NA;1;1;NA;NA;NA;1;NA;2;NA;1;NA
21;"MA";2111706;"211170";"São Vicente Ferrer";"Não";"-";"Motociclistas";NA;1;NA;NA;NA;1;NA;NA;1;1;NA;7;NA;NA;NA;2;3;2;NA;NA;1;1;NA;NA;NA
21;"MA";2111722;"211172";"Satubinha";"Não";"-";"Motociclistas";NA;NA;NA;NA;NA;NA;NA;NA;NA;NA;NA;NA;NA;NA;NA;NA;NA;NA;NA;1;NA;NA;NA;NA;NA
21;"MA";2111748;"211174";"Senador Alexandre Costa";"Não";"-";"Motociclistas";NA;NA;NA;NA;NA;NA;NA;NA;2;NA;2;NA;2;NA;NA;NA;2;2;NA;NA;2;3;NA;NA;NA
21;"MA";2111763;"211176";"Senador La Rocque";"Não";"Região Metropolitana do Sudoeste Maranhense";"Motociclistas";NA;NA;NA;1;NA;NA;NA;NA;NA;NA;NA;NA;NA;NA;3;2;2;1;3;NA;1;2;NA;1;NA
21;"MA";2111789;"211178";"Serrano do Maranhão";"Não";"-";"Motociclistas";NA;NA;NA;NA;NA;NA;NA;NA;NA;NA;NA;NA;NA;NA;NA;NA;1;NA;NA;NA;1;NA;NA;1;NA
21;"MA";2111805;"211180";"Sítio Novo";"Não";"Região Metropolitana do Sudoeste Maranhense";"Motociclistas";NA;NA;NA;NA;NA;1;2;1;2;NA;NA;2;1;2;2;2;2;1;3;3;3;3;6;3;NA
21;"MA";2111904;"211190";"Sucupira do Norte";"Não";"-";"Motociclistas";NA;NA;NA;NA;NA;NA;NA;2;1;NA;NA;1;NA;NA;1;NA;2;NA;NA;1;2;NA;NA;4;NA
21;"MA";2111953;"211195";"Sucupira do Riachão";"Não";"-";"Motociclistas";NA;NA;NA;NA;NA;NA;NA;NA;NA;1;NA;NA;NA;NA;NA;NA;NA;1;1;1;1;2;1;1;NA
21;"MA";2112001;"211200";"Tasso Fragoso";"Não";"-";"Motociclistas";NA;1;1;1;NA;NA;2;NA;1;NA;1;1;2;1;5;4;3;1;NA;NA;2;2;2;NA;NA
21;"MA";2112100;"211210";"Timbiras";"Não";"-";"Motociclistas";NA;NA;NA;1;2;NA;NA;NA;NA;1;NA;2;3;1;5;2;NA;NA;1;2;NA;NA;1;NA;NA
21;"MA";2112209;"211220";"Timon";"Não";"Região Integrada de Desenvolvimento da Grande Teresina";"Motociclistas";NA;NA;NA;NA;1;3;1;10;NA;1;2;3;NA;3;11;24;10;9;14;21;13;19;18;16;NA
21;"MA";2112233;"211223";"Trizidela do Vale";"Não";"-";"Motociclistas";NA;NA;NA;NA;NA;NA;NA;NA;NA;1;NA;1;1;NA;2;NA;NA;NA;1;1;NA;2;1;3;NA
21;"MA";2112274;"211227";"Tufilândia";"Não";"-";"Motociclistas";NA;NA;NA;NA;NA;NA;NA;NA;NA;NA;NA;NA;1;2;NA;NA;NA;NA;NA;1;NA;NA;NA;NA;NA
21;"MA";2112308;"211230";"Tuntum";"Não";"-";"Motociclistas";NA;NA;NA;NA;NA;NA;1;4;2;3;NA;1;3;2;2;6;2;1;5;2;3;4;2;2;NA
21;"MA";2112407;"211240";"Turiaçu";"Não";"-";"Motociclistas";2;1;2;NA;1;2;NA;NA;4;2;6;1;4;2;5;2;4;6;4;2;2;1;1;2;NA
21;"MA";2112456;"211245";"Turilândia";"Não";"-";"Motociclistas";NA;NA;NA;NA;1;NA;NA;NA;NA;NA;1;NA;NA;NA;1;3;1;NA;NA;1;1;2;1;NA;NA
21;"MA";2112506;"211250";"Tutóia";"Não";"-";"Motociclistas";NA;NA;NA;NA;1;1;3;1;2;2;1;9;11;6;6;3;11;4;3;1;1;6;3;3;NA
21;"MA";2112605;"211260";"Urbano Santos";"Não";"-";"Motociclistas";NA;NA;NA;NA;NA;1;NA;NA;1;NA;1;NA;2;NA;3;3;2;3;4;2;1;1;3;NA;NA
21;"MA";2112704;"211270";"Vargem Grande";"Não";"-";"Motociclistas";1;NA;NA;NA;4;1;NA;2;3;1;2;9;7;8;6;7;3;1;3;1;3;NA;NA;5;NA
21;"MA";2112803;"211280";"Viana";"Não";"-";"Motociclistas";NA;NA;NA;1;NA;1;NA;2;5;2;NA;4;5;2;4;1;6;3;5;5;2;1;2;1;NA
21;"MA";2112852;"211285";"Vila Nova dos Martírios";"Não";"Região Metropolitana do Sudoeste Maranhense";"Motociclistas";NA;NA;NA;NA;NA;1;NA;NA;NA;NA;1;1;NA;NA;NA;2;3;NA;2;NA;NA;2;NA;NA;NA
21;"MA";2112902;"211290";"Vitória do Mearim";"Não";"-";"Motociclistas";NA;NA;1;NA;NA;NA;NA;1;2;1;1;1;1;4;2;2;8;4;2;1;NA;3;2;2;NA
21;"MA";2113009;"211300";"Vitorino Freire";"Não";"-";"Motociclistas";NA;NA;NA;1;1;3;3;NA;NA;1;1;5;7;1;5;5;2;4;NA;3;1;NA;NA;NA;NA
21;"MA";2114007;"211400";"Zé Doca";"Não";"-";"Motociclistas";NA;NA;NA;NA;NA;NA;1;3;4;5;7;8;10;8;8;9;9;8;4;8;8;8;4;8;NA
22;"PI";2200053;"220005";"Acauã";"Não";"-";"Motociclistas";NA;NA;2;NA;NA;NA;NA;2;1;NA;1;NA;NA;1;NA;NA;1;1;NA;NA;NA;NA;1;NA;NA
22;"PI";2200103;"220010";"Agricolândia";"Não";"-";"Motociclistas";NA;1;NA;NA;NA;NA;NA;NA;NA;1;1;NA;NA;NA;NA;NA;1;1;NA;NA;2;NA;2;NA;NA
22;"PI";2200202;"220020";"Água Branca";"Não";"-";"Motociclistas";NA;NA;NA;NA;NA;NA;1;1;3;2;1;1;1;4;2;2;2;2;1;NA;3;NA;3;4;NA
22;"PI";2200251;"220025";"Alagoinha do Piauí";"Não";"-";"Motociclistas";NA;NA;NA;NA;NA;1;NA;1;NA;2;1;1;NA;NA;2;1;1;NA;1;NA;2;NA;1;1;NA
22;"PI";2200277;"220027";"Alegrete do Piauí";"Não";"-";"Motociclistas";NA;NA;NA;NA;NA;NA;2;NA;1;1;NA;NA;NA;1;NA;NA;NA;NA;NA;NA;NA;1;NA;1;NA
22;"PI";2200301;"220030";"Alto Longá";"Não";"-";"Motociclistas";NA;NA;NA;NA;1;2;1;2;NA;1;1;2;2;1;4;4;3;2;1;NA;1;3;2;2;NA
22;"PI";2200400;"220040";"Altos";"Não";"Região Integrada de Desenvolvimento da Grande Teresina";"Motociclistas";1;NA;NA;NA;1;1;2;1;1;1;2;1;3;4;5;7;4;5;NA;1;2;2;6;14;NA
22;"PI";2200459;"220045";"Alvorada do Gurguéia";"Não";"-";"Motociclistas";NA;NA;NA;NA;NA;NA;1;2;1;NA;NA;1;4;1;1;3;NA;1;1;NA;3;NA;1;1;NA
22;"PI";2200509;"220050";"Amarante";"Não";"-";"Motociclistas";NA;1;NA;1;NA;NA;2;NA;NA;NA;2;NA;6;1;3;4;2;4;2;2;NA;1;5;4;NA
22;"PI";2200608;"220060";"Angical do Piauí";"Não";"-";"Motociclistas";NA;NA;NA;NA;NA;NA;1;1;1;1;2;2;1;3;1;3;2;NA;1;2;1;4;2;NA;NA
22;"PI";2200707;"220070";"Anísio de Abreu";"Não";"-";"Motociclistas";NA;NA;1;NA;NA;2;NA;NA;2;NA;NA;1;1;NA;1;1;1;NA;2;3;NA;1;1;NA;NA
22;"PI";2200806;"220080";"Antônio Almeida";"Não";"-";"Motociclistas";NA;NA;NA;NA;NA;NA;NA;NA;NA;NA;NA;NA;NA;NA;NA;1;1;1;NA;NA;NA;2;2;2;NA
22;"PI";2200905;"220090";"Aroazes";"Não";"-";"Motociclistas";NA;NA;NA;NA;NA;1;NA;NA;NA;NA;NA;NA;NA;NA;NA;NA;NA;NA;NA;NA;NA;2;NA;3;NA
22;"PI";2200954;"220095";"Aroeiras do Itaim";"Não";"-";"Motociclistas";NA;NA;NA;NA;NA;NA;NA;NA;NA;NA;NA;NA;NA;NA;1;5;1;1;1;NA;1;NA;NA;NA;NA
22;"PI";2201002;"220100";"Arraial";"Não";"-";"Motociclistas";NA;NA;NA;NA;NA;NA;NA;NA;NA;NA;NA;NA;NA;NA;1;1;NA;NA;3;NA;NA;NA;NA;NA;NA
22;"PI";2201051;"220105";"Assunção do Piauí";"Não";"-";"Motociclistas";NA;NA;NA;NA;NA;NA;NA;NA;NA;NA;NA;NA;1;2;NA;2;NA;NA;NA;1;2;NA;1;NA;NA
22;"PI";2201101;"220110";"Avelino Lopes";"Não";"-";"Motociclistas";NA;NA;NA;NA;1;NA;NA;NA;NA;1;1;NA;NA;2;NA;1;NA;NA;3;1;NA;NA;3;1;NA
22;"PI";2201150;"220115";"Baixa Grande do Ribeiro";"Não";"-";"Motociclistas";NA;NA;NA;NA;1;NA;1;1;NA;2;3;4;3;NA;3;4;3;2;1;NA;5;3;4;6;NA
22;"PI";2201176;"220117";"Barra D'Alcântara";"Não";"-";"Motociclistas";NA;NA;NA;NA;NA;NA;NA;NA;NA;1;NA;NA;NA;3;1;1;2;NA;2;1;NA;NA;1;NA;NA
22;"PI";2201200;"220120";"Barras";"Não";"-";"Motociclistas";NA;NA;3;NA;2;2;NA;4;3;6;2;7;6;7;4;6;5;6;4;4;7;4;7;4;NA
22;"PI";2201309;"220130";"Barreiras do Piauí";"Não";"-";"Motociclistas";NA;NA;NA;NA;NA;NA;NA;NA;NA;NA;NA;1;NA;NA;NA;NA;NA;NA;1;NA;1;NA;NA;NA;NA
22;"PI";2201408;"220140";"Barro Duro";"Não";"-";"Motociclistas";NA;NA;NA;NA;NA;NA;1;2;2;NA;3;1;6;NA;2;1;1;NA;NA;NA;NA;1;2;1;NA
22;"PI";2201507;"220150";"Batalha";"Não";"-";"Motociclistas";1;1;NA;1;NA;NA;5;2;2;7;4;5;3;3;2;5;4;5;4;8;8;3;2;5;NA
22;"PI";2201556;"220155";"Bela Vista do Piauí";"Não";"-";"Motociclistas";NA;NA;NA;NA;NA;NA;NA;NA;NA;NA;NA;NA;NA;NA;NA;1;NA;NA;NA;NA;NA;NA;1;NA;NA
22;"PI";2201572;"220157";"Belém do Piauí";"Não";"-";"Motociclistas";NA;NA;NA;NA;NA;NA;NA;NA;NA;NA;NA;1;NA;NA;NA;NA;NA;NA;1;1;1;NA;NA;NA;NA
22;"PI";2201606;"220160";"Beneditinos";"Não";"Região Integrada de Desenvolvimento da Grande Teresina";"Motociclistas";NA;NA;NA;NA;NA;1;NA;NA;NA;2;NA;1;NA;1;NA;1;3;NA;1;1;3;1;NA;NA;NA
22;"PI";2201705;"220170";"Bertolínia";"Não";"-";"Motociclistas";NA;NA;NA;NA;NA;NA;NA;NA;1;NA;NA;NA;NA;2;2;1;1;1;NA;NA;NA;1;1;2;NA
22;"PI";2201739;"220173";"Betânia do Piauí";"Não";"-";"Motociclistas";NA;NA;NA;NA;NA;NA;NA;NA;NA;NA;NA;NA;NA;NA;1;1;1;NA;NA;NA;NA;1;NA;NA;NA
22;"PI";2201770;"220177";"Boa Hora";"Não";"-";"Motociclistas";NA;NA;NA;NA;NA;NA;1;NA;1;NA;NA;NA;1;1;1;1;1;2;1;1;NA;2;2;1;NA
22;"PI";2201804;"220180";"Bocaina";"Não";"-";"Motociclistas";NA;NA;NA;1;1;NA;1;NA;NA;NA;NA;NA;1;1;2;1;1;NA;2;3;2;NA;1;NA;NA
22;"PI";2201903;"220190";"Bom Jesus";"Não";"-";"Motociclistas";NA;NA;NA;NA;2;NA;2;NA;3;3;6;2;3;3;10;4;10;2;3;7;2;4;3;9;NA
22;"PI";2201919;"220191";"Bom Princípio do Piauí";"Não";"-";"Motociclistas";NA;NA;NA;NA;NA;NA;NA;NA;NA;NA;NA;NA;NA;NA;NA;NA;1;1;NA;1;NA;NA;1;1;NA
22;"PI";2201929;"220192";"Bonfim do Piauí";"Não";"-";"Motociclistas";NA;NA;NA;NA;NA;NA;NA;NA;NA;NA;1;2;NA;1;NA;1;1;NA;NA;NA;1;NA;NA;NA;NA
22;"PI";2201945;"220194";"Boqueirão do Piauí";"Não";"-";"Motociclistas";NA;NA;NA;NA;NA;1;NA;1;NA;NA;1;NA;1;1;3;NA;2;NA;1;2;3;NA;1;3;NA
22;"PI";2201960;"220196";"Brasileira";"Não";"-";"Motociclistas";NA;NA;NA;NA;NA;NA;NA;NA;NA;NA;1;3;NA;NA;2;NA;NA;NA;1;NA;NA;1;NA;NA;NA
22;"PI";2201988;"220198";"Brejo do Piauí";"Não";"-";"Motociclistas";NA;NA;NA;NA;NA;NA;NA;NA;NA;NA;NA;NA;NA;1;1;1;NA;1;1;NA;NA;NA;NA;2;NA
22;"PI";2202000;"220200";"Buriti dos Lopes";"Não";"-";"Motociclistas";NA;2;2;NA;NA;NA;3;1;NA;1;1;1;2;1;NA;1;2;NA;2;1;3;2;6;2;NA
22;"PI";2202026;"220202";"Buriti dos Montes";"Não";"-";"Motociclistas";NA;NA;NA;NA;NA;NA;NA;NA;NA;1;NA;NA;NA;1;1;1;NA;NA;NA;NA;NA;1;1;1;NA
22;"PI";2202059;"220205";"Cabeceiras do Piauí";"Não";"-";"Motociclistas";NA;NA;1;1;NA;NA;NA;NA;NA;1;NA;3;2;1;1;NA;1;1;NA;1;NA;NA;1;1;NA
22;"PI";2202075;"220207";"Cajazeiras do Piauí";"Não";"-";"Motociclistas";NA;NA;NA;NA;NA;NA;NA;NA;NA;NA;1;1;1;NA;1;NA;1;NA;NA;NA;NA;2;1;NA;NA
22;"PI";2202083;"220208";"Cajueiro da Praia";"Não";"-";"Motociclistas";NA;NA;NA;NA;NA;NA;NA;1;NA;NA;NA;1;NA;NA;NA;1;1;NA;NA;NA;NA;1;1;NA;NA
22;"PI";2202091;"220209";"Caldeirão Grande do Piauí";"Não";"-";"Motociclistas";NA;NA;NA;NA;1;NA;NA;NA;NA;1;NA;NA;2;NA;NA;1;1;NA;1;1;NA;NA;1;1;NA
22;"PI";2202109;"220210";"Campinas do Piauí";"Não";"-";"Motociclistas";NA;NA;NA;NA;NA;NA;NA;1;NA;NA;1;NA;NA;2;1;NA;NA;1;1;NA;1;3;1;1;NA
22;"PI";2202117;"220211";"Campo Alegre do Fidalgo";"Não";"-";"Motociclistas";NA;NA;NA;NA;NA;NA;NA;NA;NA;NA;1;1;NA;NA;2;1;2;1;NA;2;NA;1;NA;1;NA
22;"PI";2202133;"220213";"Campo Grande do Piauí";"Não";"-";"Motociclistas";NA;NA;NA;NA;NA;NA;1;NA;NA;NA;NA;1;2;1;1;2;NA;NA;1;NA;2;1;4;NA;NA
22;"PI";2202174;"220217";"Campo Largo do Piauí";"Não";"-";"Motociclistas";NA;NA;NA;1;NA;NA;NA;NA;NA;NA;NA;1;NA;1;NA;1;2;2;NA;NA;NA;NA;NA;1;NA
22;"PI";2202208;"220220";"Campo Maior";"Não";"-";"Motociclistas";1;2;NA;3;1;3;1;2;2;8;6;3;5;4;9;14;7;11;11;13;9;6;8;10;NA
22;"PI";2202251;"220225";"Canavieira";"Não";"-";"Motociclistas";NA;NA;NA;NA;NA;NA;NA;NA;NA;NA;NA;NA;NA;NA;2;NA;1;NA;NA;NA;NA;NA;1;NA;NA
22;"PI";2202307;"220230";"Canto do Buriti";"Não";"-";"Motociclistas";NA;NA;NA;NA;NA;2;2;NA;1;2;5;3;6;5;3;4;2;4;2;3;1;5;1;4;NA
22;"PI";2202406;"220240";"Capitão de Campos";"Não";"-";"Motociclistas";NA;NA;NA;1;1;NA;NA;NA;NA;NA;1;1;1;NA;2;NA;3;2;NA;1;NA;NA;3;3;NA
22;"PI";2202455;"220245";"Capitão Gervásio Oliveira";"Não";"-";"Motociclistas";NA;NA;NA;NA;NA;NA;NA;NA;NA;NA;NA;NA;NA;NA;NA;NA;1;NA;1;2;NA;1;2;3;NA
22;"PI";2202505;"220250";"Caracol";"Não";"-";"Motociclistas";NA;NA;NA;1;NA;NA;1;NA;NA;NA;NA;1;1;NA;3;NA;1;NA;3;NA;1;2;1;NA;NA
22;"PI";2202539;"220253";"Caraúbas do Piauí";"Não";"-";"Motociclistas";NA;NA;NA;NA;NA;1;NA;NA;NA;1;NA;NA;1;2;NA;1;NA;NA;3;1;1;NA;NA;1;NA
22;"PI";2202554;"220255";"Caridade do Piauí";"Não";"-";"Motociclistas";NA;NA;NA;NA;NA;NA;NA;NA;1;NA;2;NA;1;NA;NA;1;NA;NA;NA;NA;1;2;1;NA;NA
22;"PI";2202604;"220260";"Castelo do Piauí";"Não";"-";"Motociclistas";NA;NA;1;NA;NA;2;2;NA;3;3;1;2;8;5;3;2;6;3;4;4;4;5;1;NA;NA
22;"PI";2202653;"220265";"Caxingó";"Não";"-";"Motociclistas";NA;NA;NA;NA;NA;NA;1;NA;NA;NA;3;NA;NA;1;5;NA;1;3;NA;1;1;NA;NA;NA;NA
22;"PI";2202703;"220270";"Cocal";"Não";"-";"Motociclistas";NA;NA;NA;NA;NA;NA;NA;NA;3;1;NA;NA;1;1;NA;4;6;4;7;5;2;3;1;5;NA
22;"PI";2202711;"220271";"Cocal de Telha";"Não";"-";"Motociclistas";NA;NA;NA;NA;NA;NA;NA;1;1;NA;NA;1;NA;NA;NA;1;2;NA;1;1;2;NA;1;1;NA
22;"PI";2202729;"220272";"Cocal dos Alves";"Não";"-";"Motociclistas";NA;NA;NA;NA;NA;NA;NA;NA;NA;NA;1;NA;1;NA;1;NA;NA;NA;NA;NA;NA;1;NA;NA;NA
22;"PI";2202737;"220273";"Coivaras";"Não";"Região Integrada de Desenvolvimento da Grande Teresina";"Motociclistas";NA;NA;NA;NA;NA;NA;NA;NA;NA;1;NA;NA;NA;NA;NA;NA;1;NA;NA;NA;NA;1;NA;NA;NA
22;"PI";2202752;"220275";"Colônia do Gurguéia";"Não";"-";"Motociclistas";NA;NA;NA;1;1;NA;3;NA;NA;NA;1;1;1;1;2;2;NA;1;2;1;2;1;NA;2;NA
22;"PI";2202778;"220277";"Colônia do Piauí";"Não";"-";"Motociclistas";NA;NA;NA;NA;NA;NA;NA;NA;NA;2;2;1;2;NA;NA;NA;1;NA;NA;NA;1;NA;3;1;NA
22;"PI";2202802;"220280";"Conceição do Canindé";"Não";"-";"Motociclistas";NA;NA;NA;NA;NA;NA;NA;NA;NA;NA;1;NA;NA;NA;1;NA;1;NA;NA;NA;4;NA;NA;NA;NA
22;"PI";2202851;"220285";"Coronel José Dias";"Não";"-";"Motociclistas";NA;NA;NA;NA;NA;NA;NA;NA;NA;1;NA;NA;NA;NA;1;1;NA;NA;NA;NA;NA;1;NA;NA;NA
22;"PI";2202901;"220290";"Corrente";"Não";"-";"Motociclistas";NA;NA;2;NA;3;1;2;2;4;4;5;5;2;1;6;12;8;6;2;9;11;2;2;6;NA
22;"PI";2203008;"220300";"Cristalândia do Piauí";"Não";"-";"Motociclistas";NA;NA;NA;NA;NA;NA;NA;1;NA;NA;NA;1;NA;NA;1;NA;1;1;1;2;1;1;NA;NA;NA
22;"PI";2203107;"220310";"Cristino Castro";"Não";"-";"Motociclistas";NA;1;NA;NA;NA;NA;2;1;1;1;1;NA;1;1;1;2;NA;1;NA;NA;2;1;1;2;NA
22;"PI";2203206;"220320";"Curimatá";"Não";"-";"Motociclistas";NA;NA;NA;NA;NA;1;NA;NA;2;4;1;2;NA;3;3;1;1;4;2;1;3;NA;1;2;NA
22;"PI";2203230;"220323";"Currais";"Não";"-";"Motociclistas";NA;NA;NA;NA;NA;NA;NA;1;NA;NA;NA;NA;2;3;NA;NA;1;NA;NA;NA;NA;NA;2;NA;NA
22;"PI";2203255;"220325";"Curralinhos";"Não";"Região Integrada de Desenvolvimento da Grande Teresina";"Motociclistas";NA;NA;NA;NA;NA;NA;NA;NA;NA;1;NA;1;NA;1;NA;1;NA;NA;1;NA;NA;NA;1;1;NA
22;"PI";2203271;"220327";"Curral Novo do Piauí";"Não";"-";"Motociclistas";NA;NA;NA;NA;NA;NA;NA;NA;NA;NA;NA;NA;NA;NA;2;NA;NA;1;2;1;1;1;2;1;NA
22;"PI";2203305;"220330";"Demerval Lobão";"Não";"Região Integrada de Desenvolvimento da Grande Teresina";"Motociclistas";NA;NA;NA;NA;NA;1;NA;NA;2;2;NA;2;3;NA;2;2;NA;2;7;3;NA;NA;1;NA;NA
22;"PI";2203354;"220335";"Dirceu Arcoverde";"Não";"-";"Motociclistas";NA;NA;NA;NA;NA;NA;NA;NA;NA;NA;NA;NA;NA;NA;1;NA;NA;1;1;NA;1;NA;NA;2;NA
22;"PI";2203404;"220340";"Dom Expedito Lopes";"Não";"-";"Motociclistas";NA;NA;NA;NA;NA;NA;NA;3;3;1;1;1;4;NA;2;1;NA;3;NA;NA;NA;1;NA;2;NA
22;"PI";2203420;"220342";"Domingos Mourão";"Não";"-";"Motociclistas";NA;NA;NA;NA;NA;NA;NA;NA;NA;NA;NA;1;NA;NA;NA;NA;NA;NA;1;NA;NA;NA;1;NA;NA
22;"PI";2203453;"220345";"Dom Inocêncio";"Não";"-";"Motociclistas";NA;NA;1;NA;NA;NA;1;NA;NA;1;NA;NA;NA;NA;NA;NA;NA;NA;2;NA;1;NA;NA;1;NA
22;"PI";2203503;"220350";"Elesbão Veloso";"Não";"-";"Motociclistas";NA;NA;1;1;NA;NA;NA;1;2;1;2;3;2;NA;3;1;4;3;1;3;2;1;1;2;NA
22;"PI";2203602;"220360";"Eliseu Martins";"Não";"-";"Motociclistas";NA;NA;NA;NA;NA;NA;NA;NA;1;NA;1;NA;2;NA;NA;NA;3;1;1;NA;1;2;NA;NA;NA
22;"PI";2203701;"220370";"Esperantina";"Não";"-";"Motociclistas";NA;1;2;NA;4;2;6;3;7;4;6;5;8;6;10;13;3;9;10;8;10;3;6;8;NA
22;"PI";2203750;"220375";"Fartura do Piauí";"Não";"-";"Motociclistas";NA;NA;NA;NA;NA;NA;NA;NA;NA;NA;2;NA;NA;NA;NA;NA;NA;NA;1;NA;NA;NA;1;NA;NA
22;"PI";2203800;"220380";"Flores do Piauí";"Não";"-";"Motociclistas";NA;NA;NA;NA;NA;NA;NA;1;NA;NA;NA;1;2;NA;NA;NA;1;NA;2;1;NA;NA;2;NA;NA
22;"PI";2203859;"220385";"Floresta do Piauí";"Não";"-";"Motociclistas";NA;NA;NA;NA;NA;NA;NA;NA;NA;NA;NA;NA;NA;NA;NA;1;1;NA;NA;NA;NA;NA;1;2;NA
22;"PI";2203909;"220390";"Floriano";"Não";"-";"Motociclistas";NA;1;1;NA;1;2;2;2;7;7;11;8;8;14;14;14;9;35;45;33;51;37;34;44;NA
22;"PI";2204006;"220400";"Francinópolis";"Não";"-";"Motociclistas";NA;NA;NA;NA;NA;1;NA;NA;2;1;1;2;NA;1;3;NA;NA;1;1;NA;NA;NA;NA;2;NA
22;"PI";2204105;"220410";"Francisco Ayres";"Não";"-";"Motociclistas";NA;NA;NA;NA;NA;NA;NA;NA;NA;NA;2;1;1;NA;NA;NA;2;NA;NA;NA;NA;1;1;NA;NA
22;"PI";2204154;"220415";"Francisco Macedo";"Não";"-";"Motociclistas";NA;NA;NA;NA;NA;NA;1;NA;NA;NA;1;NA;1;1;NA;1;1;1;NA;1;1;NA;2;1;NA
22;"PI";2204204;"220420";"Francisco Santos";"Não";"-";"Motociclistas";NA;NA;NA;1;1;NA;NA;2;NA;NA;1;1;1;NA;1;1;5;2;NA;2;1;NA;2;2;NA
22;"PI";2204303;"220430";"Fronteiras";"Não";"-";"Motociclistas";NA;NA;NA;NA;NA;NA;1;1;2;NA;1;1;2;2;2;2;3;1;1;1;1;1;1;1;NA
22;"PI";2204352;"220435";"Geminiano";"Não";"-";"Motociclistas";NA;NA;NA;NA;NA;NA;1;NA;1;NA;NA;NA;4;5;1;3;NA;2;NA;NA;3;1;2;NA;NA
22;"PI";2204402;"220440";"Gilbués";"Não";"-";"Motociclistas";NA;NA;NA;NA;NA;NA;NA;NA;1;2;1;NA;1;2;1;3;NA;1;NA;1;NA;1;NA;1;NA
22;"PI";2204501;"220450";"Guadalupe";"Não";"-";"Motociclistas";NA;NA;NA;NA;1;NA;NA;NA;NA;NA;NA;NA;NA;2;1;1;3;2;1;1;NA;NA;2;NA;NA
22;"PI";2204550;"220455";"Guaribas";"Não";"-";"Motociclistas";NA;NA;NA;NA;NA;NA;NA;NA;1;NA;NA;NA;1;NA;NA;NA;NA;NA;NA;NA;NA;NA;2;NA;NA
22;"PI";2204600;"220460";"Hugo Napoleão";"Não";"-";"Motociclistas";NA;NA;NA;NA;NA;NA;NA;NA;NA;NA;NA;1;NA;1;3;1;NA;NA;NA;NA;2;NA;NA;1;NA
22;"PI";2204659;"220465";"Ilha Grande";"Não";"-";"Motociclistas";NA;NA;NA;NA;NA;NA;NA;NA;NA;NA;NA;NA;NA;NA;NA;NA;3;2;NA;NA;NA;NA;1;NA;NA
22;"PI";2204709;"220470";"Inhuma";"Não";"-";"Motociclistas";NA;1;1;NA;1;1;3;2;NA;3;4;1;1;1;4;NA;3;1;3;2;2;3;3;2;NA
22;"PI";2204808;"220480";"Ipiranga do Piauí";"Não";"-";"Motociclistas";NA;NA;NA;NA;NA;NA;1;NA;NA;2;NA;NA;1;NA;NA;2;1;1;NA;NA;NA;2;4;2;NA
22;"PI";2204907;"220490";"Isaías Coelho";"Não";"-";"Motociclistas";NA;NA;NA;NA;NA;NA;1;NA;NA;NA;NA;NA;1;NA;NA;1;2;NA;1;3;3;1;1;3;NA
22;"PI";2205003;"220500";"Itainópolis";"Não";"-";"Motociclistas";NA;NA;NA;NA;NA;1;NA;NA;NA;NA;2;2;NA;2;2;3;3;1;NA;2;1;NA;2;2;NA
22;"PI";2205102;"220510";"Itaueira";"Não";"-";"Motociclistas";NA;1;NA;1;NA;3;1;NA;1;NA;NA;1;4;1;NA;1;2;1;NA;4;NA;3;2;NA;NA
22;"PI";2205151;"220515";"Jacobina do Piauí";"Não";"-";"Motociclistas";NA;NA;NA;NA;NA;NA;NA;NA;NA;1;NA;1;NA;NA;3;2;1;2;3;2;2;NA;1;2;NA
22;"PI";2205201;"220520";"Jaicós";"Não";"-";"Motociclistas";1;NA;NA;NA;NA;1;1;1;2;NA;3;3;2;2;4;6;4;2;4;4;2;2;2;4;NA
22;"PI";2205250;"220525";"Jardim do Mulato";"Não";"-";"Motociclistas";NA;NA;NA;NA;NA;NA;NA;NA;NA;NA;NA;NA;1;1;NA;NA;NA;1;NA;1;1;1;NA;NA;NA
22;"PI";2205276;"220527";"Jatobá do Piauí";"Não";"-";"Motociclistas";NA;1;NA;NA;NA;1;NA;NA;NA;NA;1;NA;NA;2;NA;1;NA;3;1;NA;NA;1;1;NA;NA
22;"PI";2205300;"220530";"Jerumenha";"Não";"-";"Motociclistas";NA;NA;NA;NA;1;NA;NA;NA;NA;NA;NA;NA;NA;NA;NA;NA;1;NA;NA;1;1;1;2;NA;NA
22;"PI";2205359;"220535";"João Costa";"Não";"-";"Motociclistas";NA;NA;NA;NA;NA;NA;NA;NA;NA;NA;NA;NA;NA;NA;NA;NA;NA;1;NA;NA;NA;NA;1;NA;NA
22;"PI";2205409;"220540";"Joaquim Pires";"Não";"-";"Motociclistas";NA;NA;NA;1;2;1;1;NA;NA;2;NA;3;1;2;1;3;1;2;NA;2;1;1;2;4;NA
22;"PI";2205458;"220545";"Joca Marques";"Não";"-";"Motociclistas";NA;NA;NA;NA;NA;NA;NA;NA;1;NA;1;NA;NA;1;1;NA;NA;NA;1;NA;NA;1;1;NA;NA
22;"PI";2205508;"220550";"José de Freitas";"Não";"Região Integrada de Desenvolvimento da Grande Teresina";"Motociclistas";2;NA;NA;NA;NA;NA;NA;3;4;2;4;2;3;8;3;4;7;5;6;6;4;6;4;4;NA
22;"PI";2205516;"220551";"Juazeiro do Piauí";"Não";"-";"Motociclistas";NA;NA;NA;NA;NA;NA;NA;NA;NA;NA;NA;1;NA;NA;1;NA;NA;NA;NA;NA;NA;NA;1;NA;NA
22;"PI";2205524;"220552";"Júlio Borges";"Não";"-";"Motociclistas";NA;NA;NA;NA;NA;NA;NA;2;NA;NA;NA;1;NA;NA;NA;1;NA;NA;NA;NA;NA;NA;NA;NA;NA
22;"PI";2205532;"220553";"Jurema";"Não";"-";"Motociclistas";NA;NA;NA;NA;NA;1;NA;NA;NA;NA;NA;NA;NA;3;1;1;1;1;1;NA;1;1;1;1;NA
22;"PI";2205540;"220554";"Lagoinha do Piauí";"Não";"-";"Motociclistas";NA;NA;2;NA;NA;NA;1;NA;NA;NA;NA;1;2;NA;1;1;NA;1;1;NA;1;2;2;NA;NA
22;"PI";2205557;"220555";"Lagoa Alegre";"Não";"Região Integrada de Desenvolvimento da Grande Teresina";"Motociclistas";NA;NA;NA;NA;NA;NA;1;NA;NA;NA;NA;NA;2;NA;NA;2;1;NA;1;1;1;1;NA;NA;NA
22;"PI";2205565;"220556";"Lagoa do Barro do Piauí";"Não";"-";"Motociclistas";NA;NA;NA;NA;NA;NA;NA;1;NA;NA;NA;1;NA;NA;NA;NA;1;NA;2;NA;NA;NA;1;NA;NA
22;"PI";2205573;"220557";"Lagoa de São Francisco";"Não";"-";"Motociclistas";NA;NA;NA;NA;NA;1;NA;NA;NA;1;NA;NA;1;1;NA;NA;1;1;NA;NA;NA;NA;NA;NA;NA
22;"PI";2205581;"220558";"Lagoa do Piauí";"Não";"Região Integrada de Desenvolvimento da Grande Teresina";"Motociclistas";NA;NA;NA;1;NA;NA;1;NA;NA;1;NA;1;NA;NA;NA;1;NA;NA;NA;1;2;NA;NA;NA;NA
22;"PI";2205599;"220559";"Lagoa do Sítio";"Não";"-";"Motociclistas";NA;NA;NA;NA;NA;1;NA;1;NA;NA;NA;NA;NA;NA;1;NA;NA;1;NA;NA;NA;NA;NA;1;NA
22;"PI";2205607;"220560";"Landri Sales";"Não";"-";"Motociclistas";NA;NA;NA;NA;NA;NA;NA;1;NA;NA;1;NA;1;NA;1;1;1;NA;NA;1;1;1;1;NA;NA
22;"PI";2205706;"220570";"Luís Correia";"Não";"-";"Motociclistas";NA;NA;NA;NA;NA;NA;2;NA;2;1;1;2;NA;4;3;1;1;3;1;2;5;3;2;3;NA
22;"PI";2205805;"220580";"Luzilândia";"Não";"-";"Motociclistas";3;NA;NA;NA;NA;1;NA;1;3;1;3;3;9;1;12;5;1;4;3;2;2;2;4;3;NA
22;"PI";2205854;"220585";"Madeiro";"Não";"-";"Motociclistas";NA;NA;NA;NA;NA;NA;NA;1;1;NA;NA;NA;NA;NA;1;NA;NA;NA;NA;NA;2;NA;NA;1;NA
22;"PI";2205904;"220590";"Manoel Emídio";"Não";"-";"Motociclistas";NA;NA;NA;NA;NA;NA;NA;NA;1;NA;NA;NA;1;NA;1;NA;1;NA;NA;1;1;2;1;NA;NA
22;"PI";2205953;"220595";"Marcolândia";"Não";"-";"Motociclistas";NA;NA;NA;NA;NA;1;NA;2;3;1;2;NA;1;2;3;2;3;2;NA;2;NA;NA;1;3;NA
22;"PI";2206001;"220600";"Marcos Parente";"Não";"-";"Motociclistas";NA;NA;NA;NA;NA;NA;NA;NA;NA;NA;NA;NA;1;2;1;NA;1;NA;3;1;2;NA;1;4;NA
22;"PI";2206050;"220605";"Massapê do Piauí";"Não";"-";"Motociclistas";NA;NA;NA;NA;NA;NA;NA;NA;NA;NA;NA;NA;NA;NA;NA;NA;NA;NA;1;2;NA;NA;NA;1;NA
22;"PI";2206100;"220610";"Matias Olímpio";"Não";"-";"Motociclistas";NA;NA;NA;NA;1;NA;NA;NA;NA;NA;NA;1;NA;NA;1;NA;1;1;3;1;1;1;NA;NA;NA
22;"PI";2206209;"220620";"Miguel Alves";"Não";"-";"Motociclistas";NA;NA;NA;NA;NA;NA;NA;1;NA;2;3;1;1;4;2;2;6;1;6;4;5;3;6;4;NA
22;"PI";2206308;"220630";"Miguel Leão";"Não";"Região Integrada de Desenvolvimento da Grande Teresina";"Motociclistas";NA;NA;NA;NA;NA;NA;NA;1;NA;NA;NA;NA;NA;NA;NA;NA;NA;NA;NA;NA;NA;NA;NA;2;NA
22;"PI";2206357;"220635";"Milton Brandão";"Não";"-";"Motociclistas";NA;NA;NA;NA;NA;NA;NA;NA;1;NA;1;NA;1;NA;NA;1;1;1;NA;1;NA;1;1;NA;NA
22;"PI";2206407;"220640";"Monsenhor Gil";"Não";"Região Integrada de Desenvolvimento da Grande Teresina";"Motociclistas";NA;NA;NA;NA;2;1;NA;NA;1;3;NA;2;3;3;3;2;2;6;3;2;2;1;3;NA;NA
22;"PI";2206506;"220650";"Monsenhor Hipólito";"Não";"-";"Motociclistas";NA;NA;NA;NA;NA;1;2;2;NA;1;NA;NA;1;NA;2;2;1;NA;3;1;3;1;2;NA;NA
22;"PI";2206605;"220660";"Monte Alegre do Piauí";"Não";"-";"Motociclistas";NA;NA;NA;NA;NA;1;NA;NA;NA;2;3;4;2;3;NA;3;1;NA;1;2;1;2;1;2;NA
22;"PI";2206654;"220665";"Morro Cabeça no Tempo";"Não";"-";"Motociclistas";NA;NA;NA;NA;NA;NA;1;1;NA;NA;NA;NA;NA;NA;NA;NA;2;NA;NA;NA;NA;NA;NA;NA;NA
22;"PI";2206670;"220667";"Morro do Chapéu do Piauí";"Não";"-";"Motociclistas";NA;1;1;NA;NA;1;NA;NA;NA;1;1;2;1;NA;NA;1;NA;NA;NA;1;NA;NA;1;NA;NA
22;"PI";2206696;"220669";"Murici dos Portelas";"Não";"-";"Motociclistas";NA;NA;NA;1;NA;NA;NA;NA;1;NA;NA;1;1;1;1;1;NA;2;1;1;NA;1;NA;3;NA
22;"PI";2206704;"220670";"Nazaré do Piauí";"Não";"-";"Motociclistas";NA;NA;NA;NA;NA;NA;1;NA;NA;NA;NA;NA;NA;1;NA;NA;NA;1;NA;NA;1;2;1;NA;NA
22;"PI";2206720;"220672";"Nazária";"Não";"Região Integrada de Desenvolvimento da Grande Teresina";"Motociclistas";NA;NA;NA;NA;NA;NA;NA;NA;NA;NA;NA;1;1;2;2;2;NA;1;NA;2;6;2;NA;3;NA
22;"PI";2206753;"220675";"Nossa Senhora de Nazaré";"Não";"-";"Motociclistas";NA;NA;NA;NA;NA;NA;NA;3;NA;NA;NA;NA;1;NA;1;NA;NA;1;NA;NA;NA;NA;NA;NA;NA
22;"PI";2206803;"220680";"Nossa Senhora dos Remédios";"Não";"-";"Motociclistas";NA;NA;NA;NA;NA;NA;NA;NA;NA;1;1;1;1;1;NA;2;NA;1;1;NA;NA;1;1;1;NA
22;"PI";2206902;"220690";"Novo Oriente do Piauí";"Não";"-";"Motociclistas";NA;NA;NA;NA;1;1;NA;NA;NA;1;1;NA;NA;4;NA;1;NA;1;NA;NA;NA;1;1;3;NA
22;"PI";2206951;"220695";"Novo Santo Antônio";"Não";"-";"Motociclistas";NA;NA;NA;NA;NA;NA;NA;NA;NA;1;1;NA;NA;1;NA;1;NA;1;NA;NA;NA;NA;NA;NA;NA
22;"PI";2207009;"220700";"Oeiras";"Não";"-";"Motociclistas";1;NA;3;1;1;2;1;1;NA;5;8;13;9;7;11;6;7;6;6;10;10;7;9;5;NA
22;"PI";2207108;"220710";"Olho D'Água do Piauí";"Não";"-";"Motociclistas";NA;NA;NA;NA;NA;NA;NA;NA;NA;NA;NA;NA;NA;NA;1;NA;NA;NA;NA;NA;NA;1;NA;NA;NA
22;"PI";2207207;"220720";"Padre Marcos";"Não";"-";"Motociclistas";NA;NA;NA;NA;NA;1;NA;NA;NA;NA;NA;NA;1;NA;1;NA;1;1;NA;NA;1;NA;NA;NA;NA
22;"PI";2207306;"220730";"Paes Landim";"Não";"-";"Motociclistas";NA;NA;NA;NA;NA;NA;1;NA;NA;2;1;NA;NA;NA;1;1;1;2;NA;NA;1;NA;2;NA;NA
22;"PI";2207355;"220735";"Pajeú do Piauí";"Não";"-";"Motociclistas";NA;NA;NA;1;NA;NA;NA;NA;NA;NA;NA;NA;NA;1;NA;NA;NA;NA;NA;NA;NA;NA;NA;NA;NA
22;"PI";2207405;"220740";"Palmeira do Piauí";"Não";"-";"Motociclistas";NA;NA;NA;NA;NA;NA;NA;NA;NA;NA;NA;NA;1;1;NA;NA;NA;NA;1;NA;NA;2;NA;1;NA
22;"PI";2207504;"220750";"Palmeirais";"Não";"-";"Motociclistas";NA;NA;NA;NA;1;NA;1;1;2;3;1;2;4;2;1;3;NA;NA;1;NA;4;2;1;3;NA
22;"PI";2207553;"220755";"Paquetá";"Não";"-";"Motociclistas";NA;NA;NA;NA;NA;NA;NA;NA;NA;NA;NA;3;NA;NA;NA;1;NA;NA;NA;NA;NA;NA;1;NA;NA
22;"PI";2207603;"220760";"Parnaguá";"Não";"-";"Motociclistas";NA;NA;NA;NA;1;NA;NA;1;NA;1;1;2;3;1;NA;NA;NA;NA;NA;2;NA;1;1;1;NA
22;"PI";2207702;"220770";"Parnaíba";"Não";"-";"Motociclistas";NA;1;1;4;3;6;13;11;8;3;11;9;3;21;42;32;28;28;40;31;33;32;25;41;NA
22;"PI";2207751;"220775";"Passagem Franca do Piauí";"Não";"-";"Motociclistas";NA;NA;NA;NA;NA;NA;NA;NA;NA;NA;NA;NA;NA;NA;1;1;1;1;NA;1;NA;1;NA;1;NA
22;"PI";2207777;"220777";"Patos do Piauí";"Não";"-";"Motociclistas";NA;NA;NA;NA;NA;NA;NA;NA;NA;NA;NA;1;2;NA;2;2;4;1;NA;NA;1;1;NA;1;NA
22;"PI";2207793;"220779";"Pau D'Arco do Piauí";"Não";"-";"Motociclistas";NA;NA;NA;NA;NA;NA;NA;NA;NA;1;NA;NA;2;NA;NA;NA;NA;2;NA;NA;NA;NA;NA;2;NA
22;"PI";2207801;"220780";"Paulistana";"Não";"-";"Motociclistas";1;NA;1;1;NA;2;NA;1;1;2;2;1;5;1;4;5;4;3;5;2;2;NA;3;4;NA
22;"PI";2207850;"220785";"Pavussu";"Não";"-";"Motociclistas";NA;NA;NA;1;NA;NA;NA;NA;NA;NA;1;NA;NA;1;NA;NA;NA;NA;1;NA;NA;NA;1;NA;NA
22;"PI";2207900;"220790";"Pedro II";"Não";"-";"Motociclistas";NA;2;NA;1;NA;1;1;NA;1;3;3;6;4;6;3;7;4;4;2;5;2;4;4;6;NA
22;"PI";2207934;"220793";"Pedro Laurentino";"Não";"-";"Motociclistas";NA;NA;NA;NA;NA;NA;NA;NA;NA;NA;NA;NA;NA;NA;NA;1;1;1;2;NA;NA;NA;NA;2;NA
22;"PI";2207959;"220795";"Nova Santa Rita";"Não";"-";"Motociclistas";NA;NA;NA;NA;NA;1;NA;NA;NA;NA;NA;NA;1;1;NA;NA;1;NA;1;1;1;1;NA;NA;NA
22;"PI";2208007;"220800";"Picos";"Não";"-";"Motociclistas";3;2;4;5;10;11;8;10;21;23;17;17;20;16;22;22;27;21;24;24;15;14;37;45;NA
22;"PI";2208106;"220810";"Pimenteiras";"Não";"-";"Motociclistas";NA;NA;NA;NA;1;NA;NA;2;NA;NA;2;1;3;NA;NA;1;NA;1;NA;1;NA;4;1;3;NA
22;"PI";2208205;"220820";"Pio IX";"Não";"-";"Motociclistas";NA;NA;NA;NA;1;NA;1;NA;1;2;3;4;NA;4;5;3;1;5;3;2;4;5;10;5;NA
22;"PI";2208304;"220830";"Piracuruca";"Não";"-";"Motociclistas";NA;1;1;NA;NA;3;NA;1;2;NA;3;4;1;6;7;6;1;6;4;2;5;2;5;6;NA
22;"PI";2208403;"220840";"Piripiri";"Não";"-";"Motociclistas";2;3;1;4;1;3;4;5;3;6;5;6;6;2;10;10;9;14;4;9;5;12;14;18;NA
22;"PI";2208502;"220850";"Porto";"Não";"-";"Motociclistas";1;NA;NA;NA;NA;NA;1;1;NA;2;NA;2;NA;NA;3;2;4;2;2;1;1;2;NA;1;NA
22;"PI";2208551;"220855";"Porto Alegre do Piauí";"Não";"-";"Motociclistas";NA;NA;NA;NA;NA;NA;NA;NA;NA;NA;NA;1;NA;NA;NA;NA;NA;NA;NA;NA;NA;NA;1;NA;NA
22;"PI";2208601;"220860";"Prata do Piauí";"Não";"-";"Motociclistas";NA;NA;NA;NA;NA;NA;NA;NA;NA;1;NA;NA;NA;2;NA;NA;NA;NA;NA;1;NA;2;NA;1;NA
22;"PI";2208650;"220865";"Queimada Nova";"Não";"-";"Motociclistas";NA;NA;NA;NA;NA;NA;NA;NA;NA;NA;NA;1;NA;NA;NA;NA;NA;3;NA;NA;1;NA;2;NA;NA
22;"PI";2208700;"220870";"Redenção do Gurguéia";"Não";"-";"Motociclistas";NA;NA;NA;NA;NA;1;1;NA;1;NA;1;NA;2;2;2;NA;NA;2;1;1;NA;2;NA;NA;NA
22;"PI";2208809;"220880";"Regeneração";"Não";"-";"Motociclistas";NA;NA;NA;NA;NA;1;NA;2;1;NA;2;2;1;3;4;4;6;2;2;2;NA;NA;5;2;NA
22;"PI";2208858;"220885";"Riacho Frio";"Não";"-";"Motociclistas";NA;NA;NA;NA;NA;NA;NA;NA;NA;NA;NA;1;NA;NA;NA;NA;NA;NA;NA;NA;NA;NA;NA;1;NA
22;"PI";2208874;"220887";"Ribeira do Piauí";"Não";"-";"Motociclistas";NA;NA;NA;NA;NA;NA;NA;NA;NA;NA;NA;NA;NA;NA;NA;1;NA;NA;NA;2;NA;1;NA;1;NA
22;"PI";2208908;"220890";"Ribeiro Gonçalves";"Não";"-";"Motociclistas";NA;NA;NA;NA;NA;NA;1;NA;NA;NA;NA;1;NA;NA;NA;NA;NA;NA;1;NA;2;2;3;2;NA
22;"PI";2209005;"220900";"Rio Grande do Piauí";"Não";"-";"Motociclistas";NA;NA;NA;1;NA;NA;NA;NA;NA;NA;NA;NA;NA;1;1;NA;NA;NA;1;1;NA;1;1;NA;NA
22;"PI";2209104;"220910";"Santa Cruz do Piauí";"Não";"-";"Motociclistas";NA;NA;NA;NA;NA;NA;NA;NA;2;NA;NA;NA;2;2;NA;1;NA;2;NA;NA;NA;NA;NA;1;NA
22;"PI";2209153;"220915";"Santa Cruz dos Milagres";"Não";"-";"Motociclistas";NA;NA;NA;NA;NA;NA;NA;NA;NA;1;1;1;NA;1;NA;NA;2;1;1;NA;NA;NA;NA;NA;NA
22;"PI";2209203;"220920";"Santa Filomena";"Não";"-";"Motociclistas";NA;NA;NA;NA;NA;NA;NA;NA;NA;1;NA;NA;2;1;2;NA;NA;2;1;NA;2;1;3;NA;NA
22;"PI";2209302;"220930";"Santa Luz";"Não";"-";"Motociclistas";NA;NA;NA;NA;NA;NA;NA;NA;NA;NA;NA;1;2;3;NA;1;NA;2;3;NA;1;NA;NA;1;NA
22;"PI";2209351;"220935";"Santana do Piauí";"Não";"-";"Motociclistas";NA;NA;NA;NA;NA;NA;NA;NA;NA;NA;NA;1;1;1;NA;2;1;1;NA;1;1;2;NA;NA;NA
22;"PI";2209377;"220937";"Santa Rosa do Piauí";"Não";"-";"Motociclistas";NA;NA;NA;NA;NA;NA;NA;NA;NA;1;1;2;1;NA;NA;NA;NA;NA;2;1;1;1;1;NA;NA
22;"PI";2209401;"220940";"Santo Antônio de Lisboa";"Não";"-";"Motociclistas";NA;NA;1;NA;NA;NA;NA;NA;NA;1;NA;1;NA;2;3;NA;3;2;1;2;1;1;NA;NA;NA
22;"PI";2209450;"220945";"Santo Antônio dos Milagres";"Não";"-";"Motociclistas";NA;NA;NA;NA;NA;NA;NA;NA;NA;NA;1;NA;1;NA;NA;NA;NA;NA;NA;1;NA;NA;NA;NA;NA
22;"PI";2209500;"220950";"Santo Inácio do Piauí";"Não";"-";"Motociclistas";NA;NA;NA;NA;NA;NA;NA;NA;NA;NA;1;2;2;1;NA;1;NA;1;NA;2;NA;NA;NA;NA;NA
22;"PI";2209559;"220955";"São Braz do Piauí";"Não";"-";"Motociclistas";NA;NA;NA;1;NA;NA;NA;1;NA;1;NA;NA;NA;1;NA;NA;1;NA;NA;1;NA;NA;NA;NA;NA
22;"PI";2209609;"220960";"São Félix do Piauí";"Não";"-";"Motociclistas";NA;NA;1;NA;NA;1;NA;NA;1;1;1;NA;NA;1;NA;2;2;NA;NA;NA;1;NA;NA;NA;NA
22;"PI";2209658;"220965";"São Francisco de Assis do Piauí";"Não";"-";"Motociclistas";NA;NA;NA;NA;NA;2;NA;NA;NA;NA;NA;NA;NA;NA;NA;1;1;NA;NA;NA;1;NA;NA;1;NA
22;"PI";2209708;"220970";"São Francisco do Piauí";"Não";"-";"Motociclistas";NA;NA;NA;NA;NA;NA;1;NA;NA;NA;3;NA;NA;1;2;2;NA;1;NA;1;2;NA;2;NA;NA
22;"PI";2209757;"220975";"São Gonçalo do Gurguéia";"Não";"-";"Motociclistas";NA;NA;NA;NA;NA;NA;NA;NA;1;NA;NA;1;NA;NA;NA;NA;1;NA;NA;1;NA;NA;NA;1;NA
22;"PI";2209807;"220980";"São Gonçalo do Piauí";"Não";"-";"Motociclistas";NA;NA;NA;NA;NA;NA;NA;NA;NA;1;1;NA;NA;NA;1;NA;1;1;NA;1;NA;NA;NA;2;NA
22;"PI";2209856;"220985";"São João da Canabrava";"Não";"-";"Motociclistas";NA;NA;NA;NA;NA;NA;NA;NA;NA;NA;NA;NA;1;NA;NA;NA;1;NA;NA;NA;NA;NA;NA;NA;NA
22;"PI";2209872;"220987";"São João da Fronteira";"Não";"-";"Motociclistas";NA;NA;NA;NA;NA;NA;NA;NA;1;NA;NA;NA;2;NA;NA;NA;2;NA;2;NA;NA;1;2;NA;NA
22;"PI";2209906;"220990";"São João da Serra";"Não";"-";"Motociclistas";NA;NA;1;NA;NA;NA;NA;NA;1;NA;1;NA;NA;NA;NA;NA;2;NA;NA;3;1;1;1;2;NA
22;"PI";2209955;"220995";"São João da Varjota";"Não";"-";"Motociclistas";NA;NA;NA;NA;NA;NA;1;NA;NA;NA;NA;1;NA;2;NA;1;2;NA;NA;1;NA;NA;NA;NA;NA
22;"PI";2209971;"220997";"São João do Arraial";"Não";"-";"Motociclistas";NA;NA;NA;NA;NA;NA;NA;NA;NA;NA;NA;1;NA;4;1;2;3;1;NA;1;1;NA;NA;NA;NA
22;"PI";2210003;"221000";"São João do Piauí";"Não";"-";"Motociclistas";NA;NA;NA;NA;NA;1;1;NA;NA;5;2;3;3;3;1;6;2;7;2;2;4;3;3;NA;NA
22;"PI";2210052;"221005";"São José do Divino";"Não";"-";"Motociclistas";NA;NA;NA;NA;NA;NA;NA;NA;NA;NA;NA;NA;NA;1;2;2;NA;1;2;NA;1;1;NA;1;NA
22;"PI";2210102;"221010";"São José do Peixe";"Não";"-";"Motociclistas";NA;NA;NA;1;NA;1;1;NA;NA;NA;NA;NA;NA;NA;1;NA;NA;NA;1;NA;2;NA;NA;1;NA
22;"PI";2210201;"221020";"São José do Piauí";"Não";"-";"Motociclistas";NA;NA;NA;NA;NA;NA;NA;NA;1;NA;NA;NA;NA;2;NA;NA;NA;2;NA;2;1;NA;1;NA;NA
22;"PI";2210300;"221030";"São Julião";"Não";"-";"Motociclistas";NA;NA;NA;1;NA;NA;NA;1;2;NA;1;NA;1;1;1;NA;NA;NA;NA;NA;NA;NA;NA;3;NA
22;"PI";2210359;"221035";"São Lourenço do Piauí";"Não";"-";"Motociclistas";NA;NA;NA;NA;NA;NA;NA;NA;1;2;NA;NA;NA;3;2;NA;1;NA;1;NA;NA;NA;NA;NA;NA
22;"PI";2210375;"221037";"São Luis do Piauí";"Não";"-";"Motociclistas";NA;NA;NA;NA;NA;NA;NA;NA;NA;NA;NA;NA;1;1;NA;NA;NA;NA;NA;NA;NA;NA;1;NA;NA
22;"PI";2210383;"221038";"São Miguel da Baixa Grande";"Não";"-";"Motociclistas";NA;NA;NA;NA;NA;NA;NA;NA;NA;1;NA;NA;NA;1;NA;NA;NA;NA;1;NA;NA;NA;NA;NA;NA
22;"PI";2210391;"221039";"São Miguel do Fidalgo";"Não";"-";"Motociclistas";NA;NA;NA;NA;NA;NA;NA;NA;NA;NA;NA;NA;2;1;2;1;1;1;1;NA;1;1;1;NA;NA
22;"PI";2210409;"221040";"São Miguel do Tapuio";"Não";"-";"Motociclistas";3;NA;NA;NA;NA;NA;NA;1;2;3;2;3;2;3;5;2;2;2;2;1;1;6;2;3;NA
22;"PI";2210508;"221050";"São Pedro do Piauí";"Não";"-";"Motociclistas";1;NA;NA;NA;NA;NA;NA;NA;1;2;4;2;2;2;1;3;4;2;NA;5;2;3;1;3;NA
22;"PI";2210607;"221060";"São Raimundo Nonato";"Não";"-";"Motociclistas";1;NA;2;NA;3;1;1;1;5;5;1;7;10;9;5;12;9;5;8;13;8;7;12;14;NA
22;"PI";2210623;"221062";"Sebastião Barros";"Não";"-";"Motociclistas";NA;NA;NA;NA;NA;NA;NA;1;NA;NA;NA;NA;1;NA;NA;NA;NA;NA;NA;NA;NA;1;NA;NA;NA
22;"PI";2210631;"221063";"Sebastião Leal";"Não";"-";"Motociclistas";1;NA;NA;NA;NA;1;NA;NA;NA;1;NA;1;NA;NA;1;NA;NA;NA;1;NA;1;1;NA;1;NA
22;"PI";2210656;"221065";"Sigefredo Pacheco";"Não";"-";"Motociclistas";NA;NA;1;1;NA;NA;1;NA;NA;NA;NA;1;2;NA;3;1;NA;2;1;1;5;NA;2;2;NA
22;"PI";2210706;"221070";"Simões";"Não";"-";"Motociclistas";NA;1;NA;NA;1;1;4;NA;1;1;1;1;6;2;3;3;NA;1;1;3;2;1;NA;3;NA
22;"PI";2210805;"221080";"Simplício Mendes";"Não";"-";"Motociclistas";NA;NA;NA;NA;1;4;NA;2;3;1;1;5;3;6;9;4;6;5;2;2;6;4;2;3;NA
22;"PI";2210904;"221090";"Socorro do Piauí";"Não";"-";"Motociclistas";NA;NA;NA;NA;NA;NA;NA;NA;NA;1;1;NA;3;NA;1;NA;1;2;NA;NA;NA;NA;1;1;NA
22;"PI";2210938;"221093";"Sussuapara";"Não";"-";"Motociclistas";NA;NA;NA;1;NA;NA;NA;1;3;1;NA;1;2;1;2;1;2;1;3;1;2;1;4;1;NA
22;"PI";2210953;"221095";"Tamboril do Piauí";"Não";"-";"Motociclistas";NA;NA;NA;NA;NA;NA;NA;NA;NA;NA;NA;NA;1;NA;NA;NA;NA;NA;NA;NA;NA;NA;NA;NA;NA
22;"PI";2210979;"221097";"Tanque do Piauí";"Não";"-";"Motociclistas";NA;NA;NA;NA;NA;NA;NA;NA;NA;1;2;1;NA;1;2;NA;1;NA;1;2;NA;NA;NA;1;NA
22;"PI";2211001;"221100";"Teresina";"Sim";"Região Integrada de Desenvolvimento da Grande Teresina";"Motociclistas";25;22;34;38;57;76;78;95;91;126;193;196;211;184;202;214;235;177;165;153;157;155;129;152;NA
22;"PI";2211100;"221110";"União";"Não";"Região Integrada de Desenvolvimento da Grande Teresina";"Motociclistas";NA;NA;NA;NA;2;1;1;NA;NA;1;NA;4;6;3;3;5;3;3;7;10;4;4;8;7;NA
22;"PI";2211209;"221120";"Uruçuí";"Não";"-";"Motociclistas";NA;1;1;1;1;NA;NA;1;3;3;6;2;6;6;NA;1;3;2;3;5;5;6;2;5;NA
22;"PI";2211308;"221130";"Valença do Piauí";"Não";"-";"Motociclistas";NA;1;NA;1;NA;2;1;1;5;1;3;3;10;3;8;10;8;1;3;7;2;2;2;2;NA
22;"PI";2211357;"221135";"Várzea Branca";"Não";"-";"Motociclistas";NA;NA;NA;NA;NA;NA;NA;NA;NA;1;NA;NA;NA;NA;1;NA;NA;NA;NA;NA;NA;1;2;NA;NA
22;"PI";2211407;"221140";"Várzea Grande";"Não";"-";"Motociclistas";NA;NA;NA;NA;NA;NA;1;NA;NA;3;NA;2;4;1;NA;NA;NA;NA;1;NA;NA;NA;NA;2;NA
22;"PI";2211506;"221150";"Vera Mendes";"Não";"-";"Motociclistas";NA;NA;NA;NA;NA;NA;NA;NA;NA;1;NA;NA;NA;2;NA;3;1;1;1;NA;NA;NA;NA;1;NA
22;"PI";2211605;"221160";"Vila Nova do Piauí";"Não";"-";"Motociclistas";NA;NA;NA;NA;NA;NA;NA;NA;2;NA;2;NA;NA;NA;1;1;NA;1;NA;1;1;1;NA;NA;NA
22;"PI";2211704;"221170";"Wall Ferraz";"Não";"-";"Motociclistas";NA;NA;NA;NA;NA;1;NA;NA;NA;1;NA;3;2;1;NA;NA;2;1;1;1;NA;NA;1;NA;NA
23;"CE";2300101;"230010";"Abaiara";"Não";"-";"Motociclistas";NA;NA;NA;NA;NA;NA;NA;NA;NA;NA;1;NA;NA;NA;NA;NA;NA;1;NA;1;NA;NA;NA;NA;NA
23;"CE";2300150;"230015";"Acarape";"Não";"-";"Motociclistas";NA;NA;NA;NA;NA;NA;NA;NA;NA;NA;NA;NA;1;NA;1;1;NA;3;NA;NA;1;2;NA;NA;NA
23;"CE";2300200;"230020";"Acaraú";"Não";"-";"Motociclistas";NA;1;NA;2;6;1;1;9;4;4;5;2;3;6;10;9;6;16;11;8;6;10;4;5;NA
23;"CE";2300309;"230030";"Acopiara";"Não";"-";"Motociclistas";1;NA;6;1;NA;1;2;1;5;6;1;6;11;5;4;7;7;2;8;8;8;6;5;3;NA
23;"CE";2300408;"230040";"Aiuaba";"Não";"-";"Motociclistas";NA;NA;NA;2;NA;1;NA;NA;1;2;NA;NA;NA;NA;NA;NA;3;1;2;4;4;NA;1;NA;NA
23;"CE";2300507;"230050";"Alcântaras";"Não";"Região Metropolitana de Sobral";"Motociclistas";NA;NA;1;1;NA;NA;1;NA;NA;1;NA;2;2;1;3;3;2;1;2;NA;NA;NA;2;NA;NA
23;"CE";2300606;"230060";"Altaneira";"Não";"-";"Motociclistas";NA;NA;NA;NA;NA;NA;NA;NA;NA;NA;NA;NA;NA;NA;NA;NA;1;NA;NA;1;NA;NA;NA;NA;NA
23;"CE";2300705;"230070";"Alto Santo";"Não";"-";"Motociclistas";NA;1;NA;NA;NA;NA;NA;2;NA;2;1;2;NA;1;NA;NA;1;1;2;1;1;6;3;1;NA
23;"CE";2300754;"230075";"Amontada";"Não";"-";"Motociclistas";NA;NA;NA;NA;NA;NA;NA;2;1;1;6;8;8;6;12;5;4;NA;NA;2;NA;4;2;4;NA
23;"CE";2300804;"230080";"Antonina do Norte";"Não";"-";"Motociclistas";NA;NA;NA;NA;NA;NA;NA;NA;1;NA;1;NA;NA;NA;2;NA;NA;NA;NA;NA;NA;NA;1;2;NA
23;"CE";2300903;"230090";"Apuiarés";"Não";"-";"Motociclistas";NA;NA;2;1;NA;NA;NA;NA;1;1;NA;NA;2;1;NA;1;1;NA;NA;1;NA;NA;NA;NA;NA
23;"CE";2301000;"230100";"Aquiraz";"Não";"Região Metropolitana de Fortaleza";"Motociclistas";NA;NA;NA;NA;NA;1;3;2;1;NA;NA;NA;NA;5;NA;1;1;3;3;2;NA;1;1;1;NA
23;"CE";2301109;"230110";"Aracati";"Não";"-";"Motociclistas";3;2;2;1;NA;1;3;NA;1;2;2;NA;NA;NA;NA;1;1;1;3;3;3;2;3;2;NA
23;"CE";2301208;"230120";"Aracoiaba";"Não";"-";"Motociclistas";NA;NA;NA;1;2;1;1;1;1;1;1;NA;3;2;NA;1;NA;NA;NA;NA;NA;NA;NA;NA;NA
23;"CE";2301257;"230125";"Ararendá";"Não";"-";"Motociclistas";NA;NA;1;1;NA;1;1;NA;2;1;NA;NA;1;1;NA;1;1;4;3;1;NA;3;2;3;NA
23;"CE";2301307;"230130";"Araripe";"Não";"-";"Motociclistas";1;NA;NA;1;NA;1;2;1;NA;1;1;NA;NA;NA;NA;1;4;1;1;2;NA;1;3;NA;NA
23;"CE";2301406;"230140";"Aratuba";"Não";"-";"Motociclistas";NA;NA;NA;NA;NA;1;NA;NA;2;NA;1;NA;NA;NA;NA;NA;NA;NA;1;NA;NA;NA;NA;NA;NA
23;"CE";2301505;"230150";"Arneiroz";"Não";"-";"Motociclistas";NA;NA;NA;NA;NA;NA;NA;1;NA;NA;NA;1;NA;1;3;5;1;3;2;2;1;NA;2;1;NA
23;"CE";2301604;"230160";"Assaré";"Não";"-";"Motociclistas";NA;NA;NA;NA;NA;NA;NA;1;NA;1;4;NA;NA;NA;1;NA;1;NA;NA;NA;2;2;4;1;NA
23;"CE";2301703;"230170";"Aurora";"Não";"-";"Motociclistas";NA;NA;NA;NA;NA;NA;1;NA;NA;4;NA;NA;1;NA;1;NA;NA;NA;2;1;1;1;NA;1;NA
23;"CE";2301802;"230180";"Baixio";"Não";"-";"Motociclistas";NA;NA;NA;NA;NA;NA;NA;NA;NA;NA;NA;NA;NA;NA;NA;NA;NA;NA;NA;NA;NA;NA;NA;NA;NA
23;"CE";2301851;"230185";"Banabuiú";"Não";"-";"Motociclistas";NA;NA;NA;NA;1;NA;1;1;NA;1;3;2;NA;NA;NA;NA;NA;1;NA;NA;NA;NA;NA;1;NA
23;"CE";2301901;"230190";"Barbalha";"Não";"Região Metropolitana do Cariri";"Motociclistas";5;13;NA;NA;10;29;32;28;16;6;15;22;6;15;8;4;7;18;9;7;2;7;2;4;NA
23;"CE";2301950;"230195";"Barreira";"Não";"-";"Motociclistas";NA;NA;NA;NA;NA;NA;1;1;NA;NA;NA;NA;NA;3;NA;NA;1;NA;1;1;1;NA;1;NA;NA
23;"CE";2302008;"230200";"Barro";"Não";"-";"Motociclistas";NA;NA;NA;NA;NA;NA;NA;NA;NA;NA;2;2;NA;NA;1;NA;NA;1;1;2;NA;NA;1;NA;NA
23;"CE";2302057;"230205";"Barroquinha";"Não";"-";"Motociclistas";1;NA;NA;NA;1;NA;2;NA;NA;NA;NA;1;NA;1;2;1;1;NA;NA;NA;1;1;NA;3;NA
23;"CE";2302107;"230210";"Baturité";"Não";"-";"Motociclistas";1;NA;4;NA;1;1;2;1;2;4;1;NA;NA;NA;1;NA;NA;NA;NA;NA;NA;NA;NA;NA;NA
23;"CE";2302206;"230220";"Beberibe";"Não";"-";"Motociclistas";NA;2;2;1;1;NA;1;2;1;NA;NA;NA;NA;NA;2;NA;1;1;4;2;2;1;5;1;NA
23;"CE";2302305;"230230";"Bela Cruz";"Não";"-";"Motociclistas";NA;NA;1;NA;3;2;1;NA;NA;NA;2;4;6;2;2;4;1;2;3;3;2;3;3;NA;NA
23;"CE";2302404;"230240";"Boa Viagem";"Não";"-";"Motociclistas";1;2;3;NA;3;3;3;6;4;4;1;3;NA;1;2;1;NA;NA;NA;NA;NA;NA;NA;NA;NA
23;"CE";2302503;"230250";"Brejo Santo";"Não";"-";"Motociclistas";NA;NA;2;1;1;NA;NA;1;NA;2;1;3;NA;NA;1;1;NA;1;5;1;2;2;3;7;NA
23;"CE";2302602;"230260";"Camocim";"Não";"-";"Motociclistas";1;3;1;3;2;2;2;1;2;4;3;7;3;4;6;3;1;NA;1;NA;3;6;4;7;NA
23;"CE";2302701;"230270";"Campos Sales";"Não";"-";"Motociclistas";1;NA;NA;NA;NA;NA;1;NA;NA;NA;1;2;2;1;NA;NA;1;1;NA;3;1;2;1;1;NA
23;"CE";2302800;"230280";"Canindé";"Não";"-";"Motociclistas";NA;1;NA;1;4;1;2;4;NA;6;7;5;3;2;1;4;NA;2;NA;1;3;NA;3;1;NA
23;"CE";2302909;"230290";"Capistrano";"Não";"-";"Motociclistas";1;NA;NA;NA;NA;1;NA;NA;1;1;1;NA;1;NA;NA;NA;NA;NA;1;NA;NA;NA;NA;NA;NA
23;"CE";2303006;"230300";"Caridade";"Não";"-";"Motociclistas";1;NA;NA;1;NA;3;NA;1;NA;NA;NA;3;2;NA;NA;NA;NA;NA;NA;NA;1;NA;NA;NA;NA
23;"CE";2303105;"230310";"Cariré";"Não";"Região Metropolitana de Sobral";"Motociclistas";NA;NA;NA;NA;NA;NA;NA;2;1;NA;1;3;NA;NA;2;1;1;7;1;1;3;1;1;1;NA
23;"CE";2303204;"230320";"Caririaçu";"Não";"Região Metropolitana do Cariri";"Motociclistas";NA;NA;NA;NA;NA;NA;NA;NA;NA;NA;NA;1;1;NA;2;1;NA;1;1;1;NA;1;NA;2;NA
23;"CE";2303303;"230330";"Cariús";"Não";"-";"Motociclistas";NA;1;NA;NA;1;NA;NA;NA;1;1;NA;2;NA;1;1;NA;2;3;3;NA;2;NA;1;4;NA
23;"CE";2303402;"230340";"Carnaubal";"Não";"-";"Motociclistas";NA;1;NA;NA;2;NA;NA;1;3;3;3;2;2;2;7;NA;5;2;3;4;NA;6;2;3;NA
23;"CE";2303501;"230350";"Cascavel";"Não";"Região Metropolitana de Fortaleza";"Motociclistas";NA;NA;NA;NA;1;1;2;NA;NA;NA;NA;1;1;1;1;1;NA;2;NA;1;1;1;1;2;NA
23;"CE";2303600;"230360";"Catarina";"Não";"-";"Motociclistas";NA;1;NA;NA;2;3;NA;NA;NA;NA;1;NA;NA;NA;2;NA;1;1;1;NA;1;1;NA;1;NA
23;"CE";2303659;"230365";"Catunda";"Não";"-";"Motociclistas";NA;NA;1;3;NA;1;NA;NA;1;2;NA;NA;1;NA;NA;NA;1;NA;NA;NA;1;NA;NA;NA;NA
23;"CE";2303709;"230370";"Caucaia";"Não";"Região Metropolitana de Fortaleza";"Motociclistas";3;5;2;1;2;3;6;2;10;7;4;13;15;12;4;6;8;13;13;3;7;NA;1;2;NA
23;"CE";2303808;"230380";"Cedro";"Não";"-";"Motociclistas";3;NA;1;NA;NA;NA;1;2;1;2;1;NA;NA;1;NA;NA;NA;1;NA;1;1;NA;2;2;NA
23;"CE";2303907;"230390";"Chaval";"Não";"-";"Motociclistas";NA;NA;NA;NA;NA;NA;NA;NA;NA;1;2;1;NA;NA;1;1;NA;2;NA;NA;1;2;3;3;NA
23;"CE";2303931;"230393";"Choró";"Não";"-";"Motociclistas";NA;NA;NA;1;NA;NA;NA;NA;NA;NA;NA;1;1;NA;NA;NA;1;NA;NA;NA;NA;1;NA;NA;NA
23;"CE";2303956;"230395";"Chorozinho";"Não";"Região Metropolitana de Fortaleza";"Motociclistas";NA;NA;NA;NA;NA;NA;NA;1;1;NA;NA;NA;3;1;1;1;2;1;NA;NA;NA;NA;NA;NA;NA
23;"CE";2304004;"230400";"Coreaú";"Não";"Região Metropolitana de Sobral";"Motociclistas";NA;NA;NA;NA;2;NA;NA;3;1;1;3;3;6;2;NA;5;3;5;1;NA;2;5;3;5;NA
23;"CE";2304103;"230410";"Crateús";"Não";"-";"Motociclistas";NA;3;3;6;10;5;7;3;NA;1;5;1;4;2;6;6;7;7;10;5;11;11;10;11;NA
23;"CE";2304202;"230420";"Crato";"Não";"Região Metropolitana do Cariri";"Motociclistas";1;1;3;NA;3;4;6;3;5;7;2;8;1;2;NA;1;1;3;5;3;3;3;7;3;NA
23;"CE";2304236;"230423";"Croatá";"Não";"-";"Motociclistas";1;1;NA;3;1;NA;1;2;3;NA;1;3;3;3;2;1;4;3;4;6;NA;2;1;1;NA
23;"CE";2304251;"230425";"Cruz";"Não";"-";"Motociclistas";1;NA;1;1;1;1;1;1;4;1;6;2;7;2;4;7;5;4;3;10;6;7;3;2;NA
23;"CE";2304269;"230426";"Deputado Irapuan Pinheiro";"Não";"-";"Motociclistas";NA;NA;NA;NA;1;NA;1;NA;1;1;1;2;1;1;NA;NA;2;1;NA;NA;1;1;1;NA;NA
23;"CE";2304277;"230427";"Ereré";"Não";"-";"Motociclistas";NA;NA;NA;NA;NA;NA;NA;NA;NA;NA;NA;NA;NA;NA;NA;1;NA;NA;1;2;NA;1;NA;NA;NA
23;"CE";2304285;"230428";"Eusébio";"Não";"Região Metropolitana de Fortaleza";"Motociclistas";NA;NA;NA;NA;1;NA;NA;NA;1;1;NA;2;NA;NA;NA;NA;1;1;NA;NA;2;NA;1;1;NA
23;"CE";2304301;"230430";"Farias Brito";"Não";"Região Metropolitana do Cariri";"Motociclistas";NA;NA;1;1;1;NA;1;2;NA;2;2;NA;NA;NA;NA;NA;3;2;NA;NA;NA;1;NA;2;NA
23;"CE";2304350;"230435";"Forquilha";"Não";"Região Metropolitana de Sobral";"Motociclistas";NA;NA;NA;1;4;2;1;2;NA;1;1;1;2;NA;2;3;NA;2;2;1;2;5;1;1;NA
23;"CE";2304400;"230440";"Fortaleza";"Sim";"Região Metropolitana de Fortaleza";"Motociclistas";41;58;59;39;42;38;57;80;50;35;87;74;71;99;77;95;105;168;130;94;105;97;133;140;NA
23;"CE";2304459;"230445";"Fortim";"Não";"-";"Motociclistas";NA;NA;NA;NA;1;NA;NA;NA;NA;NA;1;NA;NA;NA;NA;NA;NA;NA;NA;1;NA;2;NA;2;NA
23;"CE";2304509;"230450";"Frecheirinha";"Não";"Região Metropolitana de Sobral";"Motociclistas";NA;NA;NA;NA;NA;NA;1;NA;1;NA;NA;4;NA;NA;NA;1;NA;NA;NA;3;1;3;3;4;NA
23;"CE";2304608;"230460";"General Sampaio";"Não";"-";"Motociclistas";NA;NA;NA;1;1;NA;NA;1;2;NA;1;NA;1;NA;NA;NA;NA;NA;NA;1;NA;NA;NA;1;NA
23;"CE";2304657;"230465";"Graça";"Não";"Região Metropolitana de Sobral";"Motociclistas";NA;NA;NA;1;NA;NA;NA;1;1;NA;NA;NA;NA;NA;1;1;3;1;NA;2;NA;NA;3;2;NA
23;"CE";2304707;"230470";"Granja";"Não";"-";"Motociclistas";NA;NA;NA;1;1;NA;2;1;1;3;NA;2;3;NA;2;4;2;7;4;3;4;5;4;4;NA
23;"CE";2304806;"230480";"Granjeiro";"Não";"-";"Motociclistas";NA;NA;NA;NA;NA;NA;NA;NA;NA;NA;NA;NA;NA;NA;NA;NA;NA;NA;NA;NA;NA;NA;NA;1;NA
23;"CE";2304905;"230490";"Groaíras";"Não";"Região Metropolitana de Sobral";"Motociclistas";NA;NA;NA;1;NA;2;NA;NA;1;NA;1;4;2;NA;NA;1;NA;2;NA;NA;3;2;NA;1;NA
23;"CE";2304954;"230495";"Guaiúba";"Não";"Região Metropolitana de Fortaleza";"Motociclistas";NA;1;NA;NA;NA;NA;NA;1;1;NA;1;1;NA;2;NA;NA;NA;3;1;1;1;1;1;NA;NA
23;"CE";2305001;"230500";"Guaraciaba do Norte";"Não";"-";"Motociclistas";NA;8;2;NA;NA;NA;3;3;7;4;7;4;10;2;6;3;2;2;3;NA;3;2;6;5;NA
23;"CE";2305100;"230510";"Guaramiranga";"Não";"-";"Motociclistas";1;NA;NA;NA;NA;NA;1;NA;NA;NA;NA;NA;NA;NA;NA;NA;NA;NA;NA;NA;NA;NA;1;NA;NA
23;"CE";2305209;"230520";"Hidrolândia";"Não";"-";"Motociclistas";1;NA;1;NA;3;1;1;NA;1;1;1;NA;NA;NA;NA;NA;NA;NA;1;NA;NA;NA;NA;1;NA
23;"CE";2305233;"230523";"Horizonte";"Não";"Região Metropolitana de Fortaleza";"Motociclistas";NA;1;1;1;2;NA;2;1;1;1;1;3;2;1;1;2;1;5;2;1;1;NA;NA;1;NA
23;"CE";2305266;"230526";"Ibaretama";"Não";"-";"Motociclistas";NA;NA;1;NA;NA;1;NA;NA;NA;1;NA;NA;NA;NA;NA;NA;NA;NA;NA;NA;1;NA;1;NA;NA
23;"CE";2305308;"230530";"Ibiapina";"Não";"-";"Motociclistas";NA;2;NA;NA;1;2;3;2;5;2;NA;2;5;NA;4;3;1;3;3;1;2;1;2;3;NA
23;"CE";2305332;"230533";"Ibicuitinga";"Não";"-";"Motociclistas";1;NA;NA;NA;NA;NA;NA;NA;NA;NA;3;2;1;NA;NA;NA;NA;1;NA;NA;1;NA;NA;NA;NA
23;"CE";2305357;"230535";"Icapuí";"Não";"-";"Motociclistas";1;1;NA;NA;1;NA;1;2;3;1;3;NA;NA;NA;1;2;1;1;2;2;4;1;NA;NA;NA
23;"CE";2305407;"230540";"Icó";"Não";"-";"Motociclistas";NA;5;2;1;2;4;10;11;7;8;4;3;NA;3;2;1;2;2;2;3;2;2;2;4;NA
23;"CE";2305506;"230550";"Iguatu";"Não";"-";"Motociclistas";2;3;2;6;2;6;6;3;3;8;8;11;10;14;18;14;11;18;15;15;19;8;9;13;NA
23;"CE";2305605;"230560";"Independência";"Não";"-";"Motociclistas";NA;2;NA;1;2;NA;5;3;5;1;NA;1;2;NA;NA;4;4;5;3;4;1;1;2;1;NA
23;"CE";2305654;"230565";"Ipaporanga";"Não";"-";"Motociclistas";NA;NA;NA;NA;1;2;NA;NA;NA;NA;NA;NA;NA;NA;1;3;1;3;4;NA;3;3;2;NA;NA
23;"CE";2305704;"230570";"Ipaumirim";"Não";"-";"Motociclistas";NA;NA;NA;NA;NA;1;1;1;NA;1;1;NA;NA;NA;NA;1;2;1;1;NA;2;NA;1;NA;NA
23;"CE";2305803;"230580";"Ipu";"Não";"-";"Motociclistas";2;1;2;1;2;1;5;6;3;1;5;4;8;6;6;4;9;2;6;4;3;NA;5;3;NA
23;"CE";2305902;"230590";"Ipueiras";"Não";"-";"Motociclistas";1;1;NA;3;1;1;2;3;1;2;3;2;1;5;8;3;7;7;1;8;5;5;6;7;NA
23;"CE";2306009;"230600";"Iracema";"Não";"-";"Motociclistas";1;1;NA;NA;1;1;2;1;3;1;1;1;4;NA;NA;NA;NA;1;1;NA;NA;NA;4;NA;NA
23;"CE";2306108;"230610";"Irauçuba";"Não";"-";"Motociclistas";1;NA;NA;NA;NA;NA;NA;2;NA;NA;NA;1;2;NA;NA;NA;NA;NA;2;NA;1;NA;1;2;NA
23;"CE";2306207;"230620";"Itaiçaba";"Não";"-";"Motociclistas";NA;NA;NA;NA;NA;NA;2;2;2;NA;1;NA;NA;NA;NA;NA;NA;1;1;NA;1;1;1;2;NA
23;"CE";2306256;"230625";"Itaitinga";"Não";"Região Metropolitana de Fortaleza";"Motociclistas";1;NA;NA;NA;NA;NA;NA;NA;1;NA;3;NA;3;NA;NA;1;1;3;1;NA;1;1;1;1;NA
23;"CE";2306306;"230630";"Itapajé";"Não";"-";"Motociclistas";NA;NA;2;NA;NA;5;6;1;1;1;5;1;2;5;16;7;7;9;6;4;2;NA;5;3;NA
23;"CE";2306405;"230640";"Itapipoca";"Não";"-";"Motociclistas";2;NA;2;4;NA;4;4;4;8;3;4;5;14;3;13;2;6;9;13;11;NA;NA;12;8;NA
23;"CE";2306504;"230650";"Itapiúna";"Não";"-";"Motociclistas";NA;1;NA;NA;NA;NA;1;NA;1;NA;2;NA;2;NA;1;1;NA;NA;1;NA;NA;NA;NA;1;NA
23;"CE";2306553;"230655";"Itarema";"Não";"-";"Motociclistas";NA;1;1;1;3;5;1;NA;1;3;6;5;3;5;9;4;2;3;1;3;4;1;3;1;NA
23;"CE";2306603;"230660";"Itatira";"Não";"-";"Motociclistas";NA;NA;NA;1;1;NA;NA;NA;1;NA;1;NA;NA;NA;NA;1;NA;NA;NA;NA;1;NA;NA;NA;NA
23;"CE";2306702;"230670";"Jaguaretama";"Não";"-";"Motociclistas";NA;1;NA;NA;3;1;NA;2;2;2;1;1;1;NA;NA;2;1;3;1;2;1;4;3;NA;NA
23;"CE";2306801;"230680";"Jaguaribara";"Não";"-";"Motociclistas";NA;NA;1;NA;NA;1;NA;1;NA;1;NA;NA;1;1;1;1;NA;NA;NA;NA;NA;1;1;NA;NA
23;"CE";2306900;"230690";"Jaguaribe";"Não";"-";"Motociclistas";1;2;NA;2;NA;1;2;2;1;2;2;1;NA;2;3;3;1;1;1;1;3;1;5;3;NA
23;"CE";2307007;"230700";"Jaguaruana";"Não";"-";"Motociclistas";NA;NA;NA;3;NA;1;2;2;3;2;4;3;4;NA;3;2;4;4;4;6;4;2;1;3;NA
23;"CE";2307106;"230710";"Jardim";"Não";"Região Metropolitana do Cariri";"Motociclistas";NA;NA;NA;NA;NA;NA;NA;NA;NA;NA;NA;3;NA;1;NA;NA;NA;2;NA;1;3;1;2;3;NA
23;"CE";2307205;"230720";"Jati";"Não";"-";"Motociclistas";NA;NA;NA;NA;NA;NA;NA;NA;NA;1;NA;NA;2;NA;NA;2;NA;NA;NA;NA;NA;1;NA;NA;NA
23;"CE";2307254;"230725";"Jijoca de Jericoacoara";"Não";"-";"Motociclistas";NA;NA;NA;NA;NA;1;NA;2;NA;1;5;2;NA;NA;NA;2;5;2;1;NA;2;6;1;2;NA
23;"CE";2307304;"230730";"Juazeiro do Norte";"Não";"Região Metropolitana do Cariri";"Motociclistas";2;3;4;2;2;3;NA;8;2;3;3;7;NA;3;7;12;11;18;34;36;25;28;41;38;NA
23;"CE";2307403;"230740";"Jucás";"Não";"-";"Motociclistas";1;NA;1;1;NA;3;1;1;2;1;NA;4;4;4;5;2;6;2;NA;6;2;NA;5;3;NA
23;"CE";2307502;"230750";"Lavras da Mangabeira";"Não";"-";"Motociclistas";NA;NA;NA;NA;1;1;1;NA;3;2;NA;NA;1;1;2;2;NA;NA;NA;NA;2;2;1;2;NA
23;"CE";2307601;"230760";"Limoeiro do Norte";"Não";"-";"Motociclistas";1;NA;NA;1;4;NA;1;3;8;6;2;6;4;1;1;NA;2;5;1;5;4;3;9;13;NA
23;"CE";2307635;"230763";"Madalena";"Não";"-";"Motociclistas";NA;NA;1;NA;1;NA;NA;NA;2;NA;NA;NA;1;NA;NA;2;NA;NA;NA;NA;NA;NA;NA;NA;NA
23;"CE";2307650;"230765";"Maracanaú";"Não";"Região Metropolitana de Fortaleza";"Motociclistas";NA;2;1;1;1;1;NA;4;1;NA;5;2;3;5;2;3;2;7;9;4;3;3;3;NA;NA
23;"CE";2307700;"230770";"Maranguape";"Não";"Região Metropolitana de Fortaleza";"Motociclistas";NA;1;1;5;6;8;6;3;3;1;3;3;6;7;6;3;3;3;3;6;4;NA;2;1;NA
23;"CE";2307809;"230780";"Marco";"Não";"-";"Motociclistas";NA;NA;2;NA;NA;2;1;NA;NA;3;3;2;5;1;2;4;6;1;3;1;2;4;4;2;NA
23;"CE";2307908;"230790";"Martinópole";"Não";"-";"Motociclistas";NA;NA;NA;NA;NA;NA;NA;1;2;1;NA;NA;NA;1;1;3;1;1;NA;NA;1;3;1;NA;NA
23;"CE";2308005;"230800";"Massapê";"Não";"Região Metropolitana de Sobral";"Motociclistas";2;NA;NA;2;2;NA;NA;2;NA;1;2;4;5;2;4;2;4;1;9;7;3;6;7;4;NA
23;"CE";2308104;"230810";"Mauriti";"Não";"-";"Motociclistas";NA;NA;NA;NA;NA;1;1;1;4;3;6;2;1;1;NA;2;1;NA;2;2;2;2;2;5;NA
23;"CE";2308203;"230820";"Meruoca";"Não";"Região Metropolitana de Sobral";"Motociclistas";NA;NA;NA;1;1;NA;1;1;NA;NA;3;2;3;NA;1;1;1;1;1;1;1;NA;1;2;NA
23;"CE";2308302;"230830";"Milagres";"Não";"-";"Motociclistas";NA;NA;NA;NA;1;NA;NA;NA;NA;NA;1;NA;1;NA;1;1;2;NA;1;NA;1;2;2;2;NA
23;"CE";2308351;"230835";"Milhã";"Não";"-";"Motociclistas";NA;2;1;1;3;1;NA;2;3;2;NA;NA;NA;NA;NA;1;NA;1;NA;NA;NA;1;NA;NA;NA
23;"CE";2308377;"230837";"Miraíma";"Não";"-";"Motociclistas";NA;NA;NA;NA;NA;NA;NA;NA;NA;1;NA;2;NA;1;3;NA;NA;NA;NA;NA;1;NA;1;1;NA
23;"CE";2308401;"230840";"Missão Velha";"Não";"Região Metropolitana do Cariri";"Motociclistas";NA;NA;NA;NA;NA;1;NA;1;NA;1;2;NA;1;NA;1;NA;1;1;1;1;NA;1;1;NA;NA
23;"CE";2308500;"230850";"Mombaça";"Não";"-";"Motociclistas";NA;2;NA;1;1;1;1;1;NA;6;6;3;3;3;NA;2;2;1;1;5;1;1;NA;6;NA
23;"CE";2308609;"230860";"Monsenhor Tabosa";"Não";"-";"Motociclistas";NA;NA;1;2;1;4;3;3;NA;NA;1;1;NA;1;2;2;1;NA;NA;NA;NA;1;4;1;NA
23;"CE";2308708;"230870";"Morada Nova";"Não";"-";"Motociclistas";2;2;2;2;2;3;2;NA;2;2;4;6;4;3;NA;1;9;7;8;10;6;3;9;13;NA
23;"CE";2308807;"230880";"Moraújo";"Não";"Região Metropolitana de Sobral";"Motociclistas";NA;NA;1;NA;NA;1;NA;3;NA;NA;NA;NA;NA;NA;NA;NA;NA;NA;NA;NA;NA;4;3;NA;NA
23;"CE";2308906;"230890";"Morrinhos";"Não";"-";"Motociclistas";NA;NA;NA;NA;1;NA;4;NA;2;2;1;NA;1;1;NA;NA;1;4;1;NA;NA;3;NA;2;NA
23;"CE";2309003;"230900";"Mucambo";"Não";"Região Metropolitana de Sobral";"Motociclistas";NA;NA;NA;2;NA;NA;1;NA;2;2;NA;NA;3;2;2;3;3;NA;NA;1;NA;1;2;2;NA
23;"CE";2309102;"230910";"Mulungu";"Não";"-";"Motociclistas";NA;NA;NA;NA;NA;NA;NA;NA;NA;1;1;1;NA;1;NA;NA;NA;NA;NA;NA;NA;NA;NA;NA;NA
23;"CE";2309201;"230920";"Nova Olinda";"Não";"Região Metropolitana do Cariri";"Motociclistas";NA;NA;2;2;1;1;NA;1;NA;2;NA;2;NA;NA;NA;NA;NA;NA;2;NA;1;NA;NA;1;NA
23;"CE";2309300;"230930";"Nova Russas";"Não";"-";"Motociclistas";NA;NA;NA;1;1;2;1;5;7;3;1;1;2;4;NA;9;6;8;4;2;4;3;2;4;NA
23;"CE";2309409;"230940";"Novo Oriente";"Não";"-";"Motociclistas";NA;NA;NA;NA;3;1;2;1;2;1;NA;NA;8;1;NA;7;2;11;2;1;9;9;2;3;NA
23;"CE";2309458;"230945";"Ocara";"Não";"-";"Motociclistas";1;NA;1;NA;NA;NA;NA;NA;NA;NA;6;NA;1;NA;NA;2;NA;2;2;1;NA;NA;2;NA;NA
23;"CE";2309508;"230950";"Orós";"Não";"-";"Motociclistas";NA;1;1;NA;1;2;2;2;NA;1;1;NA;NA;NA;1;NA;2;NA;2;1;1;NA;1;2;NA
23;"CE";2309607;"230960";"Pacajus";"Não";"Região Metropolitana de Fortaleza";"Motociclistas";NA;NA;NA;NA;NA;NA;NA;NA;2;2;NA;NA;2;3;4;2;NA;3;3;2;1;NA;1;NA;NA
23;"CE";2309706;"230970";"Pacatuba";"Não";"Região Metropolitana de Fortaleza";"Motociclistas";2;1;1;NA;NA;NA;NA;NA;1;NA;NA;NA;1;3;NA;NA;NA;3;2;2;NA;NA;NA;NA;NA
23;"CE";2309805;"230980";"Pacoti";"Não";"-";"Motociclistas";NA;NA;NA;NA;NA;NA;NA;NA;1;NA;NA;NA;NA;NA;NA;1;NA;NA;NA;NA;NA;1;NA;NA;NA
23;"CE";2309904;"230990";"Pacujá";"Não";"Região Metropolitana de Sobral";"Motociclistas";NA;NA;NA;2;2;1;NA;NA;2;NA;NA;1;NA;2;2;NA;NA;NA;1;NA;1;1;1;1;NA
23;"CE";2310001;"231000";"Palhano";"Não";"-";"Motociclistas";NA;NA;NA;NA;1;NA;NA;2;1;NA;NA;NA;NA;NA;2;NA;NA;NA;2;NA;NA;NA;NA;1;NA
23;"CE";2310100;"231010";"Palmácia";"Não";"-";"Motociclistas";NA;NA;NA;NA;NA;NA;NA;NA;NA;NA;NA;NA;NA;1;NA;NA;NA;1;NA;NA;1;NA;NA;NA;NA
23;"CE";2310209;"231020";"Paracuru";"Não";"Região Metropolitana de Fortaleza";"Motociclistas";NA;NA;2;1;2;1;2;1;NA;NA;NA;NA;NA;2;1;1;2;2;2;NA;NA;NA;NA;NA;NA
23;"CE";2310258;"231025";"Paraipaba";"Não";"Região Metropolitana de Fortaleza";"Motociclistas";NA;1;NA;2;NA;NA;3;2;NA;1;1;2;2;3;NA;NA;3;1;NA;1;NA;NA;4;1;NA
23;"CE";2310308;"231030";"Parambu";"Não";"-";"Motociclistas";NA;NA;NA;NA;2;NA;NA;3;NA;4;5;NA;1;3;1;4;6;6;5;5;4;8;2;8;NA
23;"CE";2310407;"231040";"Paramoti";"Não";"-";"Motociclistas";NA;NA;NA;NA;NA;NA;NA;NA;NA;NA;2;NA;2;NA;NA;NA;NA;NA;NA;NA;NA;NA;NA;NA;NA
23;"CE";2310506;"231050";"Pedra Branca";"Não";"-";"Motociclistas";3;NA;5;2;5;4;8;3;5;1;4;1;1;NA;NA;NA;1;2;NA;3;4;3;1;3;NA
23;"CE";2310605;"231060";"Penaforte";"Não";"-";"Motociclistas";NA;NA;NA;NA;NA;NA;NA;NA;NA;NA;2;1;NA;NA;NA;1;NA;NA;NA;NA;2;NA;NA;1;NA
23;"CE";2310704;"231070";"Pentecoste";"Não";"-";"Motociclistas";NA;NA;1;NA;NA;2;NA;2;1;2;1;NA;2;2;2;2;NA;NA;2;NA;NA;NA;1;2;NA
23;"CE";2310803;"231080";"Pereiro";"Não";"-";"Motociclistas";NA;1;NA;2;NA;NA;NA;NA;NA;2;2;NA;NA;NA;1;NA;3;NA;NA;NA;NA;1;2;NA;NA
23;"CE";2310852;"231085";"Pindoretama";"Não";"Região Metropolitana de Fortaleza";"Motociclistas";NA;NA;NA;NA;1;NA;3;1;3;1;NA;NA;NA;NA;NA;NA;NA;NA;NA;NA;NA;NA;1;1;NA
23;"CE";2310902;"231090";"Piquet Carneiro";"Não";"-";"Motociclistas";1;NA;NA;1;NA;NA;1;NA;1;1;1;4;NA;1;NA;5;NA;NA;3;1;3;2;2;2;NA
23;"CE";2310951;"231095";"Pires Ferreira";"Não";"Região Metropolitana de Sobral";"Motociclistas";NA;NA;1;NA;NA;NA;NA;1;1;1;2;NA;1;NA;NA;NA;1;NA;1;3;NA;NA;1;1;NA
23;"CE";2311009;"231100";"Poranga";"Não";"-";"Motociclistas";NA;NA;NA;NA;NA;NA;NA;NA;3;2;NA;NA;NA;NA;2;1;NA;NA;3;NA;2;NA;NA;4;NA
23;"CE";2311108;"231110";"Porteiras";"Não";"-";"Motociclistas";NA;NA;NA;NA;NA;NA;NA;NA;NA;1;1;1;NA;NA;NA;NA;1;2;2;NA;1;NA;1;NA;NA
23;"CE";2311207;"231120";"Potengi";"Não";"-";"Motociclistas";NA;NA;NA;1;NA;NA;NA;NA;NA;NA;NA;NA;NA;1;1;NA;NA;NA;NA;NA;NA;NA;1;NA;NA
23;"CE";2311231;"231123";"Potiretama";"Não";"-";"Motociclistas";NA;NA;NA;1;NA;NA;NA;1;NA;NA;NA;NA;NA;NA;NA;NA;2;2;NA;NA;NA;NA;2;NA;NA
23;"CE";2311264;"231126";"Quiterianópolis";"Não";"-";"Motociclistas";NA;NA;NA;1;NA;1;1;2;2;4;1;NA;2;NA;1;2;2;5;2;1;3;4;4;5;NA
23;"CE";2311306;"231130";"Quixadá";"Não";"-";"Motociclistas";3;1;5;1;2;6;4;2;3;2;5;9;1;NA;NA;1;NA;NA;1;2;4;2;2;NA;NA
23;"CE";2311355;"231135";"Quixelô";"Não";"-";"Motociclistas";NA;1;NA;NA;NA;NA;1;NA;NA;1;2;3;1;NA;1;NA;2;2;5;4;4;NA;2;2;NA
23;"CE";2311405;"231140";"Quixeramobim";"Não";"-";"Motociclistas";3;6;1;3;3;7;3;1;4;3;6;6;1;2;1;2;NA;1;1;13;7;4;14;5;NA
23;"CE";2311504;"231150";"Quixeré";"Não";"-";"Motociclistas";NA;NA;NA;5;NA;2;5;3;4;5;1;2;1;NA;NA;NA;NA;1;NA;2;4;1;2;1;NA
23;"CE";2311603;"231160";"Redenção";"Não";"-";"Motociclistas";1;1;NA;NA;NA;NA;NA;NA;2;1;NA;NA;NA;NA;1;2;NA;NA;NA;1;NA;1;NA;1;NA
23;"CE";2311702;"231170";"Reriutaba";"Não";"Região Metropolitana de Sobral";"Motociclistas";NA;NA;NA;2;NA;NA;NA;NA;3;1;NA;2;NA;1;9;3;1;NA;1;1;NA;2;2;NA;NA
23;"CE";2311801;"231180";"Russas";"Não";"-";"Motociclistas";3;5;4;2;4;3;6;15;11;6;7;4;6;5;13;9;2;8;9;8;11;13;12;6;NA
23;"CE";2311900;"231190";"Saboeiro";"Não";"-";"Motociclistas";2;NA;NA;1;NA;NA;NA;NA;1;1;1;2;2;1;NA;1;1;NA;NA;3;1;NA;2;2;NA
23;"CE";2311959;"231195";"Salitre";"Não";"-";"Motociclistas";NA;NA;NA;NA;1;NA;1;1;NA;1;3;1;1;1;1;NA;NA;NA;1;2;2;2;1;1;NA
23;"CE";2312007;"231200";"Santana do Acaraú";"Não";"Região Metropolitana de Sobral";"Motociclistas";NA;2;1;NA;NA;NA;3;2;2;3;NA;3;4;2;1;4;NA;1;3;3;1;2;5;4;NA
23;"CE";2312106;"231210";"Santana do Cariri";"Não";"Região Metropolitana do Cariri";"Motociclistas";NA;NA;NA;NA;NA;1;1;1;NA;2;1;3;1;1;NA;NA;1;1;1;NA;NA;1;NA;NA;NA
23;"CE";2312205;"231220";"Santa Quitéria";"Não";"-";"Motociclistas";1;1;1;5;2;1;5;2;2;1;4;2;2;2;1;NA;NA;NA;1;NA;1;NA;2;NA;NA
23;"CE";2312304;"231230";"São Benedito";"Não";"-";"Motociclistas";1;3;3;5;NA;2;2;4;2;2;5;5;5;3;4;4;5;4;14;4;4;2;3;7;NA
23;"CE";2312403;"231240";"São Gonçalo do Amarante";"Não";"Região Metropolitana de Fortaleza";"Motociclistas";NA;NA;3;1;1;1;2;4;1;NA;2;3;2;2;2;NA;3;6;3;6;1;1;2;1;NA
23;"CE";2312502;"231250";"São João do Jaguaribe";"Não";"-";"Motociclistas";NA;NA;NA;NA;NA;NA;NA;1;NA;2;3;NA;NA;NA;NA;NA;1;NA;1;1;2;1;1;1;NA
23;"CE";2312601;"231260";"São Luís do Curu";"Não";"Região Metropolitana de Fortaleza";"Motociclistas";NA;NA;NA;2;NA;NA;NA;2;NA;1;NA;NA;NA;NA;NA;NA;NA;3;1;NA;NA;2;1;NA;NA
23;"CE";2312700;"231270";"Senador Pompeu";"Não";"-";"Motociclistas";NA;1;NA;NA;NA;3;2;1;1;NA;4;1;NA;NA;NA;NA;NA;NA;NA;NA;2;1;2;2;NA
23;"CE";2312809;"231280";"Senador Sá";"Não";"Região Metropolitana de Sobral";"Motociclistas";NA;NA;1;NA;NA;NA;2;NA;NA;NA;NA;NA;1;1;NA;NA;NA;2;NA;NA;NA;NA;4;1;NA
23;"CE";2312908;"231290";"Sobral";"Não";"Região Metropolitana de Sobral";"Motociclistas";2;2;6;7;4;15;27;34;33;36;61;59;90;94;120;128;124;110;127;101;93;105;126;147;NA
23;"CE";2313005;"231300";"Solonópole";"Não";"-";"Motociclistas";NA;1;1;1;1;NA;4;NA;1;1;2;3;2;NA;2;NA;1;2;1;3;NA;2;2;NA;NA
23;"CE";2313104;"231310";"Tabuleiro do Norte";"Não";"-";"Motociclistas";NA;NA;NA;3;NA;3;NA;2;5;3;6;NA;1;2;NA;NA;NA;2;2;3;3;2;4;2;NA
23;"CE";2313203;"231320";"Tamboril";"Não";"-";"Motociclistas";1;1;NA;4;2;2;2;1;3;1;3;3;3;NA;2;NA;NA;2;NA;2;1;2;7;4;NA
23;"CE";2313252;"231325";"Tarrafas";"Não";"-";"Motociclistas";NA;NA;NA;NA;NA;NA;NA;NA;NA;NA;NA;NA;NA;1;1;2;1;NA;NA;NA;NA;NA;4;1;NA
23;"CE";2313302;"231330";"Tauá";"Não";"-";"Motociclistas";NA;1;4;4;4;2;5;4;4;15;9;2;2;3;NA;10;5;14;17;4;9;11;8;14;NA
23;"CE";2313351;"231335";"Tejuçuoca";"Não";"-";"Motociclistas";NA;NA;NA;NA;NA;1;2;NA;NA;2;1;NA;1;NA;NA;NA;NA;NA;NA;NA;1;NA;1;NA;NA
23;"CE";2313401;"231340";"Tianguá";"Não";"-";"Motociclistas";6;1;2;4;2;5;2;10;8;10;5;8;5;3;8;5;13;10;6;6;8;8;8;20;NA
23;"CE";2313500;"231350";"Trairi";"Não";"Região Metropolitana de Fortaleza";"Motociclistas";1;NA;1;3;NA;1;4;6;NA;2;NA;1;NA;2;3;1;NA;4;3;2;2;2;5;5;NA
23;"CE";2313559;"231355";"Tururu";"Não";"-";"Motociclistas";NA;NA;NA;NA;NA;NA;NA;NA;1;1;2;NA;NA;NA;1;3;1;1;2;NA;1;1;1;NA;NA
23;"CE";2313609;"231360";"Ubajara";"Não";"-";"Motociclistas";1;1;2;3;3;1;6;2;3;6;5;5;7;NA;4;2;6;1;2;3;2;2;3;3;NA
23;"CE";2313708;"231370";"Umari";"Não";"-";"Motociclistas";NA;NA;NA;1;NA;1;NA;1;NA;NA;NA;1;1;NA;NA;NA;1;NA;NA;NA;NA;1;1;1;NA
23;"CE";2313757;"231375";"Umirim";"Não";"-";"Motociclistas";NA;1;NA;NA;NA;NA;NA;NA;1;NA;NA;NA;NA;1;NA;1;NA;NA;3;NA;NA;NA;1;NA;NA
23;"CE";2313807;"231380";"Uruburetama";"Não";"-";"Motociclistas";1;NA;NA;NA;NA;NA;NA;NA;1;NA;NA;NA;NA;NA;NA;1;1;2;NA;NA;2;NA;1;NA;NA
23;"CE";2313906;"231390";"Uruoca";"Não";"-";"Motociclistas";NA;NA;1;1;1;NA;NA;NA;1;NA;1;2;4;3;2;2;2;NA;2;NA;NA;1;1;1;NA
23;"CE";2313955;"231395";"Varjota";"Não";"Região Metropolitana de Sobral";"Motociclistas";NA;NA;NA;2;NA;1;NA;NA;1;NA;1;1;3;2;NA;1;NA;1;1;5;1;2;4;5;NA
23;"CE";2314003;"231400";"Várzea Alegre";"Não";"-";"Motociclistas";NA;NA;NA;NA;1;1;7;1;NA;8;1;1;NA;3;NA;NA;1;1;NA;NA;2;NA;6;5;NA
23;"CE";2314102;"231410";"Viçosa do Ceará";"Não";"-";"Motociclistas";2;NA;5;2;NA;2;3;3;2;3;2;4;6;3;7;7;8;13;5;15;8;6;3;10;NA
24;"RN";2400109;"240010";"Acari";"Não";"-";"Motociclistas";NA;NA;NA;NA;NA;1;NA;NA;NA;NA;NA;NA;NA;NA;1;3;NA;2;1;NA;NA;NA;NA;NA;NA
24;"RN";2400208;"240020";"Açu";"Não";"-";"Motociclistas";1;1;2;NA;1;3;3;6;5;5;7;1;2;5;7;10;5;2;2;1;1;1;NA;2;NA
24;"RN";2400307;"240030";"Afonso Bezerra";"Não";"-";"Motociclistas";NA;NA;NA;NA;NA;NA;NA;NA;NA;1;NA;NA;NA;NA;3;NA;NA;NA;NA;1;NA;NA;NA;NA;NA
24;"RN";2400406;"240040";"Água Nova";"Não";"-";"Motociclistas";NA;NA;NA;NA;NA;NA;NA;NA;NA;NA;1;NA;NA;NA;NA;NA;NA;NA;NA;NA;NA;NA;NA;NA;NA
24;"RN";2400505;"240050";"Alexandria";"Não";"-";"Motociclistas";1;NA;NA;NA;2;1;NA;1;2;2;1;NA;2;1;NA;1;NA;NA;NA;2;2;1;NA;2;NA
24;"RN";2400604;"240060";"Almino Afonso";"Não";"-";"Motociclistas";NA;NA;NA;NA;NA;NA;1;NA;NA;NA;NA;NA;NA;NA;NA;2;1;NA;NA;NA;NA;NA;NA;1;NA
24;"RN";2400703;"240070";"Alto do Rodrigues";"Não";"-";"Motociclistas";NA;1;1;NA;NA;1;2;1;3;1;2;1;1;1;NA;2;6;1;NA;4;1;NA;1;2;NA
24;"RN";2400802;"240080";"Angicos";"Não";"-";"Motociclistas";NA;NA;NA;1;NA;NA;NA;NA;3;1;1;NA;1;1;NA;NA;1;1;NA;NA;2;1;NA;NA;NA
24;"RN";2400901;"240090";"Antônio Martins";"Não";"-";"Motociclistas";NA;2;NA;NA;NA;1;1;NA;1;1;NA;1;NA;NA;NA;3;1;NA;NA;1;1;NA;1;2;NA
24;"RN";2401008;"240100";"Apodi";"Não";"-";"Motociclistas";NA;2;NA;1;1;1;NA;4;2;4;NA;1;1;4;3;5;2;1;1;2;1;NA;7;1;NA
24;"RN";2401107;"240110";"Areia Branca";"Não";"-";"Motociclistas";1;1;NA;NA;NA;NA;1;4;2;1;2;NA;3;NA;4;1;3;1;NA;NA;1;1;NA;NA;NA
24;"RN";2401206;"240120";"Arês";"Não";"Região Metropolitana de Natal";"Motociclistas";NA;NA;NA;NA;NA;NA;NA;NA;NA;NA;NA;NA;1;2;NA;1;NA;NA;1;1;1;NA;NA;2;NA
24;"RN";2401305;"240130";"Campo Grande";"Não";"-";"Motociclistas";NA;NA;1;NA;NA;NA;NA;NA;1;NA;NA;NA;1;1;NA;NA;3;NA;1;NA;NA;1;1;NA;NA
24;"RN";2401404;"240140";"Baía Formosa";"Não";"-";"Motociclistas";NA;NA;1;NA;NA;1;NA;NA;NA;NA;NA;NA;NA;NA;NA;NA;NA;NA;1;1;NA;NA;NA;NA;NA
24;"RN";2401453;"240145";"Baraúna";"Não";"-";"Motociclistas";NA;NA;1;1;2;NA;1;NA;3;2;3;5;1;2;NA;2;4;NA;2;1;NA;5;2;NA;NA
24;"RN";2401503;"240150";"Barcelona";"Não";"-";"Motociclistas";1;NA;NA;NA;NA;NA;NA;1;NA;NA;1;NA;NA;1;NA;2;NA;1;NA;NA;NA;NA;NA;NA;NA
24;"RN";2401602;"240160";"Bento Fernandes";"Não";"-";"Motociclistas";NA;NA;NA;NA;NA;NA;NA;NA;NA;NA;NA;NA;NA;NA;NA;NA;NA;2;NA;NA;NA;NA;NA;NA;NA
24;"RN";2401651;"240165";"Bodó";"Não";"-";"Motociclistas";NA;NA;NA;NA;NA;NA;NA;NA;NA;NA;NA;NA;NA;NA;NA;NA;NA;NA;NA;1;NA;NA;NA;NA;NA
24;"RN";2401701;"240170";"Bom Jesus";"Não";"Região Metropolitana de Natal";"Motociclistas";NA;NA;NA;NA;NA;NA;NA;1;NA;NA;NA;NA;NA;NA;NA;NA;NA;NA;NA;NA;1;NA;1;NA;NA
24;"RN";2401800;"240180";"Brejinho";"Não";"-";"Motociclistas";NA;NA;NA;NA;1;NA;NA;NA;NA;NA;NA;NA;NA;1;NA;1;2;NA;1;NA;2;1;2;NA;NA
24;"RN";2401859;"240185";"Caiçara do Norte";"Não";"-";"Motociclistas";NA;NA;NA;NA;NA;NA;NA;NA;NA;NA;NA;NA;NA;NA;NA;1;NA;NA;NA;NA;NA;NA;NA;NA;NA
24;"RN";2401909;"240190";"Caiçara do Rio do Vento";"Não";"-";"Motociclistas";NA;NA;NA;NA;NA;NA;NA;NA;NA;NA;NA;NA;NA;NA;1;NA;NA;NA;NA;1;NA;NA;2;NA;NA
24;"RN";2402006;"240200";"Caicó";"Não";"-";"Motociclistas";NA;2;5;3;NA;NA;3;NA;NA;4;5;3;1;NA;NA;3;3;3;2;1;3;3;6;5;NA
24;"RN";2402105;"240210";"Campo Redondo";"Não";"-";"Motociclistas";NA;NA;1;NA;NA;NA;NA;NA;1;2;1;2;NA;1;1;3;NA;NA;NA;NA;NA;NA;NA;1;NA
24;"RN";2402204;"240220";"Canguaretama";"Não";"-";"Motociclistas";NA;NA;NA;NA;1;NA;NA;NA;NA;1;3;2;2;1;1;2;NA;3;2;1;NA;3;2;2;NA
24;"RN";2402303;"240230";"Caraúbas";"Não";"-";"Motociclistas";3;NA;NA;NA;3;3;1;NA;1;1;3;3;5;2;1;NA;6;3;1;1;1;NA;1;3;NA
24;"RN";2402402;"240240";"Carnaúba dos Dantas";"Não";"-";"Motociclistas";NA;NA;NA;NA;NA;NA;NA;NA;NA;NA;NA;NA;NA;NA;NA;NA;NA;NA;3;1;NA;1;1;3;NA
24;"RN";2402501;"240250";"Carnaubais";"Não";"-";"Motociclistas";NA;1;NA;NA;1;NA;NA;NA;NA;2;1;NA;2;1;1;2;3;NA;NA;1;1;NA;1;NA;NA
24;"RN";2402600;"240260";"Ceará-Mirim";"Não";"Região Metropolitana de Natal";"Motociclistas";NA;NA;NA;1;NA;NA;4;3;NA;2;NA;3;1;3;4;1;3;2;4;6;2;1;2;4;NA
24;"RN";2402709;"240270";"Cerro Corá";"Não";"-";"Motociclistas";NA;NA;NA;1;NA;NA;NA;NA;NA;NA;1;NA;1;1;2;1;1;NA;3;NA;NA;NA;NA;1;NA
24;"RN";2402808;"240280";"Coronel Ezequiel";"Não";"-";"Motociclistas";NA;NA;NA;NA;NA;NA;NA;1;NA;NA;1;NA;NA;NA;NA;NA;1;NA;1;NA;NA;NA;NA;NA;NA
24;"RN";2402907;"240290";"Coronel João Pessoa";"Não";"-";"Motociclistas";NA;NA;NA;NA;1;1;NA;1;NA;1;NA;NA;NA;NA;NA;NA;NA;2;NA;1;NA;NA;NA;NA;NA
24;"RN";2403004;"240300";"Cruzeta";"Não";"-";"Motociclistas";NA;NA;NA;NA;NA;NA;NA;NA;NA;NA;NA;NA;NA;NA;NA;NA;NA;NA;NA;NA;NA;NA;NA;NA;NA
24;"RN";2403103;"240310";"Currais Novos";"Não";"-";"Motociclistas";NA;NA;1;3;NA;1;NA;1;NA;NA;NA;1;NA;1;NA;1;2;2;3;1;3;4;2;3;NA
24;"RN";2403202;"240320";"Doutor Severiano";"Não";"-";"Motociclistas";NA;NA;NA;NA;NA;NA;NA;4;1;NA;NA;NA;NA;2;NA;NA;NA;NA;NA;NA;NA;1;NA;NA;NA
24;"RN";2403251;"240325";"Parnamirim";"Não";"Região Metropolitana de Natal";"Motociclistas";1;NA;NA;NA;1;NA;3;1;NA;6;4;3;5;3;3;3;3;4;9;5;2;2;1;4;NA
24;"RN";2403301;"240330";"Encanto";"Não";"-";"Motociclistas";NA;NA;NA;NA;NA;NA;NA;NA;NA;NA;NA;NA;NA;NA;NA;1;NA;NA;NA;1;NA;NA;NA;NA;NA
24;"RN";2403400;"240340";"Equador";"Não";"-";"Motociclistas";NA;NA;NA;NA;NA;NA;NA;NA;NA;NA;NA;NA;NA;NA;NA;NA;NA;NA;1;NA;NA;1;1;NA;NA
24;"RN";2403509;"240350";"Espírito Santo";"Não";"-";"Motociclistas";NA;NA;1;NA;NA;NA;NA;1;NA;NA;NA;NA;1;NA;NA;NA;NA;2;NA;1;NA;2;NA;NA;NA
24;"RN";2403608;"240360";"Extremoz";"Não";"Região Metropolitana de Natal";"Motociclistas";NA;NA;1;NA;NA;NA;1;1;NA;NA;NA;NA;NA;2;1;2;1;NA;3;2;1;1;NA;NA;NA
24;"RN";2403707;"240370";"Felipe Guerra";"Não";"-";"Motociclistas";NA;NA;NA;NA;NA;1;1;NA;NA;NA;1;NA;NA;1;NA;1;NA;NA;NA;NA;NA;1;NA;NA;NA
24;"RN";2403756;"240375";"Fernando Pedroza";"Não";"-";"Motociclistas";NA;NA;NA;NA;NA;NA;NA;NA;NA;1;1;NA;1;NA;1;1;NA;NA;NA;NA;NA;NA;NA;NA;NA
24;"RN";2403806;"240380";"Florânia";"Não";"-";"Motociclistas";NA;NA;NA;NA;3;NA;NA;NA;NA;NA;NA;1;3;1;NA;1;NA;2;NA;1;NA;NA;NA;1;NA
24;"RN";2403905;"240390";"Francisco Dantas";"Não";"-";"Motociclistas";NA;NA;NA;NA;NA;NA;NA;NA;NA;NA;NA;NA;1;NA;NA;NA;NA;NA;NA;NA;NA;NA;NA;NA;NA
24;"RN";2404002;"240400";"Frutuoso Gomes";"Não";"-";"Motociclistas";NA;NA;NA;NA;1;NA;NA;1;3;NA;NA;NA;NA;NA;NA;NA;NA;NA;NA;NA;NA;NA;NA;NA;NA
24;"RN";2404200;"240420";"Goianinha";"Não";"Região Metropolitana de Natal";"Motociclistas";NA;1;NA;NA;NA;NA;NA;2;1;1;2;4;1;3;1;3;NA;4;1;2;1;3;2;1;NA
24;"RN";2404309;"240430";"Governador Dix-Sept Rosado";"Não";"-";"Motociclistas";NA;1;NA;NA;NA;NA;NA;1;NA;2;NA;3;1;1;2;1;NA;1;1;1;NA;NA;NA;2;NA
24;"RN";2404408;"240440";"Grossos";"Não";"-";"Motociclistas";1;NA;NA;NA;2;NA;NA;NA;NA;1;1;NA;1;2;NA;NA;NA;NA;NA;NA;NA;NA;NA;NA;NA
24;"RN";2404507;"240450";"Guamaré";"Não";"-";"Motociclistas";NA;NA;NA;NA;NA;NA;NA;NA;NA;2;1;NA;2;2;3;NA;1;1;1;1;1;NA;NA;NA;NA
24;"RN";2404606;"240460";"Ielmo Marinho";"Não";"Região Metropolitana de Natal";"Motociclistas";NA;NA;NA;NA;NA;NA;NA;NA;NA;1;1;NA;NA;NA;1;1;NA;NA;NA;1;NA;NA;2;NA;NA
24;"RN";2404705;"240470";"Ipanguaçu";"Não";"-";"Motociclistas";NA;1;NA;NA;NA;NA;NA;NA;NA;1;1;NA;4;NA;1;1;NA;1;1;NA;NA;1;NA;NA;NA
24;"RN";2404804;"240480";"Ipueira";"Não";"-";"Motociclistas";NA;NA;NA;NA;NA;NA;NA;NA;NA;NA;2;NA;NA;NA;1;2;NA;NA;NA;NA;NA;NA;NA;NA;NA
24;"RN";2404853;"240485";"Itajá";"Não";"-";"Motociclistas";NA;NA;NA;1;NA;NA;NA;NA;1;2;1;1;2;NA;NA;NA;NA;NA;NA;NA;NA;NA;NA;NA;NA
24;"RN";2404903;"240490";"Itaú";"Não";"-";"Motociclistas";NA;1;NA;NA;NA;NA;NA;NA;NA;NA;NA;NA;NA;1;NA;NA;NA;NA;1;1;NA;NA;NA;1;NA
24;"RN";2405009;"240500";"Jaçanã";"Não";"-";"Motociclistas";1;NA;NA;NA;NA;NA;NA;2;NA;NA;NA;NA;NA;1;NA;NA;NA;NA;NA;NA;1;1;NA;NA;NA
24;"RN";2405108;"240510";"Jandaíra";"Não";"-";"Motociclistas";1;NA;NA;NA;NA;NA;1;NA;NA;NA;2;NA;1;1;NA;1;2;NA;NA;NA;NA;NA;NA;1;NA
24;"RN";2405207;"240520";"Janduís";"Não";"-";"Motociclistas";NA;NA;NA;2;NA;NA;NA;NA;NA;NA;NA;NA;NA;NA;NA;NA;NA;NA;NA;1;1;NA;1;NA;NA
24;"RN";2405306;"240530";"Januário Cicco";"Não";"-";"Motociclistas";NA;NA;NA;NA;NA;NA;NA;NA;NA;NA;NA;NA;NA;NA;1;NA;NA;NA;NA;NA;NA;NA;NA;1;NA
24;"RN";2405405;"240540";"Japi";"Não";"-";"Motociclistas";NA;NA;NA;NA;NA;NA;NA;NA;NA;NA;NA;NA;NA;NA;NA;2;NA;NA;NA;NA;NA;1;1;NA;NA
24;"RN";2405504;"240550";"Jardim de Angicos";"Não";"-";"Motociclistas";NA;NA;NA;NA;NA;NA;NA;NA;NA;NA;NA;NA;NA;NA;NA;NA;1;NA;1;NA;NA;NA;NA;NA;NA
24;"RN";2405603;"240560";"Jardim de Piranhas";"Não";"-";"Motociclistas";NA;NA;NA;NA;NA;NA;1;NA;1;1;NA;NA;1;NA;NA;NA;NA;NA;NA;NA;NA;2;3;1;NA
24;"RN";2405702;"240570";"Jardim do Seridó";"Não";"-";"Motociclistas";NA;NA;NA;NA;1;NA;NA;NA;NA;2;1;1;1;NA;NA;NA;NA;2;NA;NA;NA;1;NA;1;NA
24;"RN";2405801;"240580";"João Câmara";"Não";"-";"Motociclistas";NA;NA;2;1;1;NA;NA;NA;NA;3;4;4;4;NA;NA;NA;1;1;NA;2;2;3;6;3;NA
24;"RN";2405900;"240590";"João Dias";"Não";"-";"Motociclistas";NA;NA;NA;NA;NA;NA;NA;NA;NA;NA;NA;NA;NA;NA;NA;NA;NA;NA;NA;NA;1;NA;NA;NA;NA
24;"RN";2406007;"240600";"José da Penha";"Não";"-";"Motociclistas";NA;NA;NA;NA;NA;NA;1;NA;NA;NA;NA;NA;NA;NA;NA;NA;NA;1;NA;1;NA;NA;1;1;NA
24;"RN";2406106;"240610";"Jucurutu";"Não";"-";"Motociclistas";NA;NA;1;NA;NA;1;NA;NA;1;1;2;NA;3;1;1;1;NA;NA;1;NA;2;2;1;6;NA
24;"RN";2406205;"240620";"Lagoa d'Anta";"Não";"-";"Motociclistas";NA;NA;NA;NA;NA;NA;1;NA;NA;2;1;1;3;NA;3;NA;NA;NA;1;2;NA;NA;NA;2;NA
24;"RN";2406304;"240630";"Lagoa de Pedras";"Não";"-";"Motociclistas";1;NA;NA;NA;NA;NA;NA;NA;NA;NA;NA;1;NA;1;NA;1;1;1;NA;4;2;2;NA;NA;NA
24;"RN";2406403;"240640";"Lagoa de Velhos";"Não";"-";"Motociclistas";NA;NA;NA;NA;NA;NA;NA;1;NA;1;NA;NA;NA;NA;1;2;NA;NA;NA;NA;NA;1;NA;NA;NA
24;"RN";2406502;"240650";"Lagoa Nova";"Não";"-";"Motociclistas";NA;NA;NA;NA;NA;1;1;NA;NA;NA;2;1;1;NA;1;NA;1;2;NA;2;1;NA;2;NA;NA
24;"RN";2406601;"240660";"Lagoa Salgada";"Não";"-";"Motociclistas";NA;NA;NA;NA;NA;NA;NA;NA;NA;NA;2;NA;1;NA;2;1;NA;NA;NA;4;NA;NA;NA;NA;NA
24;"RN";2406700;"240670";"Lajes";"Não";"-";"Motociclistas";NA;NA;NA;NA;NA;NA;NA;1;NA;NA;NA;2;NA;NA;1;1;NA;2;NA;NA;NA;NA;NA;NA;NA
24;"RN";2406809;"240680";"Lajes Pintadas";"Não";"-";"Motociclistas";NA;NA;NA;NA;NA;NA;NA;1;NA;NA;NA;NA;NA;1;NA;1;NA;NA;NA;NA;NA;1;NA;NA;NA
24;"RN";2406908;"240690";"Lucrécia";"Não";"-";"Motociclistas";NA;NA;1;NA;NA;NA;NA;1;NA;NA;NA;NA;NA;NA;NA;NA;NA;2;NA;NA;NA;NA;NA;NA;NA
24;"RN";2407005;"240700";"Luís Gomes";"Não";"-";"Motociclistas";NA;NA;NA;NA;NA;NA;NA;NA;NA;2;NA;NA;2;NA;NA;NA;NA;2;2;NA;NA;NA;NA;1;NA
24;"RN";2407104;"240710";"Macaíba";"Não";"Região Metropolitana de Natal";"Motociclistas";NA;NA;NA;NA;NA;NA;2;1;NA;2;NA;NA;2;3;2;2;8;5;5;4;1;NA;4;NA;NA
24;"RN";2407203;"240720";"Macau";"Não";"-";"Motociclistas";NA;NA;2;NA;2;1;NA;NA;3;2;NA;NA;1;NA;NA;4;1;NA;NA;NA;1;1;1;NA;NA
24;"RN";2407252;"240725";"Major Sales";"Não";"-";"Motociclistas";NA;NA;NA;NA;NA;NA;NA;NA;1;NA;1;NA;NA;1;NA;NA;1;NA;NA;NA;1;NA;NA;NA;NA
24;"RN";2407302;"240730";"Marcelino Vieira";"Não";"-";"Motociclistas";NA;NA;NA;NA;NA;1;NA;NA;NA;NA;NA;1;NA;NA;NA;NA;1;NA;1;NA;NA;NA;NA;NA;NA
24;"RN";2407401;"240740";"Martins";"Não";"-";"Motociclistas";NA;NA;NA;NA;NA;NA;NA;NA;2;NA;NA;NA;1;NA;NA;1;1;NA;NA;NA;NA;2;NA;NA;NA
24;"RN";2407500;"240750";"Maxaranguape";"Não";"Região Metropolitana de Natal";"Motociclistas";NA;NA;NA;NA;NA;NA;NA;NA;NA;NA;NA;NA;NA;NA;NA;NA;NA;1;1;NA;NA;NA;NA;NA;NA
24;"RN";2407609;"240760";"Messias Targino";"Não";"-";"Motociclistas";NA;NA;1;1;NA;NA;NA;NA;1;NA;1;NA;NA;NA;1;NA;NA;NA;5;2;NA;1;NA;NA;NA
24;"RN";2407708;"240770";"Montanhas";"Não";"-";"Motociclistas";NA;NA;NA;NA;NA;1;5;NA;NA;NA;NA;NA;NA;2;1;1;NA;NA;NA;2;NA;1;NA;NA;NA
24;"RN";2407807;"240780";"Monte Alegre";"Não";"Região Metropolitana de Natal";"Motociclistas";1;NA;1;1;1;NA;1;2;NA;NA;1;NA;5;1;3;2;2;1;7;NA;6;3;2;2;NA
24;"RN";2407906;"240790";"Monte das Gameleiras";"Não";"-";"Motociclistas";NA;NA;NA;NA;NA;NA;NA;NA;NA;NA;NA;NA;NA;NA;NA;NA;1;NA;NA;NA;NA;1;NA;NA;NA
24;"RN";2408003;"240800";"Mossoró";"Não";"-";"Motociclistas";11;10;11;12;12;16;28;29;32;49;42;37;35;45;42;27;48;27;26;21;20;36;21;13;NA
24;"RN";2408102;"240810";"Natal";"Sim";"Região Metropolitana de Natal";"Motociclistas";16;21;12;17;7;7;10;9;15;24;38;20;27;44;41;31;38;34;32;23;27;22;36;57;NA
24;"RN";2408201;"240820";"Nísia Floresta";"Não";"Região Metropolitana de Natal";"Motociclistas";NA;NA;1;NA;NA;NA;NA;NA;2;1;NA;6;1;NA;1;NA;1;2;2;2;3;NA;NA;NA;NA
24;"RN";2408300;"240830";"Nova Cruz";"Não";"-";"Motociclistas";NA;NA;NA;1;1;1;1;NA;1;2;1;2;NA;2;1;1;5;2;1;NA;1;NA;NA;1;NA
24;"RN";2408409;"240840";"Olho d'Água do Borges";"Não";"-";"Motociclistas";NA;NA;NA;NA;NA;NA;1;1;1;NA;NA;2;NA;NA;NA;1;1;NA;NA;NA;NA;NA;NA;1;NA
24;"RN";2408508;"240850";"Ouro Branco";"Não";"-";"Motociclistas";NA;NA;NA;NA;1;NA;NA;NA;NA;NA;NA;NA;1;NA;1;NA;NA;NA;NA;NA;1;NA;1;NA;NA
24;"RN";2408607;"240860";"Paraná";"Não";"-";"Motociclistas";NA;1;NA;NA;NA;NA;NA;NA;NA;NA;NA;NA;NA;NA;1;NA;NA;NA;NA;NA;NA;NA;NA;NA;NA
24;"RN";2408706;"240870";"Paraú";"Não";"-";"Motociclistas";NA;1;NA;NA;NA;1;NA;NA;NA;NA;NA;NA;2;1;1;1;1;NA;1;NA;NA;NA;NA;NA;NA
24;"RN";2408805;"240880";"Parazinho";"Não";"-";"Motociclistas";NA;NA;NA;NA;NA;NA;NA;NA;NA;NA;NA;1;NA;NA;1;NA;NA;NA;NA;NA;1;NA;1;NA;NA
24;"RN";2408904;"240890";"Parelhas";"Não";"-";"Motociclistas";NA;1;NA;1;1;1;1;2;NA;NA;NA;1;NA;NA;NA;NA;1;NA;2;NA;NA;NA;1;1;NA
24;"RN";2408953;"240895";"Rio do Fogo";"Não";"-";"Motociclistas";NA;NA;NA;NA;NA;NA;NA;NA;1;NA;NA;NA;NA;NA;NA;1;1;NA;NA;NA;NA;NA;NA;NA;NA
24;"RN";2409100;"240910";"Passa e Fica";"Não";"-";"Motociclistas";NA;NA;NA;NA;NA;1;3;NA;NA;NA;2;NA;1;2;NA;NA;NA;2;1;NA;2;NA;NA;1;NA
24;"RN";2409209;"240920";"Passagem";"Não";"-";"Motociclistas";NA;NA;NA;NA;NA;NA;NA;NA;NA;NA;NA;NA;NA;NA;NA;NA;NA;NA;NA;3;NA;NA;NA;NA;NA
24;"RN";2409308;"240930";"Patu";"Não";"-";"Motociclistas";NA;NA;NA;NA;NA;NA;NA;NA;NA;2;1;3;3;1;NA;2;NA;NA;NA;NA;1;NA;NA;NA;NA
24;"RN";2409332;"240933";"Santa Maria";"Não";"-";"Motociclistas";NA;1;NA;NA;NA;NA;NA;NA;NA;NA;1;NA;NA;NA;NA;NA;NA;NA;NA;NA;NA;NA;1;NA;NA
24;"RN";2409407;"240940";"Pau dos Ferros";"Não";"-";"Motociclistas";1;NA;NA;2;1;3;2;4;NA;6;3;6;5;1;3;2;3;2;1;4;1;3;2;2;NA
24;"RN";2409506;"240950";"Pedra Grande";"Não";"-";"Motociclistas";NA;NA;NA;1;NA;NA;NA;NA;NA;NA;1;NA;NA;2;NA;NA;1;NA;NA;1;NA;NA;NA;1;NA
24;"RN";2409605;"240960";"Pedra Preta";"Não";"-";"Motociclistas";NA;NA;NA;NA;NA;NA;NA;NA;NA;NA;NA;NA;NA;NA;NA;NA;NA;NA;NA;NA;NA;NA;1;NA;NA
24;"RN";2409803;"240980";"Pedro Velho";"Não";"-";"Motociclistas";NA;NA;NA;NA;1;NA;1;NA;NA;1;2;NA;1;1;1;3;NA;NA;NA;NA;NA;NA;1;1;NA
24;"RN";2409902;"240990";"Pendências";"Não";"-";"Motociclistas";NA;1;1;1;NA;NA;1;NA;2;NA;1;NA;2;1;1;1;1;1;NA;NA;1;3;1;2;NA
24;"RN";2410009;"241000";"Pilões";"Não";"-";"Motociclistas";NA;NA;NA;NA;NA;NA;NA;NA;NA;NA;NA;NA;NA;NA;NA;NA;NA;NA;1;NA;NA;NA;NA;NA;NA
24;"RN";2410108;"241010";"Poço Branco";"Não";"-";"Motociclistas";NA;NA;NA;2;NA;NA;NA;1;NA;NA;1;NA;NA;NA;NA;1;NA;NA;1;NA;1;NA;2;NA;NA
24;"RN";2410207;"241020";"Portalegre";"Não";"-";"Motociclistas";NA;NA;NA;NA;NA;1;NA;NA;NA;NA;NA;NA;NA;NA;NA;NA;1;NA;1;NA;NA;NA;NA;NA;NA
24;"RN";2410256;"241025";"Porto do Mangue";"Não";"-";"Motociclistas";NA;NA;NA;NA;NA;1;NA;NA;NA;NA;1;NA;NA;1;2;1;1;NA;NA;NA;NA;NA;NA;NA;NA
24;"RN";2410306;"241030";"Serra Caiada";"Não";"-";"Motociclistas";1;NA;NA;NA;NA;NA;NA;NA;NA;NA;NA;1;NA;1;1;NA;NA;NA;NA;NA;NA;NA;1;NA;NA
24;"RN";2410405;"241040";"Pureza";"Não";"-";"Motociclistas";NA;NA;NA;NA;NA;NA;NA;NA;NA;NA;NA;1;NA;NA;NA;1;NA;NA;NA;3;NA;1;NA;NA;NA
24;"RN";2410504;"241050";"Rafael Fernandes";"Não";"-";"Motociclistas";NA;NA;NA;NA;NA;NA;NA;1;NA;1;NA;NA;1;NA;NA;1;NA;NA;NA;NA;1;NA;NA;NA;NA
24;"RN";2410603;"241060";"Rafael Godeiro";"Não";"-";"Motociclistas";NA;NA;NA;NA;NA;NA;NA;NA;NA;NA;NA;NA;NA;NA;NA;NA;NA;NA;NA;NA;NA;NA;NA;NA;NA
24;"RN";2410702;"241070";"Riacho da Cruz";"Não";"-";"Motociclistas";NA;NA;NA;NA;NA;NA;NA;NA;1;NA;NA;NA;NA;NA;NA;NA;NA;NA;NA;NA;NA;NA;NA;NA;NA
24;"RN";2410801;"241080";"Riacho de Santana";"Não";"-";"Motociclistas";NA;NA;NA;NA;NA;NA;NA;1;NA;NA;NA;NA;NA;NA;1;NA;NA;NA;1;NA;NA;NA;NA;NA;NA
24;"RN";2410900;"241090";"Riachuelo";"Não";"-";"Motociclistas";NA;NA;NA;NA;NA;1;NA;NA;NA;NA;NA;NA;NA;NA;2;1;NA;1;NA;1;NA;NA;NA;1;NA
24;"RN";2411007;"241100";"Rodolfo Fernandes";"Não";"-";"Motociclistas";NA;NA;NA;NA;NA;NA;NA;NA;NA;NA;NA;NA;NA;NA;1;NA;NA;1;NA;NA;NA;NA;NA;NA;NA
24;"RN";2411056;"241105";"Tibau";"Não";"-";"Motociclistas";NA;NA;NA;NA;NA;NA;NA;1;NA;NA;NA;NA;1;NA;1;1;1;NA;NA;NA;1;NA;NA;NA;NA
24;"RN";2411205;"241120";"Santa Cruz";"Não";"-";"Motociclistas";1;3;1;NA;NA;1;1;1;4;1;3;5;4;3;4;2;3;4;4;6;2;3;1;1;NA
24;"RN";2411403;"241140";"Santana do Matos";"Não";"-";"Motociclistas";NA;NA;1;NA;NA;NA;1;1;NA;1;1;1;3;1;NA;NA;NA;NA;2;1;2;NA;NA;NA;NA
24;"RN";2411502;"241150";"Santo Antônio";"Não";"-";"Motociclistas";NA;NA;NA;NA;1;1;NA;1;NA;1;3;NA;1;NA;2;2;NA;NA;1;5;NA;NA;1;2;NA
24;"RN";2411601;"241160";"São Bento do Norte";"Não";"-";"Motociclistas";NA;NA;NA;NA;1;NA;NA;NA;NA;NA;NA;NA;NA;NA;NA;1;NA;NA;NA;NA;NA;NA;1;NA;NA
24;"RN";2411809;"241180";"São Fernando";"Não";"-";"Motociclistas";NA;NA;NA;NA;NA;NA;1;NA;NA;NA;NA;1;NA;NA;NA;NA;NA;NA;1;1;NA;NA;NA;NA;NA
24;"RN";2411908;"241190";"São Francisco do Oeste";"Não";"-";"Motociclistas";NA;NA;NA;NA;2;NA;NA;NA;NA;NA;NA;1;NA;NA;2;1;NA;NA;NA;NA;NA;NA;1;NA;NA
24;"RN";2412005;"241200";"São Gonçalo do Amarante";"Não";"Região Metropolitana de Natal";"Motociclistas";NA;NA;NA;NA;NA;1;NA;1;NA;1;1;7;1;4;NA;1;2;1;6;4;2;1;NA;NA;NA
24;"RN";2412104;"241210";"São João do Sabugi";"Não";"-";"Motociclistas";NA;NA;NA;NA;NA;NA;NA;NA;NA;NA;3;NA;NA;NA;NA;NA;1;NA;NA;1;NA;1;NA;NA;NA
24;"RN";2412203;"241220";"São José de Mipibu";"Não";"Região Metropolitana de Natal";"Motociclistas";NA;2;1;1;2;1;NA;2;1;1;5;2;3;4;1;4;3;3;NA;2;2;3;1;1;NA
24;"RN";2412302;"241230";"São José do Campestre";"Não";"-";"Motociclistas";NA;NA;1;NA;NA;NA;NA;2;1;1;1;NA;2;NA;1;NA;1;NA;NA;NA;NA;3;2;NA;NA
24;"RN";2412401;"241240";"São José do Seridó";"Não";"-";"Motociclistas";NA;NA;NA;NA;NA;NA;NA;NA;NA;NA;NA;NA;NA;NA;NA;1;NA;NA;NA;NA;NA;NA;1;2;NA
24;"RN";2412500;"241250";"São Miguel";"Não";"-";"Motociclistas";NA;NA;NA;NA;NA;1;3;NA;1;NA;2;NA;NA;1;1;1;2;1;1;NA;NA;2;4;2;NA
24;"RN";2412559;"241255";"São Miguel do Gostoso";"Não";"-";"Motociclistas";NA;NA;NA;NA;NA;NA;NA;NA;NA;NA;NA;NA;NA;NA;NA;NA;NA;NA;NA;NA;NA;NA;1;NA;NA
24;"RN";2412609;"241260";"São Paulo do Potengi";"Não";"-";"Motociclistas";NA;3;NA;NA;NA;NA;NA;1;1;1;2;2;2;1;1;NA;5;NA;NA;2;1;NA;NA;NA;NA
24;"RN";2412708;"241270";"São Pedro";"Não";"-";"Motociclistas";NA;NA;NA;NA;NA;NA;NA;NA;NA;2;NA;NA;NA;NA;NA;NA;NA;NA;1;NA;NA;NA;NA;NA;NA
24;"RN";2412807;"241280";"São Rafael";"Não";"-";"Motociclistas";NA;NA;NA;NA;NA;1;NA;NA;NA;NA;4;NA;NA;NA;NA;NA;NA;NA;NA;NA;NA;NA;NA;1;NA
24;"RN";2412906;"241290";"São Tomé";"Não";"-";"Motociclistas";NA;NA;NA;NA;NA;NA;NA;NA;NA;NA;1;NA;1;1;2;NA;NA;1;1;NA;1;NA;NA;NA;NA
24;"RN";2413003;"241300";"São Vicente";"Não";"-";"Motociclistas";NA;NA;1;NA;NA;NA;1;NA;NA;NA;NA;NA;NA;NA;NA;1;NA;NA;NA;NA;1;NA;NA;NA;NA
24;"RN";2413102;"241310";"Senador Elói de Souza";"Não";"-";"Motociclistas";NA;NA;NA;NA;NA;NA;NA;NA;NA;NA;NA;2;NA;NA;NA;NA;4;1;NA;NA;NA;3;4;1;NA
24;"RN";2413201;"241320";"Senador Georgino Avelino";"Não";"-";"Motociclistas";NA;NA;NA;1;NA;NA;NA;NA;NA;NA;NA;NA;NA;NA;1;1;NA;NA;NA;NA;NA;NA;NA;NA;NA
24;"RN";2413300;"241330";"Serra de São Bento";"Não";"-";"Motociclistas";NA;NA;NA;NA;NA;NA;NA;NA;NA;NA;NA;NA;NA;NA;NA;NA;NA;1;1;NA;NA;1;NA;NA;NA
24;"RN";2413359;"241335";"Serra do Mel";"Não";"-";"Motociclistas";1;NA;NA;1;NA;NA;NA;1;1;NA;1;NA;1;NA;1;NA;1;1;1;1;2;NA;2;4;NA
24;"RN";2413409;"241340";"Serra Negra do Norte";"Não";"-";"Motociclistas";NA;NA;NA;NA;1;NA;NA;NA;NA;1;NA;NA;1;2;NA;1;NA;NA;NA;NA;NA;NA;NA;1;NA
24;"RN";2413508;"241350";"Serrinha";"Não";"-";"Motociclistas";NA;NA;NA;NA;NA;NA;NA;NA;NA;NA;NA;2;NA;NA;NA;NA;2;NA;1;NA;1;NA;NA;NA;NA
24;"RN";2413557;"241355";"Serrinha dos Pintos";"Não";"-";"Motociclistas";NA;NA;NA;NA;NA;NA;NA;NA;NA;NA;NA;NA;1;NA;NA;NA;NA;NA;NA;1;NA;NA;NA;NA;NA
24;"RN";2413607;"241360";"Severiano Melo";"Não";"-";"Motociclistas";NA;NA;NA;NA;NA;1;NA;NA;1;NA;1;NA;1;1;NA;NA;1;NA;NA;NA;NA;1;NA;1;NA
24;"RN";2413706;"241370";"Sítio Novo";"Não";"-";"Motociclistas";NA;NA;NA;NA;NA;NA;NA;NA;NA;1;NA;NA;NA;NA;NA;1;1;NA;NA;NA;NA;NA;NA;NA;NA
24;"RN";2413805;"241380";"Taboleiro Grande";"Não";"-";"Motociclistas";NA;NA;NA;1;NA;NA;NA;NA;NA;NA;NA;NA;NA;NA;NA;NA;NA;NA;NA;1;NA;NA;NA;NA;NA
24;"RN";2413904;"241390";"Taipu";"Não";"-";"Motociclistas";NA;NA;NA;2;NA;NA;NA;NA;NA;NA;1;1;NA;NA;NA;NA;NA;1;1;NA;NA;1;NA;NA;NA
24;"RN";2414001;"241400";"Tangará";"Não";"-";"Motociclistas";NA;NA;2;NA;NA;NA;1;NA;NA;1;NA;1;NA;3;1;NA;NA;NA;1;1;NA;1;1;NA;NA
24;"RN";2414100;"241410";"Tenente Ananias";"Não";"-";"Motociclistas";NA;NA;NA;NA;NA;1;NA;1;NA;NA;1;1;2;3;1;NA;1;NA;NA;NA;NA;NA;NA;NA;NA
24;"RN";2414159;"241415";"Tenente Laurentino Cruz";"Não";"-";"Motociclistas";NA;NA;NA;NA;1;NA;NA;NA;NA;NA;NA;NA;NA;NA;NA;1;NA;1;1;NA;NA;NA;NA;NA;NA
24;"RN";2414209;"241420";"Tibau do Sul";"Não";"-";"Motociclistas";NA;NA;NA;NA;NA;NA;NA;NA;NA;NA;NA;NA;NA;1;NA;1;2;NA;NA;2;2;NA;NA;NA;NA
24;"RN";2414308;"241430";"Timbaúba dos Batistas";"Não";"-";"Motociclistas";NA;NA;NA;NA;NA;NA;NA;NA;NA;NA;NA;NA;NA;NA;NA;NA;2;NA;NA;NA;NA;NA;NA;NA;NA
24;"RN";2414407;"241440";"Touros";"Não";"-";"Motociclistas";NA;NA;NA;NA;1;1;1;NA;NA;1;4;2;NA;NA;1;NA;NA;1;NA;1;2;2;2;3;NA
24;"RN";2414456;"241445";"Triunfo Potiguar";"Não";"-";"Motociclistas";NA;NA;NA;NA;NA;NA;1;1;NA;1;1;NA;NA;NA;NA;NA;NA;NA;NA;NA;NA;NA;NA;NA;NA
24;"RN";2414506;"241450";"Umarizal";"Não";"-";"Motociclistas";NA;NA;NA;NA;NA;1;NA;NA;1;4;NA;1;NA;NA;2;NA;NA;1;NA;NA;1;NA;NA;1;NA
24;"RN";2414605;"241460";"Upanema";"Não";"-";"Motociclistas";1;NA;1;NA;NA;NA;NA;1;NA;NA;NA;NA;1;NA;NA;1;1;NA;1;1;2;NA;1;1;NA
24;"RN";2414704;"241470";"Várzea";"Não";"-";"Motociclistas";NA;NA;NA;NA;NA;NA;NA;NA;NA;NA;NA;NA;1;1;NA;NA;NA;2;1;NA;NA;NA;NA;NA;NA
24;"RN";2414753;"241475";"Venha-Ver";"Não";"-";"Motociclistas";NA;NA;NA;NA;NA;NA;NA;NA;NA;NA;NA;NA;NA;NA;NA;NA;NA;NA;NA;NA;NA;NA;NA;NA;NA
24;"RN";2414803;"241480";"Vera Cruz";"Não";"Região Metropolitana de Natal";"Motociclistas";1;NA;NA;NA;NA;NA;NA;NA;1;NA;NA;1;1;1;NA;NA;2;3;NA;NA;4;1;2;3;NA
24;"RN";2414902;"241490";"Viçosa";"Não";"-";"Motociclistas";NA;NA;NA;NA;NA;1;NA;NA;NA;NA;NA;NA;NA;NA;NA;NA;NA;1;1;NA;NA;NA;NA;NA;NA
24;"RN";2415008;"241500";"Vila Flor";"Não";"-";"Motociclistas";NA;NA;NA;NA;NA;NA;NA;NA;NA;1;NA;NA;1;NA;NA;NA;1;NA;NA;NA;NA;NA;1;NA;NA
25;"PB";2500106;"250010";"Água Branca";"Não";"-";"Motociclistas";NA;NA;NA;NA;NA;NA;NA;NA;NA;NA;NA;NA;NA;NA;NA;NA;1;1;NA;1;NA;NA;NA;1;NA
25;"PB";2500205;"250020";"Aguiar";"Não";"Região Metropolitana do Vale do Piancó";"Motociclistas";NA;NA;NA;NA;NA;NA;NA;NA;1;NA;NA;NA;NA;2;NA;NA;NA;NA;NA;1;NA;NA;NA;1;NA
25;"PB";2500304;"250030";"Alagoa Grande";"Não";"-";"Motociclistas";NA;NA;NA;NA;NA;NA;NA;NA;NA;1;NA;3;2;NA;NA;2;NA;1;1;2;2;2;NA;NA;NA
25;"PB";2500403;"250040";"Alagoa Nova";"Não";"Região Metropolitana de Esperança";"Motociclistas";NA;NA;NA;NA;NA;NA;NA;NA;NA;1;1;NA;NA;NA;3;2;1;NA;NA;4;2;2;1;2;NA
25;"PB";2500502;"250050";"Alagoinha";"Não";"Região Metropolitana de Guarabira";"Motociclistas";NA;NA;NA;NA;NA;NA;2;NA;NA;NA;NA;1;1;NA;1;NA;NA;NA;1;1;NA;NA;NA;1;NA
25;"PB";2500536;"250053";"Alcantil";"Não";"Região Metropolitana de Campina Grande";"Motociclistas";NA;NA;NA;NA;NA;NA;NA;NA;1;NA;NA;NA;1;1;NA;NA;2;1;NA;1;1;NA;NA;1;NA
25;"PB";2500577;"250057";"Algodão de Jandaíra";"Não";"Região Metropolitana de Esperança";"Motociclistas";NA;NA;NA;NA;NA;NA;NA;NA;NA;NA;NA;NA;NA;1;NA;NA;NA;1;NA;NA;NA;NA;NA;NA;NA
25;"PB";2500601;"250060";"Alhandra";"Não";"Região Metropolitana de João Pessoa";"Motociclistas";NA;NA;NA;NA;NA;2;NA;1;1;2;NA;1;NA;1;4;NA;1;3;1;NA;3;5;2;3;NA
25;"PB";2500700;"250070";"São João do Rio do Peixe";"Não";"Região Metropolitana de Cajazeiras";"Motociclistas";NA;NA;1;NA;1;1;NA;NA;NA;NA;NA;NA;NA;1;2;1;1;NA;NA;2;NA;2;1;2;NA
25;"PB";2500775;"250077";"Aparecida";"Não";"Região Metropolitana de Sousa";"Motociclistas";NA;NA;NA;NA;NA;NA;NA;NA;1;NA;NA;1;NA;NA;NA;NA;NA;NA;NA;NA;NA;1;NA;2;NA
25;"PB";2500809;"250080";"Araçagi";"Não";"Região Metropolitana de Guarabira";"Motociclistas";NA;NA;NA;NA;NA;NA;NA;NA;NA;NA;NA;2;NA;NA;1;NA;NA;NA;1;NA;NA;NA;2;NA;NA
25;"PB";2500908;"250090";"Arara";"Não";"Região Metropolitana de Guarabira";"Motociclistas";NA;NA;NA;NA;1;1;1;NA;NA;NA;1;1;1;1;NA;NA;NA;NA;1;NA;NA;1;NA;2;NA
25;"PB";2501005;"250100";"Araruna";"Não";"Região Metropolitana de Araruna";"Motociclistas";NA;NA;NA;NA;NA;2;NA;2;NA;NA;NA;NA;NA;NA;4;3;1;NA;1;1;1;1;NA;3;NA
25;"PB";2501104;"250110";"Areia";"Não";"Região Metropolitana de Esperança";"Motociclistas";NA;NA;NA;NA;NA;NA;NA;NA;1;1;NA;2;NA;NA;1;1;1;1;1;NA;1;1;4;1;NA
25;"PB";2501153;"250115";"Areia de Baraúnas";"Não";"Região Metropolitana de Patos";"Motociclistas";NA;NA;NA;NA;NA;NA;NA;NA;NA;NA;NA;NA;NA;NA;NA;NA;NA;NA;NA;NA;NA;NA;NA;1;NA
25;"PB";2501203;"250120";"Areial";"Não";"Região Metropolitana de Esperança";"Motociclistas";NA;NA;NA;NA;NA;NA;NA;NA;NA;NA;NA;NA;1;NA;NA;NA;1;NA;NA;NA;NA;NA;NA;1;NA
25;"PB";2501302;"250130";"Aroeiras";"Não";"Região Metropolitana de Campina Grande";"Motociclistas";NA;NA;NA;NA;NA;NA;NA;NA;1;NA;NA;1;1;NA;2;1;1;1;2;NA;1;NA;1;2;NA
25;"PB";2501351;"250135";"Assunção";"Não";"-";"Motociclistas";NA;NA;NA;NA;NA;NA;NA;1;NA;3;NA;1;NA;NA;NA;NA;NA;NA;NA;NA;NA;NA;1;NA;NA
25;"PB";2501401;"250140";"Baía da Traição";"Não";"Região Metropolitana do Vale do Mamanguape";"Motociclistas";NA;NA;NA;NA;NA;NA;NA;NA;NA;NA;NA;1;NA;NA;NA;1;NA;1;1;NA;NA;NA;NA;NA;NA
25;"PB";2501500;"250150";"Bananeiras";"Não";"Região Metropolitana de Guarabira";"Motociclistas";NA;NA;NA;NA;1;NA;NA;4;2;NA;1;NA;2;3;1;NA;1;NA;1;3;1;6;6;1;NA
25;"PB";2501534;"250153";"Baraúna";"Não";"Região Metropolitana de Barra de Santa Rosa";"Motociclistas";NA;NA;NA;1;1;NA;NA;NA;NA;NA;NA;NA;NA;NA;NA;NA;NA;NA;NA;NA;NA;1;1;NA;NA
25;"PB";2501575;"250157";"Barra de Santana";"Não";"Região Metropolitana de Campina Grande";"Motociclistas";NA;NA;NA;NA;NA;NA;NA;NA;NA;NA;NA;NA;1;NA;NA;1;1;NA;NA;NA;NA;NA;NA;NA;NA
25;"PB";2501609;"250160";"Barra de Santa Rosa";"Não";"Região Metropolitana de Barra de Santa Rosa";"Motociclistas";NA;NA;NA;NA;NA;1;NA;NA;NA;1;NA;NA;1;NA;NA;NA;2;NA;2;NA;1;NA;2;NA;NA
25;"PB";2501708;"250170";"Barra de São Miguel";"Não";"-";"Motociclistas";NA;NA;NA;NA;NA;NA;NA;NA;NA;NA;NA;NA;NA;NA;NA;NA;NA;NA;1;NA;NA;NA;NA;NA;NA
25;"PB";2501807;"250180";"Bayeux";"Não";"Região Metropolitana de João Pessoa";"Motociclistas";NA;NA;NA;NA;NA;NA;NA;2;2;1;NA;NA;3;5;NA;NA;3;4;3;5;3;1;1;1;NA
25;"PB";2501906;"250190";"Belém";"Não";"Região Metropolitana de Guarabira";"Motociclistas";NA;NA;NA;NA;1;NA;NA;NA;NA;NA;NA;4;1;2;NA;1;2;3;1;2;2;2;NA;NA;NA
25;"PB";2502003;"250200";"Belém do Brejo do Cruz";"Não";"-";"Motociclistas";NA;1;NA;NA;NA;1;NA;NA;1;NA;1;NA;NA;NA;NA;NA;NA;NA;1;NA;NA;1;NA;NA;NA
25;"PB";2502052;"250205";"Bernardino Batista";"Não";"Região Metropolitana de Cajazeiras";"Motociclistas";NA;NA;NA;NA;NA;NA;NA;NA;NA;NA;NA;NA;NA;NA;1;NA;NA;NA;NA;1;1;NA;NA;NA;NA
25;"PB";2502102;"250210";"Boa Ventura";"Não";"Região Metropolitana do Vale do Piancó";"Motociclistas";NA;NA;NA;NA;NA;NA;NA;NA;NA;NA;NA;NA;NA;NA;NA;NA;NA;NA;NA;NA;NA;NA;NA;NA;NA
25;"PB";2502151;"250215";"Boa Vista";"Não";"Região Metropolitana de Campina Grande";"Motociclistas";NA;NA;NA;NA;NA;NA;NA;NA;NA;1;1;1;NA;1;NA;1;1;NA;NA;NA;1;1;1;1;NA
25;"PB";2502201;"250220";"Bom Jesus";"Não";"Região Metropolitana de Cajazeiras";"Motociclistas";NA;NA;NA;NA;NA;NA;NA;NA;NA;NA;NA;NA;NA;NA;NA;NA;1;1;NA;NA;NA;NA;NA;NA;NA
25;"PB";2502300;"250230";"Bom Sucesso";"Não";"-";"Motociclistas";NA;NA;NA;NA;1;NA;NA;NA;NA;NA;1;NA;NA;NA;NA;NA;NA;NA;NA;NA;NA;NA;NA;NA;NA
25;"PB";2502409;"250240";"Bonito de Santa Fé";"Não";"Região Metropolitana de Cajazeiras";"Motociclistas";NA;NA;NA;NA;NA;NA;1;1;NA;NA;1;NA;NA;NA;NA;NA;NA;NA;1;NA;NA;1;1;1;NA
25;"PB";2502508;"250250";"Boqueirão";"Não";"Região Metropolitana de Campina Grande";"Motociclistas";NA;NA;NA;NA;NA;NA;NA;1;1;1;NA;1;1;2;3;3;NA;NA;2;1;1;NA;NA;NA;NA
25;"PB";2502607;"250260";"Igaracy";"Não";"Região Metropolitana do Vale do Piancó";"Motociclistas";NA;NA;1;NA;NA;NA;NA;NA;NA;NA;NA;NA;2;NA;NA;NA;NA;NA;NA;NA;NA;NA;NA;NA;NA
25;"PB";2502706;"250270";"Borborema";"Não";"Região Metropolitana de Guarabira";"Motociclistas";NA;NA;NA;NA;NA;NA;NA;NA;NA;NA;NA;1;NA;1;1;NA;1;NA;NA;NA;NA;NA;NA;2;NA
25;"PB";2502805;"250280";"Brejo do Cruz";"Não";"-";"Motociclistas";NA;NA;1;NA;NA;2;NA;2;2;1;NA;NA;1;NA;2;2;2;2;NA;NA;NA;2;1;1;NA
25;"PB";2502904;"250290";"Brejo dos Santos";"Não";"-";"Motociclistas";NA;NA;NA;NA;NA;NA;1;NA;NA;NA;NA;NA;NA;NA;NA;NA;NA;NA;NA;NA;NA;NA;NA;NA;NA
25;"PB";2503001;"250300";"Caaporã";"Não";"Região Metropolitana de João Pessoa";"Motociclistas";NA;3;1;NA;NA;NA;NA;1;2;NA;1;4;3;1;1;5;2;3;1;1;4;NA;NA;NA;NA
25;"PB";2503100;"250310";"Cabaceiras";"Não";"-";"Motociclistas";NA;NA;NA;NA;NA;NA;2;NA;NA;1;NA;NA;1;1;NA;NA;1;NA;1;NA;NA;NA;NA;NA;NA
25;"PB";2503209;"250320";"Cabedelo";"Não";"Região Metropolitana de João Pessoa";"Motociclistas";NA;NA;1;NA;NA;NA;NA;1;NA;2;1;2;2;2;1;NA;1;3;1;1;1;1;NA;1;NA
25;"PB";2503308;"250330";"Cachoeira dos Índios";"Não";"Região Metropolitana de Cajazeiras";"Motociclistas";NA;NA;NA;NA;NA;NA;NA;NA;NA;1;NA;NA;1;NA;NA;NA;NA;NA;NA;NA;NA;NA;2;3;NA
25;"PB";2503407;"250340";"Cacimba de Areia";"Não";"Região Metropolitana de Patos";"Motociclistas";NA;NA;NA;NA;NA;NA;NA;NA;NA;NA;NA;NA;NA;NA;NA;2;NA;1;NA;NA;NA;NA;NA;NA;NA
25;"PB";2503506;"250350";"Cacimba de Dentro";"Não";"Região Metropolitana de Araruna";"Motociclistas";NA;NA;NA;NA;NA;NA;NA;NA;1;NA;NA;6;NA;1;1;NA;1;NA;NA;2;2;NA;3;NA;NA
25;"PB";2503555;"250355";"Cacimbas";"Não";"Região Metropolitana de Patos";"Motociclistas";NA;NA;NA;NA;NA;NA;NA;NA;2;NA;NA;NA;NA;NA;NA;NA;NA;NA;1;NA;NA;NA;NA;NA;NA
25;"PB";2503605;"250360";"Caiçara";"Não";"Região Metropolitana de Guarabira";"Motociclistas";NA;NA;NA;NA;NA;NA;NA;NA;NA;NA;NA;1;NA;1;NA;NA;NA;1;NA;1;NA;NA;NA;NA;NA
25;"PB";2503704;"250370";"Cajazeiras";"Não";"Região Metropolitana de Cajazeiras";"Motociclistas";NA;3;1;1;1;NA;NA;2;1;8;1;3;3;3;2;3;2;4;6;6;3;10;10;11;NA
25;"PB";2503753;"250375";"Cajazeirinhas";"Não";"-";"Motociclistas";NA;NA;NA;NA;NA;NA;NA;NA;NA;NA;NA;NA;1;NA;NA;NA;NA;NA;NA;NA;NA;NA;1;NA;NA
25;"PB";2503803;"250380";"Caldas Brandão";"Não";"Região Metropolitana de Itabaiana";"Motociclistas";NA;NA;NA;NA;NA;NA;NA;1;NA;NA;NA;NA;NA;3;NA;NA;1;1;NA;1;NA;1;NA;NA;NA
25;"PB";2503902;"250390";"Camalaú";"Não";"-";"Motociclistas";NA;NA;NA;NA;NA;NA;NA;NA;NA;NA;NA;NA;NA;1;NA;2;NA;1;NA;NA;1;1;NA;NA;NA
25;"PB";2504009;"250400";"Campina Grande";"Não";"Região Metropolitana de Campina Grande";"Motociclistas";3;NA;NA;2;15;31;21;49;78;51;32;39;90;83;98;93;96;84;87;76;95;68;72;86;NA
25;"PB";2504033;"250403";"Capim";"Não";"-";"Motociclistas";NA;NA;NA;NA;NA;NA;NA;NA;NA;NA;1;NA;1;1;NA;2;NA;1;NA;1;NA;NA;2;1;NA
25;"PB";2504074;"250407";"Caraúbas";"Não";"-";"Motociclistas";NA;NA;NA;NA;NA;NA;NA;NA;NA;NA;NA;NA;NA;NA;NA;NA;NA;1;NA;NA;NA;NA;NA;1;NA
25;"PB";2504108;"250410";"Carrapateira";"Não";"Região Metropolitana de Cajazeiras";"Motociclistas";NA;NA;NA;NA;NA;NA;NA;NA;NA;NA;NA;NA;NA;NA;NA;NA;NA;NA;NA;NA;NA;1;NA;NA;NA
25;"PB";2504157;"250415";"Casserengue";"Não";"-";"Motociclistas";NA;NA;NA;NA;NA;NA;NA;NA;NA;NA;NA;NA;NA;NA;1;NA;2;NA;NA;NA;NA;NA;1;1;NA
25;"PB";2504207;"250420";"Catingueira";"Não";"Região Metropolitana do Vale do Piancó";"Motociclistas";NA;NA;NA;NA;NA;NA;NA;NA;NA;NA;2;1;NA;NA;NA;NA;NA;NA;NA;NA;NA;1;1;2;NA
25;"PB";2504306;"250430";"Catolé do Rocha";"Não";"-";"Motociclistas";NA;NA;NA;NA;1;NA;1;1;1;NA;2;2;1;NA;5;2;2;3;NA;NA;1;NA;1;1;NA
25;"PB";2504405;"250440";"Conceição";"Não";"Região Metropolitana do Vale do Piancó";"Motociclistas";NA;NA;NA;NA;NA;1;NA;NA;1;1;1;2;2;1;NA;1;1;NA;2;1;NA;2;NA;2;NA
25;"PB";2504504;"250450";"Condado";"Não";"Região Metropolitana de Patos";"Motociclistas";NA;NA;NA;NA;NA;NA;NA;NA;NA;NA;NA;NA;NA;NA;3;NA;1;1;NA;NA;1;NA;NA;NA;NA
25;"PB";2504603;"250460";"Conde";"Não";"Região Metropolitana de João Pessoa";"Motociclistas";NA;NA;NA;NA;2;3;NA;NA;NA;1;4;2;5;3;NA;5;NA;4;2;2;1;1;1;4;NA
25;"PB";2504702;"250470";"Congo";"Não";"-";"Motociclistas";NA;NA;NA;NA;NA;NA;NA;NA;1;NA;NA;NA;1;1;3;1;NA;1;NA;1;1;1;1;1;NA
25;"PB";2504801;"250480";"Coremas";"Não";"Região Metropolitana do Vale do Piancó";"Motociclistas";NA;NA;NA;NA;NA;NA;NA;NA;NA;NA;NA;NA;NA;1;NA;NA;NA;NA;NA;NA;2;1;NA;1;NA
25;"PB";2504850;"250485";"Coxixola";"Não";"-";"Motociclistas";NA;NA;NA;NA;NA;NA;NA;NA;NA;NA;NA;NA;NA;NA;NA;NA;NA;NA;NA;NA;NA;NA;NA;NA;NA
25;"PB";2504900;"250490";"Cruz do Espírito Santo";"Não";"Região Metropolitana de João Pessoa";"Motociclistas";NA;NA;NA;NA;NA;NA;NA;NA;NA;1;NA;NA;2;1;NA;3;3;2;NA;1;1;1;2;1;NA
25;"PB";2505006;"250500";"Cubati";"Não";"-";"Motociclistas";NA;NA;NA;NA;NA;NA;NA;1;NA;NA;NA;NA;1;1;1;NA;NA;1;1;NA;2;NA;NA;NA;NA
25;"PB";2505105;"250510";"Cuité";"Não";"Região Metropolitana de Barra de Santa Rosa";"Motociclistas";NA;NA;NA;NA;1;NA;NA;NA;NA;1;NA;NA;NA;4;NA;3;2;1;2;2;1;NA;1;1;NA
25;"PB";2505204;"250520";"Cuitegi";"Não";"Região Metropolitana de Guarabira";"Motociclistas";NA;NA;NA;NA;NA;NA;NA;NA;NA;1;NA;NA;1;1;NA;NA;1;NA;NA;NA;NA;1;2;2;NA
25;"PB";2505238;"250523";"Cuité de Mamanguape";"Não";"Região Metropolitana do Vale do Mamanguape";"Motociclistas";NA;NA;NA;NA;NA;NA;1;NA;NA;NA;NA;NA;NA;NA;NA;NA;NA;NA;NA;NA;NA;NA;NA;NA;NA
25;"PB";2505279;"250527";"Curral de Cima";"Não";"Região Metropolitana do Vale do Mamanguape";"Motociclistas";NA;NA;NA;NA;NA;NA;NA;NA;NA;1;NA;NA;NA;NA;NA;1;NA;NA;NA;2;NA;2;NA;NA;NA
25;"PB";2505352;"250535";"Damião";"Não";"Região Metropolitana de Araruna";"Motociclistas";NA;NA;NA;NA;NA;NA;NA;1;NA;NA;NA;NA;NA;1;NA;1;3;1;1;1;NA;1;NA;NA;NA
25;"PB";2505402;"250540";"Desterro";"Não";"Região Metropolitana de Patos";"Motociclistas";NA;NA;NA;NA;NA;NA;NA;NA;NA;1;NA;1;1;NA;1;NA;1;2;NA;NA;NA;NA;2;NA;NA
25;"PB";2505501;"250550";"Vista Serrana";"Não";"Região Metropolitana de Patos";"Motociclistas";NA;NA;NA;NA;NA;NA;NA;NA;NA;NA;NA;NA;NA;NA;NA;NA;NA;NA;NA;NA;NA;NA;NA;NA;NA
25;"PB";2505600;"250560";"Diamante";"Não";"Região Metropolitana do Vale do Piancó";"Motociclistas";NA;NA;NA;NA;NA;NA;NA;NA;NA;NA;NA;NA;NA;NA;1;NA;NA;NA;NA;NA;NA;NA;NA;NA;NA
25;"PB";2505709;"250570";"Dona Inês";"Não";"Região Metropolitana de Araruna";"Motociclistas";NA;NA;NA;NA;1;NA;NA;NA;NA;NA;NA;NA;NA;2;1;1;NA;NA;NA;NA;NA;NA;1;1;NA
25;"PB";2505808;"250580";"Duas Estradas";"Não";"Região Metropolitana de Guarabira";"Motociclistas";NA;NA;NA;NA;NA;NA;NA;NA;NA;NA;NA;NA;NA;NA;1;1;NA;NA;NA;NA;NA;NA;NA;NA;NA
25;"PB";2505907;"250590";"Emas";"Não";"Região Metropolitana de Patos";"Motociclistas";NA;NA;NA;NA;NA;NA;NA;NA;NA;NA;NA;NA;NA;NA;NA;NA;NA;NA;NA;NA;NA;NA;NA;1;NA
25;"PB";2506004;"250600";"Esperança";"Não";"Região Metropolitana de Esperança";"Motociclistas";NA;NA;NA;NA;1;1;NA;NA;1;1;NA;NA;2;1;1;2;3;2;1;1;NA;1;NA;NA;NA
25;"PB";2506103;"250610";"Fagundes";"Não";"Região Metropolitana de Campina Grande";"Motociclistas";NA;NA;NA;NA;NA;NA;NA;NA;NA;1;NA;1;NA;NA;2;2;NA;1;NA;NA;NA;NA;1;1;NA
25;"PB";2506202;"250620";"Frei Martinho";"Não";"Região Metropolitana de Barra de Santa Rosa";"Motociclistas";NA;NA;NA;NA;NA;NA;NA;NA;NA;NA;NA;NA;NA;1;NA;NA;NA;NA;1;NA;1;NA;NA;NA;NA
25;"PB";2506251;"250625";"Gado Bravo";"Não";"Região Metropolitana de Campina Grande";"Motociclistas";NA;NA;NA;NA;NA;NA;NA;NA;NA;NA;1;NA;NA;1;NA;NA;NA;NA;NA;1;NA;1;2;NA;NA
25;"PB";2506301;"250630";"Guarabira";"Não";"Região Metropolitana de Guarabira";"Motociclistas";NA;1;NA;NA;NA;2;NA;NA;NA;2;1;NA;NA;2;2;6;6;3;8;2;2;5;7;2;NA
25;"PB";2506400;"250640";"Gurinhém";"Não";"Região Metropolitana de Itabaiana";"Motociclistas";NA;NA;NA;NA;1;NA;NA;NA;NA;1;NA;NA;NA;3;1;1;NA;3;NA;NA;NA;NA;NA;NA;NA
25;"PB";2506509;"250650";"Gurjão";"Não";"-";"Motociclistas";NA;NA;NA;NA;NA;NA;NA;NA;NA;NA;NA;NA;1;1;NA;NA;1;1;NA;1;NA;NA;NA;NA;NA
25;"PB";2506608;"250660";"Ibiara";"Não";"Região Metropolitana do Vale do Piancó";"Motociclistas";NA;NA;NA;NA;NA;NA;NA;NA;NA;NA;NA;1;1;NA;NA;NA;NA;NA;NA;NA;NA;NA;NA;1;NA
25;"PB";2506707;"250670";"Imaculada";"Não";"-";"Motociclistas";NA;NA;NA;NA;NA;NA;NA;NA;NA;NA;NA;NA;1;NA;1;1;NA;NA;1;NA;1;NA;NA;1;NA
25;"PB";2506806;"250680";"Ingá";"Não";"Região Metropolitana de Itabaiana";"Motociclistas";NA;NA;NA;NA;NA;NA;NA;1;1;NA;NA;NA;NA;1;2;2;NA;2;1;1;NA;1;1;2;NA
25;"PB";2506905;"250690";"Itabaiana";"Não";"Região Metropolitana de Itabaiana";"Motociclistas";NA;NA;NA;NA;2;3;NA;2;1;1;NA;NA;1;3;1;1;NA;NA;2;1;1;3;1;1;NA
25;"PB";2507002;"250700";"Itaporanga";"Não";"Região Metropolitana do Vale do Piancó";"Motociclistas";NA;NA;2;1;NA;1;1;NA;NA;3;NA;1;1;1;2;1;NA;NA;NA;1;NA;1;NA;2;NA
25;"PB";2507101;"250710";"Itapororoca";"Não";"Região Metropolitana do Vale do Mamanguape";"Motociclistas";NA;NA;NA;NA;NA;1;NA;NA;NA;1;NA;NA;NA;NA;1;1;1;4;1;1;2;1;1;1;NA
25;"PB";2507200;"250720";"Itatuba";"Não";"Região Metropolitana de Campina Grande";"Motociclistas";NA;NA;NA;NA;NA;NA;NA;NA;NA;NA;NA;NA;NA;NA;1;NA;NA;NA;NA;NA;NA;1;NA;NA;NA
25;"PB";2507309;"250730";"Jacaraú";"Não";"Região Metropolitana do Vale do Mamanguape";"Motociclistas";NA;NA;NA;NA;NA;NA;NA;NA;NA;NA;NA;NA;1;4;NA;2;3;1;3;NA;1;NA;NA;1;NA
25;"PB";2507408;"250740";"Jericó";"Não";"-";"Motociclistas";1;NA;NA;NA;NA;NA;NA;NA;NA;1;1;NA;NA;1;NA;NA;NA;NA;NA;1;1;NA;NA;NA;NA
25;"PB";2507507;"250750";"João Pessoa";"Sim";"Região Metropolitana de João Pessoa";"Motociclistas";4;3;18;10;15;27;28;39;40;54;57;58;68;71;65;75;110;94;90;77;71;76;55;52;NA
25;"PB";2507606;"250760";"Juarez Távora";"Não";"Região Metropolitana de Itabaiana";"Motociclistas";NA;NA;NA;NA;NA;NA;NA;NA;NA;NA;NA;NA;NA;1;NA;NA;NA;3;NA;1;1;2;NA;NA;NA
25;"PB";2507705;"250770";"Juazeirinho";"Não";"-";"Motociclistas";NA;NA;NA;NA;NA;1;NA;1;1;NA;1;NA;2;3;NA;2;2;1;1;2;2;1;2;1;NA
25;"PB";2507804;"250780";"Junco do Seridó";"Não";"Região Metropolitana de Patos";"Motociclistas";NA;NA;NA;NA;NA;NA;NA;NA;NA;NA;NA;NA;NA;NA;1;NA;2;NA;1;NA;NA;1;NA;NA;NA
25;"PB";2507903;"250790";"Juripiranga";"Não";"Região Metropolitana de Itabaiana";"Motociclistas";NA;NA;NA;NA;NA;NA;NA;NA;1;NA;NA;1;1;NA;1;NA;NA;NA;NA;NA;NA;2;NA;1;NA
25;"PB";2508000;"250800";"Juru";"Não";"-";"Motociclistas";NA;NA;1;NA;NA;NA;NA;NA;1;2;1;NA;2;1;3;NA;NA;NA;NA;NA;NA;1;NA;1;NA
25;"PB";2508208;"250820";"Lagoa de Dentro";"Não";"Região Metropolitana de Guarabira";"Motociclistas";NA;NA;NA;NA;NA;NA;NA;NA;NA;NA;NA;NA;NA;NA;NA;NA;2;2;NA;1;1;NA;NA;NA;NA
25;"PB";2508307;"250830";"Lagoa Seca";"Não";"Região Metropolitana de Campina Grande";"Motociclistas";NA;NA;NA;NA;NA;NA;NA;6;1;3;NA;2;2;2;NA;NA;NA;1;4;1;2;2;NA;NA;NA
25;"PB";2508406;"250840";"Lastro";"Não";"Região Metropolitana de Sousa";"Motociclistas";NA;NA;NA;NA;NA;NA;NA;NA;NA;NA;NA;NA;NA;NA;NA;NA;NA;NA;NA;NA;NA;NA;2;NA;NA
25;"PB";2508505;"250850";"Livramento";"Não";"-";"Motociclistas";NA;NA;NA;NA;NA;NA;NA;NA;NA;NA;NA;NA;NA;NA;1;2;NA;NA;NA;NA;NA;NA;1;NA;NA
25;"PB";2508554;"250855";"Logradouro";"Não";"Região Metropolitana de Guarabira";"Motociclistas";NA;NA;NA;NA;NA;NA;NA;NA;NA;NA;NA;NA;NA;1;NA;1;NA;1;NA;NA;NA;NA;NA;NA;NA
25;"PB";2508604;"250860";"Lucena";"Não";"Região Metropolitana de João Pessoa";"Motociclistas";NA;NA;NA;NA;NA;NA;NA;NA;1;NA;2;1;2;2;NA;1;4;1;1;NA;1;NA;NA;1;NA
25;"PB";2508703;"250870";"Mãe d'Água";"Não";"Região Metropolitana de Patos";"Motociclistas";NA;NA;NA;NA;NA;NA;NA;NA;NA;NA;NA;NA;1;NA;NA;1;NA;NA;NA;NA;NA;NA;NA;NA;NA
25;"PB";2508802;"250880";"Malta";"Não";"Região Metropolitana de Patos";"Motociclistas";NA;NA;1;NA;NA;NA;NA;NA;NA;NA;2;NA;NA;1;NA;NA;1;NA;1;2;NA;1;NA;NA;NA
25;"PB";2508901;"250890";"Mamanguape";"Não";"Região Metropolitana do Vale do Mamanguape";"Motociclistas";NA;NA;NA;NA;NA;1;2;2;4;3;1;3;3;2;5;3;3;1;6;4;2;6;3;2;NA
25;"PB";2509008;"250900";"Manaíra";"Não";"-";"Motociclistas";NA;NA;NA;NA;NA;NA;NA;NA;NA;NA;NA;NA;NA;NA;NA;NA;NA;1;NA;1;NA;1;1;NA;NA
25;"PB";2509057;"250905";"Marcação";"Não";"Região Metropolitana do Vale do Mamanguape";"Motociclistas";NA;NA;NA;NA;NA;NA;NA;NA;1;NA;1;NA;NA;3;NA;NA;2;1;NA;NA;1;NA;NA;NA;NA
25;"PB";2509107;"250910";"Mari";"Não";"-";"Motociclistas";NA;NA;NA;NA;NA;NA;NA;NA;NA;NA;NA;NA;1;1;NA;2;3;3;1;2;3;3;NA;4;NA
25;"PB";2509156;"250915";"Marizópolis";"Não";"Região Metropolitana de Sousa";"Motociclistas";NA;NA;NA;NA;NA;NA;NA;NA;NA;NA;NA;NA;NA;NA;NA;NA;NA;NA;NA;NA;NA;NA;NA;1;NA
25;"PB";2509206;"250920";"Massaranduba";"Não";"Região Metropolitana de Campina Grande";"Motociclistas";NA;NA;NA;1;NA;NA;NA;NA;NA;2;NA;NA;NA;NA;NA;NA;NA;2;2;NA;NA;NA;NA;NA;NA
25;"PB";2509305;"250930";"Mataraca";"Não";"Região Metropolitana do Vale do Mamanguape";"Motociclistas";NA;NA;NA;NA;NA;NA;NA;NA;NA;NA;1;NA;NA;NA;1;3;NA;2;3;NA;NA;2;NA;1;NA
25;"PB";2509339;"250933";"Matinhas";"Não";"Região Metropolitana de Campina Grande";"Motociclistas";NA;NA;NA;NA;NA;NA;NA;NA;1;NA;NA;NA;1;1;2;NA;NA;NA;1;2;1;NA;NA;1;NA
25;"PB";2509370;"250937";"Mato Grosso";"Não";"-";"Motociclistas";NA;NA;NA;NA;NA;NA;NA;NA;1;NA;NA;NA;NA;NA;NA;NA;NA;NA;NA;NA;NA;NA;NA;NA;NA
25;"PB";2509396;"250939";"Maturéia";"Não";"Região Metropolitana de Patos";"Motociclistas";NA;NA;NA;NA;NA;NA;NA;NA;NA;NA;1;NA;3;NA;NA;1;NA;NA;1;NA;NA;1;NA;1;NA
25;"PB";2509404;"250940";"Mogeiro";"Não";"Região Metropolitana de Itabaiana";"Motociclistas";NA;NA;NA;NA;NA;1;NA;NA;NA;NA;NA;1;1;1;1;1;NA;2;NA;NA;NA;NA;NA;NA;NA
25;"PB";2509503;"250950";"Montadas";"Não";"Região Metropolitana de Esperança";"Motociclistas";NA;NA;NA;NA;NA;NA;NA;NA;NA;NA;1;NA;NA;NA;NA;NA;NA;1;NA;NA;NA;NA;1;NA;NA
25;"PB";2509602;"250960";"Monte Horebe";"Não";"Região Metropolitana de Cajazeiras";"Motociclistas";NA;NA;NA;NA;NA;NA;NA;NA;1;NA;NA;NA;NA;1;2;NA;NA;NA;NA;NA;NA;1;1;NA;NA
25;"PB";2509701;"250970";"Monteiro";"Não";"-";"Motociclistas";NA;NA;NA;NA;2;1;NA;1;1;NA;3;1;3;1;4;1;3;3;2;1;1;2;2;3;NA
25;"PB";2509800;"250980";"Mulungu";"Não";"Região Metropolitana de Guarabira";"Motociclistas";NA;NA;NA;NA;NA;NA;NA;1;NA;NA;NA;NA;1;NA;NA;NA;NA;NA;2;1;NA;1;NA;NA;NA
25;"PB";2509909;"250990";"Natuba";"Não";"Região Metropolitana de Campina Grande";"Motociclistas";NA;NA;NA;NA;NA;NA;NA;NA;NA;NA;NA;NA;NA;1;NA;1;NA;NA;NA;NA;NA;1;NA;2;NA
25;"PB";2510006;"251000";"Nazarezinho";"Não";"Região Metropolitana de Sousa";"Motociclistas";NA;NA;NA;NA;NA;NA;NA;NA;NA;NA;NA;1;NA;NA;NA;NA;NA;NA;NA;NA;NA;NA;NA;1;NA
25;"PB";2510105;"251010";"Nova Floresta";"Não";"Região Metropolitana de Barra de Santa Rosa";"Motociclistas";NA;NA;NA;NA;NA;NA;NA;NA;NA;NA;NA;1;NA;NA;NA;NA;2;NA;NA;2;2;NA;NA;NA;NA
25;"PB";2510204;"251020";"Nova Olinda";"Não";"Região Metropolitana do Vale do Piancó";"Motociclistas";NA;NA;NA;NA;NA;NA;1;NA;1;NA;1;NA;NA;NA;NA;NA;NA;1;NA;NA;NA;NA;NA;1;NA
25;"PB";2510303;"251030";"Nova Palmeira";"Não";"Região Metropolitana de Barra de Santa Rosa";"Motociclistas";NA;NA;NA;NA;NA;NA;NA;NA;NA;NA;NA;NA;NA;NA;1;NA;NA;NA;1;NA;NA;NA;NA;NA;NA
25;"PB";2510402;"251040";"Olho d'Água";"Não";"-";"Motociclistas";NA;NA;NA;NA;NA;NA;NA;NA;NA;NA;NA;1;NA;NA;NA;1;NA;NA;NA;NA;NA;NA;2;NA;NA
25;"PB";2510501;"251050";"Olivedos";"Não";"-";"Motociclistas";NA;NA;NA;NA;NA;NA;NA;NA;NA;NA;NA;NA;NA;NA;NA;NA;2;NA;NA;NA;NA;1;NA;1;NA
25;"PB";2510600;"251060";"Ouro Velho";"Não";"-";"Motociclistas";NA;NA;NA;NA;NA;NA;1;NA;NA;NA;NA;NA;1;NA;NA;1;NA;1;NA;NA;NA;NA;NA;NA;NA
25;"PB";2510709;"251070";"Passagem";"Não";"Região Metropolitana de Patos";"Motociclistas";NA;NA;NA;NA;NA;NA;NA;NA;NA;NA;NA;NA;NA;NA;1;1;NA;NA;NA;NA;NA;1;NA;NA;NA
25;"PB";2510808;"251080";"Patos";"Não";"Região Metropolitana de Patos";"Motociclistas";NA;NA;NA;NA;NA;1;NA;3;1;2;6;3;5;4;6;2;3;3;5;3;7;8;3;4;NA
25;"PB";2510907;"251090";"Paulista";"Não";"-";"Motociclistas";NA;NA;NA;NA;NA;NA;NA;1;NA;1;NA;NA;1;3;1;NA;NA;NA;NA;NA;NA;1;2;1;NA
25;"PB";2511004;"251100";"Pedra Branca";"Não";"-";"Motociclistas";NA;NA;NA;NA;NA;NA;NA;NA;NA;NA;NA;NA;1;NA;NA;NA;NA;NA;NA;NA;NA;NA;NA;NA;NA
25;"PB";2511103;"251110";"Pedra Lavrada";"Não";"-";"Motociclistas";NA;NA;NA;NA;NA;NA;NA;1;NA;NA;NA;NA;1;NA;1;NA;1;NA;1;NA;1;NA;NA;NA;NA
25;"PB";2511202;"251120";"Pedras de Fogo";"Não";"Região Metropolitana de João Pessoa";"Motociclistas";NA;NA;NA;NA;NA;NA;NA;NA;2;NA;1;NA;NA;2;1;2;3;2;1;2;2;3;2;2;NA
25;"PB";2511301;"251130";"Piancó";"Não";"Região Metropolitana do Vale do Piancó";"Motociclistas";NA;NA;3;NA;NA;NA;NA;NA;NA;1;2;1;NA;1;NA;1;1;3;NA;NA;1;2;NA;1;NA
25;"PB";2511400;"251140";"Picuí";"Não";"Região Metropolitana de Barra de Santa Rosa";"Motociclistas";NA;NA;NA;1;NA;NA;NA;2;1;1;1;1;2;1;NA;NA;2;NA;2;5;1;1;4;5;NA
25;"PB";2511509;"251150";"Pilar";"Não";"Região Metropolitana de Itabaiana";"Motociclistas";NA;NA;NA;NA;NA;NA;NA;NA;1;NA;NA;1;NA;NA;2;NA;3;1;1;NA;NA;NA;1;1;NA
25;"PB";2511608;"251160";"Pilões";"Não";"Região Metropolitana de Guarabira";"Motociclistas";NA;NA;NA;NA;NA;NA;NA;NA;NA;NA;NA;NA;NA;2;NA;NA;NA;1;1;NA;NA;NA;NA;2;NA
25;"PB";2511806;"251180";"Pirpirituba";"Não";"Região Metropolitana de Guarabira";"Motociclistas";NA;NA;NA;NA;1;NA;NA;NA;NA;1;NA;1;NA;1;1;1;2;2;1;NA;NA;NA;2;2;NA
25;"PB";2511905;"251190";"Pitimbu";"Não";"Região Metropolitana de João Pessoa";"Motociclistas";NA;NA;NA;NA;NA;NA;NA;NA;NA;NA;2;1;2;1;NA;2;1;NA;5;NA;1;NA;NA;2;NA
25;"PB";2512002;"251200";"Pocinhos";"Não";"Região Metropolitana de Esperança";"Motociclistas";NA;NA;NA;1;NA;NA;NA;NA;NA;NA;NA;NA;1;NA;2;3;1;1;NA;1;1;1;NA;5;NA
25;"PB";2512036;"251203";"Poço Dantas";"Não";"Região Metropolitana de Cajazeiras";"Motociclistas";NA;NA;NA;NA;NA;NA;NA;1;NA;NA;NA;NA;1;NA;NA;NA;NA;NA;NA;NA;NA;NA;1;NA;NA
25;"PB";2512077;"251207";"Poço de José de Moura";"Não";"Região Metropolitana de Cajazeiras";"Motociclistas";NA;NA;NA;NA;NA;NA;NA;NA;NA;NA;NA;1;NA;NA;NA;NA;NA;NA;2;NA;NA;NA;1;1;NA
25;"PB";2512101;"251210";"Pombal";"Não";"-";"Motociclistas";NA;NA;NA;NA;NA;NA;NA;NA;NA;1;2;3;3;1;1;NA;NA;1;NA;NA;NA;NA;NA;NA;NA
25;"PB";2512200;"251220";"Prata";"Não";"-";"Motociclistas";NA;NA;NA;NA;NA;NA;NA;NA;NA;NA;NA;NA;1;NA;NA;NA;NA;NA;NA;NA;1;NA;2;NA;NA
25;"PB";2512309;"251230";"Princesa Isabel";"Não";"-";"Motociclistas";NA;NA;NA;NA;1;NA;NA;NA;NA;NA;4;4;1;NA;NA;NA;1;NA;NA;NA;3;3;NA;2;NA
25;"PB";2512408;"251240";"Puxinanã";"Não";"Região Metropolitana de Campina Grande";"Motociclistas";NA;NA;NA;NA;NA;NA;NA;1;3;NA;NA;1;NA;2;NA;3;NA;1;NA;1;1;NA;1;1;NA
25;"PB";2512507;"251250";"Queimadas";"Não";"Região Metropolitana de Campina Grande";"Motociclistas";NA;NA;NA;NA;1;NA;NA;1;1;NA;NA;3;3;2;1;3;4;1;2;3;2;NA;NA;2;NA
25;"PB";2512606;"251260";"Quixaba";"Não";"Região Metropolitana de Patos";"Motociclistas";NA;NA;NA;NA;NA;NA;NA;NA;NA;NA;NA;NA;NA;NA;1;1;NA;1;NA;NA;NA;NA;NA;NA;NA
25;"PB";2512705;"251270";"Remígio";"Não";"Região Metropolitana de Esperança";"Motociclistas";NA;NA;1;NA;1;NA;NA;NA;NA;2;NA;1;NA;1;NA;1;NA;3;NA;1;NA;NA;1;NA;NA
25;"PB";2512721;"251272";"Pedro Régis";"Não";"Região Metropolitana do Vale do Mamanguape";"Motociclistas";NA;NA;NA;NA;NA;NA;NA;NA;NA;NA;NA;NA;3;NA;NA;1;2;NA;1;2;1;NA;NA;NA;NA
25;"PB";2512747;"251274";"Riachão";"Não";"Região Metropolitana de Araruna";"Motociclistas";NA;NA;NA;NA;NA;NA;NA;NA;NA;NA;1;NA;NA;NA;NA;NA;NA;NA;NA;NA;NA;NA;1;1;NA
25;"PB";2512754;"251275";"Riachão do Bacamarte";"Não";"Região Metropolitana de Itabaiana";"Motociclistas";NA;NA;NA;NA;NA;NA;NA;NA;NA;NA;NA;NA;NA;1;NA;NA;NA;1;NA;NA;NA;NA;3;NA;NA
25;"PB";2512762;"251276";"Riachão do Poço";"Não";"-";"Motociclistas";NA;NA;NA;NA;NA;NA;NA;NA;NA;NA;NA;NA;NA;NA;NA;NA;1;NA;NA;1;1;NA;NA;1;NA
25;"PB";2512788;"251278";"Riacho de Santo Antônio";"Não";"-";"Motociclistas";NA;NA;NA;NA;NA;NA;NA;NA;NA;NA;NA;NA;NA;NA;NA;NA;NA;NA;1;NA;NA;NA;NA;1;NA
25;"PB";2512804;"251280";"Riacho dos Cavalos";"Não";"-";"Motociclistas";NA;NA;NA;NA;NA;NA;NA;NA;NA;NA;NA;NA;NA;NA;NA;NA;NA;1;NA;NA;NA;NA;1;1;NA
25;"PB";2512903;"251290";"Rio Tinto";"Não";"Região Metropolitana de João Pessoa";"Motociclistas";NA;NA;NA;NA;NA;1;NA;1;4;NA;3;NA;1;NA;NA;2;2;NA;1;4;NA;NA;NA;2;NA
25;"PB";2513000;"251300";"Salgadinho";"Não";"Região Metropolitana de Patos";"Motociclistas";NA;NA;NA;NA;NA;NA;NA;NA;NA;NA;NA;NA;NA;NA;NA;NA;NA;1;NA;NA;NA;NA;1;NA;NA
25;"PB";2513109;"251310";"Salgado de São Félix";"Não";"Região Metropolitana de Itabaiana";"Motociclistas";NA;NA;NA;NA;NA;NA;NA;NA;NA;NA;NA;NA;NA;NA;NA;1;NA;NA;NA;NA;1;NA;1;1;NA
25;"PB";2513158;"251315";"Santa Cecília";"Não";"Região Metropolitana de Campina Grande";"Motociclistas";NA;NA;NA;NA;NA;NA;NA;1;NA;NA;NA;NA;1;NA;NA;NA;NA;NA;NA;NA;NA;1;NA;NA;NA
25;"PB";2513208;"251320";"Santa Cruz";"Não";"Região Metropolitana de Sousa";"Motociclistas";NA;NA;NA;NA;NA;1;NA;NA;NA;NA;NA;1;NA;2;NA;NA;NA;NA;NA;1;NA;1;NA;NA;NA
25;"PB";2513307;"251330";"Santa Helena";"Não";"Região Metropolitana de Cajazeiras";"Motociclistas";NA;NA;NA;1;NA;NA;NA;NA;NA;NA;NA;NA;NA;NA;NA;1;NA;NA;1;NA;NA;1;NA;2;NA
25;"PB";2513406;"251340";"Santa Luzia";"Não";"Região Metropolitana de Patos";"Motociclistas";NA;NA;NA;NA;1;NA;NA;NA;NA;NA;1;2;1;NA;NA;NA;1;1;NA;2;NA;NA;NA;1;NA
25;"PB";2513505;"251350";"Santana de Mangueira";"Não";"Região Metropolitana do Vale do Piancó";"Motociclistas";NA;NA;NA;NA;NA;NA;NA;NA;NA;NA;1;NA;NA;NA;1;NA;NA;1;NA;NA;NA;NA;NA;NA;NA
25;"PB";2513604;"251360";"Santana dos Garrotes";"Não";"Região Metropolitana do Vale do Piancó";"Motociclistas";NA;NA;NA;NA;NA;NA;NA;NA;NA;NA;NA;NA;NA;NA;NA;NA;NA;NA;1;NA;NA;NA;NA;NA;NA
25;"PB";2513653;"251365";"Joca Claudino";"Não";"Região Metropolitana de Cajazeiras";"Motociclistas";NA;NA;NA;NA;NA;NA;NA;NA;1;NA;NA;NA;NA;NA;1;NA;NA;NA;NA;NA;NA;1;NA;NA;NA
25;"PB";2513703;"251370";"Santa Rita";"Não";"Região Metropolitana de João Pessoa";"Motociclistas";NA;NA;NA;NA;NA;1;NA;1;6;1;8;3;2;7;5;8;6;7;8;9;4;4;NA;3;NA
25;"PB";2513802;"251380";"Santa Teresinha";"Não";"Região Metropolitana de Patos";"Motociclistas";NA;NA;NA;NA;NA;NA;NA;NA;NA;1;NA;NA;NA;NA;NA;NA;NA;NA;NA;NA;NA;NA;3;NA;NA
25;"PB";2513851;"251385";"Santo André";"Não";"-";"Motociclistas";NA;NA;NA;NA;NA;NA;NA;NA;NA;NA;NA;NA;NA;NA;NA;NA;NA;NA;NA;2;2;NA;2;NA;NA
25;"PB";2513901;"251390";"São Bento";"Não";"-";"Motociclistas";NA;NA;1;NA;NA;NA;5;3;1;1;1;NA;1;2;1;1;1;2;2;1;1;3;NA;2;NA
25;"PB";2513927;"251392";"São Bentinho";"Não";"-";"Motociclistas";NA;NA;NA;NA;1;NA;NA;NA;NA;NA;NA;1;NA;NA;NA;NA;NA;NA;NA;NA;NA;NA;NA;NA;NA
25;"PB";2513943;"251394";"São Domingos do Cariri";"Não";"-";"Motociclistas";NA;NA;NA;NA;NA;NA;NA;NA;NA;NA;NA;NA;NA;NA;NA;NA;1;NA;1;NA;NA;NA;1;NA;NA
25;"PB";2513968;"251396";"São Domingos";"Não";"-";"Motociclistas";NA;NA;NA;NA;NA;NA;NA;NA;NA;NA;NA;NA;2;NA;NA;NA;NA;NA;NA;NA;NA;1;1;NA;NA
25;"PB";2513984;"251398";"São Francisco";"Não";"Região Metropolitana de Sousa";"Motociclistas";NA;NA;NA;NA;NA;1;NA;NA;NA;NA;NA;NA;NA;1;NA;NA;NA;NA;NA;NA;NA;NA;1;NA;NA
25;"PB";2514008;"251400";"São João do Cariri";"Não";"-";"Motociclistas";NA;NA;NA;NA;NA;NA;NA;NA;NA;1;NA;1;NA;NA;NA;NA;NA;1;NA;2;NA;NA;NA;NA;NA
25;"PB";2514107;"251410";"São João do Tigre";"Não";"-";"Motociclistas";NA;NA;NA;NA;NA;NA;NA;NA;NA;NA;NA;NA;NA;NA;NA;1;2;NA;2;NA;1;NA;NA;NA;NA
25;"PB";2514206;"251420";"São José da Lagoa Tapada";"Não";"Região Metropolitana de Sousa";"Motociclistas";NA;NA;NA;NA;NA;1;NA;NA;NA;1;NA;NA;1;NA;1;NA;NA;NA;2;NA;NA;1;2;NA;NA
25;"PB";2514404;"251440";"São José de Espinharas";"Não";"Região Metropolitana de Patos";"Motociclistas";NA;NA;NA;NA;NA;NA;NA;NA;NA;NA;NA;NA;NA;NA;NA;NA;NA;NA;NA;NA;NA;NA;NA;NA;NA
25;"PB";2514453;"251445";"São José dos Ramos";"Não";"Região Metropolitana de Itabaiana";"Motociclistas";NA;NA;NA;NA;NA;NA;NA;NA;NA;NA;NA;NA;NA;1;NA;1;NA;NA;NA;NA;NA;1;NA;1;NA
25;"PB";2514503;"251450";"São José de Piranhas";"Não";"Região Metropolitana de Cajazeiras";"Motociclistas";NA;NA;NA;NA;NA;NA;NA;NA;NA;NA;2;4;2;2;NA;2;1;NA;2;1;NA;NA;3;2;NA
25;"PB";2514602;"251460";"São José do Bonfim";"Não";"Região Metropolitana de Patos";"Motociclistas";NA;NA;NA;NA;NA;NA;NA;NA;NA;NA;1;1;NA;NA;NA;NA;NA;2;1;NA;NA;NA;NA;3;NA
25;"PB";2514701;"251470";"São José do Sabugi";"Não";"Região Metropolitana de Patos";"Motociclistas";NA;NA;NA;NA;NA;NA;NA;NA;NA;NA;NA;NA;NA;NA;NA;NA;NA;NA;NA;1;NA;NA;NA;NA;NA
25;"PB";2514800;"251480";"São José dos Cordeiros";"Não";"-";"Motociclistas";NA;NA;NA;NA;NA;NA;NA;NA;NA;NA;NA;NA;NA;NA;NA;1;NA;NA;NA;NA;1;2;NA;NA;NA
25;"PB";2514909;"251490";"São Mamede";"Não";"Região Metropolitana de Patos";"Motociclistas";NA;NA;NA;NA;NA;NA;NA;NA;NA;NA;NA;NA;NA;NA;2;NA;NA;NA;NA;NA;NA;NA;NA;NA;NA
25;"PB";2515005;"251500";"São Miguel de Taipu";"Não";"Região Metropolitana de Itabaiana";"Motociclistas";NA;NA;NA;NA;NA;NA;NA;NA;NA;NA;NA;NA;1;NA;NA;NA;1;NA;NA;NA;NA;NA;1;NA;NA
25;"PB";2515104;"251510";"São Sebastião de Lagoa de Roça";"Não";"Região Metropolitana de Esperança";"Motociclistas";NA;NA;NA;NA;NA;NA;NA;NA;NA;1;NA;1;NA;NA;NA;1;NA;NA;NA;NA;NA;1;NA;2;NA
25;"PB";2515203;"251520";"São Sebastião do Umbuzeiro";"Não";"-";"Motociclistas";NA;NA;NA;NA;NA;NA;NA;NA;1;NA;NA;NA;NA;1;NA;NA;NA;NA;NA;1;3;1;NA;NA;NA
25;"PB";2515302;"251530";"Sapé";"Não";"-";"Motociclistas";NA;NA;NA;NA;NA;3;NA;NA;3;NA;1;3;2;6;2;2;6;5;7;1;NA;7;1;5;NA
25;"PB";2515401;"251540";"São Vicente do Seridó";"Não";"-";"Motociclistas";NA;NA;NA;1;NA;NA;NA;NA;3;NA;2;2;NA;NA;NA;1;3;NA;1;1;NA;1;1;1;NA
25;"PB";2515500;"251550";"Serra Branca";"Não";"-";"Motociclistas";NA;NA;NA;NA;NA;NA;1;NA;1;NA;NA;2;NA;NA;NA;2;NA;2;NA;2;1;2;1;3;NA
25;"PB";2515609;"251560";"Serra da Raiz";"Não";"Região Metropolitana de Guarabira";"Motociclistas";NA;NA;NA;NA;NA;NA;NA;NA;NA;NA;NA;NA;NA;NA;NA;NA;NA;NA;1;NA;NA;NA;1;NA;NA
25;"PB";2515708;"251570";"Serra Grande";"Não";"Região Metropolitana do Vale do Piancó";"Motociclistas";NA;NA;NA;1;NA;NA;NA;NA;NA;NA;NA;NA;NA;NA;NA;NA;NA;NA;NA;NA;NA;NA;NA;NA;NA
25;"PB";2515807;"251580";"Serra Redonda";"Não";"Região Metropolitana de Campina Grande";"Motociclistas";NA;NA;NA;NA;NA;NA;NA;1;NA;NA;NA;NA;NA;1;NA;NA;NA;NA;NA;NA;NA;NA;2;NA;NA
25;"PB";2515906;"251590";"Serraria";"Não";"Região Metropolitana de Guarabira";"Motociclistas";NA;NA;NA;NA;NA;NA;NA;NA;NA;NA;NA;NA;NA;NA;NA;NA;NA;NA;NA;NA;1;NA;2;1;NA
25;"PB";2515930;"251593";"Sertãozinho";"Não";"Região Metropolitana de Guarabira";"Motociclistas";NA;NA;NA;NA;NA;NA;NA;NA;NA;NA;NA;NA;NA;NA;NA;NA;NA;1;1;NA;NA;NA;NA;NA;NA
25;"PB";2515971;"251597";"Sobrado";"Não";"-";"Motociclistas";NA;NA;NA;NA;NA;NA;NA;NA;2;NA;NA;1;1;4;NA;1;NA;2;5;2;1;NA;3;1;NA
25;"PB";2516003;"251600";"Solânea";"Não";"Região Metropolitana de Guarabira";"Motociclistas";NA;NA;NA;1;NA;NA;2;NA;NA;1;NA;2;NA;3;3;2;2;2;2;1;3;NA;NA;2;NA
25;"PB";2516102;"251610";"Soledade";"Não";"-";"Motociclistas";NA;NA;NA;NA;NA;NA;NA;NA;NA;NA;1;NA;1;1;3;1;1;4;NA;2;NA;NA;3;NA;NA
25;"PB";2516151;"251615";"Sossêgo";"Não";"Região Metropolitana de Barra de Santa Rosa";"Motociclistas";NA;NA;NA;NA;NA;NA;NA;NA;NA;NA;NA;NA;NA;NA;NA;NA;NA;NA;NA;2;NA;1;NA;NA;NA
25;"PB";2516201;"251620";"Sousa";"Não";"Região Metropolitana de Sousa";"Motociclistas";NA;NA;NA;2;NA;NA;1;8;6;8;7;4;6;5;6;4;3;3;3;8;NA;1;12;8;NA
25;"PB";2516300;"251630";"Sumé";"Não";"-";"Motociclistas";1;NA;2;NA;NA;NA;NA;NA;NA;NA;NA;NA;1;NA;2;NA;2;3;1;3;NA;1;3;3;NA
25;"PB";2516409;"251640";"Tacima";"Não";"Região Metropolitana de Araruna";"Motociclistas";NA;NA;NA;NA;NA;1;NA;NA;1;NA;NA;1;NA;NA;NA;NA;NA;NA;NA;NA;NA;NA;1;NA;NA
25;"PB";2516508;"251650";"Taperoá";"Não";"-";"Motociclistas";NA;NA;NA;NA;NA;NA;NA;NA;1;NA;NA;1;1;NA;1;2;1;NA;NA;NA;NA;NA;1;1;NA
25;"PB";2516607;"251660";"Tavares";"Não";"-";"Motociclistas";NA;NA;NA;NA;NA;NA;NA;NA;NA;NA;NA;1;NA;NA;NA;1;NA;1;NA;NA;NA;NA;2;1;NA
25;"PB";2516706;"251670";"Teixeira";"Não";"Região Metropolitana de Patos";"Motociclistas";NA;NA;1;1;NA;4;1;NA;1;2;NA;NA;NA;1;NA;1;NA;NA;1;1;NA;NA;1;3;NA
25;"PB";2516755;"251675";"Tenório";"Não";"-";"Motociclistas";NA;NA;NA;NA;NA;NA;NA;NA;NA;NA;NA;NA;NA;NA;NA;NA;NA;NA;NA;2;1;NA;1;2;NA
25;"PB";2516805;"251680";"Triunfo";"Não";"Região Metropolitana de Cajazeiras";"Motociclistas";NA;NA;NA;NA;NA;NA;NA;NA;NA;NA;1;NA;NA;NA;NA;NA;1;NA;NA;1;1;NA;1;NA;NA
25;"PB";2516904;"251690";"Uiraúna";"Não";"Região Metropolitana de Cajazeiras";"Motociclistas";NA;NA;NA;NA;NA;1;4;NA;1;2;4;1;NA;NA;4;NA;NA;NA;1;1;NA;1;3;5;NA
25;"PB";2517001;"251700";"Umbuzeiro";"Não";"Região Metropolitana de Campina Grande";"Motociclistas";NA;NA;NA;NA;NA;NA;NA;NA;1;NA;NA;NA;NA;NA;NA;NA;NA;1;NA;NA;NA;NA;1;NA;NA
25;"PB";2517100;"251710";"Várzea";"Não";"Região Metropolitana de Patos";"Motociclistas";NA;NA;NA;NA;NA;NA;NA;NA;NA;NA;NA;NA;NA;NA;NA;NA;NA;NA;NA;NA;1;NA;1;NA;NA
25;"PB";2517209;"251720";"Vieirópolis";"Não";"Região Metropolitana de Sousa";"Motociclistas";NA;NA;NA;NA;NA;NA;NA;NA;NA;NA;NA;NA;NA;NA;NA;NA;1;NA;NA;1;1;NA;NA;NA;NA
25;"PB";2517407;"251740";"Zabelê";"Não";"-";"Motociclistas";NA;NA;NA;NA;NA;NA;NA;NA;1;NA;NA;NA;NA;NA;NA;NA;2;1;NA;NA;NA;NA;NA;NA;NA
26;"PE";2600054;"260005";"Abreu e Lima";"Não";"Região Metropolitana de Recife";"Motociclistas";NA;NA;NA;NA;1;NA;NA;NA;NA;NA;NA;NA;1;2;NA;NA;1;2;NA;NA;1;1;NA;2;NA
26;"PE";2600104;"260010";"Afogados da Ingazeira";"Não";"-";"Motociclistas";NA;1;NA;1;1;NA;NA;1;2;1;NA;3;1;5;2;1;1;2;NA;3;5;3;6;1;NA
26;"PE";2600203;"260020";"Afrânio";"Não";"-";"Motociclistas";1;NA;1;NA;NA;1;1;NA;NA;NA;1;NA;2;1;2;3;4;2;2;3;NA;1;1;3;NA
26;"PE";2600302;"260030";"Agrestina";"Não";"-";"Motociclistas";NA;1;NA;2;2;1;2;NA;3;NA;3;3;1;3;4;8;3;6;4;2;1;4;4;5;NA
26;"PE";2600401;"260040";"Água Preta";"Não";"-";"Motociclistas";NA;NA;NA;1;NA;2;1;2;1;NA;NA;1;2;1;1;2;1;NA;NA;1;NA;1;NA;NA;NA
26;"PE";2600500;"260050";"Águas Belas";"Não";"-";"Motociclistas";NA;NA;NA;NA;NA;1;7;1;2;3;2;5;7;5;2;NA;2;4;3;3;6;2;2;1;NA
26;"PE";2600609;"260060";"Alagoinha";"Não";"-";"Motociclistas";NA;NA;NA;NA;1;NA;NA;NA;1;NA;1;1;NA;NA;NA;NA;1;NA;2;2;2;3;2;NA;NA
26;"PE";2600708;"260070";"Aliança";"Não";"-";"Motociclistas";NA;NA;NA;NA;1;NA;NA;3;1;5;2;5;7;4;5;2;5;3;5;3;2;2;5;2;NA
26;"PE";2600807;"260080";"Altinho";"Não";"-";"Motociclistas";NA;NA;NA;1;NA;NA;NA;NA;NA;1;1;1;2;3;2;NA;4;1;NA;2;1;NA;1;1;NA
26;"PE";2600906;"260090";"Amaraji";"Não";"-";"Motociclistas";NA;NA;1;1;NA;NA;NA;NA;NA;1;2;NA;NA;2;1;3;2;1;1;NA;1;1;1;1;NA
26;"PE";2601003;"260100";"Angelim";"Não";"-";"Motociclistas";NA;NA;1;NA;1;NA;1;NA;NA;NA;2;NA;NA;2;NA;NA;1;1;1;NA;1;1;NA;NA;NA
26;"PE";2601052;"260105";"Araçoiaba";"Não";"Região Metropolitana de Recife";"Motociclistas";NA;NA;NA;NA;NA;1;NA;NA;NA;NA;NA;NA;NA;NA;NA;1;NA;1;NA;NA;NA;NA;NA;NA;NA
26;"PE";2601102;"260110";"Araripina";"Não";"-";"Motociclistas";4;1;3;7;9;6;7;8;19;10;14;17;16;20;18;23;16;11;19;7;22;15;14;12;NA
26;"PE";2601201;"260120";"Arcoverde";"Não";"-";"Motociclistas";1;NA;2;3;5;2;1;3;2;1;7;4;5;4;2;6;2;5;4;4;2;7;10;9;NA
26;"PE";2601300;"260130";"Barra de Guabiraba";"Não";"-";"Motociclistas";NA;NA;NA;NA;NA;NA;NA;NA;NA;NA;NA;NA;NA;NA;NA;2;NA;NA;NA;2;1;NA;NA;1;NA
26;"PE";2601409;"260140";"Barreiros";"Não";"-";"Motociclistas";NA;NA;NA;1;NA;3;NA;NA;NA;2;NA;NA;NA;NA;1;1;NA;5;NA;NA;1;NA;2;3;NA
26;"PE";2601508;"260150";"Belém de Maria";"Não";"-";"Motociclistas";NA;NA;NA;NA;NA;NA;NA;NA;NA;1;1;NA;NA;NA;NA;1;3;NA;NA;NA;1;NA;NA;NA;NA
26;"PE";2601607;"260160";"Belém do São Francisco";"Não";"-";"Motociclistas";1;NA;NA;1;NA;NA;NA;NA;NA;3;2;NA;NA;1;3;1;1;1;3;1;7;2;NA;1;NA
26;"PE";2601706;"260170";"Belo Jardim";"Não";"-";"Motociclistas";1;1;1;NA;1;4;4;3;NA;5;7;4;14;6;7;8;5;4;5;1;8;10;6;10;NA
26;"PE";2601805;"260180";"Betânia";"Não";"-";"Motociclistas";1;NA;NA;NA;2;NA;NA;2;4;1;2;NA;NA;2;NA;NA;NA;2;1;2;1;NA;2;1;NA
26;"PE";2601904;"260190";"Bezerros";"Não";"-";"Motociclistas";NA;NA;NA;1;NA;NA;NA;1;NA;2;2;4;2;7;NA;1;4;3;4;3;3;2;6;2;NA
26;"PE";2602001;"260200";"Bodocó";"Não";"-";"Motociclistas";NA;NA;NA;1;NA;NA;2;NA;1;NA;5;4;6;3;4;2;2;3;3;2;3;4;1;3;NA
26;"PE";2602100;"260210";"Bom Conselho";"Não";"-";"Motociclistas";NA;1;NA;3;NA;NA;NA;1;1;2;1;NA;2;1;2;1;3;2;2;NA;3;NA;3;3;NA
26;"PE";2602209;"260220";"Bom Jardim";"Não";"-";"Motociclistas";NA;NA;NA;2;2;2;1;2;4;2;3;1;3;2;3;3;NA;2;1;3;1;NA;1;4;NA
26;"PE";2602308;"260230";"Bonito";"Não";"-";"Motociclistas";NA;NA;NA;NA;NA;NA;NA;3;2;NA;NA;NA;NA;NA;NA;NA;1;1;2;2;4;NA;1;1;NA
26;"PE";2602407;"260240";"Brejão";"Não";"-";"Motociclistas";NA;NA;NA;NA;NA;1;NA;NA;NA;2;1;3;4;2;NA;1;1;1;2;2;2;NA;2;2;NA
26;"PE";2602506;"260250";"Brejinho";"Não";"-";"Motociclistas";NA;NA;NA;NA;NA;NA;NA;1;NA;1;NA;1;NA;NA;NA;NA;NA;NA;NA;1;1;1;2;1;NA
26;"PE";2602605;"260260";"Brejo da Madre de Deus";"Não";"-";"Motociclistas";1;NA;NA;NA;1;1;2;2;1;2;3;6;2;5;1;2;1;5;3;5;1;5;3;7;NA
26;"PE";2602704;"260270";"Buenos Aires";"Não";"-";"Motociclistas";NA;NA;NA;NA;NA;NA;NA;NA;NA;NA;NA;NA;NA;NA;NA;1;1;NA;NA;1;3;NA;NA;NA;NA
26;"PE";2602803;"260280";"Buíque";"Não";"-";"Motociclistas";3;NA;1;1;1;1;NA;NA;2;1;1;1;3;2;NA;1;2;2;3;NA;1;3;4;7;NA
26;"PE";2602902;"260290";"Cabo de Santo Agostinho";"Não";"Região Metropolitana de Recife";"Motociclistas";NA;NA;1;NA;NA;1;2;4;2;1;7;9;5;9;2;10;18;16;14;7;2;4;5;12;NA
26;"PE";2603009;"260300";"Cabrobó";"Não";"-";"Motociclistas";NA;1;2;NA;NA;NA;NA;NA;NA;1;NA;NA;1;2;1;NA;2;NA;1;1;2;1;2;2;NA
26;"PE";2603108;"260310";"Cachoeirinha";"Não";"-";"Motociclistas";NA;NA;NA;NA;NA;1;NA;1;NA;NA;2;1;2;NA;5;1;1;2;2;1;1;2;3;2;NA
26;"PE";2603207;"260320";"Caetés";"Não";"-";"Motociclistas";NA;NA;NA;NA;NA;NA;NA;NA;NA;5;1;2;2;6;1;2;3;2;5;4;5;7;2;2;NA
26;"PE";2603306;"260330";"Calçado";"Não";"-";"Motociclistas";NA;NA;NA;NA;NA;NA;NA;1;1;1;NA;NA;1;NA;NA;3;1;NA;NA;1;NA;2;NA;1;NA
26;"PE";2603405;"260340";"Calumbi";"Não";"-";"Motociclistas";NA;NA;1;NA;NA;1;NA;NA;NA;NA;NA;NA;1;NA;1;NA;NA;NA;NA;1;NA;NA;NA;1;NA
26;"PE";2603454;"260345";"Camaragibe";"Não";"Região Metropolitana de Recife";"Motociclistas";2;1;1;1;NA;NA;NA;NA;NA;3;2;5;2;NA;NA;1;4;2;3;NA;1;1;1;2;NA
26;"PE";2603504;"260350";"Camocim de São Félix";"Não";"-";"Motociclistas";2;1;1;NA;NA;2;2;NA;NA;NA;NA;NA;1;5;2;1;2;NA;NA;NA;NA;2;2;5;NA
26;"PE";2603603;"260360";"Camutanga";"Não";"-";"Motociclistas";NA;NA;NA;1;NA;NA;NA;NA;NA;NA;1;NA;1;NA;NA;NA;NA;1;NA;NA;NA;NA;NA;NA;NA
26;"PE";2603702;"260370";"Canhotinho";"Não";"-";"Motociclistas";NA;NA;NA;2;NA;2;1;NA;NA;NA;1;NA;1;1;NA;2;1;1;2;1;4;NA;1;2;NA
26;"PE";2603801;"260380";"Capoeiras";"Não";"-";"Motociclistas";NA;NA;NA;NA;NA;NA;NA;1;NA;NA;3;3;1;NA;5;2;NA;NA;NA;2;1;NA;2;4;NA
26;"PE";2603900;"260390";"Carnaíba";"Não";"-";"Motociclistas";NA;2;NA;NA;NA;NA;NA;NA;1;NA;1;NA;NA;NA;NA;1;2;NA;1;1;2;NA;1;NA;NA
26;"PE";2603926;"260392";"Carnaubeira da Penha";"Não";"-";"Motociclistas";NA;NA;NA;NA;NA;NA;NA;NA;NA;NA;NA;2;1;NA;1;NA;NA;NA;NA;NA;NA;1;NA;1;NA
26;"PE";2604007;"260400";"Carpina";"Não";"-";"Motociclistas";NA;2;NA;NA;1;2;4;2;2;2;1;8;3;3;2;3;1;NA;3;1;3;2;1;3;NA
26;"PE";2604106;"260410";"Caruaru";"Não";"-";"Motociclistas";8;7;12;13;22;25;50;37;30;33;52;43;59;36;31;42;40;30;32;20;34;39;32;25;NA
26;"PE";2604155;"260415";"Casinhas";"Não";"-";"Motociclistas";NA;NA;NA;NA;NA;NA;NA;NA;NA;NA;5;2;2;2;2;2;3;NA;1;NA;NA;NA;1;1;NA
26;"PE";2604205;"260420";"Catende";"Não";"-";"Motociclistas";NA;1;NA;NA;1;1;2;NA;NA;NA;3;1;NA;NA;2;1;2;4;NA;2;1;NA;1;1;NA
26;"PE";2604304;"260430";"Cedro";"Não";"-";"Motociclistas";NA;1;NA;NA;NA;NA;NA;1;1;NA;NA;1;1;NA;2;NA;NA;NA;NA;1;2;1;NA;1;NA
26;"PE";2604403;"260440";"Chã de Alegria";"Não";"-";"Motociclistas";NA;NA;NA;NA;NA;NA;NA;1;1;NA;1;1;NA;1;3;1;1;NA;NA;NA;NA;1;1;1;NA
26;"PE";2604502;"260450";"Chã Grande";"Não";"-";"Motociclistas";NA;NA;NA;NA;NA;1;1;1;1;NA;NA;1;2;2;1;NA;1;1;1;NA;1;NA;2;1;NA
26;"PE";2604601;"260460";"Condado";"Não";"-";"Motociclistas";NA;1;NA;1;2;NA;NA;1;NA;NA;NA;3;1;NA;NA;2;1;2;1;2;1;2;1;4;NA
26;"PE";2604700;"260470";"Correntes";"Não";"-";"Motociclistas";NA;NA;NA;NA;NA;NA;NA;NA;NA;NA;2;NA;4;1;2;1;NA;1;1;2;1;NA;1;NA;NA
26;"PE";2604809;"260480";"Cortês";"Não";"-";"Motociclistas";NA;NA;NA;NA;NA;NA;NA;NA;NA;NA;NA;NA;NA;1;NA;NA;NA;NA;NA;NA;NA;NA;NA;1;NA
26;"PE";2604908;"260490";"Cumaru";"Não";"-";"Motociclistas";NA;NA;NA;NA;NA;NA;1;NA;1;NA;5;NA;NA;NA;1;6;1;NA;1;1;NA;4;1;1;NA
26;"PE";2605004;"260500";"Cupira";"Não";"-";"Motociclistas";1;NA;NA;1;NA;NA;NA;1;NA;NA;2;5;2;NA;NA;2;2;3;3;NA;1;2;2;1;NA
26;"PE";2605103;"260510";"Custódia";"Não";"-";"Motociclistas";3;NA;NA;1;1;1;NA;NA;NA;1;6;4;NA;5;1;5;8;4;2;3;4;5;7;7;NA
26;"PE";2605152;"260515";"Dormentes";"Não";"-";"Motociclistas";NA;NA;NA;NA;1;NA;NA;NA;1;NA;NA;NA;2;NA;2;2;4;2;4;3;3;4;3;5;NA
26;"PE";2605202;"260520";"Escada";"Não";"-";"Motociclistas";4;1;2;7;3;4;2;2;2;2;4;1;3;2;3;5;5;1;4;4;9;NA;1;NA;NA
26;"PE";2605301;"260530";"Exu";"Não";"-";"Motociclistas";NA;2;NA;2;1;NA;4;2;5;6;4;NA;7;4;4;1;4;6;4;3;4;4;7;3;NA
26;"PE";2605400;"260540";"Feira Nova";"Não";"-";"Motociclistas";NA;NA;NA;NA;1;1;3;1;NA;NA;1;1;NA;1;1;1;NA;NA;NA;2;4;1;1;1;NA
26;"PE";2605459;"260545";"Fernando de Noronha";"Não";"-";"Motociclistas";NA;NA;NA;NA;NA;NA;NA;NA;NA;NA;NA;NA;NA;NA;NA;NA;NA;NA;NA;NA;1;NA;NA;NA;NA
26;"PE";2605509;"260550";"Ferreiros";"Não";"-";"Motociclistas";NA;1;NA;2;NA;NA;NA;NA;NA;1;NA;NA;1;NA;1;NA;3;1;1;NA;NA;1;NA;1;NA
26;"PE";2605608;"260560";"Flores";"Não";"-";"Motociclistas";1;NA;NA;NA;NA;2;2;2;1;2;NA;1;3;3;1;1;3;4;1;3;5;5;1;1;NA
26;"PE";2605707;"260570";"Floresta";"Não";"-";"Motociclistas";1;NA;NA;4;1;1;1;2;2;1;1;NA;3;1;3;2;2;2;4;4;2;5;2;7;NA
26;"PE";2605806;"260580";"Frei Miguelinho";"Não";"-";"Motociclistas";1;NA;NA;NA;NA;NA;NA;NA;NA;1;NA;NA;NA;3;3;NA;2;2;NA;1;NA;1;1;1;NA
26;"PE";2605905;"260590";"Gameleira";"Não";"-";"Motociclistas";NA;1;NA;NA;NA;NA;NA;1;NA;2;1;1;1;NA;NA;NA;NA;NA;1;1;NA;NA;1;NA;NA
26;"PE";2606002;"260600";"Garanhuns";"Não";"-";"Motociclistas";1;2;2;2;1;1;1;4;8;3;10;12;23;15;8;10;11;17;8;7;8;7;10;8;NA
26;"PE";2606101;"260610";"Glória do Goitá";"Não";"-";"Motociclistas";NA;NA;NA;NA;NA;NA;NA;NA;2;NA;1;2;1;4;NA;4;1;3;3;2;2;1;NA;5;NA
26;"PE";2606200;"260620";"Goiana";"Não";"-";"Motociclistas";1;NA;NA;NA;1;1;2;1;3;1;5;NA;4;6;1;6;7;1;9;4;7;6;4;4;NA
26;"PE";2606309;"260630";"Granito";"Não";"-";"Motociclistas";NA;NA;NA;NA;NA;NA;NA;NA;NA;NA;NA;2;1;NA;1;3;NA;NA;2;2;3;NA;1;2;NA
26;"PE";2606408;"260640";"Gravatá";"Não";"-";"Motociclistas";1;NA;NA;NA;2;4;NA;NA;3;2;2;4;8;7;3;3;6;4;2;1;3;3;8;5;NA
26;"PE";2606507;"260650";"Iati";"Não";"-";"Motociclistas";NA;NA;NA;1;1;1;1;NA;1;1;NA;4;1;1;1;1;1;3;5;NA;3;3;NA;1;NA
26;"PE";2606606;"260660";"Ibimirim";"Não";"-";"Motociclistas";1;NA;1;NA;1;1;1;NA;1;NA;2;1;1;4;2;1;7;2;1;NA;1;2;1;1;NA
26;"PE";2606705;"260670";"Ibirajuba";"Não";"-";"Motociclistas";NA;NA;1;NA;1;1;NA;2;1;NA;1;1;2;NA;2;NA;NA;NA;NA;1;NA;1;NA;NA;NA
26;"PE";2606804;"260680";"Igarassu";"Não";"Região Metropolitana de Recife";"Motociclistas";NA;1;1;1;1;NA;NA;NA;NA;NA;NA;NA;1;NA;NA;3;5;4;2;1;3;1;5;3;NA
26;"PE";2606903;"260690";"Iguaracy";"Não";"-";"Motociclistas";NA;NA;NA;NA;NA;NA;NA;1;3;NA;NA;NA;NA;NA;NA;NA;NA;1;NA;3;1;1;NA;NA;NA
26;"PE";2607000;"260700";"Inajá";"Não";"-";"Motociclistas";NA;1;1;NA;1;NA;3;1;3;1;NA;2;NA;1;NA;5;3;2;2;1;1;NA;2;1;NA
26;"PE";2607109;"260710";"Ingazeira";"Não";"-";"Motociclistas";NA;NA;NA;NA;NA;NA;1;NA;NA;NA;NA;NA;NA;NA;NA;NA;1;NA;NA;NA;1;NA;NA;NA;NA
26;"PE";2607208;"260720";"Ipojuca";"Não";"Região Metropolitana de Recife";"Motociclistas";NA;NA;NA;NA;1;NA;4;NA;NA;NA;2;3;3;5;4;6;9;2;1;7;6;4;5;5;NA
26;"PE";2607307;"260730";"Ipubi";"Não";"-";"Motociclistas";NA;NA;1;1;NA;2;NA;NA;4;4;5;2;8;3;5;4;6;4;4;4;5;4;7;9;NA
26;"PE";2607406;"260740";"Itacuruba";"Não";"-";"Motociclistas";NA;NA;NA;NA;NA;NA;NA;NA;NA;1;1;2;1;1;NA;NA;1;NA;NA;2;NA;NA;NA;NA;NA
26;"PE";2607505;"260750";"Itaíba";"Não";"-";"Motociclistas";NA;NA;3;2;1;1;NA;1;1;1;1;1;1;3;2;2;NA;1;3;3;1;4;1;6;NA
26;"PE";2607604;"260760";"Ilha de Itamaracá";"Não";"Região Metropolitana de Recife";"Motociclistas";NA;NA;NA;1;NA;NA;NA;NA;NA;2;NA;NA;1;1;NA;1;2;1;NA;NA;1;NA;1;1;NA
26;"PE";2607653;"260765";"Itambé";"Não";"-";"Motociclistas";NA;NA;2;NA;NA;3;NA;1;1;2;1;3;4;3;1;3;1;4;2;1;3;NA;NA;2;NA
26;"PE";2607703;"260770";"Itapetim";"Não";"-";"Motociclistas";NA;NA;NA;NA;NA;NA;NA;NA;NA;2;1;1;1;1;NA;NA;NA;1;1;3;NA;1;1;NA;NA
26;"PE";2607752;"260775";"Itapissuma";"Não";"Região Metropolitana de Recife";"Motociclistas";NA;NA;NA;NA;NA;1;NA;NA;NA;NA;NA;NA;NA;2;1;2;1;NA;NA;NA;NA;NA;NA;1;NA
26;"PE";2607802;"260780";"Itaquitinga";"Não";"-";"Motociclistas";NA;NA;NA;NA;NA;NA;NA;NA;NA;NA;2;NA;NA;NA;1;NA;NA;NA;NA;3;NA;NA;NA;NA;NA
26;"PE";2607901;"260790";"Jaboatão dos Guararapes";"Não";"Região Metropolitana de Recife";"Motociclistas";NA;NA;1;2;1;1;NA;1;7;NA;12;11;16;12;11;9;14;12;7;2;6;5;6;10;NA
26;"PE";2607950;"260795";"Jaqueira";"Não";"-";"Motociclistas";1;NA;NA;NA;NA;NA;NA;NA;1;NA;NA;2;NA;1;NA;1;NA;1;1;NA;1;NA;3;1;NA
26;"PE";2608008;"260800";"Jataúba";"Não";"-";"Motociclistas";NA;NA;NA;NA;2;2;2;1;2;1;NA;3;4;3;3;5;3;4;2;6;1;3;1;2;NA
26;"PE";2608057;"260805";"Jatobá";"Não";"-";"Motociclistas";NA;NA;1;2;NA;NA;NA;NA;1;2;1;NA;NA;NA;2;NA;1;NA;NA;NA;NA;1;1;1;NA
26;"PE";2608107;"260810";"João Alfredo";"Não";"-";"Motociclistas";NA;NA;NA;NA;NA;2;NA;NA;NA;2;NA;NA;NA;NA;2;1;NA;1;2;NA;2;3;NA;NA;NA
26;"PE";2608206;"260820";"Joaquim Nabuco";"Não";"-";"Motociclistas";NA;NA;NA;NA;1;NA;NA;NA;NA;NA;NA;NA;NA;NA;NA;NA;1;NA;1;1;NA;2;NA;1;NA
26;"PE";2608255;"260825";"Jucati";"Não";"-";"Motociclistas";NA;NA;NA;NA;NA;NA;NA;NA;NA;NA;NA;1;2;1;NA;1;1;NA;3;2;2;4;3;1;NA
26;"PE";2608305;"260830";"Jupi";"Não";"-";"Motociclistas";NA;NA;NA;NA;NA;NA;1;3;1;NA;1;2;3;2;NA;2;2;1;1;NA;2;3;3;2;NA
26;"PE";2608404;"260840";"Jurema";"Não";"-";"Motociclistas";NA;NA;1;NA;NA;2;NA;1;NA;NA;NA;1;1;1;6;1;2;2;NA;1;NA;1;NA;NA;NA
26;"PE";2608453;"260845";"Lagoa do Carro";"Não";"-";"Motociclistas";2;NA;NA;1;1;NA;NA;NA;2;2;NA;2;2;NA;NA;1;2;2;1;NA;1;2;1;1;NA
26;"PE";2608503;"260850";"Lagoa de Itaenga";"Não";"-";"Motociclistas";NA;NA;1;NA;NA;NA;NA;NA;NA;NA;NA;1;1;2;2;NA;1;2;1;2;2;NA;2;NA;NA
26;"PE";2608602;"260860";"Lagoa do Ouro";"Não";"-";"Motociclistas";NA;NA;NA;NA;NA;NA;NA;NA;NA;2;NA;NA;NA;NA;NA;NA;2;NA;NA;NA;2;1;1;NA;NA
26;"PE";2608701;"260870";"Lagoa dos Gatos";"Não";"-";"Motociclistas";NA;NA;NA;NA;NA;NA;NA;1;NA;NA;NA;NA;NA;NA;NA;NA;NA;NA;NA;NA;1;NA;NA;NA;NA
26;"PE";2608750;"260875";"Lagoa Grande";"Não";"Região Administrativa Integrada de Desenvolvimento do Polo Petrolina/PE e Juazeiro/BA";"Motociclistas";NA;1;NA;NA;NA;NA;NA;NA;NA;1;NA;1;3;4;1;5;3;4;1;2;7;5;4;6;NA
26;"PE";2608800;"260880";"Lajedo";"Não";"-";"Motociclistas";NA;NA;NA;NA;NA;NA;NA;NA;1;NA;NA;NA;6;6;4;7;6;6;3;3;5;6;7;5;NA
26;"PE";2608909;"260890";"Limoeiro";"Não";"-";"Motociclistas";1;NA;1;1;2;NA;1;NA;NA;3;4;4;6;3;2;NA;NA;4;2;3;6;7;6;3;NA
26;"PE";2609006;"260900";"Macaparana";"Não";"-";"Motociclistas";1;1;NA;NA;1;NA;NA;NA;2;3;NA;NA;3;NA;1;1;1;1;1;1;1;2;1;NA;NA
26;"PE";2609105;"260910";"Machados";"Não";"-";"Motociclistas";NA;NA;1;NA;NA;NA;NA;NA;NA;1;1;NA;NA;NA;NA;NA;3;2;1;NA;NA;3;NA;2;NA
26;"PE";2609154;"260915";"Manari";"Não";"-";"Motociclistas";NA;NA;NA;NA;NA;NA;1;NA;NA;NA;1;2;1;1;2;2;2;1;1;3;NA;1;1;NA;NA
26;"PE";2609204;"260920";"Maraial";"Não";"-";"Motociclistas";NA;NA;NA;NA;NA;NA;NA;NA;1;1;NA;NA;1;NA;NA;NA;NA;NA;NA;NA;NA;NA;NA;NA;NA
26;"PE";2609303;"260930";"Mirandiba";"Não";"-";"Motociclistas";NA;NA;NA;NA;NA;NA;NA;NA;NA;NA;1;2;NA;1;NA;1;NA;NA;1;NA;3;NA;1;1;NA
26;"PE";2609402;"260940";"Moreno";"Não";"Região Metropolitana de Recife";"Motociclistas";NA;1;NA;NA;NA;NA;2;1;1;1;NA;1;2;NA;NA;2;NA;2;2;2;NA;NA;3;2;NA
26;"PE";2609501;"260950";"Nazaré da Mata";"Não";"-";"Motociclistas";NA;NA;NA;NA;NA;NA;NA;NA;1;NA;3;3;2;1;4;4;1;5;3;NA;3;NA;1;1;NA
26;"PE";2609600;"260960";"Olinda";"Não";"Região Metropolitana de Recife";"Motociclistas";NA;NA;1;NA;2;1;2;NA;3;3;NA;2;6;3;3;9;8;8;3;3;6;5;4;4;NA
26;"PE";2609709;"260970";"Orobó";"Não";"-";"Motociclistas";NA;NA;NA;NA;NA;NA;NA;NA;NA;2;NA;NA;NA;NA;1;1;NA;1;NA;2;NA;2;1;NA;NA
26;"PE";2609808;"260980";"Orocó";"Não";"Região Administrativa Integrada de Desenvolvimento do Polo Petrolina/PE e Juazeiro/BA";"Motociclistas";NA;NA;NA;NA;NA;NA;1;NA;1;NA;1;1;1;1;2;1;NA;1;NA;3;NA;3;NA;2;NA
26;"PE";2609907;"260990";"Ouricuri";"Não";"-";"Motociclistas";1;2;4;NA;2;4;1;2;5;6;9;7;12;20;28;17;25;20;25;15;28;19;16;20;NA
26;"PE";2610004;"261000";"Palmares";"Não";"-";"Motociclistas";1;NA;1;NA;NA;2;2;2;1;2;1;6;7;3;2;4;7;5;6;3;2;1;4;7;NA
26;"PE";2610103;"261010";"Palmeirina";"Não";"-";"Motociclistas";NA;NA;NA;NA;NA;NA;NA;NA;NA;NA;NA;2;NA;NA;NA;NA;1;NA;NA;1;NA;NA;NA;1;NA
26;"PE";2610202;"261020";"Panelas";"Não";"-";"Motociclistas";NA;NA;NA;NA;1;NA;4;NA;1;3;NA;2;8;4;4;3;NA;2;3;1;4;4;1;5;NA
26;"PE";2610301;"261030";"Paranatama";"Não";"-";"Motociclistas";NA;NA;NA;NA;NA;NA;1;NA;NA;1;2;1;2;2;1;2;2;1;2;2;2;4;3;NA;NA
26;"PE";2610400;"261040";"Parnamirim";"Não";"-";"Motociclistas";1;NA;1;NA;NA;1;NA;1;NA;1;3;2;3;3;4;5;NA;1;2;2;NA;3;2;2;NA
26;"PE";2610509;"261050";"Passira";"Não";"-";"Motociclistas";NA;NA;NA;1;NA;NA;NA;2;2;NA;1;5;2;3;5;2;7;3;1;3;3;2;2;2;NA
26;"PE";2610608;"261060";"Paudalho";"Não";"-";"Motociclistas";NA;1;3;5;2;NA;NA;NA;NA;7;8;4;6;4;2;5;2;6;7;1;7;2;1;2;NA
26;"PE";2610707;"261070";"Paulista";"Não";"Região Metropolitana de Recife";"Motociclistas";NA;NA;1;NA;NA;NA;2;NA;1;NA;NA;2;5;12;10;10;14;8;11;14;9;5;12;8;NA
26;"PE";2610806;"261080";"Pedra";"Não";"-";"Motociclistas";NA;NA;NA;NA;NA;NA;2;NA;NA;NA;NA;NA;2;4;NA;4;2;2;NA;1;1;NA;NA;4;NA
26;"PE";2610905;"261090";"Pesqueira";"Não";"-";"Motociclistas";5;NA;2;NA;2;NA;NA;3;2;7;7;2;6;5;10;8;8;6;4;4;6;1;7;5;NA
26;"PE";2611002;"261100";"Petrolândia";"Não";"-";"Motociclistas";1;NA;2;1;1;3;2;1;1;3;1;1;3;NA;NA;2;1;NA;4;6;4;7;3;2;NA
26;"PE";2611101;"261110";"Petrolina";"Não";"Região Administrativa Integrada de Desenvolvimento do Polo Petrolina/PE e Juazeiro/BA";"Motociclistas";8;5;14;12;NA;4;3;6;13;17;18;52;65;67;67;78;101;81;71;82;76;77;66;60;NA
26;"PE";2611200;"261120";"Poção";"Não";"-";"Motociclistas";NA;NA;NA;NA;NA;NA;NA;NA;1;2;NA;1;3;1;2;NA;NA;NA;NA;1;NA;NA;2;NA;NA
26;"PE";2611309;"261130";"Pombos";"Não";"-";"Motociclistas";1;NA;NA;NA;1;1;1;2;NA;2;NA;6;NA;NA;2;3;2;1;3;1;1;1;3;3;NA
26;"PE";2611408;"261140";"Primavera";"Não";"-";"Motociclistas";NA;NA;NA;NA;NA;NA;NA;1;1;NA;NA;NA;NA;NA;NA;NA;2;1;NA;NA;1;2;2;1;NA
26;"PE";2611507;"261150";"Quipapá";"Não";"-";"Motociclistas";NA;NA;NA;NA;NA;NA;NA;2;NA;NA;NA;3;4;1;1;2;4;NA;2;NA;1;NA;1;2;NA
26;"PE";2611533;"261153";"Quixaba";"Não";"-";"Motociclistas";NA;NA;NA;NA;NA;NA;NA;NA;NA;NA;NA;NA;NA;2;NA;NA;NA;3;NA;NA;1;1;NA;NA;NA
26;"PE";2611606;"261160";"Recife";"Sim";"Região Metropolitana de Recife";"Motociclistas";31;25;38;58;82;72;73;88;67;110;169;209;202;109;220;180;201;184;156;129;145;121;127;204;NA
26;"PE";2611705;"261170";"Riacho das Almas";"Não";"-";"Motociclistas";NA;NA;NA;1;1;2;NA;NA;1;1;NA;2;1;2;1;NA;NA;NA;NA;1;1;4;NA;2;NA
26;"PE";2611804;"261180";"Ribeirão";"Não";"-";"Motociclistas";NA;NA;1;NA;1;NA;1;NA;3;3;3;1;1;NA;2;2;1;NA;2;2;1;5;3;NA;NA
26;"PE";2611903;"261190";"Rio Formoso";"Não";"-";"Motociclistas";NA;1;NA;NA;NA;NA;NA;NA;NA;NA;NA;1;1;NA;2;1;2;NA;3;2;2;NA;2;1;NA
26;"PE";2612000;"261200";"Sairé";"Não";"-";"Motociclistas";NA;NA;NA;NA;1;1;NA;NA;1;NA;NA;NA;2;1;NA;1;NA;NA;NA;NA;NA;1;1;NA;NA
26;"PE";2612109;"261210";"Salgadinho";"Não";"-";"Motociclistas";NA;NA;NA;NA;NA;1;NA;NA;NA;NA;NA;NA;NA;NA;NA;NA;1;NA;NA;NA;NA;NA;2;2;NA
26;"PE";2612208;"261220";"Salgueiro";"Não";"-";"Motociclistas";3;2;2;1;3;1;NA;NA;NA;1;2;10;9;9;6;6;6;12;5;3;8;8;6;9;NA
26;"PE";2612307;"261230";"Saloá";"Não";"-";"Motociclistas";NA;NA;NA;NA;NA;NA;NA;1;1;NA;2;4;NA;1;5;5;NA;NA;3;NA;1;1;2;5;NA
26;"PE";2612406;"261240";"Sanharó";"Não";"-";"Motociclistas";NA;NA;NA;NA;NA;NA;1;2;1;NA;2;4;5;9;2;4;4;4;4;3;1;2;7;5;NA
26;"PE";2612455;"261245";"Santa Cruz";"Não";"-";"Motociclistas";1;NA;NA;1;NA;1;NA;NA;NA;NA;NA;1;NA;4;1;NA;NA;5;NA;NA;NA;1;1;2;NA
26;"PE";2612471;"261247";"Santa Cruz da Baixa Verde";"Não";"-";"Motociclistas";NA;1;NA;NA;NA;NA;2;NA;NA;1;NA;4;2;NA;2;3;1;1;1;NA;1;1;1;NA;NA
26;"PE";2612505;"261250";"Santa Cruz do Capibaribe";"Não";"-";"Motociclistas";1;3;1;3;2;2;4;3;1;5;4;7;9;5;8;7;7;6;6;NA;7;7;7;4;NA
26;"PE";2612554;"261255";"Santa Filomena";"Não";"-";"Motociclistas";NA;1;NA;NA;NA;NA;1;1;NA;NA;NA;1;NA;2;4;NA;NA;NA;1;NA;1;NA;3;1;NA
26;"PE";2612604;"261260";"Santa Maria da Boa Vista";"Não";"Região Administrativa Integrada de Desenvolvimento do Polo Petrolina/PE e Juazeiro/BA";"Motociclistas";NA;NA;NA;NA;NA;3;2;NA;1;1;4;2;3;6;6;5;10;5;6;4;3;4;6;2;NA
26;"PE";2612703;"261270";"Santa Maria do Cambucá";"Não";"-";"Motociclistas";NA;NA;NA;NA;NA;NA;NA;NA;NA;1;NA;1;2;NA;NA;NA;NA;1;1;NA;NA;2;NA;1;NA
26;"PE";2612802;"261280";"Santa Terezinha";"Não";"-";"Motociclistas";NA;NA;NA;NA;NA;NA;NA;NA;NA;NA;1;2;NA;NA;NA;NA;NA;NA;NA;NA;NA;NA;NA;2;NA
26;"PE";2612901;"261290";"São Benedito do Sul";"Não";"-";"Motociclistas";NA;NA;NA;NA;1;NA;NA;NA;NA;NA;NA;1;NA;1;3;NA;NA;1;NA;NA;1;NA;3;1;NA
26;"PE";2613008;"261300";"São Bento do Una";"Não";"-";"Motociclistas";NA;1;1;NA;1;NA;1;NA;1;1;1;3;3;3;5;4;3;5;1;3;3;NA;4;5;NA
26;"PE";2613107;"261310";"São Caitano";"Não";"-";"Motociclistas";1;1;NA;NA;3;2;2;6;1;1;5;3;NA;NA;1;2;1;1;1;4;3;1;3;4;NA
26;"PE";2613206;"261320";"São João";"Não";"-";"Motociclistas";NA;NA;1;NA;NA;NA;NA;1;1;1;1;2;3;3;2;1;NA;1;4;2;6;2;3;3;NA
26;"PE";2613305;"261330";"São Joaquim do Monte";"Não";"-";"Motociclistas";NA;NA;NA;NA;NA;NA;NA;NA;NA;NA;2;1;1;3;1;2;2;1;2;NA;2;1;NA;NA;NA
26;"PE";2613404;"261340";"São José da Coroa Grande";"Não";"-";"Motociclistas";NA;NA;NA;NA;NA;NA;NA;1;NA;NA;NA;NA;1;NA;1;NA;1;NA;NA;NA;2;2;2;NA;NA
26;"PE";2613503;"261350";"São José do Belmonte";"Não";"-";"Motociclistas";1;1;NA;3;1;2;1;1;NA;1;3;3;4;2;6;2;5;5;2;6;1;4;3;4;NA
26;"PE";2613602;"261360";"São José do Egito";"Não";"-";"Motociclistas";NA;1;2;NA;NA;3;1;NA;NA;5;2;3;1;6;7;2;6;3;5;2;5;10;4;4;NA
26;"PE";2613701;"261370";"São Lourenço da Mata";"Não";"Região Metropolitana de Recife";"Motociclistas";NA;NA;NA;NA;1;NA;NA;NA;NA;NA;NA;NA;2;NA;NA;4;3;4;1;NA;1;3;1;2;NA
26;"PE";2613800;"261380";"São Vicente Férrer";"Não";"-";"Motociclistas";NA;NA;1;NA;NA;NA;2;NA;3;1;2;NA;3;1;6;4;2;3;2;NA;3;1;1;NA;NA
26;"PE";2613909;"261390";"Serra Talhada";"Não";"-";"Motociclistas";1;2;5;NA;5;2;NA;2;4;4;9;13;5;9;8;8;11;9;4;3;9;5;4;8;NA
26;"PE";2614006;"261400";"Serrita";"Não";"-";"Motociclistas";NA;2;1;NA;NA;NA;NA;2;2;NA;1;NA;1;3;NA;1;2;NA;NA;NA;NA;1;NA;NA;NA
26;"PE";2614105;"261410";"Sertânia";"Não";"-";"Motociclistas";1;NA;2;1;1;5;1;1;1;2;2;2;2;3;2;3;5;3;8;4;3;4;7;2;NA
26;"PE";2614204;"261420";"Sirinhaém";"Não";"-";"Motociclistas";NA;1;1;NA;1;1;1;1;1;1;NA;2;3;2;4;2;3;2;1;2;2;2;1;1;NA
26;"PE";2614303;"261430";"Moreilândia";"Não";"-";"Motociclistas";NA;NA;NA;NA;NA;NA;NA;NA;3;1;NA;NA;NA;NA;2;NA;NA;NA;NA;NA;NA;NA;NA;NA;NA
26;"PE";2614402;"261440";"Solidão";"Não";"-";"Motociclistas";NA;NA;NA;NA;NA;NA;NA;NA;NA;NA;NA;NA;NA;NA;NA;NA;NA;NA;NA;NA;NA;NA;NA;NA;NA
26;"PE";2614501;"261450";"Surubim";"Não";"-";"Motociclistas";NA;1;NA;1;NA;4;NA;NA;NA;3;2;8;6;6;4;1;3;5;2;5;3;5;NA;5;NA
26;"PE";2614600;"261460";"Tabira";"Não";"-";"Motociclistas";NA;1;NA;NA;NA;NA;1;NA;2;1;4;1;2;1;NA;1;1;NA;4;NA;1;NA;3;1;NA
26;"PE";2614709;"261470";"Tacaimbó";"Não";"-";"Motociclistas";1;2;NA;NA;NA;NA;1;NA;1;2;NA;1;3;2;3;1;1;1;NA;3;2;2;2;4;NA
26;"PE";2614808;"261480";"Tacaratu";"Não";"-";"Motociclistas";NA;NA;2;1;NA;NA;NA;NA;1;NA;NA;NA;1;NA;NA;3;NA;2;1;1;1;1;3;2;NA
26;"PE";2614857;"261485";"Tamandaré";"Não";"-";"Motociclistas";NA;NA;NA;NA;NA;1;NA;NA;NA;2;3;2;NA;3;2;NA;NA;1;1;2;2;NA;1;1;NA
26;"PE";2615003;"261500";"Taquaritinga do Norte";"Não";"-";"Motociclistas";1;NA;NA;NA;NA;1;2;NA;2;6;4;3;4;7;NA;1;5;7;1;5;3;9;5;7;NA
26;"PE";2615102;"261510";"Terezinha";"Não";"-";"Motociclistas";NA;1;NA;NA;1;NA;NA;NA;1;NA;NA;1;NA;3;8;NA;NA;4;NA;2;1;NA;NA;2;NA
26;"PE";2615201;"261520";"Terra Nova";"Não";"-";"Motociclistas";NA;1;NA;1;NA;NA;NA;NA;NA;NA;NA;1;1;NA;1;1;NA;1;NA;NA;NA;NA;NA;1;NA
26;"PE";2615300;"261530";"Timbaúba";"Não";"-";"Motociclistas";NA;NA;NA;NA;1;2;NA;1;2;3;2;3;1;4;3;2;2;NA;2;2;1;2;1;NA;NA
26;"PE";2615409;"261540";"Toritama";"Não";"-";"Motociclistas";NA;NA;NA;1;NA;1;NA;1;NA;2;NA;1;1;1;NA;NA;3;1;1;3;4;2;3;1;NA
26;"PE";2615508;"261550";"Tracunhaém";"Não";"-";"Motociclistas";1;NA;NA;NA;NA;NA;NA;NA;NA;1;NA;3;1;2;1;NA;1;NA;1;NA;NA;NA;1;2;NA
26;"PE";2615607;"261560";"Trindade";"Não";"-";"Motociclistas";NA;1;2;NA;1;1;2;2;4;6;11;4;10;8;11;2;5;5;5;4;4;5;5;5;NA
26;"PE";2615706;"261570";"Triunfo";"Não";"-";"Motociclistas";1;NA;NA;2;NA;NA;1;1;1;2;2;1;2;NA;2;NA;NA;1;2;2;NA;NA;NA;1;NA
26;"PE";2615805;"261580";"Tupanatinga";"Não";"-";"Motociclistas";NA;NA;NA;NA;NA;NA;NA;NA;2;1;1;2;2;NA;NA;1;NA;3;1;1;NA;3;NA;2;NA
26;"PE";2615904;"261590";"Tuparetama";"Não";"-";"Motociclistas";NA;NA;NA;NA;NA;NA;1;1;NA;NA;NA;1;2;NA;NA;NA;1;1;NA;NA;NA;NA;NA;1;NA
26;"PE";2616001;"261600";"Venturosa";"Não";"-";"Motociclistas";NA;NA;NA;NA;NA;NA;NA;NA;1;NA;NA;NA;NA;NA;2;NA;1;1;1;NA;3;2;NA;NA;NA
26;"PE";2616100;"261610";"Verdejante";"Não";"-";"Motociclistas";NA;NA;1;NA;NA;NA;NA;NA;NA;NA;NA;2;2;1;NA;1;1;NA;NA;NA;1;NA;NA;NA;NA
26;"PE";2616183;"261618";"Vertente do Lério";"Não";"-";"Motociclistas";NA;NA;NA;NA;NA;NA;NA;NA;NA;NA;NA;1;NA;NA;NA;NA;NA;NA;NA;NA;1;NA;NA;NA;NA
26;"PE";2616209;"261620";"Vertentes";"Não";"-";"Motociclistas";NA;NA;1;1;NA;NA;1;3;1;1;3;1;3;7;2;3;5;7;4;3;3;1;2;2;NA
26;"PE";2616308;"261630";"Vicência";"Não";"-";"Motociclistas";NA;NA;2;NA;NA;NA;NA;2;NA;2;2;1;2;3;2;1;2;2;NA;NA;NA;2;NA;1;NA
26;"PE";2616407;"261640";"Vitória de Santo Antão";"Não";"-";"Motociclistas";1;NA;2;NA;6;2;6;9;1;1;NA;2;5;6;4;6;4;7;4;4;5;7;1;4;NA
26;"PE";2616506;"261650";"Xexéu";"Não";"-";"Motociclistas";NA;NA;NA;NA;NA;NA;NA;NA;NA;NA;NA;NA;NA;NA;3;1;NA;1;NA;1;NA;1;1;1;NA
27;"AL";2700102;"270010";"Água Branca";"Não";"Região Metropolitana do Sertão";"Motociclistas";NA;NA;NA;NA;NA;NA;1;NA;1;1;2;1;1;NA;NA;NA;NA;2;3;3;4;2;1;1;NA
27;"AL";2700201;"270020";"Anadia";"Não";"-";"Motociclistas";NA;NA;1;1;NA;NA;NA;NA;NA;NA;NA;1;3;1;NA;NA;NA;1;3;3;2;2;NA;1;NA
27;"AL";2700300;"270030";"Arapiraca";"Não";"Região Metropolitana do Agreste";"Motociclistas";4;3;7;5;17;23;22;55;37;56;53;36;35;30;11;13;58;72;99;115;113;106;93;115;NA
27;"AL";2700409;"270040";"Atalaia";"Não";"Região Metropolitana do Vale do Paraíba";"Motociclistas";NA;NA;NA;NA;NA;NA;NA;1;NA;NA;NA;NA;1;NA;1;NA;NA;3;1;NA;2;2;1;1;NA
27;"AL";2700508;"270050";"Barra de Santo Antônio";"Não";"Região Metropolitana de Maceió";"Motociclistas";NA;NA;NA;NA;NA;NA;1;NA;NA;NA;1;1;1;NA;NA;NA;1;NA;1;NA;1;NA;NA;1;NA
27;"AL";2700607;"270060";"Barra de São Miguel";"Não";"Região Metropolitana de Maceió";"Motociclistas";NA;NA;NA;NA;NA;NA;NA;NA;NA;NA;NA;NA;NA;NA;NA;NA;1;NA;NA;NA;NA;1;NA;1;NA
27;"AL";2700706;"270070";"Batalha";"Não";"-";"Motociclistas";NA;NA;NA;NA;NA;NA;NA;2;1;NA;NA;NA;NA;NA;NA;1;2;1;2;1;1;3;1;2;NA
27;"AL";2700805;"270080";"Belém";"Não";"Região Metropolitana do Agreste";"Motociclistas";NA;NA;NA;NA;NA;NA;NA;NA;NA;NA;NA;NA;NA;NA;NA;NA;NA;NA;1;NA;NA;NA;2;NA;NA
27;"AL";2700904;"270090";"Belo Monte";"Não";"-";"Motociclistas";NA;NA;NA;NA;NA;NA;NA;NA;NA;NA;NA;NA;1;NA;NA;NA;NA;NA;1;1;NA;NA;NA;1;NA
27;"AL";2701001;"270100";"Boca da Mata";"Não";"Região Metropolitana do Vale do Paraíba";"Motociclistas";NA;1;1;NA;1;1;NA;NA;NA;1;NA;NA;NA;1;NA;NA;NA;1;2;2;2;1;2;1;NA
27;"AL";2701100;"270110";"Branquinha";"Não";"Região Metropolitana da Zona da Mata";"Motociclistas";NA;NA;NA;NA;NA;NA;NA;1;NA;NA;NA;NA;NA;NA;NA;NA;NA;NA;NA;NA;1;NA;NA;1;NA
27;"AL";2701209;"270120";"Cacimbinhas";"Não";"Região Metropolitana de Palmeira dos Índios";"Motociclistas";NA;NA;NA;NA;1;NA;NA;1;NA;NA;NA;1;NA;NA;NA;NA;NA;NA;3;2;2;3;NA;NA;NA
27;"AL";2701308;"270130";"Cajueiro";"Não";"Região Metropolitana do Vale do Paraíba";"Motociclistas";NA;NA;NA;NA;NA;NA;1;1;NA;NA;NA;NA;NA;NA;NA;2;NA;1;1;NA;3;1;NA;NA;NA
27;"AL";2701407;"270140";"Campo Alegre";"Não";"-";"Motociclistas";NA;NA;NA;1;NA;NA;NA;NA;NA;1;2;1;NA;NA;NA;NA;NA;NA;2;NA;3;7;5;3;NA
27;"AL";2701506;"270150";"Campo Grande";"Não";"Região Metropolitana do Agreste";"Motociclistas";1;NA;NA;NA;NA;NA;NA;NA;NA;NA;NA;NA;NA;NA;NA;NA;NA;NA;NA;NA;NA;1;1;NA;NA
27;"AL";2701605;"270160";"Canapi";"Não";"-";"Motociclistas";NA;NA;NA;NA;NA;NA;1;NA;1;NA;NA;NA;NA;NA;NA;NA;NA;NA;NA;2;1;1;4;2;NA
27;"AL";2701704;"270170";"Capela";"Não";"Região Metropolitana do Vale do Paraíba";"Motociclistas";NA;NA;NA;NA;NA;NA;NA;NA;NA;NA;1;1;1;2;NA;NA;NA;3;NA;1;2;1;NA;2;NA
27;"AL";2701803;"270180";"Carneiros";"Não";"Região Metropolitana do Médio Sertão";"Motociclistas";NA;NA;NA;NA;NA;NA;1;NA;NA;NA;1;NA;NA;NA;NA;NA;NA;NA;NA;1;1;2;2;2;NA
27;"AL";2701902;"270190";"Chã Preta";"Não";"Região Metropolitana do Vale do Paraíba";"Motociclistas";NA;NA;NA;NA;1;NA;NA;NA;NA;NA;NA;NA;NA;NA;NA;NA;NA;1;NA;NA;NA;1;NA;NA;NA
27;"AL";2702009;"270200";"Coité do Nóia";"Não";"Região Metropolitana do Agreste";"Motociclistas";NA;NA;NA;1;NA;NA;NA;1;1;NA;NA;1;1;NA;NA;NA;1;2;4;1;1;NA;1;2;NA
27;"AL";2702108;"270210";"Colônia Leopoldina";"Não";"Região Metropolitana da Zona da Mata";"Motociclistas";NA;NA;NA;NA;NA;NA;NA;NA;NA;NA;NA;NA;NA;1;NA;NA;NA;1;2;NA;1;NA;1;1;NA
27;"AL";2702207;"270220";"Coqueiro Seco";"Não";"Região Metropolitana de Maceió";"Motociclistas";NA;NA;NA;NA;NA;NA;NA;NA;NA;NA;NA;NA;NA;NA;NA;NA;NA;NA;NA;NA;NA;NA;1;1;NA
27;"AL";2702306;"270230";"Coruripe";"Não";"Região Metropolitana de Caetés";"Motociclistas";NA;1;NA;1;1;NA;NA;1;4;1;NA;1;2;3;1;1;3;4;10;3;11;7;12;3;NA
27;"AL";2702355;"270235";"Craíbas";"Não";"Região Metropolitana do Agreste";"Motociclistas";NA;NA;NA;NA;NA;NA;NA;NA;2;1;2;2;1;2;NA;NA;NA;3;1;2;3;5;1;4;NA
27;"AL";2702405;"270240";"Delmiro Gouveia";"Não";"Região Metropolitana do Sertão";"Motociclistas";NA;NA;NA;2;1;NA;1;3;3;1;2;NA;3;NA;NA;NA;1;6;4;2;4;6;8;7;NA
27;"AL";2702504;"270250";"Dois Riachos";"Não";"Região Metropolitana do Médio Sertão";"Motociclistas";1;NA;NA;NA;NA;NA;NA;NA;1;1;NA;NA;NA;1;NA;NA;1;NA;1;NA;NA;1;1;NA;NA
27;"AL";2702553;"270255";"Estrela de Alagoas";"Não";"Região Metropolitana do Agreste";"Motociclistas";NA;NA;NA;NA;NA;NA;NA;NA;1;NA;1;1;1;NA;NA;NA;NA;2;4;NA;NA;1;NA;NA;NA
27;"AL";2702603;"270260";"Feira Grande";"Não";"Região Metropolitana do Agreste";"Motociclistas";NA;NA;NA;NA;1;NA;2;NA;NA;NA;NA;2;1;NA;NA;1;NA;2;2;2;1;3;2;3;NA
27;"AL";2702702;"270270";"Feliz Deserto";"Não";"Região Metropolitana do São Francisco";"Motociclistas";NA;NA;NA;NA;NA;1;NA;NA;NA;NA;1;NA;NA;NA;NA;NA;NA;1;NA;NA;2;NA;NA;NA;NA
27;"AL";2702801;"270280";"Flexeiras";"Não";"Região Metropolitana da Zona da Mata";"Motociclistas";1;NA;NA;NA;NA;NA;NA;NA;NA;NA;NA;1;NA;NA;NA;NA;NA;3;NA;NA;NA;NA;NA;NA;NA
27;"AL";2702900;"270290";"Girau do Ponciano";"Não";"Região Metropolitana do Agreste";"Motociclistas";NA;NA;NA;NA;2;2;2;1;2;1;3;NA;NA;1;NA;NA;NA;1;4;6;7;5;8;3;NA
27;"AL";2703007;"270300";"Ibateguara";"Não";"Região Metropolitana da Zona da Mata";"Motociclistas";NA;NA;1;NA;NA;NA;1;NA;NA;NA;NA;NA;NA;NA;NA;NA;NA;1;3;1;NA;1;1;1;NA
27;"AL";2703106;"270310";"Igaci";"Não";"Região Metropolitana do Agreste";"Motociclistas";NA;NA;NA;NA;NA;NA;1;NA;2;NA;1;NA;2;3;2;NA;NA;2;6;NA;2;2;1;5;NA
27;"AL";2703205;"270320";"Igreja Nova";"Não";"Região Metropolitana do São Francisco";"Motociclistas";1;NA;NA;NA;NA;1;1;NA;1;NA;1;NA;NA;NA;NA;NA;NA;7;1;4;4;NA;NA;2;NA
27;"AL";2703304;"270330";"Inhapi";"Não";"Região Metropolitana do Sertão";"Motociclistas";NA;NA;NA;NA;NA;NA;2;NA;NA;NA;NA;NA;2;NA;NA;NA;NA;NA;4;NA;2;3;3;1;NA
27;"AL";2703403;"270340";"Jacaré dos Homens";"Não";"-";"Motociclistas";NA;NA;NA;NA;NA;NA;1;NA;1;NA;NA;NA;NA;NA;NA;NA;NA;NA;NA;NA;NA;1;2;NA;NA
27;"AL";2703502;"270350";"Jacuípe";"Não";"Região Metropolitana da Zona da Mata";"Motociclistas";NA;NA;NA;NA;NA;NA;NA;NA;NA;NA;NA;NA;NA;NA;NA;NA;NA;NA;1;NA;NA;NA;NA;NA;NA
27;"AL";2703601;"270360";"Japaratinga";"Não";"-";"Motociclistas";NA;NA;NA;NA;NA;NA;NA;NA;NA;NA;NA;NA;NA;NA;NA;NA;NA;2;NA;NA;2;1;1;2;NA
27;"AL";2703700;"270370";"Jaramataia";"Não";"Região Metropolitana do Agreste";"Motociclistas";NA;NA;NA;NA;NA;1;1;NA;1;NA;NA;NA;1;NA;NA;NA;NA;1;NA;3;1;2;1;1;NA
27;"AL";2703759;"270375";"Jequiá da Praia";"Não";"-";"Motociclistas";NA;NA;NA;NA;NA;NA;NA;NA;NA;NA;NA;NA;NA;2;NA;NA;NA;1;NA;1;1;1;NA;NA;NA
27;"AL";2703809;"270380";"Joaquim Gomes";"Não";"Região Metropolitana da Zona da Mata";"Motociclistas";NA;NA;NA;NA;NA;NA;NA;NA;NA;NA;NA;1;NA;3;NA;NA;1;NA;2;1;1;NA;NA;NA;NA
27;"AL";2703908;"270390";"Jundiá";"Não";"Região Metropolitana da Zona da Mata";"Motociclistas";NA;NA;NA;NA;NA;NA;NA;NA;NA;NA;NA;NA;NA;NA;NA;NA;NA;2;NA;NA;NA;NA;NA;NA;NA
27;"AL";2704005;"270400";"Junqueiro";"Não";"-";"Motociclistas";NA;NA;NA;NA;NA;NA;1;2;NA;2;NA;2;NA;NA;NA;1;NA;1;4;2;NA;2;1;6;NA
27;"AL";2704104;"270410";"Lagoa da Canoa";"Não";"Região Metropolitana do Agreste";"Motociclistas";NA;NA;NA;NA;NA;1;NA;NA;NA;NA;2;NA;1;NA;NA;NA;NA;2;1;1;3;3;2;1;NA
27;"AL";2704203;"270420";"Limoeiro de Anadia";"Não";"-";"Motociclistas";NA;NA;NA;1;NA;NA;1;3;2;NA;NA;NA;1;2;NA;1;NA;1;3;4;1;6;2;3;NA
27;"AL";2704302;"270430";"Maceió";"Sim";"Região Metropolitana de Maceió";"Motociclistas";9;11;16;20;16;22;15;6;15;11;13;21;33;45;18;23;22;81;69;44;109;73;91;78;NA
27;"AL";2704401;"270440";"Major Isidoro";"Não";"Região Metropolitana de Palmeira dos Índios";"Motociclistas";1;NA;NA;1;2;1;1;2;NA;1;NA;NA;NA;NA;1;NA;NA;2;1;1;1;2;1;2;NA
27;"AL";2704500;"270450";"Maragogi";"Não";"-";"Motociclistas";NA;NA;NA;NA;NA;NA;NA;NA;NA;NA;NA;1;1;NA;NA;NA;1;1;4;2;4;2;5;3;NA
27;"AL";2704609;"270460";"Maravilha";"Não";"Região Metropolitana do Médio Sertão";"Motociclistas";NA;NA;NA;NA;NA;1;NA;NA;1;1;NA;NA;NA;NA;NA;NA;NA;3;NA;NA;2;NA;NA;NA;NA
27;"AL";2704708;"270470";"Marechal Deodoro";"Não";"Região Metropolitana de Maceió";"Motociclistas";NA;NA;NA;NA;NA;1;NA;NA;NA;NA;2;NA;1;2;1;NA;NA;3;1;2;4;1;2;3;NA
27;"AL";2704807;"270480";"Maribondo";"Não";"Região Metropolitana do Vale do Paraíba";"Motociclistas";NA;NA;NA;NA;1;NA;NA;1;NA;NA;NA;NA;NA;NA;NA;NA;NA;1;NA;NA;NA;NA;1;NA;NA
27;"AL";2704906;"270490";"Mar Vermelho";"Não";"Região Metropolitana do Vale do Paraíba";"Motociclistas";NA;NA;NA;NA;NA;NA;NA;NA;NA;NA;NA;NA;NA;NA;NA;NA;NA;1;1;NA;NA;NA;NA;NA;NA
27;"AL";2705002;"270500";"Mata Grande";"Não";"Região Metropolitana do Sertão";"Motociclistas";NA;NA;NA;4;1;NA;2;NA;NA;NA;NA;NA;NA;NA;NA;NA;NA;NA;4;1;NA;3;2;2;NA
27;"AL";2705101;"270510";"Matriz de Camaragibe";"Não";"Região Metropolitana da Zona da Mata";"Motociclistas";NA;NA;NA;NA;NA;NA;1;NA;NA;NA;NA;NA;1;NA;NA;1;NA;2;1;NA;1;NA;4;NA;NA
27;"AL";2705200;"270520";"Messias";"Não";"Região Metropolitana de Maceió";"Motociclistas";NA;NA;NA;1;NA;NA;NA;NA;NA;2;NA;1;1;NA;NA;NA;NA;1;2;NA;1;NA;2;1;NA
27;"AL";2705309;"270530";"Minador do Negrão";"Não";"Região Metropolitana de Palmeira dos Índios";"Motociclistas";NA;NA;1;NA;NA;NA;NA;NA;NA;NA;NA;1;NA;NA;NA;NA;NA;NA;NA;NA;1;1;NA;NA;NA
27;"AL";2705408;"270540";"Monteirópolis";"Não";"-";"Motociclistas";NA;NA;NA;NA;NA;NA;NA;NA;NA;NA;1;NA;NA;NA;NA;NA;NA;NA;NA;NA;2;2;NA;2;NA
27;"AL";2705507;"270550";"Murici";"Não";"Região Metropolitana de Maceió";"Motociclistas";NA;NA;NA;NA;NA;NA;NA;NA;NA;NA;NA;1;NA;1;NA;NA;1;1;2;NA;NA;NA;NA;NA;NA
27;"AL";2705606;"270560";"Novo Lino";"Não";"Região Metropolitana da Zona da Mata";"Motociclistas";NA;NA;NA;NA;NA;NA;1;NA;NA;NA;NA;NA;NA;1;NA;1;NA;1;NA;NA;NA;NA;NA;NA;NA
27;"AL";2705705;"270570";"Olho d'Água das Flores";"Não";"Região Metropolitana do Médio Sertão";"Motociclistas";NA;NA;NA;NA;NA;NA;NA;NA;NA;NA;NA;1;NA;NA;NA;1;NA;NA;2;1;2;1;4;NA;NA
27;"AL";2705804;"270580";"Olho d'Água do Casado";"Não";"Região Metropolitana do Sertão";"Motociclistas";NA;NA;NA;NA;1;1;1;NA;NA;NA;NA;1;NA;NA;NA;NA;NA;2;1;NA;1;1;1;NA;NA
27;"AL";2705903;"270590";"Olho d'Água Grande";"Não";"Região Metropolitana do Agreste";"Motociclistas";NA;NA;NA;NA;NA;NA;NA;NA;NA;NA;NA;NA;NA;NA;NA;NA;NA;NA;1;NA;NA;1;NA;NA;NA
27;"AL";2706000;"270600";"Olivença";"Não";"Região Metropolitana do Médio Sertão";"Motociclistas";NA;2;NA;1;NA;NA;NA;NA;NA;1;1;NA;NA;NA;NA;NA;NA;NA;1;1;2;2;1;1;NA
27;"AL";2706109;"270610";"Ouro Branco";"Não";"Região Metropolitana do Médio Sertão";"Motociclistas";NA;NA;1;NA;NA;NA;NA;1;NA;NA;1;1;NA;NA;NA;1;NA;1;1;1;NA;1;1;1;NA
27;"AL";2706208;"270620";"Palestina";"Não";"-";"Motociclistas";NA;NA;NA;NA;NA;NA;NA;NA;NA;NA;NA;NA;NA;NA;NA;NA;1;3;1;NA;NA;1;NA;NA;NA
27;"AL";2706307;"270630";"Palmeira dos Índios";"Não";"Região Metropolitana do Agreste";"Motociclistas";1;NA;1;1;1;NA;1;NA;NA;3;3;2;1;NA;2;NA;NA;5;5;6;2;2;10;7;NA
27;"AL";2706406;"270640";"Pão de Açúcar";"Não";"-";"Motociclistas";NA;NA;NA;NA;NA;1;NA;1;NA;NA;NA;NA;1;NA;NA;NA;NA;NA;2;1;NA;1;1;2;NA
27;"AL";2706422;"270642";"Pariconha";"Não";"Região Metropolitana do Sertão";"Motociclistas";NA;NA;NA;NA;NA;NA;1;NA;NA;NA;NA;NA;NA;1;NA;NA;NA;NA;2;NA;NA;NA;NA;1;NA
27;"AL";2706448;"270644";"Paripueira";"Não";"Região Metropolitana de Maceió";"Motociclistas";NA;NA;NA;NA;NA;NA;NA;NA;NA;NA;NA;NA;NA;NA;NA;NA;NA;NA;NA;1;NA;1;1;1;NA
27;"AL";2706505;"270650";"Passo de Camaragibe";"Não";"-";"Motociclistas";NA;NA;NA;NA;NA;1;NA;NA;NA;NA;NA;NA;NA;1;NA;NA;NA;NA;NA;1;1;3;2;1;NA
27;"AL";2706604;"270660";"Paulo Jacinto";"Não";"Região Metropolitana do Vale do Paraíba";"Motociclistas";NA;NA;NA;NA;NA;NA;NA;NA;1;NA;NA;NA;NA;NA;NA;NA;NA;NA;NA;NA;1;NA;NA;NA;NA
27;"AL";2706703;"270670";"Penedo";"Não";"Região Metropolitana do São Francisco";"Motociclistas";NA;NA;NA;1;2;NA;NA;NA;2;1;NA;2;3;2;NA;NA;NA;9;2;5;1;5;5;4;NA
27;"AL";2706802;"270680";"Piaçabuçu";"Não";"Região Metropolitana do São Francisco";"Motociclistas";NA;NA;2;NA;1;NA;1;1;NA;NA;1;NA;NA;NA;NA;NA;1;2;3;2;2;1;2;1;NA
27;"AL";2706901;"270690";"Pilar";"Não";"Região Metropolitana de Maceió";"Motociclistas";NA;NA;1;1;1;NA;NA;NA;NA;NA;NA;NA;NA;1;2;3;NA;1;1;NA;4;2;NA;1;NA
27;"AL";2707107;"270710";"Piranhas";"Não";"Região Metropolitana do Sertão";"Motociclistas";NA;NA;NA;NA;NA;NA;NA;NA;1;1;2;1;3;1;NA;NA;NA;3;1;3;1;1;3;4;NA
27;"AL";2707206;"270720";"Poço das Trincheiras";"Não";"Região Metropolitana do Médio Sertão";"Motociclistas";NA;NA;NA;NA;1;NA;NA;NA;1;1;NA;1;2;1;NA;NA;NA;2;NA;1;NA;NA;1;1;NA
27;"AL";2707305;"270730";"Porto Calvo";"Não";"Região Metropolitana da Zona da Mata";"Motociclistas";NA;NA;NA;NA;NA;NA;NA;NA;NA;NA;3;NA;NA;1;NA;1;NA;1;2;NA;5;2;7;9;NA
27;"AL";2707404;"270740";"Porto de Pedras";"Não";"-";"Motociclistas";NA;NA;NA;NA;NA;NA;NA;NA;NA;NA;NA;NA;NA;NA;NA;NA;NA;1;1;NA;NA;NA;1;NA;NA
27;"AL";2707503;"270750";"Porto Real do Colégio";"Não";"Região Metropolitana do São Francisco";"Motociclistas";NA;NA;NA;2;NA;NA;NA;4;NA;NA;1;2;NA;NA;NA;NA;NA;NA;1;4;1;1;1;2;NA
27;"AL";2707602;"270760";"Quebrangulo";"Não";"-";"Motociclistas";NA;NA;NA;NA;NA;NA;NA;NA;NA;NA;NA;NA;NA;1;NA;NA;NA;NA;1;2;NA;NA;NA;NA;NA
27;"AL";2707701;"270770";"Rio Largo";"Não";"Região Metropolitana de Maceió";"Motociclistas";NA;NA;NA;NA;NA;2;1;NA;NA;NA;NA;NA;NA;NA;NA;1;NA;4;3;1;2;6;2;NA;NA
27;"AL";2707800;"270780";"Roteiro";"Não";"-";"Motociclistas";NA;1;NA;NA;NA;NA;NA;NA;NA;NA;NA;NA;NA;NA;1;NA;NA;1;NA;NA;1;NA;2;1;NA
27;"AL";2707909;"270790";"Santa Luzia do Norte";"Não";"Região Metropolitana de Maceió";"Motociclistas";NA;NA;NA;NA;NA;NA;NA;NA;NA;NA;NA;NA;NA;NA;NA;NA;NA;NA;NA;NA;NA;NA;1;NA;NA
27;"AL";2708006;"270800";"Santana do Ipanema";"Não";"Região Metropolitana do Médio Sertão";"Motociclistas";NA;NA;2;NA;NA;2;2;3;2;1;1;1;1;4;NA;2;5;13;14;8;10;11;7;13;NA
27;"AL";2708105;"270810";"Santana do Mundaú";"Não";"Região Metropolitana da Zona da Mata";"Motociclistas";NA;NA;NA;NA;NA;NA;NA;NA;NA;1;1;NA;NA;NA;NA;NA;NA;1;NA;1;NA;NA;3;NA;NA
27;"AL";2708204;"270820";"São Brás";"Não";"Região Metropolitana do Agreste";"Motociclistas";NA;NA;NA;NA;NA;NA;1;NA;NA;NA;NA;NA;NA;NA;NA;NA;NA;2;NA;1;2;1;1;1;NA
27;"AL";2708303;"270830";"São José da Laje";"Não";"Região Metropolitana da Zona da Mata";"Motociclistas";NA;NA;NA;NA;NA;NA;NA;NA;NA;NA;NA;3;NA;2;1;NA;NA;NA;NA;NA;3;1;1;1;NA
27;"AL";2708402;"270840";"São José da Tapera";"Não";"-";"Motociclistas";1;NA;NA;1;1;NA;NA;1;7;2;NA;4;2;1;NA;NA;NA;8;5;8;3;4;1;5;NA
27;"AL";2708501;"270850";"São Luís do Quitunde";"Não";"Região Metropolitana da Zona da Mata";"Motociclistas";NA;NA;NA;NA;NA;NA;NA;NA;NA;NA;1;NA;NA;NA;NA;NA;1;NA;2;NA;NA;1;NA;2;NA
27;"AL";2708600;"270860";"São Miguel dos Campos";"Não";"Região Metropolitana de Caetés";"Motociclistas";NA;NA;NA;NA;2;2;1;NA;NA;NA;NA;NA;1;NA;NA;NA;1;3;NA;3;NA;3;4;10;NA
27;"AL";2708709;"270870";"São Miguel dos Milagres";"Não";"-";"Motociclistas";NA;NA;NA;NA;NA;NA;NA;NA;NA;NA;NA;NA;NA;NA;NA;NA;NA;NA;1;NA;NA;NA;1;NA;NA
27;"AL";2708808;"270880";"São Sebastião";"Não";"Região Metropolitana do Agreste";"Motociclistas";1;1;1;NA;NA;1;NA;1;1;1;3;1;NA;1;NA;NA;NA;4;6;1;1;8;6;6;NA
27;"AL";2708907;"270890";"Satuba";"Não";"Região Metropolitana de Maceió";"Motociclistas";NA;NA;NA;NA;1;NA;NA;NA;NA;NA;NA;NA;1;NA;NA;2;NA;2;NA;1;2;1;2;NA;NA
27;"AL";2708956;"270895";"Senador Rui Palmeira";"Não";"Região Metropolitana do Médio Sertão";"Motociclistas";NA;NA;NA;NA;NA;NA;NA;1;NA;NA;NA;NA;NA;NA;NA;NA;NA;NA;1;1;1;1;NA;2;NA
27;"AL";2709004;"270900";"Tanque d'Arca";"Não";"Região Metropolitana do Agreste";"Motociclistas";1;NA;NA;NA;NA;NA;NA;NA;NA;NA;NA;1;NA;NA;NA;NA;NA;1;1;1;1;NA;NA;NA;NA
27;"AL";2709103;"270910";"Taquarana";"Não";"Região Metropolitana do Agreste";"Motociclistas";NA;NA;1;1;1;NA;NA;NA;NA;3;1;NA;NA;NA;NA;NA;2;2;3;6;1;5;2;2;NA
27;"AL";2709152;"270915";"Teotônio Vilela";"Não";"-";"Motociclistas";NA;2;NA;NA;NA;3;2;1;NA;2;1;5;1;1;1;NA;NA;1;2;5;NA;3;2;7;NA
27;"AL";2709202;"270920";"Traipu";"Não";"Região Metropolitana do Agreste";"Motociclistas";NA;NA;1;NA;NA;1;NA;1;NA;NA;1;NA;NA;NA;NA;NA;NA;1;NA;1;NA;NA;1;NA;NA
27;"AL";2709301;"270930";"União dos Palmares";"Não";"Região Metropolitana da Zona da Mata";"Motociclistas";NA;1;NA;NA;NA;1;NA;4;NA;NA;1;NA;1;4;1;NA;NA;6;4;NA;13;5;6;NA;NA
27;"AL";2709400;"270940";"Viçosa";"Não";"Região Metropolitana do Vale do Paraíba";"Motociclistas";1;NA;NA;NA;NA;NA;NA;NA;NA;1;NA;NA;1;1;NA;NA;NA;1;NA;NA;4;1;NA;3;NA
28;"SE";2800100;"280010";"Amparo do São Francisco";"Não";"-";"Motociclistas";NA;NA;NA;NA;NA;NA;NA;NA;NA;NA;NA;1;1;NA;NA;NA;NA;NA;NA;NA;1;NA;2;NA;NA
28;"SE";2800209;"280020";"Aquidabã";"Não";"-";"Motociclistas";NA;NA;NA;NA;NA;NA;NA;NA;NA;NA;NA;1;4;1;1;1;6;3;7;NA;1;NA;NA;2;NA
28;"SE";2800308;"280030";"Aracaju";"Sim";"Região Metropolitana de Aracaju";"Motociclistas";8;12;29;22;30;44;46;55;56;92;104;124;135;132;108;123;97;98;77;91;89;92;94;106;NA
28;"SE";2800407;"280040";"Arauá";"Não";"-";"Motociclistas";NA;NA;NA;NA;NA;1;NA;2;1;1;NA;1;4;NA;NA;1;NA;1;2;1;1;1;NA;1;NA
28;"SE";2800506;"280050";"Areia Branca";"Não";"-";"Motociclistas";NA;NA;NA;NA;NA;2;NA;1;2;1;1;5;NA;NA;NA;3;1;4;3;NA;1;NA;NA;2;NA
28;"SE";2800605;"280060";"Barra dos Coqueiros";"Não";"Região Metropolitana de Aracaju";"Motociclistas";1;NA;NA;NA;NA;1;NA;NA;NA;2;2;2;NA;3;NA;1;3;1;2;NA;1;1;2;NA;NA
28;"SE";2800670;"280067";"Boquim";"Não";"-";"Motociclistas";NA;NA;1;NA;1;1;1;NA;2;1;3;3;3;5;3;3;7;1;1;NA;5;4;3;2;NA
28;"SE";2800704;"280070";"Brejo Grande";"Não";"-";"Motociclistas";NA;NA;NA;NA;NA;NA;1;NA;NA;NA;NA;NA;NA;NA;NA;3;3;NA;1;NA;NA;NA;NA;1;NA
28;"SE";2801009;"280100";"Campo do Brito";"Não";"-";"Motociclistas";NA;NA;1;NA;NA;NA;NA;2;2;1;3;1;5;1;NA;6;NA;2;2;2;1;3;1;1;NA
28;"SE";2801108;"280110";"Canhoba";"Não";"-";"Motociclistas";NA;NA;NA;NA;NA;NA;NA;NA;NA;NA;NA;1;1;NA;1;1;1;2;NA;2;NA;NA;NA;NA;NA
28;"SE";2801207;"280120";"Canindé de São Francisco";"Não";"-";"Motociclistas";NA;NA;1;1;2;NA;1;3;NA;5;5;4;7;6;8;5;6;2;2;7;3;6;3;6;NA
28;"SE";2801306;"280130";"Capela";"Não";"-";"Motociclistas";NA;NA;NA;1;1;2;3;3;NA;1;1;2;7;5;7;2;2;2;3;NA;4;1;1;1;NA
28;"SE";2801405;"280140";"Carira";"Não";"-";"Motociclistas";NA;1;NA;NA;NA;NA;1;NA;NA;2;4;1;4;NA;1;4;5;4;1;5;6;3;1;3;NA
28;"SE";2801504;"280150";"Carmópolis";"Não";"-";"Motociclistas";NA;NA;NA;NA;NA;NA;NA;4;NA;1;2;3;2;3;1;2;NA;NA;NA;1;NA;1;1;NA;NA
28;"SE";2801603;"280160";"Cedro de São João";"Não";"-";"Motociclistas";NA;NA;NA;NA;NA;NA;3;NA;NA;NA;1;NA;2;NA;1;NA;3;NA;NA;NA;1;1;1;2;NA
28;"SE";2801702;"280170";"Cristinápolis";"Não";"-";"Motociclistas";NA;NA;NA;NA;NA;NA;NA;1;NA;1;NA;4;1;1;NA;2;2;2;2;1;1;2;1;2;NA
28;"SE";2801900;"280190";"Cumbe";"Não";"-";"Motociclistas";NA;NA;NA;NA;NA;NA;NA;NA;NA;1;1;NA;NA;NA;1;NA;4;NA;NA;NA;NA;NA;NA;1;NA
28;"SE";2802007;"280200";"Divina Pastora";"Não";"-";"Motociclistas";NA;NA;NA;NA;NA;NA;NA;NA;NA;NA;NA;NA;NA;3;NA;NA;NA;1;2;NA;1;NA;NA;3;NA
28;"SE";2802106;"280210";"Estância";"Não";"-";"Motociclistas";NA;2;NA;3;1;NA;1;5;6;2;8;5;13;6;4;5;3;NA;3;2;4;4;2;10;NA
28;"SE";2802205;"280220";"Feira Nova";"Não";"-";"Motociclistas";NA;NA;NA;NA;NA;NA;NA;NA;NA;NA;NA;1;NA;NA;2;2;NA;NA;NA;NA;1;1;1;2;NA
28;"SE";2802304;"280230";"Frei Paulo";"Não";"-";"Motociclistas";2;NA;NA;NA;NA;NA;1;NA;NA;1;1;1;NA;NA;1;1;1;3;5;NA;1;2;2;2;NA
28;"SE";2802403;"280240";"Gararu";"Não";"-";"Motociclistas";NA;NA;NA;NA;NA;1;NA;1;NA;NA;NA;1;2;NA;2;3;2;NA;3;NA;2;NA;NA;1;NA
28;"SE";2802502;"280250";"General Maynard";"Não";"-";"Motociclistas";NA;NA;NA;NA;1;NA;NA;NA;NA;NA;NA;NA;NA;1;NA;NA;NA;NA;NA;NA;NA;NA;NA;NA;NA
28;"SE";2802601;"280260";"Gracho Cardoso";"Não";"-";"Motociclistas";NA;NA;NA;NA;NA;NA;NA;NA;NA;2;NA;NA;NA;2;NA;NA;NA;1;NA;1;1;2;1;NA;NA
28;"SE";2802700;"280270";"Ilha das Flores";"Não";"-";"Motociclistas";NA;NA;NA;NA;NA;NA;1;NA;NA;NA;NA;NA;NA;NA;1;2;NA;NA;NA;1;NA;NA;NA;NA;NA
28;"SE";2802809;"280280";"Indiaroba";"Não";"-";"Motociclistas";NA;NA;NA;NA;NA;NA;NA;1;1;2;1;NA;3;1;3;1;NA;1;2;NA;4;1;1;2;NA
28;"SE";2802908;"280290";"Itabaiana";"Não";"-";"Motociclistas";NA;2;4;3;1;4;3;4;1;3;7;15;19;10;8;14;9;11;10;5;6;11;13;15;NA
28;"SE";2803005;"280300";"Itabaianinha";"Não";"-";"Motociclistas";NA;NA;NA;2;NA;NA;1;1;1;1;2;NA;3;4;5;6;6;4;5;1;4;3;4;2;NA
28;"SE";2803104;"280310";"Itabi";"Não";"-";"Motociclistas";NA;NA;NA;NA;NA;NA;NA;NA;1;NA;NA;1;1;NA;1;NA;2;1;1;NA;NA;NA;NA;NA;NA
28;"SE";2803203;"280320";"Itaporanga d'Ajuda";"Não";"-";"Motociclistas";NA;NA;NA;1;2;NA;NA;NA;2;1;7;5;4;1;3;3;3;1;2;1;4;1;5;2;NA
28;"SE";2803302;"280330";"Japaratuba";"Não";"-";"Motociclistas";NA;NA;1;NA;1;NA;NA;2;2;NA;NA;2;NA;2;5;1;1;NA;1;NA;NA;4;1;3;NA
28;"SE";2803401;"280340";"Japoatã";"Não";"-";"Motociclistas";NA;NA;NA;NA;2;NA;1;1;NA;1;2;1;5;4;1;3;3;4;2;3;1;2;1;NA;NA
28;"SE";2803500;"280350";"Lagarto";"Não";"-";"Motociclistas";NA;NA;1;2;4;8;3;2;5;6;6;7;14;9;9;9;9;6;8;11;6;12;10;9;NA
28;"SE";2803609;"280360";"Laranjeiras";"Não";"-";"Motociclistas";NA;NA;NA;NA;NA;1;1;NA;1;4;2;2;2;5;3;NA;2;NA;1;4;3;1;2;1;NA
28;"SE";2803708;"280370";"Macambira";"Não";"-";"Motociclistas";NA;NA;NA;NA;NA;NA;NA;NA;NA;NA;1;NA;1;1;NA;NA;NA;NA;NA;2;NA;NA;1;NA;NA
28;"SE";2803807;"280380";"Malhada dos Bois";"Não";"-";"Motociclistas";NA;NA;NA;NA;NA;NA;NA;NA;NA;NA;NA;NA;NA;NA;NA;1;NA;1;2;NA;NA;NA;1;1;NA
28;"SE";2803906;"280390";"Malhador";"Não";"-";"Motociclistas";NA;NA;NA;NA;1;1;NA;NA;NA;NA;NA;1;1;2;NA;2;1;1;1;NA;NA;NA;1;NA;NA
28;"SE";2804003;"280400";"Maruim";"Não";"-";"Motociclistas";NA;NA;NA;NA;NA;NA;NA;1;NA;NA;NA;1;1;1;1;1;NA;2;2;1;NA;NA;2;1;NA
28;"SE";2804102;"280410";"Moita Bonita";"Não";"-";"Motociclistas";NA;NA;NA;NA;NA;NA;NA;2;NA;1;NA;1;1;3;1;4;3;3;3;1;2;1;NA;3;NA
28;"SE";2804201;"280420";"Monte Alegre de Sergipe";"Não";"-";"Motociclistas";NA;NA;NA;NA;NA;NA;NA;NA;1;2;2;1;1;3;3;1;NA;NA;1;4;NA;1;2;2;NA
28;"SE";2804300;"280430";"Muribeca";"Não";"-";"Motociclistas";NA;NA;NA;NA;1;1;NA;1;NA;1;3;NA;1;2;1;2;1;NA;3;NA;1;NA;NA;1;NA
28;"SE";2804409;"280440";"Neópolis";"Não";"-";"Motociclistas";NA;NA;NA;1;2;1;NA;2;2;1;2;6;9;4;8;6;1;4;3;8;1;4;4;6;NA
28;"SE";2804458;"280445";"Nossa Senhora Aparecida";"Não";"-";"Motociclistas";NA;NA;NA;NA;NA;NA;NA;NA;NA;1;2;1;1;2;NA;3;3;NA;NA;2;1;4;3;4;NA
28;"SE";2804508;"280450";"Nossa Senhora da Glória";"Não";"-";"Motociclistas";NA;1;1;NA;NA;1;1;NA;3;3;2;4;5;8;7;2;9;8;4;2;7;8;5;8;NA
28;"SE";2804607;"280460";"Nossa Senhora das Dores";"Não";"-";"Motociclistas";NA;NA;NA;NA;NA;NA;NA;NA;4;1;3;1;3;2;1;2;3;3;1;2;1;4;NA;1;NA
28;"SE";2804706;"280470";"Nossa Senhora de Lourdes";"Não";"-";"Motociclistas";NA;NA;NA;NA;NA;NA;NA;NA;NA;NA;NA;NA;1;1;NA;1;NA;NA;1;1;1;2;1;NA;NA
28;"SE";2804805;"280480";"Nossa Senhora do Socorro";"Não";"Região Metropolitana de Aracaju";"Motociclistas";NA;1;NA;NA;2;1;NA;1;3;6;3;3;10;4;4;3;4;3;5;3;2;3;6;6;NA
28;"SE";2804904;"280490";"Pacatuba";"Não";"-";"Motociclistas";NA;NA;NA;NA;NA;NA;NA;NA;1;2;NA;NA;NA;3;NA;1;1;NA;1;NA;1;NA;NA;3;NA
28;"SE";2805000;"280500";"Pedra Mole";"Não";"-";"Motociclistas";NA;NA;NA;NA;NA;NA;NA;NA;NA;NA;1;NA;NA;NA;NA;NA;1;NA;1;1;NA;NA;NA;NA;NA
28;"SE";2805109;"280510";"Pedrinhas";"Não";"-";"Motociclistas";1;NA;NA;NA;NA;NA;NA;NA;1;NA;3;NA;NA;NA;1;1;1;1;1;2;NA;NA;1;NA;NA
28;"SE";2805208;"280520";"Pinhão";"Não";"-";"Motociclistas";NA;NA;NA;NA;NA;NA;NA;1;NA;1;NA;1;NA;NA;NA;1;NA;NA;NA;NA;NA;NA;2;1;NA
28;"SE";2805307;"280530";"Pirambu";"Não";"-";"Motociclistas";NA;NA;1;NA;1;NA;1;1;NA;1;NA;NA;NA;NA;NA;1;NA;NA;1;NA;2;NA;NA;NA;NA
28;"SE";2805406;"280540";"Poço Redondo";"Não";"-";"Motociclistas";NA;NA;1;NA;NA;2;NA;1;1;7;3;2;10;7;8;9;7;4;5;1;8;3;5;2;NA
28;"SE";2805505;"280550";"Poço Verde";"Não";"-";"Motociclistas";NA;NA;NA;NA;1;1;NA;1;1;1;3;1;4;1;1;2;4;NA;4;5;1;4;1;2;NA
28;"SE";2805604;"280560";"Porto da Folha";"Não";"-";"Motociclistas";NA;NA;1;NA;NA;1;NA;1;NA;3;2;3;6;4;2;5;NA;3;2;3;4;1;3;NA;NA
28;"SE";2805703;"280570";"Propriá";"Não";"-";"Motociclistas";2;1;3;NA;NA;NA;1;NA;NA;NA;1;3;3;8;3;1;4;11;6;8;5;2;1;5;NA
28;"SE";2805802;"280580";"Riachão do Dantas";"Não";"-";"Motociclistas";NA;NA;NA;NA;NA;NA;NA;2;NA;1;1;NA;1;4;NA;2;1;1;4;2;NA;2;2;NA;NA
28;"SE";2805901;"280590";"Riachuelo";"Não";"-";"Motociclistas";NA;NA;NA;NA;NA;1;NA;NA;NA;NA;1;NA;3;1;NA;NA;1;NA;NA;NA;1;NA;1;NA;NA
28;"SE";2806008;"280600";"Ribeirópolis";"Não";"-";"Motociclistas";NA;NA;NA;NA;NA;NA;1;1;NA;1;4;1;1;1;2;2;1;2;NA;2;4;2;3;1;NA
28;"SE";2806107;"280610";"Rosário do Catete";"Não";"-";"Motociclistas";NA;NA;NA;NA;NA;NA;NA;NA;1;NA;NA;2;2;NA;3;NA;3;2;NA;NA;NA;NA;NA;1;NA
28;"SE";2806206;"280620";"Salgado";"Não";"-";"Motociclistas";NA;NA;NA;1;NA;1;NA;2;NA;1;NA;1;4;1;NA;1;3;NA;1;2;3;NA;1;3;NA
28;"SE";2806305;"280630";"Santa Luzia do Itanhy";"Não";"-";"Motociclistas";NA;NA;NA;2;NA;NA;NA;NA;NA;NA;NA;NA;6;3;3;NA;2;NA;NA;2;2;3;1;NA;NA
28;"SE";2806404;"280640";"Santana do São Francisco";"Não";"-";"Motociclistas";NA;NA;NA;NA;NA;NA;NA;NA;NA;NA;1;NA;2;NA;2;NA;1;1;NA;NA;3;NA;NA;NA;NA
28;"SE";2806503;"280650";"Santa Rosa de Lima";"Não";"-";"Motociclistas";NA;NA;NA;1;NA;NA;NA;NA;NA;NA;2;NA;1;NA;1;NA;NA;NA;NA;1;NA;NA;1;NA;NA
28;"SE";2806602;"280660";"Santo Amaro das Brotas";"Não";"-";"Motociclistas";NA;NA;NA;NA;NA;NA;NA;1;1;NA;2;1;3;NA;2;NA;1;3;NA;NA;3;NA;NA;NA;NA
28;"SE";2806701;"280670";"São Cristóvão";"Não";"Região Metropolitana de Aracaju";"Motociclistas";NA;1;NA;NA;1;NA;2;NA;1;3;5;6;5;5;3;2;2;2;NA;5;3;4;1;3;NA
28;"SE";2806800;"280680";"São Domingos";"Não";"-";"Motociclistas";NA;NA;NA;NA;NA;NA;NA;NA;NA;NA;1;NA;NA;NA;NA;1;1;2;2;NA;2;2;5;NA;NA
28;"SE";2806909;"280690";"São Francisco";"Não";"-";"Motociclistas";NA;NA;NA;NA;NA;NA;NA;NA;NA;NA;1;NA;NA;NA;1;2;NA;NA;NA;1;1;NA;2;NA;NA
28;"SE";2807006;"280700";"São Miguel do Aleixo";"Não";"-";"Motociclistas";NA;NA;NA;NA;NA;NA;NA;NA;NA;NA;NA;NA;NA;1;NA;1;NA;NA;NA;1;NA;NA;1;NA;NA
28;"SE";2807105;"280710";"Simão Dias";"Não";"-";"Motociclistas";NA;NA;NA;NA;1;2;3;1;4;5;2;7;8;8;8;1;4;NA;4;7;4;3;2;6;NA
28;"SE";2807204;"280720";"Siriri";"Não";"-";"Motociclistas";NA;NA;NA;NA;NA;NA;NA;1;1;NA;NA;NA;2;1;1;1;NA;1;1;NA;NA;2;NA;NA;NA
28;"SE";2807303;"280730";"Telha";"Não";"-";"Motociclistas";NA;NA;NA;NA;NA;NA;1;NA;NA;1;1;NA;1;NA;1;NA;NA;3;NA;1;2;NA;NA;1;NA
28;"SE";2807402;"280740";"Tobias Barreto";"Não";"-";"Motociclistas";NA;1;1;NA;1;NA;1;NA;3;2;5;NA;9;2;3;1;1;6;3;4;1;NA;3;4;NA
28;"SE";2807501;"280750";"Tomar do Geru";"Não";"-";"Motociclistas";1;NA;NA;NA;NA;NA;NA;NA;NA;NA;1;1;2;NA;2;1;1;2;NA;1;NA;NA;NA;NA;NA
28;"SE";2807600;"280760";"Umbaúba";"Não";"-";"Motociclistas";NA;NA;NA;1;NA;NA;NA;1;NA;3;2;4;6;2;3;2;NA;3;8;3;6;6;4;3;NA
29;"BA";2900108;"290010";"Abaíra";"Não";"-";"Motociclistas";NA;NA;NA;NA;NA;NA;NA;NA;NA;NA;NA;NA;NA;NA;NA;2;NA;NA;1;NA;NA;NA;NA;NA;NA
29;"BA";2900207;"290020";"Abaré";"Não";"-";"Motociclistas";NA;NA;NA;NA;NA;NA;NA;1;2;NA;1;NA;3;3;NA;1;1;NA;4;3;6;3;NA;8;NA
29;"BA";2900306;"290030";"Acajutiba";"Não";"-";"Motociclistas";1;1;NA;NA;NA;2;NA;NA;NA;NA;2;4;3;2;NA;NA;NA;1;1;1;NA;NA;1;NA;NA
29;"BA";2900355;"290035";"Adustina";"Não";"-";"Motociclistas";NA;NA;NA;4;2;NA;1;NA;2;1;NA;3;1;1;NA;1;NA;2;4;1;1;1;1;1;NA
29;"BA";2900405;"290040";"Água Fria";"Não";"-";"Motociclistas";NA;NA;NA;NA;NA;NA;NA;NA;NA;NA;NA;NA;NA;NA;1;NA;NA;1;NA;NA;NA;NA;NA;2;NA
29;"BA";2900504;"290050";"Érico Cardoso";"Não";"-";"Motociclistas";NA;NA;NA;NA;NA;1;NA;NA;NA;NA;NA;1;NA;1;1;NA;NA;NA;NA;NA;NA;NA;NA;NA;NA
29;"BA";2900603;"290060";"Aiquara";"Não";"-";"Motociclistas";NA;NA;NA;NA;NA;NA;NA;NA;NA;NA;NA;NA;1;NA;NA;NA;NA;NA;NA;1;NA;NA;NA;NA;NA
29;"BA";2900702;"290070";"Alagoinhas";"Não";"-";"Motociclistas";NA;2;NA;3;3;1;2;1;3;7;9;9;17;20;18;11;15;11;17;12;7;15;5;13;NA
29;"BA";2900801;"290080";"Alcobaça";"Não";"-";"Motociclistas";NA;NA;1;NA;2;NA;NA;NA;NA;NA;NA;NA;NA;NA;NA;1;NA;1;NA;NA;NA;NA;NA;1;NA
29;"BA";2900900;"290090";"Almadina";"Não";"-";"Motociclistas";NA;NA;NA;NA;NA;NA;NA;NA;NA;NA;NA;NA;NA;1;NA;NA;NA;NA;NA;NA;NA;NA;NA;NA;NA
29;"BA";2901007;"290100";"Amargosa";"Não";"-";"Motociclistas";NA;NA;NA;1;1;NA;NA;1;NA;NA;1;1;NA;NA;NA;NA;2;NA;NA;NA;1;2;3;1;NA
29;"BA";2901106;"290110";"Amélia Rodrigues";"Não";"Região Metropolitana de Feira de Santana";"Motociclistas";NA;NA;NA;NA;NA;NA;NA;2;NA;NA;NA;NA;1;1;NA;NA;NA;NA;NA;1;NA;NA;NA;NA;NA
29;"BA";2901155;"290115";"América Dourada";"Não";"-";"Motociclistas";NA;NA;NA;NA;2;1;NA;NA;NA;1;1;NA;2;1;NA;1;NA;2;5;1;NA;4;2;4;NA
29;"BA";2901205;"290120";"Anagé";"Não";"-";"Motociclistas";NA;NA;NA;NA;NA;NA;NA;NA;NA;1;NA;NA;NA;2;2;NA;2;NA;1;NA;2;NA;2;2;NA
29;"BA";2901304;"290130";"Andaraí";"Não";"-";"Motociclistas";NA;NA;NA;NA;NA;NA;NA;NA;NA;NA;1;NA;NA;NA;1;NA;1;1;NA;NA;1;NA;NA;NA;NA
29;"BA";2901353;"290135";"Andorinha";"Não";"-";"Motociclistas";NA;NA;NA;NA;NA;NA;NA;1;NA;NA;NA;NA;NA;NA;NA;NA;1;NA;NA;NA;1;NA;2;NA;NA
29;"BA";2901403;"290140";"Angical";"Não";"-";"Motociclistas";NA;NA;NA;NA;NA;NA;NA;NA;NA;NA;NA;NA;NA;NA;NA;NA;NA;NA;1;NA;NA;NA;1;1;NA
29;"BA";2901502;"290150";"Anguera";"Não";"Área de Expansão Metropolitana";"Motociclistas";NA;NA;NA;NA;NA;NA;NA;NA;NA;NA;NA;NA;NA;NA;NA;NA;NA;NA;NA;NA;NA;NA;NA;NA;NA
29;"BA";2901601;"290160";"Antas";"Não";"-";"Motociclistas";NA;NA;NA;NA;NA;NA;NA;NA;NA;NA;NA;NA;NA;NA;1;1;2;3;1;NA;2;2;3;1;NA
29;"BA";2901809;"290180";"Antônio Gonçalves";"Não";"-";"Motociclistas";NA;NA;NA;NA;NA;NA;NA;2;NA;NA;NA;NA;NA;NA;1;1;1;1;1;NA;NA;NA;NA;NA;NA
29;"BA";2901908;"290190";"Aporá";"Não";"-";"Motociclistas";NA;NA;1;NA;1;NA;1;1;NA;1;NA;1;NA;1;1;NA;1;1;NA;3;NA;NA;1;NA;NA
29;"BA";2901957;"290195";"Apuarema";"Não";"-";"Motociclistas";NA;NA;NA;NA;NA;1;NA;NA;NA;NA;NA;NA;NA;NA;NA;NA;NA;NA;NA;NA;NA;NA;NA;1;NA
29;"BA";2902005;"290200";"Aracatu";"Não";"-";"Motociclistas";NA;NA;NA;NA;NA;NA;NA;NA;NA;1;NA;NA;NA;1;NA;1;NA;NA;NA;3;NA;1;NA;NA;NA
29;"BA";2902054;"290205";"Araçás";"Não";"-";"Motociclistas";NA;NA;NA;NA;NA;NA;NA;NA;NA;NA;NA;1;NA;NA;NA;NA;1;1;NA;NA;NA;NA;NA;NA;NA
29;"BA";2902104;"290210";"Araci";"Não";"-";"Motociclistas";NA;NA;NA;NA;NA;1;NA;NA;1;NA;NA;NA;2;NA;1;NA;NA;NA;1;2;NA;NA;NA;1;NA
29;"BA";2902203;"290220";"Aramari";"Não";"-";"Motociclistas";NA;NA;NA;1;NA;NA;NA;NA;NA;NA;NA;NA;NA;NA;NA;1;1;NA;NA;NA;NA;NA;1;NA;NA
29;"BA";2902252;"290225";"Arataca";"Não";"-";"Motociclistas";NA;NA;NA;NA;NA;NA;NA;NA;NA;NA;NA;NA;NA;NA;NA;2;NA;NA;NA;NA;NA;NA;NA;NA;NA
29;"BA";2902302;"290230";"Aratuípe";"Não";"-";"Motociclistas";NA;NA;NA;NA;NA;NA;NA;NA;NA;1;NA;NA;NA;NA;NA;NA;NA;NA;1;1;NA;NA;NA;1;NA
29;"BA";2902401;"290240";"Aurelino Leal";"Não";"-";"Motociclistas";NA;NA;NA;NA;NA;NA;NA;NA;NA;1;NA;NA;NA;NA;NA;NA;NA;NA;NA;NA;NA;NA;NA;NA;NA
29;"BA";2902500;"290250";"Baianópolis";"Não";"-";"Motociclistas";NA;NA;NA;NA;NA;NA;NA;NA;NA;NA;NA;NA;NA;NA;NA;NA;NA;NA;NA;1;NA;1;3;4;NA
29;"BA";2902609;"290260";"Baixa Grande";"Não";"-";"Motociclistas";NA;NA;NA;1;NA;NA;1;NA;NA;NA;1;NA;NA;NA;NA;NA;1;2;NA;1;NA;2;1;NA;NA
29;"BA";2902658;"290265";"Banzaê";"Não";"-";"Motociclistas";NA;NA;NA;NA;NA;NA;NA;NA;NA;NA;NA;NA;NA;NA;NA;NA;NA;1;NA;1;NA;NA;2;1;NA
29;"BA";2902708;"290270";"Barra";"Não";"-";"Motociclistas";NA;NA;NA;NA;NA;NA;NA;1;NA;NA;1;1;2;1;2;NA;2;2;3;2;NA;NA;NA;1;NA
29;"BA";2902807;"290280";"Barra da Estiva";"Não";"-";"Motociclistas";NA;NA;NA;NA;NA;1;NA;1;2;NA;NA;1;2;2;2;4;2;3;NA;3;NA;3;2;NA;NA
29;"BA";2902906;"290290";"Barra do Choça";"Não";"-";"Motociclistas";NA;NA;NA;1;NA;NA;NA;NA;1;NA;NA;1;NA;1;1;NA;1;1;NA;NA;1;1;1;1;NA
29;"BA";2903003;"290300";"Barra do Mendes";"Não";"-";"Motociclistas";NA;NA;NA;NA;NA;NA;NA;NA;1;NA;NA;1;1;3;NA;NA;2;3;1;4;2;NA;NA;NA;NA
29;"BA";2903102;"290310";"Barra do Rocha";"Não";"-";"Motociclistas";NA;NA;NA;NA;NA;NA;NA;NA;NA;NA;NA;NA;NA;NA;NA;NA;NA;NA;NA;NA;NA;NA;1;1;NA
29;"BA";2903201;"290320";"Barreiras";"Não";"-";"Motociclistas";NA;NA;NA;NA;1;1;NA;NA;NA;NA;NA;1;NA;NA;NA;NA;1;5;11;27;34;32;46;43;NA
29;"BA";2903235;"290323";"Barro Alto";"Não";"-";"Motociclistas";NA;NA;NA;NA;NA;NA;NA;NA;NA;NA;1;1;NA;1;NA;NA;NA;2;NA;1;1;1;3;2;NA
29;"BA";2903276;"290327";"Barrocas";"Não";"-";"Motociclistas";NA;NA;NA;NA;NA;1;NA;NA;NA;NA;NA;1;NA;NA;NA;NA;NA;1;1;NA;NA;NA;NA;NA;NA
29;"BA";2903300;"290330";"Barro Preto";"Não";"-";"Motociclistas";NA;NA;NA;NA;NA;NA;NA;NA;NA;NA;NA;NA;NA;NA;1;NA;1;NA;NA;NA;NA;NA;NA;NA;NA
29;"BA";2903409;"290340";"Belmonte";"Não";"-";"Motociclistas";NA;NA;1;NA;NA;2;NA;NA;NA;1;NA;NA;NA;NA;NA;NA;NA;NA;NA;NA;NA;NA;NA;NA;NA
29;"BA";2903508;"290350";"Belo Campo";"Não";"-";"Motociclistas";NA;NA;NA;NA;1;NA;NA;1;1;NA;NA;NA;NA;1;1;NA;NA;1;1;NA;NA;NA;2;NA;NA
29;"BA";2903607;"290360";"Biritinga";"Não";"-";"Motociclistas";NA;NA;NA;NA;NA;NA;NA;NA;NA;NA;NA;NA;NA;NA;NA;NA;NA;NA;NA;NA;NA;NA;3;2;NA
29;"BA";2903706;"290370";"Boa Nova";"Não";"-";"Motociclistas";NA;NA;NA;NA;NA;NA;NA;NA;NA;NA;NA;NA;NA;NA;NA;1;NA;NA;1;1;1;NA;NA;NA;NA
29;"BA";2903805;"290380";"Boa Vista do Tupim";"Não";"-";"Motociclistas";NA;NA;NA;NA;1;NA;NA;1;NA;NA;NA;1;NA;NA;NA;1;NA;NA;NA;1;1;2;2;1;NA
29;"BA";2903904;"290390";"Bom Jesus da Lapa";"Não";"-";"Motociclistas";1;NA;NA;1;NA;2;1;1;1;3;3;1;1;2;3;1;1;8;3;6;3;4;4;2;NA
29;"BA";2903953;"290395";"Bom Jesus da Serra";"Não";"-";"Motociclistas";NA;NA;NA;NA;NA;NA;NA;NA;NA;NA;NA;NA;1;NA;NA;NA;NA;NA;NA;NA;2;NA;NA;2;NA
29;"BA";2904001;"290400";"Boninal";"Não";"-";"Motociclistas";NA;NA;NA;NA;NA;NA;NA;NA;NA;NA;NA;NA;NA;NA;1;1;1;NA;NA;NA;1;NA;NA;1;NA
29;"BA";2904050;"290405";"Bonito";"Não";"-";"Motociclistas";NA;NA;NA;NA;NA;2;NA;NA;NA;NA;NA;1;NA;1;NA;2;3;1;2;1;NA;1;1;NA;NA
29;"BA";2904100;"290410";"Boquira";"Não";"-";"Motociclistas";NA;NA;NA;NA;NA;NA;1;NA;NA;NA;NA;1;NA;1;2;2;2;NA;NA;NA;NA;NA;3;1;NA
29;"BA";2904209;"290420";"Botuporã";"Não";"-";"Motociclistas";NA;NA;NA;NA;NA;NA;NA;NA;NA;NA;NA;NA;NA;NA;NA;1;1;1;NA;NA;NA;NA;1;NA;NA
29;"BA";2904308;"290430";"Brejões";"Não";"-";"Motociclistas";NA;NA;NA;NA;NA;NA;NA;NA;NA;NA;NA;1;NA;1;NA;1;1;1;1;1;NA;1;1;2;NA
29;"BA";2904407;"290440";"Brejolândia";"Não";"-";"Motociclistas";1;NA;NA;NA;NA;NA;1;NA;NA;NA;NA;1;NA;NA;NA;NA;NA;1;1;NA;NA;NA;NA;NA;NA
29;"BA";2904506;"290450";"Brotas de Macaúbas";"Não";"-";"Motociclistas";NA;NA;NA;NA;NA;NA;NA;1;NA;NA;1;1;NA;1;3;3;2;4;2;NA;NA;1;NA;1;NA
29;"BA";2904605;"290460";"Brumado";"Não";"-";"Motociclistas";NA;NA;NA;NA;NA;NA;NA;2;2;1;2;2;4;NA;2;6;6;5;3;13;6;7;6;7;NA
29;"BA";2904704;"290470";"Buerarema";"Não";"-";"Motociclistas";NA;NA;NA;NA;NA;1;NA;NA;NA;NA;1;NA;NA;NA;NA;NA;NA;NA;NA;NA;NA;NA;NA;NA;NA
29;"BA";2904753;"290475";"Buritirama";"Não";"-";"Motociclistas";NA;1;NA;NA;NA;NA;NA;NA;NA;NA;NA;NA;NA;NA;2;3;NA;NA;NA;1;NA;NA;NA;NA;NA
29;"BA";2904803;"290480";"Caatiba";"Não";"-";"Motociclistas";NA;NA;NA;NA;NA;NA;NA;NA;NA;NA;NA;NA;NA;NA;NA;NA;NA;NA;NA;NA;NA;NA;NA;NA;NA
29;"BA";2904852;"290485";"Cabaceiras do Paraguaçu";"Não";"-";"Motociclistas";NA;NA;NA;NA;NA;NA;NA;NA;1;NA;NA;NA;1;NA;4;NA;NA;NA;1;1;NA;1;NA;1;NA
29;"BA";2904902;"290490";"Cachoeira";"Não";"-";"Motociclistas";NA;NA;NA;NA;NA;NA;NA;1;NA;NA;1;NA;2;1;3;1;NA;NA;NA;NA;NA;NA;NA;NA;NA
29;"BA";2905008;"290500";"Caculé";"Não";"-";"Motociclistas";NA;1;NA;NA;NA;1;1;NA;NA;1;NA;2;NA;2;NA;NA;NA;NA;NA;NA;3;1;1;1;NA
29;"BA";2905107;"290510";"Caém";"Não";"-";"Motociclistas";NA;NA;1;NA;NA;NA;1;NA;NA;NA;NA;NA;NA;NA;NA;NA;NA;1;NA;2;NA;1;1;1;NA
29;"BA";2905156;"290515";"Caetanos";"Não";"-";"Motociclistas";NA;NA;NA;NA;NA;NA;NA;NA;NA;NA;NA;NA;NA;1;NA;NA;NA;NA;NA;NA;NA;NA;NA;NA;NA
29;"BA";2905206;"290520";"Caetité";"Não";"-";"Motociclistas";NA;NA;1;NA;1;NA;NA;NA;NA;2;1;2;3;4;3;3;1;2;4;7;1;8;3;4;NA
29;"BA";2905305;"290530";"Cafarnaum";"Não";"-";"Motociclistas";NA;NA;NA;NA;NA;NA;NA;NA;NA;NA;NA;NA;2;1;NA;NA;1;1;2;3;NA;NA;NA;NA;NA
29;"BA";2905404;"290540";"Cairu";"Não";"-";"Motociclistas";NA;NA;NA;NA;NA;NA;NA;NA;NA;NA;NA;NA;NA;NA;NA;NA;NA;NA;1;NA;NA;NA;NA;NA;NA
29;"BA";2905503;"290550";"Caldeirão Grande";"Não";"-";"Motociclistas";NA;NA;NA;NA;NA;NA;NA;NA;NA;NA;NA;NA;NA;NA;NA;NA;3;2;2;NA;2;1;2;2;NA
29;"BA";2905602;"290560";"Camacan";"Não";"-";"Motociclistas";1;NA;NA;NA;NA;3;NA;NA;1;NA;1;NA;NA;NA;NA;NA;NA;NA;NA;NA;1;NA;NA;1;NA
29;"BA";2905701;"290570";"Camaçari";"Não";"Região Metropolitana de Salvador";"Motociclistas";NA;NA;NA;NA;NA;4;3;6;1;2;6;7;10;14;5;14;4;11;4;4;4;7;19;2;NA
29;"BA";2905800;"290580";"Camamu";"Não";"-";"Motociclistas";NA;1;NA;NA;NA;NA;1;NA;1;1;NA;NA;1;NA;1;NA;1;2;6;2;1;1;1;1;NA
29;"BA";2905909;"290590";"Campo Alegre de Lourdes";"Não";"-";"Motociclistas";NA;NA;NA;NA;NA;NA;NA;NA;NA;1;NA;4;1;2;2;2;3;3;NA;4;4;NA;NA;1;NA
29;"BA";2906006;"290600";"Campo Formoso";"Não";"-";"Motociclistas";NA;1;NA;NA;1;NA;NA;3;2;NA;NA;1;8;2;5;11;1;2;3;3;7;5;2;8;NA
29;"BA";2906105;"290610";"Canápolis";"Não";"-";"Motociclistas";NA;NA;1;NA;NA;NA;NA;NA;NA;NA;NA;NA;NA;NA;1;NA;NA;NA;NA;NA;NA;NA;1;NA;NA
29;"BA";2906204;"290620";"Canarana";"Não";"-";"Motociclistas";NA;NA;NA;1;NA;NA;NA;NA;NA;NA;3;2;1;NA;1;1;NA;2;3;1;1;1;1;1;NA
29;"BA";2906303;"290630";"Canavieiras";"Não";"-";"Motociclistas";NA;NA;1;NA;1;NA;NA;NA;2;NA;1;NA;NA;NA;1;NA;NA;NA;NA;NA;NA;NA;1;NA;NA
29;"BA";2906402;"290640";"Candeal";"Não";"Área de Expansão Metropolitana";"Motociclistas";NA;NA;NA;NA;NA;NA;NA;NA;NA;NA;NA;NA;NA;NA;1;NA;NA;NA;NA;NA;NA;NA;NA;NA;NA
29;"BA";2906501;"290650";"Candeias";"Não";"Região Metropolitana de Salvador";"Motociclistas";NA;NA;NA;NA;NA;1;1;NA;1;NA;3;NA;NA;NA;5;2;1;1;NA;NA;1;NA;2;NA;NA
29;"BA";2906600;"290660";"Candiba";"Não";"-";"Motociclistas";NA;NA;1;NA;NA;NA;NA;NA;1;2;2;1;1;1;1;2;1;4;NA;2;1;2;2;1;NA
29;"BA";2906709;"290670";"Cândido Sales";"Não";"-";"Motociclistas";NA;1;1;1;NA;NA;NA;NA;NA;1;NA;NA;NA;NA;NA;NA;1;NA;1;NA;NA;NA;NA;NA;NA
29;"BA";2906808;"290680";"Cansanção";"Não";"-";"Motociclistas";NA;NA;NA;NA;NA;NA;NA;NA;1;1;1;1;3;2;1;3;4;2;3;2;1;2;4;7;NA
29;"BA";2906824;"290682";"Canudos";"Não";"-";"Motociclistas";NA;NA;NA;NA;NA;NA;NA;NA;NA;NA;1;NA;NA;1;1;2;NA;1;NA;NA;1;4;NA;2;NA
29;"BA";2906857;"290685";"Capela do Alto Alegre";"Não";"-";"Motociclistas";NA;NA;NA;NA;NA;NA;NA;NA;NA;NA;1;NA;1;NA;NA;NA;NA;2;1;NA;NA;NA;NA;NA;NA
29;"BA";2906873;"290687";"Capim Grosso";"Não";"-";"Motociclistas";NA;NA;NA;NA;NA;NA;1;1;NA;NA;NA;NA;NA;NA;NA;2;4;1;2;2;1;1;2;3;NA
29;"BA";2906899;"290689";"Caraíbas";"Não";"-";"Motociclistas";1;NA;NA;NA;NA;NA;NA;NA;NA;2;NA;NA;NA;NA;1;NA;NA;NA;NA;1;NA;NA;1;NA;NA
29;"BA";2906907;"290690";"Caravelas";"Não";"-";"Motociclistas";NA;NA;NA;NA;NA;NA;NA;NA;NA;NA;NA;NA;NA;NA;1;1;NA;2;NA;3;NA;1;NA;NA;NA
29;"BA";2907004;"290700";"Cardeal da Silva";"Não";"-";"Motociclistas";NA;NA;NA;NA;NA;NA;NA;NA;NA;NA;NA;NA;NA;NA;3;1;NA;NA;NA;NA;NA;NA;2;NA;NA
29;"BA";2907103;"290710";"Carinhanha";"Não";"-";"Motociclistas";NA;NA;NA;1;NA;NA;NA;NA;NA;1;NA;NA;NA;2;3;NA;3;NA;5;1;2;1;NA;1;NA
29;"BA";2907202;"290720";"Casa Nova";"Não";"Região Administrativa Integrada de Desenvolvimento do Polo Petrolina/PE e Juazeiro/BA";"Motociclistas";NA;NA;NA;2;NA;NA;NA;NA;NA;NA;NA;2;3;2;3;4;4;1;2;4;1;2;7;7;NA
29;"BA";2907301;"290730";"Castro Alves";"Não";"-";"Motociclistas";NA;NA;NA;NA;NA;NA;NA;NA;NA;1;1;1;NA;NA;1;NA;1;NA;3;1;2;1;NA;1;NA
29;"BA";2907400;"290740";"Catolândia";"Não";"-";"Motociclistas";NA;NA;NA;NA;NA;NA;1;NA;NA;NA;NA;NA;NA;NA;NA;NA;NA;NA;NA;NA;NA;NA;NA;NA;NA
29;"BA";2907509;"290750";"Catu";"Não";"-";"Motociclistas";NA;1;1;2;1;NA;1;1;NA;3;2;1;2;1;NA;1;3;1;1;NA;1;NA;NA;2;NA
29;"BA";2907558;"290755";"Caturama";"Não";"-";"Motociclistas";NA;NA;NA;NA;NA;NA;NA;NA;NA;NA;1;NA;3;NA;NA;NA;NA;NA;NA;NA;NA;1;NA;2;NA
29;"BA";2907608;"290760";"Central";"Não";"-";"Motociclistas";NA;NA;NA;NA;NA;NA;NA;NA;NA;NA;NA;NA;2;NA;NA;NA;3;2;NA;2;1;3;NA;2;NA
29;"BA";2907707;"290770";"Chorrochó";"Não";"-";"Motociclistas";NA;NA;NA;NA;NA;NA;NA;NA;2;NA;NA;NA;1;1;NA;NA;1;2;NA;NA;2;NA;1;3;NA
29;"BA";2907806;"290780";"Cícero Dantas";"Não";"-";"Motociclistas";NA;NA;1;NA;1;NA;NA;NA;NA;NA;NA;NA;2;3;NA;3;4;2;2;1;1;1;3;2;NA
29;"BA";2907905;"290790";"Cipó";"Não";"-";"Motociclistas";NA;NA;NA;1;NA;1;NA;1;NA;NA;1;NA;2;1;1;1;NA;NA;3;NA;NA;1;1;2;NA
29;"BA";2908002;"290800";"Coaraci";"Não";"-";"Motociclistas";NA;NA;NA;NA;NA;NA;NA;NA;NA;NA;1;NA;NA;1;NA;1;NA;NA;NA;1;NA;NA;NA;NA;NA
29;"BA";2908101;"290810";"Cocos";"Não";"-";"Motociclistas";NA;NA;1;NA;NA;NA;NA;NA;NA;NA;NA;NA;NA;NA;NA;NA;NA;NA;2;2;NA;NA;1;NA;NA
29;"BA";2908200;"290820";"Conceição da Feira";"Não";"Região Metropolitana de Feira de Santana";"Motociclistas";NA;NA;NA;NA;NA;NA;NA;NA;NA;NA;NA;NA;NA;NA;NA;NA;1;NA;NA;NA;2;NA;NA;1;NA
29;"BA";2908309;"290830";"Conceição do Almeida";"Não";"-";"Motociclistas";NA;NA;NA;NA;NA;1;NA;NA;NA;NA;1;2;2;NA;NA;1;1;NA;1;1;1;NA;NA;2;NA
29;"BA";2908408;"290840";"Conceição do Coité";"Não";"-";"Motociclistas";NA;1;NA;NA;NA;NA;NA;NA;NA;NA;NA;2;NA;NA;NA;NA;NA;NA;1;3;2;2;NA;4;NA
29;"BA";2908507;"290850";"Conceição do Jacuípe";"Não";"Região Metropolitana de Feira de Santana";"Motociclistas";NA;NA;NA;NA;NA;NA;NA;NA;NA;NA;NA;NA;2;NA;NA;2;2;NA;NA;NA;1;NA;NA;2;NA
29;"BA";2908606;"290860";"Conde";"Não";"-";"Motociclistas";NA;NA;NA;1;2;NA;2;NA;2;3;NA;NA;2;2;6;1;1;2;1;NA;NA;2;NA;NA;NA
29;"BA";2908705;"290870";"Condeúba";"Não";"-";"Motociclistas";NA;NA;2;NA;NA;NA;NA;NA;NA;1;NA;NA;2;2;1;2;1;2;NA;NA;NA;NA;NA;NA;NA
29;"BA";2908804;"290880";"Contendas do Sincorá";"Não";"-";"Motociclistas";NA;NA;NA;NA;NA;NA;NA;NA;NA;1;NA;NA;NA;NA;NA;NA;NA;1;NA;NA;NA;NA;1;NA;NA
29;"BA";2908903;"290890";"Coração de Maria";"Não";"Área de Expansão Metropolitana";"Motociclistas";NA;NA;NA;NA;NA;NA;NA;NA;NA;NA;NA;NA;NA;NA;NA;2;NA;NA;1;NA;2;2;NA;2;NA
29;"BA";2909000;"290900";"Cordeiros";"Não";"-";"Motociclistas";NA;NA;NA;NA;1;NA;NA;NA;NA;NA;NA;NA;1;2;NA;NA;NA;1;NA;2;NA;NA;NA;1;NA
29;"BA";2909109;"290910";"Coribe";"Não";"-";"Motociclistas";NA;NA;NA;NA;1;NA;NA;NA;NA;NA;NA;NA;NA;1;2;NA;NA;2;NA;NA;1;1;NA;NA;NA
29;"BA";2909208;"290920";"Coronel João Sá";"Não";"-";"Motociclistas";NA;NA;1;NA;NA;2;NA;2;NA;3;2;1;NA;NA;6;1;2;1;NA;NA;2;2;2;NA;NA
29;"BA";2909307;"290930";"Correntina";"Não";"-";"Motociclistas";NA;NA;NA;NA;NA;2;NA;NA;NA;NA;NA;NA;NA;NA;NA;3;1;3;NA;NA;1;2;3;2;NA
29;"BA";2909406;"290940";"Cotegipe";"Não";"-";"Motociclistas";NA;NA;NA;NA;NA;NA;NA;NA;NA;NA;NA;NA;NA;NA;NA;NA;NA;NA;NA;2;NA;1;NA;1;NA
29;"BA";2909505;"290950";"Cravolândia";"Não";"-";"Motociclistas";NA;NA;NA;NA;NA;NA;NA;NA;NA;NA;NA;NA;NA;NA;NA;NA;NA;NA;NA;NA;NA;NA;NA;NA;NA
29;"BA";2909604;"290960";"Crisópolis";"Não";"-";"Motociclistas";NA;NA;NA;NA;1;NA;1;NA;NA;NA;NA;2;1;NA;1;1;2;NA;5;2;1;1;NA;NA;NA
29;"BA";2909703;"290970";"Cristópolis";"Não";"-";"Motociclistas";NA;NA;NA;NA;NA;NA;NA;NA;NA;NA;NA;NA;NA;NA;NA;NA;NA;NA;NA;1;2;1;NA;2;NA
29;"BA";2909802;"290980";"Cruz das Almas";"Não";"-";"Motociclistas";NA;NA;NA;NA;NA;NA;1;1;1;3;3;6;3;3;3;3;3;2;NA;3;1;2;2;2;NA
29;"BA";2909901;"290990";"Curaçá";"Não";"Região Administrativa Integrada de Desenvolvimento do Polo Petrolina/PE e Juazeiro/BA";"Motociclistas";NA;NA;NA;NA;1;NA;NA;NA;NA;1;NA;NA;1;3;1;NA;5;1;1;1;2;4;1;1;NA
29;"BA";2910008;"291000";"Dário Meira";"Não";"-";"Motociclistas";NA;NA;NA;NA;NA;1;NA;NA;NA;NA;NA;1;NA;NA;NA;1;NA;NA;NA;NA;NA;NA;1;1;NA
29;"BA";2910057;"291005";"Dias d'Ávila";"Não";"Região Metropolitana de Salvador";"Motociclistas";NA;NA;1;1;NA;1;1;NA;NA;NA;1;1;NA;NA;3;NA;NA;NA;1;NA;1;1;NA;NA;NA
29;"BA";2910107;"291010";"Dom Basílio";"Não";"-";"Motociclistas";NA;NA;NA;NA;NA;NA;NA;NA;NA;NA;NA;NA;NA;1;2;3;NA;1;NA;3;NA;1;NA;NA;NA
29;"BA";2910206;"291020";"Dom Macedo Costa";"Não";"-";"Motociclistas";NA;NA;NA;NA;NA;NA;NA;NA;NA;NA;NA;NA;NA;1;NA;NA;NA;NA;NA;NA;NA;NA;NA;NA;NA
29;"BA";2910305;"291030";"Elísio Medrado";"Não";"-";"Motociclistas";NA;NA;NA;NA;NA;NA;NA;1;NA;1;NA;1;1;1;NA;NA;NA;1;1;NA;1;NA;1;NA;NA
29;"BA";2910404;"291040";"Encruzilhada";"Não";"-";"Motociclistas";NA;NA;NA;NA;NA;NA;1;1;1;NA;NA;NA;NA;NA;1;NA;NA;1;NA;NA;1;1;1;1;NA
29;"BA";2910503;"291050";"Entre Rios";"Não";"-";"Motociclistas";NA;1;NA;NA;NA;NA;3;NA;1;NA;1;1;NA;4;6;2;7;4;2;3;1;1;1;NA;NA
29;"BA";2910602;"291060";"Esplanada";"Não";"-";"Motociclistas";NA;NA;2;1;NA;1;2;NA;2;NA;2;3;1;5;2;4;NA;2;4;2;NA;NA;1;1;NA
29;"BA";2910701;"291070";"Euclides da Cunha";"Não";"-";"Motociclistas";NA;1;1;2;1;1;1;1;1;NA;NA;NA;2;2;3;2;2;5;9;8;2;12;5;10;NA
29;"BA";2910727;"291072";"Eunápolis";"Não";"-";"Motociclistas";3;NA;1;1;3;1;3;1;4;2;2;NA;4;1;2;1;2;9;7;4;7;6;3;4;NA
29;"BA";2910750;"291075";"Fátima";"Não";"-";"Motociclistas";NA;NA;NA;NA;2;1;NA;NA;NA;NA;NA;3;2;1;2;NA;3;NA;3;1;NA;1;1;1;NA
29;"BA";2910776;"291077";"Feira da Mata";"Não";"-";"Motociclistas";NA;NA;NA;NA;NA;NA;NA;NA;NA;NA;NA;NA;NA;NA;1;NA;NA;NA;NA;NA;NA;NA;NA;NA;NA
29;"BA";2910800;"291080";"Feira de Santana";"Não";"Região Metropolitana de Feira de Santana";"Motociclistas";NA;2;2;2;1;4;2;8;7;12;15;10;3;8;4;3;5;NA;2;1;8;9;27;37;NA
29;"BA";2910859;"291085";"Filadélfia";"Não";"-";"Motociclistas";NA;NA;NA;NA;NA;NA;NA;NA;NA;1;NA;NA;1;1;2;3;1;1;NA;NA;NA;NA;1;2;NA
29;"BA";2911006;"291100";"Floresta Azul";"Não";"-";"Motociclistas";NA;NA;NA;1;2;NA;NA;NA;NA;NA;NA;NA;NA;NA;NA;NA;NA;NA;NA;NA;NA;NA;NA;NA;NA
29;"BA";2911105;"291110";"Formosa do Rio Preto";"Não";"-";"Motociclistas";NA;NA;NA;NA;1;NA;NA;NA;NA;NA;NA;NA;NA;NA;1;NA;NA;NA;NA;5;2;2;3;3;NA
29;"BA";2911204;"291120";"Gandu";"Não";"-";"Motociclistas";NA;NA;NA;NA;NA;NA;NA;NA;NA;1;NA;NA;NA;NA;2;1;NA;2;3;2;1;NA;3;2;NA
29;"BA";2911253;"291125";"Gavião";"Não";"-";"Motociclistas";NA;NA;NA;NA;NA;NA;NA;NA;NA;NA;NA;NA;NA;NA;NA;NA;NA;1;NA;NA;NA;NA;NA;NA;NA
29;"BA";2911303;"291130";"Gentio do Ouro";"Não";"-";"Motociclistas";NA;NA;NA;NA;NA;NA;NA;1;NA;NA;NA;NA;NA;2;2;NA;1;NA;1;NA;3;1;1;1;NA
29;"BA";2911402;"291140";"Glória";"Não";"-";"Motociclistas";2;NA;NA;NA;NA;NA;NA;NA;NA;1;NA;NA;1;NA;2;1;2;2;NA;2;NA;3;NA;1;NA
29;"BA";2911501;"291150";"Gongogi";"Não";"-";"Motociclistas";NA;NA;NA;NA;NA;NA;NA;NA;NA;NA;NA;NA;1;NA;NA;NA;1;NA;NA;NA;1;NA;NA;NA;NA
29;"BA";2911600;"291160";"Governador Mangabeira";"Não";"-";"Motociclistas";NA;NA;NA;NA;NA;NA;NA;NA;NA;1;NA;1;NA;2;4;NA;NA;2;1;1;NA;NA;NA;1;NA
29;"BA";2911659;"291165";"Guajeru";"Não";"-";"Motociclistas";NA;NA;NA;NA;NA;NA;NA;NA;NA;NA;NA;NA;NA;NA;1;NA;NA;2;NA;NA;NA;2;1;NA;NA
29;"BA";2911709;"291170";"Guanambi";"Não";"-";"Motociclistas";2;1;NA;1;1;3;3;1;6;11;9;9;11;27;18;23;23;13;16;16;13;14;25;33;NA
29;"BA";2911808;"291180";"Guaratinga";"Não";"-";"Motociclistas";NA;NA;NA;NA;NA;NA;NA;NA;NA;NA;NA;NA;NA;NA;NA;2;NA;NA;NA;1;1;NA;2;NA;NA
29;"BA";2911857;"291185";"Heliópolis";"Não";"-";"Motociclistas";NA;NA;NA;NA;1;NA;NA;NA;NA;NA;NA;NA;NA;1;NA;NA;1;NA;NA;NA;1;1;NA;NA;NA
29;"BA";2911907;"291190";"Iaçu";"Não";"-";"Motociclistas";NA;NA;NA;NA;NA;NA;NA;NA;1;NA;NA;1;NA;NA;NA;NA;NA;NA;2;1;NA;NA;1;2;NA
29;"BA";2912004;"291200";"Ibiassucê";"Não";"-";"Motociclistas";NA;NA;NA;1;NA;1;NA;NA;2;NA;1;1;1;1;2;1;NA;NA;NA;NA;2;NA;NA;NA;NA
29;"BA";2912103;"291210";"Ibicaraí";"Não";"-";"Motociclistas";NA;NA;NA;NA;NA;NA;NA;NA;NA;2;NA;NA;NA;NA;NA;1;NA;NA;1;1;NA;NA;1;NA;NA
29;"BA";2912202;"291220";"Ibicoara";"Não";"-";"Motociclistas";NA;NA;NA;NA;NA;NA;NA;NA;1;NA;1;NA;3;2;3;5;NA;1;NA;1;NA;NA;NA;2;NA
29;"BA";2912301;"291230";"Ibicuí";"Não";"-";"Motociclistas";NA;NA;NA;1;NA;NA;NA;NA;NA;NA;NA;NA;NA;1;1;NA;1;2;NA;NA;NA;NA;NA;NA;NA
29;"BA";2912400;"291240";"Ibipeba";"Não";"-";"Motociclistas";NA;NA;NA;NA;1;NA;NA;NA;1;1;NA;1;1;1;1;NA;3;3;NA;NA;3;1;1;NA;NA
29;"BA";2912509;"291250";"Ibipitanga";"Não";"-";"Motociclistas";NA;NA;NA;NA;NA;NA;NA;NA;NA;NA;NA;NA;NA;1;NA;NA;NA;1;NA;NA;NA;NA;1;2;NA
29;"BA";2912608;"291260";"Ibiquera";"Não";"-";"Motociclistas";NA;NA;NA;1;NA;NA;NA;NA;NA;NA;NA;NA;NA;NA;NA;NA;NA;NA;NA;NA;NA;NA;NA;1;NA
29;"BA";2912707;"291270";"Ibirapitanga";"Não";"-";"Motociclistas";NA;NA;2;NA;NA;1;NA;NA;1;NA;NA;NA;1;NA;1;NA;1;1;1;NA;1;NA;NA;2;NA
29;"BA";2912806;"291280";"Ibirapuã";"Não";"-";"Motociclistas";NA;NA;NA;NA;NA;NA;NA;NA;NA;NA;NA;NA;NA;NA;NA;1;NA;NA;NA;NA;NA;NA;NA;NA;NA
29;"BA";2912905;"291290";"Ibirataia";"Não";"-";"Motociclistas";NA;NA;NA;NA;1;NA;NA;NA;1;NA;NA;1;NA;1;2;1;NA;NA;NA;NA;NA;1;NA;1;NA
29;"BA";2913002;"291300";"Ibitiara";"Não";"-";"Motociclistas";NA;1;1;NA;1;1;NA;NA;NA;NA;1;2;1;1;NA;NA;1;NA;NA;1;5;1;NA;NA;NA
29;"BA";2913101;"291310";"Ibititá";"Não";"-";"Motociclistas";NA;NA;NA;NA;NA;NA;NA;NA;NA;NA;NA;1;2;2;2;1;1;NA;1;1;1;NA;1;2;NA
29;"BA";2913200;"291320";"Ibotirama";"Não";"-";"Motociclistas";NA;NA;NA;NA;NA;NA;NA;1;NA;1;NA;NA;NA;NA;NA;NA;NA;3;2;1;2;NA;3;2;NA
29;"BA";2913309;"291330";"Ichu";"Não";"-";"Motociclistas";NA;NA;NA;NA;NA;NA;NA;NA;NA;NA;NA;NA;NA;NA;NA;NA;NA;NA;NA;NA;NA;NA;NA;NA;NA
29;"BA";2913408;"291340";"Igaporã";"Não";"-";"Motociclistas";NA;NA;NA;NA;NA;NA;NA;NA;1;1;NA;NA;1;1;NA;3;NA;NA;1;NA;NA;NA;NA;1;NA
29;"BA";2913457;"291345";"Igrapiúna";"Não";"-";"Motociclistas";NA;NA;1;NA;NA;NA;NA;1;NA;NA;1;1;NA;NA;NA;NA;NA;1;NA;NA;NA;NA;NA;NA;NA
29;"BA";2913507;"291350";"Iguaí";"Não";"-";"Motociclistas";NA;NA;NA;NA;NA;NA;NA;NA;NA;NA;NA;NA;1;NA;NA;NA;NA;NA;NA;NA;NA;1;NA;NA;NA
29;"BA";2913606;"291360";"Ilhéus";"Não";"-";"Motociclistas";NA;1;NA;NA;1;4;3;2;3;2;1;3;1;1;6;3;1;1;7;14;6;3;4;10;NA
29;"BA";2913705;"291370";"Inhambupe";"Não";"-";"Motociclistas";NA;NA;NA;1;NA;NA;1;2;1;NA;1;1;3;2;3;5;1;3;NA;3;NA;NA;2;NA;NA
29;"BA";2913804;"291380";"Ipecaetá";"Não";"Área de Expansão Metropolitana";"Motociclistas";NA;NA;NA;NA;NA;NA;NA;NA;NA;NA;NA;NA;NA;NA;NA;NA;NA;NA;NA;NA;NA;1;NA;NA;NA
29;"BA";2913903;"291390";"Ipiaú";"Não";"-";"Motociclistas";NA;1;NA;NA;NA;NA;NA;NA;1;1;1;2;1;1;2;2;NA;3;NA;NA;2;2;NA;NA;NA
29;"BA";2914000;"291400";"Ipirá";"Não";"-";"Motociclistas";NA;NA;NA;NA;NA;NA;NA;NA;NA;1;3;1;2;NA;NA;NA;NA;3;1;3;2;2;NA;4;NA
29;"BA";2914109;"291410";"Ipupiara";"Não";"-";"Motociclistas";NA;NA;NA;NA;NA;NA;NA;NA;NA;NA;NA;NA;1;NA;2;2;NA;1;NA;2;NA;NA;4;1;NA
29;"BA";2914208;"291420";"Irajuba";"Não";"-";"Motociclistas";NA;NA;NA;NA;NA;NA;NA;NA;NA;NA;NA;1;NA;NA;NA;1;NA;1;NA;NA;NA;NA;2;NA;NA
29;"BA";2914307;"291430";"Iramaia";"Não";"-";"Motociclistas";NA;NA;NA;NA;NA;NA;NA;1;NA;2;NA;NA;NA;1;1;1;NA;NA;NA;NA;1;NA;NA;2;NA
29;"BA";2914406;"291440";"Iraquara";"Não";"-";"Motociclistas";NA;NA;NA;2;2;NA;NA;NA;NA;1;1;1;3;2;3;2;4;2;1;1;3;2;1;3;NA
29;"BA";2914505;"291450";"Irará";"Não";"Área de Expansão Metropolitana";"Motociclistas";NA;NA;NA;NA;NA;NA;NA;NA;NA;NA;NA;NA;NA;NA;1;1;NA;1;NA;NA;NA;NA;1;1;NA
29;"BA";2914604;"291460";"Irecê";"Não";"-";"Motociclistas";NA;NA;NA;1;NA;NA;NA;NA;1;3;1;3;12;10;20;10;19;21;9;17;23;18;11;21;NA
29;"BA";2914653;"291465";"Itabela";"Não";"-";"Motociclistas";NA;NA;2;NA;NA;NA;2;2;1;3;1;1;2;1;1;1;1;2;1;1;1;2;1;1;NA
29;"BA";2914703;"291470";"Itaberaba";"Não";"-";"Motociclistas";NA;1;3;3;NA;NA;1;NA;NA;3;2;NA;NA;1;NA;NA;NA;1;NA;1;3;5;2;5;NA
29;"BA";2914802;"291480";"Itabuna";"Não";"-";"Motociclistas";NA;2;3;4;7;5;1;3;3;7;2;6;1;7;9;6;8;5;3;5;9;14;9;12;NA
29;"BA";2914901;"291490";"Itacaré";"Não";"-";"Motociclistas";NA;NA;NA;NA;NA;NA;NA;NA;NA;NA;NA;NA;NA;NA;NA;1;NA;NA;2;1;NA;NA;NA;1;NA
29;"BA";2915007;"291500";"Itaeté";"Não";"-";"Motociclistas";NA;NA;1;NA;NA;NA;NA;NA;NA;NA;NA;NA;NA;NA;NA;NA;NA;1;1;1;NA;1;NA;2;NA
29;"BA";2915106;"291510";"Itagi";"Não";"-";"Motociclistas";NA;NA;NA;NA;NA;NA;NA;NA;NA;2;NA;1;NA;1;NA;4;2;NA;2;NA;NA;2;NA;NA;NA
29;"BA";2915205;"291520";"Itagibá";"Não";"-";"Motociclistas";NA;NA;NA;NA;1;NA;NA;NA;2;NA;NA;NA;1;1;NA;2;NA;1;NA;2;2;NA;1;NA;NA
29;"BA";2915304;"291530";"Itagimirim";"Não";"-";"Motociclistas";NA;NA;1;NA;NA;NA;1;NA;1;NA;NA;1;NA;NA;1;NA;NA;NA;1;NA;NA;NA;NA;2;NA
29;"BA";2915353;"291535";"Itaguaçu da Bahia";"Não";"-";"Motociclistas";NA;NA;NA;NA;NA;NA;NA;2;NA;NA;1;2;NA;1;NA;NA;NA;NA;2;NA;1;1;NA;NA;NA
29;"BA";2915502;"291550";"Itajuípe";"Não";"-";"Motociclistas";NA;NA;NA;NA;NA;NA;NA;NA;1;NA;NA;NA;1;NA;NA;NA;NA;NA;NA;NA;NA;NA;1;1;NA
29;"BA";2915601;"291560";"Itamaraju";"Não";"-";"Motociclistas";NA;NA;NA;NA;NA;NA;NA;NA;NA;NA;3;4;3;7;2;2;7;3;3;3;4;6;5;7;NA
29;"BA";2915700;"291570";"Itamari";"Não";"-";"Motociclistas";NA;NA;NA;NA;NA;NA;NA;NA;NA;NA;NA;NA;NA;NA;NA;1;1;NA;1;NA;NA;NA;NA;NA;NA
29;"BA";2915809;"291580";"Itambé";"Não";"-";"Motociclistas";NA;NA;1;NA;NA;NA;NA;NA;NA;NA;NA;NA;NA;1;1;1;1;NA;1;NA;NA;NA;NA;NA;NA
29;"BA";2915908;"291590";"Itanagra";"Não";"-";"Motociclistas";NA;NA;NA;NA;NA;NA;NA;NA;NA;NA;NA;NA;NA;1;NA;NA;NA;NA;NA;NA;NA;NA;NA;NA;NA
29;"BA";2916005;"291600";"Itanhém";"Não";"-";"Motociclistas";1;NA;NA;NA;NA;NA;NA;NA;1;NA;NA;NA;NA;NA;NA;NA;NA;1;1;1;1;NA;NA;NA;NA
29;"BA";2916104;"291610";"Itaparica";"Não";"Região Metropolitana de Salvador";"Motociclistas";NA;NA;NA;NA;NA;NA;1;1;NA;NA;NA;1;1;1;NA;NA;1;NA;1;2;NA;NA;1;2;NA
29;"BA";2916203;"291620";"Itapé";"Não";"-";"Motociclistas";NA;NA;NA;NA;NA;NA;NA;NA;NA;NA;NA;NA;NA;NA;NA;NA;NA;NA;NA;NA;1;NA;1;NA;NA
29;"BA";2916302;"291630";"Itapebi";"Não";"-";"Motociclistas";NA;NA;NA;NA;NA;NA;1;NA;1;NA;NA;NA;NA;1;NA;NA;NA;NA;2;NA;NA;NA;NA;NA;NA
29;"BA";2916401;"291640";"Itapetinga";"Não";"-";"Motociclistas";NA;NA;1;NA;NA;1;NA;1;NA;2;NA;NA;2;NA;NA;NA;NA;2;NA;NA;2;4;NA;3;NA
29;"BA";2916500;"291650";"Itapicuru";"Não";"-";"Motociclistas";NA;NA;NA;NA;NA;NA;1;NA;1;1;1;1;1;NA;2;1;NA;5;3;1;2;NA;2;2;NA
29;"BA";2916609;"291660";"Itapitanga";"Não";"-";"Motociclistas";NA;NA;NA;NA;NA;NA;NA;NA;NA;NA;NA;NA;NA;NA;NA;1;NA;NA;NA;NA;NA;NA;NA;NA;NA
29;"BA";2916708;"291670";"Itaquara";"Não";"-";"Motociclistas";NA;NA;NA;NA;NA;NA;NA;NA;NA;NA;NA;NA;NA;NA;1;1;NA;NA;NA;1;NA;NA;4;1;NA
29;"BA";2916807;"291680";"Itarantim";"Não";"-";"Motociclistas";NA;NA;NA;NA;NA;NA;NA;NA;NA;NA;NA;NA;NA;NA;NA;2;NA;NA;NA;NA;NA;NA;NA;NA;NA
29;"BA";2916856;"291685";"Itatim";"Não";"-";"Motociclistas";NA;NA;NA;NA;NA;NA;NA;NA;NA;NA;NA;NA;NA;NA;NA;1;NA;NA;1;NA;1;NA;1;NA;NA
29;"BA";2916906;"291690";"Itiruçu";"Não";"-";"Motociclistas";NA;NA;NA;NA;NA;NA;1;NA;NA;NA;NA;NA;1;NA;2;1;NA;1;3;NA;1;NA;NA;NA;NA
29;"BA";2917003;"291700";"Itiúba";"Não";"-";"Motociclistas";NA;NA;NA;NA;NA;NA;1;1;NA;1;2;NA;3;1;3;5;1;1;2;3;NA;2;1;5;NA
29;"BA";2917102;"291710";"Itororó";"Não";"-";"Motociclistas";NA;NA;NA;1;NA;NA;1;NA;NA;NA;NA;NA;NA;NA;NA;NA;NA;1;NA;NA;NA;NA;NA;NA;NA
29;"BA";2917201;"291720";"Ituaçu";"Não";"-";"Motociclistas";NA;NA;NA;NA;NA;NA;NA;1;NA;NA;NA;2;2;NA;2;1;3;1;2;1;1;NA;1;1;NA
29;"BA";2917300;"291730";"Ituberá";"Não";"-";"Motociclistas";NA;NA;1;NA;NA;NA;NA;NA;NA;NA;NA;NA;2;1;1;1;NA;1;1;NA;1;NA;1;NA;NA
29;"BA";2917334;"291733";"Iuiu";"Não";"-";"Motociclistas";NA;NA;NA;NA;NA;NA;NA;NA;NA;NA;NA;2;1;1;NA;NA;2;1;NA;NA;2;NA;NA;3;NA
29;"BA";2917359;"291735";"Jaborandi";"Não";"-";"Motociclistas";NA;NA;NA;NA;NA;NA;NA;NA;NA;NA;1;NA;NA;1;NA;1;1;NA;NA;2;1;NA;NA;NA;NA
29;"BA";2917409;"291740";"Jacaraci";"Não";"-";"Motociclistas";NA;NA;NA;NA;NA;NA;NA;NA;NA;NA;NA;NA;NA;NA;NA;1;1;NA;1;NA;1;1;NA;1;NA
29;"BA";2917508;"291750";"Jacobina";"Não";"-";"Motociclistas";3;2;NA;3;1;2;5;3;1;14;30;1;NA;10;17;4;11;9;6;4;5;6;2;3;NA
29;"BA";2917607;"291760";"Jaguaquara";"Não";"-";"Motociclistas";NA;NA;NA;NA;NA;NA;2;1;NA;1;NA;NA;1;NA;2;NA;4;7;3;4;NA;NA;1;5;NA
29;"BA";2917706;"291770";"Jaguarari";"Não";"-";"Motociclistas";NA;NA;NA;NA;NA;NA;NA;2;NA;NA;NA;2;4;2;2;2;1;NA;NA;NA;1;4;1;7;NA
29;"BA";2917805;"291780";"Jaguaripe";"Não";"-";"Motociclistas";NA;NA;NA;NA;NA;NA;NA;NA;NA;NA;NA;NA;1;NA;1;1;1;NA;NA;NA;3;NA;1;NA;NA
29;"BA";2917904;"291790";"Jandaíra";"Não";"-";"Motociclistas";NA;NA;NA;NA;NA;NA;NA;NA;NA;NA;NA;NA;NA;1;NA;1;1;NA;NA;1;NA;NA;NA;NA;NA
29;"BA";2918001;"291800";"Jequié";"Não";"-";"Motociclistas";NA;2;1;NA;3;NA;2;2;10;11;12;14;12;22;16;19;27;7;15;11;13;8;13;18;NA
29;"BA";2918100;"291810";"Jeremoabo";"Não";"-";"Motociclistas";NA;NA;NA;NA;1;1;NA;NA;1;NA;1;1;5;2;2;2;4;NA;3;4;5;5;NA;NA;NA
29;"BA";2918209;"291820";"Jiquiriçá";"Não";"-";"Motociclistas";NA;NA;NA;NA;NA;NA;NA;NA;NA;NA;1;NA;NA;2;1;NA;1;1;NA;NA;NA;NA;NA;2;NA
29;"BA";2918308;"291830";"Jitaúna";"Não";"-";"Motociclistas";NA;NA;NA;NA;NA;NA;NA;1;1;NA;1;NA;1;NA;1;3;2;NA;1;NA;2;1;NA;NA;NA
29;"BA";2918357;"291835";"João Dourado";"Não";"-";"Motociclistas";NA;NA;NA;NA;NA;NA;NA;NA;NA;NA;NA;NA;1;1;NA;NA;NA;2;1;3;4;1;1;2;NA
29;"BA";2918407;"291840";"Juazeiro";"Não";"Região Administrativa Integrada de Desenvolvimento do Polo Petrolina/PE e Juazeiro/BA";"Motociclistas";2;3;5;7;NA;4;1;8;5;12;6;11;9;8;5;7;10;4;10;15;4;11;11;14;NA
29;"BA";2918456;"291845";"Jucuruçu";"Não";"-";"Motociclistas";NA;NA;NA;NA;NA;NA;NA;NA;NA;NA;NA;NA;NA;NA;1;NA;NA;1;NA;1;NA;NA;NA;1;NA
29;"BA";2918506;"291850";"Jussara";"Não";"-";"Motociclistas";NA;NA;1;NA;NA;1;NA;NA;NA;NA;NA;NA;NA;1;1;1;NA;1;NA;1;NA;NA;NA;4;NA
29;"BA";2918555;"291855";"Jussari";"Não";"-";"Motociclistas";NA;NA;NA;NA;NA;NA;NA;NA;NA;NA;NA;NA;1;NA;NA;1;NA;NA;NA;NA;NA;NA;NA;NA;NA
29;"BA";2918605;"291860";"Jussiape";"Não";"-";"Motociclistas";NA;NA;NA;NA;NA;1;NA;NA;1;NA;1;NA;NA;1;NA;NA;NA;NA;1;NA;NA;NA;NA;NA;NA
29;"BA";2918704;"291870";"Lafaiete Coutinho";"Não";"-";"Motociclistas";NA;NA;NA;NA;NA;NA;NA;NA;NA;NA;NA;NA;NA;NA;NA;1;NA;NA;1;NA;NA;1;1;NA;NA
29;"BA";2918753;"291875";"Lagoa Real";"Não";"-";"Motociclistas";NA;NA;NA;NA;NA;NA;NA;NA;NA;NA;NA;NA;NA;NA;NA;NA;1;NA;NA;1;2;NA;NA;NA;NA
29;"BA";2918803;"291880";"Laje";"Não";"-";"Motociclistas";NA;NA;NA;1;NA;2;NA;2;NA;1;NA;1;4;NA;2;2;1;2;1;2;1;2;4;2;NA
29;"BA";2918902;"291890";"Lajedão";"Não";"-";"Motociclistas";NA;NA;NA;NA;NA;NA;NA;NA;NA;NA;NA;NA;NA;NA;NA;1;NA;NA;NA;NA;1;NA;NA;NA;NA
29;"BA";2919009;"291900";"Lajedinho";"Não";"-";"Motociclistas";NA;NA;NA;NA;NA;NA;1;NA;NA;NA;NA;NA;NA;NA;NA;NA;NA;NA;1;1;NA;NA;2;NA;NA
29;"BA";2919058;"291905";"Lajedo do Tabocal";"Não";"-";"Motociclistas";NA;NA;NA;NA;NA;NA;NA;1;NA;NA;NA;NA;1;NA;NA;NA;2;NA;NA;NA;1;NA;1;1;NA
29;"BA";2919108;"291910";"Lamarão";"Não";"-";"Motociclistas";NA;NA;NA;NA;NA;NA;NA;NA;NA;NA;NA;NA;NA;NA;NA;NA;NA;NA;NA;NA;NA;NA;NA;2;NA
29;"BA";2919157;"291915";"Lapão";"Não";"-";"Motociclistas";NA;NA;NA;NA;1;NA;NA;NA;NA;2;NA;NA;1;NA;5;1;NA;1;1;3;NA;5;1;1;NA
29;"BA";2919207;"291920";"Lauro de Freitas";"Não";"Região Metropolitana de Salvador";"Motociclistas";NA;NA;NA;NA;NA;2;1;1;NA;1;NA;2;5;1;4;6;4;3;NA;NA;NA;1;1;1;NA
29;"BA";2919306;"291930";"Lençóis";"Não";"-";"Motociclistas";NA;NA;NA;NA;NA;NA;NA;NA;NA;NA;NA;1;1;1;NA;NA;NA;1;NA;NA;1;NA;NA;NA;NA
29;"BA";2919405;"291940";"Licínio de Almeida";"Não";"-";"Motociclistas";NA;NA;NA;NA;NA;NA;NA;NA;1;NA;1;1;1;NA;NA;NA;NA;NA;NA;1;NA;NA;NA;NA;NA
29;"BA";2919504;"291950";"Livramento de Nossa Senhora";"Não";"-";"Motociclistas";NA;NA;NA;NA;NA;NA;NA;1;NA;1;NA;2;3;NA;1;NA;3;NA;NA;2;3;6;2;2;NA
29;"BA";2919553;"291955";"Luís Eduardo Magalhães";"Não";"-";"Motociclistas";NA;NA;NA;NA;NA;NA;NA;NA;NA;NA;NA;NA;NA;NA;NA;NA;NA;2;2;7;2;3;10;9;NA
29;"BA";2919603;"291960";"Macajuba";"Não";"-";"Motociclistas";NA;NA;NA;NA;NA;NA;NA;NA;NA;NA;NA;NA;NA;NA;NA;NA;NA;1;NA;NA;NA;2;NA;1;NA
29;"BA";2919702;"291970";"Macarani";"Não";"-";"Motociclistas";NA;NA;NA;NA;NA;NA;NA;1;NA;NA;NA;NA;NA;NA;NA;1;NA;NA;NA;NA;NA;NA;NA;NA;NA
29;"BA";2919801;"291980";"Macaúbas";"Não";"-";"Motociclistas";NA;NA;NA;NA;NA;NA;1;1;1;2;2;3;4;2;3;1;2;2;2;3;1;1;NA;1;NA
29;"BA";2919900;"291990";"Macururé";"Não";"-";"Motociclistas";NA;NA;1;NA;NA;NA;NA;NA;NA;NA;NA;NA;NA;NA;1;NA;NA;NA;NA;2;1;NA;NA;NA;NA
29;"BA";2919926;"291992";"Madre de Deus";"Não";"Região Metropolitana de Salvador";"Motociclistas";NA;NA;NA;NA;NA;NA;NA;NA;NA;NA;NA;NA;NA;NA;1;NA;NA;NA;NA;NA;NA;NA;NA;NA;NA
29;"BA";2919959;"291995";"Maetinga";"Não";"-";"Motociclistas";NA;NA;NA;NA;NA;NA;NA;NA;NA;NA;NA;NA;NA;1;2;1;NA;NA;NA;NA;NA;NA;NA;1;NA
29;"BA";2920007;"292000";"Maiquinique";"Não";"-";"Motociclistas";NA;NA;NA;NA;NA;NA;NA;1;NA;NA;1;NA;NA;1;NA;NA;NA;NA;NA;NA;1;NA;NA;NA;NA
29;"BA";2920106;"292010";"Mairi";"Não";"-";"Motociclistas";NA;NA;NA;NA;NA;NA;NA;NA;1;NA;NA;NA;NA;2;NA;NA;3;NA;1;1;NA;NA;NA;NA;NA
29;"BA";2920205;"292020";"Malhada";"Não";"-";"Motociclistas";NA;NA;NA;NA;NA;NA;NA;NA;2;2;NA;1;1;NA;2;NA;1;1;1;NA;2;3;NA;NA;NA
29;"BA";2920304;"292030";"Malhada de Pedras";"Não";"-";"Motociclistas";NA;1;NA;NA;NA;NA;NA;NA;NA;NA;NA;NA;1;NA;NA;1;NA;3;1;NA;NA;1;4;1;NA
29;"BA";2920403;"292040";"Manoel Vitorino";"Não";"-";"Motociclistas";NA;NA;NA;NA;NA;NA;NA;NA;NA;NA;1;NA;NA;3;NA;NA;3;NA;2;NA;NA;NA;NA;NA;NA
29;"BA";2920452;"292045";"Mansidão";"Não";"-";"Motociclistas";NA;NA;1;NA;NA;NA;NA;NA;NA;NA;NA;NA;NA;NA;NA;NA;NA;NA;NA;NA;1;NA;NA;NA;NA
29;"BA";2920502;"292050";"Maracás";"Não";"-";"Motociclistas";NA;NA;NA;1;NA;NA;NA;NA;1;1;1;3;NA;3;NA;1;2;NA;2;NA;NA;1;4;NA;NA
29;"BA";2920601;"292060";"Maragogipe";"Não";"-";"Motociclistas";NA;NA;NA;NA;NA;NA;NA;1;1;NA;NA;1;NA;1;1;1;NA;NA;NA;NA;1;NA;NA;NA;NA
29;"BA";2920700;"292070";"Maraú";"Não";"-";"Motociclistas";NA;NA;NA;NA;NA;NA;NA;NA;NA;NA;2;NA;NA;NA;1;NA;NA;2;NA;NA;NA;NA;NA;1;NA
29;"BA";2920809;"292080";"Marcionílio Souza";"Não";"-";"Motociclistas";NA;NA;NA;NA;NA;NA;NA;NA;NA;NA;2;NA;NA;NA;NA;NA;NA;NA;1;NA;NA;1;3;1;NA
29;"BA";2920908;"292090";"Mascote";"Não";"-";"Motociclistas";NA;NA;NA;NA;NA;2;NA;NA;NA;NA;NA;NA;NA;2;NA;NA;NA;NA;NA;NA;NA;NA;NA;NA;NA
29;"BA";2921005;"292100";"Mata de São João";"Não";"Região Metropolitana de Salvador";"Motociclistas";NA;NA;NA;NA;NA;NA;NA;1;NA;2;4;NA;2;1;4;NA;1;3;NA;1;2;1;1;NA;NA
29;"BA";2921054;"292105";"Matina";"Não";"-";"Motociclistas";NA;NA;NA;NA;1;NA;1;NA;NA;NA;NA;NA;NA;NA;1;1;NA;NA;3;1;1;1;NA;1;NA
29;"BA";2921104;"292110";"Medeiros Neto";"Não";"-";"Motociclistas";NA;NA;NA;NA;NA;NA;NA;NA;1;NA;NA;2;NA;1;4;NA;NA;2;3;1;2;1;NA;1;NA
29;"BA";2921203;"292120";"Miguel Calmon";"Não";"-";"Motociclistas";NA;NA;NA;NA;NA;NA;NA;NA;1;NA;NA;NA;NA;NA;NA;NA;NA;NA;NA;3;1;2;2;2;NA
29;"BA";2921302;"292130";"Milagres";"Não";"-";"Motociclistas";NA;NA;NA;NA;NA;NA;NA;NA;1;2;NA;NA;NA;NA;NA;NA;NA;1;NA;NA;NA;NA;1;NA;NA
29;"BA";2921401;"292140";"Mirangaba";"Não";"-";"Motociclistas";NA;NA;NA;NA;NA;NA;NA;NA;2;1;NA;NA;NA;NA;1;NA;1;2;NA;NA;1;NA;NA;1;NA
29;"BA";2921450;"292145";"Mirante";"Não";"-";"Motociclistas";NA;NA;NA;NA;NA;NA;NA;NA;NA;NA;NA;NA;NA;1;NA;NA;NA;NA;NA;NA;NA;NA;NA;NA;NA
29;"BA";2921500;"292150";"Monte Santo";"Não";"-";"Motociclistas";NA;NA;NA;NA;NA;NA;NA;1;NA;1;NA;1;4;3;1;2;6;2;6;2;3;1;2;5;NA
29;"BA";2921609;"292160";"Morpará";"Não";"-";"Motociclistas";NA;NA;NA;NA;NA;NA;NA;NA;NA;NA;NA;NA;NA;NA;NA;NA;NA;1;NA;NA;NA;NA;NA;NA;NA
29;"BA";2921708;"292170";"Morro do Chapéu";"Não";"-";"Motociclistas";NA;NA;NA;NA;NA;NA;1;1;NA;1;NA;NA;NA;NA;NA;NA;1;3;5;5;1;1;NA;1;NA
29;"BA";2921807;"292180";"Mortugaba";"Não";"-";"Motociclistas";NA;NA;NA;NA;NA;NA;NA;NA;NA;NA;NA;NA;NA;2;1;2;NA;1;NA;NA;1;1;NA;1;NA
29;"BA";2921906;"292190";"Mucugê";"Não";"-";"Motociclistas";NA;NA;NA;NA;NA;NA;NA;NA;NA;NA;1;1;NA;NA;NA;NA;1;1;NA;1;1;NA;NA;1;NA
29;"BA";2922003;"292200";"Mucuri";"Não";"-";"Motociclistas";NA;NA;NA;NA;NA;NA;NA;NA;NA;NA;NA;NA;1;1;4;2;NA;2;NA;NA;NA;NA;NA;NA;NA
29;"BA";2922052;"292205";"Mulungu do Morro";"Não";"-";"Motociclistas";NA;NA;NA;NA;NA;NA;NA;1;NA;2;1;NA;2;NA;1;1;NA;1;NA;2;NA;1;NA;1;NA
29;"BA";2922102;"292210";"Mundo Novo";"Não";"-";"Motociclistas";NA;NA;NA;NA;NA;NA;NA;NA;NA;1;1;1;1;NA;NA;NA;NA;NA;1;1;1;1;1;NA;NA
29;"BA";2922201;"292220";"Muniz Ferreira";"Não";"-";"Motociclistas";NA;NA;NA;NA;NA;NA;NA;2;NA;NA;2;1;1;NA;1;1;NA;NA;NA;1;1;NA;1;NA;NA
29;"BA";2922250;"292225";"Muquém do São Francisco";"Não";"-";"Motociclistas";NA;NA;NA;NA;NA;1;NA;NA;2;NA;2;NA;NA;NA;NA;NA;1;NA;NA;3;NA;1;1;NA;NA
29;"BA";2922300;"292230";"Muritiba";"Não";"-";"Motociclistas";NA;NA;NA;NA;NA;NA;NA;NA;NA;1;2;NA;NA;NA;NA;1;1;NA;NA;NA;1;NA;2;NA;NA
29;"BA";2922409;"292240";"Mutuípe";"Não";"-";"Motociclistas";1;NA;2;NA;NA;NA;NA;NA;NA;NA;NA;1;NA;NA;NA;NA;NA;2;NA;NA;NA;2;2;2;NA
29;"BA";2922508;"292250";"Nazaré";"Não";"-";"Motociclistas";1;NA;NA;NA;NA;NA;NA;1;NA;NA;3;NA;1;NA;2;NA;NA;4;NA;NA;NA;2;NA;1;NA
29;"BA";2922607;"292260";"Nilo Peçanha";"Não";"-";"Motociclistas";NA;1;NA;NA;NA;NA;NA;1;NA;NA;NA;NA;1;NA;NA;NA;NA;3;NA;NA;NA;NA;NA;NA;NA
29;"BA";2922656;"292265";"Nordestina";"Não";"-";"Motociclistas";NA;NA;NA;NA;NA;NA;NA;1;NA;NA;NA;NA;1;1;2;1;1;NA;1;NA;NA;1;NA;NA;NA
29;"BA";2922706;"292270";"Nova Canaã";"Não";"-";"Motociclistas";NA;NA;NA;NA;NA;NA;NA;NA;NA;NA;NA;NA;NA;NA;NA;NA;NA;NA;NA;NA;NA;1;1;1;NA
29;"BA";2922730;"292273";"Nova Fátima";"Não";"-";"Motociclistas";NA;1;1;NA;NA;1;NA;NA;NA;NA;NA;NA;NA;NA;NA;NA;NA;NA;1;NA;NA;NA;NA;NA;NA
29;"BA";2922755;"292275";"Nova Ibiá";"Não";"-";"Motociclistas";NA;NA;NA;NA;NA;NA;NA;NA;NA;NA;NA;NA;NA;NA;1;NA;NA;NA;NA;1;NA;NA;NA;1;NA
29;"BA";2922805;"292280";"Nova Itarana";"Não";"-";"Motociclistas";NA;NA;NA;NA;NA;NA;NA;2;NA;NA;1;NA;NA;2;5;1;1;2;NA;NA;NA;1;NA;1;NA
29;"BA";2922854;"292285";"Nova Redenção";"Não";"-";"Motociclistas";NA;NA;NA;NA;NA;NA;NA;NA;NA;NA;NA;NA;NA;NA;NA;1;NA;NA;NA;1;NA;NA;NA;NA;NA
29;"BA";2922904;"292290";"Nova Soure";"Não";"-";"Motociclistas";1;NA;NA;NA;1;NA;NA;NA;NA;NA;1;1;NA;NA;NA;NA;2;3;NA;NA;3;NA;3;3;NA
29;"BA";2923001;"292300";"Nova Viçosa";"Não";"-";"Motociclistas";NA;NA;NA;NA;NA;NA;NA;NA;NA;NA;NA;NA;NA;NA;2;NA;NA;2;1;1;NA;NA;NA;NA;NA
29;"BA";2923035;"292303";"Novo Horizonte";"Não";"-";"Motociclistas";NA;NA;NA;NA;1;NA;NA;NA;NA;NA;NA;NA;NA;NA;1;1;NA;2;NA;3;NA;1;NA;1;NA
29;"BA";2923050;"292305";"Novo Triunfo";"Não";"-";"Motociclistas";NA;NA;NA;NA;NA;NA;NA;NA;NA;NA;NA;NA;NA;NA;1;NA;NA;NA;NA;NA;1;1;NA;NA;NA
29;"BA";2923100;"292310";"Olindina";"Não";"-";"Motociclistas";1;NA;NA;1;NA;NA;2;NA;1;NA;NA;1;3;NA;1;1;2;2;NA;NA;1;1;NA;1;NA
29;"BA";2923209;"292320";"Oliveira dos Brejinhos";"Não";"-";"Motociclistas";NA;NA;NA;NA;NA;NA;NA;NA;1;NA;NA;NA;NA;NA;NA;1;1;NA;2;2;3;2;1;1;NA
29;"BA";2923308;"292330";"Ouriçangas";"Não";"-";"Motociclistas";NA;NA;NA;NA;NA;NA;NA;NA;NA;NA;NA;NA;1;NA;NA;1;NA;NA;NA;NA;NA;NA;NA;NA;NA
29;"BA";2923357;"292335";"Ourolândia";"Não";"-";"Motociclistas";NA;NA;NA;NA;NA;1;NA;NA;1;NA;NA;NA;1;2;NA;NA;1;1;1;3;2;3;NA;NA;NA
29;"BA";2923407;"292340";"Palmas de Monte Alto";"Não";"-";"Motociclistas";NA;NA;NA;NA;1;NA;NA;NA;NA;3;1;1;1;5;1;NA;2;3;3;1;1;3;4;NA;NA
29;"BA";2923506;"292350";"Palmeiras";"Não";"-";"Motociclistas";NA;NA;NA;NA;NA;NA;1;NA;NA;NA;NA;NA;NA;NA;NA;NA;1;2;1;NA;NA;NA;NA;NA;NA
29;"BA";2923605;"292360";"Paramirim";"Não";"-";"Motociclistas";NA;NA;1;NA;NA;NA;NA;1;NA;NA;1;1;2;NA;2;2;2;NA;NA;1;NA;1;1;1;NA
29;"BA";2923704;"292370";"Paratinga";"Não";"-";"Motociclistas";NA;NA;NA;NA;2;NA;1;1;1;NA;NA;3;NA;NA;1;2;3;3;1;NA;NA;1;2;2;NA
29;"BA";2923803;"292380";"Paripiranga";"Não";"-";"Motociclistas";NA;NA;NA;NA;NA;NA;NA;NA;NA;NA;NA;NA;4;2;1;NA;2;1;NA;1;NA;1;2;2;NA
29;"BA";2923902;"292390";"Pau Brasil";"Não";"-";"Motociclistas";NA;NA;NA;NA;NA;NA;NA;NA;NA;NA;NA;NA;NA;NA;NA;NA;NA;NA;NA;NA;NA;2;NA;NA;NA
29;"BA";2924009;"292400";"Paulo Afonso";"Não";"-";"Motociclistas";NA;NA;4;2;NA;NA;NA;2;2;3;7;8;3;9;6;11;7;10;2;5;6;2;4;8;NA
29;"BA";2924058;"292405";"Pé de Serra";"Não";"-";"Motociclistas";NA;NA;1;NA;1;NA;NA;NA;NA;NA;NA;NA;NA;NA;1;NA;NA;NA;NA;NA;1;NA;NA;NA;NA
29;"BA";2924108;"292410";"Pedrão";"Não";"-";"Motociclistas";NA;NA;NA;1;NA;NA;NA;NA;NA;NA;NA;NA;NA;NA;NA;NA;NA;NA;NA;NA;NA;NA;NA;NA;NA
29;"BA";2924207;"292420";"Pedro Alexandre";"Não";"-";"Motociclistas";NA;NA;NA;NA;NA;NA;NA;NA;NA;1;NA;1;1;NA;NA;1;NA;NA;2;NA;1;NA;2;2;NA
29;"BA";2924306;"292430";"Piatã";"Não";"-";"Motociclistas";NA;NA;NA;1;NA;NA;NA;NA;1;NA;1;1;1;2;1;2;NA;NA;NA;NA;NA;1;NA;4;NA
29;"BA";2924405;"292440";"Pilão Arcado";"Não";"-";"Motociclistas";NA;NA;NA;NA;NA;NA;NA;NA;NA;NA;NA;2;1;1;2;2;NA;NA;1;5;4;1;4;4;NA
29;"BA";2924504;"292450";"Pindaí";"Não";"-";"Motociclistas";NA;NA;NA;1;NA;NA;NA;NA;NA;NA;NA;1;NA;NA;NA;NA;NA;3;2;3;5;2;1;3;NA
29;"BA";2924603;"292460";"Pindobaçu";"Não";"-";"Motociclistas";NA;NA;NA;NA;NA;NA;NA;NA;NA;NA;NA;NA;NA;NA;2;NA;1;NA;NA;3;NA;1;2;2;NA
29;"BA";2924652;"292465";"Pintadas";"Não";"-";"Motociclistas";NA;NA;NA;NA;NA;NA;NA;NA;NA;NA;1;1;1;NA;NA;NA;NA;1;NA;2;NA;1;NA;1;NA
29;"BA";2924678;"292467";"Piraí do Norte";"Não";"-";"Motociclistas";NA;NA;NA;NA;NA;NA;NA;NA;NA;NA;NA;NA;NA;1;NA;NA;NA;NA;1;NA;1;NA;NA;NA;NA
29;"BA";2924702;"292470";"Piripá";"Não";"-";"Motociclistas";NA;NA;NA;NA;NA;NA;NA;NA;NA;1;NA;NA;NA;1;NA;NA;NA;1;NA;NA;1;NA;NA;NA;NA
29;"BA";2924801;"292480";"Piritiba";"Não";"-";"Motociclistas";NA;NA;NA;NA;NA;NA;NA;NA;1;NA;NA;NA;NA;NA;NA;1;6;3;1;1;3;NA;NA;NA;NA
29;"BA";2924900;"292490";"Planaltino";"Não";"-";"Motociclistas";NA;NA;NA;NA;NA;NA;NA;1;NA;NA;NA;NA;NA;NA;NA;1;1;1;NA;1;NA;NA;NA;1;NA
29;"BA";2925006;"292500";"Planalto";"Não";"-";"Motociclistas";1;1;NA;1;NA;NA;NA;NA;NA;NA;NA;NA;1;1;1;2;NA;NA;2;NA;NA;1;2;3;NA
29;"BA";2925105;"292510";"Poções";"Não";"-";"Motociclistas";NA;NA;2;NA;1;NA;NA;NA;2;NA;1;NA;1;2;NA;1;NA;NA;2;1;2;NA;NA;1;NA
29;"BA";2925204;"292520";"Pojuca";"Não";"Região Metropolitana de Salvador";"Motociclistas";NA;NA;1;NA;1;NA;NA;NA;NA;1;NA;3;1;3;NA;1;NA;NA;NA;1;1;NA;NA;NA;NA
29;"BA";2925253;"292525";"Ponto Novo";"Não";"-";"Motociclistas";NA;NA;NA;NA;NA;NA;NA;NA;NA;NA;NA;NA;3;3;NA;7;1;2;2;2;1;NA;NA;1;NA
29;"BA";2925303;"292530";"Porto Seguro";"Não";"-";"Motociclistas";2;NA;3;1;8;7;5;NA;2;3;2;4;3;3;6;9;9;5;2;8;10;3;3;18;NA
29;"BA";2925402;"292540";"Potiraguá";"Não";"-";"Motociclistas";NA;NA;NA;NA;NA;NA;NA;1;NA;NA;NA;NA;NA;NA;1;NA;NA;NA;NA;NA;NA;1;NA;NA;NA
29;"BA";2925501;"292550";"Prado";"Não";"-";"Motociclistas";NA;NA;NA;NA;NA;NA;NA;NA;NA;NA;NA;NA;NA;1;3;3;2;3;2;4;NA;5;NA;6;NA
29;"BA";2925600;"292560";"Presidente Dutra";"Não";"-";"Motociclistas";NA;NA;NA;NA;NA;NA;NA;NA;1;1;NA;NA;2;2;2;1;2;NA;NA;3;2;2;1;2;NA
29;"BA";2925709;"292570";"Presidente Jânio Quadros";"Não";"-";"Motociclistas";NA;NA;NA;NA;NA;NA;NA;NA;NA;NA;NA;NA;1;NA;NA;NA;NA;NA;NA;1;1;NA;NA;1;NA
29;"BA";2925758;"292575";"Presidente Tancredo Neves";"Não";"-";"Motociclistas";1;NA;NA;1;NA;NA;1;1;2;NA;NA;1;1;2;1;4;NA;1;NA;4;NA;2;1;3;NA
29;"BA";2925808;"292580";"Queimadas";"Não";"-";"Motociclistas";NA;NA;2;NA;NA;NA;NA;NA;NA;1;NA;1;1;4;NA;NA;NA;1;1;2;1;4;NA;2;NA
29;"BA";2925907;"292590";"Quijingue";"Não";"-";"Motociclistas";NA;1;1;NA;NA;NA;NA;NA;NA;1;NA;NA;1;NA;NA;1;NA;2;NA;NA;NA;3;2;1;NA
29;"BA";2925931;"292593";"Quixabeira";"Não";"-";"Motociclistas";NA;NA;NA;NA;NA;1;NA;NA;NA;NA;NA;NA;1;NA;NA;NA;1;1;1;NA;NA;NA;1;NA;NA
29;"BA";2925956;"292595";"Rafael Jambeiro";"Não";"-";"Motociclistas";NA;NA;NA;NA;NA;NA;NA;NA;NA;NA;1;NA;NA;NA;NA;1;1;1;NA;NA;NA;2;1;1;NA
29;"BA";2926004;"292600";"Remanso";"Não";"-";"Motociclistas";1;1;NA;NA;2;NA;1;4;NA;NA;2;3;1;1;4;NA;4;2;NA;2;2;2;4;3;NA
29;"BA";2926103;"292610";"Retirolândia";"Não";"-";"Motociclistas";NA;NA;NA;NA;1;NA;NA;NA;NA;NA;NA;NA;NA;NA;NA;NA;NA;NA;1;NA;NA;2;NA;1;NA
29;"BA";2926202;"292620";"Riachão das Neves";"Não";"-";"Motociclistas";NA;NA;NA;NA;NA;NA;NA;NA;NA;NA;NA;NA;NA;NA;NA;NA;NA;2;NA;4;2;2;NA;5;NA
29;"BA";2926301;"292630";"Riachão do Jacuípe";"Não";"Área de Expansão Metropolitana";"Motociclistas";1;NA;NA;NA;NA;NA;NA;NA;NA;1;NA;NA;NA;NA;NA;NA;NA;2;2;NA;NA;1;NA;2;NA
29;"BA";2926400;"292640";"Riacho de Santana";"Não";"-";"Motociclistas";NA;NA;NA;NA;NA;NA;NA;NA;2;1;2;1;2;4;1;NA;NA;3;2;2;NA;3;1;NA;NA
29;"BA";2926509;"292650";"Ribeira do Amparo";"Não";"-";"Motociclistas";NA;NA;NA;NA;NA;NA;1;NA;NA;NA;2;NA;2;NA;NA;1;NA;1;NA;2;NA;NA;NA;2;NA
29;"BA";2926608;"292660";"Ribeira do Pombal";"Não";"-";"Motociclistas";NA;NA;1;NA;1;1;NA;1;NA;NA;NA;NA;2;2;6;5;4;7;7;13;10;6;3;7;NA
29;"BA";2926657;"292665";"Ribeirão do Largo";"Não";"-";"Motociclistas";NA;NA;NA;NA;NA;NA;NA;NA;NA;NA;NA;NA;NA;NA;1;NA;NA;NA;NA;NA;NA;1;NA;NA;NA
29;"BA";2926707;"292670";"Rio de Contas";"Não";"-";"Motociclistas";NA;NA;NA;NA;NA;NA;NA;NA;NA;NA;NA;3;NA;1;1;NA;1;2;1;NA;NA;NA;NA;2;NA
29;"BA";2926806;"292680";"Rio do Antônio";"Não";"-";"Motociclistas";NA;NA;NA;NA;NA;NA;NA;NA;NA;NA;NA;1;NA;NA;NA;2;1;1;1;1;NA;1;2;2;NA
29;"BA";2926905;"292690";"Rio do Pires";"Não";"-";"Motociclistas";NA;NA;NA;NA;NA;NA;NA;NA;NA;NA;1;NA;NA;NA;NA;NA;1;1;NA;NA;NA;NA;1;NA;NA
29;"BA";2927002;"292700";"Rio Real";"Não";"-";"Motociclistas";NA;NA;1;1;NA;1;NA;1;NA;NA;3;3;2;4;2;NA;1;1;5;4;1;1;1;2;NA
29;"BA";2927101;"292710";"Rodelas";"Não";"-";"Motociclistas";NA;NA;NA;NA;NA;NA;NA;NA;1;NA;NA;1;NA;1;1;2;1;NA;NA;NA;1;2;3;3;NA
29;"BA";2927200;"292720";"Ruy Barbosa";"Não";"-";"Motociclistas";NA;NA;2;1;NA;NA;NA;NA;NA;NA;NA;NA;NA;NA;NA;NA;NA;NA;3;2;2;3;3;2;NA
29;"BA";2927309;"292730";"Salinas da Margarida";"Não";"-";"Motociclistas";NA;NA;NA;NA;NA;NA;NA;NA;1;NA;1;NA;1;2;NA;1;NA;NA;NA;NA;NA;NA;NA;NA;NA
29;"BA";2927408;"292740";"Salvador";"Sim";"Região Metropolitana de Salvador";"Motociclistas";5;7;12;10;13;89;73;66;16;23;118;75;100;119;130;102;86;82;57;47;49;52;39;53;NA
29;"BA";2927507;"292750";"Santa Bárbara";"Não";"Área de Expansão Metropolitana";"Motociclistas";NA;NA;NA;NA;NA;NA;NA;NA;NA;NA;1;NA;NA;NA;NA;NA;NA;NA;NA;NA;NA;NA;1;NA;NA
29;"BA";2927606;"292760";"Santa Brígida";"Não";"-";"Motociclistas";NA;NA;NA;NA;NA;NA;NA;NA;1;NA;2;2;2;NA;NA;1;1;NA;1;1;NA;NA;1;1;NA
29;"BA";2927705;"292770";"Santa Cruz Cabrália";"Não";"-";"Motociclistas";NA;NA;1;NA;NA;2;NA;NA;2;NA;1;1;NA;1;NA;3;NA;NA;NA;2;1;NA;NA;1;NA
29;"BA";2927903;"292790";"Santa Inês";"Não";"-";"Motociclistas";NA;NA;NA;NA;NA;NA;1;NA;NA;NA;1;NA;NA;NA;1;NA;NA;NA;NA;NA;NA;NA;2;1;NA
29;"BA";2928000;"292800";"Santaluz";"Não";"-";"Motociclistas";NA;NA;NA;NA;NA;NA;NA;1;NA;1;NA;NA;1;NA;NA;NA;NA;1;2;NA;1;1;1;2;NA
29;"BA";2928059;"292805";"Santa Luzia";"Não";"-";"Motociclistas";NA;NA;NA;NA;NA;NA;NA;NA;NA;NA;NA;NA;NA;NA;NA;1;2;NA;NA;NA;NA;1;NA;NA;NA
29;"BA";2928109;"292810";"Santa Maria da Vitória";"Não";"-";"Motociclistas";NA;NA;NA;NA;1;1;3;NA;1;NA;2;NA;2;2;1;3;1;5;2;1;2;NA;1;2;NA
29;"BA";2928208;"292820";"Santana";"Não";"-";"Motociclistas";NA;1;NA;NA;1;1;NA;1;NA;NA;NA;NA;1;1;NA;NA;NA;2;1;3;1;NA;1;NA;NA
29;"BA";2928307;"292830";"Santanópolis";"Não";"Área de Expansão Metropolitana";"Motociclistas";NA;NA;NA;NA;NA;NA;NA;NA;NA;NA;NA;NA;NA;NA;NA;NA;NA;NA;NA;NA;NA;NA;1;NA;NA
29;"BA";2928406;"292840";"Santa Rita de Cássia";"Não";"-";"Motociclistas";NA;NA;NA;NA;2;NA;NA;NA;NA;NA;NA;NA;NA;NA;NA;NA;NA;NA;1;NA;3;NA;NA;1;NA
29;"BA";2928505;"292850";"Santa Terezinha";"Não";"-";"Motociclistas";NA;NA;NA;NA;NA;NA;NA;NA;NA;1;1;3;1;2;1;NA;1;2;1;1;1;1;2;1;NA
29;"BA";2928604;"292860";"Santo Amaro";"Não";"-";"Motociclistas";NA;NA;NA;1;NA;NA;NA;NA;NA;2;1;NA;1;1;NA;NA;1;1;1;NA;NA;1;NA;1;NA
29;"BA";2928703;"292870";"Santo Antônio de Jesus";"Não";"-";"Motociclistas";NA;1;1;NA;NA;NA;1;NA;2;4;7;9;11;16;17;13;13;13;20;18;33;22;17;22;NA
29;"BA";2928802;"292880";"Santo Estêvão";"Não";"-";"Motociclistas";NA;NA;NA;NA;NA;NA;NA;2;NA;NA;NA;2;2;NA;NA;NA;NA;NA;NA;NA;1;NA;NA;2;NA
29;"BA";2928901;"292890";"São Desidério";"Não";"-";"Motociclistas";NA;NA;NA;NA;NA;NA;NA;NA;NA;NA;NA;NA;NA;NA;NA;NA;NA;1;NA;NA;3;5;1;3;NA
29;"BA";2928950;"292895";"São Domingos";"Não";"-";"Motociclistas";NA;NA;NA;NA;NA;NA;NA;NA;NA;2;NA;NA;NA;NA;NA;NA;NA;NA;NA;1;1;NA;1;NA;NA
29;"BA";2929008;"292900";"São Félix";"Não";"-";"Motociclistas";NA;NA;NA;NA;NA;NA;NA;NA;1;2;NA;NA;NA;NA;NA;NA;1;NA;NA;NA;1;NA;NA;NA;NA
29;"BA";2929057;"292905";"São Félix do Coribe";"Não";"-";"Motociclistas";NA;NA;NA;NA;NA;1;1;NA;NA;NA;NA;NA;NA;NA;NA;NA;NA;2;2;1;1;NA;NA;NA;NA
29;"BA";2929107;"292910";"São Felipe";"Não";"-";"Motociclistas";NA;NA;NA;NA;NA;NA;NA;NA;NA;NA;NA;1;NA;NA;NA;1;NA;NA;NA;1;1;1;NA;1;NA
29;"BA";2929206;"292920";"São Francisco do Conde";"Não";"Região Metropolitana de Salvador";"Motociclistas";NA;NA;NA;NA;NA;1;NA;1;NA;NA;NA;NA;1;NA;NA;NA;NA;NA;NA;1;NA;NA;NA;3;NA
29;"BA";2929255;"292925";"São Gabriel";"Não";"-";"Motociclistas";NA;NA;NA;NA;NA;NA;NA;3;1;NA;4;NA;1;NA;1;NA;NA;NA;NA;NA;1;1;2;3;NA
29;"BA";2929305;"292930";"São Gonçalo dos Campos";"Não";"Região Metropolitana de Feira de Santana";"Motociclistas";NA;NA;NA;NA;NA;1;NA;NA;NA;NA;NA;NA;NA;NA;NA;NA;NA;NA;NA;NA;NA;1;NA;1;NA
29;"BA";2929354;"292935";"São José da Vitória";"Não";"-";"Motociclistas";NA;NA;NA;NA;NA;1;NA;NA;NA;1;2;2;2;NA;NA;1;NA;NA;NA;NA;NA;1;NA;NA;NA
29;"BA";2929370;"292937";"São José do Jacuípe";"Não";"-";"Motociclistas";1;NA;NA;NA;1;1;1;NA;NA;NA;NA;1;1;NA;NA;NA;NA;1;NA;NA;1;1;2;NA;NA
29;"BA";2929404;"292940";"São Miguel das Matas";"Não";"-";"Motociclistas";NA;NA;NA;NA;NA;NA;NA;NA;NA;1;NA;NA;2;1;NA;NA;NA;NA;NA;NA;NA;1;NA;NA;NA
29;"BA";2929503;"292950";"São Sebastião do Passé";"Não";"Região Metropolitana de Salvador";"Motociclistas";NA;NA;NA;NA;NA;NA;NA;NA;NA;2;1;2;1;2;1;NA;1;1;NA;NA;NA;NA;NA;NA;NA
29;"BA";2929602;"292960";"Sapeaçu";"Não";"-";"Motociclistas";NA;NA;NA;NA;NA;NA;NA;1;NA;NA;1;1;NA;1;NA;NA;NA;1;1;1;NA;NA;3;3;NA
29;"BA";2929701;"292970";"Sátiro Dias";"Não";"-";"Motociclistas";NA;NA;NA;NA;NA;1;NA;NA;NA;1;NA;NA;1;2;1;NA;1;NA;2;NA;NA;NA;1;1;NA
29;"BA";2929750;"292975";"Saubara";"Não";"-";"Motociclistas";NA;NA;NA;NA;NA;NA;NA;NA;NA;NA;1;NA;2;1;NA;1;NA;NA;NA;NA;NA;NA;NA;NA;NA
29;"BA";2929800;"292980";"Saúde";"Não";"-";"Motociclistas";NA;NA;NA;NA;NA;NA;NA;NA;NA;NA;NA;NA;NA;NA;NA;NA;NA;1;NA;NA;NA;NA;NA;1;NA
29;"BA";2929909;"292990";"Seabra";"Não";"-";"Motociclistas";NA;1;1;1;1;NA;NA;NA;2;NA;1;NA;1;NA;3;NA;4;6;2;7;12;6;5;8;NA
29;"BA";2930006;"293000";"Sebastião Laranjeiras";"Não";"-";"Motociclistas";NA;NA;NA;NA;NA;NA;NA;NA;1;1;NA;NA;NA;NA;NA;1;NA;NA;3;NA;1;NA;1;1;NA
29;"BA";2930105;"293010";"Senhor do Bonfim";"Não";"-";"Motociclistas";2;NA;1;NA;NA;1;NA;NA;1;NA;5;3;5;5;9;7;1;1;3;2;8;2;3;3;NA
29;"BA";2930154;"293015";"Serra do Ramalho";"Não";"-";"Motociclistas";NA;NA;NA;NA;NA;1;1;2;1;1;NA;3;4;3;NA;3;NA;1;3;4;1;4;NA;2;NA
29;"BA";2930204;"293020";"Sento Sé";"Não";"-";"Motociclistas";NA;NA;NA;1;NA;NA;1;NA;NA;NA;NA;3;NA;1;NA;NA;1;1;2;1;NA;NA;3;2;NA
29;"BA";2930303;"293030";"Serra Dourada";"Não";"-";"Motociclistas";NA;NA;NA;NA;1;NA;NA;1;1;NA;1;NA;1;NA;1;2;NA;NA;1;NA;NA;NA;NA;NA;NA
29;"BA";2930402;"293040";"Serra Preta";"Não";"Área de Expansão Metropolitana";"Motociclistas";NA;NA;NA;NA;NA;NA;NA;NA;NA;NA;1;NA;NA;NA;NA;NA;NA;NA;NA;NA;NA;NA;NA;NA;NA
29;"BA";2930501;"293050";"Serrinha";"Não";"-";"Motociclistas";NA;NA;NA;NA;NA;NA;NA;NA;NA;NA;2;1;NA;NA;1;NA;NA;2;1;3;4;NA;NA;1;NA
29;"BA";2930600;"293060";"Serrolândia";"Não";"-";"Motociclistas";NA;NA;NA;NA;NA;1;2;2;NA;NA;NA;NA;1;NA;NA;1;1;1;1;1;1;NA;NA;1;NA
29;"BA";2930709;"293070";"Simões Filho";"Não";"Região Metropolitana de Salvador";"Motociclistas";NA;1;NA;NA;1;NA;NA;1;NA;NA;2;2;1;NA;7;NA;3;3;2;1;NA;2;3;4;NA
29;"BA";2930758;"293075";"Sítio do Mato";"Não";"-";"Motociclistas";NA;NA;NA;NA;NA;NA;NA;NA;NA;1;NA;NA;NA;NA;NA;NA;NA;3;1;1;1;NA;3;3;NA
29;"BA";2930766;"293076";"Sítio do Quinto";"Não";"-";"Motociclistas";NA;NA;NA;NA;NA;NA;NA;NA;1;2;NA;NA;1;NA;2;NA;2;NA;NA;NA;NA;NA;NA;1;NA
29;"BA";2930774;"293077";"Sobradinho";"Não";"Região Administrativa Integrada de Desenvolvimento do Polo Petrolina/PE e Juazeiro/BA";"Motociclistas";NA;NA;1;NA;NA;1;NA;NA;NA;NA;NA;1;1;NA;1;NA;3;NA;2;3;1;1;1;3;NA
29;"BA";2930808;"293080";"Souto Soares";"Não";"-";"Motociclistas";NA;NA;NA;NA;NA;NA;NA;NA;NA;NA;NA;NA;NA;1;1;1;2;2;2;2;1;1;2;NA;NA
29;"BA";2930907;"293090";"Tabocas do Brejo Velho";"Não";"-";"Motociclistas";NA;NA;NA;NA;NA;NA;NA;NA;NA;NA;NA;NA;1;NA;NA;NA;NA;1;1;3;1;NA;1;2;NA
29;"BA";2931004;"293100";"Tanhaçu";"Não";"-";"Motociclistas";NA;NA;1;NA;NA;2;NA;NA;NA;1;NA;NA;NA;NA;1;1;NA;1;3;NA;2;2;3;2;NA
29;"BA";2931053;"293105";"Tanque Novo";"Não";"-";"Motociclistas";NA;NA;NA;NA;NA;NA;NA;NA;NA;1;NA;1;NA;NA;NA;1;1;1;1;2;2;NA;NA;2;NA
29;"BA";2931103;"293110";"Tanquinho";"Não";"Região Metropolitana de Feira de Santana";"Motociclistas";NA;NA;NA;NA;NA;NA;NA;NA;NA;NA;2;NA;NA;NA;NA;NA;NA;NA;NA;NA;NA;NA;NA;NA;NA
29;"BA";2931202;"293120";"Taperoá";"Não";"-";"Motociclistas";NA;NA;NA;NA;NA;1;NA;NA;NA;1;1;NA;NA;NA;1;1;NA;NA;2;1;NA;2;NA;1;NA
29;"BA";2931301;"293130";"Tapiramutá";"Não";"-";"Motociclistas";NA;NA;NA;1;NA;NA;NA;NA;1;NA;NA;NA;NA;1;NA;NA;1;NA;NA;NA;NA;NA;NA;2;NA
29;"BA";2931350;"293135";"Teixeira de Freitas";"Não";"-";"Motociclistas";NA;NA;1;1;1;NA;NA;NA;2;1;NA;2;2;5;10;2;NA;2;6;7;9;5;2;5;NA
29;"BA";2931400;"293140";"Teodoro Sampaio";"Não";"-";"Motociclistas";NA;NA;NA;NA;NA;NA;NA;1;NA;NA;NA;NA;NA;NA;NA;NA;NA;NA;NA;NA;1;NA;NA;NA;NA
29;"BA";2931509;"293150";"Teofilândia";"Não";"-";"Motociclistas";NA;NA;NA;NA;NA;1;NA;NA;NA;NA;NA;NA;1;NA;NA;NA;NA;NA;NA;NA;NA;NA;NA;2;NA
29;"BA";2931608;"293160";"Teolândia";"Não";"-";"Motociclistas";NA;NA;NA;1;NA;1;NA;NA;NA;NA;NA;NA;NA;1;NA;NA;1;3;1;1;1;NA;NA;1;NA
29;"BA";2931707;"293170";"Terra Nova";"Não";"-";"Motociclistas";NA;NA;NA;NA;NA;NA;NA;NA;NA;NA;NA;NA;NA;1;NA;NA;NA;NA;NA;NA;NA;NA;NA;NA;NA
29;"BA";2931806;"293180";"Tremedal";"Não";"-";"Motociclistas";NA;NA;NA;NA;NA;NA;NA;NA;NA;1;NA;NA;NA;NA;NA;2;NA;NA;1;4;1;NA;1;NA;NA
29;"BA";2931905;"293190";"Tucano";"Não";"-";"Motociclistas";NA;1;1;NA;2;NA;1;1;NA;NA;NA;NA;2;3;3;4;1;3;1;6;2;5;6;5;NA
29;"BA";2932002;"293200";"Uauá";"Não";"-";"Motociclistas";1;NA;NA;NA;NA;NA;NA;NA;NA;1;1;NA;NA;NA;NA;2;3;3;5;NA;NA;3;1;5;NA
29;"BA";2932101;"293210";"Ubaíra";"Não";"-";"Motociclistas";NA;NA;NA;NA;NA;NA;NA;NA;NA;NA;NA;NA;NA;NA;3;1;1;1;NA;NA;1;NA;1;NA;NA
29;"BA";2932200;"293220";"Ubaitaba";"Não";"-";"Motociclistas";NA;NA;NA;NA;NA;NA;NA;NA;NA;NA;NA;NA;1;NA;2;NA;NA;NA;NA;NA;1;NA;NA;1;NA
29;"BA";2932309;"293230";"Ubatã";"Não";"-";"Motociclistas";NA;NA;NA;NA;NA;NA;NA;NA;1;NA;NA;NA;NA;NA;1;NA;1;NA;NA;NA;NA;NA;NA;1;NA
29;"BA";2932408;"293240";"Uibaí";"Não";"-";"Motociclistas";NA;NA;NA;NA;NA;NA;NA;NA;2;NA;NA;NA;1;NA;1;NA;2;2;1;2;2;NA;NA;3;NA
29;"BA";2932457;"293245";"Umburanas";"Não";"-";"Motociclistas";NA;1;NA;NA;1;NA;NA;NA;1;NA;NA;NA;NA;NA;NA;NA;NA;2;NA;NA;NA;NA;NA;NA;NA
29;"BA";2932507;"293250";"Una";"Não";"-";"Motociclistas";NA;NA;NA;NA;NA;1;NA;NA;NA;NA;NA;NA;NA;NA;1;1;NA;1;NA;NA;NA;1;NA;NA;NA
29;"BA";2932606;"293260";"Urandi";"Não";"-";"Motociclistas";NA;NA;3;NA;NA;NA;NA;1;1;1;NA;1;1;1;3;NA;NA;NA;NA;NA;3;1;1;NA;NA
29;"BA";2932705;"293270";"Uruçuca";"Não";"-";"Motociclistas";NA;NA;NA;NA;2;NA;NA;1;NA;NA;1;NA;NA;NA;NA;NA;1;NA;1;NA;NA;1;NA;1;NA
29;"BA";2932804;"293280";"Utinga";"Não";"-";"Motociclistas";NA;NA;NA;NA;NA;NA;NA;NA;NA;NA;2;NA;NA;NA;1;NA;1;2;1;NA;2;NA;1;1;NA
29;"BA";2932903;"293290";"Valença";"Não";"-";"Motociclistas";1;NA;1;1;NA;NA;2;NA;1;2;1;NA;NA;6;5;2;3;5;6;6;7;1;8;8;NA
29;"BA";2933000;"293300";"Valente";"Não";"-";"Motociclistas";NA;NA;NA;NA;NA;NA;NA;1;NA;NA;NA;1;NA;NA;NA;NA;NA;NA;3;NA;2;NA;1;4;NA
29;"BA";2933059;"293305";"Várzea da Roça";"Não";"-";"Motociclistas";NA;1;NA;1;NA;NA;NA;NA;NA;NA;NA;NA;NA;2;1;NA;NA;2;2;NA;1;1;NA;1;NA
29;"BA";2933109;"293310";"Várzea do Poço";"Não";"-";"Motociclistas";NA;NA;NA;NA;NA;NA;NA;NA;NA;NA;NA;NA;NA;1;NA;NA;NA;1;NA;NA;1;NA;NA;1;NA
29;"BA";2933158;"293315";"Várzea Nova";"Não";"-";"Motociclistas";NA;NA;NA;NA;NA;NA;1;1;NA;NA;NA;NA;NA;1;NA;1;NA;1;2;1;NA;NA;1;NA;NA
29;"BA";2933174;"293317";"Varzedo";"Não";"-";"Motociclistas";NA;NA;NA;NA;NA;NA;NA;1;NA;NA;NA;1;NA;1;NA;NA;NA;NA;1;NA;NA;NA;NA;1;NA
29;"BA";2933208;"293320";"Vera Cruz";"Não";"Região Metropolitana de Salvador";"Motociclistas";NA;NA;NA;NA;NA;1;NA;NA;1;1;NA;NA;NA;3;NA;2;NA;NA;NA;4;3;NA;1;2;NA
29;"BA";2933307;"293330";"Vitória da Conquista";"Não";"-";"Motociclistas";8;7;11;16;1;6;3;6;11;7;10;14;21;29;26;18;18;8;15;23;31;22;34;37;NA
29;"BA";2933406;"293340";"Wagner";"Não";"-";"Motociclistas";NA;NA;NA;NA;NA;NA;NA;NA;NA;NA;NA;NA;NA;NA;NA;1;NA;NA;1;NA;NA;NA;1;NA;NA
29;"BA";2933455;"293345";"Wanderley";"Não";"-";"Motociclistas";NA;NA;NA;NA;NA;NA;NA;NA;NA;NA;NA;NA;NA;NA;NA;NA;NA;NA;NA;1;1;2;NA;1;NA
29;"BA";2933505;"293350";"Wenceslau Guimarães";"Não";"-";"Motociclistas";NA;NA;NA;NA;NA;NA;NA;1;1;1;NA;NA;NA;NA;NA;1;1;2;NA;1;2;NA;1;4;NA
29;"BA";2933604;"293360";"Xique-Xique";"Não";"-";"Motociclistas";NA;NA;NA;NA;NA;NA;NA;NA;1;1;NA;2;1;3;1;2;NA;2;2;1;3;4;2;2;NA
31;"MG";3100104;"310010";"Abadia dos Dourados";"Não";"-";"Motociclistas";NA;NA;NA;NA;NA;NA;NA;1;NA;NA;NA;NA;NA;NA;NA;NA;NA;1;NA;NA;NA;NA;NA;NA;NA
31;"MG";3100203;"310020";"Abaeté";"Não";"-";"Motociclistas";NA;NA;NA;NA;NA;NA;NA;NA;NA;NA;NA;NA;NA;NA;1;NA;NA;NA;NA;NA;NA;1;NA;NA;NA
31;"MG";3100302;"310030";"Abre Campo";"Não";"-";"Motociclistas";NA;NA;NA;NA;1;NA;NA;1;1;1;1;NA;NA;NA;1;2;NA;2;NA;NA;NA;NA;1;NA;NA
31;"MG";3100401;"310040";"Acaiaca";"Não";"-";"Motociclistas";NA;NA;NA;NA;NA;NA;NA;NA;NA;1;NA;NA;NA;NA;NA;NA;NA;NA;NA;NA;NA;NA;NA;NA;NA
31;"MG";3100500;"310050";"Açucena";"Não";"Colar Metropolitano";"Motociclistas";NA;NA;NA;NA;NA;NA;NA;NA;NA;NA;NA;NA;NA;NA;1;NA;NA;1;NA;1;NA;1;1;NA;NA
31;"MG";3100609;"310060";"Água Boa";"Não";"-";"Motociclistas";NA;NA;NA;NA;NA;NA;NA;NA;1;NA;NA;NA;1;1;3;NA;NA;NA;1;NA;1;NA;NA;2;NA
31;"MG";3100708;"310070";"Água Comprida";"Não";"-";"Motociclistas";NA;NA;NA;NA;NA;NA;NA;NA;NA;NA;NA;NA;NA;NA;NA;NA;1;NA;NA;NA;NA;NA;NA;NA;NA
31;"MG";3100906;"310090";"Águas Formosas";"Não";"-";"Motociclistas";NA;NA;NA;NA;NA;NA;NA;1;NA;NA;NA;1;1;4;1;2;1;NA;1;1;2;NA;NA;NA;NA
31;"MG";3101003;"310100";"Águas Vermelhas";"Não";"-";"Motociclistas";NA;NA;NA;NA;NA;NA;NA;NA;NA;NA;NA;NA;NA;1;NA;1;1;NA;NA;1;NA;NA;1;NA;NA
31;"MG";3101102;"310110";"Aimorés";"Não";"-";"Motociclistas";NA;1;NA;NA;2;NA;NA;NA;1;1;NA;4;1;2;1;1;2;2;3;1;1;1;NA;1;NA
31;"MG";3101201;"310120";"Aiuruoca";"Não";"-";"Motociclistas";NA;NA;NA;NA;NA;NA;NA;NA;NA;NA;NA;NA;NA;NA;NA;NA;1;1;NA;NA;NA;NA;NA;NA;NA
31;"MG";3101409;"310140";"Albertina";"Não";"-";"Motociclistas";NA;NA;NA;NA;NA;NA;NA;NA;NA;NA;NA;NA;NA;NA;NA;NA;NA;NA;NA;NA;NA;NA;NA;NA;NA
31;"MG";3101508;"310150";"Além Paraíba";"Não";"-";"Motociclistas";NA;NA;NA;NA;1;NA;NA;NA;NA;NA;NA;1;1;NA;NA;NA;NA;NA;1;1;NA;NA;1;2;NA
31;"MG";3101607;"310160";"Alfenas";"Não";"-";"Motociclistas";1;1;NA;1;NA;NA;NA;NA;2;2;1;1;NA;2;2;1;2;2;NA;3;1;4;4;4;NA
31;"MG";3101631;"310163";"Alfredo Vasconcelos";"Não";"-";"Motociclistas";NA;NA;NA;NA;NA;NA;NA;NA;NA;NA;NA;NA;NA;NA;NA;NA;NA;NA;NA;NA;NA;NA;NA;NA;NA
31;"MG";3101706;"310170";"Almenara";"Não";"-";"Motociclistas";NA;NA;NA;NA;NA;NA;NA;NA;NA;NA;NA;NA;NA;NA;NA;2;1;2;NA;NA;1;1;1;1;NA
31;"MG";3101805;"310180";"Alpercata";"Não";"-";"Motociclistas";NA;NA;NA;NA;2;NA;NA;NA;NA;NA;NA;NA;NA;NA;1;2;2;NA;NA;1;NA;1;NA;NA;NA
31;"MG";3101904;"310190";"Alpinópolis";"Não";"-";"Motociclistas";NA;NA;NA;NA;1;NA;NA;NA;NA;NA;NA;1;NA;NA;NA;NA;NA;2;NA;NA;NA;NA;NA;NA;NA
31;"MG";3102001;"310200";"Alterosa";"Não";"-";"Motociclistas";NA;NA;NA;NA;NA;NA;NA;NA;NA;NA;NA;NA;NA;NA;1;NA;NA;NA;NA;1;1;NA;NA;NA;NA
31;"MG";3102050;"310205";"Alto Caparaó";"Não";"-";"Motociclistas";NA;NA;NA;NA;NA;NA;NA;NA;NA;NA;NA;NA;NA;1;NA;NA;NA;1;NA;NA;NA;NA;NA;NA;NA
31;"MG";3102100;"310210";"Alto Rio Doce";"Não";"-";"Motociclistas";NA;NA;NA;NA;NA;NA;NA;NA;NA;NA;NA;NA;NA;NA;NA;NA;NA;NA;1;NA;NA;NA;NA;NA;NA
31;"MG";3102209;"310220";"Alvarenga";"Não";"-";"Motociclistas";NA;NA;NA;NA;NA;NA;NA;NA;NA;NA;NA;NA;NA;NA;NA;NA;NA;1;NA;NA;NA;NA;NA;NA;NA
31;"MG";3102308;"310230";"Alvinópolis";"Não";"-";"Motociclistas";NA;NA;NA;NA;NA;NA;NA;NA;NA;1;NA;NA;NA;NA;NA;NA;NA;NA;NA;NA;NA;NA;NA;NA;NA
31;"MG";3102506;"310250";"Amparo do Serra";"Não";"-";"Motociclistas";NA;NA;NA;NA;NA;NA;NA;NA;NA;NA;NA;NA;NA;NA;NA;NA;NA;NA;NA;NA;NA;NA;NA;NA;NA
31;"MG";3102605;"310260";"Andradas";"Não";"-";"Motociclistas";NA;NA;NA;NA;NA;NA;NA;NA;NA;NA;NA;1;NA;2;NA;NA;NA;NA;NA;NA;NA;NA;NA;NA;NA
31;"MG";3102704;"310270";"Cachoeira de Pajeú";"Não";"-";"Motociclistas";NA;NA;NA;NA;NA;NA;NA;NA;NA;NA;NA;NA;NA;1;NA;NA;NA;NA;4;NA;2;NA;NA;NA;NA
31;"MG";3102803;"310280";"Andrelândia";"Não";"-";"Motociclistas";NA;NA;NA;NA;NA;NA;NA;NA;NA;NA;NA;NA;NA;NA;NA;NA;NA;NA;NA;NA;NA;NA;NA;NA;NA
31;"MG";3102902;"310290";"Antônio Carlos";"Não";"-";"Motociclistas";NA;NA;NA;NA;NA;NA;NA;NA;NA;NA;NA;NA;NA;NA;NA;NA;1;NA;NA;NA;NA;NA;NA;NA;NA
31;"MG";3103009;"310300";"Antônio Dias";"Não";"Colar Metropolitano";"Motociclistas";NA;NA;NA;NA;NA;NA;NA;NA;NA;NA;NA;NA;NA;NA;NA;1;NA;NA;NA;NA;NA;NA;2;1;NA
31;"MG";3103405;"310340";"Araçuaí";"Não";"-";"Motociclistas";NA;NA;NA;NA;NA;NA;NA;1;1;1;1;NA;1;4;1;1;NA;1;NA;1;1;NA;2;1;NA
31;"MG";3103504;"310350";"Araguari";"Não";"-";"Motociclistas";NA;NA;NA;NA;NA;1;1;4;3;3;4;NA;6;1;2;3;2;4;NA;2;1;1;2;2;NA
31;"MG";3103603;"310360";"Arantina";"Não";"-";"Motociclistas";NA;NA;NA;NA;NA;NA;NA;NA;NA;NA;NA;NA;NA;NA;NA;NA;NA;NA;NA;NA;NA;NA;NA;NA;NA
31;"MG";3103702;"310370";"Araponga";"Não";"-";"Motociclistas";NA;NA;NA;NA;NA;NA;NA;NA;NA;1;NA;NA;NA;NA;1;NA;NA;NA;NA;NA;NA;NA;NA;NA;NA
31;"MG";3103751;"310375";"Araporã";"Não";"-";"Motociclistas";NA;NA;NA;NA;1;NA;NA;NA;NA;NA;NA;NA;NA;NA;NA;NA;NA;NA;NA;NA;NA;NA;NA;NA;NA
31;"MG";3103801;"310380";"Arapuá";"Não";"-";"Motociclistas";NA;NA;NA;NA;NA;NA;NA;NA;NA;NA;NA;NA;NA;NA;NA;NA;1;NA;NA;NA;NA;NA;NA;NA;NA
31;"MG";3103900;"310390";"Araújos";"Não";"-";"Motociclistas";NA;NA;NA;NA;NA;NA;NA;NA;NA;NA;NA;NA;NA;NA;NA;NA;NA;NA;NA;NA;NA;NA;NA;NA;NA
31;"MG";3104007;"310400";"Araxá";"Não";"-";"Motociclistas";NA;NA;1;1;2;NA;1;2;1;1;1;NA;2;1;NA;1;1;4;NA;NA;NA;1;2;2;NA
31;"MG";3104106;"310410";"Arceburgo";"Não";"-";"Motociclistas";NA;NA;NA;NA;NA;NA;NA;NA;NA;NA;NA;NA;NA;NA;NA;1;NA;NA;NA;NA;NA;NA;NA;NA;NA
31;"MG";3104205;"310420";"Arcos";"Não";"-";"Motociclistas";NA;NA;NA;NA;NA;NA;NA;NA;NA;2;NA;1;NA;NA;NA;NA;3;1;1;1;NA;NA;1;NA;NA
31;"MG";3104304;"310430";"Areado";"Não";"-";"Motociclistas";NA;NA;NA;NA;NA;NA;NA;NA;NA;NA;NA;NA;NA;NA;NA;NA;NA;NA;NA;NA;NA;NA;NA;NA;NA
31;"MG";3104403;"310440";"Argirita";"Não";"-";"Motociclistas";NA;NA;NA;NA;NA;NA;NA;NA;NA;NA;NA;NA;NA;NA;1;NA;NA;NA;NA;NA;NA;NA;NA;NA;NA
31;"MG";3104452;"310445";"Aricanduva";"Não";"-";"Motociclistas";NA;NA;NA;NA;NA;NA;NA;NA;NA;NA;NA;NA;NA;NA;NA;NA;NA;NA;NA;NA;NA;NA;NA;NA;NA
31;"MG";3104502;"310450";"Arinos";"Não";"Região Integrada de Desenvolvimento do Distrito Federal e Entorno";"Motociclistas";NA;NA;NA;NA;NA;NA;NA;1;NA;NA;NA;NA;NA;NA;2;1;1;NA;2;NA;NA;1;NA;1;NA
31;"MG";3104601;"310460";"Astolfo Dutra";"Não";"-";"Motociclistas";NA;NA;NA;NA;NA;NA;NA;NA;NA;NA;NA;NA;NA;NA;NA;NA;NA;NA;NA;NA;NA;NA;NA;NA;NA
31;"MG";3104700;"310470";"Ataléia";"Não";"-";"Motociclistas";NA;NA;NA;NA;NA;NA;NA;NA;NA;NA;NA;1;NA;2;NA;1;1;NA;NA;NA;NA;NA;1;NA;NA
31;"MG";3104809;"310480";"Augusto de Lima";"Não";"-";"Motociclistas";NA;NA;NA;NA;NA;NA;NA;NA;NA;NA;NA;NA;NA;NA;NA;NA;1;NA;NA;NA;NA;NA;NA;1;NA
31;"MG";3104908;"310490";"Baependi";"Não";"-";"Motociclistas";NA;NA;NA;NA;NA;NA;NA;NA;NA;NA;NA;1;NA;NA;NA;2;NA;NA;NA;1;NA;1;NA;NA;NA
31;"MG";3105004;"310500";"Baldim";"Não";"Região Metropolitana de Belo Horizonte";"Motociclistas";NA;NA;NA;NA;NA;NA;NA;NA;NA;NA;NA;1;1;NA;NA;NA;NA;1;NA;NA;NA;NA;NA;NA;NA
31;"MG";3105103;"310510";"Bambuí";"Não";"-";"Motociclistas";NA;NA;NA;NA;NA;NA;NA;NA;NA;NA;1;1;NA;NA;NA;NA;NA;NA;NA;NA;NA;NA;NA;1;NA
31;"MG";3105202;"310520";"Bandeira";"Não";"-";"Motociclistas";NA;NA;NA;NA;NA;NA;NA;NA;NA;NA;NA;NA;NA;NA;NA;1;NA;NA;NA;NA;NA;NA;NA;NA;NA
31;"MG";3105301;"310530";"Bandeira do Sul";"Não";"-";"Motociclistas";1;NA;NA;NA;NA;NA;NA;NA;NA;NA;NA;NA;NA;NA;NA;NA;NA;NA;NA;NA;NA;NA;NA;NA;NA
31;"MG";3105400;"310540";"Barão de Cocais";"Não";"Colar Metropolitano de Belo Horizonte";"Motociclistas";NA;NA;NA;NA;1;NA;NA;NA;NA;NA;NA;NA;1;NA;NA;NA;NA;NA;1;NA;NA;NA;1;1;NA
31;"MG";3105608;"310560";"Barbacena";"Não";"-";"Motociclistas";2;NA;1;2;NA;NA;1;2;NA;NA;2;NA;2;NA;NA;3;6;4;2;2;5;4;4;3;NA
31;"MG";3105707;"310570";"Barra Longa";"Não";"-";"Motociclistas";NA;NA;NA;NA;NA;NA;NA;NA;NA;NA;NA;NA;1;NA;NA;NA;NA;NA;NA;NA;NA;NA;NA;NA;NA
31;"MG";3105905;"310590";"Barroso";"Não";"-";"Motociclistas";NA;NA;NA;NA;NA;NA;NA;NA;NA;NA;NA;NA;1;1;NA;NA;NA;NA;NA;1;1;NA;2;NA;NA
31;"MG";3106002;"310600";"Bela Vista de Minas";"Não";"-";"Motociclistas";NA;NA;NA;NA;NA;NA;NA;NA;NA;NA;NA;NA;NA;NA;NA;NA;NA;2;NA;NA;NA;NA;NA;NA;NA
31;"MG";3106101;"310610";"Belmiro Braga";"Não";"-";"Motociclistas";NA;NA;NA;NA;NA;NA;NA;NA;NA;NA;1;NA;NA;NA;NA;NA;NA;NA;NA;NA;NA;NA;NA;1;NA
31;"MG";3106200;"310620";"Belo Horizonte";"Sim";"Região Metropolitana de Belo Horizonte";"Motociclistas";31;23;34;36;51;50;70;71;117;69;90;110;83;107;99;69;70;51;58;49;61;47;55;69;NA
31;"MG";3106309;"310630";"Belo Oriente";"Não";"Colar Metropolitano";"Motociclistas";NA;NA;NA;NA;NA;NA;NA;NA;NA;NA;NA;NA;NA;NA;1;NA;NA;1;NA;1;1;5;3;2;NA
31;"MG";3106507;"310650";"Berilo";"Não";"-";"Motociclistas";NA;NA;NA;NA;1;NA;NA;NA;NA;NA;NA;1;NA;NA;1;NA;NA;NA;NA;1;NA;NA;1;NA;NA
31;"MG";3106606;"310660";"Bertópolis";"Não";"-";"Motociclistas";NA;NA;NA;NA;NA;NA;NA;1;NA;NA;NA;NA;NA;1;NA;NA;NA;NA;NA;NA;NA;NA;NA;NA;NA
31;"MG";3106705;"310670";"Betim";"Não";"Região Metropolitana de Belo Horizonte";"Motociclistas";2;2;1;5;6;3;5;13;8;9;11;8;10;9;7;7;NA;5;3;3;3;1;3;1;NA
31;"MG";3106903;"310690";"Bicas";"Não";"-";"Motociclistas";NA;NA;NA;NA;NA;NA;NA;NA;NA;1;NA;NA;NA;NA;NA;NA;NA;NA;NA;NA;NA;NA;1;NA;NA
31;"MG";3107000;"310700";"Biquinhas";"Não";"-";"Motociclistas";NA;NA;NA;NA;NA;NA;NA;NA;NA;NA;NA;NA;NA;NA;NA;NA;NA;NA;1;NA;NA;1;NA;NA;NA
31;"MG";3107109;"310710";"Boa Esperança";"Não";"-";"Motociclistas";NA;NA;NA;NA;1;NA;NA;NA;NA;NA;NA;NA;NA;NA;NA;NA;NA;NA;1;1;1;1;NA;1;NA
31;"MG";3107208;"310720";"Bocaina de Minas";"Não";"-";"Motociclistas";NA;NA;NA;NA;NA;NA;NA;NA;NA;NA;NA;NA;NA;NA;NA;NA;NA;NA;NA;NA;NA;NA;NA;NA;NA
31;"MG";3107307;"310730";"Bocaiúva";"Não";"-";"Motociclistas";NA;NA;1;1;NA;NA;1;NA;NA;NA;NA;2;1;NA;NA;NA;NA;1;1;4;2;NA;1;2;NA
31;"MG";3107406;"310740";"Bom Despacho";"Não";"-";"Motociclistas";NA;1;NA;NA;NA;NA;NA;NA;NA;NA;NA;1;1;1;NA;NA;NA;NA;NA;3;NA;NA;NA;1;NA
31;"MG";3107505;"310750";"Bom Jardim de Minas";"Não";"-";"Motociclistas";NA;NA;NA;NA;NA;NA;NA;NA;NA;NA;NA;NA;NA;NA;NA;NA;NA;NA;NA;NA;NA;1;NA;NA;NA
31;"MG";3107604;"310760";"Bom Jesus da Penha";"Não";"-";"Motociclistas";NA;NA;NA;NA;NA;NA;NA;NA;NA;NA;NA;NA;NA;NA;NA;NA;NA;NA;NA;NA;NA;NA;NA;NA;NA
31;"MG";3107703;"310770";"Bom Jesus do Amparo";"Não";"Colar Metropolitano de Belo Horizonte";"Motociclistas";NA;NA;NA;NA;NA;NA;NA;NA;NA;NA;NA;NA;NA;NA;NA;NA;NA;NA;1;NA;NA;NA;NA;NA;NA
31;"MG";3107802;"310780";"Bom Jesus do Galho";"Não";"Colar Metropolitano";"Motociclistas";NA;NA;NA;NA;NA;NA;NA;NA;NA;NA;NA;2;1;NA;NA;NA;NA;1;NA;NA;3;2;1;1;NA
31;"MG";3107901;"310790";"Bom Repouso";"Não";"-";"Motociclistas";NA;NA;NA;NA;NA;NA;NA;NA;NA;NA;NA;NA;NA;NA;NA;NA;NA;NA;NA;NA;NA;NA;NA;NA;NA
31;"MG";3108008;"310800";"Bom Sucesso";"Não";"-";"Motociclistas";NA;NA;NA;NA;NA;NA;NA;NA;NA;NA;NA;NA;NA;NA;1;NA;NA;NA;NA;NA;NA;NA;NA;NA;NA
31;"MG";3108206;"310820";"Bonfinópolis de Minas";"Não";"-";"Motociclistas";NA;NA;NA;NA;NA;NA;NA;NA;NA;NA;NA;1;2;NA;NA;NA;NA;NA;NA;NA;NA;NA;NA;1;NA
31;"MG";3108255;"310825";"Bonito de Minas";"Não";"-";"Motociclistas";NA;NA;NA;NA;NA;NA;NA;NA;NA;NA;NA;NA;NA;NA;NA;NA;1;2;NA;NA;NA;NA;NA;NA;NA
31;"MG";3108305;"310830";"Borda da Mata";"Não";"-";"Motociclistas";NA;NA;NA;NA;NA;NA;NA;NA;NA;NA;NA;NA;NA;NA;NA;NA;NA;NA;NA;NA;NA;NA;NA;NA;NA
31;"MG";3108404;"310840";"Botelhos";"Não";"-";"Motociclistas";NA;NA;NA;NA;NA;NA;NA;NA;NA;NA;NA;NA;NA;NA;NA;NA;NA;NA;NA;NA;NA;1;NA;2;NA
31;"MG";3108503;"310850";"Botumirim";"Não";"-";"Motociclistas";NA;NA;NA;NA;NA;NA;NA;NA;NA;NA;NA;NA;NA;NA;NA;NA;NA;NA;NA;NA;NA;NA;NA;NA;NA
31;"MG";3108552;"310855";"Brasilândia de Minas";"Não";"-";"Motociclistas";NA;NA;NA;NA;NA;NA;NA;NA;1;NA;1;NA;1;NA;NA;1;NA;NA;1;NA;1;1;NA;NA;NA
31;"MG";3108602;"310860";"Brasília de Minas";"Não";"-";"Motociclistas";NA;NA;NA;1;NA;1;NA;1;NA;NA;NA;1;NA;NA;1;5;1;NA;2;3;2;2;NA;1;NA
31;"MG";3108701;"310870";"Brás Pires";"Não";"-";"Motociclistas";NA;NA;NA;NA;NA;NA;NA;NA;NA;NA;NA;NA;NA;NA;1;NA;NA;NA;NA;NA;NA;NA;NA;NA;NA
31;"MG";3108800;"310880";"Braúnas";"Não";"Colar Metropolitano";"Motociclistas";NA;NA;NA;NA;NA;NA;NA;NA;NA;NA;NA;NA;1;NA;NA;NA;NA;NA;NA;NA;NA;NA;NA;NA;NA
31;"MG";3108909;"310890";"Brazópolis";"Não";"-";"Motociclistas";NA;NA;NA;NA;NA;NA;NA;NA;NA;NA;NA;NA;NA;NA;1;NA;NA;NA;NA;NA;NA;NA;NA;NA;NA
31;"MG";3109006;"310900";"Brumadinho";"Não";"Região Metropolitana de Belo Horizonte";"Motociclistas";NA;NA;NA;NA;NA;NA;NA;1;NA;NA;NA;NA;NA;1;NA;NA;NA;NA;NA;NA;NA;NA;NA;2;NA
31;"MG";3109105;"310910";"Bueno Brandão";"Não";"-";"Motociclistas";NA;NA;NA;NA;NA;NA;NA;NA;NA;NA;NA;NA;NA;NA;NA;NA;NA;NA;NA;NA;NA;NA;NA;NA;NA
31;"MG";3109204;"310920";"Buenópolis";"Não";"-";"Motociclistas";NA;NA;NA;NA;1;NA;NA;NA;NA;NA;NA;1;NA;NA;NA;NA;NA;NA;1;NA;NA;NA;NA;NA;NA
31;"MG";3109303;"310930";"Buritis";"Não";"Região Integrada de Desenvolvimento do Distrito Federal e Entorno";"Motociclistas";NA;NA;NA;NA;NA;NA;NA;1;NA;2;4;1;1;1;NA;1;2;1;NA;1;1;1;1;1;NA
31;"MG";3109402;"310940";"Buritizeiro";"Não";"-";"Motociclistas";NA;NA;NA;NA;NA;NA;NA;2;1;1;NA;NA;1;1;NA;2;1;1;1;NA;NA;NA;2;1;NA
31;"MG";3109501;"310950";"Cabo Verde";"Não";"-";"Motociclistas";NA;NA;NA;NA;NA;NA;NA;NA;NA;NA;NA;NA;NA;NA;1;NA;NA;NA;NA;NA;NA;NA;NA;NA;NA
31;"MG";3109600;"310960";"Cachoeira da Prata";"Não";"-";"Motociclistas";NA;NA;NA;NA;NA;NA;NA;NA;NA;NA;NA;NA;NA;NA;NA;NA;NA;NA;NA;NA;NA;1;NA;NA;NA
31;"MG";3109709;"310970";"Cachoeira de Minas";"Não";"-";"Motociclistas";NA;NA;NA;1;NA;NA;NA;NA;NA;NA;NA;NA;NA;NA;NA;NA;NA;NA;NA;NA;NA;NA;NA;NA;NA
31;"MG";3109808;"310980";"Cachoeira Dourada";"Não";"-";"Motociclistas";NA;NA;NA;NA;NA;NA;NA;NA;NA;NA;NA;NA;NA;NA;NA;NA;NA;NA;NA;NA;NA;NA;NA;NA;NA
31;"MG";3110004;"311000";"Caeté";"Não";"Região Metropolitana de Belo Horizonte";"Motociclistas";NA;1;NA;1;NA;2;NA;NA;NA;NA;NA;4;1;1;4;NA;NA;NA;NA;NA;NA;NA;4;NA;NA
31;"MG";3110103;"311010";"Caiana";"Não";"-";"Motociclistas";NA;NA;NA;NA;NA;NA;NA;NA;NA;NA;NA;NA;NA;1;NA;NA;NA;NA;1;NA;NA;NA;NA;NA;NA
31;"MG";3110301;"311030";"Caldas";"Não";"-";"Motociclistas";NA;NA;NA;NA;NA;NA;NA;NA;NA;NA;NA;NA;NA;NA;NA;1;NA;NA;NA;NA;NA;NA;NA;NA;NA
31;"MG";3110400;"311040";"Camacho";"Não";"-";"Motociclistas";NA;NA;NA;NA;NA;NA;NA;NA;NA;1;NA;NA;NA;NA;NA;NA;NA;NA;NA;NA;NA;NA;NA;NA;NA
31;"MG";3110509;"311050";"Camanducaia";"Não";"-";"Motociclistas";NA;NA;NA;NA;NA;NA;NA;NA;NA;NA;NA;NA;NA;NA;NA;NA;NA;NA;NA;NA;NA;NA;NA;NA;NA
31;"MG";3110608;"311060";"Cambuí";"Não";"-";"Motociclistas";NA;NA;NA;NA;NA;NA;NA;NA;NA;NA;NA;NA;NA;NA;NA;NA;NA;NA;NA;NA;NA;NA;1;1;NA
31;"MG";3110707;"311070";"Cambuquira";"Não";"-";"Motociclistas";NA;NA;NA;NA;NA;NA;NA;NA;NA;1;NA;NA;1;2;NA;NA;NA;NA;NA;NA;NA;NA;NA;NA;NA
31;"MG";3110806;"311080";"Campanário";"Não";"-";"Motociclistas";NA;NA;NA;NA;NA;NA;NA;NA;1;NA;1;2;1;1;NA;1;2;1;NA;NA;NA;1;1;NA;NA
31;"MG";3110905;"311090";"Campanha";"Não";"-";"Motociclistas";NA;NA;NA;NA;NA;1;NA;NA;NA;2;NA;NA;1;NA;1;NA;1;NA;NA;NA;NA;NA;NA;NA;NA
31;"MG";3111002;"311100";"Campestre";"Não";"-";"Motociclistas";NA;NA;NA;NA;NA;NA;NA;NA;NA;NA;NA;NA;NA;NA;NA;NA;NA;NA;NA;NA;NA;NA;NA;NA;NA
31;"MG";3111101;"311110";"Campina Verde";"Não";"-";"Motociclistas";NA;NA;NA;NA;NA;NA;NA;NA;NA;NA;NA;NA;NA;NA;NA;NA;NA;NA;NA;NA;NA;NA;NA;NA;NA
31;"MG";3111150;"311115";"Campo Azul";"Não";"-";"Motociclistas";NA;NA;NA;NA;NA;NA;NA;NA;NA;NA;NA;NA;NA;NA;NA;NA;NA;NA;NA;NA;NA;1;NA;NA;NA
31;"MG";3111200;"311120";"Campo Belo";"Não";"-";"Motociclistas";NA;NA;NA;NA;NA;NA;NA;NA;NA;1;1;NA;1;NA;NA;2;NA;1;2;NA;NA;1;1;NA;NA
31;"MG";3111309;"311130";"Campo do Meio";"Não";"-";"Motociclistas";NA;NA;NA;NA;NA;NA;NA;NA;NA;NA;NA;NA;NA;NA;NA;NA;1;1;NA;1;NA;1;NA;NA;NA
31;"MG";3111408;"311140";"Campo Florido";"Não";"-";"Motociclistas";NA;NA;NA;NA;NA;NA;NA;NA;NA;1;NA;NA;NA;NA;NA;1;NA;NA;NA;NA;NA;NA;NA;NA;NA
31;"MG";3111507;"311150";"Campos Altos";"Não";"-";"Motociclistas";NA;NA;NA;NA;NA;NA;NA;NA;NA;NA;NA;1;NA;NA;NA;1;NA;NA;NA;1;NA;1;NA;NA;NA
31;"MG";3111606;"311160";"Campos Gerais";"Não";"-";"Motociclistas";NA;NA;NA;NA;NA;NA;NA;NA;NA;NA;NA;NA;NA;NA;NA;1;NA;NA;NA;1;1;NA;NA;1;NA
31;"MG";3111705;"311170";"Canaã";"Não";"-";"Motociclistas";NA;NA;NA;NA;NA;NA;NA;NA;NA;NA;NA;NA;NA;NA;NA;1;NA;NA;1;NA;NA;NA;NA;NA;NA
31;"MG";3111804;"311180";"Canápolis";"Não";"-";"Motociclistas";NA;NA;NA;NA;NA;NA;NA;NA;NA;NA;NA;NA;NA;2;NA;NA;1;NA;NA;NA;NA;NA;NA;NA;NA
31;"MG";3111903;"311190";"Cana Verde";"Não";"-";"Motociclistas";NA;NA;NA;NA;NA;NA;NA;NA;NA;NA;NA;NA;NA;1;NA;NA;NA;NA;NA;NA;NA;NA;NA;NA;NA
31;"MG";3112000;"311200";"Candeias";"Não";"-";"Motociclistas";NA;NA;NA;NA;NA;NA;NA;NA;NA;NA;NA;NA;NA;NA;NA;1;NA;NA;1;NA;NA;NA;NA;NA;NA
31;"MG";3112059;"311205";"Cantagalo";"Não";"-";"Motociclistas";NA;NA;NA;NA;NA;NA;NA;NA;NA;NA;NA;NA;NA;NA;NA;NA;1;NA;1;NA;NA;NA;NA;NA;NA
31;"MG";3112109;"311210";"Caparaó";"Não";"-";"Motociclistas";NA;NA;NA;NA;NA;NA;NA;NA;NA;NA;NA;NA;NA;NA;1;NA;NA;NA;NA;NA;NA;NA;NA;NA;NA
31;"MG";3112307;"311230";"Capelinha";"Não";"-";"Motociclistas";1;NA;NA;NA;1;1;NA;NA;2;1;NA;2;2;2;2;3;NA;4;2;3;NA;1;5;NA;NA
31;"MG";3112406;"311240";"Capetinga";"Não";"-";"Motociclistas";NA;NA;NA;NA;NA;NA;NA;NA;NA;NA;NA;NA;NA;NA;NA;NA;NA;NA;NA;NA;NA;NA;NA;NA;NA
31;"MG";3112604;"311260";"Capinópolis";"Não";"-";"Motociclistas";NA;NA;NA;NA;NA;NA;NA;NA;NA;NA;NA;NA;NA;NA;NA;NA;1;NA;NA;NA;NA;NA;2;NA;NA
31;"MG";3112653;"311265";"Capitão Andrade";"Não";"-";"Motociclistas";NA;NA;NA;NA;NA;NA;NA;1;NA;NA;NA;NA;NA;2;NA;NA;NA;NA;NA;NA;NA;NA;NA;NA;NA
31;"MG";3112703;"311270";"Capitão Enéas";"Não";"-";"Motociclistas";NA;NA;NA;NA;NA;NA;NA;NA;1;NA;NA;NA;NA;NA;NA;NA;1;NA;1;NA;NA;NA;NA;NA;NA
31;"MG";3112802;"311280";"Capitólio";"Não";"-";"Motociclistas";NA;NA;NA;NA;NA;NA;NA;NA;NA;NA;NA;NA;NA;NA;1;1;NA;NA;NA;1;NA;1;NA;NA;NA
31;"MG";3112901;"311290";"Caputira";"Não";"-";"Motociclistas";NA;NA;NA;NA;NA;NA;NA;NA;NA;NA;NA;NA;NA;NA;2;NA;NA;NA;NA;NA;1;NA;NA;NA;NA
31;"MG";3113008;"311300";"Caraí";"Não";"-";"Motociclistas";NA;NA;NA;NA;1;NA;NA;1;NA;NA;NA;2;2;4;2;1;1;2;3;1;NA;NA;NA;3;NA
31;"MG";3113206;"311320";"Carandaí";"Não";"-";"Motociclistas";NA;NA;NA;NA;NA;NA;NA;NA;NA;NA;NA;NA;NA;NA;NA;NA;NA;NA;NA;NA;NA;1;NA;NA;NA
31;"MG";3113305;"311330";"Carangola";"Não";"-";"Motociclistas";NA;NA;NA;NA;NA;NA;NA;2;NA;1;1;1;NA;2;1;NA;NA;1;NA;NA;NA;NA;NA;NA;NA
31;"MG";3113404;"311340";"Caratinga";"Não";"Colar Metropolitano";"Motociclistas";NA;NA;NA;NA;NA;NA;NA;NA;NA;NA;1;5;2;2;4;8;3;4;7;5;8;9;9;10;NA
31;"MG";3113503;"311350";"Carbonita";"Não";"-";"Motociclistas";NA;NA;NA;NA;NA;NA;NA;NA;NA;NA;NA;NA;NA;NA;NA;NA;NA;NA;NA;NA;NA;NA;NA;NA;NA
31;"MG";3113602;"311360";"Careaçu";"Não";"-";"Motociclistas";NA;NA;NA;NA;NA;NA;NA;NA;NA;NA;NA;NA;NA;NA;NA;NA;NA;NA;NA;NA;NA;NA;NA;NA;NA
31;"MG";3113701;"311370";"Carlos Chagas";"Não";"-";"Motociclistas";NA;NA;NA;NA;NA;NA;NA;NA;1;NA;NA;1;1;NA;NA;4;NA;2;NA;2;NA;NA;1;NA;NA
31;"MG";3113800;"311380";"Carmésia";"Não";"-";"Motociclistas";NA;NA;NA;NA;NA;NA;NA;NA;NA;NA;NA;NA;NA;NA;NA;NA;NA;NA;NA;NA;NA;NA;NA;1;NA
31;"MG";3114006;"311400";"Carmo da Mata";"Não";"-";"Motociclistas";NA;NA;NA;NA;NA;NA;NA;NA;NA;NA;1;1;NA;NA;NA;NA;NA;NA;NA;NA;NA;NA;1;NA;NA
31;"MG";3114105;"311410";"Carmo de Minas";"Não";"-";"Motociclistas";NA;NA;NA;NA;NA;NA;NA;NA;NA;NA;NA;NA;NA;NA;NA;NA;NA;NA;NA;NA;NA;NA;NA;NA;NA
31;"MG";3114204;"311420";"Carmo do Cajuru";"Não";"-";"Motociclistas";NA;1;NA;NA;NA;NA;NA;NA;1;NA;NA;NA;1;NA;NA;1;NA;1;NA;NA;NA;NA;2;3;NA
31;"MG";3114303;"311430";"Carmo do Paranaíba";"Não";"-";"Motociclistas";NA;NA;NA;NA;NA;1;NA;NA;NA;NA;NA;NA;NA;NA;1;NA;NA;NA;NA;NA;NA;NA;NA;NA;NA
31;"MG";3114402;"311440";"Carmo do Rio Claro";"Não";"-";"Motociclistas";NA;NA;NA;NA;NA;NA;NA;NA;NA;NA;NA;NA;NA;NA;NA;NA;NA;NA;NA;NA;NA;NA;NA;NA;NA
31;"MG";3114501;"311450";"Carmópolis de Minas";"Não";"-";"Motociclistas";NA;NA;NA;NA;NA;NA;NA;NA;NA;NA;NA;NA;1;NA;NA;1;NA;NA;NA;NA;NA;1;1;NA;NA
31;"MG";3114550;"311455";"Carneirinho";"Não";"-";"Motociclistas";NA;NA;NA;NA;NA;1;NA;NA;NA;1;NA;NA;NA;NA;NA;1;NA;1;NA;NA;1;NA;NA;NA;NA
31;"MG";3114808;"311480";"Carvalhos";"Não";"-";"Motociclistas";NA;NA;NA;NA;NA;NA;NA;NA;NA;NA;NA;NA;NA;NA;NA;NA;NA;NA;NA;NA;NA;NA;NA;NA;NA
31;"MG";3114907;"311490";"Casa Grande";"Não";"-";"Motociclistas";NA;NA;NA;NA;NA;NA;NA;NA;NA;NA;NA;NA;NA;NA;NA;NA;NA;NA;NA;NA;NA;NA;NA;NA;NA
31;"MG";3115003;"311500";"Cascalho Rico";"Não";"-";"Motociclistas";NA;NA;NA;NA;NA;NA;NA;NA;NA;NA;NA;NA;NA;NA;NA;NA;NA;NA;NA;NA;NA;NA;NA;NA;NA
31;"MG";3115102;"311510";"Cássia";"Não";"-";"Motociclistas";NA;NA;NA;NA;NA;NA;NA;NA;NA;NA;NA;NA;NA;NA;NA;NA;NA;NA;NA;NA;NA;NA;1;NA;NA
31;"MG";3115201;"311520";"Conceição da Barra de Minas";"Não";"-";"Motociclistas";NA;NA;NA;NA;NA;NA;NA;NA;NA;NA;NA;1;NA;NA;NA;NA;NA;NA;NA;NA;NA;NA;NA;NA;NA
31;"MG";3115300;"311530";"Cataguases";"Não";"-";"Motociclistas";NA;NA;NA;NA;NA;NA;NA;NA;NA;1;NA;1;1;2;2;2;2;NA;NA;2;NA;3;1;1;NA
31;"MG";3115359;"311535";"Catas Altas";"Não";"-";"Motociclistas";NA;NA;NA;NA;NA;NA;NA;NA;NA;NA;NA;NA;NA;NA;NA;NA;NA;NA;NA;NA;NA;NA;NA;1;NA
31;"MG";3115409;"311540";"Catas Altas da Noruega";"Não";"-";"Motociclistas";NA;NA;NA;NA;NA;NA;NA;NA;NA;NA;NA;NA;NA;NA;1;NA;NA;NA;NA;NA;NA;NA;NA;NA;NA
31;"MG";3115458;"311545";"Catuji";"Não";"-";"Motociclistas";NA;NA;NA;NA;NA;NA;NA;1;NA;1;NA;3;3;1;3;2;1;NA;3;NA;NA;NA;NA;1;NA
31;"MG";3115474;"311547";"Catuti";"Não";"-";"Motociclistas";NA;NA;NA;NA;NA;NA;NA;NA;NA;1;NA;NA;1;NA;NA;NA;NA;NA;NA;NA;NA;NA;NA;NA;NA
31;"MG";3115508;"311550";"Caxambu";"Não";"-";"Motociclistas";NA;NA;NA;NA;NA;NA;NA;NA;NA;NA;NA;NA;1;NA;NA;NA;NA;NA;NA;NA;NA;NA;NA;NA;NA
31;"MG";3115607;"311560";"Cedro do Abaeté";"Não";"-";"Motociclistas";NA;NA;NA;NA;NA;NA;NA;NA;NA;1;NA;NA;NA;NA;NA;NA;NA;NA;NA;NA;NA;NA;NA;NA;NA
31;"MG";3115706;"311570";"Central de Minas";"Não";"-";"Motociclistas";NA;NA;NA;NA;NA;NA;NA;NA;1;NA;NA;NA;NA;NA;NA;NA;1;NA;NA;NA;NA;NA;NA;NA;NA
31;"MG";3115805;"311580";"Centralina";"Não";"-";"Motociclistas";NA;NA;NA;NA;NA;NA;NA;NA;NA;NA;NA;NA;NA;1;NA;NA;NA;NA;NA;NA;NA;NA;1;NA;NA
31;"MG";3115904;"311590";"Chácara";"Não";"-";"Motociclistas";NA;NA;NA;NA;NA;NA;NA;NA;NA;NA;NA;NA;NA;NA;NA;NA;NA;NA;NA;NA;NA;NA;NA;NA;NA
31;"MG";3116001;"311600";"Chalé";"Não";"-";"Motociclistas";NA;NA;NA;NA;NA;NA;NA;NA;NA;NA;NA;NA;NA;NA;1;NA;NA;NA;NA;NA;1;NA;NA;NA;NA
31;"MG";3116100;"311610";"Chapada do Norte";"Não";"-";"Motociclistas";NA;NA;NA;NA;NA;NA;NA;1;NA;NA;1;NA;NA;NA;NA;NA;NA;NA;NA;NA;NA;2;NA;NA;NA
31;"MG";3116159;"311615";"Chapada Gaúcha";"Não";"-";"Motociclistas";NA;NA;NA;NA;NA;NA;NA;NA;NA;NA;NA;NA;NA;1;1;1;NA;NA;NA;NA;NA;1;1;NA;NA
31;"MG";3116209;"311620";"Chiador";"Não";"-";"Motociclistas";NA;NA;NA;NA;NA;NA;NA;NA;NA;NA;NA;NA;NA;NA;NA;NA;NA;NA;NA;NA;NA;NA;NA;NA;NA
31;"MG";3116308;"311630";"Cipotânea";"Não";"-";"Motociclistas";NA;NA;NA;NA;NA;NA;NA;NA;NA;NA;NA;NA;NA;NA;NA;NA;NA;NA;1;NA;NA;NA;NA;NA;NA
31;"MG";3116407;"311640";"Claraval";"Não";"-";"Motociclistas";NA;NA;NA;NA;NA;NA;NA;NA;NA;NA;NA;1;NA;NA;NA;NA;NA;NA;NA;NA;NA;NA;NA;1;NA
31;"MG";3116506;"311650";"Claro dos Poções";"Não";"-";"Motociclistas";NA;NA;NA;NA;NA;1;NA;NA;2;NA;1;NA;NA;NA;NA;NA;NA;NA;1;NA;NA;NA;NA;NA;NA
31;"MG";3116605;"311660";"Cláudio";"Não";"-";"Motociclistas";NA;NA;NA;1;NA;NA;NA;NA;NA;1;1;1;NA;NA;1;NA;NA;NA;1;NA;1;1;NA;NA;NA
31;"MG";3116704;"311670";"Coimbra";"Não";"-";"Motociclistas";NA;NA;NA;NA;NA;NA;NA;NA;NA;NA;NA;1;NA;NA;NA;2;NA;NA;1;1;NA;NA;NA;NA;NA
31;"MG";3116803;"311680";"Coluna";"Não";"-";"Motociclistas";NA;NA;1;NA;NA;NA;NA;NA;NA;NA;1;NA;2;NA;NA;3;3;2;1;1;NA;NA;NA;NA;NA
31;"MG";3117009;"311700";"Comercinho";"Não";"-";"Motociclistas";NA;NA;NA;NA;NA;NA;NA;NA;NA;NA;NA;NA;NA;NA;NA;1;2;NA;NA;1;NA;NA;NA;1;NA
31;"MG";3117108;"311710";"Conceição da Aparecida";"Não";"-";"Motociclistas";NA;NA;NA;1;NA;NA;NA;NA;NA;NA;NA;NA;NA;NA;NA;NA;1;NA;NA;NA;NA;NA;NA;NA;NA
31;"MG";3117207;"311720";"Conceição das Pedras";"Não";"-";"Motociclistas";NA;NA;NA;NA;NA;NA;NA;NA;NA;NA;NA;NA;NA;NA;NA;NA;NA;NA;NA;NA;NA;NA;NA;NA;NA
31;"MG";3117306;"311730";"Conceição das Alagoas";"Não";"-";"Motociclistas";NA;NA;NA;NA;NA;NA;NA;NA;2;NA;NA;NA;NA;1;NA;NA;1;NA;NA;NA;NA;NA;NA;NA;NA
31;"MG";3117405;"311740";"Conceição de Ipanema";"Não";"-";"Motociclistas";NA;NA;NA;NA;NA;NA;NA;NA;NA;NA;NA;NA;NA;NA;NA;NA;NA;NA;NA;1;NA;1;NA;NA;NA
31;"MG";3117504;"311750";"Conceição do Mato Dentro";"Não";"-";"Motociclistas";NA;NA;NA;NA;NA;NA;NA;NA;NA;NA;NA;NA;NA;NA;NA;NA;NA;3;1;NA;NA;NA;1;NA;NA
31;"MG";3117603;"311760";"Conceição do Pará";"Não";"-";"Motociclistas";NA;NA;NA;NA;NA;NA;NA;NA;NA;NA;NA;NA;NA;NA;NA;NA;NA;1;NA;2;NA;NA;NA;NA;NA
31;"MG";3117702;"311770";"Conceição do Rio Verde";"Não";"-";"Motociclistas";NA;NA;NA;NA;NA;NA;NA;NA;NA;NA;NA;NA;NA;NA;NA;NA;NA;NA;NA;NA;NA;NA;NA;NA;NA
31;"MG";3117801;"311780";"Conceição dos Ouros";"Não";"-";"Motociclistas";NA;NA;NA;NA;NA;NA;NA;NA;NA;NA;NA;NA;NA;NA;NA;NA;NA;NA;NA;2;NA;NA;NA;1;NA
31;"MG";3117836;"311783";"Cônego Marinho";"Não";"-";"Motociclistas";NA;NA;NA;NA;NA;NA;NA;NA;NA;NA;NA;NA;1;NA;NA;NA;NA;NA;NA;1;1;NA;1;NA;NA
31;"MG";3117876;"311787";"Confins";"Não";"Região Metropolitana de Belo Horizonte";"Motociclistas";NA;NA;NA;NA;NA;NA;NA;NA;NA;NA;NA;NA;NA;NA;NA;NA;NA;NA;NA;NA;NA;NA;NA;NA;NA
31;"MG";3117900;"311790";"Congonhal";"Não";"-";"Motociclistas";NA;NA;NA;NA;NA;NA;NA;NA;NA;NA;NA;NA;NA;NA;NA;NA;NA;NA;NA;NA;NA;NA;NA;NA;NA
31;"MG";3118007;"311800";"Congonhas";"Não";"-";"Motociclistas";NA;NA;NA;1;NA;NA;NA;1;1;NA;NA;NA;1;2;NA;1;NA;1;2;1;NA;NA;NA;NA;NA
31;"MG";3118106;"311810";"Congonhas do Norte";"Não";"-";"Motociclistas";NA;NA;NA;NA;NA;NA;NA;NA;NA;NA;NA;NA;NA;NA;NA;NA;NA;NA;NA;NA;NA;NA;NA;3;NA
31;"MG";3118205;"311820";"Conquista";"Não";"-";"Motociclistas";NA;NA;NA;NA;NA;NA;NA;NA;NA;NA;NA;NA;NA;NA;NA;NA;NA;NA;NA;NA;NA;NA;NA;NA;NA
31;"MG";3118304;"311830";"Conselheiro Lafaiete";"Não";"-";"Motociclistas";NA;NA;NA;NA;NA;NA;NA;NA;1;NA;NA;1;NA;2;1;NA;NA;1;NA;NA;NA;1;NA;2;NA
31;"MG";3118403;"311840";"Conselheiro Pena";"Não";"-";"Motociclistas";NA;NA;NA;NA;1;NA;1;NA;NA;NA;NA;1;NA;1;1;1;2;NA;NA;NA;1;2;NA;1;NA
31;"MG";3118601;"311860";"Contagem";"Não";"Região Metropolitana de Belo Horizonte";"Motociclistas";1;5;2;1;5;8;9;4;6;13;5;5;11;6;9;14;14;10;11;9;13;9;18;19;NA
31;"MG";3118809;"311880";"Coração de Jesus";"Não";"-";"Motociclistas";NA;NA;NA;NA;NA;NA;2;NA;NA;NA;NA;NA;NA;NA;NA;NA;NA;NA;NA;1;1;NA;1;1;NA
31;"MG";3118908;"311890";"Cordisburgo";"Não";"-";"Motociclistas";NA;NA;NA;NA;NA;NA;NA;NA;NA;NA;2;NA;NA;NA;NA;NA;NA;NA;NA;NA;NA;NA;NA;NA;NA
31;"MG";3119104;"311910";"Corinto";"Não";"-";"Motociclistas";NA;NA;NA;NA;1;NA;1;1;1;2;1;2;1;NA;2;NA;NA;2;1;NA;1;1;NA;NA;NA
31;"MG";3119203;"311920";"Coroaci";"Não";"-";"Motociclistas";NA;NA;NA;NA;NA;NA;NA;NA;NA;NA;NA;NA;NA;NA;NA;NA;NA;NA;NA;NA;NA;NA;NA;1;NA
31;"MG";3119302;"311930";"Coromandel";"Não";"-";"Motociclistas";NA;NA;NA;NA;NA;NA;NA;NA;NA;NA;NA;1;NA;NA;NA;NA;NA;NA;NA;NA;NA;NA;NA;1;NA
31;"MG";3119401;"311940";"Coronel Fabriciano";"Não";"Região Metropolitana do Vale do Aço";"Motociclistas";1;NA;NA;NA;NA;NA;NA;NA;NA;1;NA;NA;1;NA;NA;1;NA;NA;1;1;2;1;1;3;NA
31;"MG";3119500;"311950";"Coronel Murta";"Não";"-";"Motociclistas";NA;NA;NA;NA;NA;NA;NA;1;NA;NA;NA;NA;NA;1;1;1;NA;NA;1;NA;NA;NA;NA;1;NA
31;"MG";3119609;"311960";"Coronel Pacheco";"Não";"-";"Motociclistas";NA;NA;NA;NA;NA;NA;NA;NA;NA;NA;NA;NA;NA;NA;1;NA;1;NA;NA;NA;NA;NA;NA;NA;NA
31;"MG";3119708;"311970";"Coronel Xavier Chaves";"Não";"-";"Motociclistas";NA;NA;NA;NA;NA;NA;NA;NA;1;NA;NA;NA;NA;NA;NA;NA;NA;NA;NA;NA;NA;1;NA;NA;NA
31;"MG";3119807;"311980";"Córrego Danta";"Não";"-";"Motociclistas";NA;NA;NA;NA;NA;NA;NA;NA;NA;NA;NA;NA;NA;NA;NA;NA;NA;NA;NA;NA;NA;1;NA;NA;NA
31;"MG";3119955;"311995";"Córrego Fundo";"Não";"-";"Motociclistas";NA;NA;NA;NA;NA;NA;NA;NA;NA;NA;NA;1;NA;NA;NA;NA;NA;NA;NA;NA;NA;NA;NA;NA;NA
31;"MG";3120003;"312000";"Córrego Novo";"Não";"Colar Metropolitano";"Motociclistas";NA;NA;NA;NA;NA;NA;NA;NA;NA;NA;NA;NA;NA;NA;NA;NA;NA;NA;NA;NA;NA;NA;NA;1;NA
31;"MG";3120102;"312010";"Couto de Magalhães de Minas";"Não";"-";"Motociclistas";NA;NA;NA;NA;NA;NA;NA;1;1;NA;NA;NA;NA;NA;1;NA;NA;NA;NA;NA;NA;NA;NA;NA;NA
31;"MG";3120151;"312015";"Crisólita";"Não";"-";"Motociclistas";NA;NA;NA;NA;NA;NA;NA;NA;NA;NA;NA;NA;2;NA;NA;1;NA;NA;NA;NA;NA;NA;NA;NA;NA
31;"MG";3120201;"312020";"Cristais";"Não";"-";"Motociclistas";NA;NA;NA;NA;1;NA;NA;NA;NA;NA;1;NA;NA;NA;NA;NA;NA;NA;NA;NA;NA;NA;NA;NA;NA
31;"MG";3120300;"312030";"Cristália";"Não";"-";"Motociclistas";NA;NA;NA;NA;NA;NA;NA;NA;NA;1;NA;NA;NA;NA;NA;NA;NA;NA;NA;NA;NA;NA;NA;NA;NA
31;"MG";3120409;"312040";"Cristiano Otoni";"Não";"-";"Motociclistas";NA;NA;NA;NA;NA;NA;NA;NA;NA;NA;NA;NA;NA;NA;NA;NA;NA;NA;NA;NA;NA;NA;NA;NA;NA
31;"MG";3120508;"312050";"Cristina";"Não";"-";"Motociclistas";NA;NA;1;NA;NA;NA;NA;NA;NA;NA;NA;NA;NA;NA;NA;NA;NA;NA;NA;NA;NA;NA;NA;NA;NA
31;"MG";3120607;"312060";"Crucilândia";"Não";"-";"Motociclistas";NA;NA;NA;NA;NA;NA;NA;NA;1;NA;NA;NA;NA;NA;NA;NA;NA;NA;NA;NA;NA;NA;NA;NA;NA
31;"MG";3120706;"312070";"Cruzeiro da Fortaleza";"Não";"-";"Motociclistas";NA;NA;NA;NA;NA;NA;NA;NA;NA;NA;NA;1;NA;NA;NA;NA;NA;NA;1;1;NA;NA;NA;NA;NA
31;"MG";3120805;"312080";"Cruzília";"Não";"-";"Motociclistas";NA;NA;NA;NA;NA;NA;NA;NA;NA;NA;NA;NA;NA;NA;NA;1;NA;NA;NA;NA;NA;1;NA;NA;NA
31;"MG";3120870;"312087";"Curral de Dentro";"Não";"-";"Motociclistas";NA;NA;NA;NA;NA;NA;NA;NA;NA;NA;NA;NA;NA;NA;NA;NA;NA;1;NA;NA;NA;1;NA;NA;NA
31;"MG";3120904;"312090";"Curvelo";"Não";"-";"Motociclistas";NA;NA;NA;NA;1;2;2;1;1;2;NA;3;NA;5;4;4;3;6;2;2;3;7;5;4;NA
31;"MG";3121001;"312100";"Datas";"Não";"-";"Motociclistas";NA;NA;NA;NA;NA;NA;NA;NA;NA;1;NA;NA;NA;NA;NA;NA;1;NA;NA;NA;NA;NA;NA;NA;NA
31;"MG";3121100;"312110";"Delfim Moreira";"Não";"-";"Motociclistas";NA;NA;NA;NA;NA;NA;NA;NA;NA;NA;NA;NA;NA;NA;NA;NA;NA;NA;NA;NA;NA;NA;NA;NA;NA
31;"MG";3121209;"312120";"Delfinópolis";"Não";"-";"Motociclistas";NA;NA;NA;NA;NA;NA;NA;NA;NA;NA;NA;NA;NA;NA;NA;NA;1;NA;NA;NA;1;NA;NA;NA;NA
31;"MG";3121258;"312125";"Delta";"Não";"-";"Motociclistas";NA;NA;NA;NA;NA;NA;NA;NA;NA;NA;NA;NA;1;NA;NA;NA;NA;NA;NA;NA;NA;NA;NA;NA;NA
31;"MG";3121308;"312130";"Descoberto";"Não";"-";"Motociclistas";NA;NA;NA;NA;NA;NA;NA;NA;NA;NA;NA;NA;NA;NA;NA;NA;NA;NA;NA;NA;NA;NA;NA;NA;NA
31;"MG";3121407;"312140";"Desterro de Entre Rios";"Não";"-";"Motociclistas";NA;NA;NA;NA;NA;NA;NA;NA;NA;NA;NA;NA;NA;NA;NA;NA;1;NA;1;NA;NA;NA;NA;NA;NA
31;"MG";3121506;"312150";"Desterro do Melo";"Não";"-";"Motociclistas";NA;1;NA;NA;NA;NA;NA;NA;NA;NA;NA;NA;NA;NA;NA;NA;NA;NA;NA;NA;NA;NA;NA;1;NA
31;"MG";3121605;"312160";"Diamantina";"Não";"-";"Motociclistas";NA;NA;NA;NA;NA;1;3;2;2;6;3;3;3;2;10;4;3;6;8;5;3;3;2;4;NA
31;"MG";3121803;"312180";"Dionísio";"Não";"Colar Metropolitano";"Motociclistas";NA;NA;NA;NA;NA;NA;NA;NA;NA;NA;NA;NA;NA;NA;NA;NA;NA;NA;1;NA;NA;NA;NA;NA;NA
31;"MG";3121902;"312190";"Divinésia";"Não";"-";"Motociclistas";NA;NA;NA;NA;NA;NA;1;NA;NA;NA;NA;NA;NA;NA;NA;NA;1;NA;NA;NA;NA;NA;NA;NA;NA
31;"MG";3122009;"312200";"Divino";"Não";"-";"Motociclistas";NA;NA;NA;NA;NA;NA;NA;NA;NA;NA;NA;NA;NA;NA;NA;NA;1;3;NA;2;NA;NA;NA;NA;NA
31;"MG";3122108;"312210";"Divino das Laranjeiras";"Não";"-";"Motociclistas";NA;NA;NA;NA;NA;NA;NA;NA;NA;NA;NA;NA;NA;NA;NA;NA;1;1;NA;NA;NA;NA;NA;NA;NA
31;"MG";3122207;"312220";"Divinolândia de Minas";"Não";"-";"Motociclistas";NA;NA;NA;NA;NA;NA;NA;NA;NA;NA;NA;1;NA;NA;NA;NA;NA;NA;NA;NA;NA;NA;NA;NA;NA
31;"MG";3122306;"312230";"Divinópolis";"Não";"-";"Motociclistas";NA;NA;1;2;2;1;NA;3;NA;NA;1;6;3;2;4;5;2;5;6;4;1;4;7;7;NA
31;"MG";3122355;"312235";"Divisa Alegre";"Não";"-";"Motociclistas";NA;NA;NA;NA;NA;NA;NA;NA;1;NA;NA;NA;NA;NA;NA;NA;NA;NA;NA;NA;NA;NA;NA;NA;NA
31;"MG";3122405;"312240";"Divisa Nova";"Não";"-";"Motociclistas";NA;NA;NA;NA;NA;NA;NA;NA;NA;NA;NA;NA;NA;NA;NA;NA;NA;NA;NA;NA;NA;NA;NA;NA;NA
31;"MG";3122454;"312245";"Divisópolis";"Não";"-";"Motociclistas";NA;NA;NA;NA;NA;NA;NA;NA;NA;NA;NA;NA;1;NA;1;NA;NA;NA;NA;NA;NA;1;NA;NA;NA
31;"MG";3122470;"312247";"Dom Bosco";"Não";"-";"Motociclistas";NA;NA;NA;NA;NA;NA;NA;NA;NA;NA;NA;NA;NA;1;NA;NA;NA;NA;NA;NA;NA;NA;NA;NA;NA
31;"MG";3122504;"312250";"Dom Cavati";"Não";"Colar Metropolitano";"Motociclistas";NA;NA;NA;NA;NA;NA;NA;NA;NA;NA;NA;1;NA;1;NA;NA;NA;NA;NA;NA;NA;1;NA;NA;NA
31;"MG";3122603;"312260";"Dom Joaquim";"Não";"-";"Motociclistas";NA;NA;NA;NA;NA;NA;NA;NA;NA;NA;NA;NA;NA;NA;NA;NA;NA;NA;NA;NA;NA;1;NA;NA;NA
31;"MG";3122702;"312270";"Dom Silvério";"Não";"-";"Motociclistas";NA;NA;NA;NA;NA;NA;NA;NA;NA;NA;NA;NA;NA;1;NA;NA;NA;NA;NA;NA;NA;NA;NA;NA;NA
31;"MG";3122801;"312280";"Dom Viçoso";"Não";"-";"Motociclistas";NA;NA;NA;NA;NA;NA;NA;NA;NA;NA;NA;NA;NA;NA;NA;NA;NA;NA;NA;NA;NA;NA;NA;NA;NA
31;"MG";3122900;"312290";"Dona Euzébia";"Não";"-";"Motociclistas";NA;NA;NA;NA;NA;NA;NA;NA;NA;NA;NA;NA;NA;NA;NA;NA;NA;NA;NA;NA;NA;NA;1;NA;NA
31;"MG";3123007;"312300";"Dores de Campos";"Não";"-";"Motociclistas";NA;NA;NA;NA;NA;NA;NA;NA;NA;NA;NA;NA;2;NA;NA;NA;NA;NA;NA;NA;NA;NA;NA;NA;NA
31;"MG";3123106;"312310";"Dores de Guanhães";"Não";"-";"Motociclistas";NA;NA;NA;NA;NA;NA;NA;NA;NA;NA;NA;NA;NA;NA;1;NA;1;NA;NA;NA;NA;NA;NA;NA;NA
31;"MG";3123205;"312320";"Dores do Indaiá";"Não";"-";"Motociclistas";NA;NA;NA;NA;NA;1;NA;1;NA;NA;NA;NA;1;NA;1;NA;NA;NA;NA;NA;NA;NA;NA;NA;NA
31;"MG";3123304;"312330";"Dores do Turvo";"Não";"-";"Motociclistas";NA;NA;NA;NA;NA;NA;NA;NA;NA;NA;NA;1;NA;NA;NA;NA;NA;NA;NA;NA;NA;NA;NA;NA;NA
31;"MG";3123502;"312350";"Douradoquara";"Não";"-";"Motociclistas";NA;NA;NA;NA;NA;NA;NA;NA;NA;NA;NA;NA;NA;NA;NA;NA;NA;NA;NA;NA;NA;NA;NA;NA;NA
31;"MG";3123528;"312352";"Durandé";"Não";"-";"Motociclistas";NA;NA;NA;NA;NA;NA;NA;NA;NA;NA;NA;NA;NA;NA;NA;NA;NA;NA;NA;NA;NA;NA;1;NA;NA
31;"MG";3123601;"312360";"Elói Mendes";"Não";"-";"Motociclistas";NA;NA;NA;NA;NA;NA;NA;NA;NA;NA;NA;NA;NA;NA;NA;NA;NA;NA;NA;NA;NA;NA;NA;NA;NA
31;"MG";3123700;"312370";"Engenheiro Caldas";"Não";"-";"Motociclistas";NA;NA;NA;NA;NA;NA;NA;NA;1;1;NA;NA;NA;2;NA;1;NA;2;1;1;NA;1;1;NA;NA
31;"MG";3123858;"312385";"Entre Folhas";"Não";"Colar Metropolitano";"Motociclistas";NA;NA;NA;NA;NA;NA;NA;NA;NA;NA;NA;NA;NA;NA;NA;NA;NA;NA;NA;NA;1;NA;NA;NA;NA
31;"MG";3123908;"312390";"Entre Rios de Minas";"Não";"-";"Motociclistas";NA;NA;NA;NA;NA;NA;NA;NA;NA;NA;NA;NA;NA;1;NA;NA;1;NA;NA;NA;NA;NA;NA;NA;NA
31;"MG";3124005;"312400";"Ervália";"Não";"-";"Motociclistas";NA;NA;NA;NA;NA;NA;NA;NA;1;NA;NA;NA;NA;NA;NA;NA;NA;1;NA;NA;1;NA;1;1;NA
31;"MG";3124104;"312410";"Esmeraldas";"Não";"Região Metropolitana de Belo Horizonte";"Motociclistas";NA;NA;NA;NA;NA;NA;NA;NA;NA;NA;1;NA;NA;NA;NA;NA;NA;2;NA;NA;NA;NA;1;1;NA
31;"MG";3124203;"312420";"Espera Feliz";"Não";"-";"Motociclistas";NA;NA;NA;NA;NA;NA;1;NA;NA;NA;NA;NA;2;1;NA;NA;1;NA;NA;1;NA;1;NA;NA;NA
31;"MG";3124302;"312430";"Espinosa";"Não";"-";"Motociclistas";NA;NA;NA;NA;NA;2;1;2;NA;NA;2;2;1;NA;NA;NA;2;NA;NA;1;1;NA;NA;1;NA
31;"MG";3124500;"312450";"Estiva";"Não";"-";"Motociclistas";NA;NA;NA;NA;NA;NA;NA;NA;NA;NA;NA;NA;NA;NA;NA;NA;NA;NA;NA;NA;1;NA;NA;1;NA
31;"MG";3124609;"312460";"Estrela Dalva";"Não";"-";"Motociclistas";NA;NA;NA;NA;NA;NA;NA;NA;NA;NA;NA;NA;NA;NA;NA;NA;NA;NA;NA;NA;NA;NA;NA;1;NA
31;"MG";3124708;"312470";"Estrela do Indaiá";"Não";"-";"Motociclistas";NA;NA;NA;NA;NA;NA;NA;NA;NA;NA;NA;NA;NA;NA;NA;NA;NA;NA;NA;NA;NA;NA;NA;NA;NA
31;"MG";3124807;"312480";"Estrela do Sul";"Não";"-";"Motociclistas";NA;NA;NA;NA;NA;NA;NA;NA;NA;NA;NA;NA;NA;NA;NA;NA;NA;NA;NA;NA;NA;NA;NA;NA;NA
31;"MG";3124906;"312490";"Eugenópolis";"Não";"-";"Motociclistas";NA;NA;1;NA;NA;NA;NA;NA;NA;NA;NA;NA;NA;NA;NA;NA;NA;NA;NA;NA;NA;NA;NA;NA;NA
31;"MG";3125002;"312500";"Ewbank da Câmara";"Não";"-";"Motociclistas";NA;NA;NA;NA;NA;NA;1;NA;NA;NA;NA;NA;NA;NA;NA;NA;NA;NA;NA;NA;1;NA;NA;NA;NA
31;"MG";3125101;"312510";"Extrema";"Não";"-";"Motociclistas";NA;NA;NA;NA;NA;NA;NA;NA;NA;NA;NA;1;NA;NA;NA;NA;NA;NA;NA;NA;1;NA;NA;NA;NA
31;"MG";3125408;"312540";"Felício dos Santos";"Não";"-";"Motociclistas";NA;NA;NA;NA;NA;NA;NA;NA;NA;NA;NA;NA;1;NA;NA;NA;NA;NA;NA;NA;NA;NA;NA;NA;NA
31;"MG";3125507;"312550";"São Gonçalo do Rio Preto";"Não";"-";"Motociclistas";NA;NA;NA;NA;NA;NA;NA;NA;NA;NA;NA;NA;NA;1;NA;NA;NA;NA;NA;1;NA;NA;NA;NA;NA
31;"MG";3125606;"312560";"Felisburgo";"Não";"-";"Motociclistas";NA;NA;NA;NA;NA;NA;NA;NA;NA;NA;NA;1;NA;1;NA;2;NA;NA;NA;1;1;NA;NA;NA;NA
31;"MG";3125705;"312570";"Felixlândia";"Não";"-";"Motociclistas";NA;NA;NA;NA;NA;NA;NA;1;NA;NA;NA;NA;1;NA;NA;NA;NA;1;1;1;NA;NA;NA;NA;NA
31;"MG";3125804;"312580";"Fernandes Tourinho";"Não";"-";"Motociclistas";NA;NA;NA;NA;NA;NA;NA;NA;NA;NA;NA;NA;NA;NA;NA;NA;1;NA;NA;NA;NA;NA;NA;NA;NA
31;"MG";3125903;"312590";"Ferros";"Não";"-";"Motociclistas";NA;NA;NA;NA;NA;NA;NA;NA;NA;NA;1;NA;NA;NA;NA;1;1;NA;1;1;NA;NA;NA;NA;NA
31;"MG";3125952;"312595";"Fervedouro";"Não";"-";"Motociclistas";NA;NA;NA;NA;NA;NA;NA;NA;NA;NA;NA;NA;NA;NA;NA;NA;1;NA;NA;1;NA;NA;NA;1;NA
31;"MG";3126000;"312600";"Florestal";"Não";"Região Metropolitana de Belo Horizonte";"Motociclistas";NA;NA;NA;NA;NA;NA;NA;NA;NA;NA;NA;NA;NA;NA;NA;1;NA;NA;NA;NA;NA;NA;1;NA;NA
31;"MG";3126109;"312610";"Formiga";"Não";"-";"Motociclistas";NA;NA;NA;NA;NA;NA;NA;NA;NA;NA;1;NA;NA;1;1;NA;NA;NA;NA;1;1;2;3;1;NA
31;"MG";3126208;"312620";"Formoso";"Não";"-";"Motociclistas";NA;NA;NA;NA;NA;NA;NA;NA;NA;NA;NA;NA;NA;1;1;NA;NA;NA;NA;NA;1;NA;1;1;NA
31;"MG";3126307;"312630";"Fortaleza de Minas";"Não";"-";"Motociclistas";NA;NA;NA;NA;NA;NA;NA;NA;NA;NA;NA;NA;NA;NA;NA;NA;NA;NA;NA;NA;NA;NA;NA;NA;NA
31;"MG";3126406;"312640";"Fortuna de Minas";"Não";"Colar Metropolitano de Belo Horizonte";"Motociclistas";NA;NA;NA;NA;NA;1;NA;NA;NA;NA;NA;NA;NA;NA;NA;NA;NA;NA;NA;1;NA;NA;NA;NA;NA
31;"MG";3126505;"312650";"Francisco Badaró";"Não";"-";"Motociclistas";NA;NA;NA;NA;NA;NA;NA;NA;NA;NA;1;NA;NA;NA;1;NA;NA;1;NA;NA;NA;2;NA;1;NA
31;"MG";3126604;"312660";"Francisco Dumont";"Não";"-";"Motociclistas";NA;NA;1;NA;NA;NA;NA;NA;NA;NA;NA;NA;1;NA;NA;NA;NA;NA;NA;1;NA;NA;NA;NA;NA
31;"MG";3126703;"312670";"Francisco Sá";"Não";"-";"Motociclistas";NA;NA;NA;NA;NA;1;NA;NA;NA;NA;NA;NA;NA;NA;2;1;NA;NA;2;1;NA;NA;NA;1;NA
31;"MG";3126752;"312675";"Franciscópolis";"Não";"-";"Motociclistas";NA;NA;NA;NA;NA;NA;NA;NA;1;NA;NA;NA;NA;NA;NA;NA;NA;NA;NA;NA;NA;NA;NA;NA;NA
31;"MG";3126802;"312680";"Frei Gaspar";"Não";"-";"Motociclistas";NA;NA;NA;NA;NA;NA;NA;NA;1;NA;NA;2;NA;NA;NA;NA;NA;NA;NA;NA;NA;NA;NA;NA;NA
31;"MG";3126901;"312690";"Frei Inocêncio";"Não";"-";"Motociclistas";NA;NA;NA;NA;NA;1;NA;NA;NA;NA;NA;NA;1;NA;1;NA;1;NA;NA;NA;NA;NA;1;NA;NA
31;"MG";3126950;"312695";"Frei Lagonegro";"Não";"-";"Motociclistas";NA;NA;NA;NA;NA;NA;NA;NA;NA;NA;NA;NA;NA;NA;1;1;NA;NA;NA;NA;NA;NA;NA;NA;NA
31;"MG";3127008;"312700";"Fronteira";"Não";"-";"Motociclistas";NA;NA;NA;NA;NA;NA;NA;NA;NA;NA;NA;NA;NA;NA;NA;NA;NA;NA;NA;1;NA;1;1;1;NA
31;"MG";3127057;"312705";"Fronteira dos Vales";"Não";"-";"Motociclistas";NA;NA;NA;NA;NA;NA;NA;NA;NA;NA;NA;NA;NA;NA;NA;1;NA;NA;1;NA;NA;NA;NA;NA;NA
31;"MG";3127073;"312707";"Fruta de Leite";"Não";"-";"Motociclistas";NA;NA;NA;NA;NA;NA;NA;NA;NA;NA;NA;1;NA;NA;NA;NA;NA;1;NA;NA;NA;NA;NA;NA;NA
31;"MG";3127107;"312710";"Frutal";"Não";"-";"Motociclistas";NA;NA;NA;NA;NA;NA;NA;NA;NA;NA;NA;NA;NA;NA;NA;3;NA;2;3;1;1;NA;2;2;NA
31;"MG";3127206;"312720";"Funilândia";"Não";"Colar Metropolitano de Belo Horizonte";"Motociclistas";NA;NA;NA;NA;NA;NA;NA;NA;NA;1;NA;1;NA;NA;NA;NA;NA;NA;NA;1;NA;NA;NA;NA;NA
31;"MG";3127305;"312730";"Galiléia";"Não";"-";"Motociclistas";NA;1;NA;NA;NA;1;NA;NA;1;NA;NA;NA;NA;NA;NA;NA;NA;NA;NA;NA;NA;1;NA;NA;NA
31;"MG";3127339;"312733";"Gameleiras";"Não";"-";"Motociclistas";NA;NA;NA;NA;NA;NA;NA;NA;NA;NA;NA;2;NA;NA;1;1;1;1;NA;NA;NA;NA;1;1;NA
31;"MG";3127370;"312737";"Goiabeira";"Não";"-";"Motociclistas";NA;NA;NA;NA;NA;NA;NA;NA;NA;NA;NA;NA;NA;NA;NA;NA;NA;NA;NA;1;NA;NA;NA;NA;NA
31;"MG";3127404;"312740";"Gonçalves";"Não";"-";"Motociclistas";NA;NA;NA;NA;NA;NA;NA;NA;NA;NA;NA;NA;NA;NA;NA;NA;NA;NA;NA;NA;NA;NA;NA;NA;NA
31;"MG";3127503;"312750";"Gonzaga";"Não";"-";"Motociclistas";NA;NA;NA;NA;NA;NA;NA;NA;1;NA;NA;NA;NA;1;1;NA;1;NA;NA;NA;NA;NA;NA;2;NA
31;"MG";3127602;"312760";"Gouveia";"Não";"-";"Motociclistas";NA;NA;NA;NA;NA;NA;NA;NA;NA;1;NA;NA;NA;NA;NA;NA;NA;NA;NA;NA;1;NA;1;NA;NA
31;"MG";3127701;"312770";"Governador Valadares";"Não";"-";"Motociclistas";NA;NA;2;8;14;16;6;15;16;10;2;6;16;17;23;32;30;23;19;31;28;26;26;29;NA
31;"MG";3127800;"312780";"Grão Mogol";"Não";"-";"Motociclistas";NA;NA;NA;NA;NA;NA;3;1;NA;NA;NA;NA;NA;1;NA;NA;1;NA;1;1;NA;1;1;2;NA
31;"MG";3127909;"312790";"Grupiara";"Não";"-";"Motociclistas";NA;NA;1;NA;NA;NA;NA;NA;NA;NA;NA;NA;NA;NA;NA;NA;NA;NA;NA;NA;NA;NA;NA;NA;NA
31;"MG";3128006;"312800";"Guanhães";"Não";"-";"Motociclistas";NA;NA;NA;NA;NA;NA;NA;1;NA;2;4;1;NA;1;1;4;1;3;3;3;2;NA;NA;2;NA
31;"MG";3128105;"312810";"Guapé";"Não";"-";"Motociclistas";NA;NA;NA;NA;NA;NA;NA;NA;NA;NA;NA;NA;NA;NA;NA;NA;NA;NA;NA;NA;NA;NA;NA;NA;NA
31;"MG";3128204;"312820";"Guaraciaba";"Não";"-";"Motociclistas";NA;NA;NA;NA;NA;NA;NA;NA;1;NA;NA;NA;NA;1;NA;NA;NA;NA;NA;1;NA;NA;NA;NA;NA
31;"MG";3128253;"312825";"Guaraciama";"Não";"-";"Motociclistas";NA;NA;NA;NA;NA;NA;NA;NA;NA;NA;NA;NA;NA;NA;1;NA;NA;NA;NA;NA;1;NA;NA;NA;NA
31;"MG";3128303;"312830";"Guaranésia";"Não";"-";"Motociclistas";NA;NA;NA;NA;NA;NA;NA;2;NA;NA;NA;NA;NA;NA;NA;1;1;NA;NA;NA;1;NA;NA;NA;NA
31;"MG";3128402;"312840";"Guarani";"Não";"-";"Motociclistas";NA;NA;NA;NA;NA;NA;NA;NA;NA;NA;NA;NA;NA;NA;NA;NA;NA;NA;NA;NA;NA;1;NA;NA;NA
31;"MG";3128501;"312850";"Guarará";"Não";"-";"Motociclistas";NA;NA;NA;NA;NA;NA;NA;NA;NA;NA;NA;NA;NA;NA;NA;NA;NA;1;NA;NA;NA;NA;NA;NA;NA
31;"MG";3128600;"312860";"Guarda-Mor";"Não";"-";"Motociclistas";NA;NA;NA;NA;NA;NA;1;NA;NA;NA;NA;NA;NA;NA;NA;NA;NA;NA;NA;NA;NA;1;NA;NA;NA
31;"MG";3128709;"312870";"Guaxupé";"Não";"-";"Motociclistas";NA;NA;NA;NA;NA;NA;NA;NA;NA;NA;NA;2;NA;NA;NA;NA;NA;1;NA;1;1;1;3;2;NA
31;"MG";3128808;"312880";"Guidoval";"Não";"-";"Motociclistas";NA;NA;NA;NA;NA;NA;NA;NA;NA;NA;NA;NA;NA;NA;NA;NA;NA;NA;NA;NA;NA;NA;2;NA;NA
31;"MG";3128907;"312890";"Guimarânia";"Não";"-";"Motociclistas";NA;NA;NA;NA;NA;NA;NA;NA;NA;NA;NA;1;1;NA;NA;NA;NA;1;NA;NA;NA;NA;NA;NA;NA
31;"MG";3129004;"312900";"Guiricema";"Não";"-";"Motociclistas";NA;NA;NA;NA;NA;NA;NA;NA;NA;NA;NA;NA;NA;NA;NA;NA;NA;NA;NA;NA;NA;NA;NA;1;NA
31;"MG";3129103;"312910";"Gurinhatã";"Não";"-";"Motociclistas";NA;NA;NA;NA;NA;NA;NA;NA;NA;NA;NA;NA;NA;NA;NA;NA;NA;NA;NA;NA;NA;NA;NA;NA;NA
31;"MG";3129202;"312920";"Heliodora";"Não";"-";"Motociclistas";NA;NA;NA;NA;NA;NA;NA;NA;NA;NA;NA;NA;NA;NA;NA;NA;NA;NA;NA;NA;NA;NA;NA;NA;NA
31;"MG";3129301;"312930";"Iapu";"Não";"Colar Metropolitano";"Motociclistas";NA;NA;NA;NA;NA;NA;NA;NA;NA;NA;NA;NA;NA;NA;NA;NA;NA;NA;NA;NA;1;NA;NA;NA;NA
31;"MG";3129400;"312940";"Ibertioga";"Não";"-";"Motociclistas";NA;NA;NA;NA;NA;NA;NA;NA;NA;NA;NA;NA;NA;NA;1;NA;NA;NA;NA;NA;NA;NA;NA;NA;NA
31;"MG";3129509;"312950";"Ibiá";"Não";"-";"Motociclistas";NA;NA;NA;NA;NA;NA;NA;NA;1;2;NA;NA;NA;1;NA;NA;NA;2;1;NA;2;1;NA;NA;NA
31;"MG";3129608;"312960";"Ibiaí";"Não";"-";"Motociclistas";NA;NA;NA;NA;NA;NA;NA;NA;1;NA;NA;NA;NA;NA;NA;NA;NA;NA;NA;NA;NA;NA;NA;NA;NA
31;"MG";3129707;"312970";"Ibiraci";"Não";"-";"Motociclistas";NA;NA;NA;NA;NA;NA;NA;NA;NA;NA;NA;NA;NA;NA;NA;NA;NA;1;NA;NA;NA;NA;NA;NA;NA
31;"MG";3129806;"312980";"Ibirité";"Não";"Região Metropolitana de Belo Horizonte";"Motociclistas";NA;NA;NA;NA;NA;NA;NA;1;NA;NA;NA;1;2;1;1;1;1;NA;NA;1;1;NA;NA;1;NA
31;"MG";3129905;"312990";"Ibitiúra de Minas";"Não";"-";"Motociclistas";NA;NA;NA;NA;NA;NA;NA;NA;NA;NA;NA;NA;NA;NA;NA;NA;NA;NA;NA;NA;NA;NA;NA;NA;NA
31;"MG";3130002;"313000";"Ibituruna";"Não";"-";"Motociclistas";NA;NA;NA;NA;NA;NA;NA;NA;NA;NA;NA;NA;NA;NA;NA;NA;NA;NA;NA;NA;NA;NA;NA;NA;NA
31;"MG";3130051;"313005";"Icaraí de Minas";"Não";"-";"Motociclistas";NA;NA;NA;NA;NA;NA;NA;NA;NA;NA;NA;NA;1;NA;NA;NA;1;1;NA;NA;NA;NA;1;NA;NA
31;"MG";3130101;"313010";"Igarapé";"Não";"Região Metropolitana de Belo Horizonte";"Motociclistas";NA;NA;NA;NA;NA;NA;NA;NA;NA;NA;NA;NA;NA;NA;NA;NA;NA;1;1;NA;NA;NA;NA;NA;NA
31;"MG";3130200;"313020";"Igaratinga";"Não";"-";"Motociclistas";NA;NA;NA;NA;NA;NA;NA;NA;NA;NA;1;2;NA;NA;NA;NA;NA;NA;NA;NA;1;NA;NA;NA;NA
31;"MG";3130309;"313030";"Iguatama";"Não";"-";"Motociclistas";NA;NA;NA;NA;NA;NA;NA;NA;NA;NA;NA;1;NA;NA;NA;NA;NA;NA;NA;NA;NA;NA;NA;NA;NA
31;"MG";3130408;"313040";"Ijaci";"Não";"-";"Motociclistas";NA;NA;NA;NA;NA;NA;NA;NA;NA;NA;NA;NA;NA;NA;NA;1;NA;NA;NA;NA;1;NA;NA;NA;NA
31;"MG";3130507;"313050";"Ilicínea";"Não";"-";"Motociclistas";NA;NA;NA;NA;NA;NA;NA;NA;NA;NA;NA;NA;NA;NA;NA;NA;NA;1;NA;NA;NA;NA;NA;NA;NA
31;"MG";3130556;"313055";"Imbé de Minas";"Não";"-";"Motociclistas";NA;NA;NA;NA;NA;NA;NA;NA;NA;1;NA;NA;NA;NA;NA;NA;NA;NA;1;NA;NA;1;NA;NA;NA
31;"MG";3130606;"313060";"Inconfidentes";"Não";"-";"Motociclistas";NA;NA;NA;NA;NA;NA;NA;NA;NA;NA;NA;NA;NA;NA;NA;NA;NA;NA;NA;NA;NA;NA;NA;NA;NA
31;"MG";3130655;"313065";"Indaiabira";"Não";"-";"Motociclistas";NA;NA;NA;NA;NA;NA;NA;NA;NA;NA;NA;NA;NA;NA;NA;NA;NA;NA;1;NA;NA;NA;NA;NA;NA
31;"MG";3130705;"313070";"Indianópolis";"Não";"-";"Motociclistas";NA;NA;NA;NA;NA;NA;NA;NA;NA;NA;NA;NA;NA;NA;NA;NA;NA;NA;NA;NA;NA;NA;NA;NA;NA
31;"MG";3130903;"313090";"Inhapim";"Não";"-";"Motociclistas";NA;NA;NA;NA;1;2;NA;NA;NA;NA;NA;NA;1;NA;1;NA;2;3;1;2;NA;2;2;1;NA
31;"MG";3131000;"313100";"Inhaúma";"Não";"Colar Metropolitano de Belo Horizonte";"Motociclistas";NA;NA;NA;NA;NA;NA;2;NA;NA;NA;NA;1;NA;NA;1;NA;NA;NA;NA;NA;NA;1;NA;NA;NA
31;"MG";3131158;"313115";"Ipaba";"Não";"Colar Metropolitano";"Motociclistas";NA;NA;NA;NA;NA;NA;NA;NA;NA;NA;NA;NA;NA;NA;NA;NA;NA;NA;NA;1;NA;NA;1;NA;NA
31;"MG";3131208;"313120";"Ipanema";"Não";"-";"Motociclistas";NA;NA;NA;NA;NA;NA;NA;NA;1;NA;NA;1;2;NA;NA;1;NA;4;NA;NA;1;4;NA;NA;NA
31;"MG";3131307;"313130";"Ipatinga";"Não";"Região Metropolitana do Vale do Aço";"Motociclistas";NA;NA;NA;1;1;NA;NA;NA;1;NA;NA;NA;4;1;3;4;4;8;4;10;3;7;9;8;NA
31;"MG";3131406;"313140";"Ipiaçu";"Não";"-";"Motociclistas";NA;NA;NA;NA;NA;NA;NA;NA;NA;NA;NA;NA;NA;NA;NA;NA;NA;NA;NA;NA;NA;NA;NA;NA;NA
31;"MG";3131505;"313150";"Ipuiúna";"Não";"-";"Motociclistas";NA;NA;NA;NA;NA;NA;NA;NA;NA;NA;NA;NA;NA;NA;NA;NA;NA;NA;NA;NA;NA;NA;NA;NA;NA
31;"MG";3131604;"313160";"Iraí de Minas";"Não";"-";"Motociclistas";NA;NA;NA;NA;NA;NA;NA;NA;NA;NA;NA;NA;NA;NA;NA;NA;NA;1;NA;1;NA;NA;NA;1;NA
31;"MG";3131703;"313170";"Itabira";"Não";"-";"Motociclistas";NA;NA;NA;NA;NA;NA;NA;2;NA;7;3;NA;1;8;5;5;4;2;1;3;4;6;5;4;NA
31;"MG";3131802;"313180";"Itabirinha";"Não";"-";"Motociclistas";NA;NA;NA;NA;NA;NA;NA;NA;1;NA;NA;NA;NA;NA;NA;NA;1;1;2;NA;NA;3;NA;NA;NA
31;"MG";3131901;"313190";"Itabirito";"Não";"Colar Metropolitano de Belo Horizonte";"Motociclistas";NA;NA;NA;NA;NA;NA;NA;NA;NA;NA;1;NA;3;NA;NA;NA;NA;1;3;2;3;NA;1;1;NA
31;"MG";3132107;"313210";"Itacarambi";"Não";"-";"Motociclistas";NA;NA;NA;NA;2;NA;1;1;NA;1;NA;NA;NA;NA;2;NA;NA;NA;NA;NA;NA;2;NA;NA;NA
31;"MG";3132206;"313220";"Itaguara";"Não";"Região Metropolitana de Belo Horizonte";"Motociclistas";NA;NA;NA;NA;NA;NA;NA;NA;NA;NA;NA;1;3;NA;NA;NA;NA;NA;1;NA;NA;2;NA;NA;NA
31;"MG";3132305;"313230";"Itaipé";"Não";"-";"Motociclistas";NA;NA;NA;NA;NA;1;NA;NA;2;NA;1;NA;1;NA;2;4;1;NA;1;NA;2;1;1;2;NA
31;"MG";3132404;"313240";"Itajubá";"Não";"-";"Motociclistas";NA;NA;NA;NA;NA;1;NA;NA;3;NA;NA;NA;NA;NA;NA;NA;1;NA;1;NA;NA;1;NA;1;NA
31;"MG";3132503;"313250";"Itamarandiba";"Não";"-";"Motociclistas";NA;NA;NA;NA;NA;NA;NA;NA;NA;NA;NA;1;NA;NA;2;NA;NA;NA;NA;1;NA;NA;1;NA;NA
31;"MG";3132602;"313260";"Itamarati de Minas";"Não";"-";"Motociclistas";NA;NA;NA;NA;NA;NA;NA;NA;NA;NA;NA;NA;NA;NA;NA;1;NA;NA;NA;NA;NA;NA;1;NA;NA
31;"MG";3132701;"313270";"Itambacuri";"Não";"-";"Motociclistas";1;1;NA;1;NA;1;1;NA;1;1;NA;NA;2;2;NA;1;2;3;NA;NA;NA;3;NA;NA;NA
31;"MG";3132909;"313290";"Itamogi";"Não";"-";"Motociclistas";NA;NA;NA;NA;NA;NA;NA;NA;NA;NA;NA;NA;NA;NA;NA;NA;NA;NA;NA;NA;NA;1;NA;NA;NA
31;"MG";3133006;"313300";"Itamonte";"Não";"-";"Motociclistas";NA;NA;NA;NA;NA;NA;NA;NA;NA;NA;NA;NA;NA;NA;NA;NA;NA;NA;NA;NA;NA;1;NA;NA;NA
31;"MG";3133105;"313310";"Itanhandu";"Não";"-";"Motociclistas";NA;NA;NA;NA;NA;NA;NA;NA;1;NA;NA;NA;NA;NA;NA;NA;NA;NA;NA;1;NA;NA;NA;NA;NA
31;"MG";3133204;"313320";"Itanhomi";"Não";"-";"Motociclistas";NA;1;NA;NA;NA;NA;NA;NA;1;NA;NA;NA;NA;1;1;1;NA;1;NA;NA;NA;NA;NA;NA;NA
31;"MG";3133303;"313330";"Itaobim";"Não";"-";"Motociclistas";NA;NA;NA;1;NA;NA;1;2;NA;1;NA;1;1;NA;1;1;2;1;NA;NA;1;4;NA;3;NA
31;"MG";3133402;"313340";"Itapagipe";"Não";"-";"Motociclistas";NA;NA;NA;NA;NA;NA;NA;NA;NA;NA;NA;NA;1;NA;1;NA;NA;NA;NA;NA;NA;NA;NA;NA;NA
31;"MG";3133501;"313350";"Itapecerica";"Não";"-";"Motociclistas";NA;NA;NA;NA;NA;NA;NA;NA;NA;NA;NA;NA;1;NA;NA;NA;1;NA;NA;NA;NA;NA;NA;NA;NA
31;"MG";3133600;"313360";"Itapeva";"Não";"-";"Motociclistas";NA;NA;NA;NA;NA;NA;NA;NA;NA;NA;NA;NA;NA;NA;NA;NA;NA;NA;NA;NA;NA;NA;NA;NA;NA
31;"MG";3133709;"313370";"Itatiaiuçu";"Não";"Região Metropolitana de Belo Horizonte";"Motociclistas";NA;NA;NA;NA;NA;NA;NA;NA;NA;NA;NA;NA;NA;NA;NA;NA;NA;NA;NA;NA;NA;NA;NA;NA;NA
31;"MG";3133758;"313375";"Itaú de Minas";"Não";"-";"Motociclistas";NA;NA;NA;NA;NA;NA;NA;NA;NA;NA;NA;NA;NA;NA;1;NA;NA;NA;NA;NA;NA;NA;NA;NA;NA
31;"MG";3133808;"313380";"Itaúna";"Não";"Colar Metropolitano de Belo Horizonte";"Motociclistas";NA;NA;NA;NA;NA;NA;NA;1;2;1;4;2;2;2;2;1;NA;2;NA;3;NA;1;2;NA;NA
31;"MG";3133907;"313390";"Itaverava";"Não";"-";"Motociclistas";NA;NA;NA;NA;NA;NA;NA;NA;NA;NA;NA;NA;NA;NA;1;NA;NA;NA;NA;NA;2;1;NA;NA;NA
31;"MG";3134004;"313400";"Itinga";"Não";"-";"Motociclistas";NA;NA;NA;NA;NA;NA;NA;NA;NA;NA;NA;NA;NA;NA;NA;NA;NA;NA;NA;1;NA;NA;2;NA;NA
31;"MG";3134103;"313410";"Itueta";"Não";"-";"Motociclistas";NA;NA;NA;NA;NA;NA;NA;NA;NA;NA;NA;NA;NA;NA;1;NA;NA;3;NA;NA;NA;NA;1;NA;NA
31;"MG";3134202;"313420";"Ituiutaba";"Não";"-";"Motociclistas";NA;NA;NA;NA;NA;1;NA;1;NA;1;1;2;1;4;4;9;5;5;1;1;1;NA;2;5;NA
31;"MG";3134301;"313430";"Itumirim";"Não";"-";"Motociclistas";NA;NA;NA;NA;NA;NA;NA;NA;NA;NA;NA;NA;NA;NA;NA;NA;NA;NA;NA;1;NA;NA;NA;NA;NA
31;"MG";3134400;"313440";"Iturama";"Não";"-";"Motociclistas";NA;NA;NA;NA;NA;NA;NA;NA;1;1;NA;NA;1;2;NA;NA;2;1;1;1;NA;2;NA;2;NA
31;"MG";3134509;"313450";"Itutinga";"Não";"-";"Motociclistas";NA;NA;NA;NA;NA;NA;NA;NA;NA;NA;NA;NA;NA;NA;NA;NA;NA;NA;NA;NA;NA;NA;NA;NA;NA
31;"MG";3134608;"313460";"Jaboticatubas";"Não";"Região Metropolitana de Belo Horizonte";"Motociclistas";NA;NA;NA;NA;NA;NA;NA;NA;NA;NA;NA;NA;NA;NA;NA;NA;NA;NA;NA;1;2;NA;2;1;NA
31;"MG";3134707;"313470";"Jacinto";"Não";"-";"Motociclistas";NA;NA;NA;NA;NA;NA;NA;NA;NA;NA;1;NA;NA;NA;NA;NA;NA;NA;NA;NA;1;1;1;NA;NA
31;"MG";3134806;"313480";"Jacuí";"Não";"-";"Motociclistas";NA;NA;NA;NA;NA;NA;NA;NA;NA;NA;NA;NA;NA;NA;NA;1;NA;NA;NA;NA;NA;NA;NA;NA;NA
31;"MG";3134905;"313490";"Jacutinga";"Não";"-";"Motociclistas";NA;NA;NA;NA;NA;NA;NA;NA;NA;NA;NA;NA;NA;1;NA;NA;NA;NA;NA;1;1;1;NA;1;NA
31;"MG";3135001;"313500";"Jaguaraçu";"Não";"Colar Metropolitano";"Motociclistas";NA;NA;NA;NA;NA;NA;NA;NA;NA;NA;1;NA;NA;1;NA;NA;NA;NA;NA;1;NA;NA;1;NA;NA
31;"MG";3135050;"313505";"Jaíba";"Não";"-";"Motociclistas";NA;1;NA;4;1;1;NA;NA;1;NA;5;2;4;2;NA;1;NA;NA;NA;NA;NA;NA;2;2;NA
31;"MG";3135076;"313507";"Jampruca";"Não";"-";"Motociclistas";NA;NA;NA;NA;NA;NA;1;NA;NA;NA;NA;NA;1;1;NA;NA;1;NA;NA;NA;NA;NA;NA;NA;NA
31;"MG";3135100;"313510";"Janaúba";"Não";"-";"Motociclistas";NA;NA;NA;NA;1;NA;NA;2;1;NA;6;3;4;4;3;2;NA;1;2;NA;NA;NA;NA;2;NA
31;"MG";3135209;"313520";"Januária";"Não";"-";"Motociclistas";NA;NA;NA;4;1;NA;1;2;1;5;2;4;3;2;1;5;4;2;NA;3;NA;6;4;4;NA
31;"MG";3135308;"313530";"Japaraíba";"Não";"-";"Motociclistas";NA;NA;NA;NA;NA;NA;NA;NA;NA;NA;NA;NA;NA;NA;NA;NA;NA;NA;NA;1;NA;NA;NA;NA;NA
31;"MG";3135357;"313535";"Japonvar";"Não";"-";"Motociclistas";NA;NA;NA;NA;NA;NA;NA;NA;NA;NA;NA;NA;NA;NA;2;1;NA;NA;NA;1;1;NA;NA;NA;NA
31;"MG";3135407;"313540";"Jeceaba";"Não";"-";"Motociclistas";NA;NA;NA;NA;NA;NA;NA;NA;NA;NA;NA;NA;NA;NA;NA;NA;NA;NA;1;NA;NA;NA;NA;1;NA
31;"MG";3135456;"313545";"Jenipapo de Minas";"Não";"-";"Motociclistas";NA;NA;NA;NA;NA;NA;NA;NA;NA;NA;NA;NA;NA;NA;NA;1;NA;NA;1;1;1;NA;1;NA;NA
31;"MG";3135506;"313550";"Jequeri";"Não";"-";"Motociclistas";NA;NA;NA;NA;NA;NA;NA;NA;NA;NA;NA;NA;NA;NA;NA;NA;NA;NA;1;NA;NA;NA;NA;1;NA
31;"MG";3135605;"313560";"Jequitaí";"Não";"-";"Motociclistas";NA;NA;NA;NA;NA;NA;NA;1;NA;NA;3;NA;NA;3;NA;2;NA;NA;NA;1;NA;NA;1;NA;NA
31;"MG";3135704;"313570";"Jequitibá";"Não";"-";"Motociclistas";NA;NA;NA;NA;NA;NA;NA;NA;NA;NA;NA;1;NA;1;NA;NA;NA;NA;NA;NA;1;NA;NA;NA;NA
31;"MG";3135803;"313580";"Jequitinhonha";"Não";"-";"Motociclistas";NA;NA;NA;NA;NA;NA;1;1;NA;NA;NA;NA;1;NA;NA;NA;1;1;NA;NA;NA;1;NA;NA;NA
31;"MG";3135902;"313590";"Jesuânia";"Não";"-";"Motociclistas";NA;NA;NA;NA;NA;NA;NA;NA;NA;NA;NA;NA;NA;NA;1;NA;NA;NA;NA;NA;NA;NA;NA;NA;NA
31;"MG";3136009;"313600";"Joaíma";"Não";"-";"Motociclistas";NA;NA;NA;NA;NA;NA;NA;NA;NA;1;NA;NA;NA;2;NA;NA;NA;NA;NA;1;1;1;1;1;NA
31;"MG";3136108;"313610";"Joanésia";"Não";"Colar Metropolitano";"Motociclistas";NA;NA;NA;NA;NA;NA;NA;NA;NA;NA;NA;NA;NA;NA;NA;1;NA;NA;NA;NA;NA;NA;NA;NA;NA
31;"MG";3136207;"313620";"João Monlevade";"Não";"-";"Motociclistas";NA;NA;NA;1;NA;NA;NA;2;NA;NA;1;NA;NA;NA;NA;1;3;1;NA;NA;NA;1;NA;2;NA
31;"MG";3136306;"313630";"João Pinheiro";"Não";"-";"Motociclistas";NA;NA;NA;NA;NA;NA;NA;NA;3;NA;1;3;NA;NA;1;2;2;2;4;NA;1;2;2;1;NA
31;"MG";3136405;"313640";"Joaquim Felício";"Não";"-";"Motociclistas";NA;NA;NA;NA;NA;NA;NA;NA;NA;NA;NA;NA;NA;NA;NA;NA;NA;NA;NA;NA;1;1;NA;NA;NA
31;"MG";3136504;"313650";"Jordânia";"Não";"-";"Motociclistas";NA;NA;NA;NA;NA;NA;NA;NA;NA;NA;NA;NA;NA;NA;NA;NA;NA;NA;NA;1;1;NA;NA;1;NA
31;"MG";3136520;"313652";"José Gonçalves de Minas";"Não";"-";"Motociclistas";NA;NA;NA;NA;NA;NA;NA;NA;NA;NA;NA;NA;NA;1;NA;NA;NA;NA;NA;NA;NA;NA;1;NA;NA
31;"MG";3136553;"313655";"José Raydan";"Não";"-";"Motociclistas";NA;NA;NA;NA;NA;NA;NA;NA;NA;NA;NA;NA;NA;NA;NA;NA;NA;NA;NA;NA;NA;NA;NA;NA;NA
31;"MG";3136603;"313660";"Nova União";"Não";"Região Metropolitana de Belo Horizonte";"Motociclistas";NA;NA;NA;NA;NA;NA;NA;NA;NA;NA;NA;NA;NA;NA;NA;NA;NA;NA;NA;1;NA;NA;NA;NA;NA
31;"MG";3136652;"313665";"Juatuba";"Não";"Região Metropolitana de Belo Horizonte";"Motociclistas";NA;NA;NA;NA;NA;NA;NA;NA;NA;NA;NA;1;1;NA;NA;1;NA;NA;NA;NA;NA;NA;NA;NA;NA
31;"MG";3136702;"313670";"Juiz de Fora";"Não";"-";"Motociclistas";1;NA;1;3;NA;1;2;3;5;3;9;8;8;10;5;12;4;9;4;2;5;5;1;9;NA
31;"MG";3136801;"313680";"Juramento";"Não";"-";"Motociclistas";NA;NA;NA;NA;NA;NA;NA;NA;NA;NA;NA;NA;NA;NA;NA;NA;NA;1;NA;1;NA;NA;NA;NA;NA
31;"MG";3136900;"313690";"Juruaia";"Não";"-";"Motociclistas";NA;NA;NA;NA;NA;NA;NA;NA;NA;NA;NA;NA;1;NA;NA;NA;NA;NA;NA;NA;NA;NA;NA;NA;NA
31;"MG";3136959;"313695";"Juvenília";"Não";"-";"Motociclistas";NA;NA;NA;NA;NA;NA;NA;NA;NA;NA;NA;NA;NA;1;NA;1;NA;NA;1;NA;NA;NA;NA;2;NA
31;"MG";3137007;"313700";"Ladainha";"Não";"-";"Motociclistas";NA;NA;NA;NA;NA;NA;1;2;NA;NA;1;NA;2;1;NA;NA;NA;NA;NA;1;NA;1;1;NA;NA
31;"MG";3137205;"313720";"Lagoa da Prata";"Não";"-";"Motociclistas";NA;NA;NA;1;NA;1;1;2;NA;NA;NA;1;NA;1;NA;1;3;NA;NA;NA;NA;NA;NA;NA;NA
31;"MG";3137403;"313740";"Lagoa Dourada";"Não";"-";"Motociclistas";NA;NA;NA;NA;NA;NA;NA;NA;NA;NA;NA;NA;NA;NA;NA;NA;NA;NA;NA;1;1;NA;1;NA;NA
31;"MG";3137502;"313750";"Lagoa Formosa";"Não";"-";"Motociclistas";NA;NA;NA;NA;NA;NA;NA;NA;NA;NA;NA;1;NA;NA;NA;1;NA;NA;NA;NA;NA;NA;NA;NA;NA
31;"MG";3137536;"313753";"Lagoa Grande";"Não";"-";"Motociclistas";NA;NA;NA;NA;NA;NA;NA;NA;1;NA;NA;NA;NA;NA;NA;NA;NA;NA;NA;NA;NA;NA;1;NA;NA
31;"MG";3137601;"313760";"Lagoa Santa";"Não";"Região Metropolitana de Belo Horizonte";"Motociclistas";NA;NA;NA;NA;1;NA;NA;NA;NA;NA;NA;NA;NA;NA;NA;NA;NA;NA;NA;NA;1;NA;NA;1;NA
31;"MG";3137700;"313770";"Lajinha";"Não";"-";"Motociclistas";NA;NA;NA;NA;2;1;NA;1;NA;1;NA;NA;NA;3;2;1;NA;NA;NA;NA;1;NA;NA;1;NA
31;"MG";3137809;"313780";"Lambari";"Não";"-";"Motociclistas";NA;NA;NA;NA;NA;NA;NA;NA;NA;NA;NA;NA;NA;2;NA;NA;NA;NA;1;NA;NA;NA;NA;NA;NA
31;"MG";3137908;"313790";"Lamim";"Não";"-";"Motociclistas";NA;NA;NA;NA;NA;NA;NA;NA;NA;NA;NA;NA;NA;NA;NA;NA;NA;NA;NA;NA;NA;NA;NA;NA;NA
31;"MG";3138005;"313800";"Laranjal";"Não";"-";"Motociclistas";NA;NA;NA;NA;NA;NA;NA;NA;NA;NA;NA;NA;NA;NA;NA;NA;NA;NA;NA;NA;NA;1;NA;NA;NA
31;"MG";3138104;"313810";"Lassance";"Não";"-";"Motociclistas";NA;NA;NA;NA;NA;NA;NA;NA;1;NA;NA;1;NA;NA;NA;NA;NA;2;NA;NA;2;NA;NA;NA;NA
31;"MG";3138203;"313820";"Lavras";"Não";"-";"Motociclistas";NA;1;2;NA;NA;1;NA;1;3;1;7;4;3;2;4;3;4;NA;2;4;1;2;6;2;NA
31;"MG";3138302;"313830";"Leandro Ferreira";"Não";"-";"Motociclistas";NA;NA;NA;NA;NA;NA;NA;NA;NA;NA;NA;NA;NA;NA;NA;NA;NA;NA;NA;NA;NA;NA;NA;NA;NA
31;"MG";3138351;"313835";"Leme do Prado";"Não";"-";"Motociclistas";NA;NA;NA;NA;NA;NA;NA;1;NA;NA;1;NA;NA;NA;1;NA;NA;NA;NA;NA;NA;NA;NA;NA;NA
31;"MG";3138401;"313840";"Leopoldina";"Não";"-";"Motociclistas";NA;NA;NA;NA;NA;1;NA;NA;NA;NA;NA;NA;NA;1;NA;NA;NA;2;NA;NA;NA;1;1;NA;NA
31;"MG";3138500;"313850";"Liberdade";"Não";"-";"Motociclistas";NA;NA;NA;NA;NA;NA;NA;NA;NA;NA;NA;NA;NA;NA;NA;NA;NA;NA;NA;NA;NA;NA;NA;NA;NA
31;"MG";3138609;"313860";"Lima Duarte";"Não";"-";"Motociclistas";NA;NA;NA;NA;NA;NA;1;NA;NA;NA;NA;1;NA;NA;NA;NA;NA;NA;NA;NA;NA;NA;NA;NA;NA
31;"MG";3138625;"313862";"Limeira do Oeste";"Não";"-";"Motociclistas";NA;NA;NA;NA;NA;NA;NA;NA;NA;NA;NA;NA;NA;NA;NA;NA;NA;NA;NA;NA;NA;NA;NA;NA;NA
31;"MG";3138658;"313865";"Lontra";"Não";"-";"Motociclistas";NA;NA;NA;NA;NA;NA;NA;NA;NA;NA;NA;NA;NA;1;NA;1;1;NA;NA;NA;NA;NA;NA;1;NA
31;"MG";3138674;"313867";"Luisburgo";"Não";"-";"Motociclistas";NA;NA;NA;NA;NA;NA;NA;NA;NA;NA;NA;NA;NA;NA;NA;NA;NA;NA;NA;NA;NA;1;NA;NA;NA
31;"MG";3138682;"313868";"Luislândia";"Não";"-";"Motociclistas";NA;NA;NA;NA;NA;NA;NA;NA;NA;NA;NA;NA;NA;NA;NA;NA;NA;1;NA;NA;NA;NA;NA;NA;NA
31;"MG";3138708;"313870";"Luminárias";"Não";"-";"Motociclistas";NA;NA;NA;NA;NA;NA;NA;NA;NA;NA;NA;NA;NA;NA;1;NA;NA;NA;NA;NA;NA;NA;NA;NA;NA
31;"MG";3138807;"313880";"Luz";"Não";"-";"Motociclistas";NA;NA;NA;NA;NA;NA;NA;NA;NA;NA;NA;NA;NA;NA;NA;NA;NA;NA;1;NA;NA;1;NA;NA;NA
31;"MG";3138906;"313890";"Machacalis";"Não";"-";"Motociclistas";NA;NA;NA;NA;NA;NA;NA;NA;1;NA;NA;1;NA;1;1;1;NA;1;NA;NA;NA;1;1;NA;NA
31;"MG";3139003;"313900";"Machado";"Não";"-";"Motociclistas";NA;NA;NA;NA;NA;NA;NA;NA;NA;1;1;NA;NA;1;1;NA;NA;1;1;NA;2;NA;NA;1;NA
31;"MG";3139102;"313910";"Madre de Deus de Minas";"Não";"-";"Motociclistas";NA;NA;NA;NA;NA;NA;NA;NA;NA;NA;NA;NA;NA;NA;NA;NA;NA;NA;NA;NA;NA;NA;1;NA;NA
31;"MG";3139201;"313920";"Malacacheta";"Não";"-";"Motociclistas";NA;NA;NA;NA;NA;NA;1;NA;NA;2;1;NA;NA;NA;2;NA;NA;2;3;NA;1;1;2;NA;NA
31;"MG";3139250;"313925";"Mamonas";"Não";"-";"Motociclistas";NA;NA;NA;NA;NA;NA;NA;NA;NA;NA;NA;NA;1;NA;NA;NA;NA;NA;NA;NA;1;NA;NA;NA;NA
31;"MG";3139300;"313930";"Manga";"Não";"-";"Motociclistas";NA;NA;NA;NA;NA;NA;NA;NA;1;NA;1;NA;NA;NA;3;NA;1;NA;NA;1;NA;1;NA;NA;NA
31;"MG";3139409;"313940";"Manhuaçu";"Não";"-";"Motociclistas";NA;NA;NA;NA;NA;NA;1;2;2;NA;1;7;8;4;6;3;1;12;14;8;10;13;8;8;NA
31;"MG";3139508;"313950";"Manhumirim";"Não";"-";"Motociclistas";NA;NA;NA;NA;NA;NA;1;NA;NA;NA;NA;NA;1;NA;1;1;NA;1;1;NA;NA;NA;NA;NA;NA
31;"MG";3139607;"313960";"Mantena";"Não";"-";"Motociclistas";NA;1;NA;NA;NA;NA;NA;NA;NA;1;1;1;2;NA;2;3;NA;NA;2;1;NA;2;1;NA;NA
31;"MG";3139706;"313970";"Maravilhas";"Não";"-";"Motociclistas";NA;NA;NA;NA;NA;NA;NA;NA;1;NA;NA;NA;NA;NA;NA;NA;NA;NA;NA;1;NA;NA;NA;NA;NA
31;"MG";3139805;"313980";"Mar de Espanha";"Não";"-";"Motociclistas";NA;NA;NA;NA;NA;NA;NA;NA;NA;NA;1;NA;NA;NA;1;NA;NA;NA;NA;NA;NA;NA;NA;NA;NA
31;"MG";3139904;"313990";"Maria da Fé";"Não";"-";"Motociclistas";NA;NA;NA;NA;NA;NA;NA;NA;NA;NA;NA;NA;NA;2;NA;NA;NA;NA;NA;NA;NA;NA;NA;NA;NA
31;"MG";3140001;"314000";"Mariana";"Não";"-";"Motociclistas";NA;NA;NA;NA;NA;NA;NA;NA;NA;2;2;NA;1;NA;NA;1;NA;1;NA;1;NA;NA;NA;NA;NA
31;"MG";3140100;"314010";"Marilac";"Não";"-";"Motociclistas";NA;NA;NA;NA;NA;NA;NA;NA;NA;NA;NA;NA;NA;NA;1;NA;NA;NA;NA;NA;1;NA;NA;NA;NA
31;"MG";3140209;"314020";"Maripá de Minas";"Não";"-";"Motociclistas";NA;NA;NA;NA;NA;NA;NA;NA;NA;NA;NA;NA;NA;NA;NA;NA;NA;NA;NA;NA;NA;NA;NA;NA;NA
31;"MG";3140308;"314030";"Marliéria";"Não";"Colar Metropolitano";"Motociclistas";NA;NA;NA;NA;NA;NA;NA;NA;NA;1;NA;NA;NA;NA;NA;NA;NA;1;1;NA;NA;NA;NA;NA;NA
31;"MG";3140506;"314050";"Martinho Campos";"Não";"-";"Motociclistas";NA;NA;NA;NA;NA;NA;NA;NA;NA;NA;NA;NA;NA;NA;NA;NA;NA;NA;NA;NA;NA;NA;NA;NA;NA
31;"MG";3140530;"314053";"Martins Soares";"Não";"-";"Motociclistas";1;NA;NA;NA;NA;NA;NA;NA;1;NA;NA;NA;NA;NA;2;NA;NA;NA;4;1;1;2;NA;NA;NA
31;"MG";3140555;"314055";"Mata Verde";"Não";"-";"Motociclistas";NA;NA;NA;NA;NA;NA;NA;NA;NA;NA;NA;NA;NA;NA;NA;1;NA;NA;NA;NA;NA;NA;NA;NA;NA
31;"MG";3140704;"314070";"Mateus Leme";"Não";"Região Metropolitana de Belo Horizonte";"Motociclistas";NA;NA;NA;NA;NA;1;NA;NA;NA;NA;NA;NA;NA;2;NA;1;2;NA;NA;NA;NA;NA;NA;NA;NA
31;"MG";3140803;"314080";"Matias Barbosa";"Não";"-";"Motociclistas";NA;NA;NA;NA;NA;NA;NA;NA;NA;NA;NA;NA;NA;NA;NA;NA;NA;NA;NA;NA;1;NA;NA;NA;NA
31;"MG";3140852;"314085";"Matias Cardoso";"Não";"-";"Motociclistas";NA;NA;NA;NA;NA;NA;NA;NA;NA;NA;NA;NA;NA;NA;1;NA;NA;NA;NA;NA;NA;NA;NA;NA;NA
31;"MG";3140902;"314090";"Matipó";"Não";"-";"Motociclistas";NA;NA;1;NA;NA;1;NA;NA;1;NA;NA;NA;NA;NA;1;1;NA;1;NA;NA;NA;NA;2;NA;NA
31;"MG";3141009;"314100";"Mato Verde";"Não";"-";"Motociclistas";NA;NA;NA;NA;NA;NA;2;NA;NA;1;1;2;NA;1;1;NA;NA;NA;NA;NA;NA;NA;2;NA;NA
31;"MG";3141108;"314110";"Matozinhos";"Não";"Região Metropolitana de Belo Horizonte";"Motociclistas";NA;NA;NA;NA;NA;1;NA;1;1;NA;NA;1;1;NA;NA;NA;NA;1;NA;1;2;NA;1;NA;NA
31;"MG";3141207;"314120";"Matutina";"Não";"-";"Motociclistas";NA;NA;NA;NA;NA;NA;NA;NA;NA;NA;NA;NA;NA;NA;NA;NA;NA;NA;NA;NA;NA;NA;NA;NA;NA
31;"MG";3141306;"314130";"Medeiros";"Não";"-";"Motociclistas";NA;1;NA;NA;NA;NA;NA;NA;NA;NA;NA;NA;NA;NA;NA;NA;NA;NA;NA;NA;NA;NA;NA;NA;NA
31;"MG";3141405;"314140";"Medina";"Não";"-";"Motociclistas";NA;NA;NA;NA;1;NA;NA;1;NA;NA;NA;NA;1;1;2;2;NA;2;NA;NA;2;2;NA;2;NA
31;"MG";3141504;"314150";"Mendes Pimentel";"Não";"-";"Motociclistas";NA;NA;NA;NA;NA;NA;NA;NA;NA;NA;NA;2;NA;NA;1;NA;NA;NA;2;1;NA;NA;NA;1;NA
31;"MG";3141603;"314160";"Mercês";"Não";"-";"Motociclistas";NA;NA;NA;1;NA;NA;NA;NA;2;NA;NA;NA;NA;NA;NA;NA;NA;1;NA;NA;NA;1;NA;NA;NA
31;"MG";3141702;"314170";"Mesquita";"Não";"Colar Metropolitano";"Motociclistas";NA;NA;NA;NA;NA;NA;NA;NA;NA;NA;NA;NA;NA;NA;NA;NA;NA;1;1;NA;NA;NA;NA;1;NA
31;"MG";3141801;"314180";"Minas Novas";"Não";"-";"Motociclistas";NA;NA;NA;NA;NA;NA;NA;NA;NA;NA;1;NA;1;NA;NA;5;1;NA;NA;1;3;2;2;2;NA
31;"MG";3141900;"314190";"Minduri";"Não";"-";"Motociclistas";NA;NA;NA;NA;NA;NA;NA;NA;NA;NA;NA;NA;NA;NA;NA;NA;NA;NA;NA;NA;NA;NA;NA;1;NA
31;"MG";3142007;"314200";"Mirabela";"Não";"-";"Motociclistas";NA;NA;NA;NA;NA;NA;NA;NA;1;NA;NA;1;NA;NA;NA;NA;1;NA;NA;NA;1;NA;NA;NA;NA
31;"MG";3142106;"314210";"Miradouro";"Não";"-";"Motociclistas";NA;NA;NA;NA;NA;NA;NA;NA;NA;NA;NA;NA;NA;NA;NA;1;NA;NA;1;1;2;NA;NA;NA;NA
31;"MG";3142205;"314220";"Miraí";"Não";"-";"Motociclistas";NA;NA;NA;NA;NA;NA;NA;NA;NA;NA;NA;NA;NA;NA;NA;1;NA;NA;NA;NA;NA;NA;NA;NA;NA
31;"MG";3142254;"314225";"Miravânia";"Não";"-";"Motociclistas";NA;NA;NA;NA;NA;NA;NA;NA;NA;NA;NA;NA;NA;1;NA;NA;NA;NA;1;NA;NA;NA;1;NA;NA
31;"MG";3142304;"314230";"Moeda";"Não";"Colar Metropolitano de Belo Horizonte";"Motociclistas";NA;NA;NA;NA;NA;NA;NA;NA;NA;1;NA;NA;NA;NA;NA;NA;NA;NA;NA;NA;NA;NA;NA;NA;NA
31;"MG";3142403;"314240";"Moema";"Não";"-";"Motociclistas";NA;NA;NA;NA;NA;NA;NA;NA;NA;NA;NA;NA;NA;NA;NA;NA;NA;NA;NA;1;NA;NA;NA;NA;NA
31;"MG";3142601;"314260";"Monsenhor Paulo";"Não";"-";"Motociclistas";NA;NA;NA;NA;NA;NA;NA;NA;NA;NA;NA;NA;NA;NA;NA;NA;NA;NA;NA;NA;NA;NA;NA;NA;NA
31;"MG";3142700;"314270";"Montalvânia";"Não";"-";"Motociclistas";NA;NA;NA;NA;NA;NA;NA;NA;NA;NA;NA;NA;3;1;NA;NA;NA;NA;1;2;1;NA;NA;NA;NA
31;"MG";3142809;"314280";"Monte Alegre de Minas";"Não";"-";"Motociclistas";NA;NA;NA;NA;NA;NA;NA;NA;NA;NA;NA;NA;NA;NA;NA;NA;NA;NA;NA;NA;1;NA;NA;NA;NA
31;"MG";3142908;"314290";"Monte Azul";"Não";"-";"Motociclistas";NA;NA;NA;NA;NA;1;NA;NA;NA;NA;1;2;NA;2;NA;NA;2;NA;NA;2;1;NA;1;NA;NA
31;"MG";3143005;"314300";"Monte Belo";"Não";"-";"Motociclistas";NA;NA;1;NA;NA;NA;NA;NA;NA;NA;NA;NA;NA;NA;NA;NA;NA;NA;NA;NA;NA;NA;NA;NA;NA
31;"MG";3143104;"314310";"Monte Carmelo";"Não";"-";"Motociclistas";NA;NA;NA;NA;NA;1;NA;NA;NA;NA;NA;NA;NA;1;NA;1;NA;NA;NA;NA;1;NA;NA;2;NA
31;"MG";3143153;"314315";"Monte Formoso";"Não";"-";"Motociclistas";NA;NA;NA;NA;NA;NA;NA;NA;NA;NA;NA;NA;1;NA;NA;NA;NA;NA;NA;NA;NA;NA;NA;NA;NA
31;"MG";3143203;"314320";"Monte Santo de Minas";"Não";"-";"Motociclistas";NA;NA;NA;NA;NA;NA;NA;NA;NA;NA;NA;NA;NA;NA;NA;NA;NA;NA;NA;1;NA;1;NA;NA;NA
31;"MG";3143302;"314330";"Montes Claros";"Não";"-";"Motociclistas";NA;NA;2;4;5;2;2;2;7;12;12;9;6;4;5;3;5;12;10;8;10;12;10;13;NA
31;"MG";3143401;"314340";"Monte Sião";"Não";"-";"Motociclistas";NA;NA;NA;NA;NA;NA;NA;NA;NA;NA;NA;NA;1;NA;NA;NA;NA;NA;1;1;NA;NA;NA;NA;NA
31;"MG";3143450;"314345";"Montezuma";"Não";"-";"Motociclistas";NA;NA;NA;NA;NA;NA;NA;NA;NA;NA;NA;NA;NA;NA;NA;NA;NA;NA;NA;2;NA;1;NA;1;NA
31;"MG";3143500;"314350";"Morada Nova de Minas";"Não";"-";"Motociclistas";NA;NA;NA;NA;NA;NA;NA;NA;NA;NA;1;NA;NA;NA;NA;NA;NA;NA;NA;NA;NA;NA;NA;NA;NA
31;"MG";3143609;"314360";"Morro da Garça";"Não";"-";"Motociclistas";NA;NA;NA;NA;NA;NA;NA;NA;NA;NA;NA;NA;2;NA;NA;NA;NA;NA;NA;NA;NA;NA;NA;NA;NA
31;"MG";3143807;"314380";"Munhoz";"Não";"-";"Motociclistas";NA;NA;NA;NA;NA;NA;NA;NA;NA;NA;NA;NA;NA;NA;NA;NA;NA;NA;1;NA;1;NA;NA;NA;NA
31;"MG";3143906;"314390";"Muriaé";"Não";"-";"Motociclistas";NA;NA;NA;NA;NA;NA;NA;NA;NA;NA;NA;NA;1;3;6;2;NA;NA;3;2;2;NA;6;4;NA
31;"MG";3144003;"314400";"Mutum";"Não";"-";"Motociclistas";NA;NA;NA;NA;NA;NA;NA;1;NA;NA;NA;NA;NA;NA;2;NA;NA;NA;1;1;1;2;3;NA;NA
31;"MG";3144102;"314410";"Muzambinho";"Não";"-";"Motociclistas";NA;NA;NA;NA;NA;NA;NA;NA;NA;NA;NA;NA;NA;NA;NA;NA;1;1;NA;NA;NA;NA;NA;NA;NA
31;"MG";3144201;"314420";"Nacip Raydan";"Não";"-";"Motociclistas";NA;NA;NA;NA;NA;NA;NA;NA;NA;NA;NA;NA;NA;NA;NA;NA;NA;NA;NA;NA;NA;NA;NA;NA;NA
31;"MG";3144300;"314430";"Nanuque";"Não";"-";"Motociclistas";NA;1;NA;NA;1;2;1;1;1;NA;1;1;NA;7;1;1;2;1;NA;1;2;NA;1;1;NA
31;"MG";3144359;"314435";"Naque";"Não";"Colar Metropolitano";"Motociclistas";NA;NA;NA;NA;NA;NA;NA;NA;NA;NA;NA;NA;NA;NA;NA;NA;NA;NA;1;NA;1;2;1;NA;NA
31;"MG";3144375;"314437";"Natalândia";"Não";"-";"Motociclistas";NA;NA;NA;NA;NA;NA;NA;NA;NA;NA;NA;NA;NA;NA;NA;1;NA;NA;1;NA;1;NA;2;NA;NA
31;"MG";3144508;"314450";"Nazareno";"Não";"-";"Motociclistas";NA;NA;NA;NA;NA;NA;NA;NA;NA;NA;NA;NA;NA;2;NA;NA;1;NA;NA;NA;NA;NA;NA;NA;NA
31;"MG";3144607;"314460";"Nepomuceno";"Não";"-";"Motociclistas";NA;NA;NA;NA;NA;NA;NA;NA;NA;NA;NA;1;NA;NA;NA;NA;NA;NA;NA;1;1;NA;NA;NA;NA
31;"MG";3144656;"314465";"Ninheira";"Não";"-";"Motociclistas";NA;NA;NA;NA;NA;NA;NA;1;NA;NA;NA;NA;NA;NA;NA;3;NA;1;NA;1;NA;NA;NA;1;NA
31;"MG";3144672;"314467";"Nova Belém";"Não";"-";"Motociclistas";NA;NA;NA;NA;NA;NA;NA;NA;NA;NA;NA;NA;NA;NA;1;NA;NA;NA;NA;NA;NA;NA;1;NA;NA
31;"MG";3144706;"314470";"Nova Era";"Não";"-";"Motociclistas";1;NA;1;NA;NA;NA;NA;NA;NA;NA;NA;NA;NA;NA;1;NA;1;3;NA;NA;NA;NA;NA;NA;NA
31;"MG";3144805;"314480";"Nova Lima";"Não";"Região Metropolitana de Belo Horizonte";"Motociclistas";NA;NA;NA;NA;NA;NA;1;NA;NA;1;1;2;1;NA;NA;NA;3;3;4;4;1;NA;1;1;NA
31;"MG";3144904;"314490";"Nova Módica";"Não";"-";"Motociclistas";NA;NA;NA;NA;NA;NA;NA;NA;NA;NA;NA;NA;NA;1;NA;NA;NA;NA;NA;NA;NA;NA;NA;NA;NA
31;"MG";3145000;"314500";"Nova Ponte";"Não";"-";"Motociclistas";NA;NA;NA;NA;NA;NA;NA;NA;NA;NA;NA;NA;NA;NA;NA;1;1;NA;NA;NA;NA;NA;NA;1;NA
31;"MG";3145059;"314505";"Nova Porteirinha";"Não";"-";"Motociclistas";NA;NA;NA;NA;NA;NA;NA;NA;1;NA;NA;NA;1;1;NA;NA;NA;NA;NA;1;NA;NA;NA;2;NA
31;"MG";3145109;"314510";"Nova Resende";"Não";"-";"Motociclistas";NA;NA;NA;NA;NA;NA;NA;NA;NA;NA;1;NA;NA;NA;NA;NA;NA;1;NA;NA;NA;NA;NA;NA;NA
31;"MG";3145208;"314520";"Nova Serrana";"Não";"-";"Motociclistas";NA;NA;NA;NA;NA;NA;NA;3;1;1;NA;1;1;3;3;6;NA;1;3;4;3;1;2;1;NA
31;"MG";3145307;"314530";"Novo Cruzeiro";"Não";"-";"Motociclistas";NA;1;NA;1;1;NA;NA;NA;2;2;4;1;1;3;3;5;NA;1;1;1;2;1;2;2;NA
31;"MG";3145356;"314535";"Novo Oriente de Minas";"Não";"-";"Motociclistas";NA;NA;NA;NA;NA;NA;NA;NA;NA;NA;NA;NA;NA;1;1;NA;NA;NA;NA;NA;NA;NA;NA;NA;NA
31;"MG";3145372;"314537";"Novorizonte";"Não";"-";"Motociclistas";NA;NA;NA;NA;NA;NA;NA;NA;NA;NA;NA;NA;NA;NA;NA;NA;NA;NA;NA;NA;1;NA;NA;NA;NA
31;"MG";3145406;"314540";"Olaria";"Não";"-";"Motociclistas";NA;NA;NA;NA;NA;NA;NA;NA;NA;NA;NA;NA;NA;NA;NA;NA;NA;NA;NA;NA;1;NA;NA;NA;NA
31;"MG";3145455;"314545";"Olhos-d'Água";"Não";"-";"Motociclistas";NA;NA;NA;NA;NA;NA;NA;NA;NA;NA;NA;NA;NA;NA;NA;NA;NA;NA;1;NA;1;NA;NA;NA;NA
31;"MG";3145505;"314550";"Olímpio Noronha";"Não";"-";"Motociclistas";NA;NA;NA;NA;NA;NA;NA;NA;NA;NA;NA;NA;NA;NA;NA;NA;NA;NA;NA;NA;NA;NA;NA;NA;NA
31;"MG";3145604;"314560";"Oliveira";"Não";"-";"Motociclistas";NA;NA;NA;NA;NA;NA;NA;NA;NA;NA;1;NA;2;1;NA;NA;1;2;NA;1;1;NA;NA;2;NA
31;"MG";3145802;"314580";"Onça de Pitangui";"Não";"-";"Motociclistas";NA;NA;NA;NA;NA;NA;NA;NA;NA;NA;NA;NA;NA;NA;NA;NA;NA;NA;NA;NA;NA;NA;NA;NA;NA
31;"MG";3145851;"314585";"Oratórios";"Não";"-";"Motociclistas";NA;NA;NA;NA;NA;NA;NA;NA;NA;NA;NA;NA;NA;NA;NA;NA;NA;1;NA;NA;1;NA;NA;NA;NA
31;"MG";3145877;"314587";"Orizânia";"Não";"-";"Motociclistas";NA;NA;NA;NA;NA;NA;NA;NA;NA;NA;NA;NA;NA;NA;1;1;1;1;NA;NA;1;NA;NA;NA;NA
31;"MG";3145901;"314590";"Ouro Branco";"Não";"-";"Motociclistas";NA;NA;NA;NA;NA;NA;NA;NA;NA;1;1;1;NA;1;1;NA;NA;NA;NA;NA;NA;NA;NA;NA;NA
31;"MG";3146008;"314600";"Ouro Fino";"Não";"-";"Motociclistas";NA;NA;NA;NA;NA;NA;NA;NA;NA;NA;NA;NA;NA;NA;NA;1;NA;NA;NA;NA;NA;NA;1;NA;NA
31;"MG";3146107;"314610";"Ouro Preto";"Não";"-";"Motociclistas";NA;NA;NA;NA;NA;NA;NA;NA;NA;NA;NA;1;NA;NA;NA;NA;2;1;NA;2;NA;2;2;4;NA
31;"MG";3146206;"314620";"Ouro Verde de Minas";"Não";"-";"Motociclistas";NA;NA;NA;NA;NA;NA;NA;NA;NA;NA;NA;NA;NA;NA;1;NA;NA;1;1;NA;1;NA;NA;NA;NA
31;"MG";3146255;"314625";"Padre Carvalho";"Não";"-";"Motociclistas";NA;NA;NA;1;NA;NA;NA;NA;NA;NA;NA;NA;1;NA;NA;NA;NA;NA;NA;NA;NA;NA;NA;NA;NA
31;"MG";3146305;"314630";"Padre Paraíso";"Não";"-";"Motociclistas";NA;NA;NA;NA;NA;NA;1;1;NA;NA;1;NA;3;NA;2;1;2;2;NA;2;2;NA;NA;NA;NA
31;"MG";3146404;"314640";"Paineiras";"Não";"-";"Motociclistas";NA;NA;NA;NA;NA;NA;NA;NA;NA;NA;NA;NA;NA;NA;NA;NA;NA;NA;NA;NA;NA;NA;1;NA;NA
31;"MG";3146503;"314650";"Pains";"Não";"-";"Motociclistas";NA;NA;NA;NA;NA;NA;NA;NA;NA;NA;NA;NA;NA;NA;NA;NA;NA;NA;NA;NA;NA;NA;NA;NA;NA
31;"MG";3146552;"314655";"Pai Pedro";"Não";"-";"Motociclistas";NA;NA;NA;NA;NA;NA;NA;NA;NA;NA;NA;2;3;NA;NA;NA;NA;NA;NA;NA;NA;NA;NA;NA;NA
31;"MG";3146602;"314660";"Paiva";"Não";"-";"Motociclistas";NA;NA;NA;NA;NA;NA;NA;NA;NA;NA;NA;NA;NA;NA;NA;NA;NA;NA;NA;NA;NA;NA;NA;NA;NA
31;"MG";3146701;"314670";"Palma";"Não";"-";"Motociclistas";NA;NA;NA;NA;NA;NA;NA;NA;NA;NA;NA;NA;NA;NA;NA;NA;NA;NA;NA;NA;NA;NA;NA;NA;NA
31;"MG";3146909;"314690";"Papagaios";"Não";"-";"Motociclistas";NA;NA;NA;NA;NA;NA;NA;NA;1;NA;NA;1;NA;NA;NA;NA;NA;NA;1;1;1;NA;1;NA;NA
31;"MG";3147006;"314700";"Paracatu";"Não";"-";"Motociclistas";NA;NA;1;NA;NA;NA;NA;1;1;1;1;NA;3;NA;NA;1;NA;2;NA;2;NA;1;NA;1;NA
31;"MG";3147105;"314710";"Pará de Minas";"Não";"Colar Metropolitano de Belo Horizonte";"Motociclistas";NA;NA;NA;NA;2;2;1;NA;1;1;2;NA;1;NA;7;5;2;3;3;3;5;8;4;10;NA
31;"MG";3147204;"314720";"Paraguaçu";"Não";"-";"Motociclistas";NA;NA;NA;NA;NA;NA;NA;NA;NA;NA;NA;1;NA;1;1;NA;NA;1;NA;2;NA;NA;NA;NA;NA
31;"MG";3147303;"314730";"Paraisópolis";"Não";"-";"Motociclistas";NA;NA;NA;NA;NA;NA;NA;NA;NA;NA;NA;NA;NA;1;NA;NA;1;NA;NA;NA;NA;NA;NA;NA;NA
31;"MG";3147402;"314740";"Paraopeba";"Não";"-";"Motociclistas";NA;NA;NA;NA;1;NA;2;1;NA;NA;NA;NA;NA;NA;NA;NA;1;NA;NA;NA;NA;1;NA;NA;NA
31;"MG";3147501;"314750";"Passabém";"Não";"-";"Motociclistas";NA;NA;NA;NA;NA;NA;NA;NA;NA;NA;NA;NA;NA;NA;NA;NA;NA;NA;NA;NA;1;NA;NA;NA;NA
31;"MG";3147600;"314760";"Passa Quatro";"Não";"-";"Motociclistas";NA;NA;NA;NA;NA;NA;NA;NA;NA;NA;NA;NA;NA;NA;NA;NA;NA;NA;NA;1;NA;NA;NA;NA;NA
31;"MG";3147709;"314770";"Passa Tempo";"Não";"-";"Motociclistas";NA;NA;NA;NA;NA;NA;NA;NA;1;NA;NA;NA;NA;NA;NA;NA;NA;NA;NA;NA;NA;NA;NA;1;NA
31;"MG";3147907;"314790";"Passos";"Não";"-";"Motociclistas";NA;1;1;NA;1;1;1;1;2;4;4;4;5;2;5;NA;NA;NA;1;1;2;NA;1;3;NA
31;"MG";3147956;"314795";"Patis";"Não";"-";"Motociclistas";NA;NA;NA;NA;NA;NA;NA;NA;NA;1;NA;NA;NA;NA;NA;NA;NA;NA;NA;NA;NA;NA;NA;NA;NA
31;"MG";3148004;"314800";"Patos de Minas";"Não";"-";"Motociclistas";NA;NA;NA;NA;2;1;2;1;2;1;1;2;NA;4;3;2;3;7;5;3;4;5;5;10;NA
31;"MG";3148103;"314810";"Patrocínio";"Não";"-";"Motociclistas";NA;1;NA;1;NA;NA;NA;NA;1;NA;1;1;1;NA;1;1;2;1;NA;2;2;3;4;1;NA
31;"MG";3148301;"314830";"Paula Cândido";"Não";"-";"Motociclistas";NA;NA;NA;NA;NA;NA;NA;NA;NA;NA;1;NA;NA;NA;NA;NA;NA;1;NA;NA;1;NA;NA;NA;NA
31;"MG";3148400;"314840";"Paulistas";"Não";"-";"Motociclistas";NA;NA;NA;NA;NA;NA;NA;NA;NA;NA;NA;NA;NA;NA;NA;NA;NA;1;NA;NA;NA;NA;1;1;NA
31;"MG";3148509;"314850";"Pavão";"Não";"-";"Motociclistas";NA;NA;NA;NA;2;NA;NA;1;NA;NA;NA;NA;1;NA;NA;NA;NA;1;NA;NA;1;2;NA;NA;NA
31;"MG";3148608;"314860";"Peçanha";"Não";"-";"Motociclistas";NA;NA;NA;NA;NA;NA;NA;NA;NA;NA;2;1;2;2;NA;NA;1;2;NA;1;1;NA;2;1;NA
31;"MG";3148707;"314870";"Pedra Azul";"Não";"-";"Motociclistas";NA;NA;1;NA;NA;NA;NA;1;NA;NA;NA;1;2;NA;NA;NA;1;1;3;2;NA;NA;NA;NA;NA
31;"MG";3148756;"314875";"Pedra Bonita";"Não";"-";"Motociclistas";NA;NA;NA;NA;NA;NA;NA;NA;NA;NA;NA;NA;NA;NA;NA;NA;NA;NA;NA;NA;NA;NA;NA;NA;NA
31;"MG";3148806;"314880";"Pedra do Anta";"Não";"-";"Motociclistas";NA;NA;NA;NA;NA;NA;NA;NA;NA;NA;NA;NA;NA;NA;NA;NA;NA;NA;NA;NA;NA;NA;NA;NA;NA
31;"MG";3149002;"314900";"Pedra Dourada";"Não";"-";"Motociclistas";NA;NA;NA;NA;NA;NA;NA;NA;NA;NA;NA;NA;NA;NA;NA;NA;NA;NA;NA;NA;NA;NA;NA;NA;NA
31;"MG";3149101;"314910";"Pedralva";"Não";"-";"Motociclistas";NA;NA;NA;NA;NA;NA;NA;NA;NA;NA;NA;NA;NA;NA;NA;NA;NA;NA;NA;NA;NA;NA;NA;NA;NA
31;"MG";3149150;"314915";"Pedras de Maria da Cruz";"Não";"-";"Motociclistas";NA;NA;NA;NA;NA;NA;NA;NA;NA;NA;NA;NA;NA;NA;NA;NA;1;NA;NA;NA;1;NA;NA;1;NA
31;"MG";3149309;"314930";"Pedro Leopoldo";"Não";"Região Metropolitana de Belo Horizonte";"Motociclistas";NA;NA;NA;NA;NA;NA;NA;1;2;1;1;NA;1;1;NA;NA;NA;1;1;NA;NA;NA;1;NA;NA
31;"MG";3149408;"314940";"Pedro Teixeira";"Não";"-";"Motociclistas";NA;NA;NA;NA;NA;NA;NA;NA;NA;NA;NA;NA;NA;NA;NA;NA;NA;NA;NA;NA;NA;NA;1;NA;NA
31;"MG";3149606;"314960";"Pequi";"Não";"-";"Motociclistas";NA;NA;NA;NA;NA;NA;NA;NA;NA;NA;NA;NA;NA;NA;NA;NA;NA;NA;NA;1;NA;NA;NA;NA;NA
31;"MG";3149705;"314970";"Perdigão";"Não";"-";"Motociclistas";NA;NA;NA;NA;1;NA;NA;NA;NA;NA;NA;NA;NA;NA;NA;NA;NA;NA;NA;NA;NA;NA;NA;NA;NA
31;"MG";3149804;"314980";"Perdizes";"Não";"-";"Motociclistas";NA;NA;NA;NA;NA;NA;NA;NA;NA;NA;NA;1;NA;1;1;1;NA;NA;NA;NA;NA;NA;NA;NA;NA
31;"MG";3149903;"314990";"Perdões";"Não";"-";"Motociclistas";NA;NA;NA;NA;NA;NA;NA;1;NA;NA;NA;NA;2;1;1;NA;NA;NA;NA;NA;NA;NA;NA;NA;NA
31;"MG";3149952;"314995";"Periquito";"Não";"Colar Metropolitano";"Motociclistas";NA;NA;NA;NA;NA;NA;NA;NA;NA;NA;NA;NA;NA;NA;NA;NA;1;NA;NA;NA;NA;NA;NA;NA;NA
31;"MG";3150000;"315000";"Pescador";"Não";"-";"Motociclistas";NA;NA;NA;NA;NA;NA;NA;NA;NA;NA;NA;1;NA;NA;NA;NA;NA;1;NA;NA;NA;NA;1;1;NA
31;"MG";3150109;"315010";"Piau";"Não";"-";"Motociclistas";1;NA;NA;NA;NA;NA;NA;NA;NA;1;NA;NA;NA;NA;NA;NA;NA;NA;NA;NA;NA;NA;NA;NA;NA
31;"MG";3150158;"315015";"Piedade de Caratinga";"Não";"-";"Motociclistas";NA;NA;NA;NA;NA;NA;NA;NA;NA;NA;NA;NA;NA;1;NA;1;1;NA;NA;NA;NA;NA;NA;NA;NA
31;"MG";3150208;"315020";"Piedade de Ponte Nova";"Não";"-";"Motociclistas";NA;NA;NA;NA;NA;NA;NA;NA;NA;NA;NA;NA;NA;NA;NA;NA;NA;NA;NA;1;NA;NA;NA;NA;NA
31;"MG";3150307;"315030";"Piedade do Rio Grande";"Não";"-";"Motociclistas";NA;NA;NA;NA;NA;NA;NA;NA;NA;NA;NA;NA;NA;NA;NA;NA;NA;NA;NA;NA;NA;NA;NA;NA;NA
31;"MG";3150406;"315040";"Piedade dos Gerais";"Não";"-";"Motociclistas";NA;NA;NA;NA;NA;NA;NA;NA;NA;NA;NA;NA;NA;NA;NA;NA;NA;NA;1;NA;NA;NA;NA;NA;NA
31;"MG";3150505;"315050";"Pimenta";"Não";"-";"Motociclistas";NA;NA;NA;NA;NA;NA;NA;1;1;NA;NA;NA;NA;NA;NA;NA;NA;NA;NA;NA;NA;NA;NA;NA;NA
31;"MG";3150570;"315057";"Pintópolis";"Não";"-";"Motociclistas";NA;NA;NA;NA;NA;NA;NA;NA;NA;NA;1;NA;NA;NA;NA;1;NA;1;NA;NA;NA;NA;1;NA;NA
31;"MG";3150604;"315060";"Piracema";"Não";"-";"Motociclistas";NA;NA;NA;NA;NA;NA;NA;NA;NA;NA;NA;NA;NA;NA;NA;NA;1;NA;NA;NA;NA;NA;NA;NA;NA
31;"MG";3150703;"315070";"Pirajuba";"Não";"-";"Motociclistas";NA;NA;NA;NA;NA;NA;NA;NA;NA;1;NA;NA;NA;NA;NA;NA;NA;NA;1;NA;NA;NA;NA;NA;NA
31;"MG";3150802;"315080";"Piranga";"Não";"-";"Motociclistas";NA;NA;NA;NA;NA;NA;NA;NA;NA;NA;NA;NA;NA;NA;1;NA;NA;NA;NA;1;NA;NA;NA;NA;NA
31;"MG";3150901;"315090";"Piranguçu";"Não";"-";"Motociclistas";NA;NA;NA;NA;NA;NA;NA;NA;NA;NA;NA;NA;NA;NA;NA;NA;NA;NA;NA;NA;NA;NA;NA;NA;NA
31;"MG";3151008;"315100";"Piranguinho";"Não";"-";"Motociclistas";NA;NA;NA;NA;NA;1;NA;NA;NA;NA;NA;NA;NA;NA;NA;NA;NA;NA;NA;NA;NA;NA;NA;NA;NA
31;"MG";3151107;"315110";"Pirapetinga";"Não";"-";"Motociclistas";NA;NA;NA;NA;NA;NA;NA;1;NA;NA;NA;NA;NA;NA;NA;NA;NA;NA;NA;1;NA;NA;NA;NA;NA
31;"MG";3151206;"315120";"Pirapora";"Não";"-";"Motociclistas";NA;NA;NA;1;NA;NA;NA;NA;1;4;2;2;6;5;4;5;5;4;2;3;1;4;1;2;NA
31;"MG";3151305;"315130";"Piraúba";"Não";"-";"Motociclistas";NA;NA;NA;NA;NA;NA;NA;NA;NA;NA;NA;NA;NA;1;NA;NA;NA;1;NA;NA;NA;NA;3;NA;NA
31;"MG";3151404;"315140";"Pitangui";"Não";"-";"Motociclistas";NA;NA;NA;NA;NA;NA;NA;NA;NA;NA;1;1;1;NA;NA;NA;NA;NA;NA;NA;2;NA;NA;NA;NA
31;"MG";3151503;"315150";"Piumhi";"Não";"-";"Motociclistas";NA;NA;NA;NA;NA;NA;NA;NA;NA;NA;4;NA;3;NA;2;NA;NA;NA;2;2;NA;2;1;NA;NA
31;"MG";3151602;"315160";"Planura";"Não";"-";"Motociclistas";NA;NA;NA;NA;NA;NA;NA;NA;NA;NA;NA;NA;NA;1;NA;NA;NA;NA;NA;NA;NA;NA;NA;NA;NA
31;"MG";3151701;"315170";"Poço Fundo";"Não";"-";"Motociclistas";NA;NA;NA;NA;NA;NA;NA;NA;NA;NA;NA;NA;NA;NA;NA;1;NA;2;NA;NA;NA;NA;NA;1;NA
31;"MG";3151800;"315180";"Poços de Caldas";"Não";"-";"Motociclistas";1;NA;NA;NA;NA;1;NA;1;1;NA;1;2;1;NA;1;NA;NA;1;1;NA;NA;1;2;1;NA
31;"MG";3151909;"315190";"Pocrane";"Não";"-";"Motociclistas";NA;NA;1;NA;NA;NA;NA;2;NA;1;NA;NA;NA;NA;2;1;NA;NA;NA;NA;2;NA;NA;NA;NA
31;"MG";3152006;"315200";"Pompéu";"Não";"-";"Motociclistas";NA;NA;NA;1;NA;NA;1;NA;1;NA;1;1;NA;1;NA;2;2;2;2;NA;NA;2;1;NA;NA
31;"MG";3152105;"315210";"Ponte Nova";"Não";"-";"Motociclistas";NA;NA;NA;NA;NA;NA;NA;NA;NA;NA;3;2;5;2;3;NA;4;6;6;6;2;2;4;8;NA
31;"MG";3152131;"315213";"Ponto Chique";"Não";"-";"Motociclistas";NA;NA;NA;NA;NA;NA;NA;NA;NA;NA;NA;NA;NA;NA;NA;NA;NA;NA;NA;1;NA;NA;NA;NA;NA
31;"MG";3152170;"315217";"Ponto dos Volantes";"Não";"-";"Motociclistas";NA;NA;NA;NA;NA;NA;1;NA;NA;NA;2;2;1;2;NA;3;NA;NA;1;1;NA;1;NA;1;NA
31;"MG";3152204;"315220";"Porteirinha";"Não";"-";"Motociclistas";NA;NA;NA;NA;NA;1;NA;2;2;2;2;1;1;3;3;NA;NA;NA;2;2;NA;NA;NA;NA;NA
31;"MG";3152303;"315230";"Porto Firme";"Não";"-";"Motociclistas";NA;NA;NA;NA;NA;NA;NA;NA;NA;NA;NA;NA;NA;NA;NA;NA;1;1;NA;NA;NA;NA;NA;NA;NA
31;"MG";3152402;"315240";"Poté";"Não";"-";"Motociclistas";NA;NA;2;NA;2;NA;NA;NA;2;1;1;4;2;NA;3;1;NA;2;NA;NA;NA;1;NA;NA;NA
31;"MG";3152501;"315250";"Pouso Alegre";"Não";"-";"Motociclistas";NA;NA;NA;NA;NA;NA;NA;NA;NA;NA;1;1;NA;NA;NA;NA;NA;NA;2;2;2;2;1;3;NA
31;"MG";3152600;"315260";"Pouso Alto";"Não";"-";"Motociclistas";NA;NA;NA;NA;NA;NA;NA;NA;NA;1;NA;NA;NA;NA;NA;NA;NA;NA;NA;NA;NA;NA;1;NA;NA
31;"MG";3152709;"315270";"Prados";"Não";"-";"Motociclistas";NA;NA;NA;NA;NA;NA;NA;NA;NA;NA;NA;NA;NA;1;NA;NA;NA;NA;NA;NA;NA;NA;NA;NA;NA
31;"MG";3152808;"315280";"Prata";"Não";"-";"Motociclistas";NA;NA;NA;NA;NA;NA;1;1;NA;NA;NA;NA;NA;NA;NA;NA;NA;1;NA;NA;NA;NA;NA;NA;NA
31;"MG";3152907;"315290";"Pratápolis";"Não";"-";"Motociclistas";NA;NA;NA;NA;NA;NA;NA;NA;NA;NA;NA;NA;NA;NA;NA;NA;NA;NA;NA;NA;NA;1;NA;1;NA
31;"MG";3153004;"315300";"Pratinha";"Não";"-";"Motociclistas";NA;NA;NA;NA;NA;NA;NA;NA;NA;NA;NA;NA;NA;NA;NA;NA;NA;NA;NA;NA;NA;NA;NA;NA;NA
31;"MG";3153103;"315310";"Presidente Bernardes";"Não";"-";"Motociclistas";NA;NA;NA;NA;NA;NA;NA;NA;NA;1;NA;NA;NA;NA;NA;NA;NA;NA;1;NA;NA;NA;NA;NA;NA
31;"MG";3153202;"315320";"Presidente Juscelino";"Não";"-";"Motociclistas";NA;NA;NA;NA;NA;NA;NA;NA;NA;NA;NA;NA;NA;NA;2;NA;NA;NA;NA;NA;1;NA;NA;NA;NA
31;"MG";3153400;"315340";"Presidente Olegário";"Não";"-";"Motociclistas";NA;NA;NA;NA;NA;NA;NA;NA;NA;NA;NA;NA;NA;NA;NA;1;NA;NA;NA;1;1;NA;1;1;NA
31;"MG";3153509;"315350";"Alto Jequitibá";"Não";"-";"Motociclistas";NA;NA;NA;NA;NA;NA;NA;NA;NA;1;NA;NA;NA;NA;NA;NA;NA;1;NA;NA;2;NA;NA;NA;NA
31;"MG";3153608;"315360";"Prudente de Morais";"Não";"Colar Metropolitano de Belo Horizonte";"Motociclistas";NA;NA;NA;NA;NA;NA;NA;NA;NA;NA;NA;NA;NA;NA;2;NA;NA;NA;1;NA;NA;NA;NA;NA;NA
31;"MG";3153707;"315370";"Quartel Geral";"Não";"-";"Motociclistas";NA;NA;NA;NA;NA;NA;NA;NA;NA;NA;NA;NA;NA;NA;NA;NA;NA;1;NA;1;NA;NA;NA;NA;NA
31;"MG";3153806;"315380";"Queluzito";"Não";"-";"Motociclistas";NA;NA;NA;NA;NA;NA;NA;NA;NA;NA;NA;NA;NA;NA;NA;NA;NA;NA;NA;NA;NA;NA;NA;NA;NA
31;"MG";3153905;"315390";"Raposos";"Não";"Região Metropolitana de Belo Horizonte";"Motociclistas";NA;NA;NA;NA;NA;1;NA;NA;NA;NA;NA;NA;NA;NA;NA;1;NA;NA;NA;NA;NA;NA;NA;NA;NA
31;"MG";3154002;"315400";"Raul Soares";"Não";"-";"Motociclistas";NA;NA;NA;NA;NA;NA;NA;NA;2;1;NA;1;1;1;NA;1;4;NA;NA;1;NA;1;1;NA;NA
31;"MG";3154150;"315415";"Reduto";"Não";"-";"Motociclistas";NA;NA;NA;NA;NA;NA;NA;NA;NA;NA;NA;1;1;NA;NA;1;2;1;NA;1;NA;1;2;1;NA
31;"MG";3154200;"315420";"Resende Costa";"Não";"-";"Motociclistas";NA;NA;NA;NA;NA;NA;NA;NA;NA;NA;NA;NA;NA;NA;NA;NA;NA;NA;NA;NA;NA;1;NA;NA;NA
31;"MG";3154309;"315430";"Resplendor";"Não";"-";"Motociclistas";NA;NA;NA;NA;1;NA;NA;NA;NA;NA;NA;NA;1;1;2;3;2;3;1;1;NA;NA;1;2;NA
31;"MG";3154408;"315440";"Ressaquinha";"Não";"-";"Motociclistas";NA;NA;NA;NA;NA;NA;NA;NA;NA;NA;NA;NA;NA;NA;NA;NA;NA;NA;NA;NA;NA;NA;NA;1;NA
31;"MG";3154457;"315445";"Riachinho";"Não";"-";"Motociclistas";NA;NA;1;NA;NA;NA;NA;NA;NA;2;2;NA;NA;NA;NA;1;NA;NA;NA;NA;1;NA;1;1;NA
31;"MG";3154507;"315450";"Riacho dos Machados";"Não";"-";"Motociclistas";NA;NA;NA;NA;NA;NA;NA;NA;NA;NA;NA;1;NA;NA;NA;NA;NA;NA;NA;1;NA;NA;NA;NA;NA
31;"MG";3154606;"315460";"Ribeirão das Neves";"Não";"Região Metropolitana de Belo Horizonte";"Motociclistas";NA;NA;1;NA;1;NA;NA;3;NA;NA;NA;2;3;5;1;2;5;5;11;1;1;7;NA;1;NA
31;"MG";3154705;"315470";"Ribeirão Vermelho";"Não";"-";"Motociclistas";NA;NA;NA;NA;NA;NA;NA;NA;NA;NA;NA;NA;NA;NA;NA;NA;NA;NA;NA;NA;NA;NA;1;NA;NA
31;"MG";3154804;"315480";"Rio Acima";"Não";"Região Metropolitana de Belo Horizonte";"Motociclistas";NA;NA;NA;NA;NA;NA;NA;NA;NA;NA;NA;NA;NA;NA;NA;NA;NA;NA;NA;1;NA;NA;NA;NA;NA
31;"MG";3154903;"315490";"Rio Casca";"Não";"-";"Motociclistas";NA;NA;NA;NA;NA;NA;NA;NA;NA;1;NA;2;1;NA;1;1;NA;1;NA;NA;NA;NA;NA;NA;NA
31;"MG";3155306;"315530";"Rio Manso";"Não";"Região Metropolitana de Belo Horizonte";"Motociclistas";NA;NA;NA;NA;NA;NA;NA;NA;NA;NA;NA;NA;NA;NA;NA;NA;NA;NA;NA;NA;NA;NA;NA;NA;NA
31;"MG";3155405;"315540";"Rio Novo";"Não";"-";"Motociclistas";NA;NA;NA;NA;NA;NA;NA;NA;NA;NA;NA;NA;NA;NA;NA;NA;NA;NA;NA;NA;NA;NA;NA;NA;NA
31;"MG";3155504;"315550";"Rio Paranaíba";"Não";"-";"Motociclistas";NA;NA;NA;NA;NA;NA;NA;NA;NA;NA;NA;1;NA;NA;NA;NA;NA;NA;NA;NA;NA;NA;NA;NA;NA
31;"MG";3155603;"315560";"Rio Pardo de Minas";"Não";"-";"Motociclistas";NA;NA;NA;NA;1;1;1;4;2;1;NA;1;1;3;1;NA;NA;1;NA;NA;2;NA;NA;NA;NA
31;"MG";3155702;"315570";"Rio Piracicaba";"Não";"-";"Motociclistas";NA;NA;NA;NA;NA;NA;NA;NA;NA;NA;NA;NA;NA;NA;1;NA;NA;NA;NA;NA;NA;NA;NA;NA;NA
31;"MG";3155801;"315580";"Rio Pomba";"Não";"-";"Motociclistas";NA;NA;NA;NA;NA;NA;1;NA;NA;NA;NA;NA;NA;NA;1;NA;NA;NA;NA;NA;1;NA;NA;NA;NA
31;"MG";3155900;"315590";"Rio Preto";"Não";"-";"Motociclistas";NA;NA;NA;NA;NA;NA;NA;NA;NA;NA;NA;NA;NA;NA;NA;NA;NA;NA;NA;NA;NA;NA;NA;NA;NA
31;"MG";3156007;"315600";"Rio Vermelho";"Não";"-";"Motociclistas";NA;NA;NA;NA;NA;NA;NA;NA;NA;NA;NA;NA;NA;NA;NA;1;1;NA;NA;NA;NA;NA;NA;NA;NA
31;"MG";3156106;"315610";"Ritápolis";"Não";"-";"Motociclistas";NA;NA;NA;NA;NA;NA;NA;NA;NA;NA;NA;NA;NA;NA;NA;NA;NA;NA;NA;NA;NA;NA;NA;NA;NA
31;"MG";3156205;"315620";"Rochedo de Minas";"Não";"-";"Motociclistas";NA;NA;NA;NA;NA;NA;NA;NA;NA;NA;NA;NA;NA;1;NA;NA;NA;NA;NA;NA;NA;NA;NA;NA;NA
31;"MG";3156304;"315630";"Rodeiro";"Não";"-";"Motociclistas";NA;NA;NA;NA;NA;NA;NA;NA;NA;NA;NA;NA;1;NA;NA;NA;NA;1;NA;NA;NA;NA;NA;NA;NA
31;"MG";3156403;"315640";"Romaria";"Não";"-";"Motociclistas";NA;NA;NA;NA;NA;NA;NA;NA;NA;NA;NA;NA;NA;NA;NA;NA;NA;NA;NA;NA;NA;NA;NA;NA;NA
31;"MG";3156452;"315645";"Rosário da Limeira";"Não";"-";"Motociclistas";NA;NA;NA;NA;NA;NA;NA;NA;NA;NA;NA;NA;NA;NA;1;NA;NA;1;NA;NA;NA;NA;NA;NA;NA
31;"MG";3156502;"315650";"Rubelita";"Não";"-";"Motociclistas";NA;NA;NA;NA;NA;NA;NA;NA;NA;1;NA;NA;NA;NA;NA;NA;NA;NA;NA;NA;NA;NA;NA;1;NA
31;"MG";3156601;"315660";"Rubim";"Não";"-";"Motociclistas";NA;NA;NA;NA;NA;NA;NA;NA;NA;NA;NA;NA;1;NA;NA;NA;1;NA;NA;NA;NA;NA;NA;NA;NA
31;"MG";3156700;"315670";"Sabará";"Não";"Região Metropolitana de Belo Horizonte";"Motociclistas";NA;NA;NA;NA;NA;NA;NA;NA;NA;NA;NA;NA;NA;1;1;5;1;3;NA;NA;1;1;1;1;NA
31;"MG";3156809;"315680";"Sabinópolis";"Não";"-";"Motociclistas";NA;2;NA;NA;NA;NA;NA;NA;NA;1;NA;NA;1;NA;NA;NA;1;NA;2;1;1;NA;NA;1;NA
31;"MG";3156908;"315690";"Sacramento";"Não";"-";"Motociclistas";NA;NA;NA;NA;NA;1;NA;NA;NA;NA;NA;NA;1;NA;NA;NA;NA;NA;NA;NA;NA;NA;NA;1;NA
31;"MG";3157005;"315700";"Salinas";"Não";"-";"Motociclistas";NA;NA;NA;NA;NA;3;NA;1;1;4;2;2;NA;1;1;NA;NA;NA;2;1;2;NA;1;4;NA
31;"MG";3157104;"315710";"Salto da Divisa";"Não";"-";"Motociclistas";NA;NA;NA;NA;NA;NA;NA;NA;NA;NA;NA;NA;NA;NA;NA;NA;NA;NA;NA;NA;NA;1;NA;NA;NA
31;"MG";3157203;"315720";"Santa Bárbara";"Não";"Colar Metropolitano de Belo Horizonte";"Motociclistas";NA;NA;1;NA;1;NA;NA;NA;NA;NA;NA;NA;NA;NA;1;2;2;1;NA;NA;1;NA;NA;NA;NA
31;"MG";3157252;"315725";"Santa Bárbara do Leste";"Não";"-";"Motociclistas";NA;NA;NA;NA;NA;NA;NA;NA;NA;NA;NA;NA;NA;1;NA;1;2;NA;NA;NA;1;NA;2;1;NA
31;"MG";3157302;"315730";"Santa Bárbara do Tugúrio";"Não";"-";"Motociclistas";NA;NA;NA;NA;NA;NA;NA;NA;NA;NA;NA;NA;NA;NA;NA;NA;NA;NA;NA;NA;NA;NA;NA;NA;NA
31;"MG";3157336;"315733";"Santa Cruz de Minas";"Não";"-";"Motociclistas";NA;NA;NA;NA;NA;NA;NA;NA;NA;NA;NA;NA;NA;NA;NA;NA;NA;1;NA;NA;NA;NA;NA;NA;NA
31;"MG";3157377;"315737";"Santa Cruz de Salinas";"Não";"-";"Motociclistas";NA;NA;NA;NA;NA;NA;NA;NA;NA;NA;NA;NA;NA;NA;1;NA;NA;NA;NA;NA;NA;NA;NA;NA;NA
31;"MG";3157500;"315750";"Santa Efigênia de Minas";"Não";"-";"Motociclistas";NA;NA;NA;NA;NA;NA;NA;NA;NA;NA;NA;NA;NA;NA;NA;NA;NA;NA;1;NA;1;NA;NA;1;NA
31;"MG";3157609;"315760";"Santa Fé de Minas";"Não";"-";"Motociclistas";NA;NA;NA;NA;NA;NA;NA;NA;1;NA;NA;NA;NA;NA;NA;NA;1;NA;NA;NA;NA;NA;NA;NA;NA
31;"MG";3157658;"315765";"Santa Helena de Minas";"Não";"-";"Motociclistas";NA;NA;NA;NA;NA;NA;NA;NA;NA;NA;NA;NA;1;NA;NA;1;NA;2;NA;NA;NA;NA;NA;NA;NA
31;"MG";3157708;"315770";"Santa Juliana";"Não";"-";"Motociclistas";NA;NA;NA;NA;NA;NA;NA;1;1;NA;NA;1;NA;NA;NA;NA;NA;NA;NA;1;NA;1;NA;NA;NA
31;"MG";3157807;"315780";"Santa Luzia";"Não";"Região Metropolitana de Belo Horizonte";"Motociclistas";NA;NA;NA;NA;NA;1;2;NA;1;NA;NA;NA;1;NA;4;5;2;NA;1;NA;NA;NA;NA;NA;NA
31;"MG";3157906;"315790";"Santa Margarida";"Não";"-";"Motociclistas";NA;NA;NA;NA;NA;NA;NA;NA;NA;NA;NA;NA;NA;NA;1;1;NA;NA;1;NA;NA;NA;NA;NA;NA
31;"MG";3158003;"315800";"Santa Maria de Itabira";"Não";"-";"Motociclistas";NA;NA;NA;NA;NA;NA;NA;NA;NA;NA;NA;1;NA;1;1;NA;NA;NA;1;NA;NA;NA;1;NA;NA
31;"MG";3158102;"315810";"Santa Maria do Salto";"Não";"-";"Motociclistas";NA;NA;NA;NA;NA;NA;NA;NA;NA;NA;NA;NA;NA;NA;NA;1;NA;NA;NA;NA;NA;NA;NA;NA;NA
31;"MG";3158201;"315820";"Santa Maria do Suaçuí";"Não";"-";"Motociclistas";NA;NA;NA;NA;NA;NA;NA;NA;NA;NA;NA;1;NA;NA;NA;1;NA;2;1;NA;1;NA;NA;1;NA
31;"MG";3158300;"315830";"Santana da Vargem";"Não";"-";"Motociclistas";NA;NA;NA;NA;NA;NA;NA;NA;NA;NA;NA;NA;NA;NA;NA;NA;NA;NA;NA;NA;NA;NA;NA;NA;NA
31;"MG";3158508;"315850";"Santana de Pirapama";"Não";"-";"Motociclistas";NA;NA;NA;NA;NA;NA;NA;NA;NA;NA;1;NA;1;NA;NA;NA;NA;NA;1;NA;NA;NA;1;NA;NA
31;"MG";3158904;"315890";"Santana do Manhuaçu";"Não";"-";"Motociclistas";NA;NA;NA;NA;NA;NA;NA;1;1;NA;NA;NA;NA;2;NA;NA;1;NA;NA;NA;NA;NA;NA;NA;NA
31;"MG";3158953;"315895";"Santana do Paraíso";"Não";"Região Metropolitana do Vale do Aço";"Motociclistas";NA;NA;NA;NA;NA;NA;NA;NA;NA;NA;1;1;1;NA;1;NA;1;1;2;NA;2;NA;1;1;NA
31;"MG";3159001;"315900";"Santana do Riacho";"Não";"-";"Motociclistas";NA;NA;NA;NA;NA;NA;NA;NA;NA;NA;NA;NA;NA;NA;NA;NA;NA;NA;NA;NA;NA;NA;NA;NA;NA
31;"MG";3159100;"315910";"Santana dos Montes";"Não";"-";"Motociclistas";NA;NA;NA;NA;NA;NA;NA;NA;NA;NA;NA;NA;NA;NA;NA;1;NA;NA;NA;NA;NA;NA;NA;NA;NA
31;"MG";3159209;"315920";"Santa Rita de Caldas";"Não";"-";"Motociclistas";NA;NA;NA;NA;NA;NA;NA;NA;NA;NA;NA;NA;NA;NA;NA;NA;NA;NA;NA;NA;NA;NA;NA;NA;NA
31;"MG";3159308;"315930";"Santa Rita de Jacutinga";"Não";"-";"Motociclistas";NA;NA;NA;NA;NA;NA;NA;NA;NA;NA;1;NA;NA;NA;NA;NA;NA;NA;NA;NA;NA;NA;NA;NA;NA
31;"MG";3159357;"315935";"Santa Rita de Minas";"Não";"-";"Motociclistas";NA;NA;NA;NA;NA;NA;NA;NA;NA;NA;NA;NA;NA;NA;NA;2;NA;NA;1;NA;1;3;1;NA;NA
31;"MG";3159506;"315950";"Santa Rita do Itueto";"Não";"-";"Motociclistas";NA;NA;NA;NA;NA;NA;NA;NA;NA;NA;NA;1;NA;NA;NA;NA;NA;1;NA;NA;NA;NA;NA;NA;NA
31;"MG";3159605;"315960";"Santa Rita do Sapucaí";"Não";"-";"Motociclistas";NA;NA;NA;NA;NA;NA;NA;NA;NA;NA;NA;1;NA;1;NA;NA;NA;NA;NA;NA;1;NA;1;NA;NA
31;"MG";3159704;"315970";"Santa Rosa da Serra";"Não";"-";"Motociclistas";NA;NA;NA;NA;NA;NA;NA;NA;NA;NA;1;NA;NA;NA;NA;NA;NA;NA;NA;1;NA;NA;NA;NA;NA
31;"MG";3159803;"315980";"Santa Vitória";"Não";"-";"Motociclistas";NA;NA;NA;NA;NA;NA;1;NA;NA;NA;1;1;NA;1;2;NA;NA;NA;NA;NA;NA;NA;NA;NA;NA
31;"MG";3159902;"315990";"Santo Antônio do Amparo";"Não";"-";"Motociclistas";NA;NA;NA;NA;NA;NA;NA;NA;NA;NA;NA;NA;NA;NA;NA;1;NA;NA;NA;1;NA;NA;NA;1;NA
31;"MG";3160108;"316010";"Santo Antônio do Grama";"Não";"-";"Motociclistas";NA;NA;NA;NA;NA;NA;NA;NA;NA;NA;NA;NA;1;NA;1;NA;NA;NA;NA;NA;NA;NA;NA;NA;NA
31;"MG";3160207;"316020";"Santo Antônio do Itambé";"Não";"-";"Motociclistas";NA;NA;NA;NA;NA;NA;NA;NA;NA;NA;NA;NA;NA;NA;1;NA;NA;NA;NA;NA;NA;NA;NA;NA;NA
31;"MG";3160306;"316030";"Santo Antônio do Jacinto";"Não";"-";"Motociclistas";NA;NA;NA;NA;NA;NA;1;NA;NA;NA;NA;NA;1;NA;NA;NA;NA;1;NA;NA;NA;NA;NA;NA;NA
31;"MG";3160405;"316040";"Santo Antônio do Monte";"Não";"-";"Motociclistas";NA;NA;NA;NA;NA;NA;NA;NA;NA;NA;NA;NA;NA;NA;NA;NA;NA;NA;NA;NA;NA;NA;NA;1;NA
31;"MG";3160454;"316045";"Santo Antônio do Retiro";"Não";"-";"Motociclistas";NA;NA;NA;NA;NA;NA;NA;NA;NA;1;NA;NA;1;NA;1;1;NA;NA;NA;NA;NA;NA;1;NA;NA
31;"MG";3160504;"316050";"Santo Antônio do Rio Abaixo";"Não";"-";"Motociclistas";NA;NA;NA;NA;NA;NA;NA;NA;NA;NA;NA;NA;NA;NA;NA;NA;NA;NA;NA;NA;NA;1;NA;NA;NA
31;"MG";3160603;"316060";"Santo Hipólito";"Não";"-";"Motociclistas";NA;NA;NA;NA;NA;NA;NA;NA;NA;NA;NA;NA;NA;NA;1;NA;NA;NA;NA;NA;NA;1;NA;NA;NA
31;"MG";3160702;"316070";"Santos Dumont";"Não";"-";"Motociclistas";NA;NA;NA;NA;1;NA;1;NA;NA;NA;NA;NA;NA;NA;NA;NA;NA;NA;NA;1;NA;NA;NA;NA;NA
31;"MG";3160801;"316080";"São Bento Abade";"Não";"-";"Motociclistas";NA;NA;NA;NA;NA;NA;NA;NA;NA;NA;NA;NA;NA;NA;1;NA;NA;NA;NA;NA;NA;NA;NA;NA;NA
31;"MG";3160900;"316090";"São Brás do Suaçuí";"Não";"-";"Motociclistas";NA;NA;NA;NA;NA;NA;NA;NA;NA;NA;2;NA;NA;NA;NA;NA;NA;NA;NA;NA;NA;NA;NA;NA;NA
31;"MG";3160959;"316095";"São Domingos das Dores";"Não";"-";"Motociclistas";NA;NA;NA;NA;NA;NA;NA;NA;NA;NA;NA;NA;NA;NA;NA;NA;NA;NA;NA;NA;NA;NA;NA;NA;NA
31;"MG";3161007;"316100";"São Domingos do Prata";"Não";"-";"Motociclistas";NA;NA;NA;NA;NA;NA;1;NA;NA;NA;NA;NA;NA;NA;NA;1;NA;NA;NA;NA;NA;NA;NA;NA;NA
31;"MG";3161056;"316105";"São Félix de Minas";"Não";"-";"Motociclistas";NA;NA;NA;NA;NA;NA;NA;NA;NA;NA;NA;NA;NA;NA;NA;NA;NA;NA;NA;1;NA;1;NA;NA;NA
31;"MG";3161106;"316110";"São Francisco";"Não";"-";"Motociclistas";NA;NA;NA;NA;NA;NA;NA;NA;1;3;2;NA;NA;2;1;2;2;4;NA;1;NA;NA;2;3;NA
31;"MG";3161205;"316120";"São Francisco de Paula";"Não";"-";"Motociclistas";NA;NA;NA;NA;NA;NA;NA;NA;NA;NA;NA;NA;NA;1;NA;NA;NA;NA;NA;NA;NA;NA;NA;NA;NA
31;"MG";3161304;"316130";"São Francisco de Sales";"Não";"-";"Motociclistas";NA;NA;NA;NA;NA;NA;NA;NA;NA;NA;NA;NA;NA;NA;NA;1;NA;NA;NA;NA;NA;NA;NA;NA;NA
31;"MG";3161403;"316140";"São Francisco do Glória";"Não";"-";"Motociclistas";NA;NA;NA;NA;NA;NA;NA;NA;NA;NA;NA;NA;NA;NA;NA;NA;1;NA;1;NA;NA;NA;NA;NA;NA
31;"MG";3161502;"316150";"São Geraldo";"Não";"-";"Motociclistas";NA;NA;NA;NA;NA;NA;NA;NA;NA;NA;NA;NA;NA;NA;NA;NA;NA;NA;NA;1;NA;NA;NA;NA;NA
31;"MG";3161650;"316165";"São Geraldo do Baixio";"Não";"-";"Motociclistas";NA;NA;NA;NA;NA;NA;NA;NA;NA;NA;NA;NA;NA;NA;NA;NA;NA;NA;NA;NA;NA;NA;NA;NA;NA
31;"MG";3161700;"316170";"São Gonçalo do Abaeté";"Não";"-";"Motociclistas";NA;NA;NA;NA;NA;NA;1;NA;NA;NA;NA;NA;NA;NA;NA;NA;NA;2;NA;NA;NA;NA;NA;NA;NA
31;"MG";3161809;"316180";"São Gonçalo do Pará";"Não";"-";"Motociclistas";NA;NA;NA;NA;NA;NA;1;NA;NA;1;NA;NA;NA;NA;NA;NA;1;NA;NA;NA;NA;NA;NA;NA;NA
31;"MG";3161908;"316190";"São Gonçalo do Rio Abaixo";"Não";"Colar Metropolitano de Belo Horizonte";"Motociclistas";NA;NA;NA;NA;NA;NA;NA;NA;NA;NA;1;NA;NA;NA;NA;1;1;NA;NA;NA;NA;NA;NA;NA;NA
31;"MG";3162005;"316200";"São Gonçalo do Sapucaí";"Não";"-";"Motociclistas";NA;NA;NA;NA;NA;NA;NA;NA;NA;NA;NA;NA;NA;NA;NA;NA;NA;NA;NA;NA;NA;NA;1;NA;NA
31;"MG";3162104;"316210";"São Gotardo";"Não";"-";"Motociclistas";NA;NA;NA;NA;NA;NA;NA;NA;NA;NA;NA;NA;NA;NA;NA;NA;NA;NA;NA;NA;NA;NA;NA;1;NA
31;"MG";3162203;"316220";"São João Batista do Glória";"Não";"-";"Motociclistas";NA;NA;NA;NA;NA;NA;NA;NA;NA;NA;NA;NA;NA;NA;1;NA;NA;NA;NA;NA;NA;NA;NA;NA;NA
31;"MG";3162252;"316225";"São João da Lagoa";"Não";"-";"Motociclistas";NA;NA;NA;NA;NA;NA;1;NA;NA;NA;NA;NA;NA;NA;NA;NA;NA;NA;NA;NA;NA;NA;2;NA;NA
31;"MG";3162302;"316230";"São João da Mata";"Não";"-";"Motociclistas";NA;NA;NA;NA;NA;NA;NA;NA;NA;NA;NA;NA;NA;NA;NA;NA;NA;NA;NA;NA;NA;NA;NA;NA;NA
31;"MG";3162401;"316240";"São João da Ponte";"Não";"-";"Motociclistas";NA;NA;NA;NA;NA;NA;NA;NA;NA;NA;NA;1;NA;NA;NA;NA;1;NA;NA;NA;NA;NA;2;NA;NA
31;"MG";3162450;"316245";"São João das Missões";"Não";"-";"Motociclistas";NA;NA;NA;NA;NA;NA;NA;NA;NA;NA;NA;NA;NA;NA;NA;NA;NA;1;NA;NA;NA;NA;1;1;NA
31;"MG";3162500;"316250";"São João del Rei";"Não";"-";"Motociclistas";NA;NA;NA;NA;NA;NA;NA;NA;2;3;NA;NA;NA;2;2;1;3;5;NA;2;2;NA;1;2;NA
31;"MG";3162559;"316255";"São João do Manhuaçu";"Não";"-";"Motociclistas";NA;NA;NA;NA;NA;NA;NA;NA;1;NA;NA;NA;NA;2;NA;NA;1;1;NA;2;1;NA;1;3;NA
31;"MG";3162575;"316257";"São João do Manteninha";"Não";"-";"Motociclistas";NA;NA;NA;NA;NA;NA;NA;NA;NA;NA;NA;NA;NA;NA;1;NA;1;2;NA;1;NA;1;NA;NA;NA
31;"MG";3162609;"316260";"São João do Oriente";"Não";"Colar Metropolitano";"Motociclistas";NA;NA;NA;NA;NA;NA;NA;NA;NA;NA;NA;NA;NA;NA;NA;NA;NA;NA;NA;1;NA;NA;NA;NA;NA
31;"MG";3162708;"316270";"São João do Paraíso";"Não";"-";"Motociclistas";NA;NA;NA;NA;NA;NA;NA;NA;2;NA;1;1;2;1;NA;NA;NA;NA;NA;NA;1;NA;NA;NA;NA
31;"MG";3162807;"316280";"São João Evangelista";"Não";"-";"Motociclistas";NA;NA;NA;NA;NA;NA;1;2;NA;NA;2;NA;1;1;1;3;1;1;NA;NA;NA;1;2;NA;NA
31;"MG";3162906;"316290";"São João Nepomuceno";"Não";"-";"Motociclistas";NA;NA;NA;NA;NA;NA;NA;NA;NA;NA;NA;NA;NA;NA;NA;1;NA;2;NA;NA;NA;NA;NA;NA;NA
31;"MG";3162922;"316292";"São Joaquim de Bicas";"Não";"Região Metropolitana de Belo Horizonte";"Motociclistas";NA;NA;NA;NA;NA;NA;NA;NA;NA;NA;NA;1;1;NA;NA;NA;NA;NA;NA;NA;NA;NA;NA;NA;NA
31;"MG";3162948;"316294";"São José da Barra";"Não";"-";"Motociclistas";NA;NA;NA;NA;NA;NA;NA;NA;NA;NA;NA;NA;NA;NA;NA;NA;NA;NA;1;NA;1;NA;NA;1;NA
31;"MG";3162955;"316295";"São José da Lapa";"Não";"Região Metropolitana de Belo Horizonte";"Motociclistas";NA;NA;NA;1;NA;NA;NA;NA;NA;NA;NA;NA;NA;NA;NA;NA;NA;NA;NA;NA;NA;NA;NA;NA;NA
31;"MG";3163003;"316300";"São José da Safira";"Não";"-";"Motociclistas";NA;NA;NA;NA;NA;NA;NA;NA;NA;NA;NA;NA;NA;NA;1;NA;2;NA;NA;NA;NA;NA;NA;NA;NA
31;"MG";3163102;"316310";"São José da Varginha";"Não";"Colar Metropolitano de Belo Horizonte";"Motociclistas";NA;NA;NA;NA;NA;NA;NA;NA;NA;NA;NA;1;NA;NA;NA;NA;NA;NA;NA;NA;1;NA;NA;NA;NA
31;"MG";3163201;"316320";"São José do Alegre";"Não";"-";"Motociclistas";NA;NA;NA;NA;NA;NA;NA;NA;NA;NA;NA;2;NA;NA;NA;NA;NA;NA;NA;NA;NA;NA;NA;NA;NA
31;"MG";3163300;"316330";"São José do Divino";"Não";"-";"Motociclistas";NA;NA;NA;NA;NA;NA;NA;NA;1;NA;NA;NA;NA;NA;NA;NA;NA;NA;NA;1;NA;NA;NA;NA;NA
31;"MG";3163409;"316340";"São José do Goiabal";"Não";"Colar Metropolitano";"Motociclistas";NA;NA;NA;NA;NA;NA;NA;NA;NA;NA;NA;NA;NA;NA;NA;NA;NA;2;NA;NA;NA;NA;NA;NA;NA
31;"MG";3163508;"316350";"São José do Jacuri";"Não";"-";"Motociclistas";NA;NA;NA;NA;NA;NA;NA;NA;NA;NA;NA;2;NA;NA;NA;1;NA;NA;NA;NA;NA;NA;NA;NA;NA
31;"MG";3163607;"316360";"São José do Mantimento";"Não";"-";"Motociclistas";NA;NA;NA;NA;NA;NA;NA;NA;NA;1;NA;NA;NA;NA;1;NA;NA;NA;NA;NA;NA;NA;NA;NA;NA
31;"MG";3163706;"316370";"São Lourenço";"Não";"-";"Motociclistas";NA;NA;NA;NA;NA;NA;NA;NA;1;NA;NA;NA;NA;2;NA;NA;1;1;1;NA;1;1;1;2;NA
31;"MG";3163805;"316380";"São Miguel do Anta";"Não";"-";"Motociclistas";NA;NA;NA;NA;NA;NA;NA;NA;1;NA;NA;NA;NA;NA;NA;NA;NA;NA;NA;NA;NA;1;NA;NA;NA
31;"MG";3163904;"316390";"São Pedro da União";"Não";"-";"Motociclistas";NA;NA;NA;NA;NA;NA;NA;NA;NA;NA;NA;NA;NA;NA;NA;NA;NA;NA;NA;NA;NA;NA;NA;NA;NA
31;"MG";3164001;"316400";"São Pedro dos Ferros";"Não";"-";"Motociclistas";NA;NA;NA;NA;NA;NA;NA;NA;NA;NA;NA;NA;NA;NA;NA;NA;1;NA;NA;NA;2;NA;NA;NA;NA
31;"MG";3164100;"316410";"São Pedro do Suaçuí";"Não";"-";"Motociclistas";NA;NA;NA;NA;NA;NA;NA;NA;NA;1;NA;1;NA;NA;1;NA;NA;NA;1;1;NA;NA;NA;NA;NA
31;"MG";3164209;"316420";"São Romão";"Não";"-";"Motociclistas";NA;NA;NA;NA;NA;NA;NA;NA;NA;1;NA;NA;NA;NA;NA;NA;NA;NA;NA;NA;NA;1;NA;NA;NA
31;"MG";3164308;"316430";"São Roque de Minas";"Não";"-";"Motociclistas";NA;NA;NA;NA;NA;NA;NA;NA;NA;NA;NA;NA;NA;NA;NA;NA;NA;NA;NA;NA;NA;1;NA;1;NA
31;"MG";3164407;"316440";"São Sebastião da Bela Vista";"Não";"-";"Motociclistas";NA;NA;NA;NA;NA;NA;NA;NA;NA;NA;NA;NA;NA;NA;NA;2;NA;NA;NA;1;NA;NA;NA;NA;NA
31;"MG";3164431;"316443";"São Sebastião da Vargem Alegre";"Não";"-";"Motociclistas";NA;NA;NA;NA;NA;NA;NA;NA;NA;NA;NA;NA;NA;NA;NA;NA;NA;NA;NA;NA;NA;NA;1;NA;NA
31;"MG";3164472;"316447";"São Sebastião do Anta";"Não";"-";"Motociclistas";NA;NA;NA;NA;NA;NA;NA;NA;NA;NA;1;NA;NA;NA;NA;NA;NA;NA;NA;NA;2;NA;NA;2;NA
31;"MG";3164506;"316450";"São Sebastião do Maranhão";"Não";"-";"Motociclistas";NA;NA;NA;NA;NA;NA;NA;NA;NA;NA;NA;NA;NA;1;NA;NA;NA;1;1;NA;NA;NA;NA;1;NA
31;"MG";3164605;"316460";"São Sebastião do Oeste";"Não";"-";"Motociclistas";NA;NA;NA;NA;NA;NA;NA;NA;NA;NA;NA;NA;NA;NA;NA;NA;NA;NA;NA;NA;NA;NA;NA;NA;NA
31;"MG";3164704;"316470";"São Sebastião do Paraíso";"Não";"-";"Motociclistas";NA;NA;1;NA;NA;NA;NA;NA;NA;NA;NA;NA;2;NA;2;NA;1;NA;NA;NA;4;2;4;NA;NA
31;"MG";3164902;"316490";"São Sebastião do Rio Verde";"Não";"-";"Motociclistas";NA;NA;NA;NA;NA;NA;NA;NA;NA;NA;NA;NA;NA;NA;NA;NA;NA;NA;NA;NA;NA;NA;NA;NA;NA
31;"MG";3165008;"316500";"São Tiago";"Não";"-";"Motociclistas";NA;NA;NA;NA;NA;NA;NA;NA;NA;NA;NA;NA;NA;NA;NA;NA;NA;NA;NA;NA;NA;1;NA;NA;NA
31;"MG";3165206;"316520";"São Tomé das Letras";"Não";"-";"Motociclistas";NA;NA;NA;NA;NA;NA;1;NA;NA;NA;NA;NA;NA;NA;1;NA;NA;NA;NA;NA;NA;NA;1;NA;NA
31;"MG";3165305;"316530";"São Vicente de Minas";"Não";"-";"Motociclistas";NA;NA;NA;NA;NA;NA;NA;NA;NA;NA;NA;NA;NA;1;NA;NA;NA;NA;NA;NA;NA;NA;NA;NA;NA
31;"MG";3165503;"316550";"Sardoá";"Não";"-";"Motociclistas";NA;NA;NA;NA;NA;NA;NA;NA;NA;NA;NA;NA;NA;NA;NA;1;NA;NA;1;1;NA;NA;NA;NA;NA
31;"MG";3165537;"316553";"Sarzedo";"Não";"Região Metropolitana de Belo Horizonte";"Motociclistas";NA;NA;NA;NA;NA;NA;NA;NA;NA;NA;2;NA;NA;1;NA;1;NA;NA;NA;NA;NA;NA;NA;NA;NA
31;"MG";3165552;"316555";"Setubinha";"Não";"-";"Motociclistas";NA;NA;NA;NA;NA;NA;NA;NA;NA;3;NA;NA;NA;1;NA;2;NA;NA;NA;NA;NA;NA;NA;NA;NA
31;"MG";3165578;"316557";"Senador Amaral";"Não";"-";"Motociclistas";NA;NA;NA;NA;NA;NA;NA;NA;NA;NA;NA;1;NA;NA;NA;NA;NA;NA;NA;NA;NA;NA;NA;1;NA
31;"MG";3165701;"316570";"Senador Firmino";"Não";"-";"Motociclistas";NA;NA;NA;NA;NA;NA;NA;NA;NA;NA;NA;NA;NA;NA;NA;NA;NA;NA;1;NA;NA;NA;NA;1;NA
31;"MG";3165800;"316580";"Senador José Bento";"Não";"-";"Motociclistas";NA;NA;NA;NA;NA;NA;NA;NA;NA;NA;NA;NA;NA;NA;NA;NA;NA;NA;NA;NA;NA;NA;NA;NA;NA
31;"MG";3165909;"316590";"Senador Modestino Gonçalves";"Não";"-";"Motociclistas";NA;NA;NA;NA;NA;NA;NA;NA;NA;NA;NA;3;NA;NA;NA;NA;NA;NA;NA;NA;NA;NA;1;1;NA
31;"MG";3166006;"316600";"Senhora de Oliveira";"Não";"-";"Motociclistas";NA;NA;1;NA;NA;NA;NA;NA;NA;NA;NA;NA;NA;NA;NA;NA;NA;NA;NA;NA;NA;NA;1;NA;NA
31;"MG";3166105;"316610";"Senhora do Porto";"Não";"-";"Motociclistas";NA;NA;NA;NA;NA;NA;NA;NA;NA;NA;NA;NA;NA;NA;NA;1;NA;NA;NA;1;NA;NA;NA;NA;NA
31;"MG";3166204;"316620";"Senhora dos Remédios";"Não";"-";"Motociclistas";NA;NA;NA;NA;NA;NA;NA;NA;NA;NA;NA;NA;NA;NA;NA;NA;1;NA;NA;NA;NA;NA;NA;NA;NA
31;"MG";3166303;"316630";"Sericita";"Não";"-";"Motociclistas";NA;NA;NA;NA;NA;NA;NA;NA;NA;NA;NA;NA;1;NA;NA;NA;NA;NA;NA;NA;NA;1;NA;NA;NA
31;"MG";3166501;"316650";"Serra Azul de Minas";"Não";"-";"Motociclistas";NA;NA;NA;NA;NA;NA;NA;NA;NA;NA;NA;NA;NA;NA;NA;NA;NA;NA;NA;NA;NA;NA;NA;1;NA
31;"MG";3166709;"316670";"Serra dos Aimorés";"Não";"-";"Motociclistas";NA;NA;NA;NA;NA;NA;NA;NA;NA;NA;NA;NA;1;NA;NA;1;NA;NA;NA;NA;NA;NA;NA;NA;NA
31;"MG";3166808;"316680";"Serra do Salitre";"Não";"-";"Motociclistas";NA;NA;NA;NA;NA;NA;NA;NA;1;NA;NA;NA;NA;NA;NA;NA;NA;NA;NA;NA;1;NA;1;NA;NA
31;"MG";3166907;"316690";"Serrania";"Não";"-";"Motociclistas";NA;NA;NA;NA;NA;NA;NA;NA;NA;NA;NA;NA;NA;NA;NA;NA;NA;NA;NA;NA;NA;NA;NA;NA;NA
31;"MG";3167103;"316710";"Serro";"Não";"-";"Motociclistas";NA;NA;NA;NA;NA;NA;NA;NA;NA;NA;NA;NA;1;NA;NA;1;1;NA;1;1;NA;NA;NA;NA;NA
31;"MG";3167202;"316720";"Sete Lagoas";"Não";"Colar Metropolitano de Belo Horizonte";"Motociclistas";NA;NA;NA;NA;NA;NA;NA;1;1;5;5;8;18;12;14;9;15;4;10;13;9;15;11;11;NA
31;"MG";3167301;"316730";"Silveirânia";"Não";"-";"Motociclistas";NA;NA;NA;NA;NA;NA;NA;NA;NA;NA;NA;NA;NA;NA;NA;NA;NA;NA;NA;1;NA;NA;NA;NA;NA
31;"MG";3167400;"316740";"Silvianópolis";"Não";"-";"Motociclistas";NA;NA;NA;NA;NA;NA;NA;NA;NA;NA;NA;NA;NA;NA;NA;NA;NA;NA;NA;NA;NA;NA;NA;NA;NA
31;"MG";3167509;"316750";"Simão Pereira";"Não";"-";"Motociclistas";NA;NA;NA;NA;NA;NA;NA;NA;NA;NA;NA;NA;NA;NA;NA;NA;NA;NA;1;NA;NA;NA;NA;NA;NA
31;"MG";3167608;"316760";"Simonésia";"Não";"-";"Motociclistas";NA;NA;NA;NA;NA;NA;1;2;2;NA;1;NA;NA;NA;NA;NA;NA;NA;NA;NA;1;NA;NA;1;NA
31;"MG";3167707;"316770";"Sobrália";"Não";"Colar Metropolitano";"Motociclistas";NA;NA;NA;NA;NA;NA;NA;NA;1;NA;NA;NA;NA;NA;NA;NA;NA;NA;NA;NA;NA;NA;NA;NA;NA
31;"MG";3167806;"316780";"Soledade de Minas";"Não";"-";"Motociclistas";NA;NA;NA;NA;NA;NA;NA;NA;NA;NA;NA;NA;NA;NA;NA;NA;NA;NA;NA;NA;NA;NA;NA;NA;NA
31;"MG";3167905;"316790";"Tabuleiro";"Não";"-";"Motociclistas";NA;NA;NA;NA;NA;NA;NA;NA;NA;NA;NA;NA;NA;NA;NA;1;NA;NA;NA;NA;NA;NA;NA;NA;NA
31;"MG";3168002;"316800";"Taiobeiras";"Não";"-";"Motociclistas";NA;NA;NA;NA;NA;NA;NA;NA;NA;1;NA;NA;2;NA;5;1;NA;NA;1;2;2;1;1;3;NA
31;"MG";3168051;"316805";"Taparuba";"Não";"-";"Motociclistas";NA;NA;NA;NA;NA;NA;NA;NA;NA;NA;NA;NA;NA;1;NA;NA;1;NA;NA;NA;NA;NA;NA;NA;NA
31;"MG";3168101;"316810";"Tapira";"Não";"-";"Motociclistas";NA;NA;NA;NA;NA;NA;NA;NA;NA;NA;NA;NA;NA;NA;NA;NA;NA;NA;NA;NA;NA;NA;NA;NA;NA
31;"MG";3168309;"316830";"Taquaraçu de Minas";"Não";"Região Metropolitana de Belo Horizonte";"Motociclistas";NA;NA;NA;NA;NA;NA;NA;1;NA;NA;NA;NA;NA;NA;NA;NA;NA;NA;NA;NA;NA;NA;NA;NA;NA
31;"MG";3168408;"316840";"Tarumirim";"Não";"-";"Motociclistas";NA;NA;NA;NA;NA;NA;2;1;1;NA;1;NA;NA;NA;3;1;1;2;NA;1;2;NA;NA;NA;NA
31;"MG";3168507;"316850";"Teixeiras";"Não";"-";"Motociclistas";NA;NA;NA;NA;NA;NA;NA;NA;NA;NA;NA;NA;NA;NA;NA;1;NA;2;2;NA;NA;NA;NA;NA;NA
31;"MG";3168606;"316860";"Teófilo Otoni";"Não";"-";"Motociclistas";NA;1;4;2;12;7;11;15;20;24;22;29;20;23;21;19;22;14;15;11;8;15;11;13;NA
31;"MG";3168705;"316870";"Timóteo";"Não";"Região Metropolitana do Vale do Aço";"Motociclistas";NA;NA;NA;1;1;NA;NA;NA;NA;2;NA;NA;2;1;1;2;2;4;1;2;5;1;3;NA;NA
31;"MG";3168804;"316880";"Tiradentes";"Não";"-";"Motociclistas";NA;NA;NA;NA;NA;NA;NA;NA;NA;NA;NA;NA;NA;NA;NA;NA;NA;NA;NA;NA;1;NA;NA;NA;NA
31;"MG";3168903;"316890";"Tiros";"Não";"-";"Motociclistas";NA;NA;NA;NA;NA;NA;NA;NA;NA;NA;NA;NA;NA;NA;NA;NA;NA;NA;NA;NA;NA;NA;NA;NA;NA
31;"MG";3169000;"316900";"Tocantins";"Não";"-";"Motociclistas";NA;NA;NA;NA;NA;NA;NA;NA;NA;NA;NA;NA;2;NA;1;1;NA;NA;NA;NA;NA;NA;NA;2;NA
31;"MG";3169109;"316910";"Toledo";"Não";"-";"Motociclistas";NA;NA;NA;NA;NA;NA;NA;NA;NA;NA;NA;NA;NA;NA;NA;NA;NA;NA;1;NA;NA;NA;NA;NA;NA
31;"MG";3169208;"316920";"Tombos";"Não";"-";"Motociclistas";NA;NA;NA;NA;NA;NA;NA;NA;NA;NA;NA;NA;NA;NA;NA;NA;NA;NA;NA;NA;NA;NA;NA;NA;NA
31;"MG";3169307;"316930";"Três Corações";"Não";"-";"Motociclistas";NA;NA;NA;NA;NA;NA;1;NA;3;NA;3;NA;2;2;1;1;1;1;NA;1;NA;1;1;2;NA
31;"MG";3169356;"316935";"Três Marias";"Não";"-";"Motociclistas";NA;NA;NA;NA;NA;NA;NA;1;NA;NA;1;1;NA;NA;NA;NA;1;3;2;NA;NA;NA;1;1;NA
31;"MG";3169406;"316940";"Três Pontas";"Não";"-";"Motociclistas";NA;NA;NA;NA;1;NA;1;NA;NA;NA;NA;NA;2;NA;NA;NA;NA;1;NA;2;2;NA;1;2;NA
31;"MG";3169505;"316950";"Tumiritinga";"Não";"-";"Motociclistas";NA;NA;NA;NA;NA;NA;NA;NA;1;NA;NA;NA;NA;1;2;NA;1;NA;NA;NA;NA;NA;1;NA;NA
31;"MG";3169604;"316960";"Tupaciguara";"Não";"-";"Motociclistas";NA;NA;NA;NA;NA;NA;NA;1;NA;NA;NA;1;NA;NA;NA;NA;1;NA;1;NA;NA;NA;NA;NA;NA
31;"MG";3169703;"316970";"Turmalina";"Não";"-";"Motociclistas";NA;NA;NA;NA;NA;1;NA;1;NA;1;NA;NA;NA;2;2;1;1;1;NA;2;NA;2;NA;1;NA
31;"MG";3169802;"316980";"Turvolândia";"Não";"-";"Motociclistas";NA;NA;NA;NA;NA;NA;NA;NA;NA;NA;NA;NA;NA;NA;1;NA;NA;NA;NA;NA;NA;NA;NA;NA;NA
31;"MG";3169901;"316990";"Ubá";"Não";"-";"Motociclistas";1;NA;NA;NA;NA;2;1;NA;NA;7;6;4;3;6;7;8;5;2;7;3;3;5;3;NA;NA
31;"MG";3170008;"317000";"Ubaí";"Não";"-";"Motociclistas";NA;NA;NA;NA;NA;NA;NA;NA;NA;NA;NA;2;1;NA;NA;1;NA;1;1;1;NA;NA;NA;NA;NA
31;"MG";3170057;"317005";"Ubaporanga";"Não";"-";"Motociclistas";NA;NA;NA;NA;NA;NA;NA;NA;NA;NA;NA;NA;NA;NA;NA;NA;1;NA;1;NA;NA;1;NA;3;NA
31;"MG";3170107;"317010";"Uberaba";"Não";"-";"Motociclistas";3;2;2;NA;2;3;2;3;5;6;10;5;6;4;7;5;8;11;4;10;9;4;3;8;NA
31;"MG";3170206;"317020";"Uberlândia";"Não";"-";"Motociclistas";NA;1;9;7;6;8;11;11;14;12;17;10;19;9;5;15;10;12;11;12;20;17;25;16;NA
31;"MG";3170305;"317030";"Umburatiba";"Não";"-";"Motociclistas";NA;NA;NA;NA;NA;NA;NA;NA;NA;NA;NA;NA;NA;1;NA;NA;NA;NA;NA;1;NA;NA;NA;NA;NA
31;"MG";3170404;"317040";"Unaí";"Não";"Região Integrada de Desenvolvimento do Distrito Federal e Entorno";"Motociclistas";NA;NA;1;2;1;NA;2;NA;2;NA;NA;5;1;2;4;3;2;3;2;7;4;2;2;6;NA
31;"MG";3170479;"317047";"Uruana de Minas";"Não";"-";"Motociclistas";NA;NA;NA;NA;NA;NA;NA;NA;NA;NA;NA;NA;1;NA;NA;NA;NA;NA;NA;NA;NA;NA;NA;NA;NA
31;"MG";3170503;"317050";"Urucânia";"Não";"-";"Motociclistas";NA;NA;NA;NA;NA;NA;NA;NA;NA;NA;NA;NA;NA;1;1;NA;2;1;NA;NA;NA;NA;NA;NA;NA
31;"MG";3170529;"317052";"Urucuia";"Não";"-";"Motociclistas";NA;NA;NA;NA;NA;1;NA;NA;1;NA;NA;NA;NA;NA;1;1;1;NA;NA;1;1;2;NA;1;NA
31;"MG";3170578;"317057";"Vargem Alegre";"Não";"Colar Metropolitano";"Motociclistas";NA;NA;NA;NA;NA;NA;NA;NA;NA;NA;NA;NA;NA;NA;NA;NA;NA;NA;NA;NA;NA;NA;NA;NA;NA
31;"MG";3170602;"317060";"Vargem Bonita";"Não";"-";"Motociclistas";NA;NA;NA;NA;NA;NA;NA;NA;NA;NA;NA;NA;NA;NA;NA;NA;NA;NA;NA;NA;NA;NA;NA;NA;NA
31;"MG";3170651;"317065";"Vargem Grande do Rio Pardo";"Não";"-";"Motociclistas";NA;NA;NA;NA;NA;NA;1;NA;NA;NA;NA;NA;NA;NA;NA;NA;NA;NA;NA;NA;NA;NA;NA;1;NA
31;"MG";3170701;"317070";"Varginha";"Não";"-";"Motociclistas";NA;NA;NA;NA;NA;NA;1;NA;1;NA;1;3;NA;NA;1;1;NA;2;NA;3;2;NA;4;3;NA
31;"MG";3170750;"317075";"Varjão de Minas";"Não";"-";"Motociclistas";NA;NA;NA;NA;NA;NA;NA;NA;NA;NA;NA;1;NA;NA;NA;2;NA;NA;NA;NA;NA;NA;NA;NA;NA
31;"MG";3170800;"317080";"Várzea da Palma";"Não";"-";"Motociclistas";NA;NA;NA;NA;NA;NA;NA;1;1;1;4;2;3;3;1;2;1;4;NA;1;NA;3;NA;NA;NA
31;"MG";3170909;"317090";"Varzelândia";"Não";"-";"Motociclistas";NA;NA;NA;NA;NA;NA;NA;1;NA;NA;NA;1;1;NA;NA;2;NA;NA;NA;2;NA;NA;NA;NA;NA
31;"MG";3171006;"317100";"Vazante";"Não";"-";"Motociclistas";NA;NA;NA;NA;NA;NA;NA;NA;1;1;NA;2;NA;NA;NA;NA;1;NA;NA;NA;NA;NA;NA;NA;NA
31;"MG";3171030;"317103";"Verdelândia";"Não";"-";"Motociclistas";NA;NA;NA;NA;NA;NA;NA;NA;2;NA;NA;1;1;NA;NA;NA;NA;NA;1;NA;NA;NA;NA;1;NA
31;"MG";3171071;"317107";"Veredinha";"Não";"-";"Motociclistas";NA;NA;NA;NA;NA;1;NA;NA;NA;NA;NA;NA;NA;NA;NA;1;NA;NA;NA;NA;NA;NA;NA;NA;NA
31;"MG";3171105;"317110";"Veríssimo";"Não";"-";"Motociclistas";NA;NA;NA;NA;NA;NA;NA;NA;NA;NA;NA;NA;NA;NA;NA;NA;NA;NA;NA;NA;NA;NA;NA;NA;NA
31;"MG";3171154;"317115";"Vermelho Novo";"Não";"-";"Motociclistas";NA;NA;NA;NA;NA;NA;NA;NA;NA;NA;NA;NA;NA;NA;NA;NA;NA;2;NA;NA;NA;NA;NA;NA;NA
31;"MG";3171204;"317120";"Vespasiano";"Não";"Região Metropolitana de Belo Horizonte";"Motociclistas";NA;NA;NA;NA;NA;NA;NA;NA;1;NA;NA;1;NA;NA;NA;NA;1;4;2;2;2;1;1;1;NA
31;"MG";3171303;"317130";"Viçosa";"Não";"-";"Motociclistas";NA;2;NA;2;NA;1;1;NA;1;1;NA;3;3;3;5;4;5;3;1;NA;NA;4;2;3;NA
31;"MG";3171402;"317140";"Vieiras";"Não";"-";"Motociclistas";NA;NA;NA;NA;NA;NA;NA;NA;NA;NA;NA;NA;NA;NA;NA;NA;NA;NA;NA;NA;NA;NA;NA;NA;NA
31;"MG";3171501;"317150";"Mathias Lobato";"Não";"-";"Motociclistas";NA;NA;NA;NA;NA;NA;NA;2;NA;NA;NA;NA;NA;NA;NA;NA;NA;NA;NA;NA;NA;NA;NA;NA;NA
31;"MG";3171600;"317160";"Virgem da Lapa";"Não";"-";"Motociclistas";NA;NA;NA;NA;NA;NA;NA;NA;NA;NA;1;NA;NA;NA;NA;1;NA;NA;1;NA;NA;NA;NA;NA;NA
31;"MG";3171709;"317170";"Virgínia";"Não";"-";"Motociclistas";NA;NA;NA;NA;NA;NA;NA;NA;NA;NA;NA;NA;NA;NA;NA;NA;NA;NA;NA;NA;NA;NA;NA;NA;NA
31;"MG";3171808;"317180";"Virginópolis";"Não";"-";"Motociclistas";NA;NA;NA;NA;NA;NA;NA;NA;NA;1;NA;2;NA;NA;NA;NA;2;1;2;NA;NA;NA;NA;NA;NA
31;"MG";3171907;"317190";"Virgolândia";"Não";"-";"Motociclistas";NA;NA;NA;NA;NA;NA;NA;NA;NA;NA;NA;NA;NA;NA;NA;NA;NA;NA;NA;NA;NA;1;NA;NA;NA
31;"MG";3172004;"317200";"Visconde do Rio Branco";"Não";"-";"Motociclistas";NA;NA;NA;NA;NA;NA;NA;NA;NA;NA;1;1;NA;1;NA;2;NA;2;NA;1;NA;2;5;NA;NA
31;"MG";3172103;"317210";"Volta Grande";"Não";"-";"Motociclistas";NA;NA;NA;NA;NA;NA;NA;NA;NA;NA;NA;NA;NA;NA;NA;NA;NA;NA;NA;NA;NA;NA;NA;NA;NA
31;"MG";3172202;"317220";"Wenceslau Braz";"Não";"-";"Motociclistas";NA;NA;NA;NA;NA;NA;NA;NA;NA;NA;NA;NA;1;NA;NA;NA;NA;NA;NA;NA;NA;NA;NA;NA;NA
32;"ES";3200102;"320010";"Afonso Cláudio";"Não";"-";"Motociclistas";NA;NA;NA;NA;NA;NA;NA;NA;1;1;1;1;3;3;2;1;3;1;1;1;1;1;1;NA;NA
32;"ES";3200136;"320013";"Águia Branca";"Não";"-";"Motociclistas";NA;NA;NA;NA;NA;NA;1;NA;NA;NA;1;1;NA;NA;1;1;NA;2;2;1;NA;NA;1;NA;NA
32;"ES";3200169;"320016";"Água Doce do Norte";"Não";"-";"Motociclistas";NA;1;NA;1;NA;NA;NA;1;NA;NA;1;1;1;NA;3;2;NA;1;1;1;3;NA;NA;1;NA
32;"ES";3200201;"320020";"Alegre";"Não";"-";"Motociclistas";NA;NA;NA;NA;NA;NA;NA;NA;1;1;NA;1;2;NA;NA;NA;3;3;1;1;NA;1;1;2;NA
32;"ES";3200300;"320030";"Alfredo Chaves";"Não";"-";"Motociclistas";NA;NA;NA;NA;NA;NA;1;NA;NA;NA;2;NA;NA;1;NA;NA;1;2;1;1;NA;NA;NA;NA;NA
32;"ES";3200359;"320035";"Alto Rio Novo";"Não";"-";"Motociclistas";NA;NA;NA;NA;NA;NA;NA;NA;NA;1;1;NA;NA;NA;NA;3;NA;NA;NA;NA;NA;NA;1;NA;NA
32;"ES";3200409;"320040";"Anchieta";"Não";"-";"Motociclistas";NA;NA;NA;1;NA;1;NA;NA;NA;NA;1;2;1;1;1;1;NA;1;NA;1;1;1;1;1;NA
32;"ES";3200508;"320050";"Apiacá";"Não";"-";"Motociclistas";NA;NA;NA;NA;NA;NA;1;NA;NA;NA;NA;NA;NA;NA;NA;1;NA;NA;NA;NA;NA;NA;NA;NA;NA
32;"ES";3200607;"320060";"Aracruz";"Não";"-";"Motociclistas";1;NA;1;1;NA;1;NA;1;2;6;2;6;3;4;3;4;1;NA;NA;2;2;7;5;4;NA
32;"ES";3200706;"320070";"Atílio Vivácqua";"Não";"-";"Motociclistas";NA;NA;NA;NA;NA;NA;NA;NA;NA;NA;NA;1;NA;NA;1;NA;NA;1;1;2;NA;NA;2;NA;NA
32;"ES";3200805;"320080";"Baixo Guandu";"Não";"-";"Motociclistas";NA;1;NA;NA;1;1;NA;NA;NA;1;NA;1;4;1;2;NA;1;4;3;NA;1;2;NA;1;NA
32;"ES";3200904;"320090";"Barra de São Francisco";"Não";"-";"Motociclistas";NA;NA;1;1;2;6;3;7;3;5;1;5;5;3;3;1;9;9;1;3;6;3;1;3;NA
32;"ES";3201001;"320100";"Boa Esperança";"Não";"-";"Motociclistas";NA;NA;NA;NA;NA;NA;NA;NA;NA;1;2;1;1;NA;2;NA;1;1;4;NA;NA;2;1;NA;NA
32;"ES";3201100;"320110";"Bom Jesus do Norte";"Não";"-";"Motociclistas";NA;NA;NA;NA;NA;NA;NA;NA;NA;NA;NA;NA;NA;NA;NA;NA;NA;NA;NA;NA;NA;NA;NA;NA;NA
32;"ES";3201159;"320115";"Brejetuba";"Não";"-";"Motociclistas";NA;1;NA;NA;NA;NA;1;NA;NA;1;NA;NA;NA;1;1;NA;1;NA;NA;NA;NA;1;NA;NA;NA
32;"ES";3201209;"320120";"Cachoeiro de Itapemirim";"Não";"-";"Motociclistas";2;6;4;2;3;2;3;9;13;9;23;20;25;27;24;25;22;27;19;13;12;18;24;20;NA
32;"ES";3201308;"320130";"Cariacica";"Não";"Região Metropolitana da Grande Vitória";"Motociclistas";NA;1;1;1;NA;4;7;2;6;10;6;6;8;6;6;11;10;2;1;4;4;5;6;5;NA
32;"ES";3201407;"320140";"Castelo";"Não";"-";"Motociclistas";NA;NA;NA;NA;NA;1;1;1;3;1;1;2;3;1;2;1;NA;NA;NA;1;NA;1;2;1;NA
32;"ES";3201506;"320150";"Colatina";"Não";"-";"Motociclistas";2;1;4;3;1;3;2;9;8;15;12;15;16;17;8;15;8;9;10;10;15;6;16;7;NA
32;"ES";3201605;"320160";"Conceição da Barra";"Não";"-";"Motociclistas";1;NA;NA;NA;NA;NA;NA;NA;1;NA;NA;1;NA;NA;1;NA;1;NA;NA;NA;NA;1;NA;1;NA
32;"ES";3201704;"320170";"Conceição do Castelo";"Não";"-";"Motociclistas";NA;NA;NA;NA;1;NA;NA;NA;NA;1;NA;NA;3;NA;NA;1;NA;NA;1;NA;2;NA;NA;2;NA
32;"ES";3201803;"320180";"Divino de São Lourenço";"Não";"-";"Motociclistas";NA;NA;NA;NA;NA;NA;NA;NA;NA;NA;NA;NA;NA;NA;NA;NA;NA;NA;NA;NA;NA;NA;NA;NA;NA
32;"ES";3201902;"320190";"Domingos Martins";"Não";"-";"Motociclistas";NA;1;1;NA;1;NA;NA;NA;NA;NA;3;1;4;NA;2;2;1;2;NA;3;1;NA;2;2;NA
32;"ES";3202009;"320200";"Dores do Rio Preto";"Não";"-";"Motociclistas";NA;NA;NA;NA;NA;NA;NA;NA;NA;NA;NA;NA;1;NA;NA;NA;NA;1;1;NA;NA;NA;NA;NA;NA
32;"ES";3202108;"320210";"Ecoporanga";"Não";"-";"Motociclistas";NA;NA;NA;1;NA;1;3;NA;NA;1;4;1;2;NA;2;3;1;1;1;NA;3;NA;NA;3;NA
32;"ES";3202207;"320220";"Fundão";"Não";"Região Metropolitana da Grande Vitória";"Motociclistas";NA;NA;NA;NA;NA;1;1;3;NA;1;1;1;4;2;1;1;1;2;1;2;NA;2;1;NA;NA
32;"ES";3202256;"320225";"Governador Lindenberg";"Não";"-";"Motociclistas";NA;NA;NA;NA;1;NA;NA;NA;NA;NA;NA;2;1;NA;NA;NA;NA;1;NA;2;NA;2;NA;1;NA
32;"ES";3202306;"320230";"Guaçuí";"Não";"-";"Motociclistas";NA;NA;NA;NA;NA;NA;NA;1;NA;NA;NA;2;2;1;NA;NA;3;2;1;1;3;1;2;NA;NA
32;"ES";3202405;"320240";"Guarapari";"Não";"Região Metropolitana da Grande Vitória";"Motociclistas";NA;NA;1;NA;NA;3;NA;1;1;2;6;3;3;6;3;4;1;4;3;1;NA;4;1;5;NA
32;"ES";3202454;"320245";"Ibatiba";"Não";"-";"Motociclistas";NA;NA;NA;NA;NA;NA;2;NA;3;NA;NA;1;NA;1;3;1;6;6;3;2;NA;3;2;NA;NA
32;"ES";3202504;"320250";"Ibiraçu";"Não";"-";"Motociclistas";NA;NA;NA;NA;NA;NA;NA;NA;2;2;NA;NA;1;NA;2;1;1;NA;NA;1;NA;NA;NA;2;NA
32;"ES";3202553;"320255";"Ibitirama";"Não";"-";"Motociclistas";NA;NA;NA;NA;NA;NA;1;NA;NA;NA;NA;NA;NA;1;NA;NA;NA;1;1;NA;NA;NA;NA;1;NA
32;"ES";3202603;"320260";"Iconha";"Não";"-";"Motociclistas";2;NA;1;NA;NA;NA;1;NA;NA;1;NA;NA;2;1;NA;1;NA;1;NA;NA;NA;1;NA;NA;NA
32;"ES";3202652;"320265";"Irupi";"Não";"-";"Motociclistas";NA;1;1;NA;NA;NA;NA;NA;NA;NA;2;NA;NA;NA;NA;3;1;NA;NA;1;NA;NA;NA;1;NA
32;"ES";3202702;"320270";"Itaguaçu";"Não";"-";"Motociclistas";NA;NA;NA;NA;NA;NA;NA;1;NA;1;NA;1;2;NA;NA;NA;2;1;1;NA;2;NA;NA;NA;NA
32;"ES";3202801;"320280";"Itapemirim";"Não";"-";"Motociclistas";1;NA;NA;NA;NA;1;2;1;1;NA;1;2;3;4;3;3;2;6;2;2;1;1;5;3;NA
32;"ES";3202900;"320290";"Itarana";"Não";"-";"Motociclistas";NA;NA;NA;NA;NA;NA;NA;NA;NA;NA;1;1;NA;NA;NA;1;NA;NA;NA;NA;1;NA;1;NA;NA
32;"ES";3203007;"320300";"Iúna";"Não";"-";"Motociclistas";NA;NA;NA;NA;NA;NA;NA;NA;NA;2;1;2;4;1;2;NA;1;2;NA;2;NA;NA;2;NA;NA
32;"ES";3203056;"320305";"Jaguaré";"Não";"-";"Motociclistas";2;1;NA;NA;1;NA;NA;NA;NA;1;2;1;3;2;3;NA;1;7;NA;NA;3;1;2;4;NA
32;"ES";3203106;"320310";"Jerônimo Monteiro";"Não";"-";"Motociclistas";NA;1;NA;NA;NA;NA;NA;NA;1;NA;NA;3;NA;NA;1;1;1;1;NA;NA;NA;NA;NA;NA;NA
32;"ES";3203130;"320313";"João Neiva";"Não";"-";"Motociclistas";NA;NA;NA;NA;NA;NA;NA;2;1;1;1;NA;4;NA;NA;1;NA;NA;NA;NA;1;1;1;NA;NA
32;"ES";3203163;"320316";"Laranja da Terra";"Não";"-";"Motociclistas";NA;NA;NA;NA;NA;NA;NA;NA;NA;NA;1;NA;NA;NA;NA;NA;NA;NA;1;NA;NA;1;NA;NA;NA
32;"ES";3203205;"320320";"Linhares";"Não";"-";"Motociclistas";NA;2;NA;NA;NA;NA;1;14;11;3;4;8;7;10;8;8;6;14;7;7;6;15;19;13;NA
32;"ES";3203304;"320330";"Mantenópolis";"Não";"-";"Motociclistas";NA;NA;1;NA;NA;NA;1;2;1;NA;1;1;NA;NA;1;NA;3;NA;3;2;NA;3;NA;NA;NA
32;"ES";3203320;"320332";"Marataízes";"Não";"-";"Motociclistas";NA;NA;NA;NA;NA;NA;NA;NA;1;NA;NA;NA;NA;3;NA;3;1;2;4;2;3;2;1;1;NA
32;"ES";3203346;"320334";"Marechal Floriano";"Não";"-";"Motociclistas";1;NA;NA;NA;NA;NA;NA;NA;NA;NA;2;NA;1;NA;1;1;NA;1;NA;1;NA;1;NA;NA;NA
32;"ES";3203353;"320335";"Marilândia";"Não";"-";"Motociclistas";1;NA;NA;1;NA;NA;NA;NA;1;NA;NA;NA;NA;1;NA;1;2;1;NA;2;2;NA;1;NA;NA
32;"ES";3203403;"320340";"Mimoso do Sul";"Não";"-";"Motociclistas";NA;NA;2;NA;1;NA;1;1;2;2;1;3;2;NA;3;2;1;NA;2;NA;1;1;1;3;NA
32;"ES";3203502;"320350";"Montanha";"Não";"-";"Motociclistas";NA;NA;1;NA;NA;1;NA;NA;NA;NA;NA;3;NA;2;1;NA;1;2;1;NA;NA;4;NA;3;NA
32;"ES";3203601;"320360";"Mucurici";"Não";"-";"Motociclistas";NA;NA;NA;1;NA;NA;NA;NA;NA;NA;1;2;NA;NA;NA;1;NA;2;NA;NA;NA;1;1;2;NA
32;"ES";3203700;"320370";"Muniz Freire";"Não";"-";"Motociclistas";1;NA;NA;NA;NA;NA;NA;1;NA;NA;1;1;NA;NA;NA;2;NA;1;NA;1;NA;1;1;NA;NA
32;"ES";3203809;"320380";"Muqui";"Não";"-";"Motociclistas";NA;NA;NA;1;NA;NA;1;NA;NA;NA;NA;1;1;2;1;1;NA;1;NA;NA;NA;1;1;2;NA
32;"ES";3203908;"320390";"Nova Venécia";"Não";"-";"Motociclistas";NA;1;1;NA;2;2;2;3;3;6;5;5;5;2;1;4;6;6;2;2;6;11;1;1;NA
32;"ES";3204005;"320400";"Pancas";"Não";"-";"Motociclistas";NA;NA;NA;NA;1;NA;1;1;1;1;NA;3;NA;2;1;2;NA;2;2;NA;1;1;1;1;NA
32;"ES";3204054;"320405";"Pedro Canário";"Não";"-";"Motociclistas";NA;NA;NA;NA;1;NA;NA;NA;NA;1;NA;2;NA;NA;1;NA;NA;2;NA;NA;NA;2;NA;2;NA
32;"ES";3204104;"320410";"Pinheiros";"Não";"-";"Motociclistas";NA;NA;NA;NA;NA;NA;NA;1;3;1;4;2;NA;NA;NA;1;NA;3;NA;NA;NA;NA;1;NA;NA
32;"ES";3204203;"320420";"Piúma";"Não";"-";"Motociclistas";NA;NA;NA;NA;NA;NA;NA;1;NA;NA;NA;NA;1;1;NA;NA;2;NA;NA;NA;NA;1;NA;1;NA
32;"ES";3204252;"320425";"Ponto Belo";"Não";"-";"Motociclistas";NA;NA;NA;NA;NA;NA;NA;1;NA;NA;NA;NA;NA;1;NA;NA;NA;NA;NA;NA;NA;NA;NA;NA;NA
32;"ES";3204302;"320430";"Presidente Kennedy";"Não";"-";"Motociclistas";NA;NA;NA;1;NA;NA;1;1;NA;2;NA;2;1;2;2;NA;4;2;1;NA;1;1;2;1;NA
32;"ES";3204351;"320435";"Rio Bananal";"Não";"-";"Motociclistas";NA;NA;NA;NA;NA;NA;NA;NA;NA;1;1;1;1;2;NA;NA;2;1;NA;NA;1;5;5;1;NA
32;"ES";3204401;"320440";"Rio Novo do Sul";"Não";"-";"Motociclistas";NA;NA;NA;NA;NA;NA;NA;NA;NA;1;NA;1;1;NA;NA;1;NA;NA;1;NA;NA;NA;NA;1;NA
32;"ES";3204500;"320450";"Santa Leopoldina";"Não";"-";"Motociclistas";NA;NA;NA;NA;NA;1;NA;NA;NA;NA;NA;NA;1;NA;NA;NA;NA;2;2;NA;NA;NA;NA;NA;NA
32;"ES";3204559;"320455";"Santa Maria de Jetibá";"Não";"-";"Motociclistas";1;NA;1;NA;NA;NA;NA;NA;NA;2;NA;NA;1;1;2;1;1;2;NA;3;NA;1;NA;1;NA
32;"ES";3204609;"320460";"Santa Teresa";"Não";"-";"Motociclistas";NA;NA;NA;NA;NA;NA;2;1;1;NA;NA;NA;NA;1;NA;NA;1;NA;NA;1;NA;4;1;2;NA
32;"ES";3204658;"320465";"São Domingos do Norte";"Não";"-";"Motociclistas";NA;NA;NA;NA;NA;NA;NA;1;2;NA;1;2;1;NA;1;2;1;NA;NA;NA;NA;1;NA;1;NA
32;"ES";3204708;"320470";"São Gabriel da Palha";"Não";"-";"Motociclistas";NA;NA;2;NA;NA;1;NA;3;4;2;3;2;3;NA;NA;1;2;3;NA;1;4;2;4;3;NA
32;"ES";3204807;"320480";"São José do Calçado";"Não";"-";"Motociclistas";NA;NA;NA;NA;NA;NA;NA;NA;NA;NA;NA;NA;NA;1;NA;NA;NA;NA;NA;NA;1;NA;NA;NA;NA
32;"ES";3204906;"320490";"São Mateus";"Não";"-";"Motociclistas";NA;NA;NA;1;NA;2;1;1;8;3;4;8;15;16;11;9;7;13;5;5;2;12;9;21;NA
32;"ES";3204955;"320495";"São Roque do Canaã";"Não";"-";"Motociclistas";NA;NA;NA;NA;NA;NA;1;NA;NA;NA;NA;NA;NA;1;2;NA;NA;NA;NA;NA;1;1;1;2;NA
32;"ES";3205002;"320500";"Serra";"Não";"Região Metropolitana da Grande Vitória";"Motociclistas";1;1;6;7;11;11;14;14;14;21;22;24;25;20;32;17;17;20;17;21;13;8;12;20;NA
32;"ES";3205010;"320501";"Sooretama";"Não";"-";"Motociclistas";NA;NA;NA;NA;NA;NA;NA;NA;NA;NA;NA;1;NA;1;NA;1;2;1;NA;1;NA;1;3;5;NA
32;"ES";3205036;"320503";"Vargem Alta";"Não";"-";"Motociclistas";2;NA;NA;NA;NA;NA;2;NA;2;3;2;1;2;2;1;1;NA;NA;2;2;1;NA;NA;1;NA
32;"ES";3205069;"320506";"Venda Nova do Imigrante";"Não";"-";"Motociclistas";NA;NA;NA;NA;NA;NA;NA;NA;1;1;2;NA;NA;NA;1;NA;1;2;1;NA;NA;1;NA;NA;NA
32;"ES";3205101;"320510";"Viana";"Não";"Região Metropolitana da Grande Vitória";"Motociclistas";NA;NA;NA;NA;2;1;NA;2;1;5;3;4;3;4;5;7;5;1;NA;NA;3;3;2;6;NA
32;"ES";3205150;"320515";"Vila Pavão";"Não";"-";"Motociclistas";NA;NA;NA;NA;NA;NA;2;NA;NA;NA;NA;NA;NA;NA;NA;1;NA;1;NA;NA;1;5;NA;1;NA
32;"ES";3205176;"320517";"Vila Valério";"Não";"-";"Motociclistas";NA;NA;NA;NA;NA;1;NA;1;NA;NA;2;1;NA;1;NA;1;NA;1;1;NA;NA;1;1;2;NA
32;"ES";3205200;"320520";"Vila Velha";"Não";"Região Metropolitana da Grande Vitória";"Motociclistas";1;NA;1;2;NA;5;1;5;1;2;7;5;6;4;8;9;3;2;9;3;5;8;7;8;NA
32;"ES";3205309;"320530";"Vitória";"Sim";"Região Metropolitana da Grande Vitória";"Motociclistas";6;3;9;12;16;16;15;20;36;23;34;22;25;29;20;25;32;32;19;23;34;38;21;28;NA
33;"RJ";3300100;"330010";"Angra dos Reis";"Não";"-";"Motociclistas";NA;NA;5;1;1;5;1;2;4;4;3;3;9;3;5;3;4;5;4;5;1;2;4;4;NA
33;"RJ";3300159;"330015";"Aperibé";"Não";"-";"Motociclistas";NA;NA;NA;NA;NA;NA;NA;NA;1;1;1;1;NA;NA;NA;NA;1;2;1;NA;1;3;NA;NA;NA
33;"RJ";3300209;"330020";"Araruama";"Não";"-";"Motociclistas";NA;NA;1;2;1;NA;5;10;4;5;1;NA;1;1;NA;2;1;2;2;1;NA;3;1;6;NA
33;"RJ";3300225;"330022";"Areal";"Não";"-";"Motociclistas";NA;NA;1;NA;NA;NA;NA;NA;NA;NA;NA;NA;1;NA;1;NA;NA;NA;NA;NA;NA;NA;NA;NA;NA
33;"RJ";3300233;"330023";"Armação dos Búzios";"Não";"-";"Motociclistas";NA;NA;NA;NA;2;1;1;2;NA;1;NA;4;1;1;NA;2;1;1;1;NA;1;1;NA;1;NA
33;"RJ";3300258;"330025";"Arraial do Cabo";"Não";"-";"Motociclistas";NA;NA;NA;NA;NA;NA;NA;NA;NA;NA;1;1;NA;NA;NA;NA;1;1;1;2;NA;NA;1;NA;NA
33;"RJ";3300308;"330030";"Barra do Piraí";"Não";"-";"Motociclistas";NA;1;NA;1;NA;2;NA;2;NA;3;2;3;3;4;2;NA;NA;NA;1;1;NA;NA;NA;NA;NA
33;"RJ";3300407;"330040";"Barra Mansa";"Não";"-";"Motociclistas";NA;2;1;1;1;1;3;4;NA;4;7;2;4;3;NA;1;3;4;1;4;3;5;6;NA;NA
33;"RJ";3300456;"330045";"Belford Roxo";"Não";"Região Metropolitana do Rio de Janeiro";"Motociclistas";1;1;NA;NA;NA;1;NA;2;1;NA;1;NA;NA;1;NA;NA;2;NA;2;NA;NA;NA;NA;NA;NA
33;"RJ";3300506;"330050";"Bom Jardim";"Não";"-";"Motociclistas";NA;NA;NA;NA;NA;NA;NA;NA;NA;NA;NA;NA;NA;NA;NA;NA;2;NA;NA;NA;NA;1;NA;1;NA
33;"RJ";3300605;"330060";"Bom Jesus do Itabapoana";"Não";"-";"Motociclistas";1;NA;2;1;1;1;NA;1;3;1;3;NA;3;1;1;1;NA;NA;3;NA;1;NA;1;NA;NA
33;"RJ";3300704;"330070";"Cabo Frio";"Não";"-";"Motociclistas";NA;NA;NA;1;3;3;5;6;7;5;9;6;4;6;6;7;6;3;1;NA;NA;NA;3;1;NA
33;"RJ";3300803;"330080";"Cachoeiras de Macacu";"Não";"Região Metropolitana do Rio de Janeiro";"Motociclistas";NA;NA;1;NA;2;NA;NA;NA;1;2;4;NA;1;3;NA;NA;NA;1;NA;1;NA;1;1;NA;NA
33;"RJ";3300902;"330090";"Cambuci";"Não";"-";"Motociclistas";NA;NA;NA;NA;NA;NA;NA;NA;1;NA;3;NA;NA;NA;NA;NA;1;1;1;NA;1;NA;NA;1;NA
33;"RJ";3300936;"330093";"Carapebus";"Não";"-";"Motociclistas";NA;NA;1;NA;NA;1;NA;1;NA;NA;NA;1;2;NA;NA;NA;NA;NA;NA;NA;1;NA;1;NA;NA
33;"RJ";3300951;"330095";"Comendador Levy Gasparian";"Não";"-";"Motociclistas";NA;NA;NA;NA;NA;NA;1;NA;NA;1;NA;1;NA;NA;NA;NA;NA;NA;NA;NA;NA;NA;NA;NA;NA
33;"RJ";3301009;"330100";"Campos dos Goytacazes";"Não";"-";"Motociclistas";11;1;4;7;10;20;24;28;28;41;25;28;43;27;36;28;36;44;35;29;37;26;38;33;NA
33;"RJ";3301108;"330110";"Cantagalo";"Não";"-";"Motociclistas";NA;NA;NA;NA;NA;1;NA;2;1;3;1;NA;NA;NA;NA;NA;NA;3;1;NA;NA;NA;1;1;NA
33;"RJ";3301157;"330115";"Cardoso Moreira";"Não";"-";"Motociclistas";NA;NA;NA;1;1;NA;NA;1;NA;NA;NA;NA;NA;NA;NA;1;NA;NA;2;1;NA;NA;NA;NA;NA
33;"RJ";3301207;"330120";"Carmo";"Não";"-";"Motociclistas";NA;NA;NA;NA;NA;NA;NA;NA;NA;NA;NA;NA;NA;NA;NA;NA;NA;NA;NA;1;NA;1;NA;NA;NA
33;"RJ";3301306;"330130";"Casimiro de Abreu";"Não";"-";"Motociclistas";NA;NA;NA;NA;NA;NA;NA;NA;NA;1;NA;NA;NA;NA;NA;NA;NA;NA;NA;NA;NA;NA;NA;NA;NA
33;"RJ";3301405;"330140";"Conceição de Macabu";"Não";"-";"Motociclistas";1;1;1;1;NA;1;1;NA;1;NA;NA;3;2;NA;NA;NA;NA;NA;NA;NA;NA;NA;NA;NA;NA
33;"RJ";3301504;"330150";"Cordeiro";"Não";"-";"Motociclistas";NA;NA;NA;NA;NA;NA;NA;NA;1;NA;1;1;1;NA;NA;NA;NA;NA;NA;NA;NA;1;NA;NA;NA
33;"RJ";3301603;"330160";"Duas Barras";"Não";"-";"Motociclistas";NA;NA;NA;NA;NA;NA;NA;NA;NA;NA;NA;NA;NA;NA;NA;NA;NA;NA;NA;NA;NA;NA;NA;NA;NA
33;"RJ";3301702;"330170";"Duque de Caxias";"Não";"Região Metropolitana do Rio de Janeiro";"Motociclistas";NA;NA;NA;NA;1;1;NA;3;12;5;3;4;3;6;3;2;1;4;5;5;2;5;8;6;NA
33;"RJ";3301801;"330180";"Engenheiro Paulo de Frontin";"Não";"-";"Motociclistas";NA;NA;NA;NA;NA;NA;NA;NA;NA;NA;1;NA;NA;NA;NA;NA;NA;NA;NA;NA;NA;NA;1;NA;NA
33;"RJ";3301850;"330185";"Guapimirim";"Não";"Região Metropolitana do Rio de Janeiro";"Motociclistas";NA;1;1;NA;2;NA;NA;3;1;1;NA;NA;1;NA;NA;NA;NA;NA;NA;NA;NA;NA;NA;1;NA
33;"RJ";3301876;"330187";"Iguaba Grande";"Não";"-";"Motociclistas";NA;NA;NA;NA;1;NA;NA;NA;NA;2;NA;NA;NA;1;NA;1;NA;NA;NA;NA;NA;2;3;NA;NA
33;"RJ";3301900;"330190";"Itaboraí";"Não";"Região Metropolitana do Rio de Janeiro";"Motociclistas";NA;NA;NA;NA;NA;NA;NA;2;2;6;6;2;1;2;1;3;1;1;2;2;2;2;3;6;NA
33;"RJ";3302007;"330200";"Itaguaí";"Não";"Região Metropolitana do Rio de Janeiro";"Motociclistas";NA;NA;2;NA;1;NA;1;NA;2;1;NA;1;NA;5;4;4;1;NA;2;NA;NA;NA;NA;NA;NA
33;"RJ";3302056;"330205";"Italva";"Não";"-";"Motociclistas";NA;NA;NA;1;1;NA;1;NA;NA;NA;NA;2;NA;NA;NA;2;NA;NA;NA;NA;1;NA;NA;NA;NA
33;"RJ";3302106;"330210";"Itaocara";"Não";"-";"Motociclistas";NA;NA;1;NA;2;NA;NA;3;1;1;1;NA;2;NA;1;NA;NA;2;NA;1;2;2;NA;3;NA
33;"RJ";3302205;"330220";"Itaperuna";"Não";"-";"Motociclistas";4;1;3;5;3;3;3;6;6;5;5;11;6;9;4;8;8;9;5;4;3;9;2;9;NA
33;"RJ";3302254;"330225";"Itatiaia";"Não";"-";"Motociclistas";NA;NA;NA;NA;NA;NA;NA;NA;1;NA;NA;NA;NA;NA;1;NA;NA;NA;NA;NA;NA;NA;NA;NA;NA
33;"RJ";3302270;"330227";"Japeri";"Não";"Região Metropolitana do Rio de Janeiro";"Motociclistas";NA;NA;2;NA;NA;NA;NA;NA;NA;NA;NA;NA;NA;1;NA;NA;NA;NA;NA;NA;NA;1;NA;NA;NA
33;"RJ";3302304;"330230";"Laje do Muriaé";"Não";"-";"Motociclistas";NA;NA;NA;NA;1;NA;NA;1;NA;NA;NA;NA;NA;NA;NA;1;1;NA;NA;NA;NA;NA;NA;NA;NA
33;"RJ";3302403;"330240";"Macaé";"Não";"-";"Motociclistas";NA;2;3;6;3;2;10;16;8;5;4;9;9;10;7;3;2;3;6;4;2;3;8;8;NA
33;"RJ";3302452;"330245";"Macuco";"Não";"-";"Motociclistas";NA;NA;NA;NA;NA;NA;NA;NA;NA;NA;NA;NA;NA;NA;NA;NA;NA;NA;NA;NA;NA;1;NA;NA;NA
33;"RJ";3302502;"330250";"Magé";"Não";"Região Metropolitana do Rio de Janeiro";"Motociclistas";NA;1;NA;NA;NA;1;NA;NA;NA;NA;NA;NA;NA;NA;2;NA;NA;1;1;NA;NA;1;NA;3;NA
33;"RJ";3302601;"330260";"Mangaratiba";"Não";"-";"Motociclistas";NA;NA;NA;NA;NA;NA;1;NA;NA;NA;3;NA;3;3;NA;1;NA;1;NA;NA;NA;NA;3;1;NA
33;"RJ";3302700;"330270";"Maricá";"Não";"Região Metropolitana do Rio de Janeiro";"Motociclistas";NA;2;NA;1;1;2;1;3;4;2;4;NA;NA;2;4;2;3;4;2;2;4;4;3;4;NA
33;"RJ";3302809;"330280";"Mendes";"Não";"-";"Motociclistas";NA;NA;NA;NA;NA;NA;NA;NA;NA;1;NA;NA;2;NA;NA;NA;NA;NA;NA;NA;NA;NA;NA;NA;NA
33;"RJ";3302858;"330285";"Mesquita";"Não";"Região Metropolitana do Rio de Janeiro";"Motociclistas";NA;NA;NA;NA;NA;1;4;2;2;NA;NA;NA;NA;NA;NA;NA;1;NA;NA;NA;NA;NA;NA;NA;NA
33;"RJ";3302908;"330290";"Miguel Pereira";"Não";"-";"Motociclistas";NA;NA;NA;NA;NA;NA;1;1;2;NA;2;2;6;2;4;2;NA;1;NA;NA;NA;NA;1;1;NA
33;"RJ";3303005;"330300";"Miracema";"Não";"-";"Motociclistas";NA;NA;1;NA;NA;NA;1;NA;NA;NA;NA;NA;NA;1;NA;NA;1;NA;NA;NA;1;NA;NA;NA;NA
33;"RJ";3303104;"330310";"Natividade";"Não";"-";"Motociclistas";NA;NA;NA;1;NA;NA;NA;NA;1;NA;1;NA;1;1;NA;1;NA;NA;NA;NA;2;NA;NA;1;NA
33;"RJ";3303203;"330320";"Nilópolis";"Não";"Região Metropolitana do Rio de Janeiro";"Motociclistas";NA;NA;2;3;NA;1;1;1;NA;NA;1;NA;NA;1;NA;1;1;NA;NA;NA;1;1;NA;NA;NA
33;"RJ";3303302;"330330";"Niterói";"Não";"Região Metropolitana do Rio de Janeiro";"Motociclistas";2;1;2;2;2;1;12;5;11;6;2;9;14;4;3;7;9;16;17;18;20;11;12;15;NA
33;"RJ";3303401;"330340";"Nova Friburgo";"Não";"-";"Motociclistas";NA;1;NA;1;1;1;NA;1;1;1;3;3;3;2;1;5;NA;3;2;1;2;3;NA;2;NA
33;"RJ";3303500;"330350";"Nova Iguaçu";"Não";"Região Metropolitana do Rio de Janeiro";"Motociclistas";NA;NA;2;9;6;16;14;28;17;10;9;25;19;28;33;23;5;14;21;NA;13;17;2;18;NA
33;"RJ";3303609;"330360";"Paracambi";"Não";"Região Metropolitana do Rio de Janeiro";"Motociclistas";NA;1;NA;NA;2;NA;1;NA;NA;1;NA;NA;1;1;1;NA;NA;NA;1;NA;NA;1;NA;NA;NA
33;"RJ";3303708;"330370";"Paraíba do Sul";"Não";"-";"Motociclistas";NA;3;NA;1;1;1;NA;1;1;NA;NA;NA;NA;1;NA;1;NA;NA;NA;NA;1;NA;1;NA;NA
33;"RJ";3303807;"330380";"Paraty";"Não";"-";"Motociclistas";NA;NA;NA;NA;NA;2;1;NA;NA;1;NA;NA;1;1;1;1;NA;1;NA;NA;NA;NA;1;NA;NA
33;"RJ";3303856;"330385";"Paty do Alferes";"Não";"-";"Motociclistas";NA;1;NA;NA;NA;1;NA;1;NA;NA;NA;NA;1;NA;2;NA;NA;NA;NA;NA;NA;NA;NA;1;NA
33;"RJ";3303906;"330390";"Petrópolis";"Não";"Região Metropolitana do Rio de Janeiro";"Motociclistas";NA;3;3;6;1;3;2;8;3;5;3;3;6;3;10;4;11;2;7;3;5;4;3;4;NA
33;"RJ";3303955;"330395";"Pinheiral";"Não";"-";"Motociclistas";NA;NA;NA;NA;NA;NA;NA;NA;NA;NA;NA;NA;NA;NA;NA;NA;1;1;NA;1;NA;NA;NA;NA;NA
33;"RJ";3304003;"330400";"Piraí";"Não";"-";"Motociclistas";NA;NA;NA;1;NA;1;NA;NA;2;2;NA;2;NA;NA;1;1;1;1;NA;2;NA;NA;1;1;NA
33;"RJ";3304102;"330410";"Porciúncula";"Não";"-";"Motociclistas";NA;NA;NA;NA;NA;NA;NA;NA;NA;NA;NA;1;NA;NA;NA;2;1;NA;NA;NA;NA;NA;NA;1;NA
33;"RJ";3304110;"330411";"Porto Real";"Não";"-";"Motociclistas";NA;NA;NA;NA;NA;NA;NA;1;NA;NA;NA;NA;NA;1;2;NA;1;1;NA;NA;NA;NA;NA;NA;NA
33;"RJ";3304128;"330412";"Quatis";"Não";"-";"Motociclistas";NA;NA;NA;NA;NA;NA;NA;NA;NA;1;NA;NA;NA;NA;NA;NA;1;NA;NA;NA;NA;NA;1;NA;NA
33;"RJ";3304144;"330414";"Queimados";"Não";"Região Metropolitana do Rio de Janeiro";"Motociclistas";NA;NA;NA;NA;NA;NA;NA;4;1;1;NA;NA;NA;NA;1;NA;NA;NA;NA;NA;NA;1;NA;NA;NA
33;"RJ";3304151;"330415";"Quissamã";"Não";"-";"Motociclistas";NA;1;NA;NA;1;NA;NA;NA;2;2;1;NA;NA;NA;1;NA;2;1;NA;NA;NA;NA;2;NA;NA
33;"RJ";3304201;"330420";"Resende";"Não";"-";"Motociclistas";1;1;2;2;NA;1;1;1;4;2;NA;1;1;1;NA;NA;2;3;1;1;NA;1;4;4;NA
33;"RJ";3304300;"330430";"Rio Bonito";"Não";"Região Metropolitana do Rio de Janeiro";"Motociclistas";1;NA;NA;NA;NA;1;NA;NA;NA;NA;2;NA;NA;NA;NA;2;NA;NA;NA;1;NA;1;NA;1;NA
33;"RJ";3304409;"330440";"Rio Claro";"Não";"-";"Motociclistas";NA;NA;1;NA;NA;NA;NA;NA;1;NA;NA;NA;NA;NA;1;1;NA;NA;NA;NA;NA;NA;NA;NA;NA
33;"RJ";3304508;"330450";"Rio das Flores";"Não";"-";"Motociclistas";NA;NA;NA;NA;NA;NA;NA;NA;NA;NA;NA;NA;NA;1;NA;NA;NA;NA;NA;NA;NA;NA;NA;NA;NA
33;"RJ";3304524;"330452";"Rio das Ostras";"Não";"-";"Motociclistas";NA;NA;NA;3;2;2;1;3;2;2;2;NA;NA;1;NA;3;2;1;1;NA;NA;1;NA;2;NA
33;"RJ";3304557;"330455";"Rio de Janeiro";"Sim";"Região Metropolitana do Rio de Janeiro";"Motociclistas";6;20;22;42;51;76;105;66;93;126;113;58;41;67;63;90;40;58;51;27;55;49;76;46;NA
33;"RJ";3304706;"330470";"Santo Antônio de Pádua";"Não";"-";"Motociclistas";1;NA;1;1;2;NA;NA;1;5;5;1;1;1;2;5;2;3;1;4;1;1;6;NA;2;NA
33;"RJ";3304755;"330475";"São Francisco de Itabapoana";"Não";"-";"Motociclistas";3;1;NA;1;NA;1;2;1;2;3;5;2;2;3;3;7;3;1;1;1;6;3;4;2;NA
33;"RJ";3304805;"330480";"São Fidélis";"Não";"-";"Motociclistas";1;NA;NA;NA;NA;1;NA;NA;NA;2;1;NA;NA;NA;3;1;1;NA;1;2;NA;NA;2;3;NA
33;"RJ";3304904;"330490";"São Gonçalo";"Não";"Região Metropolitana do Rio de Janeiro";"Motociclistas";NA;1;NA;5;3;1;2;8;8;4;3;11;3;14;42;23;25;32;30;21;34;38;35;30;NA
33;"RJ";3305000;"330500";"São João da Barra";"Não";"-";"Motociclistas";NA;NA;NA;NA;NA;NA;NA;NA;2;1;NA;1;1;2;2;5;2;5;2;3;5;NA;1;1;NA
33;"RJ";3305109;"330510";"São João de Meriti";"Não";"Região Metropolitana do Rio de Janeiro";"Motociclistas";NA;NA;NA;NA;2;1;1;NA;2;NA;NA;NA;NA;NA;NA;NA;NA;1;3;2;NA;NA;NA;2;NA
33;"RJ";3305133;"330513";"São José de Ubá";"Não";"-";"Motociclistas";NA;NA;1;NA;1;NA;1;NA;NA;1;NA;NA;NA;1;2;NA;NA;NA;NA;NA;NA;NA;NA;1;NA
33;"RJ";3305158;"330515";"São José do Vale do Rio Preto";"Não";"-";"Motociclistas";NA;1;NA;1;NA;NA;NA;NA;NA;NA;NA;1;NA;NA;NA;NA;NA;1;NA;NA;1;1;NA;3;NA
33;"RJ";3305208;"330520";"São Pedro da Aldeia";"Não";"-";"Motociclistas";1;1;NA;1;NA;2;1;1;3;2;7;4;2;2;3;1;1;2;NA;NA;NA;NA;1;3;NA
33;"RJ";3305307;"330530";"São Sebastião do Alto";"Não";"-";"Motociclistas";NA;NA;NA;1;NA;NA;NA;NA;NA;NA;NA;NA;NA;NA;NA;NA;1;NA;NA;NA;NA;NA;NA;NA;NA
33;"RJ";3305406;"330540";"Sapucaia";"Não";"-";"Motociclistas";NA;NA;NA;NA;NA;NA;NA;2;1;NA;NA;NA;NA;1;NA;NA;NA;1;NA;NA;NA;NA;NA;1;NA
33;"RJ";3305505;"330550";"Saquarema";"Não";"-";"Motociclistas";1;NA;NA;3;NA;1;4;2;7;NA;3;2;NA;NA;NA;NA;1;NA;NA;NA;NA;NA;1;NA;NA
33;"RJ";3305554;"330555";"Seropédica";"Não";"Região Metropolitana do Rio de Janeiro";"Motociclistas";NA;NA;NA;NA;NA;NA;NA;NA;NA;NA;NA;NA;NA;1;NA;NA;2;1;NA;NA;1;NA;1;1;NA
33;"RJ";3305604;"330560";"Silva Jardim";"Não";"-";"Motociclistas";1;NA;1;NA;NA;NA;NA;NA;3;1;1;2;1;NA;NA;NA;NA;NA;NA;NA;NA;NA;NA;NA;NA
33;"RJ";3305703;"330570";"Sumidouro";"Não";"-";"Motociclistas";NA;NA;NA;NA;1;NA;NA;NA;NA;NA;NA;2;NA;1;NA;1;NA;1;NA;NA;1;NA;NA;NA;NA
33;"RJ";3305752;"330575";"Tanguá";"Não";"Região Metropolitana do Rio de Janeiro";"Motociclistas";NA;NA;NA;1;NA;NA;NA;NA;NA;NA;NA;NA;NA;NA;NA;NA;NA;NA;NA;NA;NA;NA;NA;NA;NA
33;"RJ";3305802;"330580";"Teresópolis";"Não";"-";"Motociclistas";1;1;NA;3;1;5;2;4;3;2;1;3;2;2;2;7;10;5;3;2;3;7;2;4;NA
33;"RJ";3305901;"330590";"Trajano de Moraes";"Não";"-";"Motociclistas";NA;NA;NA;NA;1;NA;1;NA;NA;NA;1;NA;NA;NA;NA;NA;NA;NA;NA;NA;NA;NA;2;NA;NA
33;"RJ";3306008;"330600";"Três Rios";"Não";"-";"Motociclistas";NA;NA;2;1;1;NA;NA;NA;1;NA;1;3;1;3;2;1;3;2;3;3;3;4;2;1;NA
33;"RJ";3306107;"330610";"Valença";"Não";"-";"Motociclistas";NA;NA;1;NA;2;NA;NA;1;NA;2;2;2;4;1;NA;2;1;NA;3;NA;1;2;1;NA;NA
33;"RJ";3306156;"330615";"Varre-Sai";"Não";"-";"Motociclistas";NA;NA;NA;NA;NA;NA;NA;NA;NA;NA;NA;NA;1;NA;NA;NA;NA;NA;NA;1;NA;NA;1;NA;NA
33;"RJ";3306206;"330620";"Vassouras";"Não";"-";"Motociclistas";NA;NA;1;NA;NA;NA;1;2;2;3;1;2;3;3;NA;NA;NA;2;NA;NA;1;NA;1;1;NA
33;"RJ";3306305;"330630";"Volta Redonda";"Não";"-";"Motociclistas";1;1;1;NA;4;2;3;5;4;3;2;5;5;4;4;3;5;5;NA;NA;4;4;2;4;NA
35;"SP";3500105;"350010";"Adamantina";"Não";"-";"Motociclistas";NA;NA;NA;NA;NA;1;NA;NA;NA;NA;1;NA;1;NA;NA;NA;1;NA;NA;NA;NA;NA;NA;2;NA
35;"SP";3500303;"350030";"Aguaí";"Não";"-";"Motociclistas";NA;NA;NA;NA;NA;NA;NA;NA;NA;NA;NA;NA;NA;NA;NA;1;1;NA;NA;NA;NA;NA;1;NA;NA
35;"SP";3500402;"350040";"Águas da Prata";"Não";"-";"Motociclistas";NA;NA;NA;NA;NA;NA;NA;NA;NA;NA;NA;NA;NA;NA;NA;NA;NA;NA;NA;NA;NA;NA;NA;NA;NA
35;"SP";3500501;"350050";"Águas de Lindóia";"Não";"-";"Motociclistas";NA;NA;NA;NA;NA;NA;NA;NA;NA;1;NA;NA;NA;NA;1;NA;NA;NA;1;2;NA;1;NA;NA;NA
35;"SP";3500550;"350055";"Águas de Santa Bárbara";"Não";"-";"Motociclistas";NA;NA;NA;NA;NA;NA;NA;NA;NA;NA;NA;NA;NA;NA;NA;NA;NA;NA;NA;NA;NA;NA;NA;NA;NA
35;"SP";3500600;"350060";"Águas de São Pedro";"Não";"Região Metropolitana de Piracicaba";"Motociclistas";NA;NA;NA;NA;NA;NA;NA;NA;NA;NA;NA;NA;NA;NA;NA;NA;NA;NA;NA;NA;NA;NA;NA;NA;NA
35;"SP";3500709;"350070";"Agudos";"Não";"-";"Motociclistas";NA;NA;NA;NA;1;NA;NA;NA;NA;NA;NA;1;NA;NA;NA;NA;NA;NA;NA;NA;NA;1;NA;NA;NA
35;"SP";3500758;"350075";"Alambari";"Não";"Região Metropolitana de Sorocaba";"Motociclistas";NA;NA;NA;NA;NA;NA;NA;NA;NA;NA;NA;NA;NA;NA;NA;NA;NA;NA;NA;NA;NA;NA;NA;NA;NA
35;"SP";3500808;"350080";"Alfredo Marcondes";"Não";"-";"Motociclistas";NA;NA;NA;NA;NA;NA;NA;NA;NA;NA;NA;NA;NA;NA;NA;NA;NA;NA;NA;NA;NA;NA;NA;NA;NA
35;"SP";3500907;"350090";"Altair";"Não";"-";"Motociclistas";NA;NA;NA;NA;NA;NA;NA;NA;NA;NA;NA;NA;NA;NA;NA;NA;NA;NA;NA;NA;NA;NA;NA;NA;NA
35;"SP";3501004;"350100";"Altinópolis";"Não";"Região Metropolitana de Ribeirão Preto";"Motociclistas";NA;NA;NA;NA;NA;NA;NA;NA;NA;NA;NA;NA;NA;NA;NA;NA;NA;NA;NA;NA;NA;NA;NA;NA;NA
35;"SP";3501103;"350110";"Alto Alegre";"Não";"-";"Motociclistas";NA;NA;NA;NA;NA;NA;NA;NA;NA;NA;NA;NA;NA;NA;NA;NA;NA;NA;NA;NA;NA;NA;NA;NA;NA
35;"SP";3501152;"350115";"Alumínio";"Não";"Região Metropolitana de Sorocaba";"Motociclistas";NA;NA;NA;NA;NA;NA;NA;NA;NA;NA;NA;NA;NA;NA;NA;NA;NA;NA;NA;NA;NA;1;1;NA;NA
35;"SP";3501202;"350120";"Álvares Florence";"Não";"-";"Motociclistas";NA;NA;NA;NA;NA;NA;NA;NA;NA;NA;NA;NA;NA;NA;NA;NA;NA;NA;NA;NA;NA;NA;NA;NA;NA
35;"SP";3501301;"350130";"Álvares Machado";"Não";"-";"Motociclistas";NA;NA;NA;NA;NA;NA;NA;NA;NA;NA;NA;NA;NA;NA;NA;NA;NA;NA;1;NA;NA;NA;NA;NA;NA
35;"SP";3501400;"350140";"Álvaro de Carvalho";"Não";"-";"Motociclistas";NA;NA;NA;NA;NA;NA;NA;NA;NA;NA;NA;NA;NA;NA;NA;NA;NA;NA;NA;NA;NA;NA;NA;NA;NA
35;"SP";3501509;"350150";"Alvinlândia";"Não";"-";"Motociclistas";NA;NA;NA;NA;NA;NA;NA;NA;NA;NA;NA;NA;NA;NA;NA;NA;NA;NA;NA;NA;NA;NA;NA;1;NA
35;"SP";3501608;"350160";"Americana";"Não";"Região Metropolitana de Campinas";"Motociclistas";NA;NA;NA;NA;2;1;1;1;1;1;2;2;NA;2;2;1;4;3;1;3;2;5;6;6;NA
35;"SP";3501707;"350170";"Américo Brasiliense";"Não";"-";"Motociclistas";NA;NA;NA;NA;NA;NA;NA;NA;NA;1;NA;NA;NA;NA;1;NA;NA;NA;NA;NA;NA;NA;NA;NA;NA
35;"SP";3501806;"350180";"Américo de Campos";"Não";"-";"Motociclistas";NA;NA;NA;NA;NA;NA;NA;NA;NA;NA;NA;NA;NA;NA;NA;NA;NA;NA;NA;NA;NA;NA;NA;2;NA
35;"SP";3501905;"350190";"Amparo";"Não";"-";"Motociclistas";NA;NA;NA;NA;1;2;NA;1;2;NA;NA;2;2;NA;1;1;NA;NA;NA;1;1;2;1;1;NA
35;"SP";3502002;"350200";"Analândia";"Não";"Região Metropolitana de Piracicaba";"Motociclistas";NA;NA;NA;NA;NA;NA;NA;NA;NA;NA;NA;NA;NA;NA;NA;NA;NA;1;NA;NA;NA;NA;NA;NA;NA
35;"SP";3502101;"350210";"Andradina";"Não";"-";"Motociclistas";NA;1;1;NA;NA;NA;NA;2;4;1;NA;2;1;2;2;NA;NA;2;NA;NA;2;NA;NA;NA;NA
35;"SP";3502200;"350220";"Angatuba";"Não";"-";"Motociclistas";NA;NA;NA;NA;NA;NA;NA;NA;NA;NA;NA;NA;NA;NA;NA;NA;NA;NA;NA;1;1;NA;NA;NA;NA
35;"SP";3502309;"350230";"Anhembi";"Não";"-";"Motociclistas";NA;NA;NA;NA;NA;NA;NA;NA;NA;NA;NA;NA;NA;NA;NA;NA;1;NA;NA;NA;NA;NA;NA;NA;NA
35;"SP";3502408;"350240";"Anhumas";"Não";"-";"Motociclistas";NA;NA;NA;NA;NA;NA;NA;NA;NA;NA;NA;NA;NA;NA;NA;NA;NA;NA;NA;NA;NA;NA;NA;1;NA
35;"SP";3502507;"350250";"Aparecida";"Não";"Região Metropolitana do Vale do Paraíba e Litoral Norte";"Motociclistas";NA;NA;NA;NA;1;1;NA;NA;NA;NA;NA;NA;NA;NA;1;NA;NA;NA;NA;1;NA;1;NA;1;NA
35;"SP";3502606;"350260";"Aparecida d'Oeste";"Não";"-";"Motociclistas";NA;NA;NA;NA;NA;NA;NA;NA;NA;NA;NA;NA;NA;NA;NA;NA;NA;NA;NA;NA;NA;NA;NA;NA;NA
35;"SP";3502705;"350270";"Apiaí";"Não";"-";"Motociclistas";NA;NA;NA;NA;1;NA;1;NA;NA;1;NA;NA;NA;NA;NA;NA;2;NA;NA;NA;NA;1;NA;NA;NA
35;"SP";3502754;"350275";"Araçariguama";"Não";"Região Metropolitana de Sorocaba";"Motociclistas";NA;NA;NA;NA;NA;NA;NA;NA;NA;NA;NA;NA;1;1;NA;NA;NA;NA;NA;NA;1;1;1;NA;NA
35;"SP";3502804;"350280";"Araçatuba";"Não";"-";"Motociclistas";NA;1;NA;1;2;NA;1;1;NA;NA;NA;5;2;5;10;6;3;4;7;9;10;8;4;12;NA
35;"SP";3502903;"350290";"Araçoiaba da Serra";"Não";"Região Metropolitana de Sorocaba";"Motociclistas";NA;NA;NA;NA;NA;NA;NA;NA;NA;NA;NA;NA;NA;NA;NA;NA;1;1;NA;NA;NA;NA;NA;2;NA
35;"SP";3503109;"350310";"Arandu";"Não";"-";"Motociclistas";NA;NA;NA;NA;NA;NA;NA;NA;NA;NA;NA;NA;NA;NA;NA;NA;NA;NA;NA;NA;NA;NA;NA;NA;NA
35;"SP";3503208;"350320";"Araraquara";"Não";"-";"Motociclistas";NA;2;1;2;NA;2;7;7;5;1;6;8;7;6;2;3;4;2;8;9;5;4;3;3;NA
35;"SP";3503307;"350330";"Araras";"Não";"Região Metropolitana de Piracicaba";"Motociclistas";NA;NA;NA;NA;NA;NA;NA;NA;NA;NA;NA;NA;NA;NA;NA;1;NA;NA;4;2;6;3;3;1;NA
35;"SP";3503356;"350335";"Arco-Íris";"Não";"-";"Motociclistas";NA;NA;NA;NA;NA;NA;NA;NA;NA;NA;NA;NA;NA;NA;NA;NA;NA;NA;NA;NA;NA;NA;NA;NA;NA
35;"SP";3503406;"350340";"Arealva";"Não";"-";"Motociclistas";NA;NA;NA;NA;NA;NA;NA;NA;NA;NA;NA;NA;NA;NA;NA;NA;NA;NA;NA;NA;NA;NA;NA;NA;NA
35;"SP";3503505;"350350";"Areias";"Não";"Região Metropolitana do Vale do Paraíba e Litoral Norte";"Motociclistas";NA;NA;1;NA;NA;NA;NA;NA;NA;NA;NA;NA;NA;NA;NA;NA;NA;NA;NA;NA;1;NA;NA;NA;NA
35;"SP";3503703;"350370";"Ariranha";"Não";"-";"Motociclistas";NA;NA;NA;NA;NA;NA;NA;NA;NA;NA;NA;NA;NA;NA;NA;NA;NA;NA;NA;NA;1;NA;NA;NA;NA
35;"SP";3503802;"350380";"Artur Nogueira";"Não";"Região Metropolitana de Campinas";"Motociclistas";NA;NA;NA;NA;1;NA;NA;NA;NA;NA;NA;NA;NA;NA;NA;2;NA;1;NA;1;2;1;3;1;NA
35;"SP";3503901;"350390";"Arujá";"Não";"Região Metropolitana de São Paulo";"Motociclistas";1;NA;NA;NA;NA;1;NA;NA;NA;NA;1;1;NA;1;2;1;NA;2;NA;NA;2;NA;1;1;NA
35;"SP";3503950;"350395";"Aspásia";"Não";"-";"Motociclistas";NA;NA;NA;NA;NA;NA;NA;NA;NA;NA;NA;NA;NA;NA;NA;NA;NA;NA;NA;NA;NA;NA;NA;NA;NA
35;"SP";3504008;"350400";"Assis";"Não";"-";"Motociclistas";NA;NA;NA;NA;NA;NA;NA;NA;NA;NA;NA;NA;NA;NA;1;NA;2;1;1;NA;NA;NA;2;1;NA
35;"SP";3504107;"350410";"Atibaia";"Não";"-";"Motociclistas";1;NA;NA;NA;NA;1;NA;NA;NA;2;2;2;3;2;3;2;2;4;2;3;1;NA;3;NA;NA
35;"SP";3504206;"350420";"Auriflama";"Não";"-";"Motociclistas";NA;NA;NA;NA;NA;NA;1;NA;NA;NA;NA;1;NA;NA;NA;NA;NA;NA;NA;NA;NA;NA;NA;NA;NA
35;"SP";3504404;"350440";"Avanhandava";"Não";"-";"Motociclistas";NA;NA;NA;NA;NA;NA;NA;NA;NA;NA;NA;NA;NA;NA;NA;NA;NA;NA;NA;NA;NA;NA;NA;1;NA
35;"SP";3504503;"350450";"Avaré";"Não";"-";"Motociclistas";NA;NA;NA;NA;NA;NA;2;NA;NA;NA;NA;2;NA;NA;NA;NA;NA;1;1;NA;1;NA;NA;1;NA
35;"SP";3504602;"350460";"Bady Bassitt";"Não";"Região Metropolitana de São José do Rio Preto";"Motociclistas";NA;NA;NA;NA;NA;NA;NA;NA;NA;NA;NA;NA;1;NA;NA;NA;NA;NA;1;NA;NA;NA;NA;2;NA
35;"SP";3504800;"350480";"Bálsamo";"Não";"Região Metropolitana de São José do Rio Preto";"Motociclistas";NA;NA;NA;NA;NA;NA;NA;NA;NA;NA;NA;NA;NA;NA;NA;NA;NA;NA;NA;NA;NA;1;NA;NA;NA
35;"SP";3504909;"350490";"Bananal";"Não";"Região Metropolitana do Vale do Paraíba e Litoral Norte";"Motociclistas";NA;NA;NA;NA;NA;NA;NA;NA;NA;NA;NA;NA;NA;NA;NA;NA;NA;NA;NA;NA;NA;NA;NA;NA;NA
35;"SP";3505104;"350510";"Barbosa";"Não";"-";"Motociclistas";NA;NA;NA;NA;NA;NA;NA;NA;NA;NA;NA;NA;NA;NA;NA;NA;NA;NA;NA;NA;NA;NA;NA;NA;NA
35;"SP";3505203;"350520";"Bariri";"Não";"-";"Motociclistas";NA;NA;NA;NA;NA;NA;NA;2;NA;NA;NA;NA;NA;1;NA;NA;1;NA;NA;1;NA;1;NA;NA;NA
35;"SP";3505302;"350530";"Barra Bonita";"Não";"-";"Motociclistas";NA;NA;NA;NA;NA;NA;NA;NA;NA;NA;NA;NA;NA;NA;NA;NA;NA;1;1;NA;NA;3;NA;1;NA
35;"SP";3505351;"350535";"Barra do Chapéu";"Não";"-";"Motociclistas";NA;NA;NA;NA;NA;NA;NA;NA;NA;NA;NA;NA;NA;NA;NA;NA;NA;NA;NA;NA;NA;NA;NA;NA;NA
35;"SP";3505401;"350540";"Barra do Turvo";"Não";"-";"Motociclistas";NA;NA;NA;NA;NA;NA;NA;NA;NA;NA;NA;NA;NA;NA;NA;NA;NA;NA;NA;1;NA;NA;NA;NA;NA
35;"SP";3505500;"350550";"Barretos";"Não";"-";"Motociclistas";1;1;NA;NA;NA;1;NA;NA;2;NA;2;3;5;4;2;4;3;1;1;4;4;1;3;2;NA
35;"SP";3505609;"350560";"Barrinha";"Não";"Região Metropolitana de Ribeirão Preto";"Motociclistas";NA;NA;NA;NA;NA;NA;1;NA;NA;NA;NA;NA;1;NA;NA;NA;NA;NA;NA;NA;NA;NA;1;NA;NA
35;"SP";3505708;"350570";"Barueri";"Não";"Região Metropolitana de São Paulo";"Motociclistas";NA;NA;NA;2;1;NA;NA;4;4;3;NA;NA;1;2;2;3;1;5;6;7;6;11;9;9;NA
35;"SP";3505807;"350580";"Bastos";"Não";"-";"Motociclistas";NA;NA;NA;NA;NA;NA;1;NA;NA;NA;NA;1;1;NA;NA;NA;NA;NA;NA;NA;NA;NA;NA;NA;NA
35;"SP";3505906;"350590";"Batatais";"Não";"Região Metropolitana de Ribeirão Preto";"Motociclistas";NA;NA;NA;NA;NA;NA;NA;NA;NA;NA;NA;NA;NA;NA;NA;NA;1;1;NA;NA;1;NA;NA;1;NA
35;"SP";3506003;"350600";"Bauru";"Não";"-";"Motociclistas";NA;NA;NA;NA;NA;1;1;8;3;5;4;7;2;4;8;5;7;6;6;NA;5;7;3;6;NA
35;"SP";3506102;"350610";"Bebedouro";"Não";"-";"Motociclistas";NA;NA;NA;NA;1;1;NA;1;NA;NA;2;NA;1;NA;1;1;1;NA;1;1;3;1;NA;1;NA
35;"SP";3506201;"350620";"Bento de Abreu";"Não";"-";"Motociclistas";NA;NA;NA;NA;NA;NA;NA;NA;NA;NA;NA;NA;NA;NA;NA;NA;NA;1;NA;NA;NA;NA;NA;NA;NA
35;"SP";3506300;"350630";"Bernardino de Campos";"Não";"-";"Motociclistas";NA;NA;NA;NA;NA;NA;NA;NA;NA;NA;NA;NA;NA;NA;NA;NA;NA;NA;NA;NA;NA;1;NA;NA;NA
35;"SP";3506359;"350635";"Bertioga";"Não";"Região Metropolitana da Baixada Santista";"Motociclistas";NA;NA;NA;NA;NA;NA;NA;NA;NA;NA;NA;NA;NA;NA;NA;2;NA;1;1;1;2;1;6;9;NA
35;"SP";3506409;"350640";"Bilac";"Não";"-";"Motociclistas";NA;NA;NA;NA;NA;NA;NA;NA;NA;NA;NA;NA;NA;NA;NA;NA;NA;NA;1;NA;1;NA;NA;NA;NA
35;"SP";3506508;"350650";"Birigui";"Não";"-";"Motociclistas";NA;NA;NA;NA;NA;NA;NA;NA;1;NA;NA;2;1;2;NA;2;2;1;1;NA;2;1;2;2;NA
35;"SP";3506607;"350660";"Biritiba Mirim";"Não";"Região Metropolitana de São Paulo";"Motociclistas";NA;NA;NA;NA;NA;NA;NA;NA;NA;NA;NA;NA;NA;NA;NA;NA;NA;NA;NA;NA;NA;NA;1;NA;NA
35;"SP";3506706;"350670";"Boa Esperança do Sul";"Não";"-";"Motociclistas";NA;NA;NA;NA;NA;NA;NA;NA;NA;NA;NA;NA;NA;NA;NA;NA;NA;NA;NA;NA;NA;NA;NA;NA;NA
35;"SP";3506805;"350680";"Bocaina";"Não";"-";"Motociclistas";NA;NA;NA;NA;NA;NA;NA;NA;NA;NA;NA;NA;NA;NA;NA;NA;NA;NA;NA;NA;NA;NA;NA;NA;NA
35;"SP";3506904;"350690";"Bofete";"Não";"-";"Motociclistas";NA;NA;NA;NA;NA;NA;NA;NA;NA;NA;NA;NA;1;NA;NA;NA;NA;NA;NA;NA;NA;NA;NA;NA;NA
35;"SP";3507001;"350700";"Boituva";"Não";"Região Metropolitana de Sorocaba";"Motociclistas";1;NA;NA;NA;NA;NA;2;NA;NA;NA;NA;NA;NA;1;NA;NA;NA;NA;1;NA;2;1;1;1;NA
35;"SP";3507100;"350710";"Bom Jesus dos Perdões";"Não";"-";"Motociclistas";NA;NA;NA;NA;NA;NA;NA;NA;NA;NA;NA;NA;NA;NA;NA;NA;NA;NA;NA;NA;NA;NA;1;NA;NA
35;"SP";3507159;"350715";"Bom Sucesso de Itararé";"Não";"-";"Motociclistas";NA;NA;NA;NA;NA;NA;NA;NA;NA;NA;NA;NA;NA;NA;NA;1;NA;NA;NA;NA;NA;NA;NA;NA;NA
35;"SP";3507308;"350730";"Boracéia";"Não";"-";"Motociclistas";NA;NA;NA;NA;NA;NA;NA;NA;NA;NA;NA;NA;NA;NA;NA;NA;NA;NA;NA;NA;NA;1;NA;NA;NA
35;"SP";3507407;"350740";"Borborema";"Não";"-";"Motociclistas";NA;NA;NA;NA;NA;NA;NA;NA;NA;NA;NA;NA;NA;NA;NA;NA;NA;NA;NA;NA;NA;NA;1;NA;NA
35;"SP";3507456;"350745";"Borebi";"Não";"-";"Motociclistas";NA;NA;NA;NA;NA;NA;NA;NA;NA;NA;NA;NA;NA;NA;NA;NA;NA;NA;NA;NA;NA;NA;NA;NA;NA
35;"SP";3507506;"350750";"Botucatu";"Não";"-";"Motociclistas";NA;NA;NA;NA;NA;NA;2;NA;1;1;1;NA;2;2;3;NA;1;1;NA;2;3;3;3;1;NA
35;"SP";3507605;"350760";"Bragança Paulista";"Não";"-";"Motociclistas";NA;NA;NA;NA;NA;2;1;2;NA;3;NA;1;4;5;5;5;3;2;3;6;4;8;7;7;NA
35;"SP";3507704;"350770";"Braúna";"Não";"-";"Motociclistas";NA;NA;NA;NA;NA;NA;NA;NA;NA;NA;NA;NA;NA;NA;NA;NA;NA;NA;NA;NA;NA;1;NA;NA;NA
35;"SP";3507753;"350775";"Brejo Alegre";"Não";"-";"Motociclistas";NA;NA;NA;NA;NA;1;NA;NA;NA;NA;NA;NA;NA;NA;NA;NA;NA;NA;NA;NA;NA;NA;NA;NA;NA
35;"SP";3507803;"350780";"Brodowski";"Não";"Região Metropolitana de Ribeirão Preto";"Motociclistas";NA;NA;NA;NA;NA;NA;NA;NA;NA;NA;NA;NA;NA;NA;1;NA;NA;NA;NA;NA;NA;NA;NA;1;NA
35;"SP";3507902;"350790";"Brotas";"Não";"-";"Motociclistas";NA;NA;NA;NA;NA;NA;NA;1;NA;NA;NA;NA;NA;NA;NA;NA;NA;NA;NA;NA;NA;NA;NA;NA;NA
35;"SP";3508009;"350800";"Buri";"Não";"-";"Motociclistas";NA;NA;NA;NA;NA;NA;NA;NA;NA;1;1;NA;NA;NA;NA;NA;NA;NA;NA;NA;NA;NA;NA;NA;NA
35;"SP";3508108;"350810";"Buritama";"Não";"-";"Motociclistas";NA;NA;NA;NA;NA;NA;NA;NA;NA;NA;NA;NA;NA;2;NA;NA;NA;NA;1;NA;2;NA;NA;1;NA
35;"SP";3508207;"350820";"Buritizal";"Não";"-";"Motociclistas";NA;NA;NA;NA;NA;NA;NA;NA;NA;NA;NA;NA;NA;NA;NA;NA;NA;NA;NA;NA;NA;NA;NA;NA;NA
35;"SP";3508306;"350830";"Cabrália Paulista";"Não";"-";"Motociclistas";NA;NA;NA;NA;NA;NA;NA;NA;NA;NA;NA;NA;NA;NA;NA;NA;NA;NA;NA;NA;NA;NA;NA;NA;NA
35;"SP";3508405;"350840";"Cabreúva";"Não";"Região Metropolitana de Jundiaí";"Motociclistas";NA;NA;NA;NA;NA;NA;NA;NA;1;NA;NA;NA;NA;NA;NA;NA;1;NA;1;NA;1;2;NA;1;NA
35;"SP";3508504;"350850";"Caçapava";"Não";"Região Metropolitana do Vale do Paraíba e Litoral Norte";"Motociclistas";NA;NA;NA;NA;NA;NA;NA;NA;NA;NA;NA;NA;NA;NA;1;NA;NA;1;1;2;NA;1;NA;2;NA
35;"SP";3508603;"350860";"Cachoeira Paulista";"Não";"Região Metropolitana do Vale do Paraíba e Litoral Norte";"Motociclistas";NA;NA;NA;NA;NA;NA;NA;NA;NA;NA;NA;NA;NA;NA;1;NA;NA;NA;NA;NA;NA;NA;NA;1;NA
35;"SP";3508702;"350870";"Caconde";"Não";"-";"Motociclistas";NA;NA;NA;NA;NA;NA;NA;NA;NA;NA;NA;NA;NA;NA;NA;NA;NA;NA;NA;NA;NA;NA;NA;NA;NA
35;"SP";3508801;"350880";"Cafelândia";"Não";"-";"Motociclistas";NA;NA;NA;NA;NA;NA;NA;NA;NA;NA;NA;NA;NA;NA;NA;NA;NA;NA;NA;NA;1;NA;1;NA;NA
35;"SP";3509007;"350900";"Caieiras";"Não";"Região Metropolitana de São Paulo";"Motociclistas";NA;NA;1;NA;NA;2;1;1;3;1;1;1;6;2;1;1;NA;NA;3;3;3;NA;2;2;NA
35;"SP";3509106;"350910";"Caiuá";"Não";"-";"Motociclistas";NA;NA;NA;NA;NA;NA;NA;NA;1;NA;NA;NA;NA;NA;NA;2;NA;1;NA;NA;NA;NA;NA;NA;NA
35;"SP";3509205;"350920";"Cajamar";"Não";"Região Metropolitana de São Paulo";"Motociclistas";NA;NA;NA;NA;NA;NA;NA;1;NA;NA;NA;NA;3;NA;NA;NA;2;NA;3;4;4;2;5;4;NA
35;"SP";3509254;"350925";"Cajati";"Não";"-";"Motociclistas";NA;NA;NA;NA;NA;1;NA;NA;NA;NA;NA;NA;NA;NA;NA;NA;NA;NA;NA;NA;NA;NA;NA;1;NA
35;"SP";3509304;"350930";"Cajobi";"Não";"-";"Motociclistas";NA;NA;NA;NA;NA;NA;NA;NA;NA;1;NA;NA;NA;1;NA;NA;NA;NA;NA;NA;NA;NA;NA;NA;NA
35;"SP";3509403;"350940";"Cajuru";"Não";"Região Metropolitana de Ribeirão Preto";"Motociclistas";NA;NA;NA;NA;NA;NA;NA;NA;NA;NA;NA;NA;NA;NA;NA;NA;NA;NA;NA;NA;NA;NA;NA;NA;NA
35;"SP";3509452;"350945";"Campina do Monte Alegre";"Não";"-";"Motociclistas";NA;NA;NA;NA;NA;NA;NA;NA;NA;NA;NA;NA;NA;NA;1;NA;NA;NA;NA;NA;NA;NA;NA;NA;NA
35;"SP";3509502;"350950";"Campinas";"Não";"Região Metropolitana de Campinas";"Motociclistas";4;1;1;1;6;9;17;9;20;17;14;38;27;18;22;15;16;22;16;18;19;31;29;46;NA
35;"SP";3509601;"350960";"Campo Limpo Paulista";"Não";"Região Metropolitana de Jundiaí";"Motociclistas";NA;NA;NA;NA;1;NA;NA;NA;NA;NA;NA;NA;NA;1;NA;2;NA;NA;NA;1;NA;NA;1;3;NA
35;"SP";3509700;"350970";"Campos do Jordão";"Não";"Região Metropolitana do Vale do Paraíba e Litoral Norte";"Motociclistas";NA;NA;NA;NA;NA;NA;NA;NA;1;NA;NA;NA;NA;NA;NA;NA;NA;1;NA;NA;NA;NA;NA;NA;NA
35;"SP";3509908;"350990";"Cananéia";"Não";"-";"Motociclistas";NA;NA;NA;NA;NA;NA;NA;NA;NA;NA;NA;NA;NA;NA;NA;NA;NA;NA;NA;NA;NA;NA;NA;NA;NA
35;"SP";3509957;"350995";"Canas";"Não";"Região Metropolitana do Vale do Paraíba e Litoral Norte";"Motociclistas";NA;1;NA;NA;NA;NA;NA;NA;NA;NA;NA;NA;NA;NA;NA;NA;NA;NA;NA;NA;NA;NA;1;NA;NA
35;"SP";3510005;"351000";"Cândido Mota";"Não";"-";"Motociclistas";NA;NA;NA;NA;NA;NA;NA;NA;NA;NA;NA;NA;NA;NA;NA;NA;NA;NA;NA;NA;NA;NA;NA;NA;NA
35;"SP";3510203;"351020";"Capão Bonito";"Não";"-";"Motociclistas";NA;NA;NA;NA;NA;NA;NA;NA;NA;NA;NA;NA;1;NA;NA;NA;NA;2;NA;NA;1;NA;NA;NA;NA
35;"SP";3510302;"351030";"Capela do Alto";"Não";"Região Metropolitana de Sorocaba";"Motociclistas";NA;NA;NA;NA;NA;NA;NA;NA;NA;NA;NA;NA;NA;NA;NA;1;NA;NA;NA;NA;NA;1;NA;NA;NA
35;"SP";3510401;"351040";"Capivari";"Não";"Região Metropolitana de Piracicaba";"Motociclistas";NA;NA;NA;NA;NA;NA;1;NA;NA;2;NA;1;1;NA;3;NA;2;NA;NA;1;1;NA;1;NA;NA
35;"SP";3510500;"351050";"Caraguatatuba";"Não";"Região Metropolitana do Vale do Paraíba e Litoral Norte";"Motociclistas";1;NA;NA;NA;1;3;3;2;4;2;3;NA;NA;3;5;1;1;1;NA;1;NA;2;2;4;NA
35;"SP";3510609;"351060";"Carapicuíba";"Não";"Região Metropolitana de São Paulo";"Motociclistas";NA;1;1;1;NA;1;2;1;3;4;2;1;2;1;2;NA;1;4;NA;1;3;6;7;4;NA
35;"SP";3510708;"351070";"Cardoso";"Não";"-";"Motociclistas";NA;NA;NA;NA;NA;NA;NA;NA;NA;NA;NA;NA;NA;NA;NA;NA;NA;NA;NA;NA;NA;NA;NA;NA;NA
35;"SP";3510807;"351080";"Casa Branca";"Não";"-";"Motociclistas";NA;1;NA;NA;NA;NA;NA;NA;1;NA;NA;NA;NA;NA;1;NA;NA;1;NA;NA;NA;NA;NA;3;NA
35;"SP";3510906;"351090";"Cássia dos Coqueiros";"Não";"Região Metropolitana de Ribeirão Preto";"Motociclistas";NA;NA;NA;NA;NA;NA;NA;NA;NA;NA;NA;NA;NA;NA;NA;NA;NA;NA;NA;NA;NA;NA;NA;NA;NA
35;"SP";3511003;"351100";"Castilho";"Não";"-";"Motociclistas";NA;NA;NA;NA;NA;NA;NA;NA;NA;NA;1;NA;NA;1;NA;NA;NA;NA;NA;NA;NA;NA;1;NA;NA
35;"SP";3511102;"351110";"Catanduva";"Não";"-";"Motociclistas";NA;NA;NA;NA;1;NA;NA;NA;NA;2;3;NA;2;1;NA;4;1;NA;4;1;1;3;3;3;NA
35;"SP";3511201;"351120";"Catiguá";"Não";"-";"Motociclistas";NA;NA;NA;NA;NA;NA;NA;NA;NA;NA;NA;NA;NA;NA;1;NA;NA;NA;NA;NA;NA;NA;NA;NA;NA
35;"SP";3511300;"351130";"Cedral";"Não";"Região Metropolitana de São José do Rio Preto";"Motociclistas";NA;NA;NA;NA;NA;NA;NA;NA;NA;NA;NA;NA;NA;NA;NA;NA;NA;NA;NA;NA;1;NA;NA;NA;NA
35;"SP";3511409;"351140";"Cerqueira César";"Não";"-";"Motociclistas";NA;NA;NA;NA;NA;NA;NA;NA;NA;NA;NA;NA;NA;NA;NA;NA;NA;NA;1;NA;NA;NA;NA;NA;NA
35;"SP";3511508;"351150";"Cerquilho";"Não";"Região Metropolitana de Sorocaba";"Motociclistas";NA;NA;1;NA;NA;NA;NA;NA;NA;NA;2;1;NA;NA;NA;1;1;1;NA;NA;NA;NA;3;NA;NA
35;"SP";3511607;"351160";"Cesário Lange";"Não";"Região Metropolitana de Sorocaba";"Motociclistas";NA;NA;NA;NA;NA;NA;NA;NA;NA;NA;NA;NA;NA;NA;NA;NA;NA;NA;1;NA;NA;1;NA;NA;NA
35;"SP";3511706;"351170";"Charqueada";"Não";"Região Metropolitana de Piracicaba";"Motociclistas";NA;NA;NA;NA;NA;NA;NA;NA;NA;NA;NA;NA;NA;NA;NA;NA;NA;NA;NA;1;NA;NA;NA;NA;NA
35;"SP";3511904;"351190";"Clementina";"Não";"-";"Motociclistas";NA;NA;NA;NA;NA;NA;NA;2;NA;NA;NA;NA;NA;NA;NA;NA;NA;1;NA;NA;NA;NA;NA;1;NA
35;"SP";3512001;"351200";"Colina";"Não";"-";"Motociclistas";NA;NA;NA;NA;NA;NA;NA;NA;1;NA;NA;NA;NA;NA;NA;NA;1;NA;NA;1;NA;1;NA;NA;NA
35;"SP";3512100;"351210";"Colômbia";"Não";"-";"Motociclistas";NA;NA;NA;1;NA;NA;NA;NA;NA;NA;NA;NA;NA;NA;NA;NA;NA;NA;NA;NA;NA;NA;NA;NA;NA
35;"SP";3512209;"351220";"Conchal";"Não";"Região Metropolitana de Piracicaba";"Motociclistas";NA;NA;NA;NA;NA;NA;NA;NA;NA;NA;NA;NA;NA;NA;NA;NA;NA;NA;NA;NA;NA;1;1;NA;NA
35;"SP";3512308;"351230";"Conchas";"Não";"-";"Motociclistas";NA;NA;NA;NA;NA;NA;NA;NA;NA;NA;NA;NA;NA;NA;NA;NA;NA;1;NA;1;1;NA;NA;NA;NA
35;"SP";3512407;"351240";"Cordeirópolis";"Não";"Região Metropolitana de Piracicaba";"Motociclistas";NA;NA;NA;NA;NA;NA;NA;NA;NA;NA;NA;NA;1;NA;NA;NA;NA;NA;NA;NA;NA;NA;NA;1;NA
35;"SP";3512506;"351250";"Coroados";"Não";"-";"Motociclistas";NA;NA;NA;NA;NA;NA;NA;NA;NA;NA;1;NA;NA;NA;NA;1;NA;NA;NA;NA;NA;NA;NA;NA;NA
35;"SP";3512605;"351260";"Coronel Macedo";"Não";"-";"Motociclistas";NA;NA;NA;NA;NA;NA;NA;NA;NA;NA;NA;NA;NA;NA;NA;NA;NA;NA;NA;NA;NA;NA;NA;NA;NA
35;"SP";3512704;"351270";"Corumbataí";"Não";"Região Metropolitana de Piracicaba";"Motociclistas";NA;NA;NA;NA;NA;NA;NA;NA;1;NA;NA;NA;NA;NA;NA;NA;NA;NA;NA;NA;NA;NA;NA;NA;NA
35;"SP";3512803;"351280";"Cosmópolis";"Não";"Região Metropolitana de Campinas";"Motociclistas";NA;NA;NA;NA;NA;NA;NA;NA;NA;NA;NA;NA;NA;NA;NA;NA;NA;NA;3;NA;1;1;3;2;NA
35;"SP";3512902;"351290";"Cosmorama";"Não";"-";"Motociclistas";NA;NA;NA;NA;NA;NA;NA;NA;1;NA;NA;1;NA;NA;NA;1;NA;NA;NA;1;NA;NA;1;NA;NA
35;"SP";3513009;"351300";"Cotia";"Não";"Região Metropolitana de São Paulo";"Motociclistas";NA;NA;NA;NA;NA;NA;NA;NA;1;1;NA;2;3;NA;2;NA;2;3;8;5;4;12;13;14;NA
35;"SP";3513108;"351310";"Cravinhos";"Não";"Região Metropolitana de Ribeirão Preto";"Motociclistas";NA;NA;NA;NA;NA;NA;NA;NA;NA;NA;NA;NA;NA;1;NA;NA;NA;NA;NA;NA;NA;NA;1;NA;NA
35;"SP";3513207;"351320";"Cristais Paulista";"Não";"-";"Motociclistas";NA;NA;NA;NA;NA;NA;NA;NA;NA;NA;NA;1;NA;NA;NA;NA;2;NA;NA;NA;NA;NA;1;NA;NA
35;"SP";3513306;"351330";"Cruzália";"Não";"-";"Motociclistas";NA;NA;NA;NA;NA;NA;NA;NA;NA;NA;NA;NA;NA;NA;NA;NA;1;NA;NA;NA;NA;NA;NA;NA;NA
35;"SP";3513405;"351340";"Cruzeiro";"Não";"Região Metropolitana do Vale do Paraíba e Litoral Norte";"Motociclistas";NA;NA;NA;NA;1;NA;NA;NA;NA;NA;NA;1;1;1;NA;1;NA;NA;2;1;NA;NA;1;NA;NA
35;"SP";3513504;"351350";"Cubatão";"Não";"Região Metropolitana da Baixada Santista";"Motociclistas";NA;2;NA;1;1;4;5;6;4;5;7;6;3;6;2;3;2;1;2;4;3;6;4;8;NA
35;"SP";3513603;"351360";"Cunha";"Não";"Região Metropolitana do Vale do Paraíba e Litoral Norte";"Motociclistas";NA;NA;NA;NA;NA;NA;NA;NA;NA;NA;NA;NA;NA;NA;NA;NA;NA;1;NA;NA;NA;NA;NA;1;NA
35;"SP";3513702;"351370";"Descalvado";"Não";"-";"Motociclistas";NA;NA;NA;NA;NA;NA;NA;NA;NA;NA;NA;NA;1;NA;NA;NA;NA;NA;NA;NA;1;NA;NA;NA;NA
35;"SP";3513801;"351380";"Diadema";"Não";"Região Metropolitana de São Paulo";"Motociclistas";3;4;2;7;NA;4;8;2;7;8;8;9;7;14;11;15;9;8;6;8;9;6;1;3;NA
35;"SP";3513900;"351390";"Divinolândia";"Não";"-";"Motociclistas";NA;NA;NA;NA;NA;NA;NA;NA;NA;NA;NA;NA;NA;NA;NA;NA;NA;NA;1;NA;NA;NA;NA;NA;NA
35;"SP";3514007;"351400";"Dobrada";"Não";"-";"Motociclistas";NA;NA;NA;NA;NA;NA;NA;NA;NA;NA;NA;NA;NA;NA;NA;NA;NA;1;NA;NA;NA;NA;NA;NA;NA
35;"SP";3514106;"351410";"Dois Córregos";"Não";"-";"Motociclistas";NA;NA;NA;NA;NA;NA;NA;NA;NA;NA;2;NA;NA;NA;NA;NA;NA;NA;1;NA;NA;NA;NA;NA;NA
35;"SP";3514205;"351420";"Dolcinópolis";"Não";"-";"Motociclistas";NA;NA;NA;NA;NA;NA;NA;NA;NA;NA;NA;NA;NA;NA;NA;NA;NA;NA;NA;NA;NA;NA;NA;NA;NA
35;"SP";3514304;"351430";"Dourado";"Não";"-";"Motociclistas";NA;NA;NA;NA;NA;NA;NA;NA;NA;NA;NA;NA;NA;NA;NA;NA;NA;NA;NA;NA;NA;NA;NA;NA;NA
35;"SP";3514403;"351440";"Dracena";"Não";"-";"Motociclistas";NA;NA;NA;NA;NA;1;NA;1;3;NA;1;2;NA;NA;NA;NA;2;NA;1;NA;2;NA;NA;NA;NA
35;"SP";3514502;"351450";"Duartina";"Não";"-";"Motociclistas";NA;NA;NA;NA;NA;NA;NA;NA;NA;NA;NA;NA;NA;NA;NA;NA;1;NA;NA;NA;NA;NA;1;NA;NA
35;"SP";3514601;"351460";"Dumont";"Não";"Região Metropolitana de Ribeirão Preto";"Motociclistas";NA;NA;NA;NA;NA;NA;NA;NA;NA;NA;NA;NA;NA;NA;NA;1;1;NA;NA;NA;1;NA;NA;1;NA
35;"SP";3514700;"351470";"Echaporã";"Não";"-";"Motociclistas";NA;NA;NA;NA;NA;NA;NA;NA;NA;NA;NA;NA;NA;NA;NA;NA;NA;NA;NA;NA;NA;NA;NA;NA;NA
35;"SP";3514809;"351480";"Eldorado";"Não";"-";"Motociclistas";NA;NA;NA;NA;NA;NA;NA;NA;1;NA;NA;NA;NA;NA;NA;NA;NA;NA;NA;NA;NA;NA;NA;1;NA
35;"SP";3514908;"351490";"Elias Fausto";"Não";"Região Metropolitana de Piracicaba";"Motociclistas";NA;NA;NA;NA;NA;NA;NA;NA;NA;NA;NA;NA;NA;NA;NA;NA;NA;1;NA;NA;NA;NA;NA;NA;NA
35;"SP";3514924;"351492";"Elisiário";"Não";"-";"Motociclistas";NA;NA;NA;NA;NA;NA;NA;NA;NA;NA;NA;NA;NA;NA;NA;NA;NA;1;NA;NA;NA;NA;NA;NA;NA
35;"SP";3514957;"351495";"Embaúba";"Não";"-";"Motociclistas";NA;NA;NA;NA;NA;NA;NA;NA;NA;NA;NA;NA;NA;NA;NA;NA;NA;NA;NA;NA;NA;NA;NA;NA;NA
35;"SP";3515004;"351500";"Embu das Artes";"Não";"Região Metropolitana de São Paulo";"Motociclistas";NA;NA;NA;NA;NA;NA;NA;NA;NA;NA;1;1;1;NA;1;1;3;1;NA;NA;1;1;1;NA;NA
35;"SP";3515103;"351510";"Embu-Guaçu";"Não";"Região Metropolitana de São Paulo";"Motociclistas";NA;NA;NA;NA;NA;NA;NA;1;NA;1;NA;NA;NA;NA;NA;NA;NA;NA;NA;NA;NA;NA;1;NA;NA
35;"SP";3515152;"351515";"Engenheiro Coelho";"Não";"Região Metropolitana de Campinas";"Motociclistas";NA;NA;NA;NA;NA;NA;NA;NA;NA;NA;NA;NA;NA;NA;NA;NA;NA;1;NA;NA;NA;NA;2;NA;NA
35;"SP";3515186;"351518";"Espírito Santo do Pinhal";"Não";"-";"Motociclistas";NA;1;NA;NA;NA;NA;NA;NA;1;NA;NA;NA;NA;NA;NA;NA;NA;NA;NA;NA;NA;NA;1;NA;NA
35;"SP";3515202;"351520";"Estrela d'Oeste";"Não";"-";"Motociclistas";NA;NA;NA;NA;NA;NA;NA;NA;NA;NA;NA;NA;NA;NA;NA;NA;NA;NA;NA;NA;NA;NA;NA;NA;NA
35;"SP";3515301;"351530";"Estrela do Norte";"Não";"-";"Motociclistas";NA;NA;NA;NA;NA;NA;NA;NA;NA;NA;NA;NA;NA;NA;NA;NA;2;NA;NA;NA;NA;NA;NA;NA;NA
35;"SP";3515350;"351535";"Euclides da Cunha Paulista";"Não";"-";"Motociclistas";NA;NA;NA;NA;NA;NA;NA;NA;NA;NA;NA;NA;NA;NA;1;1;NA;NA;NA;NA;NA;NA;NA;NA;NA
35;"SP";3515400;"351540";"Fartura";"Não";"-";"Motociclistas";NA;NA;NA;NA;NA;NA;NA;NA;NA;NA;NA;NA;NA;NA;NA;NA;1;NA;NA;NA;NA;NA;NA;NA;NA
35;"SP";3515509;"351550";"Fernandópolis";"Não";"-";"Motociclistas";NA;NA;NA;NA;NA;NA;NA;NA;NA;NA;1;1;1;NA;NA;NA;NA;2;2;NA;3;NA;3;2;NA
35;"SP";3515608;"351560";"Fernando Prestes";"Não";"-";"Motociclistas";NA;NA;NA;1;NA;NA;NA;NA;NA;NA;NA;NA;NA;NA;NA;NA;NA;NA;NA;NA;NA;NA;NA;1;NA
35;"SP";3515707;"351570";"Ferraz de Vasconcelos";"Não";"Região Metropolitana de São Paulo";"Motociclistas";1;NA;NA;NA;NA;NA;NA;NA;NA;NA;NA;NA;NA;1;NA;1;NA;1;2;NA;1;1;1;NA;NA
35;"SP";3515905;"351590";"Floreal";"Não";"-";"Motociclistas";NA;NA;NA;NA;NA;NA;NA;NA;NA;NA;NA;NA;NA;NA;NA;NA;1;NA;NA;NA;NA;NA;NA;NA;NA
35;"SP";3516002;"351600";"Flórida Paulista";"Não";"-";"Motociclistas";NA;NA;NA;NA;NA;NA;NA;NA;NA;NA;NA;NA;1;NA;NA;NA;NA;NA;NA;NA;NA;NA;NA;NA;NA
35;"SP";3516101;"351610";"Florínea";"Não";"-";"Motociclistas";NA;NA;NA;NA;NA;NA;NA;NA;NA;NA;NA;NA;NA;NA;NA;NA;NA;NA;NA;NA;NA;NA;NA;NA;NA
35;"SP";3516200;"351620";"Franca";"Não";"-";"Motociclistas";1;1;NA;NA;NA;NA;1;1;1;4;4;2;1;1;4;2;4;4;6;5;9;7;2;1;NA
35;"SP";3516309;"351630";"Francisco Morato";"Não";"Região Metropolitana de São Paulo";"Motociclistas";NA;NA;NA;NA;NA;3;1;NA;1;2;4;2;3;NA;1;NA;NA;2;NA;1;4;1;NA;NA;NA
35;"SP";3516408;"351640";"Franco da Rocha";"Não";"Região Metropolitana de São Paulo";"Motociclistas";1;NA;1;1;NA;1;NA;1;4;1;2;3;2;7;5;6;5;3;4;1;7;4;5;10;NA
35;"SP";3516507;"351650";"Gabriel Monteiro";"Não";"-";"Motociclistas";NA;NA;NA;NA;NA;NA;NA;NA;NA;NA;NA;NA;NA;NA;NA;NA;NA;NA;NA;NA;NA;NA;NA;NA;NA
35;"SP";3516606;"351660";"Gália";"Não";"-";"Motociclistas";NA;NA;NA;NA;NA;1;NA;NA;NA;NA;NA;NA;NA;NA;NA;NA;NA;NA;NA;NA;NA;NA;NA;NA;NA
35;"SP";3516705;"351670";"Garça";"Não";"-";"Motociclistas";NA;NA;NA;NA;NA;NA;NA;NA;NA;1;NA;NA;2;NA;NA;NA;NA;NA;NA;NA;NA;NA;NA;NA;NA
35;"SP";3516804;"351680";"Gastão Vidigal";"Não";"-";"Motociclistas";NA;NA;NA;NA;NA;NA;NA;NA;1;NA;1;NA;NA;NA;NA;NA;1;NA;NA;NA;NA;NA;NA;NA;NA
35;"SP";3516853;"351685";"Gavião Peixoto";"Não";"-";"Motociclistas";NA;NA;NA;NA;NA;NA;NA;1;NA;NA;NA;NA;NA;NA;NA;NA;NA;NA;NA;NA;NA;NA;NA;NA;NA
35;"SP";3516903;"351690";"General Salgado";"Não";"-";"Motociclistas";NA;NA;NA;NA;NA;NA;NA;NA;NA;NA;NA;NA;NA;NA;NA;1;NA;1;NA;1;NA;NA;1;1;NA
35;"SP";3517000;"351700";"Getulina";"Não";"-";"Motociclistas";NA;NA;NA;NA;NA;NA;NA;NA;NA;NA;2;NA;NA;NA;NA;NA;NA;NA;1;NA;NA;NA;1;NA;NA
35;"SP";3517109;"351710";"Glicério";"Não";"-";"Motociclistas";NA;NA;NA;NA;NA;NA;NA;NA;NA;NA;1;NA;NA;NA;1;NA;NA;NA;NA;NA;NA;NA;NA;NA;NA
35;"SP";3517208;"351720";"Guaiçara";"Não";"-";"Motociclistas";NA;NA;NA;NA;NA;NA;NA;NA;NA;NA;NA;NA;NA;1;NA;NA;NA;NA;NA;NA;1;NA;NA;NA;NA
35;"SP";3517307;"351730";"Guaimbê";"Não";"-";"Motociclistas";NA;NA;NA;NA;NA;NA;NA;NA;NA;NA;NA;NA;NA;NA;NA;NA;NA;NA;NA;1;NA;NA;NA;NA;NA
35;"SP";3517406;"351740";"Guaíra";"Não";"-";"Motociclistas";NA;NA;NA;NA;NA;NA;NA;NA;NA;NA;1;NA;NA;1;NA;NA;NA;NA;NA;1;NA;NA;NA;NA;NA
35;"SP";3517505;"351750";"Guapiaçu";"Não";"Região Metropolitana de São José do Rio Preto";"Motociclistas";NA;NA;NA;NA;NA;NA;NA;NA;NA;NA;NA;NA;NA;NA;NA;NA;NA;1;NA;NA;NA;NA;NA;NA;NA
35;"SP";3517604;"351760";"Guapiara";"Não";"-";"Motociclistas";NA;NA;NA;NA;NA;NA;NA;NA;NA;NA;NA;NA;NA;NA;NA;NA;NA;NA;NA;NA;NA;1;2;NA;NA
35;"SP";3517703;"351770";"Guará";"Não";"-";"Motociclistas";NA;NA;NA;NA;NA;NA;NA;NA;NA;NA;NA;NA;NA;NA;NA;NA;NA;NA;NA;NA;NA;NA;NA;NA;NA
35;"SP";3517802;"351780";"Guaraçaí";"Não";"-";"Motociclistas";NA;NA;NA;NA;NA;NA;NA;NA;NA;NA;NA;NA;NA;NA;NA;NA;NA;NA;NA;NA;NA;NA;NA;NA;NA
35;"SP";3518008;"351800";"Guarani d'Oeste";"Não";"-";"Motociclistas";NA;NA;NA;NA;NA;NA;NA;NA;NA;NA;NA;NA;NA;NA;NA;NA;1;NA;NA;NA;NA;NA;NA;NA;NA
35;"SP";3518107;"351810";"Guarantã";"Não";"-";"Motociclistas";NA;NA;NA;NA;NA;NA;NA;NA;NA;NA;NA;NA;NA;NA;NA;NA;NA;NA;NA;NA;NA;NA;1;NA;NA
35;"SP";3518206;"351820";"Guararapes";"Não";"-";"Motociclistas";NA;NA;NA;NA;NA;NA;NA;NA;NA;1;NA;NA;1;NA;NA;NA;NA;NA;NA;1;NA;1;NA;NA;NA
35;"SP";3518305;"351830";"Guararema";"Não";"Região Metropolitana de São Paulo";"Motociclistas";NA;NA;NA;NA;NA;NA;NA;NA;NA;1;NA;NA;NA;NA;1;1;NA;NA;NA;1;NA;1;1;NA;NA
35;"SP";3518404;"351840";"Guaratinguetá";"Não";"Região Metropolitana do Vale do Paraíba e Litoral Norte";"Motociclistas";NA;NA;NA;NA;NA;2;NA;3;1;2;1;1;1;NA;1;3;1;2;3;2;1;1;NA;3;NA
35;"SP";3518503;"351850";"Guareí";"Não";"-";"Motociclistas";NA;NA;NA;NA;NA;NA;NA;NA;NA;NA;NA;NA;1;NA;NA;NA;NA;NA;NA;NA;NA;NA;NA;NA;NA
35;"SP";3518602;"351860";"Guariba";"Não";"Região Metropolitana de Ribeirão Preto";"Motociclistas";NA;NA;NA;NA;NA;NA;1;NA;NA;NA;NA;NA;NA;NA;1;NA;NA;NA;1;NA;NA;NA;NA;1;NA
35;"SP";3518701;"351870";"Guarujá";"Não";"Região Metropolitana da Baixada Santista";"Motociclistas";NA;NA;1;NA;1;NA;NA;NA;NA;1;2;1;NA;NA;4;1;2;3;5;4;10;8;9;8;NA
35;"SP";3518800;"351880";"Guarulhos";"Não";"Região Metropolitana de São Paulo";"Motociclistas";3;1;1;5;5;6;9;10;13;14;20;24;23;15;20;16;10;14;20;12;5;16;17;16;NA
35;"SP";3518859;"351885";"Guatapará";"Não";"Região Metropolitana de Ribeirão Preto";"Motociclistas";NA;NA;NA;NA;NA;NA;NA;NA;NA;NA;NA;NA;NA;NA;NA;NA;NA;NA;NA;NA;NA;NA;NA;NA;NA
35;"SP";3518909;"351890";"Guzolândia";"Não";"-";"Motociclistas";NA;NA;NA;NA;NA;NA;NA;NA;1;NA;NA;NA;NA;NA;NA;NA;NA;NA;NA;NA;NA;NA;NA;1;NA
35;"SP";3519006;"351900";"Herculândia";"Não";"-";"Motociclistas";NA;NA;NA;NA;NA;NA;NA;NA;NA;NA;NA;NA;NA;NA;NA;NA;NA;NA;1;NA;NA;1;NA;NA;NA
35;"SP";3519055;"351905";"Holambra";"Não";"Região Metropolitana de Campinas";"Motociclistas";NA;NA;NA;NA;NA;NA;NA;NA;NA;NA;NA;NA;NA;NA;NA;NA;NA;1;NA;NA;NA;NA;NA;1;NA
35;"SP";3519071;"351907";"Hortolândia";"Não";"Região Metropolitana de Campinas";"Motociclistas";NA;NA;NA;NA;1;NA;2;2;1;NA;NA;NA;NA;1;2;4;3;3;3;7;1;3;3;6;NA
35;"SP";3519105;"351910";"Iacanga";"Não";"-";"Motociclistas";NA;NA;NA;NA;NA;NA;NA;NA;NA;NA;NA;NA;NA;NA;NA;NA;NA;NA;NA;NA;NA;NA;NA;NA;NA
35;"SP";3519204;"351920";"Iacri";"Não";"-";"Motociclistas";NA;NA;NA;NA;NA;NA;NA;NA;NA;NA;NA;NA;1;NA;NA;NA;NA;NA;NA;1;NA;NA;NA;NA;NA
35;"SP";3519253;"351925";"Iaras";"Não";"-";"Motociclistas";NA;NA;NA;NA;NA;NA;NA;NA;NA;NA;NA;NA;NA;NA;NA;NA;NA;NA;NA;NA;NA;NA;NA;NA;NA
35;"SP";3519303;"351930";"Ibaté";"Não";"-";"Motociclistas";NA;NA;NA;NA;NA;NA;NA;NA;NA;NA;NA;2;NA;1;1;NA;NA;NA;NA;NA;NA;NA;1;NA;NA
35;"SP";3519402;"351940";"Ibirá";"Não";"Região Metropolitana de São José do Rio Preto";"Motociclistas";NA;NA;NA;NA;NA;NA;NA;NA;NA;1;NA;NA;NA;NA;NA;NA;NA;NA;NA;NA;NA;NA;NA;NA;NA
35;"SP";3519600;"351960";"Ibitinga";"Não";"-";"Motociclistas";NA;NA;NA;NA;NA;NA;NA;1;NA;1;NA;NA;NA;NA;NA;NA;1;NA;NA;1;NA;1;1;1;NA
35;"SP";3519709;"351970";"Ibiúna";"Não";"Região Metropolitana de Sorocaba";"Motociclistas";NA;NA;NA;NA;NA;NA;1;1;NA;NA;NA;NA;NA;1;2;3;1;1;NA;1;NA;NA;3;1;NA
35;"SP";3519808;"351980";"Icém";"Não";"Região Metropolitana de São José do Rio Preto";"Motociclistas";NA;NA;NA;NA;NA;NA;NA;NA;NA;NA;NA;NA;NA;1;NA;NA;NA;NA;NA;NA;NA;NA;1;NA;NA
35;"SP";3519907;"351990";"Iepê";"Não";"-";"Motociclistas";NA;NA;NA;NA;NA;NA;NA;NA;NA;NA;NA;NA;NA;NA;NA;NA;NA;NA;NA;NA;NA;NA;NA;NA;NA
35;"SP";3520004;"352000";"Igaraçu do Tietê";"Não";"-";"Motociclistas";NA;NA;NA;NA;NA;NA;NA;NA;NA;NA;NA;NA;NA;1;NA;NA;NA;1;NA;NA;NA;NA;NA;NA;NA
35;"SP";3520103;"352010";"Igarapava";"Não";"-";"Motociclistas";NA;NA;NA;NA;NA;NA;NA;NA;NA;NA;NA;1;NA;NA;NA;NA;NA;NA;NA;2;NA;1;NA;NA;NA
35;"SP";3520202;"352020";"Igaratá";"Não";"Região Metropolitana do Vale do Paraíba e Litoral Norte";"Motociclistas";NA;NA;NA;1;NA;NA;NA;NA;NA;NA;NA;NA;NA;NA;NA;NA;NA;NA;NA;NA;NA;NA;NA;NA;NA
35;"SP";3520301;"352030";"Iguape";"Não";"-";"Motociclistas";1;NA;NA;NA;NA;NA;NA;NA;NA;NA;NA;NA;NA;NA;NA;1;NA;NA;NA;NA;NA;NA;NA;NA;NA
35;"SP";3520400;"352040";"Ilhabela";"Não";"Região Metropolitana do Vale do Paraíba e Litoral Norte";"Motociclistas";NA;NA;NA;NA;NA;NA;1;2;NA;NA;NA;NA;2;2;NA;1;NA;1;NA;NA;NA;NA;NA;1;NA
35;"SP";3520426;"352042";"Ilha Comprida";"Não";"-";"Motociclistas";NA;NA;NA;NA;NA;NA;NA;NA;NA;NA;NA;1;NA;NA;NA;NA;NA;NA;NA;NA;NA;NA;NA;NA;NA
35;"SP";3520442;"352044";"Ilha Solteira";"Não";"-";"Motociclistas";NA;NA;NA;NA;NA;NA;NA;NA;NA;2;NA;3;2;NA;NA;1;NA;NA;2;1;NA;NA;1;NA;NA
35;"SP";3520509;"352050";"Indaiatuba";"Não";"Região Metropolitana de Campinas";"Motociclistas";NA;NA;NA;3;1;1;2;1;6;1;4;3;3;1;4;3;2;2;2;2;3;3;2;4;NA
35;"SP";3520608;"352060";"Indiana";"Não";"-";"Motociclistas";NA;NA;NA;NA;NA;NA;NA;NA;NA;NA;NA;NA;NA;NA;NA;NA;NA;NA;NA;NA;NA;NA;NA;NA;NA
35;"SP";3520707;"352070";"Indiaporã";"Não";"-";"Motociclistas";NA;NA;NA;NA;NA;NA;NA;NA;NA;NA;NA;NA;NA;NA;NA;NA;NA;NA;NA;NA;NA;NA;NA;NA;NA
35;"SP";3520905;"352090";"Ipaussu";"Não";"-";"Motociclistas";NA;NA;NA;NA;NA;NA;NA;1;NA;NA;NA;NA;NA;NA;NA;NA;NA;NA;NA;NA;NA;NA;NA;NA;NA
35;"SP";3521002;"352100";"Iperó";"Não";"Região Metropolitana de Sorocaba";"Motociclistas";NA;NA;NA;NA;NA;NA;NA;NA;NA;NA;NA;1;NA;NA;NA;NA;NA;NA;NA;NA;NA;NA;1;NA;NA
35;"SP";3521101;"352110";"Ipeúna";"Não";"Região Metropolitana de Piracicaba";"Motociclistas";NA;NA;NA;NA;NA;NA;NA;NA;NA;NA;NA;NA;NA;NA;NA;NA;NA;NA;NA;NA;NA;NA;NA;NA;NA
35;"SP";3521150;"352115";"Ipiguá";"Não";"Região Metropolitana de São José do Rio Preto";"Motociclistas";NA;NA;NA;NA;NA;NA;NA;NA;1;NA;NA;NA;NA;NA;NA;NA;NA;NA;NA;NA;NA;NA;NA;1;NA
35;"SP";3521200;"352120";"Iporanga";"Não";"-";"Motociclistas";NA;NA;NA;NA;NA;NA;NA;NA;NA;NA;NA;NA;NA;NA;NA;NA;NA;NA;NA;NA;NA;NA;NA;NA;NA
35;"SP";3521309;"352130";"Ipuã";"Não";"-";"Motociclistas";NA;NA;NA;NA;NA;NA;NA;NA;NA;NA;NA;NA;NA;NA;1;NA;NA;NA;NA;NA;1;1;NA;NA;NA
35;"SP";3521408;"352140";"Iracemápolis";"Não";"Região Metropolitana de Piracicaba";"Motociclistas";NA;NA;NA;NA;NA;NA;NA;NA;NA;NA;NA;NA;NA;NA;1;NA;NA;NA;NA;NA;NA;1;NA;NA;NA
35;"SP";3521507;"352150";"Irapuã";"Não";"Região Metropolitana de São José do Rio Preto";"Motociclistas";NA;NA;NA;NA;NA;NA;NA;NA;NA;NA;NA;NA;NA;NA;NA;NA;NA;NA;NA;NA;NA;NA;NA;1;NA
35;"SP";3521606;"352160";"Irapuru";"Não";"-";"Motociclistas";NA;NA;NA;NA;NA;NA;NA;NA;NA;1;NA;NA;NA;NA;NA;NA;NA;NA;NA;NA;NA;NA;NA;NA;NA
35;"SP";3521705;"352170";"Itaberá";"Não";"-";"Motociclistas";NA;NA;NA;NA;NA;NA;NA;NA;NA;NA;NA;NA;NA;NA;NA;NA;NA;1;NA;NA;NA;NA;NA;NA;NA
35;"SP";3521804;"352180";"Itaí";"Não";"-";"Motociclistas";NA;NA;NA;NA;NA;NA;NA;NA;NA;NA;NA;NA;NA;NA;NA;1;NA;NA;NA;NA;NA;NA;NA;NA;NA
35;"SP";3521903;"352190";"Itajobi";"Não";"-";"Motociclistas";NA;NA;NA;NA;NA;NA;NA;NA;NA;NA;NA;NA;NA;NA;NA;NA;NA;1;NA;NA;1;NA;NA;NA;NA
35;"SP";3522000;"352200";"Itaju";"Não";"-";"Motociclistas";NA;NA;NA;NA;NA;NA;NA;NA;NA;NA;NA;NA;NA;NA;NA;NA;NA;NA;NA;NA;NA;NA;NA;NA;NA
35;"SP";3522109;"352210";"Itanhaém";"Não";"Região Metropolitana da Baixada Santista";"Motociclistas";NA;NA;NA;NA;NA;NA;NA;NA;NA;NA;NA;NA;1;2;2;NA;NA;3;3;1;1;3;NA;4;NA
35;"SP";3522158;"352215";"Itaoca";"Não";"-";"Motociclistas";NA;NA;NA;NA;NA;NA;NA;1;NA;NA;NA;NA;NA;NA;NA;NA;NA;NA;NA;NA;NA;NA;NA;NA;NA
35;"SP";3522208;"352220";"Itapecerica da Serra";"Não";"Região Metropolitana de São Paulo";"Motociclistas";NA;1;NA;NA;NA;NA;NA;1;NA;2;NA;1;1;1;1;NA;NA;NA;1;3;NA;2;NA;1;NA
35;"SP";3522307;"352230";"Itapetininga";"Não";"Região Metropolitana de Sorocaba";"Motociclistas";NA;NA;1;NA;NA;NA;1;NA;1;1;NA;NA;NA;2;1;NA;NA;1;2;2;2;2;NA;NA;NA
35;"SP";3522406;"352240";"Itapeva";"Não";"-";"Motociclistas";NA;NA;NA;NA;NA;NA;NA;1;NA;1;NA;NA;NA;NA;NA;NA;1;NA;NA;2;1;1;2;1;NA
35;"SP";3522505;"352250";"Itapevi";"Não";"Região Metropolitana de São Paulo";"Motociclistas";NA;NA;NA;NA;1;NA;NA;1;NA;1;3;3;NA;2;1;1;2;NA;3;1;1;1;3;9;NA
35;"SP";3522604;"352260";"Itapira";"Não";"-";"Motociclistas";NA;NA;NA;NA;NA;NA;NA;NA;NA;1;NA;2;1;NA;3;NA;NA;NA;NA;1;NA;2;1;3;NA
35;"SP";3522653;"352265";"Itapirapuã Paulista";"Não";"-";"Motociclistas";NA;NA;NA;NA;NA;NA;NA;NA;NA;NA;NA;NA;NA;NA;NA;NA;NA;NA;NA;NA;NA;NA;NA;NA;NA
35;"SP";3522703;"352270";"Itápolis";"Não";"-";"Motociclistas";NA;NA;NA;NA;NA;NA;NA;NA;NA;NA;NA;NA;NA;2;1;NA;NA;NA;NA;NA;1;NA;NA;NA;NA
35;"SP";3522802;"352280";"Itaporanga";"Não";"-";"Motociclistas";NA;NA;NA;NA;NA;NA;NA;NA;NA;NA;NA;NA;NA;NA;NA;NA;NA;NA;NA;NA;NA;NA;NA;NA;NA
35;"SP";3522901;"352290";"Itapuí";"Não";"-";"Motociclistas";NA;NA;NA;NA;NA;NA;NA;NA;1;NA;NA;1;NA;NA;NA;NA;NA;1;NA;NA;NA;NA;NA;NA;NA
35;"SP";3523008;"352300";"Itapura";"Não";"-";"Motociclistas";NA;NA;NA;NA;NA;NA;NA;NA;1;NA;NA;NA;NA;NA;NA;NA;NA;NA;NA;NA;NA;NA;NA;NA;NA
35;"SP";3523107;"352310";"Itaquaquecetuba";"Não";"Região Metropolitana de São Paulo";"Motociclistas";1;NA;NA;NA;NA;1;1;1;NA;1;NA;2;2;5;2;3;2;5;2;1;3;2;2;4;NA
35;"SP";3523206;"352320";"Itararé";"Não";"-";"Motociclistas";NA;NA;NA;NA;NA;NA;NA;NA;NA;NA;NA;NA;NA;NA;NA;1;NA;NA;NA;NA;NA;NA;1;NA;NA
35;"SP";3523305;"352330";"Itariri";"Não";"-";"Motociclistas";NA;NA;NA;NA;NA;NA;NA;NA;NA;NA;NA;NA;NA;NA;NA;NA;NA;NA;NA;NA;NA;NA;2;NA;NA
35;"SP";3523404;"352340";"Itatiba";"Não";"Região Metropolitana de Campinas";"Motociclistas";NA;NA;NA;NA;NA;NA;2;NA;1;NA;NA;NA;NA;NA;1;NA;NA;2;3;2;NA;3;2;4;NA
35;"SP";3523503;"352350";"Itatinga";"Não";"-";"Motociclistas";NA;NA;NA;NA;NA;NA;NA;NA;NA;NA;NA;NA;NA;NA;NA;NA;NA;NA;NA;NA;NA;NA;NA;NA;NA
35;"SP";3523602;"352360";"Itirapina";"Não";"-";"Motociclistas";NA;NA;NA;NA;NA;NA;NA;NA;NA;NA;NA;NA;NA;NA;NA;NA;NA;NA;NA;NA;1;1;NA;NA;NA
35;"SP";3523701;"352370";"Itirapuã";"Não";"-";"Motociclistas";NA;NA;NA;NA;NA;NA;NA;NA;NA;NA;NA;NA;NA;NA;NA;NA;NA;NA;NA;1;NA;NA;NA;1;NA
35;"SP";3523800;"352380";"Itobi";"Não";"-";"Motociclistas";NA;NA;NA;NA;NA;1;NA;NA;NA;NA;NA;NA;NA;NA;NA;NA;NA;NA;NA;NA;NA;NA;NA;NA;NA
35;"SP";3523909;"352390";"Itu";"Não";"Região Metropolitana de Sorocaba";"Motociclistas";NA;NA;NA;1;NA;NA;NA;3;4;2;6;5;3;1;3;1;2;NA;2;2;4;2;1;4;NA
35;"SP";3524006;"352400";"Itupeva";"Não";"Região Metropolitana de Jundiaí";"Motociclistas";NA;NA;NA;NA;NA;1;1;NA;NA;NA;NA;NA;1;NA;1;NA;NA;NA;NA;1;1;4;2;4;NA
35;"SP";3524105;"352410";"Ituverava";"Não";"-";"Motociclistas";NA;NA;NA;NA;NA;NA;NA;NA;NA;NA;NA;1;NA;NA;NA;NA;NA;NA;NA;NA;2;1;2;NA;NA
35;"SP";3524204;"352420";"Jaborandi";"Não";"-";"Motociclistas";NA;NA;NA;NA;NA;NA;NA;NA;NA;NA;NA;1;1;NA;NA;NA;NA;NA;NA;NA;NA;NA;NA;NA;NA
35;"SP";3524303;"352430";"Jaboticabal";"Não";"Região Metropolitana de Ribeirão Preto";"Motociclistas";NA;NA;1;NA;NA;NA;NA;NA;NA;NA;NA;NA;NA;NA;1;NA;NA;1;1;2;1;NA;1;2;NA
35;"SP";3524402;"352440";"Jacareí";"Não";"Região Metropolitana do Vale do Paraíba e Litoral Norte";"Motociclistas";NA;NA;1;NA;NA;NA;NA;NA;NA;1;1;NA;6;4;1;2;NA;2;NA;1;1;3;1;2;NA
35;"SP";3524501;"352450";"Jaci";"Não";"Região Metropolitana de São José do Rio Preto";"Motociclistas";NA;NA;NA;NA;NA;NA;NA;NA;NA;NA;NA;NA;NA;NA;NA;NA;NA;NA;NA;NA;NA;NA;NA;NA;NA
35;"SP";3524600;"352460";"Jacupiranga";"Não";"-";"Motociclistas";NA;NA;NA;NA;NA;NA;NA;NA;NA;NA;NA;NA;NA;NA;NA;NA;NA;NA;NA;NA;NA;NA;NA;NA;NA
35;"SP";3524709;"352470";"Jaguariúna";"Não";"Região Metropolitana de Campinas";"Motociclistas";NA;NA;NA;NA;NA;NA;NA;NA;NA;NA;NA;1;NA;NA;2;NA;NA;NA;NA;3;NA;1;NA;1;NA
35;"SP";3524808;"352480";"Jales";"Não";"-";"Motociclistas";1;NA;NA;1;NA;NA;NA;NA;NA;NA;NA;NA;NA;NA;NA;NA;NA;NA;NA;NA;NA;NA;NA;NA;NA
35;"SP";3524907;"352490";"Jambeiro";"Não";"Região Metropolitana do Vale do Paraíba e Litoral Norte";"Motociclistas";NA;NA;NA;NA;NA;NA;NA;NA;NA;NA;NA;NA;NA;NA;1;NA;NA;NA;NA;NA;NA;NA;NA;NA;NA
35;"SP";3525003;"352500";"Jandira";"Não";"Região Metropolitana de São Paulo";"Motociclistas";NA;NA;NA;NA;NA;NA;NA;NA;NA;1;1;NA;NA;NA;1;NA;NA;NA;1;NA;1;NA;NA;1;NA
35;"SP";3525102;"352510";"Jardinópolis";"Não";"Região Metropolitana de Ribeirão Preto";"Motociclistas";NA;NA;NA;NA;NA;NA;NA;NA;1;NA;NA;NA;NA;NA;1;NA;NA;NA;NA;1;NA;1;1;NA;NA
35;"SP";3525201;"352520";"Jarinu";"Não";"Região Metropolitana de Jundiaí";"Motociclistas";NA;NA;NA;NA;NA;NA;NA;NA;NA;NA;NA;NA;1;1;NA;1;NA;2;1;NA;3;2;NA;2;NA
35;"SP";3525300;"352530";"Jaú";"Não";"-";"Motociclistas";NA;NA;NA;NA;NA;NA;1;2;3;2;1;1;3;1;1;8;4;2;3;3;6;2;2;4;NA
35;"SP";3525409;"352540";"Jeriquara";"Não";"-";"Motociclistas";NA;NA;NA;NA;NA;NA;NA;NA;1;NA;NA;NA;NA;NA;NA;NA;NA;NA;NA;NA;NA;NA;NA;NA;NA
35;"SP";3525508;"352550";"Joanópolis";"Não";"-";"Motociclistas";NA;NA;NA;NA;NA;NA;NA;NA;1;NA;NA;NA;NA;NA;NA;NA;NA;1;NA;NA;NA;NA;1;1;NA
35;"SP";3525607;"352560";"João Ramalho";"Não";"-";"Motociclistas";NA;NA;NA;NA;NA;NA;NA;NA;1;NA;NA;NA;NA;NA;NA;NA;NA;NA;NA;NA;NA;NA;NA;1;NA
35;"SP";3525706;"352570";"José Bonifácio";"Não";"Região Metropolitana de São José do Rio Preto";"Motociclistas";NA;NA;NA;NA;NA;NA;NA;NA;NA;NA;NA;NA;NA;NA;NA;1;NA;NA;NA;2;1;NA;1;1;NA
35;"SP";3525805;"352580";"Júlio Mesquita";"Não";"-";"Motociclistas";NA;NA;NA;NA;NA;NA;NA;NA;NA;NA;NA;NA;NA;NA;NA;NA;NA;NA;NA;NA;NA;NA;NA;NA;NA
35;"SP";3525854;"352585";"Jumirim";"Não";"Região Metropolitana de Sorocaba";"Motociclistas";NA;NA;NA;NA;NA;NA;NA;NA;NA;NA;NA;NA;NA;NA;NA;NA;NA;NA;NA;NA;NA;NA;NA;NA;NA
35;"SP";3525904;"352590";"Jundiaí";"Não";"Região Metropolitana de Jundiaí";"Motociclistas";NA;NA;1;1;3;2;3;3;6;6;4;8;4;5;11;10;4;11;12;10;7;14;13;11;NA
35;"SP";3526001;"352600";"Junqueirópolis";"Não";"-";"Motociclistas";NA;NA;NA;NA;NA;NA;NA;NA;NA;NA;NA;NA;1;NA;NA;NA;NA;NA;NA;NA;NA;NA;NA;NA;NA
35;"SP";3526100;"352610";"Juquiá";"Não";"-";"Motociclistas";NA;NA;NA;NA;NA;NA;NA;NA;NA;2;NA;NA;NA;NA;NA;NA;NA;NA;NA;NA;NA;NA;NA;NA;NA
35;"SP";3526209;"352620";"Juquitiba";"Não";"Região Metropolitana de São Paulo";"Motociclistas";NA;NA;NA;NA;NA;NA;NA;NA;NA;NA;NA;NA;NA;NA;NA;NA;NA;NA;1;NA;NA;NA;NA;NA;NA
35;"SP";3526308;"352630";"Lagoinha";"Não";"Região Metropolitana do Vale do Paraíba e Litoral Norte";"Motociclistas";NA;NA;NA;NA;NA;NA;NA;NA;NA;NA;NA;NA;NA;NA;NA;NA;NA;NA;NA;NA;NA;NA;NA;NA;NA
35;"SP";3526407;"352640";"Laranjal Paulista";"Não";"-";"Motociclistas";NA;NA;NA;NA;NA;NA;NA;NA;NA;NA;NA;NA;NA;NA;NA;NA;NA;NA;NA;NA;NA;NA;NA;NA;NA
35;"SP";3526506;"352650";"Lavínia";"Não";"-";"Motociclistas";NA;NA;NA;NA;NA;NA;NA;NA;NA;NA;NA;NA;NA;NA;NA;1;NA;NA;NA;NA;NA;NA;NA;NA;NA
35;"SP";3526605;"352660";"Lavrinhas";"Não";"Região Metropolitana do Vale do Paraíba e Litoral Norte";"Motociclistas";NA;NA;NA;NA;NA;NA;NA;NA;NA;NA;NA;NA;NA;NA;NA;NA;NA;NA;NA;NA;NA;NA;NA;NA;NA
35;"SP";3526704;"352670";"Leme";"Não";"Região Metropolitana de Piracicaba";"Motociclistas";NA;NA;NA;NA;NA;NA;NA;NA;NA;NA;NA;NA;NA;NA;1;NA;NA;1;NA;1;3;3;NA;1;NA
35;"SP";3526803;"352680";"Lençóis Paulista";"Não";"-";"Motociclistas";NA;NA;NA;NA;NA;NA;NA;NA;NA;NA;NA;NA;NA;NA;NA;NA;NA;2;1;NA;NA;NA;NA;NA;NA
35;"SP";3526902;"352690";"Limeira";"Não";"Região Metropolitana de Piracicaba";"Motociclistas";NA;NA;NA;NA;NA;NA;NA;NA;NA;NA;NA;NA;1;1;1;2;1;2;4;4;7;11;12;7;NA
35;"SP";3527009;"352700";"Lindóia";"Não";"-";"Motociclistas";NA;NA;NA;NA;NA;NA;NA;NA;NA;1;NA;NA;NA;NA;NA;NA;NA;NA;NA;NA;NA;NA;NA;NA;NA
35;"SP";3527108;"352710";"Lins";"Não";"-";"Motociclistas";NA;NA;NA;NA;NA;NA;NA;1;NA;2;NA;NA;1;1;NA;NA;NA;NA;2;NA;2;1;5;2;NA
35;"SP";3527207;"352720";"Lorena";"Não";"Região Metropolitana do Vale do Paraíba e Litoral Norte";"Motociclistas";NA;NA;NA;NA;NA;NA;NA;NA;NA;NA;NA;NA;NA;NA;NA;2;NA;NA;NA;NA;2;NA;1;NA;NA
35;"SP";3527306;"352730";"Louveira";"Não";"Região Metropolitana de Jundiaí";"Motociclistas";NA;NA;NA;NA;NA;NA;1;NA;NA;NA;NA;NA;NA;NA;2;1;NA;1;NA;NA;1;2;1;NA;NA
35;"SP";3527405;"352740";"Lucélia";"Não";"-";"Motociclistas";NA;NA;NA;NA;NA;NA;NA;NA;NA;NA;NA;NA;1;NA;NA;NA;NA;NA;NA;NA;1;NA;NA;NA;NA
35;"SP";3527504;"352750";"Lucianópolis";"Não";"-";"Motociclistas";NA;NA;NA;NA;NA;NA;NA;NA;NA;NA;NA;NA;NA;NA;NA;NA;NA;NA;NA;NA;NA;NA;NA;NA;NA
35;"SP";3527603;"352760";"Luís Antônio";"Não";"Região Metropolitana de Ribeirão Preto";"Motociclistas";NA;NA;NA;NA;NA;NA;NA;NA;NA;NA;NA;NA;NA;NA;NA;NA;NA;1;NA;NA;NA;NA;NA;1;NA
35;"SP";3527702;"352770";"Luiziânia";"Não";"-";"Motociclistas";NA;NA;NA;NA;NA;NA;NA;NA;NA;NA;NA;NA;NA;NA;NA;NA;NA;NA;NA;NA;NA;NA;NA;NA;NA
35;"SP";3527801;"352780";"Lupércio";"Não";"-";"Motociclistas";NA;NA;NA;NA;NA;NA;NA;NA;NA;NA;1;NA;NA;NA;NA;NA;NA;NA;NA;NA;NA;NA;NA;NA;NA
35;"SP";3528007;"352800";"Macatuba";"Não";"-";"Motociclistas";NA;NA;NA;NA;NA;NA;NA;NA;NA;NA;NA;NA;NA;NA;NA;NA;NA;NA;NA;NA;NA;NA;NA;1;NA
35;"SP";3528106;"352810";"Macaubal";"Não";"Região Metropolitana de São José do Rio Preto";"Motociclistas";NA;NA;NA;NA;NA;NA;NA;NA;NA;NA;NA;NA;NA;NA;NA;1;NA;NA;NA;NA;NA;NA;NA;NA;NA
35;"SP";3528205;"352820";"Macedônia";"Não";"-";"Motociclistas";NA;NA;NA;NA;NA;NA;NA;NA;NA;NA;NA;NA;NA;NA;NA;NA;NA;NA;NA;1;NA;NA;NA;NA;NA
35;"SP";3528304;"352830";"Magda";"Não";"-";"Motociclistas";NA;NA;NA;NA;NA;NA;NA;NA;NA;NA;NA;NA;NA;NA;NA;NA;NA;NA;NA;NA;NA;NA;NA;NA;NA
35;"SP";3528403;"352840";"Mairinque";"Não";"Região Metropolitana de Sorocaba";"Motociclistas";NA;NA;NA;NA;NA;NA;NA;NA;NA;NA;NA;NA;NA;NA;NA;1;NA;3;NA;1;NA;1;1;2;NA
35;"SP";3528502;"352850";"Mairiporã";"Não";"Região Metropolitana de São Paulo";"Motociclistas";NA;NA;NA;NA;NA;NA;2;NA;1;NA;4;2;NA;1;1;1;1;2;1;3;2;NA;2;1;NA
35;"SP";3528601;"352860";"Manduri";"Não";"-";"Motociclistas";NA;NA;NA;NA;NA;NA;NA;NA;NA;NA;NA;NA;NA;NA;NA;NA;NA;NA;NA;NA;NA;NA;NA;NA;NA
35;"SP";3528700;"352870";"Marabá Paulista";"Não";"-";"Motociclistas";NA;NA;NA;NA;NA;NA;NA;NA;NA;1;NA;NA;NA;2;NA;NA;NA;NA;NA;NA;NA;NA;1;NA;NA
35;"SP";3528809;"352880";"Maracaí";"Não";"-";"Motociclistas";NA;NA;NA;NA;NA;NA;NA;NA;NA;NA;NA;NA;NA;NA;1;1;NA;NA;NA;NA;NA;NA;1;NA;NA
35;"SP";3528858;"352885";"Marapoama";"Não";"-";"Motociclistas";NA;NA;NA;NA;NA;NA;NA;NA;NA;NA;NA;NA;NA;NA;NA;NA;NA;NA;NA;NA;NA;1;NA;NA;NA
35;"SP";3529005;"352900";"Marília";"Não";"-";"Motociclistas";2;NA;NA;1;3;2;2;2;3;8;6;2;4;1;2;2;3;2;2;1;2;1;3;5;NA
35;"SP";3529203;"352920";"Martinópolis";"Não";"-";"Motociclistas";NA;NA;NA;NA;NA;NA;NA;NA;NA;NA;NA;NA;1;NA;NA;NA;NA;NA;NA;NA;1;NA;NA;NA;NA
35;"SP";3529302;"352930";"Matão";"Não";"-";"Motociclistas";1;1;NA;NA;NA;NA;1;1;NA;2;NA;2;1;1;NA;1;1;1;1;1;NA;2;2;1;NA
35;"SP";3529401;"352940";"Mauá";"Não";"Região Metropolitana de São Paulo";"Motociclistas";NA;NA;NA;NA;1;1;1;2;NA;3;NA;1;NA;NA;4;1;NA;1;NA;2;3;2;1;3;NA
35;"SP";3529500;"352950";"Mendonça";"Não";"Região Metropolitana de São José do Rio Preto";"Motociclistas";NA;NA;NA;NA;NA;NA;NA;NA;NA;NA;NA;NA;NA;NA;NA;NA;NA;NA;NA;1;NA;NA;NA;NA;NA
35;"SP";3529609;"352960";"Meridiano";"Não";"-";"Motociclistas";NA;NA;NA;NA;NA;NA;NA;NA;NA;NA;NA;NA;NA;NA;NA;NA;NA;NA;NA;NA;NA;NA;NA;NA;NA
35;"SP";3529708;"352970";"Miguelópolis";"Não";"-";"Motociclistas";NA;NA;NA;NA;NA;NA;NA;NA;NA;NA;NA;NA;NA;NA;NA;NA;NA;NA;NA;NA;NA;NA;NA;1;NA
35;"SP";3529807;"352980";"Mineiros do Tietê";"Não";"-";"Motociclistas";NA;NA;NA;NA;NA;NA;NA;NA;NA;NA;NA;NA;1;NA;NA;NA;NA;NA;NA;NA;NA;1;NA;NA;NA
35;"SP";3529906;"352990";"Miracatu";"Não";"-";"Motociclistas";NA;NA;NA;NA;NA;NA;NA;1;NA;NA;1;NA;NA;NA;NA;NA;NA;NA;NA;NA;NA;NA;NA;NA;NA
35;"SP";3530003;"353000";"Mira Estrela";"Não";"-";"Motociclistas";NA;NA;NA;NA;NA;NA;NA;NA;NA;NA;NA;NA;NA;NA;NA;NA;NA;NA;NA;NA;NA;NA;NA;NA;NA
35;"SP";3530102;"353010";"Mirandópolis";"Não";"-";"Motociclistas";NA;NA;NA;NA;NA;NA;NA;NA;NA;NA;NA;NA;NA;NA;NA;NA;NA;NA;NA;NA;NA;NA;NA;NA;NA
35;"SP";3530201;"353020";"Mirante do Paranapanema";"Não";"-";"Motociclistas";NA;NA;NA;NA;NA;NA;NA;1;NA;NA;1;NA;NA;NA;2;1;NA;NA;NA;1;NA;2;NA;NA;NA
35;"SP";3530300;"353030";"Mirassol";"Não";"Região Metropolitana de São José do Rio Preto";"Motociclistas";NA;NA;NA;NA;NA;NA;NA;NA;NA;1;NA;NA;NA;1;1;1;NA;NA;NA;1;NA;NA;NA;NA;NA
35;"SP";3530409;"353040";"Mirassolândia";"Não";"Região Metropolitana de São José do Rio Preto";"Motociclistas";NA;NA;NA;NA;NA;NA;NA;NA;NA;NA;NA;NA;NA;1;NA;NA;NA;NA;NA;NA;NA;NA;NA;NA;NA
35;"SP";3530508;"353050";"Mococa";"Não";"Região Metropolitana de Ribeirão Preto";"Motociclistas";NA;NA;NA;NA;NA;NA;NA;NA;NA;NA;NA;NA;NA;NA;NA;1;NA;NA;NA;NA;NA;1;1;3;NA
35;"SP";3530607;"353060";"Mogi das Cruzes";"Não";"Região Metropolitana de São Paulo";"Motociclistas";NA;NA;NA;NA;NA;NA;1;2;1;3;6;5;8;6;5;3;7;11;12;7;8;6;11;10;NA
35;"SP";3530706;"353070";"Mogi Guaçu";"Não";"-";"Motociclistas";NA;NA;NA;NA;NA;NA;NA;NA;NA;NA;NA;NA;NA;NA;NA;NA;NA;1;NA;2;3;1;2;2;NA
35;"SP";3530805;"353080";"Mogi Mirim";"Não";"-";"Motociclistas";NA;NA;NA;NA;NA;NA;NA;NA;NA;NA;1;NA;NA;NA;1;NA;NA;NA;NA;2;1;NA;1;2;NA
35;"SP";3530904;"353090";"Mombuca";"Não";"Região Metropolitana de Piracicaba";"Motociclistas";NA;NA;NA;NA;NA;NA;NA;NA;NA;NA;NA;NA;NA;NA;1;NA;NA;NA;NA;NA;1;NA;NA;NA;NA
35;"SP";3531001;"353100";"Monções";"Não";"-";"Motociclistas";NA;NA;NA;NA;NA;NA;NA;NA;NA;NA;NA;NA;NA;NA;NA;NA;NA;NA;NA;NA;NA;NA;NA;NA;NA
35;"SP";3531100;"353110";"Mongaguá";"Não";"Região Metropolitana da Baixada Santista";"Motociclistas";NA;NA;NA;1;NA;NA;NA;NA;NA;NA;NA;NA;NA;NA;NA;2;1;NA;NA;NA;NA;NA;NA;5;NA
35;"SP";3531209;"353120";"Monte Alegre do Sul";"Não";"-";"Motociclistas";NA;NA;NA;NA;NA;NA;NA;NA;NA;NA;NA;NA;NA;NA;NA;NA;NA;NA;NA;NA;NA;1;1;NA;NA
35;"SP";3531308;"353130";"Monte Alto";"Não";"Região Metropolitana de Ribeirão Preto";"Motociclistas";NA;1;NA;NA;NA;NA;NA;NA;NA;NA;NA;NA;1;NA;NA;1;NA;NA;NA;NA;NA;1;NA;NA;NA
35;"SP";3531407;"353140";"Monte Aprazível";"Não";"Região Metropolitana de São José do Rio Preto";"Motociclistas";NA;NA;NA;NA;NA;NA;NA;NA;NA;NA;NA;NA;NA;NA;NA;NA;NA;NA;NA;NA;NA;NA;NA;NA;NA
35;"SP";3531506;"353150";"Monte Azul Paulista";"Não";"-";"Motociclistas";NA;NA;NA;NA;NA;NA;NA;NA;NA;NA;NA;NA;NA;NA;NA;NA;NA;NA;NA;NA;NA;NA;NA;1;NA
35;"SP";3531605;"353160";"Monte Castelo";"Não";"-";"Motociclistas";NA;NA;NA;NA;NA;NA;NA;NA;NA;NA;NA;NA;NA;NA;NA;NA;NA;NA;NA;NA;NA;NA;NA;NA;NA
35;"SP";3531704;"353170";"Monteiro Lobato";"Não";"Região Metropolitana do Vale do Paraíba e Litoral Norte";"Motociclistas";NA;NA;NA;NA;NA;NA;NA;NA;NA;NA;NA;NA;NA;NA;NA;NA;NA;NA;NA;NA;NA;NA;NA;NA;NA
35;"SP";3531803;"353180";"Monte Mor";"Não";"Região Metropolitana de Campinas";"Motociclistas";NA;NA;NA;NA;NA;NA;NA;NA;1;1;1;NA;NA;NA;1;NA;NA;1;3;1;1;2;1;1;NA
35;"SP";3531902;"353190";"Morro Agudo";"Não";"Região Metropolitana de Ribeirão Preto";"Motociclistas";NA;NA;NA;NA;NA;NA;1;NA;1;NA;NA;NA;NA;NA;NA;NA;NA;NA;NA;NA;2;1;NA;1;NA
35;"SP";3532009;"353200";"Morungaba";"Não";"Região Metropolitana de Campinas";"Motociclistas";NA;NA;NA;NA;NA;NA;NA;NA;NA;NA;NA;NA;NA;NA;NA;NA;1;NA;NA;NA;NA;NA;1;NA;NA
35;"SP";3532058;"353205";"Motuca";"Não";"-";"Motociclistas";NA;NA;NA;NA;NA;NA;NA;NA;NA;NA;NA;NA;NA;NA;NA;NA;NA;NA;NA;NA;NA;NA;NA;NA;NA
35;"SP";3532108;"353210";"Murutinga do Sul";"Não";"-";"Motociclistas";NA;NA;NA;NA;NA;NA;NA;NA;NA;NA;NA;NA;NA;NA;NA;NA;NA;NA;NA;NA;NA;NA;NA;NA;NA
35;"SP";3532207;"353220";"Narandiba";"Não";"-";"Motociclistas";NA;NA;NA;NA;NA;NA;NA;NA;NA;NA;NA;NA;NA;NA;NA;NA;NA;NA;NA;NA;NA;NA;NA;NA;NA
35;"SP";3532306;"353230";"Natividade da Serra";"Não";"Região Metropolitana do Vale do Paraíba e Litoral Norte";"Motociclistas";NA;NA;NA;NA;NA;NA;NA;NA;NA;NA;NA;NA;NA;NA;NA;NA;NA;NA;NA;NA;NA;NA;NA;NA;NA
35;"SP";3532405;"353240";"Nazaré Paulista";"Não";"-";"Motociclistas";NA;NA;NA;NA;NA;NA;NA;NA;NA;NA;NA;NA;NA;NA;NA;1;NA;1;NA;1;1;NA;NA;NA;NA
35;"SP";3532504;"353250";"Neves Paulista";"Não";"Região Metropolitana de São José do Rio Preto";"Motociclistas";NA;NA;NA;NA;NA;NA;NA;NA;NA;NA;NA;NA;NA;NA;NA;NA;NA;NA;NA;NA;NA;NA;NA;NA;NA
35;"SP";3532603;"353260";"Nhandeara";"Não";"-";"Motociclistas";NA;NA;NA;NA;NA;NA;NA;NA;NA;NA;NA;NA;NA;NA;NA;1;NA;NA;NA;NA;NA;NA;1;NA;NA
35;"SP";3532702;"353270";"Nipoã";"Não";"Região Metropolitana de São José do Rio Preto";"Motociclistas";NA;NA;NA;NA;NA;NA;NA;NA;NA;NA;NA;NA;NA;NA;NA;NA;NA;NA;NA;NA;NA;NA;NA;NA;NA
35;"SP";3532801;"353280";"Nova Aliança";"Não";"Região Metropolitana de São José do Rio Preto";"Motociclistas";NA;NA;NA;NA;NA;NA;NA;NA;NA;NA;NA;NA;NA;NA;NA;NA;NA;NA;NA;NA;NA;NA;NA;NA;NA
35;"SP";3532827;"353282";"Nova Campina";"Não";"-";"Motociclistas";NA;NA;NA;NA;NA;NA;NA;NA;NA;NA;NA;NA;NA;NA;NA;NA;NA;NA;NA;NA;NA;NA;NA;NA;NA
35;"SP";3532868;"353286";"Nova Castilho";"Não";"-";"Motociclistas";NA;NA;NA;NA;NA;NA;NA;NA;NA;NA;NA;NA;NA;NA;NA;NA;NA;NA;NA;NA;NA;NA;NA;NA;NA
35;"SP";3532900;"353290";"Nova Europa";"Não";"-";"Motociclistas";NA;NA;NA;NA;NA;NA;NA;NA;NA;NA;NA;NA;NA;NA;NA;NA;NA;NA;NA;NA;NA;NA;NA;NA;NA
35;"SP";3533007;"353300";"Nova Granada";"Não";"Região Metropolitana de São José do Rio Preto";"Motociclistas";NA;NA;NA;NA;1;NA;NA;NA;NA;NA;NA;NA;NA;NA;NA;NA;NA;NA;NA;NA;1;NA;NA;NA;NA
35;"SP";3533106;"353310";"Nova Guataporanga";"Não";"-";"Motociclistas";NA;NA;NA;NA;NA;NA;NA;NA;NA;NA;NA;NA;NA;NA;NA;NA;NA;NA;NA;NA;NA;NA;NA;NA;NA
35;"SP";3533205;"353320";"Nova Independência";"Não";"-";"Motociclistas";NA;NA;NA;NA;NA;NA;NA;NA;NA;NA;NA;NA;NA;NA;NA;NA;NA;NA;NA;NA;NA;NA;NA;NA;NA
35;"SP";3533254;"353325";"Novais";"Não";"-";"Motociclistas";NA;NA;NA;NA;NA;NA;NA;NA;NA;NA;NA;NA;NA;NA;NA;NA;NA;NA;NA;1;NA;NA;NA;NA;NA
35;"SP";3533304;"353330";"Nova Luzitânia";"Não";"-";"Motociclistas";NA;NA;NA;NA;NA;NA;NA;NA;NA;NA;NA;NA;1;NA;NA;NA;NA;NA;NA;NA;NA;NA;NA;NA;NA
35;"SP";3533403;"353340";"Nova Odessa";"Não";"Região Metropolitana de Campinas";"Motociclistas";NA;NA;NA;NA;NA;NA;NA;NA;1;NA;NA;NA;NA;NA;NA;1;1;NA;1;NA;2;1;NA;NA;NA
35;"SP";3533502;"353350";"Novo Horizonte";"Não";"-";"Motociclistas";NA;NA;NA;NA;NA;NA;NA;NA;NA;NA;NA;NA;NA;NA;NA;NA;NA;NA;1;NA;NA;NA;NA;1;NA
35;"SP";3533601;"353360";"Nuporanga";"Não";"Região Metropolitana de Ribeirão Preto";"Motociclistas";NA;NA;NA;NA;NA;NA;NA;NA;NA;1;NA;NA;NA;NA;NA;NA;NA;NA;NA;NA;NA;1;NA;NA;NA
35;"SP";3533700;"353370";"Ocauçu";"Não";"-";"Motociclistas";NA;NA;NA;NA;NA;NA;NA;NA;NA;NA;NA;NA;NA;NA;NA;1;NA;NA;NA;NA;NA;NA;NA;NA;NA
35;"SP";3533809;"353380";"Óleo";"Não";"-";"Motociclistas";NA;NA;NA;NA;NA;NA;NA;NA;NA;NA;NA;NA;NA;NA;NA;NA;NA;NA;NA;NA;NA;NA;NA;NA;NA
35;"SP";3533908;"353390";"Olímpia";"Não";"Região Metropolitana de São José do Rio Preto";"Motociclistas";NA;NA;NA;NA;NA;NA;NA;NA;NA;NA;NA;1;NA;1;NA;NA;NA;NA;NA;NA;NA;NA;NA;NA;NA
35;"SP";3534005;"353400";"Onda Verde";"Não";"Região Metropolitana de São José do Rio Preto";"Motociclistas";NA;NA;NA;NA;NA;NA;NA;NA;NA;NA;NA;NA;NA;NA;NA;NA;NA;NA;NA;NA;NA;1;NA;NA;NA
35;"SP";3534104;"353410";"Oriente";"Não";"-";"Motociclistas";NA;NA;NA;NA;NA;NA;NA;NA;NA;NA;NA;NA;NA;NA;NA;NA;NA;NA;NA;NA;NA;NA;NA;NA;NA
35;"SP";3534203;"353420";"Orindiúva";"Não";"Região Metropolitana de São José do Rio Preto";"Motociclistas";NA;NA;NA;NA;NA;NA;NA;NA;NA;NA;NA;NA;NA;NA;NA;NA;NA;NA;NA;NA;1;NA;NA;NA;NA
35;"SP";3534302;"353430";"Orlândia";"Não";"Região Metropolitana de Ribeirão Preto";"Motociclistas";NA;1;NA;NA;NA;NA;NA;NA;NA;NA;1;2;1;NA;NA;NA;1;1;NA;NA;NA;1;NA;1;NA
35;"SP";3534401;"353440";"Osasco";"Não";"Região Metropolitana de São Paulo";"Motociclistas";1;3;3;NA;5;4;9;8;5;6;18;7;17;7;9;11;7;5;9;6;8;15;9;13;NA
35;"SP";3534609;"353460";"Osvaldo Cruz";"Não";"-";"Motociclistas";NA;NA;NA;NA;NA;NA;NA;NA;2;NA;NA;NA;NA;NA;NA;NA;NA;NA;NA;2;1;NA;NA;NA;NA
35;"SP";3534708;"353470";"Ourinhos";"Não";"-";"Motociclistas";NA;NA;NA;1;1;NA;1;NA;NA;4;NA;1;1;NA;1;1;2;NA;NA;1;2;NA;3;1;NA
35;"SP";3534757;"353475";"Ouroeste";"Não";"-";"Motociclistas";NA;NA;NA;NA;NA;NA;NA;NA;NA;NA;NA;NA;NA;NA;NA;NA;NA;NA;NA;NA;NA;NA;NA;NA;NA
35;"SP";3534807;"353480";"Ouro Verde";"Não";"-";"Motociclistas";NA;NA;NA;NA;NA;NA;NA;NA;NA;NA;NA;NA;NA;NA;NA;NA;NA;NA;NA;NA;NA;NA;NA;NA;NA
35;"SP";3534906;"353490";"Pacaembu";"Não";"-";"Motociclistas";NA;NA;NA;NA;NA;NA;NA;NA;NA;NA;NA;NA;NA;NA;NA;NA;NA;NA;NA;NA;NA;NA;NA;NA;NA
35;"SP";3535002;"353500";"Palestina";"Não";"Região Metropolitana de São José do Rio Preto";"Motociclistas";NA;NA;NA;NA;NA;NA;NA;NA;NA;NA;NA;NA;NA;NA;NA;NA;NA;NA;NA;NA;NA;NA;NA;NA;NA
35;"SP";3535101;"353510";"Palmares Paulista";"Não";"-";"Motociclistas";NA;NA;NA;NA;NA;NA;NA;NA;1;NA;NA;NA;NA;NA;NA;NA;NA;NA;NA;NA;1;NA;NA;NA;NA
35;"SP";3535200;"353520";"Palmeira d'Oeste";"Não";"-";"Motociclistas";NA;NA;NA;NA;NA;NA;NA;NA;NA;NA;NA;NA;NA;NA;NA;NA;NA;NA;NA;NA;NA;NA;NA;NA;NA
35;"SP";3535309;"353530";"Palmital";"Não";"-";"Motociclistas";NA;NA;NA;NA;NA;NA;NA;NA;NA;NA;NA;NA;NA;NA;NA;NA;NA;NA;NA;NA;NA;NA;NA;NA;NA
35;"SP";3535408;"353540";"Panorama";"Não";"-";"Motociclistas";NA;1;NA;NA;NA;NA;1;NA;2;NA;NA;NA;NA;NA;NA;NA;1;NA;1;NA;NA;NA;NA;NA;NA
35;"SP";3535507;"353550";"Paraguaçu Paulista";"Não";"-";"Motociclistas";NA;NA;NA;NA;NA;NA;NA;NA;NA;NA;NA;NA;NA;NA;NA;NA;NA;NA;NA;1;NA;NA;NA;NA;NA
35;"SP";3535606;"353560";"Paraibuna";"Não";"Região Metropolitana do Vale do Paraíba e Litoral Norte";"Motociclistas";NA;NA;NA;NA;NA;NA;NA;NA;2;NA;NA;NA;NA;NA;NA;NA;NA;NA;NA;NA;NA;NA;NA;NA;NA
35;"SP";3535705;"353570";"Paraíso";"Não";"-";"Motociclistas";NA;NA;NA;NA;1;NA;NA;NA;NA;NA;NA;NA;NA;NA;NA;NA;NA;NA;NA;NA;NA;NA;NA;NA;NA
35;"SP";3535804;"353580";"Paranapanema";"Não";"-";"Motociclistas";NA;NA;NA;NA;NA;NA;NA;NA;NA;NA;NA;NA;NA;NA;NA;NA;NA;NA;NA;NA;NA;NA;NA;NA;NA
35;"SP";3536000;"353600";"Parapuã";"Não";"-";"Motociclistas";NA;NA;NA;NA;NA;NA;NA;NA;NA;NA;NA;NA;NA;NA;NA;NA;NA;NA;NA;NA;NA;NA;1;2;NA
35;"SP";3536109;"353610";"Pardinho";"Não";"-";"Motociclistas";NA;NA;NA;NA;NA;NA;NA;NA;NA;NA;NA;NA;NA;NA;NA;NA;NA;NA;NA;NA;NA;NA;NA;NA;NA
35;"SP";3536208;"353620";"Pariquera-Açu";"Não";"-";"Motociclistas";NA;NA;NA;NA;NA;1;NA;1;1;NA;1;1;1;NA;2;1;1;4;1;2;2;2;1;1;NA
35;"SP";3536257;"353625";"Parisi";"Não";"-";"Motociclistas";NA;NA;NA;NA;NA;NA;NA;NA;NA;NA;NA;NA;NA;NA;NA;NA;NA;NA;NA;NA;NA;NA;NA;NA;NA
35;"SP";3536307;"353630";"Patrocínio Paulista";"Não";"-";"Motociclistas";NA;NA;NA;NA;NA;NA;NA;NA;NA;NA;NA;NA;NA;NA;NA;NA;NA;NA;NA;NA;NA;NA;NA;NA;NA
35;"SP";3536406;"353640";"Paulicéia";"Não";"-";"Motociclistas";NA;NA;NA;NA;NA;NA;NA;NA;NA;NA;NA;NA;NA;NA;NA;1;1;NA;NA;NA;NA;NA;NA;NA;NA
35;"SP";3536505;"353650";"Paulínia";"Não";"Região Metropolitana de Campinas";"Motociclistas";NA;NA;NA;NA;NA;NA;1;2;1;NA;1;2;2;1;1;1;NA;NA;NA;NA;NA;2;NA;3;NA
35;"SP";3536570;"353657";"Paulistânia";"Não";"-";"Motociclistas";NA;NA;NA;NA;NA;NA;NA;NA;NA;NA;NA;NA;NA;NA;NA;NA;NA;NA;NA;NA;NA;NA;NA;NA;NA
35;"SP";3536604;"353660";"Paulo de Faria";"Não";"Região Metropolitana de São José do Rio Preto";"Motociclistas";NA;NA;NA;NA;NA;NA;NA;NA;NA;NA;NA;NA;NA;NA;NA;NA;NA;NA;NA;NA;NA;NA;1;NA;NA
35;"SP";3536703;"353670";"Pederneiras";"Não";"-";"Motociclistas";NA;NA;NA;NA;NA;NA;NA;NA;NA;NA;NA;NA;NA;NA;NA;NA;NA;NA;1;NA;NA;1;1;NA;NA
35;"SP";3536802;"353680";"Pedra Bela";"Não";"-";"Motociclistas";NA;NA;NA;NA;NA;NA;NA;NA;NA;NA;NA;NA;NA;NA;NA;NA;NA;NA;NA;NA;NA;NA;NA;NA;NA
35;"SP";3536901;"353690";"Pedranópolis";"Não";"-";"Motociclistas";NA;NA;NA;NA;NA;NA;NA;NA;NA;NA;NA;NA;NA;NA;NA;NA;NA;NA;NA;NA;NA;NA;NA;NA;NA
35;"SP";3537008;"353700";"Pedregulho";"Não";"-";"Motociclistas";NA;NA;NA;NA;NA;NA;NA;NA;NA;NA;NA;NA;NA;NA;NA;NA;NA;NA;NA;NA;NA;NA;NA;NA;NA
35;"SP";3537107;"353710";"Pedreira";"Não";"Região Metropolitana de Campinas";"Motociclistas";NA;NA;NA;NA;NA;NA;1;NA;NA;NA;NA;NA;1;NA;NA;NA;NA;NA;NA;1;NA;NA;NA;NA;NA
35;"SP";3537206;"353720";"Pedro de Toledo";"Não";"-";"Motociclistas";NA;NA;NA;NA;NA;NA;NA;NA;NA;NA;NA;NA;2;NA;NA;NA;NA;NA;NA;NA;NA;NA;NA;NA;NA
35;"SP";3537305;"353730";"Penápolis";"Não";"-";"Motociclistas";NA;NA;NA;1;NA;1;1;NA;NA;NA;NA;1;NA;NA;NA;1;NA;NA;1;2;1;1;1;1;NA
35;"SP";3537404;"353740";"Pereira Barreto";"Não";"-";"Motociclistas";NA;NA;NA;NA;NA;NA;NA;NA;NA;NA;3;NA;2;NA;NA;1;NA;NA;NA;NA;NA;1;NA;NA;NA
35;"SP";3537503;"353750";"Pereiras";"Não";"-";"Motociclistas";NA;NA;NA;NA;NA;NA;NA;NA;NA;NA;NA;NA;1;NA;NA;NA;NA;NA;2;NA;NA;NA;NA;NA;NA
35;"SP";3537602;"353760";"Peruíbe";"Não";"Região Metropolitana da Baixada Santista";"Motociclistas";NA;NA;NA;NA;NA;NA;NA;NA;NA;NA;NA;NA;1;NA;2;1;NA;1;1;2;2;3;1;1;NA
35;"SP";3537701;"353770";"Piacatu";"Não";"-";"Motociclistas";NA;NA;NA;NA;NA;NA;NA;NA;NA;NA;NA;NA;NA;NA;NA;NA;NA;NA;NA;NA;NA;1;NA;NA;NA
35;"SP";3537800;"353780";"Piedade";"Não";"Região Metropolitana de Sorocaba";"Motociclistas";NA;NA;NA;NA;NA;NA;1;1;NA;NA;NA;2;NA;NA;1;1;NA;NA;NA;1;1;NA;1;NA;NA
35;"SP";3537909;"353790";"Pilar do Sul";"Não";"Região Metropolitana de Sorocaba";"Motociclistas";NA;NA;NA;NA;NA;NA;1;NA;NA;NA;NA;NA;NA;1;NA;NA;NA;NA;NA;NA;NA;NA;NA;NA;NA
35;"SP";3538006;"353800";"Pindamonhangaba";"Não";"Região Metropolitana do Vale do Paraíba e Litoral Norte";"Motociclistas";NA;NA;NA;NA;NA;NA;3;NA;1;NA;NA;NA;NA;NA;1;NA;2;NA;1;NA;3;1;2;1;NA
35;"SP";3538105;"353810";"Pindorama";"Não";"-";"Motociclistas";NA;NA;NA;NA;NA;NA;NA;NA;NA;NA;NA;NA;NA;NA;NA;NA;NA;NA;NA;NA;NA;NA;1;NA;NA
35;"SP";3538204;"353820";"Pinhalzinho";"Não";"-";"Motociclistas";NA;NA;NA;NA;NA;NA;NA;NA;NA;NA;NA;NA;NA;NA;NA;NA;NA;NA;NA;NA;NA;NA;1;NA;NA
35;"SP";3538303;"353830";"Piquerobi";"Não";"-";"Motociclistas";NA;NA;NA;NA;NA;NA;NA;1;NA;NA;NA;NA;NA;NA;NA;NA;NA;NA;NA;NA;NA;1;NA;NA;NA
35;"SP";3538501;"353850";"Piquete";"Não";"Região Metropolitana do Vale do Paraíba e Litoral Norte";"Motociclistas";NA;NA;NA;NA;NA;NA;NA;NA;NA;NA;NA;NA;NA;NA;NA;1;NA;NA;NA;NA;NA;NA;NA;NA;NA
35;"SP";3538600;"353860";"Piracaia";"Não";"-";"Motociclistas";NA;NA;NA;NA;NA;NA;NA;NA;NA;NA;NA;NA;NA;NA;1;NA;NA;NA;NA;1;NA;NA;NA;NA;NA
35;"SP";3538709;"353870";"Piracicaba";"Não";"Região Metropolitana de Piracicaba";"Motociclistas";1;1;NA;NA;1;4;2;3;2;6;1;4;5;1;8;10;4;7;2;6;7;3;8;7;NA
35;"SP";3538808;"353880";"Piraju";"Não";"-";"Motociclistas";NA;NA;NA;NA;NA;NA;NA;1;NA;NA;NA;NA;NA;NA;NA;NA;NA;NA;NA;NA;NA;NA;NA;NA;NA
35;"SP";3538907;"353890";"Pirajuí";"Não";"-";"Motociclistas";NA;NA;NA;NA;NA;NA;NA;NA;1;1;NA;NA;NA;NA;NA;NA;NA;NA;NA;NA;NA;NA;NA;NA;NA
35;"SP";3539004;"353900";"Pirangi";"Não";"-";"Motociclistas";NA;NA;NA;NA;NA;NA;NA;NA;NA;NA;NA;NA;NA;NA;NA;NA;NA;NA;NA;NA;NA;NA;NA;NA;NA
35;"SP";3539103;"353910";"Pirapora do Bom Jesus";"Não";"Região Metropolitana de São Paulo";"Motociclistas";NA;NA;NA;NA;NA;NA;NA;NA;NA;NA;NA;NA;1;NA;NA;NA;3;NA;NA;NA;NA;NA;NA;NA;NA
35;"SP";3539202;"353920";"Pirapozinho";"Não";"-";"Motociclistas";NA;NA;NA;NA;NA;NA;NA;NA;NA;NA;NA;NA;NA;NA;NA;NA;NA;NA;NA;1;NA;NA;NA;2;NA
35;"SP";3539301;"353930";"Pirassununga";"Não";"Região Metropolitana de Piracicaba";"Motociclistas";NA;1;NA;NA;NA;NA;NA;1;NA;NA;NA;NA;2;NA;2;NA;1;2;NA;1;1;1;1;1;NA
35;"SP";3539400;"353940";"Piratininga";"Não";"-";"Motociclistas";NA;NA;NA;NA;NA;NA;NA;NA;NA;NA;NA;NA;NA;NA;NA;NA;NA;NA;NA;NA;1;NA;NA;NA;NA
35;"SP";3539509;"353950";"Pitangueiras";"Não";"Região Metropolitana de Ribeirão Preto";"Motociclistas";NA;NA;NA;NA;NA;NA;NA;1;NA;NA;NA;NA;1;NA;NA;1;NA;NA;1;NA;NA;NA;1;1;NA
35;"SP";3539608;"353960";"Planalto";"Não";"Região Metropolitana de São José do Rio Preto";"Motociclistas";NA;NA;NA;NA;1;NA;NA;NA;NA;NA;NA;NA;NA;NA;NA;NA;NA;NA;NA;NA;1;NA;NA;1;NA
35;"SP";3539806;"353980";"Poá";"Não";"Região Metropolitana de São Paulo";"Motociclistas";NA;NA;NA;1;NA;NA;NA;NA;NA;NA;NA;NA;1;NA;1;NA;NA;NA;NA;NA;NA;NA;NA;1;NA
35;"SP";3539905;"353990";"Poloni";"Não";"Região Metropolitana de São José do Rio Preto";"Motociclistas";NA;NA;NA;NA;NA;NA;NA;NA;NA;NA;1;NA;NA;NA;NA;NA;NA;NA;NA;NA;NA;NA;1;NA;NA
35;"SP";3540002;"354000";"Pompéia";"Não";"-";"Motociclistas";NA;NA;NA;NA;NA;NA;NA;NA;NA;NA;NA;1;NA;NA;NA;NA;1;NA;NA;NA;NA;NA;1;1;NA
35;"SP";3540101;"354010";"Pongaí";"Não";"-";"Motociclistas";NA;NA;NA;NA;NA;NA;NA;NA;NA;NA;NA;NA;NA;NA;NA;NA;NA;NA;1;NA;NA;NA;NA;NA;NA
35;"SP";3540200;"354020";"Pontal";"Não";"Região Metropolitana de Ribeirão Preto";"Motociclistas";NA;NA;NA;NA;NA;NA;NA;NA;NA;NA;NA;NA;NA;NA;1;NA;NA;NA;NA;NA;NA;NA;NA;1;NA
35;"SP";3540507;"354050";"Porangaba";"Não";"-";"Motociclistas";NA;NA;NA;NA;NA;NA;NA;NA;NA;NA;NA;NA;NA;NA;NA;NA;NA;NA;NA;NA;NA;NA;NA;NA;NA
35;"SP";3540606;"354060";"Porto Feliz";"Não";"Região Metropolitana de Sorocaba";"Motociclistas";NA;NA;NA;NA;NA;NA;NA;1;NA;NA;NA;NA;1;NA;1;1;NA;NA;NA;NA;NA;1;NA;2;NA
35;"SP";3540705;"354070";"Porto Ferreira";"Não";"-";"Motociclistas";NA;NA;NA;NA;NA;NA;NA;NA;NA;NA;NA;1;NA;NA;NA;NA;NA;NA;NA;NA;1;NA;1;NA;NA
35;"SP";3540754;"354075";"Potim";"Não";"Região Metropolitana do Vale do Paraíba e Litoral Norte";"Motociclistas";NA;NA;NA;NA;NA;NA;NA;NA;NA;NA;NA;NA;NA;NA;NA;NA;NA;NA;NA;NA;NA;NA;NA;NA;NA
35;"SP";3540804;"354080";"Potirendaba";"Não";"Região Metropolitana de São José do Rio Preto";"Motociclistas";NA;NA;NA;NA;NA;NA;NA;NA;NA;1;NA;NA;NA;NA;NA;NA;NA;NA;NA;NA;NA;3;NA;1;NA
35;"SP";3540903;"354090";"Pradópolis";"Não";"Região Metropolitana de Ribeirão Preto";"Motociclistas";NA;NA;NA;NA;NA;NA;NA;NA;NA;NA;1;NA;NA;NA;NA;1;NA;NA;NA;NA;NA;NA;1;NA;NA
35;"SP";3541000;"354100";"Praia Grande";"Não";"Região Metropolitana da Baixada Santista";"Motociclistas";NA;NA;1;NA;NA;NA;2;2;3;2;5;9;5;5;3;4;3;12;14;4;10;16;10;11;NA
35;"SP";3541059;"354105";"Pratânia";"Não";"-";"Motociclistas";NA;NA;NA;NA;NA;NA;NA;NA;NA;NA;NA;NA;NA;NA;NA;NA;NA;NA;NA;NA;NA;NA;NA;NA;NA
35;"SP";3541208;"354120";"Presidente Bernardes";"Não";"-";"Motociclistas";NA;NA;NA;NA;NA;NA;NA;NA;NA;NA;NA;NA;NA;1;NA;1;NA;NA;NA;NA;NA;NA;NA;NA;NA
35;"SP";3541307;"354130";"Presidente Epitácio";"Não";"-";"Motociclistas";NA;NA;1;NA;NA;NA;2;NA;2;1;2;2;1;NA;NA;2;NA;2;1;NA;2;2;2;2;NA
35;"SP";3541406;"354140";"Presidente Prudente";"Não";"-";"Motociclistas";2;NA;2;1;1;NA;2;NA;NA;3;4;1;1;5;6;3;3;3;1;7;5;4;5;12;NA
35;"SP";3541505;"354150";"Presidente Venceslau";"Não";"-";"Motociclistas";NA;NA;NA;NA;NA;NA;NA;NA;NA;NA;NA;4;NA;1;NA;NA;1;1;2;NA;NA;1;NA;1;NA
35;"SP";3541604;"354160";"Promissão";"Não";"-";"Motociclistas";NA;NA;NA;NA;NA;NA;NA;NA;NA;NA;NA;1;NA;1;1;NA;1;2;NA;2;1;2;2;1;NA
35;"SP";3541653;"354165";"Quadra";"Não";"-";"Motociclistas";NA;NA;NA;NA;NA;NA;NA;NA;NA;NA;NA;NA;NA;NA;NA;NA;NA;1;NA;NA;NA;NA;NA;NA;NA
35;"SP";3541703;"354170";"Quatá";"Não";"-";"Motociclistas";NA;NA;NA;NA;NA;NA;NA;NA;NA;NA;NA;NA;NA;NA;NA;NA;NA;NA;NA;NA;NA;NA;1;NA;NA
35;"SP";3541901;"354190";"Queluz";"Não";"Região Metropolitana do Vale do Paraíba e Litoral Norte";"Motociclistas";NA;NA;NA;NA;NA;NA;NA;NA;NA;NA;NA;NA;NA;NA;1;NA;NA;NA;NA;NA;NA;NA;NA;NA;NA
35;"SP";3542008;"354200";"Quintana";"Não";"-";"Motociclistas";NA;NA;NA;NA;NA;NA;NA;NA;NA;NA;NA;NA;NA;NA;NA;NA;NA;1;NA;NA;NA;NA;NA;NA;NA
35;"SP";3542107;"354210";"Rafard";"Não";"Região Metropolitana de Piracicaba";"Motociclistas";NA;NA;NA;NA;NA;NA;NA;NA;NA;NA;NA;NA;NA;NA;NA;NA;NA;NA;NA;NA;NA;NA;NA;NA;NA
35;"SP";3542206;"354220";"Rancharia";"Não";"-";"Motociclistas";NA;NA;NA;NA;NA;NA;NA;NA;NA;NA;NA;NA;NA;NA;NA;NA;NA;NA;NA;NA;1;NA;NA;1;NA
35;"SP";3542305;"354230";"Redenção da Serra";"Não";"Região Metropolitana do Vale do Paraíba e Litoral Norte";"Motociclistas";NA;NA;NA;NA;NA;NA;NA;NA;NA;NA;NA;NA;NA;NA;NA;NA;NA;NA;NA;NA;NA;NA;1;NA;NA
35;"SP";3542404;"354240";"Regente Feijó";"Não";"-";"Motociclistas";NA;NA;NA;NA;NA;NA;NA;NA;NA;NA;NA;NA;NA;NA;NA;NA;NA;NA;NA;NA;1;NA;2;1;NA
35;"SP";3542503;"354250";"Reginópolis";"Não";"-";"Motociclistas";NA;NA;NA;NA;NA;NA;NA;NA;NA;NA;NA;NA;NA;NA;NA;NA;NA;NA;NA;NA;NA;NA;NA;NA;NA
35;"SP";3542602;"354260";"Registro";"Não";"-";"Motociclistas";NA;NA;NA;NA;NA;NA;NA;NA;1;NA;1;NA;1;NA;NA;NA;NA;2;1;NA;2;1;2;2;NA
35;"SP";3542701;"354270";"Restinga";"Não";"-";"Motociclistas";NA;NA;NA;NA;1;NA;NA;NA;NA;NA;NA;NA;NA;NA;NA;NA;NA;1;NA;NA;NA;NA;NA;NA;NA
35;"SP";3542800;"354280";"Ribeira";"Não";"-";"Motociclistas";NA;NA;NA;NA;NA;NA;NA;NA;1;NA;NA;NA;NA;1;NA;NA;1;NA;NA;NA;NA;NA;NA;NA;NA
35;"SP";3542909;"354290";"Ribeirão Bonito";"Não";"-";"Motociclistas";NA;NA;NA;NA;NA;NA;NA;NA;NA;NA;NA;NA;NA;NA;NA;NA;NA;NA;NA;NA;NA;1;NA;NA;NA
35;"SP";3543006;"354300";"Ribeirão Branco";"Não";"-";"Motociclistas";NA;NA;NA;NA;NA;NA;NA;NA;NA;NA;NA;NA;NA;NA;NA;NA;NA;NA;1;1;NA;NA;NA;NA;NA
35;"SP";3543105;"354310";"Ribeirão Corrente";"Não";"-";"Motociclistas";NA;NA;NA;NA;NA;NA;NA;NA;NA;NA;NA;NA;NA;NA;NA;NA;NA;NA;NA;NA;NA;NA;NA;NA;NA
35;"SP";3543204;"354320";"Ribeirão do Sul";"Não";"-";"Motociclistas";NA;NA;NA;NA;NA;NA;NA;NA;NA;NA;NA;NA;NA;NA;NA;NA;NA;NA;NA;NA;NA;NA;NA;NA;NA
35;"SP";3543238;"354323";"Ribeirão dos Índios";"Não";"-";"Motociclistas";NA;NA;NA;NA;NA;NA;NA;NA;NA;NA;NA;NA;NA;1;NA;NA;NA;NA;NA;NA;NA;NA;NA;NA;NA
35;"SP";3543253;"354325";"Ribeirão Grande";"Não";"-";"Motociclistas";NA;NA;NA;NA;NA;NA;NA;NA;NA;NA;NA;NA;NA;NA;NA;NA;NA;NA;NA;NA;NA;NA;NA;NA;NA
35;"SP";3543303;"354330";"Ribeirão Pires";"Não";"Região Metropolitana de São Paulo";"Motociclistas";NA;NA;NA;NA;NA;NA;NA;NA;NA;NA;1;1;NA;NA;1;NA;NA;NA;NA;1;1;NA;NA;3;NA
35;"SP";3543402;"354340";"Ribeirão Preto";"Não";"Região Metropolitana de Ribeirão Preto";"Motociclistas";2;1;NA;NA;2;NA;10;2;4;12;8;10;10;14;9;8;8;19;16;15;22;30;15;20;NA
35;"SP";3543600;"354360";"Rifaina";"Não";"-";"Motociclistas";NA;NA;NA;NA;NA;NA;NA;NA;NA;NA;NA;NA;1;NA;NA;NA;NA;NA;NA;NA;1;3;NA;NA;NA
35;"SP";3543709;"354370";"Rincão";"Não";"-";"Motociclistas";NA;NA;NA;NA;1;NA;NA;NA;NA;NA;NA;1;NA;NA;NA;NA;NA;NA;NA;NA;1;NA;NA;NA;NA
35;"SP";3543808;"354380";"Rinópolis";"Não";"-";"Motociclistas";NA;NA;NA;NA;NA;NA;NA;NA;NA;NA;NA;NA;1;NA;NA;NA;NA;NA;NA;NA;1;NA;NA;NA;NA
35;"SP";3543907;"354390";"Rio Claro";"Não";"Região Metropolitana de Piracicaba";"Motociclistas";NA;2;1;NA;1;1;NA;1;NA;1;3;2;1;NA;2;8;2;NA;6;3;4;5;2;2;NA
35;"SP";3544004;"354400";"Rio das Pedras";"Não";"Região Metropolitana de Piracicaba";"Motociclistas";NA;NA;NA;NA;NA;NA;NA;NA;NA;NA;NA;NA;NA;NA;NA;NA;1;1;1;NA;NA;NA;1;NA;NA
35;"SP";3544103;"354410";"Rio Grande da Serra";"Não";"Região Metropolitana de São Paulo";"Motociclistas";NA;NA;NA;NA;NA;NA;NA;NA;NA;1;NA;NA;NA;NA;NA;NA;NA;NA;NA;NA;1;NA;NA;NA;NA
35;"SP";3544202;"354420";"Riolândia";"Não";"-";"Motociclistas";NA;NA;NA;NA;NA;NA;NA;NA;NA;NA;NA;NA;NA;NA;NA;NA;NA;NA;NA;NA;NA;NA;NA;NA;NA
35;"SP";3544251;"354425";"Rosana";"Não";"-";"Motociclistas";NA;NA;NA;NA;NA;NA;NA;NA;2;NA;NA;NA;1;1;NA;NA;2;NA;NA;NA;NA;1;NA;NA;NA
35;"SP";3544301;"354430";"Roseira";"Não";"Região Metropolitana do Vale do Paraíba e Litoral Norte";"Motociclistas";NA;NA;NA;NA;NA;NA;NA;NA;NA;NA;NA;NA;NA;NA;NA;NA;NA;NA;NA;NA;NA;NA;NA;NA;NA
35;"SP";3544400;"354440";"Rubiácea";"Não";"-";"Motociclistas";NA;NA;NA;NA;NA;NA;NA;NA;NA;NA;NA;NA;NA;NA;NA;NA;NA;NA;NA;NA;NA;NA;NA;NA;NA
35;"SP";3544608;"354460";"Sabino";"Não";"-";"Motociclistas";NA;NA;NA;NA;NA;NA;NA;NA;NA;NA;NA;NA;NA;NA;1;NA;NA;NA;NA;NA;NA;NA;NA;NA;NA
35;"SP";3544707;"354470";"Sagres";"Não";"-";"Motociclistas";NA;NA;NA;NA;NA;NA;NA;NA;NA;NA;NA;NA;NA;NA;NA;NA;NA;NA;NA;NA;2;NA;NA;NA;NA
35;"SP";3544806;"354480";"Sales";"Não";"Região Metropolitana de São José do Rio Preto";"Motociclistas";NA;NA;NA;NA;NA;NA;NA;NA;NA;NA;NA;NA;NA;NA;NA;NA;NA;NA;NA;NA;NA;NA;NA;NA;NA
35;"SP";3544905;"354490";"Sales Oliveira";"Não";"Região Metropolitana de Ribeirão Preto";"Motociclistas";NA;NA;NA;NA;NA;NA;NA;NA;NA;NA;NA;NA;NA;NA;NA;NA;NA;NA;NA;NA;NA;NA;NA;NA;NA
35;"SP";3545001;"354500";"Salesópolis";"Não";"Região Metropolitana de São Paulo";"Motociclistas";NA;NA;NA;NA;NA;NA;NA;NA;NA;NA;1;NA;NA;NA;NA;NA;NA;NA;NA;NA;NA;1;NA;NA;NA
35;"SP";3545100;"354510";"Salmourão";"Não";"-";"Motociclistas";NA;NA;NA;NA;NA;NA;NA;NA;NA;NA;NA;NA;NA;NA;NA;NA;NA;NA;NA;NA;NA;NA;NA;NA;NA
35;"SP";3545159;"354515";"Saltinho";"Não";"Região Metropolitana de Piracicaba";"Motociclistas";NA;NA;NA;NA;NA;NA;NA;NA;NA;NA;NA;NA;NA;NA;NA;NA;NA;NA;NA;NA;NA;NA;NA;NA;NA
35;"SP";3545209;"354520";"Salto";"Não";"Região Metropolitana de Sorocaba";"Motociclistas";NA;NA;NA;NA;NA;NA;NA;1;NA;2;NA;3;NA;NA;NA;1;1;1;NA;2;3;2;1;1;NA
35;"SP";3545308;"354530";"Salto de Pirapora";"Não";"Região Metropolitana de Sorocaba";"Motociclistas";NA;NA;NA;NA;NA;NA;NA;NA;NA;NA;NA;NA;1;NA;NA;NA;NA;NA;1;NA;1;1;1;NA;NA
35;"SP";3545407;"354540";"Salto Grande";"Não";"-";"Motociclistas";NA;NA;NA;NA;NA;NA;NA;NA;NA;NA;NA;NA;NA;NA;NA;NA;NA;NA;NA;NA;NA;NA;1;1;NA
35;"SP";3545506;"354550";"Sandovalina";"Não";"-";"Motociclistas";NA;NA;NA;NA;NA;NA;NA;NA;NA;NA;NA;NA;NA;NA;NA;NA;NA;NA;NA;NA;NA;NA;NA;NA;NA
35;"SP";3545605;"354560";"Santa Adélia";"Não";"-";"Motociclistas";NA;NA;NA;NA;NA;NA;NA;NA;NA;NA;NA;NA;NA;NA;NA;NA;NA;NA;NA;NA;NA;NA;NA;1;NA
35;"SP";3545803;"354580";"Santa Bárbara d'Oeste";"Não";"Região Metropolitana de Campinas";"Motociclistas";NA;NA;NA;NA;NA;1;2;NA;2;1;1;5;2;1;NA;1;1;NA;1;4;2;2;3;3;NA
35;"SP";3546009;"354600";"Santa Branca";"Não";"Região Metropolitana do Vale do Paraíba e Litoral Norte";"Motociclistas";NA;NA;NA;NA;NA;NA;NA;NA;NA;NA;NA;NA;NA;NA;NA;NA;NA;NA;NA;NA;NA;NA;NA;NA;NA
35;"SP";3546207;"354620";"Santa Cruz da Conceição";"Não";"Região Metropolitana de Piracicaba";"Motociclistas";NA;NA;NA;NA;NA;NA;NA;NA;NA;NA;NA;NA;NA;NA;NA;NA;NA;NA;1;NA;NA;1;NA;NA;NA
35;"SP";3546256;"354625";"Santa Cruz da Esperança";"Não";"Região Metropolitana de Ribeirão Preto";"Motociclistas";NA;NA;NA;NA;NA;NA;NA;NA;NA;NA;NA;NA;NA;NA;NA;NA;NA;NA;NA;NA;NA;NA;NA;NA;NA
35;"SP";3546306;"354630";"Santa Cruz das Palmeiras";"Não";"-";"Motociclistas";NA;NA;NA;NA;NA;1;NA;NA;NA;NA;NA;NA;NA;NA;NA;NA;NA;NA;NA;NA;NA;NA;NA;NA;NA
35;"SP";3546405;"354640";"Santa Cruz do Rio Pardo";"Não";"-";"Motociclistas";NA;NA;NA;NA;NA;NA;NA;1;2;NA;1;NA;NA;NA;NA;NA;1;NA;1;NA;NA;2;NA;NA;NA
35;"SP";3546504;"354650";"Santa Ernestina";"Não";"-";"Motociclistas";NA;NA;NA;NA;NA;NA;NA;NA;NA;NA;NA;NA;NA;NA;NA;NA;NA;NA;NA;NA;NA;NA;1;NA;NA
35;"SP";3546603;"354660";"Santa Fé do Sul";"Não";"-";"Motociclistas";NA;NA;NA;NA;NA;NA;NA;NA;NA;NA;NA;NA;NA;NA;NA;NA;NA;NA;NA;NA;NA;NA;NA;NA;NA
35;"SP";3546702;"354670";"Santa Gertrudes";"Não";"Região Metropolitana de Piracicaba";"Motociclistas";NA;NA;NA;NA;NA;NA;NA;NA;NA;NA;1;NA;NA;NA;NA;NA;NA;NA;NA;1;NA;NA;1;NA;NA
35;"SP";3546801;"354680";"Santa Isabel";"Não";"Região Metropolitana de São Paulo";"Motociclistas";NA;NA;NA;NA;NA;NA;NA;NA;NA;NA;1;1;3;1;2;NA;3;2;NA;1;NA;NA;NA;NA;NA
35;"SP";3546900;"354690";"Santa Lúcia";"Não";"-";"Motociclistas";NA;NA;NA;NA;NA;NA;NA;NA;NA;NA;NA;NA;NA;NA;NA;NA;NA;NA;NA;NA;NA;NA;NA;NA;NA
35;"SP";3547007;"354700";"Santa Maria da Serra";"Não";"Região Metropolitana de Piracicaba";"Motociclistas";NA;NA;NA;NA;NA;NA;NA;NA;NA;NA;NA;NA;NA;NA;NA;NA;NA;NA;NA;NA;NA;NA;NA;NA;NA
35;"SP";3547106;"354710";"Santa Mercedes";"Não";"-";"Motociclistas";NA;NA;NA;NA;NA;NA;NA;NA;NA;NA;NA;NA;NA;NA;1;NA;NA;NA;NA;NA;NA;NA;NA;NA;NA
35;"SP";3547304;"354730";"Santana de Parnaíba";"Não";"Região Metropolitana de São Paulo";"Motociclistas";NA;NA;NA;NA;NA;NA;NA;NA;NA;NA;1;4;1;2;NA;2;2;NA;NA;1;4;4;6;3;NA
35;"SP";3547502;"354750";"Santa Rita do Passa Quatro";"Não";"Região Metropolitana de Ribeirão Preto";"Motociclistas";NA;NA;NA;1;NA;NA;NA;NA;NA;NA;NA;NA;NA;NA;NA;NA;NA;NA;NA;NA;NA;NA;NA;NA;NA
35;"SP";3547601;"354760";"Santa Rosa de Viterbo";"Não";"Região Metropolitana de Ribeirão Preto";"Motociclistas";NA;NA;NA;NA;NA;NA;NA;NA;NA;NA;NA;1;NA;NA;NA;NA;NA;NA;NA;NA;NA;NA;NA;NA;NA
35;"SP";3547650;"354765";"Santa Salete";"Não";"-";"Motociclistas";NA;NA;NA;NA;NA;NA;NA;NA;NA;NA;NA;NA;NA;NA;NA;NA;NA;NA;NA;NA;NA;NA;NA;NA;NA
35;"SP";3547700;"354770";"Santo Anastácio";"Não";"-";"Motociclistas";NA;NA;NA;NA;NA;NA;NA;NA;NA;NA;NA;NA;NA;1;NA;NA;NA;NA;NA;NA;NA;1;NA;1;NA
35;"SP";3547809;"354780";"Santo André";"Não";"Região Metropolitana de São Paulo";"Motociclistas";NA;NA;NA;NA;NA;2;4;3;1;2;3;NA;3;1;4;3;8;1;2;3;8;7;5;11;NA
35;"SP";3547908;"354790";"Santo Antônio da Alegria";"Não";"Região Metropolitana de Ribeirão Preto";"Motociclistas";NA;NA;NA;NA;NA;NA;NA;NA;NA;NA;NA;NA;NA;NA;NA;NA;1;NA;NA;NA;NA;NA;NA;NA;NA
35;"SP";3548005;"354800";"Santo Antônio de Posse";"Não";"Região Metropolitana de Campinas";"Motociclistas";NA;NA;NA;NA;NA;NA;NA;NA;NA;NA;NA;NA;NA;NA;NA;NA;NA;NA;NA;NA;NA;NA;NA;NA;NA
35;"SP";3548054;"354805";"Santo Antônio do Aracanguá";"Não";"-";"Motociclistas";NA;NA;NA;NA;NA;NA;NA;NA;NA;NA;NA;NA;NA;NA;NA;1;NA;NA;NA;NA;NA;NA;NA;1;NA
35;"SP";3548104;"354810";"Santo Antônio do Jardim";"Não";"-";"Motociclistas";NA;NA;NA;NA;NA;NA;NA;NA;NA;NA;NA;NA;NA;NA;NA;NA;NA;NA;NA;NA;NA;NA;NA;NA;NA
35;"SP";3548203;"354820";"Santo Antônio do Pinhal";"Não";"Região Metropolitana do Vale do Paraíba e Litoral Norte";"Motociclistas";NA;NA;NA;NA;NA;NA;NA;NA;NA;NA;NA;NA;NA;NA;NA;NA;NA;NA;NA;NA;NA;NA;NA;NA;NA
35;"SP";3548302;"354830";"Santo Expedito";"Não";"-";"Motociclistas";NA;NA;NA;NA;NA;NA;NA;NA;NA;NA;NA;NA;NA;NA;NA;NA;NA;NA;NA;NA;NA;NA;NA;NA;NA
35;"SP";3548401;"354840";"Santópolis do Aguapeí";"Não";"-";"Motociclistas";NA;NA;NA;NA;NA;NA;NA;NA;NA;NA;NA;1;NA;NA;NA;NA;NA;NA;NA;NA;NA;NA;NA;NA;NA
35;"SP";3548500;"354850";"Santos";"Não";"Região Metropolitana da Baixada Santista";"Motociclistas";1;2;NA;2;2;2;9;9;14;10;11;8;14;3;5;4;14;9;3;3;12;3;7;5;NA
35;"SP";3548609;"354860";"São Bento do Sapucaí";"Não";"Região Metropolitana do Vale do Paraíba e Litoral Norte";"Motociclistas";NA;NA;NA;NA;NA;NA;NA;NA;NA;NA;NA;NA;NA;NA;NA;NA;NA;NA;NA;NA;NA;NA;NA;NA;NA
35;"SP";3548708;"354870";"São Bernardo do Campo";"Não";"Região Metropolitana de São Paulo";"Motociclistas";NA;NA;5;3;NA;2;3;7;9;4;1;10;7;4;6;7;6;6;7;13;8;13;8;14;NA
35;"SP";3548807;"354880";"São Caetano do Sul";"Não";"Região Metropolitana de São Paulo";"Motociclistas";NA;1;NA;NA;NA;NA;NA;NA;NA;NA;2;NA;NA;1;NA;NA;1;NA;NA;1;NA;2;1;1;NA
35;"SP";3548906;"354890";"São Carlos";"Não";"-";"Motociclistas";NA;NA;NA;NA;NA;NA;NA;NA;3;2;2;1;NA;3;2;2;NA;3;3;2;3;7;2;2;NA
35;"SP";3549102;"354910";"São João da Boa Vista";"Não";"-";"Motociclistas";2;NA;NA;NA;NA;NA;1;1;NA;1;NA;1;1;NA;NA;1;NA;2;NA;1;1;NA;NA;1;NA
35;"SP";3549250;"354925";"São João de Iracema";"Não";"-";"Motociclistas";NA;NA;NA;NA;NA;NA;1;NA;NA;NA;NA;NA;NA;NA;NA;NA;NA;NA;NA;NA;NA;NA;NA;NA;NA
35;"SP";3549409;"354940";"São Joaquim da Barra";"Não";"-";"Motociclistas";NA;1;NA;NA;NA;1;1;NA;NA;NA;NA;NA;1;NA;NA;NA;1;1;NA;1;1;2;NA;NA;NA
35;"SP";3549508;"354950";"São José da Bela Vista";"Não";"-";"Motociclistas";NA;NA;NA;NA;NA;NA;NA;NA;NA;NA;NA;NA;NA;NA;NA;NA;NA;NA;NA;NA;NA;NA;NA;NA;NA
35;"SP";3549607;"354960";"São José do Barreiro";"Não";"Região Metropolitana do Vale do Paraíba e Litoral Norte";"Motociclistas";NA;NA;NA;NA;NA;NA;NA;NA;NA;NA;NA;NA;NA;NA;NA;NA;NA;NA;NA;NA;NA;NA;NA;NA;NA
35;"SP";3549706;"354970";"São José do Rio Pardo";"Não";"-";"Motociclistas";NA;NA;NA;NA;NA;NA;NA;NA;NA;NA;1;NA;NA;1;1;1;NA;1;2;NA;NA;NA;NA;1;NA
35;"SP";3549805;"354980";"São José do Rio Preto";"Não";"Região Metropolitana de São José do Rio Preto";"Motociclistas";NA;2;NA;1;NA;4;NA;1;1;NA;1;3;2;1;2;1;7;5;6;16;8;5;6;4;NA
35;"SP";3549904;"354990";"São José dos Campos";"Não";"Região Metropolitana do Vale do Paraíba e Litoral Norte";"Motociclistas";NA;1;NA;NA;1;1;NA;NA;2;NA;1;1;NA;NA;1;2;4;1;4;4;2;9;5;7;NA
35;"SP";3549953;"354995";"São Lourenço da Serra";"Não";"Região Metropolitana de São Paulo";"Motociclistas";NA;NA;NA;NA;NA;NA;NA;NA;NA;NA;NA;NA;NA;NA;NA;NA;NA;NA;NA;NA;NA;NA;NA;2;NA
35;"SP";3550001;"355000";"São Luiz do Paraitinga";"Não";"Região Metropolitana do Vale do Paraíba e Litoral Norte";"Motociclistas";NA;NA;NA;NA;NA;NA;NA;NA;NA;NA;NA;NA;1;NA;NA;NA;NA;NA;NA;NA;NA;1;NA;NA;NA
35;"SP";3550100;"355010";"São Manuel";"Não";"-";"Motociclistas";NA;NA;NA;NA;NA;NA;NA;NA;NA;NA;2;NA;NA;NA;NA;1;1;NA;NA;NA;NA;NA;NA;NA;NA
35;"SP";3550209;"355020";"São Miguel Arcanjo";"Não";"Região Metropolitana de Sorocaba";"Motociclistas";NA;NA;NA;NA;NA;NA;NA;NA;NA;NA;NA;NA;NA;NA;1;NA;NA;NA;NA;NA;NA;NA;NA;NA;NA
35;"SP";3550308;"355030";"São Paulo";"Sim";"Região Metropolitana de São Paulo";"Motociclistas";6;39;8;31;38;54;137;101;168;142;194;201;186;152;193;164;158;92;25;150;189;150;24;28;NA
35;"SP";3550407;"355040";"São Pedro";"Não";"Região Metropolitana de Piracicaba";"Motociclistas";NA;NA;NA;NA;NA;NA;NA;NA;NA;NA;NA;NA;NA;NA;NA;NA;NA;NA;NA;1;1;2;2;NA;NA
35;"SP";3550506;"355050";"São Pedro do Turvo";"Não";"-";"Motociclistas";NA;NA;NA;NA;NA;NA;NA;NA;NA;NA;NA;NA;NA;NA;NA;NA;NA;NA;NA;NA;NA;NA;NA;NA;NA
35;"SP";3550605;"355060";"São Roque";"Não";"Região Metropolitana de Sorocaba";"Motociclistas";NA;NA;NA;NA;NA;NA;NA;NA;NA;2;2;1;1;NA;2;1;NA;NA;1;NA;1;NA;NA;2;NA
35;"SP";3550704;"355070";"São Sebastião";"Não";"Região Metropolitana do Vale do Paraíba e Litoral Norte";"Motociclistas";NA;NA;1;NA;NA;1;NA;NA;1;1;1;2;2;NA;2;1;1;NA;3;1;1;2;1;2;NA
35;"SP";3550803;"355080";"São Sebastião da Grama";"Não";"-";"Motociclistas";NA;NA;NA;NA;NA;NA;NA;NA;NA;NA;NA;NA;NA;NA;NA;NA;NA;NA;NA;NA;NA;NA;NA;NA;NA
35;"SP";3550902;"355090";"São Simão";"Não";"Região Metropolitana de Ribeirão Preto";"Motociclistas";NA;NA;NA;NA;NA;NA;NA;1;NA;NA;NA;1;NA;NA;NA;NA;NA;NA;NA;NA;1;1;NA;NA;NA
35;"SP";3551009;"355100";"São Vicente";"Não";"Região Metropolitana da Baixada Santista";"Motociclistas";1;NA;2;2;NA;2;2;2;7;4;4;6;5;7;6;3;10;1;9;8;12;5;6;13;NA
35;"SP";3551108;"355110";"Sarapuí";"Não";"Região Metropolitana de Sorocaba";"Motociclistas";NA;NA;NA;NA;NA;NA;NA;NA;NA;NA;NA;NA;NA;NA;NA;NA;NA;NA;NA;NA;NA;NA;NA;1;NA
35;"SP";3551207;"355120";"Sarutaiá";"Não";"-";"Motociclistas";NA;NA;NA;NA;NA;NA;NA;NA;NA;NA;NA;NA;NA;NA;NA;NA;NA;NA;NA;NA;NA;NA;NA;NA;NA
35;"SP";3551306;"355130";"Sebastianópolis do Sul";"Não";"-";"Motociclistas";NA;NA;NA;NA;NA;NA;NA;NA;NA;NA;NA;NA;NA;NA;NA;NA;NA;NA;NA;NA;NA;NA;NA;NA;NA
35;"SP";3551405;"355140";"Serra Azul";"Não";"Região Metropolitana de Ribeirão Preto";"Motociclistas";NA;NA;NA;NA;NA;NA;NA;NA;NA;NA;NA;NA;NA;NA;2;NA;NA;NA;NA;NA;NA;NA;NA;NA;NA
35;"SP";3551504;"355150";"Serrana";"Não";"Região Metropolitana de Ribeirão Preto";"Motociclistas";NA;NA;NA;NA;NA;NA;NA;NA;NA;NA;NA;NA;NA;NA;NA;NA;NA;NA;NA;1;1;1;NA;NA;NA
35;"SP";3551603;"355160";"Serra Negra";"Não";"-";"Motociclistas";NA;NA;NA;NA;NA;NA;1;NA;NA;NA;NA;1;NA;1;NA;NA;NA;1;NA;NA;NA;NA;1;NA;NA
35;"SP";3551702;"355170";"Sertãozinho";"Não";"Região Metropolitana de Ribeirão Preto";"Motociclistas";NA;NA;NA;NA;NA;NA;NA;1;NA;NA;1;NA;NA;3;1;4;NA;1;2;1;1;NA;3;4;NA
35;"SP";3551801;"355180";"Sete Barras";"Não";"-";"Motociclistas";NA;NA;NA;NA;NA;NA;NA;NA;NA;NA;NA;NA;NA;NA;NA;2;NA;1;NA;NA;NA;NA;NA;NA;NA
35;"SP";3551900;"355190";"Severínia";"Não";"Região Metropolitana de São José do Rio Preto";"Motociclistas";NA;NA;NA;NA;NA;NA;NA;NA;NA;NA;NA;NA;1;NA;NA;NA;NA;NA;NA;NA;NA;NA;NA;NA;NA
35;"SP";3552007;"355200";"Silveiras";"Não";"Região Metropolitana do Vale do Paraíba e Litoral Norte";"Motociclistas";NA;NA;NA;NA;NA;NA;NA;NA;NA;NA;NA;1;NA;NA;NA;NA;1;NA;NA;NA;NA;NA;NA;NA;NA
35;"SP";3552106;"355210";"Socorro";"Não";"-";"Motociclistas";NA;NA;NA;NA;NA;NA;NA;NA;NA;NA;NA;NA;NA;NA;NA;NA;NA;NA;NA;1;1;NA;1;1;NA
35;"SP";3552205;"355220";"Sorocaba";"Não";"Região Metropolitana de Sorocaba";"Motociclistas";NA;NA;3;1;1;2;7;8;6;6;4;6;11;4;6;5;8;4;5;8;12;17;12;21;NA
35;"SP";3552304;"355230";"Sud Mennucci";"Não";"-";"Motociclistas";NA;NA;NA;NA;NA;NA;NA;NA;NA;NA;NA;NA;NA;NA;NA;NA;NA;NA;NA;NA;NA;NA;NA;1;NA
35;"SP";3552403;"355240";"Sumaré";"Não";"Região Metropolitana de Campinas";"Motociclistas";NA;NA;NA;NA;2;NA;3;3;1;4;4;2;2;3;1;6;8;3;4;5;6;8;6;4;NA
35;"SP";3552502;"355250";"Suzano";"Não";"Região Metropolitana de São Paulo";"Motociclistas";NA;1;NA;NA;NA;NA;NA;NA;NA;NA;1;NA;1;NA;NA;2;2;1;1;NA;1;NA;1;5;NA
35;"SP";3552601;"355260";"Tabapuã";"Não";"-";"Motociclistas";NA;NA;NA;NA;NA;NA;NA;NA;NA;NA;NA;NA;NA;NA;NA;NA;NA;NA;NA;NA;NA;NA;NA;NA;NA
35;"SP";3552700;"355270";"Tabatinga";"Não";"-";"Motociclistas";NA;NA;NA;NA;NA;NA;NA;NA;NA;NA;NA;NA;NA;NA;NA;NA;NA;NA;NA;NA;NA;NA;NA;NA;NA
35;"SP";3552809;"355280";"Taboão da Serra";"Não";"Região Metropolitana de São Paulo";"Motociclistas";NA;3;NA;NA;2;NA;2;4;3;1;2;4;5;3;2;NA;4;5;3;3;2;6;9;8;NA
35;"SP";3552908;"355290";"Taciba";"Não";"-";"Motociclistas";NA;NA;NA;NA;NA;NA;NA;NA;NA;NA;NA;NA;NA;NA;NA;NA;NA;NA;NA;1;NA;NA;NA;NA;NA
35;"SP";3553005;"355300";"Taguaí";"Não";"-";"Motociclistas";NA;NA;NA;NA;NA;NA;NA;NA;NA;NA;NA;NA;NA;NA;NA;NA;NA;1;NA;NA;NA;NA;NA;NA;NA
35;"SP";3553104;"355310";"Taiaçu";"Não";"-";"Motociclistas";NA;NA;NA;NA;NA;NA;NA;NA;NA;NA;NA;NA;NA;NA;NA;NA;NA;NA;NA;NA;1;NA;NA;NA;NA
35;"SP";3553203;"355320";"Taiúva";"Não";"Região Metropolitana de Ribeirão Preto";"Motociclistas";NA;NA;NA;NA;NA;NA;NA;NA;NA;NA;NA;NA;NA;NA;NA;1;NA;NA;NA;NA;NA;NA;NA;NA;NA
35;"SP";3553302;"355330";"Tambaú";"Não";"Região Metropolitana de Ribeirão Preto";"Motociclistas";NA;NA;NA;NA;NA;NA;NA;NA;NA;NA;NA;NA;NA;NA;1;NA;NA;NA;NA;NA;NA;NA;NA;NA;NA
35;"SP";3553401;"355340";"Tanabi";"Não";"Região Metropolitana de São José do Rio Preto";"Motociclistas";NA;NA;NA;NA;NA;NA;NA;NA;NA;NA;NA;NA;NA;NA;NA;NA;NA;NA;NA;NA;1;NA;1;1;NA
35;"SP";3553500;"355350";"Tapiraí";"Não";"Região Metropolitana de Sorocaba";"Motociclistas";NA;NA;NA;NA;NA;NA;NA;NA;NA;NA;NA;1;NA;NA;1;NA;1;NA;NA;NA;NA;NA;NA;NA;NA
35;"SP";3553609;"355360";"Tapiratiba";"Não";"-";"Motociclistas";NA;NA;NA;NA;NA;NA;NA;NA;NA;NA;NA;NA;NA;NA;NA;NA;NA;NA;NA;NA;NA;1;1;NA;NA
35;"SP";3553658;"355365";"Taquaral";"Não";"Região Metropolitana de Ribeirão Preto";"Motociclistas";NA;NA;NA;NA;NA;NA;NA;NA;NA;NA;NA;NA;NA;1;NA;NA;NA;NA;NA;NA;NA;NA;NA;NA;NA
35;"SP";3553708;"355370";"Taquaritinga";"Não";"-";"Motociclistas";NA;1;NA;NA;NA;NA;NA;NA;NA;NA;NA;NA;1;NA;NA;NA;NA;1;1;1;NA;NA;1;NA;NA
35;"SP";3553807;"355380";"Taquarituba";"Não";"-";"Motociclistas";NA;NA;NA;NA;NA;NA;NA;NA;NA;NA;NA;NA;NA;NA;1;NA;NA;NA;NA;NA;NA;NA;NA;NA;NA
35;"SP";3553856;"355385";"Taquarivaí";"Não";"-";"Motociclistas";NA;NA;NA;NA;NA;NA;NA;NA;NA;NA;NA;NA;NA;NA;NA;NA;NA;1;NA;NA;NA;NA;NA;NA;NA
35;"SP";3553906;"355390";"Tarabai";"Não";"-";"Motociclistas";NA;NA;NA;NA;NA;NA;NA;NA;NA;NA;NA;NA;NA;NA;NA;NA;NA;NA;NA;NA;NA;NA;NA;NA;NA
35;"SP";3553955;"355395";"Tarumã";"Não";"-";"Motociclistas";NA;NA;NA;NA;NA;NA;NA;NA;NA;NA;NA;NA;NA;NA;NA;NA;NA;NA;NA;NA;NA;NA;NA;NA;NA
35;"SP";3554003;"355400";"Tatuí";"Não";"Região Metropolitana de Sorocaba";"Motociclistas";NA;1;NA;NA;NA;NA;NA;NA;1;1;1;3;NA;3;1;NA;1;NA;1;NA;NA;2;2;2;NA
35;"SP";3554102;"355410";"Taubaté";"Não";"Região Metropolitana do Vale do Paraíba e Litoral Norte";"Motociclistas";1;1;NA;NA;NA;NA;NA;2;NA;NA;1;1;3;NA;NA;2;1;1;1;1;1;1;3;6;NA
35;"SP";3554201;"355420";"Tejupá";"Não";"-";"Motociclistas";NA;NA;NA;NA;NA;NA;NA;NA;NA;NA;NA;NA;NA;NA;NA;NA;NA;NA;NA;NA;NA;NA;NA;NA;NA
35;"SP";3554300;"355430";"Teodoro Sampaio";"Não";"-";"Motociclistas";NA;NA;NA;NA;NA;NA;NA;NA;1;NA;1;1;1;NA;NA;NA;NA;1;1;1;NA;NA;1;1;NA
35;"SP";3554409;"355440";"Terra Roxa";"Não";"-";"Motociclistas";NA;NA;NA;NA;NA;NA;NA;NA;NA;NA;NA;NA;NA;NA;NA;NA;NA;NA;NA;NA;NA;NA;NA;NA;NA
35;"SP";3554508;"355450";"Tietê";"Não";"Região Metropolitana de Sorocaba";"Motociclistas";NA;NA;NA;NA;NA;NA;2;2;NA;2;NA;NA;1;NA;NA;NA;NA;NA;1;NA;NA;2;NA;NA;NA
35;"SP";3554607;"355460";"Timburi";"Não";"-";"Motociclistas";NA;NA;NA;NA;NA;NA;NA;NA;NA;NA;NA;NA;NA;NA;NA;NA;NA;NA;1;NA;NA;NA;NA;NA;NA
35;"SP";3554656;"355465";"Torre de Pedra";"Não";"-";"Motociclistas";NA;NA;NA;NA;NA;NA;NA;NA;NA;NA;NA;NA;NA;NA;NA;NA;NA;NA;NA;NA;NA;NA;NA;NA;NA
35;"SP";3554706;"355470";"Torrinha";"Não";"-";"Motociclistas";NA;NA;NA;NA;NA;NA;NA;NA;NA;NA;NA;NA;NA;NA;NA;NA;1;NA;NA;NA;NA;NA;1;NA;NA
35;"SP";3554805;"355480";"Tremembé";"Não";"Região Metropolitana do Vale do Paraíba e Litoral Norte";"Motociclistas";NA;NA;NA;NA;NA;NA;NA;NA;NA;NA;1;NA;NA;NA;NA;NA;NA;NA;1;NA;NA;NA;NA;NA;NA
35;"SP";3554904;"355490";"Três Fronteiras";"Não";"-";"Motociclistas";NA;NA;NA;NA;NA;NA;NA;NA;NA;NA;NA;NA;NA;1;NA;NA;NA;NA;NA;NA;NA;NA;1;NA;NA
35;"SP";3554953;"355495";"Tuiuti";"Não";"-";"Motociclistas";NA;NA;NA;NA;NA;NA;NA;NA;NA;NA;NA;NA;NA;NA;NA;NA;NA;NA;NA;NA;1;NA;NA;NA;NA
35;"SP";3555000;"355500";"Tupã";"Não";"-";"Motociclistas";NA;NA;NA;NA;NA;NA;NA;2;3;1;1;NA;2;NA;1;NA;NA;4;1;NA;1;NA;1;1;NA
35;"SP";3555109;"355510";"Tupi Paulista";"Não";"-";"Motociclistas";NA;NA;1;NA;NA;NA;NA;1;1;NA;NA;NA;NA;NA;1;NA;1;NA;NA;NA;1;NA;2;NA;NA
35;"SP";3555208;"355520";"Turiúba";"Não";"-";"Motociclistas";NA;NA;NA;NA;NA;NA;NA;NA;NA;NA;NA;NA;NA;NA;NA;NA;NA;NA;NA;NA;NA;NA;NA;NA;NA
35;"SP";3555307;"355530";"Turmalina";"Não";"-";"Motociclistas";NA;NA;NA;NA;NA;NA;NA;NA;NA;NA;NA;NA;NA;NA;NA;NA;NA;NA;NA;NA;NA;NA;NA;NA;NA
35;"SP";3555356;"355535";"Ubarana";"Não";"Região Metropolitana de São José do Rio Preto";"Motociclistas";NA;NA;NA;NA;NA;NA;NA;NA;NA;NA;NA;NA;NA;NA;NA;NA;NA;NA;NA;NA;NA;NA;NA;NA;NA
35;"SP";3555406;"355540";"Ubatuba";"Não";"Região Metropolitana do Vale do Paraíba e Litoral Norte";"Motociclistas";1;NA;2;NA;NA;NA;NA;NA;NA;3;2;2;3;NA;1;3;3;1;1;4;NA;NA;2;2;NA
35;"SP";3555505;"355550";"Ubirajara";"Não";"-";"Motociclistas";NA;NA;NA;NA;NA;NA;NA;NA;NA;NA;NA;NA;NA;NA;NA;NA;NA;NA;NA;NA;NA;NA;NA;NA;NA
35;"SP";3555604;"355560";"Uchoa";"Não";"Região Metropolitana de São José do Rio Preto";"Motociclistas";NA;NA;NA;NA;NA;NA;1;NA;NA;NA;NA;NA;NA;NA;NA;NA;NA;NA;NA;NA;NA;NA;NA;NA;NA
35;"SP";3555802;"355580";"Urânia";"Não";"-";"Motociclistas";NA;NA;NA;NA;NA;NA;NA;NA;NA;NA;NA;NA;NA;NA;NA;NA;NA;NA;NA;NA;NA;NA;NA;NA;NA
35;"SP";3556008;"355600";"Urupês";"Não";"Região Metropolitana de São José do Rio Preto";"Motociclistas";NA;NA;NA;NA;NA;NA;NA;NA;NA;NA;NA;NA;NA;NA;NA;NA;NA;NA;NA;NA;NA;NA;NA;2;NA
35;"SP";3556107;"355610";"Valentim Gentil";"Não";"-";"Motociclistas";NA;NA;NA;NA;NA;NA;NA;NA;NA;NA;NA;NA;NA;NA;NA;1;NA;NA;NA;3;NA;NA;NA;1;NA
35;"SP";3556206;"355620";"Valinhos";"Não";"Região Metropolitana de Campinas";"Motociclistas";NA;NA;NA;NA;1;NA;NA;NA;1;NA;NA;NA;NA;NA;NA;2;1;NA;NA;1;1;3;2;3;NA
35;"SP";3556305;"355630";"Valparaíso";"Não";"-";"Motociclistas";NA;NA;NA;NA;NA;NA;NA;NA;NA;NA;NA;NA;NA;NA;NA;NA;NA;NA;1;NA;NA;NA;NA;NA;NA
35;"SP";3556354;"355635";"Vargem";"Não";"-";"Motociclistas";NA;NA;NA;NA;NA;NA;NA;NA;NA;NA;NA;NA;NA;1;NA;NA;NA;NA;NA;NA;NA;NA;NA;NA;NA
35;"SP";3556404;"355640";"Vargem Grande do Sul";"Não";"-";"Motociclistas";NA;NA;NA;NA;NA;NA;NA;NA;NA;NA;NA;1;NA;NA;NA;NA;NA;NA;NA;NA;NA;NA;NA;NA;NA
35;"SP";3556453;"355645";"Vargem Grande Paulista";"Não";"Região Metropolitana de São Paulo";"Motociclistas";NA;NA;NA;NA;NA;NA;NA;1;NA;NA;NA;NA;NA;NA;NA;NA;NA;1;NA;NA;NA;1;1;1;NA
35;"SP";3556503;"355650";"Várzea Paulista";"Não";"Região Metropolitana de Jundiaí";"Motociclistas";NA;NA;1;NA;NA;NA;NA;NA;NA;NA;NA;1;NA;2;2;NA;NA;NA;NA;1;NA;NA;1;NA;NA
35;"SP";3556602;"355660";"Vera Cruz";"Não";"-";"Motociclistas";NA;NA;NA;NA;NA;NA;NA;NA;NA;NA;NA;NA;NA;NA;NA;NA;NA;NA;NA;NA;NA;NA;NA;1;NA
35;"SP";3556701;"355670";"Vinhedo";"Não";"Região Metropolitana de Campinas";"Motociclistas";NA;NA;NA;NA;NA;NA;NA;NA;NA;NA;NA;NA;NA;NA;NA;1;NA;1;NA;NA;1;2;1;NA;NA
35;"SP";3556800;"355680";"Viradouro";"Não";"-";"Motociclistas";NA;NA;NA;NA;NA;NA;NA;NA;NA;NA;NA;1;NA;NA;NA;NA;NA;NA;1;1;NA;NA;NA;NA;NA
35;"SP";3556909;"355690";"Vista Alegre do Alto";"Não";"-";"Motociclistas";NA;NA;NA;NA;NA;NA;NA;NA;NA;NA;NA;NA;NA;NA;NA;NA;NA;NA;NA;NA;NA;1;NA;NA;NA
35;"SP";3556958;"355695";"Vitória Brasil";"Não";"-";"Motociclistas";NA;NA;NA;NA;NA;NA;NA;NA;NA;1;NA;1;NA;NA;NA;NA;NA;NA;NA;NA;NA;NA;NA;NA;NA
35;"SP";3557006;"355700";"Votorantim";"Não";"Região Metropolitana de Sorocaba";"Motociclistas";NA;NA;NA;NA;1;NA;NA;1;NA;NA;NA;NA;1;NA;NA;NA;NA;1;NA;NA;NA;NA;NA;NA;NA
35;"SP";3557105;"355710";"Votuporanga";"Não";"-";"Motociclistas";NA;NA;NA;NA;NA;NA;NA;NA;1;NA;NA;NA;NA;NA;2;1;NA;2;1;2;2;2;2;1;NA
35;"SP";3557154;"355715";"Zacarias";"Não";"Região Metropolitana de São José do Rio Preto";"Motociclistas";NA;NA;NA;NA;NA;NA;NA;NA;NA;NA;NA;NA;NA;NA;NA;NA;NA;NA;NA;NA;NA;NA;NA;NA;NA
35;"SP";3557204;"355720";"Chavantes";"Não";"-";"Motociclistas";NA;NA;NA;NA;NA;NA;NA;NA;NA;NA;NA;NA;NA;NA;NA;NA;NA;NA;NA;1;1;NA;NA;NA;NA
35;"SP";3557303;"355730";"Estiva Gerbi";"Não";"-";"Motociclistas";NA;NA;NA;NA;NA;NA;NA;NA;NA;NA;NA;NA;NA;NA;NA;NA;NA;NA;NA;NA;NA;NA;NA;NA;NA
41;"PR";4100103;"410010";"Abatiá";"Não";"-";"Motociclistas";NA;NA;NA;NA;NA;NA;NA;NA;NA;NA;NA;NA;NA;NA;NA;NA;NA;NA;NA;NA;NA;NA;NA;NA;NA
41;"PR";4100202;"410020";"Adrianópolis";"Não";"Região Metropolitana de Curitiba";"Motociclistas";NA;NA;NA;NA;NA;NA;NA;NA;NA;NA;NA;NA;NA;NA;NA;NA;NA;NA;NA;NA;NA;NA;NA;NA;NA
41;"PR";4100301;"410030";"Agudos do Sul";"Não";"Região Metropolitana de Curitiba";"Motociclistas";NA;NA;NA;NA;NA;NA;NA;NA;NA;NA;NA;NA;NA;NA;NA;NA;NA;NA;NA;NA;NA;1;NA;2;NA
41;"PR";4100400;"410040";"Almirante Tamandaré";"Não";"Região Metropolitana de Curitiba";"Motociclistas";NA;NA;NA;NA;NA;NA;NA;NA;NA;NA;NA;NA;NA;NA;NA;NA;NA;NA;1;NA;2;1;1;1;NA
41;"PR";4100459;"410045";"Altamira do Paraná";"Não";"Região Metropolitana de Campo Mourão";"Motociclistas";NA;NA;NA;NA;NA;NA;NA;NA;NA;NA;NA;NA;NA;NA;NA;NA;NA;NA;NA;NA;NA;1;NA;NA;NA
41;"PR";4100509;"410050";"Altônia";"Não";"Região Metropolitana de Umuarama";"Motociclistas";NA;NA;NA;NA;NA;NA;2;NA;NA;NA;2;NA;NA;2;NA;1;NA;1;NA;NA;1;2;NA;NA;NA
41;"PR";4100608;"410060";"Alto Paraná";"Não";"-";"Motociclistas";1;1;1;NA;NA;NA;NA;NA;NA;NA;NA;1;NA;NA;1;NA;NA;1;NA;NA;1;NA;1;NA;NA
41;"PR";4100707;"410070";"Alto Piquiri";"Não";"Região Metropolitana de Umuarama";"Motociclistas";NA;NA;NA;NA;NA;NA;NA;NA;NA;1;NA;NA;NA;NA;NA;NA;NA;NA;NA;NA;NA;1;NA;NA;NA
41;"PR";4100806;"410080";"Alvorada do Sul";"Não";"Região Metropolitana de Londrina";"Motociclistas";NA;NA;1;NA;NA;NA;NA;NA;NA;NA;NA;NA;NA;NA;NA;NA;NA;NA;NA;1;NA;NA;NA;NA;NA
41;"PR";4100905;"410090";"Amaporã";"Não";"-";"Motociclistas";NA;NA;NA;NA;NA;NA;NA;NA;NA;NA;NA;NA;NA;NA;1;1;NA;NA;1;1;NA;NA;NA;1;NA
41;"PR";4101002;"410100";"Ampére";"Não";"-";"Motociclistas";NA;NA;NA;NA;NA;NA;NA;NA;NA;NA;NA;NA;NA;NA;NA;NA;NA;NA;NA;1;NA;NA;1;1;NA
41;"PR";4101051;"410105";"Anahy";"Não";"Região Metropolitana de Cascavel";"Motociclistas";NA;NA;NA;NA;NA;NA;NA;NA;NA;NA;NA;NA;NA;NA;NA;NA;NA;NA;NA;NA;1;NA;NA;NA;NA
41;"PR";4101101;"410110";"Andirá";"Não";"-";"Motociclistas";NA;NA;NA;NA;NA;NA;1;NA;NA;1;NA;NA;NA;NA;NA;1;NA;NA;NA;NA;NA;NA;NA;NA;NA
41;"PR";4101200;"410120";"Antonina";"Não";"-";"Motociclistas";NA;NA;NA;NA;NA;NA;NA;NA;NA;NA;NA;NA;NA;NA;NA;NA;1;NA;NA;NA;NA;NA;NA;1;NA
41;"PR";4101309;"410130";"Antônio Olinto";"Não";"-";"Motociclistas";NA;NA;NA;NA;NA;NA;NA;NA;NA;NA;NA;NA;NA;NA;NA;NA;NA;NA;NA;NA;NA;NA;NA;NA;NA
41;"PR";4101408;"410140";"Apucarana";"Não";"Região Metropolitana de Apucarana";"Motociclistas";NA;3;1;2;2;1;4;2;3;1;NA;3;6;4;4;5;NA;NA;1;6;5;9;5;2;NA
41;"PR";4101507;"410150";"Arapongas";"Não";"Região Metropolitana de Londrina";"Motociclistas";3;NA;NA;1;1;2;2;4;1;1;NA;8;3;3;5;3;1;2;2;6;6;6;9;4;NA
41;"PR";4101606;"410160";"Arapoti";"Não";"-";"Motociclistas";NA;NA;1;NA;NA;NA;NA;NA;NA;NA;3;NA;1;1;NA;1;NA;NA;NA;NA;NA;NA;1;2;NA
41;"PR";4101655;"410165";"Arapuã";"Não";"Região Metropolitana de Apucarana";"Motociclistas";NA;NA;NA;NA;NA;NA;NA;NA;NA;NA;NA;NA;NA;NA;NA;NA;NA;NA;NA;NA;NA;NA;NA;NA;NA
41;"PR";4101705;"410170";"Araruna";"Não";"Região Metropolitana de Campo Mourão";"Motociclistas";NA;NA;NA;NA;NA;NA;NA;NA;NA;NA;NA;2;NA;NA;1;NA;NA;NA;1;NA;1;NA;NA;NA;NA
41;"PR";4101804;"410180";"Araucária";"Não";"Região Metropolitana de Curitiba";"Motociclistas";NA;NA;NA;NA;NA;NA;NA;NA;NA;NA;NA;NA;NA;NA;NA;NA;1;NA;1;1;NA;2;2;2;NA
41;"PR";4101853;"410185";"Ariranha do Ivaí";"Não";"Região Metropolitana de Apucarana";"Motociclistas";NA;NA;NA;NA;NA;NA;NA;NA;NA;NA;NA;NA;NA;NA;NA;NA;NA;1;NA;NA;NA;NA;NA;NA;NA
41;"PR";4101903;"410190";"Assaí";"Não";"Região Metropolitana de Londrina";"Motociclistas";NA;NA;NA;NA;NA;NA;2;NA;NA;NA;NA;NA;NA;NA;NA;NA;NA;1;NA;NA;2;NA;NA;NA;NA
41;"PR";4102000;"410200";"Assis Chateaubriand";"Não";"Região Metropolitana de Toledo";"Motociclistas";NA;NA;NA;1;NA;NA;NA;NA;NA;NA;1;NA;NA;NA;1;2;1;NA;NA;NA;1;NA;1;NA;NA
41;"PR";4102109;"410210";"Astorga";"Não";"Região Metropolitana de Maringá";"Motociclistas";NA;NA;NA;NA;NA;NA;NA;NA;NA;NA;NA;NA;NA;NA;NA;1;NA;NA;NA;NA;NA;NA;NA;1;NA
41;"PR";4102208;"410220";"Atalaia";"Não";"Região Metropolitana de Maringá";"Motociclistas";NA;NA;NA;NA;NA;NA;NA;NA;NA;NA;NA;NA;NA;NA;NA;NA;NA;NA;NA;NA;NA;NA;NA;NA;NA
41;"PR";4102307;"410230";"Balsa Nova";"Não";"Região Metropolitana de Curitiba";"Motociclistas";NA;NA;NA;NA;NA;1;NA;1;NA;1;NA;NA;NA;NA;NA;1;NA;NA;NA;NA;NA;NA;2;1;NA
41;"PR";4102406;"410240";"Bandeirantes";"Não";"-";"Motociclistas";NA;NA;NA;NA;1;NA;NA;3;NA;2;NA;NA;NA;1;NA;NA;NA;2;NA;NA;NA;3;NA;NA;NA
41;"PR";4102505;"410250";"Barbosa Ferraz";"Não";"Região Metropolitana de Campo Mourão";"Motociclistas";NA;NA;NA;NA;NA;NA;NA;1;NA;1;NA;NA;NA;NA;NA;NA;NA;1;NA;NA;NA;NA;NA;NA;NA
41;"PR";4102604;"410260";"Barracão";"Não";"-";"Motociclistas";NA;NA;NA;NA;NA;NA;NA;NA;NA;NA;NA;NA;NA;NA;1;NA;NA;NA;NA;NA;NA;NA;NA;NA;NA
41;"PR";4102752;"410275";"Bela Vista da Caroba";"Não";"-";"Motociclistas";NA;NA;NA;NA;NA;1;NA;NA;NA;NA;NA;NA;NA;NA;NA;NA;NA;NA;NA;NA;NA;NA;NA;NA;NA
41;"PR";4102802;"410280";"Bela Vista do Paraíso";"Não";"Região Metropolitana de Londrina";"Motociclistas";NA;NA;NA;NA;NA;NA;NA;NA;NA;NA;NA;NA;1;NA;NA;NA;NA;1;NA;NA;NA;NA;2;1;NA
41;"PR";4102901;"410290";"Bituruna";"Não";"-";"Motociclistas";NA;NA;NA;NA;NA;NA;NA;NA;NA;NA;NA;NA;NA;NA;NA;NA;NA;NA;NA;NA;NA;NA;NA;NA;NA
41;"PR";4103008;"410300";"Boa Esperança";"Não";"Região Metropolitana de Campo Mourão";"Motociclistas";NA;NA;NA;NA;NA;NA;NA;NA;NA;NA;NA;NA;1;NA;NA;NA;NA;NA;NA;NA;1;NA;NA;1;NA
41;"PR";4103024;"410302";"Boa Esperança do Iguaçu";"Não";"-";"Motociclistas";NA;NA;NA;NA;NA;NA;NA;NA;NA;NA;NA;NA;NA;NA;NA;NA;NA;NA;NA;1;NA;NA;NA;NA;NA
41;"PR";4103040;"410304";"Boa Ventura de São Roque";"Não";"-";"Motociclistas";NA;NA;NA;NA;NA;NA;NA;NA;NA;NA;NA;NA;NA;NA;NA;NA;NA;NA;NA;NA;NA;NA;NA;NA;NA
41;"PR";4103057;"410305";"Boa Vista da Aparecida";"Não";"Região Metropolitana de Cascavel";"Motociclistas";NA;NA;NA;NA;NA;NA;NA;NA;NA;NA;NA;NA;NA;NA;NA;NA;NA;NA;NA;NA;NA;2;NA;1;NA
41;"PR";4103107;"410310";"Bocaiúva do Sul";"Não";"Região Metropolitana de Curitiba";"Motociclistas";NA;NA;NA;NA;NA;NA;NA;NA;NA;NA;NA;1;NA;NA;NA;NA;1;NA;NA;NA;NA;NA;NA;1;NA
41;"PR";4103156;"410315";"Bom Jesus do Sul";"Não";"-";"Motociclistas";NA;NA;NA;NA;NA;NA;NA;NA;NA;NA;NA;NA;NA;NA;NA;NA;NA;NA;NA;NA;NA;NA;NA;NA;NA
41;"PR";4103206;"410320";"Bom Sucesso";"Não";"Região Metropolitana de Maringá";"Motociclistas";NA;NA;NA;NA;NA;NA;NA;2;NA;NA;NA;NA;NA;1;NA;NA;1;NA;NA;NA;NA;NA;NA;NA;NA
41;"PR";4103222;"410322";"Bom Sucesso do Sul";"Não";"-";"Motociclistas";NA;NA;NA;NA;NA;NA;NA;NA;1;NA;NA;NA;NA;NA;NA;NA;NA;NA;NA;NA;NA;NA;NA;NA;NA
41;"PR";4103305;"410330";"Borrazópolis";"Não";"Região Metropolitana de Apucarana";"Motociclistas";NA;NA;NA;NA;NA;NA;NA;NA;NA;1;NA;NA;NA;NA;NA;NA;NA;NA;NA;NA;NA;NA;NA;NA;NA
41;"PR";4103354;"410335";"Braganey";"Não";"Região Metropolitana de Cascavel";"Motociclistas";NA;NA;NA;NA;NA;NA;NA;NA;1;NA;NA;NA;NA;NA;NA;NA;NA;NA;NA;NA;NA;1;NA;NA;NA
41;"PR";4103370;"410337";"Brasilândia do Sul";"Não";"Região Metropolitana de Umuarama";"Motociclistas";NA;NA;NA;NA;NA;NA;NA;NA;NA;1;NA;NA;NA;NA;NA;NA;NA;NA;NA;NA;NA;NA;NA;2;NA
41;"PR";4103404;"410340";"Cafeara";"Não";"-";"Motociclistas";NA;NA;NA;NA;NA;NA;NA;NA;NA;NA;NA;NA;NA;1;NA;NA;NA;NA;NA;NA;NA;NA;NA;NA;NA
41;"PR";4103453;"410345";"Cafelândia";"Não";"Região Metropolitana de Cascavel";"Motociclistas";NA;NA;NA;NA;NA;NA;NA;NA;NA;NA;1;NA;NA;NA;NA;NA;NA;1;NA;NA;2;NA;NA;NA;NA
41;"PR";4103479;"410347";"Cafezal do Sul";"Não";"Região Metropolitana de Umuarama";"Motociclistas";NA;NA;NA;NA;NA;NA;NA;NA;NA;NA;1;1;NA;NA;NA;NA;NA;NA;NA;NA;NA;NA;NA;NA;NA
41;"PR";4103503;"410350";"Califórnia";"Não";"Região Metropolitana de Apucarana";"Motociclistas";NA;NA;NA;NA;NA;NA;NA;NA;NA;NA;NA;NA;NA;NA;1;NA;NA;NA;NA;NA;1;1;NA;NA;NA
41;"PR";4103602;"410360";"Cambará";"Não";"-";"Motociclistas";NA;NA;NA;NA;NA;NA;NA;NA;NA;NA;NA;NA;NA;NA;NA;NA;1;NA;NA;NA;NA;NA;NA;1;NA
41;"PR";4103701;"410370";"Cambé";"Não";"Região Metropolitana de Londrina";"Motociclistas";4;NA;NA;NA;NA;1;NA;2;1;NA;1;1;NA;NA;NA;NA;1;1;1;2;1;2;2;2;NA
41;"PR";4103800;"410380";"Cambira";"Não";"Região Metropolitana de Maringá";"Motociclistas";NA;NA;NA;NA;NA;NA;1;1;NA;NA;NA;NA;1;NA;NA;1;NA;1;1;NA;NA;NA;1;NA;NA
41;"PR";4103909;"410390";"Campina da Lagoa";"Não";"Região Metropolitana de Campo Mourão";"Motociclistas";NA;NA;NA;NA;NA;NA;NA;NA;NA;NA;NA;2;2;NA;NA;NA;1;NA;NA;NA;1;1;NA;NA;NA
41;"PR";4103958;"410395";"Campina do Simão";"Não";"-";"Motociclistas";NA;NA;NA;NA;NA;NA;NA;NA;NA;NA;NA;NA;NA;NA;NA;NA;NA;NA;NA;NA;NA;NA;NA;NA;NA
41;"PR";4104006;"410400";"Campina Grande do Sul";"Não";"Região Metropolitana de Curitiba";"Motociclistas";NA;NA;NA;NA;NA;NA;NA;NA;NA;NA;NA;NA;1;NA;NA;1;NA;NA;NA;NA;NA;1;2;2;NA
41;"PR";4104055;"410405";"Campo Bonito";"Não";"Região Metropolitana de Cascavel";"Motociclistas";NA;NA;NA;NA;NA;NA;NA;NA;NA;NA;NA;NA;NA;NA;NA;NA;NA;NA;NA;NA;NA;1;NA;NA;NA
41;"PR";4104105;"410410";"Campo do Tenente";"Não";"Região Metropolitana de Curitiba";"Motociclistas";NA;NA;NA;NA;NA;NA;NA;NA;NA;NA;NA;NA;NA;NA;1;NA;NA;NA;NA;NA;NA;NA;NA;NA;NA
41;"PR";4104204;"410420";"Campo Largo";"Não";"Região Metropolitana de Curitiba";"Motociclistas";NA;NA;NA;NA;NA;NA;NA;1;1;NA;NA;NA;NA;NA;1;NA;NA;2;NA;1;2;4;6;3;NA
41;"PR";4104253;"410425";"Campo Magro";"Não";"Região Metropolitana de Curitiba";"Motociclistas";NA;NA;NA;NA;NA;NA;NA;NA;NA;NA;NA;NA;NA;NA;NA;NA;NA;NA;NA;NA;NA;NA;NA;NA;NA
41;"PR";4104303;"410430";"Campo Mourão";"Não";"Região Metropolitana de Campo Mourão";"Motociclistas";NA;NA;1;1;NA;1;NA;3;NA;4;6;3;14;7;7;10;12;14;12;5;10;7;7;5;NA
41;"PR";4104402;"410440";"Cândido de Abreu";"Não";"-";"Motociclistas";NA;NA;NA;NA;NA;NA;NA;NA;NA;NA;NA;1;NA;1;NA;2;NA;NA;NA;NA;NA;NA;NA;NA;NA
41;"PR";4104428;"410442";"Candói";"Não";"-";"Motociclistas";NA;NA;NA;NA;NA;NA;1;NA;NA;NA;NA;NA;NA;1;NA;NA;NA;NA;NA;NA;NA;NA;1;NA;NA
41;"PR";4104451;"410445";"Cantagalo";"Não";"-";"Motociclistas";NA;NA;NA;NA;NA;NA;NA;NA;NA;NA;NA;NA;NA;NA;NA;NA;NA;NA;1;NA;1;NA;NA;1;NA
41;"PR";4104501;"410450";"Capanema";"Não";"-";"Motociclistas";NA;NA;NA;NA;NA;NA;NA;NA;2;NA;NA;NA;NA;NA;NA;NA;NA;NA;NA;NA;NA;NA;1;NA;NA
41;"PR";4104600;"410460";"Capitão Leônidas Marques";"Não";"Região Metropolitana de Cascavel";"Motociclistas";NA;NA;NA;NA;NA;NA;NA;NA;NA;NA;NA;1;NA;1;NA;1;NA;NA;1;NA;NA;NA;NA;1;NA
41;"PR";4104659;"410465";"Carambeí";"Não";"-";"Motociclistas";NA;NA;NA;NA;NA;NA;NA;NA;NA;NA;NA;NA;NA;NA;NA;NA;NA;NA;NA;NA;NA;NA;NA;NA;NA
41;"PR";4104709;"410470";"Carlópolis";"Não";"-";"Motociclistas";NA;NA;NA;NA;1;NA;NA;NA;NA;NA;NA;NA;NA;NA;NA;NA;NA;NA;1;NA;1;1;NA;1;NA
41;"PR";4104808;"410480";"Cascavel";"Não";"Região Metropolitana de Cascavel";"Motociclistas";1;NA;NA;NA;1;NA;NA;2;1;1;1;2;7;6;1;3;1;1;2;3;10;10;6;5;NA
41;"PR";4104907;"410490";"Castro";"Não";"-";"Motociclistas";NA;NA;NA;NA;NA;NA;NA;NA;NA;1;1;NA;1;NA;NA;NA;NA;NA;NA;NA;NA;NA;NA;NA;NA
41;"PR";4105003;"410500";"Catanduvas";"Não";"Região Metropolitana de Cascavel";"Motociclistas";NA;NA;NA;NA;NA;NA;NA;NA;NA;NA;NA;NA;NA;NA;NA;NA;NA;NA;1;NA;NA;NA;NA;NA;NA
41;"PR";4105102;"410510";"Centenário do Sul";"Não";"Região Metropolitana de Londrina";"Motociclistas";NA;NA;NA;NA;NA;NA;NA;NA;1;NA;NA;NA;NA;NA;NA;NA;NA;NA;NA;NA;NA;NA;NA;2;NA
41;"PR";4105201;"410520";"Cerro Azul";"Não";"Região Metropolitana de Curitiba";"Motociclistas";NA;NA;NA;NA;NA;NA;NA;NA;NA;NA;NA;NA;NA;NA;NA;NA;NA;NA;NA;NA;NA;NA;NA;NA;NA
41;"PR";4105300;"410530";"Céu Azul";"Não";"Região Metropolitana de Cascavel";"Motociclistas";NA;NA;NA;NA;NA;NA;NA;NA;NA;NA;NA;NA;1;NA;NA;NA;NA;NA;NA;NA;NA;NA;2;NA;NA
41;"PR";4105409;"410540";"Chopinzinho";"Não";"-";"Motociclistas";NA;NA;NA;NA;NA;NA;NA;NA;NA;NA;NA;NA;NA;NA;NA;NA;NA;NA;NA;NA;NA;1;1;NA;NA
41;"PR";4105508;"410550";"Cianorte";"Não";"-";"Motociclistas";NA;NA;NA;NA;1;1;1;3;NA;2;4;3;6;5;6;7;6;3;2;4;2;8;NA;2;NA
41;"PR";4105607;"410560";"Cidade Gaúcha";"Não";"Região Metropolitana de Umuarama";"Motociclistas";NA;NA;NA;1;NA;1;1;NA;NA;NA;NA;NA;NA;NA;NA;1;NA;NA;NA;NA;NA;1;2;NA;NA
41;"PR";4105706;"410570";"Clevelândia";"Não";"-";"Motociclistas";NA;NA;NA;NA;NA;NA;NA;NA;NA;NA;NA;NA;NA;NA;NA;NA;NA;NA;NA;2;NA;NA;NA;NA;NA
41;"PR";4105805;"410580";"Colombo";"Não";"Região Metropolitana de Curitiba";"Motociclistas";NA;NA;NA;NA;NA;NA;NA;NA;NA;NA;NA;NA;1;1;NA;NA;NA;NA;1;1;NA;NA;2;NA;NA
41;"PR";4105904;"410590";"Colorado";"Não";"-";"Motociclistas";NA;NA;1;NA;NA;NA;NA;1;NA;NA;NA;NA;NA;1;NA;NA;NA;NA;NA;NA;1;NA;NA;2;NA
41;"PR";4106001;"410600";"Congonhinhas";"Não";"-";"Motociclistas";NA;NA;NA;NA;NA;NA;NA;NA;NA;NA;NA;NA;NA;NA;NA;NA;NA;NA;NA;NA;NA;NA;1;NA;NA
41;"PR";4106100;"410610";"Conselheiro Mairinck";"Não";"-";"Motociclistas";NA;NA;NA;NA;NA;NA;NA;NA;NA;NA;NA;NA;NA;NA;NA;NA;NA;NA;NA;NA;NA;NA;NA;NA;NA
41;"PR";4106209;"410620";"Contenda";"Não";"Região Metropolitana de Curitiba";"Motociclistas";NA;NA;NA;NA;NA;NA;NA;NA;NA;NA;NA;NA;NA;NA;NA;NA;NA;NA;NA;NA;NA;NA;NA;NA;NA
41;"PR";4106308;"410630";"Corbélia";"Não";"Região Metropolitana de Cascavel";"Motociclistas";NA;NA;NA;NA;1;NA;NA;NA;NA;NA;NA;NA;NA;NA;NA;NA;1;1;NA;NA;NA;1;NA;1;NA
41;"PR";4106407;"410640";"Cornélio Procópio";"Não";"-";"Motociclistas";NA;NA;NA;NA;NA;NA;1;2;4;1;4;4;3;NA;NA;1;1;NA;1;NA;2;NA;2;NA;NA
41;"PR";4106456;"410645";"Coronel Domingos Soares";"Não";"-";"Motociclistas";NA;NA;NA;NA;NA;NA;NA;NA;NA;NA;NA;NA;NA;NA;NA;NA;NA;NA;NA;NA;NA;NA;NA;NA;NA
41;"PR";4106506;"410650";"Coronel Vivida";"Não";"-";"Motociclistas";NA;NA;NA;NA;NA;NA;NA;NA;NA;NA;NA;NA;NA;NA;NA;NA;NA;NA;NA;NA;NA;NA;NA;NA;NA
41;"PR";4106555;"410655";"Corumbataí do Sul";"Não";"Região Metropolitana de Campo Mourão";"Motociclistas";NA;NA;NA;NA;NA;NA;NA;NA;NA;NA;NA;NA;NA;NA;1;NA;NA;NA;NA;NA;NA;NA;NA;NA;NA
41;"PR";4106571;"410657";"Cruzeiro do Iguaçu";"Não";"-";"Motociclistas";NA;NA;NA;NA;NA;NA;NA;NA;NA;NA;NA;NA;NA;NA;NA;NA;NA;NA;NA;NA;NA;NA;NA;NA;NA
41;"PR";4106605;"410660";"Cruzeiro do Oeste";"Não";"Região Metropolitana de Umuarama";"Motociclistas";NA;NA;NA;NA;NA;NA;NA;NA;NA;NA;NA;NA;NA;NA;NA;2;2;NA;2;2;NA;NA;1;NA;NA
41;"PR";4106704;"410670";"Cruzeiro do Sul";"Não";"-";"Motociclistas";NA;NA;1;NA;NA;NA;NA;NA;NA;NA;NA;NA;1;1;NA;NA;NA;1;NA;1;NA;NA;NA;NA;NA
41;"PR";4106803;"410680";"Cruz Machado";"Não";"-";"Motociclistas";NA;NA;NA;NA;NA;NA;NA;NA;NA;NA;NA;NA;NA;NA;NA;NA;NA;NA;NA;NA;1;NA;NA;NA;NA
41;"PR";4106852;"410685";"Cruzmaltina";"Não";"Região Metropolitana de Apucarana";"Motociclistas";NA;NA;NA;NA;NA;NA;NA;NA;NA;NA;NA;NA;NA;NA;NA;NA;NA;NA;NA;NA;1;NA;NA;NA;NA
41;"PR";4106902;"410690";"Curitiba";"Sim";"Região Metropolitana de Curitiba";"Motociclistas";NA;1;NA;3;1;12;4;9;12;4;5;8;6;1;3;6;3;9;6;10;12;38;19;27;NA
41;"PR";4107009;"410700";"Curiúva";"Não";"-";"Motociclistas";NA;NA;NA;NA;NA;NA;NA;NA;NA;NA;NA;1;NA;NA;NA;1;NA;NA;1;NA;1;NA;NA;NA;NA
41;"PR";4107108;"410710";"Diamante do Norte";"Não";"-";"Motociclistas";NA;NA;NA;NA;NA;NA;NA;NA;NA;NA;NA;NA;1;1;NA;NA;NA;NA;NA;NA;NA;NA;NA;NA;NA
41;"PR";4107124;"410712";"Diamante do Sul";"Não";"Região Metropolitana de Cascavel";"Motociclistas";NA;NA;NA;NA;NA;NA;NA;NA;1;1;NA;NA;NA;NA;NA;NA;NA;NA;NA;NA;NA;NA;NA;NA;NA
41;"PR";4107157;"410715";"Diamante D'Oeste";"Não";"Região Metropolitana de Toledo";"Motociclistas";NA;NA;NA;NA;NA;NA;NA;NA;NA;NA;NA;NA;NA;NA;NA;NA;NA;NA;NA;NA;NA;NA;NA;1;NA
41;"PR";4107207;"410720";"Dois Vizinhos";"Não";"-";"Motociclistas";NA;NA;NA;NA;NA;NA;NA;NA;NA;NA;NA;NA;NA;NA;NA;NA;NA;NA;NA;2;NA;NA;1;NA;NA
41;"PR";4107256;"410725";"Douradina";"Não";"Região Metropolitana de Umuarama";"Motociclistas";NA;NA;NA;NA;NA;NA;NA;NA;NA;NA;1;NA;NA;NA;NA;NA;NA;NA;NA;2;NA;NA;NA;1;NA
41;"PR";4107306;"410730";"Doutor Camargo";"Não";"Região Metropolitana de Maringá";"Motociclistas";NA;NA;NA;NA;NA;NA;NA;NA;NA;NA;NA;NA;NA;NA;NA;NA;NA;NA;NA;NA;NA;NA;NA;NA;NA
41;"PR";4107405;"410740";"Enéas Marques";"Não";"-";"Motociclistas";NA;NA;NA;NA;NA;NA;NA;NA;NA;NA;NA;NA;NA;NA;NA;NA;NA;NA;NA;NA;NA;NA;NA;NA;NA
41;"PR";4107504;"410750";"Engenheiro Beltrão";"Não";"Região Metropolitana de Campo Mourão";"Motociclistas";NA;NA;NA;NA;NA;NA;NA;NA;NA;NA;NA;NA;2;NA;2;1;NA;2;NA;1;1;NA;NA;NA;NA
41;"PR";4107520;"410752";"Esperança Nova";"Não";"Região Metropolitana de Umuarama";"Motociclistas";NA;NA;NA;NA;NA;NA;NA;NA;NA;NA;NA;NA;NA;1;1;NA;NA;NA;NA;NA;NA;NA;NA;NA;NA
41;"PR";4107538;"410753";"Entre Rios do Oeste";"Não";"Região Metropolitana de Toledo";"Motociclistas";NA;NA;NA;NA;NA;NA;NA;NA;NA;NA;NA;NA;NA;NA;NA;NA;NA;NA;NA;NA;NA;NA;NA;NA;NA
41;"PR";4107546;"410754";"Espigão Alto do Iguaçu";"Não";"-";"Motociclistas";NA;NA;NA;NA;NA;NA;NA;NA;NA;NA;NA;NA;NA;NA;NA;NA;NA;NA;NA;NA;NA;NA;NA;NA;NA
41;"PR";4107553;"410755";"Farol";"Não";"Região Metropolitana de Campo Mourão";"Motociclistas";NA;NA;NA;NA;NA;NA;NA;NA;NA;NA;NA;NA;NA;NA;NA;NA;NA;NA;NA;NA;NA;NA;NA;NA;NA
41;"PR";4107603;"410760";"Faxinal";"Não";"Região Metropolitana de Apucarana";"Motociclistas";NA;NA;NA;NA;NA;NA;NA;NA;NA;NA;1;NA;2;1;NA;NA;2;NA;1;1;NA;NA;1;NA;NA
41;"PR";4107652;"410765";"Fazenda Rio Grande";"Não";"Região Metropolitana de Curitiba";"Motociclistas";NA;NA;NA;NA;NA;NA;NA;NA;NA;NA;NA;NA;NA;NA;NA;NA;NA;NA;NA;NA;NA;1;1;1;NA
41;"PR";4107702;"410770";"Fênix";"Não";"Região Metropolitana de Campo Mourão";"Motociclistas";NA;NA;NA;NA;NA;NA;NA;NA;NA;NA;NA;NA;NA;2;1;NA;NA;NA;NA;1;1;NA;NA;NA;NA
41;"PR";4107736;"410773";"Fernandes Pinheiro";"Não";"-";"Motociclistas";NA;NA;NA;NA;NA;NA;NA;NA;NA;NA;NA;NA;NA;NA;NA;NA;NA;NA;NA;NA;NA;NA;NA;1;NA
41;"PR";4107751;"410775";"Figueira";"Não";"-";"Motociclistas";NA;NA;NA;NA;NA;NA;NA;NA;NA;NA;NA;NA;NA;NA;NA;NA;NA;NA;NA;NA;NA;NA;NA;NA;NA
41;"PR";4107801;"410780";"Floraí";"Não";"Região Metropolitana de Maringá";"Motociclistas";NA;NA;NA;NA;NA;NA;NA;NA;NA;NA;NA;NA;NA;NA;NA;NA;NA;NA;NA;NA;NA;NA;NA;NA;NA
41;"PR";4107850;"410785";"Flor da Serra do Sul";"Não";"-";"Motociclistas";NA;NA;NA;NA;NA;NA;NA;NA;NA;NA;NA;NA;NA;NA;NA;NA;NA;NA;NA;NA;NA;NA;NA;NA;NA
41;"PR";4107900;"410790";"Floresta";"Não";"Região Metropolitana de Maringá";"Motociclistas";NA;NA;NA;NA;NA;NA;NA;1;NA;NA;NA;NA;NA;1;NA;1;NA;NA;NA;NA;NA;NA;NA;NA;NA
41;"PR";4108007;"410800";"Florestópolis";"Não";"Região Metropolitana de Londrina";"Motociclistas";NA;NA;NA;NA;NA;NA;NA;NA;NA;NA;NA;NA;NA;NA;NA;NA;NA;NA;NA;NA;NA;NA;NA;NA;NA
41;"PR";4108106;"410810";"Flórida";"Não";"Região Metropolitana de Maringá";"Motociclistas";1;NA;NA;NA;NA;NA;NA;NA;NA;NA;NA;NA;NA;NA;1;NA;NA;NA;NA;NA;NA;1;NA;1;NA
41;"PR";4108205;"410820";"Formosa do Oeste";"Não";"Região Metropolitana de Cascavel";"Motociclistas";NA;NA;NA;NA;NA;NA;NA;NA;NA;NA;NA;NA;NA;NA;1;NA;NA;2;NA;1;NA;1;NA;NA;NA
41;"PR";4108304;"410830";"Foz do Iguaçu";"Não";"-";"Motociclistas";NA;1;NA;NA;2;3;NA;NA;4;5;4;6;11;5;3;3;1;3;6;7;4;2;3;3;NA
41;"PR";4108320;"410832";"Francisco Alves";"Não";"Região Metropolitana de Umuarama";"Motociclistas";NA;NA;NA;NA;NA;NA;1;NA;NA;NA;NA;NA;NA;NA;NA;NA;NA;NA;NA;NA;NA;NA;1;NA;NA
41;"PR";4108403;"410840";"Francisco Beltrão";"Não";"-";"Motociclistas";NA;NA;1;NA;NA;NA;NA;2;2;1;1;NA;2;1;NA;NA;NA;NA;5;2;NA;1;2;2;NA
41;"PR";4108452;"410845";"Foz do Jordão";"Não";"-";"Motociclistas";NA;NA;NA;NA;NA;NA;NA;NA;NA;NA;NA;NA;NA;NA;NA;NA;NA;NA;NA;NA;NA;NA;NA;NA;NA
41;"PR";4108502;"410850";"General Carneiro";"Não";"-";"Motociclistas";NA;NA;NA;NA;NA;NA;NA;NA;1;NA;NA;1;NA;NA;NA;NA;NA;NA;NA;NA;NA;NA;NA;NA;NA
41;"PR";4108551;"410855";"Godoy Moreira";"Não";"Região Metropolitana de Apucarana";"Motociclistas";NA;NA;1;NA;NA;NA;NA;NA;NA;NA;1;NA;NA;NA;NA;NA;NA;NA;NA;1;NA;NA;NA;NA;NA
41;"PR";4108601;"410860";"Goioerê";"Não";"Região Metropolitana de Campo Mourão";"Motociclistas";NA;NA;NA;NA;NA;NA;NA;NA;NA;NA;1;NA;1;2;NA;1;NA;NA;NA;1;NA;NA;NA;2;NA
41;"PR";4108650;"410865";"Goioxim";"Não";"-";"Motociclistas";NA;NA;NA;NA;NA;NA;NA;NA;NA;NA;NA;NA;NA;NA;NA;NA;NA;NA;NA;1;NA;NA;NA;NA;NA
41;"PR";4108700;"410870";"Grandes Rios";"Não";"Região Metropolitana de Apucarana";"Motociclistas";NA;NA;NA;1;NA;NA;NA;NA;NA;NA;NA;NA;NA;1;NA;NA;NA;NA;NA;NA;NA;NA;1;NA;NA
41;"PR";4108809;"410880";"Guaíra";"Não";"Região Metropolitana de Toledo";"Motociclistas";NA;NA;NA;NA;NA;NA;NA;1;NA;NA;NA;NA;1;1;NA;NA;NA;1;NA;NA;NA;2;1;1;NA
41;"PR";4108908;"410890";"Guairaçá";"Não";"-";"Motociclistas";NA;NA;NA;NA;NA;NA;NA;1;NA;NA;NA;NA;1;NA;NA;1;NA;1;NA;1;NA;NA;NA;NA;NA
41;"PR";4108957;"410895";"Guamiranga";"Não";"-";"Motociclistas";NA;NA;NA;NA;NA;NA;NA;NA;NA;NA;NA;NA;NA;NA;NA;NA;NA;NA;NA;NA;NA;1;NA;NA;NA
41;"PR";4109005;"410900";"Guapirama";"Não";"-";"Motociclistas";NA;NA;NA;NA;NA;NA;NA;NA;NA;NA;NA;NA;NA;NA;NA;NA;NA;NA;NA;NA;NA;NA;NA;NA;NA
41;"PR";4109203;"410920";"Guaraci";"Não";"Região Metropolitana de Londrina";"Motociclistas";NA;NA;NA;NA;NA;NA;NA;NA;NA;NA;NA;NA;NA;NA;NA;NA;NA;NA;NA;NA;NA;NA;NA;NA;NA
41;"PR";4109302;"410930";"Guaraniaçu";"Não";"Região Metropolitana de Cascavel";"Motociclistas";NA;NA;NA;NA;NA;NA;NA;NA;NA;NA;NA;NA;NA;NA;NA;NA;NA;NA;NA;NA;NA;NA;NA;1;NA
41;"PR";4109401;"410940";"Guarapuava";"Não";"-";"Motociclistas";NA;NA;NA;NA;NA;1;NA;NA;NA;2;1;1;1;1;1;NA;1;NA;2;2;2;2;2;4;NA
41;"PR";4109500;"410950";"Guaraqueçaba";"Não";"-";"Motociclistas";NA;NA;NA;NA;NA;NA;NA;NA;NA;NA;1;NA;NA;NA;NA;NA;NA;NA;NA;NA;NA;NA;NA;NA;NA
41;"PR";4109609;"410960";"Guaratuba";"Não";"-";"Motociclistas";NA;NA;NA;NA;NA;NA;NA;NA;NA;NA;NA;NA;NA;NA;NA;NA;NA;NA;NA;1;1;1;NA;NA;NA
41;"PR";4109658;"410965";"Honório Serpa";"Não";"-";"Motociclistas";NA;NA;NA;NA;NA;NA;NA;NA;NA;NA;NA;NA;NA;NA;NA;NA;NA;NA;NA;NA;NA;NA;NA;NA;NA
41;"PR";4109708;"410970";"Ibaiti";"Não";"-";"Motociclistas";NA;NA;NA;NA;NA;NA;NA;NA;NA;NA;NA;NA;NA;NA;NA;NA;NA;NA;NA;2;NA;NA;1;NA;NA
41;"PR";4109757;"410975";"Ibema";"Não";"Região Metropolitana de Cascavel";"Motociclistas";NA;NA;NA;NA;NA;NA;NA;NA;NA;NA;NA;NA;NA;NA;NA;NA;NA;NA;NA;NA;NA;NA;1;NA;NA
41;"PR";4109807;"410980";"Ibiporã";"Não";"Região Metropolitana de Londrina";"Motociclistas";NA;NA;NA;NA;NA;NA;NA;NA;1;1;NA;1;NA;NA;1;NA;2;NA;2;1;2;NA;NA;1;NA
41;"PR";4109906;"410990";"Icaraíma";"Não";"Região Metropolitana de Umuarama";"Motociclistas";NA;NA;NA;NA;NA;NA;NA;NA;NA;NA;1;NA;NA;NA;NA;1;NA;NA;1;NA;NA;1;NA;NA;NA
41;"PR";4110003;"411000";"Iguaraçu";"Não";"Região Metropolitana de Maringá";"Motociclistas";NA;NA;NA;NA;NA;NA;NA;1;NA;NA;NA;NA;NA;NA;1;1;NA;NA;NA;NA;NA;NA;NA;NA;NA
41;"PR";4110052;"411005";"Iguatu";"Não";"Região Metropolitana de Cascavel";"Motociclistas";NA;NA;NA;NA;NA;NA;NA;NA;NA;NA;NA;NA;NA;NA;NA;NA;NA;NA;NA;NA;NA;NA;NA;NA;NA
41;"PR";4110078;"411007";"Imbaú";"Não";"-";"Motociclistas";NA;NA;NA;NA;NA;NA;NA;NA;NA;NA;NA;NA;NA;NA;NA;NA;NA;NA;NA;NA;NA;NA;NA;NA;NA
41;"PR";4110102;"411010";"Imbituva";"Não";"-";"Motociclistas";NA;NA;NA;NA;NA;NA;NA;NA;NA;NA;NA;1;NA;NA;NA;NA;NA;NA;NA;NA;1;NA;1;NA;NA
41;"PR";4110201;"411020";"Inácio Martins";"Não";"-";"Motociclistas";NA;NA;NA;NA;NA;NA;NA;NA;NA;NA;NA;NA;NA;NA;NA;NA;NA;NA;NA;NA;NA;NA;NA;NA;NA
41;"PR";4110300;"411030";"Inajá";"Não";"-";"Motociclistas";NA;NA;NA;NA;NA;NA;NA;NA;NA;NA;NA;NA;NA;NA;NA;NA;NA;NA;NA;NA;NA;NA;NA;NA;NA
41;"PR";4110409;"411040";"Indianópolis";"Não";"-";"Motociclistas";NA;NA;NA;NA;NA;NA;NA;NA;NA;NA;NA;NA;NA;NA;NA;NA;NA;NA;NA;NA;NA;NA;NA;NA;NA
41;"PR";4110508;"411050";"Ipiranga";"Não";"-";"Motociclistas";NA;NA;NA;1;NA;NA;NA;NA;NA;NA;NA;NA;NA;NA;NA;NA;NA;NA;NA;NA;NA;NA;1;NA;NA
41;"PR";4110607;"411060";"Iporã";"Não";"Região Metropolitana de Umuarama";"Motociclistas";NA;NA;NA;NA;NA;NA;NA;NA;NA;NA;NA;1;NA;2;NA;NA;NA;NA;NA;NA;NA;NA;4;3;NA
41;"PR";4110656;"411065";"Iracema do Oeste";"Não";"Região Metropolitana de Cascavel";"Motociclistas";NA;NA;NA;NA;NA;NA;NA;NA;NA;NA;NA;NA;NA;NA;NA;NA;NA;NA;NA;NA;NA;2;NA;NA;NA
41;"PR";4110706;"411070";"Irati";"Não";"-";"Motociclistas";NA;NA;NA;NA;NA;NA;NA;NA;NA;NA;NA;NA;NA;NA;NA;NA;NA;NA;NA;NA;NA;1;NA;NA;NA
41;"PR";4110805;"411080";"Iretama";"Não";"Região Metropolitana de Campo Mourão";"Motociclistas";NA;NA;NA;NA;NA;NA;NA;NA;NA;NA;NA;NA;1;NA;1;NA;1;1;1;NA;NA;1;NA;1;NA
41;"PR";4110904;"411090";"Itaguajé";"Não";"-";"Motociclistas";NA;NA;NA;NA;NA;NA;NA;NA;1;NA;NA;NA;NA;1;NA;NA;1;NA;1;NA;NA;NA;1;NA;NA
41;"PR";4110953;"411095";"Itaipulândia";"Não";"-";"Motociclistas";NA;NA;NA;NA;NA;NA;NA;NA;NA;NA;NA;NA;NA;NA;NA;NA;1;NA;NA;NA;1;NA;NA;NA;NA
41;"PR";4111001;"411100";"Itambaracá";"Não";"-";"Motociclistas";NA;NA;NA;NA;NA;NA;NA;NA;NA;NA;NA;NA;NA;NA;NA;NA;NA;NA;NA;NA;NA;NA;NA;NA;NA
41;"PR";4111100;"411110";"Itambé";"Não";"Região Metropolitana de Maringá";"Motociclistas";NA;NA;NA;NA;NA;NA;NA;NA;NA;NA;NA;NA;NA;NA;NA;NA;NA;NA;NA;NA;NA;NA;NA;NA;NA
41;"PR";4111209;"411120";"Itapejara d'Oeste";"Não";"-";"Motociclistas";NA;NA;NA;NA;NA;NA;NA;NA;NA;NA;NA;1;NA;NA;NA;NA;NA;NA;NA;NA;NA;NA;NA;NA;NA
41;"PR";4111258;"411125";"Itaperuçu";"Não";"Região Metropolitana de Curitiba";"Motociclistas";NA;NA;NA;NA;NA;NA;NA;NA;NA;NA;NA;NA;NA;NA;NA;NA;NA;NA;NA;NA;NA;NA;1;NA;NA
41;"PR";4111308;"411130";"Itaúna do Sul";"Não";"-";"Motociclistas";NA;NA;NA;1;NA;NA;1;1;NA;1;NA;1;NA;NA;1;NA;NA;NA;NA;NA;NA;NA;NA;1;NA
41;"PR";4111407;"411140";"Ivaí";"Não";"-";"Motociclistas";NA;NA;NA;1;NA;NA;NA;NA;NA;NA;NA;NA;NA;NA;NA;NA;NA;NA;NA;1;NA;NA;1;NA;NA
41;"PR";4111506;"411150";"Ivaiporã";"Não";"Região Metropolitana de Apucarana";"Motociclistas";NA;NA;NA;NA;NA;NA;NA;1;1;2;1;3;3;3;1;1;3;1;NA;NA;NA;4;1;NA;NA
41;"PR";4111555;"411155";"Ivaté";"Não";"Região Metropolitana de Umuarama";"Motociclistas";NA;NA;NA;NA;NA;NA;NA;NA;NA;1;1;NA;NA;NA;NA;NA;NA;NA;NA;2;NA;NA;NA;NA;NA
41;"PR";4111605;"411160";"Ivatuba";"Não";"Região Metropolitana de Maringá";"Motociclistas";NA;NA;NA;NA;NA;NA;NA;NA;NA;NA;NA;NA;NA;NA;NA;NA;NA;NA;NA;NA;NA;NA;NA;NA;NA
41;"PR";4111704;"411170";"Jaboti";"Não";"-";"Motociclistas";NA;NA;NA;NA;NA;NA;NA;NA;NA;NA;NA;NA;NA;NA;NA;NA;NA;NA;NA;NA;NA;NA;NA;1;NA
41;"PR";4111803;"411180";"Jacarezinho";"Não";"-";"Motociclistas";NA;NA;NA;NA;NA;NA;NA;3;1;3;2;1;NA;2;1;1;1;NA;3;2;2;3;1;1;NA
41;"PR";4111902;"411190";"Jaguapitã";"Não";"Região Metropolitana de Londrina";"Motociclistas";NA;NA;1;NA;NA;NA;NA;NA;NA;NA;NA;NA;NA;NA;NA;NA;NA;1;NA;NA;1;NA;NA;NA;NA
41;"PR";4112009;"411200";"Jaguariaíva";"Não";"-";"Motociclistas";NA;NA;NA;1;NA;NA;NA;NA;NA;NA;NA;1;NA;1;NA;NA;NA;NA;NA;2;NA;1;1;1;NA
41;"PR";4112108;"411210";"Jandaia do Sul";"Não";"Região Metropolitana de Maringá";"Motociclistas";NA;NA;NA;NA;NA;NA;NA;NA;NA;NA;NA;NA;NA;NA;1;1;2;NA;NA;NA;NA;NA;NA;1;NA
41;"PR";4112207;"411220";"Janiópolis";"Não";"Região Metropolitana de Campo Mourão";"Motociclistas";NA;NA;NA;NA;NA;NA;NA;NA;NA;NA;NA;NA;1;NA;NA;NA;1;NA;NA;1;NA;1;NA;1;NA
41;"PR";4112306;"411230";"Japira";"Não";"-";"Motociclistas";NA;NA;NA;NA;NA;NA;NA;NA;NA;NA;NA;NA;NA;NA;NA;NA;NA;NA;NA;NA;NA;NA;NA;NA;NA
41;"PR";4112405;"411240";"Japurá";"Não";"-";"Motociclistas";NA;NA;NA;1;NA;NA;NA;NA;NA;NA;NA;NA;NA;NA;NA;NA;NA;2;NA;NA;NA;NA;NA;NA;NA
41;"PR";4112504;"411250";"Jardim Alegre";"Não";"Região Metropolitana de Apucarana";"Motociclistas";NA;NA;NA;NA;1;NA;NA;NA;NA;NA;NA;NA;NA;1;NA;1;NA;NA;NA;1;1;1;NA;1;NA
41;"PR";4112603;"411260";"Jardim Olinda";"Não";"-";"Motociclistas";NA;NA;NA;NA;NA;NA;NA;NA;NA;NA;NA;NA;NA;NA;NA;NA;NA;NA;NA;NA;NA;NA;1;NA;NA
41;"PR";4112702;"411270";"Jataizinho";"Não";"Região Metropolitana de Londrina";"Motociclistas";NA;NA;NA;NA;NA;NA;NA;NA;NA;1;NA;NA;NA;NA;NA;NA;NA;NA;NA;NA;NA;NA;1;NA;NA
41;"PR";4112751;"411275";"Jesuítas";"Não";"Região Metropolitana de Cascavel";"Motociclistas";NA;NA;NA;NA;NA;NA;NA;NA;NA;NA;NA;1;NA;1;NA;1;NA;NA;NA;2;NA;NA;NA;NA;NA
41;"PR";4112801;"411280";"Joaquim Távora";"Não";"-";"Motociclistas";NA;NA;NA;NA;NA;NA;NA;NA;NA;NA;NA;NA;NA;NA;1;NA;NA;NA;NA;2;NA;NA;1;NA;NA
41;"PR";4112900;"411290";"Jundiaí do Sul";"Não";"-";"Motociclistas";NA;NA;NA;NA;NA;NA;NA;1;NA;NA;NA;NA;NA;NA;NA;NA;NA;NA;NA;NA;1;NA;NA;NA;NA
41;"PR";4112959;"411295";"Juranda";"Não";"Região Metropolitana de Campo Mourão";"Motociclistas";NA;NA;1;NA;NA;NA;NA;NA;NA;NA;NA;NA;NA;NA;NA;2;NA;NA;NA;NA;NA;2;NA;1;NA
41;"PR";4113007;"411300";"Jussara";"Não";"-";"Motociclistas";NA;NA;NA;NA;NA;NA;NA;NA;NA;NA;NA;NA;NA;NA;NA;NA;NA;NA;NA;1;NA;NA;NA;NA;NA
41;"PR";4113106;"411310";"Kaloré";"Não";"Região Metropolitana de Apucarana";"Motociclistas";NA;NA;NA;NA;NA;NA;NA;NA;NA;NA;1;NA;NA;1;NA;NA;NA;NA;NA;NA;NA;NA;NA;NA;NA
41;"PR";4113205;"411320";"Lapa";"Não";"Região Metropolitana de Curitiba";"Motociclistas";NA;NA;NA;NA;NA;NA;NA;NA;NA;NA;NA;NA;NA;NA;NA;NA;NA;NA;1;1;NA;NA;NA;NA;NA
41;"PR";4113254;"411325";"Laranjal";"Não";"-";"Motociclistas";NA;NA;NA;NA;NA;NA;NA;NA;NA;NA;NA;NA;NA;NA;NA;NA;NA;NA;NA;NA;NA;NA;NA;NA;NA
41;"PR";4113304;"411330";"Laranjeiras do Sul";"Não";"-";"Motociclistas";NA;NA;NA;NA;NA;NA;NA;NA;NA;NA;NA;NA;NA;NA;NA;NA;NA;NA;NA;NA;NA;1;1;NA;NA
41;"PR";4113403;"411340";"Leópolis";"Não";"-";"Motociclistas";NA;NA;NA;NA;2;NA;NA;NA;NA;NA;NA;NA;NA;NA;NA;NA;NA;NA;NA;NA;NA;NA;NA;NA;NA
41;"PR";4113429;"411342";"Lidianópolis";"Não";"Região Metropolitana de Apucarana";"Motociclistas";NA;NA;NA;NA;NA;NA;NA;NA;NA;NA;NA;NA;NA;NA;NA;1;NA;NA;NA;NA;2;NA;NA;NA;NA
41;"PR";4113452;"411345";"Lindoeste";"Não";"Região Metropolitana de Cascavel";"Motociclistas";NA;1;NA;NA;NA;NA;1;NA;NA;NA;NA;NA;NA;NA;NA;NA;NA;NA;NA;NA;NA;NA;NA;NA;NA
41;"PR";4113502;"411350";"Loanda";"Não";"-";"Motociclistas";NA;1;NA;NA;NA;NA;1;NA;1;1;1;1;NA;NA;1;2;NA;NA;NA;NA;1;4;NA;1;NA
41;"PR";4113601;"411360";"Lobato";"Não";"Região Metropolitana de Maringá";"Motociclistas";NA;NA;NA;NA;1;NA;NA;NA;NA;NA;NA;NA;1;NA;NA;NA;NA;NA;NA;NA;NA;NA;NA;NA;NA
41;"PR";4113700;"411370";"Londrina";"Não";"Região Metropolitana de Londrina";"Motociclistas";6;2;7;5;9;9;5;6;10;5;11;9;6;4;10;6;12;6;11;16;12;20;11;13;NA
41;"PR";4113734;"411373";"Luiziana";"Não";"Região Metropolitana de Campo Mourão";"Motociclistas";NA;NA;NA;NA;NA;NA;NA;NA;NA;1;NA;NA;NA;NA;NA;NA;1;NA;1;NA;NA;NA;NA;NA;NA
41;"PR";4113759;"411375";"Lunardelli";"Não";"Região Metropolitana de Apucarana";"Motociclistas";NA;NA;NA;NA;NA;NA;NA;NA;NA;NA;1;NA;NA;NA;NA;NA;NA;NA;NA;NA;NA;NA;NA;NA;NA
41;"PR";4113809;"411380";"Lupionópolis";"Não";"Região Metropolitana de Londrina";"Motociclistas";NA;NA;NA;NA;NA;NA;NA;NA;NA;NA;NA;NA;NA;NA;NA;NA;NA;NA;NA;NA;NA;NA;NA;NA;NA
41;"PR";4113908;"411390";"Mallet";"Não";"-";"Motociclistas";NA;NA;NA;NA;NA;NA;NA;NA;NA;NA;NA;NA;NA;NA;NA;NA;NA;NA;NA;NA;NA;NA;NA;NA;NA
41;"PR";4114005;"411400";"Mamborê";"Não";"Região Metropolitana de Campo Mourão";"Motociclistas";NA;NA;NA;NA;NA;NA;NA;NA;NA;NA;NA;2;NA;NA;NA;NA;1;2;NA;NA;NA;NA;NA;NA;NA
41;"PR";4114104;"411410";"Mandaguaçu";"Não";"Região Metropolitana de Maringá";"Motociclistas";NA;NA;NA;NA;NA;NA;NA;NA;NA;NA;NA;NA;NA;NA;NA;NA;NA;NA;1;NA;NA;NA;NA;NA;NA
41;"PR";4114203;"411420";"Mandaguari";"Não";"Região Metropolitana de Maringá";"Motociclistas";NA;NA;NA;NA;NA;NA;NA;NA;NA;NA;NA;NA;NA;NA;NA;NA;NA;NA;NA;NA;NA;1;2;1;NA
41;"PR";4114302;"411430";"Mandirituba";"Não";"Região Metropolitana de Curitiba";"Motociclistas";NA;NA;NA;NA;NA;NA;NA;NA;NA;NA;NA;NA;NA;NA;NA;NA;NA;NA;NA;NA;NA;NA;NA;NA;NA
41;"PR";4114351;"411435";"Manfrinópolis";"Não";"-";"Motociclistas";NA;NA;NA;NA;NA;NA;NA;NA;NA;NA;NA;NA;NA;NA;NA;NA;NA;NA;NA;NA;NA;NA;NA;NA;NA
41;"PR";4114401;"411440";"Mangueirinha";"Não";"-";"Motociclistas";NA;NA;NA;NA;NA;NA;NA;NA;NA;NA;NA;1;NA;NA;1;NA;NA;NA;NA;1;NA;NA;1;NA;NA
41;"PR";4114500;"411450";"Manoel Ribas";"Não";"-";"Motociclistas";NA;NA;NA;NA;NA;NA;NA;NA;NA;NA;NA;NA;NA;NA;NA;1;NA;NA;NA;NA;NA;NA;NA;NA;NA
41;"PR";4114609;"411460";"Marechal Cândido Rondon";"Não";"Região Metropolitana de Toledo";"Motociclistas";NA;NA;NA;NA;NA;NA;NA;1;NA;NA;NA;NA;NA;NA;NA;1;NA;NA;NA;1;2;1;NA;2;NA
41;"PR";4114708;"411470";"Maria Helena";"Não";"Região Metropolitana de Umuarama";"Motociclistas";NA;NA;NA;NA;NA;NA;NA;NA;NA;NA;NA;NA;NA;NA;NA;NA;NA;NA;NA;1;NA;1;NA;NA;NA
41;"PR";4114807;"411480";"Marialva";"Não";"Região Metropolitana de Maringá";"Motociclistas";NA;NA;NA;NA;NA;NA;NA;NA;1;NA;1;NA;NA;1;NA;1;2;NA;NA;1;2;1;1;2;NA
41;"PR";4114906;"411490";"Marilândia do Sul";"Não";"Região Metropolitana de Apucarana";"Motociclistas";NA;NA;NA;NA;NA;NA;NA;NA;NA;NA;NA;NA;NA;NA;NA;NA;1;NA;NA;1;1;NA;NA;NA;NA
41;"PR";4115002;"411500";"Marilena";"Não";"-";"Motociclistas";NA;NA;NA;NA;NA;NA;NA;NA;NA;NA;1;NA;2;NA;NA;NA;NA;NA;1;NA;NA;NA;NA;NA;NA
41;"PR";4115101;"411510";"Mariluz";"Não";"Região Metropolitana de Umuarama";"Motociclistas";NA;NA;NA;NA;NA;NA;NA;NA;NA;NA;NA;NA;NA;1;NA;NA;NA;NA;NA;NA;NA;NA;NA;NA;NA
41;"PR";4115200;"411520";"Maringá";"Não";"Região Metropolitana de Maringá";"Motociclistas";1;2;1;7;4;2;5;5;6;5;8;3;12;5;7;10;7;7;6;8;6;16;13;9;NA
41;"PR";4115309;"411530";"Mariópolis";"Não";"-";"Motociclistas";NA;NA;NA;NA;NA;NA;NA;NA;NA;NA;NA;NA;NA;NA;NA;NA;NA;NA;NA;NA;NA;NA;NA;NA;NA
41;"PR";4115358;"411535";"Maripá";"Não";"Região Metropolitana de Toledo";"Motociclistas";NA;NA;NA;NA;NA;NA;NA;NA;NA;NA;NA;NA;NA;NA;NA;NA;NA;NA;NA;1;NA;NA;NA;NA;NA
41;"PR";4115408;"411540";"Marmeleiro";"Não";"-";"Motociclistas";NA;NA;NA;NA;NA;NA;NA;NA;NA;NA;NA;NA;NA;NA;1;NA;NA;NA;NA;NA;NA;NA;NA;NA;NA
41;"PR";4115457;"411545";"Marquinho";"Não";"-";"Motociclistas";NA;NA;NA;NA;NA;NA;NA;NA;NA;NA;NA;NA;NA;NA;NA;NA;NA;NA;NA;NA;NA;NA;NA;NA;NA
41;"PR";4115507;"411550";"Marumbi";"Não";"Região Metropolitana de Apucarana";"Motociclistas";NA;NA;NA;NA;NA;NA;NA;NA;NA;NA;NA;NA;NA;NA;NA;NA;NA;NA;NA;NA;NA;NA;NA;NA;NA
41;"PR";4115606;"411560";"Matelândia";"Não";"Região Metropolitana de Cascavel";"Motociclistas";NA;NA;NA;NA;NA;NA;NA;NA;1;NA;NA;1;NA;NA;NA;NA;NA;NA;NA;NA;1;NA;NA;NA;NA
41;"PR";4115705;"411570";"Matinhos";"Não";"-";"Motociclistas";NA;NA;NA;NA;NA;NA;NA;NA;NA;NA;NA;NA;NA;NA;NA;NA;NA;NA;NA;NA;NA;NA;1;1;NA
41;"PR";4115739;"411573";"Mato Rico";"Não";"-";"Motociclistas";NA;NA;NA;NA;NA;NA;NA;NA;NA;NA;NA;NA;NA;NA;NA;NA;NA;NA;NA;NA;NA;NA;NA;NA;NA
41;"PR";4115754;"411575";"Mauá da Serra";"Não";"Região Metropolitana de Apucarana";"Motociclistas";NA;NA;NA;NA;NA;NA;NA;NA;NA;NA;NA;NA;NA;NA;1;1;NA;NA;NA;NA;NA;NA;NA;NA;NA
41;"PR";4115804;"411580";"Medianeira";"Não";"-";"Motociclistas";1;NA;NA;NA;NA;NA;NA;NA;NA;2;NA;NA;NA;NA;NA;1;2;NA;NA;NA;1;2;NA;1;NA
41;"PR";4115853;"411585";"Mercedes";"Não";"Região Metropolitana de Toledo";"Motociclistas";NA;NA;NA;NA;NA;NA;NA;NA;NA;NA;NA;NA;NA;NA;NA;NA;NA;NA;NA;NA;NA;NA;NA;NA;NA
41;"PR";4115903;"411590";"Mirador";"Não";"-";"Motociclistas";NA;NA;NA;NA;1;NA;NA;NA;NA;NA;NA;NA;NA;NA;NA;NA;NA;NA;NA;NA;NA;NA;NA;NA;NA
41;"PR";4116059;"411605";"Missal";"Não";"-";"Motociclistas";NA;NA;NA;NA;NA;NA;NA;NA;NA;NA;NA;NA;1;NA;NA;NA;NA;NA;NA;NA;NA;NA;NA;NA;NA
41;"PR";4116109;"411610";"Moreira Sales";"Não";"Região Metropolitana de Campo Mourão";"Motociclistas";NA;NA;NA;NA;NA;NA;NA;NA;NA;NA;1;NA;1;NA;2;NA;NA;1;NA;1;NA;1;NA;NA;NA
41;"PR";4116208;"411620";"Morretes";"Não";"-";"Motociclistas";NA;NA;NA;NA;NA;NA;NA;NA;NA;NA;NA;NA;NA;NA;1;NA;1;NA;NA;NA;NA;1;NA;1;NA
41;"PR";4116307;"411630";"Munhoz de Melo";"Não";"Região Metropolitana de Maringá";"Motociclistas";NA;NA;NA;NA;NA;NA;NA;NA;NA;NA;1;NA;NA;NA;NA;NA;NA;NA;NA;NA;NA;NA;NA;NA;NA
41;"PR";4116406;"411640";"Nossa Senhora das Graças";"Não";"-";"Motociclistas";NA;NA;NA;NA;NA;NA;NA;NA;NA;NA;NA;NA;NA;NA;NA;NA;NA;NA;NA;NA;NA;NA;NA;NA;NA
41;"PR";4116604;"411660";"Nova América da Colina";"Não";"-";"Motociclistas";NA;NA;NA;NA;NA;1;NA;NA;NA;NA;NA;NA;NA;NA;NA;NA;NA;NA;NA;NA;NA;NA;NA;NA;NA
41;"PR";4116703;"411670";"Nova Aurora";"Não";"Região Metropolitana de Cascavel";"Motociclistas";NA;NA;NA;NA;NA;NA;NA;NA;NA;NA;NA;NA;NA;NA;1;NA;NA;NA;NA;NA;NA;NA;NA;NA;NA
41;"PR";4116802;"411680";"Nova Cantu";"Não";"Região Metropolitana de Campo Mourão";"Motociclistas";NA;NA;NA;NA;NA;NA;NA;NA;NA;NA;NA;1;NA;NA;NA;NA;NA;NA;1;NA;1;NA;NA;NA;NA
41;"PR";4116901;"411690";"Nova Esperança";"Não";"Região Metropolitana de Maringá";"Motociclistas";NA;NA;NA;NA;2;NA;NA;NA;1;NA;3;NA;NA;1;NA;NA;NA;NA;1;1;NA;2;NA;NA;NA
41;"PR";4116950;"411695";"Nova Esperança do Sudoeste";"Não";"-";"Motociclistas";NA;NA;NA;NA;NA;NA;NA;NA;NA;NA;NA;NA;NA;NA;NA;NA;NA;NA;NA;NA;NA;NA;NA;NA;NA
41;"PR";4117008;"411700";"Nova Fátima";"Não";"-";"Motociclistas";NA;NA;NA;NA;NA;NA;NA;NA;NA;NA;NA;NA;NA;1;NA;NA;NA;NA;NA;NA;1;NA;1;NA;NA
41;"PR";4117057;"411705";"Nova Laranjeiras";"Não";"-";"Motociclistas";NA;NA;1;NA;NA;NA;NA;NA;NA;NA;NA;NA;NA;NA;NA;NA;NA;NA;NA;NA;1;NA;NA;NA;NA
41;"PR";4117107;"411710";"Nova Londrina";"Não";"-";"Motociclistas";NA;NA;NA;NA;NA;NA;NA;NA;1;NA;NA;1;1;NA;NA;1;1;1;NA;1;1;NA;2;2;NA
41;"PR";4117206;"411720";"Nova Olímpia";"Não";"Região Metropolitana de Umuarama";"Motociclistas";NA;NA;NA;NA;NA;NA;NA;NA;2;NA;NA;NA;NA;NA;NA;NA;NA;NA;NA;NA;NA;NA;NA;NA;NA
41;"PR";4117214;"411721";"Nova Santa Bárbara";"Não";"-";"Motociclistas";NA;NA;NA;NA;NA;NA;NA;NA;1;NA;NA;NA;1;NA;NA;NA;NA;NA;NA;NA;NA;NA;NA;NA;NA
41;"PR";4117222;"411722";"Nova Santa Rosa";"Não";"Região Metropolitana de Toledo";"Motociclistas";NA;NA;NA;NA;NA;NA;NA;NA;NA;NA;NA;NA;NA;NA;NA;NA;NA;NA;1;NA;NA;NA;NA;NA;NA
41;"PR";4117255;"411725";"Nova Prata do Iguaçu";"Não";"-";"Motociclistas";NA;NA;NA;NA;NA;NA;NA;NA;NA;NA;NA;NA;NA;NA;NA;NA;NA;NA;NA;NA;NA;NA;NA;NA;NA
41;"PR";4117271;"411727";"Nova Tebas";"Não";"-";"Motociclistas";NA;NA;NA;NA;NA;NA;NA;NA;NA;NA;NA;NA;NA;NA;NA;NA;NA;NA;NA;NA;NA;NA;NA;NA;NA
41;"PR";4117297;"411729";"Novo Itacolomi";"Não";"Região Metropolitana de Apucarana";"Motociclistas";NA;NA;NA;NA;NA;1;NA;NA;NA;NA;NA;NA;NA;NA;NA;NA;NA;NA;NA;NA;1;NA;NA;NA;NA
41;"PR";4117305;"411730";"Ortigueira";"Não";"-";"Motociclistas";NA;1;NA;NA;NA;NA;NA;NA;1;NA;NA;NA;NA;NA;NA;NA;NA;NA;NA;NA;NA;1;1;1;NA
41;"PR";4117404;"411740";"Ourizona";"Não";"Região Metropolitana de Maringá";"Motociclistas";NA;NA;NA;NA;NA;NA;NA;NA;NA;NA;NA;NA;NA;NA;NA;NA;NA;NA;NA;NA;NA;NA;NA;NA;NA
41;"PR";4117453;"411745";"Ouro Verde do Oeste";"Não";"Região Metropolitana de Toledo";"Motociclistas";NA;NA;NA;NA;NA;NA;NA;NA;NA;NA;1;NA;NA;NA;NA;NA;NA;NA;NA;NA;NA;NA;NA;NA;NA
41;"PR";4117503;"411750";"Paiçandu";"Não";"Região Metropolitana de Maringá";"Motociclistas";NA;NA;NA;NA;1;NA;NA;NA;NA;NA;NA;NA;NA;NA;NA;NA;NA;NA;NA;1;1;NA;1;NA;NA
41;"PR";4117602;"411760";"Palmas";"Não";"-";"Motociclistas";1;NA;NA;NA;1;1;NA;2;1;NA;1;NA;1;1;NA;NA;NA;1;1;NA;2;2;1;NA;NA
41;"PR";4117701;"411770";"Palmeira";"Não";"-";"Motociclistas";NA;NA;NA;NA;NA;NA;NA;NA;NA;NA;NA;NA;1;1;NA;NA;NA;NA;1;NA;NA;NA;NA;NA;NA
41;"PR";4117800;"411780";"Palmital";"Não";"-";"Motociclistas";NA;NA;NA;NA;NA;NA;NA;NA;NA;NA;1;NA;NA;NA;NA;NA;NA;NA;NA;NA;NA;NA;NA;NA;NA
41;"PR";4117909;"411790";"Palotina";"Não";"Região Metropolitana de Toledo";"Motociclistas";NA;NA;NA;NA;NA;1;NA;3;NA;NA;NA;NA;NA;4;1;NA;2;1;1;NA;NA;2;NA;1;NA
41;"PR";4118006;"411800";"Paraíso do Norte";"Não";"-";"Motociclistas";NA;NA;NA;NA;NA;NA;NA;NA;NA;NA;NA;1;NA;2;NA;NA;NA;NA;NA;NA;NA;1;NA;NA;NA
41;"PR";4118105;"411810";"Paranacity";"Não";"-";"Motociclistas";NA;NA;NA;NA;NA;NA;NA;NA;NA;NA;NA;NA;NA;1;NA;NA;NA;1;NA;NA;NA;NA;NA;NA;NA
41;"PR";4118204;"411820";"Paranaguá";"Não";"-";"Motociclistas";1;NA;NA;1;1;NA;NA;2;1;1;2;2;4;NA;3;2;1;2;3;6;4;2;2;5;NA
41;"PR";4118303;"411830";"Paranapoema";"Não";"-";"Motociclistas";NA;NA;NA;NA;NA;NA;NA;NA;NA;NA;NA;NA;NA;NA;NA;NA;NA;NA;NA;NA;NA;NA;NA;NA;NA
41;"PR";4118402;"411840";"Paranavaí";"Não";"-";"Motociclistas";1;NA;1;1;1;NA;4;2;2;5;4;1;3;6;5;5;4;NA;6;9;9;4;6;6;NA
41;"PR";4118451;"411845";"Pato Bragado";"Não";"Região Metropolitana de Toledo";"Motociclistas";NA;NA;NA;NA;NA;NA;NA;NA;NA;NA;NA;NA;NA;NA;NA;NA;NA;NA;NA;NA;NA;NA;NA;NA;NA
41;"PR";4118501;"411850";"Pato Branco";"Não";"-";"Motociclistas";NA;NA;NA;1;1;NA;NA;NA;NA;NA;NA;1;1;NA;1;NA;2;1;1;NA;1;1;2;1;NA
41;"PR";4118600;"411860";"Paula Freitas";"Não";"-";"Motociclistas";NA;NA;NA;NA;NA;NA;NA;NA;NA;NA;NA;NA;NA;NA;NA;NA;NA;NA;NA;NA;NA;NA;NA;NA;NA
41;"PR";4118709;"411870";"Paulo Frontin";"Não";"-";"Motociclistas";NA;NA;NA;NA;NA;NA;NA;NA;NA;NA;NA;NA;NA;NA;NA;NA;NA;NA;NA;NA;NA;NA;NA;NA;NA
41;"PR";4118808;"411880";"Peabiru";"Não";"Região Metropolitana de Campo Mourão";"Motociclistas";NA;NA;NA;NA;NA;NA;NA;NA;NA;NA;NA;1;NA;1;1;NA;NA;NA;NA;NA;1;1;NA;NA;NA
41;"PR";4118857;"411885";"Perobal";"Não";"Região Metropolitana de Umuarama";"Motociclistas";NA;NA;NA;NA;NA;NA;NA;NA;NA;NA;NA;1;NA;NA;NA;1;NA;1;NA;NA;NA;1;NA;1;NA
41;"PR";4118907;"411890";"Pérola";"Não";"Região Metropolitana de Umuarama";"Motociclistas";NA;NA;NA;NA;NA;NA;NA;NA;NA;NA;NA;NA;NA;NA;NA;NA;NA;1;NA;NA;NA;NA;1;NA;NA
41;"PR";4119004;"411900";"Pérola d'Oeste";"Não";"-";"Motociclistas";NA;NA;NA;NA;NA;NA;NA;NA;NA;NA;NA;NA;NA;NA;NA;NA;NA;NA;NA;NA;NA;1;NA;NA;NA
41;"PR";4119103;"411910";"Piên";"Não";"Região Metropolitana de Curitiba";"Motociclistas";NA;1;NA;NA;NA;NA;NA;NA;NA;NA;NA;NA;NA;NA;NA;NA;NA;NA;NA;NA;NA;NA;1;NA;NA
41;"PR";4119152;"411915";"Pinhais";"Não";"Região Metropolitana de Curitiba";"Motociclistas";NA;NA;NA;NA;NA;NA;1;NA;NA;NA;NA;NA;NA;NA;1;NA;NA;NA;1;NA;NA;1;NA;NA;NA
41;"PR";4119202;"411920";"Pinhalão";"Não";"-";"Motociclistas";NA;NA;NA;NA;NA;NA;NA;NA;NA;NA;NA;NA;NA;NA;NA;NA;NA;NA;NA;NA;NA;NA;NA;NA;NA
41;"PR";4119251;"411925";"Pinhal de São Bento";"Não";"-";"Motociclistas";NA;NA;NA;NA;NA;NA;NA;NA;NA;NA;NA;NA;NA;NA;NA;NA;NA;NA;NA;NA;NA;NA;NA;NA;NA
41;"PR";4119301;"411930";"Pinhão";"Não";"-";"Motociclistas";NA;NA;NA;NA;NA;NA;NA;NA;NA;NA;NA;NA;NA;NA;NA;NA;NA;1;NA;NA;1;NA;NA;NA;NA
41;"PR";4119400;"411940";"Piraí do Sul";"Não";"-";"Motociclistas";NA;NA;NA;NA;NA;NA;NA;NA;1;NA;NA;NA;NA;NA;NA;NA;NA;NA;NA;NA;NA;NA;NA;NA;NA
41;"PR";4119509;"411950";"Piraquara";"Não";"Região Metropolitana de Curitiba";"Motociclistas";NA;NA;NA;NA;NA;NA;NA;NA;NA;NA;NA;NA;NA;NA;NA;NA;NA;NA;NA;NA;1;1;1;2;NA
41;"PR";4119608;"411960";"Pitanga";"Não";"-";"Motociclistas";NA;NA;NA;NA;NA;NA;NA;NA;NA;NA;NA;NA;NA;NA;NA;NA;NA;NA;NA;1;NA;NA;NA;NA;NA
41;"PR";4119657;"411965";"Pitangueiras";"Não";"Região Metropolitana de Londrina";"Motociclistas";NA;NA;NA;NA;NA;NA;NA;NA;NA;NA;NA;NA;NA;NA;NA;NA;NA;NA;NA;NA;NA;NA;NA;NA;NA
41;"PR";4119707;"411970";"Planaltina do Paraná";"Não";"-";"Motociclistas";1;NA;NA;NA;NA;NA;NA;NA;NA;NA;NA;1;NA;1;NA;NA;NA;NA;NA;NA;NA;NA;NA;NA;NA
41;"PR";4119806;"411980";"Planalto";"Não";"-";"Motociclistas";NA;NA;NA;NA;NA;NA;NA;NA;NA;NA;NA;1;NA;NA;NA;NA;NA;NA;NA;NA;NA;NA;NA;NA;NA
41;"PR";4119905;"411990";"Ponta Grossa";"Não";"-";"Motociclistas";NA;NA;NA;NA;NA;1;NA;1;NA;1;1;2;NA;4;3;1;2;4;1;4;3;3;8;6;NA
41;"PR";4119954;"411995";"Pontal do Paraná";"Não";"-";"Motociclistas";NA;NA;NA;NA;NA;NA;NA;NA;NA;NA;NA;NA;NA;NA;NA;NA;NA;NA;NA;NA;NA;1;NA;1;NA
41;"PR";4120002;"412000";"Porecatu";"Não";"Região Metropolitana de Londrina";"Motociclistas";NA;NA;NA;1;NA;NA;NA;NA;NA;NA;NA;NA;NA;NA;1;1;NA;NA;NA;NA;NA;NA;1;NA;NA
41;"PR";4120150;"412015";"Porto Barreiro";"Não";"-";"Motociclistas";NA;NA;NA;NA;NA;NA;NA;NA;NA;NA;NA;NA;NA;NA;NA;NA;NA;NA;NA;NA;NA;NA;NA;NA;NA
41;"PR";4120200;"412020";"Porto Rico";"Não";"-";"Motociclistas";NA;NA;NA;NA;NA;NA;NA;NA;NA;NA;NA;NA;NA;NA;NA;NA;1;NA;1;1;NA;NA;NA;NA;NA
41;"PR";4120309;"412030";"Porto Vitória";"Não";"-";"Motociclistas";NA;NA;NA;NA;NA;NA;NA;NA;NA;NA;NA;NA;NA;NA;1;NA;NA;NA;NA;NA;NA;NA;NA;NA;NA
41;"PR";4120333;"412033";"Prado Ferreira";"Não";"Região Metropolitana de Londrina";"Motociclistas";NA;NA;NA;NA;NA;NA;NA;NA;NA;NA;NA;NA;NA;NA;NA;NA;NA;NA;NA;NA;NA;NA;1;NA;NA
41;"PR";4120358;"412035";"Pranchita";"Não";"-";"Motociclistas";NA;NA;NA;NA;NA;NA;NA;NA;NA;NA;NA;NA;NA;NA;NA;NA;NA;NA;NA;NA;NA;NA;NA;NA;NA
41;"PR";4120408;"412040";"Presidente Castelo Branco";"Não";"Região Metropolitana de Maringá";"Motociclistas";NA;NA;NA;NA;NA;NA;NA;NA;NA;NA;1;NA;NA;NA;NA;NA;NA;NA;NA;NA;NA;NA;NA;NA;NA
41;"PR";4120507;"412050";"Primeiro de Maio";"Não";"Região Metropolitana de Londrina";"Motociclistas";NA;NA;NA;NA;NA;NA;NA;NA;NA;NA;NA;NA;5;NA;NA;NA;NA;NA;NA;NA;NA;NA;NA;NA;NA
41;"PR";4120606;"412060";"Prudentópolis";"Não";"-";"Motociclistas";NA;NA;NA;NA;NA;NA;NA;NA;NA;NA;NA;NA;NA;NA;NA;1;NA;NA;1;NA;NA;NA;NA;1;NA
41;"PR";4120655;"412065";"Quarto Centenário";"Não";"Região Metropolitana de Campo Mourão";"Motociclistas";NA;1;NA;NA;NA;NA;NA;NA;NA;NA;NA;NA;NA;NA;NA;NA;NA;NA;NA;NA;NA;NA;NA;NA;NA
41;"PR";4120705;"412070";"Quatiguá";"Não";"-";"Motociclistas";NA;NA;NA;NA;NA;NA;NA;NA;NA;NA;NA;NA;NA;NA;NA;NA;NA;NA;NA;NA;NA;NA;1;NA;NA
41;"PR";4120804;"412080";"Quatro Barras";"Não";"Região Metropolitana de Curitiba";"Motociclistas";NA;NA;NA;NA;NA;NA;NA;1;NA;NA;NA;NA;NA;NA;NA;NA;NA;NA;NA;NA;1;NA;NA;NA;NA
41;"PR";4120853;"412085";"Quatro Pontes";"Não";"Região Metropolitana de Toledo";"Motociclistas";NA;NA;NA;NA;NA;NA;NA;NA;NA;NA;NA;NA;NA;NA;NA;NA;1;NA;NA;NA;NA;NA;1;NA;NA
41;"PR";4120903;"412090";"Quedas do Iguaçu";"Não";"-";"Motociclistas";NA;NA;NA;NA;NA;NA;NA;NA;NA;NA;NA;NA;NA;NA;NA;NA;2;NA;NA;NA;1;1;NA;NA;NA
41;"PR";4121000;"412100";"Querência do Norte";"Não";"-";"Motociclistas";NA;NA;NA;NA;NA;NA;NA;1;NA;1;NA;2;NA;NA;NA;1;NA;2;NA;NA;NA;1;NA;NA;NA
41;"PR";4121109;"412110";"Quinta do Sol";"Não";"Região Metropolitana de Campo Mourão";"Motociclistas";NA;NA;NA;NA;NA;NA;1;NA;NA;NA;NA;1;1;NA;NA;NA;NA;NA;NA;NA;NA;NA;NA;1;NA
41;"PR";4121208;"412120";"Quitandinha";"Não";"Região Metropolitana de Curitiba";"Motociclistas";NA;NA;NA;NA;NA;NA;NA;NA;NA;NA;NA;NA;NA;NA;NA;NA;NA;NA;NA;NA;NA;NA;1;NA;NA
41;"PR";4121257;"412125";"Ramilândia";"Não";"-";"Motociclistas";NA;NA;NA;NA;NA;NA;NA;NA;NA;NA;NA;NA;NA;NA;1;NA;NA;NA;NA;NA;NA;NA;1;NA;NA
41;"PR";4121307;"412130";"Rancho Alegre";"Não";"Região Metropolitana de Londrina";"Motociclistas";NA;NA;NA;NA;NA;NA;NA;NA;NA;NA;NA;NA;NA;NA;NA;NA;NA;NA;1;NA;NA;NA;NA;NA;NA
41;"PR";4121356;"412135";"Rancho Alegre D'Oeste";"Não";"Região Metropolitana de Campo Mourão";"Motociclistas";NA;1;NA;NA;NA;NA;NA;NA;NA;NA;NA;NA;NA;NA;NA;NA;NA;NA;NA;NA;NA;1;NA;NA;NA
41;"PR";4121406;"412140";"Realeza";"Não";"-";"Motociclistas";NA;NA;NA;NA;NA;NA;NA;NA;NA;NA;NA;NA;NA;NA;NA;NA;NA;NA;NA;NA;NA;NA;NA;NA;NA
41;"PR";4121505;"412150";"Rebouças";"Não";"-";"Motociclistas";NA;NA;NA;NA;NA;NA;NA;NA;NA;NA;NA;NA;NA;NA;NA;NA;NA;NA;NA;NA;NA;NA;NA;NA;NA
41;"PR";4121604;"412160";"Renascença";"Não";"-";"Motociclistas";NA;NA;NA;NA;NA;NA;NA;NA;NA;NA;NA;NA;NA;NA;NA;NA;NA;NA;NA;1;NA;NA;NA;NA;NA
41;"PR";4121703;"412170";"Reserva";"Não";"-";"Motociclistas";NA;NA;NA;NA;NA;NA;NA;NA;NA;NA;NA;NA;NA;2;NA;NA;NA;1;1;NA;NA;NA;NA;NA;NA
41;"PR";4121752;"412175";"Reserva do Iguaçu";"Não";"-";"Motociclistas";NA;NA;NA;NA;NA;NA;NA;NA;NA;NA;NA;NA;NA;NA;NA;NA;NA;NA;NA;NA;NA;NA;NA;NA;NA
41;"PR";4121802;"412180";"Ribeirão Claro";"Não";"-";"Motociclistas";NA;NA;NA;NA;NA;NA;NA;NA;NA;NA;NA;NA;NA;NA;NA;1;1;1;NA;1;1;NA;NA;1;NA
41;"PR";4121901;"412190";"Ribeirão do Pinhal";"Não";"-";"Motociclistas";NA;NA;NA;NA;NA;NA;NA;NA;NA;NA;NA;NA;NA;NA;NA;NA;NA;1;1;NA;1;NA;1;NA;NA
41;"PR";4122008;"412200";"Rio Azul";"Não";"-";"Motociclistas";NA;NA;NA;NA;NA;NA;NA;NA;NA;NA;NA;NA;NA;NA;NA;NA;NA;NA;NA;NA;NA;NA;NA;NA;NA
41;"PR";4122107;"412210";"Rio Bom";"Não";"Região Metropolitana de Apucarana";"Motociclistas";NA;NA;NA;NA;NA;NA;NA;NA;NA;NA;NA;NA;1;NA;NA;NA;NA;NA;NA;NA;NA;NA;NA;NA;NA
41;"PR";4122156;"412215";"Rio Bonito do Iguaçu";"Não";"-";"Motociclistas";NA;NA;NA;NA;NA;NA;NA;NA;NA;NA;NA;NA;NA;NA;NA;NA;NA;NA;NA;NA;NA;NA;NA;NA;NA
41;"PR";4122172;"412217";"Rio Branco do Ivaí";"Não";"Região Metropolitana de Apucarana";"Motociclistas";NA;NA;NA;NA;NA;NA;NA;NA;NA;NA;NA;NA;NA;NA;NA;NA;NA;NA;NA;1;NA;NA;NA;NA;NA
41;"PR";4122206;"412220";"Rio Branco do Sul";"Não";"Região Metropolitana de Curitiba";"Motociclistas";NA;NA;NA;NA;NA;NA;NA;NA;NA;NA;NA;NA;NA;NA;NA;NA;NA;NA;NA;NA;NA;NA;NA;1;NA
41;"PR";4122305;"412230";"Rio Negro";"Não";"Região Metropolitana de Curitiba";"Motociclistas";NA;NA;NA;NA;NA;NA;NA;NA;NA;NA;NA;NA;NA;NA;NA;NA;NA;NA;NA;NA;NA;NA;NA;1;NA
41;"PR";4122404;"412240";"Rolândia";"Não";"Região Metropolitana de Londrina";"Motociclistas";NA;1;NA;NA;NA;NA;1;NA;1;NA;NA;NA;3;NA;3;NA;1;NA;2;1;3;1;2;6;NA
41;"PR";4122503;"412250";"Roncador";"Não";"Região Metropolitana de Campo Mourão";"Motociclistas";NA;NA;NA;NA;NA;NA;NA;NA;NA;NA;NA;1;NA;NA;NA;NA;NA;NA;1;1;1;NA;NA;NA;NA
41;"PR";4122602;"412260";"Rondon";"Não";"-";"Motociclistas";NA;NA;NA;NA;NA;NA;NA;NA;NA;NA;NA;1;NA;NA;NA;1;NA;NA;NA;NA;1;NA;NA;NA;NA
41;"PR";4122651;"412265";"Rosário do Ivaí";"Não";"Região Metropolitana de Apucarana";"Motociclistas";NA;NA;NA;NA;NA;NA;NA;NA;NA;NA;NA;NA;1;NA;1;NA;1;1;1;NA;NA;NA;NA;NA;NA
41;"PR";4122701;"412270";"Sabáudia";"Não";"Região Metropolitana de Londrina";"Motociclistas";NA;NA;NA;1;NA;NA;NA;NA;NA;NA;NA;NA;NA;NA;NA;NA;NA;NA;NA;NA;NA;NA;NA;NA;NA
41;"PR";4122800;"412280";"Salgado Filho";"Não";"-";"Motociclistas";NA;NA;NA;NA;NA;NA;NA;NA;NA;NA;NA;NA;NA;NA;NA;NA;NA;NA;NA;NA;NA;1;NA;NA;NA
41;"PR";4122909;"412290";"Salto do Itararé";"Não";"-";"Motociclistas";NA;NA;NA;NA;NA;NA;NA;NA;NA;NA;NA;NA;NA;NA;NA;NA;NA;NA;NA;NA;NA;NA;NA;NA;NA
41;"PR";4123006;"412300";"Salto do Lontra";"Não";"-";"Motociclistas";NA;NA;NA;NA;NA;NA;NA;NA;NA;NA;NA;NA;NA;NA;NA;NA;1;NA;NA;NA;NA;NA;1;NA;NA
41;"PR";4123105;"412310";"Santa Amélia";"Não";"-";"Motociclistas";NA;NA;NA;NA;NA;NA;NA;NA;NA;NA;NA;NA;NA;NA;NA;NA;NA;NA;NA;NA;NA;NA;NA;NA;NA
41;"PR";4123204;"412320";"Santa Cecília do Pavão";"Não";"-";"Motociclistas";NA;NA;NA;NA;NA;NA;NA;1;1;NA;NA;NA;NA;NA;NA;NA;NA;NA;NA;NA;NA;NA;1;NA;NA
41;"PR";4123303;"412330";"Santa Cruz de Monte Castelo";"Não";"-";"Motociclistas";NA;NA;NA;NA;NA;NA;NA;NA;NA;NA;NA;NA;1;NA;2;NA;NA;NA;NA;NA;NA;NA;NA;1;NA
41;"PR";4123402;"412340";"Santa Fé";"Não";"Região Metropolitana de Maringá";"Motociclistas";NA;NA;NA;NA;NA;NA;NA;NA;NA;NA;NA;NA;NA;NA;NA;NA;NA;NA;NA;NA;NA;1;NA;NA;NA
41;"PR";4123501;"412350";"Santa Helena";"Não";"Região Metropolitana de Toledo";"Motociclistas";NA;NA;NA;NA;NA;NA;NA;NA;NA;NA;NA;NA;NA;NA;NA;NA;NA;1;NA;NA;1;3;1;NA;NA
41;"PR";4123600;"412360";"Santa Inês";"Não";"-";"Motociclistas";NA;NA;NA;NA;NA;NA;NA;NA;NA;NA;NA;NA;NA;NA;NA;NA;NA;NA;NA;NA;NA;NA;NA;NA;NA
41;"PR";4123709;"412370";"Santa Isabel do Ivaí";"Não";"-";"Motociclistas";NA;NA;NA;NA;NA;NA;NA;NA;NA;NA;NA;1;NA;NA;NA;NA;1;NA;NA;NA;1;1;NA;NA;NA
41;"PR";4123808;"412380";"Santa Izabel do Oeste";"Não";"-";"Motociclistas";NA;NA;NA;NA;NA;NA;NA;NA;1;NA;NA;NA;NA;NA;1;NA;NA;1;NA;NA;NA;1;NA;NA;NA
41;"PR";4123824;"412382";"Santa Lúcia";"Não";"Região Metropolitana de Cascavel";"Motociclistas";NA;NA;NA;NA;NA;NA;NA;NA;NA;NA;NA;NA;NA;NA;NA;NA;NA;NA;NA;NA;NA;NA;NA;NA;NA
41;"PR";4123857;"412385";"Santa Maria do Oeste";"Não";"-";"Motociclistas";NA;NA;NA;NA;NA;NA;NA;NA;NA;NA;NA;NA;NA;1;NA;NA;NA;NA;NA;NA;NA;NA;NA;NA;NA
41;"PR";4123907;"412390";"Santa Mariana";"Não";"-";"Motociclistas";NA;NA;NA;NA;NA;NA;NA;NA;NA;NA;1;NA;1;1;NA;NA;NA;NA;NA;NA;NA;1;NA;2;NA
41;"PR";4123956;"412395";"Santa Mônica";"Não";"-";"Motociclistas";NA;NA;NA;NA;NA;NA;NA;1;NA;NA;NA;NA;1;NA;NA;NA;NA;NA;NA;NA;1;NA;NA;NA;NA
41;"PR";4124004;"412400";"Santana do Itararé";"Não";"-";"Motociclistas";NA;NA;NA;NA;NA;NA;NA;NA;NA;NA;NA;NA;NA;NA;NA;NA;NA;NA;NA;NA;NA;NA;NA;NA;NA
41;"PR";4124020;"412402";"Santa Tereza do Oeste";"Não";"Região Metropolitana de Cascavel";"Motociclistas";NA;NA;NA;NA;NA;NA;NA;NA;NA;NA;NA;NA;NA;NA;NA;NA;NA;NA;NA;NA;NA;NA;NA;1;NA
41;"PR";4124053;"412405";"Santa Terezinha de Itaipu";"Não";"-";"Motociclistas";NA;NA;NA;NA;NA;NA;NA;NA;NA;NA;NA;NA;1;NA;1;NA;NA;NA;NA;NA;NA;NA;NA;1;NA
41;"PR";4124103;"412410";"Santo Antônio da Platina";"Não";"-";"Motociclistas";NA;1;NA;NA;NA;NA;NA;NA;NA;NA;1;1;NA;NA;1;NA;NA;1;NA;NA;1;NA;NA;NA;NA
41;"PR";4124202;"412420";"Santo Antônio do Caiuá";"Não";"-";"Motociclistas";NA;NA;NA;NA;NA;NA;NA;NA;NA;NA;NA;NA;NA;NA;NA;NA;NA;NA;NA;NA;NA;NA;NA;NA;NA
41;"PR";4124301;"412430";"Santo Antônio do Paraíso";"Não";"-";"Motociclistas";NA;NA;NA;NA;NA;NA;NA;NA;NA;NA;NA;NA;NA;NA;NA;NA;NA;NA;NA;NA;NA;NA;NA;NA;NA
41;"PR";4124400;"412440";"Santo Antônio do Sudoeste";"Não";"-";"Motociclistas";NA;NA;NA;NA;NA;NA;NA;NA;NA;NA;NA;NA;NA;NA;NA;NA;NA;NA;NA;NA;NA;NA;NA;NA;NA
41;"PR";4124509;"412450";"Santo Inácio";"Não";"-";"Motociclistas";NA;NA;NA;NA;1;NA;NA;NA;NA;NA;NA;NA;NA;NA;NA;1;NA;NA;NA;NA;1;NA;1;NA;NA
41;"PR";4124608;"412460";"São Carlos do Ivaí";"Não";"-";"Motociclistas";NA;NA;NA;NA;NA;NA;NA;NA;NA;NA;NA;NA;1;NA;NA;NA;NA;NA;NA;NA;1;NA;NA;NA;NA
41;"PR";4124707;"412470";"São Jerônimo da Serra";"Não";"-";"Motociclistas";NA;NA;NA;NA;NA;1;NA;NA;NA;NA;NA;NA;NA;NA;NA;NA;1;NA;NA;NA;NA;NA;1;NA;NA
41;"PR";4124806;"412480";"São João";"Não";"-";"Motociclistas";NA;NA;NA;NA;NA;NA;NA;NA;NA;NA;NA;NA;NA;NA;NA;NA;NA;NA;NA;NA;NA;NA;NA;NA;NA
41;"PR";4124905;"412490";"São João do Caiuá";"Não";"-";"Motociclistas";NA;NA;NA;NA;NA;NA;NA;NA;NA;NA;1;NA;NA;NA;NA;NA;NA;1;NA;NA;NA;NA;NA;NA;NA
41;"PR";4125001;"412500";"São João do Ivaí";"Não";"Região Metropolitana de Apucarana";"Motociclistas";1;NA;NA;NA;NA;1;NA;NA;NA;NA;NA;2;NA;1;NA;2;1;2;NA;NA;1;NA;NA;NA;NA
41;"PR";4125100;"412510";"São João do Triunfo";"Não";"-";"Motociclistas";NA;NA;NA;NA;NA;NA;NA;NA;NA;NA;NA;NA;NA;NA;NA;NA;NA;NA;NA;1;NA;NA;NA;NA;NA
41;"PR";4125209;"412520";"São Jorge d'Oeste";"Não";"-";"Motociclistas";NA;NA;NA;NA;NA;NA;NA;NA;1;NA;NA;NA;NA;NA;NA;NA;NA;NA;NA;NA;NA;NA;NA;NA;NA
41;"PR";4125308;"412530";"São Jorge do Ivaí";"Não";"Região Metropolitana de Maringá";"Motociclistas";NA;NA;NA;NA;NA;NA;NA;NA;NA;1;NA;NA;NA;NA;NA;1;NA;NA;NA;NA;NA;NA;NA;NA;NA
41;"PR";4125357;"412535";"São Jorge do Patrocínio";"Não";"Região Metropolitana de Umuarama";"Motociclistas";NA;NA;NA;NA;NA;NA;NA;NA;NA;NA;NA;NA;NA;NA;1;1;NA;NA;NA;NA;NA;NA;NA;NA;NA
41;"PR";4125407;"412540";"São José da Boa Vista";"Não";"-";"Motociclistas";NA;NA;NA;NA;NA;NA;NA;NA;NA;NA;NA;NA;NA;NA;NA;NA;NA;NA;NA;NA;NA;NA;NA;NA;NA
41;"PR";4125456;"412545";"São José das Palmeiras";"Não";"Região Metropolitana de Toledo";"Motociclistas";NA;NA;NA;NA;NA;NA;NA;NA;NA;NA;NA;NA;NA;NA;NA;1;NA;NA;NA;NA;NA;NA;NA;1;NA
41;"PR";4125506;"412550";"São José dos Pinhais";"Não";"Região Metropolitana de Curitiba";"Motociclistas";NA;NA;NA;1;NA;2;NA;NA;NA;NA;NA;NA;NA;NA;NA;1;1;NA;2;NA;NA;7;6;4;NA
41;"PR";4125555;"412555";"São Manoel do Paraná";"Não";"-";"Motociclistas";NA;NA;NA;NA;NA;NA;NA;NA;NA;NA;NA;NA;NA;NA;NA;NA;NA;NA;NA;NA;NA;NA;NA;NA;NA
41;"PR";4125605;"412560";"São Mateus do Sul";"Não";"-";"Motociclistas";NA;NA;NA;NA;NA;NA;NA;NA;NA;NA;NA;1;NA;NA;NA;NA;NA;NA;NA;2;NA;NA;NA;2;NA
41;"PR";4125704;"412570";"São Miguel do Iguaçu";"Não";"-";"Motociclistas";NA;1;NA;NA;NA;NA;NA;NA;NA;1;NA;NA;NA;NA;1;NA;NA;1;NA;NA;1;2;NA;1;NA
41;"PR";4125753;"412575";"São Pedro do Iguaçu";"Não";"Região Metropolitana de Toledo";"Motociclistas";NA;NA;NA;NA;NA;NA;NA;NA;NA;NA;NA;NA;1;NA;1;1;NA;NA;NA;NA;NA;NA;NA;1;NA
41;"PR";4125803;"412580";"São Pedro do Ivaí";"Não";"Região Metropolitana de Apucarana";"Motociclistas";NA;NA;NA;NA;NA;1;NA;NA;NA;NA;NA;NA;NA;NA;1;NA;NA;NA;NA;NA;1;NA;NA;2;NA
41;"PR";4125902;"412590";"São Pedro do Paraná";"Não";"-";"Motociclistas";NA;NA;NA;NA;NA;NA;NA;NA;NA;NA;NA;NA;NA;NA;NA;NA;NA;NA;NA;NA;NA;1;NA;1;NA
41;"PR";4126009;"412600";"São Sebastião da Amoreira";"Não";"-";"Motociclistas";NA;NA;NA;NA;NA;NA;NA;NA;NA;NA;NA;NA;NA;NA;NA;NA;NA;NA;NA;NA;NA;NA;2;NA;NA
41;"PR";4126108;"412610";"São Tomé";"Não";"-";"Motociclistas";NA;NA;NA;NA;NA;NA;NA;NA;NA;NA;NA;NA;NA;NA;NA;NA;NA;NA;NA;NA;NA;NA;NA;1;NA
41;"PR";4126207;"412620";"Sapopema";"Não";"-";"Motociclistas";NA;NA;NA;NA;NA;NA;NA;NA;NA;NA;1;NA;NA;NA;NA;2;NA;NA;NA;NA;NA;NA;NA;NA;NA
41;"PR";4126256;"412625";"Sarandi";"Não";"Região Metropolitana de Maringá";"Motociclistas";NA;NA;1;1;1;1;NA;1;NA;NA;NA;NA;NA;1;1;1;1;2;2;3;7;5;4;6;NA
41;"PR";4126272;"412627";"Saudade do Iguaçu";"Não";"-";"Motociclistas";NA;NA;NA;NA;NA;NA;NA;NA;NA;NA;NA;NA;NA;NA;NA;NA;NA;NA;NA;NA;NA;NA;NA;NA;NA
41;"PR";4126306;"412630";"Sengés";"Não";"-";"Motociclistas";NA;NA;NA;NA;1;NA;NA;NA;NA;NA;NA;NA;NA;NA;1;NA;NA;NA;NA;NA;NA;NA;NA;NA;NA
41;"PR";4126355;"412635";"Serranópolis do Iguaçu";"Não";"-";"Motociclistas";NA;NA;NA;NA;NA;NA;NA;NA;NA;NA;NA;NA;NA;NA;NA;NA;NA;NA;NA;NA;NA;NA;NA;NA;NA
41;"PR";4126405;"412640";"Sertaneja";"Não";"Região Metropolitana de Londrina";"Motociclistas";1;NA;NA;NA;1;NA;NA;NA;NA;NA;NA;1;NA;NA;NA;NA;1;1;NA;NA;NA;1;NA;1;NA
41;"PR";4126504;"412650";"Sertanópolis";"Não";"Região Metropolitana de Londrina";"Motociclistas";NA;NA;NA;NA;NA;NA;1;NA;NA;NA;NA;NA;NA;NA;NA;NA;NA;NA;NA;NA;NA;1;1;NA;NA
41;"PR";4126603;"412660";"Siqueira Campos";"Não";"-";"Motociclistas";NA;NA;NA;NA;NA;NA;NA;NA;NA;NA;NA;NA;NA;1;NA;NA;NA;NA;NA;NA;NA;NA;1;NA;NA
41;"PR";4126652;"412665";"Sulina";"Não";"-";"Motociclistas";NA;NA;NA;NA;NA;NA;NA;NA;NA;NA;NA;NA;NA;NA;NA;NA;NA;NA;NA;NA;NA;NA;NA;NA;NA
41;"PR";4126678;"412667";"Tamarana";"Não";"Região Metropolitana de Londrina";"Motociclistas";NA;NA;NA;NA;NA;1;NA;NA;NA;NA;NA;1;NA;NA;NA;NA;NA;NA;NA;NA;NA;NA;NA;NA;NA
41;"PR";4126702;"412670";"Tamboara";"Não";"-";"Motociclistas";NA;NA;NA;NA;NA;NA;NA;NA;NA;NA;NA;1;1;NA;NA;NA;NA;NA;NA;NA;NA;NA;NA;NA;NA
41;"PR";4126801;"412680";"Tapejara";"Não";"Região Metropolitana de Umuarama";"Motociclistas";NA;NA;NA;NA;NA;1;NA;NA;NA;NA;1;NA;NA;NA;NA;NA;NA;NA;NA;NA;NA;NA;NA;NA;NA
41;"PR";4126900;"412690";"Tapira";"Não";"Região Metropolitana de Umuarama";"Motociclistas";NA;NA;NA;NA;NA;NA;NA;NA;NA;NA;NA;NA;NA;NA;NA;NA;NA;NA;NA;NA;NA;NA;NA;NA;NA
41;"PR";4127007;"412700";"Teixeira Soares";"Não";"-";"Motociclistas";NA;NA;NA;NA;NA;NA;NA;1;NA;NA;NA;NA;NA;NA;NA;NA;NA;NA;NA;NA;NA;NA;NA;NA;NA
41;"PR";4127106;"412710";"Telêmaco Borba";"Não";"-";"Motociclistas";NA;NA;NA;NA;NA;NA;NA;NA;2;1;3;1;NA;1;NA;1;1;NA;1;NA;NA;1;NA;NA;NA
41;"PR";4127205;"412720";"Terra Boa";"Não";"Região Metropolitana de Campo Mourão";"Motociclistas";NA;NA;NA;NA;NA;NA;NA;NA;NA;NA;NA;NA;1;2;1;NA;1;1;NA;1;NA;NA;NA;NA;NA
41;"PR";4127304;"412730";"Terra Rica";"Não";"-";"Motociclistas";NA;NA;NA;NA;1;NA;NA;2;NA;NA;2;NA;2;NA;NA;NA;NA;NA;1;NA;2;1;NA;NA;NA
41;"PR";4127403;"412740";"Terra Roxa";"Não";"Região Metropolitana de Toledo";"Motociclistas";NA;NA;NA;NA;NA;NA;NA;NA;NA;NA;NA;NA;NA;1;NA;NA;NA;NA;NA;NA;NA;1;NA;NA;NA
41;"PR";4127502;"412750";"Tibagi";"Não";"-";"Motociclistas";NA;NA;NA;NA;NA;NA;NA;NA;NA;NA;NA;NA;NA;NA;NA;NA;1;NA;NA;1;NA;NA;NA;NA;NA
41;"PR";4127601;"412760";"Tijucas do Sul";"Não";"Região Metropolitana de Curitiba";"Motociclistas";NA;NA;NA;NA;NA;NA;NA;NA;NA;NA;NA;NA;NA;NA;NA;NA;NA;NA;NA;NA;NA;NA;NA;NA;NA
41;"PR";4127700;"412770";"Toledo";"Não";"Região Metropolitana de Toledo";"Motociclistas";NA;NA;1;NA;NA;2;1;1;1;NA;NA;2;3;6;9;6;3;5;4;5;7;7;5;4;NA
41;"PR";4127809;"412780";"Tomazina";"Não";"-";"Motociclistas";NA;NA;NA;NA;NA;NA;NA;1;NA;NA;NA;NA;NA;NA;NA;NA;NA;NA;NA;NA;NA;2;NA;NA;NA
41;"PR";4127858;"412785";"Três Barras do Paraná";"Não";"Região Metropolitana de Cascavel";"Motociclistas";NA;NA;NA;NA;NA;NA;NA;NA;NA;NA;NA;NA;NA;NA;NA;NA;NA;NA;NA;NA;NA;NA;NA;NA;NA
41;"PR";4127882;"412788";"Tunas do Paraná";"Não";"Região Metropolitana de Curitiba";"Motociclistas";NA;NA;NA;NA;NA;NA;NA;NA;NA;NA;NA;NA;NA;NA;NA;NA;NA;NA;NA;NA;NA;NA;NA;NA;NA
41;"PR";4127908;"412790";"Tuneiras do Oeste";"Não";"Região Metropolitana de Umuarama";"Motociclistas";NA;NA;NA;NA;NA;NA;NA;NA;NA;NA;NA;NA;NA;NA;NA;1;NA;1;NA;2;NA;NA;1;NA;NA
41;"PR";4127957;"412795";"Tupãssi";"Não";"Região Metropolitana de Toledo";"Motociclistas";NA;NA;NA;NA;NA;NA;NA;NA;NA;NA;NA;NA;NA;NA;NA;NA;NA;NA;NA;NA;NA;1;NA;NA;NA
41;"PR";4127965;"412796";"Turvo";"Não";"-";"Motociclistas";NA;NA;NA;NA;NA;NA;NA;NA;NA;NA;NA;NA;NA;NA;NA;NA;NA;NA;NA;NA;NA;1;1;NA;NA
41;"PR";4128005;"412800";"Ubiratã";"Não";"Região Metropolitana de Campo Mourão";"Motociclistas";NA;NA;NA;NA;NA;1;1;NA;NA;NA;1;1;NA;NA;1;NA;1;1;1;NA;NA;1;NA;1;NA
41;"PR";4128104;"412810";"Umuarama";"Não";"Região Metropolitana de Umuarama";"Motociclistas";1;3;3;2;1;NA;3;6;2;1;5;6;6;1;6;12;7;3;3;5;6;9;4;12;NA
41;"PR";4128203;"412820";"União da Vitória";"Não";"-";"Motociclistas";NA;NA;NA;NA;NA;NA;NA;NA;NA;NA;NA;NA;NA;1;1;1;NA;NA;1;1;NA;1;NA;NA;NA
41;"PR";4128302;"412830";"Uniflor";"Não";"-";"Motociclistas";NA;NA;NA;NA;NA;NA;NA;NA;NA;1;NA;NA;NA;NA;NA;NA;NA;NA;1;1;NA;NA;NA;NA;NA
41;"PR";4128401;"412840";"Uraí";"Não";"Região Metropolitana de Londrina";"Motociclistas";NA;NA;NA;NA;NA;NA;NA;1;NA;1;NA;NA;NA;NA;NA;NA;NA;NA;NA;NA;NA;NA;1;NA;NA
41;"PR";4128500;"412850";"Wenceslau Braz";"Não";"-";"Motociclistas";NA;NA;NA;NA;NA;NA;NA;NA;NA;NA;NA;NA;NA;NA;NA;NA;1;NA;NA;1;NA;2;1;1;NA
41;"PR";4128534;"412853";"Ventania";"Não";"-";"Motociclistas";NA;NA;NA;NA;NA;NA;NA;NA;NA;NA;NA;1;NA;NA;NA;NA;1;NA;NA;NA;1;NA;NA;NA;NA
41;"PR";4128559;"412855";"Vera Cruz do Oeste";"Não";"Região Metropolitana de Cascavel";"Motociclistas";NA;NA;NA;NA;NA;NA;NA;NA;NA;NA;NA;NA;NA;NA;1;1;NA;NA;NA;NA;NA;NA;NA;NA;NA
41;"PR";4128609;"412860";"Verê";"Não";"-";"Motociclistas";NA;NA;NA;NA;NA;NA;NA;NA;NA;NA;NA;NA;1;NA;NA;NA;NA;NA;NA;NA;NA;NA;NA;NA;NA
41;"PR";4128625;"412862";"Alto Paraíso";"Não";"Região Metropolitana de Umuarama";"Motociclistas";NA;NA;NA;NA;NA;NA;NA;NA;NA;NA;NA;NA;NA;1;NA;NA;NA;1;NA;NA;1;NA;NA;NA;NA
41;"PR";4128633;"412863";"Doutor Ulysses";"Não";"Região Metropolitana de Curitiba";"Motociclistas";NA;NA;NA;NA;NA;NA;NA;NA;NA;NA;NA;NA;NA;NA;NA;NA;NA;NA;NA;NA;NA;NA;NA;NA;NA
41;"PR";4128658;"412865";"Virmond";"Não";"-";"Motociclistas";NA;NA;NA;NA;NA;NA;NA;NA;NA;NA;NA;NA;NA;NA;NA;NA;NA;NA;NA;NA;NA;NA;NA;1;NA
41;"PR";4128708;"412870";"Vitorino";"Não";"-";"Motociclistas";NA;NA;NA;NA;NA;NA;NA;NA;NA;2;NA;NA;NA;NA;NA;NA;NA;NA;NA;NA;NA;NA;NA;NA;NA
41;"PR";4128807;"412880";"Xambrê";"Não";"Região Metropolitana de Umuarama";"Motociclistas";NA;NA;NA;NA;NA;1;NA;NA;NA;NA;NA;NA;NA;NA;NA;1;NA;NA;NA;NA;NA;NA;NA;NA;NA
42;"SC";4200051;"420005";"Abdon Batista";"Não";"Região Metropolitana do Contestado";"Motociclistas";NA;NA;NA;NA;NA;NA;NA;NA;NA;NA;NA;NA;NA;1;NA;NA;NA;NA;NA;NA;NA;NA;NA;NA;NA
42;"SC";4200101;"420010";"Abelardo Luz";"Não";"Região Metropolitana do Extremo Oeste";"Motociclistas";NA;NA;NA;NA;NA;NA;NA;1;NA;NA;NA;NA;NA;NA;NA;NA;NA;1;NA;NA;NA;NA;NA;NA;NA
42;"SC";4200200;"420020";"Agrolândia";"Não";"Região Metropolitana do Alto Vale do Itajaí";"Motociclistas";NA;NA;NA;NA;NA;NA;NA;NA;NA;NA;NA;NA;NA;NA;NA;NA;NA;NA;NA;NA;NA;NA;NA;NA;NA
42;"SC";4200309;"420030";"Agronômica";"Não";"Região Metropolitana do Alto Vale do Itajaí";"Motociclistas";NA;NA;NA;NA;NA;NA;NA;NA;NA;NA;NA;NA;NA;NA;NA;1;NA;NA;NA;NA;NA;NA;NA;NA;NA
42;"SC";4200408;"420040";"Água Doce";"Não";"Região Metropolitana do Contestado";"Motociclistas";NA;NA;NA;NA;NA;NA;NA;NA;NA;NA;NA;NA;NA;NA;NA;NA;NA;NA;NA;NA;NA;NA;NA;NA;NA
42;"SC";4200507;"420050";"Águas de Chapecó";"Não";"Região Metropolitana de Chapecó";"Motociclistas";NA;NA;1;NA;NA;NA;NA;NA;NA;NA;NA;NA;NA;NA;NA;NA;NA;NA;NA;NA;NA;NA;NA;NA;NA
42;"SC";4200606;"420060";"Águas Mornas";"Não";"Região Metropolitana de Florianópolis";"Motociclistas";NA;NA;NA;NA;NA;NA;NA;NA;NA;NA;NA;NA;NA;NA;NA;NA;NA;NA;NA;NA;1;NA;NA;NA;NA
42;"SC";4200705;"420070";"Alfredo Wagner";"Não";"Região Metropolitana de Florianópolis";"Motociclistas";NA;NA;NA;NA;NA;NA;NA;NA;NA;NA;NA;NA;NA;NA;NA;NA;NA;NA;1;NA;NA;NA;NA;NA;NA
42;"SC";4200754;"420075";"Alto Bela Vista";"Não";"Região Metropolitana do Contestado";"Motociclistas";NA;NA;NA;NA;NA;NA;NA;NA;NA;NA;NA;NA;NA;NA;NA;NA;NA;NA;NA;NA;NA;NA;NA;NA;NA
42;"SC";4200804;"420080";"Anchieta";"Não";"Região Metropolitana do Extremo Oeste";"Motociclistas";NA;NA;NA;NA;NA;NA;NA;NA;NA;NA;NA;NA;NA;NA;NA;NA;NA;NA;NA;NA;NA;NA;NA;NA;NA
42;"SC";4200903;"420090";"Angelina";"Não";"Região Metropolitana de Florianópolis";"Motociclistas";NA;NA;NA;NA;NA;NA;NA;NA;NA;NA;NA;NA;NA;NA;NA;NA;NA;NA;NA;NA;NA;NA;NA;NA;NA
42;"SC";4201000;"420100";"Anita Garibaldi";"Não";"Região Metropolitana de Lages";"Motociclistas";NA;NA;NA;NA;NA;NA;NA;NA;NA;NA;NA;NA;NA;NA;NA;NA;NA;NA;NA;NA;NA;NA;NA;NA;NA
42;"SC";4201109;"420110";"Anitápolis";"Não";"Região Metropolitana de Florianópolis";"Motociclistas";NA;NA;NA;NA;NA;NA;NA;NA;NA;NA;NA;NA;NA;NA;NA;NA;NA;NA;NA;NA;NA;NA;NA;NA;NA
42;"SC";4201208;"420120";"Antônio Carlos";"Não";"Região Metropolitana de Florianópolis";"Motociclistas";NA;NA;NA;NA;NA;NA;NA;NA;NA;NA;NA;NA;NA;NA;NA;NA;NA;NA;NA;NA;NA;NA;1;NA;NA
42;"SC";4201257;"420125";"Apiúna";"Não";"Região Metropolitana do Vale do Itajaí";"Motociclistas";NA;NA;NA;NA;NA;NA;NA;NA;NA;NA;NA;NA;NA;NA;NA;NA;NA;NA;NA;NA;NA;NA;NA;NA;NA
42;"SC";4201273;"420127";"Arabutã";"Não";"Região Metropolitana do Contestado";"Motociclistas";NA;NA;NA;NA;NA;NA;NA;NA;NA;NA;NA;NA;NA;NA;NA;NA;NA;NA;NA;NA;NA;NA;NA;NA;NA
42;"SC";4201307;"420130";"Araquari";"Não";"Região Metropolitana de Joinville";"Motociclistas";NA;NA;NA;NA;NA;NA;NA;NA;NA;NA;NA;1;NA;NA;NA;NA;NA;NA;3;2;1;NA;1;1;NA
42;"SC";4201406;"420140";"Araranguá";"Não";"Região Metropolitana Carbonífera";"Motociclistas";NA;NA;NA;NA;NA;NA;NA;NA;NA;NA;NA;NA;NA;NA;NA;NA;NA;NA;NA;NA;NA;NA;NA;NA;NA
42;"SC";4201505;"420150";"Armazém";"Não";"Região Metropolitana de Tubarão";"Motociclistas";NA;NA;NA;NA;NA;NA;NA;NA;NA;NA;NA;NA;NA;NA;NA;NA;NA;NA;NA;NA;NA;NA;NA;NA;NA
42;"SC";4201604;"420160";"Arroio Trinta";"Não";"Região Metropolitana do Contestado";"Motociclistas";NA;NA;NA;NA;NA;NA;NA;NA;NA;NA;NA;NA;NA;NA;NA;NA;NA;NA;NA;NA;NA;NA;NA;NA;NA
42;"SC";4201653;"420165";"Arvoredo";"Não";"Região Metropolitana de Chapecó";"Motociclistas";NA;NA;NA;NA;NA;NA;NA;NA;NA;NA;NA;NA;NA;NA;1;NA;NA;NA;NA;NA;NA;NA;NA;NA;NA
42;"SC";4201703;"420170";"Ascurra";"Não";"Região Metropolitana do Vale do Itajaí";"Motociclistas";NA;NA;NA;NA;NA;NA;NA;NA;NA;NA;NA;NA;NA;NA;NA;NA;NA;NA;NA;NA;1;NA;NA;NA;NA
42;"SC";4201802;"420180";"Atalanta";"Não";"Região Metropolitana do Alto Vale do Itajaí";"Motociclistas";NA;NA;NA;NA;NA;NA;NA;NA;NA;NA;NA;NA;NA;NA;NA;NA;NA;NA;NA;NA;NA;NA;NA;NA;NA
42;"SC";4201901;"420190";"Aurora";"Não";"Região Metropolitana do Alto Vale do Itajaí";"Motociclistas";NA;NA;NA;NA;NA;NA;NA;NA;NA;NA;NA;NA;NA;NA;NA;NA;NA;NA;NA;NA;NA;NA;NA;NA;NA
42;"SC";4201950;"420195";"Balneário Arroio do Silva";"Não";"Região Metropolitana Carbonífera";"Motociclistas";NA;NA;NA;NA;NA;NA;NA;NA;NA;NA;NA;NA;NA;NA;NA;NA;NA;NA;1;NA;NA;NA;NA;NA;NA
42;"SC";4202008;"420200";"Balneário Camboriú";"Não";"Região Metropolitana da Foz do Rio Itajaí";"Motociclistas";NA;NA;NA;1;1;NA;1;NA;1;2;3;3;NA;3;NA;NA;NA;1;1;2;NA;1;1;1;NA
42;"SC";4202057;"420205";"Balneário Barra do Sul";"Não";"Região Metropolitana de Joinville";"Motociclistas";NA;NA;NA;NA;NA;NA;NA;NA;NA;NA;NA;NA;NA;NA;NA;NA;NA;NA;NA;NA;NA;NA;NA;NA;NA
42;"SC";4202073;"420207";"Balneário Gaivota";"Não";"Região Metropolitana Carbonífera";"Motociclistas";NA;NA;NA;NA;NA;NA;NA;NA;NA;NA;NA;NA;NA;NA;NA;NA;NA;NA;NA;NA;NA;NA;NA;NA;NA
42;"SC";4202099;"420209";"Barra Bonita";"Não";"Região Metropolitana do Extremo Oeste";"Motociclistas";NA;NA;NA;NA;NA;NA;NA;NA;NA;NA;NA;NA;NA;NA;NA;NA;NA;NA;NA;NA;NA;NA;NA;NA;NA
42;"SC";4202107;"420210";"Barra Velha";"Não";"Região Metropolitana de Jaraguá do Sul";"Motociclistas";NA;NA;NA;NA;NA;NA;NA;NA;NA;NA;NA;NA;NA;NA;NA;NA;NA;NA;1;NA;1;NA;NA;NA;NA
42;"SC";4202131;"420213";"Bela Vista do Toldo";"Não";"Região Metropolitana do Planalto Norte";"Motociclistas";NA;NA;NA;NA;NA;NA;NA;NA;NA;NA;NA;NA;NA;NA;NA;NA;NA;NA;NA;NA;NA;NA;NA;NA;NA
42;"SC";4202156;"420215";"Belmonte";"Não";"Região Metropolitana do Extremo Oeste";"Motociclistas";NA;NA;NA;NA;NA;NA;NA;NA;NA;NA;NA;NA;NA;NA;1;NA;NA;NA;NA;NA;NA;NA;NA;NA;NA
42;"SC";4202206;"420220";"Benedito Novo";"Não";"Região Metropolitana do Vale do Itajaí";"Motociclistas";NA;NA;NA;NA;NA;NA;NA;NA;NA;NA;NA;NA;NA;NA;NA;NA;1;NA;NA;NA;NA;NA;NA;NA;NA
42;"SC";4202305;"420230";"Biguaçu";"Não";"Região Metropolitana de Florianópolis";"Motociclistas";NA;NA;NA;NA;NA;1;NA;NA;NA;1;1;NA;NA;NA;NA;1;1;1;1;NA;NA;NA;NA;NA;NA
42;"SC";4202404;"420240";"Blumenau";"Não";"Região Metropolitana do Vale do Itajaí";"Motociclistas";NA;NA;NA;NA;1;NA;3;1;NA;2;4;6;3;2;3;2;2;3;4;2;3;2;3;5;NA
42;"SC";4202438;"420243";"Bocaina do Sul";"Não";"Região Metropolitana de Lages";"Motociclistas";NA;NA;NA;NA;NA;NA;NA;NA;NA;NA;NA;NA;NA;NA;NA;NA;NA;NA;NA;NA;NA;1;NA;NA;NA
42;"SC";4202453;"420245";"Bombinhas";"Não";"Região Metropolitana da Foz do Rio Itajaí";"Motociclistas";NA;NA;NA;NA;NA;NA;NA;NA;NA;NA;NA;NA;NA;NA;NA;NA;NA;NA;NA;NA;NA;NA;NA;NA;NA
42;"SC";4202503;"420250";"Bom Jardim da Serra";"Não";"Região Metropolitana de Lages";"Motociclistas";NA;NA;NA;NA;NA;NA;NA;NA;NA;NA;NA;NA;NA;NA;NA;NA;NA;NA;NA;1;NA;NA;NA;NA;NA
42;"SC";4202537;"420253";"Bom Jesus";"Não";"Região Metropolitana do Extremo Oeste";"Motociclistas";NA;NA;NA;NA;NA;NA;NA;NA;NA;NA;NA;NA;NA;NA;NA;NA;NA;1;NA;NA;NA;NA;NA;NA;NA
42;"SC";4202578;"420257";"Bom Jesus do Oeste";"Não";"Região Metropolitana do Extremo Oeste";"Motociclistas";NA;NA;NA;NA;NA;NA;NA;NA;NA;NA;NA;NA;NA;NA;NA;NA;NA;NA;NA;NA;NA;NA;NA;NA;NA
42;"SC";4202602;"420260";"Bom Retiro";"Não";"Região Metropolitana de Lages";"Motociclistas";NA;NA;NA;NA;NA;NA;NA;NA;NA;NA;NA;NA;NA;NA;NA;NA;1;NA;NA;NA;NA;NA;NA;NA;NA
42;"SC";4202701;"420270";"Botuverá";"Não";"Região Metropolitana do Vale do Itajaí";"Motociclistas";NA;NA;NA;NA;NA;NA;NA;NA;NA;NA;NA;NA;NA;NA;NA;NA;NA;NA;NA;NA;NA;NA;NA;NA;NA
42;"SC";4202800;"420280";"Braço do Norte";"Não";"Região Metropolitana de Tubarão";"Motociclistas";NA;1;NA;NA;NA;NA;NA;NA;NA;NA;1;NA;NA;NA;NA;NA;NA;NA;NA;NA;NA;NA;NA;1;NA
42;"SC";4202875;"420287";"Brunópolis";"Não";"Região Metropolitana do Contestado";"Motociclistas";NA;NA;NA;NA;NA;NA;NA;NA;NA;NA;NA;NA;NA;NA;NA;NA;NA;1;NA;NA;NA;NA;NA;NA;NA
42;"SC";4202909;"420290";"Brusque";"Não";"Região Metropolitana do Vale do Itajaí";"Motociclistas";1;NA;NA;NA;NA;1;NA;2;NA;1;1;3;4;1;3;4;NA;1;1;3;10;6;8;4;NA
42;"SC";4203006;"420300";"Caçador";"Não";"Região Metropolitana do Contestado";"Motociclistas";NA;NA;NA;NA;NA;NA;NA;NA;1;2;1;1;NA;NA;1;1;2;3;4;1;NA;2;1;NA;NA
42;"SC";4203105;"420310";"Caibi";"Não";"Região Metropolitana do Extremo Oeste";"Motociclistas";NA;NA;NA;NA;NA;NA;NA;NA;NA;NA;NA;NA;NA;NA;NA;1;NA;NA;NA;NA;NA;NA;NA;NA;NA
42;"SC";4203154;"420315";"Calmon";"Não";"Região Metropolitana do Contestado";"Motociclistas";NA;NA;NA;NA;NA;NA;NA;NA;NA;NA;NA;NA;NA;NA;NA;NA;NA;NA;NA;NA;NA;NA;NA;NA;NA
42;"SC";4203204;"420320";"Camboriú";"Não";"Região Metropolitana da Foz do Rio Itajaí";"Motociclistas";NA;NA;NA;NA;NA;NA;NA;NA;NA;NA;NA;1;NA;NA;1;NA;NA;NA;NA;NA;NA;1;NA;1;NA
42;"SC";4203253;"420325";"Capão Alto";"Não";"Região Metropolitana de Lages";"Motociclistas";NA;NA;NA;NA;NA;NA;NA;NA;NA;NA;NA;NA;NA;NA;NA;NA;NA;1;NA;NA;NA;NA;NA;NA;NA
42;"SC";4203303;"420330";"Campo Alegre";"Não";"Região Metropolitana de Joinville";"Motociclistas";NA;NA;NA;NA;NA;NA;NA;NA;NA;NA;NA;NA;NA;NA;NA;NA;NA;NA;NA;NA;NA;NA;NA;1;NA
42;"SC";4203402;"420340";"Campo Belo do Sul";"Não";"Região Metropolitana de Lages";"Motociclistas";NA;NA;NA;NA;NA;NA;1;NA;NA;NA;NA;NA;NA;NA;NA;NA;NA;NA;NA;NA;NA;NA;NA;NA;NA
42;"SC";4203501;"420350";"Campo Erê";"Não";"Região Metropolitana do Extremo Oeste";"Motociclistas";NA;NA;NA;NA;NA;NA;NA;NA;NA;NA;NA;NA;NA;NA;NA;NA;NA;NA;NA;NA;NA;1;NA;NA;NA
42;"SC";4203600;"420360";"Campos Novos";"Não";"Região Metropolitana do Contestado";"Motociclistas";NA;NA;NA;NA;NA;NA;NA;NA;NA;NA;NA;NA;NA;NA;3;1;NA;NA;NA;1;NA;NA;NA;NA;NA
42;"SC";4203709;"420370";"Canelinha";"Não";"Região Metropolitana de Florianópolis";"Motociclistas";NA;NA;NA;NA;NA;NA;NA;NA;NA;NA;NA;NA;NA;NA;NA;NA;NA;NA;NA;NA;NA;NA;NA;NA;NA
42;"SC";4203808;"420380";"Canoinhas";"Não";"Região Metropolitana do Planalto Norte";"Motociclistas";NA;NA;NA;NA;NA;NA;NA;NA;NA;NA;NA;NA;NA;NA;NA;NA;NA;NA;NA;NA;NA;NA;NA;1;NA
42;"SC";4203907;"420390";"Capinzal";"Não";"Região Metropolitana do Contestado";"Motociclistas";NA;NA;NA;NA;NA;NA;NA;NA;NA;NA;NA;NA;NA;NA;NA;NA;1;NA;NA;NA;NA;NA;NA;NA;NA
42;"SC";4203956;"420395";"Capivari de Baixo";"Não";"Região Metropolitana de Tubarão";"Motociclistas";NA;NA;NA;1;NA;NA;NA;NA;NA;NA;NA;NA;1;NA;NA;NA;NA;NA;NA;NA;NA;NA;NA;NA;NA
42;"SC";4204004;"420400";"Catanduvas";"Não";"Região Metropolitana do Contestado";"Motociclistas";NA;NA;NA;NA;NA;NA;NA;NA;NA;NA;NA;NA;NA;NA;NA;NA;NA;NA;NA;NA;NA;NA;NA;NA;NA
42;"SC";4204103;"420410";"Caxambu do Sul";"Não";"Região Metropolitana de Chapecó";"Motociclistas";NA;NA;NA;NA;NA;NA;NA;NA;NA;NA;NA;NA;NA;NA;NA;NA;NA;NA;NA;NA;NA;NA;NA;NA;NA
42;"SC";4204194;"420419";"Chapadão do Lageado";"Não";"Região Metropolitana do Alto Vale do Itajaí";"Motociclistas";NA;NA;NA;NA;NA;NA;NA;NA;NA;NA;NA;NA;NA;NA;NA;NA;NA;NA;NA;NA;NA;NA;NA;NA;NA
42;"SC";4204202;"420420";"Chapecó";"Não";"Região Metropolitana de Chapecó";"Motociclistas";NA;1;NA;NA;NA;2;NA;NA;NA;NA;1;2;1;1;NA;1;5;4;3;3;4;4;NA;5;NA
42;"SC";4204251;"420425";"Cocal do Sul";"Não";"Região Metropolitana Carbonífera";"Motociclistas";NA;NA;NA;NA;NA;NA;NA;NA;NA;NA;NA;NA;NA;NA;NA;NA;NA;NA;NA;NA;NA;NA;NA;NA;NA
42;"SC";4204301;"420430";"Concórdia";"Não";"Região Metropolitana do Contestado";"Motociclistas";NA;NA;NA;NA;NA;NA;1;NA;NA;NA;NA;2;1;NA;NA;NA;NA;NA;NA;1;NA;NA;NA;1;NA
42;"SC";4204350;"420435";"Cordilheira Alta";"Não";"Região Metropolitana de Chapecó";"Motociclistas";NA;NA;NA;NA;NA;NA;NA;NA;NA;NA;NA;NA;NA;NA;NA;NA;NA;NA;NA;NA;NA;NA;NA;1;NA
42;"SC";4204400;"420440";"Coronel Freitas";"Não";"Região Metropolitana de Chapecó";"Motociclistas";NA;NA;NA;NA;NA;NA;NA;NA;NA;NA;NA;NA;NA;NA;1;NA;NA;NA;NA;NA;NA;NA;NA;NA;NA
42;"SC";4204459;"420445";"Coronel Martins";"Não";"Região Metropolitana do Extremo Oeste";"Motociclistas";NA;NA;NA;NA;NA;NA;NA;NA;NA;NA;NA;NA;NA;NA;NA;NA;NA;NA;NA;NA;NA;NA;NA;NA;NA
42;"SC";4204509;"420450";"Corupá";"Não";"Região Metropolitana de Jaraguá do Sul";"Motociclistas";NA;NA;NA;NA;NA;NA;NA;NA;NA;NA;NA;NA;NA;NA;NA;NA;NA;NA;NA;NA;NA;NA;NA;NA;NA
42;"SC";4204558;"420455";"Correia Pinto";"Não";"Região Metropolitana de Lages";"Motociclistas";NA;NA;NA;NA;NA;NA;NA;NA;NA;NA;NA;NA;NA;NA;NA;NA;NA;NA;NA;NA;1;NA;NA;NA;NA
42;"SC";4204608;"420460";"Criciúma";"Não";"Região Metropolitana Carbonífera";"Motociclistas";NA;NA;3;1;NA;NA;1;2;1;3;1;2;1;2;3;1;2;1;NA;1;2;1;2;1;NA
42;"SC";4204707;"420470";"Cunha Porã";"Não";"Região Metropolitana do Extremo Oeste";"Motociclistas";NA;NA;NA;NA;NA;NA;NA;NA;NA;NA;NA;NA;NA;1;1;NA;NA;NA;NA;NA;NA;NA;NA;NA;NA
42;"SC";4204806;"420480";"Curitibanos";"Não";"Região Metropolitana de Lages";"Motociclistas";NA;NA;NA;NA;NA;NA;NA;NA;NA;NA;NA;NA;NA;NA;NA;NA;1;NA;NA;NA;NA;1;NA;NA;NA
42;"SC";4204905;"420490";"Descanso";"Não";"Região Metropolitana do Extremo Oeste";"Motociclistas";NA;NA;NA;NA;NA;NA;NA;NA;1;NA;NA;NA;1;NA;NA;NA;NA;NA;NA;NA;NA;1;NA;NA;NA
42;"SC";4205001;"420500";"Dionísio Cerqueira";"Não";"Região Metropolitana do Extremo Oeste";"Motociclistas";NA;NA;NA;NA;NA;NA;NA;NA;NA;NA;NA;NA;NA;1;NA;NA;NA;1;NA;1;NA;1;NA;NA;NA
42;"SC";4205100;"420510";"Dona Emma";"Não";"Região Metropolitana do Alto Vale do Itajaí";"Motociclistas";NA;NA;NA;NA;NA;NA;NA;NA;NA;NA;NA;NA;NA;NA;NA;NA;NA;NA;NA;NA;NA;NA;NA;NA;NA
42;"SC";4205159;"420515";"Doutor Pedrinho";"Não";"Região Metropolitana do Vale do Itajaí";"Motociclistas";NA;NA;NA;NA;NA;NA;NA;NA;NA;NA;NA;NA;NA;NA;NA;NA;NA;NA;NA;NA;NA;NA;NA;NA;NA
42;"SC";4205175;"420517";"Entre Rios";"Não";"Região Metropolitana do Extremo Oeste";"Motociclistas";NA;NA;NA;NA;NA;NA;NA;NA;NA;NA;NA;NA;NA;NA;NA;NA;NA;NA;NA;NA;1;NA;NA;NA;NA
42;"SC";4205191;"420519";"Ermo";"Não";"Região Metropolitana Carbonífera";"Motociclistas";NA;NA;NA;NA;NA;NA;NA;NA;NA;NA;NA;NA;NA;NA;NA;NA;NA;NA;NA;NA;NA;NA;NA;NA;NA
42;"SC";4205209;"420520";"Erval Velho";"Não";"Região Metropolitana do Contestado";"Motociclistas";NA;NA;NA;NA;NA;NA;NA;NA;NA;NA;NA;NA;NA;NA;NA;NA;NA;NA;NA;NA;NA;NA;NA;NA;NA
42;"SC";4205308;"420530";"Faxinal dos Guedes";"Não";"Região Metropolitana de Chapecó";"Motociclistas";NA;NA;NA;NA;NA;NA;NA;NA;NA;NA;NA;NA;NA;NA;NA;NA;NA;NA;NA;NA;NA;NA;NA;1;NA
42;"SC";4205357;"420535";"Flor do Sertão";"Não";"Região Metropolitana do Extremo Oeste";"Motociclistas";NA;NA;NA;NA;NA;NA;NA;NA;NA;NA;NA;NA;NA;NA;NA;NA;NA;NA;NA;NA;NA;NA;NA;NA;NA
42;"SC";4205407;"420540";"Florianópolis";"Sim";"Região Metropolitana de Florianópolis";"Motociclistas";3;2;NA;1;1;1;1;2;1;5;3;3;4;7;8;5;5;2;2;4;2;2;3;5;NA
42;"SC";4205431;"420543";"Formosa do Sul";"Não";"Região Metropolitana do Extremo Oeste";"Motociclistas";NA;NA;NA;NA;NA;NA;NA;NA;NA;NA;NA;NA;NA;NA;NA;NA;NA;NA;NA;NA;NA;NA;NA;NA;NA
42;"SC";4205456;"420545";"Forquilhinha";"Não";"Região Metropolitana Carbonífera";"Motociclistas";NA;NA;1;NA;NA;NA;NA;NA;NA;NA;NA;NA;NA;NA;NA;NA;NA;NA;NA;NA;NA;NA;NA;NA;NA
42;"SC";4205506;"420550";"Fraiburgo";"Não";"Região Metropolitana do Contestado";"Motociclistas";NA;NA;NA;NA;NA;NA;NA;NA;NA;NA;NA;1;NA;NA;1;NA;NA;NA;NA;NA;NA;NA;NA;NA;NA
42;"SC";4205605;"420560";"Galvão";"Não";"Região Metropolitana do Extremo Oeste";"Motociclistas";NA;NA;NA;NA;NA;NA;NA;NA;NA;NA;NA;NA;NA;NA;NA;NA;NA;NA;NA;NA;NA;NA;NA;NA;NA
42;"SC";4205704;"420570";"Garopaba";"Não";"Região Metropolitana de Florianópolis";"Motociclistas";NA;NA;NA;NA;NA;NA;NA;NA;NA;NA;NA;NA;NA;NA;NA;NA;NA;NA;NA;NA;NA;NA;1;NA;NA
42;"SC";4205803;"420580";"Garuva";"Não";"Região Metropolitana de Joinville";"Motociclistas";NA;NA;NA;NA;NA;NA;NA;NA;NA;NA;NA;NA;NA;1;NA;NA;NA;1;NA;1;NA;NA;NA;NA;NA
42;"SC";4205902;"420590";"Gaspar";"Não";"Região Metropolitana do Vale do Itajaí";"Motociclistas";NA;NA;NA;NA;NA;1;NA;NA;NA;1;NA;2;NA;NA;NA;NA;NA;3;NA;NA;1;3;NA;2;NA
42;"SC";4206009;"420600";"Governador Celso Ramos";"Não";"Região Metropolitana de Florianópolis";"Motociclistas";NA;NA;NA;NA;NA;NA;NA;NA;NA;NA;NA;NA;NA;NA;NA;NA;NA;NA;NA;NA;NA;NA;NA;NA;NA
42;"SC";4206108;"420610";"Grão-Pará";"Não";"Região Metropolitana de Tubarão";"Motociclistas";NA;NA;NA;NA;NA;NA;NA;NA;NA;NA;NA;NA;NA;NA;NA;NA;NA;NA;NA;NA;NA;1;NA;NA;NA
42;"SC";4206207;"420620";"Gravatal";"Não";"Região Metropolitana de Tubarão";"Motociclistas";NA;NA;NA;NA;NA;NA;NA;NA;NA;NA;NA;NA;NA;NA;NA;NA;NA;NA;NA;NA;NA;NA;NA;NA;NA
42;"SC";4206306;"420630";"Guabiruba";"Não";"Região Metropolitana do Vale do Itajaí";"Motociclistas";NA;NA;NA;NA;NA;NA;NA;NA;NA;NA;NA;NA;NA;NA;NA;NA;NA;NA;NA;NA;NA;NA;2;NA;NA
42;"SC";4206405;"420640";"Guaraciaba";"Não";"Região Metropolitana do Extremo Oeste";"Motociclistas";NA;NA;NA;NA;NA;NA;NA;NA;1;NA;NA;NA;NA;NA;NA;NA;NA;NA;NA;NA;NA;NA;NA;NA;NA
42;"SC";4206504;"420650";"Guaramirim";"Não";"Região Metropolitana de Jaraguá do Sul";"Motociclistas";NA;NA;NA;NA;NA;NA;NA;NA;NA;NA;NA;NA;2;1;NA;NA;NA;2;NA;NA;NA;NA;NA;1;NA
42;"SC";4206603;"420660";"Guarujá do Sul";"Não";"Região Metropolitana do Extremo Oeste";"Motociclistas";NA;NA;NA;NA;NA;NA;NA;NA;NA;NA;NA;NA;NA;NA;NA;NA;NA;NA;NA;NA;NA;NA;NA;NA;NA
42;"SC";4206652;"420665";"Guatambú";"Não";"Região Metropolitana de Chapecó";"Motociclistas";NA;NA;NA;NA;2;NA;NA;NA;NA;NA;NA;NA;NA;NA;NA;NA;NA;NA;NA;NA;NA;NA;NA;NA;NA
42;"SC";4206702;"420670";"Herval d'Oeste";"Não";"Região Metropolitana do Contestado";"Motociclistas";NA;NA;NA;NA;NA;NA;NA;NA;NA;NA;1;NA;NA;NA;NA;NA;NA;NA;NA;NA;NA;NA;NA;NA;NA
42;"SC";4206751;"420675";"Ibiam";"Não";"Região Metropolitana do Contestado";"Motociclistas";NA;NA;NA;NA;NA;NA;NA;NA;NA;NA;NA;NA;NA;NA;NA;NA;NA;NA;NA;NA;NA;NA;NA;NA;NA
42;"SC";4206801;"420680";"Ibicaré";"Não";"Região Metropolitana do Contestado";"Motociclistas";NA;NA;NA;NA;NA;NA;NA;NA;NA;NA;NA;NA;NA;NA;NA;NA;NA;NA;NA;NA;NA;NA;NA;NA;NA
42;"SC";4206900;"420690";"Ibirama";"Não";"Região Metropolitana do Alto Vale do Itajaí";"Motociclistas";NA;NA;NA;NA;NA;NA;NA;NA;NA;NA;NA;NA;NA;1;1;2;NA;NA;1;NA;NA;NA;NA;NA;NA
42;"SC";4207007;"420700";"Içara";"Não";"Região Metropolitana Carbonífera";"Motociclistas";NA;NA;NA;NA;1;NA;NA;NA;NA;NA;1;1;NA;NA;NA;NA;NA;NA;NA;NA;NA;NA;1;NA;NA
42;"SC";4207106;"420710";"Ilhota";"Não";"Região Metropolitana do Vale do Itajaí";"Motociclistas";NA;NA;NA;NA;NA;NA;NA;NA;NA;NA;NA;NA;NA;NA;NA;NA;NA;2;NA;1;NA;1;NA;NA;NA
42;"SC";4207205;"420720";"Imaruí";"Não";"Região Metropolitana de Tubarão";"Motociclistas";NA;NA;NA;NA;NA;NA;NA;NA;NA;NA;NA;NA;NA;NA;NA;NA;NA;NA;NA;NA;NA;NA;NA;NA;NA
42;"SC";4207304;"420730";"Imbituba";"Não";"Região Metropolitana de Tubarão";"Motociclistas";NA;NA;NA;NA;NA;1;NA;NA;NA;NA;2;NA;NA;NA;1;NA;1;1;NA;NA;NA;NA;NA;1;NA
42;"SC";4207403;"420740";"Imbuia";"Não";"Região Metropolitana do Alto Vale do Itajaí";"Motociclistas";NA;NA;NA;NA;NA;NA;NA;NA;NA;NA;NA;NA;NA;NA;NA;1;NA;NA;NA;NA;NA;NA;NA;NA;NA
42;"SC";4207502;"420750";"Indaial";"Não";"Região Metropolitana do Vale do Itajaí";"Motociclistas";NA;NA;NA;NA;NA;NA;NA;1;NA;1;1;NA;1;NA;2;1;3;1;NA;NA;2;3;2;NA;NA
42;"SC";4207577;"420757";"Iomerê";"Não";"Região Metropolitana do Contestado";"Motociclistas";NA;NA;NA;NA;NA;NA;NA;NA;NA;NA;NA;NA;NA;NA;NA;NA;NA;NA;NA;NA;NA;NA;NA;NA;NA
42;"SC";4207601;"420760";"Ipira";"Não";"Região Metropolitana do Contestado";"Motociclistas";NA;NA;NA;NA;NA;NA;NA;NA;NA;NA;NA;NA;NA;NA;NA;NA;NA;1;NA;NA;NA;NA;NA;NA;NA
42;"SC";4207650;"420765";"Iporã do Oeste";"Não";"Região Metropolitana do Extremo Oeste";"Motociclistas";NA;NA;NA;NA;NA;NA;NA;NA;NA;NA;NA;NA;NA;NA;NA;NA;NA;NA;NA;NA;NA;NA;NA;NA;NA
42;"SC";4207684;"420768";"Ipuaçu";"Não";"Região Metropolitana do Extremo Oeste";"Motociclistas";NA;NA;NA;NA;NA;NA;NA;NA;NA;NA;NA;NA;NA;NA;1;NA;NA;NA;NA;NA;NA;NA;NA;NA;NA
42;"SC";4207700;"420770";"Ipumirim";"Não";"Região Metropolitana do Contestado";"Motociclistas";NA;NA;NA;NA;NA;NA;NA;NA;NA;NA;NA;NA;NA;NA;NA;NA;NA;NA;NA;NA;NA;NA;NA;NA;NA
42;"SC";4207759;"420775";"Iraceminha";"Não";"Região Metropolitana do Extremo Oeste";"Motociclistas";NA;NA;NA;NA;NA;NA;NA;NA;NA;NA;NA;1;NA;NA;NA;NA;NA;NA;NA;NA;NA;NA;NA;NA;NA
42;"SC";4207809;"420780";"Irani";"Não";"Região Metropolitana do Contestado";"Motociclistas";NA;NA;NA;NA;NA;NA;NA;NA;NA;NA;NA;NA;NA;NA;NA;NA;NA;NA;NA;NA;NA;NA;NA;NA;NA
42;"SC";4207858;"420785";"Irati";"Não";"Região Metropolitana do Extremo Oeste";"Motociclistas";NA;NA;NA;NA;NA;NA;NA;NA;NA;NA;NA;NA;NA;1;NA;NA;NA;NA;NA;NA;NA;NA;NA;NA;NA
42;"SC";4207908;"420790";"Irineópolis";"Não";"Região Metropolitana do Planalto Norte";"Motociclistas";NA;NA;NA;NA;NA;NA;NA;NA;1;NA;NA;NA;NA;NA;NA;NA;NA;NA;NA;NA;NA;NA;NA;NA;NA
42;"SC";4208005;"420800";"Itá";"Não";"Região Metropolitana de Chapecó";"Motociclistas";NA;NA;NA;NA;NA;NA;NA;NA;NA;NA;NA;NA;NA;NA;NA;NA;NA;NA;NA;NA;NA;NA;NA;NA;NA
42;"SC";4208104;"420810";"Itaiópolis";"Não";"Região Metropolitana do Planalto Norte";"Motociclistas";NA;NA;NA;NA;NA;NA;NA;NA;NA;1;NA;NA;NA;NA;NA;NA;NA;NA;NA;NA;NA;NA;NA;NA;NA
42;"SC";4208203;"420820";"Itajaí";"Não";"Região Metropolitana da Foz do Rio Itajaí";"Motociclistas";NA;1;NA;NA;1;NA;2;1;2;NA;NA;1;5;1;3;5;1;4;1;5;3;5;1;4;NA
42;"SC";4208302;"420830";"Itapema";"Não";"Região Metropolitana da Foz do Rio Itajaí";"Motociclistas";NA;NA;NA;NA;NA;NA;NA;NA;NA;NA;NA;NA;NA;NA;NA;NA;NA;NA;NA;NA;NA;NA;2;NA;NA
42;"SC";4208401;"420840";"Itapiranga";"Não";"Região Metropolitana do Extremo Oeste";"Motociclistas";1;NA;NA;NA;NA;NA;NA;NA;NA;NA;NA;NA;1;NA;NA;NA;NA;NA;NA;NA;NA;NA;NA;NA;NA
42;"SC";4208450;"420845";"Itapoá";"Não";"Região Metropolitana de Joinville";"Motociclistas";NA;NA;NA;NA;NA;NA;NA;NA;NA;NA;NA;NA;NA;NA;1;NA;NA;NA;NA;NA;NA;NA;NA;NA;NA
42;"SC";4208500;"420850";"Ituporanga";"Não";"Região Metropolitana do Alto Vale do Itajaí";"Motociclistas";NA;NA;NA;NA;NA;NA;1;NA;NA;NA;NA;NA;NA;NA;NA;NA;2;NA;NA;1;1;NA;NA;NA;NA
42;"SC";4208609;"420860";"Jaborá";"Não";"Região Metropolitana do Contestado";"Motociclistas";NA;NA;NA;NA;NA;2;NA;NA;NA;NA;NA;NA;NA;NA;NA;NA;NA;NA;NA;NA;1;NA;NA;NA;NA
42;"SC";4208708;"420870";"Jacinto Machado";"Não";"Região Metropolitana Carbonífera";"Motociclistas";NA;NA;NA;NA;NA;NA;NA;NA;NA;NA;NA;NA;NA;NA;NA;NA;NA;NA;NA;NA;NA;NA;NA;NA;NA
42;"SC";4208807;"420880";"Jaguaruna";"Não";"Região Metropolitana de Tubarão";"Motociclistas";NA;NA;NA;NA;NA;NA;NA;NA;NA;NA;NA;NA;NA;1;NA;NA;NA;NA;NA;NA;NA;NA;NA;1;NA
42;"SC";4208906;"420890";"Jaraguá do Sul";"Não";"Região Metropolitana de Jaraguá do Sul";"Motociclistas";NA;NA;NA;NA;2;1;NA;1;2;3;3;3;2;1;2;NA;3;1;1;3;1;2;NA;6;NA
42;"SC";4208955;"420895";"Jardinópolis";"Não";"Região Metropolitana do Extremo Oeste";"Motociclistas";NA;NA;NA;NA;NA;NA;NA;NA;NA;NA;NA;NA;NA;NA;NA;NA;NA;1;NA;NA;NA;NA;NA;NA;NA
42;"SC";4209003;"420900";"Joaçaba";"Não";"Região Metropolitana do Contestado";"Motociclistas";NA;NA;NA;NA;NA;NA;NA;NA;NA;NA;NA;1;NA;NA;1;NA;NA;NA;NA;NA;NA;NA;1;NA;NA
42;"SC";4209102;"420910";"Joinville";"Não";"Região Metropolitana de Joinville";"Motociclistas";NA;NA;NA;NA;NA;1;3;1;2;5;7;4;6;NA;9;6;6;3;2;4;3;5;4;3;NA
42;"SC";4209151;"420915";"José Boiteux";"Não";"Região Metropolitana do Alto Vale do Itajaí";"Motociclistas";NA;NA;NA;NA;NA;NA;NA;NA;NA;1;NA;NA;NA;NA;NA;NA;NA;NA;NA;NA;1;NA;NA;NA;NA
42;"SC";4209177;"420917";"Jupiá";"Não";"Região Metropolitana do Extremo Oeste";"Motociclistas";NA;NA;NA;NA;NA;NA;NA;NA;NA;NA;NA;NA;NA;NA;NA;NA;NA;NA;NA;NA;NA;NA;NA;NA;NA
42;"SC";4209201;"420920";"Lacerdópolis";"Não";"Região Metropolitana do Contestado";"Motociclistas";NA;NA;NA;NA;NA;NA;NA;NA;NA;NA;NA;NA;NA;NA;NA;NA;NA;NA;NA;NA;NA;NA;NA;NA;NA
42;"SC";4209300;"420930";"Lages";"Não";"Região Metropolitana de Lages";"Motociclistas";NA;NA;NA;NA;NA;NA;NA;NA;NA;1;1;NA;2;1;1;1;1;1;1;2;1;NA;2;3;NA
42;"SC";4209409;"420940";"Laguna";"Não";"Região Metropolitana de Tubarão";"Motociclistas";NA;NA;NA;NA;1;2;2;1;NA;NA;NA;NA;1;NA;NA;1;NA;NA;NA;NA;NA;NA;1;2;NA
42;"SC";4209458;"420945";"Lajeado Grande";"Não";"Região Metropolitana de Chapecó";"Motociclistas";NA;NA;NA;NA;NA;NA;NA;NA;NA;NA;NA;NA;NA;NA;NA;NA;NA;NA;NA;NA;NA;NA;NA;NA;NA
42;"SC";4209508;"420950";"Laurentino";"Não";"Região Metropolitana do Alto Vale do Itajaí";"Motociclistas";NA;NA;NA;NA;NA;NA;NA;NA;NA;NA;NA;NA;NA;NA;NA;NA;NA;NA;NA;NA;NA;NA;NA;NA;NA
42;"SC";4209607;"420960";"Lauro Müller";"Não";"Região Metropolitana Carbonífera";"Motociclistas";NA;1;NA;NA;NA;NA;NA;NA;NA;NA;NA;NA;NA;NA;1;NA;NA;NA;NA;NA;NA;1;NA;NA;NA
42;"SC";4209706;"420970";"Lebon Régis";"Não";"Região Metropolitana do Contestado";"Motociclistas";NA;NA;NA;NA;NA;NA;NA;NA;NA;NA;NA;NA;NA;NA;NA;NA;NA;NA;1;NA;NA;NA;NA;NA;NA
42;"SC";4209805;"420980";"Leoberto Leal";"Não";"Região Metropolitana de Florianópolis";"Motociclistas";NA;NA;NA;NA;NA;NA;NA;NA;NA;NA;NA;NA;NA;NA;NA;NA;NA;NA;NA;NA;NA;NA;NA;NA;NA
42;"SC";4209854;"420985";"Lindóia do Sul";"Não";"Região Metropolitana do Contestado";"Motociclistas";NA;NA;NA;NA;NA;NA;NA;NA;NA;NA;NA;NA;NA;NA;NA;NA;NA;NA;NA;NA;NA;NA;NA;NA;NA
42;"SC";4209904;"420990";"Lontras";"Não";"Região Metropolitana do Alto Vale do Itajaí";"Motociclistas";NA;NA;NA;NA;1;NA;NA;NA;NA;NA;NA;NA;NA;NA;NA;NA;NA;NA;NA;NA;NA;NA;NA;1;NA
42;"SC";4210001;"421000";"Luiz Alves";"Não";"Região Metropolitana do Vale do Itajaí";"Motociclistas";NA;NA;NA;NA;NA;NA;NA;1;NA;NA;NA;NA;NA;NA;NA;NA;NA;NA;NA;NA;NA;NA;NA;NA;NA
42;"SC";4210035;"421003";"Luzerna";"Não";"Região Metropolitana do Contestado";"Motociclistas";NA;NA;NA;NA;NA;NA;NA;NA;NA;NA;NA;NA;NA;NA;NA;NA;NA;NA;NA;NA;NA;NA;NA;NA;NA
42;"SC";4210100;"421010";"Mafra";"Não";"Região Metropolitana do Planalto Norte";"Motociclistas";NA;NA;NA;NA;NA;NA;NA;NA;NA;NA;NA;NA;NA;NA;NA;NA;NA;NA;NA;NA;1;NA;NA;1;NA
42;"SC";4210209;"421020";"Major Gercino";"Não";"Região Metropolitana de Florianópolis";"Motociclistas";NA;NA;NA;NA;NA;NA;NA;NA;NA;NA;NA;NA;NA;NA;NA;NA;NA;NA;NA;NA;NA;NA;NA;NA;NA
42;"SC";4210308;"421030";"Major Vieira";"Não";"Região Metropolitana do Planalto Norte";"Motociclistas";NA;NA;NA;NA;NA;NA;NA;NA;NA;NA;NA;NA;NA;NA;NA;NA;NA;NA;NA;NA;NA;NA;NA;NA;NA
42;"SC";4210407;"421040";"Maracajá";"Não";"Região Metropolitana Carbonífera";"Motociclistas";NA;NA;NA;NA;NA;NA;NA;NA;1;NA;NA;NA;NA;NA;NA;NA;NA;1;NA;NA;NA;NA;NA;NA;NA
42;"SC";4210506;"421050";"Maravilha";"Não";"Região Metropolitana do Extremo Oeste";"Motociclistas";NA;NA;NA;NA;NA;NA;NA;NA;NA;NA;NA;NA;NA;NA;NA;NA;1;NA;NA;NA;NA;1;NA;NA;NA
42;"SC";4210605;"421060";"Massaranduba";"Não";"Região Metropolitana de Jaraguá do Sul";"Motociclistas";1;NA;NA;NA;NA;NA;NA;NA;NA;NA;NA;NA;NA;NA;NA;NA;NA;NA;NA;NA;1;NA;NA;1;NA
42;"SC";4210704;"421070";"Matos Costa";"Não";"Região Metropolitana do Contestado";"Motociclistas";NA;NA;NA;NA;NA;NA;NA;NA;NA;NA;NA;NA;NA;NA;NA;NA;NA;NA;NA;NA;NA;NA;NA;NA;NA
42;"SC";4210803;"421080";"Meleiro";"Não";"Região Metropolitana Carbonífera";"Motociclistas";NA;NA;NA;NA;NA;NA;NA;NA;NA;NA;NA;NA;NA;NA;NA;NA;NA;NA;NA;NA;NA;NA;NA;NA;NA
42;"SC";4210852;"421085";"Mirim Doce";"Não";"Região Metropolitana do Alto Vale do Itajaí";"Motociclistas";NA;NA;NA;NA;NA;NA;1;NA;NA;NA;NA;NA;NA;NA;NA;NA;NA;NA;NA;NA;NA;NA;NA;NA;NA
42;"SC";4210902;"421090";"Modelo";"Não";"Região Metropolitana do Extremo Oeste";"Motociclistas";NA;NA;NA;NA;NA;NA;NA;NA;NA;NA;NA;NA;NA;NA;NA;NA;NA;NA;NA;NA;NA;NA;NA;NA;NA
42;"SC";4211009;"421100";"Mondaí";"Não";"Região Metropolitana do Extremo Oeste";"Motociclistas";NA;NA;NA;NA;NA;NA;NA;NA;NA;NA;NA;NA;NA;NA;NA;NA;1;NA;NA;NA;NA;NA;NA;NA;NA
42;"SC";4211058;"421105";"Monte Carlo";"Não";"Região Metropolitana do Contestado";"Motociclistas";NA;NA;NA;NA;NA;NA;NA;NA;NA;NA;NA;NA;NA;NA;NA;NA;NA;NA;NA;NA;NA;NA;NA;NA;NA
42;"SC";4211108;"421110";"Monte Castelo";"Não";"Região Metropolitana do Planalto Norte";"Motociclistas";NA;NA;NA;NA;1;NA;NA;NA;NA;NA;NA;NA;NA;NA;NA;NA;NA;NA;NA;NA;NA;NA;NA;NA;NA
42;"SC";4211207;"421120";"Morro da Fumaça";"Não";"Região Metropolitana Carbonífera";"Motociclistas";NA;NA;NA;NA;NA;NA;NA;NA;1;NA;NA;NA;NA;NA;NA;NA;NA;NA;NA;NA;NA;NA;NA;NA;NA
42;"SC";4211256;"421125";"Morro Grande";"Não";"Região Metropolitana Carbonífera";"Motociclistas";NA;NA;NA;NA;NA;NA;NA;NA;NA;NA;NA;NA;1;NA;NA;NA;NA;NA;NA;NA;NA;NA;NA;NA;NA
42;"SC";4211306;"421130";"Navegantes";"Não";"Região Metropolitana da Foz do Rio Itajaí";"Motociclistas";NA;NA;NA;NA;NA;1;NA;NA;NA;NA;NA;NA;NA;NA;NA;NA;1;NA;1;1;1;NA;2;1;NA
42;"SC";4211405;"421140";"Nova Erechim";"Não";"Região Metropolitana de Chapecó";"Motociclistas";NA;NA;NA;NA;NA;NA;NA;NA;NA;NA;NA;NA;NA;NA;NA;NA;NA;NA;NA;NA;NA;NA;NA;NA;NA
42;"SC";4211454;"421145";"Nova Itaberaba";"Não";"Região Metropolitana de Chapecó";"Motociclistas";NA;NA;NA;NA;NA;NA;NA;NA;NA;NA;NA;NA;NA;NA;NA;NA;NA;NA;NA;NA;NA;NA;NA;NA;NA
42;"SC";4211504;"421150";"Nova Trento";"Não";"Região Metropolitana de Florianópolis";"Motociclistas";NA;NA;NA;NA;NA;NA;NA;NA;NA;NA;NA;NA;NA;NA;NA;NA;NA;NA;NA;NA;NA;NA;NA;NA;NA
42;"SC";4211603;"421160";"Nova Veneza";"Não";"Região Metropolitana Carbonífera";"Motociclistas";NA;NA;NA;NA;NA;NA;NA;NA;NA;NA;NA;2;NA;NA;NA;NA;1;NA;NA;NA;NA;NA;NA;NA;NA
42;"SC";4211652;"421165";"Novo Horizonte";"Não";"Região Metropolitana do Extremo Oeste";"Motociclistas";NA;NA;NA;NA;NA;NA;NA;NA;NA;NA;NA;NA;NA;NA;NA;NA;NA;NA;NA;NA;NA;NA;NA;NA;NA
42;"SC";4211702;"421170";"Orleans";"Não";"Região Metropolitana de Tubarão";"Motociclistas";NA;NA;NA;NA;NA;NA;NA;NA;NA;NA;1;NA;NA;NA;NA;NA;NA;NA;NA;NA;NA;NA;NA;NA;NA
42;"SC";4211751;"421175";"Otacílio Costa";"Não";"Região Metropolitana de Lages";"Motociclistas";NA;NA;NA;NA;NA;NA;NA;NA;NA;NA;NA;NA;NA;NA;NA;NA;NA;NA;NA;NA;NA;NA;1;NA;NA
42;"SC";4211801;"421180";"Ouro";"Não";"Região Metropolitana do Contestado";"Motociclistas";NA;NA;NA;NA;NA;NA;NA;NA;NA;NA;NA;NA;NA;NA;NA;NA;NA;NA;NA;NA;NA;NA;NA;NA;NA
42;"SC";4211850;"421185";"Ouro Verde";"Não";"Região Metropolitana do Extremo Oeste";"Motociclistas";NA;NA;NA;NA;NA;NA;NA;NA;NA;NA;NA;NA;NA;NA;NA;NA;NA;NA;NA;NA;NA;NA;NA;NA;NA
42;"SC";4211876;"421187";"Paial";"Não";"Região Metropolitana de Chapecó";"Motociclistas";NA;NA;NA;NA;NA;NA;NA;NA;NA;NA;NA;NA;NA;NA;NA;NA;NA;NA;NA;NA;NA;NA;NA;NA;NA
42;"SC";4211892;"421189";"Painel";"Não";"Região Metropolitana de Lages";"Motociclistas";NA;NA;NA;NA;NA;NA;NA;NA;NA;NA;NA;NA;NA;NA;NA;NA;NA;NA;NA;NA;NA;NA;NA;NA;NA
42;"SC";4211900;"421190";"Palhoça";"Não";"Região Metropolitana de Florianópolis";"Motociclistas";NA;NA;NA;NA;NA;1;1;NA;1;NA;NA;NA;NA;1;NA;2;NA;NA;1;1;NA;NA;NA;NA;NA
42;"SC";4212007;"421200";"Palma Sola";"Não";"Região Metropolitana do Extremo Oeste";"Motociclistas";NA;NA;NA;NA;NA;NA;NA;NA;NA;NA;NA;NA;NA;NA;NA;NA;NA;NA;NA;NA;NA;NA;NA;NA;NA
42;"SC";4212056;"421205";"Palmeira";"Não";"Região Metropolitana de Lages";"Motociclistas";NA;NA;NA;NA;NA;NA;NA;NA;NA;NA;NA;NA;NA;NA;NA;NA;NA;NA;NA;NA;NA;NA;NA;NA;NA
42;"SC";4212106;"421210";"Palmitos";"Não";"Região Metropolitana de Chapecó";"Motociclistas";NA;NA;NA;NA;NA;NA;NA;NA;NA;NA;NA;NA;NA;NA;NA;NA;NA;NA;NA;NA;1;NA;NA;1;NA
42;"SC";4212205;"421220";"Papanduva";"Não";"Região Metropolitana do Planalto Norte";"Motociclistas";NA;NA;NA;NA;NA;NA;NA;NA;NA;NA;NA;NA;NA;1;NA;NA;NA;NA;NA;NA;NA;NA;NA;NA;NA
42;"SC";4212239;"421223";"Paraíso";"Não";"Região Metropolitana do Extremo Oeste";"Motociclistas";NA;NA;NA;NA;NA;NA;NA;NA;NA;NA;NA;NA;NA;NA;NA;NA;1;NA;NA;NA;NA;NA;NA;NA;NA
42;"SC";4212254;"421225";"Passo de Torres";"Não";"Região Metropolitana Carbonífera";"Motociclistas";NA;NA;NA;NA;NA;NA;NA;NA;NA;NA;NA;NA;NA;NA;NA;NA;NA;NA;NA;NA;NA;NA;NA;NA;NA
42;"SC";4212270;"421227";"Passos Maia";"Não";"Região Metropolitana de Chapecó";"Motociclistas";NA;NA;NA;NA;NA;NA;NA;NA;NA;NA;NA;NA;NA;NA;NA;NA;NA;NA;NA;NA;NA;NA;NA;NA;NA
42;"SC";4212304;"421230";"Paulo Lopes";"Não";"Região Metropolitana de Florianópolis";"Motociclistas";NA;NA;NA;NA;NA;NA;1;NA;NA;NA;NA;NA;NA;NA;NA;NA;NA;NA;NA;NA;NA;NA;NA;NA;NA
42;"SC";4212403;"421240";"Pedras Grandes";"Não";"Região Metropolitana de Tubarão";"Motociclistas";NA;NA;NA;NA;NA;NA;NA;NA;NA;NA;NA;NA;NA;NA;NA;NA;NA;NA;NA;NA;NA;NA;NA;NA;NA
42;"SC";4212502;"421250";"Penha";"Não";"Região Metropolitana da Foz do Rio Itajaí";"Motociclistas";NA;1;NA;NA;NA;NA;NA;NA;NA;NA;NA;NA;NA;NA;2;NA;NA;NA;NA;NA;NA;NA;1;NA;NA
42;"SC";4212601;"421260";"Peritiba";"Não";"Região Metropolitana do Contestado";"Motociclistas";NA;NA;NA;NA;NA;NA;NA;NA;NA;NA;NA;NA;NA;NA;NA;NA;NA;NA;NA;NA;NA;NA;NA;NA;NA
42;"SC";4212650;"421265";"Pescaria Brava";"Não";"Região Metropolitana de Tubarão";"Motociclistas";NA;NA;NA;NA;NA;NA;NA;NA;NA;NA;NA;NA;NA;1;NA;NA;NA;1;NA;NA;NA;NA;NA;NA;NA
42;"SC";4212700;"421270";"Petrolândia";"Não";"Região Metropolitana do Alto Vale do Itajaí";"Motociclistas";NA;NA;NA;NA;NA;NA;NA;NA;NA;NA;NA;NA;NA;NA;NA;NA;NA;NA;NA;NA;NA;NA;NA;NA;NA
42;"SC";4212809;"421280";"Balneário Piçarras";"Não";"Região Metropolitana da Foz do Rio Itajaí";"Motociclistas";NA;NA;NA;NA;NA;NA;NA;NA;NA;NA;NA;NA;NA;NA;NA;NA;NA;NA;NA;NA;NA;NA;NA;NA;NA
42;"SC";4212908;"421290";"Pinhalzinho";"Não";"Região Metropolitana de Chapecó";"Motociclistas";NA;NA;NA;NA;NA;NA;NA;NA;NA;NA;NA;NA;NA;NA;NA;1;NA;1;NA;NA;NA;NA;NA;NA;NA
42;"SC";4213005;"421300";"Pinheiro Preto";"Não";"Região Metropolitana do Contestado";"Motociclistas";NA;NA;NA;NA;NA;NA;NA;NA;NA;NA;NA;NA;NA;NA;NA;NA;NA;NA;NA;NA;NA;NA;NA;NA;NA
42;"SC";4213104;"421310";"Piratuba";"Não";"Região Metropolitana do Contestado";"Motociclistas";NA;NA;NA;NA;NA;NA;NA;NA;NA;NA;NA;NA;NA;NA;NA;NA;NA;NA;NA;NA;NA;NA;NA;NA;NA
42;"SC";4213153;"421315";"Planalto Alegre";"Não";"Região Metropolitana de Chapecó";"Motociclistas";NA;NA;NA;NA;NA;NA;NA;NA;NA;NA;NA;NA;NA;NA;NA;NA;NA;NA;NA;NA;NA;NA;NA;NA;NA
42;"SC";4213203;"421320";"Pomerode";"Não";"Região Metropolitana do Vale do Itajaí";"Motociclistas";NA;NA;NA;NA;NA;NA;NA;NA;NA;1;NA;NA;NA;NA;NA;NA;NA;NA;NA;NA;NA;NA;NA;NA;NA
42;"SC";4213302;"421330";"Ponte Alta";"Não";"Região Metropolitana de Lages";"Motociclistas";NA;NA;NA;NA;NA;NA;NA;NA;NA;NA;NA;NA;NA;NA;1;NA;NA;NA;NA;NA;NA;NA;NA;NA;NA
42;"SC";4213351;"421335";"Ponte Alta do Norte";"Não";"Região Metropolitana de Lages";"Motociclistas";NA;NA;NA;NA;NA;NA;NA;NA;NA;NA;NA;NA;NA;NA;NA;NA;NA;NA;NA;NA;NA;NA;NA;NA;NA
42;"SC";4213401;"421340";"Ponte Serrada";"Não";"Região Metropolitana de Chapecó";"Motociclistas";NA;NA;NA;NA;NA;NA;NA;NA;NA;NA;NA;NA;NA;NA;NA;NA;NA;NA;NA;NA;NA;NA;NA;NA;NA
42;"SC";4213500;"421350";"Porto Belo";"Não";"Região Metropolitana da Foz do Rio Itajaí";"Motociclistas";NA;NA;NA;1;NA;NA;NA;NA;NA;NA;NA;NA;NA;NA;NA;NA;NA;NA;NA;1;NA;NA;NA;NA;NA
42;"SC";4213609;"421360";"Porto União";"Não";"Região Metropolitana do Planalto Norte";"Motociclistas";NA;NA;NA;NA;NA;NA;NA;NA;NA;NA;2;NA;NA;1;NA;NA;NA;NA;NA;NA;NA;NA;NA;NA;NA
42;"SC";4213708;"421370";"Pouso Redondo";"Não";"Região Metropolitana do Alto Vale do Itajaí";"Motociclistas";NA;NA;NA;NA;NA;NA;NA;NA;NA;1;NA;NA;NA;NA;NA;NA;NA;NA;NA;NA;NA;NA;NA;NA;NA
42;"SC";4213807;"421380";"Praia Grande";"Não";"Região Metropolitana Carbonífera";"Motociclistas";NA;NA;NA;NA;NA;NA;NA;NA;NA;NA;NA;NA;NA;NA;NA;NA;NA;NA;NA;NA;NA;NA;NA;NA;NA
42;"SC";4213906;"421390";"Presidente Castello Branco";"Não";"Região Metropolitana do Contestado";"Motociclistas";NA;NA;NA;NA;NA;NA;NA;NA;NA;NA;NA;NA;NA;NA;NA;NA;NA;NA;NA;NA;NA;NA;NA;NA;NA
42;"SC";4214003;"421400";"Presidente Getúlio";"Não";"Região Metropolitana do Alto Vale do Itajaí";"Motociclistas";NA;NA;NA;NA;NA;NA;NA;NA;NA;NA;NA;NA;NA;NA;NA;NA;NA;NA;NA;NA;NA;NA;NA;NA;NA
42;"SC";4214102;"421410";"Presidente Nereu";"Não";"Região Metropolitana do Alto Vale do Itajaí";"Motociclistas";NA;NA;NA;NA;NA;NA;NA;NA;NA;NA;NA;NA;NA;NA;NA;NA;NA;NA;NA;NA;NA;NA;NA;NA;NA
42;"SC";4214151;"421415";"Princesa";"Não";"Região Metropolitana do Extremo Oeste";"Motociclistas";NA;NA;NA;NA;NA;NA;NA;NA;NA;NA;NA;NA;NA;NA;NA;NA;NA;NA;NA;NA;NA;NA;NA;NA;NA
42;"SC";4214201;"421420";"Quilombo";"Não";"Região Metropolitana de Chapecó";"Motociclistas";NA;NA;NA;NA;NA;NA;NA;NA;NA;NA;NA;NA;NA;NA;NA;NA;NA;NA;NA;NA;NA;NA;1;NA;NA
42;"SC";4214300;"421430";"Rancho Queimado";"Não";"Região Metropolitana de Florianópolis";"Motociclistas";NA;NA;NA;NA;NA;NA;NA;NA;NA;1;NA;1;NA;NA;NA;NA;NA;NA;NA;NA;NA;NA;NA;NA;NA
42;"SC";4214409;"421440";"Rio das Antas";"Não";"Região Metropolitana do Contestado";"Motociclistas";NA;NA;NA;NA;NA;NA;NA;NA;NA;NA;NA;NA;NA;NA;NA;NA;NA;NA;NA;NA;NA;1;NA;NA;NA
42;"SC";4214508;"421450";"Rio do Campo";"Não";"Região Metropolitana do Alto Vale do Itajaí";"Motociclistas";NA;NA;NA;NA;NA;NA;NA;NA;NA;NA;NA;NA;NA;NA;NA;NA;1;NA;NA;NA;NA;NA;NA;NA;NA
42;"SC";4214607;"421460";"Rio do Oeste";"Não";"Região Metropolitana do Alto Vale do Itajaí";"Motociclistas";NA;NA;NA;NA;NA;NA;NA;NA;NA;NA;NA;NA;NA;NA;NA;NA;NA;NA;NA;NA;NA;NA;NA;NA;NA
42;"SC";4214706;"421470";"Rio dos Cedros";"Não";"Região Metropolitana do Vale do Itajaí";"Motociclistas";NA;NA;NA;NA;NA;NA;NA;NA;NA;NA;NA;NA;NA;1;NA;NA;NA;NA;NA;NA;NA;NA;NA;NA;NA
42;"SC";4214805;"421480";"Rio do Sul";"Não";"Região Metropolitana do Alto Vale do Itajaí";"Motociclistas";NA;NA;NA;NA;1;1;NA;NA;1;1;1;NA;1;NA;NA;NA;NA;2;1;2;NA;1;NA;1;NA
42;"SC";4214904;"421490";"Rio Fortuna";"Não";"Região Metropolitana de Tubarão";"Motociclistas";NA;NA;NA;NA;NA;NA;NA;NA;NA;NA;NA;NA;NA;NA;NA;NA;NA;NA;NA;NA;NA;NA;NA;NA;NA
42;"SC";4215000;"421500";"Rio Negrinho";"Não";"Região Metropolitana de Joinville";"Motociclistas";NA;NA;NA;NA;NA;NA;NA;NA;NA;NA;NA;NA;NA;NA;NA;NA;NA;NA;NA;NA;NA;NA;NA;NA;NA
42;"SC";4215075;"421507";"Riqueza";"Não";"Região Metropolitana do Extremo Oeste";"Motociclistas";1;NA;NA;NA;NA;NA;NA;NA;NA;NA;NA;NA;NA;NA;NA;NA;NA;NA;NA;NA;NA;NA;NA;NA;NA
42;"SC";4215109;"421510";"Rodeio";"Não";"Região Metropolitana do Vale do Itajaí";"Motociclistas";NA;NA;NA;NA;NA;NA;NA;NA;NA;NA;NA;NA;NA;NA;NA;NA;NA;1;NA;1;NA;NA;NA;NA;NA
42;"SC";4215208;"421520";"Romelândia";"Não";"Região Metropolitana do Extremo Oeste";"Motociclistas";NA;NA;NA;NA;NA;NA;NA;NA;NA;NA;NA;NA;NA;1;NA;NA;NA;NA;NA;NA;1;NA;NA;NA;NA
42;"SC";4215307;"421530";"Salete";"Não";"Região Metropolitana do Alto Vale do Itajaí";"Motociclistas";NA;NA;NA;NA;NA;NA;NA;NA;NA;NA;NA;NA;NA;NA;NA;NA;NA;NA;NA;NA;NA;NA;NA;NA;NA
42;"SC";4215356;"421535";"Saltinho";"Não";"Região Metropolitana do Extremo Oeste";"Motociclistas";NA;NA;NA;NA;NA;NA;NA;NA;NA;NA;NA;NA;NA;NA;NA;NA;NA;NA;NA;NA;NA;NA;NA;NA;NA
42;"SC";4215406;"421540";"Salto Veloso";"Não";"Região Metropolitana do Contestado";"Motociclistas";NA;NA;NA;NA;NA;NA;NA;NA;NA;NA;NA;NA;NA;NA;NA;NA;NA;NA;NA;NA;NA;NA;NA;NA;NA
42;"SC";4215455;"421545";"Sangão";"Não";"Região Metropolitana de Tubarão";"Motociclistas";NA;NA;NA;NA;2;NA;NA;NA;NA;NA;NA;NA;NA;NA;NA;NA;NA;NA;NA;1;NA;1;NA;NA;NA
42;"SC";4215505;"421550";"Santa Cecília";"Não";"Região Metropolitana de Lages";"Motociclistas";NA;NA;NA;NA;NA;NA;1;NA;NA;NA;NA;1;NA;NA;1;NA;NA;NA;1;1;1;NA;NA;NA;NA
42;"SC";4215554;"421555";"Santa Helena";"Não";"Região Metropolitana do Extremo Oeste";"Motociclistas";NA;NA;NA;NA;NA;NA;NA;NA;NA;NA;NA;NA;NA;NA;NA;NA;NA;NA;NA;NA;NA;NA;NA;NA;NA
42;"SC";4215653;"421565";"Santa Rosa do Sul";"Não";"Região Metropolitana Carbonífera";"Motociclistas";NA;NA;NA;NA;1;NA;NA;NA;NA;NA;NA;NA;NA;NA;NA;NA;NA;NA;NA;NA;NA;NA;NA;NA;NA
42;"SC";4215679;"421567";"Santa Terezinha";"Não";"Região Metropolitana do Alto Vale do Itajaí";"Motociclistas";NA;NA;NA;NA;NA;NA;NA;NA;NA;NA;NA;NA;NA;NA;NA;NA;NA;NA;NA;NA;NA;NA;NA;NA;NA
42;"SC";4215687;"421568";"Santa Terezinha do Progresso";"Não";"Região Metropolitana do Extremo Oeste";"Motociclistas";NA;NA;NA;NA;NA;NA;NA;NA;NA;NA;NA;NA;NA;NA;NA;NA;NA;NA;NA;NA;NA;NA;NA;NA;NA
42;"SC";4215703;"421570";"Santo Amaro da Imperatriz";"Não";"Região Metropolitana de Florianópolis";"Motociclistas";NA;NA;NA;NA;NA;NA;NA;NA;NA;NA;NA;NA;NA;NA;NA;NA;NA;NA;NA;NA;NA;NA;NA;1;NA
42;"SC";4215752;"421575";"São Bernardino";"Não";"Região Metropolitana do Extremo Oeste";"Motociclistas";NA;NA;NA;NA;NA;NA;NA;NA;NA;NA;NA;NA;NA;NA;NA;NA;NA;NA;NA;NA;NA;NA;NA;NA;NA
42;"SC";4215802;"421580";"São Bento do Sul";"Não";"Região Metropolitana de Joinville";"Motociclistas";NA;NA;NA;NA;NA;NA;NA;NA;NA;1;NA;1;2;NA;NA;NA;NA;NA;NA;NA;1;NA;NA;2;NA
42;"SC";4215901;"421590";"São Bonifácio";"Não";"Região Metropolitana de Florianópolis";"Motociclistas";NA;NA;NA;NA;NA;NA;NA;NA;NA;NA;NA;NA;NA;NA;NA;NA;NA;NA;NA;NA;NA;NA;NA;NA;NA
42;"SC";4216008;"421600";"São Carlos";"Não";"Região Metropolitana de Chapecó";"Motociclistas";NA;NA;NA;NA;NA;NA;NA;NA;NA;NA;NA;NA;NA;NA;NA;NA;NA;NA;NA;NA;NA;1;NA;NA;NA
42;"SC";4216057;"421605";"São Cristóvão do Sul";"Não";"Região Metropolitana de Lages";"Motociclistas";NA;NA;NA;NA;NA;NA;NA;NA;NA;NA;NA;NA;NA;NA;NA;NA;NA;NA;NA;NA;NA;NA;NA;NA;NA
42;"SC";4216107;"421610";"São Domingos";"Não";"Região Metropolitana do Extremo Oeste";"Motociclistas";NA;NA;NA;NA;NA;NA;NA;NA;NA;NA;NA;NA;NA;NA;NA;NA;NA;NA;NA;NA;NA;NA;NA;NA;NA
42;"SC";4216206;"421620";"São Francisco do Sul";"Não";"Região Metropolitana de Joinville";"Motociclistas";NA;NA;NA;NA;2;NA;NA;NA;NA;NA;NA;NA;NA;NA;NA;1;NA;NA;NA;1;NA;1;NA;NA;NA
42;"SC";4216255;"421625";"São João do Oeste";"Não";"Região Metropolitana do Extremo Oeste";"Motociclistas";NA;NA;NA;NA;NA;NA;NA;NA;NA;1;NA;NA;NA;NA;NA;NA;NA;NA;NA;NA;NA;NA;NA;NA;NA
42;"SC";4216305;"421630";"São João Batista";"Não";"Região Metropolitana de Florianópolis";"Motociclistas";NA;NA;1;NA;NA;NA;NA;NA;NA;2;NA;NA;NA;1;NA;NA;NA;NA;NA;NA;1;NA;1;NA;NA
42;"SC";4216354;"421635";"São João do Itaperiú";"Não";"Região Metropolitana de Jaraguá do Sul";"Motociclistas";NA;NA;NA;NA;NA;NA;NA;NA;NA;NA;NA;NA;NA;NA;NA;NA;NA;NA;NA;NA;NA;NA;NA;NA;NA
42;"SC";4216404;"421640";"São João do Sul";"Não";"Região Metropolitana Carbonífera";"Motociclistas";NA;NA;NA;NA;NA;NA;NA;NA;NA;NA;NA;NA;NA;NA;NA;NA;NA;NA;NA;NA;NA;NA;NA;NA;NA
42;"SC";4216503;"421650";"São Joaquim";"Não";"Região Metropolitana de Lages";"Motociclistas";NA;NA;NA;1;NA;NA;NA;NA;1;NA;2;NA;NA;NA;NA;NA;NA;NA;NA;NA;1;NA;NA;NA;NA
42;"SC";4216602;"421660";"São José";"Não";"Região Metropolitana de Florianópolis";"Motociclistas";NA;3;1;1;NA;1;1;NA;1;NA;2;2;2;3;2;6;3;5;4;3;2;NA;7;1;NA
42;"SC";4216701;"421670";"São José do Cedro";"Não";"Região Metropolitana do Extremo Oeste";"Motociclistas";NA;NA;NA;NA;NA;NA;NA;NA;NA;NA;NA;NA;NA;NA;NA;NA;NA;NA;NA;NA;NA;NA;NA;NA;NA
42;"SC";4216800;"421680";"São José do Cerrito";"Não";"Região Metropolitana de Lages";"Motociclistas";NA;NA;NA;NA;NA;NA;NA;NA;NA;NA;NA;NA;NA;NA;NA;NA;NA;NA;NA;NA;1;2;NA;NA;NA
42;"SC";4216909;"421690";"São Lourenço do Oeste";"Não";"Região Metropolitana do Extremo Oeste";"Motociclistas";NA;NA;NA;NA;NA;1;NA;NA;NA;NA;NA;1;NA;NA;NA;NA;NA;NA;NA;NA;NA;NA;NA;1;NA
42;"SC";4217006;"421700";"São Ludgero";"Não";"Região Metropolitana de Tubarão";"Motociclistas";NA;NA;NA;NA;NA;NA;NA;NA;NA;NA;NA;NA;NA;NA;NA;NA;NA;NA;NA;NA;NA;NA;NA;1;NA
42;"SC";4217105;"421710";"São Martinho";"Não";"Região Metropolitana de Tubarão";"Motociclistas";NA;NA;NA;NA;NA;NA;NA;NA;NA;NA;NA;NA;NA;NA;NA;NA;NA;NA;NA;NA;NA;NA;NA;NA;NA
42;"SC";4217204;"421720";"São Miguel do Oeste";"Não";"Região Metropolitana do Extremo Oeste";"Motociclistas";NA;NA;NA;NA;NA;NA;NA;NA;NA;NA;1;3;NA;1;2;NA;NA;2;NA;NA;2;NA;1;NA;NA
42;"SC";4217253;"421725";"São Pedro de Alcântara";"Não";"Região Metropolitana de Florianópolis";"Motociclistas";NA;NA;NA;NA;NA;NA;NA;NA;NA;NA;NA;NA;NA;NA;NA;NA;NA;NA;NA;NA;NA;NA;NA;NA;NA
42;"SC";4217303;"421730";"Saudades";"Não";"Região Metropolitana de Chapecó";"Motociclistas";NA;NA;NA;NA;NA;NA;NA;NA;NA;NA;NA;NA;NA;NA;NA;NA;NA;NA;NA;NA;NA;NA;NA;NA;NA
42;"SC";4217402;"421740";"Schroeder";"Não";"Região Metropolitana de Jaraguá do Sul";"Motociclistas";NA;NA;NA;NA;NA;NA;NA;NA;NA;NA;NA;NA;NA;NA;NA;NA;NA;NA;NA;NA;NA;NA;NA;NA;NA
42;"SC";4217501;"421750";"Seara";"Não";"Região Metropolitana de Chapecó";"Motociclistas";NA;NA;NA;NA;NA;NA;NA;NA;NA;NA;NA;NA;NA;NA;NA;NA;NA;NA;NA;NA;NA;NA;NA;NA;NA
42;"SC";4217600;"421760";"Siderópolis";"Não";"Região Metropolitana Carbonífera";"Motociclistas";NA;NA;NA;NA;NA;NA;NA;NA;NA;NA;NA;NA;NA;NA;NA;NA;NA;1;NA;NA;NA;NA;NA;NA;NA
42;"SC";4217709;"421770";"Sombrio";"Não";"Região Metropolitana Carbonífera";"Motociclistas";NA;NA;NA;NA;NA;NA;NA;NA;NA;NA;NA;NA;NA;NA;NA;NA;NA;NA;NA;NA;NA;NA;NA;NA;NA
42;"SC";4217758;"421775";"Sul Brasil";"Não";"Região Metropolitana de Chapecó";"Motociclistas";NA;NA;NA;NA;NA;NA;NA;NA;NA;NA;NA;NA;NA;NA;NA;NA;NA;NA;NA;NA;NA;NA;NA;NA;NA
42;"SC";4217808;"421780";"Taió";"Não";"Região Metropolitana do Alto Vale do Itajaí";"Motociclistas";NA;NA;NA;NA;NA;NA;NA;NA;NA;NA;NA;NA;NA;NA;NA;NA;NA;NA;NA;NA;NA;NA;NA;NA;NA
42;"SC";4217907;"421790";"Tangará";"Não";"Região Metropolitana do Contestado";"Motociclistas";NA;NA;NA;NA;NA;NA;NA;NA;NA;NA;NA;NA;NA;1;NA;NA;1;NA;NA;NA;NA;NA;NA;NA;NA
42;"SC";4217956;"421795";"Tigrinhos";"Não";"Região Metropolitana do Extremo Oeste";"Motociclistas";NA;NA;NA;NA;NA;NA;NA;NA;NA;NA;NA;NA;NA;NA;NA;NA;NA;NA;NA;NA;NA;NA;NA;NA;NA
42;"SC";4218004;"421800";"Tijucas";"Não";"Região Metropolitana de Florianópolis";"Motociclistas";NA;NA;NA;NA;NA;NA;NA;NA;NA;NA;NA;NA;NA;NA;NA;1;NA;NA;NA;NA;NA;NA;NA;NA;NA
42;"SC";4218103;"421810";"Timbé do Sul";"Não";"Região Metropolitana Carbonífera";"Motociclistas";NA;NA;NA;NA;NA;NA;NA;NA;NA;NA;NA;NA;NA;NA;NA;NA;NA;NA;NA;NA;NA;NA;NA;NA;NA
42;"SC";4218202;"421820";"Timbó";"Não";"Região Metropolitana do Vale do Itajaí";"Motociclistas";NA;NA;NA;1;NA;NA;NA;NA;NA;NA;1;NA;NA;1;2;NA;NA;1;NA;NA;NA;1;NA;NA;NA
42;"SC";4218251;"421825";"Timbó Grande";"Não";"Região Metropolitana do Contestado";"Motociclistas";NA;NA;NA;NA;NA;NA;NA;NA;NA;NA;NA;NA;NA;NA;NA;NA;NA;1;NA;NA;NA;NA;NA;NA;NA
42;"SC";4218301;"421830";"Três Barras";"Não";"Região Metropolitana do Planalto Norte";"Motociclistas";NA;NA;NA;NA;NA;NA;NA;NA;NA;NA;NA;NA;NA;NA;NA;NA;NA;NA;1;NA;NA;NA;NA;NA;NA
42;"SC";4218350;"421835";"Treviso";"Não";"Região Metropolitana Carbonífera";"Motociclistas";NA;NA;NA;NA;NA;NA;NA;NA;NA;NA;NA;NA;NA;NA;NA;NA;NA;NA;NA;NA;NA;NA;NA;NA;NA
42;"SC";4218400;"421840";"Treze de Maio";"Não";"Região Metropolitana de Tubarão";"Motociclistas";NA;NA;NA;NA;NA;NA;NA;NA;NA;NA;NA;NA;NA;NA;NA;NA;NA;NA;NA;NA;NA;NA;NA;NA;NA
42;"SC";4218509;"421850";"Treze Tílias";"Não";"Região Metropolitana do Contestado";"Motociclistas";NA;NA;NA;NA;NA;NA;NA;NA;NA;NA;NA;NA;NA;NA;NA;NA;NA;NA;NA;NA;NA;NA;NA;NA;NA
42;"SC";4218608;"421860";"Trombudo Central";"Não";"Região Metropolitana do Alto Vale do Itajaí";"Motociclistas";NA;NA;NA;NA;NA;NA;NA;NA;NA;NA;NA;NA;NA;NA;NA;NA;NA;NA;NA;NA;NA;NA;NA;1;NA
42;"SC";4218707;"421870";"Tubarão";"Não";"Região Metropolitana de Tubarão";"Motociclistas";NA;NA;NA;NA;1;NA;1;1;1;2;NA;1;3;3;2;NA;2;1;3;NA;3;1;3;1;NA
42;"SC";4218756;"421875";"Tunápolis";"Não";"Região Metropolitana do Extremo Oeste";"Motociclistas";NA;NA;NA;NA;NA;NA;NA;NA;NA;NA;NA;NA;NA;NA;NA;NA;NA;1;NA;NA;NA;NA;NA;NA;NA
42;"SC";4218806;"421880";"Turvo";"Não";"Região Metropolitana Carbonífera";"Motociclistas";NA;NA;NA;NA;1;NA;NA;NA;NA;NA;NA;NA;NA;NA;NA;NA;1;NA;NA;NA;NA;NA;1;NA;NA
42;"SC";4218855;"421885";"União do Oeste";"Não";"Região Metropolitana de Chapecó";"Motociclistas";NA;NA;NA;NA;NA;NA;NA;NA;NA;NA;NA;NA;NA;NA;NA;NA;NA;NA;NA;NA;NA;NA;NA;NA;NA
42;"SC";4218905;"421890";"Urubici";"Não";"Região Metropolitana de Lages";"Motociclistas";NA;NA;NA;NA;NA;NA;NA;NA;NA;NA;NA;NA;NA;NA;1;NA;NA;NA;NA;NA;NA;NA;NA;1;NA
42;"SC";4219002;"421900";"Urussanga";"Não";"Região Metropolitana Carbonífera";"Motociclistas";NA;NA;NA;1;NA;NA;NA;1;NA;NA;NA;NA;NA;NA;NA;NA;NA;NA;NA;NA;NA;NA;NA;1;NA
42;"SC";4219101;"421910";"Vargeão";"Não";"Região Metropolitana de Chapecó";"Motociclistas";NA;NA;NA;NA;NA;NA;NA;NA;NA;NA;NA;NA;NA;NA;NA;NA;NA;NA;NA;1;NA;NA;NA;NA;NA
42;"SC";4219150;"421915";"Vargem";"Não";"Região Metropolitana do Contestado";"Motociclistas";NA;NA;NA;NA;NA;NA;NA;NA;NA;NA;NA;NA;NA;NA;NA;NA;NA;NA;NA;NA;NA;NA;NA;NA;NA
42;"SC";4219176;"421917";"Vargem Bonita";"Não";"Região Metropolitana do Contestado";"Motociclistas";NA;NA;NA;NA;NA;NA;NA;NA;NA;NA;NA;NA;NA;NA;NA;NA;NA;NA;NA;NA;NA;NA;1;NA;NA
42;"SC";4219200;"421920";"Vidal Ramos";"Não";"Região Metropolitana do Alto Vale do Itajaí";"Motociclistas";NA;NA;NA;NA;NA;NA;NA;NA;NA;NA;NA;NA;NA;NA;NA;NA;1;NA;NA;NA;NA;NA;NA;NA;NA
42;"SC";4219309;"421930";"Videira";"Não";"Região Metropolitana do Contestado";"Motociclistas";NA;NA;NA;NA;NA;NA;NA;1;NA;NA;NA;1;1;NA;1;NA;2;1;NA;NA;1;2;1;NA;NA
42;"SC";4219358;"421935";"Vitor Meireles";"Não";"Região Metropolitana do Alto Vale do Itajaí";"Motociclistas";NA;NA;NA;NA;NA;NA;NA;NA;NA;NA;NA;NA;NA;NA;NA;NA;NA;NA;NA;NA;NA;NA;NA;NA;NA
42;"SC";4219408;"421940";"Witmarsum";"Não";"Região Metropolitana do Alto Vale do Itajaí";"Motociclistas";NA;NA;NA;NA;NA;NA;NA;NA;NA;NA;NA;NA;NA;NA;NA;NA;NA;NA;NA;NA;NA;NA;NA;NA;NA
42;"SC";4219507;"421950";"Xanxerê";"Não";"Região Metropolitana de Chapecó";"Motociclistas";NA;NA;NA;NA;NA;NA;NA;NA;1;NA;NA;NA;NA;NA;2;1;1;NA;1;NA;NA;NA;NA;2;NA
42;"SC";4219606;"421960";"Xavantina";"Não";"Região Metropolitana de Chapecó";"Motociclistas";NA;NA;NA;NA;NA;NA;NA;NA;NA;NA;NA;NA;NA;NA;NA;NA;NA;NA;NA;NA;NA;NA;NA;NA;NA
42;"SC";4219705;"421970";"Xaxim";"Não";"Região Metropolitana de Chapecó";"Motociclistas";NA;NA;NA;NA;NA;NA;NA;NA;NA;NA;NA;NA;NA;NA;2;NA;NA;NA;1;NA;NA;NA;NA;NA;NA
42;"SC";4219853;"421985";"Zortéa";"Não";"Região Metropolitana do Contestado";"Motociclistas";NA;NA;NA;NA;NA;NA;NA;NA;NA;NA;NA;NA;NA;NA;NA;NA;NA;NA;NA;NA;NA;NA;NA;NA;NA
42;"SC";4220000;"422000";"Balneário Rincão";"Não";"Região Metropolitana Carbonífera";"Motociclistas";NA;NA;NA;NA;NA;NA;NA;NA;NA;NA;NA;NA;NA;NA;NA;NA;NA;NA;NA;NA;NA;NA;NA;NA;NA
43;"RS";4300034;"430003";"Aceguá";"Não";"-";"Motociclistas";NA;NA;NA;NA;NA;NA;NA;1;NA;NA;NA;NA;NA;NA;NA;NA;NA;NA;NA;NA;NA;NA;NA;NA;NA
43;"RS";4300109;"430010";"Agudo";"Não";"-";"Motociclistas";NA;NA;NA;NA;NA;NA;NA;NA;NA;NA;NA;NA;NA;NA;NA;NA;NA;NA;NA;NA;NA;NA;NA;NA;NA
43;"RS";4300208;"430020";"Ajuricaba";"Não";"-";"Motociclistas";NA;NA;NA;NA;NA;NA;NA;NA;NA;NA;NA;NA;NA;NA;NA;NA;NA;NA;NA;NA;NA;NA;NA;NA;NA
43;"RS";4300307;"430030";"Alecrim";"Não";"-";"Motociclistas";NA;NA;NA;NA;NA;NA;NA;NA;NA;NA;NA;NA;NA;NA;NA;NA;NA;NA;NA;NA;NA;NA;NA;NA;NA
43;"RS";4300406;"430040";"Alegrete";"Não";"-";"Motociclistas";NA;NA;NA;NA;NA;1;NA;NA;NA;1;NA;NA;NA;1;NA;NA;NA;NA;NA;NA;NA;1;NA;NA;NA
43;"RS";4300471;"430047";"Almirante Tamandaré do Sul";"Não";"-";"Motociclistas";NA;NA;NA;NA;NA;NA;NA;NA;NA;NA;NA;NA;NA;NA;NA;NA;NA;NA;NA;NA;NA;NA;NA;NA;NA
43;"RS";4300505;"430050";"Alpestre";"Não";"-";"Motociclistas";NA;NA;NA;NA;NA;NA;NA;NA;NA;NA;NA;NA;NA;NA;NA;NA;NA;NA;NA;NA;NA;NA;NA;NA;NA
43;"RS";4300570;"430057";"Alto Feliz";"Não";"-";"Motociclistas";NA;NA;NA;NA;NA;NA;NA;NA;NA;NA;NA;NA;NA;NA;NA;NA;NA;NA;NA;NA;NA;NA;NA;NA;NA
43;"RS";4300604;"430060";"Alvorada";"Não";"Região Metropolitana de Porto Alegre";"Motociclistas";1;NA;NA;NA;1;NA;NA;NA;NA;NA;NA;1;1;NA;NA;NA;NA;1;NA;NA;NA;NA;2;1;NA
43;"RS";4300638;"430063";"Amaral Ferrador";"Não";"-";"Motociclistas";NA;NA;NA;NA;NA;NA;NA;NA;NA;NA;NA;NA;NA;NA;NA;NA;1;NA;NA;NA;NA;NA;NA;NA;NA
43;"RS";4300646;"430064";"Ametista do Sul";"Não";"-";"Motociclistas";NA;NA;NA;NA;NA;NA;NA;NA;NA;NA;NA;NA;NA;NA;NA;NA;1;NA;NA;NA;NA;NA;NA;NA;NA
43;"RS";4300703;"430070";"Anta Gorda";"Não";"-";"Motociclistas";NA;NA;NA;NA;NA;NA;NA;NA;NA;NA;NA;NA;NA;NA;NA;NA;NA;NA;NA;NA;NA;NA;NA;NA;NA
43;"RS";4300802;"430080";"Antônio Prado";"Não";"Região Metropolitana da Serra Gaúcha";"Motociclistas";NA;NA;NA;NA;NA;NA;NA;NA;NA;NA;NA;NA;NA;NA;NA;NA;NA;NA;1;NA;NA;NA;NA;1;NA
43;"RS";4300877;"430087";"Araricá";"Não";"Região Metropolitana de Porto Alegre";"Motociclistas";NA;NA;NA;NA;NA;NA;NA;NA;NA;NA;NA;NA;NA;NA;NA;NA;NA;NA;NA;NA;1;NA;NA;NA;NA
43;"RS";4300901;"430090";"Aratiba";"Não";"-";"Motociclistas";NA;NA;NA;NA;NA;NA;NA;NA;NA;NA;NA;NA;NA;NA;NA;NA;NA;NA;NA;NA;NA;NA;NA;NA;NA
43;"RS";4301008;"430100";"Arroio do Meio";"Não";"-";"Motociclistas";NA;NA;NA;NA;NA;NA;NA;NA;NA;NA;NA;NA;NA;NA;NA;NA;NA;NA;NA;NA;NA;NA;NA;NA;NA
43;"RS";4301057;"430105";"Arroio do Sal";"Não";"-";"Motociclistas";NA;NA;NA;NA;NA;NA;NA;NA;NA;NA;NA;NA;NA;NA;NA;NA;NA;NA;NA;NA;NA;NA;NA;NA;NA
43;"RS";4301107;"430110";"Arroio dos Ratos";"Não";"Região Metropolitana de Porto Alegre";"Motociclistas";NA;NA;NA;NA;NA;NA;NA;NA;NA;NA;NA;NA;NA;NA;NA;1;1;NA;NA;NA;NA;NA;NA;NA;NA
43;"RS";4301206;"430120";"Arroio do Tigre";"Não";"-";"Motociclistas";NA;NA;NA;NA;NA;NA;NA;NA;NA;NA;NA;NA;NA;NA;NA;NA;NA;NA;NA;NA;NA;NA;NA;NA;NA
43;"RS";4301305;"430130";"Arroio Grande";"Não";"-";"Motociclistas";NA;NA;NA;NA;NA;NA;NA;NA;NA;NA;NA;NA;NA;NA;NA;NA;NA;NA;NA;NA;NA;NA;NA;NA;NA
43;"RS";4301404;"430140";"Arvorezinha";"Não";"-";"Motociclistas";NA;NA;NA;NA;NA;NA;NA;NA;NA;NA;NA;NA;NA;NA;NA;NA;NA;1;NA;NA;NA;NA;NA;NA;NA
43;"RS";4301503;"430150";"Augusto Pestana";"Não";"-";"Motociclistas";NA;NA;NA;NA;NA;NA;NA;NA;NA;NA;NA;NA;NA;NA;NA;NA;NA;NA;NA;NA;NA;NA;NA;NA;NA
43;"RS";4301602;"430160";"Bagé";"Não";"-";"Motociclistas";NA;NA;NA;NA;NA;NA;1;NA;1;1;NA;NA;1;2;NA;NA;NA;NA;1;3;NA;NA;NA;NA;NA
43;"RS";4301636;"430163";"Balneário Pinhal";"Não";"-";"Motociclistas";NA;NA;NA;NA;NA;NA;1;NA;NA;NA;NA;NA;NA;NA;NA;NA;NA;NA;NA;NA;NA;NA;NA;NA;NA
43;"RS";4301651;"430165";"Barão";"Não";"-";"Motociclistas";NA;NA;NA;NA;NA;NA;NA;NA;NA;NA;NA;NA;NA;NA;NA;NA;NA;NA;NA;NA;NA;NA;NA;NA;NA
43;"RS";4301701;"430170";"Barão de Cotegipe";"Não";"-";"Motociclistas";NA;NA;NA;NA;NA;NA;NA;NA;NA;NA;NA;NA;NA;NA;NA;NA;NA;NA;NA;NA;NA;NA;NA;NA;NA
43;"RS";4301750;"430175";"Barão do Triunfo";"Não";"-";"Motociclistas";NA;NA;NA;NA;NA;NA;NA;NA;NA;NA;NA;NA;NA;NA;NA;NA;NA;NA;NA;NA;NA;NA;NA;NA;NA
43;"RS";4301800;"430180";"Barracão";"Não";"-";"Motociclistas";NA;NA;NA;NA;NA;NA;NA;NA;NA;NA;NA;NA;NA;NA;NA;NA;NA;NA;NA;NA;NA;NA;NA;NA;NA
43;"RS";4301859;"430185";"Barra do Guarita";"Não";"-";"Motociclistas";NA;NA;NA;NA;NA;NA;NA;NA;NA;NA;NA;NA;NA;NA;NA;NA;NA;NA;NA;NA;NA;NA;NA;NA;NA
43;"RS";4301909;"430190";"Barra do Ribeiro";"Não";"-";"Motociclistas";NA;NA;NA;NA;NA;NA;NA;NA;NA;NA;NA;NA;NA;NA;NA;NA;NA;NA;NA;1;1;NA;NA;NA;NA
43;"RS";4302006;"430200";"Barros Cassal";"Não";"-";"Motociclistas";NA;NA;NA;NA;NA;NA;NA;NA;NA;NA;NA;NA;NA;NA;NA;NA;NA;NA;NA;NA;NA;NA;NA;NA;NA
43;"RS";4302105;"430210";"Bento Gonçalves";"Não";"Região Metropolitana da Serra Gaúcha";"Motociclistas";NA;NA;NA;NA;NA;NA;NA;NA;NA;NA;NA;NA;NA;NA;NA;NA;NA;NA;1;NA;1;NA;1;NA;NA
43;"RS";4302154;"430215";"Boa Vista das Missões";"Não";"-";"Motociclistas";NA;NA;NA;NA;NA;NA;NA;NA;NA;NA;NA;NA;NA;NA;NA;NA;NA;NA;NA;NA;NA;NA;NA;NA;NA
43;"RS";4302204;"430220";"Boa Vista do Buricá";"Não";"-";"Motociclistas";NA;NA;NA;NA;NA;NA;NA;NA;NA;NA;NA;NA;NA;NA;NA;NA;NA;NA;NA;NA;NA;NA;NA;NA;NA
43;"RS";4302238;"430223";"Boa Vista do Incra";"Não";"-";"Motociclistas";NA;NA;NA;NA;NA;NA;NA;NA;NA;NA;NA;NA;NA;NA;NA;NA;NA;NA;NA;NA;NA;NA;NA;NA;NA
43;"RS";4302253;"430225";"Boa Vista do Sul";"Não";"-";"Motociclistas";NA;NA;NA;NA;NA;NA;NA;NA;NA;NA;NA;NA;NA;NA;NA;NA;NA;NA;NA;NA;NA;NA;NA;NA;NA
43;"RS";4302303;"430230";"Bom Jesus";"Não";"-";"Motociclistas";NA;NA;NA;NA;NA;NA;NA;NA;NA;NA;NA;NA;NA;NA;NA;NA;NA;NA;NA;NA;NA;NA;NA;NA;NA
43;"RS";4302352;"430235";"Bom Princípio";"Não";"-";"Motociclistas";NA;NA;NA;NA;NA;NA;NA;NA;NA;NA;NA;NA;NA;NA;NA;NA;NA;NA;NA;NA;NA;NA;NA;NA;NA
43;"RS";4302402;"430240";"Bom Retiro do Sul";"Não";"-";"Motociclistas";NA;NA;NA;NA;NA;NA;NA;NA;NA;NA;NA;NA;NA;NA;NA;NA;NA;NA;2;NA;NA;NA;NA;NA;NA
43;"RS";4302451;"430245";"Boqueirão do Leão";"Não";"-";"Motociclistas";NA;NA;NA;NA;NA;NA;NA;NA;NA;NA;NA;NA;NA;NA;NA;NA;NA;NA;NA;NA;NA;NA;NA;NA;NA
43;"RS";4302501;"430250";"Bossoroca";"Não";"-";"Motociclistas";NA;NA;NA;NA;NA;NA;NA;NA;NA;NA;NA;NA;NA;NA;NA;NA;NA;NA;NA;NA;NA;NA;NA;NA;NA
43;"RS";4302584;"430258";"Bozano";"Não";"-";"Motociclistas";NA;NA;NA;NA;NA;NA;NA;NA;NA;NA;NA;NA;NA;NA;NA;NA;NA;NA;NA;NA;NA;NA;NA;NA;NA
43;"RS";4302659;"430265";"Brochier";"Não";"-";"Motociclistas";NA;NA;NA;NA;NA;NA;NA;NA;NA;NA;NA;NA;NA;NA;NA;NA;NA;NA;NA;NA;NA;NA;NA;NA;NA
43;"RS";4302709;"430270";"Butiá";"Não";"-";"Motociclistas";NA;NA;NA;NA;NA;NA;NA;NA;NA;NA;NA;NA;NA;NA;NA;NA;NA;NA;NA;NA;NA;NA;NA;NA;NA
43;"RS";4302808;"430280";"Caçapava do Sul";"Não";"-";"Motociclistas";NA;NA;NA;NA;NA;NA;NA;NA;NA;NA;NA;NA;NA;NA;NA;NA;NA;NA;NA;NA;NA;NA;NA;1;NA
43;"RS";4302907;"430290";"Cacequi";"Não";"-";"Motociclistas";NA;NA;NA;NA;NA;NA;NA;NA;NA;NA;NA;NA;NA;NA;NA;1;NA;NA;NA;NA;NA;NA;NA;NA;NA
43;"RS";4303004;"430300";"Cachoeira do Sul";"Não";"-";"Motociclistas";1;NA;NA;NA;NA;NA;NA;1;NA;NA;NA;NA;NA;2;NA;NA;NA;1;1;NA;1;NA;NA;1;NA
43;"RS";4303103;"430310";"Cachoeirinha";"Não";"Região Metropolitana de Porto Alegre";"Motociclistas";NA;NA;NA;NA;NA;NA;NA;NA;NA;NA;NA;NA;NA;NA;NA;NA;NA;NA;NA;1;NA;2;NA;1;NA
43;"RS";4303202;"430320";"Cacique Doble";"Não";"-";"Motociclistas";NA;NA;NA;NA;NA;NA;NA;NA;NA;NA;NA;NA;NA;NA;NA;NA;NA;NA;NA;NA;NA;NA;NA;NA;NA
43;"RS";4303301;"430330";"Caibaté";"Não";"-";"Motociclistas";NA;NA;NA;NA;NA;NA;NA;NA;NA;NA;1;NA;NA;NA;NA;NA;NA;NA;NA;NA;NA;NA;NA;NA;NA
43;"RS";4303400;"430340";"Caiçara";"Não";"-";"Motociclistas";NA;NA;NA;NA;NA;NA;NA;NA;NA;NA;NA;NA;NA;NA;NA;NA;NA;NA;NA;NA;NA;NA;NA;NA;NA
43;"RS";4303509;"430350";"Camaquã";"Não";"-";"Motociclistas";NA;NA;NA;NA;NA;NA;1;NA;NA;NA;NA;NA;NA;NA;NA;1;1;NA;NA;1;NA;1;NA;NA;NA
43;"RS";4303558;"430355";"Camargo";"Não";"-";"Motociclistas";NA;NA;NA;NA;NA;NA;NA;NA;NA;NA;NA;NA;NA;NA;NA;NA;NA;NA;NA;NA;NA;NA;NA;NA;NA
43;"RS";4303608;"430360";"Cambará do Sul";"Não";"-";"Motociclistas";NA;NA;NA;NA;NA;NA;NA;NA;NA;NA;NA;NA;NA;NA;NA;NA;NA;NA;NA;NA;NA;NA;NA;NA;NA
43;"RS";4303673;"430367";"Campestre da Serra";"Não";"-";"Motociclistas";NA;NA;NA;NA;NA;NA;NA;NA;NA;NA;NA;NA;NA;NA;NA;NA;NA;NA;NA;NA;NA;NA;NA;NA;NA
43;"RS";4303707;"430370";"Campina das Missões";"Não";"-";"Motociclistas";NA;NA;NA;NA;NA;NA;NA;NA;NA;NA;NA;NA;NA;NA;NA;NA;NA;NA;NA;NA;NA;NA;NA;NA;NA
43;"RS";4303806;"430380";"Campinas do Sul";"Não";"-";"Motociclistas";NA;NA;NA;NA;NA;NA;NA;NA;NA;NA;NA;NA;NA;NA;NA;NA;NA;NA;NA;NA;NA;NA;NA;NA;NA
43;"RS";4303905;"430390";"Campo Bom";"Não";"Região Metropolitana de Porto Alegre";"Motociclistas";NA;NA;NA;NA;NA;NA;NA;NA;NA;NA;NA;NA;1;NA;1;NA;NA;NA;1;NA;NA;NA;NA;NA;NA
43;"RS";4304002;"430400";"Campo Novo";"Não";"-";"Motociclistas";NA;NA;NA;NA;NA;NA;NA;NA;NA;NA;NA;NA;NA;NA;NA;NA;NA;NA;NA;1;NA;NA;NA;NA;NA
43;"RS";4304200;"430420";"Candelária";"Não";"-";"Motociclistas";NA;NA;NA;NA;NA;NA;NA;NA;NA;NA;NA;1;NA;1;NA;NA;1;NA;NA;NA;1;NA;1;NA;NA
43;"RS";4304309;"430430";"Cândido Godói";"Não";"-";"Motociclistas";NA;NA;NA;NA;NA;NA;NA;NA;NA;NA;NA;NA;NA;NA;NA;NA;NA;NA;NA;NA;NA;NA;NA;NA;NA
43;"RS";4304358;"430435";"Candiota";"Não";"-";"Motociclistas";NA;NA;NA;NA;NA;NA;NA;NA;NA;NA;NA;NA;NA;NA;NA;NA;NA;NA;NA;NA;NA;NA;NA;NA;NA
43;"RS";4304408;"430440";"Canela";"Não";"-";"Motociclistas";NA;NA;NA;NA;NA;NA;NA;NA;1;NA;NA;NA;NA;NA;NA;NA;NA;NA;NA;NA;NA;NA;NA;NA;NA
43;"RS";4304507;"430450";"Canguçu";"Não";"-";"Motociclistas";NA;1;NA;NA;NA;NA;1;NA;NA;1;NA;NA;NA;NA;NA;NA;NA;NA;NA;1;NA;1;NA;NA;NA
43;"RS";4304606;"430460";"Canoas";"Não";"Região Metropolitana de Porto Alegre";"Motociclistas";NA;NA;NA;NA;NA;NA;1;NA;NA;NA;NA;NA;NA;1;NA;NA;1;NA;2;1;2;2;2;NA;NA
43;"RS";4304630;"430463";"Capão da Canoa";"Não";"-";"Motociclistas";NA;NA;NA;NA;NA;NA;NA;NA;NA;NA;NA;NA;NA;NA;NA;NA;NA;NA;NA;NA;NA;NA;NA;1;NA
43;"RS";4304655;"430465";"Capão do Cipó";"Não";"-";"Motociclistas";NA;NA;NA;NA;NA;NA;NA;NA;NA;NA;NA;NA;NA;NA;NA;NA;NA;NA;NA;NA;NA;1;NA;NA;NA
43;"RS";4304663;"430466";"Capão do Leão";"Não";"-";"Motociclistas";NA;NA;NA;NA;NA;NA;NA;NA;NA;NA;NA;1;NA;NA;NA;NA;NA;NA;NA;NA;NA;NA;NA;NA;NA
43;"RS";4304671;"430467";"Capivari do Sul";"Não";"-";"Motociclistas";NA;NA;NA;NA;NA;NA;NA;NA;NA;NA;NA;NA;NA;NA;NA;NA;NA;NA;NA;NA;1;NA;NA;NA;NA
43;"RS";4304689;"430468";"Capela de Santana";"Não";"Região Metropolitana de Porto Alegre";"Motociclistas";NA;NA;NA;NA;NA;NA;NA;NA;NA;NA;NA;NA;NA;NA;NA;NA;NA;NA;NA;NA;NA;NA;NA;NA;NA
43;"RS";4304705;"430470";"Carazinho";"Não";"-";"Motociclistas";NA;NA;NA;NA;NA;NA;NA;NA;NA;NA;NA;NA;NA;NA;NA;NA;NA;1;NA;NA;NA;NA;NA;1;NA
43;"RS";4304804;"430480";"Carlos Barbosa";"Não";"Região Metropolitana da Serra Gaúcha";"Motociclistas";NA;NA;NA;NA;NA;NA;NA;NA;NA;NA;NA;NA;NA;NA;NA;NA;NA;NA;NA;NA;NA;NA;NA;NA;NA
43;"RS";4304903;"430490";"Casca";"Não";"-";"Motociclistas";NA;NA;NA;NA;NA;NA;NA;NA;NA;NA;NA;NA;NA;NA;NA;NA;NA;1;NA;NA;NA;NA;NA;NA;NA
43;"RS";4304952;"430495";"Caseiros";"Não";"-";"Motociclistas";NA;NA;NA;NA;NA;NA;NA;NA;NA;NA;NA;NA;NA;NA;NA;NA;NA;NA;NA;NA;NA;NA;1;NA;NA
43;"RS";4305009;"430500";"Catuípe";"Não";"-";"Motociclistas";NA;NA;NA;NA;NA;NA;NA;NA;NA;NA;NA;NA;NA;NA;NA;NA;NA;NA;NA;NA;NA;NA;NA;NA;NA
43;"RS";4305108;"430510";"Caxias do Sul";"Não";"Região Metropolitana da Serra Gaúcha";"Motociclistas";NA;NA;1;NA;1;NA;3;NA;NA;2;1;3;3;NA;2;NA;2;NA;NA;4;2;NA;1;2;NA
43;"RS";4305124;"430512";"Cerrito";"Não";"-";"Motociclistas";NA;NA;NA;NA;NA;NA;NA;NA;NA;NA;NA;NA;NA;NA;NA;NA;NA;NA;NA;NA;NA;NA;NA;NA;NA
43;"RS";4305132;"430513";"Cerro Branco";"Não";"-";"Motociclistas";NA;NA;NA;NA;NA;NA;NA;NA;NA;NA;NA;NA;NA;NA;NA;NA;NA;NA;NA;NA;NA;NA;NA;NA;NA
43;"RS";4305157;"430515";"Cerro Grande";"Não";"-";"Motociclistas";NA;NA;NA;NA;NA;NA;NA;NA;NA;NA;NA;NA;NA;NA;NA;NA;NA;NA;NA;NA;NA;NA;NA;1;NA
43;"RS";4305173;"430517";"Cerro Grande do Sul";"Não";"-";"Motociclistas";NA;NA;NA;NA;NA;NA;NA;NA;NA;NA;NA;1;NA;NA;NA;1;NA;NA;NA;NA;NA;NA;NA;NA;NA
43;"RS";4305207;"430520";"Cerro Largo";"Não";"-";"Motociclistas";NA;NA;NA;NA;NA;NA;NA;NA;NA;NA;NA;NA;NA;NA;NA;NA;NA;NA;NA;NA;NA;NA;NA;NA;NA
43;"RS";4305306;"430530";"Chapada";"Não";"-";"Motociclistas";NA;NA;NA;NA;NA;NA;NA;NA;NA;NA;NA;NA;NA;NA;NA;NA;NA;NA;NA;NA;NA;NA;NA;NA;NA
43;"RS";4305355;"430535";"Charqueadas";"Não";"Região Metropolitana de Porto Alegre";"Motociclistas";NA;NA;NA;NA;NA;NA;NA;NA;NA;NA;NA;NA;NA;NA;NA;NA;NA;NA;NA;NA;NA;NA;NA;NA;NA
43;"RS";4305439;"430543";"Chuí";"Não";"-";"Motociclistas";NA;NA;NA;NA;NA;NA;NA;NA;NA;NA;NA;NA;NA;1;NA;NA;NA;NA;NA;NA;NA;NA;NA;NA;NA
43;"RS";4305447;"430544";"Chuvisca";"Não";"-";"Motociclistas";NA;NA;NA;NA;NA;NA;NA;NA;NA;NA;NA;NA;NA;NA;NA;NA;NA;NA;NA;2;NA;NA;NA;NA;NA
43;"RS";4305454;"430545";"Cidreira";"Não";"-";"Motociclistas";NA;NA;NA;NA;NA;NA;NA;NA;NA;NA;NA;NA;NA;NA;NA;NA;NA;NA;NA;NA;NA;NA;NA;NA;NA
43;"RS";4305504;"430550";"Ciríaco";"Não";"-";"Motociclistas";NA;NA;NA;NA;NA;NA;NA;NA;NA;NA;NA;NA;NA;NA;NA;NA;NA;NA;NA;NA;NA;NA;NA;NA;NA
43;"RS";4305587;"430558";"Colinas";"Não";"-";"Motociclistas";NA;NA;NA;NA;NA;NA;NA;NA;NA;NA;NA;NA;NA;NA;NA;NA;NA;NA;NA;NA;NA;NA;1;NA;NA
43;"RS";4305603;"430560";"Colorado";"Não";"-";"Motociclistas";NA;NA;NA;NA;NA;NA;NA;NA;NA;NA;NA;NA;NA;NA;NA;NA;NA;NA;NA;NA;NA;NA;NA;NA;NA
43;"RS";4305702;"430570";"Condor";"Não";"-";"Motociclistas";NA;NA;NA;NA;NA;NA;NA;NA;NA;NA;NA;NA;NA;NA;NA;NA;NA;NA;NA;NA;NA;NA;NA;NA;NA
43;"RS";4305835;"430583";"Coqueiro Baixo";"Não";"-";"Motociclistas";NA;NA;NA;NA;NA;NA;NA;NA;NA;NA;NA;NA;NA;NA;NA;NA;1;NA;NA;NA;NA;NA;NA;NA;NA
43;"RS";4305871;"430587";"Coronel Barros";"Não";"-";"Motociclistas";NA;NA;NA;NA;NA;NA;NA;NA;NA;NA;NA;NA;NA;NA;NA;NA;NA;NA;NA;NA;NA;NA;NA;NA;NA
43;"RS";4305900;"430590";"Coronel Bicaco";"Não";"-";"Motociclistas";NA;NA;NA;NA;NA;NA;NA;NA;NA;NA;NA;1;NA;NA;NA;1;NA;NA;NA;NA;NA;NA;NA;NA;NA
43;"RS";4305934;"430593";"Coronel Pilar";"Não";"-";"Motociclistas";NA;NA;NA;NA;NA;NA;NA;NA;NA;NA;NA;NA;NA;NA;NA;NA;NA;NA;NA;NA;NA;NA;NA;NA;NA
43;"RS";4305959;"430595";"Cotiporã";"Não";"-";"Motociclistas";NA;NA;NA;NA;NA;NA;NA;NA;NA;NA;NA;NA;NA;NA;NA;NA;NA;NA;NA;NA;NA;NA;NA;NA;NA
43;"RS";4305975;"430597";"Coxilha";"Não";"-";"Motociclistas";NA;NA;NA;NA;NA;NA;NA;NA;NA;NA;NA;NA;NA;NA;NA;NA;NA;NA;NA;NA;NA;NA;NA;NA;NA
43;"RS";4306007;"430600";"Crissiumal";"Não";"-";"Motociclistas";NA;NA;NA;NA;NA;NA;NA;NA;NA;NA;NA;NA;NA;NA;NA;NA;NA;NA;NA;NA;NA;NA;NA;NA;NA
43;"RS";4306056;"430605";"Cristal";"Não";"-";"Motociclistas";NA;NA;NA;NA;NA;NA;NA;NA;NA;NA;NA;NA;NA;NA;NA;NA;NA;NA;NA;NA;NA;NA;NA;NA;NA
43;"RS";4306106;"430610";"Cruz Alta";"Não";"-";"Motociclistas";NA;NA;NA;NA;NA;NA;NA;NA;NA;NA;NA;NA;NA;NA;1;NA;NA;NA;1;NA;NA;NA;NA;NA;NA
43;"RS";4306130;"430613";"Cruzaltense";"Não";"-";"Motociclistas";NA;NA;NA;NA;NA;NA;NA;NA;NA;NA;NA;NA;NA;NA;NA;NA;NA;NA;NA;NA;NA;NA;NA;NA;NA
43;"RS";4306205;"430620";"Cruzeiro do Sul";"Não";"-";"Motociclistas";NA;NA;NA;NA;NA;NA;NA;NA;NA;NA;NA;NA;NA;NA;NA;NA;NA;NA;NA;NA;NA;NA;NA;NA;NA
43;"RS";4306304;"430630";"David Canabarro";"Não";"-";"Motociclistas";NA;NA;NA;NA;NA;NA;NA;NA;NA;NA;NA;NA;NA;NA;NA;NA;NA;NA;NA;NA;NA;NA;NA;NA;NA
43;"RS";4306320;"430632";"Derrubadas";"Não";"-";"Motociclistas";NA;NA;NA;NA;NA;NA;NA;NA;NA;NA;NA;NA;NA;NA;NA;NA;NA;NA;NA;NA;NA;NA;NA;NA;NA
43;"RS";4306353;"430635";"Dezesseis de Novembro";"Não";"-";"Motociclistas";NA;NA;NA;NA;NA;NA;NA;NA;NA;NA;NA;NA;NA;NA;NA;NA;NA;NA;NA;NA;NA;NA;NA;NA;NA
43;"RS";4306379;"430637";"Dilermando de Aguiar";"Não";"-";"Motociclistas";NA;NA;NA;NA;NA;NA;NA;NA;NA;NA;NA;NA;NA;NA;NA;NA;NA;NA;NA;NA;NA;NA;NA;NA;NA
43;"RS";4306403;"430640";"Dois Irmãos";"Não";"Região Metropolitana de Porto Alegre";"Motociclistas";NA;NA;NA;NA;NA;NA;NA;NA;NA;NA;NA;NA;NA;NA;NA;NA;1;NA;NA;NA;NA;NA;NA;NA;NA
43;"RS";4306452;"430645";"Dois Lajeados";"Não";"-";"Motociclistas";NA;NA;NA;NA;NA;NA;NA;NA;NA;NA;1;NA;NA;NA;NA;NA;NA;NA;1;NA;NA;NA;NA;NA;NA
43;"RS";4306502;"430650";"Dom Feliciano";"Não";"-";"Motociclistas";NA;NA;NA;NA;NA;NA;NA;NA;NA;NA;NA;NA;NA;NA;NA;NA;NA;NA;NA;NA;NA;NA;1;NA;NA
43;"RS";4306551;"430655";"Dom Pedro de Alcântara";"Não";"-";"Motociclistas";NA;NA;NA;NA;NA;NA;NA;NA;NA;NA;NA;NA;NA;NA;NA;NA;NA;NA;NA;NA;NA;NA;NA;NA;NA
43;"RS";4306601;"430660";"Dom Pedrito";"Não";"-";"Motociclistas";NA;NA;NA;NA;NA;NA;NA;NA;NA;NA;NA;NA;NA;NA;NA;NA;NA;NA;NA;NA;NA;NA;NA;NA;NA
43;"RS";4306700;"430670";"Dona Francisca";"Não";"-";"Motociclistas";NA;NA;NA;NA;NA;NA;NA;NA;NA;NA;NA;NA;NA;NA;NA;1;NA;NA;NA;NA;NA;NA;NA;NA;NA
43;"RS";4306734;"430673";"Doutor Maurício Cardoso";"Não";"-";"Motociclistas";NA;NA;NA;NA;NA;NA;NA;NA;NA;NA;NA;NA;NA;NA;NA;NA;NA;NA;NA;NA;NA;NA;NA;NA;NA
43;"RS";4306759;"430675";"Doutor Ricardo";"Não";"-";"Motociclistas";NA;NA;NA;NA;NA;NA;NA;NA;NA;NA;NA;NA;NA;NA;NA;NA;NA;NA;NA;NA;NA;NA;NA;NA;NA
43;"RS";4306767;"430676";"Eldorado do Sul";"Não";"Região Metropolitana de Porto Alegre";"Motociclistas";NA;NA;NA;NA;NA;NA;NA;NA;NA;NA;NA;1;NA;NA;NA;NA;NA;NA;NA;NA;NA;NA;NA;NA;NA
43;"RS";4306809;"430680";"Encantado";"Não";"-";"Motociclistas";NA;NA;NA;NA;NA;NA;NA;NA;NA;NA;NA;NA;NA;NA;NA;NA;NA;NA;NA;1;NA;NA;NA;NA;NA
43;"RS";4306908;"430690";"Encruzilhada do Sul";"Não";"-";"Motociclistas";NA;NA;NA;NA;NA;NA;NA;NA;NA;NA;1;NA;NA;NA;NA;NA;NA;NA;NA;NA;NA;NA;NA;NA;NA
43;"RS";4306932;"430693";"Entre-Ijuís";"Não";"-";"Motociclistas";NA;NA;NA;NA;NA;NA;NA;NA;NA;NA;NA;NA;NA;NA;NA;NA;NA;NA;NA;NA;NA;NA;NA;NA;NA
43;"RS";4307005;"430700";"Erechim";"Não";"-";"Motociclistas";NA;NA;NA;NA;NA;NA;NA;NA;NA;2;NA;1;NA;NA;NA;1;NA;NA;NA;NA;NA;NA;NA;NA;NA
43;"RS";4307054;"430705";"Ernestina";"Não";"-";"Motociclistas";NA;NA;NA;NA;NA;NA;NA;NA;NA;NA;NA;NA;NA;NA;NA;NA;NA;NA;NA;NA;NA;NA;NA;NA;NA
43;"RS";4307104;"430710";"Herval";"Não";"-";"Motociclistas";NA;NA;NA;NA;NA;NA;NA;NA;NA;NA;NA;NA;NA;NA;NA;NA;NA;NA;NA;NA;NA;NA;NA;NA;NA
43;"RS";4307203;"430720";"Erval Grande";"Não";"-";"Motociclistas";NA;NA;NA;NA;NA;NA;NA;NA;NA;NA;NA;NA;NA;NA;NA;NA;NA;NA;NA;NA;NA;NA;NA;NA;NA
43;"RS";4307302;"430730";"Erval Seco";"Não";"-";"Motociclistas";NA;NA;NA;NA;NA;NA;NA;NA;NA;NA;NA;NA;NA;NA;NA;NA;NA;NA;NA;NA;NA;NA;NA;NA;NA
43;"RS";4307450;"430745";"Esperança do Sul";"Não";"-";"Motociclistas";NA;NA;NA;NA;NA;NA;NA;NA;NA;NA;NA;NA;NA;NA;NA;NA;NA;NA;NA;NA;NA;NA;NA;NA;NA
43;"RS";4307500;"430750";"Espumoso";"Não";"-";"Motociclistas";NA;NA;NA;NA;NA;NA;NA;NA;NA;NA;NA;NA;NA;NA;NA;NA;NA;NA;NA;NA;NA;NA;NA;NA;NA
43;"RS";4307559;"430755";"Estação";"Não";"-";"Motociclistas";NA;NA;NA;NA;NA;NA;NA;NA;NA;NA;NA;NA;NA;NA;NA;NA;NA;NA;NA;NA;NA;NA;NA;NA;NA
43;"RS";4307609;"430760";"Estância Velha";"Não";"Região Metropolitana de Porto Alegre";"Motociclistas";NA;NA;NA;NA;NA;NA;NA;NA;NA;NA;NA;NA;NA;NA;NA;NA;NA;NA;NA;NA;NA;NA;NA;NA;NA
43;"RS";4307708;"430770";"Esteio";"Não";"Região Metropolitana de Porto Alegre";"Motociclistas";NA;NA;NA;NA;NA;NA;NA;NA;NA;NA;NA;NA;NA;NA;NA;NA;NA;NA;NA;1;NA;NA;NA;NA;NA
43;"RS";4307807;"430780";"Estrela";"Não";"-";"Motociclistas";1;NA;NA;NA;NA;NA;NA;NA;1;NA;NA;NA;NA;NA;NA;NA;NA;NA;NA;NA;NA;NA;NA;NA;NA
43;"RS";4307831;"430783";"Eugênio de Castro";"Não";"-";"Motociclistas";NA;NA;NA;NA;NA;NA;NA;NA;NA;NA;NA;NA;NA;NA;NA;NA;NA;NA;NA;NA;NA;NA;NA;NA;NA
43;"RS";4307864;"430786";"Fagundes Varela";"Não";"-";"Motociclistas";NA;NA;NA;NA;NA;NA;NA;NA;NA;NA;NA;NA;NA;NA;NA;NA;NA;NA;NA;NA;NA;NA;NA;NA;NA
43;"RS";4307906;"430790";"Farroupilha";"Não";"Região Metropolitana da Serra Gaúcha";"Motociclistas";NA;NA;NA;NA;NA;NA;1;NA;NA;NA;1;NA;NA;NA;1;NA;1;NA;NA;1;NA;NA;NA;NA;NA
43;"RS";4308003;"430800";"Faxinal do Soturno";"Não";"-";"Motociclistas";NA;NA;NA;NA;NA;NA;NA;NA;NA;NA;NA;NA;NA;NA;NA;NA;NA;NA;NA;NA;NA;NA;NA;NA;NA
43;"RS";4308052;"430805";"Faxinalzinho";"Não";"-";"Motociclistas";NA;NA;NA;NA;NA;NA;NA;NA;NA;NA;NA;NA;NA;NA;NA;NA;NA;NA;NA;NA;NA;NA;NA;NA;NA
43;"RS";4308078;"430807";"Fazenda Vilanova";"Não";"-";"Motociclistas";NA;NA;NA;NA;NA;NA;NA;NA;NA;NA;NA;NA;NA;NA;NA;NA;NA;NA;NA;NA;NA;NA;NA;NA;NA
43;"RS";4308102;"430810";"Feliz";"Não";"-";"Motociclistas";NA;NA;NA;NA;NA;NA;NA;NA;NA;NA;NA;NA;NA;NA;NA;NA;NA;NA;NA;NA;NA;NA;NA;NA;NA
43;"RS";4308201;"430820";"Flores da Cunha";"Não";"Região Metropolitana da Serra Gaúcha";"Motociclistas";NA;NA;NA;NA;NA;NA;NA;NA;NA;NA;NA;NA;NA;NA;1;NA;NA;NA;NA;NA;NA;NA;NA;1;NA
43;"RS";4308300;"430830";"Fontoura Xavier";"Não";"-";"Motociclistas";NA;NA;NA;NA;NA;NA;NA;NA;NA;NA;NA;NA;NA;NA;NA;NA;NA;NA;NA;NA;NA;NA;NA;NA;NA
43;"RS";4308508;"430850";"Frederico Westphalen";"Não";"-";"Motociclistas";NA;NA;NA;NA;NA;NA;NA;NA;NA;NA;NA;NA;NA;NA;NA;NA;NA;NA;NA;NA;NA;NA;NA;NA;NA
43;"RS";4308607;"430860";"Garibaldi";"Não";"Região Metropolitana da Serra Gaúcha";"Motociclistas";NA;NA;NA;NA;NA;1;NA;NA;NA;NA;1;NA;NA;2;NA;NA;1;NA;1;NA;NA;NA;NA;NA;NA
43;"RS";4308656;"430865";"Garruchos";"Não";"-";"Motociclistas";NA;NA;NA;NA;NA;NA;NA;NA;NA;NA;NA;NA;NA;NA;NA;NA;NA;NA;NA;NA;NA;NA;NA;NA;NA
43;"RS";4308706;"430870";"Gaurama";"Não";"-";"Motociclistas";NA;NA;NA;NA;NA;NA;NA;NA;NA;NA;NA;NA;NA;NA;NA;NA;NA;NA;NA;NA;NA;NA;NA;NA;NA
43;"RS";4308805;"430880";"General Câmara";"Não";"-";"Motociclistas";NA;NA;NA;NA;NA;NA;NA;NA;NA;NA;NA;NA;NA;NA;NA;NA;NA;NA;NA;NA;NA;NA;NA;NA;NA
43;"RS";4308854;"430885";"Gentil";"Não";"-";"Motociclistas";NA;NA;NA;NA;NA;NA;NA;NA;NA;NA;NA;NA;NA;NA;NA;NA;NA;NA;NA;NA;NA;NA;NA;NA;NA
43;"RS";4308904;"430890";"Getúlio Vargas";"Não";"-";"Motociclistas";NA;NA;NA;NA;NA;NA;NA;NA;NA;NA;NA;NA;NA;NA;NA;NA;NA;NA;NA;NA;NA;NA;NA;NA;NA
43;"RS";4309001;"430900";"Giruá";"Não";"-";"Motociclistas";NA;NA;NA;NA;NA;NA;NA;NA;NA;NA;NA;NA;1;NA;NA;NA;NA;NA;NA;NA;NA;NA;NA;NA;NA
43;"RS";4309100;"430910";"Gramado";"Não";"-";"Motociclistas";NA;NA;NA;NA;NA;NA;NA;NA;NA;NA;NA;NA;NA;NA;NA;NA;NA;NA;NA;NA;NA;NA;NA;NA;NA
43;"RS";4309126;"430912";"Gramado dos Loureiros";"Não";"-";"Motociclistas";NA;NA;NA;NA;NA;NA;NA;NA;NA;NA;NA;NA;NA;NA;NA;NA;NA;NA;NA;NA;NA;NA;NA;NA;NA
43;"RS";4309159;"430915";"Gramado Xavier";"Não";"-";"Motociclistas";NA;NA;NA;NA;NA;NA;NA;1;NA;NA;NA;NA;NA;NA;NA;NA;NA;NA;NA;NA;NA;NA;NA;NA;NA
43;"RS";4309209;"430920";"Gravataí";"Não";"Região Metropolitana de Porto Alegre";"Motociclistas";NA;NA;NA;NA;NA;NA;NA;NA;NA;NA;NA;NA;NA;NA;1;NA;NA;NA;NA;2;2;NA;1;NA;NA
43;"RS";4309308;"430930";"Guaíba";"Não";"Região Metropolitana de Porto Alegre";"Motociclistas";NA;NA;NA;NA;NA;NA;NA;NA;NA;NA;NA;NA;NA;NA;NA;NA;NA;NA;NA;NA;1;2;1;NA;NA
43;"RS";4309407;"430940";"Guaporé";"Não";"-";"Motociclistas";NA;NA;NA;NA;NA;NA;NA;NA;NA;NA;NA;NA;NA;NA;NA;NA;NA;NA;NA;NA;NA;NA;NA;NA;NA
43;"RS";4309506;"430950";"Guarani das Missões";"Não";"-";"Motociclistas";NA;NA;NA;NA;NA;NA;NA;NA;NA;NA;NA;NA;NA;NA;NA;NA;NA;NA;NA;NA;NA;NA;NA;NA;NA
43;"RS";4309571;"430957";"Herveiras";"Não";"-";"Motociclistas";NA;NA;NA;NA;NA;NA;NA;NA;NA;NA;NA;NA;NA;NA;NA;NA;NA;NA;NA;NA;NA;NA;NA;NA;NA
43;"RS";4309605;"430960";"Horizontina";"Não";"-";"Motociclistas";NA;NA;NA;NA;NA;NA;NA;NA;NA;NA;NA;NA;NA;NA;NA;NA;NA;NA;NA;NA;NA;NA;NA;NA;NA
43;"RS";4309654;"430965";"Hulha Negra";"Não";"-";"Motociclistas";NA;NA;NA;NA;NA;NA;NA;NA;NA;NA;NA;NA;NA;NA;NA;NA;NA;NA;NA;NA;NA;NA;NA;NA;NA
43;"RS";4309753;"430975";"Ibarama";"Não";"-";"Motociclistas";NA;NA;NA;NA;NA;NA;NA;NA;NA;NA;NA;NA;NA;NA;NA;NA;NA;NA;NA;NA;NA;NA;NA;NA;NA
43;"RS";4309902;"430990";"Ibiraiaras";"Não";"-";"Motociclistas";NA;NA;NA;NA;NA;NA;NA;NA;NA;NA;NA;NA;NA;NA;NA;NA;NA;NA;NA;NA;NA;NA;NA;NA;NA
43;"RS";4310009;"431000";"Ibirubá";"Não";"-";"Motociclistas";NA;NA;NA;NA;NA;NA;NA;NA;NA;1;NA;NA;NA;NA;NA;NA;NA;NA;NA;NA;NA;NA;NA;NA;NA
43;"RS";4310108;"431010";"Igrejinha";"Não";"Região Metropolitana de Porto Alegre";"Motociclistas";NA;NA;NA;NA;NA;NA;NA;NA;NA;NA;NA;1;NA;NA;NA;NA;NA;NA;NA;NA;NA;NA;NA;NA;NA
43;"RS";4310207;"431020";"Ijuí";"Não";"-";"Motociclistas";NA;NA;NA;NA;NA;NA;NA;NA;NA;NA;NA;1;NA;NA;NA;NA;NA;NA;NA;1;NA;NA;NA;1;NA
43;"RS";4310306;"431030";"Ilópolis";"Não";"-";"Motociclistas";NA;NA;NA;NA;NA;NA;NA;NA;NA;NA;NA;NA;NA;NA;NA;NA;NA;NA;NA;NA;NA;1;NA;NA;NA
43;"RS";4310330;"431033";"Imbé";"Não";"-";"Motociclistas";NA;NA;NA;NA;NA;NA;NA;NA;NA;NA;NA;NA;NA;NA;NA;NA;NA;NA;NA;NA;1;NA;NA;NA;NA
43;"RS";4310363;"431036";"Imigrante";"Não";"-";"Motociclistas";NA;NA;NA;NA;NA;NA;NA;NA;NA;NA;NA;NA;NA;NA;NA;NA;NA;NA;NA;NA;NA;NA;NA;NA;NA
43;"RS";4310405;"431040";"Independência";"Não";"-";"Motociclistas";NA;NA;NA;NA;NA;NA;NA;NA;NA;NA;NA;NA;NA;NA;NA;NA;NA;NA;NA;NA;NA;NA;NA;NA;NA
43;"RS";4310439;"431043";"Ipê";"Não";"Região Metropolitana da Serra Gaúcha";"Motociclistas";NA;NA;NA;1;NA;NA;NA;NA;NA;NA;NA;NA;NA;NA;1;NA;NA;NA;NA;NA;NA;NA;NA;NA;NA
43;"RS";4310462;"431046";"Ipiranga do Sul";"Não";"-";"Motociclistas";NA;NA;NA;NA;NA;NA;NA;NA;NA;NA;NA;NA;NA;NA;NA;NA;NA;NA;NA;NA;NA;NA;NA;NA;NA
43;"RS";4310504;"431050";"Iraí";"Não";"-";"Motociclistas";NA;NA;NA;NA;NA;NA;NA;NA;NA;NA;NA;NA;NA;NA;NA;NA;NA;NA;NA;NA;NA;NA;NA;NA;NA
43;"RS";4310538;"431053";"Itaara";"Não";"-";"Motociclistas";NA;NA;NA;NA;NA;NA;NA;NA;NA;NA;NA;NA;NA;NA;NA;NA;NA;NA;NA;NA;NA;NA;NA;NA;NA
43;"RS";4310553;"431055";"Itacurubi";"Não";"-";"Motociclistas";NA;NA;NA;NA;NA;NA;NA;NA;NA;NA;NA;NA;NA;1;NA;NA;NA;NA;NA;NA;NA;NA;NA;NA;NA
43;"RS";4310603;"431060";"Itaqui";"Não";"-";"Motociclistas";NA;NA;NA;NA;NA;NA;NA;NA;NA;NA;NA;NA;NA;1;NA;NA;NA;NA;NA;NA;NA;NA;NA;NA;NA
43;"RS";4310652;"431065";"Itati";"Não";"-";"Motociclistas";NA;NA;NA;NA;NA;NA;NA;NA;NA;NA;NA;NA;NA;NA;NA;NA;NA;NA;NA;NA;NA;NA;NA;NA;NA
43;"RS";4310702;"431070";"Itatiba do Sul";"Não";"-";"Motociclistas";NA;NA;NA;NA;NA;NA;NA;NA;NA;NA;NA;NA;NA;NA;NA;NA;NA;NA;NA;NA;NA;NA;NA;NA;NA
43;"RS";4310801;"431080";"Ivoti";"Não";"Região Metropolitana de Porto Alegre";"Motociclistas";NA;NA;NA;NA;NA;NA;NA;NA;NA;NA;NA;NA;NA;NA;NA;NA;NA;NA;NA;NA;NA;NA;NA;NA;NA
43;"RS";4310850;"431085";"Jaboticaba";"Não";"-";"Motociclistas";NA;NA;NA;NA;NA;NA;NA;NA;NA;NA;NA;NA;NA;NA;NA;NA;NA;NA;NA;NA;NA;NA;NA;NA;NA
43;"RS";4310900;"431090";"Jacutinga";"Não";"-";"Motociclistas";NA;NA;NA;NA;NA;NA;NA;NA;NA;NA;NA;NA;NA;NA;NA;NA;NA;NA;NA;NA;NA;NA;NA;NA;NA
43;"RS";4311007;"431100";"Jaguarão";"Não";"-";"Motociclistas";NA;NA;NA;NA;NA;NA;NA;NA;NA;NA;NA;NA;NA;NA;NA;NA;NA;NA;NA;NA;NA;NA;NA;NA;NA
43;"RS";4311106;"431110";"Jaguari";"Não";"-";"Motociclistas";NA;NA;NA;NA;NA;NA;NA;NA;NA;NA;NA;NA;NA;NA;NA;NA;NA;NA;NA;NA;NA;NA;NA;NA;NA
43;"RS";4311122;"431112";"Jaquirana";"Não";"-";"Motociclistas";NA;NA;NA;NA;NA;NA;NA;NA;NA;NA;NA;NA;NA;NA;NA;NA;NA;NA;NA;NA;NA;NA;NA;NA;NA
43;"RS";4311155;"431115";"Jóia";"Não";"-";"Motociclistas";NA;NA;NA;NA;NA;NA;NA;NA;NA;NA;NA;NA;NA;NA;NA;NA;NA;NA;NA;NA;NA;NA;NA;NA;NA
43;"RS";4311205;"431120";"Júlio de Castilhos";"Não";"-";"Motociclistas";NA;NA;NA;NA;NA;NA;NA;NA;NA;NA;1;NA;NA;NA;NA;NA;NA;NA;NA;NA;NA;NA;NA;NA;NA
43;"RS";4311270;"431127";"Lagoa dos Três Cantos";"Não";"-";"Motociclistas";NA;NA;NA;NA;NA;NA;NA;NA;NA;NA;NA;NA;NA;NA;NA;NA;NA;NA;NA;NA;NA;NA;NA;NA;NA
43;"RS";4311304;"431130";"Lagoa Vermelha";"Não";"-";"Motociclistas";NA;NA;NA;NA;NA;NA;NA;NA;NA;1;NA;NA;NA;NA;NA;NA;NA;NA;NA;NA;NA;NA;NA;NA;NA
43;"RS";4311403;"431140";"Lajeado";"Não";"-";"Motociclistas";NA;1;NA;NA;NA;NA;NA;NA;NA;2;NA;NA;NA;NA;NA;NA;1;1;1;NA;NA;2;1;1;NA
43;"RS";4311429;"431142";"Lajeado do Bugre";"Não";"-";"Motociclistas";NA;NA;NA;NA;NA;NA;NA;NA;NA;NA;NA;NA;NA;NA;NA;NA;NA;NA;NA;NA;NA;NA;NA;NA;NA
43;"RS";4311502;"431150";"Lavras do Sul";"Não";"-";"Motociclistas";NA;NA;NA;NA;NA;NA;NA;NA;NA;NA;NA;NA;NA;NA;NA;NA;NA;NA;NA;NA;NA;NA;NA;NA;NA
43;"RS";4311700;"431170";"Machadinho";"Não";"-";"Motociclistas";NA;NA;NA;NA;NA;NA;NA;NA;NA;NA;NA;NA;NA;NA;NA;NA;NA;NA;NA;NA;NA;NA;NA;NA;NA
43;"RS";4311734;"431173";"Mampituba";"Não";"-";"Motociclistas";NA;NA;NA;NA;NA;NA;NA;NA;NA;NA;NA;NA;NA;NA;NA;NA;NA;NA;NA;NA;NA;NA;NA;NA;NA
43;"RS";4311759;"431175";"Manoel Viana";"Não";"-";"Motociclistas";NA;NA;NA;NA;NA;NA;NA;NA;NA;NA;NA;NA;NA;NA;NA;NA;NA;NA;NA;NA;NA;NA;NA;NA;NA
43;"RS";4311775;"431177";"Maquiné";"Não";"-";"Motociclistas";NA;NA;NA;NA;NA;NA;NA;1;NA;NA;NA;1;NA;NA;NA;NA;NA;NA;NA;NA;NA;NA;NA;NA;NA
43;"RS";4311791;"431179";"Maratá";"Não";"-";"Motociclistas";NA;NA;NA;NA;NA;NA;NA;NA;NA;NA;NA;NA;NA;NA;NA;NA;NA;NA;NA;NA;NA;NA;NA;NA;NA
43;"RS";4311809;"431180";"Marau";"Não";"-";"Motociclistas";NA;NA;NA;NA;NA;NA;NA;NA;NA;NA;NA;NA;NA;NA;NA;NA;NA;NA;NA;NA;NA;NA;NA;NA;NA
43;"RS";4311908;"431190";"Marcelino Ramos";"Não";"-";"Motociclistas";NA;NA;NA;NA;NA;NA;NA;NA;NA;NA;1;NA;NA;NA;NA;NA;NA;NA;NA;NA;NA;NA;NA;NA;NA
43;"RS";4312054;"431205";"Marques de Souza";"Não";"-";"Motociclistas";NA;NA;NA;NA;NA;NA;NA;NA;NA;NA;NA;NA;NA;NA;NA;NA;NA;NA;NA;NA;NA;NA;NA;NA;NA
43;"RS";4312104;"431210";"Mata";"Não";"-";"Motociclistas";NA;NA;NA;NA;NA;NA;NA;NA;NA;NA;NA;NA;NA;NA;NA;NA;NA;NA;NA;NA;NA;NA;NA;NA;NA
43;"RS";4312138;"431213";"Mato Castelhano";"Não";"-";"Motociclistas";NA;NA;NA;NA;NA;NA;NA;NA;NA;NA;NA;NA;NA;NA;NA;NA;NA;NA;NA;NA;NA;NA;NA;NA;NA
43;"RS";4312153;"431215";"Mato Leitão";"Não";"-";"Motociclistas";NA;NA;NA;NA;NA;NA;NA;NA;NA;NA;NA;NA;NA;NA;NA;NA;NA;NA;NA;NA;NA;NA;NA;NA;NA
43;"RS";4312179;"431217";"Mato Queimado";"Não";"-";"Motociclistas";NA;NA;NA;NA;NA;NA;NA;NA;NA;NA;NA;NA;NA;NA;NA;NA;NA;NA;NA;NA;NA;NA;NA;NA;NA
43;"RS";4312252;"431225";"Minas do Leão";"Não";"-";"Motociclistas";NA;NA;NA;NA;NA;NA;NA;NA;NA;NA;NA;NA;NA;NA;NA;1;NA;NA;NA;NA;NA;NA;NA;NA;NA
43;"RS";4312302;"431230";"Miraguaí";"Não";"-";"Motociclistas";NA;NA;NA;NA;NA;NA;NA;NA;NA;NA;NA;NA;NA;NA;NA;NA;NA;NA;NA;NA;NA;NA;NA;NA;NA
43;"RS";4312377;"431237";"Monte Alegre dos Campos";"Não";"-";"Motociclistas";NA;NA;NA;NA;NA;NA;NA;NA;NA;NA;NA;NA;NA;NA;NA;NA;NA;NA;NA;NA;NA;NA;NA;NA;NA
43;"RS";4312401;"431240";"Montenegro";"Não";"Região Metropolitana de Porto Alegre";"Motociclistas";NA;NA;NA;NA;NA;NA;1;NA;NA;NA;NA;1;NA;NA;NA;NA;NA;NA;1;NA;NA;1;NA;NA;NA
43;"RS";4312427;"431242";"Mormaço";"Não";"-";"Motociclistas";NA;NA;NA;NA;NA;NA;NA;NA;NA;NA;NA;NA;NA;NA;NA;NA;1;NA;NA;NA;NA;NA;NA;NA;NA
43;"RS";4312450;"431245";"Morro Redondo";"Não";"-";"Motociclistas";NA;NA;NA;NA;NA;NA;NA;NA;NA;NA;NA;NA;NA;NA;NA;NA;NA;NA;NA;NA;NA;NA;NA;NA;NA
43;"RS";4312476;"431247";"Morro Reuter";"Não";"-";"Motociclistas";NA;NA;NA;NA;NA;NA;NA;NA;NA;NA;NA;NA;NA;NA;NA;NA;NA;NA;NA;NA;NA;NA;NA;NA;NA
43;"RS";4312500;"431250";"Mostardas";"Não";"-";"Motociclistas";NA;NA;NA;NA;NA;NA;NA;NA;NA;NA;1;1;NA;NA;NA;NA;NA;NA;NA;NA;NA;NA;NA;NA;NA
43;"RS";4312609;"431260";"Muçum";"Não";"-";"Motociclistas";NA;NA;NA;NA;NA;NA;NA;NA;NA;NA;NA;NA;NA;NA;NA;NA;NA;NA;NA;NA;NA;NA;NA;NA;NA
43;"RS";4312617;"431261";"Muitos Capões";"Não";"-";"Motociclistas";NA;NA;NA;NA;NA;NA;NA;NA;NA;NA;NA;NA;NA;NA;NA;NA;NA;NA;NA;NA;NA;NA;NA;NA;NA
43;"RS";4312658;"431265";"Não-Me-Toque";"Não";"-";"Motociclistas";NA;NA;NA;NA;NA;NA;NA;NA;NA;NA;NA;NA;NA;NA;NA;NA;NA;NA;NA;NA;NA;NA;NA;NA;NA
43;"RS";4312708;"431270";"Nonoai";"Não";"-";"Motociclistas";NA;NA;NA;NA;NA;NA;NA;NA;NA;NA;NA;NA;NA;1;NA;NA;NA;2;NA;NA;NA;NA;NA;NA;NA
43;"RS";4312807;"431280";"Nova Araçá";"Não";"-";"Motociclistas";NA;NA;NA;NA;NA;NA;NA;NA;NA;NA;NA;NA;NA;NA;NA;NA;1;NA;NA;NA;NA;NA;NA;NA;NA
43;"RS";4312906;"431290";"Nova Bassano";"Não";"-";"Motociclistas";NA;NA;NA;NA;NA;NA;NA;NA;NA;NA;1;NA;2;NA;NA;NA;NA;NA;NA;NA;NA;NA;1;NA;NA
43;"RS";4313003;"431300";"Nova Bréscia";"Não";"-";"Motociclistas";NA;NA;NA;NA;NA;NA;NA;NA;NA;NA;NA;NA;NA;NA;NA;NA;NA;NA;NA;NA;NA;NA;NA;NA;NA
43;"RS";4313011;"431301";"Nova Candelária";"Não";"-";"Motociclistas";NA;NA;NA;NA;NA;NA;NA;NA;NA;NA;NA;NA;NA;NA;NA;NA;NA;NA;NA;NA;NA;NA;NA;NA;NA
43;"RS";4313037;"431303";"Nova Esperança do Sul";"Não";"-";"Motociclistas";NA;NA;NA;NA;NA;NA;NA;NA;NA;NA;NA;NA;NA;NA;NA;NA;NA;NA;NA;NA;NA;NA;NA;NA;NA
43;"RS";4313060;"431306";"Nova Hartz";"Não";"Região Metropolitana de Porto Alegre";"Motociclistas";NA;NA;NA;NA;NA;NA;NA;NA;NA;NA;NA;NA;NA;NA;NA;NA;NA;NA;NA;NA;NA;NA;NA;NA;NA
43;"RS";4313086;"431308";"Nova Pádua";"Não";"Região Metropolitana da Serra Gaúcha";"Motociclistas";NA;NA;NA;NA;NA;NA;NA;NA;NA;NA;NA;NA;NA;NA;NA;NA;NA;NA;NA;NA;NA;NA;NA;NA;NA
43;"RS";4313102;"431310";"Nova Palma";"Não";"-";"Motociclistas";NA;NA;NA;NA;NA;NA;NA;NA;NA;NA;NA;NA;NA;NA;NA;NA;NA;NA;NA;NA;NA;NA;1;NA;NA
43;"RS";4313201;"431320";"Nova Petrópolis";"Não";"-";"Motociclistas";NA;NA;NA;NA;NA;NA;NA;NA;NA;NA;NA;NA;NA;NA;NA;NA;NA;NA;NA;NA;NA;NA;NA;NA;NA
43;"RS";4313300;"431330";"Nova Prata";"Não";"-";"Motociclistas";NA;NA;NA;NA;NA;NA;NA;NA;NA;NA;NA;NA;NA;NA;NA;NA;NA;NA;NA;NA;NA;NA;NA;NA;NA
43;"RS";4313334;"431333";"Nova Ramada";"Não";"-";"Motociclistas";NA;NA;NA;NA;NA;NA;NA;NA;NA;NA;NA;NA;NA;NA;NA;NA;NA;NA;NA;NA;NA;NA;NA;NA;NA
43;"RS";4313375;"431337";"Nova Santa Rita";"Não";"Região Metropolitana de Porto Alegre";"Motociclistas";NA;NA;NA;NA;NA;NA;NA;NA;NA;NA;NA;NA;NA;NA;NA;NA;NA;NA;NA;1;NA;NA;NA;NA;NA
43;"RS";4313391;"431339";"Novo Cabrais";"Não";"-";"Motociclistas";NA;NA;NA;NA;NA;NA;NA;NA;NA;NA;NA;NA;NA;NA;NA;NA;NA;NA;NA;NA;NA;NA;NA;NA;NA
43;"RS";4313409;"431340";"Novo Hamburgo";"Não";"Região Metropolitana de Porto Alegre";"Motociclistas";NA;1;1;NA;NA;NA;1;NA;NA;1;1;NA;NA;NA;NA;NA;NA;NA;NA;1;NA;NA;3;2;NA
43;"RS";4313425;"431342";"Novo Machado";"Não";"-";"Motociclistas";NA;NA;NA;NA;NA;NA;NA;NA;NA;NA;NA;NA;NA;NA;NA;NA;NA;NA;NA;NA;NA;NA;NA;NA;NA
43;"RS";4313441;"431344";"Novo Tiradentes";"Não";"-";"Motociclistas";NA;NA;NA;NA;NA;NA;NA;NA;NA;NA;NA;NA;NA;NA;NA;NA;NA;NA;NA;NA;NA;NA;NA;NA;NA
43;"RS";4313490;"431349";"Novo Barreiro";"Não";"-";"Motociclistas";NA;NA;NA;NA;NA;NA;NA;NA;NA;NA;NA;NA;NA;NA;NA;NA;NA;NA;NA;NA;NA;NA;NA;NA;NA
43;"RS";4313508;"431350";"Osório";"Não";"-";"Motociclistas";NA;NA;NA;NA;NA;NA;NA;NA;NA;NA;NA;NA;NA;NA;NA;NA;NA;NA;1;NA;1;NA;NA;NA;NA
43;"RS";4313607;"431360";"Paim Filho";"Não";"-";"Motociclistas";NA;NA;NA;NA;NA;NA;NA;NA;NA;NA;NA;NA;NA;NA;NA;NA;NA;NA;NA;NA;NA;NA;NA;NA;NA
43;"RS";4313656;"431365";"Palmares do Sul";"Não";"-";"Motociclistas";NA;NA;NA;NA;NA;NA;NA;NA;NA;NA;NA;NA;NA;1;NA;NA;NA;NA;1;NA;NA;NA;NA;NA;NA
43;"RS";4313706;"431370";"Palmeira das Missões";"Não";"-";"Motociclistas";NA;NA;NA;NA;NA;NA;NA;NA;NA;NA;NA;NA;NA;NA;NA;NA;NA;NA;NA;NA;NA;NA;NA;NA;NA
43;"RS";4313805;"431380";"Palmitinho";"Não";"-";"Motociclistas";NA;NA;NA;NA;NA;NA;NA;NA;NA;NA;NA;NA;NA;NA;NA;NA;NA;NA;NA;NA;NA;NA;NA;NA;NA
43;"RS";4313904;"431390";"Panambi";"Não";"-";"Motociclistas";NA;NA;NA;NA;NA;NA;NA;NA;NA;NA;NA;NA;NA;NA;NA;NA;NA;NA;NA;NA;NA;NA;NA;NA;NA
43;"RS";4313953;"431395";"Pantano Grande";"Não";"-";"Motociclistas";NA;NA;NA;NA;NA;1;NA;NA;NA;NA;NA;NA;NA;NA;NA;NA;NA;NA;NA;NA;NA;NA;NA;NA;NA
43;"RS";4314001;"431400";"Paraí";"Não";"-";"Motociclistas";NA;NA;NA;NA;NA;NA;NA;NA;NA;NA;NA;NA;NA;NA;NA;NA;NA;NA;NA;NA;NA;NA;NA;NA;NA
43;"RS";4314027;"431402";"Paraíso do Sul";"Não";"-";"Motociclistas";NA;NA;NA;NA;NA;NA;NA;NA;NA;NA;NA;NA;NA;NA;NA;NA;NA;NA;NA;NA;NA;NA;NA;NA;NA
43;"RS";4314035;"431403";"Pareci Novo";"Não";"-";"Motociclistas";NA;NA;NA;NA;NA;NA;NA;NA;NA;NA;NA;NA;NA;NA;NA;NA;NA;NA;NA;NA;NA;NA;NA;NA;NA
43;"RS";4314050;"431405";"Parobé";"Não";"Região Metropolitana de Porto Alegre";"Motociclistas";NA;NA;NA;NA;NA;NA;NA;NA;NA;NA;NA;NA;NA;NA;NA;NA;NA;NA;NA;NA;NA;NA;NA;NA;NA
43;"RS";4314068;"431406";"Passa Sete";"Não";"-";"Motociclistas";NA;NA;NA;NA;NA;NA;NA;NA;NA;NA;NA;1;NA;NA;NA;NA;NA;NA;NA;NA;NA;NA;NA;NA;NA
43;"RS";4314076;"431407";"Passo do Sobrado";"Não";"-";"Motociclistas";NA;NA;NA;NA;NA;NA;NA;NA;NA;NA;NA;NA;NA;NA;NA;NA;NA;NA;NA;NA;NA;NA;NA;NA;NA
43;"RS";4314100;"431410";"Passo Fundo";"Não";"-";"Motociclistas";NA;NA;NA;NA;NA;2;NA;NA;1;NA;NA;2;NA;1;3;NA;1;1;2;1;1;2;1;NA;NA
43;"RS";4314159;"431415";"Paverama";"Não";"-";"Motociclistas";NA;NA;NA;NA;NA;NA;NA;NA;NA;NA;NA;NA;NA;NA;NA;NA;NA;NA;NA;NA;NA;NA;NA;NA;NA
43;"RS";4314175;"431417";"Pedras Altas";"Não";"-";"Motociclistas";NA;NA;NA;NA;NA;NA;NA;NA;NA;NA;NA;NA;NA;NA;NA;NA;NA;NA;NA;NA;NA;NA;NA;NA;NA
43;"RS";4314209;"431420";"Pedro Osório";"Não";"-";"Motociclistas";NA;NA;NA;NA;NA;NA;NA;NA;NA;NA;NA;NA;NA;NA;NA;NA;NA;NA;NA;NA;NA;NA;1;NA;NA
43;"RS";4314308;"431430";"Pejuçara";"Não";"-";"Motociclistas";NA;NA;NA;NA;NA;NA;NA;NA;NA;NA;NA;NA;NA;NA;NA;NA;NA;NA;NA;NA;NA;NA;NA;NA;NA
43;"RS";4314407;"431440";"Pelotas";"Não";"-";"Motociclistas";NA;NA;NA;NA;NA;1;2;NA;NA;5;1;1;4;1;2;3;2;2;3;4;4;2;3;1;NA
43;"RS";4314423;"431442";"Picada Café";"Não";"-";"Motociclistas";NA;NA;NA;NA;NA;NA;NA;NA;NA;NA;NA;NA;NA;NA;NA;NA;NA;NA;NA;NA;NA;NA;1;NA;NA
43;"RS";4314456;"431445";"Pinhal";"Não";"-";"Motociclistas";NA;NA;NA;NA;NA;NA;NA;NA;NA;NA;NA;NA;NA;NA;NA;NA;NA;NA;NA;NA;NA;NA;NA;NA;NA
43;"RS";4314498;"431449";"Pinheirinho do Vale";"Não";"-";"Motociclistas";NA;NA;NA;NA;NA;NA;NA;NA;NA;NA;NA;NA;NA;NA;NA;NA;NA;NA;NA;NA;NA;NA;NA;NA;NA
43;"RS";4314506;"431450";"Pinheiro Machado";"Não";"-";"Motociclistas";NA;NA;NA;NA;NA;NA;NA;NA;NA;NA;NA;NA;NA;NA;NA;NA;NA;NA;NA;NA;NA;1;NA;NA;NA
43;"RS";4314548;"431454";"Pinto Bandeira";"Não";"Região Metropolitana da Serra Gaúcha";"Motociclistas";NA;NA;NA;NA;NA;NA;NA;NA;NA;NA;NA;NA;NA;NA;NA;NA;NA;NA;NA;NA;NA;NA;NA;NA;NA
43;"RS";4314555;"431455";"Pirapó";"Não";"-";"Motociclistas";NA;NA;NA;NA;NA;NA;NA;NA;NA;NA;NA;NA;NA;NA;NA;NA;NA;NA;NA;NA;NA;NA;NA;NA;NA
43;"RS";4314605;"431460";"Piratini";"Não";"-";"Motociclistas";NA;NA;NA;NA;NA;NA;NA;NA;NA;NA;NA;NA;NA;NA;NA;NA;NA;NA;NA;NA;NA;NA;NA;NA;NA
43;"RS";4314704;"431470";"Planalto";"Não";"-";"Motociclistas";NA;NA;NA;NA;NA;NA;NA;NA;NA;NA;NA;NA;NA;1;NA;NA;NA;NA;1;NA;NA;1;NA;NA;NA
43;"RS";4314753;"431475";"Poço das Antas";"Não";"-";"Motociclistas";NA;NA;NA;NA;NA;NA;NA;NA;NA;NA;NA;NA;NA;NA;NA;NA;NA;NA;NA;NA;NA;NA;NA;NA;NA
43;"RS";4314779;"431477";"Pontão";"Não";"-";"Motociclistas";NA;NA;NA;NA;NA;NA;NA;NA;NA;NA;NA;NA;NA;NA;NA;NA;NA;NA;NA;NA;NA;NA;NA;NA;NA
43;"RS";4314803;"431480";"Portão";"Não";"Região Metropolitana de Porto Alegre";"Motociclistas";NA;NA;1;NA;NA;NA;NA;NA;NA;NA;NA;NA;NA;NA;NA;NA;NA;NA;NA;NA;NA;NA;NA;NA;NA
43;"RS";4314902;"431490";"Porto Alegre";"Sim";"Região Metropolitana de Porto Alegre";"Motociclistas";1;1;3;2;3;5;3;3;6;6;7;7;8;7;12;6;9;4;2;7;5;9;6;7;NA
43;"RS";4315008;"431500";"Porto Lucena";"Não";"-";"Motociclistas";NA;NA;NA;NA;NA;NA;NA;NA;NA;NA;NA;NA;NA;NA;NA;NA;NA;NA;NA;NA;NA;NA;NA;NA;NA
43;"RS";4315057;"431505";"Porto Mauá";"Não";"-";"Motociclistas";NA;NA;NA;NA;NA;NA;NA;NA;NA;NA;NA;NA;NA;NA;NA;NA;NA;NA;NA;NA;NA;NA;NA;NA;NA
43;"RS";4315073;"431507";"Porto Vera Cruz";"Não";"-";"Motociclistas";NA;NA;NA;NA;NA;NA;NA;NA;NA;NA;NA;NA;NA;NA;NA;NA;NA;NA;NA;NA;NA;NA;NA;NA;NA
43;"RS";4315107;"431510";"Porto Xavier";"Não";"-";"Motociclistas";NA;NA;NA;NA;NA;NA;NA;NA;NA;NA;NA;NA;NA;NA;NA;NA;NA;NA;NA;NA;NA;NA;NA;NA;NA
43;"RS";4315131;"431513";"Pouso Novo";"Não";"-";"Motociclistas";NA;NA;NA;NA;NA;NA;NA;NA;NA;NA;NA;NA;NA;NA;NA;NA;NA;NA;NA;NA;NA;NA;NA;NA;NA
43;"RS";4315149;"431514";"Presidente Lucena";"Não";"-";"Motociclistas";NA;NA;NA;NA;NA;NA;NA;NA;NA;NA;NA;NA;NA;NA;NA;NA;NA;NA;NA;NA;NA;NA;NA;NA;NA
43;"RS";4315156;"431515";"Progresso";"Não";"-";"Motociclistas";NA;NA;NA;NA;NA;NA;NA;NA;NA;NA;NA;NA;NA;NA;NA;NA;NA;NA;NA;NA;NA;NA;NA;NA;NA
43;"RS";4315206;"431520";"Putinga";"Não";"-";"Motociclistas";NA;NA;NA;NA;NA;NA;NA;NA;NA;NA;NA;NA;NA;NA;NA;NA;NA;NA;NA;NA;NA;NA;NA;NA;NA
43;"RS";4315305;"431530";"Quaraí";"Não";"-";"Motociclistas";NA;NA;NA;NA;NA;NA;NA;NA;NA;1;NA;NA;NA;NA;NA;NA;NA;NA;NA;NA;NA;NA;NA;NA;NA
43;"RS";4315321;"431532";"Quevedos";"Não";"-";"Motociclistas";NA;NA;NA;NA;NA;NA;NA;NA;NA;NA;NA;NA;NA;NA;NA;NA;NA;NA;NA;NA;NA;NA;NA;NA;NA
43;"RS";4315354;"431535";"Quinze de Novembro";"Não";"-";"Motociclistas";NA;NA;NA;NA;NA;NA;NA;NA;NA;NA;NA;NA;NA;NA;NA;NA;NA;NA;NA;NA;NA;NA;NA;NA;NA
43;"RS";4315404;"431540";"Redentora";"Não";"-";"Motociclistas";NA;NA;NA;NA;NA;NA;NA;NA;NA;NA;NA;NA;1;NA;NA;NA;NA;NA;NA;NA;NA;NA;NA;NA;NA
43;"RS";4315453;"431545";"Relvado";"Não";"-";"Motociclistas";NA;NA;NA;NA;NA;NA;NA;NA;NA;NA;NA;NA;NA;NA;NA;NA;NA;NA;NA;NA;NA;NA;NA;NA;NA
43;"RS";4315503;"431550";"Restinga Sêca";"Não";"-";"Motociclistas";NA;NA;NA;NA;NA;NA;NA;NA;NA;NA;NA;NA;NA;NA;NA;NA;NA;NA;NA;NA;NA;1;NA;NA;NA
43;"RS";4315552;"431555";"Rio dos Índios";"Não";"-";"Motociclistas";NA;NA;NA;NA;NA;NA;NA;NA;NA;NA;NA;NA;NA;NA;NA;NA;NA;NA;NA;NA;NA;NA;NA;NA;NA
43;"RS";4315602;"431560";"Rio Grande";"Não";"-";"Motociclistas";NA;NA;NA;NA;1;3;2;2;2;1;NA;1;3;3;2;1;2;2;NA;2;3;1;NA;1;NA
43;"RS";4315701;"431570";"Rio Pardo";"Não";"-";"Motociclistas";NA;NA;NA;NA;NA;NA;NA;1;NA;NA;NA;NA;NA;NA;NA;NA;NA;NA;NA;NA;1;NA;NA;NA;NA
43;"RS";4315750;"431575";"Riozinho";"Não";"-";"Motociclistas";NA;NA;NA;NA;NA;NA;NA;NA;NA;NA;NA;NA;NA;NA;NA;NA;NA;NA;NA;NA;NA;NA;NA;NA;NA
43;"RS";4315800;"431580";"Roca Sales";"Não";"-";"Motociclistas";NA;NA;NA;NA;NA;NA;NA;NA;NA;NA;NA;NA;NA;NA;NA;NA;NA;NA;NA;NA;NA;NA;NA;NA;NA
43;"RS";4315909;"431590";"Rodeio Bonito";"Não";"-";"Motociclistas";NA;NA;NA;NA;NA;NA;NA;NA;NA;NA;NA;NA;NA;NA;NA;NA;NA;NA;NA;NA;NA;NA;NA;NA;NA
43;"RS";4315958;"431595";"Rolador";"Não";"-";"Motociclistas";NA;NA;NA;NA;NA;NA;NA;NA;NA;NA;NA;NA;NA;NA;NA;NA;NA;NA;NA;NA;NA;NA;NA;NA;NA
43;"RS";4316006;"431600";"Rolante";"Não";"Região Metropolitana de Porto Alegre";"Motociclistas";NA;NA;NA;NA;NA;NA;NA;NA;NA;NA;NA;NA;NA;NA;NA;NA;NA;NA;NA;NA;NA;NA;NA;NA;NA
43;"RS";4316105;"431610";"Ronda Alta";"Não";"-";"Motociclistas";NA;NA;NA;NA;NA;NA;NA;NA;NA;NA;NA;NA;NA;NA;NA;NA;NA;NA;NA;NA;NA;NA;NA;NA;NA
43;"RS";4316303;"431630";"Roque Gonzales";"Não";"-";"Motociclistas";NA;NA;NA;NA;NA;NA;NA;NA;NA;NA;NA;NA;NA;NA;NA;NA;NA;NA;NA;NA;NA;NA;NA;NA;NA
43;"RS";4316402;"431640";"Rosário do Sul";"Não";"-";"Motociclistas";NA;NA;NA;NA;NA;NA;NA;NA;NA;NA;NA;NA;NA;NA;NA;NA;NA;NA;NA;NA;NA;NA;1;NA;NA
43;"RS";4316428;"431642";"Sagrada Família";"Não";"-";"Motociclistas";NA;NA;NA;NA;NA;NA;NA;NA;NA;NA;NA;NA;NA;NA;NA;NA;NA;NA;NA;NA;NA;NA;NA;NA;NA
43;"RS";4316451;"431645";"Salto do Jacuí";"Não";"-";"Motociclistas";NA;NA;NA;NA;NA;NA;NA;NA;NA;NA;NA;NA;NA;NA;NA;NA;NA;NA;NA;NA;NA;NA;NA;NA;NA
43;"RS";4316477;"431647";"Salvador das Missões";"Não";"-";"Motociclistas";NA;NA;NA;NA;NA;NA;NA;NA;NA;NA;NA;NA;NA;NA;NA;NA;NA;NA;NA;NA;NA;NA;NA;NA;NA
43;"RS";4316501;"431650";"Salvador do Sul";"Não";"-";"Motociclistas";NA;NA;NA;NA;NA;NA;NA;NA;NA;NA;NA;NA;NA;NA;NA;NA;NA;NA;NA;1;1;NA;NA;NA;NA
43;"RS";4316600;"431660";"Sananduva";"Não";"-";"Motociclistas";NA;NA;NA;NA;NA;NA;NA;NA;NA;NA;NA;NA;NA;NA;NA;NA;NA;NA;NA;NA;NA;NA;1;NA;NA
43;"RS";4316709;"431670";"Santa Bárbara do Sul";"Não";"-";"Motociclistas";NA;NA;NA;NA;NA;NA;NA;NA;NA;NA;NA;NA;NA;NA;NA;NA;NA;NA;NA;NA;NA;NA;NA;NA;NA
43;"RS";4316758;"431675";"Santa Clara do Sul";"Não";"-";"Motociclistas";NA;NA;NA;NA;NA;NA;NA;NA;NA;NA;NA;NA;NA;NA;NA;NA;NA;NA;NA;NA;NA;NA;NA;NA;NA
43;"RS";4316808;"431680";"Santa Cruz do Sul";"Não";"-";"Motociclistas";NA;NA;1;NA;1;1;NA;1;NA;NA;NA;NA;1;1;2;1;NA;NA;NA;2;NA;NA;NA;2;NA
43;"RS";4316907;"431690";"Santa Maria";"Não";"-";"Motociclistas";NA;1;NA;NA;NA;NA;NA;NA;NA;NA;NA;NA;NA;NA;NA;NA;1;NA;2;2;NA;1;1;NA;NA
43;"RS";4316956;"431695";"Santa Maria do Herval";"Não";"-";"Motociclistas";NA;NA;NA;NA;NA;NA;NA;NA;NA;NA;NA;NA;NA;NA;NA;NA;NA;NA;NA;NA;NA;NA;NA;NA;NA
43;"RS";4316972;"431697";"Santa Margarida do Sul";"Não";"-";"Motociclistas";NA;NA;NA;NA;NA;NA;NA;NA;NA;NA;NA;NA;NA;NA;NA;NA;NA;NA;NA;NA;NA;NA;NA;NA;NA
43;"RS";4317004;"431700";"Santana da Boa Vista";"Não";"-";"Motociclistas";NA;NA;NA;NA;NA;NA;NA;NA;NA;NA;NA;NA;NA;1;NA;NA;NA;NA;NA;NA;NA;NA;NA;NA;NA
43;"RS";4317103;"431710";"Sant'Ana do Livramento";"Não";"-";"Motociclistas";NA;NA;NA;NA;NA;NA;NA;NA;NA;NA;NA;2;2;NA;NA;NA;NA;NA;1;NA;NA;1;NA;NA;NA
43;"RS";4317202;"431720";"Santa Rosa";"Não";"-";"Motociclistas";NA;NA;NA;NA;NA;NA;NA;NA;NA;NA;NA;NA;NA;NA;1;NA;NA;NA;NA;NA;NA;NA;NA;NA;NA
43;"RS";4317251;"431725";"Santa Tereza";"Não";"Região Metropolitana da Serra Gaúcha";"Motociclistas";NA;NA;NA;NA;NA;NA;NA;NA;NA;NA;NA;NA;NA;NA;NA;NA;NA;NA;NA;NA;NA;NA;NA;NA;NA
43;"RS";4317301;"431730";"Santa Vitória do Palmar";"Não";"-";"Motociclistas";NA;NA;NA;NA;NA;NA;NA;NA;NA;NA;NA;NA;NA;NA;1;NA;NA;NA;NA;NA;NA;NA;NA;NA;NA
43;"RS";4317400;"431740";"Santiago";"Não";"-";"Motociclistas";NA;NA;NA;NA;NA;NA;NA;NA;NA;NA;NA;NA;NA;NA;NA;NA;NA;NA;NA;NA;1;NA;NA;NA;NA
43;"RS";4317509;"431750";"Santo Ângelo";"Não";"-";"Motociclistas";NA;NA;NA;NA;NA;NA;NA;NA;NA;NA;NA;NA;NA;NA;NA;NA;NA;NA;1;1;NA;NA;NA;NA;NA
43;"RS";4317558;"431755";"Santo Antônio do Palma";"Não";"-";"Motociclistas";NA;NA;NA;NA;NA;NA;NA;NA;NA;NA;NA;NA;NA;NA;NA;NA;NA;NA;NA;NA;NA;NA;NA;NA;NA
43;"RS";4317608;"431760";"Santo Antônio da Patrulha";"Não";"Região Metropolitana de Porto Alegre";"Motociclistas";NA;NA;NA;NA;NA;NA;NA;NA;NA;NA;NA;NA;NA;NA;NA;NA;NA;NA;1;NA;1;NA;NA;NA;NA
43;"RS";4317707;"431770";"Santo Antônio das Missões";"Não";"-";"Motociclistas";NA;NA;NA;NA;NA;NA;NA;NA;NA;NA;NA;NA;NA;NA;NA;NA;NA;1;NA;NA;NA;NA;NA;NA;NA
43;"RS";4317756;"431775";"Santo Antônio do Planalto";"Não";"-";"Motociclistas";NA;NA;NA;NA;NA;NA;NA;NA;NA;NA;NA;NA;NA;NA;NA;NA;NA;NA;NA;NA;NA;NA;NA;NA;NA
43;"RS";4317806;"431780";"Santo Augusto";"Não";"-";"Motociclistas";NA;NA;NA;NA;NA;NA;NA;NA;NA;NA;NA;NA;NA;NA;NA;NA;NA;NA;NA;NA;NA;NA;NA;NA;NA
43;"RS";4317905;"431790";"Santo Cristo";"Não";"-";"Motociclistas";NA;NA;NA;NA;NA;NA;NA;NA;NA;NA;NA;NA;NA;NA;NA;NA;NA;NA;NA;NA;NA;NA;NA;NA;NA
43;"RS";4318002;"431800";"São Borja";"Não";"-";"Motociclistas";NA;NA;NA;2;NA;NA;NA;NA;NA;NA;NA;NA;NA;NA;NA;NA;NA;NA;NA;NA;NA;NA;NA;NA;NA
43;"RS";4318051;"431805";"São Domingos do Sul";"Não";"-";"Motociclistas";NA;NA;NA;NA;NA;NA;NA;NA;NA;NA;NA;NA;NA;NA;NA;NA;NA;NA;NA;NA;NA;NA;NA;NA;NA
43;"RS";4318101;"431810";"São Francisco de Assis";"Não";"-";"Motociclistas";NA;NA;NA;NA;NA;NA;NA;NA;NA;NA;NA;NA;NA;NA;NA;NA;NA;NA;NA;NA;NA;NA;NA;NA;NA
43;"RS";4318200;"431820";"São Francisco de Paula";"Não";"-";"Motociclistas";NA;NA;NA;NA;NA;NA;NA;NA;NA;NA;NA;NA;NA;NA;NA;NA;NA;NA;NA;NA;NA;NA;1;1;NA
43;"RS";4318309;"431830";"São Gabriel";"Não";"-";"Motociclistas";NA;NA;NA;NA;NA;NA;NA;NA;NA;NA;NA;NA;NA;NA;NA;1;1;NA;1;2;NA;NA;NA;NA;NA
43;"RS";4318408;"431840";"São Jerônimo";"Não";"Região Metropolitana de Porto Alegre";"Motociclistas";NA;NA;NA;NA;NA;NA;NA;NA;NA;NA;NA;NA;NA;NA;NA;NA;NA;NA;NA;NA;NA;NA;NA;2;NA
43;"RS";4318432;"431843";"São João do Polêsine";"Não";"-";"Motociclistas";NA;NA;NA;NA;NA;NA;NA;NA;NA;NA;NA;NA;NA;NA;NA;NA;NA;NA;NA;NA;NA;1;NA;NA;NA
43;"RS";4318440;"431844";"São Jorge";"Não";"-";"Motociclistas";NA;NA;NA;NA;NA;NA;NA;NA;NA;NA;NA;NA;1;NA;NA;NA;NA;NA;NA;NA;NA;NA;NA;NA;NA
43;"RS";4318457;"431845";"São José das Missões";"Não";"-";"Motociclistas";NA;NA;NA;NA;NA;NA;NA;NA;NA;NA;NA;NA;NA;NA;NA;NA;NA;NA;NA;NA;NA;NA;NA;NA;NA
43;"RS";4318465;"431846";"São José do Herval";"Não";"-";"Motociclistas";NA;NA;NA;NA;NA;NA;NA;NA;NA;NA;NA;NA;NA;NA;NA;NA;NA;NA;NA;NA;NA;NA;NA;NA;NA
43;"RS";4318481;"431848";"São José do Hortêncio";"Não";"-";"Motociclistas";NA;NA;NA;NA;NA;NA;NA;NA;NA;NA;NA;NA;NA;NA;NA;NA;NA;NA;NA;NA;NA;NA;NA;NA;NA
43;"RS";4318499;"431849";"São José do Inhacorá";"Não";"-";"Motociclistas";NA;NA;NA;NA;NA;NA;NA;NA;NA;NA;NA;NA;NA;NA;NA;NA;NA;NA;NA;NA;NA;NA;NA;NA;NA
43;"RS";4318507;"431850";"São José do Norte";"Não";"-";"Motociclistas";NA;NA;NA;NA;NA;NA;NA;NA;NA;NA;NA;NA;1;NA;1;NA;NA;1;NA;NA;NA;NA;NA;NA;NA
43;"RS";4318606;"431860";"São José do Ouro";"Não";"-";"Motociclistas";NA;NA;NA;NA;NA;NA;NA;NA;NA;NA;NA;NA;NA;NA;NA;NA;NA;NA;NA;NA;NA;NA;NA;NA;NA
43;"RS";4318614;"431861";"São José do Sul";"Não";"-";"Motociclistas";NA;NA;NA;NA;NA;NA;NA;NA;NA;NA;NA;NA;NA;NA;NA;NA;NA;NA;NA;NA;NA;NA;NA;NA;NA
43;"RS";4318705;"431870";"São Leopoldo";"Não";"Região Metropolitana de Porto Alegre";"Motociclistas";NA;NA;NA;1;NA;NA;NA;NA;NA;NA;NA;NA;NA;1;NA;NA;NA;1;NA;1;NA;NA;NA;NA;NA
43;"RS";4318804;"431880";"São Lourenço do Sul";"Não";"-";"Motociclistas";NA;NA;NA;NA;1;NA;NA;NA;1;NA;NA;NA;NA;NA;NA;NA;1;NA;NA;NA;NA;NA;NA;NA;NA
43;"RS";4318903;"431890";"São Luiz Gonzaga";"Não";"-";"Motociclistas";NA;NA;NA;NA;NA;NA;NA;NA;NA;NA;NA;NA;NA;NA;NA;NA;NA;NA;NA;NA;NA;NA;NA;1;NA
43;"RS";4319000;"431900";"São Marcos";"Não";"Região Metropolitana da Serra Gaúcha";"Motociclistas";NA;NA;NA;NA;NA;NA;NA;NA;NA;NA;NA;NA;NA;NA;NA;NA;NA;NA;NA;NA;NA;NA;NA;NA;NA
43;"RS";4319109;"431910";"São Martinho";"Não";"-";"Motociclistas";NA;NA;NA;NA;NA;NA;NA;NA;NA;NA;NA;NA;NA;NA;NA;NA;NA;NA;NA;NA;NA;NA;NA;NA;NA
43;"RS";4319125;"431912";"São Martinho da Serra";"Não";"-";"Motociclistas";NA;NA;NA;NA;NA;NA;NA;NA;NA;NA;NA;NA;NA;NA;NA;NA;NA;NA;NA;NA;NA;NA;NA;NA;NA
43;"RS";4319158;"431915";"São Miguel das Missões";"Não";"-";"Motociclistas";NA;NA;NA;NA;NA;NA;NA;NA;NA;NA;NA;NA;NA;1;NA;NA;NA;NA;NA;NA;NA;NA;NA;NA;NA
43;"RS";4319208;"431920";"São Nicolau";"Não";"-";"Motociclistas";NA;NA;NA;NA;NA;NA;NA;NA;NA;NA;NA;NA;NA;NA;NA;NA;NA;NA;NA;NA;NA;NA;NA;NA;NA
43;"RS";4319307;"431930";"São Paulo das Missões";"Não";"-";"Motociclistas";NA;NA;NA;NA;NA;NA;NA;NA;NA;NA;NA;NA;NA;NA;NA;NA;NA;NA;NA;NA;NA;NA;NA;NA;NA
43;"RS";4319356;"431935";"São Pedro da Serra";"Não";"-";"Motociclistas";NA;NA;NA;NA;NA;NA;NA;NA;NA;NA;NA;NA;NA;NA;NA;NA;NA;NA;NA;NA;NA;NA;NA;NA;NA
43;"RS";4319364;"431936";"São Pedro das Missões";"Não";"-";"Motociclistas";NA;NA;NA;NA;NA;NA;NA;NA;NA;NA;NA;NA;NA;NA;NA;NA;NA;NA;NA;NA;NA;NA;NA;NA;NA
43;"RS";4319372;"431937";"São Pedro do Butiá";"Não";"-";"Motociclistas";NA;NA;NA;NA;NA;NA;NA;NA;NA;NA;NA;NA;NA;NA;NA;NA;NA;NA;NA;NA;NA;NA;NA;NA;NA
43;"RS";4319406;"431940";"São Pedro do Sul";"Não";"-";"Motociclistas";NA;NA;NA;NA;NA;NA;NA;NA;NA;NA;NA;NA;NA;NA;NA;NA;NA;NA;NA;NA;NA;NA;NA;NA;NA
43;"RS";4319505;"431950";"São Sebastião do Caí";"Não";"Região Metropolitana de Porto Alegre";"Motociclistas";NA;NA;NA;NA;NA;NA;NA;NA;NA;NA;NA;NA;NA;NA;NA;NA;NA;NA;NA;NA;NA;NA;NA;NA;NA
43;"RS";4319604;"431960";"São Sepé";"Não";"-";"Motociclistas";NA;1;NA;NA;NA;NA;NA;NA;NA;NA;NA;NA;NA;NA;NA;NA;1;NA;1;NA;NA;NA;NA;NA;NA
43;"RS";4319703;"431970";"São Valentim";"Não";"-";"Motociclistas";NA;NA;NA;NA;NA;NA;NA;NA;NA;NA;NA;NA;NA;NA;NA;NA;NA;NA;NA;NA;NA;NA;NA;NA;NA
43;"RS";4319711;"431971";"São Valentim do Sul";"Não";"-";"Motociclistas";NA;NA;NA;NA;NA;NA;NA;NA;NA;NA;NA;NA;NA;NA;NA;NA;NA;NA;NA;NA;NA;NA;NA;NA;NA
43;"RS";4319752;"431975";"São Vendelino";"Não";"-";"Motociclistas";NA;NA;NA;NA;NA;NA;NA;NA;NA;NA;NA;NA;NA;NA;NA;NA;NA;NA;NA;NA;NA;NA;NA;NA;NA
43;"RS";4319802;"431980";"São Vicente do Sul";"Não";"-";"Motociclistas";NA;NA;NA;NA;NA;NA;NA;NA;NA;NA;NA;NA;NA;NA;NA;NA;NA;NA;NA;NA;NA;NA;NA;NA;NA
43;"RS";4319901;"431990";"Sapiranga";"Não";"Região Metropolitana de Porto Alegre";"Motociclistas";NA;NA;NA;NA;NA;NA;NA;NA;NA;NA;NA;NA;NA;1;NA;NA;NA;NA;NA;NA;NA;NA;NA;NA;NA
43;"RS";4320008;"432000";"Sapucaia do Sul";"Não";"Região Metropolitana de Porto Alegre";"Motociclistas";NA;NA;NA;NA;NA;NA;NA;NA;NA;2;1;1;NA;NA;NA;NA;NA;NA;NA;1;NA;NA;NA;NA;NA
43;"RS";4320107;"432010";"Sarandi";"Não";"-";"Motociclistas";NA;NA;NA;NA;NA;NA;NA;NA;NA;NA;NA;NA;NA;NA;NA;NA;NA;NA;NA;NA;NA;NA;NA;NA;NA
43;"RS";4320206;"432020";"Seberi";"Não";"-";"Motociclistas";NA;NA;NA;NA;NA;NA;NA;NA;NA;NA;NA;NA;1;NA;NA;NA;NA;NA;NA;NA;NA;NA;NA;NA;NA
43;"RS";4320230;"432023";"Sede Nova";"Não";"-";"Motociclistas";NA;NA;NA;NA;NA;NA;NA;NA;NA;NA;NA;NA;NA;NA;NA;NA;NA;NA;NA;NA;NA;NA;NA;NA;NA
43;"RS";4320263;"432026";"Segredo";"Não";"-";"Motociclistas";NA;NA;NA;NA;NA;NA;NA;NA;NA;NA;NA;NA;NA;NA;NA;NA;NA;NA;NA;NA;NA;NA;NA;NA;NA
43;"RS";4320305;"432030";"Selbach";"Não";"-";"Motociclistas";NA;NA;NA;NA;NA;NA;NA;NA;NA;NA;NA;NA;NA;NA;NA;NA;NA;NA;NA;NA;1;NA;NA;NA;NA
43;"RS";4320321;"432032";"Senador Salgado Filho";"Não";"-";"Motociclistas";NA;NA;NA;NA;NA;NA;NA;NA;NA;NA;NA;NA;NA;NA;NA;NA;NA;NA;NA;NA;NA;NA;NA;NA;NA
43;"RS";4320354;"432035";"Sentinela do Sul";"Não";"-";"Motociclistas";NA;NA;NA;NA;NA;NA;NA;NA;NA;NA;NA;NA;NA;NA;NA;NA;NA;NA;NA;NA;1;NA;NA;NA;NA
43;"RS";4320404;"432040";"Serafina Corrêa";"Não";"-";"Motociclistas";NA;NA;NA;NA;NA;NA;NA;NA;NA;NA;NA;NA;NA;NA;NA;NA;NA;NA;NA;NA;NA;NA;NA;NA;NA
43;"RS";4320503;"432050";"Sertão";"Não";"-";"Motociclistas";NA;NA;NA;NA;NA;NA;NA;NA;NA;NA;NA;NA;NA;NA;NA;NA;NA;NA;NA;NA;NA;NA;NA;NA;NA
43;"RS";4320552;"432055";"Sertão Santana";"Não";"-";"Motociclistas";NA;NA;NA;NA;NA;NA;NA;NA;NA;NA;NA;NA;NA;NA;NA;NA;NA;NA;NA;NA;NA;NA;NA;NA;NA
43;"RS";4320602;"432060";"Severiano de Almeida";"Não";"-";"Motociclistas";NA;NA;NA;NA;NA;NA;NA;NA;NA;NA;NA;NA;NA;NA;NA;NA;NA;NA;NA;NA;NA;NA;NA;NA;NA
43;"RS";4320651;"432065";"Silveira Martins";"Não";"-";"Motociclistas";NA;NA;NA;NA;NA;NA;NA;NA;NA;NA;NA;NA;NA;NA;NA;NA;NA;NA;NA;NA;NA;NA;NA;NA;NA
43;"RS";4320677;"432067";"Sinimbu";"Não";"-";"Motociclistas";NA;NA;NA;NA;NA;NA;NA;NA;NA;NA;NA;NA;NA;1;NA;NA;NA;NA;NA;NA;NA;NA;NA;NA;NA
43;"RS";4320701;"432070";"Sobradinho";"Não";"-";"Motociclistas";NA;NA;NA;NA;NA;NA;NA;NA;NA;NA;NA;NA;NA;NA;NA;NA;NA;NA;NA;NA;NA;NA;NA;NA;NA
43;"RS";4320800;"432080";"Soledade";"Não";"-";"Motociclistas";NA;NA;NA;NA;NA;NA;NA;NA;NA;NA;NA;NA;NA;NA;NA;NA;NA;NA;NA;NA;NA;NA;NA;NA;NA
43;"RS";4320859;"432085";"Tabaí";"Não";"-";"Motociclistas";NA;NA;NA;NA;NA;NA;NA;NA;NA;NA;NA;NA;NA;NA;NA;NA;NA;NA;NA;NA;NA;NA;NA;NA;NA
43;"RS";4320909;"432090";"Tapejara";"Não";"-";"Motociclistas";NA;NA;NA;NA;NA;NA;NA;NA;NA;NA;NA;NA;NA;NA;NA;NA;NA;NA;NA;NA;NA;NA;NA;NA;NA
43;"RS";4321006;"432100";"Tapera";"Não";"-";"Motociclistas";NA;NA;NA;NA;NA;NA;NA;NA;NA;NA;NA;NA;NA;NA;NA;NA;NA;NA;NA;NA;NA;NA;NA;NA;NA
43;"RS";4321105;"432110";"Tapes";"Não";"-";"Motociclistas";NA;NA;NA;NA;NA;NA;NA;NA;NA;NA;NA;NA;NA;1;NA;NA;NA;NA;NA;NA;NA;NA;NA;NA;NA
43;"RS";4321204;"432120";"Taquara";"Não";"Região Metropolitana de Porto Alegre";"Motociclistas";NA;NA;NA;NA;NA;NA;NA;1;NA;NA;NA;NA;NA;NA;NA;NA;1;NA;NA;NA;NA;NA;NA;NA;NA
43;"RS";4321303;"432130";"Taquari";"Não";"-";"Motociclistas";NA;NA;NA;NA;NA;NA;NA;NA;NA;NA;NA;NA;NA;NA;NA;NA;NA;NA;NA;NA;NA;NA;NA;NA;NA
43;"RS";4321329;"432132";"Taquaruçu do Sul";"Não";"-";"Motociclistas";NA;NA;NA;NA;1;NA;NA;NA;NA;NA;NA;NA;NA;NA;NA;NA;NA;NA;NA;NA;NA;NA;NA;NA;NA
43;"RS";4321402;"432140";"Tenente Portela";"Não";"-";"Motociclistas";NA;NA;NA;NA;NA;NA;NA;NA;NA;NA;NA;NA;NA;NA;NA;NA;NA;NA;NA;NA;1;NA;NA;NA;NA
43;"RS";4321436;"432143";"Terra de Areia";"Não";"-";"Motociclistas";NA;NA;NA;NA;NA;NA;NA;NA;NA;NA;NA;NA;NA;NA;NA;NA;NA;NA;NA;NA;NA;NA;NA;NA;NA
43;"RS";4321451;"432145";"Teutônia";"Não";"-";"Motociclistas";NA;NA;NA;NA;NA;NA;NA;NA;NA;NA;1;NA;NA;NA;NA;NA;NA;NA;NA;NA;NA;NA;NA;NA;NA
43;"RS";4321469;"432146";"Tio Hugo";"Não";"-";"Motociclistas";NA;NA;NA;NA;NA;NA;NA;NA;NA;NA;NA;NA;NA;NA;NA;NA;NA;NA;NA;NA;NA;NA;NA;NA;NA
43;"RS";4321477;"432147";"Tiradentes do Sul";"Não";"-";"Motociclistas";NA;NA;NA;NA;NA;NA;NA;NA;NA;NA;NA;NA;NA;NA;NA;NA;NA;NA;NA;NA;NA;NA;NA;NA;NA
43;"RS";4321493;"432149";"Toropi";"Não";"-";"Motociclistas";NA;NA;NA;NA;NA;NA;NA;NA;NA;NA;NA;NA;NA;NA;NA;NA;NA;NA;NA;NA;NA;NA;NA;NA;NA
43;"RS";4321501;"432150";"Torres";"Não";"-";"Motociclistas";NA;NA;NA;NA;NA;NA;NA;NA;NA;NA;NA;NA;NA;NA;NA;NA;NA;NA;NA;NA;NA;NA;NA;NA;NA
43;"RS";4321600;"432160";"Tramandaí";"Não";"-";"Motociclistas";NA;NA;NA;NA;NA;NA;NA;NA;NA;NA;NA;NA;NA;NA;NA;NA;1;NA;NA;NA;NA;NA;NA;NA;NA
43;"RS";4321626;"432162";"Travesseiro";"Não";"-";"Motociclistas";NA;NA;NA;NA;NA;NA;NA;NA;NA;NA;NA;NA;NA;NA;NA;NA;NA;NA;NA;NA;NA;NA;NA;NA;NA
43;"RS";4321634;"432163";"Três Arroios";"Não";"-";"Motociclistas";NA;NA;NA;NA;NA;NA;NA;NA;NA;NA;NA;NA;NA;NA;NA;NA;NA;NA;NA;NA;NA;NA;NA;NA;NA
43;"RS";4321667;"432166";"Três Cachoeiras";"Não";"-";"Motociclistas";NA;NA;NA;NA;NA;NA;NA;NA;NA;NA;NA;NA;NA;NA;NA;NA;NA;NA;NA;NA;NA;NA;NA;NA;NA
43;"RS";4321709;"432170";"Três Coroas";"Não";"-";"Motociclistas";NA;NA;NA;NA;NA;NA;NA;NA;NA;NA;NA;NA;1;NA;NA;NA;NA;NA;NA;NA;NA;NA;NA;NA;NA
43;"RS";4321808;"432180";"Três de Maio";"Não";"-";"Motociclistas";NA;NA;NA;NA;NA;NA;NA;NA;NA;NA;NA;NA;NA;NA;NA;NA;NA;NA;NA;NA;NA;NA;NA;NA;NA
43;"RS";4321857;"432185";"Três Palmeiras";"Não";"-";"Motociclistas";NA;NA;NA;NA;NA;NA;NA;NA;NA;NA;NA;NA;NA;NA;NA;NA;NA;NA;NA;NA;NA;NA;NA;NA;NA
43;"RS";4321907;"432190";"Três Passos";"Não";"-";"Motociclistas";NA;NA;NA;NA;NA;NA;NA;NA;NA;NA;NA;NA;NA;NA;NA;NA;NA;NA;NA;NA;NA;NA;NA;NA;NA
43;"RS";4321956;"432195";"Trindade do Sul";"Não";"-";"Motociclistas";NA;NA;NA;NA;NA;NA;NA;NA;NA;NA;NA;NA;NA;NA;NA;NA;NA;NA;NA;NA;NA;NA;1;NA;NA
43;"RS";4322004;"432200";"Triunfo";"Não";"Região Metropolitana de Porto Alegre";"Motociclistas";NA;NA;NA;NA;NA;NA;NA;NA;NA;NA;NA;NA;NA;NA;NA;NA;NA;NA;1;1;NA;NA;NA;1;NA
43;"RS";4322103;"432210";"Tucunduva";"Não";"-";"Motociclistas";NA;NA;NA;NA;NA;NA;NA;NA;NA;NA;NA;NA;NA;NA;NA;NA;NA;NA;1;NA;NA;NA;NA;NA;NA
43;"RS";4322202;"432220";"Tupanciretã";"Não";"-";"Motociclistas";NA;NA;NA;NA;NA;NA;NA;NA;NA;NA;NA;NA;NA;NA;NA;NA;NA;NA;NA;NA;NA;NA;NA;1;NA
43;"RS";4322301;"432230";"Tuparendi";"Não";"-";"Motociclistas";NA;NA;NA;NA;NA;NA;NA;NA;NA;NA;NA;NA;NA;NA;NA;NA;NA;NA;NA;NA;NA;NA;NA;NA;NA
43;"RS";4322343;"432234";"Ubiretama";"Não";"-";"Motociclistas";NA;NA;NA;NA;NA;NA;NA;NA;NA;NA;NA;NA;NA;NA;NA;NA;NA;NA;NA;NA;NA;NA;NA;NA;NA
43;"RS";4322400;"432240";"Uruguaiana";"Não";"-";"Motociclistas";NA;NA;NA;NA;NA;NA;NA;NA;1;NA;NA;NA;1;1;NA;NA;NA;NA;NA;NA;1;NA;NA;NA;NA
43;"RS";4322509;"432250";"Vacaria";"Não";"-";"Motociclistas";NA;NA;NA;NA;NA;NA;NA;NA;NA;NA;NA;NA;1;1;NA;NA;NA;1;1;NA;NA;NA;NA;1;NA
43;"RS";4322525;"432252";"Vale Verde";"Não";"-";"Motociclistas";NA;NA;NA;NA;NA;NA;NA;NA;NA;NA;NA;NA;NA;NA;NA;NA;NA;NA;NA;NA;NA;NA;NA;NA;NA
43;"RS";4322533;"432253";"Vale do Sol";"Não";"-";"Motociclistas";NA;NA;NA;NA;NA;NA;NA;NA;NA;NA;NA;NA;NA;NA;1;NA;NA;NA;NA;NA;NA;NA;NA;NA;NA
43;"RS";4322541;"432254";"Vale Real";"Não";"-";"Motociclistas";NA;NA;NA;NA;NA;NA;NA;NA;NA;NA;NA;NA;1;NA;NA;NA;NA;NA;NA;NA;NA;NA;NA;NA;NA
43;"RS";4322608;"432260";"Venâncio Aires";"Não";"-";"Motociclistas";NA;NA;NA;NA;NA;NA;NA;NA;2;NA;NA;NA;1;NA;NA;NA;NA;NA;NA;NA;NA;NA;NA;NA;NA
43;"RS";4322707;"432270";"Vera Cruz";"Não";"-";"Motociclistas";NA;NA;NA;NA;NA;NA;NA;NA;NA;NA;NA;2;NA;NA;NA;NA;1;NA;1;1;NA;NA;NA;NA;NA
43;"RS";4322806;"432280";"Veranópolis";"Não";"-";"Motociclistas";NA;NA;NA;NA;NA;NA;NA;NA;NA;NA;NA;NA;NA;NA;NA;NA;NA;NA;NA;NA;NA;NA;NA;NA;NA
43;"RS";4322855;"432285";"Vespasiano Corrêa";"Não";"-";"Motociclistas";NA;NA;NA;NA;NA;NA;NA;NA;NA;NA;NA;NA;NA;NA;NA;NA;NA;NA;NA;NA;NA;NA;NA;NA;NA
43;"RS";4322905;"432290";"Viadutos";"Não";"-";"Motociclistas";NA;NA;NA;NA;NA;NA;NA;NA;NA;NA;NA;NA;NA;NA;NA;NA;NA;NA;NA;NA;NA;NA;NA;NA;NA
43;"RS";4323002;"432300";"Viamão";"Não";"Região Metropolitana de Porto Alegre";"Motociclistas";NA;NA;NA;NA;NA;NA;NA;NA;NA;NA;NA;1;NA;1;1;NA;NA;NA;2;1;NA;NA;NA;1;NA
43;"RS";4323101;"432310";"Vicente Dutra";"Não";"-";"Motociclistas";NA;NA;NA;NA;NA;NA;NA;NA;NA;NA;NA;NA;NA;NA;NA;NA;NA;NA;NA;NA;NA;NA;NA;NA;NA
43;"RS";4323309;"432330";"Vila Flores";"Não";"-";"Motociclistas";NA;NA;NA;NA;NA;NA;NA;NA;NA;NA;NA;NA;NA;NA;NA;NA;NA;NA;NA;NA;NA;1;NA;NA;NA
43;"RS";4323358;"432335";"Vila Lângaro";"Não";"-";"Motociclistas";NA;NA;NA;NA;NA;NA;NA;NA;NA;NA;NA;NA;NA;NA;NA;NA;NA;NA;NA;NA;NA;NA;NA;NA;NA
43;"RS";4323408;"432340";"Vila Maria";"Não";"-";"Motociclistas";NA;NA;NA;NA;NA;NA;NA;NA;NA;NA;NA;NA;NA;NA;NA;NA;NA;NA;NA;NA;NA;NA;NA;NA;NA
43;"RS";4323457;"432345";"Vila Nova do Sul";"Não";"-";"Motociclistas";NA;NA;NA;NA;NA;NA;NA;NA;NA;NA;NA;NA;NA;NA;NA;NA;NA;NA;NA;NA;NA;NA;NA;NA;NA
43;"RS";4323507;"432350";"Vista Alegre";"Não";"-";"Motociclistas";NA;NA;NA;NA;NA;NA;NA;NA;NA;NA;NA;NA;NA;NA;NA;NA;NA;NA;NA;NA;1;NA;NA;NA;NA
43;"RS";4323754;"432375";"Vitória das Missões";"Não";"-";"Motociclistas";NA;NA;NA;NA;NA;NA;NA;NA;NA;NA;NA;NA;NA;NA;NA;NA;NA;NA;NA;NA;NA;NA;NA;NA;NA
43;"RS";4323770;"432377";"Westfália";"Não";"-";"Motociclistas";NA;NA;NA;NA;NA;NA;NA;NA;NA;NA;NA;NA;NA;NA;NA;NA;NA;NA;NA;NA;NA;NA;NA;NA;NA
43;"RS";4323804;"432380";"Xangri-lá";"Não";"-";"Motociclistas";NA;NA;NA;NA;NA;NA;NA;NA;NA;NA;NA;NA;NA;NA;NA;NA;NA;NA;NA;NA;NA;NA;NA;NA;NA
50;"MS";5000203;"500020";"Água Clara";"Não";"-";"Motociclistas";NA;NA;NA;NA;NA;NA;2;NA;NA;NA;NA;NA;NA;NA;NA;NA;1;NA;NA;NA;NA;NA;NA;1;NA
50;"MS";5000252;"500025";"Alcinópolis";"Não";"-";"Motociclistas";NA;NA;NA;NA;NA;1;NA;NA;NA;NA;1;1;1;1;NA;NA;NA;NA;NA;NA;NA;NA;NA;1;NA
50;"MS";5000609;"500060";"Amambai";"Não";"-";"Motociclistas";NA;NA;NA;1;1;1;NA;NA;NA;NA;NA;NA;1;3;1;NA;1;2;1;1;2;1;NA;NA;NA
50;"MS";5000708;"500070";"Anastácio";"Não";"-";"Motociclistas";NA;NA;NA;NA;NA;NA;1;NA;NA;NA;1;1;NA;2;NA;1;NA;NA;NA;1;2;1;1;NA;NA
50;"MS";5000807;"500080";"Anaurilândia";"Não";"-";"Motociclistas";NA;NA;NA;NA;NA;NA;NA;NA;NA;NA;NA;NA;2;1;NA;1;NA;NA;NA;NA;NA;NA;NA;NA;NA
50;"MS";5000856;"500085";"Angélica";"Não";"-";"Motociclistas";NA;NA;NA;NA;NA;NA;NA;1;NA;NA;1;2;NA;2;1;NA;NA;NA;NA;NA;NA;1;NA;NA;NA
50;"MS";5000906;"500090";"Antônio João";"Não";"-";"Motociclistas";1;NA;NA;NA;NA;NA;1;NA;NA;2;1;NA;1;1;NA;NA;1;NA;NA;1;1;1;NA;2;NA
50;"MS";5001003;"500100";"Aparecida do Taboado";"Não";"-";"Motociclistas";NA;NA;NA;NA;1;NA;1;NA;NA;NA;NA;2;1;NA;2;1;1;NA;1;NA;1;NA;1;NA;NA
50;"MS";5001102;"500110";"Aquidauana";"Não";"-";"Motociclistas";NA;NA;1;2;1;NA;2;2;NA;2;3;1;4;NA;3;1;1;4;2;3;1;2;1;1;NA
50;"MS";5001243;"500124";"Aral Moreira";"Não";"-";"Motociclistas";NA;NA;NA;NA;NA;NA;NA;NA;1;NA;NA;NA;NA;NA;1;3;NA;NA;NA;NA;2;2;3;2;NA
50;"MS";5001508;"500150";"Bandeirantes";"Não";"-";"Motociclistas";NA;NA;NA;NA;NA;NA;NA;NA;NA;NA;NA;1;1;1;NA;NA;NA;3;2;5;NA;NA;NA;NA;NA
50;"MS";5001904;"500190";"Bataguassu";"Não";"-";"Motociclistas";NA;NA;NA;NA;NA;1;NA;1;NA;NA;2;NA;2;NA;1;1;3;3;NA;1;NA;NA;NA;1;NA
50;"MS";5002001;"500200";"Batayporã";"Não";"-";"Motociclistas";NA;NA;NA;NA;NA;NA;NA;1;NA;NA;NA;NA;NA;NA;NA;NA;NA;1;NA;NA;NA;NA;NA;NA;NA
50;"MS";5002100;"500210";"Bela Vista";"Não";"-";"Motociclistas";NA;NA;NA;NA;NA;NA;NA;1;NA;NA;NA;NA;2;1;NA;NA;NA;2;2;4;1;NA;1;2;NA
50;"MS";5002159;"500215";"Bodoquena";"Não";"-";"Motociclistas";NA;NA;NA;NA;NA;NA;NA;NA;1;1;NA;NA;NA;1;NA;NA;NA;1;NA;NA;NA;NA;1;NA;NA
50;"MS";5002209;"500220";"Bonito";"Não";"-";"Motociclistas";NA;NA;NA;1;NA;NA;NA;NA;NA;NA;NA;NA;1;NA;1;NA;1;NA;NA;3;NA;NA;1;NA;NA
50;"MS";5002308;"500230";"Brasilândia";"Não";"-";"Motociclistas";NA;NA;NA;NA;NA;1;NA;1;NA;NA;1;NA;NA;NA;NA;NA;NA;NA;NA;1;NA;NA;NA;NA;NA
50;"MS";5002407;"500240";"Caarapó";"Não";"-";"Motociclistas";NA;NA;NA;NA;NA;NA;NA;NA;NA;1;NA;NA;2;1;1;NA;1;NA;2;1;NA;2;NA;NA;NA
50;"MS";5002605;"500260";"Camapuã";"Não";"-";"Motociclistas";NA;NA;NA;NA;NA;2;1;NA;NA;NA;1;1;NA;NA;2;NA;1;2;NA;NA;1;NA;NA;3;NA
50;"MS";5002704;"500270";"Campo Grande";"Sim";"-";"Motociclistas";5;2;4;12;7;23;24;33;50;43;49;58;59;48;54;54;40;23;43;48;64;63;48;54;NA
50;"MS";5002803;"500280";"Caracol";"Não";"-";"Motociclistas";NA;NA;NA;NA;NA;NA;NA;NA;1;1;1;NA;NA;2;NA;NA;NA;NA;1;1;NA;NA;NA;NA;NA
50;"MS";5002902;"500290";"Cassilândia";"Não";"-";"Motociclistas";NA;NA;1;1;NA;NA;NA;NA;2;NA;NA;1;1;1;NA;NA;1;NA;1;NA;NA;NA;1;1;NA
50;"MS";5002951;"500295";"Chapadão do Sul";"Não";"-";"Motociclistas";NA;NA;NA;NA;NA;NA;1;1;1;3;3;NA;2;1;2;NA;NA;NA;NA;1;2;NA;1;2;NA
50;"MS";5003108;"500310";"Corguinho";"Não";"-";"Motociclistas";NA;NA;NA;NA;NA;NA;NA;NA;NA;NA;NA;NA;NA;NA;NA;NA;1;NA;1;NA;NA;NA;NA;NA;NA
50;"MS";5003157;"500315";"Coronel Sapucaia";"Não";"-";"Motociclistas";NA;NA;NA;NA;NA;NA;2;NA;NA;NA;1;NA;2;1;NA;NA;2;NA;1;NA;NA;NA;1;NA;NA
50;"MS";5003207;"500320";"Corumbá";"Não";"-";"Motociclistas";NA;NA;NA;NA;NA;2;1;NA;4;8;3;3;7;5;5;2;4;5;4;6;1;NA;2;3;NA
50;"MS";5003256;"500325";"Costa Rica";"Não";"-";"Motociclistas";NA;NA;NA;NA;NA;NA;NA;1;2;NA;2;4;1;2;3;NA;NA;NA;NA;NA;1;1;1;2;NA
50;"MS";5003306;"500330";"Coxim";"Não";"-";"Motociclistas";NA;2;NA;NA;NA;NA;4;5;4;1;3;3;4;4;NA;2;NA;3;NA;3;NA;1;NA;2;NA
50;"MS";5003454;"500345";"Deodápolis";"Não";"-";"Motociclistas";NA;NA;1;NA;NA;NA;NA;1;1;1;NA;1;1;1;NA;1;NA;NA;NA;2;1;2;1;NA;NA
50;"MS";5003488;"500348";"Dois Irmãos do Buriti";"Não";"-";"Motociclistas";NA;NA;1;NA;NA;NA;NA;1;NA;NA;NA;NA;NA;2;NA;NA;1;1;NA;NA;1;NA;NA;NA;NA
50;"MS";5003504;"500350";"Douradina";"Não";"-";"Motociclistas";NA;1;NA;NA;NA;NA;NA;NA;NA;NA;NA;1;NA;NA;1;NA;NA;NA;NA;1;NA;NA;NA;NA;NA
50;"MS";5003702;"500370";"Dourados";"Não";"-";"Motociclistas";5;9;11;14;3;12;13;11;10;6;20;23;30;26;32;16;27;19;20;33;24;33;22;24;NA
50;"MS";5003751;"500375";"Eldorado";"Não";"-";"Motociclistas";NA;NA;NA;NA;NA;NA;NA;NA;NA;1;NA;NA;NA;NA;2;NA;NA;NA;NA;NA;NA;NA;NA;NA;NA
50;"MS";5003801;"500380";"Fátima do Sul";"Não";"-";"Motociclistas";NA;NA;NA;NA;NA;NA;NA;NA;NA;1;NA;NA;NA;NA;2;NA;NA;1;2;3;NA;NA;1;NA;NA
50;"MS";5003900;"500390";"Figueirão";"Não";"-";"Motociclistas";NA;NA;NA;NA;NA;NA;NA;NA;1;NA;NA;NA;2;1;NA;NA;NA;NA;NA;NA;NA;NA;1;NA;NA
50;"MS";5004007;"500400";"Glória de Dourados";"Não";"-";"Motociclistas";NA;NA;NA;1;NA;NA;NA;NA;NA;NA;1;NA;NA;2;2;NA;1;NA;NA;1;NA;NA;1;NA;NA
50;"MS";5004106;"500410";"Guia Lopes da Laguna";"Não";"-";"Motociclistas";NA;NA;NA;NA;NA;NA;NA;NA;NA;NA;NA;NA;2;NA;1;NA;1;1;1;NA;NA;NA;NA;NA;NA
50;"MS";5004304;"500430";"Iguatemi";"Não";"-";"Motociclistas";NA;NA;NA;NA;NA;NA;NA;NA;NA;NA;1;NA;2;1;1;1;NA;NA;NA;NA;NA;NA;NA;NA;NA
50;"MS";5004403;"500440";"Inocência";"Não";"-";"Motociclistas";NA;NA;NA;NA;NA;NA;NA;NA;NA;NA;NA;1;1;NA;NA;1;NA;NA;NA;NA;NA;NA;2;NA;NA
50;"MS";5004502;"500450";"Itaporã";"Não";"-";"Motociclistas";NA;NA;NA;NA;NA;NA;NA;NA;NA;NA;NA;1;1;NA;3;NA;NA;1;NA;1;NA;NA;NA;2;NA
50;"MS";5004601;"500460";"Itaquiraí";"Não";"-";"Motociclistas";NA;NA;NA;NA;NA;NA;NA;2;1;NA;NA;1;2;NA;3;NA;1;2;NA;1;2;2;1;NA;NA
50;"MS";5004700;"500470";"Ivinhema";"Não";"-";"Motociclistas";NA;NA;1;NA;NA;NA;2;NA;1;NA;2;NA;3;NA;3;3;1;1;2;3;1;NA;1;NA;NA
50;"MS";5004809;"500480";"Japorã";"Não";"-";"Motociclistas";NA;NA;NA;NA;NA;NA;NA;NA;NA;1;1;NA;NA;NA;NA;NA;NA;NA;NA;NA;NA;NA;NA;NA;NA
50;"MS";5004908;"500490";"Jaraguari";"Não";"-";"Motociclistas";NA;NA;NA;NA;NA;NA;NA;2;1;1;NA;NA;NA;NA;NA;NA;1;NA;NA;NA;NA;1;NA;NA;NA
50;"MS";5005004;"500500";"Jardim";"Não";"-";"Motociclistas";NA;NA;NA;NA;NA;NA;1;NA;NA;2;NA;NA;1;3;1;2;NA;NA;1;2;NA;6;NA;2;NA
50;"MS";5005103;"500510";"Jateí";"Não";"-";"Motociclistas";NA;NA;NA;NA;NA;NA;NA;NA;NA;NA;NA;NA;NA;NA;NA;NA;NA;NA;NA;NA;NA;NA;2;NA;NA
50;"MS";5005152;"500515";"Juti";"Não";"-";"Motociclistas";NA;NA;NA;NA;NA;NA;NA;NA;NA;NA;NA;NA;1;NA;NA;NA;1;NA;NA;NA;NA;1;NA;NA;NA
50;"MS";5005202;"500520";"Ladário";"Não";"-";"Motociclistas";NA;NA;NA;NA;NA;NA;NA;NA;NA;NA;NA;NA;1;NA;NA;NA;NA;NA;NA;NA;NA;NA;NA;NA;NA
50;"MS";5005251;"500525";"Laguna Carapã";"Não";"-";"Motociclistas";NA;NA;NA;NA;1;NA;NA;NA;NA;1;2;1;NA;NA;1;NA;NA;NA;NA;NA;1;NA;1;1;NA
50;"MS";5005400;"500540";"Maracaju";"Não";"-";"Motociclistas";NA;NA;NA;NA;NA;NA;1;NA;NA;NA;1;2;NA;1;2;2;2;3;NA;3;2;NA;NA;NA;NA
50;"MS";5005608;"500560";"Miranda";"Não";"-";"Motociclistas";NA;NA;NA;NA;NA;NA;NA;NA;2;NA;NA;1;NA;NA;NA;2;1;NA;NA;1;1;2;2;1;NA
50;"MS";5005681;"500568";"Mundo Novo";"Não";"-";"Motociclistas";NA;NA;NA;NA;NA;1;1;1;NA;NA;NA;NA;NA;NA;1;NA;NA;NA;NA;1;NA;NA;NA;2;NA
50;"MS";5005707;"500570";"Naviraí";"Não";"-";"Motociclistas";NA;NA;NA;NA;NA;NA;1;2;NA;1;1;1;4;2;3;2;NA;2;NA;2;4;1;1;2;NA
50;"MS";5005806;"500580";"Nioaque";"Não";"-";"Motociclistas";NA;NA;NA;NA;NA;1;1;NA;NA;NA;2;1;1;1;NA;3;1;1;1;1;NA;NA;1;NA;NA
50;"MS";5006002;"500600";"Nova Alvorada do Sul";"Não";"-";"Motociclistas";NA;NA;NA;NA;NA;NA;1;NA;1;1;2;3;3;NA;2;1;NA;2;2;2;2;2;1;NA;NA
50;"MS";5006200;"500620";"Nova Andradina";"Não";"-";"Motociclistas";NA;NA;NA;NA;NA;1;2;3;NA;3;3;4;4;5;1;5;NA;1;3;3;NA;2;2;3;NA
50;"MS";5006259;"500625";"Novo Horizonte do Sul";"Não";"-";"Motociclistas";NA;NA;NA;1;NA;NA;NA;NA;NA;NA;NA;NA;1;NA;1;NA;NA;NA;NA;1;NA;NA;NA;NA;NA
50;"MS";5006275;"500627";"Paraíso das Águas";"Não";"-";"Motociclistas";NA;NA;NA;NA;NA;NA;NA;NA;NA;NA;NA;NA;NA;NA;NA;NA;2;NA;NA;NA;NA;NA;NA;NA;NA
50;"MS";5006309;"500630";"Paranaíba";"Não";"-";"Motociclistas";NA;NA;NA;1;NA;2;1;1;2;NA;1;3;3;2;1;NA;NA;2;NA;NA;NA;NA;1;1;NA
50;"MS";5006358;"500635";"Paranhos";"Não";"-";"Motociclistas";NA;NA;NA;NA;NA;NA;NA;NA;NA;NA;NA;NA;NA;1;NA;NA;1;NA;NA;NA;1;NA;NA;NA;NA
50;"MS";5006408;"500640";"Pedro Gomes";"Não";"-";"Motociclistas";NA;NA;NA;NA;NA;NA;NA;NA;NA;1;NA;1;NA;1;NA;NA;1;1;NA;NA;NA;NA;NA;NA;NA
50;"MS";5006606;"500660";"Ponta Porã";"Não";"-";"Motociclistas";NA;NA;1;NA;NA;3;1;3;7;6;6;3;11;10;7;15;10;12;9;9;7;21;7;15;NA
50;"MS";5006903;"500690";"Porto Murtinho";"Não";"-";"Motociclistas";NA;NA;NA;NA;NA;NA;1;NA;3;NA;NA;NA;NA;NA;1;NA;NA;NA;NA;2;NA;2;1;NA;NA
50;"MS";5007109;"500710";"Ribas do Rio Pardo";"Não";"-";"Motociclistas";NA;NA;NA;NA;NA;NA;NA;NA;NA;NA;NA;1;1;1;1;NA;NA;NA;1;2;2;1;2;NA;NA
50;"MS";5007208;"500720";"Rio Brilhante";"Não";"-";"Motociclistas";NA;NA;NA;NA;NA;1;NA;NA;3;NA;NA;1;1;1;2;NA;1;NA;NA;2;1;1;NA;1;NA
50;"MS";5007307;"500730";"Rio Negro";"Não";"-";"Motociclistas";NA;NA;NA;NA;NA;NA;NA;NA;NA;NA;NA;NA;NA;1;NA;NA;2;NA;NA;NA;NA;NA;NA;NA;NA
50;"MS";5007406;"500740";"Rio Verde de Mato Grosso";"Não";"-";"Motociclistas";NA;NA;NA;NA;NA;NA;NA;2;NA;1;NA;3;1;2;3;1;3;2;NA;NA;NA;NA;1;NA;NA
50;"MS";5007505;"500750";"Rochedo";"Não";"-";"Motociclistas";NA;NA;NA;NA;NA;NA;NA;NA;NA;NA;NA;NA;1;NA;NA;1;1;1;NA;NA;NA;NA;NA;NA;NA
50;"MS";5007554;"500755";"Santa Rita do Pardo";"Não";"-";"Motociclistas";NA;NA;NA;NA;NA;NA;NA;1;NA;NA;2;NA;NA;NA;NA;NA;NA;NA;NA;1;1;NA;NA;NA;NA
50;"MS";5007695;"500769";"São Gabriel do Oeste";"Não";"-";"Motociclistas";NA;NA;NA;NA;NA;NA;NA;1;1;1;NA;2;NA;NA;1;3;3;1;1;1;NA;NA;NA;1;NA
50;"MS";5007703;"500770";"Sete Quedas";"Não";"-";"Motociclistas";NA;NA;NA;NA;3;NA;2;NA;1;NA;NA;NA;1;NA;2;1;NA;1;1;NA;NA;NA;1;2;NA
50;"MS";5007802;"500780";"Selvíria";"Não";"-";"Motociclistas";NA;NA;NA;NA;NA;1;NA;NA;NA;NA;NA;NA;NA;1;NA;1;1;NA;NA;NA;NA;NA;NA;NA;NA
50;"MS";5007901;"500790";"Sidrolândia";"Não";"-";"Motociclistas";1;NA;NA;NA;NA;NA;NA;NA;NA;4;3;1;NA;2;1;3;3;2;NA;1;4;2;NA;4;NA
50;"MS";5007935;"500793";"Sonora";"Não";"-";"Motociclistas";NA;NA;NA;NA;NA;NA;NA;NA;1;NA;3;1;NA;1;NA;NA;NA;NA;NA;1;NA;NA;1;2;NA
50;"MS";5007950;"500795";"Tacuru";"Não";"-";"Motociclistas";NA;NA;NA;NA;NA;1;NA;1;NA;NA;NA;NA;NA;1;1;1;1;1;NA;NA;NA;NA;1;1;NA
50;"MS";5007976;"500797";"Taquarussu";"Não";"-";"Motociclistas";NA;NA;NA;NA;NA;NA;NA;1;NA;NA;1;2;NA;NA;NA;NA;NA;1;1;NA;NA;NA;NA;NA;NA
50;"MS";5008008;"500800";"Terenos";"Não";"-";"Motociclistas";NA;NA;NA;NA;NA;NA;NA;1;NA;NA;1;1;NA;1;2;2;NA;2;1;1;NA;1;2;NA;NA
50;"MS";5008305;"500830";"Três Lagoas";"Não";"-";"Motociclistas";NA;NA;NA;1;2;8;5;2;3;5;5;14;6;7;11;3;4;4;10;3;7;2;4;12;NA
50;"MS";5008404;"500840";"Vicentina";"Não";"-";"Motociclistas";NA;NA;NA;NA;NA;NA;NA;NA;NA;1;NA;NA;NA;NA;1;NA;1;NA;1;NA;NA;NA;NA;1;NA
51;"MT";5100102;"510010";"Acorizal";"Não";"Região Metropolitana do Vale do Rio Cuiabá";"Motociclistas";NA;NA;NA;NA;NA;NA;NA;NA;NA;NA;2;1;NA;NA;NA;NA;NA;NA;NA;NA;NA;NA;NA;NA;NA
51;"MT";5100201;"510020";"Água Boa";"Não";"-";"Motociclistas";NA;2;NA;NA;NA;1;1;1;3;5;4;NA;5;3;2;4;2;2;4;4;9;6;13;3;NA
51;"MT";5100250;"510025";"Alta Floresta";"Não";"-";"Motociclistas";1;4;NA;1;1;3;3;1;2;4;4;4;4;9;11;4;13;5;9;1;12;22;11;6;NA
51;"MT";5100300;"510030";"Alto Araguaia";"Não";"-";"Motociclistas";NA;NA;NA;NA;NA;2;2;3;1;1;3;NA;NA;1;3;1;1;NA;2;NA;1;NA;1;NA;NA
51;"MT";5100359;"510035";"Alto Boa Vista";"Não";"-";"Motociclistas";NA;NA;1;NA;1;NA;NA;NA;1;NA;NA;NA;NA;NA;NA;NA;NA;NA;NA;NA;NA;NA;1;NA;NA
51;"MT";5100409;"510040";"Alto Garças";"Não";"-";"Motociclistas";NA;NA;1;1;NA;1;NA;1;NA;1;NA;NA;1;NA;NA;NA;NA;NA;NA;NA;NA;1;1;NA;NA
51;"MT";5100508;"510050";"Alto Paraguai";"Não";"-";"Motociclistas";NA;NA;NA;NA;NA;1;NA;NA;NA;2;1;NA;NA;2;2;NA;1;1;NA;NA;NA;1;1;NA;NA
51;"MT";5100607;"510060";"Alto Taquari";"Não";"-";"Motociclistas";NA;NA;NA;NA;NA;1;NA;NA;NA;1;1;2;NA;1;2;NA;1;NA;1;1;1;NA;NA;NA;NA
51;"MT";5100805;"510080";"Apiacás";"Não";"-";"Motociclistas";NA;NA;NA;1;NA;NA;NA;NA;NA;1;1;NA;1;1;1;1;NA;1;2;NA;2;NA;NA;NA;NA
51;"MT";5101001;"510100";"Araguaiana";"Não";"-";"Motociclistas";NA;NA;NA;NA;NA;NA;NA;NA;1;NA;NA;NA;NA;NA;NA;NA;NA;1;NA;1;NA;NA;NA;NA;NA
51;"MT";5101258;"510125";"Araputanga";"Não";"-";"Motociclistas";NA;NA;NA;1;NA;NA;1;NA;1;NA;2;5;1;1;2;2;3;2;1;1;2;1;2;2;NA
51;"MT";5101308;"510130";"Arenápolis";"Não";"-";"Motociclistas";NA;NA;NA;NA;NA;2;NA;NA;2;1;NA;NA;1;NA;NA;NA;1;2;1;2;1;NA;NA;3;NA
51;"MT";5101407;"510140";"Aripuanã";"Não";"-";"Motociclistas";1;1;1;1;NA;NA;NA;2;NA;1;NA;2;2;NA;2;1;2;2;NA;1;3;1;2;3;NA
51;"MT";5101605;"510160";"Barão de Melgaço";"Não";"Entorno Metropolitano da RM Vale do Rio Cuiabá";"Motociclistas";NA;NA;NA;NA;NA;NA;NA;NA;NA;NA;NA;NA;NA;NA;NA;1;NA;NA;NA;NA;NA;NA;NA;NA;NA
51;"MT";5101704;"510170";"Barra do Bugres";"Não";"-";"Motociclistas";2;NA;2;NA;NA;1;1;2;3;4;2;NA;3;5;2;2;2;1;1;NA;2;1;2;5;NA
51;"MT";5101803;"510180";"Barra do Garças";"Não";"-";"Motociclistas";NA;1;4;3;1;1;3;3;2;7;9;4;3;3;5;3;8;7;5;4;8;3;4;10;NA
51;"MT";5101852;"510185";"Bom Jesus do Araguaia";"Não";"-";"Motociclistas";NA;NA;NA;NA;1;NA;NA;NA;NA;1;NA;NA;1;1;NA;4;NA;NA;2;2;1;1;NA;NA;NA
51;"MT";5101902;"510190";"Brasnorte";"Não";"-";"Motociclistas";NA;NA;NA;NA;NA;NA;NA;NA;4;2;2;2;NA;2;NA;NA;3;1;NA;1;2;1;1;2;NA
51;"MT";5102504;"510250";"Cáceres";"Não";"-";"Motociclistas";1;2;4;3;3;6;7;13;11;10;13;10;11;18;13;8;9;20;21;7;7;13;18;15;NA
51;"MT";5102603;"510260";"Campinápolis";"Não";"-";"Motociclistas";NA;NA;1;1;NA;NA;NA;NA;NA;1;NA;NA;1;NA;1;NA;2;NA;NA;1;2;NA;2;NA;NA
51;"MT";5102637;"510263";"Campo Novo do Parecis";"Não";"-";"Motociclistas";NA;NA;1;2;1;NA;1;NA;1;6;4;3;5;6;7;NA;6;2;6;3;3;NA;2;3;NA
51;"MT";5102678;"510267";"Campo Verde";"Não";"-";"Motociclistas";NA;1;NA;1;1;NA;3;1;3;NA;2;1;2;2;NA;2;1;1;4;2;6;2;4;2;NA
51;"MT";5102686;"510268";"Campos de Júlio";"Não";"-";"Motociclistas";NA;NA;NA;NA;NA;1;NA;NA;1;NA;NA;NA;NA;NA;NA;NA;NA;NA;NA;NA;1;NA;2;NA;NA
51;"MT";5102694;"510269";"Canabrava do Norte";"Não";"-";"Motociclistas";NA;NA;NA;1;NA;NA;NA;NA;1;NA;1;NA;NA;NA;NA;NA;NA;NA;NA;NA;NA;NA;NA;NA;NA
51;"MT";5102702;"510270";"Canarana";"Não";"-";"Motociclistas";NA;NA;NA;1;NA;NA;1;1;1;2;NA;NA;NA;2;5;NA;1;2;NA;NA;1;2;1;NA;NA
51;"MT";5102793;"510279";"Carlinda";"Não";"-";"Motociclistas";NA;NA;NA;NA;NA;NA;NA;NA;NA;NA;NA;1;1;NA;NA;1;1;NA;NA;2;2;NA;NA;3;NA
51;"MT";5102850;"510285";"Castanheira";"Não";"-";"Motociclistas";NA;NA;NA;NA;1;NA;NA;NA;NA;NA;1;1;NA;NA;1;NA;2;1;1;1;NA;NA;NA;NA;NA
51;"MT";5103007;"510300";"Chapada dos Guimarães";"Não";"Região Metropolitana do Vale do Rio Cuiabá";"Motociclistas";1;1;NA;1;1;1;NA;NA;1;2;3;1;NA;1;3;3;NA;3;4;NA;4;1;1;3;NA
51;"MT";5103056;"510305";"Cláudia";"Não";"-";"Motociclistas";NA;NA;NA;1;NA;NA;NA;NA;NA;NA;NA;NA;NA;1;2;NA;NA;NA;NA;1;NA;NA;NA;NA;NA
51;"MT";5103106;"510310";"Cocalinho";"Não";"-";"Motociclistas";NA;NA;NA;NA;NA;NA;NA;NA;NA;NA;NA;NA;NA;1;2;1;NA;NA;NA;NA;2;1;2;1;NA
51;"MT";5103205;"510320";"Colíder";"Não";"-";"Motociclistas";NA;NA;NA;1;3;NA;NA;NA;NA;4;1;NA;NA;3;1;NA;2;3;2;2;4;6;3;5;NA
51;"MT";5103254;"510325";"Colniza";"Não";"-";"Motociclistas";NA;NA;NA;NA;1;2;NA;2;NA;3;4;3;2;2;4;5;NA;4;3;1;3;1;3;5;NA
51;"MT";5103304;"510330";"Comodoro";"Não";"-";"Motociclistas";NA;NA;NA;NA;1;1;NA;4;2;NA;NA;3;NA;NA;1;1;NA;1;NA;NA;NA;1;1;NA;NA
51;"MT";5103353;"510335";"Confresa";"Não";"-";"Motociclistas";1;3;1;1;2;2;1;1;NA;1;3;5;6;4;5;6;2;6;5;5;5;5;8;3;NA
51;"MT";5103361;"510336";"Conquista D'Oeste";"Não";"-";"Motociclistas";NA;NA;NA;NA;NA;NA;NA;NA;NA;1;NA;1;1;1;NA;NA;NA;NA;1;1;1;NA;NA;1;NA
51;"MT";5103379;"510337";"Cotriguaçu";"Não";"-";"Motociclistas";NA;NA;NA;1;NA;NA;NA;NA;1;1;NA;1;NA;NA;1;NA;NA;NA;1;1;1;2;1;2;NA
51;"MT";5103403;"510340";"Cuiabá";"Sim";"Região Metropolitana do Vale do Rio Cuiabá";"Motociclistas";15;22;20;13;15;18;19;28;39;36;50;45;55;49;53;64;62;72;66;46;46;56;37;42;NA
51;"MT";5103437;"510343";"Curvelândia";"Não";"-";"Motociclistas";NA;NA;NA;NA;NA;NA;NA;1;NA;NA;NA;1;1;2;NA;NA;NA;NA;NA;1;1;NA;NA;NA;NA
51;"MT";5103452;"510345";"Denise";"Não";"-";"Motociclistas";NA;NA;NA;NA;1;1;1;1;NA;1;NA;NA;NA;NA;NA;NA;NA;NA;1;1;NA;NA;1;NA;NA
51;"MT";5103502;"510350";"Diamantino";"Não";"-";"Motociclistas";NA;2;NA;NA;1;NA;1;1;2;4;6;2;6;7;2;1;1;1;1;2;5;4;4;5;NA
51;"MT";5103601;"510360";"Dom Aquino";"Não";"-";"Motociclistas";3;1;NA;NA;NA;1;1;2;NA;1;NA;NA;1;NA;NA;NA;NA;NA;1;NA;NA;NA;NA;NA;NA
51;"MT";5103700;"510370";"Feliz Natal";"Não";"-";"Motociclistas";NA;1;NA;1;NA;NA;1;NA;NA;1;1;1;1;NA;NA;NA;1;NA;NA;2;NA;NA;3;2;NA
51;"MT";5103809;"510380";"Figueirópolis D'Oeste";"Não";"-";"Motociclistas";NA;NA;NA;NA;NA;1;NA;NA;NA;NA;NA;NA;NA;NA;NA;NA;NA;1;NA;NA;NA;NA;1;NA;NA
51;"MT";5103858;"510385";"Gaúcha do Norte";"Não";"-";"Motociclistas";NA;NA;NA;NA;NA;NA;NA;NA;NA;NA;NA;1;NA;NA;NA;NA;NA;NA;NA;NA;NA;NA;NA;1;NA
51;"MT";5103908;"510390";"General Carneiro";"Não";"-";"Motociclistas";NA;NA;NA;NA;NA;NA;NA;NA;NA;2;NA;NA;NA;NA;NA;1;NA;NA;NA;NA;NA;1;NA;NA;NA
51;"MT";5103957;"510395";"Glória D'Oeste";"Não";"-";"Motociclistas";NA;NA;NA;NA;NA;NA;NA;NA;NA;NA;NA;NA;NA;NA;NA;1;NA;2;NA;1;NA;NA;NA;1;NA
51;"MT";5104104;"510410";"Guarantã do Norte";"Não";"-";"Motociclistas";NA;NA;NA;NA;1;3;3;NA;1;1;1;3;2;1;NA;1;1;NA;1;2;NA;NA;2;5;NA
51;"MT";5104203;"510420";"Guiratinga";"Não";"-";"Motociclistas";NA;NA;NA;NA;NA;1;NA;NA;NA;NA;NA;NA;NA;NA;1;NA;NA;NA;NA;1;NA;NA;1;2;NA
51;"MT";5104500;"510450";"Indiavaí";"Não";"-";"Motociclistas";NA;NA;NA;NA;NA;NA;NA;NA;1;NA;NA;NA;NA;NA;NA;NA;1;NA;NA;NA;NA;NA;NA;NA;NA
51;"MT";5104526;"510452";"Ipiranga do Norte";"Não";"-";"Motociclistas";NA;NA;NA;NA;NA;NA;NA;1;NA;NA;NA;NA;NA;NA;NA;1;NA;NA;NA;NA;NA;NA;NA;1;NA
51;"MT";5104542;"510454";"Itanhangá";"Não";"-";"Motociclistas";NA;NA;NA;NA;NA;NA;NA;NA;NA;NA;NA;NA;NA;2;NA;NA;NA;1;NA;1;4;NA;NA;1;NA
51;"MT";5104559;"510455";"Itaúba";"Não";"-";"Motociclistas";NA;NA;1;NA;NA;NA;NA;NA;NA;NA;NA;1;1;1;NA;NA;NA;1;NA;NA;NA;NA;NA;NA;NA
51;"MT";5104609;"510460";"Itiquira";"Não";"-";"Motociclistas";NA;NA;NA;NA;NA;NA;1;1;NA;1;NA;NA;2;1;2;NA;2;1;1;NA;NA;NA;NA;2;NA
51;"MT";5104807;"510480";"Jaciara";"Não";"-";"Motociclistas";1;NA;NA;1;2;1;5;4;8;1;2;2;1;1;NA;1;NA;NA;1;NA;NA;2;2;NA;NA
51;"MT";5104906;"510490";"Jangada";"Não";"Entorno Metropolitano da RM Vale do Rio Cuiabá";"Motociclistas";NA;NA;NA;NA;1;1;NA;NA;NA;1;1;NA;NA;NA;NA;2;3;NA;NA;NA;NA;NA;NA;NA;NA
51;"MT";5105002;"510500";"Jauru";"Não";"-";"Motociclistas";NA;NA;NA;NA;NA;NA;1;NA;NA;1;NA;NA;NA;2;NA;NA;NA;NA;NA;1;1;NA;NA;1;NA
51;"MT";5105101;"510510";"Juara";"Não";"-";"Motociclistas";NA;1;4;3;3;NA;4;3;4;4;6;1;1;1;4;2;1;2;5;1;3;4;4;7;NA
51;"MT";5105150;"510515";"Juína";"Não";"-";"Motociclistas";1;NA;3;5;5;2;4;3;9;6;3;5;10;7;4;9;4;5;8;3;4;10;3;9;NA
51;"MT";5105176;"510517";"Juruena";"Não";"-";"Motociclistas";NA;1;NA;1;1;1;NA;NA;NA;1;2;2;1;NA;2;NA;4;1;1;1;1;NA;4;NA;NA
51;"MT";5105200;"510520";"Juscimeira";"Não";"-";"Motociclistas";NA;1;NA;1;NA;1;NA;NA;1;1;NA;1;2;1;NA;1;1;1;NA;1;2;NA;NA;NA;NA
51;"MT";5105234;"510523";"Lambari D'Oeste";"Não";"-";"Motociclistas";NA;NA;1;NA;NA;NA;NA;NA;1;1;NA;NA;1;1;NA;1;NA;NA;NA;NA;NA;NA;1;1;NA
51;"MT";5105259;"510525";"Lucas do Rio Verde";"Não";"-";"Motociclistas";NA;NA;NA;1;NA;NA;NA;2;4;4;12;9;3;11;3;6;3;6;8;5;7;6;12;2;NA
51;"MT";5105507;"510550";"Vila Bela da Santíssima Trindade";"Não";"-";"Motociclistas";NA;1;NA;NA;NA;1;4;2;NA;NA;1;2;1;4;1;2;2;2;NA;3;1;NA;3;1;NA
51;"MT";5105580;"510558";"Marcelândia";"Não";"-";"Motociclistas";NA;NA;NA;1;NA;NA;NA;NA;NA;2;NA;1;2;NA;NA;NA;2;1;NA;NA;NA;1;1;NA;NA
51;"MT";5105606;"510560";"Matupá";"Não";"-";"Motociclistas";1;NA;NA;1;NA;NA;1;1;2;NA;NA;1;5;2;1;NA;NA;2;4;NA;7;5;5;NA;NA
51;"MT";5105622;"510562";"Mirassol d'Oeste";"Não";"-";"Motociclistas";NA;NA;1;NA;1;NA;NA;NA;1;2;2;2;1;2;3;1;NA;NA;1;1;3;4;2;2;NA
51;"MT";5105903;"510590";"Nobres";"Não";"Entorno Metropolitano da RM Vale do Rio Cuiabá";"Motociclistas";NA;NA;NA;NA;3;NA;NA;NA;NA;NA;1;1;1;NA;NA;NA;NA;NA;NA;1;NA;NA;2;1;NA
51;"MT";5106000;"510600";"Nortelândia";"Não";"-";"Motociclistas";NA;NA;NA;1;NA;NA;NA;NA;NA;NA;1;NA;1;NA;NA;NA;NA;1;1;1;NA;1;NA;1;NA
51;"MT";5106109;"510610";"Nossa Senhora do Livramento";"Não";"Região Metropolitana do Vale do Rio Cuiabá";"Motociclistas";NA;NA;NA;NA;NA;1;1;2;1;1;4;1;1;1;3;3;2;NA;NA;2;3;1;1;2;NA
51;"MT";5106158;"510615";"Nova Bandeirantes";"Não";"-";"Motociclistas";NA;NA;NA;NA;NA;NA;2;1;3;1;3;NA;1;NA;NA;2;NA;1;1;NA;NA;2;NA;3;NA
51;"MT";5106174;"510617";"Nova Nazaré";"Não";"-";"Motociclistas";NA;NA;NA;NA;NA;NA;NA;NA;NA;NA;NA;NA;NA;NA;NA;NA;NA;NA;NA;NA;2;2;NA;NA;NA
51;"MT";5106182;"510618";"Nova Lacerda";"Não";"-";"Motociclistas";NA;NA;NA;NA;NA;1;NA;NA;NA;1;NA;1;NA;1;NA;1;NA;1;NA;NA;NA;NA;NA;2;NA
51;"MT";5106190;"510619";"Nova Santa Helena";"Não";"-";"Motociclistas";NA;NA;NA;NA;NA;NA;NA;NA;NA;NA;NA;NA;NA;NA;1;NA;NA;NA;NA;NA;NA;NA;NA;NA;NA
51;"MT";5106208;"510620";"Nova Brasilândia";"Não";"Entorno Metropolitano da RM Vale do Rio Cuiabá";"Motociclistas";NA;NA;NA;NA;NA;NA;NA;NA;1;NA;NA;NA;NA;2;NA;1;NA;2;NA;NA;NA;1;NA;1;NA
51;"MT";5106216;"510621";"Nova Canaã do Norte";"Não";"-";"Motociclistas";NA;NA;NA;NA;1;1;1;1;1;NA;NA;1;NA;NA;1;NA;NA;1;NA;NA;1;2;NA;1;NA
51;"MT";5106224;"510622";"Nova Mutum";"Não";"-";"Motociclistas";NA;NA;NA;NA;NA;1;1;1;2;5;3;6;6;2;2;4;5;3;5;NA;6;8;7;8;NA
51;"MT";5106232;"510623";"Nova Olímpia";"Não";"-";"Motociclistas";NA;NA;1;1;NA;NA;NA;1;2;NA;NA;NA;NA;NA;NA;NA;NA;3;1;2;1;NA;1;NA;NA
51;"MT";5106240;"510624";"Nova Ubiratã";"Não";"-";"Motociclistas";NA;NA;NA;NA;NA;NA;NA;NA;1;NA;1;NA;1;NA;1;NA;NA;1;1;1;2;2;2;1;NA
51;"MT";5106257;"510625";"Nova Xavantina";"Não";"-";"Motociclistas";NA;NA;1;NA;1;NA;1;NA;1;NA;NA;1;1;2;1;NA;2;NA;3;5;4;2;3;3;NA
51;"MT";5106265;"510626";"Novo Mundo";"Não";"-";"Motociclistas";NA;NA;NA;NA;1;NA;NA;NA;NA;NA;NA;NA;3;NA;NA;NA;1;NA;1;2;NA;NA;NA;2;NA
51;"MT";5106273;"510627";"Novo Horizonte do Norte";"Não";"-";"Motociclistas";NA;NA;NA;NA;1;NA;NA;NA;NA;NA;NA;NA;NA;NA;NA;NA;NA;NA;NA;1;NA;NA;NA;NA;NA
51;"MT";5106281;"510628";"Novo São Joaquim";"Não";"-";"Motociclistas";NA;NA;NA;1;NA;NA;NA;NA;NA;NA;1;NA;1;NA;1;NA;NA;1;NA;NA;1;NA;NA;2;NA
51;"MT";5106299;"510629";"Paranaíta";"Não";"-";"Motociclistas";NA;NA;NA;NA;NA;NA;NA;NA;1;1;NA;NA;NA;1;2;1;1;NA;NA;NA;2;NA;1;2;NA
51;"MT";5106307;"510630";"Paranatinga";"Não";"-";"Motociclistas";NA;NA;1;NA;NA;2;1;6;NA;NA;3;2;1;NA;5;1;1;2;2;1;3;1;1;1;NA
51;"MT";5106315;"510631";"Novo Santo Antônio";"Não";"-";"Motociclistas";NA;NA;NA;NA;NA;1;1;1;NA;NA;NA;NA;NA;NA;NA;NA;NA;NA;1;NA;NA;NA;NA;NA;NA
51;"MT";5106372;"510637";"Pedra Preta";"Não";"-";"Motociclistas";NA;NA;NA;NA;1;4;1;NA;NA;3;NA;NA;1;NA;NA;1;NA;NA;NA;NA;1;NA;NA;1;NA
51;"MT";5106422;"510642";"Peixoto de Azevedo";"Não";"-";"Motociclistas";2;NA;NA;NA;1;2;3;NA;2;NA;4;2;3;1;3;2;2;3;7;9;7;13;5;10;NA
51;"MT";5106455;"510645";"Planalto da Serra";"Não";"Entorno Metropolitano da RM Vale do Rio Cuiabá";"Motociclistas";NA;NA;NA;NA;NA;NA;NA;NA;NA;NA;NA;NA;1;NA;NA;NA;NA;NA;NA;NA;NA;1;NA;NA;NA
51;"MT";5106505;"510650";"Poconé";"Não";"Entorno Metropolitano da RM Vale do Rio Cuiabá";"Motociclistas";1;NA;NA;NA;NA;NA;1;3;NA;3;1;2;3;4;3;3;2;NA;2;NA;3;4;3;2;NA
51;"MT";5106653;"510665";"Pontal do Araguaia";"Não";"-";"Motociclistas";NA;NA;NA;NA;NA;NA;NA;NA;NA;NA;NA;1;1;NA;NA;NA;NA;NA;NA;NA;NA;NA;NA;NA;NA
51;"MT";5106703;"510670";"Ponte Branca";"Não";"-";"Motociclistas";NA;NA;NA;NA;NA;NA;NA;NA;NA;NA;NA;NA;NA;NA;NA;NA;NA;NA;NA;NA;NA;NA;NA;NA;NA
51;"MT";5106752;"510675";"Pontes e Lacerda";"Não";"-";"Motociclistas";NA;3;NA;1;NA;NA;1;3;2;1;6;1;3;4;4;3;3;2;3;6;5;7;8;5;NA
51;"MT";5106778;"510677";"Porto Alegre do Norte";"Não";"-";"Motociclistas";NA;NA;NA;1;NA;NA;NA;NA;1;3;NA;2;2;NA;1;2;2;NA;NA;2;1;1;NA;NA;NA
51;"MT";5106802;"510680";"Porto dos Gaúchos";"Não";"-";"Motociclistas";NA;NA;NA;NA;NA;NA;NA;1;1;NA;NA;NA;NA;1;1;1;NA;NA;2;NA;NA;NA;NA;1;NA
51;"MT";5106828;"510682";"Porto Esperidião";"Não";"-";"Motociclistas";NA;NA;2;NA;1;NA;NA;NA;2;2;NA;2;1;1;1;1;NA;2;NA;NA;4;3;NA;NA;NA
51;"MT";5106851;"510685";"Porto Estrela";"Não";"-";"Motociclistas";NA;NA;NA;NA;NA;NA;NA;NA;NA;NA;NA;NA;NA;NA;NA;NA;1;NA;NA;NA;NA;NA;NA;NA;NA
51;"MT";5107008;"510700";"Poxoréu";"Não";"-";"Motociclistas";2;NA;NA;NA;NA;NA;3;2;3;NA;2;5;6;3;NA;NA;2;3;1;2;NA;NA;NA;2;NA
51;"MT";5107040;"510704";"Primavera do Leste";"Não";"-";"Motociclistas";NA;NA;NA;NA;1;2;NA;NA;6;NA;3;3;2;1;4;2;4;6;3;3;5;NA;1;4;NA
51;"MT";5107065;"510706";"Querência";"Não";"-";"Motociclistas";NA;NA;NA;NA;NA;NA;1;4;1;4;2;NA;2;NA;2;1;1;3;1;2;2;3;NA;1;NA
51;"MT";5107107;"510710";"São José dos Quatro Marcos";"Não";"-";"Motociclistas";2;NA;NA;NA;NA;NA;NA;1;2;2;1;1;NA;4;1;NA;1;NA;NA;1;NA;NA;NA;1;NA
51;"MT";5107156;"510715";"Reserva do Cabaçal";"Não";"-";"Motociclistas";NA;NA;NA;NA;NA;NA;NA;1;NA;NA;1;NA;NA;NA;NA;NA;1;NA;NA;1;NA;NA;NA;NA;NA
51;"MT";5107180;"510718";"Ribeirão Cascalheira";"Não";"-";"Motociclistas";NA;NA;NA;NA;NA;NA;NA;NA;NA;NA;NA;1;NA;NA;2;NA;3;4;1;2;1;1;2;NA;NA
51;"MT";5107198;"510719";"Ribeirãozinho";"Não";"-";"Motociclistas";NA;NA;NA;NA;NA;NA;NA;NA;1;NA;NA;NA;NA;NA;NA;NA;NA;NA;NA;NA;NA;NA;NA;NA;NA
51;"MT";5107206;"510720";"Rio Branco";"Não";"-";"Motociclistas";NA;1;NA;1;1;NA;NA;NA;NA;NA;NA;NA;NA;2;1;NA;1;NA;1;NA;NA;NA;NA;NA;NA
51;"MT";5107248;"510724";"Santa Carmem";"Não";"-";"Motociclistas";NA;NA;NA;NA;NA;NA;NA;NA;NA;1;NA;NA;NA;NA;NA;NA;NA;NA;NA;NA;1;1;NA;1;NA
51;"MT";5107263;"510726";"Santo Afonso";"Não";"-";"Motociclistas";NA;NA;NA;NA;NA;NA;NA;NA;NA;NA;NA;NA;NA;NA;NA;1;NA;1;NA;NA;NA;NA;1;NA;NA
51;"MT";5107297;"510729";"São José do Povo";"Não";"-";"Motociclistas";NA;NA;NA;NA;NA;NA;NA;NA;NA;NA;NA;NA;1;NA;1;1;1;NA;NA;NA;NA;NA;NA;NA;NA
51;"MT";5107305;"510730";"São José do Rio Claro";"Não";"-";"Motociclistas";NA;NA;NA;NA;1;1;NA;NA;NA;2;4;1;NA;NA;1;1;1;NA;1;2;3;2;NA;2;NA
51;"MT";5107354;"510735";"São José do Xingu";"Não";"-";"Motociclistas";NA;1;1;NA;NA;NA;NA;NA;1;NA;NA;2;NA;NA;NA;NA;NA;1;NA;1;NA;NA;NA;1;NA
51;"MT";5107404;"510740";"São Pedro da Cipa";"Não";"-";"Motociclistas";NA;NA;NA;NA;NA;NA;NA;NA;NA;NA;NA;1;NA;1;NA;NA;1;NA;NA;NA;NA;NA;NA;NA;NA
51;"MT";5107578;"510757";"Rondolândia";"Não";"-";"Motociclistas";NA;NA;NA;NA;NA;NA;NA;NA;NA;NA;NA;NA;NA;NA;NA;NA;NA;NA;NA;1;NA;NA;NA;NA;NA
51;"MT";5107602;"510760";"Rondonópolis";"Não";"-";"Motociclistas";6;5;3;8;8;14;26;14;16;20;31;20;28;24;14;22;24;16;21;27;26;43;38;31;NA
51;"MT";5107701;"510770";"Rosário Oeste";"Não";"Entorno Metropolitano da RM Vale do Rio Cuiabá";"Motociclistas";NA;NA;NA;NA;NA;1;NA;NA;NA;5;NA;1;NA;NA;1;NA;1;NA;1;1;NA;1;3;1;NA
51;"MT";5107743;"510774";"Santa Cruz do Xingu";"Não";"-";"Motociclistas";NA;NA;NA;NA;NA;NA;NA;NA;NA;1;NA;NA;NA;NA;NA;NA;NA;NA;1;NA;NA;1;NA;NA;NA
51;"MT";5107750;"510775";"Salto do Céu";"Não";"-";"Motociclistas";1;NA;NA;NA;NA;NA;NA;NA;NA;NA;NA;NA;NA;NA;1;NA;NA;NA;2;NA;NA;NA;1;1;NA
51;"MT";5107768;"510776";"Santa Rita do Trivelato";"Não";"-";"Motociclistas";NA;NA;NA;NA;NA;NA;NA;NA;NA;NA;NA;NA;NA;NA;1;NA;NA;NA;NA;NA;NA;NA;1;NA;NA
51;"MT";5107776;"510777";"Santa Terezinha";"Não";"-";"Motociclistas";NA;NA;NA;NA;NA;1;NA;NA;NA;1;NA;NA;NA;NA;NA;NA;NA;NA;1;NA;NA;NA;NA;NA;NA
51;"MT";5107792;"510779";"Santo Antônio do Leste";"Não";"-";"Motociclistas";NA;NA;NA;NA;NA;1;NA;NA;NA;NA;NA;NA;NA;NA;NA;NA;NA;NA;NA;NA;NA;NA;NA;NA;NA
51;"MT";5107800;"510780";"Santo Antônio de Leverger";"Não";"Região Metropolitana do Vale do Rio Cuiabá";"Motociclistas";NA;NA;NA;NA;NA;1;NA;NA;NA;NA;3;4;NA;2;2;1;3;2;1;NA;1;1;NA;3;NA
51;"MT";5107859;"510785";"São Félix do Araguaia";"Não";"-";"Motociclistas";NA;1;NA;1;1;NA;NA;1;NA;NA;NA;NA;NA;2;NA;NA;1;NA;1;NA;NA;NA;NA;NA;NA
51;"MT";5107875;"510787";"Sapezal";"Não";"-";"Motociclistas";NA;1;1;NA;NA;NA;NA;NA;6;2;NA;1;NA;4;NA;1;1;NA;1;NA;4;NA;NA;1;NA
51;"MT";5107883;"510788";"Serra Nova Dourada";"Não";"-";"Motociclistas";NA;NA;NA;NA;NA;NA;NA;NA;NA;1;NA;NA;NA;NA;NA;NA;NA;NA;NA;NA;NA;NA;1;2;NA
51;"MT";5107909;"510790";"Sinop";"Não";"-";"Motociclistas";1;1;NA;NA;3;5;5;13;3;13;9;10;11;14;12;18;18;21;29;15;28;30;26;36;NA
51;"MT";5107925;"510792";"Sorriso";"Não";"-";"Motociclistas";2;1;2;3;1;3;4;10;6;9;2;14;10;11;15;14;17;6;15;19;16;16;14;19;NA
51;"MT";5107941;"510794";"Tabaporã";"Não";"-";"Motociclistas";NA;NA;NA;1;NA;1;NA;NA;NA;NA;NA;NA;NA;1;NA;1;NA;NA;NA;NA;1;1;1;1;NA
51;"MT";5107958;"510795";"Tangará da Serra";"Não";"-";"Motociclistas";NA;NA;NA;3;NA;5;4;6;2;6;9;4;2;4;2;4;2;12;7;7;10;7;3;11;NA
51;"MT";5108006;"510800";"Tapurah";"Não";"-";"Motociclistas";2;1;NA;NA;NA;NA;NA;3;NA;4;3;NA;NA;NA;NA;1;1;1;1;1;1;1;NA;5;NA
51;"MT";5108055;"510805";"Terra Nova do Norte";"Não";"-";"Motociclistas";NA;2;NA;NA;1;NA;NA;NA;1;NA;2;NA;NA;1;NA;NA;2;NA;NA;2;1;1;NA;2;NA
51;"MT";5108105;"510810";"Tesouro";"Não";"-";"Motociclistas";NA;NA;NA;NA;NA;NA;NA;NA;NA;NA;1;NA;1;NA;NA;NA;NA;NA;NA;NA;NA;NA;NA;1;NA
51;"MT";5108204;"510820";"Torixoréu";"Não";"-";"Motociclistas";NA;1;NA;NA;NA;NA;NA;1;NA;1;NA;NA;1;NA;1;NA;NA;NA;NA;NA;NA;NA;NA;NA;NA
51;"MT";5108303;"510830";"União do Sul";"Não";"-";"Motociclistas";NA;NA;NA;NA;NA;NA;NA;NA;NA;NA;NA;NA;1;NA;NA;NA;NA;NA;1;1;2;NA;1;NA;NA
51;"MT";5108352;"510835";"Vale de São Domingos";"Não";"-";"Motociclistas";NA;NA;NA;NA;NA;NA;2;1;NA;NA;1;NA;NA;NA;NA;NA;NA;NA;NA;NA;NA;NA;NA;1;NA
51;"MT";5108402;"510840";"Várzea Grande";"Não";"Região Metropolitana do Vale do Rio Cuiabá";"Motociclistas";4;9;4;4;1;2;2;14;11;11;7;10;11;15;9;15;16;33;15;16;28;30;38;37;NA
51;"MT";5108501;"510850";"Vera";"Não";"-";"Motociclistas";NA;NA;NA;NA;NA;NA;NA;NA;NA;NA;NA;2;1;2;1;NA;1;NA;NA;NA;NA;NA;3;1;NA
51;"MT";5108600;"510860";"Vila Rica";"Não";"-";"Motociclistas";NA;NA;NA;2;1;NA;NA;1;1;NA;NA;NA;1;1;NA;2;NA;1;3;NA;1;3;NA;1;NA
51;"MT";5108808;"510880";"Nova Guarita";"Não";"-";"Motociclistas";NA;NA;NA;NA;NA;NA;NA;NA;NA;NA;NA;NA;NA;NA;NA;1;NA;NA;NA;NA;1;NA;NA;1;NA
51;"MT";5108857;"510885";"Nova Marilândia";"Não";"-";"Motociclistas";NA;NA;NA;NA;NA;NA;NA;NA;NA;NA;NA;NA;1;2;NA;NA;NA;NA;1;1;1;NA;NA;NA;NA
51;"MT";5108907;"510890";"Nova Maringá";"Não";"-";"Motociclistas";NA;NA;NA;NA;NA;NA;NA;NA;1;1;NA;NA;NA;NA;NA;NA;NA;NA;NA;1;NA;NA;NA;1;NA
51;"MT";5108956;"510895";"Nova Monte Verde";"Não";"-";"Motociclistas";NA;NA;NA;1;NA;NA;1;NA;NA;NA;NA;NA;NA;1;5;1;1;1;NA;1;3;3;NA;1;NA
52;"GO";5200050;"520005";"Abadia de Goiás";"Não";"Região Metropolitana de Goiânia";"Motociclistas";NA;NA;NA;NA;NA;NA;NA;NA;NA;NA;NA;NA;NA;NA;1;1;NA;NA;3;1;1;1;1;1;NA
52;"GO";5200100;"520010";"Abadiânia";"Não";"Região Integrada de Desenvolvimento do Distrito Federal e Entorno";"Motociclistas";NA;1;NA;NA;NA;NA;NA;NA;NA;NA;NA;NA;1;NA;NA;2;NA;NA;1;1;NA;NA;3;NA;NA
52;"GO";5200134;"520013";"Acreúna";"Não";"-";"Motociclistas";NA;NA;1;NA;NA;1;NA;NA;NA;NA;1;NA;NA;NA;NA;2;NA;1;5;2;1;3;NA;NA;NA
52;"GO";5200175;"520017";"Água Fria de Goiás";"Não";"Região Integrada de Desenvolvimento do Distrito Federal e Entorno";"Motociclistas";NA;NA;NA;NA;NA;2;1;NA;NA;NA;NA;NA;NA;NA;NA;1;1;NA;NA;NA;NA;NA;1;1;NA
52;"GO";5200209;"520020";"Água Limpa";"Não";"-";"Motociclistas";NA;NA;NA;NA;NA;NA;NA;NA;2;NA;NA;NA;NA;NA;NA;NA;1;NA;NA;NA;NA;NA;NA;NA;NA
52;"GO";5200258;"520025";"Águas Lindas de Goiás";"Não";"Região Integrada de Desenvolvimento do Distrito Federal e Entorno";"Motociclistas";1;NA;NA;NA;NA;NA;2;NA;NA;NA;2;1;3;2;1;6;2;1;NA;1;3;3;3;1;NA
52;"GO";5200308;"520030";"Alexânia";"Não";"Região Integrada de Desenvolvimento do Distrito Federal e Entorno";"Motociclistas";NA;NA;NA;NA;NA;NA;NA;NA;3;NA;1;NA;1;NA;2;1;1;2;NA;1;NA;1;2;2;NA
52;"GO";5200506;"520050";"Aloândia";"Não";"-";"Motociclistas";NA;NA;NA;NA;1;NA;NA;NA;NA;NA;NA;NA;NA;NA;NA;NA;NA;NA;NA;NA;NA;NA;NA;NA;NA
52;"GO";5200555;"520055";"Alto Horizonte";"Não";"-";"Motociclistas";NA;NA;NA;NA;NA;NA;NA;NA;NA;NA;1;NA;1;NA;NA;NA;1;NA;NA;NA;2;NA;1;NA;NA
52;"GO";5200605;"520060";"Alto Paraíso de Goiás";"Não";"Região Integrada de Desenvolvimento do Distrito Federal e Entorno";"Motociclistas";NA;NA;NA;NA;NA;NA;NA;NA;NA;NA;NA;NA;1;NA;NA;1;3;2;NA;NA;1;1;NA;1;NA
52;"GO";5200803;"520080";"Alvorada do Norte";"Não";"Região Integrada de Desenvolvimento do Distrito Federal e Entorno";"Motociclistas";NA;NA;NA;2;NA;NA;1;1;NA;NA;NA;1;1;2;2;NA;NA;1;NA;NA;NA;1;2;1;NA
52;"GO";5200829;"520082";"Amaralina";"Não";"-";"Motociclistas";NA;NA;NA;NA;NA;NA;NA;NA;NA;NA;NA;NA;NA;NA;NA;NA;NA;NA;NA;NA;1;1;NA;1;NA
52;"GO";5200852;"520085";"Americano do Brasil";"Não";"-";"Motociclistas";NA;NA;NA;NA;NA;2;NA;NA;NA;NA;NA;NA;NA;NA;NA;NA;NA;1;NA;NA;NA;NA;NA;NA;NA
52;"GO";5200902;"520090";"Amorinópolis";"Não";"-";"Motociclistas";NA;NA;NA;NA;NA;NA;NA;NA;NA;NA;1;NA;NA;NA;NA;NA;NA;NA;NA;NA;NA;NA;NA;NA;NA
52;"GO";5201108;"520110";"Anápolis";"Não";"-";"Motociclistas";5;4;12;12;10;6;11;11;30;16;34;26;26;21;24;14;26;20;23;21;21;24;18;10;NA
52;"GO";5201207;"520120";"Anhanguera";"Não";"-";"Motociclistas";NA;NA;NA;NA;NA;NA;NA;NA;NA;NA;NA;NA;NA;NA;NA;NA;NA;NA;NA;NA;NA;NA;NA;NA;NA
52;"GO";5201306;"520130";"Anicuns";"Não";"-";"Motociclistas";NA;NA;NA;NA;NA;NA;NA;NA;1;NA;NA;NA;NA;1;NA;2;NA;2;1;1;NA;1;1;4;NA
52;"GO";5201405;"520140";"Aparecida de Goiânia";"Não";"Região Metropolitana de Goiânia";"Motociclistas";1;7;4;2;2;5;4;2;2;1;8;13;14;22;27;18;24;20;19;18;20;23;21;25;NA
52;"GO";5201504;"520150";"Aporé";"Não";"-";"Motociclistas";NA;NA;NA;NA;NA;NA;NA;NA;NA;NA;NA;NA;2;NA;NA;NA;NA;NA;1;NA;NA;NA;NA;NA;NA
52;"GO";5201603;"520160";"Araçu";"Não";"-";"Motociclistas";NA;NA;NA;NA;NA;NA;NA;NA;NA;NA;NA;NA;NA;NA;NA;NA;1;NA;NA;NA;NA;NA;NA;NA;NA
52;"GO";5201702;"520170";"Aragarças";"Não";"-";"Motociclistas";NA;NA;NA;NA;NA;NA;NA;NA;NA;NA;1;NA;2;1;2;2;1;1;3;1;1;4;NA;NA;NA
52;"GO";5201801;"520180";"Aragoiânia";"Não";"Região Metropolitana de Goiânia";"Motociclistas";NA;NA;NA;NA;1;1;NA;NA;NA;NA;NA;1;NA;2;5;1;3;1;NA;NA;1;1;1;3;NA
52;"GO";5202155;"520215";"Araguapaz";"Não";"-";"Motociclistas";1;NA;NA;NA;NA;NA;1;NA;NA;1;NA;NA;NA;NA;NA;NA;NA;1;NA;1;NA;1;NA;NA;NA
52;"GO";5202353;"520235";"Arenópolis";"Não";"-";"Motociclistas";NA;NA;NA;NA;NA;NA;NA;1;NA;NA;NA;NA;NA;NA;NA;NA;NA;NA;NA;NA;NA;NA;NA;NA;NA
52;"GO";5202502;"520250";"Aruanã";"Não";"-";"Motociclistas";NA;NA;NA;NA;NA;NA;1;NA;NA;NA;NA;NA;1;1;NA;NA;NA;1;1;NA;1;1;NA;NA;NA
52;"GO";5202601;"520260";"Aurilândia";"Não";"-";"Motociclistas";NA;NA;NA;NA;NA;NA;NA;NA;NA;NA;NA;NA;NA;NA;NA;1;NA;NA;NA;NA;NA;NA;2;NA;NA
52;"GO";5202809;"520280";"Avelinópolis";"Não";"-";"Motociclistas";NA;NA;NA;NA;NA;NA;NA;NA;NA;NA;NA;NA;NA;NA;NA;NA;NA;1;NA;NA;NA;NA;1;NA;NA
52;"GO";5203104;"520310";"Baliza";"Não";"-";"Motociclistas";NA;1;NA;NA;1;NA;NA;NA;NA;NA;NA;NA;NA;NA;NA;NA;NA;NA;NA;NA;NA;NA;NA;NA;NA
52;"GO";5203203;"520320";"Barro Alto";"Não";"Região Integrada de Desenvolvimento do Distrito Federal e Entorno";"Motociclistas";NA;NA;1;NA;NA;NA;1;1;NA;NA;1;2;NA;NA;1;NA;NA;1;2;2;1;NA;NA;NA;NA
52;"GO";5203302;"520330";"Bela Vista de Goiás";"Não";"Região Metropolitana de Goiânia";"Motociclistas";NA;NA;1;1;NA;NA;NA;1;1;NA;NA;NA;2;NA;4;3;2;2;3;2;1;4;4;2;NA
52;"GO";5203401;"520340";"Bom Jardim de Goiás";"Não";"-";"Motociclistas";1;1;NA;NA;1;NA;1;NA;1;NA;NA;NA;NA;NA;NA;1;NA;NA;NA;NA;NA;NA;3;3;NA
52;"GO";5203500;"520350";"Bom Jesus de Goiás";"Não";"-";"Motociclistas";NA;NA;NA;1;NA;NA;NA;NA;NA;NA;1;NA;2;NA;NA;1;1;1;NA;NA;NA;1;2;1;NA
52;"GO";5203559;"520355";"Bonfinópolis";"Não";"Região Metropolitana de Goiânia";"Motociclistas";NA;NA;NA;NA;NA;NA;NA;NA;NA;1;NA;NA;NA;NA;NA;1;NA;NA;NA;1;NA;NA;NA;2;NA
52;"GO";5203575;"520357";"Bonópolis";"Não";"-";"Motociclistas";NA;NA;NA;NA;NA;NA;NA;NA;NA;NA;NA;NA;NA;NA;NA;NA;NA;NA;NA;NA;1;1;NA;1;NA
52;"GO";5203609;"520360";"Brazabrantes";"Não";"Região Metropolitana de Goiânia";"Motociclistas";NA;NA;NA;NA;NA;NA;NA;NA;NA;1;NA;NA;NA;NA;NA;1;1;NA;1;1;NA;NA;NA;NA;NA
52;"GO";5203807;"520380";"Britânia";"Não";"-";"Motociclistas";NA;NA;NA;NA;NA;NA;NA;NA;1;NA;NA;NA;NA;NA;NA;NA;1;NA;NA;NA;NA;1;NA;NA;NA
52;"GO";5203906;"520390";"Buriti Alegre";"Não";"-";"Motociclistas";NA;NA;NA;NA;NA;NA;NA;NA;NA;NA;NA;NA;NA;NA;1;NA;NA;1;1;NA;1;NA;NA;1;NA
52;"GO";5203939;"520393";"Buriti de Goiás";"Não";"-";"Motociclistas";NA;NA;NA;1;NA;NA;NA;NA;NA;NA;NA;NA;NA;NA;NA;NA;NA;NA;1;NA;NA;1;NA;NA;NA
52;"GO";5203962;"520396";"Buritinópolis";"Não";"-";"Motociclistas";NA;NA;NA;NA;NA;NA;NA;NA;NA;NA;NA;1;NA;NA;NA;NA;NA;NA;NA;NA;NA;NA;NA;NA;NA
52;"GO";5204003;"520400";"Cabeceiras";"Não";"Região Integrada de Desenvolvimento do Distrito Federal e Entorno";"Motociclistas";NA;NA;NA;NA;NA;NA;NA;NA;NA;NA;NA;NA;NA;NA;NA;NA;2;NA;2;1;NA;1;1;NA;NA
52;"GO";5204102;"520410";"Cachoeira Alta";"Não";"-";"Motociclistas";NA;NA;NA;NA;1;NA;NA;NA;NA;NA;NA;NA;NA;NA;NA;NA;2;4;1;NA;NA;NA;NA;NA;NA
52;"GO";5204250;"520425";"Cachoeira Dourada";"Não";"-";"Motociclistas";NA;NA;NA;NA;NA;NA;NA;NA;NA;1;NA;1;NA;NA;1;NA;NA;NA;2;1;1;1;NA;NA;NA
52;"GO";5204300;"520430";"Caçu";"Não";"-";"Motociclistas";NA;NA;NA;1;NA;NA;NA;NA;NA;NA;NA;NA;NA;NA;NA;NA;NA;1;NA;NA;2;NA;NA;NA;NA
52;"GO";5204409;"520440";"Caiapônia";"Não";"-";"Motociclistas";NA;NA;NA;NA;NA;NA;1;NA;2;1;1;4;3;1;NA;1;2;1;NA;NA;1;NA;2;NA;NA
52;"GO";5204508;"520450";"Caldas Novas";"Não";"-";"Motociclistas";NA;NA;NA;1;2;NA;1;NA;1;2;1;2;NA;2;5;3;3;7;7;5;11;10;4;3;NA
52;"GO";5204607;"520460";"Campestre de Goiás";"Não";"-";"Motociclistas";NA;NA;NA;NA;NA;NA;NA;NA;NA;NA;NA;NA;NA;NA;NA;NA;NA;NA;1;NA;NA;NA;1;1;NA
52;"GO";5204656;"520465";"Campinaçu";"Não";"-";"Motociclistas";NA;NA;NA;NA;NA;NA;NA;NA;NA;NA;NA;NA;NA;NA;2;2;NA;1;NA;NA;1;NA;NA;NA;NA
52;"GO";5204706;"520470";"Campinorte";"Não";"-";"Motociclistas";NA;NA;NA;NA;NA;NA;NA;NA;NA;NA;1;NA;1;1;1;NA;NA;NA;1;1;NA;NA;NA;2;NA
52;"GO";5204805;"520480";"Campo Alegre de Goiás";"Não";"-";"Motociclistas";NA;NA;NA;NA;NA;NA;NA;NA;NA;NA;NA;1;NA;1;1;NA;NA;1;2;NA;1;1;NA;NA;NA
52;"GO";5204854;"520485";"Campo Limpo de Goiás";"Não";"-";"Motociclistas";NA;NA;NA;NA;NA;NA;NA;NA;NA;NA;NA;NA;NA;NA;NA;1;NA;NA;NA;NA;NA;NA;NA;1;NA
52;"GO";5204904;"520490";"Campos Belos";"Não";"-";"Motociclistas";NA;1;NA;NA;1;NA;NA;1;2;NA;2;NA;1;2;2;3;NA;1;NA;1;NA;NA;NA;NA;NA
52;"GO";5204953;"520495";"Campos Verdes";"Não";"-";"Motociclistas";NA;NA;NA;NA;1;NA;1;NA;1;NA;1;1;2;1;NA;1;1;NA;NA;NA;NA;NA;NA;NA;NA
52;"GO";5205000;"520500";"Carmo do Rio Verde";"Não";"-";"Motociclistas";NA;NA;NA;NA;NA;NA;NA;NA;NA;2;NA;NA;1;NA;3;NA;NA;NA;1;NA;2;1;NA;3;NA
52;"GO";5205059;"520505";"Castelândia";"Não";"-";"Motociclistas";NA;NA;NA;NA;NA;NA;NA;NA;NA;NA;NA;NA;NA;NA;NA;NA;NA;NA;NA;NA;NA;NA;NA;NA;NA
52;"GO";5205109;"520510";"Catalão";"Não";"-";"Motociclistas";NA;NA;NA;2;1;NA;2;2;4;NA;2;3;2;4;4;3;4;9;7;3;6;6;8;7;NA
52;"GO";5205208;"520520";"Caturaí";"Não";"Região Metropolitana de Goiânia";"Motociclistas";NA;NA;NA;NA;NA;NA;NA;NA;NA;NA;NA;NA;NA;NA;NA;NA;NA;NA;NA;NA;NA;NA;1;NA;NA
52;"GO";5205307;"520530";"Cavalcante";"Não";"Região Integrada de Desenvolvimento do Distrito Federal e Entorno";"Motociclistas";NA;NA;NA;1;NA;NA;NA;NA;NA;NA;1;NA;1;NA;1;NA;NA;NA;NA;NA;NA;NA;NA;NA;NA
52;"GO";5205406;"520540";"Ceres";"Não";"-";"Motociclistas";NA;NA;2;2;2;NA;1;NA;1;NA;2;2;3;3;6;3;4;4;3;4;3;2;2;2;NA
52;"GO";5205455;"520545";"Cezarina";"Não";"-";"Motociclistas";NA;NA;NA;NA;1;NA;NA;NA;NA;NA;NA;NA;1;NA;1;1;1;1;1;1;NA;NA;1;2;NA
52;"GO";5205471;"520547";"Chapadão do Céu";"Não";"-";"Motociclistas";NA;NA;NA;NA;NA;NA;1;NA;NA;1;NA;1;NA;NA;1;NA;NA;1;NA;1;NA;NA;NA;NA;NA
52;"GO";5205497;"520549";"Cidade Ocidental";"Não";"Região Integrada de Desenvolvimento do Distrito Federal e Entorno";"Motociclistas";NA;NA;NA;NA;NA;NA;NA;NA;NA;1;NA;NA;2;3;1;3;NA;1;NA;1;2;1;NA;2;NA
52;"GO";5205513;"520551";"Cocalzinho de Goiás";"Não";"Região Integrada de Desenvolvimento do Distrito Federal e Entorno";"Motociclistas";NA;1;NA;NA;1;NA;NA;NA;NA;NA;NA;NA;1;2;4;2;2;NA;2;NA;1;NA;NA;NA;NA
52;"GO";5205521;"520552";"Colinas do Sul";"Não";"-";"Motociclistas";NA;NA;NA;NA;NA;NA;NA;NA;NA;NA;1;NA;NA;NA;NA;1;NA;NA;1;1;1;NA;1;2;NA
52;"GO";5205703;"520570";"Córrego do Ouro";"Não";"-";"Motociclistas";NA;NA;NA;NA;NA;NA;NA;NA;NA;NA;NA;NA;NA;NA;NA;NA;1;NA;NA;NA;NA;NA;NA;NA;NA
52;"GO";5205802;"520580";"Corumbá de Goiás";"Não";"Região Integrada de Desenvolvimento do Distrito Federal e Entorno";"Motociclistas";NA;NA;NA;NA;NA;NA;NA;NA;NA;NA;NA;NA;1;NA;NA;NA;1;NA;NA;1;NA;2;NA;NA;NA
52;"GO";5205901;"520590";"Corumbaíba";"Não";"-";"Motociclistas";NA;NA;1;NA;NA;NA;NA;NA;1;NA;1;NA;NA;NA;NA;NA;1;3;NA;NA;NA;2;1;NA;NA
52;"GO";5206206;"520620";"Cristalina";"Não";"Região Integrada de Desenvolvimento do Distrito Federal e Entorno";"Motociclistas";NA;NA;1;NA;NA;NA;1;NA;1;NA;NA;4;2;1;2;3;NA;NA;4;2;NA;2;NA;1;NA
52;"GO";5206305;"520630";"Cristianópolis";"Não";"-";"Motociclistas";NA;NA;NA;NA;NA;NA;NA;NA;NA;NA;NA;NA;NA;1;NA;1;NA;NA;NA;1;1;NA;NA;NA;NA
52;"GO";5206404;"520640";"Crixás";"Não";"-";"Motociclistas";NA;NA;NA;NA;1;1;NA;2;2;2;NA;NA;1;2;1;1;NA;2;1;1;1;4;3;NA;NA
52;"GO";5206503;"520650";"Cromínia";"Não";"-";"Motociclistas";NA;NA;NA;NA;NA;NA;NA;NA;NA;1;NA;NA;NA;NA;NA;NA;NA;1;NA;NA;NA;NA;1;1;NA
52;"GO";5206602;"520660";"Cumari";"Não";"-";"Motociclistas";NA;NA;NA;NA;1;NA;NA;1;NA;NA;NA;NA;NA;NA;NA;NA;NA;NA;NA;NA;1;NA;NA;NA;NA
52;"GO";5206701;"520670";"Damianópolis";"Não";"-";"Motociclistas";NA;NA;NA;NA;1;NA;NA;NA;NA;NA;NA;NA;NA;NA;1;1;NA;NA;NA;1;2;NA;NA;NA;NA
52;"GO";5206800;"520680";"Damolândia";"Não";"-";"Motociclistas";NA;NA;NA;NA;NA;NA;NA;NA;NA;1;NA;NA;NA;1;NA;NA;NA;NA;NA;NA;NA;NA;NA;1;NA
52;"GO";5206909;"520690";"Davinópolis";"Não";"-";"Motociclistas";NA;NA;NA;NA;NA;NA;NA;NA;NA;NA;NA;NA;NA;NA;NA;2;NA;NA;NA;NA;NA;NA;NA;NA;NA
52;"GO";5207105;"520710";"Diorama";"Não";"-";"Motociclistas";NA;NA;NA;NA;NA;NA;NA;NA;NA;NA;NA;NA;NA;1;NA;NA;NA;NA;NA;NA;NA;NA;NA;NA;NA
52;"GO";5207253;"520725";"Doverlândia";"Não";"-";"Motociclistas";NA;NA;NA;NA;NA;NA;NA;NA;NA;1;1;NA;NA;NA;NA;1;1;NA;NA;NA;NA;NA;1;1;NA
52;"GO";5207352;"520735";"Edealina";"Não";"-";"Motociclistas";NA;NA;NA;NA;NA;NA;NA;NA;NA;NA;NA;NA;NA;NA;1;NA;NA;NA;NA;NA;NA;NA;NA;NA;NA
52;"GO";5207402;"520740";"Edéia";"Não";"-";"Motociclistas";NA;NA;NA;NA;NA;NA;NA;NA;NA;NA;NA;1;NA;NA;NA;NA;NA;NA;NA;NA;NA;1;1;NA;NA
52;"GO";5207501;"520750";"Estrela do Norte";"Não";"-";"Motociclistas";NA;NA;NA;NA;NA;NA;NA;NA;NA;NA;NA;NA;NA;NA;NA;NA;1;NA;1;NA;NA;NA;NA;NA;NA
52;"GO";5207535;"520753";"Faina";"Não";"-";"Motociclistas";NA;NA;NA;NA;NA;NA;NA;NA;NA;NA;NA;NA;NA;NA;NA;NA;NA;1;NA;1;NA;NA;NA;NA;NA
52;"GO";5207600;"520760";"Fazenda Nova";"Não";"-";"Motociclistas";NA;NA;NA;NA;NA;1;NA;NA;NA;NA;NA;1;2;NA;NA;1;NA;NA;NA;NA;NA;NA;NA;NA;NA
52;"GO";5207808;"520780";"Firminópolis";"Não";"-";"Motociclistas";NA;NA;NA;NA;NA;NA;NA;NA;NA;1;1;NA;NA;NA;NA;NA;NA;NA;NA;NA;NA;NA;1;1;NA
52;"GO";5207907;"520790";"Flores de Goiás";"Não";"Região Integrada de Desenvolvimento do Distrito Federal e Entorno";"Motociclistas";NA;2;NA;NA;NA;1;NA;1;NA;1;NA;NA;1;1;4;1;1;3;1;1;2;1;2;1;NA
52;"GO";5208004;"520800";"Formosa";"Não";"Região Integrada de Desenvolvimento do Distrito Federal e Entorno";"Motociclistas";NA;1;NA;2;1;1;4;3;3;3;3;4;1;3;3;9;9;4;3;7;8;5;4;2;NA
52;"GO";5208103;"520810";"Formoso";"Não";"-";"Motociclistas";NA;NA;NA;NA;NA;NA;NA;NA;NA;NA;NA;NA;1;NA;NA;NA;NA;NA;1;NA;NA;NA;NA;NA;NA
52;"GO";5208152;"520815";"Gameleira de Goiás";"Não";"-";"Motociclistas";NA;NA;NA;NA;NA;NA;NA;NA;NA;NA;NA;NA;NA;NA;NA;NA;NA;NA;NA;NA;NA;NA;2;NA;NA
52;"GO";5208301;"520830";"Divinópolis de Goiás";"Não";"-";"Motociclistas";NA;NA;NA;NA;1;NA;NA;NA;NA;NA;NA;NA;1;NA;1;NA;NA;NA;NA;NA;NA;NA;NA;NA;NA
52;"GO";5208400;"520840";"Goianápolis";"Não";"Região Metropolitana de Goiânia";"Motociclistas";NA;NA;NA;NA;NA;NA;NA;NA;NA;NA;1;2;1;1;NA;1;1;NA;NA;NA;NA;NA;NA;2;NA
52;"GO";5208509;"520850";"Goiandira";"Não";"-";"Motociclistas";NA;NA;NA;NA;NA;NA;NA;NA;NA;1;NA;NA;NA;NA;NA;NA;NA;NA;NA;NA;NA;1;NA;NA;NA
52;"GO";5208608;"520860";"Goianésia";"Não";"Região Integrada de Desenvolvimento do Distrito Federal e Entorno";"Motociclistas";NA;2;1;NA;NA;1;2;NA;2;3;5;4;3;2;5;5;5;6;8;5;3;4;4;4;NA
52;"GO";5208707;"520870";"Goiânia";"Sim";"Região Metropolitana de Goiânia";"Motociclistas";31;40;49;32;59;91;101;126;123;140;139;126;147;113;130;115;129;150;145;143;99;115;107;140;NA
52;"GO";5208806;"520880";"Goianira";"Não";"Região Metropolitana de Goiânia";"Motociclistas";1;NA;NA;NA;NA;NA;NA;NA;NA;1;NA;2;1;NA;2;NA;4;2;2;8;1;2;5;5;NA
52;"GO";5208905;"520890";"Goiás";"Não";"-";"Motociclistas";NA;NA;1;NA;NA;1;1;NA;NA;NA;NA;2;2;3;NA;NA;2;NA;2;2;1;1;NA;2;NA
52;"GO";5209101;"520910";"Goiatuba";"Não";"-";"Motociclistas";1;NA;NA;NA;NA;NA;NA;NA;2;2;1;NA;NA;NA;NA;2;NA;NA;1;1;NA;1;3;3;NA
52;"GO";5209150;"520915";"Gouvelândia";"Não";"-";"Motociclistas";NA;NA;NA;NA;NA;NA;NA;NA;NA;NA;NA;NA;NA;NA;NA;NA;NA;1;1;NA;NA;1;NA;NA;NA
52;"GO";5209200;"520920";"Guapó";"Não";"Região Metropolitana de Goiânia";"Motociclistas";NA;NA;NA;NA;NA;1;NA;NA;NA;NA;NA;1;NA;1;1;NA;2;NA;NA;2;NA;NA;2;NA;NA
52;"GO";5209291;"520929";"Guaraíta";"Não";"-";"Motociclistas";NA;NA;NA;NA;NA;NA;NA;NA;NA;NA;NA;NA;NA;NA;NA;NA;NA;NA;NA;NA;NA;NA;NA;NA;NA
52;"GO";5209408;"520940";"Guarani de Goiás";"Não";"-";"Motociclistas";NA;NA;NA;NA;1;NA;NA;NA;NA;NA;NA;NA;NA;NA;NA;NA;1;1;NA;NA;NA;NA;NA;NA;NA
52;"GO";5209457;"520945";"Guarinos";"Não";"-";"Motociclistas";NA;NA;NA;NA;NA;NA;NA;NA;NA;NA;NA;NA;NA;NA;NA;NA;1;NA;NA;NA;NA;NA;NA;NA;NA
52;"GO";5209606;"520960";"Heitoraí";"Não";"-";"Motociclistas";NA;NA;NA;NA;NA;NA;NA;NA;NA;NA;NA;NA;NA;NA;NA;NA;NA;NA;NA;NA;NA;NA;NA;1;NA
52;"GO";5209705;"520970";"Hidrolândia";"Não";"Região Metropolitana de Goiânia";"Motociclistas";NA;NA;NA;NA;NA;NA;NA;NA;NA;NA;NA;NA;1;2;NA;1;1;1;NA;2;NA;1;3;4;NA
52;"GO";5209804;"520980";"Hidrolina";"Não";"-";"Motociclistas";NA;NA;NA;NA;NA;NA;NA;NA;NA;1;NA;NA;NA;NA;1;NA;1;NA;1;NA;NA;NA;NA;NA;NA
52;"GO";5209903;"520990";"Iaciara";"Não";"-";"Motociclistas";NA;NA;NA;NA;1;NA;NA;1;1;NA;NA;2;NA;1;2;1;NA;1;2;1;1;NA;5;NA;NA
52;"GO";5209937;"520993";"Inaciolândia";"Não";"-";"Motociclistas";NA;NA;NA;NA;NA;NA;NA;NA;NA;NA;NA;1;NA;NA;2;NA;2;NA;NA;1;NA;1;NA;NA;NA
52;"GO";5209952;"520995";"Indiara";"Não";"-";"Motociclistas";NA;NA;NA;2;NA;NA;NA;NA;NA;NA;NA;NA;2;3;1;1;1;NA;NA;3;1;4;1;1;NA
52;"GO";5210000;"521000";"Inhumas";"Não";"Região Metropolitana de Goiânia";"Motociclistas";NA;NA;NA;NA;NA;NA;NA;1;1;2;1;1;1;3;1;4;NA;3;2;3;2;3;3;4;NA
52;"GO";5210109;"521010";"Ipameri";"Não";"-";"Motociclistas";NA;NA;1;1;1;1;NA;NA;NA;NA;NA;NA;NA;1;NA;NA;NA;NA;2;2;1;3;2;1;NA
52;"GO";5210158;"521015";"Ipiranga de Goiás";"Não";"-";"Motociclistas";NA;NA;NA;NA;NA;NA;NA;NA;NA;NA;NA;NA;NA;NA;1;NA;NA;1;1;NA;NA;NA;NA;NA;NA
52;"GO";5210208;"521020";"Iporá";"Não";"-";"Motociclistas";NA;NA;NA;NA;NA;NA;NA;1;NA;NA;2;1;1;1;4;2;1;NA;NA;5;3;4;4;1;NA
52;"GO";5210307;"521030";"Israelândia";"Não";"-";"Motociclistas";NA;NA;NA;NA;NA;NA;NA;NA;1;NA;1;NA;NA;NA;1;NA;NA;NA;NA;NA;NA;NA;NA;NA;NA
52;"GO";5210406;"521040";"Itaberaí";"Não";"-";"Motociclistas";NA;NA;NA;NA;NA;NA;1;NA;NA;NA;1;2;2;1;1;1;1;NA;3;3;2;2;1;2;NA
52;"GO";5210562;"521056";"Itaguari";"Não";"-";"Motociclistas";NA;NA;NA;NA;NA;NA;1;NA;NA;NA;NA;NA;NA;NA;NA;NA;NA;NA;NA;1;NA;NA;NA;NA;NA
52;"GO";5210604;"521060";"Itaguaru";"Não";"-";"Motociclistas";NA;NA;NA;NA;NA;NA;NA;NA;NA;NA;NA;NA;NA;NA;NA;NA;NA;NA;NA;NA;NA;NA;NA;NA;NA
52;"GO";5210802;"521080";"Itajá";"Não";"-";"Motociclistas";NA;NA;NA;NA;1;NA;NA;NA;NA;NA;NA;NA;NA;NA;NA;NA;NA;NA;NA;NA;NA;NA;NA;NA;NA
52;"GO";5210901;"521090";"Itapaci";"Não";"-";"Motociclistas";NA;NA;NA;1;1;NA;NA;2;1;1;1;2;1;1;NA;2;1;1;2;1;1;1;2;1;NA
52;"GO";5211008;"521100";"Itapirapuã";"Não";"-";"Motociclistas";NA;NA;NA;1;NA;1;NA;NA;2;NA;NA;NA;NA;NA;1;NA;1;NA;NA;1;NA;NA;NA;NA;NA
52;"GO";5211206;"521120";"Itapuranga";"Não";"-";"Motociclistas";NA;NA;NA;1;1;1;NA;NA;NA;1;NA;NA;NA;NA;2;1;1;NA;1;NA;2;NA;NA;NA;NA
52;"GO";5211305;"521130";"Itarumã";"Não";"-";"Motociclistas";NA;NA;NA;NA;NA;NA;NA;NA;NA;NA;NA;NA;NA;NA;NA;1;1;NA;1;NA;1;NA;NA;NA;NA
52;"GO";5211404;"521140";"Itauçu";"Não";"-";"Motociclistas";NA;NA;NA;NA;NA;NA;NA;NA;NA;NA;NA;1;NA;NA;NA;NA;2;NA;1;1;1;NA;NA;1;NA
52;"GO";5211503;"521150";"Itumbiara";"Não";"-";"Motociclistas";2;1;1;2;3;NA;3;3;3;2;NA;4;3;4;5;NA;9;3;4;7;5;10;11;4;NA
52;"GO";5211602;"521160";"Ivolândia";"Não";"-";"Motociclistas";NA;NA;NA;NA;NA;NA;NA;NA;NA;1;NA;NA;NA;NA;NA;NA;NA;NA;NA;NA;NA;NA;NA;NA;NA
52;"GO";5211701;"521170";"Jandaia";"Não";"-";"Motociclistas";NA;NA;NA;NA;NA;NA;NA;NA;NA;1;NA;NA;NA;1;NA;2;NA;NA;NA;NA;NA;NA;NA;1;NA
52;"GO";5211800;"521180";"Jaraguá";"Não";"-";"Motociclistas";NA;NA;2;NA;1;NA;2;NA;NA;1;2;2;1;1;NA;4;4;2;1;NA;1;NA;2;1;NA
52;"GO";5211909;"521190";"Jataí";"Não";"-";"Motociclistas";1;2;6;4;2;4;6;4;7;10;2;4;13;11;11;12;6;8;4;7;3;2;14;7;NA
52;"GO";5212006;"521200";"Jaupaci";"Não";"-";"Motociclistas";NA;NA;NA;NA;NA;NA;NA;NA;NA;NA;NA;NA;NA;1;NA;NA;2;NA;NA;NA;NA;NA;NA;NA;NA
52;"GO";5212055;"521205";"Jesúpolis";"Não";"-";"Motociclistas";NA;NA;NA;NA;NA;NA;NA;NA;NA;NA;NA;NA;NA;NA;NA;1;NA;NA;NA;NA;NA;NA;NA;NA;NA
52;"GO";5212105;"521210";"Joviânia";"Não";"-";"Motociclistas";NA;NA;NA;NA;NA;NA;2;1;NA;NA;3;NA;NA;NA;1;NA;NA;1;NA;NA;NA;1;NA;NA;NA
52;"GO";5212204;"521220";"Jussara";"Não";"-";"Motociclistas";NA;NA;NA;NA;NA;NA;1;NA;NA;NA;1;NA;5;1;NA;NA;NA;1;NA;1;NA;1;1;NA;NA
52;"GO";5212303;"521230";"Leopoldo de Bulhões";"Não";"-";"Motociclistas";NA;NA;1;NA;NA;NA;NA;NA;NA;NA;NA;NA;1;3;NA;1;1;NA;NA;1;NA;NA;1;2;NA
52;"GO";5212501;"521250";"Luziânia";"Não";"Região Integrada de Desenvolvimento do Distrito Federal e Entorno";"Motociclistas";NA;NA;NA;NA;NA;2;2;4;2;1;3;3;3;3;1;3;7;1;1;3;2;4;5;6;NA
52;"GO";5212600;"521260";"Mairipotaba";"Não";"-";"Motociclistas";NA;NA;NA;NA;NA;NA;NA;NA;NA;1;2;NA;NA;NA;NA;1;1;NA;NA;NA;NA;NA;1;NA;NA
52;"GO";5212709;"521270";"Mambaí";"Não";"-";"Motociclistas";NA;NA;NA;NA;NA;1;NA;NA;NA;NA;1;NA;1;NA;NA;1;NA;NA;1;3;NA;NA;1;NA;NA
52;"GO";5212808;"521280";"Mara Rosa";"Não";"-";"Motociclistas";NA;NA;NA;NA;1;NA;NA;NA;NA;NA;NA;1;2;NA;1;1;NA;1;1;NA;NA;2;NA;NA;NA
52;"GO";5212907;"521290";"Marzagão";"Não";"-";"Motociclistas";NA;NA;NA;NA;NA;NA;NA;NA;1;NA;NA;NA;NA;NA;NA;NA;NA;NA;NA;NA;1;NA;1;NA;NA
52;"GO";5212956;"521295";"Matrinchã";"Não";"-";"Motociclistas";NA;NA;NA;NA;NA;1;NA;NA;NA;NA;NA;NA;1;NA;NA;NA;NA;NA;NA;NA;NA;NA;NA;NA;NA
52;"GO";5213004;"521300";"Maurilândia";"Não";"-";"Motociclistas";NA;NA;NA;NA;NA;NA;NA;NA;NA;NA;NA;NA;NA;NA;NA;NA;NA;NA;1;NA;4;NA;NA;1;NA
52;"GO";5213053;"521305";"Mimoso de Goiás";"Não";"Região Integrada de Desenvolvimento do Distrito Federal e Entorno";"Motociclistas";NA;NA;NA;NA;NA;NA;NA;NA;NA;NA;NA;NA;1;NA;NA;NA;NA;NA;NA;NA;NA;NA;NA;NA;NA
52;"GO";5213087;"521308";"Minaçu";"Não";"-";"Motociclistas";1;1;NA;NA;1;3;NA;3;3;1;2;3;2;1;NA;2;2;NA;3;2;NA;1;1;1;NA
52;"GO";5213103;"521310";"Mineiros";"Não";"-";"Motociclistas";NA;NA;NA;NA;NA;1;1;1;2;1;5;4;8;5;3;6;5;3;5;3;2;3;3;3;NA
52;"GO";5213400;"521340";"Moiporá";"Não";"-";"Motociclistas";NA;NA;NA;NA;NA;1;NA;NA;NA;NA;NA;NA;NA;NA;NA;NA;NA;NA;NA;NA;NA;NA;NA;NA;NA
52;"GO";5213509;"521350";"Monte Alegre de Goiás";"Não";"-";"Motociclistas";NA;NA;NA;NA;1;NA;NA;NA;NA;NA;NA;NA;NA;1;NA;1;1;2;NA;NA;NA;NA;NA;NA;NA
52;"GO";5213707;"521370";"Montes Claros de Goiás";"Não";"-";"Motociclistas";NA;NA;NA;NA;NA;NA;NA;NA;NA;NA;NA;NA;NA;NA;NA;1;2;1;1;NA;NA;3;NA;1;NA
52;"GO";5213756;"521375";"Montividiu";"Não";"-";"Motociclistas";NA;NA;NA;NA;NA;NA;NA;NA;NA;NA;NA;NA;NA;NA;NA;NA;1;NA;NA;NA;3;1;1;2;NA
52;"GO";5213772;"521377";"Montividiu do Norte";"Não";"-";"Motociclistas";NA;NA;NA;NA;NA;NA;NA;NA;NA;NA;2;NA;NA;NA;1;NA;NA;1;NA;NA;NA;NA;NA;NA;NA
52;"GO";5213806;"521380";"Morrinhos";"Não";"-";"Motociclistas";NA;NA;NA;1;NA;NA;NA;NA;5;1;1;2;1;2;1;NA;2;1;1;3;1;1;1;NA;NA
52;"GO";5213855;"521385";"Morro Agudo de Goiás";"Não";"-";"Motociclistas";NA;NA;NA;NA;NA;NA;NA;NA;NA;NA;NA;NA;NA;NA;NA;NA;NA;NA;NA;NA;NA;NA;NA;NA;NA
52;"GO";5213905;"521390";"Mossâmedes";"Não";"-";"Motociclistas";NA;NA;NA;NA;NA;1;NA;NA;NA;NA;NA;NA;NA;NA;NA;NA;NA;NA;NA;NA;NA;1;NA;NA;NA
52;"GO";5214002;"521400";"Mozarlândia";"Não";"-";"Motociclistas";NA;NA;NA;NA;NA;NA;NA;NA;2;NA;NA;NA;NA;1;NA;NA;NA;2;NA;1;1;2;NA;NA;NA
52;"GO";5214051;"521405";"Mundo Novo";"Não";"-";"Motociclistas";2;NA;NA;NA;NA;NA;NA;NA;2;NA;1;NA;NA;1;NA;NA;1;NA;2;1;NA;5;NA;2;NA
52;"GO";5214101;"521410";"Mutunópolis";"Não";"-";"Motociclistas";NA;NA;NA;NA;NA;NA;NA;NA;NA;NA;NA;NA;NA;NA;NA;NA;1;1;1;NA;NA;NA;NA;NA;NA
52;"GO";5214408;"521440";"Nazário";"Não";"-";"Motociclistas";NA;NA;NA;NA;NA;NA;NA;NA;NA;NA;NA;NA;NA;NA;1;2;NA;1;NA;NA;NA;NA;1;NA;NA
52;"GO";5214507;"521450";"Nerópolis";"Não";"Região Metropolitana de Goiânia";"Motociclistas";NA;2;NA;NA;NA;NA;NA;NA;1;NA;1;NA;NA;NA;1;1;1;1;3;1;1;3;1;NA;NA
52;"GO";5214606;"521460";"Niquelândia";"Não";"Região Integrada de Desenvolvimento do Distrito Federal e Entorno";"Motociclistas";NA;NA;2;NA;1;1;NA;NA;NA;NA;5;1;2;1;2;2;NA;2;4;3;2;5;3;2;NA
52;"GO";5214705;"521470";"Nova América";"Não";"-";"Motociclistas";NA;NA;NA;NA;NA;NA;NA;NA;NA;NA;NA;NA;NA;NA;1;NA;NA;1;2;1;1;NA;NA;1;NA
52;"GO";5214804;"521480";"Nova Aurora";"Não";"-";"Motociclistas";NA;NA;NA;NA;1;NA;NA;NA;NA;NA;NA;NA;NA;NA;NA;1;NA;NA;NA;NA;NA;NA;NA;NA;NA
52;"GO";5214838;"521483";"Nova Crixás";"Não";"-";"Motociclistas";NA;NA;NA;NA;NA;1;NA;1;NA;NA;NA;1;NA;NA;1;2;NA;1;NA;NA;NA;NA;2;5;NA
52;"GO";5214861;"521486";"Nova Glória";"Não";"-";"Motociclistas";NA;NA;NA;NA;1;NA;1;NA;NA;NA;3;NA;NA;NA;NA;NA;1;NA;NA;NA;NA;2;NA;NA;NA
52;"GO";5214879;"521487";"Nova Iguaçu de Goiás";"Não";"-";"Motociclistas";NA;NA;NA;NA;NA;NA;NA;NA;NA;NA;NA;NA;NA;NA;NA;NA;NA;NA;NA;NA;NA;1;2;NA;NA
52;"GO";5214903;"521490";"Nova Roma";"Não";"-";"Motociclistas";NA;NA;NA;NA;NA;NA;NA;NA;NA;NA;NA;NA;NA;1;NA;1;NA;NA;NA;NA;NA;NA;NA;NA;NA
52;"GO";5215009;"521500";"Nova Veneza";"Não";"Região Metropolitana de Goiânia";"Motociclistas";NA;NA;NA;NA;NA;NA;NA;NA;NA;NA;NA;NA;NA;NA;1;NA;1;1;1;NA;1;NA;NA;NA;NA
52;"GO";5215207;"521520";"Novo Brasil";"Não";"-";"Motociclistas";NA;NA;1;NA;NA;NA;NA;NA;NA;NA;NA;NA;NA;1;NA;NA;NA;NA;NA;NA;NA;NA;NA;NA;NA
52;"GO";5215231;"521523";"Novo Gama";"Não";"Região Integrada de Desenvolvimento do Distrito Federal e Entorno";"Motociclistas";NA;NA;NA;NA;NA;NA;NA;NA;1;NA;NA;NA;NA;NA;NA;NA;NA;NA;1;NA;NA;NA;2;3;NA
52;"GO";5215256;"521525";"Novo Planalto";"Não";"-";"Motociclistas";NA;NA;NA;NA;NA;NA;NA;NA;NA;NA;NA;NA;NA;2;1;NA;NA;NA;NA;NA;2;NA;NA;NA;NA
52;"GO";5215306;"521530";"Orizona";"Não";"-";"Motociclistas";NA;NA;NA;NA;1;NA;NA;NA;2;1;NA;NA;1;1;NA;NA;NA;NA;NA;NA;NA;NA;NA;NA;NA
52;"GO";5215405;"521540";"Ouro Verde de Goiás";"Não";"-";"Motociclistas";NA;NA;NA;NA;NA;NA;NA;2;NA;NA;NA;NA;NA;NA;NA;NA;NA;NA;NA;NA;NA;NA;NA;NA;NA
52;"GO";5215504;"521550";"Ouvidor";"Não";"-";"Motociclistas";NA;NA;1;NA;NA;NA;NA;NA;NA;1;NA;1;NA;NA;NA;NA;1;NA;NA;NA;NA;1;NA;NA;NA
52;"GO";5215603;"521560";"Padre Bernardo";"Não";"Região Integrada de Desenvolvimento do Distrito Federal e Entorno";"Motociclistas";NA;NA;NA;NA;NA;1;NA;NA;1;2;1;2;NA;1;NA;NA;NA;NA;NA;1;1;NA;1;NA;NA
52;"GO";5215652;"521565";"Palestina de Goiás";"Não";"-";"Motociclistas";NA;NA;NA;NA;NA;NA;NA;NA;NA;NA;1;NA;NA;NA;NA;NA;NA;NA;NA;NA;NA;NA;NA;NA;NA
52;"GO";5215702;"521570";"Palmeiras de Goiás";"Não";"-";"Motociclistas";NA;NA;1;NA;NA;NA;NA;NA;1;1;NA;NA;NA;NA;1;4;NA;1;2;1;NA;NA;1;2;NA
52;"GO";5215801;"521580";"Palmelo";"Não";"-";"Motociclistas";NA;NA;NA;NA;NA;NA;NA;NA;NA;NA;NA;NA;NA;1;NA;NA;NA;NA;NA;NA;NA;NA;NA;NA;NA
52;"GO";5215900;"521590";"Palminópolis";"Não";"-";"Motociclistas";NA;NA;NA;NA;NA;1;NA;NA;NA;NA;1;NA;NA;NA;NA;NA;NA;NA;NA;NA;NA;NA;NA;NA;NA
52;"GO";5216007;"521600";"Panamá";"Não";"-";"Motociclistas";NA;NA;NA;NA;NA;NA;NA;NA;NA;NA;NA;NA;NA;NA;NA;NA;NA;NA;NA;NA;1;NA;NA;NA;NA
52;"GO";5216304;"521630";"Paranaiguara";"Não";"-";"Motociclistas";NA;NA;NA;NA;NA;NA;NA;NA;NA;NA;NA;NA;NA;NA;NA;NA;NA;NA;1;NA;NA;NA;NA;NA;NA
52;"GO";5216403;"521640";"Paraúna";"Não";"-";"Motociclistas";1;NA;NA;NA;1;NA;4;NA;NA;NA;NA;NA;NA;1;NA;NA;1;2;1;NA;NA;NA;1;2;NA
52;"GO";5216452;"521645";"Perolândia";"Não";"-";"Motociclistas";NA;NA;NA;NA;NA;NA;NA;NA;NA;NA;NA;NA;NA;NA;NA;NA;NA;NA;NA;NA;NA;NA;NA;NA;NA
52;"GO";5216809;"521680";"Petrolina de Goiás";"Não";"-";"Motociclistas";1;NA;NA;NA;1;NA;NA;NA;3;NA;2;NA;NA;1;1;NA;NA;NA;NA;NA;1;NA;NA;1;NA
52;"GO";5216908;"521690";"Pilar de Goiás";"Não";"-";"Motociclistas";NA;NA;NA;NA;1;NA;1;NA;NA;NA;NA;NA;NA;NA;NA;NA;NA;NA;1;2;NA;NA;1;NA;NA
52;"GO";5217104;"521710";"Piracanjuba";"Não";"-";"Motociclistas";NA;NA;NA;NA;1;NA;2;NA;NA;1;NA;2;1;NA;NA;NA;NA;2;1;1;2;NA;NA;2;NA
52;"GO";5217203;"521720";"Piranhas";"Não";"-";"Motociclistas";NA;NA;NA;NA;NA;NA;1;NA;NA;NA;NA;NA;1;1;NA;1;NA;NA;1;NA;NA;1;2;2;NA
52;"GO";5217302;"521730";"Pirenópolis";"Não";"Região Integrada de Desenvolvimento do Distrito Federal e Entorno";"Motociclistas";NA;1;1;2;NA;NA;NA;1;NA;1;2;2;NA;2;1;NA;2;2;1;NA;1;3;1;2;NA
52;"GO";5217401;"521740";"Pires do Rio";"Não";"-";"Motociclistas";NA;1;NA;NA;NA;1;NA;NA;NA;NA;NA;NA;3;NA;NA;1;NA;1;2;1;5;1;3;NA;NA
52;"GO";5217609;"521760";"Planaltina";"Não";"Região Integrada de Desenvolvimento do Distrito Federal e Entorno";"Motociclistas";NA;NA;1;1;1;3;NA;NA;1;1;NA;NA;3;1;1;1;5;1;NA;3;2;3;NA;1;NA
52;"GO";5217708;"521770";"Pontalina";"Não";"-";"Motociclistas";NA;NA;1;NA;NA;NA;NA;NA;1;1;2;NA;NA;1;NA;NA;NA;1;NA;NA;NA;NA;NA;NA;NA
52;"GO";5218003;"521800";"Porangatu";"Não";"-";"Motociclistas";NA;NA;1;1;NA;1;NA;1;1;1;NA;1;1;2;3;5;2;1;1;4;1;5;1;6;NA
52;"GO";5218052;"521805";"Porteirão";"Não";"-";"Motociclistas";NA;NA;NA;NA;NA;NA;NA;NA;NA;NA;NA;NA;NA;NA;NA;NA;NA;NA;NA;NA;NA;NA;NA;NA;NA
52;"GO";5218102;"521810";"Portelândia";"Não";"-";"Motociclistas";NA;NA;NA;NA;NA;NA;NA;NA;1;NA;NA;1;NA;2;NA;1;2;NA;NA;NA;NA;NA;NA;1;NA
52;"GO";5218300;"521830";"Posse";"Não";"-";"Motociclistas";NA;NA;NA;NA;1;NA;NA;NA;2;NA;NA;1;NA;3;1;1;1;1;NA;1;2;3;1;1;NA
52;"GO";5218391;"521839";"Professor Jamil";"Não";"-";"Motociclistas";NA;NA;NA;NA;NA;2;NA;NA;NA;NA;NA;NA;1;1;NA;NA;NA;NA;NA;NA;NA;NA;NA;NA;NA
52;"GO";5218508;"521850";"Quirinópolis";"Não";"-";"Motociclistas";NA;NA;2;1;1;1;1;NA;NA;NA;NA;3;1;NA;1;2;4;2;4;1;1;NA;2;NA;NA
52;"GO";5218607;"521860";"Rialma";"Não";"-";"Motociclistas";1;NA;NA;NA;NA;NA;NA;NA;NA;NA;NA;NA;NA;NA;2;NA;2;1;1;1;NA;NA;1;1;NA
52;"GO";5218706;"521870";"Rianápolis";"Não";"-";"Motociclistas";NA;NA;NA;1;NA;NA;NA;NA;NA;NA;NA;NA;NA;NA;NA;NA;NA;NA;NA;3;NA;NA;NA;NA;NA
52;"GO";5218789;"521878";"Rio Quente";"Não";"-";"Motociclistas";NA;NA;NA;NA;NA;NA;NA;NA;NA;NA;NA;NA;NA;NA;1;NA;NA;NA;1;NA;NA;NA;NA;NA;NA
52;"GO";5218805;"521880";"Rio Verde";"Não";"-";"Motociclistas";NA;1;NA;1;NA;1;2;NA;NA;3;6;3;2;NA;9;7;7;7;10;8;9;9;9;6;NA
52;"GO";5218904;"521890";"Rubiataba";"Não";"-";"Motociclistas";NA;NA;NA;NA;NA;NA;NA;NA;NA;NA;NA;4;1;1;1;1;NA;NA;NA;2;3;NA;1;1;NA
52;"GO";5219001;"521900";"Sanclerlândia";"Não";"-";"Motociclistas";NA;NA;NA;NA;NA;NA;NA;NA;NA;NA;NA;NA;NA;NA;NA;NA;NA;NA;2;2;NA;NA;NA;NA;NA
52;"GO";5219100;"521910";"Santa Bárbara de Goiás";"Não";"Região Metropolitana de Goiânia";"Motociclistas";NA;NA;NA;NA;NA;NA;NA;NA;NA;NA;NA;NA;1;1;1;NA;NA;NA;1;NA;2;NA;1;NA;NA
52;"GO";5219209;"521920";"Santa Cruz de Goiás";"Não";"-";"Motociclistas";NA;NA;NA;NA;NA;NA;NA;NA;NA;NA;1;NA;NA;NA;NA;1;NA;NA;NA;NA;1;NA;NA;1;NA
52;"GO";5219258;"521925";"Santa Fé de Goiás";"Não";"-";"Motociclistas";NA;NA;1;NA;NA;NA;1;NA;NA;NA;1;NA;NA;NA;NA;NA;NA;2;1;NA;NA;NA;NA;2;NA
52;"GO";5219308;"521930";"Santa Helena de Goiás";"Não";"-";"Motociclistas";NA;1;1;1;2;NA;2;1;NA;NA;NA;NA;1;4;3;NA;11;8;10;14;13;16;15;15;NA
52;"GO";5219357;"521935";"Santa Isabel";"Não";"-";"Motociclistas";NA;NA;NA;NA;NA;NA;NA;NA;NA;NA;NA;NA;NA;NA;1;NA;1;NA;NA;1;1;NA;NA;1;NA
52;"GO";5219407;"521940";"Santa Rita do Araguaia";"Não";"-";"Motociclistas";NA;NA;NA;NA;NA;NA;NA;NA;NA;NA;1;NA;NA;1;NA;NA;3;NA;1;NA;NA;NA;NA;NA;NA
52;"GO";5219456;"521945";"Santa Rita do Novo Destino";"Não";"-";"Motociclistas";NA;NA;NA;NA;NA;NA;NA;NA;NA;NA;NA;NA;1;NA;1;NA;NA;NA;NA;NA;NA;NA;NA;NA;NA
52;"GO";5219506;"521950";"Santa Rosa de Goiás";"Não";"-";"Motociclistas";NA;NA;NA;NA;NA;NA;NA;NA;NA;NA;NA;NA;NA;NA;NA;NA;NA;1;1;NA;NA;NA;NA;NA;NA
52;"GO";5219605;"521960";"Santa Tereza de Goiás";"Não";"-";"Motociclistas";NA;NA;NA;NA;NA;NA;NA;NA;NA;NA;2;NA;NA;1;NA;1;NA;NA;NA;NA;NA;1;NA;NA;NA
52;"GO";5219704;"521970";"Santa Terezinha de Goiás";"Não";"-";"Motociclistas";NA;NA;1;NA;NA;3;2;2;NA;NA;1;1;1;1;1;3;4;NA;1;1;2;1;2;3;NA
52;"GO";5219712;"521971";"Santo Antônio da Barra";"Não";"-";"Motociclistas";NA;NA;NA;NA;NA;NA;NA;NA;NA;NA;NA;NA;NA;NA;NA;NA;NA;NA;1;NA;NA;NA;NA;1;NA
52;"GO";5219738;"521973";"Santo Antônio de Goiás";"Não";"Região Metropolitana de Goiânia";"Motociclistas";NA;NA;NA;NA;NA;NA;NA;NA;NA;NA;NA;NA;NA;2;1;1;1;NA;NA;2;NA;1;1;NA;NA
52;"GO";5219753;"521975";"Santo Antônio do Descoberto";"Não";"Região Integrada de Desenvolvimento do Distrito Federal e Entorno";"Motociclistas";NA;NA;NA;NA;1;NA;NA;1;NA;1;NA;NA;NA;2;2;NA;NA;NA;NA;1;1;1;NA;NA;NA
52;"GO";5219803;"521980";"São Domingos";"Não";"-";"Motociclistas";NA;NA;NA;NA;NA;NA;NA;1;1;NA;NA;NA;NA;3;1;NA;NA;2;NA;NA;3;NA;NA;NA;NA
52;"GO";5219902;"521990";"São Francisco de Goiás";"Não";"-";"Motociclistas";NA;NA;NA;NA;NA;NA;NA;NA;1;2;NA;1;NA;1;NA;NA;NA;NA;NA;NA;NA;1;NA;1;NA
52;"GO";5220009;"522000";"São João d'Aliança";"Não";"Região Integrada de Desenvolvimento do Distrito Federal e Entorno";"Motociclistas";NA;NA;NA;NA;NA;NA;1;NA;1;NA;NA;NA;2;NA;1;2;NA;NA;1;2;NA;1;NA;1;NA
52;"GO";5220108;"522010";"São Luís de Montes Belos";"Não";"-";"Motociclistas";NA;NA;NA;NA;NA;NA;NA;NA;2;1;5;NA;NA;1;1;3;3;NA;NA;NA;3;1;4;2;NA
52;"GO";5220157;"522015";"São Luiz do Norte";"Não";"-";"Motociclistas";NA;NA;NA;NA;NA;NA;1;NA;2;NA;1;NA;2;NA;2;NA;NA;NA;NA;1;1;NA;2;NA;NA
52;"GO";5220207;"522020";"São Miguel do Araguaia";"Não";"-";"Motociclistas";NA;NA;NA;NA;1;1;NA;1;3;1;3;NA;NA;5;1;2;NA;1;3;2;4;2;NA;6;NA
52;"GO";5220264;"522026";"São Miguel do Passa Quatro";"Não";"-";"Motociclistas";NA;1;NA;NA;NA;NA;NA;NA;NA;NA;NA;NA;NA;NA;NA;NA;NA;NA;NA;NA;NA;1;NA;NA;NA
52;"GO";5220280;"522028";"São Patrício";"Não";"-";"Motociclistas";NA;NA;NA;NA;NA;NA;NA;NA;NA;NA;NA;NA;NA;NA;NA;NA;NA;NA;NA;NA;NA;NA;NA;NA;NA
52;"GO";5220405;"522040";"São Simão";"Não";"-";"Motociclistas";NA;NA;NA;NA;NA;1;NA;NA;NA;NA;2;NA;1;NA;2;NA;2;4;1;1;1;1;1;NA;NA
52;"GO";5220454;"522045";"Senador Canedo";"Não";"Região Metropolitana de Goiânia";"Motociclistas";NA;NA;NA;NA;1;NA;NA;NA;NA;NA;1;1;1;2;1;8;8;1;5;6;4;4;4;7;NA
52;"GO";5220504;"522050";"Serranópolis";"Não";"-";"Motociclistas";NA;NA;NA;1;NA;NA;NA;NA;NA;1;3;NA;1;NA;NA;NA;NA;NA;NA;NA;NA;NA;1;NA;NA
52;"GO";5220603;"522060";"Silvânia";"Não";"-";"Motociclistas";1;2;NA;NA;1;NA;NA;NA;NA;NA;NA;NA;1;NA;3;NA;NA;2;NA;NA;NA;NA;NA;1;NA
52;"GO";5220686;"522068";"Simolândia";"Não";"Região Integrada de Desenvolvimento do Distrito Federal e Entorno";"Motociclistas";NA;NA;NA;NA;1;NA;NA;NA;NA;NA;NA;1;NA;NA;1;NA;NA;NA;NA;NA;3;NA;NA;NA;NA
52;"GO";5220702;"522070";"Sítio d'Abadia";"Não";"-";"Motociclistas";NA;NA;1;NA;1;NA;NA;NA;NA;NA;NA;NA;NA;NA;NA;NA;NA;NA;NA;NA;NA;NA;NA;NA;NA
52;"GO";5221007;"522100";"Taquaral de Goiás";"Não";"-";"Motociclistas";NA;NA;NA;NA;NA;NA;NA;NA;NA;NA;NA;NA;NA;NA;NA;1;NA;NA;NA;NA;2;NA;NA;NA;NA
52;"GO";5221080;"522108";"Teresina de Goiás";"Não";"-";"Motociclistas";NA;NA;NA;NA;NA;NA;NA;NA;NA;NA;NA;NA;NA;NA;NA;7;1;1;NA;NA;NA;NA;NA;NA;NA
52;"GO";5221197;"522119";"Terezópolis de Goiás";"Não";"Região Metropolitana de Goiânia";"Motociclistas";NA;NA;NA;NA;NA;NA;NA;NA;NA;NA;NA;2;NA;NA;NA;NA;1;NA;NA;NA;NA;NA;1;NA;NA
52;"GO";5221304;"522130";"Três Ranchos";"Não";"-";"Motociclistas";NA;1;NA;NA;NA;NA;NA;NA;NA;NA;NA;NA;NA;NA;NA;NA;NA;NA;1;NA;NA;NA;1;NA;NA
52;"GO";5221403;"522140";"Trindade";"Não";"Região Metropolitana de Goiânia";"Motociclistas";NA;1;NA;NA;NA;NA;NA;NA;NA;NA;NA;NA;NA;4;5;3;8;4;10;1;3;8;4;5;NA
52;"GO";5221452;"522145";"Trombas";"Não";"-";"Motociclistas";NA;NA;NA;NA;NA;NA;NA;NA;NA;NA;NA;NA;NA;NA;NA;NA;NA;2;NA;1;NA;NA;NA;NA;NA
52;"GO";5221502;"522150";"Turvânia";"Não";"-";"Motociclistas";NA;NA;NA;NA;NA;NA;NA;NA;NA;NA;NA;NA;NA;NA;NA;NA;NA;NA;1;NA;NA;NA;NA;NA;NA
52;"GO";5221551;"522155";"Turvelândia";"Não";"-";"Motociclistas";NA;NA;NA;NA;NA;NA;NA;NA;NA;NA;NA;NA;NA;NA;1;1;NA;NA;NA;1;1;NA;NA;2;NA
52;"GO";5221577;"522157";"Uirapuru";"Não";"-";"Motociclistas";NA;NA;NA;NA;NA;NA;NA;NA;NA;NA;NA;NA;NA;NA;NA;NA;NA;NA;NA;1;NA;2;NA;NA;NA
52;"GO";5221601;"522160";"Uruaçu";"Não";"-";"Motociclistas";NA;NA;NA;NA;1;1;2;2;2;5;4;NA;1;2;4;1;6;7;3;4;7;1;17;25;NA
52;"GO";5221700;"522170";"Uruana";"Não";"-";"Motociclistas";NA;NA;NA;NA;NA;NA;1;1;NA;NA;NA;NA;NA;2;NA;3;NA;1;NA;1;2;1;NA;1;NA
52;"GO";5221809;"522180";"Urutaí";"Não";"-";"Motociclistas";NA;NA;NA;NA;NA;NA;NA;NA;NA;NA;NA;1;NA;NA;NA;NA;NA;NA;NA;NA;NA;1;NA;NA;NA
52;"GO";5221858;"522185";"Valparaíso de Goiás";"Não";"Região Integrada de Desenvolvimento do Distrito Federal e Entorno";"Motociclistas";NA;NA;NA;1;1;3;NA;1;1;2;4;NA;NA;3;1;2;2;1;1;1;NA;NA;2;NA;NA
52;"GO";5221908;"522190";"Varjão";"Não";"-";"Motociclistas";NA;NA;NA;NA;NA;NA;NA;NA;NA;NA;NA;NA;NA;NA;NA;NA;NA;1;NA;NA;NA;NA;NA;NA;NA
52;"GO";5222005;"522200";"Vianópolis";"Não";"-";"Motociclistas";NA;NA;NA;NA;NA;1;NA;NA;NA;1;NA;NA;1;2;3;NA;1;NA;NA;1;NA;2;1;NA;NA
52;"GO";5222054;"522205";"Vicentinópolis";"Não";"-";"Motociclistas";NA;NA;NA;NA;NA;1;NA;NA;1;NA;NA;NA;NA;NA;NA;NA;NA;1;NA;NA;NA;NA;NA;NA;NA
52;"GO";5222203;"522220";"Vila Boa";"Não";"Região Integrada de Desenvolvimento do Distrito Federal e Entorno";"Motociclistas";NA;NA;NA;NA;NA;NA;NA;NA;NA;NA;1;1;NA;2;1;1;NA;NA;NA;1;NA;2;2;1;NA
52;"GO";5222302;"522230";"Vila Propício";"Não";"Região Integrada de Desenvolvimento do Distrito Federal e Entorno";"Motociclistas";NA;NA;NA;NA;NA;NA;1;NA;NA;NA;1;1;2;NA;1;1;NA;NA;NA;NA;NA;NA;1;1;NA
53;"DF";5300108;"530010";"Brasília";"Sim";"Região Integrada de Desenvolvimento do Distrito Federal e Entorno";"Motociclistas";12;13;45;43;35;76;69;108;98;110;124;106;110;110;90;93;97;62;57;68;59;68;65;60;NA
11;"RO";1100015;"110001";"Alta Floresta D'Oeste";"Não";"-";"Pedestres";NA;NA;NA;NA;NA;NA;NA;NA;NA;1;1;NA;NA;NA;NA;NA;NA;NA;NA;NA;NA;NA;NA;NA;NA
11;"RO";1100023;"110002";"Ariquemes";"Não";"-";"Pedestres";1;NA;NA;NA;NA;2;1;1;NA;2;NA;NA;NA;3;2;2;1;2;5;4;3;2;6;4;NA
11;"RO";1100031;"110003";"Cabixi";"Não";"-";"Pedestres";NA;NA;NA;NA;NA;NA;NA;NA;NA;NA;NA;NA;1;NA;NA;NA;NA;NA;1;NA;NA;1;NA;NA;NA
11;"RO";1100049;"110004";"Cacoal";"Não";"-";"Pedestres";2;4;NA;3;1;NA;3;1;NA;1;2;3;2;2;2;4;8;9;7;11;4;5;5;3;NA
11;"RO";1100056;"110005";"Cerejeiras";"Não";"-";"Pedestres";NA;NA;NA;NA;NA;NA;NA;NA;NA;NA;3;1;NA;NA;NA;NA;1;NA;NA;NA;NA;NA;NA;NA;NA
11;"RO";1100064;"110006";"Colorado do Oeste";"Não";"-";"Pedestres";NA;NA;NA;NA;NA;NA;1;NA;NA;NA;NA;NA;1;NA;NA;NA;NA;NA;NA;NA;NA;NA;NA;NA;NA
11;"RO";1100072;"110007";"Corumbiara";"Não";"-";"Pedestres";NA;NA;NA;NA;NA;1;NA;NA;NA;NA;NA;NA;NA;NA;NA;NA;NA;NA;NA;NA;NA;NA;NA;NA;NA
11;"RO";1100080;"110008";"Costa Marques";"Não";"-";"Pedestres";NA;NA;NA;NA;NA;NA;1;NA;NA;NA;NA;NA;NA;NA;NA;NA;NA;NA;NA;NA;NA;NA;NA;NA;NA
11;"RO";1100098;"110009";"Espigão D'Oeste";"Não";"-";"Pedestres";NA;NA;NA;NA;NA;NA;NA;NA;NA;NA;NA;NA;1;NA;NA;NA;NA;NA;NA;NA;1;NA;NA;NA;NA
11;"RO";1100106;"110010";"Guajará-Mirim";"Não";"-";"Pedestres";4;1;2;NA;2;1;NA;2;NA;NA;3;1;NA;NA;NA;NA;NA;1;1;NA;1;NA;NA;NA;NA
11;"RO";1100114;"110011";"Jaru";"Não";"-";"Pedestres";NA;NA;NA;1;NA;1;1;2;2;2;NA;1;NA;NA;NA;NA;NA;NA;1;1;1;NA;1;NA;NA
11;"RO";1100122;"110012";"Ji-Paraná";"Não";"-";"Pedestres";NA;9;4;5;2;3;NA;1;2;2;3;11;4;1;1;NA;1;NA;NA;4;1;3;1;1;NA
11;"RO";1100130;"110013";"Machadinho D'Oeste";"Não";"-";"Pedestres";NA;NA;NA;NA;NA;NA;1;NA;NA;NA;NA;NA;NA;1;NA;NA;NA;NA;NA;1;1;NA;NA;1;NA
11;"RO";1100148;"110014";"Nova Brasilândia D'Oeste";"Não";"-";"Pedestres";NA;NA;NA;NA;NA;1;NA;1;NA;NA;NA;NA;NA;NA;NA;NA;NA;NA;NA;NA;NA;NA;NA;1;NA
11;"RO";1100155;"110015";"Ouro Preto do Oeste";"Não";"-";"Pedestres";1;1;NA;NA;NA;1;NA;1;NA;1;NA;NA;NA;2;1;NA;1;1;1;1;NA;2;NA;2;NA
11;"RO";1100189;"110018";"Pimenta Bueno";"Não";"-";"Pedestres";NA;1;NA;NA;1;1;NA;NA;NA;1;NA;NA;NA;NA;1;1;1;NA;NA;NA;2;2;NA;NA;NA
11;"RO";1100205;"110020";"Porto Velho";"Sim";"Região Metropolitana de Porto Velho";"Pedestres";NA;2;9;7;2;2;9;6;1;14;14;8;10;16;10;20;17;5;15;8;13;4;11;10;NA
11;"RO";1100254;"110025";"Presidente Médici";"Não";"-";"Pedestres";NA;NA;NA;1;NA;NA;1;NA;NA;4;NA;NA;NA;NA;NA;NA;NA;1;NA;NA;NA;1;NA;NA;NA
11;"RO";1100288;"110028";"Rolim de Moura";"Não";"-";"Pedestres";1;NA;NA;NA;NA;NA;1;NA;NA;1;NA;NA;1;NA;NA;NA;2;3;NA;NA;NA;NA;NA;NA;NA
11;"RO";1100296;"110029";"Santa Luzia D'Oeste";"Não";"-";"Pedestres";NA;NA;NA;NA;NA;NA;NA;NA;NA;NA;NA;NA;NA;NA;NA;NA;NA;1;NA;NA;NA;NA;1;NA;NA
11;"RO";1100304;"110030";"Vilhena";"Não";"-";"Pedestres";NA;1;2;NA;NA;1;NA;NA;NA;NA;4;NA;NA;3;NA;5;2;NA;1;3;NA;2;1;2;NA
11;"RO";1100320;"110032";"São Miguel do Guaporé";"Não";"-";"Pedestres";NA;NA;NA;NA;NA;NA;NA;NA;NA;NA;NA;NA;NA;NA;NA;1;1;NA;NA;NA;NA;NA;NA;NA;NA
11;"RO";1100338;"110033";"Nova Mamoré";"Não";"-";"Pedestres";NA;NA;NA;NA;NA;NA;NA;2;NA;NA;NA;NA;1;1;2;NA;NA;NA;NA;NA;NA;NA;NA;1;NA
11;"RO";1100346;"110034";"Alvorada D'Oeste";"Não";"-";"Pedestres";NA;NA;NA;NA;NA;NA;NA;NA;1;NA;NA;NA;1;NA;1;NA;NA;1;1;NA;NA;NA;NA;NA;NA
11;"RO";1100379;"110037";"Alto Alegre dos Parecis";"Não";"-";"Pedestres";NA;NA;NA;NA;NA;NA;1;NA;NA;NA;NA;NA;NA;NA;NA;NA;1;NA;NA;NA;NA;NA;NA;NA;NA
11;"RO";1100452;"110045";"Buritis";"Não";"-";"Pedestres";NA;NA;NA;NA;NA;1;NA;2;NA;NA;NA;NA;NA;NA;4;NA;NA;NA;NA;NA;NA;NA;NA;NA;NA
11;"RO";1100502;"110050";"Novo Horizonte do Oeste";"Não";"-";"Pedestres";NA;NA;NA;NA;NA;NA;NA;NA;NA;NA;1;NA;NA;NA;NA;1;NA;NA;NA;NA;NA;NA;NA;NA;NA
11;"RO";1100809;"110080";"Candeias do Jamari";"Não";"Região Metropolitana de Porto Velho";"Pedestres";NA;NA;NA;NA;NA;NA;NA;1;NA;NA;1;NA;1;NA;NA;1;NA;1;NA;NA;1;NA;1;NA;NA
11;"RO";1100908;"110090";"Castanheiras";"Não";"-";"Pedestres";NA;NA;NA;NA;NA;NA;NA;NA;NA;NA;NA;NA;NA;NA;NA;NA;NA;NA;NA;NA;NA;NA;NA;NA;NA
11;"RO";1100924;"110092";"Chupinguaia";"Não";"-";"Pedestres";NA;NA;NA;NA;NA;1;NA;NA;NA;NA;NA;NA;NA;NA;NA;NA;NA;NA;NA;NA;NA;1;NA;NA;NA
11;"RO";1100940;"110094";"Cujubim";"Não";"-";"Pedestres";NA;NA;NA;NA;NA;NA;NA;NA;NA;NA;NA;NA;NA;NA;NA;1;NA;NA;NA;NA;1;NA;NA;NA;NA
11;"RO";1101005;"110100";"Governador Jorge Teixeira";"Não";"-";"Pedestres";NA;NA;NA;NA;NA;NA;NA;NA;NA;NA;NA;NA;NA;NA;NA;NA;NA;NA;NA;NA;NA;NA;1;NA;NA
11;"RO";1101104;"110110";"Itapuã do Oeste";"Não";"-";"Pedestres";NA;NA;NA;NA;NA;NA;NA;NA;NA;NA;NA;NA;NA;NA;NA;NA;NA;1;NA;NA;NA;NA;NA;NA;NA
11;"RO";1101203;"110120";"Ministro Andreazza";"Não";"-";"Pedestres";NA;NA;NA;1;NA;NA;NA;NA;1;NA;NA;NA;NA;NA;NA;NA;NA;NA;NA;NA;NA;NA;NA;NA;NA
11;"RO";1101302;"110130";"Mirante da Serra";"Não";"-";"Pedestres";NA;NA;NA;NA;NA;NA;NA;1;NA;NA;NA;NA;NA;NA;NA;NA;NA;NA;NA;NA;NA;NA;NA;NA;NA
11;"RO";1101401;"110140";"Monte Negro";"Não";"-";"Pedestres";NA;NA;NA;NA;NA;NA;NA;NA;NA;NA;NA;NA;1;NA;NA;NA;NA;NA;NA;1;NA;NA;NA;NA;NA
11;"RO";1101435;"110143";"Nova União";"Não";"-";"Pedestres";NA;NA;NA;NA;NA;NA;NA;NA;NA;NA;NA;NA;1;NA;NA;NA;NA;NA;NA;NA;NA;NA;NA;NA;NA
11;"RO";1101468;"110146";"Pimenteiras do Oeste";"Não";"-";"Pedestres";NA;NA;NA;NA;NA;NA;NA;NA;NA;NA;NA;NA;NA;1;NA;NA;NA;NA;NA;NA;NA;NA;NA;NA;NA
11;"RO";1101492;"110149";"São Francisco do Guaporé";"Não";"-";"Pedestres";NA;NA;NA;NA;NA;NA;NA;NA;NA;NA;NA;NA;NA;1;NA;NA;1;NA;NA;NA;NA;NA;NA;NA;NA
11;"RO";1101500;"110150";"Seringueiras";"Não";"-";"Pedestres";NA;NA;NA;NA;NA;NA;NA;NA;NA;NA;NA;NA;NA;NA;NA;NA;NA;NA;NA;NA;NA;NA;NA;NA;NA
11;"RO";1101559;"110155";"Teixeirópolis";"Não";"-";"Pedestres";NA;NA;NA;NA;NA;NA;NA;NA;NA;NA;NA;NA;NA;1;NA;NA;NA;NA;NA;NA;NA;NA;NA;NA;NA
11;"RO";1101609;"110160";"Theobroma";"Não";"-";"Pedestres";NA;NA;NA;NA;NA;NA;NA;NA;1;NA;NA;NA;1;1;NA;NA;NA;NA;NA;NA;NA;NA;NA;NA;NA
11;"RO";1101708;"110170";"Urupá";"Não";"-";"Pedestres";NA;NA;NA;NA;NA;NA;NA;NA;2;1;NA;NA;NA;NA;NA;NA;NA;NA;NA;NA;NA;1;NA;NA;NA
11;"RO";1101757;"110175";"Vale do Anari";"Não";"-";"Pedestres";NA;NA;NA;NA;NA;NA;NA;NA;NA;NA;1;3;NA;NA;NA;1;1;NA;NA;NA;NA;NA;NA;NA;NA
11;"RO";1101807;"110180";"Vale do Paraíso";"Não";"-";"Pedestres";NA;NA;NA;NA;NA;NA;NA;NA;NA;NA;NA;NA;NA;NA;1;NA;NA;NA;NA;NA;NA;NA;NA;NA;NA
12;"AC";1200013;"120001";"Acrelândia";"Não";"-";"Pedestres";NA;NA;NA;1;NA;1;1;NA;NA;NA;NA;NA;NA;NA;NA;NA;NA;NA;1;NA;NA;NA;NA;NA;NA
12;"AC";1200054;"120005";"Assis Brasil";"Não";"-";"Pedestres";NA;NA;NA;NA;NA;NA;NA;NA;NA;1;NA;NA;NA;NA;NA;NA;NA;1;NA;NA;NA;NA;NA;NA;NA
12;"AC";1200104;"120010";"Brasiléia";"Não";"-";"Pedestres";NA;NA;NA;1;NA;2;1;1;1;NA;1;NA;NA;NA;NA;NA;NA;NA;NA;NA;NA;NA;NA;NA;NA
12;"AC";1200138;"120013";"Bujari";"Não";"-";"Pedestres";NA;NA;NA;NA;NA;NA;NA;NA;NA;NA;NA;NA;NA;NA;NA;1;NA;NA;NA;NA;NA;NA;NA;NA;NA
12;"AC";1200179;"120017";"Capixaba";"Não";"-";"Pedestres";NA;1;NA;NA;NA;NA;1;NA;NA;NA;NA;NA;1;NA;NA;NA;NA;NA;NA;NA;NA;NA;NA;NA;NA
12;"AC";1200203;"120020";"Cruzeiro do Sul";"Não";"-";"Pedestres";2;NA;3;3;1;1;NA;NA;NA;NA;1;3;2;NA;1;2;3;NA;1;4;3;1;4;NA;NA
12;"AC";1200252;"120025";"Epitaciolândia";"Não";"-";"Pedestres";NA;NA;NA;NA;NA;NA;1;NA;NA;NA;NA;NA;NA;1;NA;NA;NA;NA;NA;NA;NA;NA;NA;NA;NA
12;"AC";1200302;"120030";"Feijó";"Não";"-";"Pedestres";NA;1;NA;NA;NA;NA;NA;NA;NA;NA;NA;1;NA;NA;1;1;NA;NA;NA;NA;1;1;NA;NA;NA
12;"AC";1200328;"120032";"Jordão";"Não";"-";"Pedestres";NA;NA;NA;NA;NA;NA;NA;NA;NA;NA;NA;NA;NA;NA;NA;NA;NA;NA;NA;NA;NA;NA;NA;NA;NA
12;"AC";1200336;"120033";"Mâncio Lima";"Não";"-";"Pedestres";NA;NA;NA;1;NA;NA;NA;NA;NA;NA;NA;NA;NA;NA;NA;NA;NA;NA;NA;NA;1;NA;NA;NA;NA
12;"AC";1200344;"120034";"Manoel Urbano";"Não";"-";"Pedestres";NA;NA;NA;NA;NA;NA;NA;NA;NA;1;NA;NA;NA;NA;NA;NA;NA;NA;NA;NA;NA;NA;NA;NA;NA
12;"AC";1200351;"120035";"Marechal Thaumaturgo";"Não";"-";"Pedestres";NA;NA;NA;NA;NA;NA;NA;NA;1;NA;NA;NA;NA;NA;NA;NA;NA;NA;NA;NA;NA;NA;NA;NA;NA
12;"AC";1200385;"120038";"Plácido de Castro";"Não";"-";"Pedestres";NA;NA;NA;NA;NA;NA;NA;NA;NA;NA;NA;NA;1;NA;1;NA;NA;NA;NA;NA;NA;NA;NA;NA;NA
12;"AC";1200401;"120040";"Rio Branco";"Sim";"-";"Pedestres";11;18;11;7;10;2;5;2;1;1;NA;3;10;6;9;8;6;6;8;5;1;2;5;6;NA
12;"AC";1200427;"120042";"Rodrigues Alves";"Não";"-";"Pedestres";NA;NA;1;NA;NA;NA;NA;NA;NA;NA;NA;NA;NA;NA;NA;NA;NA;NA;1;NA;NA;NA;NA;NA;NA
12;"AC";1200450;"120045";"Senador Guiomard";"Não";"-";"Pedestres";1;NA;3;NA;NA;1;NA;NA;NA;NA;NA;NA;NA;NA;NA;NA;NA;NA;NA;NA;NA;NA;NA;NA;NA
12;"AC";1200500;"120050";"Sena Madureira";"Não";"-";"Pedestres";1;NA;NA;NA;1;NA;1;1;NA;1;NA;NA;1;NA;NA;NA;NA;NA;NA;NA;NA;NA;NA;1;NA
12;"AC";1200609;"120060";"Tarauacá";"Não";"-";"Pedestres";NA;NA;NA;NA;1;NA;NA;1;NA;NA;NA;NA;1;NA;1;NA;1;1;NA;2;NA;NA;NA;NA;NA
12;"AC";1200708;"120070";"Xapuri";"Não";"-";"Pedestres";NA;NA;1;1;NA;NA;NA;NA;NA;NA;NA;NA;NA;NA;NA;NA;NA;NA;NA;NA;NA;NA;1;NA;NA
13;"AM";1300029;"130002";"Alvarães";"Não";"-";"Pedestres";NA;NA;NA;NA;NA;1;NA;NA;NA;NA;NA;NA;NA;NA;NA;NA;NA;NA;NA;NA;NA;NA;NA;NA;NA
13;"AM";1300060;"130006";"Amaturá";"Não";"-";"Pedestres";NA;NA;NA;NA;NA;NA;NA;NA;NA;NA;NA;NA;NA;NA;NA;NA;NA;NA;NA;NA;NA;1;NA;NA;NA
13;"AM";1300102;"130010";"Anori";"Não";"-";"Pedestres";NA;NA;NA;1;NA;NA;NA;1;NA;NA;NA;NA;NA;NA;NA;NA;NA;NA;NA;NA;NA;NA;NA;NA;NA
13;"AM";1300144;"130014";"Apuí";"Não";"-";"Pedestres";NA;NA;NA;NA;NA;NA;NA;NA;NA;1;3;NA;NA;NA;NA;NA;1;NA;NA;1;NA;NA;NA;NA;NA
13;"AM";1300201;"130020";"Atalaia do Norte";"Não";"-";"Pedestres";NA;NA;NA;NA;NA;NA;NA;NA;NA;NA;NA;NA;1;NA;NA;NA;NA;NA;NA;NA;NA;NA;NA;NA;NA
13;"AM";1300300;"130030";"Autazes";"Não";"Região Metropolitana de Manaus";"Pedestres";1;NA;NA;NA;NA;1;NA;NA;1;NA;2;1;NA;2;1;NA;NA;NA;NA;NA;NA;NA;NA;NA;NA
13;"AM";1300409;"130040";"Barcelos";"Não";"-";"Pedestres";NA;NA;NA;NA;NA;NA;NA;NA;NA;NA;1;1;NA;NA;NA;NA;NA;NA;NA;NA;NA;NA;NA;NA;NA
13;"AM";1300607;"130060";"Benjamin Constant";"Não";"-";"Pedestres";NA;1;NA;2;NA;NA;NA;NA;NA;2;2;1;NA;1;NA;NA;NA;NA;NA;NA;1;NA;NA;NA;NA
13;"AM";1300631;"130063";"Beruri";"Não";"-";"Pedestres";NA;NA;NA;NA;NA;1;NA;NA;NA;NA;NA;NA;NA;NA;NA;NA;NA;NA;NA;NA;NA;NA;NA;NA;NA
13;"AM";1300680;"130068";"Boa Vista do Ramos";"Não";"-";"Pedestres";NA;NA;1;NA;NA;NA;NA;1;NA;1;NA;NA;NA;NA;NA;NA;NA;NA;NA;NA;NA;NA;NA;NA;NA
13;"AM";1300706;"130070";"Boca do Acre";"Não";"-";"Pedestres";NA;NA;NA;1;NA;NA;NA;NA;1;2;1;1;1;NA;NA;NA;NA;NA;1;2;NA;NA;NA;NA;NA
13;"AM";1300805;"130080";"Borba";"Não";"-";"Pedestres";NA;NA;1;1;NA;NA;NA;NA;NA;NA;NA;NA;NA;NA;NA;NA;NA;NA;NA;NA;NA;NA;NA;NA;NA
13;"AM";1300904;"130090";"Canutama";"Não";"-";"Pedestres";NA;NA;NA;NA;NA;NA;NA;NA;NA;NA;NA;NA;NA;NA;NA;1;NA;NA;NA;NA;NA;NA;NA;NA;NA
13;"AM";1301001;"130100";"Carauari";"Não";"-";"Pedestres";1;NA;NA;NA;NA;NA;NA;NA;NA;NA;NA;NA;NA;NA;NA;NA;1;1;NA;NA;NA;NA;NA;NA;NA
13;"AM";1301100;"130110";"Careiro";"Não";"Região Metropolitana de Manaus";"Pedestres";1;NA;1;2;4;NA;NA;NA;1;NA;1;2;1;NA;NA;NA;1;4;2;NA;NA;2;2;NA;NA
13;"AM";1301159;"130115";"Careiro da Várzea";"Não";"Região Metropolitana de Manaus";"Pedestres";NA;NA;NA;NA;NA;NA;NA;NA;NA;NA;NA;NA;NA;NA;NA;NA;NA;NA;1;1;NA;NA;NA;NA;NA
13;"AM";1301209;"130120";"Coari";"Não";"-";"Pedestres";1;NA;NA;NA;1;NA;NA;2;NA;NA;1;1;2;NA;1;NA;NA;NA;1;NA;2;3;1;2;NA
13;"AM";1301308;"130130";"Codajás";"Não";"-";"Pedestres";1;1;NA;NA;NA;NA;NA;NA;NA;NA;NA;NA;NA;NA;NA;NA;NA;NA;NA;NA;NA;NA;NA;NA;NA
13;"AM";1301407;"130140";"Eirunepé";"Não";"-";"Pedestres";NA;NA;NA;NA;NA;1;NA;NA;NA;NA;NA;NA;NA;NA;NA;NA;NA;NA;NA;NA;3;2;NA;1;NA
13;"AM";1301506;"130150";"Envira";"Não";"-";"Pedestres";NA;NA;NA;NA;NA;NA;NA;NA;NA;1;NA;1;NA;NA;NA;NA;NA;NA;NA;1;NA;1;NA;NA;NA
13;"AM";1301605;"130160";"Fonte Boa";"Não";"-";"Pedestres";NA;NA;NA;NA;1;NA;NA;NA;1;NA;1;NA;1;NA;NA;NA;NA;NA;NA;NA;NA;NA;NA;NA;NA
13;"AM";1301654;"130165";"Guajará";"Não";"-";"Pedestres";NA;NA;NA;NA;1;NA;NA;NA;NA;NA;NA;NA;NA;NA;NA;NA;NA;NA;NA;NA;NA;NA;NA;NA;NA
13;"AM";1301704;"130170";"Humaitá";"Não";"-";"Pedestres";1;NA;1;1;1;NA;NA;NA;1;2;1;1;NA;2;NA;NA;1;2;NA;NA;1;2;NA;1;NA
13;"AM";1301803;"130180";"Ipixuna";"Não";"-";"Pedestres";NA;NA;NA;NA;NA;NA;NA;NA;NA;NA;NA;NA;NA;NA;NA;NA;NA;1;1;NA;NA;NA;NA;NA;NA
13;"AM";1301852;"130185";"Iranduba";"Não";"Região Metropolitana de Manaus";"Pedestres";1;NA;NA;NA;NA;2;1;4;2;1;3;3;3;2;1;2;1;3;2;NA;1;3;1;3;NA
13;"AM";1301902;"130190";"Itacoatiara";"Não";"Região Metropolitana de Manaus";"Pedestres";NA;NA;3;2;4;2;3;NA;NA;1;NA;NA;1;3;2;NA;4;1;2;NA;2;5;1;2;NA
13;"AM";1301951;"130195";"Itamarati";"Não";"-";"Pedestres";NA;NA;NA;NA;NA;NA;NA;NA;NA;NA;NA;NA;NA;NA;NA;NA;NA;NA;NA;NA;NA;1;NA;NA;NA
13;"AM";1302009;"130200";"Itapiranga";"Não";"Região Metropolitana de Manaus";"Pedestres";NA;NA;NA;NA;NA;NA;NA;NA;NA;NA;NA;NA;1;NA;NA;NA;NA;1;NA;NA;NA;NA;NA;NA;NA
13;"AM";1302306;"130230";"Jutaí";"Não";"-";"Pedestres";NA;NA;NA;NA;NA;NA;NA;NA;NA;NA;NA;NA;NA;NA;NA;NA;NA;NA;NA;NA;1;NA;NA;NA;NA
13;"AM";1302405;"130240";"Lábrea";"Não";"-";"Pedestres";NA;NA;NA;NA;NA;NA;NA;NA;NA;NA;NA;NA;NA;NA;NA;NA;NA;NA;NA;NA;1;1;1;1;NA
13;"AM";1302504;"130250";"Manacapuru";"Não";"Região Metropolitana de Manaus";"Pedestres";1;1;1;1;1;3;4;3;1;2;5;1;3;3;5;3;1;1;1;1;1;3;2;2;NA
13;"AM";1302553;"130255";"Manaquiri";"Não";"Região Metropolitana de Manaus";"Pedestres";NA;NA;NA;1;NA;NA;NA;1;NA;NA;NA;NA;NA;NA;NA;NA;NA;NA;NA;NA;NA;NA;NA;NA;NA
13;"AM";1302603;"130260";"Manaus";"Sim";"Região Metropolitana de Manaus";"Pedestres";116;95;96;108;90;98;119;106;99;96;134;146;113;100;91;107;91;70;101;89;77;64;90;78;NA
13;"AM";1302702;"130270";"Manicoré";"Não";"-";"Pedestres";NA;NA;NA;NA;NA;NA;NA;NA;NA;1;NA;1;NA;1;1;NA;NA;NA;NA;NA;NA;2;NA;1;NA
13;"AM";1302801;"130280";"Maraã";"Não";"-";"Pedestres";NA;NA;NA;NA;NA;1;NA;NA;NA;NA;NA;NA;NA;NA;NA;NA;NA;NA;NA;NA;NA;NA;NA;NA;NA
13;"AM";1302900;"130290";"Maués";"Não";"-";"Pedestres";1;NA;1;NA;1;NA;1;NA;NA;NA;1;NA;NA;1;NA;NA;NA;NA;NA;NA;NA;NA;1;NA;NA
13;"AM";1303106;"130310";"Nova Olinda do Norte";"Não";"-";"Pedestres";NA;NA;NA;NA;NA;NA;NA;NA;NA;NA;NA;2;NA;NA;NA;NA;NA;1;NA;NA;NA;NA;1;NA;NA
13;"AM";1303205;"130320";"Novo Airão";"Não";"Região Metropolitana de Manaus";"Pedestres";NA;1;NA;NA;NA;NA;1;NA;NA;1;1;NA;NA;NA;3;1;1;1;NA;NA;NA;NA;NA;NA;NA
13;"AM";1303304;"130330";"Novo Aripuanã";"Não";"-";"Pedestres";NA;NA;NA;NA;1;1;NA;NA;NA;NA;NA;NA;NA;NA;NA;NA;NA;NA;NA;NA;NA;NA;NA;NA;NA
13;"AM";1303403;"130340";"Parintins";"Não";"-";"Pedestres";1;NA;4;NA;3;NA;1;1;NA;1;3;1;3;1;6;3;4;1;3;2;1;1;NA;1;NA
13;"AM";1303502;"130350";"Pauini";"Não";"-";"Pedestres";NA;NA;NA;NA;NA;NA;NA;NA;NA;NA;NA;NA;NA;NA;NA;NA;NA;NA;NA;NA;NA;1;NA;NA;NA
13;"AM";1303536;"130353";"Presidente Figueiredo";"Não";"Região Metropolitana de Manaus";"Pedestres";5;3;2;NA;5;NA;2;NA;3;3;3;5;1;3;2;NA;NA;1;2;1;1;NA;NA;1;NA
13;"AM";1303569;"130356";"Rio Preto da Eva";"Não";"Região Metropolitana de Manaus";"Pedestres";1;1;1;1;3;3;NA;1;1;1;2;5;1;NA;NA;2;2;2;1;NA;1;2;1;NA;NA
13;"AM";1303601;"130360";"Santa Isabel do Rio Negro";"Não";"-";"Pedestres";NA;NA;NA;NA;NA;NA;NA;NA;NA;NA;NA;NA;NA;NA;NA;NA;NA;NA;NA;NA;NA;NA;NA;NA;NA
13;"AM";1303700;"130370";"Santo Antônio do Içá";"Não";"-";"Pedestres";NA;NA;NA;NA;1;1;NA;1;NA;NA;NA;NA;NA;NA;NA;NA;NA;NA;NA;NA;NA;NA;NA;NA;NA
13;"AM";1303809;"130380";"São Gabriel da Cachoeira";"Não";"-";"Pedestres";NA;NA;NA;NA;NA;NA;NA;NA;1;NA;NA;NA;NA;NA;NA;NA;NA;NA;NA;NA;NA;NA;NA;NA;NA
13;"AM";1303908;"130390";"São Paulo de Olivença";"Não";"-";"Pedestres";NA;NA;NA;NA;NA;NA;NA;NA;1;NA;NA;NA;1;NA;NA;NA;NA;NA;NA;NA;NA;NA;NA;NA;NA
13;"AM";1303957;"130395";"São Sebastião do Uatumã";"Não";"-";"Pedestres";NA;NA;NA;NA;NA;NA;NA;NA;NA;NA;NA;NA;NA;NA;NA;NA;NA;1;NA;NA;NA;NA;NA;NA;NA
13;"AM";1304005;"130400";"Silves";"Não";"Região Metropolitana de Manaus";"Pedestres";NA;NA;NA;NA;2;NA;NA;NA;NA;NA;1;NA;NA;NA;NA;NA;1;NA;NA;NA;NA;NA;NA;NA;NA
13;"AM";1304062;"130406";"Tabatinga";"Não";"-";"Pedestres";NA;NA;NA;NA;NA;1;1;NA;NA;1;NA;NA;1;1;NA;NA;NA;NA;NA;1;NA;NA;1;1;NA
13;"AM";1304104;"130410";"Tapauá";"Não";"-";"Pedestres";NA;NA;NA;NA;NA;NA;1;NA;NA;NA;NA;NA;NA;NA;2;NA;1;NA;NA;NA;NA;1;NA;NA;NA
13;"AM";1304203;"130420";"Tefé";"Não";"-";"Pedestres";NA;1;2;NA;4;1;3;2;2;2;NA;NA;NA;1;NA;1;1;1;NA;1;NA;NA;1;1;NA
13;"AM";1304237;"130423";"Tonantins";"Não";"-";"Pedestres";NA;NA;NA;NA;NA;NA;NA;NA;NA;NA;NA;NA;1;NA;NA;NA;NA;NA;NA;NA;NA;1;NA;NA;NA
13;"AM";1304260;"130426";"Uarini";"Não";"-";"Pedestres";NA;NA;NA;NA;NA;NA;NA;NA;NA;NA;NA;NA;NA;1;NA;NA;NA;NA;NA;NA;NA;NA;NA;NA;NA
13;"AM";1304302;"130430";"Urucará";"Não";"-";"Pedestres";NA;NA;NA;1;NA;NA;NA;NA;NA;NA;NA;NA;2;NA;NA;NA;NA;NA;NA;NA;NA;NA;NA;NA;NA
14;"RR";1400027;"140002";"Amajari";"Não";"-";"Pedestres";NA;NA;NA;1;NA;NA;1;NA;NA;NA;NA;NA;NA;1;NA;NA;NA;NA;NA;NA;NA;NA;NA;NA;NA
14;"RR";1400050;"140005";"Alto Alegre";"Não";"Região Metropolitana da Capital";"Pedestres";NA;1;NA;NA;NA;1;NA;NA;NA;NA;NA;1;NA;NA;NA;NA;NA;NA;NA;NA;NA;1;NA;NA;NA
14;"RR";1400100;"140010";"Boa Vista";"Sim";"Região Metropolitana da Capital";"Pedestres";8;12;7;NA;4;9;7;11;5;3;8;6;6;10;20;6;10;10;7;3;2;8;3;1;NA
14;"RR";1400159;"140015";"Bonfim";"Não";"Região Metropolitana da Capital";"Pedestres";NA;NA;NA;NA;NA;NA;NA;1;NA;NA;NA;NA;NA;NA;NA;2;NA;2;2;NA;NA;1;1;NA;NA
14;"RR";1400175;"140017";"Cantá";"Não";"Região Metropolitana da Capital";"Pedestres";NA;NA;NA;NA;NA;NA;NA;NA;NA;NA;NA;NA;NA;1;NA;1;NA;1;NA;NA;NA;NA;1;NA;NA
14;"RR";1400209;"140020";"Caracaraí";"Não";"Região Metropolitana de Central";"Pedestres";NA;NA;1;NA;NA;NA;NA;NA;NA;NA;NA;NA;NA;NA;1;NA;1;NA;1;1;1;NA;NA;NA;NA
14;"RR";1400233;"140023";"Caroebe";"Não";"Região Metropolitana do Sul do Estado";"Pedestres";NA;NA;NA;NA;NA;NA;NA;NA;NA;NA;NA;NA;NA;NA;NA;NA;NA;NA;1;NA;NA;NA;NA;NA;NA
14;"RR";1400282;"140028";"Iracema";"Não";"Região Metropolitana de Central";"Pedestres";NA;1;1;NA;NA;NA;NA;NA;NA;1;NA;1;NA;NA;1;NA;NA;NA;1;NA;1;NA;NA;NA;NA
14;"RR";1400308;"140030";"Mucajaí";"Não";"Região Metropolitana da Capital";"Pedestres";2;NA;NA;1;NA;NA;NA;NA;NA;NA;NA;NA;2;1;NA;NA;NA;NA;NA;NA;1;NA;NA;2;NA
14;"RR";1400407;"140040";"Normandia";"Não";"-";"Pedestres";NA;1;NA;NA;NA;NA;NA;NA;NA;NA;NA;NA;NA;NA;NA;1;NA;NA;NA;NA;NA;NA;NA;NA;NA
14;"RR";1400456;"140045";"Pacaraima";"Não";"-";"Pedestres";NA;1;NA;NA;NA;1;NA;NA;NA;NA;NA;NA;NA;NA;NA;1;NA;NA;NA;1;NA;NA;NA;NA;NA
14;"RR";1400472;"140047";"Rorainópolis";"Não";"Região Metropolitana do Sul do Estado";"Pedestres";3;1;NA;NA;NA;1;3;2;1;2;2;NA;1;NA;NA;1;NA;2;1;2;1;4;NA;1;NA
14;"RR";1400506;"140050";"São João da Baliza";"Não";"Região Metropolitana do Sul do Estado";"Pedestres";NA;NA;NA;NA;NA;NA;NA;NA;NA;NA;NA;NA;NA;NA;NA;NA;NA;NA;NA;NA;NA;NA;NA;NA;NA
14;"RR";1400605;"140060";"São Luiz";"Não";"Região Metropolitana do Sul do Estado";"Pedestres";NA;NA;NA;NA;1;NA;NA;NA;NA;NA;NA;NA;NA;NA;NA;1;1;1;NA;NA;NA;NA;NA;NA;NA
14;"RR";1400704;"140070";"Uiramutã";"Não";"-";"Pedestres";NA;NA;NA;NA;NA;NA;NA;NA;NA;NA;NA;NA;NA;NA;NA;NA;NA;NA;NA;NA;NA;NA;NA;NA;NA
15;"PA";1500107;"150010";"Abaetetuba";"Não";"-";"Pedestres";1;2;NA;4;1;4;3;2;8;2;7;8;11;3;NA;NA;2;NA;NA;NA;1;3;2;NA;NA
15;"PA";1500131;"150013";"Abel Figueiredo";"Não";"-";"Pedestres";NA;NA;NA;NA;NA;1;2;1;NA;NA;NA;NA;NA;1;NA;NA;NA;NA;NA;NA;NA;1;NA;NA;NA
15;"PA";1500206;"150020";"Acará";"Não";"-";"Pedestres";NA;NA;1;NA;NA;NA;NA;2;NA;NA;NA;NA;NA;1;NA;1;NA;NA;NA;2;1;NA;NA;1;NA
15;"PA";1500347;"150034";"Água Azul do Norte";"Não";"-";"Pedestres";NA;NA;1;NA;NA;NA;NA;1;NA;NA;1;1;NA;NA;NA;NA;NA;1;NA;NA;NA;NA;1;NA;NA
15;"PA";1500404;"150040";"Alenquer";"Não";"-";"Pedestres";NA;1;NA;NA;1;NA;NA;3;2;1;5;2;NA;NA;2;5;2;NA;2;NA;NA;NA;2;NA;NA
15;"PA";1500503;"150050";"Almeirim";"Não";"-";"Pedestres";1;NA;NA;NA;NA;NA;1;NA;NA;NA;NA;1;NA;1;1;NA;NA;NA;1;NA;NA;NA;NA;NA;NA
15;"PA";1500602;"150060";"Altamira";"Não";"-";"Pedestres";3;3;1;3;3;3;7;5;1;3;7;7;9;11;8;3;2;1;1;1;2;NA;NA;1;NA
15;"PA";1500800;"150080";"Ananindeua";"Não";"Região Metropolitana de Belém";"Pedestres";1;10;14;18;13;25;95;71;110;85;186;194;227;173;97;188;41;124;67;41;38;32;47;33;NA
15;"PA";1500859;"150085";"Anapu";"Não";"-";"Pedestres";NA;NA;NA;2;NA;NA;1;NA;2;1;1;1;NA;NA;NA;1;2;NA;4;NA;NA;NA;NA;NA;NA
15;"PA";1500909;"150090";"Augusto Corrêa";"Não";"-";"Pedestres";1;NA;NA;NA;NA;NA;NA;NA;NA;NA;NA;1;NA;1;NA;NA;NA;NA;2;NA;NA;NA;NA;NA;NA
15;"PA";1500958;"150095";"Aurora do Pará";"Não";"-";"Pedestres";NA;NA;NA;NA;NA;NA;1;1;1;1;NA;1;NA;2;NA;NA;2;NA;NA;NA;NA;NA;NA;NA;NA
15;"PA";1501006;"150100";"Aveiro";"Não";"-";"Pedestres";NA;NA;NA;NA;NA;NA;NA;NA;NA;NA;NA;NA;NA;NA;NA;NA;NA;1;NA;NA;NA;NA;NA;NA;NA
15;"PA";1501204;"150120";"Baião";"Não";"-";"Pedestres";NA;NA;NA;NA;NA;1;NA;NA;NA;1;NA;NA;NA;1;NA;NA;1;NA;NA;NA;NA;NA;NA;NA;NA
15;"PA";1501303;"150130";"Barcarena";"Não";"-";"Pedestres";NA;6;18;6;5;7;5;2;6;3;1;1;7;4;1;1;1;NA;1;NA;NA;1;2;NA;NA
15;"PA";1501402;"150140";"Belém";"Sim";"Região Metropolitana de Belém";"Pedestres";166;127;229;240;200;219;128;112;110;103;121;113;100;68;76;51;57;72;45;40;47;26;40;29;NA
15;"PA";1501451;"150145";"Belterra";"Não";"Região Metropolitana de Santarém";"Pedestres";NA;NA;NA;NA;NA;NA;NA;NA;NA;NA;NA;NA;1;NA;3;NA;NA;NA;NA;NA;1;NA;1;1;NA
15;"PA";1501501;"150150";"Benevides";"Não";"Região Metropolitana de Belém";"Pedestres";NA;10;7;1;4;6;8;3;1;1;5;4;2;2;NA;1;5;12;NA;1;5;5;1;5;NA
15;"PA";1501576;"150157";"Bom Jesus do Tocantins";"Não";"-";"Pedestres";NA;NA;1;1;1;NA;NA;NA;NA;1;NA;NA;NA;1;NA;NA;NA;NA;NA;NA;NA;NA;NA;NA;NA
15;"PA";1501600;"150160";"Bonito";"Não";"-";"Pedestres";NA;NA;NA;NA;NA;NA;NA;NA;NA;NA;NA;NA;2;NA;NA;NA;1;NA;1;NA;NA;NA;NA;2;NA
15;"PA";1501709;"150170";"Bragança";"Não";"-";"Pedestres";2;NA;NA;NA;NA;1;5;NA;7;1;1;4;5;2;2;1;1;NA;2;1;NA;NA;3;2;NA
15;"PA";1501725;"150172";"Brasil Novo";"Não";"-";"Pedestres";NA;NA;NA;NA;NA;1;NA;NA;NA;NA;NA;NA;NA;NA;NA;1;NA;NA;NA;NA;NA;NA;NA;NA;NA
15;"PA";1501758;"150175";"Brejo Grande do Araguaia";"Não";"-";"Pedestres";NA;NA;NA;NA;NA;NA;NA;NA;NA;NA;NA;NA;1;NA;NA;NA;NA;NA;NA;NA;NA;NA;NA;NA;NA
15;"PA";1501782;"150178";"Breu Branco";"Não";"-";"Pedestres";1;2;3;3;1;2;NA;1;NA;NA;NA;NA;NA;NA;NA;NA;NA;NA;NA;NA;NA;NA;NA;NA;NA
15;"PA";1501808;"150180";"Breves";"Não";"-";"Pedestres";NA;NA;1;NA;1;NA;NA;NA;NA;NA;NA;NA;1;NA;NA;1;NA;1;NA;NA;NA;NA;1;NA;NA
15;"PA";1501907;"150190";"Bujaru";"Não";"-";"Pedestres";NA;NA;NA;1;NA;NA;2;1;NA;NA;2;NA;1;NA;1;3;NA;1;NA;NA;NA;NA;1;NA;NA
15;"PA";1501956;"150195";"Cachoeira do Piriá";"Não";"-";"Pedestres";NA;NA;NA;NA;NA;NA;1;NA;NA;NA;NA;NA;2;NA;NA;NA;NA;NA;NA;NA;NA;1;2;NA;NA
15;"PA";1502004;"150200";"Cachoeira do Arari";"Não";"-";"Pedestres";NA;NA;NA;NA;NA;NA;NA;NA;NA;NA;NA;NA;NA;NA;1;NA;NA;NA;NA;NA;NA;NA;NA;NA;NA
15;"PA";1502103;"150210";"Cametá";"Não";"-";"Pedestres";NA;NA;2;NA;NA;NA;1;NA;2;NA;1;NA;1;NA;NA;3;2;1;1;2;1;1;NA;NA;NA
15;"PA";1502152;"150215";"Canaã dos Carajás";"Não";"-";"Pedestres";NA;NA;NA;NA;NA;NA;NA;NA;1;1;1;3;2;1;2;1;1;NA;NA;1;NA;NA;NA;2;NA
15;"PA";1502202;"150220";"Capanema";"Não";"-";"Pedestres";1;NA;NA;NA;NA;NA;6;5;5;NA;NA;NA;9;1;3;NA;2;4;NA;3;3;2;2;3;NA
15;"PA";1502301;"150230";"Capitão Poço";"Não";"-";"Pedestres";NA;1;NA;NA;1;1;2;1;NA;NA;2;1;4;2;NA;1;4;3;NA;NA;2;1;NA;NA;NA
15;"PA";1502400;"150240";"Castanhal";"Não";"Região Metropolitana de Belém";"Pedestres";22;23;3;2;5;3;7;19;20;17;26;20;15;9;2;1;1;5;3;5;4;4;5;2;NA
15;"PA";1502608;"150260";"Colares";"Não";"-";"Pedestres";NA;NA;NA;NA;NA;NA;NA;NA;NA;NA;NA;NA;NA;1;NA;NA;1;NA;NA;NA;NA;NA;NA;NA;NA
15;"PA";1502707;"150270";"Conceição do Araguaia";"Não";"-";"Pedestres";NA;NA;NA;NA;NA;NA;NA;1;NA;2;2;1;NA;NA;1;1;2;NA;NA;1;NA;NA;3;NA;NA
15;"PA";1502756;"150275";"Concórdia do Pará";"Não";"-";"Pedestres";NA;NA;NA;NA;NA;NA;NA;NA;NA;1;NA;NA;NA;NA;1;NA;NA;NA;NA;NA;NA;NA;NA;NA;NA
15;"PA";1502772;"150277";"Curionópolis";"Não";"-";"Pedestres";1;1;NA;NA;1;1;NA;NA;1;NA;NA;NA;1;NA;2;NA;NA;NA;NA;1;NA;2;1;2;NA
15;"PA";1502806;"150280";"Curralinho";"Não";"-";"Pedestres";NA;1;NA;NA;NA;NA;NA;NA;NA;NA;NA;NA;NA;NA;NA;NA;NA;NA;NA;NA;NA;NA;NA;NA;NA
15;"PA";1502855;"150285";"Curuá";"Não";"-";"Pedestres";NA;NA;NA;NA;NA;NA;NA;NA;NA;1;NA;NA;NA;NA;NA;NA;NA;NA;NA;NA;NA;NA;NA;NA;NA
15;"PA";1502905;"150290";"Curuçá";"Não";"-";"Pedestres";NA;NA;NA;2;NA;2;3;2;3;1;1;2;2;NA;1;NA;1;2;1;1;3;2;1;NA;NA
15;"PA";1502939;"150293";"Dom Eliseu";"Não";"-";"Pedestres";1;NA;NA;1;2;NA;4;NA;3;NA;5;NA;2;1;1;1;4;NA;2;1;NA;NA;2;1;NA
15;"PA";1502954;"150295";"Eldorado do Carajás";"Não";"-";"Pedestres";1;2;NA;2;NA;NA;2;NA;1;NA;NA;NA;NA;1;1;NA;3;1;NA;1;NA;1;2;1;NA
15;"PA";1503044;"150304";"Floresta do Araguaia";"Não";"-";"Pedestres";NA;NA;NA;1;1;1;NA;NA;NA;1;NA;NA;NA;NA;NA;NA;NA;NA;NA;NA;NA;NA;NA;NA;NA
15;"PA";1503077;"150307";"Garrafão do Norte";"Não";"-";"Pedestres";NA;NA;NA;1;NA;NA;NA;1;NA;NA;2;1;NA;NA;2;1;1;NA;NA;1;NA;NA;NA;1;NA
15;"PA";1503093;"150309";"Goianésia do Pará";"Não";"-";"Pedestres";1;6;3;2;6;2;5;3;1;NA;2;NA;NA;3;1;1;NA;NA;1;NA;NA;NA;NA;1;NA
15;"PA";1503101;"150310";"Gurupá";"Não";"-";"Pedestres";NA;NA;NA;NA;NA;NA;NA;NA;NA;NA;NA;NA;NA;NA;NA;NA;NA;NA;NA;NA;NA;NA;1;NA;NA
15;"PA";1503200;"150320";"Igarapé-Açu";"Não";"-";"Pedestres";2;3;NA;NA;NA;1;1;2;NA;2;3;NA;NA;NA;1;2;2;1;1;2;1;NA;NA;4;NA
15;"PA";1503309;"150330";"Igarapé-Miri";"Não";"-";"Pedestres";NA;NA;2;NA;1;NA;1;NA;2;NA;NA;NA;1;2;NA;NA;NA;NA;NA;NA;NA;NA;1;NA;NA
15;"PA";1503408;"150340";"Inhangapi";"Não";"-";"Pedestres";NA;NA;NA;NA;NA;NA;NA;1;NA;NA;1;1;NA;NA;NA;NA;1;NA;NA;NA;1;NA;NA;NA;NA
15;"PA";1503457;"150345";"Ipixuna do Pará";"Não";"-";"Pedestres";NA;NA;NA;NA;1;NA;1;3;1;6;1;1;1;3;2;NA;1;1;NA;2;1;NA;NA;1;NA
15;"PA";1503507;"150350";"Irituia";"Não";"-";"Pedestres";NA;NA;NA;NA;NA;NA;NA;NA;2;1;2;2;1;NA;NA;3;5;1;1;1;NA;NA;NA;NA;NA
15;"PA";1503606;"150360";"Itaituba";"Não";"-";"Pedestres";2;3;7;5;NA;5;6;3;2;5;5;5;7;6;4;5;2;3;3;2;5;5;1;2;NA
15;"PA";1503705;"150370";"Itupiranga";"Não";"-";"Pedestres";1;1;1;1;NA;1;1;1;1;NA;NA;3;NA;NA;1;NA;1;NA;1;1;NA;NA;NA;NA;NA
15;"PA";1503754;"150375";"Jacareacanga";"Não";"-";"Pedestres";NA;NA;NA;NA;NA;NA;NA;NA;NA;NA;NA;NA;NA;NA;NA;1;NA;NA;NA;NA;NA;NA;NA;NA;NA
15;"PA";1503804;"150380";"Jacundá";"Não";"-";"Pedestres";3;2;3;3;3;1;1;2;NA;NA;NA;NA;2;NA;2;2;1;NA;1;NA;2;NA;1;NA;NA
15;"PA";1503903;"150390";"Juruti";"Não";"-";"Pedestres";NA;NA;NA;NA;NA;NA;NA;NA;1;NA;NA;1;1;1;NA;NA;1;NA;NA;NA;NA;2;NA;1;NA
15;"PA";1504000;"150400";"Limoeiro do Ajuru";"Não";"-";"Pedestres";NA;NA;1;NA;NA;NA;NA;NA;NA;NA;NA;NA;NA;NA;NA;NA;NA;NA;NA;NA;NA;NA;NA;NA;NA
15;"PA";1504059;"150405";"Mãe do Rio";"Não";"-";"Pedestres";1;NA;1;NA;NA;1;4;1;NA;NA;NA;NA;NA;3;NA;NA;1;NA;NA;NA;NA;1;1;NA;NA
15;"PA";1504109;"150410";"Magalhães Barata";"Não";"-";"Pedestres";NA;NA;NA;NA;NA;NA;NA;NA;NA;NA;NA;NA;1;NA;NA;1;NA;NA;NA;NA;NA;NA;NA;NA;NA
15;"PA";1504208;"150420";"Marabá";"Não";"-";"Pedestres";24;18;38;21;20;27;31;48;57;36;44;52;38;18;10;7;3;5;8;6;2;2;5;2;NA
15;"PA";1504307;"150430";"Maracanã";"Não";"-";"Pedestres";NA;NA;NA;1;NA;NA;NA;1;NA;1;1;NA;NA;1;1;NA;3;NA;NA;NA;NA;NA;NA;1;NA
15;"PA";1504406;"150440";"Marapanim";"Não";"-";"Pedestres";1;NA;NA;NA;NA;NA;2;1;1;1;NA;NA;NA;2;NA;1;NA;1;NA;1;1;1;2;1;NA
15;"PA";1504422;"150442";"Marituba";"Não";"Região Metropolitana de Belém";"Pedestres";1;6;10;12;9;10;20;13;7;10;5;11;17;12;13;10;5;8;6;5;8;9;4;4;NA
15;"PA";1504455;"150445";"Medicilândia";"Não";"-";"Pedestres";NA;NA;NA;NA;NA;1;NA;NA;NA;1;NA;NA;NA;NA;NA;1;NA;2;NA;NA;1;1;NA;NA;NA
15;"PA";1504604;"150460";"Mocajuba";"Não";"-";"Pedestres";NA;NA;NA;NA;1;NA;NA;NA;NA;NA;NA;NA;NA;NA;NA;1;NA;NA;NA;NA;NA;NA;NA;NA;NA
15;"PA";1504703;"150470";"Moju";"Não";"-";"Pedestres";NA;NA;NA;3;NA;2;3;1;3;2;1;4;3;7;4;9;2;1;NA;NA;NA;1;NA;1;NA
15;"PA";1504752;"150475";"Mojuí dos Campos";"Não";"Região Metropolitana de Santarém";"Pedestres";NA;NA;NA;NA;NA;NA;NA;NA;NA;NA;NA;NA;NA;NA;NA;NA;NA;1;NA;NA;NA;NA;NA;3;NA
15;"PA";1504802;"150480";"Monte Alegre";"Não";"-";"Pedestres";NA;1;NA;1;NA;NA;NA;NA;NA;1;2;1;NA;NA;NA;NA;NA;NA;1;1;1;NA;NA;1;NA
15;"PA";1504950;"150495";"Nova Esperança do Piriá";"Não";"-";"Pedestres";NA;NA;NA;NA;NA;1;NA;NA;NA;NA;1;NA;NA;NA;NA;NA;NA;1;NA;1;NA;NA;NA;NA;NA
15;"PA";1504976;"150497";"Nova Ipixuna";"Não";"-";"Pedestres";NA;NA;NA;1;2;2;3;NA;3;NA;NA;NA;2;NA;NA;NA;NA;1;NA;NA;NA;NA;NA;NA;NA
15;"PA";1505007;"150500";"Nova Timboteua";"Não";"-";"Pedestres";NA;NA;1;NA;2;NA;4;1;1;NA;NA;NA;NA;NA;NA;NA;NA;NA;NA;NA;NA;NA;NA;NA;NA
15;"PA";1505031;"150503";"Novo Progresso";"Não";"-";"Pedestres";1;1;NA;NA;NA;NA;NA;NA;NA;2;NA;NA;NA;NA;NA;NA;NA;1;1;1;1;NA;2;NA;NA
15;"PA";1505064;"150506";"Novo Repartimento";"Não";"-";"Pedestres";1;2;1;3;1;1;NA;1;NA;NA;4;2;NA;NA;2;1;NA;1;1;NA;NA;NA;NA;NA;NA
15;"PA";1505106;"150510";"Óbidos";"Não";"-";"Pedestres";NA;NA;NA;NA;NA;NA;NA;NA;1;1;1;NA;1;2;1;4;1;1;NA;NA;1;NA;NA;2;NA
15;"PA";1505205;"150520";"Oeiras do Pará";"Não";"-";"Pedestres";1;NA;NA;NA;NA;NA;NA;NA;NA;NA;NA;NA;NA;NA;NA;NA;NA;NA;NA;NA;NA;NA;NA;NA;NA
15;"PA";1505304;"150530";"Oriximiná";"Não";"-";"Pedestres";2;2;1;NA;1;1;NA;NA;NA;NA;NA;1;NA;NA;2;2;1;1;1;2;1;1;NA;1;NA
15;"PA";1505403;"150540";"Ourém";"Não";"-";"Pedestres";NA;NA;NA;NA;1;NA;2;NA;NA;NA;NA;NA;NA;NA;NA;NA;NA;NA;NA;1;NA;NA;NA;NA;NA
15;"PA";1505437;"150543";"Ourilândia do Norte";"Não";"-";"Pedestres";4;NA;1;1;NA;2;NA;NA;NA;NA;1;NA;2;NA;NA;1;NA;NA;2;NA;NA;NA;NA;1;NA
15;"PA";1505486;"150548";"Pacajá";"Não";"-";"Pedestres";NA;NA;1;3;3;NA;1;1;NA;1;1;2;1;NA;NA;1;1;NA;4;NA;2;NA;NA;1;NA
15;"PA";1505494;"150549";"Palestina do Pará";"Não";"-";"Pedestres";NA;NA;NA;NA;NA;NA;NA;1;NA;NA;NA;NA;NA;NA;NA;NA;NA;NA;2;NA;NA;NA;NA;NA;NA
15;"PA";1505502;"150550";"Paragominas";"Não";"-";"Pedestres";6;3;5;4;2;5;1;5;2;1;2;NA;NA;NA;1;1;2;1;2;3;1;2;3;4;NA
15;"PA";1505536;"150553";"Parauapebas";"Não";"-";"Pedestres";2;1;4;3;3;7;7;5;5;8;4;8;5;3;7;4;NA;NA;3;2;3;4;5;2;NA
15;"PA";1505551;"150555";"Pau D'Arco";"Não";"-";"Pedestres";NA;NA;NA;NA;NA;NA;NA;NA;NA;NA;NA;1;NA;NA;NA;NA;NA;NA;NA;NA;NA;NA;1;NA;NA
15;"PA";1505601;"150560";"Peixe-Boi";"Não";"-";"Pedestres";NA;NA;NA;NA;NA;NA;NA;NA;NA;NA;NA;NA;NA;NA;1;NA;1;NA;1;NA;NA;NA;NA;NA;NA
15;"PA";1505635;"150563";"Piçarra";"Não";"-";"Pedestres";NA;NA;NA;NA;NA;NA;NA;1;NA;1;NA;1;NA;NA;NA;NA;NA;1;NA;NA;NA;NA;NA;NA;NA
15;"PA";1505650;"150565";"Placas";"Não";"-";"Pedestres";NA;NA;NA;NA;NA;NA;NA;NA;NA;NA;NA;NA;NA;NA;1;NA;NA;NA;NA;NA;1;1;NA;NA;NA
15;"PA";1505700;"150570";"Ponta de Pedras";"Não";"-";"Pedestres";NA;NA;NA;NA;NA;NA;1;NA;NA;NA;NA;NA;NA;1;NA;NA;NA;NA;NA;NA;NA;NA;1;1;NA
15;"PA";1505809;"150580";"Portel";"Não";"-";"Pedestres";NA;NA;NA;NA;NA;NA;NA;1;NA;NA;NA;NA;NA;NA;1;NA;1;1;NA;NA;1;NA;1;NA;NA
15;"PA";1505908;"150590";"Porto de Moz";"Não";"-";"Pedestres";NA;NA;NA;NA;NA;1;NA;1;NA;NA;NA;NA;NA;NA;1;NA;NA;NA;NA;NA;NA;NA;NA;NA;NA
15;"PA";1506005;"150600";"Prainha";"Não";"-";"Pedestres";NA;NA;NA;NA;NA;NA;NA;NA;NA;1;NA;NA;NA;NA;NA;1;NA;NA;NA;NA;NA;NA;NA;NA;NA
15;"PA";1506104;"150610";"Primavera";"Não";"-";"Pedestres";NA;NA;NA;NA;NA;NA;NA;NA;1;NA;1;1;1;NA;NA;NA;1;NA;NA;NA;1;NA;NA;NA;NA
15;"PA";1506112;"150611";"Quatipuru";"Não";"-";"Pedestres";NA;NA;NA;NA;NA;NA;NA;NA;1;NA;NA;NA;NA;NA;1;NA;1;NA;NA;NA;NA;1;NA;NA;NA
15;"PA";1506138;"150613";"Redenção";"Não";"-";"Pedestres";NA;2;NA;1;1;1;NA;2;2;1;3;4;3;2;1;NA;2;2;4;2;2;5;5;4;NA
15;"PA";1506161;"150616";"Rio Maria";"Não";"-";"Pedestres";2;NA;NA;NA;NA;NA;NA;NA;1;NA;NA;NA;NA;NA;NA;1;2;NA;1;NA;NA;NA;1;NA;NA
15;"PA";1506187;"150618";"Rondon do Pará";"Não";"-";"Pedestres";2;4;NA;2;2;1;2;1;1;NA;1;1;1;NA;1;2;NA;NA;1;1;NA;1;1;NA;NA
15;"PA";1506195;"150619";"Rurópolis";"Não";"-";"Pedestres";NA;NA;NA;NA;NA;NA;NA;NA;1;NA;NA;NA;NA;NA;1;NA;NA;NA;1;NA;NA;1;NA;NA;NA
15;"PA";1506203;"150620";"Salinópolis";"Não";"-";"Pedestres";2;1;NA;3;NA;2;NA;3;3;3;3;2;1;1;2;NA;2;2;NA;NA;NA;1;NA;3;NA
15;"PA";1506302;"150630";"Salvaterra";"Não";"-";"Pedestres";NA;NA;NA;NA;NA;NA;1;2;2;1;1;NA;1;NA;1;1;NA;4;NA;NA;NA;NA;NA;NA;NA
15;"PA";1506351;"150635";"Santa Bárbara do Pará";"Não";"Região Metropolitana de Belém";"Pedestres";NA;NA;NA;2;1;NA;NA;1;NA;1;1;4;1;NA;NA;1;1;4;1;1;1;2;NA;1;NA
15;"PA";1506401;"150640";"Santa Cruz do Arari";"Não";"-";"Pedestres";NA;NA;NA;NA;NA;NA;NA;NA;NA;NA;NA;NA;NA;NA;NA;NA;NA;NA;NA;1;NA;NA;NA;NA;NA
15;"PA";1506500;"150650";"Santa Izabel do Pará";"Não";"Região Metropolitana de Belém";"Pedestres";3;NA;1;6;NA;4;3;1;3;1;2;6;6;2;3;3;3;1;3;2;4;4;1;NA;NA
15;"PA";1506559;"150655";"Santa Luzia do Pará";"Não";"-";"Pedestres";NA;NA;NA;NA;1;NA;2;NA;NA;NA;1;NA;1;NA;1;NA;NA;NA;NA;NA;NA;NA;NA;NA;NA
15;"PA";1506583;"150658";"Santa Maria das Barreiras";"Não";"-";"Pedestres";NA;NA;NA;NA;NA;NA;NA;NA;1;NA;NA;NA;NA;NA;1;NA;NA;NA;NA;NA;NA;NA;NA;NA;NA
15;"PA";1506609;"150660";"Santa Maria do Pará";"Não";"-";"Pedestres";2;3;3;1;1;1;9;2;2;NA;NA;NA;1;1;7;4;4;1;NA;NA;1;1;2;NA;NA
15;"PA";1506708;"150670";"Santana do Araguaia";"Não";"-";"Pedestres";NA;3;1;NA;1;3;8;1;NA;NA;3;1;NA;1;3;NA;1;1;NA;NA;1;NA;1;1;NA
15;"PA";1506807;"150680";"Santarém";"Não";"Região Metropolitana de Santarém";"Pedestres";NA;NA;1;5;3;3;2;NA;4;2;5;1;2;NA;NA;1;4;16;NA;13;10;4;18;10;NA
15;"PA";1506906;"150690";"Santarém Novo";"Não";"-";"Pedestres";NA;NA;NA;NA;NA;NA;NA;NA;NA;NA;NA;NA;1;NA;1;NA;NA;NA;NA;NA;NA;NA;NA;NA;NA
15;"PA";1507003;"150700";"Santo Antônio do Tauá";"Não";"-";"Pedestres";1;NA;NA;NA;NA;2;1;NA;2;2;1;NA;1;1;NA;1;NA;NA;NA;NA;NA;NA;1;NA;NA
15;"PA";1507151;"150715";"São Domingos do Araguaia";"Não";"-";"Pedestres";3;2;NA;1;1;1;NA;2;1;2;3;NA;NA;1;1;NA;2;NA;1;NA;NA;NA;NA;1;NA
15;"PA";1507201;"150720";"São Domingos do Capim";"Não";"-";"Pedestres";NA;NA;NA;NA;NA;1;2;NA;NA;NA;1;NA;NA;NA;1;NA;NA;NA;NA;NA;NA;NA;1;NA;NA
15;"PA";1507300;"150730";"São Félix do Xingu";"Não";"-";"Pedestres";NA;NA;NA;1;1;NA;1;NA;NA;3;3;3;NA;NA;2;NA;1;3;1;NA;NA;NA;NA;NA;NA
15;"PA";1507409;"150740";"São Francisco do Pará";"Não";"-";"Pedestres";NA;NA;1;NA;NA;1;1;NA;3;1;6;NA;NA;1;NA;1;NA;NA;NA;NA;NA;NA;NA;NA;NA
15;"PA";1507458;"150745";"São Geraldo do Araguaia";"Não";"-";"Pedestres";NA;2;NA;NA;NA;NA;NA;NA;NA;NA;NA;NA;2;NA;1;NA;1;NA;2;NA;NA;NA;NA;NA;NA
15;"PA";1507466;"150746";"São João da Ponta";"Não";"-";"Pedestres";NA;NA;NA;NA;NA;NA;NA;NA;1;NA;NA;2;NA;NA;NA;1;NA;1;NA;NA;NA;NA;NA;NA;NA
15;"PA";1507474;"150747";"São João de Pirabas";"Não";"-";"Pedestres";NA;NA;NA;NA;NA;NA;NA;NA;NA;NA;1;NA;NA;NA;NA;NA;1;NA;1;NA;NA;1;NA;NA;NA
15;"PA";1507508;"150750";"São João do Araguaia";"Não";"-";"Pedestres";NA;NA;NA;2;NA;NA;1;1;2;NA;NA;NA;NA;NA;NA;NA;NA;NA;NA;NA;NA;NA;NA;NA;NA
15;"PA";1507607;"150760";"São Miguel do Guamá";"Não";"-";"Pedestres";NA;NA;NA;NA;NA;NA;3;3;5;1;2;NA;1;NA;NA;NA;1;1;1;NA;1;1;NA;4;NA
15;"PA";1507755;"150775";"Sapucaia";"Não";"-";"Pedestres";NA;NA;NA;NA;NA;NA;NA;NA;NA;NA;2;NA;NA;NA;NA;NA;NA;NA;NA;NA;NA;NA;NA;1;NA
15;"PA";1507805;"150780";"Senador José Porfírio";"Não";"-";"Pedestres";NA;NA;NA;NA;NA;NA;NA;1;NA;NA;NA;1;NA;NA;NA;NA;NA;NA;NA;NA;NA;NA;NA;NA;NA
15;"PA";1507904;"150790";"Soure";"Não";"-";"Pedestres";NA;NA;NA;NA;NA;2;NA;NA;1;NA;NA;NA;NA;NA;NA;NA;NA;NA;NA;1;NA;NA;NA;NA;NA
15;"PA";1507953;"150795";"Tailândia";"Não";"-";"Pedestres";2;NA;NA;17;9;8;3;5;5;3;7;9;3;NA;2;1;NA;4;4;1;NA;NA;NA;NA;NA
15;"PA";1507961;"150796";"Terra Alta";"Não";"-";"Pedestres";NA;NA;1;NA;2;1;1;2;NA;2;NA;1;NA;NA;NA;1;NA;1;NA;NA;NA;NA;NA;NA;NA
15;"PA";1508001;"150800";"Tomé-Açu";"Não";"-";"Pedestres";NA;2;NA;2;1;NA;NA;NA;NA;1;NA;NA;1;1;1;NA;1;NA;1;1;2;1;NA;1;NA
15;"PA";1508035;"150803";"Tracuateua";"Não";"-";"Pedestres";NA;NA;NA;NA;NA;NA;NA;NA;NA;3;1;2;1;1;NA;2;NA;NA;NA;NA;NA;NA;3;NA;NA
15;"PA";1508050;"150805";"Trairão";"Não";"-";"Pedestres";NA;NA;NA;NA;NA;NA;NA;NA;NA;NA;NA;NA;NA;NA;NA;NA;NA;NA;NA;NA;NA;NA;NA;NA;NA
15;"PA";1508084;"150808";"Tucumã";"Não";"-";"Pedestres";NA;NA;NA;1;NA;NA;1;1;1;NA;NA;NA;NA;1;1;1;NA;NA;NA;NA;1;NA;1;NA;NA
15;"PA";1508100;"150810";"Tucuruí";"Não";"-";"Pedestres";1;9;8;4;5;16;7;3;7;8;8;4;6;7;5;6;1;2;1;NA;1;NA;NA;NA;NA
15;"PA";1508126;"150812";"Ulianópolis";"Não";"-";"Pedestres";2;NA;NA;NA;NA;NA;NA;NA;1;NA;5;3;NA;NA;2;2;3;1;NA;NA;1;1;NA;NA;NA
15;"PA";1508159;"150815";"Uruará";"Não";"-";"Pedestres";NA;NA;1;NA;1;NA;NA;NA;NA;NA;NA;NA;NA;NA;NA;NA;NA;NA;NA;NA;NA;NA;NA;NA;NA
15;"PA";1508209;"150820";"Vigia";"Não";"-";"Pedestres";NA;1;1;3;NA;3;1;NA;1;2;3;1;NA;1;2;1;2;NA;NA;1;NA;3;1;1;NA
15;"PA";1508308;"150830";"Viseu";"Não";"-";"Pedestres";NA;NA;NA;NA;NA;NA;NA;1;NA;NA;NA;NA;NA;NA;NA;1;NA;NA;1;NA;NA;NA;NA;NA;NA
15;"PA";1508357;"150835";"Vitória do Xingu";"Não";"-";"Pedestres";NA;NA;NA;NA;NA;NA;NA;NA;NA;1;NA;NA;NA;NA;1;2;NA;NA;NA;1;NA;NA;NA;NA;NA
15;"PA";1508407;"150840";"Xinguara";"Não";"-";"Pedestres";NA;2;NA;NA;2;1;2;3;NA;1;2;1;NA;1;NA;1;NA;1;NA;1;2;1;2;1;NA
16;"AP";1600105;"160010";"Amapá";"Não";"-";"Pedestres";NA;NA;NA;1;NA;NA;NA;NA;NA;NA;NA;NA;NA;NA;NA;NA;NA;NA;NA;NA;NA;NA;NA;NA;NA
16;"AP";1600154;"160015";"Pedra Branca do Amapari";"Não";"-";"Pedestres";NA;NA;NA;NA;NA;NA;NA;NA;NA;NA;NA;1;NA;NA;NA;NA;NA;NA;NA;NA;NA;NA;NA;NA;NA
16;"AP";1600204;"160020";"Calçoene";"Não";"-";"Pedestres";NA;NA;NA;NA;NA;NA;1;NA;NA;NA;NA;3;NA;NA;NA;NA;NA;NA;NA;NA;NA;NA;NA;NA;NA
16;"AP";1600212;"160021";"Cutias";"Não";"-";"Pedestres";NA;NA;NA;NA;NA;NA;NA;NA;NA;NA;NA;NA;NA;NA;NA;NA;NA;NA;NA;1;NA;NA;NA;NA;NA
16;"AP";1600238;"160023";"Ferreira Gomes";"Não";"-";"Pedestres";1;1;NA;NA;NA;NA;NA;NA;NA;NA;NA;1;NA;NA;NA;NA;NA;NA;NA;NA;NA;NA;NA;NA;NA
16;"AP";1600253;"160025";"Itaubal";"Não";"-";"Pedestres";NA;1;NA;NA;1;NA;NA;NA;NA;NA;NA;1;NA;NA;NA;NA;NA;NA;NA;NA;NA;NA;NA;NA;NA
16;"AP";1600279;"160027";"Laranjal do Jari";"Não";"-";"Pedestres";NA;NA;5;1;2;NA;2;1;2;1;2;1;1;NA;2;NA;1;1;NA;NA;1;2;NA;2;NA
16;"AP";1600303;"160030";"Macapá";"Sim";"Região Metropolitana de Macapá";"Pedestres";19;81;66;77;56;74;47;NA;5;NA;1;3;8;5;17;10;14;18;16;8;7;8;9;5;NA
16;"AP";1600402;"160040";"Mazagão";"Não";"Região Metropolitana de Macapá";"Pedestres";NA;NA;NA;NA;NA;NA;NA;NA;NA;NA;NA;NA;NA;1;NA;NA;NA;1;NA;NA;NA;1;NA;2;NA
16;"AP";1600501;"160050";"Oiapoque";"Não";"-";"Pedestres";2;NA;NA;1;NA;NA;NA;NA;NA;1;NA;NA;NA;NA;NA;1;1;NA;NA;2;NA;1;1;NA;NA
16;"AP";1600535;"160053";"Porto Grande";"Não";"-";"Pedestres";NA;NA;NA;NA;1;NA;NA;1;NA;NA;NA;1;NA;2;2;NA;NA;NA;NA;NA;NA;NA;NA;NA;NA
16;"AP";1600600;"160060";"Santana";"Não";"Região Metropolitana de Macapá";"Pedestres";2;4;1;2;2;7;3;NA;NA;NA;NA;NA;NA;NA;3;NA;NA;NA;2;1;NA;3;1;3;NA
16;"AP";1600709;"160070";"Tartarugalzinho";"Não";"-";"Pedestres";NA;NA;NA;1;NA;NA;NA;NA;NA;NA;NA;8;NA;NA;NA;NA;NA;NA;NA;NA;NA;NA;NA;NA;NA
16;"AP";1600808;"160080";"Vitória do Jari";"Não";"-";"Pedestres";NA;NA;NA;NA;1;NA;NA;NA;NA;NA;NA;NA;NA;NA;NA;NA;NA;NA;NA;NA;NA;NA;NA;NA;NA
17;"TO";1700251;"170025";"Abreulândia";"Não";"-";"Pedestres";NA;NA;NA;NA;NA;NA;NA;NA;NA;NA;1;NA;NA;NA;NA;1;NA;NA;NA;NA;NA;NA;NA;NA;NA
17;"TO";1700301;"170030";"Aguiarnópolis";"Não";"-";"Pedestres";1;NA;NA;NA;NA;NA;NA;NA;NA;NA;NA;NA;NA;NA;NA;NA;NA;NA;NA;NA;NA;NA;1;NA;NA
17;"TO";1700350;"170035";"Aliança do Tocantins";"Não";"Região Metropolitana de Gurupi";"Pedestres";NA;NA;NA;NA;NA;NA;NA;NA;NA;NA;1;NA;NA;NA;NA;NA;NA;NA;NA;NA;1;NA;1;1;NA
17;"TO";1700400;"170040";"Almas";"Não";"-";"Pedestres";NA;NA;NA;NA;NA;NA;NA;NA;NA;NA;NA;NA;NA;NA;NA;NA;NA;NA;1;NA;NA;NA;NA;NA;NA
17;"TO";1700707;"170070";"Alvorada";"Não";"Região Metropolitana de Gurupi";"Pedestres";1;NA;1;NA;NA;NA;NA;1;NA;NA;2;NA;NA;NA;NA;1;NA;NA;1;NA;NA;NA;NA;NA;NA
17;"TO";1701002;"170100";"Ananás";"Não";"-";"Pedestres";NA;1;NA;NA;1;NA;1;NA;NA;NA;NA;NA;NA;NA;NA;NA;NA;NA;NA;NA;NA;NA;NA;1;NA
17;"TO";1701051;"170105";"Angico";"Não";"-";"Pedestres";NA;NA;NA;NA;NA;NA;NA;NA;NA;NA;NA;NA;NA;NA;NA;NA;NA;NA;NA;NA;NA;NA;NA;NA;NA
17;"TO";1701101;"170110";"Aparecida do Rio Negro";"Não";"Região Metropolitana de Palmas";"Pedestres";NA;NA;NA;NA;NA;NA;NA;NA;NA;NA;NA;NA;NA;1;NA;NA;NA;NA;NA;NA;NA;NA;NA;NA;NA
17;"TO";1701309;"170130";"Aragominas";"Não";"-";"Pedestres";NA;NA;NA;NA;NA;NA;NA;NA;NA;NA;NA;NA;NA;NA;NA;NA;NA;NA;NA;NA;1;NA;NA;NA;NA
17;"TO";1701903;"170190";"Araguacema";"Não";"-";"Pedestres";NA;NA;NA;NA;NA;NA;NA;1;NA;NA;NA;NA;NA;NA;NA;NA;NA;1;NA;NA;NA;NA;NA;NA;NA
17;"TO";1702000;"170200";"Araguaçu";"Não";"Região Metropolitana de Gurupi";"Pedestres";NA;NA;NA;NA;NA;NA;NA;NA;NA;NA;NA;NA;NA;NA;NA;NA;NA;NA;NA;NA;NA;1;1;NA;NA
17;"TO";1702109;"170210";"Araguaína";"Não";"-";"Pedestres";13;14;17;13;19;11;13;8;11;8;7;5;3;8;5;7;12;9;7;6;5;8;6;5;NA
17;"TO";1702158;"170215";"Araguanã";"Não";"-";"Pedestres";1;NA;NA;NA;NA;NA;NA;NA;NA;NA;NA;NA;NA;1;NA;NA;NA;NA;NA;NA;NA;NA;NA;NA;NA
17;"TO";1702208;"170220";"Araguatins";"Não";"-";"Pedestres";1;NA;NA;1;NA;NA;1;NA;1;2;3;NA;1;NA;NA;NA;1;NA;3;NA;2;1;NA;NA;NA
17;"TO";1702307;"170230";"Arapoema";"Não";"-";"Pedestres";NA;NA;NA;NA;NA;NA;NA;NA;NA;NA;NA;NA;NA;NA;NA;NA;NA;NA;NA;NA;1;NA;NA;NA;NA
17;"TO";1702406;"170240";"Arraias";"Não";"-";"Pedestres";NA;NA;NA;1;1;NA;NA;NA;NA;NA;NA;NA;1;NA;NA;NA;2;1;1;NA;NA;NA;NA;NA;NA
17;"TO";1702554;"170255";"Augustinópolis";"Não";"-";"Pedestres";NA;1;NA;2;2;NA;NA;3;1;NA;NA;1;2;NA;NA;NA;1;1;NA;NA;2;2;3;1;NA
17;"TO";1702703;"170270";"Aurora do Tocantins";"Não";"-";"Pedestres";NA;NA;NA;NA;NA;NA;NA;NA;NA;NA;NA;NA;NA;NA;NA;NA;NA;NA;NA;NA;NA;NA;NA;NA;NA
17;"TO";1702901;"170290";"Axixá do Tocantins";"Não";"-";"Pedestres";1;NA;NA;1;NA;NA;NA;NA;NA;NA;NA;NA;1;NA;NA;NA;NA;3;2;1;NA;NA;NA;1;NA
17;"TO";1703008;"170300";"Babaçulândia";"Não";"-";"Pedestres";1;1;NA;NA;1;NA;NA;NA;2;1;NA;NA;NA;NA;NA;NA;NA;NA;NA;NA;1;NA;NA;1;NA
17;"TO";1703057;"170305";"Bandeirantes do Tocantins";"Não";"-";"Pedestres";NA;NA;NA;NA;NA;NA;NA;1;NA;NA;NA;NA;NA;NA;NA;NA;NA;NA;1;NA;NA;NA;NA;NA;NA
17;"TO";1703073;"170307";"Barra do Ouro";"Não";"-";"Pedestres";NA;NA;NA;NA;NA;NA;NA;NA;NA;NA;1;NA;NA;NA;NA;NA;NA;NA;NA;NA;NA;1;1;NA;NA
17;"TO";1703107;"170310";"Barrolândia";"Não";"Região Metropolitana de Palmas";"Pedestres";NA;NA;NA;NA;NA;NA;NA;NA;NA;NA;NA;NA;1;NA;NA;NA;NA;NA;NA;NA;NA;NA;1;NA;NA
17;"TO";1703206;"170320";"Bernardo Sayão";"Não";"-";"Pedestres";NA;NA;NA;NA;NA;NA;1;1;NA;NA;NA;NA;NA;NA;NA;NA;NA;NA;NA;NA;NA;NA;NA;NA;NA
17;"TO";1703305;"170330";"Bom Jesus do Tocantins";"Não";"-";"Pedestres";NA;NA;NA;NA;NA;NA;NA;NA;NA;NA;NA;NA;NA;NA;NA;NA;NA;NA;NA;NA;NA;NA;NA;NA;NA
17;"TO";1703602;"170360";"Brasilândia do Tocantins";"Não";"-";"Pedestres";NA;NA;NA;2;1;1;NA;NA;NA;NA;NA;NA;NA;1;NA;NA;NA;1;NA;1;NA;NA;NA;NA;NA
17;"TO";1703800;"170380";"Buriti do Tocantins";"Não";"-";"Pedestres";NA;NA;NA;1;NA;1;NA;NA;NA;NA;NA;NA;NA;NA;NA;NA;NA;1;NA;NA;NA;NA;NA;NA;NA
17;"TO";1703826;"170382";"Cachoeirinha";"Não";"-";"Pedestres";NA;NA;NA;1;NA;NA;NA;NA;NA;NA;NA;NA;NA;NA;NA;NA;NA;NA;NA;NA;NA;NA;NA;NA;NA
17;"TO";1703842;"170384";"Campos Lindos";"Não";"-";"Pedestres";NA;NA;NA;1;NA;NA;NA;1;1;NA;NA;NA;NA;NA;NA;1;NA;1;NA;NA;NA;1;NA;NA;NA
17;"TO";1703867;"170386";"Cariri do Tocantins";"Não";"Região Metropolitana de Gurupi";"Pedestres";NA;NA;NA;NA;1;NA;NA;NA;NA;1;2;NA;1;NA;NA;NA;NA;NA;NA;NA;1;NA;NA;1;NA
17;"TO";1703883;"170388";"Carmolândia";"Não";"-";"Pedestres";NA;NA;NA;NA;NA;NA;1;1;NA;NA;NA;1;NA;NA;NA;NA;NA;NA;NA;NA;NA;NA;NA;NA;NA
17;"TO";1703891;"170389";"Carrasco Bonito";"Não";"-";"Pedestres";NA;NA;NA;NA;NA;NA;NA;NA;NA;NA;NA;1;NA;NA;NA;NA;NA;NA;NA;NA;NA;NA;NA;NA;NA
17;"TO";1703909;"170390";"Caseara";"Não";"-";"Pedestres";NA;NA;NA;NA;NA;NA;NA;1;NA;NA;NA;NA;NA;NA;NA;NA;NA;NA;NA;NA;NA;NA;NA;NA;NA
17;"TO";1705102;"170510";"Chapada da Natividade";"Não";"-";"Pedestres";NA;NA;NA;NA;NA;NA;NA;NA;NA;NA;NA;NA;NA;NA;NA;NA;NA;NA;1;NA;NA;NA;NA;NA;NA
17;"TO";1705508;"170550";"Colinas do Tocantins";"Não";"-";"Pedestres";NA;NA;NA;NA;NA;NA;3;1;4;2;3;1;3;1;1;1;1;1;1;NA;2;1;1;1;NA
17;"TO";1705557;"170555";"Combinado";"Não";"-";"Pedestres";NA;NA;NA;NA;NA;NA;NA;NA;NA;NA;NA;1;NA;NA;NA;NA;NA;NA;NA;1;NA;NA;NA;NA;NA
17;"TO";1705607;"170560";"Conceição do Tocantins";"Não";"-";"Pedestres";NA;NA;NA;NA;NA;NA;NA;NA;NA;NA;NA;NA;NA;NA;NA;NA;NA;NA;1;NA;NA;NA;NA;NA;NA
17;"TO";1706001;"170600";"Couto Magalhães";"Não";"-";"Pedestres";NA;NA;NA;NA;NA;NA;NA;NA;1;NA;1;NA;1;NA;1;NA;NA;NA;NA;NA;NA;NA;NA;NA;NA
17;"TO";1706100;"170610";"Cristalândia";"Não";"-";"Pedestres";1;NA;NA;NA;NA;1;NA;NA;NA;NA;NA;NA;NA;NA;NA;NA;NA;1;NA;NA;NA;NA;NA;NA;NA
17;"TO";1706258;"170625";"Crixás do Tocantins";"Não";"Região Metropolitana de Gurupi";"Pedestres";NA;NA;1;NA;NA;NA;1;NA;NA;NA;NA;NA;NA;NA;NA;NA;NA;NA;NA;NA;NA;NA;NA;NA;NA
17;"TO";1706506;"170650";"Darcinópolis";"Não";"-";"Pedestres";NA;NA;NA;NA;NA;NA;1;1;NA;NA;1;NA;NA;NA;NA;1;NA;2;NA;NA;NA;1;NA;NA;NA
17;"TO";1707009;"170700";"Dianópolis";"Não";"-";"Pedestres";NA;1;NA;NA;NA;NA;1;1;NA;NA;1;NA;NA;1;NA;NA;1;1;NA;NA;NA;1;NA;NA;NA
17;"TO";1707108;"170710";"Divinópolis do Tocantins";"Não";"-";"Pedestres";NA;NA;NA;NA;NA;NA;NA;NA;NA;NA;NA;NA;NA;NA;NA;NA;NA;NA;NA;NA;NA;NA;NA;NA;NA
17;"TO";1707207;"170720";"Dois Irmãos do Tocantins";"Não";"-";"Pedestres";1;NA;NA;NA;NA;NA;1;NA;NA;1;NA;NA;NA;NA;NA;NA;NA;NA;NA;NA;NA;NA;NA;NA;NA
17;"TO";1707306;"170730";"Dueré";"Não";"Região Metropolitana de Gurupi";"Pedestres";NA;NA;NA;NA;NA;NA;NA;NA;NA;1;NA;NA;NA;NA;NA;NA;NA;NA;NA;1;NA;NA;NA;NA;NA
17;"TO";1707405;"170740";"Esperantina";"Não";"-";"Pedestres";NA;NA;NA;NA;NA;NA;NA;NA;1;NA;NA;NA;NA;NA;NA;NA;NA;NA;NA;NA;NA;NA;NA;NA;NA
17;"TO";1707553;"170755";"Fátima";"Não";"Região Metropolitana de Palmas";"Pedestres";NA;NA;NA;NA;NA;1;NA;NA;NA;NA;NA;NA;NA;NA;NA;NA;NA;NA;NA;NA;NA;NA;NA;NA;NA
17;"TO";1707652;"170765";"Figueirópolis";"Não";"Região Metropolitana de Gurupi";"Pedestres";NA;NA;NA;NA;NA;NA;NA;NA;NA;NA;NA;NA;NA;1;1;NA;NA;NA;NA;1;NA;NA;NA;NA;NA
17;"TO";1707702;"170770";"Filadélfia";"Não";"-";"Pedestres";NA;NA;1;1;1;NA;NA;NA;NA;1;NA;1;NA;NA;NA;NA;NA;NA;NA;NA;NA;NA;NA;NA;NA
17;"TO";1708205;"170820";"Formoso do Araguaia";"Não";"Região Metropolitana de Gurupi";"Pedestres";NA;1;NA;1;NA;NA;1;NA;1;NA;2;NA;NA;1;1;2;NA;NA;1;NA;NA;NA;NA;NA;NA
17;"TO";1708254;"170825";"Tabocão";"Não";"-";"Pedestres";1;NA;NA;1;NA;NA;NA;NA;NA;NA;1;1;NA;NA;NA;NA;NA;NA;1;NA;NA;NA;NA;NA;NA
17;"TO";1709005;"170900";"Goiatins";"Não";"-";"Pedestres";NA;NA;NA;NA;NA;NA;NA;NA;NA;NA;NA;NA;NA;NA;NA;NA;1;NA;NA;NA;NA;NA;1;NA;NA
17;"TO";1709302;"170930";"Guaraí";"Não";"-";"Pedestres";NA;NA;NA;NA;1;1;NA;1;NA;1;1;NA;2;NA;1;1;1;NA;2;NA;NA;1;NA;3;NA
17;"TO";1709500;"170950";"Gurupi";"Não";"Região Metropolitana de Gurupi";"Pedestres";NA;3;NA;3;NA;2;3;3;9;3;6;3;7;4;4;2;1;3;4;NA;1;2;1;1;NA
17;"TO";1710706;"171070";"Itaguatins";"Não";"-";"Pedestres";NA;NA;NA;NA;NA;NA;NA;NA;NA;NA;NA;NA;NA;NA;NA;NA;NA;NA;NA;NA;1;NA;NA;NA;NA
17;"TO";1710904;"171090";"Itapiratins";"Não";"-";"Pedestres";NA;NA;NA;NA;NA;NA;NA;NA;NA;NA;NA;NA;NA;NA;NA;NA;NA;NA;1;NA;NA;NA;NA;NA;NA
17;"TO";1711902;"171190";"Lagoa da Confusão";"Não";"Região Metropolitana de Gurupi";"Pedestres";NA;NA;NA;NA;NA;NA;NA;NA;NA;1;NA;1;NA;NA;NA;1;NA;NA;NA;NA;NA;NA;NA;NA;NA
17;"TO";1712009;"171200";"Lajeado";"Não";"Região Metropolitana de Palmas";"Pedestres";NA;NA;NA;NA;NA;NA;NA;NA;NA;NA;NA;NA;NA;NA;NA;NA;NA;NA;1;NA;NA;NA;NA;NA;NA
17;"TO";1712405;"171240";"Lizarda";"Não";"-";"Pedestres";NA;NA;NA;NA;NA;NA;NA;NA;NA;NA;NA;NA;NA;NA;NA;NA;1;NA;NA;NA;NA;NA;NA;NA;NA
17;"TO";1712454;"171245";"Luzinópolis";"Não";"-";"Pedestres";NA;NA;NA;NA;NA;NA;NA;NA;NA;NA;1;NA;NA;NA;NA;NA;NA;NA;NA;NA;NA;NA;NA;NA;NA
17;"TO";1712504;"171250";"Marianópolis do Tocantins";"Não";"-";"Pedestres";NA;NA;NA;NA;NA;NA;NA;NA;NA;NA;NA;NA;NA;NA;NA;NA;NA;1;NA;NA;NA;NA;NA;NA;NA
17;"TO";1712801;"171280";"Maurilândia do Tocantins";"Não";"-";"Pedestres";NA;NA;1;NA;NA;NA;NA;NA;NA;NA;NA;NA;NA;NA;NA;NA;NA;NA;NA;NA;NA;NA;NA;NA;NA
17;"TO";1713205;"171320";"Miracema do Tocantins";"Não";"Região Metropolitana de Palmas";"Pedestres";NA;1;1;NA;1;NA;NA;1;NA;1;1;NA;NA;NA;1;NA;NA;NA;NA;NA;NA;NA;NA;1;NA
17;"TO";1713304;"171330";"Miranorte";"Não";"Região Metropolitana de Palmas";"Pedestres";NA;2;NA;NA;1;NA;NA;2;1;NA;NA;NA;1;NA;NA;NA;NA;1;NA;NA;NA;NA;1;NA;NA
17;"TO";1713601;"171360";"Monte do Carmo";"Não";"Região Metropolitana de Palmas";"Pedestres";NA;NA;NA;NA;NA;NA;NA;NA;NA;NA;NA;1;NA;NA;NA;NA;NA;NA;NA;NA;NA;NA;NA;2;NA
17;"TO";1713809;"171380";"Palmeiras do Tocantins";"Não";"-";"Pedestres";NA;NA;NA;NA;NA;NA;NA;NA;NA;NA;NA;1;NA;NA;NA;NA;NA;NA;NA;NA;NA;NA;NA;NA;NA
17;"TO";1713957;"171395";"Muricilândia";"Não";"-";"Pedestres";NA;NA;NA;NA;NA;NA;NA;NA;NA;NA;NA;NA;NA;1;NA;NA;NA;1;NA;1;NA;NA;NA;NA;NA
17;"TO";1714203;"171420";"Natividade";"Não";"-";"Pedestres";NA;NA;NA;NA;2;1;NA;NA;NA;NA;NA;NA;NA;NA;1;NA;1;NA;NA;NA;NA;1;NA;NA;NA
17;"TO";1714302;"171430";"Nazaré";"Não";"-";"Pedestres";NA;NA;NA;NA;NA;NA;NA;1;NA;NA;NA;NA;NA;NA;NA;NA;NA;NA;NA;NA;NA;NA;NA;NA;NA
17;"TO";1714880;"171488";"Nova Olinda";"Não";"-";"Pedestres";NA;1;NA;1;NA;NA;NA;NA;1;NA;NA;NA;1;NA;NA;1;NA;NA;NA;NA;NA;1;NA;NA;NA
17;"TO";1715002;"171500";"Nova Rosalândia";"Não";"-";"Pedestres";NA;NA;NA;NA;NA;NA;NA;NA;NA;NA;NA;NA;NA;1;NA;NA;NA;NA;NA;NA;NA;NA;NA;NA;NA
17;"TO";1715101;"171510";"Novo Acordo";"Não";"-";"Pedestres";NA;NA;NA;NA;NA;NA;NA;NA;NA;NA;NA;NA;NA;NA;NA;NA;NA;NA;NA;NA;NA;NA;NA;1;NA
17;"TO";1715507;"171550";"Oliveira de Fátima";"Não";"Região Metropolitana de Palmas";"Pedestres";2;NA;NA;NA;NA;NA;NA;NA;NA;NA;NA;NA;NA;NA;NA;NA;NA;NA;NA;NA;NA;NA;NA;NA;NA
17;"TO";1715705;"171570";"Palmeirante";"Não";"-";"Pedestres";NA;NA;NA;NA;NA;NA;1;NA;NA;NA;NA;NA;NA;NA;NA;NA;NA;NA;NA;NA;NA;NA;NA;NA;NA
17;"TO";1715754;"171575";"Palmeirópolis";"Não";"Região Metropolitana de Gurupi";"Pedestres";NA;NA;NA;NA;NA;1;NA;NA;NA;NA;1;NA;NA;NA;NA;NA;NA;NA;NA;NA;NA;NA;NA;NA;NA
17;"TO";1716109;"171610";"Paraíso do Tocantins";"Não";"Região Metropolitana de Palmas";"Pedestres";1;NA;NA;4;3;1;2;NA;2;2;1;1;NA;NA;NA;NA;1;3;1;1;1;1;NA;1;NA
17;"TO";1716208;"171620";"Paranã";"Não";"-";"Pedestres";NA;NA;NA;NA;NA;NA;NA;NA;NA;NA;NA;NA;NA;NA;NA;NA;NA;NA;NA;1;NA;NA;NA;NA;NA
17;"TO";1716307;"171630";"Pau D'Arco";"Não";"-";"Pedestres";NA;NA;NA;NA;NA;NA;NA;1;NA;NA;NA;NA;NA;NA;NA;NA;NA;NA;NA;NA;NA;NA;NA;NA;NA
17;"TO";1716505;"171650";"Pedro Afonso";"Não";"-";"Pedestres";1;1;NA;1;2;NA;NA;NA;NA;NA;NA;NA;NA;1;NA;NA;NA;NA;NA;NA;NA;NA;1;NA;NA
17;"TO";1716604;"171660";"Peixe";"Não";"Região Metropolitana de Gurupi";"Pedestres";NA;NA;NA;NA;NA;NA;NA;2;NA;1;1;1;NA;NA;NA;NA;NA;NA;NA;NA;NA;NA;NA;NA;NA
17;"TO";1716703;"171670";"Colméia";"Não";"-";"Pedestres";NA;NA;1;NA;NA;NA;NA;NA;NA;NA;NA;NA;NA;NA;NA;NA;NA;NA;NA;NA;NA;NA;NA;NA;NA
17;"TO";1717008;"171700";"Pindorama do Tocantins";"Não";"-";"Pedestres";NA;NA;NA;NA;NA;NA;NA;NA;NA;NA;NA;NA;NA;NA;NA;NA;NA;NA;NA;NA;NA;NA;NA;NA;NA
17;"TO";1717206;"171720";"Piraquê";"Não";"-";"Pedestres";NA;NA;1;NA;NA;NA;NA;NA;NA;NA;NA;NA;NA;NA;NA;1;NA;NA;NA;NA;NA;NA;NA;NA;NA
17;"TO";1717503;"171750";"Pium";"Não";"-";"Pedestres";NA;NA;NA;NA;NA;NA;NA;NA;NA;NA;NA;1;NA;NA;NA;NA;NA;NA;NA;NA;NA;1;1;NA;NA
17;"TO";1717800;"171780";"Ponte Alta do Bom Jesus";"Não";"-";"Pedestres";NA;NA;NA;1;NA;NA;NA;NA;NA;1;NA;NA;NA;NA;NA;NA;NA;NA;NA;NA;NA;NA;NA;NA;NA
17;"TO";1717909;"171790";"Ponte Alta do Tocantins";"Não";"-";"Pedestres";NA;NA;NA;NA;NA;NA;NA;NA;1;NA;NA;NA;1;NA;NA;NA;NA;NA;NA;NA;NA;NA;NA;NA;NA
17;"TO";1718006;"171800";"Porto Alegre do Tocantins";"Não";"-";"Pedestres";NA;NA;NA;NA;NA;NA;NA;NA;1;NA;1;NA;NA;NA;NA;NA;NA;NA;NA;NA;NA;NA;NA;NA;NA
17;"TO";1718204;"171820";"Porto Nacional";"Não";"Região Metropolitana de Palmas";"Pedestres";3;2;2;NA;1;2;2;1;1;6;3;2;2;4;3;NA;1;1;1;NA;6;NA;2;3;NA
17;"TO";1718402;"171840";"Presidente Kennedy";"Não";"-";"Pedestres";NA;NA;NA;NA;NA;NA;NA;1;NA;NA;NA;1;NA;NA;NA;NA;NA;NA;NA;NA;NA;NA;NA;NA;NA
17;"TO";1718451;"171845";"Pugmil";"Não";"Região Metropolitana de Palmas";"Pedestres";NA;NA;NA;NA;NA;NA;NA;NA;NA;NA;NA;1;NA;NA;1;NA;NA;NA;NA;NA;NA;NA;NA;NA;NA
17;"TO";1718501;"171850";"Recursolândia";"Não";"-";"Pedestres";NA;NA;NA;NA;NA;1;NA;NA;NA;NA;NA;NA;NA;NA;NA;1;NA;NA;NA;NA;NA;NA;NA;NA;NA
17;"TO";1718550;"171855";"Riachinho";"Não";"-";"Pedestres";NA;NA;NA;NA;NA;NA;NA;NA;NA;NA;NA;NA;NA;NA;NA;NA;NA;NA;NA;NA;NA;NA;NA;NA;NA
17;"TO";1718709;"171870";"Rio dos Bois";"Não";"-";"Pedestres";NA;NA;NA;NA;NA;NA;NA;NA;NA;1;NA;NA;NA;NA;1;NA;NA;NA;NA;NA;NA;NA;NA;NA;NA
17;"TO";1718840;"171884";"Sandolândia";"Não";"Região Metropolitana de Gurupi";"Pedestres";NA;NA;NA;NA;NA;NA;NA;NA;NA;NA;NA;1;NA;NA;NA;NA;NA;NA;1;NA;NA;NA;NA;NA;NA
17;"TO";1718865;"171886";"Santa Fé do Araguaia";"Não";"-";"Pedestres";1;NA;NA;NA;2;NA;NA;NA;NA;NA;1;NA;1;NA;NA;NA;NA;1;NA;1;NA;NA;NA;NA;NA
17;"TO";1718881;"171888";"Santa Maria do Tocantins";"Não";"-";"Pedestres";NA;NA;NA;NA;NA;NA;NA;3;NA;NA;NA;NA;NA;NA;NA;NA;NA;NA;NA;NA;NA;NA;NA;NA;NA
17;"TO";1718899;"171889";"Santa Rita do Tocantins";"Não";"-";"Pedestres";NA;NA;NA;NA;NA;NA;NA;1;NA;1;1;1;NA;NA;NA;NA;NA;NA;NA;NA;NA;NA;NA;NA;NA
17;"TO";1718907;"171890";"Santa Rosa do Tocantins";"Não";"-";"Pedestres";1;NA;NA;NA;NA;NA;NA;1;NA;NA;NA;NA;NA;NA;NA;NA;NA;NA;NA;NA;NA;NA;NA;NA;NA
17;"TO";1720101;"172010";"São Bento do Tocantins";"Não";"-";"Pedestres";1;NA;NA;NA;NA;NA;1;NA;NA;NA;NA;NA;NA;NA;NA;NA;NA;NA;NA;NA;NA;NA;NA;NA;NA
17;"TO";1720200;"172020";"São Miguel do Tocantins";"Não";"-";"Pedestres";NA;NA;NA;NA;NA;NA;NA;NA;NA;NA;NA;1;NA;NA;NA;NA;NA;NA;1;NA;NA;NA;NA;NA;NA
17;"TO";1720259;"172025";"São Salvador do Tocantins";"Não";"Região Metropolitana de Gurupi";"Pedestres";NA;NA;NA;NA;1;NA;NA;NA;NA;NA;NA;NA;NA;NA;NA;NA;NA;NA;NA;NA;NA;NA;NA;NA;NA
17;"TO";1720309;"172030";"São Sebastião do Tocantins";"Não";"-";"Pedestres";NA;NA;NA;NA;NA;NA;NA;NA;NA;NA;1;NA;NA;NA;NA;NA;NA;NA;NA;NA;NA;NA;1;NA;NA
17;"TO";1720499;"172049";"São Valério";"Não";"Região Metropolitana de Gurupi";"Pedestres";NA;NA;NA;NA;NA;NA;NA;NA;NA;NA;NA;NA;NA;NA;NA;NA;NA;NA;NA;1;NA;NA;NA;NA;NA
17;"TO";1720655;"172065";"Silvanópolis";"Não";"Região Metropolitana de Palmas";"Pedestres";NA;NA;NA;NA;1;NA;NA;NA;NA;NA;NA;NA;NA;NA;NA;NA;NA;NA;NA;NA;1;NA;NA;NA;NA
17;"TO";1720804;"172080";"Sítio Novo do Tocantins";"Não";"-";"Pedestres";NA;NA;NA;NA;1;NA;NA;NA;NA;NA;NA;NA;NA;NA;NA;NA;NA;NA;NA;NA;NA;NA;NA;NA;NA
17;"TO";1720853;"172085";"Sucupira";"Não";"Região Metropolitana de Gurupi";"Pedestres";NA;NA;NA;NA;NA;NA;NA;NA;1;NA;NA;NA;NA;NA;NA;NA;NA;NA;NA;NA;NA;NA;NA;NA;NA
17;"TO";1720903;"172090";"Taguatinga";"Não";"-";"Pedestres";NA;1;NA;NA;NA;NA;NA;1;NA;NA;NA;1;NA;1;NA;NA;NA;NA;NA;NA;NA;1;NA;NA;NA
17;"TO";1720978;"172097";"Talismã";"Não";"Região Metropolitana de Gurupi";"Pedestres";NA;NA;1;NA;NA;NA;NA;NA;NA;NA;NA;NA;1;NA;NA;NA;NA;NA;NA;NA;NA;NA;NA;NA;NA
17;"TO";1721000;"172100";"Palmas";"Sim";"Região Metropolitana de Palmas";"Pedestres";5;8;6;6;9;6;7;7;12;7;6;5;13;7;11;10;6;7;9;6;6;8;6;10;NA
17;"TO";1721109;"172110";"Tocantínia";"Não";"Região Metropolitana de Palmas";"Pedestres";NA;NA;NA;NA;NA;NA;NA;NA;NA;NA;NA;NA;NA;NA;NA;NA;NA;NA;NA;NA;NA;NA;1;NA;NA
17;"TO";1721208;"172120";"Tocantinópolis";"Não";"-";"Pedestres";NA;NA;NA;NA;NA;2;NA;NA;NA;1;NA;NA;NA;NA;NA;NA;NA;NA;NA;1;NA;NA;NA;1;NA
17;"TO";1721257;"172125";"Tupirama";"Não";"-";"Pedestres";NA;NA;NA;NA;NA;NA;NA;NA;NA;NA;NA;NA;NA;NA;NA;NA;1;NA;NA;NA;NA;NA;NA;NA;NA
17;"TO";1722081;"172208";"Wanderlândia";"Não";"-";"Pedestres";2;2;1;NA;3;1;1;NA;2;1;2;3;NA;NA;2;NA;2;NA;NA;1;1;NA;1;NA;NA
17;"TO";1722107;"172210";"Xambioá";"Não";"-";"Pedestres";1;NA;NA;NA;NA;1;NA;NA;NA;NA;NA;NA;NA;NA;NA;1;NA;1;NA;NA;NA;1;NA;NA;NA
21;"MA";2100055;"210005";"Açailândia";"Não";"Região Metropolitana do Sudoeste Maranhense";"Pedestres";NA;3;4;2;6;8;8;6;1;1;2;2;3;6;5;2;2;4;1;6;8;15;3;4;NA
21;"MA";2100154;"210015";"Água Doce do Maranhão";"Não";"-";"Pedestres";NA;NA;NA;NA;NA;NA;NA;1;NA;NA;NA;NA;NA;NA;NA;NA;NA;NA;NA;NA;NA;NA;NA;NA;NA
21;"MA";2100204;"210020";"Alcântara";"Não";"Região Metropolitana da Grande São Luís";"Pedestres";NA;NA;NA;NA;1;NA;NA;2;1;NA;NA;1;NA;NA;NA;1;2;1;NA;NA;NA;1;NA;1;NA
21;"MA";2100303;"210030";"Aldeias Altas";"Não";"Região Metropolitana da Zona Leste do Estado do Maranhão";"Pedestres";NA;NA;NA;NA;NA;NA;NA;NA;NA;NA;NA;1;NA;NA;1;NA;2;NA;NA;NA;NA;NA;NA;1;NA
21;"MA";2100402;"210040";"Altamira do Maranhão";"Não";"-";"Pedestres";NA;NA;NA;NA;NA;NA;NA;NA;NA;NA;NA;NA;NA;NA;NA;NA;NA;NA;NA;NA;NA;NA;NA;NA;NA
21;"MA";2100436;"210043";"Alto Alegre do Maranhão";"Não";"-";"Pedestres";NA;1;NA;2;NA;2;NA;NA;NA;1;1;NA;1;2;NA;1;NA;NA;NA;1;NA;NA;6;NA;NA
21;"MA";2100477;"210047";"Alto Alegre do Pindaré";"Não";"-";"Pedestres";NA;NA;1;1;2;NA;4;4;2;NA;NA;NA;1;3;1;1;NA;NA;NA;1;1;1;1;NA;NA
21;"MA";2100501;"210050";"Alto Parnaíba";"Não";"-";"Pedestres";NA;NA;NA;NA;NA;NA;NA;NA;NA;1;NA;NA;NA;NA;NA;NA;NA;NA;NA;NA;NA;2;NA;NA;NA
21;"MA";2100550;"210055";"Amapá do Maranhão";"Não";"-";"Pedestres";NA;NA;NA;1;NA;NA;NA;NA;NA;NA;NA;NA;NA;NA;NA;NA;NA;NA;1;NA;NA;NA;NA;NA;NA
21;"MA";2100600;"210060";"Amarante do Maranhão";"Não";"Região Metropolitana do Sudoeste Maranhense";"Pedestres";NA;NA;NA;NA;NA;NA;NA;NA;2;NA;NA;NA;2;NA;1;NA;1;NA;1;1;1;NA;NA;NA;NA
21;"MA";2100709;"210070";"Anajatuba";"Não";"-";"Pedestres";NA;NA;NA;NA;NA;NA;1;NA;NA;NA;NA;NA;1;NA;NA;NA;NA;NA;NA;NA;NA;NA;NA;1;NA
21;"MA";2100808;"210080";"Anapurus";"Não";"-";"Pedestres";NA;NA;NA;NA;NA;NA;NA;NA;NA;NA;NA;NA;NA;1;NA;NA;NA;NA;NA;NA;NA;NA;NA;1;NA
21;"MA";2100832;"210083";"Apicum-Açu";"Não";"-";"Pedestres";NA;NA;NA;NA;NA;NA;1;NA;NA;NA;1;NA;NA;NA;NA;NA;NA;NA;NA;NA;NA;NA;NA;NA;NA
21;"MA";2100873;"210087";"Araguanã";"Não";"-";"Pedestres";NA;NA;NA;NA;NA;NA;NA;NA;NA;NA;3;NA;NA;NA;NA;NA;1;NA;NA;NA;1;NA;NA;NA;NA
21;"MA";2100907;"210090";"Araioses";"Não";"-";"Pedestres";NA;NA;NA;NA;NA;NA;NA;NA;NA;NA;NA;NA;NA;NA;NA;1;1;NA;NA;NA;NA;1;1;1;NA
21;"MA";2100956;"210095";"Arame";"Não";"-";"Pedestres";NA;1;2;2;NA;NA;1;1;1;NA;NA;NA;6;3;1;1;NA;1;NA;1;1;NA;NA;NA;NA
21;"MA";2101004;"210100";"Arari";"Não";"-";"Pedestres";NA;NA;NA;NA;NA;NA;1;NA;NA;1;1;1;NA;1;NA;2;NA;NA;NA;NA;NA;NA;NA;NA;NA
21;"MA";2101103;"210110";"Axixá";"Não";"Região Metropolitana da Grande São Luís";"Pedestres";NA;NA;NA;NA;1;1;1;NA;NA;NA;NA;NA;NA;NA;NA;NA;NA;NA;NA;NA;NA;NA;1;NA;NA
21;"MA";2101202;"210120";"Bacabal";"Não";"-";"Pedestres";2;3;2;2;4;3;6;5;2;5;8;3;6;2;6;6;9;3;7;2;2;4;3;5;NA
21;"MA";2101251;"210125";"Bacabeira";"Não";"Região Metropolitana da Grande São Luís";"Pedestres";1;NA;1;NA;4;1;NA;3;1;3;4;5;1;NA;NA;1;1;1;NA;NA;1;NA;NA;NA;NA
21;"MA";2101301;"210130";"Bacuri";"Não";"-";"Pedestres";NA;NA;NA;1;NA;NA;NA;NA;NA;NA;NA;NA;NA;NA;NA;NA;NA;NA;NA;NA;NA;NA;NA;NA;NA
21;"MA";2101400;"210140";"Balsas";"Não";"-";"Pedestres";4;1;NA;4;NA;7;2;1;2;2;5;1;2;4;7;3;1;NA;3;3;3;1;2;2;NA
21;"MA";2101509;"210150";"Barão de Grajaú";"Não";"-";"Pedestres";NA;NA;NA;NA;NA;NA;NA;NA;NA;NA;1;NA;NA;NA;NA;NA;NA;NA;NA;NA;1;NA;NA;1;NA
21;"MA";2101608;"210160";"Barra do Corda";"Não";"-";"Pedestres";NA;1;4;2;5;2;3;6;4;2;1;4;1;NA;NA;1;NA;NA;NA;5;1;1;NA;2;NA
21;"MA";2101707;"210170";"Barreirinhas";"Não";"-";"Pedestres";NA;NA;1;2;1;1;1;NA;4;2;2;1;4;1;4;NA;NA;NA;2;NA;2;4;NA;1;NA
21;"MA";2101772;"210177";"Bela Vista do Maranhão";"Não";"-";"Pedestres";NA;NA;NA;NA;NA;NA;NA;NA;NA;NA;NA;NA;NA;NA;1;NA;1;NA;NA;NA;NA;NA;NA;NA;NA
21;"MA";2101806;"210180";"Benedito Leite";"Não";"-";"Pedestres";NA;NA;NA;NA;NA;NA;NA;NA;NA;NA;NA;NA;NA;NA;NA;NA;NA;NA;NA;NA;NA;NA;NA;NA;NA
21;"MA";2101905;"210190";"Bequimão";"Não";"-";"Pedestres";NA;NA;NA;NA;NA;NA;NA;1;3;NA;NA;NA;NA;NA;2;2;2;NA;NA;NA;NA;NA;NA;1;NA
21;"MA";2101939;"210193";"Bernardo do Mearim";"Não";"-";"Pedestres";NA;NA;NA;NA;NA;NA;NA;NA;NA;NA;NA;NA;1;NA;NA;NA;NA;NA;NA;NA;NA;NA;NA;NA;NA
21;"MA";2101970;"210197";"Boa Vista do Gurupi";"Não";"-";"Pedestres";NA;NA;NA;NA;NA;NA;NA;NA;NA;1;1;NA;NA;NA;NA;NA;NA;NA;NA;NA;NA;NA;NA;NA;NA
21;"MA";2102002;"210200";"Bom Jardim";"Não";"-";"Pedestres";NA;NA;NA;NA;NA;NA;NA;1;2;1;1;NA;NA;1;NA;1;NA;NA;1;1;NA;1;NA;1;NA
21;"MA";2102036;"210203";"Bom Jesus das Selvas";"Não";"-";"Pedestres";NA;2;NA;NA;NA;NA;NA;1;NA;1;NA;NA;NA;NA;1;1;NA;NA;NA;4;2;1;2;NA;NA
21;"MA";2102101;"210210";"Brejo";"Não";"-";"Pedestres";NA;NA;1;1;NA;1;NA;NA;NA;NA;NA;NA;NA;NA;NA;1;NA;NA;NA;NA;NA;NA;NA;NA;NA
21;"MA";2102200;"210220";"Buriti";"Não";"-";"Pedestres";NA;NA;NA;NA;1;2;NA;NA;1;1;1;NA;2;1;2;1;1;NA;NA;NA;NA;NA;1;NA;NA
21;"MA";2102309;"210230";"Buriti Bravo";"Não";"-";"Pedestres";NA;NA;1;1;NA;NA;NA;1;NA;NA;NA;NA;NA;1;1;1;1;NA;NA;2;NA;NA;NA;1;NA
21;"MA";2102325;"210232";"Buriticupu";"Não";"-";"Pedestres";4;3;1;NA;1;5;NA;NA;NA;NA;1;NA;NA;2;1;NA;2;1;2;4;6;7;2;3;NA
21;"MA";2102358;"210235";"Buritirana";"Não";"Região Metropolitana do Sudoeste Maranhense";"Pedestres";NA;NA;NA;NA;NA;NA;4;NA;NA;NA;NA;NA;NA;NA;NA;NA;NA;NA;NA;NA;1;1;NA;NA;NA
21;"MA";2102374;"210237";"Cachoeira Grande";"Não";"Região Metropolitana da Grande São Luís";"Pedestres";1;NA;NA;NA;NA;NA;NA;NA;NA;NA;NA;NA;NA;NA;NA;NA;1;NA;NA;NA;NA;NA;NA;NA;NA
21;"MA";2102408;"210240";"Cajapió";"Não";"-";"Pedestres";NA;NA;NA;NA;NA;NA;NA;NA;NA;NA;NA;NA;NA;NA;NA;NA;NA;NA;NA;NA;NA;NA;NA;NA;NA
21;"MA";2102507;"210250";"Cajari";"Não";"-";"Pedestres";NA;NA;NA;NA;NA;NA;NA;NA;NA;NA;NA;NA;NA;NA;NA;NA;NA;NA;NA;NA;NA;NA;NA;1;NA
21;"MA";2102556;"210255";"Campestre do Maranhão";"Não";"Região Metropolitana do Sudoeste Maranhense";"Pedestres";NA;NA;NA;1;NA;1;NA;NA;NA;NA;NA;NA;NA;1;NA;1;2;NA;NA;5;1;2;NA;NA;NA
21;"MA";2102606;"210260";"Cândido Mendes";"Não";"-";"Pedestres";NA;NA;NA;NA;NA;NA;NA;NA;NA;1;2;NA;NA;NA;NA;NA;NA;NA;NA;NA;NA;NA;NA;NA;NA
21;"MA";2102705;"210270";"Cantanhede";"Não";"-";"Pedestres";NA;NA;NA;NA;NA;NA;NA;NA;NA;1;NA;NA;NA;NA;NA;NA;NA;NA;NA;NA;NA;NA;NA;NA;NA
21;"MA";2102754;"210275";"Capinzal do Norte";"Não";"-";"Pedestres";NA;2;NA;1;2;NA;1;NA;NA;2;NA;1;4;3;1;NA;NA;NA;NA;NA;NA;NA;NA;1;NA
21;"MA";2102804;"210280";"Carolina";"Não";"Região Metropolitana do Sudoeste Maranhense";"Pedestres";NA;NA;3;2;NA;3;NA;NA;NA;NA;4;1;1;NA;NA;1;1;NA;NA;1;NA;NA;1;NA;NA
21;"MA";2102903;"210290";"Carutapera";"Não";"-";"Pedestres";NA;NA;1;NA;NA;1;1;NA;NA;NA;NA;NA;NA;NA;NA;NA;NA;NA;NA;NA;NA;NA;NA;NA;NA
21;"MA";2103000;"210300";"Caxias";"Não";"Região Metropolitana da Zona Leste do Estado do Maranhão";"Pedestres";1;1;NA;3;2;NA;2;2;2;3;8;7;9;8;7;4;9;3;11;6;6;8;4;10;NA
21;"MA";2103125;"210312";"Central do Maranhão";"Não";"-";"Pedestres";NA;NA;NA;NA;NA;NA;NA;NA;NA;NA;NA;NA;NA;NA;1;NA;1;NA;NA;NA;NA;NA;NA;NA;NA
21;"MA";2103174;"210317";"Centro Novo do Maranhão";"Não";"-";"Pedestres";NA;NA;NA;NA;NA;NA;NA;NA;NA;1;1;NA;NA;1;NA;NA;NA;NA;NA;NA;NA;NA;NA;NA;NA
21;"MA";2103208;"210320";"Chapadinha";"Não";"-";"Pedestres";NA;NA;NA;NA;NA;NA;2;NA;2;4;2;2;1;1;2;1;NA;NA;NA;NA;1;1;2;NA;NA
21;"MA";2103257;"210325";"Cidelândia";"Não";"Região Metropolitana do Sudoeste Maranhense";"Pedestres";NA;NA;NA;NA;NA;NA;NA;2;NA;1;NA;NA;NA;NA;NA;NA;NA;1;1;1;NA;2;1;NA;NA
21;"MA";2103307;"210330";"Codó";"Não";"Região Metropolitana da Zona Leste do Estado do Maranhão";"Pedestres";1;NA;1;1;NA;2;3;3;6;2;3;4;3;1;7;2;9;NA;2;1;1;NA;NA;NA;NA
21;"MA";2103406;"210340";"Coelho Neto";"Não";"-";"Pedestres";NA;NA;2;NA;1;NA;NA;1;NA;NA;1;2;1;1;NA;NA;1;NA;NA;1;2;NA;1;NA;NA
21;"MA";2103505;"210350";"Colinas";"Não";"-";"Pedestres";NA;NA;1;NA;NA;NA;1;NA;NA;2;1;3;2;2;1;NA;1;1;NA;NA;NA;1;NA;NA;NA
21;"MA";2103554;"210355";"Conceição do Lago-Açu";"Não";"-";"Pedestres";NA;NA;NA;NA;NA;NA;NA;NA;NA;NA;NA;NA;NA;NA;1;NA;1;NA;NA;NA;NA;NA;NA;NA;NA
21;"MA";2103604;"210360";"Coroatá";"Não";"-";"Pedestres";NA;1;NA;1;1;3;3;2;2;NA;NA;NA;1;1;3;2;1;3;2;NA;1;NA;NA;1;NA
21;"MA";2103703;"210370";"Cururupu";"Não";"-";"Pedestres";NA;NA;NA;NA;NA;1;NA;NA;NA;2;1;NA;NA;NA;NA;NA;NA;NA;NA;NA;NA;NA;NA;1;NA
21;"MA";2103752;"210375";"Davinópolis";"Não";"Região Metropolitana do Sudoeste Maranhense";"Pedestres";NA;NA;1;NA;NA;NA;NA;NA;NA;NA;NA;NA;NA;NA;NA;NA;1;NA;NA;NA;1;NA;1;1;NA
21;"MA";2103802;"210380";"Dom Pedro";"Não";"-";"Pedestres";2;NA;NA;NA;1;NA;NA;NA;3;NA;NA;NA;2;NA;2;NA;NA;1;1;NA;NA;1;NA;NA;NA
21;"MA";2103901;"210390";"Duque Bacelar";"Não";"-";"Pedestres";NA;NA;NA;1;1;NA;NA;NA;NA;NA;NA;NA;NA;NA;NA;NA;NA;NA;NA;NA;NA;NA;NA;NA;NA
21;"MA";2104008;"210400";"Esperantinópolis";"Não";"-";"Pedestres";NA;NA;NA;NA;NA;1;NA;NA;NA;1;NA;NA;NA;NA;NA;NA;NA;1;NA;NA;NA;NA;NA;NA;NA
21;"MA";2104057;"210405";"Estreito";"Não";"Região Metropolitana do Sudoeste Maranhense";"Pedestres";3;1;1;NA;2;1;NA;1;1;1;1;1;NA;1;1;NA;1;1;NA;1;2;2;2;5;NA
21;"MA";2104073;"210407";"Feira Nova do Maranhão";"Não";"-";"Pedestres";NA;NA;NA;NA;NA;NA;NA;NA;NA;NA;NA;NA;NA;NA;NA;NA;NA;NA;NA;1;NA;NA;NA;NA;NA
21;"MA";2104099;"210409";"Formosa da Serra Negra";"Não";"-";"Pedestres";NA;NA;NA;NA;NA;NA;NA;NA;NA;NA;NA;NA;NA;1;NA;NA;NA;NA;1;NA;NA;NA;NA;NA;NA
21;"MA";2104107;"210410";"Fortaleza dos Nogueiras";"Não";"-";"Pedestres";NA;NA;NA;NA;NA;NA;NA;NA;NA;NA;NA;NA;NA;NA;NA;NA;NA;NA;NA;NA;NA;NA;1;NA;NA
21;"MA";2104206;"210420";"Fortuna";"Não";"-";"Pedestres";NA;NA;NA;NA;NA;NA;1;1;1;NA;NA;NA;NA;NA;NA;NA;NA;NA;2;NA;NA;NA;1;NA;NA
21;"MA";2104305;"210430";"Godofredo Viana";"Não";"-";"Pedestres";1;NA;NA;NA;NA;NA;NA;NA;NA;NA;NA;NA;NA;1;NA;NA;NA;NA;NA;NA;NA;NA;NA;NA;NA
21;"MA";2104404;"210440";"Gonçalves Dias";"Não";"-";"Pedestres";NA;NA;NA;NA;NA;NA;NA;1;1;1;NA;NA;1;NA;NA;NA;NA;NA;NA;NA;NA;NA;NA;NA;NA
21;"MA";2104552;"210455";"Governador Edison Lobão";"Não";"Região Metropolitana do Sudoeste Maranhense";"Pedestres";NA;NA;NA;NA;NA;NA;NA;NA;NA;NA;NA;NA;NA;NA;1;NA;1;1;3;1;6;NA;2;2;NA
21;"MA";2104602;"210460";"Governador Eugênio Barros";"Não";"-";"Pedestres";NA;NA;NA;NA;1;NA;NA;NA;NA;NA;1;1;NA;1;NA;NA;NA;NA;NA;NA;NA;NA;NA;NA;NA
21;"MA";2104628;"210462";"Governador Luiz Rocha";"Não";"-";"Pedestres";NA;NA;NA;1;NA;NA;NA;NA;NA;NA;NA;NA;NA;NA;NA;NA;NA;NA;NA;NA;NA;NA;NA;NA;NA
21;"MA";2104651;"210465";"Governador Newton Bello";"Não";"-";"Pedestres";NA;NA;NA;NA;NA;NA;1;NA;NA;NA;NA;NA;1;NA;NA;1;NA;NA;NA;NA;NA;NA;NA;1;NA
21;"MA";2104677;"210467";"Governador Nunes Freire";"Não";"-";"Pedestres";1;2;2;1;NA;1;NA;1;NA;1;2;NA;NA;NA;1;3;1;1;2;1;NA;NA;NA;NA;NA
21;"MA";2104701;"210470";"Graça Aranha";"Não";"-";"Pedestres";NA;NA;NA;NA;NA;NA;NA;NA;NA;NA;NA;1;NA;NA;NA;NA;NA;NA;NA;NA;NA;NA;NA;NA;NA
21;"MA";2104800;"210480";"Grajaú";"Não";"-";"Pedestres";3;NA;2;4;5;1;3;5;1;4;3;3;1;1;6;2;NA;1;2;1;2;4;2;4;NA
21;"MA";2104909;"210490";"Guimarães";"Não";"-";"Pedestres";NA;NA;1;NA;NA;NA;1;NA;NA;NA;NA;NA;NA;NA;NA;NA;NA;NA;NA;NA;NA;NA;NA;NA;NA
21;"MA";2105005;"210500";"Humberto de Campos";"Não";"-";"Pedestres";1;NA;NA;NA;2;NA;NA;NA;NA;NA;NA;1;NA;NA;NA;NA;1;NA;NA;2;NA;NA;NA;1;NA
21;"MA";2105104;"210510";"Icatu";"Não";"Região Metropolitana da Grande São Luís";"Pedestres";NA;NA;NA;NA;NA;NA;NA;NA;NA;NA;1;NA;NA;NA;NA;1;1;NA;NA;NA;NA;NA;NA;NA;NA
21;"MA";2105153;"210515";"Igarapé do Meio";"Não";"-";"Pedestres";NA;NA;NA;NA;NA;NA;NA;2;NA;NA;NA;NA;NA;NA;NA;NA;NA;NA;1;NA;NA;1;NA;NA;NA
21;"MA";2105203;"210520";"Igarapé Grande";"Não";"-";"Pedestres";NA;NA;NA;1;NA;NA;NA;NA;NA;1;NA;1;NA;NA;NA;NA;NA;2;NA;NA;NA;NA;NA;NA;NA
21;"MA";2105302;"210530";"Imperatriz";"Não";"Região Metropolitana do Sudoeste Maranhense";"Pedestres";NA;2;1;1;12;19;10;7;5;6;6;29;30;24;28;15;22;18;21;48;28;34;12;10;NA
21;"MA";2105351;"210535";"Itaipava do Grajaú";"Não";"-";"Pedestres";NA;NA;NA;1;2;NA;NA;NA;NA;NA;1;NA;NA;NA;1;NA;NA;NA;1;NA;NA;1;NA;NA;NA
21;"MA";2105401;"210540";"Itapecuru Mirim";"Não";"-";"Pedestres";3;3;2;2;NA;2;3;1;3;5;1;1;1;NA;2;NA;4;1;3;1;3;2;2;NA;NA
21;"MA";2105427;"210542";"Itinga do Maranhão";"Não";"Região Metropolitana do Sudoeste Maranhense";"Pedestres";NA;NA;1;NA;NA;NA;NA;1;NA;NA;1;NA;1;1;NA;NA;NA;NA;NA;1;1;NA;NA;NA;NA
21;"MA";2105450;"210545";"Jatobá";"Não";"-";"Pedestres";NA;NA;NA;NA;NA;NA;NA;NA;NA;NA;NA;NA;1;NA;NA;NA;NA;NA;NA;NA;NA;NA;NA;NA;NA
21;"MA";2105476;"210547";"Jenipapo dos Vieiras";"Não";"-";"Pedestres";NA;NA;NA;NA;NA;NA;NA;NA;NA;NA;NA;NA;NA;NA;NA;NA;NA;NA;NA;1;NA;NA;1;NA;NA
21;"MA";2105500;"210550";"João Lisboa";"Não";"Região Metropolitana do Sudoeste Maranhense";"Pedestres";NA;NA;NA;NA;1;NA;NA;1;NA;NA;NA;NA;NA;1;1;NA;NA;NA;NA;2;NA;1;NA;NA;NA
21;"MA";2105609;"210560";"Joselândia";"Não";"-";"Pedestres";NA;NA;NA;NA;NA;NA;NA;NA;NA;NA;NA;NA;1;NA;NA;NA;NA;1;NA;NA;NA;NA;NA;NA;NA
21;"MA";2105658;"210565";"Junco do Maranhão";"Não";"-";"Pedestres";NA;NA;NA;NA;NA;NA;NA;NA;1;NA;NA;NA;NA;NA;NA;NA;NA;NA;NA;NA;NA;NA;NA;NA;NA
21;"MA";2105708;"210570";"Lago da Pedra";"Não";"-";"Pedestres";NA;NA;2;NA;NA;NA;NA;NA;NA;1;1;NA;NA;NA;NA;NA;NA;NA;NA;NA;1;1;NA;1;NA
21;"MA";2105807;"210580";"Lago do Junco";"Não";"-";"Pedestres";NA;NA;NA;NA;NA;NA;NA;NA;NA;NA;NA;NA;NA;NA;NA;NA;NA;NA;NA;NA;NA;NA;NA;NA;NA
21;"MA";2105906;"210590";"Lago Verde";"Não";"-";"Pedestres";NA;NA;NA;NA;NA;NA;NA;NA;NA;NA;NA;NA;NA;NA;2;NA;NA;NA;NA;NA;NA;NA;NA;NA;NA
21;"MA";2105922;"210592";"Lagoa do Mato";"Não";"-";"Pedestres";NA;NA;NA;NA;NA;NA;NA;NA;NA;NA;NA;NA;NA;NA;NA;NA;1;NA;NA;NA;NA;NA;NA;NA;NA
21;"MA";2105948;"210594";"Lago dos Rodrigues";"Não";"-";"Pedestres";NA;NA;NA;NA;NA;NA;NA;NA;NA;NA;NA;NA;NA;NA;1;1;1;NA;NA;NA;1;NA;NA;NA;NA
21;"MA";2105963;"210596";"Lagoa Grande do Maranhão";"Não";"-";"Pedestres";NA;NA;NA;NA;NA;NA;NA;NA;NA;1;NA;NA;NA;NA;NA;NA;NA;NA;NA;NA;1;NA;NA;NA;NA
21;"MA";2105989;"210598";"Lajeado Novo";"Não";"Região Metropolitana do Sudoeste Maranhense";"Pedestres";NA;NA;NA;NA;NA;NA;NA;1;NA;NA;1;1;NA;NA;NA;NA;NA;NA;NA;NA;1;NA;1;1;NA
21;"MA";2106003;"210600";"Lima Campos";"Não";"-";"Pedestres";NA;NA;NA;NA;NA;1;1;NA;NA;NA;NA;NA;NA;NA;NA;1;1;NA;NA;NA;1;NA;NA;1;NA
21;"MA";2106102;"210610";"Loreto";"Não";"-";"Pedestres";NA;NA;NA;NA;NA;NA;NA;NA;NA;NA;2;NA;1;NA;NA;NA;NA;NA;NA;NA;NA;NA;NA;NA;NA
21;"MA";2106300;"210630";"Magalhães de Almeida";"Não";"-";"Pedestres";NA;NA;NA;NA;NA;NA;NA;NA;NA;NA;NA;NA;NA;NA;NA;NA;NA;NA;NA;NA;NA;NA;NA;NA;NA
21;"MA";2106326;"210632";"Maracaçumé";"Não";"-";"Pedestres";NA;NA;NA;NA;NA;NA;NA;NA;NA;NA;1;NA;NA;NA;NA;NA;NA;NA;NA;NA;NA;2;NA;NA;NA
21;"MA";2106359;"210635";"Marajá do Sena";"Não";"-";"Pedestres";NA;NA;2;NA;NA;NA;NA;NA;NA;NA;NA;NA;NA;NA;NA;NA;NA;NA;NA;NA;NA;NA;NA;NA;NA
21;"MA";2106375;"210637";"Maranhãozinho";"Não";"-";"Pedestres";NA;NA;NA;NA;NA;NA;NA;NA;NA;NA;NA;NA;NA;NA;NA;NA;NA;NA;NA;NA;NA;NA;1;NA;NA
21;"MA";2106409;"210640";"Mata Roma";"Não";"-";"Pedestres";1;NA;NA;NA;NA;NA;NA;NA;NA;NA;NA;NA;NA;NA;1;NA;NA;NA;NA;NA;NA;NA;NA;NA;NA
21;"MA";2106508;"210650";"Matinha";"Não";"-";"Pedestres";NA;NA;NA;NA;NA;NA;1;NA;NA;1;NA;1;NA;1;1;NA;NA;NA;NA;NA;NA;1;NA;1;NA
21;"MA";2106607;"210660";"Matões";"Não";"Região Metropolitana da Zona Leste do Estado do Maranhão";"Pedestres";NA;NA;NA;NA;NA;1;NA;NA;NA;NA;1;NA;1;1;NA;NA;1;NA;1;NA;NA;1;NA;NA;NA
21;"MA";2106631;"210663";"Matões do Norte";"Não";"-";"Pedestres";NA;NA;NA;NA;NA;1;NA;NA;NA;1;1;2;NA;NA;NA;NA;1;NA;NA;NA;NA;NA;NA;NA;NA
21;"MA";2106706;"210670";"Mirador";"Não";"-";"Pedestres";NA;NA;NA;NA;NA;NA;NA;NA;NA;NA;1;NA;NA;NA;NA;NA;NA;NA;NA;NA;1;NA;NA;NA;NA
21;"MA";2106755;"210675";"Miranda do Norte";"Não";"-";"Pedestres";NA;NA;NA;NA;1;1;2;3;NA;1;1;NA;2;NA;NA;NA;NA;1;NA;NA;NA;NA;1;NA;NA
21;"MA";2106805;"210680";"Mirinzal";"Não";"-";"Pedestres";NA;NA;NA;NA;2;NA;NA;NA;NA;NA;NA;NA;NA;NA;NA;NA;NA;NA;NA;NA;1;NA;NA;NA;NA
21;"MA";2106904;"210690";"Monção";"Não";"-";"Pedestres";NA;NA;NA;NA;NA;NA;NA;NA;NA;NA;NA;NA;NA;NA;1;NA;NA;NA;NA;NA;NA;NA;NA;NA;NA
21;"MA";2107001;"210700";"Montes Altos";"Não";"Região Metropolitana do Sudoeste Maranhense";"Pedestres";NA;NA;NA;NA;NA;NA;NA;NA;NA;NA;NA;1;2;NA;NA;1;NA;NA;NA;2;1;1;NA;NA;NA
21;"MA";2107100;"210710";"Morros";"Não";"Região Metropolitana da Grande São Luís";"Pedestres";NA;NA;NA;NA;1;NA;NA;NA;NA;4;NA;NA;NA;NA;NA;1;NA;NA;NA;NA;NA;NA;NA;NA;NA
21;"MA";2107209;"210720";"Nina Rodrigues";"Não";"-";"Pedestres";NA;NA;NA;1;NA;NA;NA;NA;NA;1;NA;NA;NA;NA;NA;NA;NA;NA;NA;1;NA;NA;NA;NA;NA
21;"MA";2107258;"210725";"Nova Colinas";"Não";"-";"Pedestres";NA;NA;NA;NA;NA;1;NA;NA;NA;NA;1;NA;NA;NA;NA;NA;NA;NA;NA;NA;NA;NA;NA;NA;NA
21;"MA";2107357;"210735";"Nova Olinda do Maranhão";"Não";"-";"Pedestres";NA;NA;NA;NA;NA;NA;1;NA;1;NA;NA;NA;NA;NA;NA;NA;NA;NA;NA;NA;NA;NA;1;NA;NA
21;"MA";2107407;"210740";"Olho d'Água das Cunhãs";"Não";"-";"Pedestres";NA;NA;NA;NA;NA;NA;NA;NA;NA;NA;NA;NA;NA;1;NA;NA;NA;NA;NA;NA;NA;NA;NA;NA;NA
21;"MA";2107456;"210745";"Olinda Nova do Maranhão";"Não";"-";"Pedestres";NA;NA;NA;NA;NA;NA;NA;NA;NA;NA;NA;1;1;1;NA;NA;NA;NA;NA;NA;1;NA;1;NA;NA
21;"MA";2107506;"210750";"Paço do Lumiar";"Não";"Região Metropolitana da Grande São Luís";"Pedestres";NA;1;3;1;NA;1;4;2;3;2;1;1;2;NA;NA;1;1;2;NA;NA;NA;1;1;NA;NA
21;"MA";2107605;"210760";"Palmeirândia";"Não";"-";"Pedestres";NA;NA;NA;NA;NA;NA;NA;NA;NA;NA;NA;NA;1;NA;NA;NA;NA;NA;NA;NA;NA;NA;NA;1;NA
21;"MA";2107704;"210770";"Paraibano";"Não";"-";"Pedestres";NA;1;1;3;NA;NA;NA;1;NA;NA;NA;NA;1;1;NA;NA;2;2;NA;NA;NA;NA;NA;1;NA
21;"MA";2107803;"210780";"Parnarama";"Não";"Região Metropolitana da Zona Leste do Estado do Maranhão";"Pedestres";NA;NA;NA;NA;NA;NA;NA;NA;NA;1;NA;NA;NA;NA;NA;NA;NA;NA;NA;NA;1;NA;NA;NA;NA
21;"MA";2107902;"210790";"Passagem Franca";"Não";"-";"Pedestres";NA;NA;NA;NA;NA;1;NA;1;1;NA;NA;1;NA;1;NA;NA;NA;NA;1;NA;NA;NA;NA;1;NA
21;"MA";2108009;"210800";"Pastos Bons";"Não";"-";"Pedestres";3;NA;1;NA;1;NA;NA;1;NA;2;2;NA;1;NA;NA;2;1;NA;1;1;1;NA;NA;NA;NA
21;"MA";2108058;"210805";"Paulino Neves";"Não";"-";"Pedestres";NA;NA;NA;NA;NA;NA;NA;NA;NA;NA;1;NA;NA;NA;NA;1;NA;NA;NA;NA;NA;NA;1;NA;NA
21;"MA";2108108;"210810";"Paulo Ramos";"Não";"-";"Pedestres";NA;NA;NA;NA;NA;NA;NA;NA;NA;NA;1;NA;NA;NA;NA;NA;NA;NA;NA;NA;NA;NA;NA;NA;NA
21;"MA";2108207;"210820";"Pedreiras";"Não";"-";"Pedestres";NA;NA;NA;2;NA;1;NA;1;NA;NA;NA;2;NA;NA;NA;NA;NA;1;1;1;NA;3;NA;NA;NA
21;"MA";2108256;"210825";"Pedro do Rosário";"Não";"-";"Pedestres";NA;NA;NA;NA;NA;NA;NA;NA;NA;NA;NA;NA;NA;NA;1;NA;NA;NA;NA;NA;NA;NA;1;NA;NA
21;"MA";2108306;"210830";"Penalva";"Não";"-";"Pedestres";NA;1;NA;1;NA;NA;NA;NA;1;NA;NA;NA;NA;NA;NA;NA;NA;NA;NA;NA;NA;NA;NA;NA;NA
21;"MA";2108405;"210840";"Peri Mirim";"Não";"-";"Pedestres";NA;NA;NA;NA;NA;NA;NA;NA;NA;NA;NA;NA;NA;1;NA;NA;NA;NA;NA;NA;NA;NA;NA;NA;NA
21;"MA";2108454;"210845";"Peritoró";"Não";"-";"Pedestres";NA;NA;NA;NA;1;4;3;4;4;NA;1;NA;4;3;4;NA;2;1;1;2;1;NA;NA;NA;NA
21;"MA";2108504;"210850";"Pindaré-Mirim";"Não";"-";"Pedestres";NA;1;NA;NA;1;1;NA;NA;NA;NA;1;NA;NA;NA;1;NA;2;NA;NA;NA;NA;1;NA;NA;NA
21;"MA";2108603;"210860";"Pinheiro";"Não";"-";"Pedestres";NA;1;3;1;4;4;2;4;3;4;8;12;6;NA;2;5;5;3;7;1;3;3;3;2;NA
21;"MA";2108702;"210870";"Pio XII";"Não";"-";"Pedestres";NA;NA;NA;NA;NA;NA;1;NA;NA;NA;NA;1;NA;NA;NA;2;NA;NA;NA;NA;NA;NA;NA;NA;NA
21;"MA";2108801;"210880";"Pirapemas";"Não";"-";"Pedestres";NA;NA;NA;NA;NA;NA;NA;NA;NA;NA;NA;NA;NA;NA;NA;1;NA;NA;NA;NA;NA;NA;NA;NA;NA
21;"MA";2108900;"210890";"Poção de Pedras";"Não";"-";"Pedestres";NA;NA;1;NA;NA;NA;1;NA;NA;NA;NA;NA;NA;NA;NA;NA;NA;1;NA;NA;NA;NA;NA;NA;NA
21;"MA";2109007;"210900";"Porto Franco";"Não";"Região Metropolitana do Sudoeste Maranhense";"Pedestres";NA;NA;NA;NA;NA;NA;NA;2;NA;1;NA;NA;NA;NA;1;1;NA;NA;NA;NA;2;2;1;2;NA
21;"MA";2109106;"210910";"Presidente Dutra";"Não";"-";"Pedestres";NA;NA;NA;NA;NA;NA;NA;1;NA;4;8;10;8;9;7;1;4;6;3;2;2;NA;1;2;NA
21;"MA";2109205;"210920";"Presidente Juscelino";"Não";"Região Metropolitana da Grande São Luís";"Pedestres";NA;NA;NA;NA;NA;1;NA;NA;NA;NA;NA;1;NA;NA;NA;NA;NA;NA;NA;NA;NA;NA;NA;NA;NA
21;"MA";2109270;"210927";"Presidente Sarney";"Não";"-";"Pedestres";NA;NA;NA;NA;NA;NA;NA;NA;NA;NA;NA;NA;NA;NA;2;NA;NA;NA;NA;NA;1;1;NA;1;NA
21;"MA";2109304;"210930";"Presidente Vargas";"Não";"-";"Pedestres";NA;NA;NA;NA;NA;NA;NA;NA;NA;NA;NA;NA;NA;1;NA;NA;NA;1;NA;NA;NA;NA;NA;NA;NA
21;"MA";2109403;"210940";"Primeira Cruz";"Não";"-";"Pedestres";NA;NA;NA;NA;NA;NA;NA;NA;NA;NA;NA;NA;NA;NA;NA;NA;NA;NA;NA;NA;NA;NA;NA;NA;NA
21;"MA";2109452;"210945";"Raposa";"Não";"Região Metropolitana da Grande São Luís";"Pedestres";NA;1;NA;NA;NA;1;NA;1;2;NA;1;NA;2;NA;NA;NA;NA;NA;NA;NA;NA;NA;NA;NA;NA
21;"MA";2109502;"210950";"Riachão";"Não";"-";"Pedestres";NA;NA;1;NA;2;NA;1;NA;NA;NA;NA;1;1;NA;1;NA;NA;1;1;2;NA;NA;NA;1;NA
21;"MA";2109551;"210955";"Ribamar Fiquene";"Não";"Região Metropolitana do Sudoeste Maranhense";"Pedestres";NA;NA;NA;NA;NA;NA;NA;NA;NA;NA;NA;NA;NA;1;1;NA;NA;NA;1;3;NA;NA;NA;NA;NA
21;"MA";2109601;"210960";"Rosário";"Não";"Região Metropolitana da Grande São Luís";"Pedestres";NA;NA;1;NA;3;NA;3;NA;NA;NA;NA;1;2;NA;NA;NA;NA;NA;NA;NA;1;1;1;NA;NA
21;"MA";2109700;"210970";"Sambaíba";"Não";"-";"Pedestres";NA;NA;NA;NA;1;NA;NA;NA;NA;NA;NA;NA;NA;NA;NA;NA;1;NA;NA;NA;NA;NA;NA;NA;NA
21;"MA";2109809;"210980";"Santa Helena";"Não";"-";"Pedestres";NA;NA;NA;NA;NA;1;NA;NA;1;NA;NA;NA;NA;1;NA;NA;1;NA;NA;NA;NA;NA;NA;NA;NA
21;"MA";2109908;"210990";"Santa Inês";"Não";"-";"Pedestres";4;NA;3;2;1;2;4;NA;NA;1;NA;1;NA;NA;NA;1;1;5;2;6;2;1;2;2;NA
21;"MA";2110005;"211000";"Santa Luzia";"Não";"-";"Pedestres";NA;1;NA;2;NA;NA;NA;2;2;2;1;NA;1;NA;2;NA;NA;NA;3;NA;2;NA;1;NA;NA
21;"MA";2110039;"211003";"Santa Luzia do Paruá";"Não";"-";"Pedestres";1;NA;NA;NA;NA;2;NA;NA;1;NA;NA;1;NA;NA;NA;NA;NA;NA;NA;1;NA;1;NA;1;NA
21;"MA";2110104;"211010";"Santa Quitéria do Maranhão";"Não";"-";"Pedestres";NA;NA;1;1;1;NA;NA;NA;NA;NA;3;NA;NA;1;NA;NA;1;NA;NA;NA;NA;NA;NA;1;NA
21;"MA";2110203;"211020";"Santa Rita";"Não";"Região Metropolitana da Grande São Luís";"Pedestres";NA;7;4;NA;3;5;1;1;1;1;1;2;3;NA;1;NA;NA;NA;NA;2;2;2;NA;1;NA
21;"MA";2110237;"211023";"Santana do Maranhão";"Não";"-";"Pedestres";NA;NA;NA;NA;NA;NA;NA;NA;NA;NA;NA;NA;NA;NA;NA;NA;NA;NA;NA;1;NA;NA;NA;NA;NA
21;"MA";2110278;"211027";"Santo Amaro do Maranhão";"Não";"-";"Pedestres";NA;NA;NA;NA;NA;NA;NA;NA;NA;NA;NA;1;NA;NA;NA;1;NA;NA;NA;NA;NA;NA;NA;2;NA
21;"MA";2110302;"211030";"Santo Antônio dos Lopes";"Não";"-";"Pedestres";NA;NA;1;NA;1;NA;NA;NA;NA;NA;NA;NA;NA;NA;NA;NA;NA;NA;NA;NA;1;1;NA;1;NA
21;"MA";2110401;"211040";"São Benedito do Rio Preto";"Não";"-";"Pedestres";NA;NA;1;NA;NA;NA;NA;1;NA;NA;1;NA;NA;NA;NA;NA;NA;1;1;NA;1;NA;NA;NA;NA
21;"MA";2110500;"211050";"São Bento";"Não";"-";"Pedestres";NA;1;1;1;NA;1;NA;NA;NA;NA;NA;NA;NA;NA;NA;NA;NA;NA;NA;1;NA;1;NA;1;NA
21;"MA";2110609;"211060";"São Bernardo";"Não";"-";"Pedestres";1;1;NA;NA;NA;NA;NA;NA;1;NA;NA;2;NA;1;1;NA;NA;NA;NA;NA;NA;NA;NA;1;NA
21;"MA";2110658;"211065";"São Domingos do Azeitão";"Não";"-";"Pedestres";NA;NA;NA;NA;NA;NA;NA;NA;NA;1;1;NA;NA;NA;NA;1;1;NA;NA;NA;NA;NA;NA;NA;NA
21;"MA";2110708;"211070";"São Domingos do Maranhão";"Não";"-";"Pedestres";NA;NA;NA;1;1;NA;NA;1;NA;NA;NA;1;NA;NA;1;1;1;NA;1;1;NA;1;NA;1;NA
21;"MA";2110807;"211080";"São Félix de Balsas";"Não";"-";"Pedestres";NA;NA;NA;NA;NA;NA;NA;NA;NA;NA;NA;1;NA;NA;NA;NA;NA;NA;NA;NA;NA;NA;NA;NA;NA
21;"MA";2110856;"211085";"São Francisco do Brejão";"Não";"Região Metropolitana do Sudoeste Maranhense";"Pedestres";NA;NA;NA;NA;NA;NA;NA;NA;NA;NA;NA;NA;NA;NA;NA;NA;NA;NA;1;NA;1;NA;NA;NA;NA
21;"MA";2111003;"211100";"São João Batista";"Não";"-";"Pedestres";NA;NA;NA;NA;NA;1;NA;NA;NA;NA;NA;NA;NA;NA;NA;NA;NA;NA;NA;NA;NA;1;NA;NA;NA
21;"MA";2111029;"211102";"São João do Carú";"Não";"-";"Pedestres";NA;NA;NA;NA;NA;NA;NA;NA;NA;NA;NA;NA;NA;NA;1;NA;NA;NA;NA;NA;NA;NA;NA;NA;NA
21;"MA";2111052;"211105";"São João do Paraíso";"Não";"Região Metropolitana do Sudoeste Maranhense";"Pedestres";NA;NA;NA;NA;NA;NA;NA;NA;NA;NA;NA;NA;NA;NA;NA;NA;NA;NA;NA;NA;NA;1;NA;NA;NA
21;"MA";2111078;"211107";"São João do Soter";"Não";"Região Metropolitana da Zona Leste do Estado do Maranhão";"Pedestres";NA;NA;NA;NA;NA;NA;NA;NA;NA;NA;NA;NA;NA;NA;NA;2;3;NA;1;NA;NA;NA;NA;NA;NA
21;"MA";2111102;"211110";"São João dos Patos";"Não";"-";"Pedestres";5;NA;NA;NA;2;NA;NA;NA;2;NA;NA;NA;NA;1;2;1;NA;NA;NA;NA;NA;NA;NA;NA;NA
21;"MA";2111201;"211120";"São José de Ribamar";"Não";"Região Metropolitana da Grande São Luís";"Pedestres";NA;5;4;12;4;2;2;4;4;1;3;1;1;2;3;2;NA;3;1;2;3;1;1;NA;NA
21;"MA";2111250;"211125";"São José dos Basílios";"Não";"-";"Pedestres";NA;1;NA;NA;NA;NA;NA;NA;NA;NA;NA;NA;NA;NA;NA;NA;NA;NA;NA;NA;NA;NA;NA;NA;NA
21;"MA";2111300;"211130";"São Luís";"Sim";"Região Metropolitana da Grande São Luís";"Pedestres";37;47;77;52;65;76;62;58;48;52;78;53;66;31;27;22;37;48;15;19;41;28;27;33;NA
21;"MA";2111508;"211150";"São Mateus do Maranhão";"Não";"-";"Pedestres";NA;NA;1;7;2;3;1;1;1;1;2;NA;1;1;NA;NA;1;NA;NA;1;NA;NA;2;NA;NA
21;"MA";2111532;"211153";"São Pedro da Água Branca";"Não";"Região Metropolitana do Sudoeste Maranhense";"Pedestres";NA;NA;1;NA;NA;1;1;NA;NA;NA;NA;NA;NA;NA;NA;1;NA;NA;NA;1;NA;NA;NA;NA;NA
21;"MA";2111573;"211157";"São Pedro dos Crentes";"Não";"-";"Pedestres";NA;NA;NA;NA;NA;NA;NA;NA;NA;NA;NA;NA;1;NA;1;NA;NA;NA;NA;NA;NA;NA;NA;NA;NA
21;"MA";2111607;"211160";"São Raimundo das Mangabeiras";"Não";"-";"Pedestres";NA;1;NA;NA;NA;NA;NA;NA;NA;NA;NA;NA;NA;NA;NA;NA;1;NA;1;NA;1;NA;1;NA;NA
21;"MA";2111706;"211170";"São Vicente Ferrer";"Não";"-";"Pedestres";NA;NA;NA;NA;NA;NA;NA;NA;NA;1;1;2;1;NA;1;NA;NA;NA;NA;NA;NA;1;NA;NA;NA
21;"MA";2111722;"211172";"Satubinha";"Não";"-";"Pedestres";NA;NA;NA;1;NA;NA;NA;NA;NA;NA;NA;NA;NA;NA;NA;NA;NA;NA;NA;NA;NA;NA;NA;NA;NA
21;"MA";2111748;"211174";"Senador Alexandre Costa";"Não";"-";"Pedestres";1;NA;NA;NA;NA;NA;NA;NA;NA;NA;1;1;NA;NA;NA;1;NA;NA;NA;NA;1;NA;NA;NA;NA
21;"MA";2111763;"211176";"Senador La Rocque";"Não";"Região Metropolitana do Sudoeste Maranhense";"Pedestres";NA;NA;NA;NA;NA;NA;NA;NA;NA;NA;NA;NA;NA;NA;NA;NA;NA;NA;NA;NA;1;2;NA;1;NA
21;"MA";2111805;"211180";"Sítio Novo";"Não";"Região Metropolitana do Sudoeste Maranhense";"Pedestres";1;1;NA;NA;NA;NA;NA;NA;NA;1;NA;NA;NA;1;NA;1;NA;NA;NA;2;3;NA;NA;1;NA
21;"MA";2111953;"211195";"Sucupira do Riachão";"Não";"-";"Pedestres";NA;NA;NA;NA;NA;NA;NA;NA;1;NA;1;NA;1;NA;NA;NA;NA;NA;NA;NA;NA;NA;NA;NA;NA
21;"MA";2112001;"211200";"Tasso Fragoso";"Não";"-";"Pedestres";NA;NA;NA;NA;NA;NA;NA;NA;1;NA;NA;NA;NA;NA;1;NA;NA;NA;NA;NA;NA;NA;1;1;NA
21;"MA";2112100;"211210";"Timbiras";"Não";"-";"Pedestres";NA;NA;NA;NA;NA;NA;NA;NA;NA;1;NA;NA;1;1;NA;NA;NA;NA;1;NA;NA;NA;NA;NA;NA
21;"MA";2112209;"211220";"Timon";"Não";"Região Integrada de Desenvolvimento da Grande Teresina";"Pedestres";NA;NA;1;3;3;4;4;2;10;2;3;1;NA;4;9;12;4;8;6;6;2;1;6;1;NA
21;"MA";2112233;"211223";"Trizidela do Vale";"Não";"-";"Pedestres";1;NA;NA;NA;NA;NA;NA;NA;NA;NA;1;NA;NA;NA;NA;NA;NA;1;NA;NA;NA;NA;NA;NA;NA
21;"MA";2112274;"211227";"Tufilândia";"Não";"-";"Pedestres";NA;NA;NA;NA;NA;NA;NA;NA;NA;NA;1;NA;NA;NA;NA;NA;NA;NA;1;NA;NA;NA;NA;NA;NA
21;"MA";2112308;"211230";"Tuntum";"Não";"-";"Pedestres";NA;NA;1;NA;1;NA;NA;1;2;NA;1;NA;NA;NA;NA;1;NA;2;NA;NA;NA;NA;NA;NA;NA
21;"MA";2112407;"211240";"Turiaçu";"Não";"-";"Pedestres";1;NA;NA;NA;NA;NA;NA;NA;NA;1;NA;NA;1;1;2;1;NA;NA;NA;NA;NA;NA;NA;NA;NA
21;"MA";2112456;"211245";"Turilândia";"Não";"-";"Pedestres";NA;NA;2;NA;1;NA;NA;NA;NA;NA;1;1;NA;NA;NA;NA;NA;NA;NA;NA;NA;NA;NA;NA;NA
21;"MA";2112506;"211250";"Tutóia";"Não";"-";"Pedestres";NA;NA;NA;NA;3;NA;NA;2;NA;NA;NA;NA;2;1;NA;NA;NA;NA;NA;2;NA;NA;NA;NA;NA
21;"MA";2112605;"211260";"Urbano Santos";"Não";"-";"Pedestres";NA;NA;NA;NA;NA;NA;NA;1;NA;NA;1;NA;NA;NA;NA;NA;NA;1;NA;NA;NA;NA;NA;NA;NA
21;"MA";2112704;"211270";"Vargem Grande";"Não";"-";"Pedestres";NA;NA;NA;NA;3;2;2;1;1;1;NA;3;NA;1;1;NA;NA;1;NA;NA;1;NA;1;1;NA
21;"MA";2112803;"211280";"Viana";"Não";"-";"Pedestres";1;NA;NA;1;NA;1;NA;2;NA;2;2;2;NA;2;NA;NA;1;1;1;NA;NA;NA;1;NA;NA
21;"MA";2112852;"211285";"Vila Nova dos Martírios";"Não";"Região Metropolitana do Sudoeste Maranhense";"Pedestres";NA;NA;NA;NA;NA;NA;NA;NA;NA;1;NA;NA;NA;NA;NA;1;NA;1;NA;2;NA;1;NA;NA;NA
21;"MA";2112902;"211290";"Vitória do Mearim";"Não";"-";"Pedestres";1;1;2;2;1;NA;1;NA;1;1;1;NA;4;1;1;1;NA;2;NA;NA;NA;1;NA;NA;NA
21;"MA";2113009;"211300";"Vitorino Freire";"Não";"-";"Pedestres";NA;NA;NA;NA;NA;1;NA;NA;NA;1;NA;NA;NA;NA;NA;NA;1;NA;NA;NA;NA;NA;NA;NA;NA
21;"MA";2114007;"211400";"Zé Doca";"Não";"-";"Pedestres";1;NA;1;NA;1;1;1;NA;3;4;1;NA;1;3;2;1;2;3;2;1;NA;NA;1;NA;NA
22;"PI";2200053;"220005";"Acauã";"Não";"-";"Pedestres";NA;NA;1;NA;NA;NA;NA;NA;NA;NA;NA;NA;NA;NA;NA;NA;NA;NA;NA;NA;NA;NA;NA;NA;NA
22;"PI";2200202;"220020";"Água Branca";"Não";"-";"Pedestres";1;1;NA;NA;NA;2;1;NA;1;1;1;2;NA;1;NA;2;NA;NA;NA;NA;1;1;NA;1;NA
22;"PI";2200251;"220025";"Alagoinha do Piauí";"Não";"-";"Pedestres";NA;NA;NA;NA;NA;NA;NA;NA;NA;NA;NA;NA;NA;NA;NA;NA;NA;NA;NA;NA;NA;NA;NA;1;NA
22;"PI";2200277;"220027";"Alegrete do Piauí";"Não";"-";"Pedestres";NA;NA;NA;NA;NA;NA;1;NA;NA;1;NA;NA;NA;NA;NA;NA;NA;NA;NA;NA;NA;NA;NA;NA;NA
22;"PI";2200301;"220030";"Alto Longá";"Não";"-";"Pedestres";NA;NA;NA;NA;1;NA;1;NA;NA;NA;NA;NA;NA;NA;NA;NA;NA;NA;NA;NA;NA;NA;NA;NA;NA
22;"PI";2200400;"220040";"Altos";"Não";"Região Integrada de Desenvolvimento da Grande Teresina";"Pedestres";2;NA;NA;3;NA;NA;2;2;4;6;NA;2;1;1;1;NA;NA;NA;4;NA;1;2;NA;1;NA
22;"PI";2200459;"220045";"Alvorada do Gurguéia";"Não";"-";"Pedestres";NA;NA;NA;NA;NA;NA;NA;NA;1;NA;1;1;1;NA;2;NA;NA;NA;1;NA;NA;NA;NA;NA;NA
22;"PI";2200509;"220050";"Amarante";"Não";"-";"Pedestres";NA;2;1;NA;NA;NA;NA;1;1;NA;1;NA;NA;NA;NA;NA;NA;1;1;NA;1;NA;NA;NA;NA
22;"PI";2200608;"220060";"Angical do Piauí";"Não";"-";"Pedestres";NA;1;NA;NA;NA;NA;1;NA;NA;NA;NA;1;NA;NA;1;NA;NA;NA;NA;NA;NA;NA;NA;NA;NA
22;"PI";2200707;"220070";"Anísio de Abreu";"Não";"-";"Pedestres";NA;NA;NA;NA;NA;NA;NA;NA;NA;NA;NA;NA;1;NA;NA;NA;NA;NA;NA;NA;NA;NA;1;NA;NA
22;"PI";2200806;"220080";"Antônio Almeida";"Não";"-";"Pedestres";NA;NA;NA;NA;1;NA;NA;NA;NA;NA;1;NA;NA;NA;NA;NA;NA;NA;NA;NA;NA;NA;NA;NA;NA
22;"PI";2200905;"220090";"Aroazes";"Não";"-";"Pedestres";NA;NA;NA;NA;NA;NA;NA;NA;NA;NA;NA;NA;NA;NA;NA;NA;NA;NA;NA;1;NA;NA;NA;NA;NA
22;"PI";2201051;"220105";"Assunção do Piauí";"Não";"-";"Pedestres";NA;NA;NA;NA;NA;NA;NA;NA;NA;1;NA;NA;NA;NA;NA;NA;NA;NA;NA;NA;NA;1;NA;NA;NA
22;"PI";2201101;"220110";"Avelino Lopes";"Não";"-";"Pedestres";NA;NA;NA;NA;NA;NA;1;1;NA;NA;1;NA;1;1;NA;NA;NA;NA;NA;NA;NA;NA;NA;NA;NA
22;"PI";2201150;"220115";"Baixa Grande do Ribeiro";"Não";"-";"Pedestres";1;NA;NA;NA;NA;NA;NA;NA;NA;1;1;NA;1;NA;NA;NA;2;NA;1;NA;NA;NA;NA;1;NA
22;"PI";2201176;"220117";"Barra D'Alcântara";"Não";"-";"Pedestres";NA;NA;NA;NA;NA;NA;NA;NA;NA;NA;NA;NA;NA;NA;1;NA;NA;NA;NA;NA;NA;NA;NA;NA;NA
22;"PI";2201200;"220120";"Barras";"Não";"-";"Pedestres";2;1;2;1;NA;1;1;1;1;NA;1;2;1;NA;1;1;NA;NA;NA;1;NA;NA;2;1;NA
22;"PI";2201408;"220140";"Barro Duro";"Não";"-";"Pedestres";NA;NA;NA;NA;NA;NA;1;NA;1;NA;1;1;NA;NA;NA;NA;NA;1;NA;NA;NA;2;NA;2;NA
22;"PI";2201507;"220150";"Batalha";"Não";"-";"Pedestres";NA;1;NA;1;NA;NA;NA;2;1;1;1;NA;NA;NA;NA;NA;NA;NA;1;NA;1;NA;NA;NA;NA
22;"PI";2201606;"220160";"Beneditinos";"Não";"Região Integrada de Desenvolvimento da Grande Teresina";"Pedestres";NA;NA;NA;NA;NA;NA;NA;NA;NA;1;1;NA;NA;NA;NA;NA;NA;NA;NA;1;NA;NA;NA;NA;NA
22;"PI";2201705;"220170";"Bertolínia";"Não";"-";"Pedestres";NA;NA;NA;NA;NA;NA;NA;NA;1;NA;NA;NA;2;NA;NA;NA;NA;NA;NA;1;NA;NA;NA;NA;NA
22;"PI";2201770;"220177";"Boa Hora";"Não";"-";"Pedestres";NA;NA;NA;NA;NA;1;NA;NA;NA;1;NA;NA;NA;NA;NA;NA;NA;NA;NA;NA;NA;NA;NA;1;NA
22;"PI";2201804;"220180";"Bocaina";"Não";"-";"Pedestres";NA;NA;NA;NA;NA;NA;NA;NA;NA;NA;NA;NA;NA;NA;NA;NA;NA;NA;1;NA;NA;NA;NA;NA;NA
22;"PI";2201903;"220190";"Bom Jesus";"Não";"-";"Pedestres";NA;1;2;2;NA;NA;NA;NA;1;1;NA;1;NA;1;1;NA;3;NA;NA;2;1;NA;NA;1;NA
22;"PI";2201919;"220191";"Bom Princípio do Piauí";"Não";"-";"Pedestres";NA;NA;NA;NA;NA;NA;NA;NA;NA;NA;NA;NA;NA;NA;NA;NA;NA;NA;NA;NA;NA;NA;NA;1;NA
22;"PI";2201929;"220192";"Bonfim do Piauí";"Não";"-";"Pedestres";NA;NA;NA;NA;NA;NA;NA;NA;NA;NA;NA;NA;NA;NA;NA;NA;NA;NA;NA;NA;NA;NA;NA;NA;NA
22;"PI";2201945;"220194";"Boqueirão do Piauí";"Não";"-";"Pedestres";NA;NA;NA;NA;NA;NA;NA;1;NA;NA;NA;NA;NA;2;NA;1;1;1;1;NA;NA;NA;NA;NA;NA
22;"PI";2201960;"220196";"Brasileira";"Não";"-";"Pedestres";NA;NA;NA;NA;NA;NA;NA;NA;1;2;NA;NA;NA;NA;NA;NA;NA;NA;1;NA;1;1;NA;NA;NA
22;"PI";2202000;"220200";"Buriti dos Lopes";"Não";"-";"Pedestres";1;NA;NA;NA;NA;1;NA;NA;1;1;NA;NA;NA;NA;2;NA;NA;NA;NA;1;1;NA;NA;NA;NA
22;"PI";2202026;"220202";"Buriti dos Montes";"Não";"-";"Pedestres";NA;1;NA;NA;NA;NA;NA;NA;NA;NA;NA;NA;1;NA;NA;NA;NA;NA;NA;NA;NA;NA;NA;NA;NA
22;"PI";2202059;"220205";"Cabeceiras do Piauí";"Não";"-";"Pedestres";NA;NA;NA;NA;NA;NA;NA;NA;1;NA;1;NA;NA;NA;1;NA;NA;1;NA;NA;NA;NA;NA;NA;NA
22;"PI";2202075;"220207";"Cajazeiras do Piauí";"Não";"-";"Pedestres";NA;NA;NA;NA;NA;NA;NA;1;NA;NA;NA;NA;NA;NA;NA;NA;NA;1;NA;NA;NA;NA;NA;NA;NA
22;"PI";2202083;"220208";"Cajueiro da Praia";"Não";"-";"Pedestres";NA;NA;NA;NA;NA;NA;NA;NA;NA;NA;NA;NA;NA;NA;NA;NA;NA;NA;NA;NA;NA;NA;NA;1;NA
22;"PI";2202109;"220210";"Campinas do Piauí";"Não";"-";"Pedestres";NA;NA;NA;NA;NA;NA;NA;NA;NA;NA;NA;NA;NA;NA;NA;NA;1;NA;NA;NA;NA;NA;NA;NA;NA
22;"PI";2202133;"220213";"Campo Grande do Piauí";"Não";"-";"Pedestres";NA;NA;NA;1;NA;NA;NA;NA;NA;NA;NA;NA;NA;NA;NA;1;NA;NA;NA;NA;NA;1;1;NA;NA
22;"PI";2202208;"220220";"Campo Maior";"Não";"-";"Pedestres";NA;1;NA;1;1;1;NA;1;1;1;1;1;1;1;2;NA;3;NA;1;NA;2;1;3;3;NA
22;"PI";2202307;"220230";"Canto do Buriti";"Não";"-";"Pedestres";NA;1;NA;NA;2;NA;1;NA;NA;1;NA;NA;1;NA;NA;NA;1;1;NA;NA;1;1;NA;1;NA
22;"PI";2202406;"220240";"Capitão de Campos";"Não";"-";"Pedestres";NA;NA;NA;1;NA;NA;NA;NA;NA;2;NA;NA;NA;NA;1;NA;NA;NA;NA;NA;NA;NA;NA;NA;NA
22;"PI";2202539;"220253";"Caraúbas do Piauí";"Não";"-";"Pedestres";NA;NA;NA;NA;NA;1;NA;NA;NA;NA;NA;NA;NA;NA;NA;1;NA;NA;NA;NA;NA;NA;NA;NA;NA
22;"PI";2202604;"220260";"Castelo do Piauí";"Não";"-";"Pedestres";1;NA;1;NA;NA;2;1;NA;NA;NA;1;NA;NA;1;NA;NA;NA;NA;NA;NA;NA;NA;NA;NA;NA
22;"PI";2202653;"220265";"Caxingó";"Não";"-";"Pedestres";NA;NA;NA;NA;NA;NA;NA;NA;NA;NA;NA;NA;NA;NA;NA;NA;NA;NA;NA;NA;NA;NA;NA;NA;NA
22;"PI";2202703;"220270";"Cocal";"Não";"-";"Pedestres";NA;NA;NA;NA;NA;NA;NA;NA;NA;NA;NA;NA;NA;NA;NA;NA;NA;NA;NA;NA;NA;NA;NA;1;NA
22;"PI";2202711;"220271";"Cocal de Telha";"Não";"-";"Pedestres";NA;NA;NA;NA;NA;NA;NA;NA;NA;NA;NA;2;NA;NA;NA;1;NA;NA;NA;NA;NA;1;NA;NA;NA
22;"PI";2202737;"220273";"Coivaras";"Não";"Região Integrada de Desenvolvimento da Grande Teresina";"Pedestres";1;NA;NA;NA;NA;NA;1;NA;NA;NA;NA;NA;NA;NA;NA;NA;NA;NA;NA;NA;NA;NA;NA;NA;NA
22;"PI";2202752;"220275";"Colônia do Gurguéia";"Não";"-";"Pedestres";NA;NA;NA;NA;NA;NA;NA;NA;NA;NA;NA;NA;NA;NA;NA;NA;1;NA;NA;NA;NA;1;NA;NA;NA
22;"PI";2202778;"220277";"Colônia do Piauí";"Não";"-";"Pedestres";NA;NA;NA;NA;NA;NA;1;NA;NA;NA;NA;NA;NA;NA;NA;NA;NA;NA;NA;NA;NA;NA;NA;NA;NA
22;"PI";2202802;"220280";"Conceição do Canindé";"Não";"-";"Pedestres";NA;NA;NA;NA;NA;NA;NA;NA;NA;NA;NA;NA;NA;NA;NA;NA;NA;NA;NA;NA;NA;NA;NA;NA;NA
22;"PI";2202901;"220290";"Corrente";"Não";"-";"Pedestres";NA;NA;2;NA;1;NA;NA;NA;1;1;3;3;1;2;NA;3;NA;NA;NA;2;1;3;2;5;NA
22;"PI";2203008;"220300";"Cristalândia do Piauí";"Não";"-";"Pedestres";NA;NA;1;NA;NA;NA;NA;NA;NA;NA;NA;NA;NA;NA;NA;1;NA;NA;NA;NA;NA;NA;NA;NA;NA
22;"PI";2203107;"220310";"Cristino Castro";"Não";"-";"Pedestres";2;NA;1;NA;1;2;1;NA;NA;1;NA;1;NA;NA;1;NA;NA;NA;NA;1;NA;NA;NA;NA;NA
22;"PI";2203206;"220320";"Curimatá";"Não";"-";"Pedestres";1;NA;NA;NA;NA;NA;NA;1;NA;NA;NA;NA;NA;NA;1;1;NA;NA;NA;NA;NA;NA;NA;NA;NA
22;"PI";2203230;"220323";"Currais";"Não";"-";"Pedestres";NA;NA;NA;NA;NA;NA;NA;NA;NA;1;NA;NA;NA;NA;NA;NA;NA;NA;NA;NA;1;NA;NA;NA;NA
22;"PI";2203255;"220325";"Curralinhos";"Não";"Região Integrada de Desenvolvimento da Grande Teresina";"Pedestres";NA;NA;1;NA;NA;NA;NA;NA;NA;NA;NA;NA;NA;NA;NA;NA;NA;NA;NA;NA;NA;NA;NA;NA;NA
22;"PI";2203305;"220330";"Demerval Lobão";"Não";"Região Integrada de Desenvolvimento da Grande Teresina";"Pedestres";NA;1;NA;NA;NA;NA;1;1;1;NA;NA;1;NA;1;3;NA;NA;2;NA;1;1;NA;2;1;NA
22;"PI";2203354;"220335";"Dirceu Arcoverde";"Não";"-";"Pedestres";NA;NA;NA;NA;NA;NA;NA;NA;NA;NA;NA;NA;NA;NA;NA;NA;NA;NA;NA;NA;NA;NA;NA;1;NA
22;"PI";2203404;"220340";"Dom Expedito Lopes";"Não";"-";"Pedestres";NA;NA;NA;NA;NA;NA;NA;1;NA;NA;2;NA;1;NA;NA;NA;NA;1;NA;NA;NA;NA;NA;NA;NA
22;"PI";2203503;"220350";"Elesbão Veloso";"Não";"-";"Pedestres";NA;1;NA;1;NA;1;NA;NA;NA;1;NA;NA;NA;NA;NA;NA;NA;1;NA;NA;NA;NA;NA;NA;NA
22;"PI";2203602;"220360";"Eliseu Martins";"Não";"-";"Pedestres";NA;NA;1;NA;NA;1;1;1;1;NA;1;NA;NA;NA;NA;NA;NA;NA;NA;NA;NA;NA;1;NA;NA
22;"PI";2203701;"220370";"Esperantina";"Não";"-";"Pedestres";1;1;2;1;NA;NA;NA;NA;NA;NA;NA;NA;1;NA;1;NA;NA;1;NA;NA;1;1;NA;1;NA
22;"PI";2203750;"220375";"Fartura do Piauí";"Não";"-";"Pedestres";NA;NA;NA;NA;NA;NA;NA;NA;NA;1;NA;NA;NA;NA;1;NA;NA;NA;NA;NA;NA;NA;NA;NA;NA
22;"PI";2203800;"220380";"Flores do Piauí";"Não";"-";"Pedestres";NA;NA;NA;NA;NA;NA;NA;NA;NA;NA;NA;NA;1;NA;NA;NA;NA;NA;NA;NA;NA;NA;NA;NA;NA
22;"PI";2203859;"220385";"Floresta do Piauí";"Não";"-";"Pedestres";NA;NA;NA;NA;NA;NA;NA;NA;NA;NA;NA;NA;1;NA;NA;NA;NA;NA;NA;NA;NA;NA;NA;NA;NA
22;"PI";2203909;"220390";"Floriano";"Não";"-";"Pedestres";1;NA;1;NA;NA;1;2;3;3;2;4;1;NA;2;3;2;1;8;4;4;3;2;2;4;NA
22;"PI";2204006;"220400";"Francinópolis";"Não";"-";"Pedestres";NA;NA;NA;NA;NA;NA;NA;NA;NA;NA;NA;NA;NA;NA;NA;1;NA;NA;NA;NA;NA;NA;NA;NA;NA
22;"PI";2204154;"220415";"Francisco Macedo";"Não";"-";"Pedestres";NA;NA;NA;NA;NA;NA;NA;NA;NA;NA;NA;NA;NA;NA;NA;NA;NA;NA;1;NA;NA;NA;NA;NA;NA
22;"PI";2204204;"220420";"Francisco Santos";"Não";"-";"Pedestres";NA;NA;NA;NA;NA;NA;NA;NA;NA;NA;NA;NA;NA;NA;NA;NA;NA;NA;NA;NA;NA;NA;NA;1;NA
22;"PI";2204303;"220430";"Fronteiras";"Não";"-";"Pedestres";NA;NA;NA;NA;NA;NA;NA;NA;NA;NA;NA;1;1;NA;NA;1;NA;NA;1;NA;NA;NA;NA;NA;NA
22;"PI";2204352;"220435";"Geminiano";"Não";"-";"Pedestres";NA;NA;NA;NA;NA;NA;NA;NA;2;NA;NA;NA;NA;NA;1;NA;NA;NA;NA;1;1;NA;NA;NA;NA
22;"PI";2204402;"220440";"Gilbués";"Não";"-";"Pedestres";NA;NA;NA;NA;NA;NA;1;NA;NA;NA;2;NA;NA;NA;NA;1;NA;NA;NA;NA;NA;NA;NA;NA;NA
22;"PI";2204501;"220450";"Guadalupe";"Não";"-";"Pedestres";NA;NA;NA;1;NA;NA;NA;NA;NA;NA;NA;NA;NA;NA;1;NA;NA;NA;NA;NA;NA;NA;NA;NA;NA
22;"PI";2204550;"220455";"Guaribas";"Não";"-";"Pedestres";NA;NA;NA;NA;NA;1;NA;NA;NA;NA;NA;NA;NA;NA;NA;NA;NA;NA;NA;NA;NA;NA;NA;NA;NA
22;"PI";2204659;"220465";"Ilha Grande";"Não";"-";"Pedestres";NA;NA;NA;NA;NA;NA;NA;NA;NA;NA;NA;NA;NA;NA;NA;NA;NA;NA;NA;NA;NA;NA;NA;NA;NA
22;"PI";2204709;"220470";"Inhuma";"Não";"-";"Pedestres";1;NA;NA;NA;NA;NA;NA;NA;NA;1;1;NA;1;1;NA;2;1;1;NA;NA;1;NA;NA;NA;NA
22;"PI";2204808;"220480";"Ipiranga do Piauí";"Não";"-";"Pedestres";NA;NA;NA;NA;NA;NA;NA;NA;NA;1;NA;NA;NA;NA;NA;NA;NA;NA;NA;NA;NA;NA;NA;NA;NA
22;"PI";2204907;"220490";"Isaías Coelho";"Não";"-";"Pedestres";NA;NA;NA;NA;NA;NA;NA;NA;NA;NA;NA;NA;NA;NA;NA;NA;1;NA;NA;NA;NA;NA;NA;NA;NA
22;"PI";2205003;"220500";"Itainópolis";"Não";"-";"Pedestres";NA;NA;NA;NA;1;NA;NA;NA;NA;NA;NA;NA;NA;NA;NA;NA;NA;NA;NA;NA;NA;1;NA;NA;NA
22;"PI";2205102;"220510";"Itaueira";"Não";"-";"Pedestres";NA;NA;NA;NA;NA;NA;NA;NA;NA;NA;NA;NA;1;NA;2;NA;NA;1;NA;NA;NA;NA;NA;NA;NA
22;"PI";2205151;"220515";"Jacobina do Piauí";"Não";"-";"Pedestres";1;NA;NA;NA;NA;1;NA;NA;NA;NA;NA;1;NA;NA;NA;NA;NA;NA;NA;NA;NA;NA;NA;NA;NA
22;"PI";2205201;"220520";"Jaicós";"Não";"-";"Pedestres";NA;NA;NA;1;1;NA;1;1;NA;NA;1;1;NA;2;NA;NA;NA;NA;NA;NA;NA;NA;NA;NA;NA
22;"PI";2205250;"220525";"Jardim do Mulato";"Não";"-";"Pedestres";NA;NA;NA;NA;NA;NA;NA;1;NA;NA;NA;NA;NA;NA;NA;NA;NA;NA;NA;NA;NA;NA;NA;NA;NA
22;"PI";2205276;"220527";"Jatobá do Piauí";"Não";"-";"Pedestres";NA;NA;NA;NA;NA;NA;NA;1;NA;NA;NA;NA;NA;NA;NA;NA;1;NA;NA;NA;NA;NA;NA;NA;NA
22;"PI";2205300;"220530";"Jerumenha";"Não";"-";"Pedestres";NA;NA;NA;NA;NA;NA;NA;NA;NA;NA;NA;NA;NA;NA;NA;NA;1;NA;NA;NA;NA;NA;NA;NA;NA
22;"PI";2205409;"220540";"Joaquim Pires";"Não";"-";"Pedestres";NA;NA;NA;NA;1;NA;NA;NA;1;NA;2;1;NA;NA;NA;NA;NA;1;NA;NA;NA;NA;NA;NA;NA
22;"PI";2205458;"220545";"Joca Marques";"Não";"-";"Pedestres";NA;NA;NA;NA;NA;NA;NA;NA;NA;NA;1;NA;NA;NA;NA;NA;NA;NA;NA;NA;NA;NA;NA;NA;NA
22;"PI";2205508;"220550";"José de Freitas";"Não";"Região Integrada de Desenvolvimento da Grande Teresina";"Pedestres";NA;NA;2;2;NA;NA;NA;NA;NA;NA;1;1;NA;2;NA;1;1;1;NA;1;NA;NA;NA;NA;NA
22;"PI";2205516;"220551";"Juazeiro do Piauí";"Não";"-";"Pedestres";NA;NA;NA;1;NA;1;NA;NA;NA;NA;NA;NA;NA;NA;NA;NA;NA;NA;NA;NA;NA;NA;NA;NA;NA
22;"PI";2205532;"220553";"Jurema";"Não";"-";"Pedestres";NA;NA;NA;NA;NA;NA;NA;NA;NA;NA;NA;1;NA;NA;NA;1;2;NA;NA;NA;NA;NA;NA;NA;NA
22;"PI";2205540;"220554";"Lagoinha do Piauí";"Não";"-";"Pedestres";NA;NA;NA;NA;NA;NA;NA;NA;NA;NA;NA;NA;NA;NA;NA;1;NA;NA;NA;NA;NA;NA;NA;NA;NA
22;"PI";2205557;"220555";"Lagoa Alegre";"Não";"Região Integrada de Desenvolvimento da Grande Teresina";"Pedestres";NA;NA;NA;NA;NA;NA;NA;NA;NA;NA;NA;NA;NA;NA;1;NA;NA;NA;NA;NA;NA;NA;NA;NA;NA
22;"PI";2205565;"220556";"Lagoa do Barro do Piauí";"Não";"-";"Pedestres";NA;NA;NA;NA;NA;NA;NA;NA;NA;NA;NA;NA;NA;NA;NA;NA;NA;NA;NA;NA;NA;NA;NA;NA;NA
22;"PI";2205573;"220557";"Lagoa de São Francisco";"Não";"-";"Pedestres";NA;NA;NA;NA;NA;NA;NA;NA;1;NA;NA;NA;1;NA;NA;NA;NA;NA;NA;NA;NA;NA;NA;NA;NA
22;"PI";2205581;"220558";"Lagoa do Piauí";"Não";"Região Integrada de Desenvolvimento da Grande Teresina";"Pedestres";NA;NA;NA;NA;NA;NA;NA;1;NA;NA;1;1;NA;NA;NA;1;NA;NA;NA;NA;NA;NA;NA;NA;NA
22;"PI";2205706;"220570";"Luís Correia";"Não";"-";"Pedestres";NA;NA;NA;NA;NA;NA;NA;2;1;NA;NA;NA;3;NA;NA;2;1;NA;NA;NA;1;NA;NA;NA;NA
22;"PI";2205805;"220580";"Luzilândia";"Não";"-";"Pedestres";NA;NA;NA;NA;NA;NA;NA;NA;1;NA;NA;NA;2;NA;1;NA;NA;1;NA;NA;NA;NA;NA;NA;NA
22;"PI";2205904;"220590";"Manoel Emídio";"Não";"-";"Pedestres";NA;NA;NA;NA;NA;1;NA;NA;NA;NA;NA;NA;1;NA;NA;NA;NA;1;NA;NA;NA;NA;NA;NA;NA
22;"PI";2205953;"220595";"Marcolândia";"Não";"-";"Pedestres";NA;NA;NA;NA;NA;NA;NA;1;NA;NA;NA;2;1;NA;NA;1;1;NA;NA;NA;NA;NA;NA;NA;NA
22;"PI";2206001;"220600";"Marcos Parente";"Não";"-";"Pedestres";NA;NA;NA;NA;1;NA;NA;NA;NA;NA;NA;NA;NA;NA;NA;NA;NA;NA;NA;NA;NA;NA;NA;NA;NA
22;"PI";2206100;"220610";"Matias Olímpio";"Não";"-";"Pedestres";NA;NA;NA;NA;NA;NA;NA;NA;NA;1;NA;NA;NA;NA;NA;NA;NA;NA;1;NA;NA;NA;NA;NA;NA
22;"PI";2206209;"220620";"Miguel Alves";"Não";"-";"Pedestres";NA;NA;NA;NA;NA;1;2;NA;NA;2;NA;1;1;NA;1;NA;3;NA;1;NA;NA;NA;NA;NA;NA
22;"PI";2206308;"220630";"Miguel Leão";"Não";"Região Integrada de Desenvolvimento da Grande Teresina";"Pedestres";NA;NA;NA;NA;NA;NA;NA;NA;NA;NA;NA;NA;NA;NA;NA;NA;NA;NA;NA;NA;NA;NA;NA;NA;NA
22;"PI";2206357;"220635";"Milton Brandão";"Não";"-";"Pedestres";NA;NA;NA;NA;NA;NA;NA;NA;NA;NA;NA;NA;NA;NA;NA;NA;NA;NA;NA;NA;NA;NA;NA;NA;NA
22;"PI";2206407;"220640";"Monsenhor Gil";"Não";"Região Integrada de Desenvolvimento da Grande Teresina";"Pedestres";NA;NA;NA;NA;NA;NA;4;NA;NA;NA;NA;3;NA;1;NA;NA;NA;NA;1;NA;NA;1;NA;NA;NA
22;"PI";2206506;"220650";"Monsenhor Hipólito";"Não";"-";"Pedestres";NA;NA;NA;NA;NA;NA;NA;1;1;NA;NA;NA;NA;NA;1;NA;1;NA;1;NA;1;NA;NA;1;NA
22;"PI";2206605;"220660";"Monte Alegre do Piauí";"Não";"-";"Pedestres";NA;NA;NA;NA;NA;NA;1;2;1;NA;NA;1;NA;NA;1;1;NA;NA;NA;1;1;NA;1;1;NA
22;"PI";2206670;"220667";"Morro do Chapéu do Piauí";"Não";"-";"Pedestres";NA;NA;NA;NA;NA;NA;NA;NA;NA;NA;NA;NA;NA;1;NA;NA;NA;NA;NA;NA;NA;NA;NA;NA;NA
22;"PI";2206696;"220669";"Murici dos Portelas";"Não";"-";"Pedestres";NA;NA;2;NA;NA;NA;NA;NA;NA;NA;NA;NA;NA;NA;2;NA;NA;NA;NA;NA;NA;NA;NA;NA;NA
22;"PI";2206704;"220670";"Nazaré do Piauí";"Não";"-";"Pedestres";NA;NA;NA;NA;NA;NA;NA;NA;NA;1;1;NA;NA;NA;NA;NA;NA;NA;NA;1;NA;NA;NA;1;NA
22;"PI";2206720;"220672";"Nazária";"Não";"Região Integrada de Desenvolvimento da Grande Teresina";"Pedestres";NA;NA;NA;NA;NA;NA;NA;NA;NA;2;NA;1;NA;NA;NA;NA;NA;NA;NA;2;NA;NA;NA;1;NA
22;"PI";2206803;"220680";"Nossa Senhora dos Remédios";"Não";"-";"Pedestres";NA;NA;NA;NA;1;NA;NA;NA;NA;NA;NA;NA;1;NA;NA;NA;NA;NA;NA;NA;NA;NA;NA;NA;NA
22;"PI";2206951;"220695";"Novo Santo Antônio";"Não";"-";"Pedestres";NA;NA;NA;NA;NA;NA;NA;NA;NA;NA;NA;NA;NA;NA;NA;NA;NA;NA;NA;NA;NA;NA;NA;NA;NA
22;"PI";2207009;"220700";"Oeiras";"Não";"-";"Pedestres";2;NA;3;1;1;NA;1;NA;1;4;1;1;2;1;NA;2;NA;NA;4;NA;1;NA;2;NA;NA
22;"PI";2207306;"220730";"Paes Landim";"Não";"-";"Pedestres";NA;NA;NA;NA;NA;NA;NA;NA;NA;NA;NA;NA;NA;NA;NA;NA;NA;NA;NA;NA;NA;NA;1;NA;NA
22;"PI";2207504;"220750";"Palmeirais";"Não";"-";"Pedestres";NA;NA;1;NA;NA;NA;NA;NA;NA;NA;NA;NA;1;1;NA;NA;NA;NA;NA;NA;1;NA;NA;NA;NA
22;"PI";2207553;"220755";"Paquetá";"Não";"-";"Pedestres";NA;NA;NA;NA;NA;NA;NA;NA;NA;NA;NA;NA;NA;NA;NA;NA;NA;NA;NA;NA;NA;NA;NA;NA;NA
22;"PI";2207603;"220760";"Parnaguá";"Não";"-";"Pedestres";NA;NA;NA;NA;NA;NA;NA;NA;NA;NA;NA;NA;NA;NA;1;NA;NA;NA;NA;NA;NA;NA;NA;NA;NA
22;"PI";2207702;"220770";"Parnaíba";"Não";"-";"Pedestres";5;5;3;3;1;5;7;16;16;5;20;15;8;5;4;7;4;7;8;4;5;4;6;4;NA
22;"PI";2207751;"220775";"Passagem Franca do Piauí";"Não";"-";"Pedestres";NA;NA;NA;NA;NA;NA;NA;1;NA;1;NA;NA;NA;1;NA;1;NA;NA;NA;NA;NA;NA;NA;NA;NA
22;"PI";2207777;"220777";"Patos do Piauí";"Não";"-";"Pedestres";NA;NA;NA;NA;NA;NA;NA;2;NA;NA;NA;NA;NA;NA;NA;NA;NA;NA;NA;NA;1;1;NA;NA;NA
22;"PI";2207793;"220779";"Pau D'Arco do Piauí";"Não";"-";"Pedestres";NA;NA;NA;NA;NA;NA;1;NA;NA;1;NA;NA;NA;NA;NA;NA;NA;NA;NA;NA;NA;NA;NA;NA;NA
22;"PI";2207801;"220780";"Paulistana";"Não";"-";"Pedestres";NA;NA;NA;NA;NA;1;1;NA;NA;NA;NA;NA;NA;1;NA;1;NA;1;NA;NA;NA;NA;2;NA;NA
22;"PI";2207900;"220790";"Pedro II";"Não";"-";"Pedestres";NA;NA;NA;2;NA;1;1;1;NA;4;NA;2;NA;NA;1;NA;NA;NA;NA;NA;1;NA;NA;1;NA
22;"PI";2208007;"220800";"Picos";"Não";"-";"Pedestres";2;2;2;NA;4;2;2;2;2;4;4;7;5;6;6;5;4;6;6;5;2;4;4;7;NA
22;"PI";2208106;"220810";"Pimenteiras";"Não";"-";"Pedestres";NA;NA;NA;NA;NA;NA;NA;NA;NA;NA;NA;NA;NA;NA;NA;NA;NA;NA;NA;NA;NA;NA;NA;NA;NA
22;"PI";2208205;"220820";"Pio IX";"Não";"-";"Pedestres";NA;1;NA;NA;NA;NA;2;1;NA;NA;NA;NA;NA;NA;1;1;1;3;NA;NA;NA;NA;NA;1;NA
22;"PI";2208304;"220830";"Piracuruca";"Não";"-";"Pedestres";2;NA;NA;1;NA;NA;NA;NA;3;1;NA;NA;NA;2;1;2;1;NA;1;NA;NA;NA;NA;1;NA
22;"PI";2208403;"220840";"Piripiri";"Não";"-";"Pedestres";NA;1;2;1;1;1;1;1;NA;1;2;2;4;NA;2;2;NA;3;2;1;1;1;2;1;NA
22;"PI";2208502;"220850";"Porto";"Não";"-";"Pedestres";NA;NA;NA;NA;1;NA;NA;NA;NA;1;NA;NA;1;NA;NA;NA;NA;NA;NA;NA;NA;NA;NA;NA;NA
22;"PI";2208601;"220860";"Prata do Piauí";"Não";"-";"Pedestres";NA;NA;NA;NA;NA;NA;NA;NA;NA;NA;NA;NA;NA;NA;NA;1;NA;NA;NA;NA;NA;NA;NA;NA;NA
22;"PI";2208650;"220865";"Queimada Nova";"Não";"-";"Pedestres";NA;NA;NA;NA;NA;1;NA;NA;NA;NA;NA;NA;NA;NA;NA;NA;NA;NA;NA;NA;1;NA;1;NA;NA
22;"PI";2208700;"220870";"Redenção do Gurguéia";"Não";"-";"Pedestres";NA;NA;NA;NA;1;NA;1;1;1;NA;1;NA;NA;1;NA;1;NA;NA;NA;NA;NA;NA;NA;NA;NA
22;"PI";2208809;"220880";"Regeneração";"Não";"-";"Pedestres";NA;NA;NA;NA;NA;NA;NA;NA;NA;NA;1;NA;NA;NA;NA;2;NA;2;NA;NA;NA;1;NA;NA;NA
22;"PI";2208908;"220890";"Ribeiro Gonçalves";"Não";"-";"Pedestres";NA;NA;NA;NA;NA;NA;NA;NA;NA;NA;NA;NA;NA;NA;NA;NA;NA;NA;NA;NA;1;NA;NA;NA;NA
22;"PI";2209005;"220900";"Rio Grande do Piauí";"Não";"-";"Pedestres";NA;NA;NA;NA;NA;NA;NA;NA;1;NA;NA;NA;NA;1;NA;NA;NA;NA;NA;NA;NA;1;NA;NA;NA
22;"PI";2209153;"220915";"Santa Cruz dos Milagres";"Não";"-";"Pedestres";NA;NA;NA;NA;NA;NA;NA;NA;NA;NA;1;NA;NA;NA;NA;NA;NA;NA;NA;NA;NA;NA;NA;NA;NA
22;"PI";2209203;"220920";"Santa Filomena";"Não";"-";"Pedestres";NA;NA;NA;NA;NA;NA;NA;NA;NA;NA;NA;NA;NA;NA;NA;NA;NA;NA;NA;NA;NA;NA;1;1;NA
22;"PI";2209302;"220930";"Santa Luz";"Não";"-";"Pedestres";NA;NA;NA;NA;NA;NA;NA;NA;1;NA;NA;NA;NA;NA;NA;NA;NA;NA;NA;1;NA;NA;NA;NA;NA
22;"PI";2209401;"220940";"Santo Antônio de Lisboa";"Não";"-";"Pedestres";NA;NA;NA;NA;NA;NA;NA;NA;NA;NA;1;NA;NA;NA;NA;NA;NA;NA;NA;NA;NA;2;NA;NA;NA
22;"PI";2209500;"220950";"Santo Inácio do Piauí";"Não";"-";"Pedestres";NA;NA;NA;NA;NA;NA;NA;NA;NA;NA;NA;NA;NA;NA;1;NA;NA;NA;NA;NA;NA;NA;NA;NA;NA
22;"PI";2209559;"220955";"São Braz do Piauí";"Não";"-";"Pedestres";NA;NA;NA;NA;NA;NA;NA;NA;NA;NA;NA;NA;NA;NA;NA;1;NA;NA;NA;NA;NA;NA;NA;NA;NA
22;"PI";2209609;"220960";"São Félix do Piauí";"Não";"-";"Pedestres";NA;NA;NA;NA;NA;NA;NA;NA;NA;NA;NA;NA;NA;NA;1;1;NA;NA;NA;NA;NA;NA;NA;NA;NA
22;"PI";2209708;"220970";"São Francisco do Piauí";"Não";"-";"Pedestres";NA;NA;NA;NA;NA;NA;NA;NA;NA;NA;NA;NA;NA;1;NA;NA;1;NA;NA;NA;NA;NA;NA;NA;NA
22;"PI";2209757;"220975";"São Gonçalo do Gurguéia";"Não";"-";"Pedestres";NA;NA;NA;NA;NA;NA;NA;NA;NA;1;NA;NA;NA;NA;NA;NA;NA;NA;NA;NA;NA;NA;NA;NA;NA
22;"PI";2209856;"220985";"São João da Canabrava";"Não";"-";"Pedestres";NA;1;NA;NA;NA;NA;NA;NA;NA;NA;NA;NA;NA;NA;NA;NA;NA;NA;NA;NA;NA;NA;NA;NA;NA
22;"PI";2209872;"220987";"São João da Fronteira";"Não";"-";"Pedestres";NA;NA;NA;1;NA;NA;NA;NA;1;NA;NA;NA;NA;NA;NA;NA;NA;NA;NA;NA;NA;1;NA;NA;NA
22;"PI";2209906;"220990";"São João da Serra";"Não";"-";"Pedestres";NA;NA;NA;NA;NA;NA;NA;NA;NA;NA;NA;NA;NA;NA;NA;1;NA;NA;NA;NA;NA;NA;NA;NA;NA
22;"PI";2209955;"220995";"São João da Varjota";"Não";"-";"Pedestres";NA;NA;NA;NA;NA;NA;NA;NA;NA;1;NA;1;NA;NA;NA;NA;NA;NA;NA;NA;NA;NA;NA;NA;NA
22;"PI";2210003;"221000";"São João do Piauí";"Não";"-";"Pedestres";1;NA;NA;NA;NA;NA;NA;NA;NA;NA;NA;NA;2;NA;NA;NA;NA;1;NA;NA;NA;NA;NA;2;NA
22;"PI";2210052;"221005";"São José do Divino";"Não";"-";"Pedestres";NA;NA;NA;NA;NA;NA;NA;NA;1;NA;NA;NA;NA;NA;NA;NA;NA;NA;NA;NA;NA;NA;NA;NA;NA
22;"PI";2210201;"221020";"São José do Piauí";"Não";"-";"Pedestres";NA;NA;NA;NA;NA;NA;NA;NA;NA;NA;NA;NA;NA;NA;NA;NA;NA;NA;NA;NA;NA;NA;NA;NA;NA
22;"PI";2210300;"221030";"São Julião";"Não";"-";"Pedestres";NA;NA;NA;NA;NA;NA;NA;NA;NA;NA;1;NA;NA;NA;NA;NA;NA;NA;NA;NA;NA;NA;NA;NA;NA
22;"PI";2210359;"221035";"São Lourenço do Piauí";"Não";"-";"Pedestres";NA;NA;NA;NA;NA;NA;NA;1;NA;NA;NA;NA;1;NA;NA;NA;NA;NA;NA;NA;NA;NA;NA;NA;NA
22;"PI";2210375;"221037";"São Luis do Piauí";"Não";"-";"Pedestres";NA;NA;NA;NA;NA;NA;NA;NA;NA;NA;NA;NA;NA;NA;NA;NA;NA;NA;NA;NA;NA;NA;NA;NA;NA
22;"PI";2210383;"221038";"São Miguel da Baixa Grande";"Não";"-";"Pedestres";NA;NA;NA;NA;NA;NA;NA;NA;NA;1;NA;NA;NA;NA;NA;NA;NA;NA;NA;NA;NA;NA;NA;NA;NA
22;"PI";2210409;"221040";"São Miguel do Tapuio";"Não";"-";"Pedestres";NA;NA;NA;NA;NA;NA;NA;NA;NA;1;NA;NA;1;NA;NA;NA;1;NA;NA;NA;NA;NA;NA;NA;NA
22;"PI";2210508;"221050";"São Pedro do Piauí";"Não";"-";"Pedestres";NA;NA;1;NA;NA;NA;1;NA;NA;NA;NA;NA;NA;1;1;NA;NA;1;1;1;NA;NA;NA;NA;NA
22;"PI";2210607;"221060";"São Raimundo Nonato";"Não";"-";"Pedestres";NA;NA;NA;NA;NA;NA;NA;NA;1;1;3;5;1;NA;3;1;NA;1;1;2;NA;NA;NA;2;NA
22;"PI";2210656;"221065";"Sigefredo Pacheco";"Não";"-";"Pedestres";NA;NA;NA;NA;NA;NA;NA;1;NA;1;NA;NA;1;NA;NA;NA;NA;NA;NA;NA;NA;NA;NA;NA;NA
22;"PI";2210706;"221070";"Simões";"Não";"-";"Pedestres";NA;NA;NA;NA;NA;NA;2;NA;NA;NA;1;NA;NA;NA;1;NA;1;NA;NA;NA;NA;NA;NA;NA;NA
22;"PI";2210805;"221080";"Simplício Mendes";"Não";"-";"Pedestres";NA;NA;NA;1;NA;NA;NA;1;NA;NA;NA;NA;NA;1;NA;NA;NA;NA;NA;NA;NA;2;NA;NA;NA
22;"PI";2210904;"221090";"Socorro do Piauí";"Não";"-";"Pedestres";NA;NA;NA;NA;NA;NA;NA;NA;NA;NA;NA;NA;NA;NA;NA;NA;NA;NA;NA;NA;NA;NA;NA;NA;NA
22;"PI";2210938;"221093";"Sussuapara";"Não";"-";"Pedestres";NA;NA;NA;NA;NA;1;NA;NA;NA;2;NA;NA;NA;NA;NA;1;NA;NA;1;NA;NA;NA;NA;NA;NA
22;"PI";2210979;"221097";"Tanque do Piauí";"Não";"-";"Pedestres";NA;NA;NA;NA;NA;NA;NA;NA;NA;NA;NA;1;NA;NA;NA;NA;NA;NA;NA;NA;NA;NA;NA;NA;NA
22;"PI";2211001;"221100";"Teresina";"Sim";"Região Integrada de Desenvolvimento da Grande Teresina";"Pedestres";35;45;46;56;59;49;52;53;64;56;63;52;50;41;44;41;34;27;37;28;27;26;29;36;NA
22;"PI";2211100;"221110";"União";"Não";"Região Integrada de Desenvolvimento da Grande Teresina";"Pedestres";NA;NA;NA;NA;1;3;1;NA;1;1;2;1;3;NA;NA;NA;1;NA;NA;NA;1;1;1;1;NA
22;"PI";2211209;"221120";"Uruçuí";"Não";"-";"Pedestres";NA;1;NA;NA;1;1;1;2;NA;NA;2;NA;NA;NA;NA;1;NA;NA;NA;NA;NA;NA;1;NA;NA
22;"PI";2211308;"221130";"Valença do Piauí";"Não";"-";"Pedestres";1;NA;NA;NA;NA;3;1;NA;NA;NA;2;2;3;1;NA;1;2;NA;1;NA;NA;1;NA;1;NA
22;"PI";2211357;"221135";"Várzea Branca";"Não";"-";"Pedestres";NA;NA;NA;NA;NA;NA;NA;NA;NA;NA;NA;NA;NA;NA;NA;NA;1;NA;NA;NA;NA;NA;NA;NA;NA
22;"PI";2211407;"221140";"Várzea Grande";"Não";"-";"Pedestres";NA;NA;NA;NA;NA;NA;NA;NA;NA;NA;NA;NA;NA;NA;NA;NA;NA;NA;NA;NA;NA;NA;NA;NA;NA
22;"PI";2211506;"221150";"Vera Mendes";"Não";"-";"Pedestres";NA;NA;NA;NA;NA;NA;1;NA;NA;NA;NA;NA;NA;NA;NA;NA;NA;NA;NA;NA;NA;NA;NA;NA;NA
22;"PI";2211605;"221160";"Vila Nova do Piauí";"Não";"-";"Pedestres";NA;NA;NA;NA;NA;1;NA;NA;NA;NA;NA;NA;NA;NA;NA;NA;NA;NA;NA;NA;NA;NA;NA;NA;NA
22;"PI";2211704;"221170";"Wall Ferraz";"Não";"-";"Pedestres";NA;NA;NA;NA;NA;NA;NA;NA;NA;NA;NA;NA;NA;NA;NA;NA;NA;NA;NA;NA;NA;NA;NA;NA;NA
23;"CE";2300101;"230010";"Abaiara";"Não";"-";"Pedestres";NA;NA;NA;NA;NA;NA;NA;NA;NA;NA;NA;NA;NA;1;NA;NA;NA;NA;NA;NA;NA;NA;NA;NA;NA
23;"CE";2300150;"230015";"Acarape";"Não";"-";"Pedestres";1;NA;NA;1;NA;NA;NA;NA;2;NA;NA;1;NA;NA;NA;NA;NA;NA;NA;NA;NA;1;1;NA;NA
23;"CE";2300200;"230020";"Acaraú";"Não";"-";"Pedestres";2;NA;2;NA;2;3;4;5;6;1;12;3;3;2;3;6;1;NA;1;1;2;2;2;NA;NA
23;"CE";2300309;"230030";"Acopiara";"Não";"-";"Pedestres";2;3;2;2;6;1;1;2;NA;1;1;1;NA;1;NA;1;NA;NA;2;3;2;1;1;1;NA
23;"CE";2300507;"230050";"Alcântaras";"Não";"Região Metropolitana de Sobral";"Pedestres";NA;NA;NA;NA;NA;NA;1;1;NA;NA;1;NA;NA;NA;2;NA;NA;NA;NA;NA;NA;NA;1;NA;NA
23;"CE";2300606;"230060";"Altaneira";"Não";"-";"Pedestres";NA;NA;NA;NA;NA;NA;NA;NA;NA;NA;NA;NA;NA;NA;NA;NA;NA;NA;NA;NA;NA;NA;NA;NA;NA
23;"CE";2300705;"230070";"Alto Santo";"Não";"-";"Pedestres";1;1;NA;NA;NA;1;NA;NA;NA;NA;NA;NA;NA;NA;NA;NA;NA;NA;NA;NA;NA;NA;NA;NA;NA
23;"CE";2300754;"230075";"Amontada";"Não";"-";"Pedestres";NA;1;2;3;NA;NA;NA;2;1;2;1;1;NA;NA;3;2;NA;NA;NA;NA;2;2;NA;NA;NA
23;"CE";2300804;"230080";"Antonina do Norte";"Não";"-";"Pedestres";NA;NA;NA;NA;NA;NA;NA;NA;NA;NA;1;NA;NA;1;NA;NA;NA;NA;NA;NA;NA;NA;NA;1;NA
23;"CE";2300903;"230090";"Apuiarés";"Não";"-";"Pedestres";NA;NA;NA;NA;NA;NA;NA;NA;NA;NA;1;NA;NA;NA;NA;NA;NA;NA;NA;NA;NA;NA;NA;NA;NA
23;"CE";2301000;"230100";"Aquiraz";"Não";"Região Metropolitana de Fortaleza";"Pedestres";2;1;NA;2;5;3;1;3;3;4;1;4;1;2;2;4;NA;1;3;5;1;NA;NA;1;NA
23;"CE";2301109;"230110";"Aracati";"Não";"-";"Pedestres";4;5;7;3;6;3;5;5;1;1;5;NA;1;NA;2;NA;2;3;NA;3;2;1;1;NA;NA
23;"CE";2301208;"230120";"Aracoiaba";"Não";"-";"Pedestres";1;NA;NA;1;2;NA;NA;NA;1;NA;NA;NA;NA;1;NA;1;NA;NA;NA;NA;NA;NA;NA;NA;NA
23;"CE";2301257;"230125";"Ararendá";"Não";"-";"Pedestres";NA;NA;2;NA;NA;NA;NA;1;NA;1;NA;NA;NA;NA;NA;NA;NA;NA;NA;NA;NA;NA;NA;2;NA
23;"CE";2301307;"230130";"Araripe";"Não";"-";"Pedestres";NA;NA;NA;NA;NA;NA;NA;1;NA;NA;NA;1;NA;1;NA;NA;NA;1;NA;NA;NA;NA;1;NA;NA
23;"CE";2301406;"230140";"Aratuba";"Não";"-";"Pedestres";NA;1;NA;NA;NA;NA;NA;NA;NA;NA;NA;NA;NA;NA;NA;NA;NA;NA;NA;NA;NA;NA;NA;NA;NA
23;"CE";2301505;"230150";"Arneiroz";"Não";"-";"Pedestres";NA;NA;NA;NA;NA;NA;NA;NA;NA;NA;NA;NA;NA;NA;NA;NA;NA;1;NA;1;NA;NA;NA;NA;NA
23;"CE";2301604;"230160";"Assaré";"Não";"-";"Pedestres";NA;NA;NA;NA;NA;NA;NA;NA;NA;NA;NA;NA;NA;NA;NA;NA;NA;NA;NA;NA;NA;NA;1;1;NA
23;"CE";2301703;"230170";"Aurora";"Não";"-";"Pedestres";2;NA;NA;NA;1;NA;1;NA;NA;1;1;NA;NA;NA;NA;NA;1;NA;NA;NA;NA;NA;NA;NA;NA
23;"CE";2301851;"230185";"Banabuiú";"Não";"-";"Pedestres";NA;NA;1;NA;NA;NA;NA;NA;2;NA;NA;NA;NA;NA;NA;NA;NA;NA;NA;NA;NA;NA;NA;1;NA
23;"CE";2301901;"230190";"Barbalha";"Não";"Região Metropolitana do Cariri";"Pedestres";11;9;NA;NA;7;24;13;11;10;12;7;4;1;10;5;NA;1;4;2;1;2;NA;3;3;NA
23;"CE";2301950;"230195";"Barreira";"Não";"-";"Pedestres";NA;NA;NA;NA;NA;NA;1;NA;1;NA;NA;1;NA;1;NA;NA;1;NA;1;NA;NA;NA;NA;NA;NA
23;"CE";2302008;"230200";"Barro";"Não";"-";"Pedestres";NA;2;1;NA;NA;NA;NA;NA;1;3;NA;1;NA;NA;NA;NA;1;NA;NA;1;1;NA;NA;NA;NA
23;"CE";2302057;"230205";"Barroquinha";"Não";"-";"Pedestres";NA;NA;NA;NA;2;2;NA;1;NA;NA;NA;1;1;1;NA;NA;NA;1;NA;NA;NA;NA;NA;NA;NA
23;"CE";2302107;"230210";"Baturité";"Não";"-";"Pedestres";2;1;1;2;1;NA;NA;NA;NA;NA;NA;NA;NA;NA;NA;NA;NA;NA;NA;NA;NA;NA;1;NA;NA
23;"CE";2302206;"230220";"Beberibe";"Não";"-";"Pedestres";3;NA;1;3;4;2;4;6;3;3;4;2;1;1;1;1;NA;NA;NA;2;3;1;1;2;NA
23;"CE";2302305;"230230";"Bela Cruz";"Não";"-";"Pedestres";NA;NA;NA;NA;NA;NA;1;NA;3;NA;1;NA;2;NA;1;1;NA;1;1;2;NA;3;2;NA;NA
23;"CE";2302404;"230240";"Boa Viagem";"Não";"-";"Pedestres";NA;1;1;1;NA;2;3;2;NA;1;NA;NA;1;NA;1;1;2;NA;NA;NA;1;NA;NA;NA;NA
23;"CE";2302503;"230250";"Brejo Santo";"Não";"-";"Pedestres";NA;NA;NA;NA;NA;1;NA;NA;1;1;1;1;1;2;NA;2;2;NA;1;NA;NA;1;NA;NA;NA
23;"CE";2302602;"230260";"Camocim";"Não";"-";"Pedestres";NA;2;2;NA;2;NA;2;3;1;3;3;1;2;NA;NA;NA;NA;NA;NA;NA;1;NA;4;2;NA
23;"CE";2302701;"230270";"Campos Sales";"Não";"-";"Pedestres";NA;NA;NA;1;1;1;NA;NA;NA;NA;1;NA;1;1;2;NA;NA;NA;1;NA;NA;NA;NA;NA;NA
23;"CE";2302800;"230280";"Canindé";"Não";"-";"Pedestres";4;1;1;1;2;3;4;2;3;4;5;NA;1;2;3;1;1;1;NA;NA;NA;1;1;NA;NA
23;"CE";2302909;"230290";"Capistrano";"Não";"-";"Pedestres";NA;NA;1;NA;NA;NA;NA;NA;NA;4;1;1;2;1;NA;NA;NA;NA;NA;NA;NA;NA;NA;NA;NA
23;"CE";2303006;"230300";"Caridade";"Não";"-";"Pedestres";NA;NA;1;NA;NA;1;2;1;NA;NA;1;NA;NA;NA;NA;NA;NA;NA;NA;NA;NA;NA;NA;1;NA
23;"CE";2303105;"230310";"Cariré";"Não";"Região Metropolitana de Sobral";"Pedestres";NA;NA;NA;1;NA;NA;NA;3;NA;1;NA;NA;NA;NA;2;NA;NA;NA;NA;NA;1;NA;NA;NA;NA
23;"CE";2303204;"230320";"Caririaçu";"Não";"Região Metropolitana do Cariri";"Pedestres";NA;NA;1;NA;NA;NA;NA;NA;1;1;NA;NA;NA;NA;NA;NA;1;NA;NA;2;2;1;1;NA;NA
23;"CE";2303303;"230330";"Cariús";"Não";"-";"Pedestres";NA;NA;NA;NA;NA;NA;NA;NA;NA;NA;NA;1;NA;NA;NA;NA;NA;NA;NA;NA;NA;NA;NA;NA;NA
23;"CE";2303402;"230340";"Carnaubal";"Não";"-";"Pedestres";NA;NA;NA;NA;NA;NA;1;NA;NA;NA;NA;NA;NA;NA;NA;NA;NA;NA;NA;NA;NA;NA;NA;1;NA
23;"CE";2303501;"230350";"Cascavel";"Não";"Região Metropolitana de Fortaleza";"Pedestres";3;2;NA;1;1;NA;NA;7;4;6;6;2;1;NA;NA;1;1;NA;1;2;1;NA;NA;NA;NA
23;"CE";2303600;"230360";"Catarina";"Não";"-";"Pedestres";NA;NA;NA;1;NA;NA;NA;1;NA;NA;NA;NA;NA;NA;NA;NA;NA;NA;NA;NA;NA;NA;NA;NA;NA
23;"CE";2303659;"230365";"Catunda";"Não";"-";"Pedestres";2;2;NA;NA;2;NA;NA;NA;NA;NA;NA;NA;NA;NA;NA;1;NA;NA;NA;NA;NA;NA;NA;NA;NA
23;"CE";2303709;"230370";"Caucaia";"Não";"Região Metropolitana de Fortaleza";"Pedestres";13;12;8;10;3;9;6;19;13;17;18;17;8;8;9;3;6;12;6;6;NA;2;2;2;NA
23;"CE";2303808;"230380";"Cedro";"Não";"-";"Pedestres";NA;NA;NA;NA;NA;NA;1;2;NA;NA;NA;NA;NA;NA;NA;NA;NA;NA;NA;NA;NA;NA;NA;NA;NA
23;"CE";2303907;"230390";"Chaval";"Não";"-";"Pedestres";NA;1;1;NA;1;NA;NA;NA;NA;NA;1;NA;NA;NA;NA;NA;NA;NA;1;NA;NA;NA;NA;NA;NA
23;"CE";2303931;"230393";"Choró";"Não";"-";"Pedestres";NA;NA;NA;1;NA;NA;NA;1;NA;NA;NA;NA;NA;NA;NA;NA;NA;NA;NA;NA;NA;NA;NA;NA;NA
23;"CE";2303956;"230395";"Chorozinho";"Não";"Região Metropolitana de Fortaleza";"Pedestres";5;2;1;NA;2;NA;2;2;NA;NA;2;2;1;1;1;NA;NA;1;NA;NA;1;NA;NA;NA;NA
23;"CE";2304004;"230400";"Coreaú";"Não";"Região Metropolitana de Sobral";"Pedestres";NA;NA;NA;2;NA;NA;3;2;NA;NA;1;1;NA;NA;NA;NA;NA;NA;1;1;NA;NA;2;NA;NA
23;"CE";2304103;"230410";"Crateús";"Não";"-";"Pedestres";4;2;3;3;2;3;1;2;4;4;2;NA;NA;3;2;1;3;1;1;2;2;NA;NA;1;NA
23;"CE";2304202;"230420";"Crato";"Não";"Região Metropolitana do Cariri";"Pedestres";1;4;5;7;13;4;3;NA;6;4;2;1;NA;3;3;NA;NA;2;1;2;3;2;1;2;NA
23;"CE";2304236;"230423";"Croatá";"Não";"-";"Pedestres";1;1;1;NA;1;1;NA;NA;1;NA;1;NA;NA;NA;NA;2;2;1;1;NA;2;NA;1;NA;NA
23;"CE";2304251;"230425";"Cruz";"Não";"-";"Pedestres";NA;NA;NA;NA;1;1;NA;2;NA;NA;NA;2;3;1;NA;1;NA;1;2;1;1;4;NA;NA;NA
23;"CE";2304269;"230426";"Deputado Irapuan Pinheiro";"Não";"-";"Pedestres";NA;NA;NA;NA;NA;NA;NA;NA;NA;NA;NA;NA;NA;NA;NA;NA;NA;1;NA;NA;NA;NA;NA;1;NA
23;"CE";2304277;"230427";"Ereré";"Não";"-";"Pedestres";NA;NA;NA;NA;NA;NA;NA;NA;1;NA;NA;NA;NA;NA;NA;NA;NA;1;NA;NA;NA;NA;NA;NA;NA
23;"CE";2304285;"230428";"Eusébio";"Não";"Região Metropolitana de Fortaleza";"Pedestres";2;NA;1;5;1;NA;2;2;1;1;4;1;2;NA;2;1;NA;3;3;1;NA;NA;NA;1;NA
23;"CE";2304301;"230430";"Farias Brito";"Não";"Região Metropolitana do Cariri";"Pedestres";NA;1;1;1;NA;NA;NA;1;1;NA;1;NA;NA;NA;NA;NA;NA;1;NA;NA;NA;NA;NA;NA;NA
23;"CE";2304350;"230435";"Forquilha";"Não";"Região Metropolitana de Sobral";"Pedestres";NA;NA;1;2;1;NA;1;NA;NA;NA;NA;NA;3;1;1;NA;1;NA;2;NA;2;NA;NA;2;NA
23;"CE";2304400;"230440";"Fortaleza";"Sim";"Região Metropolitana de Fortaleza";"Pedestres";108;110;97;88;95;74;113;187;97;86;150;98;86;79;65;70;65;126;97;80;52;48;66;72;NA
23;"CE";2304459;"230445";"Fortim";"Não";"-";"Pedestres";3;1;NA;NA;NA;1;NA;NA;NA;NA;NA;1;NA;NA;NA;NA;NA;NA;1;NA;NA;NA;NA;NA;NA
23;"CE";2304509;"230450";"Frecheirinha";"Não";"Região Metropolitana de Sobral";"Pedestres";1;1;NA;1;2;1;NA;NA;1;NA;1;2;NA;1;NA;NA;NA;NA;NA;NA;1;NA;NA;NA;NA
23;"CE";2304608;"230460";"General Sampaio";"Não";"-";"Pedestres";NA;NA;NA;NA;NA;NA;NA;NA;NA;NA;NA;NA;NA;NA;NA;NA;NA;NA;NA;1;1;NA;NA;NA;NA
23;"CE";2304657;"230465";"Graça";"Não";"Região Metropolitana de Sobral";"Pedestres";NA;NA;NA;NA;NA;NA;NA;NA;1;1;NA;NA;NA;NA;NA;NA;NA;NA;NA;1;NA;1;NA;2;NA
23;"CE";2304707;"230470";"Granja";"Não";"-";"Pedestres";NA;NA;1;NA;1;NA;NA;1;4;NA;1;NA;NA;NA;2;1;NA;1;2;1;1;NA;1;1;NA
23;"CE";2304806;"230480";"Granjeiro";"Não";"-";"Pedestres";NA;NA;NA;NA;NA;NA;NA;NA;NA;NA;NA;NA;NA;NA;NA;NA;NA;NA;NA;NA;NA;NA;NA;NA;NA
23;"CE";2304905;"230490";"Groaíras";"Não";"Região Metropolitana de Sobral";"Pedestres";NA;NA;NA;1;NA;NA;NA;NA;NA;NA;NA;1;NA;NA;NA;NA;NA;NA;NA;NA;NA;NA;NA;NA;NA
23;"CE";2304954;"230495";"Guaiúba";"Não";"Região Metropolitana de Fortaleza";"Pedestres";NA;NA;NA;2;1;NA;1;1;5;5;1;1;NA;NA;NA;NA;NA;1;NA;NA;NA;1;NA;1;NA
23;"CE";2305001;"230500";"Guaraciaba do Norte";"Não";"-";"Pedestres";3;4;3;3;4;NA;4;3;4;1;5;9;2;NA;2;1;NA;3;2;NA;NA;3;1;1;NA
23;"CE";2305209;"230520";"Hidrolândia";"Não";"-";"Pedestres";NA;NA;NA;1;NA;2;NA;NA;NA;NA;1;NA;2;NA;NA;NA;NA;NA;NA;NA;NA;NA;NA;NA;NA
23;"CE";2305233;"230523";"Horizonte";"Não";"Região Metropolitana de Fortaleza";"Pedestres";NA;1;NA;2;NA;NA;1;NA;6;1;4;2;2;NA;NA;3;1;1;2;1;NA;NA;NA;1;NA
23;"CE";2305266;"230526";"Ibaretama";"Não";"-";"Pedestres";NA;NA;1;1;NA;NA;1;1;NA;NA;NA;NA;NA;NA;NA;NA;NA;NA;NA;NA;1;NA;NA;NA;NA
23;"CE";2305308;"230530";"Ibiapina";"Não";"-";"Pedestres";NA;2;NA;3;2;NA;1;4;1;NA;1;2;NA;2;2;NA;NA;NA;NA;NA;2;1;2;NA;NA
23;"CE";2305332;"230533";"Ibicuitinga";"Não";"-";"Pedestres";NA;1;NA;NA;NA;NA;NA;NA;NA;NA;NA;NA;1;NA;NA;NA;NA;NA;NA;NA;1;NA;NA;NA;NA
23;"CE";2305357;"230535";"Icapuí";"Não";"-";"Pedestres";NA;NA;NA;NA;NA;NA;NA;2;NA;NA;1;NA;NA;NA;NA;NA;NA;2;NA;NA;1;NA;NA;NA;NA
23;"CE";2305407;"230540";"Icó";"Não";"-";"Pedestres";4;1;1;1;NA;NA;2;4;1;1;1;NA;NA;NA;NA;1;1;NA;NA;NA;NA;1;1;NA;NA
23;"CE";2305506;"230550";"Iguatu";"Não";"-";"Pedestres";2;6;3;2;1;2;2;2;3;3;1;6;3;4;NA;2;2;NA;2;2;1;2;NA;3;NA
23;"CE";2305605;"230560";"Independência";"Não";"-";"Pedestres";2;1;NA;2;NA;NA;NA;NA;NA;NA;NA;NA;NA;NA;NA;NA;3;NA;NA;NA;NA;NA;NA;NA;NA
23;"CE";2305654;"230565";"Ipaporanga";"Não";"-";"Pedestres";NA;NA;NA;NA;NA;NA;1;NA;NA;NA;NA;NA;NA;NA;NA;NA;NA;NA;NA;NA;NA;NA;NA;NA;NA
23;"CE";2305704;"230570";"Ipaumirim";"Não";"-";"Pedestres";1;NA;NA;NA;NA;NA;1;NA;NA;NA;NA;NA;NA;NA;NA;NA;NA;NA;NA;NA;NA;NA;NA;NA;NA
23;"CE";2305803;"230580";"Ipu";"Não";"-";"Pedestres";1;NA;3;2;2;1;4;2;2;NA;1;2;1;1;1;NA;NA;3;2;NA;2;NA;NA;1;NA
23;"CE";2305902;"230590";"Ipueiras";"Não";"-";"Pedestres";NA;1;1;2;NA;1;NA;1;1;2;NA;1;1;NA;1;NA;NA;NA;1;2;NA;1;NA;1;NA
23;"CE";2306009;"230600";"Iracema";"Não";"-";"Pedestres";1;NA;NA;NA;1;NA;1;3;NA;NA;NA;NA;NA;NA;NA;NA;NA;NA;NA;1;NA;NA;NA;1;NA
23;"CE";2306108;"230610";"Irauçuba";"Não";"-";"Pedestres";NA;NA;NA;4;NA;NA;1;2;3;1;NA;NA;3;1;NA;1;2;NA;NA;1;NA;1;NA;NA;NA
23;"CE";2306256;"230625";"Itaitinga";"Não";"Região Metropolitana de Fortaleza";"Pedestres";NA;3;NA;NA;1;1;1;1;3;1;NA;NA;NA;2;2;2;1;2;NA;NA;1;NA;NA;2;NA
23;"CE";2306306;"230630";"Itapajé";"Não";"-";"Pedestres";1;NA;1;3;NA;2;1;NA;1;1;2;1;1;NA;2;3;1;3;1;2;1;1;2;NA;NA
23;"CE";2306405;"230640";"Itapipoca";"Não";"-";"Pedestres";3;3;2;3;NA;3;1;8;4;10;1;2;5;3;4;4;6;2;2;NA;NA;1;1;2;NA
23;"CE";2306504;"230650";"Itapiúna";"Não";"-";"Pedestres";NA;2;NA;3;NA;2;NA;NA;1;NA;NA;NA;NA;NA;NA;NA;NA;NA;NA;NA;NA;NA;NA;1;NA
23;"CE";2306553;"230655";"Itarema";"Não";"-";"Pedestres";NA;NA;1;NA;2;NA;NA;2;2;NA;NA;1;1;NA;1;NA;NA;1;NA;1;NA;1;1;NA;NA
23;"CE";2306603;"230660";"Itatira";"Não";"-";"Pedestres";NA;NA;2;NA;NA;NA;NA;1;1;1;1;NA;NA;NA;NA;NA;NA;NA;NA;NA;NA;NA;NA;NA;NA
23;"CE";2306702;"230670";"Jaguaretama";"Não";"-";"Pedestres";NA;NA;NA;NA;1;NA;NA;NA;NA;NA;NA;NA;NA;NA;NA;2;NA;NA;1;NA;NA;1;NA;NA;NA
23;"CE";2306801;"230680";"Jaguaribara";"Não";"-";"Pedestres";NA;NA;NA;NA;NA;NA;NA;NA;NA;NA;NA;NA;NA;NA;NA;NA;NA;NA;NA;NA;NA;NA;NA;NA;NA
23;"CE";2306900;"230690";"Jaguaribe";"Não";"-";"Pedestres";NA;1;1;NA;NA;2;NA;NA;1;2;2;NA;NA;NA;NA;NA;NA;NA;NA;NA;NA;1;1;NA;NA
23;"CE";2307007;"230700";"Jaguaruana";"Não";"-";"Pedestres";1;NA;NA;NA;NA;NA;NA;NA;NA;NA;NA;1;NA;NA;1;NA;NA;1;NA;NA;NA;NA;NA;NA;NA
23;"CE";2307106;"230710";"Jardim";"Não";"Região Metropolitana do Cariri";"Pedestres";NA;2;NA;NA;NA;2;3;3;NA;NA;NA;NA;NA;NA;NA;NA;NA;1;1;1;1;NA;NA;NA;NA
23;"CE";2307205;"230720";"Jati";"Não";"-";"Pedestres";NA;NA;NA;NA;NA;NA;NA;NA;NA;NA;1;NA;NA;NA;NA;1;NA;NA;1;NA;NA;NA;NA;1;NA
23;"CE";2307254;"230725";"Jijoca de Jericoacoara";"Não";"-";"Pedestres";NA;NA;NA;NA;NA;1;1;1;NA;NA;NA;NA;NA;2;5;1;NA;1;1;NA;NA;NA;NA;1;NA
23;"CE";2307304;"230730";"Juazeiro do Norte";"Não";"Região Metropolitana do Cariri";"Pedestres";12;13;12;10;12;18;10;13;9;6;2;NA;NA;3;6;9;5;6;19;11;5;1;5;8;NA
23;"CE";2307403;"230740";"Jucás";"Não";"-";"Pedestres";NA;1;1;1;NA;1;NA;NA;NA;1;NA;3;1;1;NA;NA;NA;NA;1;1;2;1;2;NA;NA
23;"CE";2307502;"230750";"Lavras da Mangabeira";"Não";"-";"Pedestres";NA;1;1;NA;NA;NA;NA;1;1;1;NA;NA;NA;NA;1;NA;NA;NA;NA;NA;NA;1;NA;NA;NA
23;"CE";2307601;"230760";"Limoeiro do Norte";"Não";"-";"Pedestres";2;1;NA;1;3;1;NA;1;1;1;1;NA;NA;1;NA;NA;NA;NA;1;3;1;1;NA;1;NA
23;"CE";2307635;"230763";"Madalena";"Não";"-";"Pedestres";NA;NA;NA;1;NA;NA;NA;NA;NA;NA;NA;NA;NA;NA;NA;1;NA;NA;NA;NA;NA;NA;NA;NA;NA
23;"CE";2307650;"230765";"Maracanaú";"Não";"Região Metropolitana de Fortaleza";"Pedestres";2;2;2;4;2;NA;4;9;7;7;5;2;2;1;2;2;2;1;5;5;1;2;3;3;NA
23;"CE";2307700;"230770";"Maranguape";"Não";"Região Metropolitana de Fortaleza";"Pedestres";2;NA;3;3;3;4;6;2;4;2;4;3;3;3;2;3;4;3;2;1;3;NA;NA;1;NA
23;"CE";2307809;"230780";"Marco";"Não";"-";"Pedestres";NA;1;NA;1;NA;1;NA;NA;3;1;NA;NA;NA;1;NA;NA;NA;NA;NA;NA;NA;NA;NA;NA;NA
23;"CE";2307908;"230790";"Martinópole";"Não";"-";"Pedestres";1;NA;NA;NA;NA;NA;NA;NA;NA;NA;NA;NA;NA;NA;NA;NA;NA;NA;NA;1;NA;NA;NA;NA;NA
23;"CE";2308005;"230800";"Massapê";"Não";"Região Metropolitana de Sobral";"Pedestres";NA;NA;1;NA;NA;NA;NA;3;1;NA;1;NA;1;NA;1;NA;1;NA;NA;NA;2;2;1;1;NA
23;"CE";2308104;"230810";"Mauriti";"Não";"-";"Pedestres";NA;1;NA;NA;NA;NA;NA;NA;1;1;1;NA;NA;NA;NA;NA;NA;NA;NA;1;NA;NA;NA;1;NA
23;"CE";2308203;"230820";"Meruoca";"Não";"Região Metropolitana de Sobral";"Pedestres";NA;NA;NA;2;NA;NA;1;NA;NA;NA;NA;NA;NA;NA;NA;NA;NA;NA;NA;NA;NA;NA;1;NA;NA
23;"CE";2308302;"230830";"Milagres";"Não";"-";"Pedestres";1;NA;NA;NA;NA;NA;NA;NA;1;NA;NA;1;1;NA;2;NA;1;1;NA;1;1;1;NA;NA;NA
23;"CE";2308351;"230835";"Milhã";"Não";"-";"Pedestres";NA;NA;2;NA;NA;NA;NA;NA;NA;NA;NA;NA;NA;NA;NA;NA;NA;1;1;NA;1;NA;NA;1;NA
23;"CE";2308377;"230837";"Miraíma";"Não";"-";"Pedestres";NA;NA;NA;NA;NA;NA;NA;1;NA;NA;4;NA;NA;NA;NA;1;NA;NA;NA;NA;NA;NA;NA;NA;NA
23;"CE";2308401;"230840";"Missão Velha";"Não";"Região Metropolitana do Cariri";"Pedestres";NA;1;NA;NA;NA;1;NA;1;1;2;1;NA;NA;NA;1;NA;1;1;NA;1;NA;1;NA;NA;NA
23;"CE";2308500;"230850";"Mombaça";"Não";"-";"Pedestres";NA;3;NA;NA;1;NA;1;2;2;2;1;1;1;NA;NA;NA;NA;1;1;NA;NA;1;1;1;NA
23;"CE";2308609;"230860";"Monsenhor Tabosa";"Não";"-";"Pedestres";NA;NA;NA;1;1;NA;2;NA;NA;1;NA;NA;NA;NA;NA;NA;NA;NA;NA;NA;NA;NA;NA;NA;NA
23;"CE";2308708;"230870";"Morada Nova";"Não";"-";"Pedestres";2;NA;1;2;2;2;1;1;3;1;NA;4;1;4;1;NA;NA;1;1;1;NA;1;3;2;NA
23;"CE";2308807;"230880";"Moraújo";"Não";"Região Metropolitana de Sobral";"Pedestres";NA;NA;1;NA;NA;1;NA;NA;NA;NA;NA;NA;NA;NA;NA;NA;NA;NA;NA;NA;NA;NA;1;NA;NA
23;"CE";2308906;"230890";"Morrinhos";"Não";"-";"Pedestres";1;1;NA;2;2;1;1;NA;1;1;1;NA;NA;NA;NA;NA;NA;NA;NA;NA;1;2;NA;NA;NA
23;"CE";2309003;"230900";"Mucambo";"Não";"Região Metropolitana de Sobral";"Pedestres";NA;NA;1;1;NA;NA;1;NA;1;1;NA;1;NA;NA;1;NA;NA;NA;NA;NA;NA;NA;1;NA;NA
23;"CE";2309102;"230910";"Mulungu";"Não";"-";"Pedestres";NA;NA;NA;NA;NA;NA;NA;NA;NA;1;NA;NA;NA;NA;NA;NA;NA;NA;NA;NA;NA;NA;1;NA;NA
23;"CE";2309201;"230920";"Nova Olinda";"Não";"Região Metropolitana do Cariri";"Pedestres";NA;NA;NA;NA;1;NA;NA;NA;1;1;NA;NA;NA;NA;1;NA;NA;NA;NA;1;NA;NA;NA;1;NA
23;"CE";2309300;"230930";"Nova Russas";"Não";"-";"Pedestres";NA;NA;NA;NA;4;NA;NA;NA;3;NA;1;1;1;NA;NA;NA;NA;NA;NA;1;NA;1;NA;1;NA
23;"CE";2309409;"230940";"Novo Oriente";"Não";"-";"Pedestres";NA;1;1;1;2;NA;3;NA;2;NA;2;1;NA;NA;NA;NA;NA;1;NA;1;NA;2;NA;2;NA
23;"CE";2309458;"230945";"Ocara";"Não";"-";"Pedestres";1;NA;NA;1;NA;4;NA;2;NA;NA;NA;NA;NA;1;1;NA;NA;1;NA;NA;1;1;NA;NA;NA
23;"CE";2309508;"230950";"Orós";"Não";"-";"Pedestres";NA;1;NA;NA;NA;NA;NA;NA;NA;NA;NA;NA;NA;NA;NA;NA;NA;NA;NA;NA;NA;NA;NA;1;NA
23;"CE";2309607;"230960";"Pacajus";"Não";"Região Metropolitana de Fortaleza";"Pedestres";1;2;3;1;NA;NA;2;1;2;2;2;1;NA;NA;2;1;NA;1;NA;NA;NA;NA;NA;NA;NA
23;"CE";2309706;"230970";"Pacatuba";"Não";"Região Metropolitana de Fortaleza";"Pedestres";NA;NA;NA;NA;1;3;NA;NA;NA;NA;2;1;1;NA;NA;1;NA;1;NA;3;NA;NA;NA;1;NA
23;"CE";2309805;"230980";"Pacoti";"Não";"-";"Pedestres";NA;NA;NA;NA;NA;NA;NA;NA;NA;NA;NA;NA;NA;NA;2;NA;NA;NA;NA;NA;NA;NA;NA;NA;NA
23;"CE";2309904;"230990";"Pacujá";"Não";"Região Metropolitana de Sobral";"Pedestres";NA;1;1;NA;NA;NA;NA;NA;NA;NA;NA;NA;NA;NA;NA;NA;NA;NA;NA;1;1;NA;NA;NA;NA
23;"CE";2310001;"231000";"Palhano";"Não";"-";"Pedestres";NA;NA;NA;NA;NA;NA;NA;NA;NA;NA;NA;1;NA;NA;NA;NA;NA;NA;NA;NA;NA;NA;NA;NA;NA
23;"CE";2310100;"231010";"Palmácia";"Não";"-";"Pedestres";NA;NA;NA;NA;NA;NA;NA;NA;NA;NA;NA;1;NA;NA;NA;NA;NA;NA;1;NA;NA;NA;NA;NA;NA
23;"CE";2310209;"231020";"Paracuru";"Não";"Região Metropolitana de Fortaleza";"Pedestres";2;NA;1;4;NA;NA;NA;NA;NA;3;1;1;1;1;2;NA;NA;NA;NA;NA;NA;1;NA;2;NA
23;"CE";2310258;"231025";"Paraipaba";"Não";"Região Metropolitana de Fortaleza";"Pedestres";1;NA;NA;2;1;3;1;NA;2;1;1;NA;NA;NA;1;NA;1;1;1;NA;1;NA;1;NA;NA
23;"CE";2310308;"231030";"Parambu";"Não";"-";"Pedestres";NA;NA;NA;NA;NA;NA;NA;NA;2;NA;NA;NA;NA;NA;NA;NA;NA;NA;NA;1;1;NA;NA;NA;NA
23;"CE";2310407;"231040";"Paramoti";"Não";"-";"Pedestres";NA;2;NA;NA;NA;NA;NA;1;NA;1;NA;NA;NA;NA;NA;NA;NA;NA;NA;NA;NA;NA;NA;NA;NA
23;"CE";2310506;"231050";"Pedra Branca";"Não";"-";"Pedestres";NA;1;2;3;1;2;1;3;NA;1;NA;1;1;NA;NA;NA;NA;NA;1;2;NA;1;NA;NA;NA
23;"CE";2310605;"231060";"Penaforte";"Não";"-";"Pedestres";NA;NA;NA;NA;NA;NA;NA;NA;1;1;NA;NA;NA;NA;1;2;NA;1;NA;NA;NA;NA;NA;NA;NA
23;"CE";2310704;"231070";"Pentecoste";"Não";"-";"Pedestres";NA;1;NA;NA;NA;1;1;1;NA;NA;NA;1;NA;2;NA;1;NA;NA;1;NA;NA;1;NA;NA;NA
23;"CE";2310803;"231080";"Pereiro";"Não";"-";"Pedestres";NA;NA;NA;NA;NA;NA;NA;NA;NA;NA;NA;NA;NA;NA;NA;NA;1;NA;NA;NA;NA;NA;NA;NA;NA
23;"CE";2310852;"231085";"Pindoretama";"Não";"Região Metropolitana de Fortaleza";"Pedestres";3;4;NA;NA;2;2;2;2;2;NA;NA;NA;NA;NA;NA;1;NA;1;2;2;NA;NA;NA;NA;NA
23;"CE";2310902;"231090";"Piquet Carneiro";"Não";"-";"Pedestres";NA;NA;NA;NA;NA;NA;1;NA;NA;NA;NA;NA;NA;NA;NA;NA;1;NA;NA;1;1;NA;NA;1;NA
23;"CE";2310951;"231095";"Pires Ferreira";"Não";"Região Metropolitana de Sobral";"Pedestres";NA;NA;NA;NA;NA;NA;1;NA;NA;NA;NA;NA;NA;NA;NA;NA;NA;NA;NA;NA;NA;NA;1;NA;NA
23;"CE";2311009;"231100";"Poranga";"Não";"-";"Pedestres";NA;NA;NA;NA;NA;NA;NA;NA;NA;NA;NA;1;NA;NA;NA;NA;NA;NA;NA;NA;NA;1;NA;NA;NA
23;"CE";2311108;"231110";"Porteiras";"Não";"-";"Pedestres";NA;NA;NA;NA;NA;NA;NA;NA;NA;NA;NA;NA;NA;NA;NA;1;2;NA;NA;1;NA;NA;NA;NA;NA
23;"CE";2311207;"231120";"Potengi";"Não";"-";"Pedestres";3;1;NA;NA;NA;NA;NA;NA;NA;NA;NA;NA;NA;NA;NA;1;NA;NA;NA;NA;NA;NA;NA;NA;NA
23;"CE";2311264;"231126";"Quiterianópolis";"Não";"-";"Pedestres";NA;NA;NA;NA;NA;NA;NA;1;3;NA;NA;NA;NA;NA;NA;1;NA;1;1;NA;NA;NA;NA;NA;NA
23;"CE";2311306;"231130";"Quixadá";"Não";"-";"Pedestres";3;2;6;4;2;1;3;1;1;NA;NA;NA;NA;1;1;1;NA;NA;NA;NA;NA;NA;NA;1;NA
23;"CE";2311355;"231135";"Quixelô";"Não";"-";"Pedestres";NA;1;1;NA;NA;1;NA;NA;NA;NA;1;NA;1;1;1;NA;NA;1;NA;NA;NA;NA;NA;NA;NA
23;"CE";2311405;"231140";"Quixeramobim";"Não";"-";"Pedestres";6;7;5;8;2;2;1;1;4;NA;3;1;NA;1;NA;NA;1;1;NA;1;NA;2;1;NA;NA
23;"CE";2311504;"231150";"Quixeré";"Não";"-";"Pedestres";1;NA;NA;1;NA;NA;NA;NA;NA;NA;NA;NA;NA;NA;NA;NA;NA;NA;NA;NA;NA;1;NA;NA;NA
23;"CE";2311603;"231160";"Redenção";"Não";"-";"Pedestres";NA;1;1;NA;1;NA;1;1;NA;NA;NA;NA;NA;1;1;NA;NA;NA;NA;NA;1;NA;NA;NA;NA
23;"CE";2311702;"231170";"Reriutaba";"Não";"Região Metropolitana de Sobral";"Pedestres";NA;NA;NA;1;NA;NA;1;NA;NA;NA;NA;NA;NA;NA;NA;1;NA;1;1;NA;NA;NA;NA;NA;NA
23;"CE";2311801;"231180";"Russas";"Não";"-";"Pedestres";2;NA;1;NA;1;1;2;3;7;2;NA;NA;NA;NA;1;1;1;2;1;3;2;2;1;NA;NA
23;"CE";2311900;"231190";"Saboeiro";"Não";"-";"Pedestres";1;1;NA;NA;NA;NA;NA;NA;NA;1;NA;NA;NA;NA;NA;NA;NA;NA;NA;NA;NA;NA;NA;NA;NA
23;"CE";2311959;"231195";"Salitre";"Não";"-";"Pedestres";NA;1;NA;NA;NA;NA;1;NA;1;1;NA;NA;NA;NA;NA;NA;NA;NA;NA;NA;1;NA;NA;NA;NA
23;"CE";2312007;"231200";"Santana do Acaraú";"Não";"Região Metropolitana de Sobral";"Pedestres";NA;1;1;NA;1;NA;NA;1;NA;NA;1;1;NA;NA;NA;NA;1;NA;NA;1;2;NA;2;NA;NA
23;"CE";2312106;"231210";"Santana do Cariri";"Não";"Região Metropolitana do Cariri";"Pedestres";NA;NA;NA;NA;NA;NA;NA;NA;NA;NA;NA;NA;NA;2;2;NA;NA;NA;NA;1;NA;1;NA;NA;NA
23;"CE";2312205;"231220";"Santa Quitéria";"Não";"-";"Pedestres";NA;3;1;3;NA;1;1;2;NA;NA;1;NA;NA;NA;NA;1;NA;1;NA;NA;NA;NA;NA;NA;NA
23;"CE";2312304;"231230";"São Benedito";"Não";"-";"Pedestres";5;3;2;2;2;2;2;4;5;3;2;NA;4;3;1;3;1;2;1;1;NA;NA;2;2;NA
23;"CE";2312403;"231240";"São Gonçalo do Amarante";"Não";"Região Metropolitana de Fortaleza";"Pedestres";NA;1;3;NA;1;8;5;6;5;3;1;4;2;6;NA;1;1;1;3;NA;1;NA;1;2;NA
23;"CE";2312502;"231250";"São João do Jaguaribe";"Não";"-";"Pedestres";NA;NA;NA;NA;NA;NA;1;NA;NA;NA;NA;NA;NA;NA;NA;NA;NA;NA;NA;NA;NA;NA;NA;1;NA
23;"CE";2312601;"231260";"São Luís do Curu";"Não";"Região Metropolitana de Fortaleza";"Pedestres";NA;NA;NA;3;5;2;NA;NA;1;1;NA;1;NA;NA;1;NA;1;1;NA;NA;1;NA;NA;NA;NA
23;"CE";2312700;"231270";"Senador Pompeu";"Não";"-";"Pedestres";NA;1;1;1;NA;NA;NA;1;NA;NA;2;NA;NA;NA;NA;NA;NA;NA;NA;NA;1;NA;NA;NA;NA
23;"CE";2312809;"231280";"Senador Sá";"Não";"Região Metropolitana de Sobral";"Pedestres";NA;NA;NA;NA;NA;NA;NA;NA;NA;NA;NA;NA;NA;NA;NA;NA;NA;NA;1;NA;NA;NA;NA;NA;NA
23;"CE";2312908;"231290";"Sobral";"Não";"Região Metropolitana de Sobral";"Pedestres";2;NA;2;3;8;9;16;22;18;12;25;17;19;26;23;30;25;29;22;26;26;17;18;27;NA
23;"CE";2313005;"231300";"Solonópole";"Não";"-";"Pedestres";NA;3;1;NA;1;NA;NA;NA;NA;3;NA;2;NA;NA;NA;NA;1;NA;1;NA;1;NA;1;NA;NA
23;"CE";2313104;"231310";"Tabuleiro do Norte";"Não";"-";"Pedestres";NA;NA;NA;1;NA;NA;NA;NA;1;NA;2;NA;NA;1;NA;NA;1;NA;NA;NA;NA;NA;NA;NA;NA
23;"CE";2313203;"231320";"Tamboril";"Não";"-";"Pedestres";1;2;4;5;1;2;NA;NA;NA;1;NA;NA;1;NA;2;NA;NA;NA;NA;NA;NA;NA;NA;1;NA
23;"CE";2313252;"231325";"Tarrafas";"Não";"-";"Pedestres";NA;NA;NA;NA;NA;NA;NA;NA;1;NA;NA;NA;NA;NA;NA;NA;NA;NA;NA;NA;NA;NA;NA;NA;NA
23;"CE";2313302;"231330";"Tauá";"Não";"-";"Pedestres";NA;NA;NA;NA;1;2;NA;NA;1;NA;NA;1;NA;NA;NA;2;NA;2;2;1;2;2;2;1;NA
23;"CE";2313351;"231335";"Tejuçuoca";"Não";"-";"Pedestres";NA;NA;1;NA;NA;1;NA;NA;1;NA;NA;NA;NA;NA;NA;NA;NA;NA;NA;NA;NA;NA;NA;NA;NA
23;"CE";2313401;"231340";"Tianguá";"Não";"-";"Pedestres";7;5;5;2;3;9;3;2;9;3;4;1;1;6;2;6;1;5;3;2;3;1;3;3;NA
23;"CE";2313500;"231350";"Trairi";"Não";"Região Metropolitana de Fortaleza";"Pedestres";2;3;1;2;1;4;3;1;3;1;1;NA;NA;2;1;3;1;4;NA;NA;NA;1;NA;1;NA
23;"CE";2313559;"231355";"Tururu";"Não";"-";"Pedestres";NA;1;NA;NA;NA;1;NA;NA;1;NA;NA;NA;NA;1;1;NA;NA;1;NA;NA;NA;NA;NA;NA;NA
23;"CE";2313609;"231360";"Ubajara";"Não";"-";"Pedestres";2;NA;1;1;1;1;2;1;3;1;NA;NA;NA;3;1;NA;NA;NA;NA;1;2;NA;1;3;NA
23;"CE";2313757;"231375";"Umirim";"Não";"-";"Pedestres";1;NA;1;1;NA;4;2;2;NA;NA;NA;NA;NA;NA;2;NA;NA;NA;NA;1;1;NA;NA;NA;NA
23;"CE";2313807;"231380";"Uruburetama";"Não";"-";"Pedestres";NA;NA;NA;NA;NA;NA;NA;NA;NA;NA;NA;NA;NA;NA;NA;1;NA;NA;1;NA;NA;NA;NA;NA;NA
23;"CE";2313906;"231390";"Uruoca";"Não";"-";"Pedestres";1;NA;NA;NA;NA;NA;NA;1;NA;NA;1;NA;1;NA;NA;NA;2;1;NA;NA;NA;NA;NA;NA;NA
23;"CE";2313955;"231395";"Varjota";"Não";"Região Metropolitana de Sobral";"Pedestres";NA;NA;NA;NA;2;3;NA;1;1;3;NA;NA;NA;NA;NA;NA;NA;NA;NA;NA;1;NA;NA;NA;NA
23;"CE";2314003;"231400";"Várzea Alegre";"Não";"-";"Pedestres";NA;NA;1;1;NA;NA;1;1;NA;2;NA;1;NA;1;NA;NA;NA;2;1;NA;NA;NA;NA;1;NA
23;"CE";2314102;"231410";"Viçosa do Ceará";"Não";"-";"Pedestres";2;1;NA;2;4;NA;1;5;1;NA;3;6;2;3;1;1;5;NA;NA;3;NA;1;NA;3;NA
24;"RN";2400109;"240010";"Acari";"Não";"-";"Pedestres";NA;NA;NA;NA;NA;NA;NA;NA;NA;NA;NA;NA;NA;NA;NA;NA;1;NA;NA;NA;NA;NA;NA;NA;NA
24;"RN";2400208;"240020";"Açu";"Não";"-";"Pedestres";NA;NA;3;5;3;NA;2;2;2;NA;1;NA;NA;NA;1;NA;NA;NA;1;NA;NA;NA;NA;2;NA
24;"RN";2400307;"240030";"Afonso Bezerra";"Não";"-";"Pedestres";NA;NA;NA;NA;NA;NA;1;NA;NA;NA;NA;NA;NA;NA;NA;NA;NA;NA;NA;NA;NA;NA;NA;NA;NA
24;"RN";2400505;"240050";"Alexandria";"Não";"-";"Pedestres";NA;NA;NA;NA;NA;NA;NA;NA;NA;NA;NA;NA;NA;NA;NA;NA;NA;1;NA;NA;NA;NA;NA;NA;NA
24;"RN";2400703;"240070";"Alto do Rodrigues";"Não";"-";"Pedestres";1;NA;NA;NA;NA;NA;1;1;NA;1;NA;NA;NA;1;NA;NA;NA;NA;NA;NA;NA;NA;NA;NA;NA
24;"RN";2400802;"240080";"Angicos";"Não";"-";"Pedestres";1;1;NA;NA;NA;NA;NA;NA;NA;1;NA;NA;NA;NA;1;1;NA;NA;1;NA;1;1;NA;NA;NA
24;"RN";2401008;"240100";"Apodi";"Não";"-";"Pedestres";NA;NA;NA;NA;3;1;NA;NA;NA;NA;NA;NA;1;NA;NA;1;NA;NA;NA;NA;NA;NA;NA;NA;NA
24;"RN";2401107;"240110";"Areia Branca";"Não";"-";"Pedestres";NA;1;1;1;NA;NA;2;1;NA;NA;1;NA;NA;1;NA;NA;NA;NA;2;1;NA;NA;NA;NA;NA
24;"RN";2401206;"240120";"Arês";"Não";"Região Metropolitana de Natal";"Pedestres";1;NA;NA;NA;NA;NA;NA;NA;1;NA;NA;NA;1;NA;NA;NA;1;NA;1;NA;NA;NA;NA;NA;NA
24;"RN";2401305;"240130";"Campo Grande";"Não";"-";"Pedestres";NA;NA;NA;NA;NA;NA;NA;NA;NA;NA;NA;NA;NA;NA;NA;NA;NA;NA;NA;NA;NA;NA;NA;NA;NA
24;"RN";2401404;"240140";"Baía Formosa";"Não";"-";"Pedestres";NA;NA;NA;NA;NA;NA;NA;NA;NA;1;NA;NA;NA;1;NA;NA;NA;NA;NA;NA;NA;NA;NA;NA;NA
24;"RN";2401453;"240145";"Baraúna";"Não";"-";"Pedestres";NA;2;NA;1;1;1;1;NA;NA;NA;1;NA;NA;1;NA;NA;1;NA;1;NA;NA;NA;1;NA;NA
24;"RN";2401602;"240160";"Bento Fernandes";"Não";"-";"Pedestres";NA;NA;NA;NA;NA;NA;NA;NA;NA;NA;NA;NA;1;NA;NA;NA;NA;NA;NA;NA;NA;NA;NA;NA;NA
24;"RN";2401701;"240170";"Bom Jesus";"Não";"Região Metropolitana de Natal";"Pedestres";NA;NA;NA;NA;NA;NA;NA;NA;NA;NA;NA;NA;NA;NA;NA;NA;NA;NA;NA;NA;NA;NA;NA;NA;NA
24;"RN";2401800;"240180";"Brejinho";"Não";"-";"Pedestres";NA;NA;NA;NA;NA;NA;NA;NA;1;NA;NA;1;1;NA;NA;NA;1;NA;2;NA;NA;NA;1;NA;NA
24;"RN";2402006;"240200";"Caicó";"Não";"-";"Pedestres";NA;1;NA;2;2;1;NA;NA;NA;NA;2;NA;NA;NA;2;NA;NA;NA;NA;NA;1;NA;NA;1;NA
24;"RN";2402105;"240210";"Campo Redondo";"Não";"-";"Pedestres";NA;NA;1;NA;NA;1;NA;NA;NA;NA;1;NA;NA;NA;NA;NA;NA;NA;NA;NA;NA;NA;NA;NA;NA
24;"RN";2402204;"240220";"Canguaretama";"Não";"-";"Pedestres";2;NA;1;1;NA;1;2;1;NA;1;NA;2;3;NA;1;NA;1;1;NA;NA;NA;NA;NA;1;NA
24;"RN";2402303;"240230";"Caraúbas";"Não";"-";"Pedestres";NA;NA;NA;NA;1;NA;1;3;NA;NA;NA;NA;NA;1;NA;NA;NA;NA;NA;NA;NA;NA;NA;NA;NA
24;"RN";2402402;"240240";"Carnaúba dos Dantas";"Não";"-";"Pedestres";NA;NA;NA;NA;NA;NA;NA;NA;NA;NA;NA;NA;NA;NA;NA;1;NA;NA;NA;NA;NA;NA;NA;NA;NA
24;"RN";2402501;"240250";"Carnaubais";"Não";"-";"Pedestres";1;NA;NA;NA;NA;NA;NA;1;NA;NA;NA;NA;NA;NA;NA;NA;NA;NA;1;NA;NA;NA;NA;NA;NA
24;"RN";2402600;"240260";"Ceará-Mirim";"Não";"Região Metropolitana de Natal";"Pedestres";4;3;3;3;1;1;1;4;3;1;1;NA;NA;NA;1;2;1;2;NA;NA;1;NA;NA;1;NA
24;"RN";2402709;"240270";"Cerro Corá";"Não";"-";"Pedestres";NA;NA;NA;NA;1;NA;NA;NA;NA;NA;NA;NA;NA;NA;NA;NA;NA;NA;NA;NA;NA;NA;NA;NA;NA
24;"RN";2402808;"240280";"Coronel Ezequiel";"Não";"-";"Pedestres";NA;NA;NA;NA;NA;NA;1;NA;NA;NA;NA;NA;NA;NA;NA;NA;NA;NA;1;NA;NA;NA;NA;NA;NA
24;"RN";2403004;"240300";"Cruzeta";"Não";"-";"Pedestres";NA;NA;NA;NA;NA;NA;NA;NA;NA;NA;1;NA;NA;NA;NA;1;NA;NA;1;NA;NA;NA;NA;NA;NA
24;"RN";2403103;"240310";"Currais Novos";"Não";"-";"Pedestres";NA;NA;1;NA;NA;NA;2;1;NA;NA;2;NA;NA;1;NA;NA;NA;NA;NA;NA;1;NA;NA;NA;NA
24;"RN";2403202;"240320";"Doutor Severiano";"Não";"-";"Pedestres";NA;NA;NA;NA;NA;NA;NA;NA;NA;NA;NA;NA;NA;NA;NA;NA;NA;NA;NA;NA;NA;NA;NA;NA;NA
24;"RN";2403251;"240325";"Parnamirim";"Não";"Região Metropolitana de Natal";"Pedestres";5;2;3;NA;3;2;NA;3;2;3;2;3;2;3;3;4;1;1;2;1;1;1;2;2;NA
24;"RN";2403301;"240330";"Encanto";"Não";"-";"Pedestres";NA;NA;NA;NA;NA;NA;NA;NA;NA;NA;NA;NA;1;NA;NA;NA;NA;NA;NA;NA;NA;NA;NA;NA;NA
24;"RN";2403400;"240340";"Equador";"Não";"-";"Pedestres";NA;NA;NA;NA;NA;NA;NA;NA;NA;NA;NA;NA;NA;NA;NA;NA;NA;1;NA;NA;NA;NA;NA;NA;NA
24;"RN";2403509;"240350";"Espírito Santo";"Não";"-";"Pedestres";1;NA;NA;1;1;NA;NA;1;NA;NA;NA;NA;NA;NA;NA;NA;NA;NA;1;NA;NA;NA;NA;NA;NA
24;"RN";2403608;"240360";"Extremoz";"Não";"Região Metropolitana de Natal";"Pedestres";NA;2;1;2;NA;1;NA;NA;1;NA;NA;NA;1;3;1;NA;NA;1;NA;NA;NA;NA;NA;NA;NA
24;"RN";2403756;"240375";"Fernando Pedroza";"Não";"-";"Pedestres";NA;NA;NA;NA;NA;NA;NA;NA;1;NA;NA;NA;1;NA;NA;NA;NA;NA;NA;NA;NA;NA;NA;NA;NA
24;"RN";2403806;"240380";"Florânia";"Não";"-";"Pedestres";NA;NA;NA;NA;NA;NA;NA;NA;NA;NA;NA;NA;NA;NA;NA;NA;NA;NA;NA;NA;NA;NA;NA;NA;NA
24;"RN";2403905;"240390";"Francisco Dantas";"Não";"-";"Pedestres";NA;NA;NA;NA;NA;NA;NA;NA;NA;1;NA;NA;NA;NA;NA;NA;NA;NA;NA;NA;NA;NA;NA;NA;NA
24;"RN";2404002;"240400";"Frutuoso Gomes";"Não";"-";"Pedestres";NA;NA;NA;NA;NA;NA;NA;NA;NA;NA;NA;NA;NA;NA;NA;NA;NA;NA;NA;NA;NA;NA;NA;NA;NA
24;"RN";2404200;"240420";"Goianinha";"Não";"Região Metropolitana de Natal";"Pedestres";1;NA;NA;1;1;2;1;NA;NA;NA;1;2;2;2;NA;NA;NA;NA;1;1;NA;1;1;1;NA
24;"RN";2404309;"240430";"Governador Dix-Sept Rosado";"Não";"-";"Pedestres";NA;3;NA;NA;NA;NA;NA;NA;NA;3;NA;NA;NA;1;NA;NA;NA;NA;NA;NA;NA;NA;NA;NA;NA
24;"RN";2404408;"240440";"Grossos";"Não";"-";"Pedestres";NA;NA;NA;NA;NA;NA;NA;NA;NA;1;NA;NA;NA;NA;NA;NA;NA;NA;NA;NA;NA;NA;NA;NA;NA
24;"RN";2404507;"240450";"Guamaré";"Não";"-";"Pedestres";NA;1;NA;NA;NA;1;1;NA;NA;NA;NA;NA;NA;NA;1;NA;NA;NA;NA;NA;NA;NA;NA;NA;NA
24;"RN";2404705;"240470";"Ipanguaçu";"Não";"-";"Pedestres";NA;NA;NA;NA;2;NA;NA;1;1;NA;1;NA;NA;NA;1;NA;NA;NA;NA;NA;NA;NA;NA;NA;NA
24;"RN";2404804;"240480";"Ipueira";"Não";"-";"Pedestres";NA;NA;NA;NA;1;NA;NA;NA;NA;NA;NA;NA;NA;NA;NA;NA;NA;NA;NA;NA;NA;NA;NA;NA;NA
24;"RN";2404853;"240485";"Itajá";"Não";"-";"Pedestres";NA;NA;NA;NA;NA;NA;1;NA;NA;NA;NA;NA;NA;NA;NA;NA;NA;NA;NA;NA;NA;NA;NA;NA;NA
24;"RN";2404903;"240490";"Itaú";"Não";"-";"Pedestres";1;NA;NA;NA;NA;NA;NA;NA;NA;NA;NA;NA;NA;NA;NA;1;NA;NA;NA;NA;1;NA;NA;NA;NA
24;"RN";2405009;"240500";"Jaçanã";"Não";"-";"Pedestres";NA;NA;NA;NA;NA;NA;NA;NA;NA;NA;1;NA;NA;1;NA;NA;NA;NA;NA;NA;NA;NA;NA;NA;NA
24;"RN";2405108;"240510";"Jandaíra";"Não";"-";"Pedestres";NA;NA;1;NA;NA;NA;NA;NA;NA;NA;NA;1;NA;NA;NA;NA;NA;NA;NA;NA;NA;NA;NA;NA;NA
24;"RN";2405207;"240520";"Janduís";"Não";"-";"Pedestres";NA;NA;NA;NA;NA;NA;NA;NA;NA;NA;NA;NA;1;NA;NA;NA;NA;NA;NA;NA;1;NA;NA;NA;NA
24;"RN";2405306;"240530";"Januário Cicco";"Não";"-";"Pedestres";1;NA;NA;NA;NA;NA;NA;1;NA;NA;1;NA;NA;NA;1;NA;NA;NA;NA;NA;NA;NA;1;NA;NA
24;"RN";2405405;"240540";"Japi";"Não";"-";"Pedestres";NA;NA;NA;NA;NA;NA;NA;NA;NA;NA;NA;NA;NA;NA;NA;1;NA;NA;NA;NA;NA;NA;NA;NA;NA
24;"RN";2405504;"240550";"Jardim de Angicos";"Não";"-";"Pedestres";NA;NA;NA;NA;1;NA;NA;NA;NA;NA;NA;NA;NA;NA;NA;NA;NA;NA;NA;NA;NA;NA;NA;NA;NA
24;"RN";2405603;"240560";"Jardim de Piranhas";"Não";"-";"Pedestres";NA;NA;NA;NA;NA;NA;NA;NA;NA;NA;NA;NA;NA;NA;NA;NA;1;NA;NA;NA;NA;NA;NA;NA;NA
24;"RN";2405702;"240570";"Jardim do Seridó";"Não";"-";"Pedestres";NA;NA;NA;NA;NA;1;NA;NA;NA;NA;NA;NA;NA;NA;NA;NA;NA;NA;NA;NA;NA;NA;NA;NA;NA
24;"RN";2405801;"240580";"João Câmara";"Não";"-";"Pedestres";1;NA;2;1;1;NA;NA;NA;1;1;NA;NA;1;NA;NA;NA;NA;NA;NA;1;NA;NA;NA;NA;NA
24;"RN";2406007;"240600";"José da Penha";"Não";"-";"Pedestres";NA;NA;NA;NA;NA;NA;NA;1;NA;NA;NA;NA;NA;NA;NA;NA;NA;NA;NA;NA;NA;1;NA;NA;NA
24;"RN";2406106;"240610";"Jucurutu";"Não";"-";"Pedestres";NA;1;NA;NA;NA;1;NA;NA;NA;NA;NA;NA;NA;1;NA;NA;NA;NA;NA;NA;NA;NA;NA;NA;NA
24;"RN";2406205;"240620";"Lagoa d'Anta";"Não";"-";"Pedestres";NA;NA;NA;NA;NA;NA;NA;NA;NA;NA;NA;2;NA;NA;NA;NA;NA;NA;NA;NA;NA;NA;NA;NA;NA
24;"RN";2406304;"240630";"Lagoa de Pedras";"Não";"-";"Pedestres";NA;1;NA;NA;NA;NA;NA;NA;1;NA;NA;NA;NA;1;NA;NA;1;NA;NA;NA;NA;NA;NA;NA;NA
24;"RN";2406502;"240650";"Lagoa Nova";"Não";"-";"Pedestres";NA;NA;NA;NA;NA;NA;NA;NA;NA;NA;NA;1;NA;NA;NA;NA;NA;NA;NA;NA;1;NA;NA;NA;NA
24;"RN";2406601;"240660";"Lagoa Salgada";"Não";"-";"Pedestres";NA;1;1;NA;NA;NA;NA;NA;NA;NA;NA;NA;NA;NA;NA;NA;NA;NA;NA;NA;NA;NA;NA;NA;NA
24;"RN";2406700;"240670";"Lajes";"Não";"-";"Pedestres";1;NA;1;NA;NA;NA;NA;1;NA;NA;NA;NA;NA;NA;NA;NA;NA;NA;NA;NA;NA;NA;NA;NA;NA
24;"RN";2406809;"240680";"Lajes Pintadas";"Não";"-";"Pedestres";NA;1;1;NA;NA;NA;NA;NA;NA;NA;NA;NA;NA;NA;NA;NA;NA;NA;NA;NA;NA;NA;NA;NA;NA
24;"RN";2406908;"240690";"Lucrécia";"Não";"-";"Pedestres";NA;NA;NA;NA;NA;NA;NA;NA;NA;NA;NA;NA;1;NA;NA;NA;NA;NA;NA;NA;NA;NA;NA;NA;NA
24;"RN";2407005;"240700";"Luís Gomes";"Não";"-";"Pedestres";NA;NA;NA;NA;NA;NA;NA;NA;NA;NA;NA;NA;NA;1;NA;NA;NA;NA;NA;NA;NA;NA;NA;NA;NA
24;"RN";2407104;"240710";"Macaíba";"Não";"Região Metropolitana de Natal";"Pedestres";1;2;4;2;3;NA;2;1;1;2;1;3;3;NA;NA;1;1;1;NA;NA;NA;NA;NA;NA;NA
24;"RN";2407203;"240720";"Macau";"Não";"-";"Pedestres";1;NA;NA;NA;NA;NA;NA;NA;NA;1;NA;NA;NA;NA;NA;NA;NA;NA;NA;NA;NA;NA;NA;NA;NA
24;"RN";2407252;"240725";"Major Sales";"Não";"-";"Pedestres";NA;NA;NA;NA;NA;NA;NA;NA;NA;NA;NA;NA;NA;NA;NA;NA;1;NA;NA;NA;NA;NA;NA;NA;NA
24;"RN";2407302;"240730";"Marcelino Vieira";"Não";"-";"Pedestres";NA;NA;NA;NA;NA;NA;NA;NA;NA;NA;NA;NA;NA;NA;NA;NA;NA;NA;NA;NA;NA;1;NA;NA;NA
24;"RN";2407401;"240740";"Martins";"Não";"-";"Pedestres";NA;NA;NA;NA;NA;NA;NA;NA;NA;NA;NA;NA;NA;NA;NA;NA;1;NA;NA;NA;NA;NA;NA;NA;NA
24;"RN";2407500;"240750";"Maxaranguape";"Não";"Região Metropolitana de Natal";"Pedestres";NA;NA;NA;NA;1;NA;NA;NA;NA;NA;NA;NA;NA;NA;NA;NA;NA;1;NA;NA;NA;NA;NA;NA;NA
24;"RN";2407609;"240760";"Messias Targino";"Não";"-";"Pedestres";NA;NA;NA;NA;NA;NA;NA;NA;NA;1;NA;NA;NA;NA;NA;NA;NA;NA;NA;NA;NA;NA;NA;NA;NA
24;"RN";2407807;"240780";"Monte Alegre";"Não";"Região Metropolitana de Natal";"Pedestres";NA;NA;NA;2;NA;NA;NA;2;NA;NA;2;1;NA;NA;NA;NA;NA;2;NA;NA;NA;NA;2;1;NA
24;"RN";2408003;"240800";"Mossoró";"Não";"-";"Pedestres";14;15;9;14;5;14;16;18;8;11;21;10;6;7;6;14;9;11;1;5;7;1;4;5;NA
24;"RN";2408102;"240810";"Natal";"Sim";"Região Metropolitana de Natal";"Pedestres";34;30;31;28;28;20;14;16;10;9;24;28;13;15;16;14;15;25;13;15;12;21;17;18;NA
24;"RN";2408201;"240820";"Nísia Floresta";"Não";"Região Metropolitana de Natal";"Pedestres";NA;NA;NA;NA;NA;NA;NA;NA;NA;1;NA;NA;1;NA;NA;1;NA;1;1;NA;NA;NA;NA;NA;NA
24;"RN";2408300;"240830";"Nova Cruz";"Não";"-";"Pedestres";NA;NA;1;1;NA;NA;NA;NA;NA;NA;1;NA;1;NA;NA;NA;NA;1;1;NA;NA;NA;NA;NA;NA
24;"RN";2408409;"240840";"Olho d'Água do Borges";"Não";"-";"Pedestres";1;NA;NA;NA;NA;NA;NA;NA;NA;NA;NA;NA;NA;NA;NA;NA;NA;NA;NA;NA;NA;NA;NA;NA;NA
24;"RN";2408706;"240870";"Paraú";"Não";"-";"Pedestres";NA;NA;NA;1;NA;NA;NA;1;NA;NA;NA;NA;NA;NA;NA;NA;NA;NA;NA;NA;NA;NA;NA;NA;NA
24;"RN";2408805;"240880";"Parazinho";"Não";"-";"Pedestres";NA;1;NA;NA;1;NA;NA;NA;NA;NA;NA;NA;NA;NA;NA;NA;NA;NA;NA;NA;NA;NA;NA;NA;NA
24;"RN";2408904;"240890";"Parelhas";"Não";"-";"Pedestres";NA;NA;NA;NA;1;NA;NA;NA;NA;NA;NA;NA;NA;NA;NA;NA;NA;NA;NA;NA;NA;NA;NA;NA;NA
24;"RN";2408953;"240895";"Rio do Fogo";"Não";"-";"Pedestres";NA;NA;NA;NA;NA;NA;NA;NA;NA;NA;NA;1;NA;1;NA;NA;NA;NA;NA;NA;NA;NA;NA;NA;NA
24;"RN";2409100;"240910";"Passa e Fica";"Não";"-";"Pedestres";NA;1;NA;NA;NA;NA;NA;NA;NA;NA;1;1;NA;NA;NA;NA;NA;NA;NA;NA;NA;NA;NA;NA;NA
24;"RN";2409209;"240920";"Passagem";"Não";"-";"Pedestres";NA;NA;NA;1;NA;NA;NA;NA;NA;NA;NA;NA;NA;NA;NA;NA;NA;NA;NA;NA;NA;NA;NA;NA;NA
24;"RN";2409308;"240930";"Patu";"Não";"-";"Pedestres";2;NA;NA;NA;NA;1;NA;NA;NA;NA;NA;NA;NA;NA;NA;NA;1;NA;NA;NA;NA;NA;NA;NA;NA
24;"RN";2409332;"240933";"Santa Maria";"Não";"-";"Pedestres";NA;NA;NA;2;1;NA;NA;NA;NA;NA;NA;NA;NA;NA;1;NA;NA;NA;NA;NA;NA;NA;NA;NA;NA
24;"RN";2409407;"240940";"Pau dos Ferros";"Não";"-";"Pedestres";1;NA;1;NA;NA;NA;NA;1;NA;NA;NA;NA;NA;NA;NA;NA;NA;1;1;NA;NA;2;NA;NA;NA
24;"RN";2409506;"240950";"Pedra Grande";"Não";"-";"Pedestres";1;1;NA;NA;NA;NA;NA;NA;NA;NA;NA;NA;NA;NA;NA;NA;NA;NA;NA;NA;NA;NA;NA;NA;NA
24;"RN";2409605;"240960";"Pedra Preta";"Não";"-";"Pedestres";NA;1;NA;NA;NA;NA;NA;NA;NA;NA;NA;NA;NA;NA;NA;NA;NA;NA;NA;NA;NA;NA;NA;NA;NA
24;"RN";2409803;"240980";"Pedro Velho";"Não";"-";"Pedestres";2;NA;NA;NA;NA;NA;NA;NA;NA;NA;NA;NA;NA;1;NA;NA;NA;NA;NA;NA;1;NA;NA;NA;NA
24;"RN";2409902;"240990";"Pendências";"Não";"-";"Pedestres";NA;NA;NA;NA;NA;1;NA;NA;NA;NA;NA;NA;NA;NA;NA;NA;NA;NA;NA;1;NA;NA;NA;NA;NA
24;"RN";2410108;"241010";"Poço Branco";"Não";"-";"Pedestres";1;NA;1;NA;NA;NA;NA;NA;NA;1;1;NA;NA;NA;NA;NA;NA;NA;NA;NA;NA;NA;NA;NA;NA
24;"RN";2410256;"241025";"Porto do Mangue";"Não";"-";"Pedestres";NA;NA;NA;NA;NA;NA;1;1;NA;NA;NA;NA;2;NA;NA;NA;NA;NA;NA;NA;NA;NA;NA;NA;NA
24;"RN";2410306;"241030";"Serra Caiada";"Não";"-";"Pedestres";NA;NA;1;NA;NA;NA;NA;NA;1;1;NA;NA;NA;NA;NA;NA;NA;NA;NA;NA;NA;1;NA;NA;NA
24;"RN";2410405;"241040";"Pureza";"Não";"-";"Pedestres";NA;NA;NA;NA;NA;NA;NA;NA;NA;NA;NA;NA;1;NA;NA;NA;NA;NA;NA;NA;NA;NA;NA;NA;NA
24;"RN";2410504;"241050";"Rafael Fernandes";"Não";"-";"Pedestres";NA;NA;NA;NA;NA;NA;NA;NA;NA;NA;NA;NA;NA;NA;NA;NA;NA;NA;NA;1;NA;NA;NA;NA;NA
24;"RN";2410603;"241060";"Rafael Godeiro";"Não";"-";"Pedestres";NA;NA;NA;NA;NA;NA;NA;NA;NA;1;NA;NA;NA;NA;NA;NA;NA;NA;NA;NA;NA;NA;NA;NA;NA
24;"RN";2410900;"241090";"Riachuelo";"Não";"-";"Pedestres";NA;NA;NA;2;NA;NA;NA;NA;NA;NA;NA;NA;NA;NA;NA;NA;NA;NA;NA;NA;NA;1;NA;NA;NA
24;"RN";2411007;"241100";"Rodolfo Fernandes";"Não";"-";"Pedestres";NA;NA;NA;NA;NA;NA;NA;NA;NA;NA;NA;NA;NA;NA;NA;NA;NA;NA;NA;NA;NA;NA;NA;NA;NA
24;"RN";2411056;"241105";"Tibau";"Não";"-";"Pedestres";NA;1;NA;NA;NA;NA;1;1;NA;NA;NA;NA;NA;NA;NA;NA;NA;NA;NA;1;NA;NA;NA;NA;NA
24;"RN";2411205;"241120";"Santa Cruz";"Não";"-";"Pedestres";2;3;1;NA;2;NA;NA;1;NA;1;1;2;1;1;NA;1;NA;NA;2;1;1;NA;NA;NA;NA
24;"RN";2411403;"241140";"Santana do Matos";"Não";"-";"Pedestres";NA;NA;NA;NA;NA;NA;NA;NA;NA;NA;NA;NA;NA;NA;NA;NA;1;NA;NA;NA;NA;NA;NA;NA;NA
24;"RN";2411502;"241150";"Santo Antônio";"Não";"-";"Pedestres";NA;1;2;NA;NA;NA;1;1;NA;1;NA;NA;1;2;NA;NA;NA;NA;NA;NA;NA;NA;NA;1;NA
24;"RN";2411601;"241160";"São Bento do Norte";"Não";"-";"Pedestres";NA;1;NA;NA;NA;NA;NA;NA;NA;NA;NA;NA;NA;NA;NA;NA;NA;NA;NA;NA;NA;NA;NA;NA;NA
24;"RN";2411700;"241170";"São Bento do Trairí";"Não";"-";"Pedestres";NA;NA;NA;NA;NA;NA;NA;NA;NA;NA;NA;NA;NA;NA;NA;NA;NA;NA;NA;NA;NA;NA;NA;NA;NA
24;"RN";2411908;"241190";"São Francisco do Oeste";"Não";"-";"Pedestres";NA;NA;NA;NA;NA;NA;NA;NA;NA;NA;NA;NA;NA;NA;NA;NA;NA;NA;NA;NA;NA;NA;NA;NA;NA
24;"RN";2412005;"241200";"São Gonçalo do Amarante";"Não";"Região Metropolitana de Natal";"Pedestres";3;NA;NA;NA;1;1;NA;NA;2;5;4;NA;1;NA;2;3;NA;3;3;5;3;6;NA;2;NA
24;"RN";2412104;"241210";"São João do Sabugi";"Não";"-";"Pedestres";NA;NA;NA;NA;NA;NA;NA;NA;NA;NA;NA;NA;NA;NA;NA;NA;NA;NA;NA;NA;NA;NA;NA;NA;NA
24;"RN";2412203;"241220";"São José de Mipibu";"Não";"Região Metropolitana de Natal";"Pedestres";6;3;1;3;1;2;1;1;2;1;2;3;2;6;1;3;3;NA;1;NA;2;2;4;NA;NA
24;"RN";2412302;"241230";"São José do Campestre";"Não";"-";"Pedestres";NA;1;NA;NA;NA;NA;NA;NA;NA;NA;1;NA;1;NA;NA;NA;NA;NA;NA;NA;NA;NA;NA;NA;NA
24;"RN";2412500;"241250";"São Miguel";"Não";"-";"Pedestres";NA;NA;NA;NA;NA;NA;NA;NA;NA;NA;1;NA;1;NA;NA;NA;NA;NA;NA;NA;NA;NA;1;NA;NA
24;"RN";2412559;"241255";"São Miguel do Gostoso";"Não";"-";"Pedestres";NA;NA;NA;NA;NA;NA;NA;NA;NA;NA;NA;NA;NA;NA;NA;NA;NA;NA;NA;NA;NA;NA;NA;NA;NA
24;"RN";2412609;"241260";"São Paulo do Potengi";"Não";"-";"Pedestres";NA;1;NA;NA;NA;NA;NA;NA;NA;NA;NA;1;NA;1;NA;NA;NA;NA;NA;2;NA;NA;1;NA;NA
24;"RN";2412708;"241270";"São Pedro";"Não";"-";"Pedestres";1;NA;NA;NA;NA;NA;1;NA;1;1;NA;NA;NA;NA;NA;NA;NA;NA;NA;NA;NA;NA;NA;NA;NA
24;"RN";2412807;"241280";"São Rafael";"Não";"-";"Pedestres";NA;NA;NA;NA;NA;NA;NA;NA;NA;NA;NA;NA;NA;NA;NA;NA;NA;NA;NA;NA;NA;NA;NA;NA;NA
24;"RN";2412906;"241290";"São Tomé";"Não";"-";"Pedestres";1;NA;NA;NA;NA;NA;NA;NA;NA;NA;1;NA;NA;NA;1;NA;NA;NA;NA;NA;1;NA;NA;NA;NA
24;"RN";2413102;"241310";"Senador Elói de Souza";"Não";"-";"Pedestres";NA;NA;NA;NA;NA;NA;NA;NA;NA;1;NA;NA;NA;NA;NA;1;NA;2;NA;NA;NA;NA;NA;NA;NA
24;"RN";2413201;"241320";"Senador Georgino Avelino";"Não";"-";"Pedestres";NA;NA;NA;1;NA;NA;NA;NA;NA;NA;NA;NA;NA;NA;NA;NA;NA;NA;NA;NA;NA;NA;NA;NA;NA
24;"RN";2413300;"241330";"Serra de São Bento";"Não";"-";"Pedestres";NA;NA;NA;NA;NA;NA;NA;NA;NA;NA;NA;NA;NA;NA;NA;NA;NA;NA;NA;NA;NA;NA;NA;NA;NA
24;"RN";2413359;"241335";"Serra do Mel";"Não";"-";"Pedestres";NA;NA;NA;NA;NA;NA;NA;NA;NA;NA;NA;NA;NA;NA;NA;NA;NA;NA;NA;NA;NA;NA;NA;NA;NA
24;"RN";2413409;"241340";"Serra Negra do Norte";"Não";"-";"Pedestres";1;NA;NA;NA;1;NA;NA;NA;NA;NA;NA;NA;NA;1;NA;NA;NA;NA;NA;NA;1;1;NA;NA;NA
24;"RN";2413508;"241350";"Serrinha";"Não";"-";"Pedestres";NA;NA;1;NA;1;NA;NA;NA;NA;NA;NA;NA;NA;NA;NA;NA;NA;NA;NA;NA;NA;NA;NA;NA;NA
24;"RN";2413607;"241360";"Severiano Melo";"Não";"-";"Pedestres";NA;NA;NA;NA;NA;1;NA;NA;NA;NA;NA;NA;NA;NA;NA;NA;NA;NA;NA;NA;NA;NA;NA;NA;NA
24;"RN";2413706;"241370";"Sítio Novo";"Não";"-";"Pedestres";NA;NA;NA;NA;NA;NA;NA;NA;NA;NA;NA;NA;NA;NA;NA;NA;NA;NA;NA;NA;NA;NA;NA;NA;NA
24;"RN";2413904;"241390";"Taipu";"Não";"-";"Pedestres";NA;NA;NA;NA;NA;NA;1;NA;NA;NA;NA;NA;NA;NA;NA;NA;NA;1;NA;NA;NA;1;NA;1;NA
24;"RN";2414001;"241400";"Tangará";"Não";"-";"Pedestres";1;NA;NA;NA;NA;NA;1;NA;NA;1;1;NA;NA;1;NA;NA;NA;NA;NA;NA;1;1;NA;1;NA
24;"RN";2414100;"241410";"Tenente Ananias";"Não";"-";"Pedestres";NA;NA;NA;NA;NA;NA;NA;NA;NA;NA;NA;NA;NA;NA;NA;NA;NA;NA;NA;NA;NA;NA;NA;NA;NA
24;"RN";2414159;"241415";"Tenente Laurentino Cruz";"Não";"-";"Pedestres";NA;NA;NA;NA;NA;NA;1;NA;NA;NA;NA;NA;NA;NA;NA;NA;NA;NA;NA;NA;NA;NA;NA;NA;NA
24;"RN";2414209;"241420";"Tibau do Sul";"Não";"-";"Pedestres";NA;NA;NA;NA;2;1;NA;NA;NA;NA;NA;NA;NA;NA;NA;NA;NA;NA;NA;1;NA;NA;NA;NA;NA
24;"RN";2414407;"241440";"Touros";"Não";"-";"Pedestres";NA;NA;1;NA;NA;NA;NA;NA;NA;NA;1;NA;NA;NA;NA;NA;2;NA;1;1;1;NA;1;NA;NA
24;"RN";2414506;"241450";"Umarizal";"Não";"-";"Pedestres";3;1;NA;NA;NA;NA;NA;NA;NA;NA;NA;NA;NA;NA;NA;NA;NA;NA;NA;NA;NA;NA;NA;NA;NA
24;"RN";2414605;"241460";"Upanema";"Não";"-";"Pedestres";NA;NA;NA;NA;NA;NA;NA;NA;NA;NA;NA;NA;NA;NA;NA;NA;NA;NA;NA;NA;NA;NA;1;NA;NA
24;"RN";2414704;"241470";"Várzea";"Não";"-";"Pedestres";NA;NA;NA;NA;1;NA;NA;NA;NA;NA;NA;NA;NA;NA;NA;NA;NA;NA;NA;NA;NA;NA;NA;NA;NA
24;"RN";2414753;"241475";"Venha-Ver";"Não";"-";"Pedestres";NA;NA;NA;NA;NA;NA;NA;NA;NA;NA;NA;NA;NA;NA;NA;NA;NA;NA;NA;NA;NA;1;NA;NA;NA
24;"RN";2414803;"241480";"Vera Cruz";"Não";"Região Metropolitana de Natal";"Pedestres";NA;NA;NA;NA;NA;NA;NA;NA;NA;NA;NA;1;NA;NA;NA;NA;NA;NA;NA;NA;NA;NA;NA;NA;NA
25;"PB";2500106;"250010";"Água Branca";"Não";"-";"Pedestres";1;NA;NA;NA;NA;NA;NA;NA;NA;NA;1;NA;NA;NA;NA;NA;NA;NA;NA;NA;NA;NA;NA;NA;NA
25;"PB";2500304;"250030";"Alagoa Grande";"Não";"-";"Pedestres";NA;NA;NA;NA;NA;3;NA;NA;1;NA;NA;NA;NA;1;NA;NA;NA;NA;NA;NA;NA;NA;1;NA;NA
25;"PB";2500403;"250040";"Alagoa Nova";"Não";"Região Metropolitana de Esperança";"Pedestres";NA;NA;NA;NA;NA;1;NA;NA;NA;NA;NA;NA;NA;NA;NA;NA;NA;1;NA;NA;NA;NA;NA;NA;NA
25;"PB";2500502;"250050";"Alagoinha";"Não";"Região Metropolitana de Guarabira";"Pedestres";NA;NA;NA;NA;NA;NA;NA;NA;NA;NA;NA;NA;1;NA;NA;NA;NA;NA;NA;NA;NA;NA;NA;NA;NA
25;"PB";2500601;"250060";"Alhandra";"Não";"Região Metropolitana de João Pessoa";"Pedestres";NA;1;NA;1;NA;NA;NA;5;1;NA;1;NA;2;NA;NA;NA;NA;1;NA;2;1;2;1;NA;NA
25;"PB";2500700;"250070";"São João do Rio do Peixe";"Não";"Região Metropolitana de Cajazeiras";"Pedestres";NA;NA;NA;NA;NA;NA;NA;NA;NA;NA;NA;NA;NA;NA;NA;1;NA;NA;NA;NA;NA;1;NA;NA;NA
25;"PB";2500775;"250077";"Aparecida";"Não";"Região Metropolitana de Sousa";"Pedestres";NA;NA;NA;NA;NA;NA;NA;NA;NA;NA;NA;NA;NA;NA;NA;NA;NA;1;NA;NA;NA;NA;NA;NA;NA
25;"PB";2500809;"250080";"Araçagi";"Não";"Região Metropolitana de Guarabira";"Pedestres";NA;NA;NA;NA;NA;NA;2;2;NA;NA;NA;NA;NA;NA;1;NA;NA;NA;NA;NA;NA;NA;2;NA;NA
25;"PB";2500908;"250090";"Arara";"Não";"Região Metropolitana de Guarabira";"Pedestres";NA;NA;NA;NA;NA;NA;NA;NA;1;NA;NA;NA;NA;NA;NA;NA;NA;NA;NA;NA;NA;1;1;NA;NA
25;"PB";2501005;"250100";"Araruna";"Não";"Região Metropolitana de Araruna";"Pedestres";1;NA;NA;NA;1;NA;NA;NA;NA;NA;NA;NA;NA;2;NA;NA;1;NA;NA;NA;NA;NA;NA;NA;NA
25;"PB";2501153;"250115";"Areia de Baraúnas";"Não";"Região Metropolitana de Patos";"Pedestres";NA;NA;NA;NA;NA;NA;NA;NA;NA;NA;NA;NA;NA;NA;1;NA;NA;NA;NA;NA;NA;NA;NA;NA;NA
25;"PB";2501203;"250120";"Areial";"Não";"Região Metropolitana de Esperança";"Pedestres";NA;NA;NA;NA;NA;NA;NA;NA;NA;NA;NA;NA;NA;NA;NA;NA;NA;NA;NA;NA;NA;NA;NA;NA;NA
25;"PB";2501351;"250135";"Assunção";"Não";"-";"Pedestres";NA;NA;NA;NA;NA;NA;NA;NA;NA;NA;NA;NA;NA;NA;1;NA;NA;NA;NA;NA;NA;NA;NA;NA;NA
25;"PB";2501401;"250140";"Baía da Traição";"Não";"Região Metropolitana do Vale do Mamanguape";"Pedestres";NA;NA;NA;NA;3;NA;NA;NA;NA;1;NA;NA;NA;NA;NA;NA;NA;NA;NA;NA;NA;NA;NA;NA;NA
25;"PB";2501500;"250150";"Bananeiras";"Não";"Região Metropolitana de Guarabira";"Pedestres";1;NA;NA;NA;1;NA;NA;NA;NA;NA;NA;NA;NA;NA;1;NA;3;1;NA;NA;NA;1;1;NA;NA
25;"PB";2501575;"250157";"Barra de Santana";"Não";"Região Metropolitana de Campina Grande";"Pedestres";NA;1;NA;NA;NA;NA;NA;NA;NA;NA;NA;NA;NA;NA;NA;NA;NA;NA;NA;NA;NA;NA;NA;NA;NA
25;"PB";2501807;"250180";"Bayeux";"Não";"Região Metropolitana de João Pessoa";"Pedestres";3;4;3;2;5;3;3;3;5;1;1;2;NA;3;2;NA;2;2;2;2;2;NA;1;1;NA
25;"PB";2501906;"250190";"Belém";"Não";"Região Metropolitana de Guarabira";"Pedestres";NA;NA;1;NA;1;1;1;NA;NA;NA;NA;1;1;NA;NA;NA;NA;NA;NA;NA;NA;1;NA;NA;NA
25;"PB";2502003;"250200";"Belém do Brejo do Cruz";"Não";"-";"Pedestres";NA;NA;NA;NA;NA;NA;NA;NA;NA;1;NA;NA;NA;NA;NA;NA;NA;NA;NA;NA;NA;NA;NA;1;NA
25;"PB";2502102;"250210";"Boa Ventura";"Não";"Região Metropolitana do Vale do Piancó";"Pedestres";NA;NA;NA;NA;NA;NA;NA;NA;NA;NA;NA;NA;NA;NA;NA;NA;NA;NA;NA;NA;NA;NA;2;NA;NA
25;"PB";2502151;"250215";"Boa Vista";"Não";"Região Metropolitana de Campina Grande";"Pedestres";NA;NA;1;NA;NA;NA;NA;NA;NA;NA;1;NA;NA;NA;NA;NA;NA;NA;NA;NA;NA;NA;NA;NA;NA
25;"PB";2502409;"250240";"Bonito de Santa Fé";"Não";"Região Metropolitana de Cajazeiras";"Pedestres";NA;NA;1;NA;NA;NA;NA;NA;NA;NA;NA;NA;NA;NA;NA;NA;NA;NA;NA;NA;NA;NA;NA;1;NA
25;"PB";2502508;"250250";"Boqueirão";"Não";"Região Metropolitana de Campina Grande";"Pedestres";NA;NA;NA;NA;NA;NA;NA;NA;NA;NA;NA;NA;NA;NA;NA;NA;NA;NA;NA;NA;NA;NA;NA;NA;NA
25;"PB";2502706;"250270";"Borborema";"Não";"Região Metropolitana de Guarabira";"Pedestres";NA;NA;1;NA;NA;NA;NA;NA;NA;NA;NA;1;NA;NA;NA;NA;NA;NA;NA;NA;NA;NA;NA;NA;NA
25;"PB";2502805;"250280";"Brejo do Cruz";"Não";"-";"Pedestres";NA;NA;NA;NA;1;2;NA;NA;NA;NA;NA;NA;NA;NA;NA;NA;NA;NA;1;NA;NA;NA;NA;1;NA
25;"PB";2502904;"250290";"Brejo dos Santos";"Não";"-";"Pedestres";NA;NA;NA;NA;NA;1;NA;NA;NA;NA;NA;NA;NA;NA;NA;NA;NA;NA;NA;NA;NA;NA;NA;NA;NA
25;"PB";2503001;"250300";"Caaporã";"Não";"Região Metropolitana de João Pessoa";"Pedestres";NA;2;3;2;NA;1;NA;NA;NA;1;1;1;NA;NA;NA;NA;1;NA;NA;NA;NA;NA;NA;1;NA
25;"PB";2503209;"250320";"Cabedelo";"Não";"Região Metropolitana de João Pessoa";"Pedestres";1;NA;2;3;3;4;2;3;NA;NA;1;1;3;5;1;3;2;3;NA;1;NA;3;3;2;NA
25;"PB";2503308;"250330";"Cachoeira dos Índios";"Não";"Região Metropolitana de Cajazeiras";"Pedestres";NA;NA;1;NA;NA;NA;NA;NA;NA;1;NA;NA;NA;NA;NA;NA;1;1;NA;NA;NA;NA;NA;NA;NA
25;"PB";2503407;"250340";"Cacimba de Areia";"Não";"Região Metropolitana de Patos";"Pedestres";NA;NA;NA;NA;NA;NA;NA;NA;NA;NA;NA;NA;NA;NA;NA;NA;NA;NA;NA;NA;NA;1;1;NA;NA
25;"PB";2503506;"250350";"Cacimba de Dentro";"Não";"Região Metropolitana de Araruna";"Pedestres";NA;NA;NA;NA;NA;2;NA;NA;NA;NA;NA;NA;NA;NA;NA;NA;NA;1;NA;NA;NA;NA;NA;NA;NA
25;"PB";2503605;"250360";"Caiçara";"Não";"Região Metropolitana de Guarabira";"Pedestres";NA;NA;NA;NA;NA;NA;NA;NA;NA;NA;NA;NA;NA;NA;NA;NA;NA;NA;NA;NA;NA;NA;NA;NA;NA
25;"PB";2503704;"250370";"Cajazeiras";"Não";"Região Metropolitana de Cajazeiras";"Pedestres";1;NA;NA;1;NA;1;NA;NA;1;1;1;1;2;NA;4;2;NA;2;NA;2;1;NA;1;1;NA
25;"PB";2503803;"250380";"Caldas Brandão";"Não";"Região Metropolitana de Itabaiana";"Pedestres";NA;NA;NA;NA;NA;NA;NA;NA;NA;NA;NA;NA;NA;NA;1;NA;1;NA;1;NA;NA;NA;NA;1;NA
25;"PB";2503902;"250390";"Camalaú";"Não";"-";"Pedestres";NA;NA;NA;NA;NA;NA;NA;NA;NA;NA;1;NA;NA;NA;NA;NA;NA;NA;NA;NA;NA;NA;NA;1;NA
25;"PB";2504009;"250400";"Campina Grande";"Não";"Região Metropolitana de Campina Grande";"Pedestres";5;38;29;5;NA;NA;1;NA;2;NA;NA;NA;NA;NA;NA;NA;NA;NA;NA;NA;NA;NA;8;16;NA
25;"PB";2504207;"250420";"Catingueira";"Não";"Região Metropolitana do Vale do Piancó";"Pedestres";NA;NA;NA;NA;NA;NA;NA;NA;NA;NA;NA;NA;1;NA;NA;NA;NA;NA;NA;NA;NA;NA;NA;NA;NA
25;"PB";2504306;"250430";"Catolé do Rocha";"Não";"-";"Pedestres";NA;NA;NA;NA;NA;NA;NA;NA;NA;NA;1;1;NA;1;NA;1;1;1;NA;NA;NA;1;NA;1;NA
25;"PB";2504405;"250440";"Conceição";"Não";"Região Metropolitana do Vale do Piancó";"Pedestres";NA;NA;NA;NA;NA;1;1;NA;1;NA;NA;1;NA;NA;1;NA;NA;1;2;NA;NA;NA;NA;NA;NA
25;"PB";2504504;"250450";"Condado";"Não";"Região Metropolitana de Patos";"Pedestres";NA;NA;NA;NA;NA;NA;NA;NA;NA;NA;NA;NA;NA;NA;NA;NA;NA;NA;NA;1;NA;NA;NA;NA;NA
25;"PB";2504603;"250460";"Conde";"Não";"Região Metropolitana de João Pessoa";"Pedestres";1;1;3;NA;NA;NA;NA;NA;1;1;NA;NA;2;2;NA;2;NA;2;NA;3;NA;2;NA;NA;NA
25;"PB";2504801;"250480";"Coremas";"Não";"Região Metropolitana do Vale do Piancó";"Pedestres";NA;1;NA;NA;NA;NA;NA;NA;NA;NA;NA;NA;NA;NA;1;NA;NA;NA;NA;NA;NA;NA;NA;NA;NA
25;"PB";2504900;"250490";"Cruz do Espírito Santo";"Não";"Região Metropolitana de João Pessoa";"Pedestres";NA;NA;NA;1;NA;NA;NA;NA;1;3;1;1;2;NA;NA;NA;NA;NA;NA;NA;NA;NA;NA;1;NA
25;"PB";2505204;"250520";"Cuitegi";"Não";"Região Metropolitana de Guarabira";"Pedestres";NA;5;NA;NA;NA;NA;NA;NA;NA;NA;NA;NA;NA;NA;NA;NA;NA;NA;NA;NA;NA;NA;NA;NA;NA
25;"PB";2505238;"250523";"Cuité de Mamanguape";"Não";"Região Metropolitana do Vale do Mamanguape";"Pedestres";NA;NA;NA;NA;NA;NA;NA;NA;NA;NA;NA;NA;NA;NA;1;NA;NA;NA;NA;NA;1;NA;NA;NA;NA
25;"PB";2505279;"250527";"Curral de Cima";"Não";"Região Metropolitana do Vale do Mamanguape";"Pedestres";NA;NA;NA;NA;NA;NA;NA;1;NA;NA;NA;NA;NA;NA;1;NA;NA;NA;NA;NA;NA;NA;NA;NA;NA
25;"PB";2505402;"250540";"Desterro";"Não";"Região Metropolitana de Patos";"Pedestres";NA;NA;NA;NA;NA;NA;NA;NA;NA;NA;NA;NA;NA;NA;1;NA;NA;NA;NA;1;NA;NA;NA;NA;NA
25;"PB";2505709;"250570";"Dona Inês";"Não";"Região Metropolitana de Araruna";"Pedestres";NA;NA;NA;NA;NA;1;NA;NA;1;NA;NA;NA;NA;NA;NA;NA;NA;NA;NA;NA;NA;NA;NA;NA;NA
25;"PB";2505808;"250580";"Duas Estradas";"Não";"Região Metropolitana de Guarabira";"Pedestres";NA;NA;NA;NA;NA;NA;NA;1;NA;NA;NA;NA;NA;NA;NA;NA;NA;NA;NA;NA;NA;NA;NA;NA;NA
25;"PB";2506004;"250600";"Esperança";"Não";"Região Metropolitana de Esperança";"Pedestres";NA;NA;1;2;NA;1;NA;1;NA;NA;NA;NA;NA;NA;NA;NA;NA;NA;NA;NA;NA;NA;NA;NA;NA
25;"PB";2506251;"250625";"Gado Bravo";"Não";"Região Metropolitana de Campina Grande";"Pedestres";NA;NA;1;NA;NA;NA;NA;NA;NA;NA;NA;NA;NA;NA;NA;NA;NA;NA;NA;NA;NA;NA;NA;NA;NA
25;"PB";2506301;"250630";"Guarabira";"Não";"Região Metropolitana de Guarabira";"Pedestres";1;1;NA;1;1;1;NA;NA;1;2;1;NA;NA;1;1;NA;2;2;NA;1;NA;NA;NA;5;NA
25;"PB";2506400;"250640";"Gurinhém";"Não";"Região Metropolitana de Itabaiana";"Pedestres";NA;NA;NA;NA;2;NA;2;3;1;1;NA;1;NA;NA;1;NA;NA;NA;NA;NA;NA;1;NA;1;NA
25;"PB";2506608;"250660";"Ibiara";"Não";"Região Metropolitana do Vale do Piancó";"Pedestres";NA;NA;NA;NA;NA;NA;NA;NA;1;NA;NA;NA;NA;NA;NA;1;NA;NA;NA;NA;NA;NA;NA;NA;NA
25;"PB";2506806;"250680";"Ingá";"Não";"Região Metropolitana de Itabaiana";"Pedestres";NA;NA;2;NA;NA;NA;NA;NA;NA;NA;NA;NA;NA;NA;NA;NA;NA;NA;NA;NA;NA;1;NA;1;NA
25;"PB";2506905;"250690";"Itabaiana";"Não";"Região Metropolitana de Itabaiana";"Pedestres";NA;NA;NA;NA;NA;2;1;2;NA;NA;1;1;1;NA;NA;NA;NA;1;NA;NA;NA;NA;1;NA;NA
25;"PB";2507002;"250700";"Itaporanga";"Não";"Região Metropolitana do Vale do Piancó";"Pedestres";1;NA;NA;NA;NA;NA;NA;NA;NA;NA;NA;NA;NA;2;NA;NA;1;NA;NA;NA;NA;NA;1;1;NA
25;"PB";2507101;"250710";"Itapororoca";"Não";"Região Metropolitana do Vale do Mamanguape";"Pedestres";NA;NA;NA;NA;NA;NA;NA;NA;NA;NA;NA;1;1;2;NA;NA;1;NA;NA;1;1;NA;NA;NA;NA
25;"PB";2507309;"250730";"Jacaraú";"Não";"Região Metropolitana do Vale do Mamanguape";"Pedestres";NA;1;NA;NA;NA;NA;1;1;1;NA;NA;NA;1;1;NA;NA;NA;NA;NA;NA;NA;NA;NA;1;NA
25;"PB";2507507;"250750";"João Pessoa";"Sim";"Região Metropolitana de João Pessoa";"Pedestres";21;28;62;56;44;68;50;46;61;36;50;39;55;35;38;39;36;44;43;40;18;17;19;25;NA
25;"PB";2507606;"250760";"Juarez Távora";"Não";"Região Metropolitana de Itabaiana";"Pedestres";NA;NA;1;NA;NA;NA;NA;NA;NA;NA;NA;NA;NA;NA;NA;NA;NA;NA;NA;NA;NA;NA;NA;NA;NA
25;"PB";2507705;"250770";"Juazeirinho";"Não";"-";"Pedestres";NA;NA;NA;NA;NA;NA;NA;NA;NA;1;NA;NA;NA;NA;NA;NA;NA;NA;NA;NA;1;NA;NA;NA;NA
25;"PB";2507804;"250780";"Junco do Seridó";"Não";"Região Metropolitana de Patos";"Pedestres";NA;NA;NA;NA;NA;NA;NA;NA;NA;NA;NA;NA;NA;NA;NA;NA;1;NA;NA;NA;NA;NA;NA;NA;NA
25;"PB";2507903;"250790";"Juripiranga";"Não";"Região Metropolitana de Itabaiana";"Pedestres";NA;NA;NA;NA;NA;NA;NA;NA;NA;NA;NA;NA;NA;NA;NA;NA;NA;NA;NA;NA;NA;NA;NA;NA;NA
25;"PB";2508000;"250800";"Juru";"Não";"-";"Pedestres";NA;NA;NA;NA;NA;NA;NA;NA;NA;NA;NA;NA;NA;NA;NA;NA;NA;NA;NA;NA;NA;NA;NA;NA;NA
25;"PB";2508208;"250820";"Lagoa de Dentro";"Não";"Região Metropolitana de Guarabira";"Pedestres";NA;NA;NA;NA;NA;NA;NA;NA;NA;NA;NA;NA;1;NA;NA;NA;NA;NA;NA;NA;NA;NA;NA;NA;NA
25;"PB";2508307;"250830";"Lagoa Seca";"Não";"Região Metropolitana de Campina Grande";"Pedestres";NA;NA;1;NA;NA;NA;NA;NA;NA;NA;NA;NA;NA;NA;NA;NA;NA;NA;NA;NA;NA;NA;NA;NA;NA
25;"PB";2508505;"250850";"Livramento";"Não";"-";"Pedestres";NA;NA;1;NA;NA;NA;NA;NA;NA;NA;NA;NA;NA;NA;NA;NA;NA;NA;1;NA;NA;NA;NA;NA;NA
25;"PB";2508604;"250860";"Lucena";"Não";"Região Metropolitana de João Pessoa";"Pedestres";NA;NA;NA;1;NA;NA;NA;NA;1;NA;NA;NA;NA;NA;NA;1;NA;NA;1;NA;NA;NA;NA;NA;NA
25;"PB";2508802;"250880";"Malta";"Não";"Região Metropolitana de Patos";"Pedestres";NA;NA;NA;NA;NA;NA;2;1;NA;NA;NA;NA;NA;1;NA;1;NA;NA;1;NA;NA;NA;NA;NA;NA
25;"PB";2508901;"250890";"Mamanguape";"Não";"Região Metropolitana do Vale do Mamanguape";"Pedestres";NA;1;1;NA;1;3;NA;NA;4;NA;3;1;NA;4;NA;2;9;5;2;1;NA;NA;NA;NA;NA
25;"PB";2509057;"250905";"Marcação";"Não";"Região Metropolitana do Vale do Mamanguape";"Pedestres";NA;NA;NA;NA;NA;NA;NA;NA;NA;NA;NA;1;NA;NA;NA;NA;NA;NA;NA;NA;NA;NA;NA;1;NA
25;"PB";2509107;"250910";"Mari";"Não";"-";"Pedestres";NA;NA;NA;NA;NA;NA;NA;NA;NA;NA;NA;NA;NA;NA;NA;NA;NA;1;NA;NA;NA;NA;NA;NA;NA
25;"PB";2509156;"250915";"Marizópolis";"Não";"Região Metropolitana de Sousa";"Pedestres";NA;NA;NA;NA;1;NA;NA;NA;NA;NA;NA;NA;NA;NA;NA;NA;NA;NA;NA;1;NA;NA;NA;NA;NA
25;"PB";2509206;"250920";"Massaranduba";"Não";"Região Metropolitana de Campina Grande";"Pedestres";NA;NA;1;NA;NA;NA;NA;NA;NA;NA;NA;NA;NA;NA;NA;NA;NA;NA;NA;NA;NA;NA;NA;NA;NA
25;"PB";2509305;"250930";"Mataraca";"Não";"Região Metropolitana do Vale do Mamanguape";"Pedestres";NA;NA;NA;NA;NA;NA;1;5;NA;NA;NA;NA;NA;NA;NA;NA;NA;NA;NA;1;NA;NA;NA;NA;NA
25;"PB";2509339;"250933";"Matinhas";"Não";"Região Metropolitana de Campina Grande";"Pedestres";NA;NA;NA;NA;NA;NA;NA;NA;NA;NA;NA;NA;NA;NA;NA;NA;NA;NA;NA;NA;NA;NA;NA;NA;NA
25;"PB";2509396;"250939";"Maturéia";"Não";"Região Metropolitana de Patos";"Pedestres";NA;NA;NA;NA;NA;NA;NA;NA;NA;NA;NA;NA;1;NA;NA;NA;NA;NA;NA;NA;1;NA;NA;NA;NA
25;"PB";2509404;"250940";"Mogeiro";"Não";"Região Metropolitana de Itabaiana";"Pedestres";NA;NA;NA;NA;NA;NA;NA;NA;NA;NA;NA;1;NA;1;NA;NA;NA;NA;NA;NA;NA;NA;NA;NA;NA
25;"PB";2509503;"250950";"Montadas";"Não";"Região Metropolitana de Esperança";"Pedestres";NA;NA;1;1;NA;NA;NA;NA;NA;NA;NA;NA;NA;NA;NA;NA;NA;NA;NA;NA;NA;NA;NA;NA;NA
25;"PB";2509602;"250960";"Monte Horebe";"Não";"Região Metropolitana de Cajazeiras";"Pedestres";NA;NA;NA;NA;NA;NA;NA;NA;NA;NA;NA;NA;NA;NA;NA;NA;NA;NA;NA;1;NA;NA;NA;NA;NA
25;"PB";2509701;"250970";"Monteiro";"Não";"-";"Pedestres";NA;NA;NA;NA;NA;NA;1;NA;NA;NA;NA;NA;NA;NA;NA;NA;NA;NA;NA;NA;NA;NA;NA;NA;NA
25;"PB";2509800;"250980";"Mulungu";"Não";"Região Metropolitana de Guarabira";"Pedestres";NA;NA;NA;NA;NA;NA;NA;NA;NA;1;NA;NA;NA;NA;1;NA;2;NA;NA;NA;NA;NA;NA;NA;NA
25;"PB";2510204;"251020";"Nova Olinda";"Não";"Região Metropolitana do Vale do Piancó";"Pedestres";NA;NA;NA;NA;NA;NA;NA;NA;NA;NA;NA;NA;NA;NA;1;NA;NA;NA;NA;1;NA;NA;NA;NA;NA
25;"PB";2510303;"251030";"Nova Palmeira";"Não";"Região Metropolitana de Barra de Santa Rosa";"Pedestres";NA;NA;NA;NA;NA;NA;NA;NA;NA;NA;NA;NA;NA;NA;NA;NA;NA;NA;NA;NA;NA;NA;NA;NA;NA
25;"PB";2510402;"251040";"Olho d'Água";"Não";"-";"Pedestres";NA;NA;NA;NA;NA;NA;NA;NA;NA;NA;NA;NA;NA;NA;NA;NA;NA;NA;NA;1;NA;NA;NA;NA;NA
25;"PB";2510808;"251080";"Patos";"Não";"Região Metropolitana de Patos";"Pedestres";NA;NA;2;NA;NA;4;NA;NA;1;NA;NA;NA;NA;NA;3;2;NA;3;2;1;2;2;2;2;NA
25;"PB";2510907;"251090";"Paulista";"Não";"-";"Pedestres";1;NA;1;NA;NA;NA;NA;NA;NA;NA;NA;NA;NA;NA;NA;NA;NA;NA;NA;NA;NA;NA;NA;NA;NA
25;"PB";2511202;"251120";"Pedras de Fogo";"Não";"Região Metropolitana de João Pessoa";"Pedestres";1;NA;NA;NA;1;NA;NA;2;NA;NA;NA;1;1;NA;NA;NA;NA;NA;1;NA;1;NA;NA;NA;NA
25;"PB";2511301;"251130";"Piancó";"Não";"Região Metropolitana do Vale do Piancó";"Pedestres";NA;1;NA;NA;NA;NA;NA;NA;NA;1;NA;NA;NA;NA;1;NA;NA;NA;NA;NA;NA;NA;NA;NA;NA
25;"PB";2511400;"251140";"Picuí";"Não";"Região Metropolitana de Barra de Santa Rosa";"Pedestres";NA;NA;1;NA;NA;NA;NA;NA;NA;NA;NA;NA;NA;NA;NA;NA;NA;NA;NA;NA;NA;NA;NA;NA;NA
25;"PB";2511509;"251150";"Pilar";"Não";"Região Metropolitana de Itabaiana";"Pedestres";NA;1;1;NA;NA;NA;NA;1;NA;NA;1;NA;NA;NA;NA;NA;NA;NA;NA;NA;NA;NA;1;NA;NA
25;"PB";2511707;"251170";"Pilõezinhos";"Não";"Região Metropolitana de Guarabira";"Pedestres";NA;NA;NA;NA;NA;NA;NA;NA;NA;NA;NA;NA;NA;NA;NA;NA;NA;NA;NA;NA;NA;NA;NA;NA;NA
25;"PB";2511806;"251180";"Pirpirituba";"Não";"Região Metropolitana de Guarabira";"Pedestres";NA;1;1;NA;NA;NA;NA;NA;NA;NA;NA;1;NA;NA;NA;NA;NA;NA;NA;NA;NA;NA;NA;NA;NA
25;"PB";2511905;"251190";"Pitimbu";"Não";"Região Metropolitana de João Pessoa";"Pedestres";NA;NA;NA;NA;NA;NA;NA;NA;NA;NA;NA;NA;NA;NA;NA;NA;1;NA;NA;NA;NA;NA;NA;NA;NA
25;"PB";2512101;"251210";"Pombal";"Não";"-";"Pedestres";NA;NA;NA;NA;NA;NA;NA;NA;NA;NA;NA;NA;NA;NA;NA;1;NA;NA;NA;NA;NA;NA;NA;NA;NA
25;"PB";2512309;"251230";"Princesa Isabel";"Não";"-";"Pedestres";NA;NA;NA;NA;1;NA;NA;NA;NA;1;NA;NA;NA;NA;2;NA;1;1;1;NA;NA;NA;NA;1;NA
25;"PB";2512408;"251240";"Puxinanã";"Não";"Região Metropolitana de Campina Grande";"Pedestres";NA;NA;NA;NA;NA;NA;NA;NA;NA;NA;NA;NA;NA;NA;NA;NA;NA;NA;NA;NA;NA;NA;NA;NA;NA
25;"PB";2512507;"251250";"Queimadas";"Não";"Região Metropolitana de Campina Grande";"Pedestres";NA;NA;1;NA;NA;NA;NA;NA;NA;1;NA;NA;NA;NA;NA;NA;NA;NA;NA;NA;NA;NA;NA;NA;NA
25;"PB";2512705;"251270";"Remígio";"Não";"Região Metropolitana de Esperança";"Pedestres";1;NA;NA;NA;1;3;1;NA;NA;NA;NA;NA;NA;NA;NA;NA;NA;NA;NA;NA;NA;NA;NA;NA;NA
25;"PB";2512754;"251275";"Riachão do Bacamarte";"Não";"Região Metropolitana de Itabaiana";"Pedestres";NA;NA;1;NA;NA;NA;NA;NA;NA;NA;NA;NA;NA;NA;NA;NA;NA;NA;NA;NA;NA;NA;NA;NA;NA
25;"PB";2512762;"251276";"Riachão do Poço";"Não";"-";"Pedestres";NA;NA;NA;NA;NA;NA;NA;NA;1;1;NA;NA;1;NA;NA;NA;1;1;1;1;NA;NA;NA;NA;NA
25;"PB";2512903;"251290";"Rio Tinto";"Não";"Região Metropolitana de João Pessoa";"Pedestres";NA;NA;NA;NA;NA;NA;NA;NA;1;NA;NA;NA;NA;NA;NA;NA;NA;1;NA;NA;NA;NA;NA;NA;NA
25;"PB";2513406;"251340";"Santa Luzia";"Não";"Região Metropolitana de Patos";"Pedestres";NA;1;NA;NA;NA;NA;NA;NA;NA;NA;NA;NA;NA;NA;NA;NA;NA;NA;NA;NA;NA;1;NA;NA;NA
25;"PB";2513505;"251350";"Santana de Mangueira";"Não";"Região Metropolitana do Vale do Piancó";"Pedestres";NA;NA;NA;NA;NA;NA;NA;NA;NA;NA;NA;NA;NA;NA;NA;NA;NA;NA;NA;NA;NA;NA;NA;NA;NA
25;"PB";2513703;"251370";"Santa Rita";"Não";"Região Metropolitana de João Pessoa";"Pedestres";1;NA;7;8;NA;1;10;10;8;4;1;4;4;6;2;1;1;4;NA;5;4;2;2;5;NA
25;"PB";2513802;"251380";"Santa Teresinha";"Não";"Região Metropolitana de Patos";"Pedestres";NA;NA;NA;NA;1;NA;NA;NA;NA;1;NA;1;NA;NA;NA;NA;NA;NA;NA;NA;NA;NA;NA;NA;NA
25;"PB";2513851;"251385";"Santo André";"Não";"-";"Pedestres";NA;NA;NA;NA;NA;NA;NA;NA;NA;NA;NA;NA;NA;NA;NA;NA;NA;NA;NA;NA;NA;NA;NA;NA;NA
25;"PB";2513901;"251390";"São Bento";"Não";"-";"Pedestres";NA;NA;NA;NA;NA;1;2;NA;NA;NA;NA;NA;NA;NA;NA;NA;NA;NA;NA;NA;NA;NA;1;NA;NA
25;"PB";2513927;"251392";"São Bentinho";"Não";"-";"Pedestres";NA;NA;NA;NA;NA;NA;NA;NA;NA;NA;NA;NA;NA;NA;NA;NA;NA;1;NA;NA;NA;NA;NA;NA;NA
25;"PB";2513968;"251396";"São Domingos";"Não";"-";"Pedestres";NA;NA;NA;NA;NA;NA;NA;NA;NA;NA;NA;NA;NA;NA;NA;NA;NA;NA;NA;NA;NA;NA;NA;NA;NA
25;"PB";2514008;"251400";"São João do Cariri";"Não";"-";"Pedestres";NA;NA;3;NA;NA;NA;NA;NA;NA;NA;NA;NA;NA;NA;NA;NA;NA;NA;NA;NA;NA;NA;NA;NA;NA
25;"PB";2514107;"251410";"São João do Tigre";"Não";"-";"Pedestres";NA;NA;NA;NA;NA;NA;NA;NA;NA;NA;NA;NA;NA;NA;NA;NA;NA;NA;NA;NA;NA;NA;NA;1;NA
25;"PB";2514206;"251420";"São José da Lagoa Tapada";"Não";"Região Metropolitana de Sousa";"Pedestres";NA;NA;NA;NA;NA;NA;NA;NA;NA;1;NA;NA;NA;NA;NA;NA;NA;NA;NA;NA;NA;NA;NA;NA;NA
25;"PB";2514305;"251430";"São José de Caiana";"Não";"Região Metropolitana do Vale do Piancó";"Pedestres";NA;NA;NA;NA;NA;NA;NA;NA;NA;NA;NA;NA;NA;NA;NA;NA;NA;NA;NA;NA;1;NA;NA;NA;NA
25;"PB";2514404;"251440";"São José de Espinharas";"Não";"Região Metropolitana de Patos";"Pedestres";NA;NA;NA;NA;NA;NA;NA;NA;NA;NA;NA;NA;NA;NA;NA;NA;NA;1;NA;NA;NA;NA;NA;NA;NA
25;"PB";2514453;"251445";"São José dos Ramos";"Não";"Região Metropolitana de Itabaiana";"Pedestres";NA;NA;NA;NA;NA;1;NA;1;NA;NA;NA;NA;NA;NA;NA;NA;NA;NA;NA;NA;NA;NA;NA;NA;NA
25;"PB";2514503;"251450";"São José de Piranhas";"Não";"Região Metropolitana de Cajazeiras";"Pedestres";NA;NA;NA;NA;NA;NA;NA;NA;NA;NA;NA;NA;NA;1;NA;NA;NA;NA;NA;NA;NA;NA;NA;NA;NA
25;"PB";2514602;"251460";"São José do Bonfim";"Não";"Região Metropolitana de Patos";"Pedestres";NA;NA;NA;NA;NA;NA;NA;NA;NA;NA;NA;NA;NA;NA;1;NA;NA;NA;NA;NA;NA;NA;NA;NA;NA
25;"PB";2514701;"251470";"São José do Sabugi";"Não";"Região Metropolitana de Patos";"Pedestres";NA;NA;NA;NA;NA;NA;NA;NA;NA;NA;NA;NA;NA;NA;NA;NA;NA;NA;NA;NA;1;NA;NA;NA;NA
25;"PB";2514800;"251480";"São José dos Cordeiros";"Não";"-";"Pedestres";NA;NA;1;NA;NA;NA;NA;NA;NA;NA;NA;NA;NA;NA;NA;NA;NA;NA;NA;NA;NA;NA;NA;NA;NA
25;"PB";2514909;"251490";"São Mamede";"Não";"Região Metropolitana de Patos";"Pedestres";NA;1;NA;NA;NA;NA;NA;NA;1;NA;NA;NA;NA;NA;NA;NA;NA;NA;NA;NA;NA;NA;NA;NA;NA
25;"PB";2515302;"251530";"Sapé";"Não";"-";"Pedestres";1;NA;3;3;2;1;NA;NA;NA;NA;NA;1;2;1;1;1;1;2;2;1;NA;NA;NA;1;NA
25;"PB";2515401;"251540";"São Vicente do Seridó";"Não";"-";"Pedestres";NA;NA;NA;NA;NA;NA;NA;NA;NA;NA;NA;NA;NA;NA;NA;NA;NA;NA;NA;NA;NA;NA;NA;NA;NA
25;"PB";2515500;"251550";"Serra Branca";"Não";"-";"Pedestres";NA;NA;NA;1;NA;1;NA;NA;1;NA;NA;NA;NA;NA;NA;NA;NA;NA;NA;NA;NA;NA;NA;NA;NA
25;"PB";2515609;"251560";"Serra da Raiz";"Não";"Região Metropolitana de Guarabira";"Pedestres";NA;NA;NA;NA;NA;NA;NA;NA;NA;NA;NA;NA;NA;NA;NA;NA;NA;NA;NA;NA;NA;NA;NA;NA;NA
25;"PB";2515807;"251580";"Serra Redonda";"Não";"Região Metropolitana de Campina Grande";"Pedestres";NA;NA;NA;NA;NA;NA;NA;NA;NA;NA;NA;NA;NA;NA;1;NA;NA;NA;NA;1;NA;NA;NA;NA;NA
25;"PB";2515906;"251590";"Serraria";"Não";"Região Metropolitana de Guarabira";"Pedestres";NA;NA;NA;NA;NA;NA;NA;NA;NA;NA;NA;NA;NA;NA;NA;NA;NA;NA;NA;NA;NA;NA;NA;NA;NA
25;"PB";2515930;"251593";"Sertãozinho";"Não";"Região Metropolitana de Guarabira";"Pedestres";NA;NA;NA;NA;NA;NA;NA;NA;NA;NA;NA;NA;NA;NA;NA;NA;1;NA;NA;NA;NA;NA;NA;NA;NA
25;"PB";2515971;"251597";"Sobrado";"Não";"-";"Pedestres";NA;NA;NA;3;1;1;NA;NA;NA;2;NA;NA;NA;1;1;NA;NA;NA;2;NA;NA;NA;1;NA;NA
25;"PB";2516003;"251600";"Solânea";"Não";"Região Metropolitana de Guarabira";"Pedestres";NA;NA;NA;NA;2;NA;NA;NA;1;1;NA;NA;NA;NA;1;NA;NA;NA;NA;1;NA;NA;NA;1;NA
25;"PB";2516102;"251610";"Soledade";"Não";"-";"Pedestres";NA;NA;NA;NA;NA;NA;NA;NA;NA;NA;NA;NA;NA;NA;NA;NA;NA;NA;NA;NA;NA;NA;NA;NA;NA
25;"PB";2516201;"251620";"Sousa";"Não";"Região Metropolitana de Sousa";"Pedestres";1;NA;NA;NA;NA;NA;NA;1;1;NA;1;1;2;1;2;2;NA;1;NA;1;NA;NA;1;2;NA
25;"PB";2516300;"251630";"Sumé";"Não";"-";"Pedestres";NA;NA;NA;NA;NA;NA;NA;NA;NA;NA;NA;NA;NA;NA;NA;NA;NA;NA;NA;NA;NA;NA;1;NA;NA
25;"PB";2516409;"251640";"Tacima";"Não";"Região Metropolitana de Araruna";"Pedestres";NA;NA;NA;NA;NA;NA;1;NA;NA;NA;NA;NA;NA;NA;NA;1;NA;NA;NA;NA;NA;NA;NA;NA;NA
25;"PB";2516508;"251650";"Taperoá";"Não";"-";"Pedestres";NA;NA;NA;NA;NA;NA;NA;NA;NA;NA;NA;NA;NA;NA;NA;NA;NA;NA;NA;NA;NA;NA;1;NA;NA
25;"PB";2516607;"251660";"Tavares";"Não";"-";"Pedestres";NA;NA;NA;1;NA;NA;NA;NA;NA;NA;NA;NA;NA;NA;NA;NA;1;NA;NA;NA;NA;NA;NA;NA;NA
25;"PB";2516706;"251670";"Teixeira";"Não";"Região Metropolitana de Patos";"Pedestres";1;NA;1;NA;2;NA;NA;NA;NA;NA;NA;NA;NA;1;NA;NA;NA;NA;1;NA;1;NA;NA;NA;NA
25;"PB";2516805;"251680";"Triunfo";"Não";"Região Metropolitana de Cajazeiras";"Pedestres";NA;NA;NA;NA;NA;NA;NA;NA;NA;NA;NA;NA;NA;NA;NA;NA;2;NA;NA;NA;NA;NA;NA;NA;NA
25;"PB";2516904;"251690";"Uiraúna";"Não";"Região Metropolitana de Cajazeiras";"Pedestres";NA;NA;NA;NA;NA;NA;NA;NA;NA;NA;NA;1;NA;NA;NA;NA;1;NA;NA;NA;NA;NA;NA;NA;NA
25;"PB";2517100;"251710";"Várzea";"Não";"Região Metropolitana de Patos";"Pedestres";1;NA;NA;NA;NA;NA;NA;NA;NA;NA;NA;NA;NA;NA;NA;NA;NA;NA;NA;NA;NA;NA;NA;NA;NA
26;"PE";2600054;"260005";"Abreu e Lima";"Não";"Região Metropolitana de Recife";"Pedestres";2;1;4;2;3;NA;NA;2;NA;2;NA;NA;1;1;NA;NA;2;5;2;1;2;1;NA;1;NA
26;"PE";2600104;"260010";"Afogados da Ingazeira";"Não";"-";"Pedestres";NA;NA;2;1;NA;NA;1;1;NA;1;NA;NA;NA;NA;NA;NA;4;1;1;NA;NA;2;1;NA;NA
26;"PE";2600203;"260020";"Afrânio";"Não";"-";"Pedestres";NA;NA;NA;NA;NA;NA;NA;NA;NA;NA;NA;NA;1;NA;NA;1;NA;1;NA;NA;NA;NA;NA;NA;NA
26;"PE";2600302;"260030";"Agrestina";"Não";"-";"Pedestres";4;2;1;1;1;2;4;1;2;NA;1;1;3;1;NA;NA;1;1;1;2;NA;4;2;NA;NA
26;"PE";2600401;"260040";"Água Preta";"Não";"-";"Pedestres";NA;NA;NA;NA;NA;1;2;1;4;NA;2;NA;NA;NA;1;NA;1;1;NA;NA;1;NA;NA;NA;NA
26;"PE";2600500;"260050";"Águas Belas";"Não";"-";"Pedestres";NA;NA;NA;NA;NA;NA;NA;NA;2;NA;2;2;1;2;NA;1;NA;2;1;NA;2;NA;NA;NA;NA
26;"PE";2600609;"260060";"Alagoinha";"Não";"-";"Pedestres";NA;NA;NA;NA;3;NA;NA;1;NA;1;1;NA;NA;NA;1;NA;1;NA;NA;NA;NA;NA;NA;NA;NA
26;"PE";2600708;"260070";"Aliança";"Não";"-";"Pedestres";2;1;NA;3;1;NA;1;1;1;1;2;2;2;NA;NA;NA;NA;NA;1;1;1;NA;1;NA;NA
26;"PE";2600807;"260080";"Altinho";"Não";"-";"Pedestres";NA;1;NA;NA;NA;NA;NA;NA;NA;1;NA;1;NA;NA;NA;NA;NA;NA;NA;NA;NA;NA;1;NA;NA
26;"PE";2600906;"260090";"Amaraji";"Não";"-";"Pedestres";NA;1;1;1;NA;NA;NA;NA;1;NA;2;1;NA;1;1;NA;NA;3;NA;NA;1;NA;NA;1;NA
26;"PE";2601003;"260100";"Angelim";"Não";"-";"Pedestres";NA;1;NA;2;NA;NA;NA;1;1;1;NA;NA;NA;1;NA;NA;1;NA;NA;NA;NA;NA;NA;NA;NA
26;"PE";2601052;"260105";"Araçoiaba";"Não";"Região Metropolitana de Recife";"Pedestres";1;NA;1;NA;1;NA;NA;NA;NA;1;NA;NA;1;NA;NA;NA;NA;NA;NA;NA;1;NA;NA;NA;NA
26;"PE";2601102;"260110";"Araripina";"Não";"-";"Pedestres";3;1;5;6;4;3;4;2;2;4;4;2;8;2;3;5;2;2;3;2;NA;1;2;4;NA
26;"PE";2601201;"260120";"Arcoverde";"Não";"-";"Pedestres";NA;NA;NA;1;2;1;1;1;NA;2;1;4;1;2;3;1;NA;NA;NA;4;2;2;3;5;NA
26;"PE";2601300;"260130";"Barra de Guabiraba";"Não";"-";"Pedestres";NA;1;NA;NA;NA;NA;NA;NA;NA;NA;NA;NA;NA;NA;NA;NA;NA;NA;NA;NA;NA;NA;NA;NA;NA
26;"PE";2601409;"260140";"Barreiros";"Não";"-";"Pedestres";2;NA;2;1;NA;NA;NA;NA;2;NA;1;NA;NA;NA;NA;NA;NA;NA;NA;NA;1;2;NA;NA;NA
26;"PE";2601508;"260150";"Belém de Maria";"Não";"-";"Pedestres";NA;NA;NA;NA;NA;NA;NA;1;NA;NA;NA;NA;NA;1;NA;NA;NA;NA;NA;NA;NA;NA;NA;NA;NA
26;"PE";2601607;"260160";"Belém do São Francisco";"Não";"-";"Pedestres";NA;NA;NA;NA;NA;NA;NA;NA;1;NA;NA;NA;NA;NA;1;NA;NA;1;NA;NA;NA;NA;NA;1;NA
26;"PE";2601706;"260170";"Belo Jardim";"Não";"-";"Pedestres";NA;1;1;4;1;1;2;2;4;2;1;3;2;6;2;2;3;3;NA;2;2;NA;6;NA;NA
26;"PE";2601805;"260180";"Betânia";"Não";"-";"Pedestres";NA;NA;NA;NA;NA;NA;NA;NA;NA;NA;NA;NA;NA;NA;NA;NA;NA;1;NA;NA;NA;NA;NA;NA;NA
26;"PE";2601904;"260190";"Bezerros";"Não";"-";"Pedestres";2;1;1;4;NA;4;3;2;NA;NA;7;6;7;1;2;1;1;NA;1;2;3;1;2;1;NA
26;"PE";2602001;"260200";"Bodocó";"Não";"-";"Pedestres";2;NA;NA;NA;NA;NA;NA;1;1;NA;1;NA;NA;NA;NA;1;NA;NA;NA;NA;NA;NA;NA;NA;NA
26;"PE";2602100;"260210";"Bom Conselho";"Não";"-";"Pedestres";NA;NA;NA;NA;NA;NA;NA;NA;1;NA;1;NA;NA;NA;NA;NA;1;NA;NA;NA;NA;NA;NA;NA;NA
26;"PE";2602209;"260220";"Bom Jardim";"Não";"-";"Pedestres";1;2;NA;NA;2;NA;3;3;2;2;3;4;2;1;1;1;NA;NA;2;NA;2;NA;1;2;NA
26;"PE";2602308;"260230";"Bonito";"Não";"-";"Pedestres";1;1;1;1;NA;1;NA;1;NA;NA;NA;NA;NA;NA;NA;NA;NA;NA;NA;NA;NA;NA;NA;NA;NA
26;"PE";2602407;"260240";"Brejão";"Não";"-";"Pedestres";NA;NA;NA;NA;NA;NA;NA;1;NA;NA;NA;NA;NA;NA;2;2;NA;1;NA;1;1;NA;NA;NA;NA
26;"PE";2602506;"260250";"Brejinho";"Não";"-";"Pedestres";NA;NA;NA;NA;NA;NA;NA;NA;NA;NA;1;NA;NA;NA;1;NA;NA;NA;NA;NA;NA;NA;NA;NA;NA
26;"PE";2602605;"260260";"Brejo da Madre de Deus";"Não";"-";"Pedestres";NA;NA;NA;NA;1;1;NA;1;1;NA;4;3;1;3;3;3;NA;1;NA;NA;NA;1;2;1;NA
26;"PE";2602704;"260270";"Buenos Aires";"Não";"-";"Pedestres";NA;NA;1;NA;NA;NA;NA;NA;NA;NA;NA;NA;NA;1;NA;NA;NA;NA;NA;NA;NA;NA;NA;NA;NA
26;"PE";2602803;"260280";"Buíque";"Não";"-";"Pedestres";NA;NA;1;1;NA;1;NA;NA;1;NA;1;1;NA;1;NA;NA;1;1;1;NA;NA;2;NA;1;NA
26;"PE";2602902;"260290";"Cabo de Santo Agostinho";"Não";"Região Metropolitana de Recife";"Pedestres";15;22;23;16;19;29;15;9;5;5;4;9;13;7;7;5;4;3;7;9;7;9;8;7;NA
26;"PE";2603009;"260300";"Cabrobó";"Não";"-";"Pedestres";1;NA;1;NA;1;NA;NA;2;1;NA;1;NA;NA;NA;NA;NA;NA;NA;NA;1;1;NA;NA;NA;NA
26;"PE";2603108;"260310";"Cachoeirinha";"Não";"-";"Pedestres";1;NA;NA;NA;NA;NA;NA;NA;2;NA;NA;1;2;NA;1;NA;2;NA;NA;2;1;2;NA;1;NA
26;"PE";2603207;"260320";"Caetés";"Não";"-";"Pedestres";1;2;1;NA;2;NA;2;1;2;1;1;2;2;3;NA;NA;1;2;3;1;NA;1;1;NA;NA
26;"PE";2603306;"260330";"Calçado";"Não";"-";"Pedestres";NA;NA;NA;NA;1;NA;NA;NA;NA;NA;NA;NA;NA;NA;NA;NA;NA;NA;NA;NA;NA;NA;1;NA;NA
26;"PE";2603454;"260345";"Camaragibe";"Não";"Região Metropolitana de Recife";"Pedestres";5;2;7;5;NA;NA;5;5;2;3;1;NA;1;2;2;2;NA;1;1;1;NA;NA;1;2;NA
26;"PE";2603504;"260350";"Camocim de São Félix";"Não";"-";"Pedestres";NA;NA;NA;NA;1;1;NA;NA;NA;NA;1;NA;NA;NA;NA;NA;1;NA;NA;NA;NA;1;1;NA;NA
26;"PE";2603603;"260360";"Camutanga";"Não";"-";"Pedestres";NA;NA;NA;NA;NA;NA;NA;NA;NA;NA;NA;NA;NA;NA;1;NA;NA;NA;NA;NA;NA;NA;NA;NA;NA
26;"PE";2603702;"260370";"Canhotinho";"Não";"-";"Pedestres";NA;NA;1;NA;1;1;NA;NA;NA;1;1;NA;NA;1;NA;NA;1;NA;NA;NA;1;NA;NA;NA;NA
26;"PE";2603801;"260380";"Capoeiras";"Não";"-";"Pedestres";NA;NA;NA;NA;1;NA;1;NA;NA;NA;NA;NA;NA;NA;NA;NA;1;NA;NA;1;1;2;NA;NA;NA
26;"PE";2603900;"260390";"Carnaíba";"Não";"-";"Pedestres";NA;NA;NA;NA;NA;NA;NA;NA;NA;NA;NA;NA;NA;NA;NA;NA;NA;NA;NA;NA;NA;NA;NA;NA;NA
26;"PE";2603926;"260392";"Carnaubeira da Penha";"Não";"-";"Pedestres";NA;NA;NA;NA;NA;NA;NA;NA;NA;NA;NA;NA;NA;NA;NA;NA;NA;NA;NA;NA;NA;NA;NA;NA;NA
26;"PE";2604007;"260400";"Carpina";"Não";"-";"Pedestres";NA;1;NA;6;NA;NA;3;1;1;2;2;1;2;1;1;2;2;2;2;NA;NA;NA;1;2;NA
26;"PE";2604106;"260410";"Caruaru";"Não";"-";"Pedestres";11;17;15;13;22;21;32;23;21;31;31;26;26;19;11;20;10;13;10;12;11;13;13;17;NA
26;"PE";2604155;"260415";"Casinhas";"Não";"-";"Pedestres";1;1;NA;NA;NA;NA;NA;NA;NA;NA;NA;NA;NA;NA;1;NA;NA;1;NA;NA;NA;NA;NA;1;NA
26;"PE";2604205;"260420";"Catende";"Não";"-";"Pedestres";NA;1;NA;NA;1;NA;1;NA;1;1;NA;NA;NA;5;2;NA;1;NA;NA;1;NA;NA;NA;NA;NA
26;"PE";2604304;"260430";"Cedro";"Não";"-";"Pedestres";NA;1;NA;NA;1;NA;NA;NA;NA;NA;NA;1;NA;NA;NA;NA;NA;1;NA;NA;NA;NA;1;NA;NA
26;"PE";2604403;"260440";"Chã de Alegria";"Não";"-";"Pedestres";NA;NA;NA;NA;NA;NA;NA;NA;NA;NA;NA;NA;NA;NA;NA;NA;1;NA;NA;NA;NA;NA;NA;NA;NA
26;"PE";2604502;"260450";"Chã Grande";"Não";"-";"Pedestres";1;NA;NA;NA;NA;NA;1;NA;NA;NA;NA;NA;NA;1;1;2;NA;2;1;NA;NA;NA;NA;1;NA
26;"PE";2604601;"260460";"Condado";"Não";"-";"Pedestres";NA;NA;1;2;1;NA;NA;NA;1;NA;NA;NA;NA;NA;2;NA;NA;1;NA;NA;1;NA;1;NA;NA
26;"PE";2604700;"260470";"Correntes";"Não";"-";"Pedestres";NA;NA;NA;NA;NA;NA;NA;NA;1;NA;1;NA;NA;NA;NA;NA;NA;NA;NA;NA;NA;NA;NA;NA;NA
26;"PE";2604809;"260480";"Cortês";"Não";"-";"Pedestres";NA;NA;NA;NA;NA;NA;NA;NA;NA;1;1;NA;NA;NA;NA;NA;NA;NA;1;NA;NA;NA;NA;NA;NA
26;"PE";2604908;"260490";"Cumaru";"Não";"-";"Pedestres";NA;NA;NA;NA;NA;NA;NA;2;NA;NA;NA;NA;NA;NA;NA;NA;NA;NA;NA;NA;1;NA;NA;1;NA
26;"PE";2605004;"260500";"Cupira";"Não";"-";"Pedestres";NA;NA;NA;NA;NA;2;NA;1;1;6;2;NA;2;NA;NA;2;4;NA;1;NA;NA;NA;NA;1;NA
26;"PE";2605103;"260510";"Custódia";"Não";"-";"Pedestres";NA;NA;3;1;1;NA;1;1;2;2;2;1;1;NA;1;1;2;2;NA;NA;NA;NA;NA;NA;NA
26;"PE";2605152;"260515";"Dormentes";"Não";"-";"Pedestres";NA;NA;NA;NA;NA;NA;NA;NA;NA;NA;NA;NA;NA;NA;NA;NA;NA;NA;NA;NA;NA;NA;NA;NA;NA
26;"PE";2605202;"260520";"Escada";"Não";"-";"Pedestres";3;3;4;3;4;4;6;1;2;4;NA;3;2;2;5;2;2;2;2;4;1;NA;2;1;NA
26;"PE";2605301;"260530";"Exu";"Não";"-";"Pedestres";1;NA;NA;1;1;NA;NA;1;NA;1;NA;1;1;NA;1;2;2;NA;NA;2;NA;1;NA;1;NA
26;"PE";2605400;"260540";"Feira Nova";"Não";"-";"Pedestres";NA;NA;NA;NA;2;NA;NA;1;NA;1;NA;1;NA;NA;NA;NA;1;NA;NA;1;NA;NA;NA;1;NA
26;"PE";2605509;"260550";"Ferreiros";"Não";"-";"Pedestres";NA;NA;NA;1;NA;NA;NA;NA;NA;NA;NA;NA;NA;1;NA;1;NA;NA;1;1;NA;NA;NA;1;NA
26;"PE";2605608;"260560";"Flores";"Não";"-";"Pedestres";NA;NA;NA;1;1;2;1;NA;2;NA;NA;NA;NA;NA;NA;NA;1;1;NA;NA;NA;NA;NA;NA;NA
26;"PE";2605707;"260570";"Floresta";"Não";"-";"Pedestres";NA;NA;2;1;NA;NA;1;1;NA;NA;NA;NA;1;NA;1;NA;1;NA;NA;NA;NA;NA;NA;NA;NA
26;"PE";2605806;"260580";"Frei Miguelinho";"Não";"-";"Pedestres";2;NA;1;NA;NA;NA;NA;NA;NA;1;NA;NA;NA;NA;NA;1;2;NA;NA;1;NA;NA;1;NA;NA
26;"PE";2605905;"260590";"Gameleira";"Não";"-";"Pedestres";NA;2;1;NA;NA;1;1;1;1;2;1;1;NA;1;3;1;NA;NA;NA;NA;1;NA;NA;NA;NA
26;"PE";2606002;"260600";"Garanhuns";"Não";"-";"Pedestres";3;1;4;1;2;1;1;NA;4;6;5;5;13;4;2;4;4;5;2;3;NA;4;7;1;NA
26;"PE";2606101;"260610";"Glória do Goitá";"Não";"-";"Pedestres";2;NA;NA;1;NA;NA;NA;NA;NA;NA;NA;NA;2;1;NA;NA;NA;NA;1;1;NA;NA;NA;NA;NA
26;"PE";2606200;"260620";"Goiana";"Não";"-";"Pedestres";2;5;2;3;2;5;8;5;3;6;1;1;4;3;3;4;1;1;2;NA;1;NA;2;3;NA
26;"PE";2606309;"260630";"Granito";"Não";"-";"Pedestres";NA;NA;NA;NA;NA;NA;NA;NA;NA;NA;NA;NA;NA;NA;NA;NA;NA;NA;NA;1;NA;NA;NA;NA;NA
26;"PE";2606408;"260640";"Gravatá";"Não";"-";"Pedestres";NA;NA;7;3;4;2;5;3;4;7;4;5;4;5;8;4;4;1;3;3;2;1;1;1;NA
26;"PE";2606507;"260650";"Iati";"Não";"-";"Pedestres";NA;NA;NA;NA;NA;NA;NA;NA;NA;NA;NA;NA;NA;NA;NA;NA;NA;1;NA;2;1;NA;2;1;NA
26;"PE";2606606;"260660";"Ibimirim";"Não";"-";"Pedestres";NA;NA;1;NA;NA;NA;NA;2;1;NA;1;2;NA;NA;NA;NA;2;NA;NA;NA;NA;NA;NA;NA;NA
26;"PE";2606705;"260670";"Ibirajuba";"Não";"-";"Pedestres";NA;NA;NA;NA;NA;NA;NA;NA;NA;NA;NA;2;NA;NA;NA;NA;NA;NA;NA;NA;NA;NA;NA;NA;NA
26;"PE";2606804;"260680";"Igarassu";"Não";"Região Metropolitana de Recife";"Pedestres";3;5;7;NA;1;1;2;NA;NA;5;1;1;1;1;3;4;5;10;2;6;2;4;3;1;NA
26;"PE";2606903;"260690";"Iguaracy";"Não";"-";"Pedestres";NA;NA;NA;NA;NA;1;NA;NA;NA;NA;NA;NA;NA;NA;NA;NA;NA;NA;NA;NA;NA;NA;NA;1;NA
26;"PE";2607000;"260700";"Inajá";"Não";"-";"Pedestres";NA;NA;NA;1;NA;1;NA;NA;1;NA;NA;NA;NA;NA;NA;NA;NA;NA;NA;NA;NA;NA;NA;NA;NA
26;"PE";2607109;"260710";"Ingazeira";"Não";"-";"Pedestres";NA;NA;NA;NA;NA;NA;NA;NA;NA;NA;NA;NA;NA;NA;NA;NA;NA;NA;NA;NA;1;NA;NA;NA;NA
26;"PE";2607208;"260720";"Ipojuca";"Não";"Região Metropolitana de Recife";"Pedestres";4;NA;6;4;NA;NA;4;3;2;6;17;14;7;10;6;1;3;1;NA;1;NA;2;1;NA;NA
26;"PE";2607307;"260730";"Ipubi";"Não";"-";"Pedestres";1;NA;NA;NA;1;NA;NA;NA;1;NA;NA;2;NA;NA;1;NA;1;4;3;1;1;NA;NA;NA;NA
26;"PE";2607406;"260740";"Itacuruba";"Não";"-";"Pedestres";NA;NA;NA;NA;NA;NA;NA;NA;1;NA;NA;NA;NA;NA;NA;NA;NA;NA;NA;NA;NA;NA;NA;NA;NA
26;"PE";2607505;"260750";"Itaíba";"Não";"-";"Pedestres";NA;NA;NA;NA;NA;NA;NA;NA;NA;1;1;NA;NA;NA;1;NA;1;1;NA;NA;NA;NA;NA;NA;NA
26;"PE";2607604;"260760";"Ilha de Itamaracá";"Não";"Região Metropolitana de Recife";"Pedestres";3;NA;NA;NA;1;NA;NA;NA;NA;NA;NA;1;1;NA;NA;NA;1;NA;NA;NA;NA;NA;NA;NA;NA
26;"PE";2607653;"260765";"Itambé";"Não";"-";"Pedestres";NA;NA;2;NA;3;NA;1;NA;NA;1;NA;NA;NA;1;2;NA;NA;NA;NA;NA;NA;NA;NA;NA;NA
26;"PE";2607703;"260770";"Itapetim";"Não";"-";"Pedestres";NA;NA;1;NA;NA;NA;NA;NA;NA;NA;NA;NA;NA;NA;NA;NA;NA;NA;NA;NA;NA;NA;1;NA;NA
26;"PE";2607752;"260775";"Itapissuma";"Não";"Região Metropolitana de Recife";"Pedestres";1;1;2;1;NA;1;NA;NA;NA;NA;NA;1;1;NA;NA;NA;NA;1;3;NA;NA;NA;NA;1;NA
26;"PE";2607802;"260780";"Itaquitinga";"Não";"-";"Pedestres";NA;NA;NA;NA;NA;NA;NA;NA;NA;NA;NA;NA;NA;NA;NA;NA;NA;1;NA;NA;NA;NA;NA;NA;NA
26;"PE";2607901;"260790";"Jaboatão dos Guararapes";"Não";"Região Metropolitana de Recife";"Pedestres";10;8;21;14;8;16;15;12;11;8;14;6;8;10;8;6;9;5;10;6;8;6;11;6;NA
26;"PE";2607950;"260795";"Jaqueira";"Não";"-";"Pedestres";NA;2;NA;1;NA;NA;NA;NA;NA;NA;NA;NA;NA;NA;NA;NA;NA;NA;NA;NA;NA;NA;NA;1;NA
26;"PE";2608008;"260800";"Jataúba";"Não";"-";"Pedestres";NA;NA;NA;NA;1;NA;NA;NA;NA;1;NA;1;NA;2;2;NA;NA;1;NA;1;NA;1;NA;NA;NA
26;"PE";2608057;"260805";"Jatobá";"Não";"-";"Pedestres";NA;1;NA;NA;1;NA;NA;NA;2;NA;NA;NA;NA;NA;1;1;NA;NA;NA;1;1;NA;NA;NA;NA
26;"PE";2608107;"260810";"João Alfredo";"Não";"-";"Pedestres";NA;1;NA;NA;1;NA;NA;NA;NA;NA;NA;NA;NA;NA;NA;NA;1;NA;NA;NA;1;NA;1;NA;NA
26;"PE";2608206;"260820";"Joaquim Nabuco";"Não";"-";"Pedestres";NA;NA;NA;1;1;NA;NA;NA;NA;NA;2;NA;NA;NA;NA;NA;NA;1;NA;NA;NA;NA;NA;1;NA
26;"PE";2608255;"260825";"Jucati";"Não";"-";"Pedestres";NA;NA;NA;NA;NA;NA;NA;NA;NA;NA;NA;1;NA;1;1;NA;NA;NA;NA;NA;1;1;1;NA;NA
26;"PE";2608305;"260830";"Jupi";"Não";"-";"Pedestres";NA;NA;NA;NA;1;1;NA;1;NA;NA;1;NA;2;2;1;1;1;NA;NA;1;NA;1;NA;3;NA
26;"PE";2608404;"260840";"Jurema";"Não";"-";"Pedestres";NA;1;NA;NA;NA;1;NA;1;1;NA;NA;NA;NA;1;NA;NA;NA;NA;NA;NA;NA;NA;NA;NA;NA
26;"PE";2608453;"260845";"Lagoa do Carro";"Não";"-";"Pedestres";NA;NA;NA;1;NA;1;1;1;1;NA;NA;NA;1;NA;2;NA;NA;NA;NA;1;NA;NA;2;NA;NA
26;"PE";2608503;"260850";"Lagoa de Itaenga";"Não";"-";"Pedestres";NA;NA;NA;1;1;NA;NA;NA;NA;NA;NA;NA;1;1;NA;NA;NA;NA;1;1;NA;1;NA;NA;NA
26;"PE";2608602;"260860";"Lagoa do Ouro";"Não";"-";"Pedestres";NA;NA;NA;1;NA;NA;1;2;NA;NA;NA;NA;NA;NA;NA;NA;NA;NA;NA;NA;NA;NA;1;NA;NA
26;"PE";2608701;"260870";"Lagoa dos Gatos";"Não";"-";"Pedestres";NA;NA;NA;1;NA;NA;3;NA;NA;NA;NA;NA;NA;NA;NA;NA;NA;1;NA;NA;NA;NA;NA;NA;NA
26;"PE";2608750;"260875";"Lagoa Grande";"Não";"Região Administrativa Integrada de Desenvolvimento do Polo Petrolina/PE e Juazeiro/BA";"Pedestres";1;2;1;2;NA;2;NA;NA;NA;NA;1;1;NA;1;NA;NA;1;NA;NA;1;2;1;1;NA;NA
26;"PE";2608800;"260880";"Lajedo";"Não";"-";"Pedestres";2;1;3;4;3;3;NA;1;NA;NA;NA;NA;3;NA;1;2;1;NA;NA;1;2;4;3;1;NA
26;"PE";2608909;"260890";"Limoeiro";"Não";"-";"Pedestres";1;3;2;1;NA;1;1;1;1;1;3;2;2;NA;1;3;3;1;1;1;1;1;1;NA;NA
26;"PE";2609006;"260900";"Macaparana";"Não";"-";"Pedestres";NA;1;NA;3;1;NA;1;NA;NA;NA;1;NA;1;NA;NA;NA;NA;NA;1;NA;NA;NA;NA;NA;NA
26;"PE";2609105;"260910";"Machados";"Não";"-";"Pedestres";NA;NA;NA;NA;NA;NA;NA;NA;1;NA;NA;1;NA;1;NA;NA;NA;NA;NA;NA;NA;NA;NA;NA;NA
26;"PE";2609154;"260915";"Manari";"Não";"-";"Pedestres";NA;NA;NA;NA;NA;NA;NA;NA;NA;NA;NA;NA;1;NA;NA;NA;1;NA;1;NA;1;1;NA;NA;NA
26;"PE";2609204;"260920";"Maraial";"Não";"-";"Pedestres";NA;NA;NA;NA;NA;1;NA;NA;NA;NA;1;NA;NA;NA;NA;NA;NA;NA;NA;NA;NA;NA;NA;NA;NA
26;"PE";2609303;"260930";"Mirandiba";"Não";"-";"Pedestres";NA;1;2;1;NA;NA;NA;NA;1;NA;NA;1;NA;NA;NA;NA;1;1;NA;1;NA;1;1;NA;NA
26;"PE";2609402;"260940";"Moreno";"Não";"Região Metropolitana de Recife";"Pedestres";4;3;1;NA;NA;2;3;1;3;6;3;2;NA;1;1;NA;NA;3;NA;2;2;NA;NA;1;NA
26;"PE";2609501;"260950";"Nazaré da Mata";"Não";"-";"Pedestres";NA;1;1;3;NA;NA;NA;NA;1;1;2;NA;5;2;1;1;NA;NA;NA;1;1;1;NA;1;NA
26;"PE";2609600;"260960";"Olinda";"Não";"Região Metropolitana de Recife";"Pedestres";9;7;7;3;9;6;10;3;2;NA;2;3;4;3;7;6;3;3;5;6;6;3;5;7;NA
26;"PE";2609709;"260970";"Orobó";"Não";"-";"Pedestres";NA;NA;2;NA;NA;NA;NA;NA;NA;1;NA;NA;NA;NA;NA;1;NA;NA;NA;NA;NA;NA;1;NA;NA
26;"PE";2609808;"260980";"Orocó";"Não";"Região Administrativa Integrada de Desenvolvimento do Polo Petrolina/PE e Juazeiro/BA";"Pedestres";2;NA;NA;NA;2;NA;NA;NA;NA;1;NA;NA;NA;NA;NA;NA;NA;1;NA;NA;NA;NA;1;NA;NA
26;"PE";2609907;"260990";"Ouricuri";"Não";"-";"Pedestres";3;NA;2;2;4;1;2;1;NA;3;5;3;4;4;4;4;NA;2;6;6;3;2;3;3;NA
26;"PE";2610004;"261000";"Palmares";"Não";"-";"Pedestres";2;5;5;2;4;2;9;3;3;1;1;5;2;1;1;NA;3;2;1;2;2;2;2;4;NA
26;"PE";2610103;"261010";"Palmeirina";"Não";"-";"Pedestres";NA;NA;NA;NA;1;NA;NA;NA;NA;NA;NA;NA;1;1;NA;NA;NA;NA;NA;NA;NA;NA;NA;NA;NA
26;"PE";2610202;"261020";"Panelas";"Não";"-";"Pedestres";1;NA;1;NA;1;NA;2;NA;1;NA;NA;NA;NA;NA;NA;NA;1;NA;NA;1;NA;NA;1;1;NA
26;"PE";2610301;"261030";"Paranatama";"Não";"-";"Pedestres";NA;NA;NA;NA;NA;NA;NA;NA;NA;NA;3;1;1;1;NA;1;NA;NA;NA;NA;NA;1;1;1;NA
26;"PE";2610400;"261040";"Parnamirim";"Não";"-";"Pedestres";NA;NA;NA;NA;NA;NA;NA;NA;NA;1;1;NA;NA;NA;NA;1;1;1;NA;NA;NA;NA;NA;2;NA
26;"PE";2610509;"261050";"Passira";"Não";"-";"Pedestres";NA;1;2;NA;1;1;1;NA;NA;1;NA;NA;NA;NA;NA;NA;NA;NA;NA;NA;NA;NA;NA;NA;NA
26;"PE";2610608;"261060";"Paudalho";"Não";"-";"Pedestres";2;3;2;3;3;2;NA;3;NA;5;3;2;NA;NA;2;4;2;4;4;1;4;2;NA;1;NA
26;"PE";2610707;"261070";"Paulista";"Não";"Região Metropolitana de Recife";"Pedestres";8;5;5;6;7;4;6;4;10;11;5;2;4;9;5;12;8;13;6;10;9;9;3;7;NA
26;"PE";2610806;"261080";"Pedra";"Não";"-";"Pedestres";NA;NA;NA;NA;NA;2;1;NA;2;NA;NA;NA;2;NA;NA;NA;NA;NA;NA;NA;1;NA;NA;NA;NA
26;"PE";2610905;"261090";"Pesqueira";"Não";"-";"Pedestres";3;3;4;1;1;2;NA;2;2;1;3;5;3;3;2;2;NA;NA;3;1;1;2;4;NA;NA
26;"PE";2611002;"261100";"Petrolândia";"Não";"-";"Pedestres";1;1;NA;2;NA;1;NA;NA;NA;NA;3;NA;NA;NA;3;1;NA;NA;NA;NA;NA;NA;NA;NA;NA
26;"PE";2611101;"261110";"Petrolina";"Não";"Região Administrativa Integrada de Desenvolvimento do Polo Petrolina/PE e Juazeiro/BA";"Pedestres";14;7;12;12;7;9;8;1;10;12;13;26;23;18;12;11;24;22;9;19;12;10;12;11;NA
26;"PE";2611200;"261120";"Poção";"Não";"-";"Pedestres";NA;NA;NA;NA;NA;NA;NA;NA;NA;NA;NA;NA;NA;1;1;NA;NA;NA;NA;NA;NA;NA;NA;NA;NA
26;"PE";2611309;"261130";"Pombos";"Não";"-";"Pedestres";1;NA;1;1;NA;2;NA;4;NA;5;NA;1;2;1;NA;3;2;1;4;1;4;2;NA;4;NA
26;"PE";2611408;"261140";"Primavera";"Não";"-";"Pedestres";NA;NA;1;NA;NA;1;NA;NA;NA;NA;NA;NA;NA;NA;NA;NA;NA;NA;NA;NA;1;NA;NA;NA;NA
26;"PE";2611507;"261150";"Quipapá";"Não";"-";"Pedestres";NA;2;NA;1;NA;NA;NA;NA;1;1;NA;NA;NA;NA;NA;NA;NA;NA;1;NA;NA;NA;NA;NA;NA
26;"PE";2611533;"261153";"Quixaba";"Não";"-";"Pedestres";NA;NA;NA;NA;NA;NA;NA;NA;NA;NA;NA;NA;NA;NA;NA;NA;NA;NA;NA;NA;NA;NA;NA;NA;NA
26;"PE";2611606;"261160";"Recife";"Sim";"Região Metropolitana de Recife";"Pedestres";195;194;188;190;243;198;221;184;186;192;203;127;132;90;124;112;107;111;108;96;84;78;72;90;NA
26;"PE";2611705;"261170";"Riacho das Almas";"Não";"-";"Pedestres";NA;NA;NA;NA;NA;NA;NA;NA;NA;NA;NA;NA;NA;NA;NA;NA;NA;NA;NA;NA;NA;NA;NA;2;NA
26;"PE";2611804;"261180";"Ribeirão";"Não";"-";"Pedestres";NA;3;NA;NA;1;NA;1;2;NA;2;NA;NA;NA;3;NA;NA;NA;NA;NA;3;3;NA;NA;NA;NA
26;"PE";2611903;"261190";"Rio Formoso";"Não";"-";"Pedestres";1;1;3;3;NA;NA;1;NA;NA;NA;NA;1;NA;NA;NA;NA;1;NA;NA;NA;1;1;1;NA;NA
26;"PE";2612000;"261200";"Sairé";"Não";"-";"Pedestres";NA;NA;NA;NA;1;NA;NA;NA;NA;NA;NA;1;1;NA;NA;NA;1;NA;NA;NA;NA;1;NA;NA;NA
26;"PE";2612109;"261210";"Salgadinho";"Não";"-";"Pedestres";NA;NA;NA;NA;NA;NA;NA;NA;NA;NA;NA;NA;NA;NA;NA;NA;1;NA;NA;NA;NA;NA;NA;NA;NA
26;"PE";2612208;"261220";"Salgueiro";"Não";"-";"Pedestres";3;1;4;1;3;NA;4;2;1;1;1;3;2;2;1;1;2;1;1;6;NA;2;1;6;NA
26;"PE";2612307;"261230";"Saloá";"Não";"-";"Pedestres";NA;NA;NA;NA;NA;NA;NA;NA;NA;NA;NA;NA;NA;NA;NA;1;NA;NA;NA;1;1;NA;NA;NA;NA
26;"PE";2612406;"261240";"Sanharó";"Não";"-";"Pedestres";1;1;NA;NA;NA;1;2;NA;1;1;2;NA;NA;2;2;2;4;2;2;1;1;1;1;1;NA
26;"PE";2612455;"261245";"Santa Cruz";"Não";"-";"Pedestres";1;NA;NA;NA;1;NA;NA;1;NA;NA;NA;NA;NA;NA;1;1;1;NA;NA;NA;NA;NA;1;NA;NA
26;"PE";2612471;"261247";"Santa Cruz da Baixa Verde";"Não";"-";"Pedestres";NA;1;NA;NA;NA;NA;1;NA;NA;NA;NA;1;1;NA;NA;1;NA;NA;1;NA;NA;NA;NA;NA;NA
26;"PE";2612505;"261250";"Santa Cruz do Capibaribe";"Não";"-";"Pedestres";NA;NA;1;NA;1;1;1;1;NA;3;1;1;2;1;6;2;2;NA;NA;NA;2;NA;NA;1;NA
26;"PE";2612554;"261255";"Santa Filomena";"Não";"-";"Pedestres";NA;NA;NA;NA;NA;NA;NA;NA;NA;NA;NA;1;NA;1;NA;NA;NA;NA;NA;NA;NA;NA;NA;NA;NA
26;"PE";2612604;"261260";"Santa Maria da Boa Vista";"Não";"Região Administrativa Integrada de Desenvolvimento do Polo Petrolina/PE e Juazeiro/BA";"Pedestres";1;NA;1;1;NA;NA;NA;NA;NA;1;4;1;NA;1;1;NA;1;NA;2;NA;2;NA;1;1;NA
26;"PE";2612703;"261270";"Santa Maria do Cambucá";"Não";"-";"Pedestres";NA;NA;NA;NA;NA;NA;NA;NA;NA;1;1;NA;NA;1;NA;NA;NA;NA;NA;NA;NA;NA;NA;1;NA
26;"PE";2612802;"261280";"Santa Terezinha";"Não";"-";"Pedestres";NA;NA;NA;1;NA;NA;2;NA;NA;NA;NA;NA;NA;NA;NA;NA;NA;NA;NA;NA;NA;NA;NA;NA;NA
26;"PE";2612901;"261290";"São Benedito do Sul";"Não";"-";"Pedestres";NA;NA;NA;NA;NA;NA;NA;NA;NA;NA;1;NA;1;NA;NA;NA;NA;NA;NA;NA;NA;NA;NA;NA;NA
26;"PE";2613008;"261300";"São Bento do Una";"Não";"-";"Pedestres";1;NA;2;1;1;NA;3;3;2;NA;NA;5;2;1;1;2;1;NA;NA;1;NA;NA;3;NA;NA
26;"PE";2613107;"261310";"São Caitano";"Não";"-";"Pedestres";NA;2;NA;1;NA;1;NA;1;1;NA;1;2;1;1;NA;1;1;1;2;1;NA;1;1;2;NA
26;"PE";2613206;"261320";"São João";"Não";"-";"Pedestres";NA;1;NA;NA;4;1;NA;1;NA;1;1;NA;1;NA;1;NA;NA;NA;NA;NA;NA;NA;NA;NA;NA
26;"PE";2613305;"261330";"São Joaquim do Monte";"Não";"-";"Pedestres";1;NA;NA;2;1;NA;NA;1;NA;NA;NA;NA;NA;NA;NA;NA;1;NA;1;NA;NA;NA;NA;NA;NA
26;"PE";2613404;"261340";"São José da Coroa Grande";"Não";"-";"Pedestres";NA;3;2;NA;NA;1;1;4;NA;3;NA;NA;NA;1;NA;NA;1;NA;NA;NA;NA;NA;NA;2;NA
26;"PE";2613503;"261350";"São José do Belmonte";"Não";"-";"Pedestres";NA;2;2;1;1;NA;NA;3;2;1;NA;3;NA;1;NA;1;NA;2;NA;NA;1;1;NA;NA;NA
26;"PE";2613602;"261360";"São José do Egito";"Não";"-";"Pedestres";NA;2;NA;NA;1;NA;NA;NA;NA;NA;NA;NA;NA;NA;1;1;1;NA;NA;NA;NA;NA;1;NA;NA
26;"PE";2613701;"261370";"São Lourenço da Mata";"Não";"Região Metropolitana de Recife";"Pedestres";3;1;4;NA;1;1;3;1;NA;NA;NA;NA;NA;NA;NA;2;2;2;2;1;3;1;2;3;NA
26;"PE";2613800;"261380";"São Vicente Férrer";"Não";"-";"Pedestres";NA;NA;NA;NA;1;NA;NA;1;NA;NA;1;NA;1;NA;NA;NA;NA;NA;NA;NA;NA;NA;NA;NA;NA
26;"PE";2613909;"261390";"Serra Talhada";"Não";"-";"Pedestres";2;4;1;3;1;4;NA;4;1;5;5;8;6;NA;6;2;2;4;1;2;NA;2;NA;3;NA
26;"PE";2614006;"261400";"Serrita";"Não";"-";"Pedestres";NA;NA;NA;NA;NA;NA;1;1;NA;NA;NA;NA;NA;3;NA;NA;NA;1;NA;NA;NA;NA;1;NA;NA
26;"PE";2614105;"261410";"Sertânia";"Não";"-";"Pedestres";NA;NA;3;1;NA;NA;1;NA;NA;NA;1;NA;1;1;2;NA;1;1;NA;1;1;2;NA;1;NA
26;"PE";2614204;"261420";"Sirinhaém";"Não";"-";"Pedestres";1;NA;1;2;1;1;2;1;1;NA;2;3;NA;NA;1;NA;1;NA;NA;1;2;1;NA;NA;NA
26;"PE";2614303;"261430";"Moreilândia";"Não";"-";"Pedestres";NA;NA;NA;NA;NA;NA;NA;1;NA;NA;NA;NA;NA;NA;1;NA;NA;NA;NA;NA;1;NA;NA;NA;NA
26;"PE";2614501;"261450";"Surubim";"Não";"-";"Pedestres";5;2;5;NA;2;NA;NA;NA;NA;NA;2;1;3;1;1;NA;NA;1;2;NA;1;1;3;NA;NA
26;"PE";2614600;"261460";"Tabira";"Não";"-";"Pedestres";NA;NA;NA;NA;NA;NA;NA;NA;NA;NA;NA;1;NA;NA;NA;NA;NA;NA;NA;NA;NA;NA;NA;NA;NA
26;"PE";2614709;"261470";"Tacaimbó";"Não";"-";"Pedestres";NA;NA;NA;NA;NA;NA;NA;NA;NA;NA;NA;NA;NA;NA;2;NA;2;NA;NA;1;NA;NA;NA;NA;NA
26;"PE";2614808;"261480";"Tacaratu";"Não";"-";"Pedestres";NA;NA;NA;1;NA;NA;1;NA;NA;NA;1;NA;NA;NA;NA;NA;NA;NA;1;1;NA;NA;NA;NA;NA
26;"PE";2614857;"261485";"Tamandaré";"Não";"-";"Pedestres";NA;NA;NA;1;NA;NA;2;1;NA;NA;NA;NA;NA;NA;1;NA;NA;NA;NA;NA;NA;1;NA;1;NA
26;"PE";2615003;"261500";"Taquaritinga do Norte";"Não";"-";"Pedestres";NA;3;NA;NA;NA;1;1;1;NA;NA;NA;NA;1;NA;NA;NA;1;NA;NA;NA;1;NA;3;1;NA
26;"PE";2615102;"261510";"Terezinha";"Não";"-";"Pedestres";NA;NA;NA;2;NA;NA;1;NA;NA;NA;NA;1;NA;NA;NA;NA;NA;NA;NA;1;NA;NA;NA;1;NA
26;"PE";2615201;"261520";"Terra Nova";"Não";"-";"Pedestres";NA;NA;NA;NA;NA;NA;NA;NA;NA;1;NA;NA;NA;NA;NA;1;1;NA;NA;NA;1;NA;NA;NA;NA
26;"PE";2615300;"261530";"Timbaúba";"Não";"-";"Pedestres";2;1;NA;NA;NA;NA;NA;NA;2;2;NA;NA;NA;NA;1;NA;NA;NA;1;NA;NA;1;NA;NA;NA
26;"PE";2615409;"261540";"Toritama";"Não";"-";"Pedestres";NA;NA;1;NA;4;NA;NA;NA;NA;NA;1;1;2;NA;NA;NA;NA;NA;1;NA;NA;2;NA;NA;NA
26;"PE";2615508;"261550";"Tracunhaém";"Não";"-";"Pedestres";NA;NA;NA;NA;NA;NA;NA;NA;NA;NA;1;1;NA;NA;NA;NA;NA;NA;NA;NA;NA;NA;NA;NA;NA
26;"PE";2615607;"261560";"Trindade";"Não";"-";"Pedestres";1;NA;2;1;3;NA;1;NA;1;NA;1;4;NA;NA;1;NA;NA;NA;2;NA;2;NA;NA;NA;NA
26;"PE";2615706;"261570";"Triunfo";"Não";"-";"Pedestres";NA;1;NA;NA;NA;NA;1;2;NA;NA;NA;NA;NA;NA;NA;NA;NA;NA;NA;NA;NA;NA;NA;NA;NA
26;"PE";2615805;"261580";"Tupanatinga";"Não";"-";"Pedestres";2;NA;NA;2;NA;1;NA;2;1;NA;2;NA;NA;NA;NA;NA;2;NA;NA;NA;NA;NA;NA;1;NA
26;"PE";2615904;"261590";"Tuparetama";"Não";"-";"Pedestres";1;NA;NA;1;NA;NA;NA;NA;NA;NA;NA;NA;NA;NA;NA;NA;NA;NA;NA;NA;NA;NA;NA;NA;NA
26;"PE";2616001;"261600";"Venturosa";"Não";"-";"Pedestres";NA;NA;1;1;1;NA;1;1;1;NA;NA;NA;NA;NA;NA;NA;NA;NA;NA;2;NA;1;1;2;NA
26;"PE";2616100;"261610";"Verdejante";"Não";"-";"Pedestres";1;1;NA;NA;NA;NA;NA;NA;NA;NA;NA;NA;1;NA;NA;NA;NA;NA;NA;NA;NA;1;NA;NA;NA
26;"PE";2616183;"261618";"Vertente do Lério";"Não";"-";"Pedestres";NA;NA;NA;NA;NA;NA;NA;NA;NA;NA;NA;NA;NA;NA;NA;NA;NA;NA;NA;NA;NA;NA;1;NA;NA
26;"PE";2616209;"261620";"Vertentes";"Não";"-";"Pedestres";1;1;NA;1;1;2;1;NA;1;3;NA;3;NA;2;1;1;1;NA;2;NA;NA;1;NA;1;NA
26;"PE";2616308;"261630";"Vicência";"Não";"-";"Pedestres";NA;NA;NA;NA;1;NA;NA;1;NA;2;2;NA;NA;NA;2;1;NA;NA;NA;NA;1;NA;NA;NA;NA
26;"PE";2616407;"261640";"Vitória de Santo Antão";"Não";"-";"Pedestres";2;3;8;7;9;6;10;3;4;6;2;1;7;9;2;2;5;3;6;2;2;4;2;1;NA
26;"PE";2616506;"261650";"Xexéu";"Não";"-";"Pedestres";NA;NA;1;NA;NA;1;3;1;1;2;1;1;1;NA;1;NA;NA;NA;1;NA;NA;NA;3;NA;NA
27;"AL";2700102;"270010";"Água Branca";"Não";"Região Metropolitana do Sertão";"Pedestres";NA;NA;NA;NA;2;NA;NA;NA;1;2;3;NA;NA;NA;NA;1;NA;NA;1;NA;1;NA;1;1;NA
27;"AL";2700201;"270020";"Anadia";"Não";"-";"Pedestres";3;NA;NA;NA;NA;NA;NA;1;NA;2;NA;NA;NA;NA;NA;NA;NA;1;NA;NA;NA;NA;1;1;NA
27;"AL";2700300;"270030";"Arapiraca";"Não";"Região Metropolitana do Agreste";"Pedestres";13;10;16;13;21;36;32;28;33;35;37;19;20;17;5;8;15;23;17;17;22;30;12;31;NA
27;"AL";2700409;"270040";"Atalaia";"Não";"Região Metropolitana do Vale do Paraíba";"Pedestres";4;1;NA;2;NA;1;2;1;3;2;1;2;3;NA;1;1;NA;NA;2;NA;NA;2;2;NA;NA
27;"AL";2700508;"270050";"Barra de Santo Antônio";"Não";"Região Metropolitana de Maceió";"Pedestres";NA;NA;NA;NA;NA;1;NA;NA;NA;NA;1;NA;1;1;NA;NA;NA;NA;NA;1;1;NA;NA;NA;NA
27;"AL";2700607;"270060";"Barra de São Miguel";"Não";"Região Metropolitana de Maceió";"Pedestres";1;2;2;NA;1;NA;NA;1;NA;NA;NA;NA;NA;1;NA;NA;NA;NA;NA;NA;NA;NA;NA;NA;NA
27;"AL";2700706;"270070";"Batalha";"Não";"-";"Pedestres";NA;NA;NA;1;NA;NA;NA;NA;2;NA;NA;NA;NA;NA;NA;NA;NA;NA;NA;NA;NA;1;NA;NA;NA
27;"AL";2700805;"270080";"Belém";"Não";"Região Metropolitana do Agreste";"Pedestres";NA;NA;NA;1;NA;NA;NA;1;NA;NA;NA;NA;NA;NA;NA;NA;NA;NA;1;NA;NA;NA;NA;NA;NA
27;"AL";2700904;"270090";"Belo Monte";"Não";"-";"Pedestres";NA;NA;NA;NA;NA;NA;NA;NA;NA;NA;NA;NA;NA;NA;NA;NA;NA;NA;NA;NA;NA;NA;NA;NA;NA
27;"AL";2701001;"270100";"Boca da Mata";"Não";"Região Metropolitana do Vale do Paraíba";"Pedestres";NA;2;1;NA;1;2;NA;NA;NA;NA;NA;NA;3;NA;NA;NA;NA;NA;NA;1;NA;NA;NA;NA;NA
27;"AL";2701100;"270110";"Branquinha";"Não";"Região Metropolitana da Zona da Mata";"Pedestres";NA;1;2;2;2;NA;NA;NA;NA;NA;NA;NA;NA;NA;NA;NA;NA;NA;NA;NA;NA;NA;1;NA;NA
27;"AL";2701209;"270120";"Cacimbinhas";"Não";"Região Metropolitana de Palmeira dos Índios";"Pedestres";NA;1;NA;NA;NA;NA;NA;NA;1;2;1;NA;NA;NA;NA;NA;NA;1;NA;NA;NA;NA;1;NA;NA
27;"AL";2701308;"270130";"Cajueiro";"Não";"Região Metropolitana do Vale do Paraíba";"Pedestres";NA;NA;1;1;NA;NA;2;NA;1;NA;1;NA;NA;NA;2;NA;NA;NA;1;NA;NA;1;NA;NA;NA
27;"AL";2701357;"270135";"Campestre";"Não";"Região Metropolitana da Zona da Mata";"Pedestres";NA;NA;NA;NA;NA;NA;1;NA;NA;NA;NA;NA;NA;NA;NA;NA;NA;1;NA;NA;NA;NA;NA;NA;NA
27;"AL";2701407;"270140";"Campo Alegre";"Não";"-";"Pedestres";1;3;1;2;1;1;NA;1;2;1;1;1;NA;1;NA;1;NA;1;2;NA;NA;1;NA;NA;NA
27;"AL";2701506;"270150";"Campo Grande";"Não";"Região Metropolitana do Agreste";"Pedestres";NA;NA;NA;NA;1;NA;NA;1;NA;NA;NA;NA;NA;NA;NA;NA;NA;NA;NA;NA;NA;NA;NA;NA;NA
27;"AL";2701605;"270160";"Canapi";"Não";"-";"Pedestres";NA;NA;NA;NA;NA;1;NA;NA;1;NA;NA;NA;NA;NA;NA;NA;NA;NA;1;NA;NA;NA;NA;1;NA
27;"AL";2701704;"270170";"Capela";"Não";"Região Metropolitana do Vale do Paraíba";"Pedestres";1;NA;NA;NA;NA;1;1;NA;NA;NA;NA;NA;NA;NA;NA;NA;NA;NA;NA;NA;NA;NA;NA;NA;NA
27;"AL";2701803;"270180";"Carneiros";"Não";"Região Metropolitana do Médio Sertão";"Pedestres";NA;NA;NA;NA;1;NA;NA;NA;NA;NA;NA;NA;NA;NA;NA;NA;NA;NA;NA;NA;NA;NA;NA;NA;NA
27;"AL";2702009;"270200";"Coité do Nóia";"Não";"Região Metropolitana do Agreste";"Pedestres";NA;NA;NA;NA;NA;NA;NA;NA;NA;NA;NA;NA;NA;NA;NA;NA;1;NA;NA;NA;NA;1;1;NA;NA
27;"AL";2702108;"270210";"Colônia Leopoldina";"Não";"Região Metropolitana da Zona da Mata";"Pedestres";NA;NA;2;1;NA;NA;NA;NA;NA;1;NA;1;NA;NA;NA;NA;NA;NA;NA;NA;NA;1;NA;NA;NA
27;"AL";2702306;"270230";"Coruripe";"Não";"Região Metropolitana de Caetés";"Pedestres";1;NA;4;2;1;1;2;3;NA;NA;3;3;2;3;NA;NA;NA;NA;1;1;1;1;1;NA;NA
27;"AL";2702355;"270235";"Craíbas";"Não";"Região Metropolitana do Agreste";"Pedestres";NA;NA;NA;4;2;4;2;1;1;1;1;1;1;NA;1;NA;NA;NA;1;NA;1;1;NA;NA;NA
27;"AL";2702405;"270240";"Delmiro Gouveia";"Não";"Região Metropolitana do Sertão";"Pedestres";NA;4;3;2;NA;4;2;3;NA;3;1;2;1;1;NA;1;1;1;NA;3;2;NA;NA;2;NA
27;"AL";2702504;"270250";"Dois Riachos";"Não";"Região Metropolitana do Médio Sertão";"Pedestres";NA;NA;2;NA;NA;NA;NA;1;NA;1;2;1;NA;1;NA;NA;NA;1;NA;1;NA;NA;NA;NA;NA
27;"AL";2702553;"270255";"Estrela de Alagoas";"Não";"Região Metropolitana do Agreste";"Pedestres";NA;1;NA;NA;NA;NA;NA;NA;NA;NA;NA;1;1;NA;NA;NA;NA;NA;NA;NA;1;NA;NA;NA;NA
27;"AL";2702603;"270260";"Feira Grande";"Não";"Região Metropolitana do Agreste";"Pedestres";1;NA;NA;1;NA;NA;NA;NA;NA;NA;NA;2;NA;NA;1;NA;NA;NA;NA;NA;1;NA;1;NA;NA
27;"AL";2702702;"270270";"Feliz Deserto";"Não";"Região Metropolitana do São Francisco";"Pedestres";NA;NA;1;NA;NA;NA;1;NA;NA;NA;NA;NA;NA;NA;NA;NA;NA;NA;NA;1;NA;NA;NA;NA;NA
27;"AL";2702801;"270280";"Flexeiras";"Não";"Região Metropolitana da Zona da Mata";"Pedestres";1;1;2;NA;NA;NA;1;1;NA;1;NA;NA;NA;NA;NA;NA;NA;NA;1;NA;NA;NA;NA;NA;NA
27;"AL";2702900;"270290";"Girau do Ponciano";"Não";"Região Metropolitana do Agreste";"Pedestres";NA;NA;1;2;2;NA;1;1;NA;1;1;NA;NA;1;NA;1;NA;1;NA;1;1;NA;NA;2;NA
27;"AL";2703106;"270310";"Igaci";"Não";"Região Metropolitana do Agreste";"Pedestres";NA;1;3;NA;NA;1;NA;2;NA;1;NA;1;1;NA;NA;NA;1;NA;NA;NA;NA;1;NA;NA;NA
27;"AL";2703205;"270320";"Igreja Nova";"Não";"Região Metropolitana do São Francisco";"Pedestres";1;1;NA;NA;1;2;NA;1;NA;3;NA;NA;NA;NA;NA;NA;NA;NA;NA;1;NA;NA;NA;NA;NA
27;"AL";2703304;"270330";"Inhapi";"Não";"Região Metropolitana do Sertão";"Pedestres";1;NA;NA;NA;NA;1;NA;NA;NA;NA;NA;NA;NA;1;NA;1;NA;NA;NA;3;NA;NA;1;1;NA
27;"AL";2703403;"270340";"Jacaré dos Homens";"Não";"-";"Pedestres";NA;NA;NA;1;1;NA;NA;NA;NA;NA;NA;NA;NA;NA;NA;NA;NA;NA;1;NA;NA;NA;NA;NA;NA
27;"AL";2703502;"270350";"Jacuípe";"Não";"Região Metropolitana da Zona da Mata";"Pedestres";1;NA;NA;NA;NA;NA;NA;NA;NA;NA;NA;NA;NA;NA;NA;NA;NA;NA;NA;NA;NA;NA;NA;NA;NA
27;"AL";2703601;"270360";"Japaratinga";"Não";"-";"Pedestres";NA;1;1;NA;NA;NA;NA;1;NA;1;NA;1;NA;NA;NA;NA;NA;NA;NA;NA;NA;1;1;NA;NA
27;"AL";2703700;"270370";"Jaramataia";"Não";"Região Metropolitana do Agreste";"Pedestres";1;NA;NA;NA;NA;NA;NA;1;NA;NA;NA;NA;NA;1;NA;NA;NA;NA;NA;NA;NA;NA;NA;1;NA
27;"AL";2703759;"270375";"Jequiá da Praia";"Não";"-";"Pedestres";NA;NA;NA;1;NA;1;2;NA;NA;NA;NA;NA;NA;NA;NA;NA;NA;NA;NA;NA;NA;NA;NA;NA;NA
27;"AL";2703809;"270380";"Joaquim Gomes";"Não";"Região Metropolitana da Zona da Mata";"Pedestres";NA;1;3;NA;1;1;NA;4;1;4;NA;1;NA;NA;1;NA;NA;1;NA;NA;NA;1;NA;NA;NA
27;"AL";2704005;"270400";"Junqueiro";"Não";"-";"Pedestres";3;NA;4;4;1;1;1;NA;NA;1;3;1;NA;NA;NA;NA;NA;NA;1;NA;1;1;NA;1;NA
27;"AL";2704104;"270410";"Lagoa da Canoa";"Não";"Região Metropolitana do Agreste";"Pedestres";1;NA;NA;4;1;NA;NA;NA;NA;2;NA;1;NA;NA;NA;NA;NA;1;NA;NA;NA;NA;NA;NA;NA
27;"AL";2704203;"270420";"Limoeiro de Anadia";"Não";"-";"Pedestres";NA;1;3;1;1;NA;3;NA;1;2;3;1;NA;NA;NA;NA;NA;3;1;NA;NA;NA;NA;NA;NA
27;"AL";2704302;"270430";"Maceió";"Sim";"Região Metropolitana de Maceió";"Pedestres";113;144;108;45;59;68;62;54;39;42;30;43;49;24;26;21;8;25;21;18;27;25;27;37;NA
27;"AL";2704401;"270440";"Major Isidoro";"Não";"Região Metropolitana de Palmeira dos Índios";"Pedestres";NA;NA;NA;1;NA;NA;NA;NA;NA;NA;1;NA;NA;NA;NA;NA;NA;NA;1;NA;1;NA;NA;1;NA
27;"AL";2704500;"270450";"Maragogi";"Não";"-";"Pedestres";1;2;4;NA;NA;NA;2;1;1;NA;NA;1;1;3;1;NA;1;NA;1;1;1;2;NA;NA;NA
27;"AL";2704609;"270460";"Maravilha";"Não";"Região Metropolitana do Médio Sertão";"Pedestres";NA;NA;1;NA;NA;NA;NA;NA;NA;NA;3;NA;NA;NA;NA;NA;NA;NA;NA;NA;NA;NA;NA;NA;NA
27;"AL";2704708;"270470";"Marechal Deodoro";"Não";"Região Metropolitana de Maceió";"Pedestres";4;1;1;3;4;2;3;6;1;3;NA;NA;2;2;3;NA;NA;NA;1;2;NA;1;NA;2;NA
27;"AL";2704807;"270480";"Maribondo";"Não";"Região Metropolitana do Vale do Paraíba";"Pedestres";1;5;NA;NA;NA;2;NA;1;NA;NA;NA;NA;NA;NA;NA;1;NA;1;NA;NA;NA;1;NA;NA;NA
27;"AL";2704906;"270490";"Mar Vermelho";"Não";"Região Metropolitana do Vale do Paraíba";"Pedestres";NA;1;NA;NA;NA;NA;NA;NA;NA;NA;NA;NA;NA;NA;NA;NA;NA;NA;NA;NA;NA;NA;NA;NA;NA
27;"AL";2705002;"270500";"Mata Grande";"Não";"Região Metropolitana do Sertão";"Pedestres";NA;NA;NA;NA;1;1;1;NA;1;NA;NA;NA;NA;NA;NA;NA;NA;NA;1;NA;NA;1;NA;NA;NA
27;"AL";2705101;"270510";"Matriz de Camaragibe";"Não";"Região Metropolitana da Zona da Mata";"Pedestres";NA;NA;3;NA;NA;NA;NA;NA;NA;NA;NA;NA;NA;1;NA;NA;NA;1;NA;NA;NA;NA;NA;NA;NA
27;"AL";2705200;"270520";"Messias";"Não";"Região Metropolitana de Maceió";"Pedestres";1;1;3;NA;1;NA;1;NA;1;1;NA;2;NA;1;NA;NA;NA;1;NA;NA;1;NA;NA;NA;NA
27;"AL";2705309;"270530";"Minador do Negrão";"Não";"Região Metropolitana de Palmeira dos Índios";"Pedestres";1;NA;NA;1;NA;1;NA;NA;NA;NA;NA;NA;NA;NA;NA;NA;NA;NA;NA;NA;NA;NA;NA;NA;NA
27;"AL";2705408;"270540";"Monteirópolis";"Não";"-";"Pedestres";NA;NA;NA;1;NA;NA;1;NA;NA;NA;NA;NA;1;NA;NA;NA;NA;NA;NA;NA;NA;NA;NA;1;NA
27;"AL";2705507;"270550";"Murici";"Não";"Região Metropolitana de Maceió";"Pedestres";2;NA;1;NA;3;1;NA;NA;2;NA;1;1;NA;1;NA;NA;NA;1;1;NA;NA;1;NA;2;NA
27;"AL";2705606;"270560";"Novo Lino";"Não";"Região Metropolitana da Zona da Mata";"Pedestres";3;4;2;NA;NA;NA;NA;NA;1;NA;1;NA;3;1;NA;NA;1;NA;1;NA;NA;NA;NA;NA;NA
27;"AL";2705705;"270570";"Olho d'Água das Flores";"Não";"Região Metropolitana do Médio Sertão";"Pedestres";1;NA;1;2;2;NA;1;NA;NA;2;1;NA;NA;NA;NA;NA;NA;1;NA;1;NA;NA;NA;NA;NA
27;"AL";2705804;"270580";"Olho d'Água do Casado";"Não";"Região Metropolitana do Sertão";"Pedestres";NA;NA;NA;NA;NA;2;NA;NA;NA;NA;NA;NA;NA;NA;NA;NA;NA;NA;NA;NA;NA;NA;NA;NA;NA
27;"AL";2705903;"270590";"Olho d'Água Grande";"Não";"Região Metropolitana do Agreste";"Pedestres";NA;NA;NA;NA;NA;NA;NA;NA;NA;NA;NA;NA;NA;NA;NA;NA;NA;NA;NA;NA;NA;1;NA;NA;NA
27;"AL";2706000;"270600";"Olivença";"Não";"Região Metropolitana do Médio Sertão";"Pedestres";NA;NA;1;NA;NA;NA;1;NA;NA;NA;NA;1;NA;NA;NA;NA;NA;NA;NA;1;1;1;NA;NA;NA
27;"AL";2706109;"270610";"Ouro Branco";"Não";"Região Metropolitana do Médio Sertão";"Pedestres";NA;NA;NA;2;NA;1;NA;2;1;NA;NA;NA;NA;NA;NA;NA;NA;NA;NA;NA;1;1;NA;NA;NA
27;"AL";2706208;"270620";"Palestina";"Não";"-";"Pedestres";1;NA;NA;NA;NA;NA;NA;NA;NA;NA;NA;NA;NA;NA;NA;NA;NA;NA;NA;NA;NA;NA;NA;NA;NA
27;"AL";2706307;"270630";"Palmeira dos Índios";"Não";"Região Metropolitana do Agreste";"Pedestres";2;NA;5;NA;6;5;3;NA;1;1;3;1;NA;NA;1;1;1;1;1;3;NA;2;3;1;NA
27;"AL";2706406;"270640";"Pão de Açúcar";"Não";"-";"Pedestres";NA;NA;NA;1;NA;1;NA;NA;NA;NA;NA;NA;NA;NA;NA;NA;NA;NA;NA;NA;NA;NA;NA;2;NA
27;"AL";2706422;"270642";"Pariconha";"Não";"Região Metropolitana do Sertão";"Pedestres";NA;NA;NA;NA;NA;NA;NA;NA;NA;1;NA;NA;NA;NA;NA;NA;NA;NA;NA;NA;NA;1;NA;NA;NA
27;"AL";2706448;"270644";"Paripueira";"Não";"Região Metropolitana de Maceió";"Pedestres";NA;NA;1;1;1;NA;NA;1;NA;NA;NA;1;NA;NA;NA;NA;NA;NA;NA;NA;1;NA;1;NA;NA
27;"AL";2706505;"270650";"Passo de Camaragibe";"Não";"-";"Pedestres";NA;1;NA;NA;NA;NA;NA;NA;NA;NA;NA;NA;NA;NA;NA;NA;NA;NA;NA;NA;1;NA;NA;NA;NA
27;"AL";2706604;"270660";"Paulo Jacinto";"Não";"Região Metropolitana do Vale do Paraíba";"Pedestres";NA;NA;NA;NA;NA;NA;1;NA;NA;NA;NA;NA;NA;NA;NA;NA;NA;NA;NA;NA;NA;NA;NA;NA;NA
27;"AL";2706703;"270670";"Penedo";"Não";"Região Metropolitana do São Francisco";"Pedestres";2;1;2;5;4;1;3;1;NA;3;2;NA;1;NA;NA;NA;1;1;2;NA;3;NA;1;1;NA
27;"AL";2706802;"270680";"Piaçabuçu";"Não";"Região Metropolitana do São Francisco";"Pedestres";1;NA;1;1;1;NA;NA;NA;NA;NA;2;1;NA;NA;NA;NA;NA;NA;1;2;NA;1;NA;NA;NA
27;"AL";2706901;"270690";"Pilar";"Não";"Região Metropolitana de Maceió";"Pedestres";5;2;1;3;2;NA;1;4;NA;NA;NA;1;1;1;NA;NA;1;2;NA;NA;1;NA;1;2;NA
27;"AL";2707107;"270710";"Piranhas";"Não";"Região Metropolitana do Sertão";"Pedestres";NA;NA;1;NA;2;NA;NA;3;NA;NA;1;NA;1;NA;NA;1;NA;NA;1;1;NA;NA;NA;1;NA
27;"AL";2707206;"270720";"Poço das Trincheiras";"Não";"Região Metropolitana do Médio Sertão";"Pedestres";NA;NA;NA;NA;NA;1;NA;NA;1;NA;NA;NA;NA;NA;NA;NA;NA;NA;1;1;NA;NA;NA;NA;NA
27;"AL";2707305;"270730";"Porto Calvo";"Não";"Região Metropolitana da Zona da Mata";"Pedestres";1;1;1;NA;1;1;NA;NA;2;NA;NA;NA;NA;NA;1;1;1;NA;NA;NA;1;2;NA;1;NA
27;"AL";2707404;"270740";"Porto de Pedras";"Não";"-";"Pedestres";NA;NA;NA;1;NA;1;NA;NA;NA;NA;NA;NA;NA;NA;1;NA;NA;NA;NA;1;NA;NA;1;NA;NA
27;"AL";2707503;"270750";"Porto Real do Colégio";"Não";"Região Metropolitana do São Francisco";"Pedestres";1;2;2;4;4;NA;1;NA;NA;1;NA;NA;NA;NA;NA;NA;NA;1;NA;NA;NA;1;NA;1;NA
27;"AL";2707602;"270760";"Quebrangulo";"Não";"-";"Pedestres";NA;NA;NA;NA;NA;NA;1;NA;NA;NA;1;NA;NA;NA;NA;NA;NA;NA;NA;NA;NA;NA;NA;NA;NA
27;"AL";2707701;"270770";"Rio Largo";"Não";"Região Metropolitana de Maceió";"Pedestres";2;6;3;3;2;1;4;6;4;2;2;4;NA;1;NA;1;NA;2;1;NA;2;2;3;NA;NA
27;"AL";2707800;"270780";"Roteiro";"Não";"-";"Pedestres";NA;NA;1;NA;NA;1;NA;NA;NA;NA;NA;NA;NA;NA;NA;NA;NA;NA;NA;NA;NA;NA;NA;NA;NA
27;"AL";2707909;"270790";"Santa Luzia do Norte";"Não";"Região Metropolitana de Maceió";"Pedestres";NA;NA;1;NA;NA;NA;NA;NA;NA;NA;NA;NA;NA;NA;NA;NA;NA;NA;NA;NA;NA;NA;NA;1;NA
27;"AL";2708006;"270800";"Santana do Ipanema";"Não";"Região Metropolitana do Médio Sertão";"Pedestres";1;1;1;6;NA;1;1;1;1;4;3;2;2;NA;NA;2;NA;2;3;1;2;4;2;2;NA
27;"AL";2708105;"270810";"Santana do Mundaú";"Não";"Região Metropolitana da Zona da Mata";"Pedestres";2;1;1;NA;NA;NA;NA;1;NA;2;NA;NA;1;NA;NA;NA;NA;NA;NA;NA;NA;NA;NA;NA;NA
27;"AL";2708204;"270820";"São Brás";"Não";"Região Metropolitana do Agreste";"Pedestres";1;NA;NA;NA;NA;NA;NA;NA;NA;NA;NA;NA;NA;NA;NA;NA;NA;NA;1;NA;NA;1;NA;NA;NA
27;"AL";2708303;"270830";"São José da Laje";"Não";"Região Metropolitana da Zona da Mata";"Pedestres";4;NA;NA;NA;NA;1;1;4;NA;NA;1;NA;NA;NA;NA;NA;NA;NA;NA;NA;1;NA;NA;NA;NA
27;"AL";2708402;"270840";"São José da Tapera";"Não";"-";"Pedestres";1;NA;1;2;NA;NA;NA;1;2;NA;5;NA;1;NA;NA;1;NA;NA;1;NA;1;NA;NA;NA;NA
27;"AL";2708501;"270850";"São Luís do Quitunde";"Não";"Região Metropolitana da Zona da Mata";"Pedestres";NA;2;1;NA;NA;1;NA;2;3;NA;2;NA;1;NA;1;NA;NA;1;1;NA;NA;NA;NA;2;NA
27;"AL";2708600;"270860";"São Miguel dos Campos";"Não";"Região Metropolitana de Caetés";"Pedestres";6;9;6;1;NA;4;2;3;1;2;1;NA;4;1;1;1;NA;1;NA;1;NA;NA;1;NA;NA
27;"AL";2708709;"270870";"São Miguel dos Milagres";"Não";"-";"Pedestres";NA;1;NA;NA;NA;NA;NA;NA;NA;NA;NA;NA;NA;NA;NA;NA;NA;NA;NA;NA;NA;NA;NA;NA;NA
27;"AL";2708808;"270880";"São Sebastião";"Não";"Região Metropolitana do Agreste";"Pedestres";2;3;2;1;NA;3;2;NA;NA;8;4;NA;1;NA;1;NA;NA;1;NA;NA;2;1;1;NA;NA
27;"AL";2708907;"270890";"Satuba";"Não";"Região Metropolitana de Maceió";"Pedestres";2;4;1;1;NA;NA;1;NA;NA;NA;NA;NA;NA;1;NA;NA;NA;NA;NA;1;NA;NA;1;NA;NA
27;"AL";2708956;"270895";"Senador Rui Palmeira";"Não";"Região Metropolitana do Médio Sertão";"Pedestres";1;NA;NA;NA;NA;NA;NA;NA;NA;1;NA;NA;NA;NA;NA;NA;NA;NA;NA;NA;NA;NA;NA;NA;NA
27;"AL";2709004;"270900";"Tanque d'Arca";"Não";"Região Metropolitana do Agreste";"Pedestres";NA;NA;NA;1;NA;3;NA;NA;NA;NA;NA;1;NA;NA;NA;NA;NA;NA;NA;NA;NA;NA;NA;NA;NA
27;"AL";2709103;"270910";"Taquarana";"Não";"Região Metropolitana do Agreste";"Pedestres";NA;2;NA;NA;1;NA;1;NA;NA;1;1;1;NA;NA;NA;NA;NA;NA;1;NA;2;2;1;NA;NA
27;"AL";2709152;"270915";"Teotônio Vilela";"Não";"-";"Pedestres";3;2;2;2;1;5;1;1;2;NA;4;NA;1;NA;NA;NA;NA;3;2;1;1;2;1;2;NA
27;"AL";2709202;"270920";"Traipu";"Não";"Região Metropolitana do Agreste";"Pedestres";NA;1;NA;NA;NA;NA;NA;NA;NA;NA;NA;NA;NA;NA;NA;NA;1;1;NA;NA;NA;NA;NA;NA;NA
27;"AL";2709301;"270930";"União dos Palmares";"Não";"Região Metropolitana da Zona da Mata";"Pedestres";2;1;4;1;NA;2;1;2;NA;1;1;3;1;NA;1;1;NA;2;NA;NA;1;NA;2;2;NA
27;"AL";2709400;"270940";"Viçosa";"Não";"Região Metropolitana do Vale do Paraíba";"Pedestres";2;NA;NA;NA;NA;NA;NA;1;NA;1;NA;NA;NA;2;NA;NA;NA;NA;NA;1;NA;NA;NA;NA;NA
28;"SE";2800209;"280020";"Aquidabã";"Não";"-";"Pedestres";NA;NA;NA;1;NA;NA;NA;NA;NA;1;1;NA;NA;NA;NA;NA;NA;NA;NA;1;NA;NA;NA;NA;NA
28;"SE";2800308;"280030";"Aracaju";"Sim";"Região Metropolitana de Aracaju";"Pedestres";25;34;36;43;39;37;41;27;47;47;49;42;37;42;44;40;25;27;23;22;20;20;21;22;NA
28;"SE";2800407;"280040";"Arauá";"Não";"-";"Pedestres";NA;NA;NA;16;NA;NA;NA;2;NA;1;1;NA;NA;NA;NA;NA;NA;1;NA;1;1;NA;NA;NA;NA
28;"SE";2800506;"280050";"Areia Branca";"Não";"-";"Pedestres";1;NA;NA;NA;NA;NA;NA;NA;1;2;NA;2;3;NA;2;2;2;1;NA;2;1;1;NA;1;NA
28;"SE";2800605;"280060";"Barra dos Coqueiros";"Não";"Região Metropolitana de Aracaju";"Pedestres";NA;1;2;NA;NA;NA;NA;NA;1;NA;NA;3;NA;NA;NA;2;NA;NA;1;NA;NA;NA;NA;NA;NA
28;"SE";2800670;"280067";"Boquim";"Não";"-";"Pedestres";NA;NA;1;NA;NA;NA;NA;NA;2;NA;NA;1;NA;NA;1;NA;NA;NA;2;NA;NA;NA;NA;1;NA
28;"SE";2800704;"280070";"Brejo Grande";"Não";"-";"Pedestres";NA;NA;NA;NA;1;NA;NA;NA;NA;NA;NA;NA;NA;NA;NA;NA;NA;NA;NA;NA;NA;NA;NA;NA;NA
28;"SE";2801009;"280100";"Campo do Brito";"Não";"-";"Pedestres";NA;NA;1;NA;2;NA;NA;NA;NA;2;NA;NA;NA;1;1;NA;NA;1;1;NA;NA;NA;1;1;NA
28;"SE";2801108;"280110";"Canhoba";"Não";"-";"Pedestres";NA;NA;NA;NA;NA;NA;NA;NA;NA;NA;NA;NA;NA;NA;NA;NA;NA;NA;NA;NA;1;NA;NA;NA;NA
28;"SE";2801207;"280120";"Canindé de São Francisco";"Não";"-";"Pedestres";NA;NA;NA;NA;1;1;NA;NA;NA;NA;NA;NA;NA;NA;1;NA;NA;NA;1;1;NA;NA;NA;NA;NA
28;"SE";2801306;"280130";"Capela";"Não";"-";"Pedestres";NA;2;NA;1;1;NA;1;1;2;NA;1;NA;NA;3;2;1;3;1;NA;NA;2;1;NA;NA;NA
28;"SE";2801405;"280140";"Carira";"Não";"-";"Pedestres";NA;NA;NA;NA;1;NA;NA;1;NA;NA;NA;NA;NA;2;NA;NA;NA;NA;1;NA;1;NA;NA;NA;NA
28;"SE";2801504;"280150";"Carmópolis";"Não";"-";"Pedestres";NA;1;NA;NA;1;NA;NA;NA;NA;NA;NA;NA;1;NA;NA;NA;2;NA;NA;NA;NA;NA;NA;NA;NA
28;"SE";2801603;"280160";"Cedro de São João";"Não";"-";"Pedestres";1;NA;NA;NA;1;NA;NA;NA;1;NA;NA;NA;NA;NA;NA;NA;NA;NA;NA;NA;NA;NA;NA;NA;NA
28;"SE";2801702;"280170";"Cristinápolis";"Não";"-";"Pedestres";NA;NA;2;1;1;2;1;NA;2;2;2;2;NA;1;1;NA;NA;2;1;NA;NA;1;1;NA;NA
28;"SE";2801900;"280190";"Cumbe";"Não";"-";"Pedestres";1;NA;NA;NA;NA;NA;NA;NA;NA;NA;NA;NA;NA;NA;NA;NA;NA;NA;NA;NA;NA;NA;NA;NA;NA
28;"SE";2802106;"280210";"Estância";"Não";"-";"Pedestres";2;6;9;5;6;5;4;2;5;2;2;8;5;1;2;3;4;3;1;4;1;2;NA;1;NA
28;"SE";2802205;"280220";"Feira Nova";"Não";"-";"Pedestres";NA;NA;NA;NA;NA;NA;NA;NA;NA;NA;NA;NA;NA;NA;NA;NA;NA;1;NA;NA;NA;NA;NA;NA;NA
28;"SE";2802304;"280230";"Frei Paulo";"Não";"-";"Pedestres";NA;NA;NA;2;1;NA;NA;1;NA;NA;NA;NA;NA;NA;NA;NA;1;NA;NA;NA;2;NA;NA;NA;NA
28;"SE";2802403;"280240";"Gararu";"Não";"-";"Pedestres";NA;NA;NA;1;NA;NA;NA;NA;NA;NA;NA;NA;NA;NA;NA;NA;NA;NA;NA;NA;1;1;NA;NA;NA
28;"SE";2802601;"280260";"Gracho Cardoso";"Não";"-";"Pedestres";NA;NA;NA;NA;NA;NA;NA;NA;NA;NA;NA;NA;NA;NA;NA;NA;NA;NA;NA;NA;NA;NA;1;NA;NA
28;"SE";2802700;"280270";"Ilha das Flores";"Não";"-";"Pedestres";NA;NA;NA;NA;1;NA;NA;NA;NA;NA;NA;NA;NA;NA;NA;NA;NA;NA;NA;NA;NA;NA;NA;NA;NA
28;"SE";2802809;"280280";"Indiaroba";"Não";"-";"Pedestres";NA;NA;1;NA;NA;NA;NA;NA;NA;NA;NA;NA;1;NA;NA;NA;NA;NA;NA;NA;NA;1;NA;NA;NA
28;"SE";2802908;"280290";"Itabaiana";"Não";"-";"Pedestres";NA;NA;5;2;6;2;4;4;4;5;2;3;2;5;2;1;2;3;3;2;1;1;5;3;NA
28;"SE";2803005;"280300";"Itabaianinha";"Não";"-";"Pedestres";NA;1;NA;1;NA;NA;NA;1;1;NA;NA;1;NA;2;1;1;NA;NA;NA;NA;1;NA;NA;NA;NA
28;"SE";2803104;"280310";"Itabi";"Não";"-";"Pedestres";NA;NA;NA;NA;NA;NA;NA;NA;NA;NA;NA;1;NA;NA;NA;NA;NA;NA;NA;NA;NA;NA;NA;NA;NA
28;"SE";2803203;"280320";"Itaporanga d'Ajuda";"Não";"-";"Pedestres";NA;NA;2;NA;2;2;2;1;NA;1;2;2;2;2;NA;NA;1;1;1;NA;1;2;1;NA;NA
28;"SE";2803302;"280330";"Japaratuba";"Não";"-";"Pedestres";NA;NA;3;1;2;4;1;1;NA;1;1;NA;NA;NA;NA;NA;1;1;NA;NA;1;NA;NA;NA;NA
28;"SE";2803401;"280340";"Japoatã";"Não";"-";"Pedestres";1;1;NA;1;NA;NA;NA;1;NA;NA;NA;NA;NA;NA;NA;NA;NA;NA;1;1;NA;NA;NA;NA;NA
28;"SE";2803500;"280350";"Lagarto";"Não";"-";"Pedestres";NA;2;7;NA;3;NA;4;1;4;2;5;2;3;1;2;4;NA;1;1;3;1;3;3;4;NA
28;"SE";2803609;"280360";"Laranjeiras";"Não";"-";"Pedestres";NA;NA;1;1;3;1;2;1;1;NA;NA;4;2;NA;NA;NA;NA;NA;NA;NA;NA;1;1;1;NA
28;"SE";2803708;"280370";"Macambira";"Não";"-";"Pedestres";NA;NA;NA;NA;NA;NA;NA;NA;NA;NA;NA;1;NA;1;NA;NA;NA;NA;NA;NA;NA;NA;NA;NA;NA
28;"SE";2803906;"280390";"Malhador";"Não";"-";"Pedestres";NA;NA;NA;NA;NA;NA;NA;NA;NA;NA;NA;NA;NA;NA;NA;NA;NA;NA;NA;NA;NA;NA;NA;NA;NA
28;"SE";2804003;"280400";"Maruim";"Não";"-";"Pedestres";NA;NA;1;NA;5;1;NA;1;1;1;1;1;1;2;NA;NA;1;NA;1;NA;1;NA;NA;NA;NA
28;"SE";2804102;"280410";"Moita Bonita";"Não";"-";"Pedestres";NA;NA;1;NA;NA;NA;NA;NA;1;NA;NA;NA;NA;NA;NA;NA;1;NA;NA;NA;NA;1;NA;NA;NA
28;"SE";2804201;"280420";"Monte Alegre de Sergipe";"Não";"-";"Pedestres";NA;NA;NA;NA;1;NA;NA;NA;1;1;NA;NA;NA;NA;NA;NA;1;NA;NA;1;NA;NA;NA;NA;NA
28;"SE";2804300;"280430";"Muribeca";"Não";"-";"Pedestres";NA;NA;1;NA;NA;NA;NA;NA;NA;NA;NA;NA;NA;NA;NA;1;NA;NA;NA;NA;NA;NA;NA;NA;NA
28;"SE";2804409;"280440";"Neópolis";"Não";"-";"Pedestres";NA;3;NA;NA;NA;NA;NA;1;NA;NA;NA;NA;NA;NA;NA;NA;NA;1;NA;NA;NA;NA;NA;NA;NA
28;"SE";2804458;"280445";"Nossa Senhora Aparecida";"Não";"-";"Pedestres";NA;NA;NA;NA;NA;NA;NA;NA;NA;NA;1;NA;1;NA;NA;NA;NA;NA;NA;NA;NA;NA;NA;NA;NA
28;"SE";2804508;"280450";"Nossa Senhora da Glória";"Não";"-";"Pedestres";NA;NA;NA;2;2;NA;NA;1;NA;NA;2;NA;1;1;1;2;NA;NA;1;NA;1;1;2;1;NA
28;"SE";2804607;"280460";"Nossa Senhora das Dores";"Não";"-";"Pedestres";NA;NA;NA;4;1;NA;NA;NA;1;NA;2;1;NA;1;2;2;NA;NA;NA;NA;NA;NA;1;NA;NA
28;"SE";2804706;"280470";"Nossa Senhora de Lourdes";"Não";"-";"Pedestres";NA;NA;NA;NA;NA;NA;NA;NA;NA;NA;NA;NA;NA;NA;NA;1;NA;NA;NA;NA;NA;NA;NA;1;NA
28;"SE";2804805;"280480";"Nossa Senhora do Socorro";"Não";"Região Metropolitana de Aracaju";"Pedestres";1;2;2;2;1;NA;1;5;3;2;6;4;7;1;9;4;2;2;NA;3;1;1;4;2;NA
28;"SE";2804904;"280490";"Pacatuba";"Não";"-";"Pedestres";NA;NA;NA;NA;2;NA;NA;1;NA;NA;2;2;NA;NA;NA;NA;NA;NA;NA;NA;NA;NA;NA;NA;NA
28;"SE";2805109;"280510";"Pedrinhas";"Não";"-";"Pedestres";NA;NA;NA;NA;1;1;NA;NA;NA;NA;NA;NA;NA;NA;NA;NA;1;NA;NA;NA;NA;NA;NA;NA;NA
28;"SE";2805208;"280520";"Pinhão";"Não";"-";"Pedestres";NA;NA;NA;NA;NA;NA;NA;NA;NA;NA;NA;NA;NA;NA;NA;1;NA;NA;NA;NA;NA;NA;NA;1;NA
28;"SE";2805307;"280530";"Pirambu";"Não";"-";"Pedestres";NA;NA;NA;NA;NA;1;NA;NA;NA;NA;NA;NA;NA;NA;NA;1;NA;NA;NA;NA;NA;NA;NA;1;NA
28;"SE";2805406;"280540";"Poço Redondo";"Não";"-";"Pedestres";NA;NA;NA;NA;NA;NA;1;NA;NA;NA;1;1;NA;NA;NA;NA;NA;NA;NA;1;1;1;1;NA;NA
28;"SE";2805505;"280550";"Poço Verde";"Não";"-";"Pedestres";NA;NA;NA;2;2;2;1;NA;2;NA;NA;1;NA;NA;NA;NA;NA;3;1;NA;1;NA;NA;NA;NA
28;"SE";2805604;"280560";"Porto da Folha";"Não";"-";"Pedestres";NA;NA;NA;NA;1;NA;NA;NA;2;NA;1;1;NA;NA;2;NA;NA;NA;2;NA;NA;NA;NA;NA;NA
28;"SE";2805703;"280570";"Propriá";"Não";"-";"Pedestres";NA;NA;2;1;1;1;2;1;2;NA;2;NA;1;1;3;NA;1;1;1;2;NA;2;1;2;NA
28;"SE";2805802;"280580";"Riachão do Dantas";"Não";"-";"Pedestres";NA;NA;NA;NA;NA;NA;NA;NA;NA;NA;NA;NA;NA;NA;NA;2;1;NA;NA;NA;NA;NA;NA;NA;NA
28;"SE";2805901;"280590";"Riachuelo";"Não";"-";"Pedestres";NA;NA;NA;NA;NA;NA;NA;NA;NA;NA;NA;NA;NA;NA;1;NA;NA;NA;NA;1;NA;NA;NA;1;NA
28;"SE";2806008;"280600";"Ribeirópolis";"Não";"-";"Pedestres";NA;NA;NA;1;NA;NA;NA;NA;NA;NA;1;1;NA;NA;NA;NA;NA;NA;NA;NA;NA;NA;NA;NA;NA
28;"SE";2806107;"280610";"Rosário do Catete";"Não";"-";"Pedestres";1;1;NA;NA;1;NA;1;NA;1;NA;NA;1;1;NA;NA;NA;2;NA;NA;NA;NA;1;NA;NA;NA
28;"SE";2806206;"280620";"Salgado";"Não";"-";"Pedestres";NA;NA;2;NA;1;3;NA;NA;1;NA;2;1;NA;1;NA;NA;2;NA;NA;NA;1;NA;NA;1;NA
28;"SE";2806305;"280630";"Santa Luzia do Itanhy";"Não";"-";"Pedestres";NA;NA;1;3;NA;1;2;1;NA;NA;NA;2;NA;1;NA;NA;NA;NA;1;NA;1;NA;NA;1;NA
28;"SE";2806602;"280660";"Santo Amaro das Brotas";"Não";"-";"Pedestres";NA;NA;NA;NA;1;1;NA;NA;NA;NA;1;NA;NA;NA;NA;NA;NA;NA;NA;NA;NA;NA;1;NA;NA
28;"SE";2806701;"280670";"São Cristóvão";"Não";"Região Metropolitana de Aracaju";"Pedestres";2;NA;3;NA;2;1;NA;NA;NA;1;5;2;1;4;1;3;NA;4;2;2;2;2;NA;NA;NA
28;"SE";2806800;"280680";"São Domingos";"Não";"-";"Pedestres";NA;NA;NA;NA;NA;NA;NA;NA;NA;NA;NA;NA;1;1;NA;NA;NA;NA;1;NA;NA;NA;NA;NA;NA
28;"SE";2806909;"280690";"São Francisco";"Não";"-";"Pedestres";NA;NA;NA;NA;NA;1;NA;NA;NA;NA;1;NA;NA;NA;NA;NA;NA;NA;NA;NA;NA;NA;NA;NA;NA
28;"SE";2807105;"280710";"Simão Dias";"Não";"-";"Pedestres";1;1;1;NA;1;1;1;1;NA;1;NA;2;NA;NA;NA;NA;1;2;NA;1;NA;NA;NA;NA;NA
28;"SE";2807204;"280720";"Siriri";"Não";"-";"Pedestres";NA;NA;NA;NA;1;NA;NA;NA;NA;NA;NA;NA;1;NA;NA;NA;NA;NA;NA;NA;NA;NA;1;NA;NA
28;"SE";2807402;"280740";"Tobias Barreto";"Não";"-";"Pedestres";3;NA;3;1;NA;2;1;2;NA;1;1;NA;NA;1;NA;1;1;1;NA;NA;1;3;NA;1;NA
28;"SE";2807501;"280750";"Tomar do Geru";"Não";"-";"Pedestres";1;NA;1;NA;NA;NA;1;NA;1;NA;NA;NA;1;1;NA;1;NA;NA;NA;NA;NA;NA;NA;NA;NA
28;"SE";2807600;"280760";"Umbaúba";"Não";"-";"Pedestres";NA;NA;NA;3;1;1;1;2;1;NA;1;1;NA;3;NA;1;NA;2;1;NA;NA;NA;1;1;NA
29;"BA";2900108;"290010";"Abaíra";"Não";"-";"Pedestres";NA;NA;NA;NA;NA;NA;NA;NA;NA;NA;NA;NA;NA;NA;NA;1;NA;NA;NA;NA;NA;NA;NA;NA;NA
29;"BA";2900207;"290020";"Abaré";"Não";"-";"Pedestres";NA;NA;1;NA;NA;NA;NA;2;NA;1;NA;NA;NA;NA;NA;NA;NA;NA;NA;NA;NA;NA;NA;NA;NA
29;"BA";2900306;"290030";"Acajutiba";"Não";"-";"Pedestres";NA;NA;1;NA;NA;NA;NA;1;NA;NA;NA;1;1;NA;NA;1;1;NA;NA;NA;NA;NA;1;NA;NA
29;"BA";2900355;"290035";"Adustina";"Não";"-";"Pedestres";NA;NA;NA;NA;NA;NA;NA;NA;NA;NA;1;2;NA;NA;NA;NA;NA;NA;NA;NA;NA;NA;NA;NA;NA
29;"BA";2900702;"290070";"Alagoinhas";"Não";"-";"Pedestres";2;4;4;6;2;1;5;5;7;4;9;10;11;13;12;6;11;7;6;11;11;9;7;4;NA
29;"BA";2900801;"290080";"Alcobaça";"Não";"-";"Pedestres";NA;NA;NA;2;2;2;2;1;1;NA;2;2;NA;NA;NA;1;NA;NA;NA;1;NA;1;NA;1;NA
29;"BA";2901007;"290100";"Amargosa";"Não";"-";"Pedestres";1;NA;NA;NA;1;NA;NA;NA;NA;NA;1;NA;NA;1;NA;1;NA;NA;NA;1;1;NA;2;1;NA
29;"BA";2901106;"290110";"Amélia Rodrigues";"Não";"Região Metropolitana de Feira de Santana";"Pedestres";2;1;1;NA;NA;1;NA;NA;2;1;1;1;NA;NA;1;1;1;NA;NA;NA;2;1;NA;NA;NA
29;"BA";2901155;"290115";"América Dourada";"Não";"-";"Pedestres";NA;NA;1;NA;NA;NA;NA;NA;NA;NA;NA;NA;NA;NA;NA;1;1;NA;1;NA;NA;NA;NA;NA;NA
29;"BA";2901205;"290120";"Anagé";"Não";"-";"Pedestres";NA;NA;1;NA;1;NA;NA;NA;NA;NA;NA;NA;1;NA;1;NA;1;1;3;NA;NA;NA;NA;NA;NA
29;"BA";2901304;"290130";"Andaraí";"Não";"-";"Pedestres";NA;NA;NA;1;1;NA;NA;NA;NA;1;NA;NA;NA;NA;1;NA;NA;NA;NA;NA;NA;NA;NA;NA;NA
29;"BA";2901353;"290135";"Andorinha";"Não";"-";"Pedestres";NA;NA;1;NA;NA;NA;NA;NA;NA;NA;NA;NA;NA;NA;NA;NA;NA;NA;NA;NA;NA;NA;NA;NA;NA
29;"BA";2901403;"290140";"Angical";"Não";"-";"Pedestres";NA;NA;NA;NA;1;NA;NA;NA;NA;NA;NA;NA;NA;NA;NA;NA;NA;NA;NA;NA;NA;NA;NA;2;NA
29;"BA";2901502;"290150";"Anguera";"Não";"Área de Expansão Metropolitana";"Pedestres";NA;NA;NA;NA;NA;NA;NA;1;NA;NA;1;NA;NA;NA;NA;NA;NA;NA;NA;NA;NA;NA;NA;NA;NA
29;"BA";2901601;"290160";"Antas";"Não";"-";"Pedestres";NA;NA;NA;1;NA;NA;NA;1;NA;NA;NA;NA;NA;NA;NA;NA;NA;NA;1;NA;NA;NA;NA;NA;NA
29;"BA";2901700;"290170";"Antônio Cardoso";"Não";"Área de Expansão Metropolitana";"Pedestres";NA;NA;NA;NA;NA;1;NA;NA;NA;NA;NA;NA;NA;NA;NA;NA;NA;NA;NA;NA;NA;NA;NA;NA;NA
29;"BA";2901809;"290180";"Antônio Gonçalves";"Não";"-";"Pedestres";NA;NA;1;NA;NA;NA;NA;NA;NA;NA;NA;NA;1;NA;1;1;NA;NA;NA;NA;NA;NA;NA;NA;NA
29;"BA";2901908;"290190";"Aporá";"Não";"-";"Pedestres";NA;NA;NA;NA;NA;NA;NA;1;NA;NA;NA;NA;NA;1;NA;NA;NA;1;NA;NA;NA;NA;1;NA;NA
29;"BA";2901957;"290195";"Apuarema";"Não";"-";"Pedestres";NA;NA;NA;NA;NA;NA;NA;NA;NA;NA;NA;NA;NA;NA;1;NA;NA;NA;NA;NA;NA;NA;NA;NA;NA
29;"BA";2902005;"290200";"Aracatu";"Não";"-";"Pedestres";NA;NA;NA;NA;1;NA;NA;NA;NA;NA;1;NA;NA;NA;NA;1;NA;NA;NA;NA;NA;1;NA;NA;NA
29;"BA";2902054;"290205";"Araçás";"Não";"-";"Pedestres";NA;NA;NA;NA;2;NA;NA;NA;NA;NA;NA;NA;NA;NA;NA;NA;1;1;NA;NA;NA;NA;NA;NA;NA
29;"BA";2902104;"290210";"Araci";"Não";"-";"Pedestres";NA;NA;NA;NA;NA;NA;NA;NA;NA;NA;1;1;1;NA;1;NA;NA;NA;NA;NA;NA;NA;NA;NA;NA
29;"BA";2902203;"290220";"Aramari";"Não";"-";"Pedestres";NA;NA;NA;2;NA;NA;1;NA;NA;1;NA;1;NA;NA;NA;NA;NA;NA;NA;NA;NA;NA;NA;NA;NA
29;"BA";2902252;"290225";"Arataca";"Não";"-";"Pedestres";NA;NA;NA;NA;NA;NA;1;NA;NA;NA;NA;NA;NA;NA;NA;NA;NA;NA;NA;NA;NA;NA;NA;1;NA
29;"BA";2902302;"290230";"Aratuípe";"Não";"-";"Pedestres";NA;NA;NA;1;NA;NA;2;1;NA;NA;1;NA;NA;NA;NA;NA;1;NA;NA;NA;NA;NA;NA;NA;NA
29;"BA";2902401;"290240";"Aurelino Leal";"Não";"-";"Pedestres";NA;NA;NA;NA;NA;NA;NA;NA;NA;NA;NA;NA;NA;NA;NA;NA;NA;NA;NA;NA;NA;NA;NA;NA;NA
29;"BA";2902609;"290260";"Baixa Grande";"Não";"-";"Pedestres";NA;2;NA;1;NA;NA;NA;1;NA;1;NA;NA;NA;NA;NA;NA;NA;NA;NA;2;NA;1;NA;NA;NA
29;"BA";2902658;"290265";"Banzaê";"Não";"-";"Pedestres";NA;NA;NA;NA;NA;NA;NA;NA;NA;NA;NA;NA;NA;NA;NA;NA;NA;NA;1;NA;NA;NA;NA;1;NA
29;"BA";2902708;"290270";"Barra";"Não";"-";"Pedestres";NA;NA;NA;NA;NA;NA;NA;1;NA;NA;NA;1;2;3;1;NA;1;2;NA;1;NA;1;NA;NA;NA
29;"BA";2902807;"290280";"Barra da Estiva";"Não";"-";"Pedestres";NA;NA;NA;NA;NA;NA;NA;NA;NA;NA;NA;NA;2;1;NA;NA;1;NA;NA;1;NA;NA;NA;2;NA
29;"BA";2902906;"290290";"Barra do Choça";"Não";"-";"Pedestres";NA;NA;NA;NA;NA;2;1;NA;NA;NA;1;NA;1;NA;NA;NA;NA;NA;1;NA;NA;1;1;1;NA
29;"BA";2903003;"290300";"Barra do Mendes";"Não";"-";"Pedestres";NA;NA;NA;1;NA;NA;NA;NA;NA;NA;NA;NA;NA;NA;NA;1;NA;NA;NA;NA;NA;1;NA;NA;NA
29;"BA";2903102;"290310";"Barra do Rocha";"Não";"-";"Pedestres";1;NA;NA;NA;NA;NA;NA;NA;NA;1;NA;NA;NA;NA;1;NA;NA;NA;NA;NA;NA;NA;NA;NA;NA
29;"BA";2903201;"290320";"Barreiras";"Não";"-";"Pedestres";2;3;1;1;NA;1;2;NA;NA;NA;NA;NA;NA;NA;1;NA;NA;1;4;10;10;8;4;8;NA
29;"BA";2903235;"290323";"Barro Alto";"Não";"-";"Pedestres";NA;1;NA;NA;NA;NA;NA;NA;NA;1;NA;1;NA;NA;NA;NA;NA;NA;NA;NA;1;NA;NA;1;NA
29;"BA";2903276;"290327";"Barrocas";"Não";"-";"Pedestres";NA;NA;NA;NA;NA;NA;NA;NA;NA;NA;NA;NA;NA;1;NA;NA;NA;NA;NA;NA;NA;NA;NA;NA;NA
29;"BA";2903300;"290330";"Barro Preto";"Não";"-";"Pedestres";NA;NA;NA;NA;NA;NA;NA;NA;NA;NA;NA;NA;NA;1;NA;NA;NA;NA;NA;NA;NA;NA;NA;NA;NA
29;"BA";2903409;"290340";"Belmonte";"Não";"-";"Pedestres";NA;NA;NA;1;1;NA;NA;NA;NA;NA;NA;1;NA;NA;NA;NA;NA;NA;NA;NA;NA;NA;NA;NA;NA
29;"BA";2903508;"290350";"Belo Campo";"Não";"-";"Pedestres";NA;NA;NA;NA;NA;NA;NA;NA;NA;NA;NA;1;1;1;NA;NA;1;NA;NA;NA;NA;NA;1;NA;NA
29;"BA";2903607;"290360";"Biritinga";"Não";"-";"Pedestres";NA;NA;NA;NA;NA;NA;NA;NA;NA;NA;NA;NA;NA;NA;NA;NA;NA;NA;NA;NA;NA;NA;NA;NA;NA
29;"BA";2903706;"290370";"Boa Nova";"Não";"-";"Pedestres";NA;NA;NA;NA;NA;2;NA;NA;1;1;NA;2;1;NA;NA;1;2;NA;NA;1;1;1;NA;NA;NA
29;"BA";2903904;"290390";"Bom Jesus da Lapa";"Não";"-";"Pedestres";NA;NA;1;2;NA;2;2;NA;2;1;1;NA;1;NA;NA;NA;NA;NA;2;1;NA;1;NA;3;NA
29;"BA";2903953;"290395";"Bom Jesus da Serra";"Não";"-";"Pedestres";NA;NA;NA;NA;NA;NA;NA;NA;NA;NA;NA;NA;NA;NA;NA;NA;1;NA;NA;NA;1;NA;NA;1;NA
29;"BA";2904001;"290400";"Boninal";"Não";"-";"Pedestres";NA;NA;NA;NA;1;NA;NA;NA;NA;NA;NA;NA;1;NA;NA;NA;NA;1;NA;NA;NA;NA;1;1;NA
29;"BA";2904050;"290405";"Bonito";"Não";"-";"Pedestres";NA;NA;NA;NA;NA;NA;NA;NA;1;NA;NA;NA;NA;1;NA;NA;NA;1;1;NA;1;3;NA;NA;NA
29;"BA";2904100;"290410";"Boquira";"Não";"-";"Pedestres";NA;NA;NA;NA;NA;NA;NA;NA;NA;1;NA;NA;NA;NA;NA;NA;NA;1;NA;NA;1;NA;1;NA;NA
29;"BA";2904209;"290420";"Botuporã";"Não";"-";"Pedestres";NA;NA;NA;NA;NA;NA;NA;NA;NA;NA;NA;1;NA;NA;NA;NA;NA;NA;NA;NA;NA;NA;NA;NA;NA
29;"BA";2904308;"290430";"Brejões";"Não";"-";"Pedestres";NA;NA;NA;1;1;NA;NA;NA;NA;NA;2;1;NA;NA;1;NA;1;NA;NA;NA;NA;NA;NA;1;NA
29;"BA";2904407;"290440";"Brejolândia";"Não";"-";"Pedestres";NA;1;NA;NA;NA;NA;NA;NA;NA;NA;NA;NA;NA;NA;NA;NA;NA;NA;NA;NA;NA;NA;NA;NA;NA
29;"BA";2904506;"290450";"Brotas de Macaúbas";"Não";"-";"Pedestres";NA;1;NA;NA;NA;NA;NA;NA;NA;NA;NA;1;NA;NA;NA;NA;NA;NA;NA;1;NA;NA;NA;NA;NA
29;"BA";2904605;"290460";"Brumado";"Não";"-";"Pedestres";NA;1;NA;NA;NA;1;1;NA;2;2;1;NA;1;1;1;NA;NA;1;1;2;NA;1;1;4;NA
29;"BA";2904704;"290470";"Buerarema";"Não";"-";"Pedestres";NA;1;1;NA;NA;NA;1;NA;NA;NA;NA;NA;NA;2;NA;2;NA;NA;NA;NA;NA;NA;NA;NA;NA
29;"BA";2904753;"290475";"Buritirama";"Não";"-";"Pedestres";NA;NA;NA;NA;1;NA;NA;NA;NA;NA;NA;1;NA;NA;NA;NA;NA;NA;NA;1;NA;NA;NA;NA;NA
29;"BA";2904852;"290485";"Cabaceiras do Paraguaçu";"Não";"-";"Pedestres";NA;NA;NA;NA;NA;NA;NA;NA;NA;1;1;NA;NA;NA;NA;NA;NA;NA;1;1;NA;NA;NA;NA;NA
29;"BA";2904902;"290490";"Cachoeira";"Não";"-";"Pedestres";1;NA;NA;NA;2;NA;1;NA;NA;NA;NA;NA;NA;NA;1;1;1;NA;NA;NA;NA;NA;NA;NA;NA
29;"BA";2905008;"290500";"Caculé";"Não";"-";"Pedestres";NA;NA;NA;NA;NA;NA;NA;NA;1;NA;1;2;NA;NA;NA;NA;NA;NA;NA;NA;1;NA;NA;NA;NA
29;"BA";2905107;"290510";"Caém";"Não";"-";"Pedestres";NA;NA;1;NA;NA;NA;2;NA;NA;NA;NA;NA;NA;NA;NA;NA;1;NA;NA;NA;NA;NA;NA;1;NA
29;"BA";2905206;"290520";"Caetité";"Não";"-";"Pedestres";1;NA;NA;NA;NA;NA;1;NA;NA;NA;2;NA;NA;2;NA;2;NA;NA;NA;1;2;1;NA;NA;NA
29;"BA";2905305;"290530";"Cafarnaum";"Não";"-";"Pedestres";NA;NA;NA;NA;NA;1;1;NA;1;NA;NA;1;NA;NA;NA;NA;NA;NA;NA;NA;NA;NA;NA;1;NA
29;"BA";2905404;"290540";"Cairu";"Não";"-";"Pedestres";NA;NA;NA;NA;NA;NA;NA;NA;NA;NA;NA;NA;NA;NA;NA;NA;NA;NA;NA;NA;NA;NA;NA;NA;NA
29;"BA";2905503;"290550";"Caldeirão Grande";"Não";"-";"Pedestres";NA;NA;NA;NA;NA;NA;NA;NA;NA;NA;NA;NA;NA;NA;NA;NA;NA;NA;NA;1;NA;NA;NA;NA;NA
29;"BA";2905602;"290560";"Camacan";"Não";"-";"Pedestres";1;1;NA;NA;1;1;1;NA;4;2;1;NA;2;NA;1;NA;NA;2;NA;NA;NA;1;NA;NA;NA
29;"BA";2905701;"290570";"Camaçari";"Não";"Região Metropolitana de Salvador";"Pedestres";1;3;2;5;2;10;12;12;7;3;16;12;15;13;16;10;6;16;5;7;4;5;2;8;NA
29;"BA";2905800;"290580";"Camamu";"Não";"-";"Pedestres";2;NA;2;NA;NA;NA;1;NA;1;NA;3;2;NA;3;2;NA;1;1;1;NA;NA;NA;1;1;NA
29;"BA";2905909;"290590";"Campo Alegre de Lourdes";"Não";"-";"Pedestres";NA;NA;NA;NA;NA;NA;NA;NA;2;NA;NA;NA;NA;NA;NA;NA;NA;NA;NA;2;NA;NA;1;NA;NA
29;"BA";2906006;"290600";"Campo Formoso";"Não";"-";"Pedestres";NA;NA;1;NA;NA;2;NA;NA;NA;NA;1;NA;1;NA;NA;1;1;NA;NA;1;NA;NA;3;1;NA
29;"BA";2906204;"290620";"Canarana";"Não";"-";"Pedestres";NA;NA;NA;NA;NA;NA;NA;NA;NA;1;NA;NA;NA;1;1;NA;NA;1;1;NA;NA;NA;NA;NA;NA
29;"BA";2906303;"290630";"Canavieiras";"Não";"-";"Pedestres";NA;1;1;NA;1;NA;NA;1;NA;1;NA;NA;NA;NA;NA;NA;NA;NA;NA;NA;NA;NA;NA;1;NA
29;"BA";2906402;"290640";"Candeal";"Não";"Área de Expansão Metropolitana";"Pedestres";NA;1;NA;NA;NA;NA;NA;NA;NA;NA;NA;NA;NA;NA;NA;NA;NA;NA;NA;NA;NA;NA;NA;NA;NA
29;"BA";2906501;"290650";"Candeias";"Não";"Região Metropolitana de Salvador";"Pedestres";NA;1;NA;3;NA;2;3;3;3;NA;3;2;2;3;5;NA;3;3;1;2;1;NA;NA;1;NA
29;"BA";2906600;"290660";"Candiba";"Não";"-";"Pedestres";NA;NA;NA;NA;NA;NA;NA;NA;NA;1;NA;NA;1;1;NA;NA;NA;NA;NA;NA;NA;NA;NA;NA;NA
29;"BA";2906709;"290670";"Cândido Sales";"Não";"-";"Pedestres";2;2;1;NA;NA;NA;NA;2;NA;NA;NA;NA;1;1;1;NA;NA;1;1;NA;NA;1;NA;2;NA
29;"BA";2906808;"290680";"Cansanção";"Não";"-";"Pedestres";1;NA;NA;NA;NA;NA;NA;NA;1;1;NA;NA;1;2;1;NA;NA;NA;NA;NA;1;NA;NA;1;NA
29;"BA";2906824;"290682";"Canudos";"Não";"-";"Pedestres";NA;1;NA;NA;1;NA;NA;NA;NA;NA;2;NA;NA;NA;NA;NA;NA;NA;NA;NA;1;NA;1;NA;NA
29;"BA";2906873;"290687";"Capim Grosso";"Não";"-";"Pedestres";2;NA;1;1;NA;1;NA;NA;NA;NA;NA;NA;NA;NA;NA;NA;NA;NA;NA;NA;NA;NA;1;NA;NA
29;"BA";2906899;"290689";"Caraíbas";"Não";"-";"Pedestres";NA;NA;1;NA;NA;1;NA;NA;NA;NA;NA;1;NA;1;NA;NA;1;NA;NA;NA;NA;NA;NA;NA;NA
29;"BA";2906907;"290690";"Caravelas";"Não";"-";"Pedestres";NA;NA;NA;2;NA;1;1;NA;1;NA;NA;2;NA;NA;3;1;NA;NA;NA;NA;1;NA;1;NA;NA
29;"BA";2907004;"290700";"Cardeal da Silva";"Não";"-";"Pedestres";NA;NA;NA;NA;1;1;NA;NA;NA;NA;NA;NA;NA;NA;NA;NA;NA;NA;NA;NA;NA;NA;1;NA;NA
29;"BA";2907103;"290710";"Carinhanha";"Não";"-";"Pedestres";1;NA;NA;NA;NA;NA;1;NA;NA;NA;NA;NA;NA;NA;3;NA;NA;1;NA;NA;NA;NA;NA;1;NA
29;"BA";2907202;"290720";"Casa Nova";"Não";"Região Administrativa Integrada de Desenvolvimento do Polo Petrolina/PE e Juazeiro/BA";"Pedestres";1;NA;NA;NA;NA;NA;NA;NA;1;NA;NA;1;1;NA;NA;NA;NA;1;2;1;1;NA;1;2;NA
29;"BA";2907301;"290730";"Castro Alves";"Não";"-";"Pedestres";NA;NA;NA;NA;NA;NA;1;NA;NA;NA;NA;1;NA;NA;1;NA;NA;NA;1;NA;NA;NA;1;2;NA
29;"BA";2907400;"290740";"Catolândia";"Não";"-";"Pedestres";NA;NA;NA;NA;NA;NA;NA;NA;NA;NA;NA;NA;NA;NA;NA;NA;NA;NA;NA;NA;1;NA;NA;NA;NA
29;"BA";2907509;"290750";"Catu";"Não";"-";"Pedestres";NA;1;1;NA;1;2;3;1;1;2;NA;2;1;1;NA;NA;NA;1;1;NA;2;1;NA;NA;NA
29;"BA";2907558;"290755";"Caturama";"Não";"-";"Pedestres";NA;NA;NA;NA;NA;NA;NA;NA;NA;1;NA;NA;NA;1;NA;NA;NA;NA;NA;NA;NA;NA;NA;NA;NA
29;"BA";2907608;"290760";"Central";"Não";"-";"Pedestres";NA;NA;NA;1;NA;NA;NA;NA;1;NA;2;NA;2;1;NA;NA;NA;NA;NA;NA;NA;NA;NA;1;NA
29;"BA";2907707;"290770";"Chorrochó";"Não";"-";"Pedestres";NA;NA;NA;NA;NA;1;NA;NA;NA;NA;2;NA;3;NA;NA;NA;NA;NA;NA;NA;NA;NA;NA;NA;NA
29;"BA";2907806;"290780";"Cícero Dantas";"Não";"-";"Pedestres";NA;NA;3;NA;NA;1;NA;2;NA;NA;2;1;NA;NA;1;1;1;NA;1;NA;2;1;NA;1;NA
29;"BA";2907905;"290790";"Cipó";"Não";"-";"Pedestres";NA;1;NA;NA;NA;1;NA;NA;1;NA;1;1;1;NA;NA;1;NA;NA;NA;1;1;NA;NA;NA;NA
29;"BA";2908002;"290800";"Coaraci";"Não";"-";"Pedestres";NA;NA;1;NA;NA;1;NA;NA;NA;1;2;1;NA;NA;1;1;NA;NA;NA;NA;NA;NA;NA;NA;NA
29;"BA";2908101;"290810";"Cocos";"Não";"-";"Pedestres";NA;NA;NA;NA;NA;NA;NA;NA;NA;NA;NA;1;1;NA;NA;NA;NA;NA;NA;NA;NA;NA;NA;NA;NA
29;"BA";2908200;"290820";"Conceição da Feira";"Não";"Região Metropolitana de Feira de Santana";"Pedestres";NA;NA;NA;NA;NA;NA;NA;NA;NA;NA;NA;1;NA;NA;NA;NA;NA;NA;1;NA;NA;NA;NA;NA;NA
29;"BA";2908309;"290830";"Conceição do Almeida";"Não";"-";"Pedestres";1;1;NA;NA;NA;1;NA;NA;NA;NA;NA;NA;1;NA;1;NA;NA;NA;NA;1;1;NA;NA;NA;NA
29;"BA";2908408;"290840";"Conceição do Coité";"Não";"-";"Pedestres";1;NA;NA;NA;NA;NA;NA;NA;1;NA;NA;NA;1;NA;NA;NA;NA;NA;NA;NA;NA;NA;NA;NA;NA
29;"BA";2908507;"290850";"Conceição do Jacuípe";"Não";"Região Metropolitana de Feira de Santana";"Pedestres";1;NA;1;NA;NA;NA;NA;3;NA;1;1;NA;NA;2;2;NA;NA;NA;NA;NA;NA;NA;NA;1;NA
29;"BA";2908606;"290860";"Conde";"Não";"-";"Pedestres";NA;3;NA;NA;NA;1;1;1;NA;NA;NA;1;NA;1;NA;NA;NA;NA;1;NA;NA;1;NA;2;NA
29;"BA";2908705;"290870";"Condeúba";"Não";"-";"Pedestres";NA;NA;NA;NA;NA;NA;1;NA;NA;NA;NA;NA;NA;NA;NA;NA;NA;NA;NA;NA;NA;NA;NA;NA;NA
29;"BA";2908903;"290890";"Coração de Maria";"Não";"Área de Expansão Metropolitana";"Pedestres";NA;NA;NA;NA;NA;1;NA;1;NA;NA;NA;NA;NA;2;NA;NA;NA;NA;NA;NA;NA;1;NA;1;NA
29;"BA";2909109;"290910";"Coribe";"Não";"-";"Pedestres";1;NA;NA;1;NA;NA;1;NA;NA;NA;1;NA;NA;NA;NA;NA;NA;NA;NA;NA;NA;1;NA;NA;NA
29;"BA";2909208;"290920";"Coronel João Sá";"Não";"-";"Pedestres";NA;NA;NA;NA;NA;NA;NA;NA;1;NA;NA;NA;NA;NA;NA;NA;NA;NA;NA;NA;NA;NA;NA;NA;NA
29;"BA";2909307;"290930";"Correntina";"Não";"-";"Pedestres";NA;NA;NA;NA;NA;1;NA;NA;1;NA;NA;NA;NA;2;NA;1;1;NA;NA;NA;NA;2;2;2;NA
29;"BA";2909406;"290940";"Cotegipe";"Não";"-";"Pedestres";NA;NA;NA;NA;NA;NA;NA;NA;NA;NA;NA;NA;NA;NA;NA;NA;NA;NA;NA;NA;NA;NA;1;NA;NA
29;"BA";2909505;"290950";"Cravolândia";"Não";"-";"Pedestres";NA;NA;1;NA;NA;NA;NA;NA;NA;NA;NA;NA;NA;NA;NA;NA;NA;NA;NA;NA;NA;NA;NA;NA;NA
29;"BA";2909604;"290960";"Crisópolis";"Não";"-";"Pedestres";NA;NA;1;NA;NA;1;NA;NA;1;NA;NA;1;2;1;1;NA;NA;1;NA;NA;NA;NA;NA;NA;NA
29;"BA";2909703;"290970";"Cristópolis";"Não";"-";"Pedestres";1;1;NA;NA;NA;NA;NA;NA;NA;NA;NA;NA;NA;NA;NA;NA;NA;NA;1;NA;NA;NA;NA;NA;NA
29;"BA";2909802;"290980";"Cruz das Almas";"Não";"-";"Pedestres";2;1;NA;NA;NA;NA;NA;3;NA;1;1;1;2;2;NA;1;NA;NA;1;2;NA;NA;2;3;NA
29;"BA";2909901;"290990";"Curaçá";"Não";"Região Administrativa Integrada de Desenvolvimento do Polo Petrolina/PE e Juazeiro/BA";"Pedestres";NA;NA;2;NA;NA;NA;NA;NA;NA;NA;1;NA;NA;NA;2;NA;NA;NA;1;1;NA;1;1;NA;NA
29;"BA";2910008;"291000";"Dário Meira";"Não";"-";"Pedestres";NA;NA;NA;NA;NA;NA;NA;NA;1;NA;NA;NA;1;NA;NA;NA;NA;NA;NA;NA;NA;NA;NA;NA;NA
29;"BA";2910057;"291005";"Dias d'Ávila";"Não";"Região Metropolitana de Salvador";"Pedestres";1;NA;1;NA;NA;1;1;1;NA;NA;NA;NA;1;2;NA;1;1;NA;NA;NA;1;1;NA;NA;NA
29;"BA";2910107;"291010";"Dom Basílio";"Não";"-";"Pedestres";NA;NA;NA;NA;NA;NA;NA;NA;NA;NA;NA;NA;NA;NA;2;NA;NA;NA;NA;1;NA;1;NA;1;NA
29;"BA";2910305;"291030";"Elísio Medrado";"Não";"-";"Pedestres";NA;NA;NA;NA;NA;NA;NA;NA;NA;NA;NA;NA;1;NA;NA;NA;NA;NA;NA;NA;NA;NA;1;NA;NA
29;"BA";2910404;"291040";"Encruzilhada";"Não";"-";"Pedestres";1;1;NA;NA;NA;1;NA;NA;1;NA;NA;NA;NA;NA;NA;NA;1;1;NA;NA;2;NA;NA;NA;NA
29;"BA";2910503;"291050";"Entre Rios";"Não";"-";"Pedestres";NA;1;3;3;1;1;NA;1;2;NA;2;1;3;2;1;2;1;1;2;NA;NA;NA;1;1;NA
29;"BA";2910602;"291060";"Esplanada";"Não";"-";"Pedestres";2;2;NA;3;3;4;1;1;1;NA;NA;NA;2;NA;NA;NA;NA;NA;1;NA;NA;1;NA;2;NA
29;"BA";2910701;"291070";"Euclides da Cunha";"Não";"-";"Pedestres";1;NA;2;NA;2;2;2;NA;NA;3;4;1;3;NA;1;2;2;4;1;3;NA;1;2;3;NA
29;"BA";2910727;"291072";"Eunápolis";"Não";"-";"Pedestres";2;NA;5;2;5;6;6;3;5;4;3;8;2;NA;2;NA;NA;3;NA;1;2;NA;3;1;NA
29;"BA";2910750;"291075";"Fátima";"Não";"-";"Pedestres";NA;1;NA;NA;NA;NA;NA;NA;NA;1;NA;NA;NA;1;NA;NA;NA;NA;NA;NA;NA;NA;NA;NA;NA
29;"BA";2910800;"291080";"Feira de Santana";"Não";"Região Metropolitana de Feira de Santana";"Pedestres";10;10;8;4;7;13;16;21;19;15;23;14;12;11;6;2;1;NA;5;3;NA;3;3;1;NA
29;"BA";2910859;"291085";"Filadélfia";"Não";"-";"Pedestres";NA;NA;NA;NA;NA;NA;NA;NA;NA;NA;2;NA;NA;1;1;2;NA;NA;NA;NA;NA;NA;NA;1;NA
29;"BA";2910909;"291090";"Firmino Alves";"Não";"-";"Pedestres";NA;NA;NA;NA;NA;NA;NA;NA;NA;NA;NA;NA;1;1;NA;NA;NA;1;NA;NA;NA;NA;NA;NA;NA
29;"BA";2911006;"291100";"Floresta Azul";"Não";"-";"Pedestres";NA;NA;NA;NA;NA;NA;NA;NA;NA;NA;1;NA;NA;NA;NA;NA;NA;NA;NA;NA;NA;NA;NA;NA;NA
29;"BA";2911105;"291110";"Formosa do Rio Preto";"Não";"-";"Pedestres";NA;NA;NA;NA;NA;NA;NA;NA;NA;NA;NA;NA;NA;NA;NA;NA;NA;NA;NA;NA;1;1;NA;NA;NA
29;"BA";2911204;"291120";"Gandu";"Não";"-";"Pedestres";1;NA;1;1;NA;NA;NA;1;1;1;NA;NA;2;NA;1;3;NA;1;NA;NA;NA;1;NA;1;NA
29;"BA";2911253;"291125";"Gavião";"Não";"-";"Pedestres";NA;NA;NA;NA;NA;NA;NA;NA;NA;NA;NA;NA;NA;NA;NA;NA;NA;NA;NA;NA;NA;1;NA;NA;NA
29;"BA";2911402;"291140";"Glória";"Não";"-";"Pedestres";1;NA;NA;NA;NA;NA;NA;NA;NA;NA;NA;NA;NA;NA;NA;NA;NA;NA;NA;NA;NA;NA;NA;NA;NA
29;"BA";2911600;"291160";"Governador Mangabeira";"Não";"-";"Pedestres";NA;NA;1;NA;NA;NA;NA;NA;NA;1;1;NA;NA;NA;NA;NA;1;NA;1;NA;1;NA;1;1;NA
29;"BA";2911659;"291165";"Guajeru";"Não";"-";"Pedestres";NA;NA;NA;NA;NA;NA;NA;NA;NA;NA;NA;NA;NA;NA;NA;NA;NA;NA;NA;NA;NA;NA;1;1;NA
29;"BA";2911709;"291170";"Guanambi";"Não";"-";"Pedestres";3;1;NA;NA;1;1;NA;1;NA;NA;4;1;1;NA;4;2;4;2;5;2;2;2;7;7;NA
29;"BA";2911808;"291180";"Guaratinga";"Não";"-";"Pedestres";1;NA;NA;NA;NA;1;NA;NA;2;NA;NA;NA;NA;NA;NA;NA;NA;NA;NA;NA;NA;NA;NA;NA;NA
29;"BA";2911857;"291185";"Heliópolis";"Não";"-";"Pedestres";NA;NA;NA;NA;NA;NA;NA;NA;NA;NA;NA;NA;NA;NA;1;NA;NA;NA;NA;NA;NA;NA;1;NA;NA
29;"BA";2911907;"291190";"Iaçu";"Não";"-";"Pedestres";NA;NA;NA;NA;1;1;1;NA;1;NA;NA;NA;NA;NA;NA;NA;NA;NA;2;NA;NA;NA;NA;1;NA
29;"BA";2912004;"291200";"Ibiassucê";"Não";"-";"Pedestres";1;NA;NA;NA;NA;NA;NA;NA;1;NA;NA;NA;1;NA;NA;NA;NA;NA;NA;NA;NA;NA;NA;NA;NA
29;"BA";2912103;"291210";"Ibicaraí";"Não";"-";"Pedestres";NA;NA;1;NA;NA;NA;NA;NA;NA;NA;NA;NA;NA;1;NA;NA;1;NA;NA;1;NA;1;NA;NA;NA
29;"BA";2912202;"291220";"Ibicoara";"Não";"-";"Pedestres";NA;NA;1;NA;NA;NA;1;1;NA;NA;2;1;NA;NA;NA;NA;2;NA;NA;NA;1;1;NA;NA;NA
29;"BA";2912400;"291240";"Ibipeba";"Não";"-";"Pedestres";NA;NA;NA;NA;NA;NA;NA;NA;NA;NA;NA;1;NA;NA;NA;NA;1;NA;NA;1;NA;NA;NA;NA;NA
29;"BA";2912509;"291250";"Ibipitanga";"Não";"-";"Pedestres";NA;NA;NA;NA;NA;NA;NA;NA;NA;NA;NA;NA;NA;NA;NA;NA;NA;NA;NA;NA;NA;NA;NA;NA;NA
29;"BA";2912707;"291270";"Ibirapitanga";"Não";"-";"Pedestres";NA;NA;NA;1;NA;NA;1;2;1;1;NA;1;NA;1;NA;NA;1;1;1;3;NA;NA;NA;NA;NA
29;"BA";2912806;"291280";"Ibirapuã";"Não";"-";"Pedestres";NA;NA;NA;NA;NA;NA;1;NA;NA;NA;NA;NA;NA;2;NA;NA;NA;NA;NA;NA;NA;NA;NA;NA;NA
29;"BA";2912905;"291290";"Ibirataia";"Não";"-";"Pedestres";1;NA;1;NA;NA;NA;NA;NA;1;NA;NA;NA;1;1;NA;1;NA;NA;NA;NA;NA;1;NA;NA;NA
29;"BA";2913002;"291300";"Ibitiara";"Não";"-";"Pedestres";1;NA;NA;NA;NA;NA;NA;NA;NA;2;1;NA;NA;NA;NA;NA;NA;1;NA;NA;NA;NA;1;1;NA
29;"BA";2913101;"291310";"Ibititá";"Não";"-";"Pedestres";NA;NA;NA;NA;NA;NA;NA;NA;NA;NA;NA;1;NA;1;NA;NA;NA;NA;NA;NA;NA;1;1;1;NA
29;"BA";2913200;"291320";"Ibotirama";"Não";"-";"Pedestres";1;NA;NA;NA;2;1;NA;NA;NA;NA;NA;NA;NA;NA;NA;NA;NA;NA;NA;NA;NA;NA;2;NA;NA
29;"BA";2913408;"291340";"Igaporã";"Não";"-";"Pedestres";NA;NA;NA;NA;NA;1;NA;NA;NA;NA;NA;NA;NA;NA;NA;NA;NA;NA;NA;NA;NA;NA;NA;NA;NA
29;"BA";2913457;"291345";"Igrapiúna";"Não";"-";"Pedestres";NA;1;NA;1;2;NA;1;1;NA;NA;1;1;1;NA;1;NA;1;NA;NA;NA;1;1;NA;NA;NA
29;"BA";2913507;"291350";"Iguaí";"Não";"-";"Pedestres";NA;NA;NA;NA;NA;NA;NA;NA;NA;NA;NA;NA;NA;NA;NA;NA;NA;2;NA;NA;NA;1;NA;NA;NA
29;"BA";2913606;"291360";"Ilhéus";"Não";"-";"Pedestres";6;5;4;10;4;3;2;13;13;3;10;6;11;4;10;8;7;5;3;6;4;3;4;7;NA
29;"BA";2913705;"291370";"Inhambupe";"Não";"-";"Pedestres";1;NA;NA;1;1;1;3;4;NA;2;1;5;NA;1;NA;1;1;NA;NA;NA;NA;NA;2;NA;NA
29;"BA";2913804;"291380";"Ipecaetá";"Não";"Área de Expansão Metropolitana";"Pedestres";NA;NA;NA;NA;NA;NA;NA;NA;NA;NA;NA;NA;NA;NA;NA;NA;NA;NA;NA;NA;NA;NA;NA;NA;NA
29;"BA";2913903;"291390";"Ipiaú";"Não";"-";"Pedestres";NA;2;1;NA;NA;1;NA;NA;2;1;1;1;NA;NA;1;NA;NA;1;NA;1;NA;NA;NA;1;NA
29;"BA";2914000;"291400";"Ipirá";"Não";"-";"Pedestres";NA;NA;2;1;NA;NA;NA;NA;2;NA;1;4;3;NA;NA;NA;NA;1;1;6;NA;1;NA;NA;NA
29;"BA";2914109;"291410";"Ipupiara";"Não";"-";"Pedestres";NA;NA;NA;NA;NA;NA;NA;NA;NA;NA;NA;NA;NA;1;NA;NA;NA;1;NA;NA;NA;NA;NA;NA;NA
29;"BA";2914208;"291420";"Irajuba";"Não";"-";"Pedestres";NA;NA;NA;NA;NA;NA;NA;NA;NA;1;NA;NA;NA;NA;NA;NA;NA;NA;1;NA;1;NA;NA;NA;NA
29;"BA";2914307;"291430";"Iramaia";"Não";"-";"Pedestres";NA;NA;NA;NA;NA;NA;NA;NA;NA;1;NA;NA;NA;NA;NA;NA;NA;NA;NA;NA;NA;NA;NA;NA;NA
29;"BA";2914406;"291440";"Iraquara";"Não";"-";"Pedestres";NA;NA;1;1;NA;NA;NA;NA;NA;NA;NA;NA;NA;NA;NA;NA;NA;1;1;NA;NA;NA;1;NA;NA
29;"BA";2914505;"291450";"Irará";"Não";"Área de Expansão Metropolitana";"Pedestres";NA;NA;NA;NA;NA;1;NA;1;NA;NA;NA;NA;NA;NA;NA;NA;1;NA;NA;NA;NA;NA;NA;NA;NA
29;"BA";2914604;"291460";"Irecê";"Não";"-";"Pedestres";NA;NA;1;1;NA;NA;NA;NA;4;2;1;4;4;4;2;7;5;3;5;5;4;4;3;3;NA
29;"BA";2914653;"291465";"Itabela";"Não";"-";"Pedestres";NA;2;1;3;2;2;NA;4;1;6;NA;1;NA;NA;1;1;NA;3;NA;NA;1;1;1;NA;NA
29;"BA";2914703;"291470";"Itaberaba";"Não";"-";"Pedestres";NA;1;1;1;1;3;NA;NA;NA;NA;NA;1;NA;NA;NA;1;NA;2;1;NA;NA;1;2;1;NA
29;"BA";2914802;"291480";"Itabuna";"Não";"-";"Pedestres";7;6;9;4;24;13;11;24;13;15;25;13;17;8;10;12;10;4;5;10;8;5;6;4;NA
29;"BA";2914901;"291490";"Itacaré";"Não";"-";"Pedestres";NA;NA;NA;NA;NA;1;NA;NA;NA;NA;1;1;NA;NA;NA;NA;NA;NA;1;NA;NA;NA;NA;NA;NA
29;"BA";2915007;"291500";"Itaeté";"Não";"-";"Pedestres";NA;NA;NA;NA;1;NA;NA;NA;NA;NA;NA;NA;NA;NA;NA;NA;NA;NA;NA;NA;NA;NA;NA;NA;NA
29;"BA";2915106;"291510";"Itagi";"Não";"-";"Pedestres";NA;NA;NA;NA;NA;NA;NA;NA;NA;NA;NA;NA;NA;NA;NA;NA;NA;NA;1;1;NA;NA;1;NA;NA
29;"BA";2915205;"291520";"Itagibá";"Não";"-";"Pedestres";NA;1;NA;NA;NA;NA;NA;NA;NA;NA;NA;NA;NA;NA;NA;NA;NA;NA;NA;2;NA;NA;NA;NA;NA
29;"BA";2915304;"291530";"Itagimirim";"Não";"-";"Pedestres";3;NA;NA;1;1;NA;NA;NA;NA;NA;NA;NA;NA;NA;NA;NA;NA;1;NA;NA;NA;NA;NA;NA;NA
29;"BA";2915353;"291535";"Itaguaçu da Bahia";"Não";"-";"Pedestres";NA;NA;NA;NA;NA;NA;NA;NA;NA;1;NA;NA;1;NA;NA;NA;NA;NA;NA;2;NA;1;1;NA;NA
29;"BA";2915502;"291550";"Itajuípe";"Não";"-";"Pedestres";NA;NA;NA;1;NA;NA;NA;NA;NA;1;NA;1;NA;NA;1;1;1;1;NA;NA;NA;NA;NA;NA;NA
29;"BA";2915601;"291560";"Itamaraju";"Não";"-";"Pedestres";1;2;3;3;4;1;3;NA;3;1;4;3;1;5;4;1;1;NA;1;1;NA;NA;1;2;NA
29;"BA";2915700;"291570";"Itamari";"Não";"-";"Pedestres";NA;NA;NA;1;NA;NA;NA;NA;NA;NA;NA;NA;NA;NA;NA;1;NA;NA;NA;NA;1;NA;NA;NA;NA
29;"BA";2915809;"291580";"Itambé";"Não";"-";"Pedestres";NA;NA;NA;NA;1;NA;NA;NA;NA;NA;NA;1;2;NA;NA;NA;NA;NA;NA;NA;NA;NA;NA;NA;NA
29;"BA";2915908;"291590";"Itanagra";"Não";"-";"Pedestres";NA;NA;NA;1;NA;NA;NA;NA;NA;NA;NA;NA;NA;NA;NA;NA;NA;NA;NA;NA;NA;NA;NA;NA;NA
29;"BA";2916005;"291600";"Itanhém";"Não";"-";"Pedestres";NA;NA;NA;NA;NA;NA;1;NA;1;NA;NA;NA;NA;NA;NA;NA;NA;NA;2;1;NA;NA;NA;NA;NA
29;"BA";2916104;"291610";"Itaparica";"Não";"Região Metropolitana de Salvador";"Pedestres";NA;NA;NA;NA;NA;NA;NA;NA;2;NA;NA;3;2;2;NA;NA;NA;NA;NA;NA;NA;1;NA;NA;NA
29;"BA";2916302;"291630";"Itapebi";"Não";"-";"Pedestres";NA;NA;1;1;NA;NA;1;NA;NA;NA;NA;NA;NA;NA;NA;NA;NA;2;NA;NA;NA;NA;NA;NA;NA
29;"BA";2916401;"291640";"Itapetinga";"Não";"-";"Pedestres";1;1;2;3;NA;NA;1;1;NA;NA;NA;NA;NA;2;NA;NA;NA;2;NA;NA;1;NA;NA;3;NA
29;"BA";2916500;"291650";"Itapicuru";"Não";"-";"Pedestres";1;1;NA;NA;NA;1;NA;3;NA;NA;1;NA;1;2;1;2;NA;NA;NA;2;1;1;1;1;NA
29;"BA";2916609;"291660";"Itapitanga";"Não";"-";"Pedestres";NA;NA;1;NA;NA;NA;1;NA;NA;NA;NA;NA;NA;NA;NA;NA;NA;NA;NA;NA;NA;NA;NA;NA;NA
29;"BA";2916708;"291670";"Itaquara";"Não";"-";"Pedestres";NA;NA;NA;NA;NA;NA;NA;NA;NA;1;NA;NA;NA;1;NA;NA;NA;NA;NA;NA;NA;NA;NA;NA;NA
29;"BA";2916807;"291680";"Itarantim";"Não";"-";"Pedestres";2;2;NA;NA;NA;NA;NA;NA;NA;NA;NA;NA;NA;NA;NA;NA;NA;NA;NA;NA;NA;NA;NA;NA;NA
29;"BA";2916856;"291685";"Itatim";"Não";"-";"Pedestres";NA;NA;NA;NA;NA;NA;NA;1;NA;4;NA;NA;NA;NA;1;NA;NA;NA;1;1;1;NA;1;1;NA
29;"BA";2916906;"291690";"Itiruçu";"Não";"-";"Pedestres";NA;NA;1;NA;NA;NA;1;NA;NA;NA;NA;NA;NA;NA;NA;NA;NA;NA;NA;NA;NA;NA;NA;NA;NA
29;"BA";2917003;"291700";"Itiúba";"Não";"-";"Pedestres";NA;NA;NA;NA;NA;NA;NA;NA;NA;1;NA;1;NA;2;3;1;NA;NA;2;2;1;NA;NA;1;NA
29;"BA";2917102;"291710";"Itororó";"Não";"-";"Pedestres";NA;1;NA;NA;1;NA;NA;NA;NA;NA;NA;NA;NA;NA;NA;NA;NA;1;NA;NA;NA;NA;NA;2;NA
29;"BA";2917201;"291720";"Ituaçu";"Não";"-";"Pedestres";NA;NA;NA;NA;1;NA;NA;NA;NA;NA;NA;NA;2;NA;NA;NA;NA;NA;NA;NA;NA;NA;NA;NA;NA
29;"BA";2917300;"291730";"Ituberá";"Não";"-";"Pedestres";1;1;NA;NA;NA;1;NA;NA;1;NA;1;2;2;NA;NA;NA;NA;2;NA;NA;1;NA;1;NA;NA
29;"BA";2917334;"291733";"Iuiu";"Não";"-";"Pedestres";NA;NA;NA;NA;NA;NA;NA;NA;NA;NA;NA;NA;NA;NA;NA;NA;NA;1;NA;NA;NA;NA;NA;NA;NA
29;"BA";2917359;"291735";"Jaborandi";"Não";"-";"Pedestres";NA;NA;NA;NA;NA;NA;NA;NA;NA;NA;NA;NA;NA;NA;NA;NA;NA;NA;1;NA;NA;NA;NA;NA;NA
29;"BA";2917409;"291740";"Jacaraci";"Não";"-";"Pedestres";NA;NA;NA;NA;NA;NA;NA;NA;NA;NA;NA;NA;NA;NA;NA;NA;1;NA;NA;1;NA;NA;1;NA;NA
29;"BA";2917508;"291750";"Jacobina";"Não";"-";"Pedestres";4;6;1;2;3;3;3;2;NA;2;2;NA;NA;1;2;NA;NA;1;NA;1;NA;5;1;2;NA
29;"BA";2917607;"291760";"Jaguaquara";"Não";"-";"Pedestres";NA;NA;NA;1;NA;1;NA;NA;1;2;2;3;1;NA;1;NA;NA;1;1;NA;2;NA;1;1;NA
29;"BA";2917706;"291770";"Jaguarari";"Não";"-";"Pedestres";NA;NA;1;NA;1;NA;NA;NA;NA;NA;NA;NA;1;1;1;1;NA;NA;1;2;NA;NA;1;2;NA
29;"BA";2917805;"291780";"Jaguaripe";"Não";"-";"Pedestres";NA;NA;NA;NA;NA;NA;NA;NA;1;2;NA;1;NA;1;1;NA;2;NA;1;NA;NA;NA;NA;2;NA
29;"BA";2917904;"291790";"Jandaíra";"Não";"-";"Pedestres";NA;NA;NA;NA;NA;NA;1;NA;NA;NA;NA;NA;NA;2;NA;1;NA;NA;NA;NA;NA;NA;NA;NA;NA
29;"BA";2918001;"291800";"Jequié";"Não";"-";"Pedestres";NA;2;2;1;1;3;1;6;3;9;12;4;3;7;5;7;2;4;4;8;1;3;4;4;NA
29;"BA";2918100;"291810";"Jeremoabo";"Não";"-";"Pedestres";NA;1;NA;NA;NA;NA;NA;NA;1;NA;NA;NA;NA;NA;1;NA;1;NA;1;NA;NA;NA;NA;NA;NA
29;"BA";2918209;"291820";"Jiquiriçá";"Não";"-";"Pedestres";NA;NA;NA;NA;NA;NA;NA;NA;NA;NA;NA;NA;1;NA;NA;NA;NA;NA;NA;NA;1;NA;NA;NA;NA
29;"BA";2918308;"291830";"Jitaúna";"Não";"-";"Pedestres";NA;NA;NA;NA;NA;NA;NA;NA;NA;NA;1;NA;1;NA;NA;NA;NA;NA;1;NA;NA;NA;NA;2;NA
29;"BA";2918357;"291835";"João Dourado";"Não";"-";"Pedestres";NA;NA;NA;NA;1;NA;NA;NA;NA;NA;2;1;2;1;NA;1;NA;NA;NA;2;NA;1;1;2;NA
29;"BA";2918407;"291840";"Juazeiro";"Não";"Região Administrativa Integrada de Desenvolvimento do Polo Petrolina/PE e Juazeiro/BA";"Pedestres";4;6;5;4;5;10;6;2;9;3;3;2;2;3;4;1;3;4;4;7;4;1;2;4;NA
29;"BA";2918456;"291845";"Jucuruçu";"Não";"-";"Pedestres";NA;NA;NA;NA;1;NA;NA;NA;NA;NA;1;NA;NA;NA;NA;NA;NA;1;NA;NA;NA;NA;NA;NA;NA
29;"BA";2918506;"291850";"Jussara";"Não";"-";"Pedestres";NA;NA;NA;NA;NA;NA;NA;NA;NA;NA;NA;NA;1;NA;1;NA;NA;NA;NA;NA;NA;NA;NA;1;NA
29;"BA";2918555;"291855";"Jussari";"Não";"-";"Pedestres";NA;NA;NA;NA;NA;NA;NA;NA;NA;NA;NA;NA;NA;NA;NA;NA;NA;NA;NA;NA;NA;NA;1;NA;NA
29;"BA";2918605;"291860";"Jussiape";"Não";"-";"Pedestres";NA;NA;NA;NA;NA;NA;NA;NA;NA;NA;NA;NA;NA;NA;NA;NA;NA;NA;NA;NA;NA;NA;NA;NA;NA
29;"BA";2918753;"291875";"Lagoa Real";"Não";"-";"Pedestres";NA;NA;NA;NA;NA;NA;NA;NA;NA;NA;NA;NA;NA;NA;NA;NA;NA;NA;NA;NA;NA;NA;NA;NA;NA
29;"BA";2918803;"291880";"Laje";"Não";"-";"Pedestres";NA;NA;NA;NA;NA;NA;NA;1;NA;1;NA;2;NA;1;NA;NA;1;NA;NA;NA;NA;NA;NA;NA;NA
29;"BA";2918902;"291890";"Lajedão";"Não";"-";"Pedestres";NA;NA;NA;NA;1;NA;NA;NA;NA;NA;NA;NA;NA;NA;NA;NA;NA;NA;NA;NA;NA;NA;NA;NA;NA
29;"BA";2919009;"291900";"Lajedinho";"Não";"-";"Pedestres";NA;NA;1;NA;NA;1;NA;NA;NA;1;NA;NA;NA;NA;NA;NA;NA;NA;NA;NA;NA;NA;1;NA;NA
29;"BA";2919058;"291905";"Lajedo do Tabocal";"Não";"-";"Pedestres";NA;NA;NA;NA;NA;NA;NA;NA;NA;NA;NA;NA;NA;NA;NA;1;NA;NA;NA;NA;NA;NA;NA;NA;NA
29;"BA";2919108;"291910";"Lamarão";"Não";"-";"Pedestres";NA;NA;NA;NA;NA;NA;NA;NA;NA;NA;NA;NA;NA;NA;NA;NA;NA;1;NA;NA;NA;NA;NA;NA;NA
29;"BA";2919157;"291915";"Lapão";"Não";"-";"Pedestres";NA;NA;NA;NA;NA;NA;NA;NA;NA;1;NA;1;NA;NA;1;1;NA;1;NA;NA;NA;2;NA;NA;NA
29;"BA";2919207;"291920";"Lauro de Freitas";"Não";"Região Metropolitana de Salvador";"Pedestres";NA;1;NA;NA;2;5;2;6;4;2;7;5;4;5;2;3;3;2;NA;1;NA;NA;1;NA;NA
29;"BA";2919306;"291930";"Lençóis";"Não";"-";"Pedestres";NA;NA;NA;NA;NA;NA;1;NA;NA;NA;NA;NA;NA;NA;NA;1;NA;2;NA;NA;NA;NA;NA;NA;NA
29;"BA";2919405;"291940";"Licínio de Almeida";"Não";"-";"Pedestres";1;NA;NA;NA;NA;NA;NA;NA;NA;NA;NA;NA;NA;NA;NA;NA;NA;NA;NA;NA;NA;1;NA;NA;NA
29;"BA";2919504;"291950";"Livramento de Nossa Senhora";"Não";"-";"Pedestres";NA;NA;NA;1;NA;NA;NA;NA;NA;NA;NA;1;2;1;NA;NA;NA;NA;1;NA;1;NA;1;1;NA
29;"BA";2919553;"291955";"Luís Eduardo Magalhães";"Não";"-";"Pedestres";NA;NA;2;NA;1;1;3;NA;NA;NA;NA;NA;NA;NA;NA;NA;NA;2;4;3;NA;1;4;1;NA
29;"BA";2919603;"291960";"Macajuba";"Não";"-";"Pedestres";NA;NA;NA;NA;NA;NA;NA;NA;NA;NA;NA;NA;NA;NA;NA;NA;NA;NA;1;NA;NA;NA;NA;NA;NA
29;"BA";2919702;"291970";"Macarani";"Não";"-";"Pedestres";NA;NA;NA;NA;NA;NA;NA;NA;NA;NA;1;NA;NA;NA;NA;NA;NA;NA;NA;NA;NA;NA;NA;NA;NA
29;"BA";2919801;"291980";"Macaúbas";"Não";"-";"Pedestres";1;NA;NA;NA;NA;1;NA;NA;2;NA;NA;NA;NA;NA;NA;NA;NA;1;NA;NA;NA;NA;NA;NA;NA
29;"BA";2919900;"291990";"Macururé";"Não";"-";"Pedestres";1;NA;NA;NA;NA;NA;NA;NA;NA;NA;NA;NA;NA;NA;NA;NA;NA;NA;NA;NA;NA;NA;NA;NA;NA
29;"BA";2919926;"291992";"Madre de Deus";"Não";"Região Metropolitana de Salvador";"Pedestres";NA;NA;NA;NA;NA;NA;NA;1;NA;NA;2;NA;NA;NA;NA;NA;NA;NA;NA;NA;NA;NA;NA;NA;NA
29;"BA";2919959;"291995";"Maetinga";"Não";"-";"Pedestres";NA;NA;NA;NA;NA;NA;NA;NA;NA;NA;NA;NA;NA;NA;NA;NA;NA;NA;NA;2;NA;NA;NA;NA;NA
29;"BA";2920106;"292010";"Mairi";"Não";"-";"Pedestres";NA;NA;1;NA;NA;1;2;NA;NA;NA;NA;NA;NA;NA;NA;NA;NA;NA;NA;NA;NA;NA;NA;NA;NA
29;"BA";2920205;"292020";"Malhada";"Não";"-";"Pedestres";NA;NA;NA;NA;NA;NA;NA;NA;2;1;NA;NA;1;NA;NA;NA;NA;NA;NA;NA;NA;NA;NA;1;NA
29;"BA";2920304;"292030";"Malhada de Pedras";"Não";"-";"Pedestres";NA;NA;NA;NA;NA;NA;NA;NA;NA;NA;NA;NA;NA;NA;NA;NA;NA;NA;1;1;NA;NA;NA;NA;NA
29;"BA";2920403;"292040";"Manoel Vitorino";"Não";"-";"Pedestres";NA;NA;NA;NA;1;1;NA;2;NA;NA;NA;1;1;2;NA;NA;NA;NA;1;1;1;NA;NA;NA;NA
29;"BA";2920502;"292050";"Maracás";"Não";"-";"Pedestres";NA;NA;1;1;NA;NA;NA;NA;NA;1;NA;NA;NA;NA;1;NA;NA;NA;1;NA;NA;NA;2;NA;NA
29;"BA";2920601;"292060";"Maragogipe";"Não";"-";"Pedestres";NA;NA;NA;NA;NA;NA;NA;1;NA;1;NA;NA;NA;NA;1;NA;NA;NA;1;NA;NA;NA;NA;NA;NA
29;"BA";2920700;"292070";"Maraú";"Não";"-";"Pedestres";NA;NA;NA;NA;NA;NA;1;NA;NA;NA;NA;NA;1;NA;NA;NA;NA;NA;NA;NA;1;NA;NA;NA;NA
29;"BA";2920809;"292080";"Marcionílio Souza";"Não";"-";"Pedestres";NA;NA;NA;1;NA;NA;1;NA;NA;NA;NA;NA;NA;NA;NA;NA;NA;NA;NA;1;NA;NA;NA;1;NA
29;"BA";2920908;"292090";"Mascote";"Não";"-";"Pedestres";NA;NA;NA;1;NA;NA;1;1;NA;1;NA;NA;NA;NA;NA;NA;NA;1;NA;1;NA;NA;1;NA;NA
29;"BA";2921005;"292100";"Mata de São João";"Não";"Região Metropolitana de Salvador";"Pedestres";NA;NA;NA;NA;2;2;2;NA;2;2;3;NA;2;NA;NA;NA;2;NA;NA;3;1;2;NA;1;NA
29;"BA";2921054;"292105";"Matina";"Não";"-";"Pedestres";NA;NA;NA;1;NA;NA;NA;NA;NA;NA;NA;NA;NA;NA;NA;NA;NA;NA;NA;NA;NA;NA;NA;NA;NA
29;"BA";2921104;"292110";"Medeiros Neto";"Não";"-";"Pedestres";1;NA;NA;NA;1;1;NA;NA;1;NA;1;NA;NA;1;NA;2;NA;NA;NA;NA;2;NA;NA;NA;NA
29;"BA";2921203;"292120";"Miguel Calmon";"Não";"-";"Pedestres";1;NA;1;NA;1;NA;NA;NA;NA;NA;1;NA;NA;NA;NA;NA;NA;1;NA;NA;NA;NA;NA;NA;NA
29;"BA";2921302;"292130";"Milagres";"Não";"-";"Pedestres";1;NA;NA;NA;NA;NA;NA;NA;NA;2;NA;NA;NA;NA;NA;NA;NA;1;1;1;NA;NA;NA;NA;NA
29;"BA";2921401;"292140";"Mirangaba";"Não";"-";"Pedestres";NA;NA;NA;NA;NA;NA;NA;NA;NA;NA;NA;NA;NA;NA;NA;NA;NA;NA;NA;NA;NA;NA;NA;1;NA
29;"BA";2921450;"292145";"Mirante";"Não";"-";"Pedestres";NA;NA;NA;NA;NA;NA;NA;NA;NA;NA;NA;NA;NA;NA;NA;NA;NA;NA;NA;NA;NA;NA;NA;1;NA
29;"BA";2921500;"292150";"Monte Santo";"Não";"-";"Pedestres";NA;NA;NA;NA;NA;NA;NA;NA;NA;NA;NA;1;NA;1;2;NA;NA;NA;NA;2;NA;1;NA;2;NA
29;"BA";2921609;"292160";"Morpará";"Não";"-";"Pedestres";NA;NA;NA;1;NA;NA;NA;NA;NA;NA;1;NA;NA;NA;NA;NA;NA;NA;NA;NA;NA;NA;NA;NA;NA
29;"BA";2921708;"292170";"Morro do Chapéu";"Não";"-";"Pedestres";NA;NA;NA;NA;2;1;NA;NA;NA;NA;1;NA;2;2;1;NA;1;NA;NA;3;NA;2;1;NA;NA
29;"BA";2921807;"292180";"Mortugaba";"Não";"-";"Pedestres";NA;NA;NA;NA;NA;NA;NA;NA;1;NA;NA;NA;NA;NA;NA;NA;NA;NA;NA;NA;1;NA;NA;NA;NA
29;"BA";2921906;"292190";"Mucugê";"Não";"-";"Pedestres";NA;NA;NA;NA;NA;NA;NA;NA;NA;NA;NA;NA;NA;1;1;NA;NA;NA;NA;NA;NA;NA;NA;NA;NA
29;"BA";2922003;"292200";"Mucuri";"Não";"-";"Pedestres";NA;1;4;1;3;3;2;4;1;1;2;NA;NA;NA;3;1;NA;NA;1;1;NA;NA;NA;1;NA
29;"BA";2922052;"292205";"Mulungu do Morro";"Não";"-";"Pedestres";1;NA;NA;NA;NA;NA;NA;NA;NA;NA;NA;NA;NA;NA;NA;NA;NA;NA;NA;NA;NA;NA;NA;NA;NA
29;"BA";2922102;"292210";"Mundo Novo";"Não";"-";"Pedestres";NA;NA;1;NA;NA;NA;NA;NA;NA;NA;NA;NA;NA;NA;NA;NA;NA;NA;NA;NA;NA;1;NA;NA;NA
29;"BA";2922201;"292220";"Muniz Ferreira";"Não";"-";"Pedestres";NA;1;NA;NA;NA;NA;NA;1;NA;NA;1;1;NA;2;NA;NA;NA;NA;1;NA;NA;NA;NA;NA;NA
29;"BA";2922250;"292225";"Muquém do São Francisco";"Não";"-";"Pedestres";1;NA;NA;NA;2;1;1;NA;NA;NA;NA;NA;NA;NA;NA;NA;NA;NA;NA;NA;NA;NA;NA;NA;NA
29;"BA";2922300;"292230";"Muritiba";"Não";"-";"Pedestres";1;NA;NA;NA;NA;NA;1;NA;1;2;NA;NA;NA;NA;NA;NA;NA;NA;NA;1;NA;NA;NA;NA;NA
29;"BA";2922409;"292240";"Mutuípe";"Não";"-";"Pedestres";1;NA;NA;1;NA;NA;NA;NA;NA;NA;NA;NA;NA;1;1;NA;NA;NA;1;NA;1;NA;NA;1;NA
29;"BA";2922508;"292250";"Nazaré";"Não";"-";"Pedestres";1;1;1;NA;NA;NA;1;1;1;NA;1;1;3;NA;NA;NA;2;NA;3;2;NA;NA;NA;NA;NA
29;"BA";2922607;"292260";"Nilo Peçanha";"Não";"-";"Pedestres";NA;NA;NA;NA;NA;NA;NA;NA;NA;NA;NA;1;1;NA;NA;1;NA;NA;NA;1;NA;NA;NA;NA;NA
29;"BA";2922656;"292265";"Nordestina";"Não";"-";"Pedestres";NA;NA;NA;NA;1;NA;NA;NA;NA;NA;NA;NA;NA;NA;2;NA;NA;NA;NA;NA;NA;NA;NA;NA;NA
29;"BA";2922706;"292270";"Nova Canaã";"Não";"-";"Pedestres";NA;NA;NA;NA;NA;NA;NA;NA;NA;NA;NA;NA;NA;1;NA;NA;NA;NA;NA;NA;NA;NA;NA;1;NA
29;"BA";2922730;"292273";"Nova Fátima";"Não";"-";"Pedestres";NA;NA;1;NA;NA;NA;NA;NA;NA;NA;NA;NA;NA;NA;1;NA;NA;NA;NA;NA;NA;NA;NA;NA;NA
29;"BA";2922755;"292275";"Nova Ibiá";"Não";"-";"Pedestres";NA;NA;NA;NA;NA;1;NA;NA;NA;NA;NA;NA;NA;NA;NA;NA;NA;NA;NA;NA;NA;NA;NA;NA;NA
29;"BA";2922805;"292280";"Nova Itarana";"Não";"-";"Pedestres";NA;1;1;NA;NA;NA;NA;NA;NA;NA;NA;NA;NA;NA;NA;NA;NA;NA;NA;NA;NA;NA;NA;NA;NA
29;"BA";2922854;"292285";"Nova Redenção";"Não";"-";"Pedestres";NA;NA;1;NA;NA;NA;NA;NA;NA;NA;NA;NA;NA;NA;NA;NA;NA;NA;NA;NA;NA;NA;NA;NA;NA
29;"BA";2922904;"292290";"Nova Soure";"Não";"-";"Pedestres";NA;NA;1;NA;NA;1;1;NA;NA;NA;NA;NA;NA;NA;2;NA;1;NA;NA;1;1;1;NA;3;NA
29;"BA";2923001;"292300";"Nova Viçosa";"Não";"-";"Pedestres";4;1;1;1;4;1;1;2;1;1;NA;NA;1;1;2;1;NA;1;1;4;NA;1;NA;1;NA
29;"BA";2923035;"292303";"Novo Horizonte";"Não";"-";"Pedestres";NA;NA;NA;NA;NA;NA;NA;NA;NA;NA;NA;NA;NA;NA;NA;NA;NA;1;NA;2;NA;NA;NA;NA;NA
29;"BA";2923100;"292310";"Olindina";"Não";"-";"Pedestres";NA;NA;NA;2;NA;NA;1;1;2;1;NA;1;1;1;2;1;NA;NA;1;NA;1;NA;NA;NA;NA
29;"BA";2923209;"292320";"Oliveira dos Brejinhos";"Não";"-";"Pedestres";NA;NA;NA;NA;1;NA;NA;NA;NA;NA;NA;NA;NA;NA;NA;NA;NA;NA;NA;NA;1;NA;NA;NA;NA
29;"BA";2923308;"292330";"Ouriçangas";"Não";"-";"Pedestres";NA;NA;NA;NA;NA;NA;NA;NA;NA;NA;NA;NA;NA;NA;NA;NA;1;NA;NA;NA;NA;NA;NA;1;NA
29;"BA";2923357;"292335";"Ourolândia";"Não";"-";"Pedestres";NA;NA;2;NA;NA;NA;1;NA;NA;NA;NA;1;NA;NA;NA;NA;NA;NA;NA;NA;NA;NA;NA;NA;NA
29;"BA";2923407;"292340";"Palmas de Monte Alto";"Não";"-";"Pedestres";NA;NA;NA;NA;NA;NA;NA;NA;NA;NA;NA;NA;NA;NA;3;NA;NA;NA;NA;1;NA;1;NA;NA;NA
29;"BA";2923506;"292350";"Palmeiras";"Não";"-";"Pedestres";NA;NA;NA;NA;NA;NA;NA;1;1;NA;NA;NA;NA;NA;NA;NA;NA;NA;NA;NA;NA;NA;NA;NA;NA
29;"BA";2923605;"292360";"Paramirim";"Não";"-";"Pedestres";NA;NA;NA;NA;NA;NA;NA;NA;2;1;NA;NA;NA;1;NA;NA;NA;2;NA;NA;1;NA;NA;1;NA
29;"BA";2923704;"292370";"Paratinga";"Não";"-";"Pedestres";NA;NA;NA;1;NA;NA;NA;NA;NA;NA;1;NA;1;NA;NA;NA;NA;NA;1;NA;NA;NA;2;NA;NA
29;"BA";2923803;"292380";"Paripiranga";"Não";"-";"Pedestres";NA;1;1;NA;NA;NA;NA;NA;NA;1;NA;NA;1;NA;NA;NA;NA;NA;2;NA;1;1;2;NA;NA
29;"BA";2923902;"292390";"Pau Brasil";"Não";"-";"Pedestres";NA;NA;NA;NA;NA;NA;NA;NA;NA;NA;NA;NA;NA;NA;1;NA;NA;NA;NA;NA;NA;NA;NA;NA;NA
29;"BA";2924009;"292400";"Paulo Afonso";"Não";"-";"Pedestres";NA;1;NA;NA;NA;1;2;2;2;NA;NA;1;1;2;2;1;NA;NA;NA;NA;1;NA;NA;NA;NA
29;"BA";2924058;"292405";"Pé de Serra";"Não";"-";"Pedestres";NA;NA;1;NA;NA;NA;NA;NA;NA;NA;NA;NA;NA;NA;NA;1;NA;NA;NA;NA;NA;NA;NA;NA;NA
29;"BA";2924207;"292420";"Pedro Alexandre";"Não";"-";"Pedestres";NA;NA;1;NA;NA;NA;NA;NA;NA;NA;NA;1;NA;NA;NA;NA;NA;NA;NA;NA;NA;NA;NA;NA;NA
29;"BA";2924306;"292430";"Piatã";"Não";"-";"Pedestres";NA;NA;NA;NA;NA;1;NA;NA;NA;NA;1;NA;NA;NA;NA;NA;1;NA;1;NA;NA;NA;NA;NA;NA
29;"BA";2924405;"292440";"Pilão Arcado";"Não";"-";"Pedestres";NA;NA;NA;NA;NA;NA;NA;2;NA;1;NA;NA;NA;NA;NA;NA;NA;NA;NA;NA;NA;NA;NA;NA;NA
29;"BA";2924504;"292450";"Pindaí";"Não";"-";"Pedestres";NA;NA;NA;NA;NA;NA;NA;NA;NA;NA;NA;NA;NA;NA;NA;NA;NA;NA;NA;NA;1;1;2;NA;NA
29;"BA";2924603;"292460";"Pindobaçu";"Não";"-";"Pedestres";NA;NA;NA;1;NA;NA;NA;NA;NA;NA;NA;NA;1;1;NA;1;NA;NA;NA;NA;NA;NA;NA;NA;NA
29;"BA";2924652;"292465";"Pintadas";"Não";"-";"Pedestres";NA;NA;NA;NA;NA;NA;NA;1;NA;NA;NA;NA;NA;NA;NA;NA;NA;NA;NA;NA;NA;NA;NA;NA;NA
29;"BA";2924678;"292467";"Piraí do Norte";"Não";"-";"Pedestres";NA;NA;NA;NA;NA;NA;NA;NA;NA;NA;NA;NA;1;NA;NA;NA;NA;NA;NA;1;NA;NA;1;NA;NA
29;"BA";2924702;"292470";"Piripá";"Não";"-";"Pedestres";NA;1;NA;1;NA;NA;NA;NA;1;NA;NA;NA;NA;NA;NA;NA;NA;NA;NA;NA;NA;NA;NA;NA;NA
29;"BA";2924801;"292480";"Piritiba";"Não";"-";"Pedestres";NA;NA;NA;1;NA;1;1;NA;NA;NA;1;NA;NA;NA;NA;1;NA;1;NA;NA;NA;NA;NA;1;NA
29;"BA";2924900;"292490";"Planaltino";"Não";"-";"Pedestres";NA;NA;NA;NA;NA;NA;NA;1;NA;1;NA;NA;NA;NA;NA;NA;NA;NA;NA;NA;NA;NA;1;NA;NA
29;"BA";2925006;"292500";"Planalto";"Não";"-";"Pedestres";NA;1;1;1;NA;3;NA;NA;NA;NA;1;NA;NA;2;1;1;1;1;NA;NA;1;1;2;1;NA
29;"BA";2925105;"292510";"Poções";"Não";"-";"Pedestres";NA;1;3;3;NA;1;2;NA;NA;1;NA;1;1;NA;3;1;NA;NA;3;1;1;1;1;1;NA
29;"BA";2925204;"292520";"Pojuca";"Não";"Região Metropolitana de Salvador";"Pedestres";NA;1;2;NA;2;NA;NA;2;NA;NA;1;5;1;1;1;NA;1;NA;1;NA;1;NA;1;NA;NA
29;"BA";2925253;"292525";"Ponto Novo";"Não";"-";"Pedestres";NA;NA;1;NA;NA;NA;NA;NA;NA;1;NA;NA;1;1;NA;1;NA;NA;NA;NA;NA;NA;1;NA;NA
29;"BA";2925303;"292530";"Porto Seguro";"Não";"-";"Pedestres";6;3;3;10;7;7;11;7;8;2;1;NA;4;1;1;1;2;6;2;3;5;1;2;2;NA
29;"BA";2925402;"292540";"Potiraguá";"Não";"-";"Pedestres";NA;NA;NA;NA;NA;NA;NA;NA;NA;NA;NA;NA;1;NA;NA;NA;1;NA;NA;NA;NA;NA;NA;NA;NA
29;"BA";2925501;"292550";"Prado";"Não";"-";"Pedestres";NA;1;2;2;2;3;1;NA;1;1;1;2;NA;NA;NA;NA;1;NA;1;NA;NA;NA;NA;1;NA
29;"BA";2925600;"292560";"Presidente Dutra";"Não";"-";"Pedestres";NA;NA;NA;NA;NA;NA;NA;NA;NA;NA;NA;NA;NA;NA;NA;1;NA;NA;NA;NA;1;NA;NA;1;NA
29;"BA";2925758;"292575";"Presidente Tancredo Neves";"Não";"-";"Pedestres";NA;1;NA;2;NA;3;NA;1;NA;1;4;4;3;2;3;2;3;1;NA;2;1;NA;1;NA;NA
29;"BA";2925808;"292580";"Queimadas";"Não";"-";"Pedestres";NA;1;NA;NA;1;NA;NA;NA;NA;NA;NA;NA;NA;1;1;NA;NA;1;NA;NA;NA;NA;NA;NA;NA
29;"BA";2925907;"292590";"Quijingue";"Não";"-";"Pedestres";NA;NA;NA;NA;NA;NA;NA;NA;1;NA;NA;NA;NA;NA;NA;NA;NA;NA;NA;NA;NA;NA;NA;NA;NA
29;"BA";2925931;"292593";"Quixabeira";"Não";"-";"Pedestres";NA;NA;NA;NA;NA;NA;NA;NA;NA;NA;NA;NA;NA;NA;NA;NA;1;NA;NA;NA;NA;NA;NA;NA;NA
29;"BA";2925956;"292595";"Rafael Jambeiro";"Não";"-";"Pedestres";NA;NA;NA;NA;NA;NA;NA;NA;NA;NA;NA;NA;NA;NA;NA;NA;NA;NA;NA;NA;NA;NA;NA;NA;NA
29;"BA";2926004;"292600";"Remanso";"Não";"-";"Pedestres";4;NA;NA;3;NA;1;NA;1;1;2;1;NA;NA;NA;1;NA;NA;NA;NA;NA;NA;1;NA;NA;NA
29;"BA";2926103;"292610";"Retirolândia";"Não";"-";"Pedestres";NA;1;1;NA;NA;NA;NA;NA;NA;NA;NA;NA;NA;NA;NA;NA;NA;NA;NA;NA;NA;NA;NA;1;NA
29;"BA";2926202;"292620";"Riachão das Neves";"Não";"-";"Pedestres";NA;NA;NA;NA;NA;NA;NA;NA;NA;NA;NA;NA;NA;NA;NA;NA;NA;NA;2;NA;1;1;NA;1;NA
29;"BA";2926301;"292630";"Riachão do Jacuípe";"Não";"Área de Expansão Metropolitana";"Pedestres";NA;NA;NA;NA;NA;1;NA;NA;NA;NA;NA;NA;1;NA;NA;NA;NA;1;NA;NA;1;NA;NA;NA;NA
29;"BA";2926400;"292640";"Riacho de Santana";"Não";"-";"Pedestres";1;NA;NA;NA;NA;NA;NA;NA;NA;NA;1;NA;NA;1;NA;NA;NA;NA;NA;NA;NA;NA;NA;NA;NA
29;"BA";2926509;"292650";"Ribeira do Amparo";"Não";"-";"Pedestres";NA;NA;2;NA;1;NA;NA;NA;NA;1;NA;NA;1;NA;1;NA;NA;NA;1;NA;NA;NA;NA;NA;NA
29;"BA";2926608;"292660";"Ribeira do Pombal";"Não";"-";"Pedestres";NA;NA;1;2;NA;NA;1;NA;1;4;2;NA;3;NA;2;1;3;1;4;3;1;2;2;2;NA
29;"BA";2926707;"292670";"Rio de Contas";"Não";"-";"Pedestres";NA;NA;NA;NA;NA;NA;NA;NA;NA;NA;1;NA;NA;NA;NA;NA;NA;NA;NA;NA;NA;NA;NA;NA;NA
29;"BA";2926806;"292680";"Rio do Antônio";"Não";"-";"Pedestres";NA;NA;2;NA;NA;NA;1;NA;NA;NA;NA;NA;NA;NA;NA;NA;NA;NA;NA;NA;1;NA;NA;NA;NA
29;"BA";2926905;"292690";"Rio do Pires";"Não";"-";"Pedestres";NA;NA;NA;NA;NA;NA;NA;NA;NA;NA;NA;NA;NA;NA;NA;NA;NA;NA;NA;NA;1;NA;NA;NA;NA
29;"BA";2927002;"292700";"Rio Real";"Não";"-";"Pedestres";1;NA;2;2;2;1;NA;NA;2;NA;NA;1;1;1;4;2;1;1;1;NA;NA;1;NA;NA;NA
29;"BA";2927101;"292710";"Rodelas";"Não";"-";"Pedestres";NA;NA;NA;NA;NA;NA;NA;NA;NA;NA;NA;NA;NA;NA;NA;NA;NA;NA;NA;NA;NA;NA;1;NA;NA
29;"BA";2927200;"292720";"Ruy Barbosa";"Não";"-";"Pedestres";NA;NA;1;NA;NA;NA;NA;NA;3;1;NA;NA;NA;NA;NA;NA;NA;NA;NA;NA;1;NA;NA;NA;NA
29;"BA";2927309;"292730";"Salinas da Margarida";"Não";"-";"Pedestres";NA;NA;NA;NA;NA;NA;NA;2;NA;NA;2;1;1;NA;NA;NA;1;NA;1;NA;NA;NA;NA;NA;NA
29;"BA";2927408;"292740";"Salvador";"Sim";"Região Metropolitana de Salvador";"Pedestres";27;54;70;77;49;168;165;146;49;55;158;136;139;104;108;95;72;63;54;44;48;36;40;30;NA
29;"BA";2927507;"292750";"Santa Bárbara";"Não";"Área de Expansão Metropolitana";"Pedestres";2;NA;NA;NA;NA;NA;NA;NA;1;NA;3;1;NA;NA;NA;1;NA;NA;NA;NA;NA;NA;NA;NA;NA
29;"BA";2927606;"292760";"Santa Brígida";"Não";"-";"Pedestres";NA;NA;NA;NA;NA;NA;NA;1;NA;NA;NA;NA;NA;NA;NA;NA;NA;NA;NA;NA;NA;NA;NA;NA;NA
29;"BA";2927705;"292770";"Santa Cruz Cabrália";"Não";"-";"Pedestres";NA;NA;1;NA;1;NA;NA;2;1;NA;NA;NA;NA;1;NA;NA;NA;1;NA;NA;NA;NA;NA;NA;NA
29;"BA";2927804;"292780";"Santa Cruz da Vitória";"Não";"-";"Pedestres";NA;NA;NA;NA;2;NA;NA;NA;NA;NA;NA;NA;NA;1;NA;NA;NA;NA;NA;NA;NA;NA;NA;NA;NA
29;"BA";2927903;"292790";"Santa Inês";"Não";"-";"Pedestres";NA;NA;NA;NA;NA;NA;NA;NA;NA;NA;NA;NA;NA;NA;NA;NA;NA;NA;NA;NA;NA;NA;NA;NA;NA
29;"BA";2928000;"292800";"Santaluz";"Não";"-";"Pedestres";NA;NA;NA;NA;NA;NA;NA;1;NA;NA;NA;1;NA;NA;NA;NA;NA;NA;NA;NA;NA;NA;NA;NA;NA
29;"BA";2928059;"292805";"Santa Luzia";"Não";"-";"Pedestres";NA;NA;NA;NA;1;NA;1;NA;NA;NA;NA;2;NA;NA;1;NA;1;1;1;NA;NA;NA;NA;NA;NA
29;"BA";2928109;"292810";"Santa Maria da Vitória";"Não";"-";"Pedestres";NA;NA;2;NA;2;NA;NA;2;NA;NA;NA;NA;2;NA;NA;1;NA;NA;NA;1;NA;NA;1;NA;NA
29;"BA";2928208;"292820";"Santana";"Não";"-";"Pedestres";NA;NA;NA;NA;NA;NA;NA;NA;NA;NA;NA;NA;NA;NA;NA;1;NA;NA;NA;NA;NA;NA;NA;NA;NA
29;"BA";2928307;"292830";"Santanópolis";"Não";"Área de Expansão Metropolitana";"Pedestres";NA;NA;1;NA;NA;NA;NA;NA;NA;NA;NA;NA;NA;NA;NA;NA;NA;NA;NA;NA;NA;NA;NA;NA;NA
29;"BA";2928406;"292840";"Santa Rita de Cássia";"Não";"-";"Pedestres";NA;NA;NA;NA;NA;NA;NA;NA;NA;NA;NA;NA;NA;NA;NA;NA;NA;NA;NA;NA;1;1;1;NA;NA
29;"BA";2928505;"292850";"Santa Terezinha";"Não";"-";"Pedestres";NA;1;NA;NA;NA;NA;NA;2;1;2;1;NA;NA;1;NA;NA;NA;1;NA;NA;NA;NA;2;1;NA
29;"BA";2928604;"292860";"Santo Amaro";"Não";"-";"Pedestres";NA;NA;NA;1;1;3;1;3;NA;2;NA;NA;2;NA;NA;NA;NA;NA;NA;1;1;2;NA;NA;NA
29;"BA";2928703;"292870";"Santo Antônio de Jesus";"Não";"-";"Pedestres";2;NA;3;2;NA;2;6;NA;NA;6;8;4;13;1;7;8;4;2;3;3;4;4;10;3;NA
29;"BA";2928802;"292880";"Santo Estêvão";"Não";"-";"Pedestres";NA;2;2;NA;NA;NA;NA;2;NA;1;2;NA;NA;NA;NA;NA;NA;1;1;NA;NA;NA;NA;NA;NA
29;"BA";2928901;"292890";"São Desidério";"Não";"-";"Pedestres";NA;2;NA;NA;1;NA;NA;NA;NA;NA;NA;NA;NA;NA;NA;NA;NA;NA;NA;1;2;1;1;NA;NA
29;"BA";2928950;"292895";"São Domingos";"Não";"-";"Pedestres";NA;NA;NA;NA;NA;NA;NA;NA;NA;NA;NA;NA;NA;NA;NA;NA;NA;NA;NA;NA;NA;NA;NA;NA;NA
29;"BA";2929008;"292900";"São Félix";"Não";"-";"Pedestres";NA;NA;NA;NA;NA;NA;NA;NA;NA;NA;NA;NA;NA;NA;NA;NA;NA;NA;NA;NA;1;NA;NA;NA;NA
29;"BA";2929057;"292905";"São Félix do Coribe";"Não";"-";"Pedestres";NA;NA;NA;NA;NA;NA;NA;NA;NA;NA;NA;1;NA;NA;NA;NA;NA;NA;1;NA;NA;NA;NA;NA;NA
29;"BA";2929107;"292910";"São Felipe";"Não";"-";"Pedestres";NA;1;NA;NA;NA;NA;NA;NA;NA;NA;NA;NA;NA;NA;NA;NA;NA;NA;NA;NA;NA;NA;NA;NA;NA
29;"BA";2929206;"292920";"São Francisco do Conde";"Não";"Região Metropolitana de Salvador";"Pedestres";NA;NA;NA;NA;NA;1;NA;NA;NA;NA;NA;1;NA;NA;NA;NA;NA;NA;NA;NA;NA;NA;NA;NA;NA
29;"BA";2929255;"292925";"São Gabriel";"Não";"-";"Pedestres";NA;NA;NA;NA;NA;NA;NA;1;2;NA;NA;NA;NA;NA;NA;NA;NA;NA;NA;NA;NA;NA;NA;NA;NA
29;"BA";2929305;"292930";"São Gonçalo dos Campos";"Não";"Região Metropolitana de Feira de Santana";"Pedestres";NA;1;1;NA;NA;NA;NA;1;NA;NA;NA;NA;NA;NA;NA;NA;NA;NA;NA;NA;NA;1;NA;NA;NA
29;"BA";2929354;"292935";"São José da Vitória";"Não";"-";"Pedestres";NA;NA;1;NA;NA;1;NA;2;NA;1;1;1;1;1;1;NA;NA;NA;NA;NA;NA;NA;NA;1;NA
29;"BA";2929370;"292937";"São José do Jacuípe";"Não";"-";"Pedestres";NA;2;NA;NA;NA;NA;NA;NA;1;NA;NA;NA;NA;NA;NA;NA;NA;2;1;NA;NA;NA;NA;NA;NA
29;"BA";2929404;"292940";"São Miguel das Matas";"Não";"-";"Pedestres";NA;NA;NA;NA;NA;NA;NA;NA;NA;NA;NA;NA;NA;1;NA;NA;NA;NA;NA;NA;NA;NA;NA;1;NA
29;"BA";2929503;"292950";"São Sebastião do Passé";"Não";"Região Metropolitana de Salvador";"Pedestres";1;NA;NA;1;1;3;NA;1;NA;NA;6;4;2;1;5;1;2;NA;NA;NA;NA;NA;NA;1;NA
29;"BA";2929602;"292960";"Sapeaçu";"Não";"-";"Pedestres";NA;NA;NA;NA;NA;NA;1;NA;1;1;NA;NA;NA;2;1;NA;NA;NA;NA;NA;1;NA;NA;1;NA
29;"BA";2929701;"292970";"Sátiro Dias";"Não";"-";"Pedestres";NA;NA;1;NA;NA;NA;NA;NA;NA;NA;NA;NA;NA;NA;NA;1;NA;NA;1;NA;NA;NA;NA;1;NA
29;"BA";2929750;"292975";"Saubara";"Não";"-";"Pedestres";NA;NA;NA;1;NA;NA;NA;NA;NA;NA;NA;NA;NA;NA;NA;NA;NA;1;NA;NA;NA;NA;NA;NA;NA
29;"BA";2929800;"292980";"Saúde";"Não";"-";"Pedestres";NA;NA;NA;1;NA;3;1;1;1;NA;1;NA;NA;NA;NA;NA;NA;NA;NA;NA;NA;NA;NA;NA;NA
29;"BA";2929909;"292990";"Seabra";"Não";"-";"Pedestres";2;1;NA;2;NA;NA;NA;NA;NA;1;NA;NA;NA;1;NA;NA;NA;1;1;4;1;3;1;1;NA
29;"BA";2930006;"293000";"Sebastião Laranjeiras";"Não";"-";"Pedestres";NA;NA;NA;NA;NA;NA;NA;NA;NA;NA;NA;NA;NA;NA;NA;NA;NA;NA;NA;NA;NA;NA;NA;NA;NA
29;"BA";2930105;"293010";"Senhor do Bonfim";"Não";"-";"Pedestres";1;3;2;NA;NA;NA;NA;NA;1;1;1;NA;1;3;6;6;3;NA;NA;1;1;2;1;4;NA
29;"BA";2930154;"293015";"Serra do Ramalho";"Não";"-";"Pedestres";NA;NA;NA;NA;NA;NA;1;NA;NA;1;1;1;NA;NA;NA;NA;NA;NA;NA;NA;NA;NA;NA;1;NA
29;"BA";2930204;"293020";"Sento Sé";"Não";"-";"Pedestres";2;1;NA;NA;NA;NA;NA;NA;NA;NA;NA;1;NA;NA;NA;NA;NA;NA;1;NA;1;1;NA;NA;NA
29;"BA";2930303;"293030";"Serra Dourada";"Não";"-";"Pedestres";NA;NA;NA;NA;NA;NA;NA;NA;NA;1;1;NA;NA;NA;NA;NA;NA;NA;NA;NA;NA;NA;NA;NA;NA
29;"BA";2930402;"293040";"Serra Preta";"Não";"Área de Expansão Metropolitana";"Pedestres";NA;1;NA;NA;NA;NA;NA;NA;1;NA;NA;NA;NA;NA;NA;NA;NA;NA;NA;NA;NA;NA;NA;NA;NA
29;"BA";2930501;"293050";"Serrinha";"Não";"-";"Pedestres";1;NA;NA;NA;NA;NA;NA;1;1;NA;1;NA;2;NA;NA;NA;NA;1;1;NA;NA;NA;NA;1;NA
29;"BA";2930600;"293060";"Serrolândia";"Não";"-";"Pedestres";NA;NA;NA;NA;NA;NA;NA;NA;NA;NA;NA;NA;NA;NA;NA;NA;NA;NA;1;NA;NA;NA;NA;NA;NA
29;"BA";2930709;"293070";"Simões Filho";"Não";"Região Metropolitana de Salvador";"Pedestres";NA;4;4;2;1;5;3;2;1;1;8;9;6;5;6;1;3;1;1;3;1;1;1;NA;NA
29;"BA";2930758;"293075";"Sítio do Mato";"Não";"-";"Pedestres";NA;NA;NA;NA;NA;NA;NA;1;NA;NA;NA;NA;1;NA;NA;NA;NA;NA;NA;NA;NA;NA;1;NA;NA
29;"BA";2930766;"293076";"Sítio do Quinto";"Não";"-";"Pedestres";NA;NA;NA;NA;NA;NA;NA;NA;NA;NA;NA;NA;NA;NA;NA;NA;NA;NA;NA;NA;NA;NA;NA;1;NA
29;"BA";2930774;"293077";"Sobradinho";"Não";"Região Administrativa Integrada de Desenvolvimento do Polo Petrolina/PE e Juazeiro/BA";"Pedestres";NA;NA;NA;NA;NA;1;2;NA;NA;NA;NA;NA;NA;NA;NA;1;NA;1;1;NA;NA;1;NA;2;NA
29;"BA";2930808;"293080";"Souto Soares";"Não";"-";"Pedestres";1;1;NA;1;NA;NA;NA;NA;1;NA;NA;1;2;NA;1;2;NA;NA;NA;NA;NA;NA;NA;NA;NA
29;"BA";2931004;"293100";"Tanhaçu";"Não";"-";"Pedestres";NA;NA;NA;NA;NA;NA;1;NA;NA;1;NA;1;NA;1;NA;1;1;2;NA;1;NA;NA;NA;2;NA
29;"BA";2931053;"293105";"Tanque Novo";"Não";"-";"Pedestres";NA;NA;NA;NA;NA;1;NA;NA;NA;NA;NA;NA;NA;NA;NA;NA;2;NA;NA;NA;NA;NA;NA;NA;NA
29;"BA";2931103;"293110";"Tanquinho";"Não";"Região Metropolitana de Feira de Santana";"Pedestres";1;NA;NA;NA;NA;NA;NA;NA;NA;NA;NA;NA;NA;NA;NA;NA;NA;NA;NA;NA;NA;NA;NA;NA;NA
29;"BA";2931202;"293120";"Taperoá";"Não";"-";"Pedestres";NA;NA;NA;NA;NA;NA;NA;1;NA;NA;NA;1;NA;NA;2;NA;1;NA;NA;NA;NA;NA;NA;NA;NA
29;"BA";2931301;"293130";"Tapiramutá";"Não";"-";"Pedestres";NA;NA;NA;NA;1;NA;NA;1;NA;NA;NA;NA;NA;NA;NA;NA;NA;NA;NA;2;NA;NA;NA;1;NA
29;"BA";2931350;"293135";"Teixeira de Freitas";"Não";"-";"Pedestres";5;NA;3;9;NA;6;7;6;6;7;3;3;4;5;8;3;6;3;3;3;6;2;1;4;NA
29;"BA";2931400;"293140";"Teodoro Sampaio";"Não";"-";"Pedestres";NA;NA;NA;NA;NA;NA;NA;NA;1;NA;NA;NA;NA;NA;NA;NA;NA;NA;NA;NA;NA;NA;NA;NA;NA
29;"BA";2931509;"293150";"Teofilândia";"Não";"-";"Pedestres";NA;NA;NA;NA;NA;NA;NA;NA;NA;1;NA;NA;NA;NA;NA;NA;1;NA;NA;NA;NA;NA;NA;NA;NA
29;"BA";2931608;"293160";"Teolândia";"Não";"-";"Pedestres";1;1;NA;NA;2;NA;NA;NA;NA;NA;NA;NA;1;1;1;1;NA;NA;2;NA;2;NA;NA;2;NA
29;"BA";2931707;"293170";"Terra Nova";"Não";"-";"Pedestres";NA;NA;NA;NA;NA;NA;NA;NA;NA;NA;NA;1;NA;NA;NA;NA;NA;NA;NA;NA;NA;NA;NA;NA;NA
29;"BA";2931806;"293180";"Tremedal";"Não";"-";"Pedestres";NA;NA;NA;NA;NA;NA;NA;NA;NA;NA;NA;NA;1;NA;NA;NA;NA;NA;NA;NA;NA;NA;NA;NA;NA
29;"BA";2931905;"293190";"Tucano";"Não";"-";"Pedestres";2;NA;NA;NA;1;NA;NA;NA;NA;1;NA;NA;1;NA;1;NA;2;3;2;4;2;3;2;NA;NA
29;"BA";2932002;"293200";"Uauá";"Não";"-";"Pedestres";NA;NA;NA;NA;NA;NA;NA;NA;NA;NA;NA;NA;NA;NA;NA;1;NA;1;NA;1;NA;NA;NA;NA;NA
29;"BA";2932101;"293210";"Ubaíra";"Não";"-";"Pedestres";NA;NA;NA;NA;NA;NA;NA;NA;NA;NA;NA;NA;NA;2;NA;NA;NA;1;NA;NA;NA;NA;NA;NA;NA
29;"BA";2932200;"293220";"Ubaitaba";"Não";"-";"Pedestres";2;NA;2;1;1;1;NA;NA;1;2;NA;NA;1;NA;1;1;NA;NA;NA;NA;NA;1;NA;NA;NA
29;"BA";2932309;"293230";"Ubatã";"Não";"-";"Pedestres";NA;1;NA;NA;NA;NA;NA;NA;NA;NA;NA;NA;NA;NA;NA;NA;NA;NA;NA;NA;NA;NA;NA;NA;NA
29;"BA";2932408;"293240";"Uibaí";"Não";"-";"Pedestres";NA;NA;NA;NA;1;NA;NA;NA;NA;1;NA;NA;NA;2;1;NA;NA;NA;NA;NA;NA;NA;NA;NA;NA
29;"BA";2932457;"293245";"Umburanas";"Não";"-";"Pedestres";NA;NA;NA;NA;NA;NA;NA;NA;NA;NA;1;NA;NA;NA;NA;NA;NA;NA;NA;NA;NA;NA;NA;NA;NA
29;"BA";2932507;"293250";"Una";"Não";"-";"Pedestres";NA;2;1;NA;NA;NA;NA;NA;NA;NA;NA;NA;NA;NA;1;NA;NA;NA;NA;1;NA;NA;1;NA;NA
29;"BA";2932606;"293260";"Urandi";"Não";"-";"Pedestres";NA;NA;2;NA;NA;NA;NA;1;NA;NA;NA;1;2;NA;NA;NA;1;NA;1;NA;NA;NA;NA;NA;NA
29;"BA";2932705;"293270";"Uruçuca";"Não";"-";"Pedestres";NA;NA;1;1;NA;1;NA;1;2;2;3;1;NA;NA;NA;NA;1;NA;NA;NA;NA;1;NA;1;NA
29;"BA";2932804;"293280";"Utinga";"Não";"-";"Pedestres";NA;1;NA;NA;1;1;NA;NA;NA;NA;NA;NA;NA;NA;NA;1;NA;NA;1;1;NA;NA;NA;NA;NA
29;"BA";2932903;"293290";"Valença";"Não";"-";"Pedestres";1;2;4;3;3;2;3;5;6;1;11;5;5;4;6;2;2;3;3;NA;4;1;1;6;NA
29;"BA";2933000;"293300";"Valente";"Não";"-";"Pedestres";NA;NA;NA;NA;NA;NA;NA;NA;NA;1;NA;NA;NA;NA;NA;NA;NA;NA;NA;NA;NA;NA;NA;NA;NA
29;"BA";2933059;"293305";"Várzea da Roça";"Não";"-";"Pedestres";NA;NA;1;NA;NA;NA;NA;NA;NA;NA;NA;NA;NA;NA;NA;NA;NA;NA;NA;NA;NA;NA;NA;NA;NA
29;"BA";2933158;"293315";"Várzea Nova";"Não";"-";"Pedestres";NA;NA;NA;NA;NA;1;NA;NA;NA;NA;NA;NA;NA;NA;NA;NA;NA;NA;NA;NA;NA;NA;NA;NA;NA
29;"BA";2933174;"293317";"Varzedo";"Não";"-";"Pedestres";NA;NA;NA;NA;NA;NA;NA;NA;1;NA;NA;NA;1;NA;NA;NA;NA;NA;NA;NA;NA;NA;NA;NA;NA
29;"BA";2933208;"293320";"Vera Cruz";"Não";"Região Metropolitana de Salvador";"Pedestres";NA;1;NA;NA;NA;3;3;1;1;6;3;5;3;1;NA;NA;1;4;NA;1;1;5;NA;NA;NA
29;"BA";2933307;"293330";"Vitória da Conquista";"Não";"-";"Pedestres";10;20;15;11;10;11;15;8;6;12;16;19;17;17;15;17;14;11;13;21;11;15;15;8;NA
29;"BA";2933406;"293340";"Wagner";"Não";"-";"Pedestres";1;NA;NA;NA;NA;NA;NA;1;NA;NA;NA;NA;NA;NA;NA;NA;NA;NA;NA;2;NA;NA;NA;NA;NA
29;"BA";2933505;"293350";"Wenceslau Guimarães";"Não";"-";"Pedestres";NA;NA;NA;NA;1;1;NA;2;NA;NA;2;2;6;3;1;NA;2;2;1;1;NA;NA;NA;NA;NA
29;"BA";2933604;"293360";"Xique-Xique";"Não";"-";"Pedestres";NA;NA;NA;NA;NA;NA;NA;1;NA;NA;NA;NA;NA;1;1;NA;NA;2;1;NA;1;1;NA;1;NA
31;"MG";3100104;"310010";"Abadia dos Dourados";"Não";"-";"Pedestres";NA;NA;NA;NA;1;1;NA;NA;NA;NA;NA;NA;NA;NA;NA;NA;NA;NA;NA;NA;NA;NA;NA;NA;NA
31;"MG";3100203;"310020";"Abaeté";"Não";"-";"Pedestres";NA;NA;NA;NA;NA;NA;NA;NA;NA;NA;NA;NA;NA;NA;NA;NA;NA;NA;NA;NA;NA;NA;NA;NA;NA
31;"MG";3100302;"310030";"Abre Campo";"Não";"-";"Pedestres";NA;NA;NA;1;1;NA;NA;NA;1;NA;NA;NA;NA;NA;NA;NA;NA;NA;NA;NA;NA;NA;NA;2;NA
31;"MG";3100401;"310040";"Acaiaca";"Não";"-";"Pedestres";NA;NA;NA;1;NA;NA;NA;NA;1;NA;NA;NA;NA;1;NA;NA;NA;NA;NA;NA;NA;NA;NA;NA;NA
31;"MG";3100500;"310050";"Açucena";"Não";"Colar Metropolitano";"Pedestres";NA;NA;NA;NA;NA;NA;NA;NA;NA;NA;NA;NA;NA;NA;NA;NA;NA;NA;NA;NA;NA;NA;NA;NA;NA
31;"MG";3100609;"310060";"Água Boa";"Não";"-";"Pedestres";NA;NA;NA;NA;NA;NA;1;NA;NA;NA;NA;NA;NA;NA;NA;NA;NA;NA;NA;NA;NA;NA;NA;NA;NA
31;"MG";3100807;"310080";"Aguanil";"Não";"-";"Pedestres";NA;NA;NA;NA;NA;NA;NA;NA;NA;NA;NA;NA;NA;NA;NA;NA;NA;NA;NA;NA;NA;NA;NA;NA;NA
31;"MG";3100906;"310090";"Águas Formosas";"Não";"-";"Pedestres";NA;NA;NA;NA;NA;NA;1;NA;NA;NA;NA;NA;NA;1;NA;NA;NA;NA;1;1;NA;1;NA;NA;NA
31;"MG";3101003;"310100";"Águas Vermelhas";"Não";"-";"Pedestres";NA;NA;NA;NA;NA;NA;NA;NA;NA;NA;NA;NA;NA;NA;NA;NA;NA;1;NA;NA;NA;NA;NA;NA;NA
31;"MG";3101102;"310110";"Aimorés";"Não";"-";"Pedestres";NA;NA;NA;NA;2;NA;NA;NA;NA;NA;NA;NA;1;NA;NA;NA;NA;NA;NA;2;NA;2;NA;NA;NA
31;"MG";3101201;"310120";"Aiuruoca";"Não";"-";"Pedestres";NA;NA;NA;NA;NA;NA;NA;NA;NA;NA;1;NA;NA;NA;NA;NA;NA;NA;NA;NA;NA;NA;NA;NA;NA
31;"MG";3101508;"310150";"Além Paraíba";"Não";"-";"Pedestres";2;1;NA;2;NA;1;NA;NA;NA;NA;NA;NA;NA;NA;NA;NA;NA;NA;2;NA;NA;NA;NA;1;NA
31;"MG";3101607;"310160";"Alfenas";"Não";"-";"Pedestres";NA;1;1;1;5;NA;4;1;1;1;1;1;NA;1;1;1;1;3;NA;1;NA;1;NA;NA;NA
31;"MG";3101631;"310163";"Alfredo Vasconcelos";"Não";"-";"Pedestres";NA;NA;NA;NA;1;NA;NA;NA;NA;NA;2;NA;NA;NA;NA;NA;1;NA;NA;NA;NA;NA;1;NA;NA
31;"MG";3101706;"310170";"Almenara";"Não";"-";"Pedestres";NA;NA;NA;NA;NA;NA;NA;NA;NA;NA;1;2;NA;NA;NA;NA;1;1;NA;NA;NA;1;NA;NA;NA
31;"MG";3101805;"310180";"Alpercata";"Não";"-";"Pedestres";NA;1;NA;NA;NA;NA;1;1;1;NA;NA;1;1;NA;NA;NA;NA;NA;NA;NA;NA;NA;NA;NA;NA
31;"MG";3101904;"310190";"Alpinópolis";"Não";"-";"Pedestres";NA;NA;NA;NA;NA;NA;1;NA;NA;NA;NA;NA;NA;1;1;NA;NA;NA;NA;NA;NA;NA;1;NA;NA
31;"MG";3102001;"310200";"Alterosa";"Não";"-";"Pedestres";NA;NA;NA;NA;NA;NA;NA;NA;NA;NA;NA;NA;NA;NA;NA;NA;NA;NA;NA;NA;NA;NA;1;NA;NA
31;"MG";3102100;"310210";"Alto Rio Doce";"Não";"-";"Pedestres";NA;NA;NA;NA;NA;NA;NA;NA;NA;NA;NA;NA;NA;NA;NA;NA;NA;NA;NA;NA;NA;NA;NA;NA;NA
31;"MG";3102209;"310220";"Alvarenga";"Não";"-";"Pedestres";NA;NA;NA;NA;NA;NA;NA;NA;NA;NA;NA;NA;NA;NA;NA;NA;NA;NA;NA;NA;NA;NA;1;NA;NA
31;"MG";3102308;"310230";"Alvinópolis";"Não";"-";"Pedestres";NA;NA;NA;NA;NA;1;NA;NA;NA;NA;NA;1;NA;NA;1;NA;NA;NA;NA;NA;NA;NA;NA;NA;NA
31;"MG";3102407;"310240";"Alvorada de Minas";"Não";"-";"Pedestres";NA;NA;NA;NA;NA;NA;NA;NA;NA;NA;NA;NA;NA;NA;NA;NA;NA;NA;NA;NA;1;NA;NA;NA;NA
31;"MG";3102506;"310250";"Amparo do Serra";"Não";"-";"Pedestres";NA;NA;NA;NA;NA;NA;1;NA;NA;NA;NA;NA;NA;NA;NA;NA;NA;NA;NA;NA;NA;NA;NA;NA;NA
31;"MG";3102605;"310260";"Andradas";"Não";"-";"Pedestres";NA;NA;NA;NA;NA;NA;NA;NA;NA;NA;NA;NA;NA;NA;NA;NA;NA;NA;1;NA;NA;NA;NA;NA;NA
31;"MG";3102704;"310270";"Cachoeira de Pajeú";"Não";"-";"Pedestres";NA;NA;NA;1;2;NA;NA;NA;NA;NA;NA;NA;NA;NA;NA;NA;NA;1;1;NA;1;NA;NA;1;NA
31;"MG";3102803;"310280";"Andrelândia";"Não";"-";"Pedestres";NA;NA;NA;NA;NA;NA;NA;NA;NA;NA;NA;NA;NA;NA;NA;NA;NA;NA;1;NA;NA;NA;NA;NA;NA
31;"MG";3102852;"310285";"Angelândia";"Não";"-";"Pedestres";NA;NA;NA;NA;NA;1;NA;NA;NA;NA;1;NA;NA;NA;1;NA;NA;NA;1;NA;NA;NA;NA;NA;NA
31;"MG";3102902;"310290";"Antônio Carlos";"Não";"-";"Pedestres";NA;NA;NA;NA;NA;NA;NA;NA;NA;NA;NA;NA;NA;NA;NA;NA;NA;NA;NA;NA;NA;NA;NA;NA;NA
31;"MG";3103009;"310300";"Antônio Dias";"Não";"Colar Metropolitano";"Pedestres";NA;NA;NA;NA;NA;NA;1;NA;1;NA;2;NA;NA;1;NA;NA;NA;NA;NA;1;NA;NA;NA;NA;NA
31;"MG";3103405;"310340";"Araçuaí";"Não";"-";"Pedestres";NA;NA;NA;NA;1;NA;NA;NA;NA;NA;NA;NA;NA;NA;2;NA;NA;1;NA;NA;1;NA;2;NA;NA
31;"MG";3103504;"310350";"Araguari";"Não";"-";"Pedestres";1;NA;NA;NA;NA;1;1;NA;3;1;3;2;3;NA;NA;1;NA;NA;NA;NA;NA;NA;1;2;NA
31;"MG";3103603;"310360";"Arantina";"Não";"-";"Pedestres";NA;NA;NA;NA;NA;NA;NA;NA;NA;NA;NA;NA;NA;NA;NA;NA;NA;NA;NA;NA;NA;NA;NA;NA;NA
31;"MG";3103751;"310375";"Araporã";"Não";"-";"Pedestres";1;NA;1;NA;NA;2;NA;2;NA;NA;NA;NA;1;NA;NA;NA;NA;NA;NA;NA;NA;NA;NA;NA;NA
31;"MG";3103900;"310390";"Araújos";"Não";"-";"Pedestres";NA;NA;NA;NA;NA;NA;NA;NA;NA;NA;NA;NA;NA;NA;NA;NA;NA;NA;NA;NA;NA;NA;NA;NA;NA
31;"MG";3104007;"310400";"Araxá";"Não";"-";"Pedestres";NA;NA;NA;NA;NA;2;NA;1;2;NA;1;2;1;2;2;2;NA;NA;1;1;NA;2;1;1;NA
31;"MG";3104106;"310410";"Arceburgo";"Não";"-";"Pedestres";NA;NA;NA;NA;NA;NA;NA;NA;NA;NA;NA;NA;NA;NA;NA;NA;NA;NA;NA;NA;NA;NA;NA;NA;NA
31;"MG";3104205;"310420";"Arcos";"Não";"-";"Pedestres";NA;NA;1;1;1;NA;NA;NA;NA;2;NA;NA;NA;NA;NA;NA;NA;NA;NA;NA;NA;1;NA;NA;NA
31;"MG";3104304;"310430";"Areado";"Não";"-";"Pedestres";NA;NA;NA;NA;NA;NA;NA;NA;NA;NA;NA;NA;NA;NA;NA;NA;NA;NA;NA;NA;1;NA;NA;NA;NA
31;"MG";3104403;"310440";"Argirita";"Não";"-";"Pedestres";NA;NA;NA;NA;NA;NA;NA;NA;NA;NA;NA;NA;NA;NA;NA;NA;NA;NA;NA;NA;NA;NA;NA;NA;NA
31;"MG";3104502;"310450";"Arinos";"Não";"Região Integrada de Desenvolvimento do Distrito Federal e Entorno";"Pedestres";NA;NA;NA;NA;NA;NA;NA;NA;1;NA;NA;NA;NA;2;1;NA;1;NA;NA;NA;NA;NA;NA;NA;NA
31;"MG";3104601;"310460";"Astolfo Dutra";"Não";"-";"Pedestres";NA;NA;NA;NA;1;1;NA;NA;NA;NA;NA;NA;NA;NA;NA;NA;NA;NA;NA;NA;NA;NA;NA;NA;NA
31;"MG";3104700;"310470";"Ataléia";"Não";"-";"Pedestres";NA;NA;NA;NA;NA;1;1;NA;NA;NA;NA;NA;1;NA;NA;NA;1;NA;NA;NA;NA;NA;NA;NA;NA
31;"MG";3104809;"310480";"Augusto de Lima";"Não";"-";"Pedestres";NA;NA;NA;NA;NA;NA;NA;NA;NA;NA;NA;NA;NA;NA;1;NA;NA;NA;1;NA;1;NA;NA;NA;NA
31;"MG";3104908;"310490";"Baependi";"Não";"-";"Pedestres";NA;NA;NA;NA;NA;1;NA;NA;NA;NA;NA;NA;NA;NA;NA;NA;NA;NA;NA;NA;1;NA;NA;NA;NA
31;"MG";3105103;"310510";"Bambuí";"Não";"-";"Pedestres";NA;NA;NA;1;NA;1;NA;1;NA;1;NA;NA;NA;NA;NA;NA;NA;NA;NA;NA;NA;NA;NA;NA;NA
31;"MG";3105400;"310540";"Barão de Cocais";"Não";"Colar Metropolitano de Belo Horizonte";"Pedestres";NA;NA;1;NA;NA;1;2;NA;NA;NA;1;NA;NA;NA;NA;NA;NA;1;2;NA;1;NA;NA;NA;NA
31;"MG";3105608;"310560";"Barbacena";"Não";"-";"Pedestres";1;5;1;2;4;4;6;5;5;1;1;3;4;8;1;1;6;2;2;4;4;NA;NA;1;NA
31;"MG";3105707;"310570";"Barra Longa";"Não";"-";"Pedestres";NA;NA;NA;NA;NA;NA;NA;1;NA;NA;NA;NA;NA;NA;NA;NA;NA;NA;NA;NA;NA;NA;NA;NA;NA
31;"MG";3105905;"310590";"Barroso";"Não";"-";"Pedestres";NA;NA;NA;NA;NA;NA;NA;NA;NA;NA;1;NA;NA;NA;1;NA;NA;NA;NA;NA;NA;NA;NA;NA;NA
31;"MG";3106002;"310600";"Bela Vista de Minas";"Não";"-";"Pedestres";NA;NA;NA;NA;NA;NA;NA;NA;NA;NA;NA;NA;1;NA;NA;NA;NA;2;NA;NA;NA;NA;NA;NA;NA
31;"MG";3106101;"310610";"Belmiro Braga";"Não";"-";"Pedestres";NA;NA;NA;NA;NA;NA;NA;NA;NA;NA;NA;NA;NA;NA;NA;NA;NA;NA;NA;NA;NA;NA;NA;NA;NA
31;"MG";3106200;"310620";"Belo Horizonte";"Sim";"Região Metropolitana de Belo Horizonte";"Pedestres";140;171;147;140;148;164;170;167;161;136;164;131;118;103;123;81;93;82;72;65;70;70;68;86;NA
31;"MG";3106309;"310630";"Belo Oriente";"Não";"Colar Metropolitano";"Pedestres";2;NA;NA;NA;NA;NA;NA;NA;NA;NA;NA;NA;NA;NA;NA;2;1;1;NA;NA;NA;NA;NA;NA;NA
31;"MG";3106408;"310640";"Belo Vale";"Não";"Colar Metropolitano de Belo Horizonte";"Pedestres";NA;NA;NA;NA;NA;NA;NA;NA;NA;NA;NA;NA;NA;NA;NA;NA;NA;NA;NA;NA;NA;NA;NA;NA;NA
31;"MG";3106606;"310660";"Bertópolis";"Não";"-";"Pedestres";NA;NA;NA;NA;NA;NA;NA;NA;NA;NA;NA;NA;NA;NA;NA;1;NA;NA;NA;NA;NA;NA;NA;NA;NA
31;"MG";3106705;"310670";"Betim";"Não";"Região Metropolitana de Belo Horizonte";"Pedestres";24;8;19;14;20;15;26;14;14;20;22;19;13;6;9;13;8;9;5;6;6;11;11;6;NA
31;"MG";3106804;"310680";"Bias Fortes";"Não";"-";"Pedestres";NA;NA;NA;NA;NA;NA;NA;NA;NA;NA;NA;NA;NA;NA;NA;NA;NA;NA;NA;NA;NA;NA;NA;NA;NA
31;"MG";3106903;"310690";"Bicas";"Não";"-";"Pedestres";NA;NA;NA;NA;NA;NA;NA;NA;1;NA;NA;1;NA;NA;NA;NA;NA;NA;1;NA;NA;NA;NA;NA;NA
31;"MG";3107000;"310700";"Biquinhas";"Não";"-";"Pedestres";NA;NA;NA;NA;NA;NA;NA;NA;NA;NA;NA;NA;NA;NA;NA;NA;NA;NA;NA;NA;NA;NA;NA;NA;NA
31;"MG";3107109;"310710";"Boa Esperança";"Não";"-";"Pedestres";2;NA;2;1;NA;2;1;NA;NA;1;1;NA;NA;NA;1;1;NA;NA;NA;NA;1;1;NA;NA;NA
31;"MG";3107208;"310720";"Bocaina de Minas";"Não";"-";"Pedestres";NA;NA;NA;NA;NA;NA;NA;NA;NA;NA;NA;NA;NA;NA;NA;NA;NA;NA;NA;NA;NA;NA;NA;NA;NA
31;"MG";3107307;"310730";"Bocaiúva";"Não";"-";"Pedestres";NA;NA;NA;NA;NA;2;NA;NA;NA;2;2;NA;NA;2;NA;1;NA;NA;NA;2;NA;NA;2;1;NA
31;"MG";3107406;"310740";"Bom Despacho";"Não";"-";"Pedestres";1;NA;NA;NA;NA;1;1;1;NA;1;NA;NA;2;1;1;1;NA;NA;NA;NA;NA;NA;NA;NA;NA
31;"MG";3107505;"310750";"Bom Jardim de Minas";"Não";"-";"Pedestres";NA;NA;NA;NA;NA;NA;NA;NA;NA;NA;1;NA;NA;NA;NA;NA;NA;NA;NA;1;1;NA;NA;NA;NA
31;"MG";3107604;"310760";"Bom Jesus da Penha";"Não";"-";"Pedestres";NA;NA;NA;NA;NA;NA;NA;NA;NA;NA;NA;NA;NA;NA;NA;NA;NA;NA;NA;NA;NA;NA;NA;NA;NA
31;"MG";3107703;"310770";"Bom Jesus do Amparo";"Não";"Colar Metropolitano de Belo Horizonte";"Pedestres";NA;3;NA;NA;NA;NA;NA;NA;NA;NA;NA;NA;NA;NA;NA;NA;NA;1;NA;NA;NA;NA;NA;NA;NA
31;"MG";3107802;"310780";"Bom Jesus do Galho";"Não";"Colar Metropolitano";"Pedestres";NA;NA;1;NA;NA;1;NA;NA;NA;NA;NA;NA;NA;NA;1;1;NA;NA;1;NA;NA;NA;NA;NA;NA
31;"MG";3107901;"310790";"Bom Repouso";"Não";"-";"Pedestres";NA;NA;NA;NA;NA;NA;NA;NA;NA;NA;NA;NA;NA;NA;NA;NA;NA;NA;NA;NA;NA;NA;NA;NA;NA
31;"MG";3108008;"310800";"Bom Sucesso";"Não";"-";"Pedestres";NA;NA;NA;NA;NA;NA;NA;NA;NA;NA;NA;NA;NA;1;NA;NA;NA;NA;NA;1;NA;NA;NA;NA;NA
31;"MG";3108206;"310820";"Bonfinópolis de Minas";"Não";"-";"Pedestres";NA;NA;NA;NA;NA;NA;NA;NA;NA;NA;NA;NA;NA;NA;NA;NA;NA;NA;NA;NA;NA;NA;NA;NA;NA
31;"MG";3108255;"310825";"Bonito de Minas";"Não";"-";"Pedestres";NA;NA;NA;NA;NA;NA;NA;NA;NA;NA;NA;NA;1;NA;NA;NA;1;1;NA;NA;NA;NA;NA;NA;NA
31;"MG";3108305;"310830";"Borda da Mata";"Não";"-";"Pedestres";NA;NA;NA;NA;NA;NA;NA;NA;NA;NA;NA;NA;NA;NA;NA;1;NA;NA;NA;NA;NA;NA;NA;NA;NA
31;"MG";3108404;"310840";"Botelhos";"Não";"-";"Pedestres";NA;NA;NA;NA;NA;NA;NA;NA;NA;NA;NA;NA;NA;NA;NA;NA;NA;NA;NA;NA;NA;NA;NA;NA;NA
31;"MG";3108503;"310850";"Botumirim";"Não";"-";"Pedestres";NA;NA;NA;NA;1;NA;NA;NA;NA;NA;NA;NA;NA;NA;NA;NA;NA;NA;NA;NA;NA;NA;NA;NA;NA
31;"MG";3108552;"310855";"Brasilândia de Minas";"Não";"-";"Pedestres";NA;NA;NA;NA;NA;NA;NA;1;NA;NA;NA;NA;NA;NA;NA;NA;2;NA;NA;NA;NA;NA;NA;1;NA
31;"MG";3108602;"310860";"Brasília de Minas";"Não";"-";"Pedestres";NA;NA;NA;NA;NA;NA;NA;1;NA;NA;NA;NA;1;NA;NA;NA;NA;1;NA;NA;NA;NA;2;NA;NA
31;"MG";3108909;"310890";"Brazópolis";"Não";"-";"Pedestres";NA;NA;NA;NA;NA;NA;NA;NA;1;NA;NA;NA;NA;NA;NA;1;NA;NA;NA;NA;NA;NA;NA;NA;NA
31;"MG";3109006;"310900";"Brumadinho";"Não";"Região Metropolitana de Belo Horizonte";"Pedestres";NA;NA;NA;NA;NA;1;NA;NA;NA;1;NA;1;NA;NA;NA;NA;NA;NA;1;2;NA;NA;1;NA;NA
31;"MG";3109105;"310910";"Bueno Brandão";"Não";"-";"Pedestres";NA;NA;NA;NA;NA;NA;NA;NA;NA;NA;NA;NA;NA;NA;NA;NA;NA;NA;NA;NA;1;NA;NA;1;NA
31;"MG";3109204;"310920";"Buenópolis";"Não";"-";"Pedestres";NA;NA;NA;NA;NA;NA;NA;NA;NA;NA;NA;2;NA;NA;NA;NA;1;NA;NA;1;NA;1;NA;NA;NA
31;"MG";3109303;"310930";"Buritis";"Não";"Região Integrada de Desenvolvimento do Distrito Federal e Entorno";"Pedestres";1;NA;NA;NA;NA;NA;NA;NA;1;1;1;NA;NA;NA;NA;2;NA;NA;NA;NA;NA;NA;NA;NA;NA
31;"MG";3109402;"310940";"Buritizeiro";"Não";"-";"Pedestres";NA;NA;NA;NA;NA;NA;NA;NA;2;1;NA;NA;NA;NA;NA;NA;1;NA;NA;NA;NA;NA;NA;1;NA
31;"MG";3109501;"310950";"Cabo Verde";"Não";"-";"Pedestres";NA;NA;NA;NA;NA;NA;NA;NA;NA;NA;NA;NA;NA;NA;NA;NA;1;NA;NA;NA;NA;NA;NA;NA;NA
31;"MG";3109808;"310980";"Cachoeira Dourada";"Não";"-";"Pedestres";NA;NA;NA;NA;NA;NA;NA;NA;NA;NA;NA;NA;NA;NA;NA;NA;NA;NA;NA;NA;NA;NA;NA;NA;NA
31;"MG";3109907;"310990";"Caetanópolis";"Não";"-";"Pedestres";NA;NA;NA;NA;NA;NA;NA;NA;NA;NA;NA;NA;NA;NA;NA;NA;NA;NA;1;NA;NA;NA;NA;1;NA
31;"MG";3110004;"311000";"Caeté";"Não";"Região Metropolitana de Belo Horizonte";"Pedestres";NA;NA;1;1;NA;1;NA;NA;1;1;NA;2;NA;NA;NA;1;NA;NA;NA;NA;NA;NA;1;NA;NA
31;"MG";3110202;"311020";"Cajuri";"Não";"-";"Pedestres";NA;NA;NA;NA;NA;NA;NA;NA;NA;NA;NA;NA;NA;1;NA;NA;NA;NA;NA;NA;NA;NA;NA;NA;NA
31;"MG";3110301;"311030";"Caldas";"Não";"-";"Pedestres";NA;NA;NA;NA;NA;NA;NA;NA;NA;NA;NA;NA;1;NA;NA;NA;NA;NA;NA;NA;NA;NA;NA;NA;NA
31;"MG";3110509;"311050";"Camanducaia";"Não";"-";"Pedestres";NA;NA;NA;NA;NA;NA;NA;NA;NA;NA;NA;NA;NA;1;NA;NA;NA;NA;1;NA;NA;1;NA;NA;NA
31;"MG";3110608;"311060";"Cambuí";"Não";"-";"Pedestres";NA;NA;NA;NA;NA;1;3;1;NA;NA;NA;NA;1;NA;NA;NA;NA;NA;NA;NA;NA;NA;1;NA;NA
31;"MG";3110707;"311070";"Cambuquira";"Não";"-";"Pedestres";NA;1;NA;NA;1;NA;1;NA;1;NA;NA;NA;NA;NA;NA;1;NA;NA;NA;NA;NA;NA;NA;NA;NA
31;"MG";3110806;"311080";"Campanário";"Não";"-";"Pedestres";NA;NA;NA;NA;NA;NA;NA;1;1;NA;NA;NA;NA;NA;NA;NA;NA;NA;NA;NA;NA;NA;NA;NA;NA
31;"MG";3110905;"311090";"Campanha";"Não";"-";"Pedestres";NA;NA;NA;1;NA;1;NA;1;NA;NA;NA;NA;NA;NA;3;NA;NA;NA;NA;NA;NA;NA;NA;NA;NA
31;"MG";3111002;"311100";"Campestre";"Não";"-";"Pedestres";NA;NA;NA;NA;NA;NA;NA;NA;NA;NA;NA;1;NA;2;NA;NA;NA;NA;1;1;NA;NA;NA;NA;NA
31;"MG";3111101;"311110";"Campina Verde";"Não";"-";"Pedestres";NA;NA;NA;NA;NA;NA;NA;NA;1;NA;NA;NA;1;NA;NA;NA;NA;NA;NA;NA;NA;NA;NA;NA;NA
31;"MG";3111200;"311120";"Campo Belo";"Não";"-";"Pedestres";NA;NA;NA;NA;1;1;1;NA;NA;NA;NA;NA;NA;NA;1;NA;NA;NA;NA;1;1;NA;NA;NA;NA
31;"MG";3111309;"311130";"Campo do Meio";"Não";"-";"Pedestres";NA;NA;NA;NA;NA;NA;1;NA;NA;NA;NA;NA;NA;NA;NA;NA;1;NA;NA;NA;NA;NA;NA;NA;NA
31;"MG";3111408;"311140";"Campo Florido";"Não";"-";"Pedestres";NA;NA;NA;NA;NA;NA;NA;NA;NA;NA;NA;NA;NA;NA;NA;NA;NA;NA;NA;NA;1;NA;NA;NA;NA
31;"MG";3111507;"311150";"Campos Altos";"Não";"-";"Pedestres";NA;1;NA;NA;NA;NA;NA;NA;NA;NA;NA;NA;NA;NA;1;1;NA;NA;NA;NA;NA;1;1;NA;NA
31;"MG";3111606;"311160";"Campos Gerais";"Não";"-";"Pedestres";NA;NA;NA;NA;1;NA;NA;NA;NA;NA;NA;NA;NA;NA;NA;NA;NA;NA;NA;NA;NA;NA;NA;NA;NA
31;"MG";3111705;"311170";"Canaã";"Não";"-";"Pedestres";NA;NA;NA;NA;NA;NA;NA;NA;NA;NA;NA;NA;NA;NA;NA;NA;NA;NA;NA;NA;NA;NA;NA;NA;NA
31;"MG";3111804;"311180";"Canápolis";"Não";"-";"Pedestres";NA;NA;NA;NA;NA;NA;NA;NA;NA;NA;NA;NA;NA;1;NA;NA;NA;NA;NA;NA;NA;NA;NA;NA;NA
31;"MG";3111903;"311190";"Cana Verde";"Não";"-";"Pedestres";NA;NA;NA;NA;NA;NA;NA;NA;NA;1;NA;NA;NA;NA;NA;NA;NA;NA;NA;NA;NA;NA;NA;NA;NA
31;"MG";3112000;"311200";"Candeias";"Não";"-";"Pedestres";NA;NA;NA;NA;NA;NA;NA;NA;NA;NA;NA;NA;NA;NA;NA;NA;NA;NA;NA;NA;1;NA;NA;NA;NA
31;"MG";3112109;"311210";"Caparaó";"Não";"-";"Pedestres";NA;NA;NA;NA;NA;NA;NA;NA;NA;NA;NA;NA;NA;NA;NA;NA;NA;NA;NA;NA;NA;NA;NA;NA;NA
31;"MG";3112208;"311220";"Capela Nova";"Não";"-";"Pedestres";NA;NA;NA;NA;NA;NA;NA;NA;NA;NA;NA;NA;NA;NA;NA;NA;NA;NA;NA;NA;NA;NA;NA;NA;NA
31;"MG";3112307;"311230";"Capelinha";"Não";"-";"Pedestres";1;NA;NA;2;NA;1;4;NA;NA;NA;NA;NA;NA;1;NA;3;NA;4;NA;NA;1;NA;NA;1;NA
31;"MG";3112406;"311240";"Capetinga";"Não";"-";"Pedestres";NA;NA;NA;NA;NA;NA;NA;NA;NA;NA;NA;NA;NA;NA;NA;NA;NA;NA;NA;NA;NA;NA;NA;NA;NA
31;"MG";3112604;"311260";"Capinópolis";"Não";"-";"Pedestres";NA;NA;NA;NA;NA;NA;NA;NA;NA;NA;NA;NA;NA;NA;NA;NA;NA;NA;NA;NA;NA;NA;NA;NA;NA
31;"MG";3112653;"311265";"Capitão Andrade";"Não";"-";"Pedestres";NA;NA;NA;NA;NA;NA;NA;NA;NA;NA;NA;NA;NA;NA;NA;NA;NA;NA;NA;NA;NA;NA;NA;NA;NA
31;"MG";3112703;"311270";"Capitão Enéas";"Não";"-";"Pedestres";NA;NA;NA;1;NA;1;NA;1;NA;NA;NA;NA;NA;NA;NA;NA;NA;NA;NA;NA;NA;NA;NA;NA;NA
31;"MG";3112802;"311280";"Capitólio";"Não";"-";"Pedestres";NA;NA;NA;NA;NA;NA;NA;NA;NA;NA;NA;NA;NA;NA;NA;NA;NA;NA;NA;NA;NA;NA;NA;NA;NA
31;"MG";3112901;"311290";"Caputira";"Não";"-";"Pedestres";NA;NA;NA;NA;NA;NA;NA;NA;NA;NA;NA;NA;NA;NA;NA;NA;NA;NA;NA;NA;NA;NA;NA;NA;NA
31;"MG";3113008;"311300";"Caraí";"Não";"-";"Pedestres";NA;NA;NA;NA;NA;NA;1;1;1;NA;2;1;NA;NA;2;NA;NA;2;NA;NA;NA;1;1;NA;NA
31;"MG";3113206;"311320";"Carandaí";"Não";"-";"Pedestres";1;NA;2;NA;3;1;NA;1;NA;NA;NA;1;NA;1;1;NA;2;1;NA;NA;1;NA;1;NA;NA
31;"MG";3113305;"311330";"Carangola";"Não";"-";"Pedestres";NA;NA;1;NA;NA;NA;1;1;NA;NA;2;NA;NA;NA;NA;NA;NA;NA;NA;1;NA;NA;NA;NA;NA
31;"MG";3113404;"311340";"Caratinga";"Não";"Colar Metropolitano";"Pedestres";NA;NA;NA;NA;NA;1;NA;NA;NA;1;2;NA;NA;NA;7;NA;1;1;4;2;2;NA;5;2;NA
31;"MG";3113503;"311350";"Carbonita";"Não";"-";"Pedestres";NA;NA;NA;NA;NA;NA;NA;NA;NA;NA;NA;NA;NA;NA;NA;NA;NA;NA;NA;NA;NA;NA;NA;NA;NA
31;"MG";3113602;"311360";"Careaçu";"Não";"-";"Pedestres";NA;NA;NA;NA;NA;NA;NA;NA;NA;NA;NA;NA;NA;NA;NA;NA;NA;NA;NA;NA;NA;NA;NA;NA;NA
31;"MG";3113701;"311370";"Carlos Chagas";"Não";"-";"Pedestres";NA;NA;NA;NA;1;NA;2;NA;NA;2;NA;1;NA;2;NA;NA;1;NA;NA;1;NA;NA;1;NA;NA
31;"MG";3113909;"311390";"Carmo da Cachoeira";"Não";"-";"Pedestres";NA;NA;1;NA;2;1;2;NA;NA;1;NA;NA;NA;1;NA;NA;NA;2;1;NA;NA;NA;NA;1;NA
31;"MG";3114006;"311400";"Carmo da Mata";"Não";"-";"Pedestres";NA;NA;NA;NA;2;NA;NA;NA;NA;NA;NA;NA;NA;NA;NA;NA;NA;NA;NA;NA;NA;NA;NA;NA;NA
31;"MG";3114105;"311410";"Carmo de Minas";"Não";"-";"Pedestres";NA;NA;1;1;NA;NA;NA;NA;NA;NA;1;NA;NA;NA;1;NA;NA;NA;NA;1;NA;NA;NA;NA;NA
31;"MG";3114204;"311420";"Carmo do Cajuru";"Não";"-";"Pedestres";NA;NA;NA;NA;NA;NA;NA;NA;NA;NA;NA;NA;NA;NA;NA;NA;NA;NA;NA;NA;NA;NA;NA;NA;NA
31;"MG";3114303;"311430";"Carmo do Paranaíba";"Não";"-";"Pedestres";NA;NA;NA;NA;NA;NA;NA;NA;NA;NA;NA;NA;NA;NA;NA;NA;NA;NA;1;NA;NA;NA;NA;NA;NA
31;"MG";3114402;"311440";"Carmo do Rio Claro";"Não";"-";"Pedestres";NA;NA;NA;NA;NA;NA;NA;NA;NA;1;NA;NA;NA;NA;NA;NA;NA;NA;1;NA;NA;NA;NA;NA;NA
31;"MG";3114501;"311450";"Carmópolis de Minas";"Não";"-";"Pedestres";NA;NA;NA;2;NA;1;1;2;NA;1;NA;NA;1;2;1;NA;NA;NA;NA;NA;NA;NA;NA;NA;NA
31;"MG";3114550;"311455";"Carneirinho";"Não";"-";"Pedestres";NA;NA;NA;NA;NA;NA;NA;NA;NA;NA;NA;NA;NA;NA;NA;1;NA;NA;NA;NA;NA;NA;NA;NA;NA
31;"MG";3114600;"311460";"Carrancas";"Não";"-";"Pedestres";NA;NA;NA;NA;NA;NA;NA;NA;NA;NA;NA;NA;NA;NA;NA;NA;NA;NA;NA;NA;NA;NA;NA;NA;NA
31;"MG";3114808;"311480";"Carvalhos";"Não";"-";"Pedestres";NA;NA;NA;NA;NA;NA;NA;NA;NA;NA;NA;NA;NA;NA;NA;NA;NA;NA;NA;NA;NA;NA;NA;NA;NA
31;"MG";3115102;"311510";"Cássia";"Não";"-";"Pedestres";NA;NA;NA;NA;NA;NA;1;NA;NA;NA;NA;NA;NA;NA;NA;NA;NA;NA;NA;NA;NA;NA;NA;1;NA
31;"MG";3115300;"311530";"Cataguases";"Não";"-";"Pedestres";1;NA;NA;NA;NA;NA;NA;NA;NA;1;NA;NA;NA;NA;1;NA;2;NA;2;NA;1;2;NA;NA;NA
31;"MG";3115359;"311535";"Catas Altas";"Não";"-";"Pedestres";NA;NA;1;NA;NA;1;NA;NA;NA;NA;NA;NA;NA;NA;NA;NA;NA;NA;NA;NA;NA;NA;NA;NA;NA
31;"MG";3115458;"311545";"Catuji";"Não";"-";"Pedestres";NA;NA;1;1;1;NA;NA;1;1;1;1;2;1;2;NA;1;2;NA;1;NA;NA;NA;NA;NA;NA
31;"MG";3115508;"311550";"Caxambu";"Não";"-";"Pedestres";NA;NA;NA;1;NA;NA;NA;NA;1;NA;NA;NA;1;NA;NA;NA;NA;NA;1;NA;NA;1;NA;NA;NA
31;"MG";3115706;"311570";"Central de Minas";"Não";"-";"Pedestres";NA;NA;NA;1;NA;NA;NA;NA;NA;NA;NA;NA;NA;NA;NA;NA;NA;NA;NA;NA;NA;NA;NA;NA;NA
31;"MG";3115805;"311580";"Centralina";"Não";"-";"Pedestres";NA;NA;1;NA;1;NA;NA;NA;NA;NA;NA;NA;NA;NA;NA;NA;1;NA;NA;NA;NA;NA;NA;1;NA
31;"MG";3116209;"311620";"Chiador";"Não";"-";"Pedestres";NA;1;NA;NA;NA;NA;NA;NA;NA;NA;NA;NA;NA;NA;NA;NA;NA;NA;NA;NA;NA;NA;NA;NA;NA
31;"MG";3116308;"311630";"Cipotânea";"Não";"-";"Pedestres";NA;NA;NA;NA;NA;NA;NA;NA;NA;NA;NA;NA;NA;NA;NA;NA;NA;NA;NA;NA;NA;NA;NA;NA;NA
31;"MG";3116506;"311650";"Claro dos Poções";"Não";"-";"Pedestres";NA;NA;NA;NA;NA;NA;NA;NA;NA;NA;NA;1;NA;NA;NA;NA;NA;NA;NA;NA;NA;1;NA;NA;NA
31;"MG";3116605;"311660";"Cláudio";"Não";"-";"Pedestres";NA;NA;NA;1;NA;NA;NA;NA;1;1;1;NA;NA;NA;NA;NA;NA;NA;NA;NA;NA;NA;NA;NA;NA
31;"MG";3116704;"311670";"Coimbra";"Não";"-";"Pedestres";NA;NA;NA;NA;NA;NA;NA;NA;1;NA;NA;NA;NA;NA;NA;NA;NA;NA;NA;NA;NA;NA;NA;NA;NA
31;"MG";3116803;"311680";"Coluna";"Não";"-";"Pedestres";NA;NA;NA;NA;NA;NA;NA;NA;NA;NA;NA;NA;NA;NA;NA;NA;NA;NA;1;NA;NA;NA;NA;NA;NA
31;"MG";3117108;"311710";"Conceição da Aparecida";"Não";"-";"Pedestres";NA;NA;NA;NA;NA;NA;NA;1;NA;NA;NA;NA;NA;NA;1;NA;NA;NA;NA;NA;NA;NA;NA;NA;NA
31;"MG";3117306;"311730";"Conceição das Alagoas";"Não";"-";"Pedestres";NA;NA;NA;1;NA;NA;NA;1;NA;NA;NA;1;1;NA;1;NA;NA;NA;NA;NA;NA;NA;NA;NA;NA
31;"MG";3117504;"311750";"Conceição do Mato Dentro";"Não";"-";"Pedestres";NA;NA;NA;NA;NA;1;NA;NA;NA;NA;NA;NA;NA;NA;NA;NA;NA;NA;1;NA;NA;NA;NA;NA;NA
31;"MG";3117603;"311760";"Conceição do Pará";"Não";"-";"Pedestres";NA;NA;NA;NA;NA;NA;NA;NA;NA;NA;NA;NA;NA;NA;NA;NA;NA;NA;NA;NA;NA;NA;NA;NA;NA
31;"MG";3117702;"311770";"Conceição do Rio Verde";"Não";"-";"Pedestres";NA;NA;NA;NA;NA;NA;NA;NA;NA;NA;NA;NA;NA;NA;NA;NA;NA;NA;NA;NA;NA;NA;NA;NA;NA
31;"MG";3117801;"311780";"Conceição dos Ouros";"Não";"-";"Pedestres";NA;NA;NA;NA;NA;NA;NA;NA;NA;NA;NA;NA;NA;NA;NA;NA;NA;NA;NA;NA;NA;1;NA;NA;NA
31;"MG";3117836;"311783";"Cônego Marinho";"Não";"-";"Pedestres";NA;NA;1;NA;NA;NA;NA;NA;NA;NA;2;NA;NA;1;2;NA;NA;NA;NA;NA;NA;NA;NA;NA;NA
31;"MG";3117876;"311787";"Confins";"Não";"Região Metropolitana de Belo Horizonte";"Pedestres";NA;NA;NA;NA;NA;NA;NA;NA;NA;NA;NA;NA;NA;NA;NA;NA;NA;NA;NA;NA;NA;NA;NA;NA;NA
31;"MG";3117900;"311790";"Congonhal";"Não";"-";"Pedestres";NA;NA;NA;NA;NA;NA;NA;NA;1;NA;NA;NA;NA;NA;NA;NA;NA;NA;NA;NA;NA;NA;NA;NA;NA
31;"MG";3118007;"311800";"Congonhas";"Não";"-";"Pedestres";3;4;2;2;2;NA;NA;1;2;4;3;3;2;2;1;3;1;NA;NA;1;2;1;NA;1;NA
31;"MG";3118205;"311820";"Conquista";"Não";"-";"Pedestres";NA;NA;NA;NA;NA;NA;NA;NA;NA;NA;1;NA;NA;NA;NA;NA;NA;NA;NA;NA;NA;NA;NA;NA;NA
31;"MG";3118304;"311830";"Conselheiro Lafaiete";"Não";"-";"Pedestres";1;1;2;NA;NA;NA;NA;3;3;4;2;2;5;1;2;2;NA;4;3;3;NA;3;2;NA;NA
31;"MG";3118403;"311840";"Conselheiro Pena";"Não";"-";"Pedestres";1;NA;2;NA;NA;NA;NA;1;1;NA;NA;NA;1;NA;NA;NA;NA;NA;NA;1;1;1;2;NA;NA
31;"MG";3118601;"311860";"Contagem";"Não";"Região Metropolitana de Belo Horizonte";"Pedestres";7;12;13;15;17;24;21;12;19;16;16;7;17;7;9;8;7;21;17;13;12;14;17;17;NA
31;"MG";3118700;"311870";"Coqueiral";"Não";"-";"Pedestres";NA;NA;NA;NA;NA;NA;1;NA;1;NA;NA;NA;NA;NA;NA;NA;NA;NA;NA;NA;NA;NA;NA;NA;NA
31;"MG";3118809;"311880";"Coração de Jesus";"Não";"-";"Pedestres";NA;NA;NA;NA;NA;NA;NA;NA;NA;NA;NA;1;NA;NA;NA;1;NA;NA;NA;1;NA;NA;NA;2;NA
31;"MG";3118908;"311890";"Cordisburgo";"Não";"-";"Pedestres";NA;NA;NA;NA;NA;NA;NA;NA;NA;NA;NA;NA;NA;NA;NA;NA;NA;NA;NA;NA;NA;1;1;NA;NA
31;"MG";3119104;"311910";"Corinto";"Não";"-";"Pedestres";NA;NA;NA;NA;NA;NA;1;NA;NA;NA;NA;NA;1;1;1;4;1;NA;1;1;1;1;NA;NA;NA
31;"MG";3119203;"311920";"Coroaci";"Não";"-";"Pedestres";NA;NA;NA;NA;NA;NA;NA;NA;NA;NA;NA;NA;NA;NA;NA;NA;NA;NA;NA;NA;NA;NA;NA;NA;NA
31;"MG";3119302;"311930";"Coromandel";"Não";"-";"Pedestres";NA;NA;NA;NA;NA;NA;NA;NA;4;NA;1;1;NA;NA;NA;NA;NA;NA;NA;NA;NA;NA;NA;NA;NA
31;"MG";3119401;"311940";"Coronel Fabriciano";"Não";"Região Metropolitana do Vale do Aço";"Pedestres";1;NA;NA;1;NA;NA;NA;NA;1;NA;NA;NA;NA;2;1;2;2;NA;NA;1;NA;NA;3;NA;NA
31;"MG";3119500;"311950";"Coronel Murta";"Não";"-";"Pedestres";NA;NA;NA;NA;NA;NA;NA;NA;NA;NA;NA;NA;NA;NA;NA;NA;NA;NA;NA;NA;1;NA;NA;NA;NA
31;"MG";3119609;"311960";"Coronel Pacheco";"Não";"-";"Pedestres";NA;NA;NA;NA;NA;NA;NA;NA;NA;NA;NA;NA;1;NA;NA;NA;NA;NA;NA;NA;NA;NA;NA;NA;NA
31;"MG";3119708;"311970";"Coronel Xavier Chaves";"Não";"-";"Pedestres";NA;NA;NA;NA;NA;NA;NA;NA;NA;NA;NA;NA;NA;NA;NA;NA;NA;NA;NA;NA;NA;NA;NA;NA;NA
31;"MG";3119807;"311980";"Córrego Danta";"Não";"-";"Pedestres";NA;NA;NA;NA;NA;NA;NA;NA;NA;NA;NA;NA;1;NA;NA;NA;NA;NA;1;NA;NA;NA;NA;NA;NA
31;"MG";3119955;"311995";"Córrego Fundo";"Não";"-";"Pedestres";NA;NA;NA;NA;NA;NA;NA;NA;1;NA;NA;NA;1;NA;NA;NA;NA;NA;NA;NA;1;1;NA;NA;NA
31;"MG";3120003;"312000";"Córrego Novo";"Não";"Colar Metropolitano";"Pedestres";NA;NA;NA;NA;NA;NA;NA;NA;NA;NA;NA;NA;NA;NA;NA;NA;NA;NA;NA;NA;NA;NA;NA;NA;NA
31;"MG";3120102;"312010";"Couto de Magalhães de Minas";"Não";"-";"Pedestres";1;NA;NA;NA;NA;NA;NA;NA;NA;NA;NA;NA;NA;NA;1;NA;NA;NA;NA;NA;NA;NA;NA;NA;NA
31;"MG";3120201;"312020";"Cristais";"Não";"-";"Pedestres";NA;NA;NA;NA;NA;NA;NA;NA;NA;1;NA;NA;NA;NA;NA;NA;NA;NA;NA;NA;NA;NA;NA;NA;NA
31;"MG";3120300;"312030";"Cristália";"Não";"-";"Pedestres";NA;NA;NA;NA;NA;NA;NA;NA;1;NA;NA;NA;NA;NA;NA;NA;NA;NA;NA;NA;NA;NA;NA;NA;NA
31;"MG";3120409;"312040";"Cristiano Otoni";"Não";"-";"Pedestres";NA;NA;NA;1;NA;1;NA;NA;NA;1;NA;1;NA;NA;NA;NA;1;NA;NA;NA;NA;NA;NA;NA;NA
31;"MG";3120508;"312050";"Cristina";"Não";"-";"Pedestres";NA;1;NA;NA;NA;NA;NA;1;NA;NA;NA;NA;NA;NA;NA;NA;NA;NA;NA;1;NA;NA;NA;NA;NA
31;"MG";3120706;"312070";"Cruzeiro da Fortaleza";"Não";"-";"Pedestres";NA;NA;NA;NA;NA;NA;NA;NA;NA;NA;NA;NA;NA;NA;NA;1;NA;NA;NA;NA;NA;NA;NA;NA;NA
31;"MG";3120805;"312080";"Cruzília";"Não";"-";"Pedestres";NA;NA;NA;NA;NA;NA;NA;NA;NA;NA;NA;NA;NA;NA;NA;NA;NA;NA;NA;NA;NA;NA;NA;NA;NA
31;"MG";3120870;"312087";"Curral de Dentro";"Não";"-";"Pedestres";NA;NA;1;NA;NA;NA;NA;NA;NA;NA;NA;NA;NA;NA;NA;NA;NA;NA;NA;1;NA;NA;NA;NA;NA
31;"MG";3120904;"312090";"Curvelo";"Não";"-";"Pedestres";NA;NA;NA;1;3;4;2;2;2;1;2;3;3;2;7;1;4;2;3;1;2;6;3;4;NA
31;"MG";3121001;"312100";"Datas";"Não";"-";"Pedestres";NA;NA;NA;NA;NA;NA;NA;NA;NA;NA;NA;NA;NA;1;NA;NA;NA;NA;NA;1;NA;NA;NA;NA;NA
31;"MG";3121100;"312110";"Delfim Moreira";"Não";"-";"Pedestres";NA;NA;NA;NA;NA;NA;NA;NA;1;NA;NA;NA;NA;NA;NA;NA;NA;NA;NA;NA;NA;NA;NA;NA;NA
31;"MG";3121209;"312120";"Delfinópolis";"Não";"-";"Pedestres";NA;NA;NA;NA;NA;NA;NA;NA;NA;NA;NA;NA;NA;NA;NA;NA;NA;NA;NA;NA;NA;NA;NA;NA;NA
31;"MG";3121258;"312125";"Delta";"Não";"-";"Pedestres";NA;NA;NA;NA;NA;1;NA;NA;NA;NA;NA;NA;1;NA;1;NA;NA;NA;NA;NA;NA;NA;NA;NA;NA
31;"MG";3121407;"312140";"Desterro de Entre Rios";"Não";"-";"Pedestres";NA;NA;NA;NA;NA;NA;NA;1;NA;NA;NA;NA;NA;NA;NA;NA;NA;NA;NA;NA;NA;NA;NA;NA;NA
31;"MG";3121605;"312160";"Diamantina";"Não";"-";"Pedestres";NA;NA;NA;NA;NA;NA;1;2;NA;1;NA;2;1;NA;3;2;2;NA;2;NA;3;NA;1;4;NA
31;"MG";3121704;"312170";"Diogo de Vasconcelos";"Não";"-";"Pedestres";NA;NA;NA;NA;NA;NA;NA;NA;NA;NA;NA;NA;NA;NA;NA;NA;NA;NA;NA;NA;NA;NA;NA;NA;NA
31;"MG";3121803;"312180";"Dionísio";"Não";"Colar Metropolitano";"Pedestres";NA;NA;NA;NA;NA;NA;NA;NA;NA;NA;NA;NA;NA;NA;1;NA;NA;NA;NA;NA;NA;1;NA;NA;NA
31;"MG";3122009;"312200";"Divino";"Não";"-";"Pedestres";NA;NA;NA;NA;NA;NA;NA;NA;NA;NA;NA;NA;NA;NA;NA;NA;NA;NA;1;1;NA;NA;NA;NA;NA
31;"MG";3122108;"312210";"Divino das Laranjeiras";"Não";"-";"Pedestres";NA;NA;NA;NA;NA;NA;NA;NA;1;NA;NA;NA;NA;NA;1;NA;NA;NA;1;NA;NA;NA;NA;NA;NA
31;"MG";3122207;"312220";"Divinolândia de Minas";"Não";"-";"Pedestres";1;NA;NA;NA;NA;NA;NA;NA;NA;NA;NA;NA;NA;NA;NA;NA;NA;NA;NA;1;NA;NA;NA;NA;NA
31;"MG";3122306;"312230";"Divinópolis";"Não";"-";"Pedestres";1;1;2;4;1;2;NA;2;3;5;5;6;1;4;8;3;3;4;6;3;4;4;2;3;NA
31;"MG";3122355;"312235";"Divisa Alegre";"Não";"-";"Pedestres";NA;NA;NA;1;NA;NA;NA;1;NA;NA;NA;NA;NA;NA;NA;NA;1;NA;NA;NA;NA;NA;NA;1;NA
31;"MG";3122454;"312245";"Divisópolis";"Não";"-";"Pedestres";NA;NA;NA;NA;NA;NA;NA;NA;NA;NA;NA;NA;NA;NA;NA;NA;NA;NA;NA;NA;NA;1;NA;NA;NA
31;"MG";3122470;"312247";"Dom Bosco";"Não";"-";"Pedestres";NA;NA;NA;NA;NA;NA;NA;NA;NA;NA;NA;NA;NA;NA;NA;NA;NA;NA;NA;NA;NA;NA;NA;1;NA
31;"MG";3122504;"312250";"Dom Cavati";"Não";"Colar Metropolitano";"Pedestres";NA;NA;NA;NA;NA;NA;NA;NA;NA;NA;NA;NA;NA;NA;NA;NA;NA;NA;NA;1;1;NA;NA;NA;NA
31;"MG";3123007;"312300";"Dores de Campos";"Não";"-";"Pedestres";NA;NA;NA;NA;NA;NA;NA;NA;NA;NA;NA;NA;NA;NA;NA;NA;NA;NA;NA;NA;NA;NA;NA;NA;NA
31;"MG";3123106;"312310";"Dores de Guanhães";"Não";"-";"Pedestres";NA;NA;NA;NA;NA;NA;NA;NA;NA;NA;NA;NA;NA;1;NA;NA;1;NA;NA;NA;NA;NA;NA;NA;NA
31;"MG";3123205;"312320";"Dores do Indaiá";"Não";"-";"Pedestres";NA;NA;NA;NA;NA;NA;NA;NA;NA;NA;NA;NA;1;NA;NA;NA;NA;NA;NA;NA;NA;NA;NA;NA;NA
31;"MG";3123528;"312352";"Durandé";"Não";"-";"Pedestres";NA;NA;NA;NA;NA;NA;NA;NA;NA;NA;NA;NA;NA;NA;NA;NA;NA;NA;NA;NA;1;NA;NA;1;NA
31;"MG";3123601;"312360";"Elói Mendes";"Não";"-";"Pedestres";NA;NA;NA;NA;1;NA;NA;NA;NA;NA;NA;NA;NA;NA;NA;NA;NA;1;NA;NA;NA;NA;NA;NA;NA
31;"MG";3123700;"312370";"Engenheiro Caldas";"Não";"-";"Pedestres";2;NA;NA;NA;2;NA;NA;1;NA;NA;NA;NA;NA;NA;NA;NA;1;NA;1;NA;NA;1;NA;NA;NA
31;"MG";3123809;"312380";"Engenheiro Navarro";"Não";"-";"Pedestres";NA;NA;NA;NA;NA;NA;1;1;NA;NA;NA;NA;NA;NA;NA;NA;NA;NA;NA;NA;NA;NA;1;NA;NA
31;"MG";3123858;"312385";"Entre Folhas";"Não";"Colar Metropolitano";"Pedestres";NA;NA;NA;NA;NA;NA;NA;NA;NA;NA;NA;NA;NA;NA;NA;NA;NA;NA;NA;NA;NA;NA;NA;NA;NA
31;"MG";3123908;"312390";"Entre Rios de Minas";"Não";"-";"Pedestres";NA;NA;NA;NA;NA;NA;NA;NA;NA;1;NA;NA;NA;NA;NA;NA;NA;NA;NA;NA;NA;NA;NA;NA;NA
31;"MG";3124005;"312400";"Ervália";"Não";"-";"Pedestres";NA;NA;1;NA;1;NA;NA;NA;2;NA;NA;NA;NA;NA;NA;NA;NA;NA;NA;NA;NA;NA;NA;NA;NA
31;"MG";3124104;"312410";"Esmeraldas";"Não";"Região Metropolitana de Belo Horizonte";"Pedestres";1;NA;1;NA;1;NA;NA;3;2;3;2;2;NA;NA;NA;NA;NA;2;1;1;NA;NA;1;NA;NA
31;"MG";3124203;"312420";"Espera Feliz";"Não";"-";"Pedestres";NA;NA;NA;NA;1;NA;NA;1;2;1;NA;NA;NA;NA;NA;NA;NA;NA;1;NA;NA;NA;NA;NA;NA
31;"MG";3124302;"312430";"Espinosa";"Não";"-";"Pedestres";NA;NA;1;1;1;NA;NA;NA;NA;NA;1;NA;1;NA;NA;1;NA;NA;NA;NA;NA;NA;NA;NA;NA
31;"MG";3124401;"312440";"Espírito Santo do Dourado";"Não";"-";"Pedestres";NA;NA;NA;NA;NA;NA;NA;NA;NA;NA;NA;NA;NA;NA;NA;NA;NA;NA;NA;NA;NA;NA;NA;NA;NA
31;"MG";3124500;"312450";"Estiva";"Não";"-";"Pedestres";NA;NA;NA;NA;1;NA;NA;NA;NA;NA;NA;NA;NA;NA;NA;NA;NA;NA;NA;NA;1;NA;NA;NA;NA
31;"MG";3124609;"312460";"Estrela Dalva";"Não";"-";"Pedestres";NA;NA;NA;NA;NA;NA;NA;NA;NA;NA;NA;NA;NA;NA;NA;NA;NA;NA;NA;NA;1;NA;NA;NA;NA
31;"MG";3124708;"312470";"Estrela do Indaiá";"Não";"-";"Pedestres";NA;NA;NA;NA;NA;NA;NA;NA;NA;NA;NA;NA;NA;NA;NA;NA;NA;NA;NA;NA;NA;NA;NA;NA;NA
31;"MG";3124807;"312480";"Estrela do Sul";"Não";"-";"Pedestres";NA;NA;NA;NA;NA;NA;NA;NA;NA;NA;1;NA;NA;NA;NA;NA;NA;NA;NA;NA;NA;NA;NA;NA;NA
31;"MG";3125002;"312500";"Ewbank da Câmara";"Não";"-";"Pedestres";NA;NA;NA;NA;NA;NA;NA;NA;NA;NA;NA;NA;NA;NA;NA;NA;1;NA;1;NA;NA;NA;NA;NA;NA
31;"MG";3125101;"312510";"Extrema";"Não";"-";"Pedestres";NA;NA;NA;NA;NA;NA;2;NA;NA;NA;NA;NA;NA;NA;NA;NA;1;NA;1;2;NA;NA;1;NA;NA
31;"MG";3125309;"312530";"Faria Lemos";"Não";"-";"Pedestres";NA;NA;NA;NA;NA;NA;NA;NA;NA;NA;NA;NA;NA;NA;NA;NA;NA;NA;NA;1;NA;NA;NA;NA;NA
31;"MG";3125705;"312570";"Felixlândia";"Não";"-";"Pedestres";NA;NA;NA;NA;NA;NA;NA;1;NA;NA;NA;NA;NA;2;NA;1;NA;2;NA;1;NA;NA;NA;NA;NA
31;"MG";3125903;"312590";"Ferros";"Não";"-";"Pedestres";1;NA;NA;NA;NA;NA;NA;NA;NA;NA;NA;NA;NA;NA;NA;NA;1;NA;NA;1;NA;NA;NA;NA;NA
31;"MG";3125952;"312595";"Fervedouro";"Não";"-";"Pedestres";NA;NA;NA;NA;NA;NA;NA;NA;NA;NA;NA;NA;NA;NA;NA;NA;NA;NA;1;NA;NA;NA;NA;NA;NA
31;"MG";3126109;"312610";"Formiga";"Não";"-";"Pedestres";NA;NA;NA;NA;NA;NA;NA;1;NA;2;NA;1;4;1;NA;NA;1;2;NA;NA;1;1;2;1;NA
31;"MG";3126208;"312620";"Formoso";"Não";"-";"Pedestres";NA;NA;NA;NA;NA;NA;NA;NA;NA;NA;NA;NA;NA;1;NA;NA;NA;NA;NA;NA;NA;NA;NA;NA;NA
31;"MG";3126505;"312650";"Francisco Badaró";"Não";"-";"Pedestres";NA;NA;1;NA;NA;NA;NA;NA;NA;NA;NA;NA;1;NA;NA;NA;NA;NA;NA;NA;NA;NA;NA;NA;NA
31;"MG";3126703;"312670";"Francisco Sá";"Não";"-";"Pedestres";1;NA;NA;NA;NA;NA;1;NA;1;1;2;1;NA;2;NA;1;NA;NA;NA;1;1;NA;NA;NA;NA
31;"MG";3126901;"312690";"Frei Inocêncio";"Não";"-";"Pedestres";NA;NA;NA;NA;NA;NA;NA;NA;NA;1;1;NA;NA;NA;NA;NA;1;NA;NA;NA;NA;NA;NA;NA;NA
31;"MG";3127008;"312700";"Fronteira";"Não";"-";"Pedestres";NA;NA;NA;NA;NA;NA;NA;1;NA;NA;1;NA;NA;NA;NA;NA;NA;NA;NA;NA;NA;NA;1;NA;NA
31;"MG";3127073;"312707";"Fruta de Leite";"Não";"-";"Pedestres";NA;NA;NA;NA;NA;NA;NA;NA;NA;NA;1;NA;NA;NA;NA;NA;NA;1;NA;1;NA;NA;NA;NA;NA
31;"MG";3127107;"312710";"Frutal";"Não";"-";"Pedestres";2;NA;NA;NA;NA;NA;NA;1;NA;NA;NA;NA;NA;NA;NA;1;NA;NA;NA;NA;NA;1;NA;1;NA
31;"MG";3127206;"312720";"Funilândia";"Não";"Colar Metropolitano de Belo Horizonte";"Pedestres";NA;NA;NA;1;NA;NA;NA;NA;NA;1;NA;NA;1;NA;NA;NA;NA;NA;NA;NA;NA;NA;NA;NA;NA
31;"MG";3127305;"312730";"Galiléia";"Não";"-";"Pedestres";NA;NA;NA;NA;NA;NA;NA;NA;NA;NA;1;NA;1;NA;NA;NA;NA;NA;NA;NA;NA;NA;1;1;NA
31;"MG";3127339;"312733";"Gameleiras";"Não";"-";"Pedestres";NA;NA;NA;1;NA;NA;NA;NA;NA;NA;NA;NA;NA;NA;NA;NA;NA;NA;NA;NA;NA;NA;NA;NA;NA
31;"MG";3127354;"312735";"Glaucilândia";"Não";"-";"Pedestres";NA;NA;NA;NA;NA;NA;NA;1;NA;NA;NA;NA;NA;NA;NA;NA;NA;NA;NA;NA;NA;NA;NA;NA;NA
31;"MG";3127404;"312740";"Gonçalves";"Não";"-";"Pedestres";NA;NA;NA;NA;NA;NA;NA;NA;NA;NA;NA;1;NA;NA;NA;NA;NA;NA;NA;NA;NA;NA;NA;NA;NA
31;"MG";3127503;"312750";"Gonzaga";"Não";"-";"Pedestres";NA;NA;NA;NA;NA;NA;NA;NA;NA;NA;NA;NA;NA;1;NA;NA;1;NA;NA;1;NA;NA;NA;NA;NA
31;"MG";3127602;"312760";"Gouveia";"Não";"-";"Pedestres";NA;NA;NA;NA;NA;NA;1;NA;NA;NA;NA;NA;NA;NA;NA;NA;NA;NA;NA;NA;NA;NA;2;NA;NA
31;"MG";3127701;"312770";"Governador Valadares";"Não";"-";"Pedestres";6;5;5;11;12;13;15;13;22;12;10;12;15;6;15;16;9;12;8;11;6;2;8;6;NA
31;"MG";3127800;"312780";"Grão Mogol";"Não";"-";"Pedestres";NA;NA;1;1;NA;2;2;1;NA;1;NA;NA;NA;NA;NA;NA;NA;NA;NA;1;NA;NA;NA;1;NA
31;"MG";3128006;"312800";"Guanhães";"Não";"-";"Pedestres";NA;NA;1;1;NA;NA;NA;2;1;NA;2;1;NA;NA;NA;NA;NA;3;NA;NA;NA;1;NA;1;NA
31;"MG";3128105;"312810";"Guapé";"Não";"-";"Pedestres";NA;NA;1;1;NA;NA;NA;NA;NA;NA;NA;NA;NA;NA;NA;NA;NA;NA;NA;NA;NA;NA;NA;NA;NA
31;"MG";3128303;"312830";"Guaranésia";"Não";"-";"Pedestres";NA;NA;NA;NA;NA;NA;NA;NA;NA;NA;NA;NA;NA;NA;NA;NA;NA;NA;NA;NA;NA;NA;NA;1;NA
31;"MG";3128402;"312840";"Guarani";"Não";"-";"Pedestres";NA;NA;1;NA;NA;NA;NA;NA;NA;NA;NA;NA;1;NA;NA;NA;NA;NA;NA;1;1;NA;1;NA;NA
31;"MG";3128501;"312850";"Guarará";"Não";"-";"Pedestres";NA;NA;NA;NA;NA;NA;NA;NA;NA;NA;NA;NA;NA;NA;NA;NA;NA;NA;NA;NA;NA;NA;NA;NA;NA
31;"MG";3128600;"312860";"Guarda-Mor";"Não";"-";"Pedestres";NA;NA;1;NA;NA;NA;NA;NA;NA;NA;NA;NA;NA;NA;NA;NA;NA;NA;NA;NA;NA;NA;NA;NA;NA
31;"MG";3128709;"312870";"Guaxupé";"Não";"-";"Pedestres";NA;NA;NA;1;1;NA;1;NA;NA;NA;NA;NA;NA;1;NA;NA;NA;NA;NA;NA;NA;NA;NA;NA;NA
31;"MG";3128907;"312890";"Guimarânia";"Não";"-";"Pedestres";NA;NA;NA;NA;NA;NA;NA;1;NA;NA;NA;NA;NA;NA;NA;NA;NA;NA;NA;NA;NA;NA;NA;1;NA
31;"MG";3129103;"312910";"Gurinhatã";"Não";"-";"Pedestres";NA;NA;NA;NA;NA;NA;NA;NA;NA;NA;NA;NA;NA;NA;NA;NA;NA;NA;NA;NA;NA;NA;1;NA;NA
31;"MG";3129202;"312920";"Heliodora";"Não";"-";"Pedestres";NA;NA;NA;NA;NA;NA;NA;NA;NA;NA;NA;NA;NA;NA;NA;NA;NA;NA;NA;NA;NA;NA;NA;NA;NA
31;"MG";3129301;"312930";"Iapu";"Não";"Colar Metropolitano";"Pedestres";NA;NA;1;NA;NA;NA;NA;NA;NA;NA;NA;NA;NA;1;NA;NA;NA;NA;NA;NA;NA;NA;NA;NA;NA
31;"MG";3129400;"312940";"Ibertioga";"Não";"-";"Pedestres";NA;NA;NA;NA;NA;NA;NA;NA;NA;NA;NA;NA;NA;NA;NA;NA;NA;NA;NA;NA;NA;NA;NA;NA;NA
31;"MG";3129509;"312950";"Ibiá";"Não";"-";"Pedestres";NA;NA;NA;NA;1;NA;NA;NA;NA;NA;NA;1;NA;1;NA;1;NA;1;1;1;1;NA;1;NA;NA
31;"MG";3129657;"312965";"Ibiracatu";"Não";"-";"Pedestres";NA;NA;NA;NA;NA;NA;NA;NA;NA;NA;NA;NA;NA;NA;NA;NA;NA;2;NA;NA;NA;NA;NA;NA;NA
31;"MG";3129707;"312970";"Ibiraci";"Não";"-";"Pedestres";NA;NA;NA;NA;NA;NA;NA;NA;NA;NA;NA;1;NA;NA;NA;NA;1;NA;NA;NA;NA;NA;NA;NA;NA
31;"MG";3129806;"312980";"Ibirité";"Não";"Região Metropolitana de Belo Horizonte";"Pedestres";NA;1;NA;NA;3;NA;1;NA;1;3;1;1;2;NA;NA;NA;NA;NA;1;NA;NA;NA;NA;1;NA
31;"MG";3130051;"313005";"Icaraí de Minas";"Não";"-";"Pedestres";NA;NA;NA;NA;NA;NA;NA;NA;NA;NA;NA;NA;NA;NA;NA;NA;NA;NA;NA;1;NA;1;NA;2;NA
31;"MG";3130101;"313010";"Igarapé";"Não";"Região Metropolitana de Belo Horizonte";"Pedestres";2;NA;1;NA;NA;NA;NA;NA;NA;2;1;NA;NA;1;1;NA;NA;NA;NA;NA;NA;NA;NA;NA;NA
31;"MG";3130200;"313020";"Igaratinga";"Não";"-";"Pedestres";NA;NA;NA;NA;NA;NA;NA;NA;NA;NA;NA;2;NA;NA;NA;NA;NA;NA;NA;NA;NA;NA;NA;NA;NA
31;"MG";3130309;"313030";"Iguatama";"Não";"-";"Pedestres";NA;1;NA;NA;NA;NA;NA;NA;NA;NA;NA;NA;NA;NA;NA;NA;NA;NA;NA;NA;NA;NA;NA;NA;NA
31;"MG";3130408;"313040";"Ijaci";"Não";"-";"Pedestres";NA;NA;NA;NA;NA;NA;NA;NA;NA;NA;NA;1;NA;NA;NA;NA;NA;NA;NA;NA;NA;NA;NA;NA;NA
31;"MG";3130507;"313050";"Ilicínea";"Não";"-";"Pedestres";NA;NA;NA;NA;NA;NA;NA;NA;NA;NA;NA;NA;NA;NA;1;NA;NA;NA;NA;NA;NA;NA;NA;NA;NA
31;"MG";3130556;"313055";"Imbé de Minas";"Não";"-";"Pedestres";NA;NA;NA;NA;NA;NA;NA;NA;NA;NA;NA;NA;NA;NA;NA;NA;1;NA;NA;NA;NA;NA;NA;NA;NA
31;"MG";3130606;"313060";"Inconfidentes";"Não";"-";"Pedestres";NA;NA;NA;NA;1;NA;NA;NA;NA;NA;NA;NA;NA;NA;NA;NA;NA;NA;NA;NA;NA;NA;NA;NA;NA
31;"MG";3130655;"313065";"Indaiabira";"Não";"-";"Pedestres";NA;NA;NA;NA;NA;NA;NA;NA;NA;NA;NA;NA;NA;NA;NA;NA;NA;NA;NA;NA;NA;NA;NA;NA;NA
31;"MG";3130705;"313070";"Indianópolis";"Não";"-";"Pedestres";NA;NA;NA;NA;NA;NA;NA;NA;NA;NA;NA;NA;NA;NA;NA;NA;NA;NA;NA;NA;NA;NA;NA;NA;NA
31;"MG";3130903;"313090";"Inhapim";"Não";"-";"Pedestres";NA;NA;NA;NA;NA;NA;1;NA;NA;NA;NA;NA;NA;NA;1;NA;1;NA;1;NA;1;NA;NA;NA;NA
31;"MG";3131000;"313100";"Inhaúma";"Não";"Colar Metropolitano de Belo Horizonte";"Pedestres";NA;NA;NA;NA;NA;NA;NA;NA;NA;NA;NA;NA;NA;NA;NA;NA;NA;NA;NA;1;NA;NA;NA;NA;NA
31;"MG";3131109;"313110";"Inimutaba";"Não";"-";"Pedestres";NA;NA;NA;NA;NA;NA;NA;NA;NA;NA;NA;NA;NA;NA;NA;NA;NA;NA;NA;NA;NA;NA;NA;NA;NA
31;"MG";3131158;"313115";"Ipaba";"Não";"Colar Metropolitano";"Pedestres";NA;NA;NA;NA;NA;NA;NA;NA;1;NA;NA;NA;NA;NA;NA;NA;1;NA;NA;NA;NA;NA;NA;NA;NA
31;"MG";3131208;"313120";"Ipanema";"Não";"-";"Pedestres";NA;NA;1;NA;1;NA;NA;1;NA;NA;NA;NA;NA;NA;NA;NA;NA;1;1;NA;1;NA;1;1;NA
31;"MG";3131307;"313130";"Ipatinga";"Não";"Região Metropolitana do Vale do Aço";"Pedestres";2;1;1;NA;NA;NA;1;NA;NA;NA;NA;1;3;2;5;6;4;7;4;11;6;3;7;10;NA
31;"MG";3131505;"313150";"Ipuiúna";"Não";"-";"Pedestres";NA;NA;NA;NA;NA;NA;NA;NA;NA;NA;NA;NA;NA;NA;NA;NA;NA;NA;NA;NA;NA;NA;NA;NA;NA
31;"MG";3131604;"313160";"Iraí de Minas";"Não";"-";"Pedestres";NA;NA;NA;NA;NA;NA;NA;NA;NA;NA;NA;1;NA;NA;NA;NA;NA;NA;NA;NA;NA;NA;NA;NA;NA
31;"MG";3131703;"313170";"Itabira";"Não";"-";"Pedestres";NA;NA;NA;NA;1;1;NA;NA;NA;2;3;1;1;3;1;1;3;3;1;3;1;1;1;NA;NA
31;"MG";3131802;"313180";"Itabirinha";"Não";"-";"Pedestres";NA;NA;NA;NA;NA;NA;NA;NA;NA;NA;NA;NA;NA;NA;NA;NA;NA;NA;NA;NA;NA;NA;NA;NA;NA
31;"MG";3131901;"313190";"Itabirito";"Não";"Colar Metropolitano de Belo Horizonte";"Pedestres";NA;NA;NA;NA;1;NA;NA;1;1;2;NA;NA;1;1;NA;NA;NA;NA;1;1;NA;1;2;NA;NA
31;"MG";3132008;"313200";"Itacambira";"Não";"-";"Pedestres";NA;NA;NA;NA;1;NA;NA;NA;NA;NA;NA;NA;NA;NA;NA;NA;NA;NA;NA;NA;NA;NA;NA;NA;NA
31;"MG";3132107;"313210";"Itacarambi";"Não";"-";"Pedestres";NA;NA;1;NA;NA;NA;NA;1;NA;NA;NA;1;NA;NA;NA;NA;NA;1;NA;1;NA;NA;NA;1;NA
31;"MG";3132206;"313220";"Itaguara";"Não";"Região Metropolitana de Belo Horizonte";"Pedestres";NA;NA;NA;NA;NA;NA;1;NA;1;NA;NA;2;NA;NA;NA;NA;NA;1;1;NA;NA;NA;NA;NA;NA
31;"MG";3132305;"313230";"Itaipé";"Não";"-";"Pedestres";NA;NA;NA;NA;NA;NA;NA;NA;NA;NA;NA;NA;NA;NA;1;NA;NA;NA;NA;NA;NA;NA;NA;NA;NA
31;"MG";3132404;"313240";"Itajubá";"Não";"-";"Pedestres";NA;NA;NA;NA;NA;NA;2;2;NA;1;1;NA;NA;NA;NA;3;1;NA;NA;1;NA;NA;1;NA;NA
31;"MG";3132503;"313250";"Itamarandiba";"Não";"-";"Pedestres";NA;NA;NA;NA;1;NA;NA;NA;1;NA;NA;NA;NA;1;NA;NA;NA;NA;NA;NA;NA;NA;1;NA;NA
31;"MG";3132602;"313260";"Itamarati de Minas";"Não";"-";"Pedestres";NA;NA;NA;NA;NA;NA;NA;NA;NA;NA;NA;NA;NA;NA;NA;NA;NA;NA;NA;NA;NA;NA;NA;NA;NA
31;"MG";3132701;"313270";"Itambacuri";"Não";"-";"Pedestres";NA;NA;NA;NA;NA;NA;2;1;2;1;1;1;2;4;NA;1;NA;4;NA;NA;2;2;NA;NA;NA
31;"MG";3132800;"313280";"Itambé do Mato Dentro";"Não";"-";"Pedestres";NA;NA;NA;NA;NA;NA;NA;NA;NA;NA;NA;NA;NA;NA;NA;NA;NA;NA;1;NA;NA;NA;NA;NA;NA
31;"MG";3132909;"313290";"Itamogi";"Não";"-";"Pedestres";NA;NA;NA;NA;NA;NA;NA;NA;NA;NA;NA;NA;NA;NA;NA;NA;NA;NA;NA;NA;NA;NA;NA;NA;NA
31;"MG";3133006;"313300";"Itamonte";"Não";"-";"Pedestres";NA;NA;NA;NA;NA;NA;NA;NA;NA;NA;NA;NA;NA;NA;NA;NA;NA;NA;NA;NA;NA;NA;NA;NA;NA
31;"MG";3133105;"313310";"Itanhandu";"Não";"-";"Pedestres";NA;NA;NA;NA;NA;NA;NA;NA;NA;NA;NA;NA;NA;NA;NA;NA;NA;NA;NA;1;NA;1;NA;NA;NA
31;"MG";3133204;"313320";"Itanhomi";"Não";"-";"Pedestres";NA;NA;NA;NA;NA;NA;NA;NA;NA;NA;NA;NA;NA;NA;NA;NA;NA;NA;NA;NA;NA;NA;NA;NA;NA
31;"MG";3133303;"313330";"Itaobim";"Não";"-";"Pedestres";1;NA;NA;NA;NA;1;2;NA;1;NA;NA;1;NA;NA;NA;1;NA;1;NA;1;NA;1;NA;NA;NA
31;"MG";3133402;"313340";"Itapagipe";"Não";"-";"Pedestres";NA;NA;NA;NA;NA;NA;NA;NA;NA;NA;NA;NA;NA;NA;2;NA;NA;NA;NA;NA;1;1;NA;NA;NA
31;"MG";3133501;"313350";"Itapecerica";"Não";"-";"Pedestres";1;NA;NA;NA;NA;NA;NA;NA;NA;NA;NA;NA;NA;NA;NA;NA;NA;NA;NA;NA;NA;NA;1;1;NA
31;"MG";3133600;"313360";"Itapeva";"Não";"-";"Pedestres";NA;NA;NA;NA;NA;1;NA;NA;NA;NA;NA;NA;NA;NA;NA;NA;NA;NA;1;1;NA;1;NA;NA;NA
31;"MG";3133709;"313370";"Itatiaiuçu";"Não";"Região Metropolitana de Belo Horizonte";"Pedestres";NA;NA;NA;1;NA;NA;NA;2;NA;NA;NA;NA;NA;NA;2;1;NA;3;NA;NA;NA;2;NA;NA;NA
31;"MG";3133758;"313375";"Itaú de Minas";"Não";"-";"Pedestres";NA;NA;NA;NA;NA;1;NA;NA;NA;NA;NA;NA;NA;NA;NA;NA;NA;NA;NA;NA;NA;NA;NA;NA;NA
31;"MG";3133808;"313380";"Itaúna";"Não";"Colar Metropolitano de Belo Horizonte";"Pedestres";NA;NA;NA;NA;NA;1;3;NA;3;NA;NA;NA;1;1;3;NA;NA;NA;NA;NA;NA;NA;1;NA;NA
31;"MG";3134004;"313400";"Itinga";"Não";"-";"Pedestres";NA;NA;NA;NA;NA;NA;NA;NA;NA;NA;NA;NA;NA;NA;NA;NA;NA;NA;NA;NA;NA;NA;NA;NA;NA
31;"MG";3134202;"313420";"Ituiutaba";"Não";"-";"Pedestres";NA;3;1;1;2;NA;NA;NA;NA;1;1;NA;1;NA;1;2;2;1;2;1;1;NA;NA;NA;NA
31;"MG";3134400;"313440";"Iturama";"Não";"-";"Pedestres";1;NA;NA;NA;NA;3;NA;1;NA;1;NA;NA;NA;NA;NA;NA;NA;NA;NA;NA;NA;NA;NA;1;NA
31;"MG";3134608;"313460";"Jaboticatubas";"Não";"Região Metropolitana de Belo Horizonte";"Pedestres";NA;2;NA;NA;1;NA;NA;NA;NA;NA;1;NA;NA;1;NA;NA;1;NA;NA;NA;1;2;NA;1;NA
31;"MG";3134806;"313480";"Jacuí";"Não";"-";"Pedestres";NA;NA;NA;NA;NA;NA;NA;NA;NA;NA;NA;NA;NA;NA;NA;NA;NA;NA;NA;NA;NA;NA;NA;NA;NA
31;"MG";3134905;"313490";"Jacutinga";"Não";"-";"Pedestres";NA;NA;NA;NA;NA;NA;NA;NA;NA;NA;NA;NA;NA;1;NA;NA;NA;NA;NA;NA;NA;NA;1;NA;NA
31;"MG";3135001;"313500";"Jaguaraçu";"Não";"Colar Metropolitano";"Pedestres";NA;NA;NA;NA;NA;NA;NA;NA;NA;NA;NA;NA;NA;NA;NA;NA;NA;NA;NA;NA;NA;NA;NA;NA;NA
31;"MG";3135050;"313505";"Jaíba";"Não";"-";"Pedestres";NA;NA;NA;2;1;NA;NA;NA;NA;NA;1;NA;4;2;NA;NA;1;NA;NA;NA;NA;NA;1;NA;NA
31;"MG";3135076;"313507";"Jampruca";"Não";"-";"Pedestres";NA;NA;NA;2;NA;NA;NA;NA;NA;NA;NA;NA;NA;NA;NA;NA;NA;NA;NA;NA;NA;NA;NA;NA;NA
31;"MG";3135100;"313510";"Janaúba";"Não";"-";"Pedestres";NA;1;NA;NA;NA;NA;NA;NA;1;1;2;NA;2;2;1;NA;NA;NA;NA;NA;NA;1;NA;NA;NA
31;"MG";3135209;"313520";"Januária";"Não";"-";"Pedestres";NA;NA;NA;2;NA;1;NA;NA;NA;3;1;3;NA;1;NA;NA;NA;1;1;1;NA;1;1;1;NA
31;"MG";3135357;"313535";"Japonvar";"Não";"-";"Pedestres";NA;NA;NA;NA;NA;NA;1;NA;NA;NA;2;NA;1;NA;NA;NA;NA;NA;NA;NA;NA;NA;NA;NA;NA
31;"MG";3135407;"313540";"Jeceaba";"Não";"-";"Pedestres";NA;NA;NA;NA;NA;NA;NA;NA;NA;NA;1;NA;1;NA;NA;NA;NA;NA;NA;1;NA;NA;NA;1;NA
31;"MG";3135506;"313550";"Jequeri";"Não";"-";"Pedestres";NA;NA;NA;NA;NA;NA;NA;NA;NA;NA;NA;NA;NA;NA;NA;NA;NA;NA;NA;NA;NA;NA;NA;NA;NA
31;"MG";3135605;"313560";"Jequitaí";"Não";"-";"Pedestres";1;NA;NA;NA;NA;NA;NA;NA;NA;NA;1;1;1;NA;NA;NA;NA;NA;NA;NA;NA;NA;NA;NA;NA
31;"MG";3135704;"313570";"Jequitibá";"Não";"-";"Pedestres";NA;NA;NA;NA;NA;NA;NA;NA;NA;NA;NA;NA;NA;NA;NA;1;NA;NA;NA;1;NA;NA;NA;NA;NA
31;"MG";3135803;"313580";"Jequitinhonha";"Não";"-";"Pedestres";NA;NA;NA;NA;NA;NA;NA;NA;NA;NA;NA;NA;NA;2;NA;NA;NA;NA;NA;NA;NA;NA;NA;NA;NA
31;"MG";3136009;"313600";"Joaíma";"Não";"-";"Pedestres";NA;NA;NA;NA;NA;NA;NA;NA;NA;NA;NA;NA;NA;NA;NA;NA;NA;NA;NA;NA;1;NA;NA;NA;NA
31;"MG";3136108;"313610";"Joanésia";"Não";"Colar Metropolitano";"Pedestres";NA;NA;NA;NA;NA;NA;NA;NA;NA;NA;NA;NA;NA;NA;NA;NA;NA;NA;NA;NA;NA;NA;NA;NA;NA
31;"MG";3136207;"313620";"João Monlevade";"Não";"-";"Pedestres";1;NA;1;NA;NA;NA;1;NA;2;NA;2;2;1;1;2;3;3;NA;NA;1;NA;NA;1;1;NA
31;"MG";3136306;"313630";"João Pinheiro";"Não";"-";"Pedestres";NA;1;2;NA;1;NA;NA;1;NA;NA;2;2;NA;NA;2;1;1;NA;NA;NA;1;NA;1;2;NA
31;"MG";3136405;"313640";"Joaquim Felício";"Não";"-";"Pedestres";NA;NA;NA;NA;NA;NA;NA;NA;NA;NA;NA;1;NA;NA;1;NA;NA;1;NA;NA;1;NA;NA;NA;NA
31;"MG";3136603;"313660";"Nova União";"Não";"Região Metropolitana de Belo Horizonte";"Pedestres";NA;NA;NA;1;NA;NA;NA;NA;NA;NA;NA;1;NA;NA;NA;NA;NA;NA;NA;NA;NA;NA;NA;NA;NA
31;"MG";3136652;"313665";"Juatuba";"Não";"Região Metropolitana de Belo Horizonte";"Pedestres";1;1;NA;NA;NA;NA;NA;NA;NA;NA;NA;1;1;2;1;NA;1;NA;NA;1;1;NA;1;NA;NA
31;"MG";3136702;"313670";"Juiz de Fora";"Não";"-";"Pedestres";13;11;10;8;12;14;17;12;18;11;15;10;14;9;9;12;4;9;11;16;12;9;9;6;NA
31;"MG";3136801;"313680";"Juramento";"Não";"-";"Pedestres";NA;NA;NA;NA;NA;NA;NA;NA;NA;NA;NA;NA;NA;NA;NA;1;NA;NA;NA;NA;NA;NA;NA;NA;NA
31;"MG";3136900;"313690";"Juruaia";"Não";"-";"Pedestres";NA;NA;NA;NA;NA;NA;NA;NA;NA;NA;NA;NA;NA;NA;NA;NA;NA;NA;NA;NA;NA;NA;NA;NA;NA
31;"MG";3137007;"313700";"Ladainha";"Não";"-";"Pedestres";NA;NA;NA;NA;NA;NA;NA;NA;NA;NA;NA;NA;NA;NA;NA;1;NA;NA;NA;2;1;NA;NA;NA;NA
31;"MG";3137106;"313710";"Lagamar";"Não";"-";"Pedestres";NA;NA;NA;NA;NA;NA;NA;NA;NA;NA;NA;NA;NA;NA;NA;NA;NA;NA;NA;NA;NA;NA;NA;1;NA
31;"MG";3137205;"313720";"Lagoa da Prata";"Não";"-";"Pedestres";NA;NA;NA;1;1;1;NA;NA;1;1;NA;NA;NA;NA;NA;NA;NA;NA;NA;NA;NA;NA;NA;NA;NA
31;"MG";3137304;"313730";"Lagoa dos Patos";"Não";"-";"Pedestres";NA;NA;NA;NA;NA;NA;NA;NA;NA;NA;NA;NA;NA;NA;NA;NA;NA;NA;NA;NA;NA;1;NA;NA;NA
31;"MG";3137403;"313740";"Lagoa Dourada";"Não";"-";"Pedestres";NA;NA;1;NA;NA;NA;NA;NA;NA;NA;NA;NA;NA;NA;NA;NA;NA;NA;NA;NA;NA;NA;NA;NA;NA
31;"MG";3137502;"313750";"Lagoa Formosa";"Não";"-";"Pedestres";NA;NA;NA;NA;NA;NA;NA;NA;NA;NA;NA;NA;NA;NA;NA;NA;NA;NA;NA;NA;NA;NA;NA;NA;NA
31;"MG";3137536;"313753";"Lagoa Grande";"Não";"-";"Pedestres";NA;NA;NA;NA;NA;NA;NA;NA;NA;NA;NA;1;NA;NA;NA;NA;NA;NA;NA;NA;NA;NA;NA;NA;NA
31;"MG";3137601;"313760";"Lagoa Santa";"Não";"Região Metropolitana de Belo Horizonte";"Pedestres";NA;NA;NA;1;NA;1;NA;NA;NA;NA;NA;NA;NA;NA;NA;NA;NA;NA;NA;NA;NA;NA;NA;1;NA
31;"MG";3137700;"313770";"Lajinha";"Não";"-";"Pedestres";NA;NA;NA;NA;NA;NA;NA;1;NA;NA;NA;NA;NA;1;NA;NA;NA;NA;NA;NA;NA;NA;NA;NA;NA
31;"MG";3137809;"313780";"Lambari";"Não";"-";"Pedestres";NA;NA;NA;1;NA;1;NA;NA;NA;NA;1;NA;1;NA;NA;NA;NA;NA;NA;NA;NA;NA;NA;NA;NA
31;"MG";3138005;"313800";"Laranjal";"Não";"-";"Pedestres";NA;NA;NA;NA;NA;NA;NA;NA;NA;NA;NA;NA;NA;NA;NA;NA;NA;2;NA;NA;NA;NA;NA;NA;NA
31;"MG";3138203;"313820";"Lavras";"Não";"-";"Pedestres";1;4;2;2;3;NA;4;3;3;3;3;2;NA;1;1;1;1;2;NA;1;NA;2;3;NA;NA
31;"MG";3138302;"313830";"Leandro Ferreira";"Não";"-";"Pedestres";NA;NA;NA;NA;NA;NA;NA;NA;NA;NA;NA;NA;NA;NA;NA;NA;NA;NA;NA;NA;NA;NA;NA;NA;NA
31;"MG";3138401;"313840";"Leopoldina";"Não";"-";"Pedestres";4;1;NA;1;NA;1;2;NA;NA;NA;NA;NA;NA;NA;NA;NA;NA;NA;NA;NA;NA;1;NA;NA;NA
31;"MG";3138609;"313860";"Lima Duarte";"Não";"-";"Pedestres";NA;NA;NA;NA;1;1;NA;NA;NA;NA;NA;NA;1;NA;NA;1;1;1;NA;NA;NA;NA;NA;NA;NA
31;"MG";3138658;"313865";"Lontra";"Não";"-";"Pedestres";NA;NA;NA;NA;NA;NA;NA;NA;NA;NA;NA;NA;NA;NA;NA;NA;4;NA;NA;NA;NA;NA;NA;1;NA
31;"MG";3138674;"313867";"Luisburgo";"Não";"-";"Pedestres";NA;NA;NA;NA;NA;NA;NA;NA;NA;NA;NA;NA;NA;NA;NA;NA;NA;NA;NA;NA;NA;NA;NA;NA;NA
31;"MG";3138682;"313868";"Luislândia";"Não";"-";"Pedestres";NA;NA;NA;NA;NA;NA;1;NA;NA;NA;NA;NA;NA;NA;NA;NA;NA;NA;NA;NA;NA;NA;NA;NA;NA
31;"MG";3138807;"313880";"Luz";"Não";"-";"Pedestres";NA;NA;1;NA;1;NA;NA;2;NA;NA;NA;NA;1;NA;NA;NA;NA;NA;NA;NA;NA;NA;NA;NA;NA
31;"MG";3138906;"313890";"Machacalis";"Não";"-";"Pedestres";NA;NA;NA;NA;NA;NA;NA;NA;NA;NA;1;NA;1;NA;NA;1;NA;NA;NA;NA;NA;NA;NA;NA;NA
31;"MG";3139003;"313900";"Machado";"Não";"-";"Pedestres";NA;NA;NA;NA;NA;NA;NA;NA;NA;NA;1;1;NA;NA;NA;NA;NA;NA;NA;NA;NA;NA;1;NA;NA
31;"MG";3139102;"313910";"Madre de Deus de Minas";"Não";"-";"Pedestres";NA;NA;NA;NA;NA;NA;NA;NA;NA;NA;NA;NA;NA;NA;NA;NA;NA;NA;NA;NA;NA;NA;NA;NA;NA
31;"MG";3139201;"313920";"Malacacheta";"Não";"-";"Pedestres";NA;NA;NA;NA;NA;NA;1;1;NA;2;NA;2;NA;NA;2;1;1;NA;1;1;2;NA;NA;NA;NA
31;"MG";3139300;"313930";"Manga";"Não";"-";"Pedestres";NA;NA;NA;NA;NA;NA;NA;NA;NA;NA;NA;NA;1;NA;NA;NA;1;2;1;NA;NA;NA;1;NA;NA
31;"MG";3139409;"313940";"Manhuaçu";"Não";"-";"Pedestres";NA;NA;NA;NA;3;1;NA;1;5;2;2;3;4;2;5;2;1;1;1;3;3;5;2;3;NA
31;"MG";3139508;"313950";"Manhumirim";"Não";"-";"Pedestres";NA;NA;NA;1;3;NA;NA;NA;NA;NA;NA;NA;NA;1;NA;NA;NA;1;1;NA;NA;NA;1;NA;NA
31;"MG";3139607;"313960";"Mantena";"Não";"-";"Pedestres";NA;NA;1;NA;NA;NA;NA;NA;NA;1;1;NA;NA;1;1;NA;2;NA;NA;1;1;NA;NA;NA;NA
31;"MG";3139706;"313970";"Maravilhas";"Não";"-";"Pedestres";NA;NA;NA;NA;NA;NA;NA;NA;NA;NA;NA;NA;NA;NA;1;NA;NA;NA;NA;NA;NA;NA;NA;NA;NA
31;"MG";3139805;"313980";"Mar de Espanha";"Não";"-";"Pedestres";NA;NA;NA;NA;NA;NA;NA;NA;NA;NA;NA;NA;NA;NA;NA;NA;NA;1;NA;NA;NA;NA;1;NA;NA
31;"MG";3139904;"313990";"Maria da Fé";"Não";"-";"Pedestres";NA;NA;NA;NA;NA;NA;NA;NA;NA;1;NA;NA;NA;NA;NA;NA;NA;NA;NA;NA;NA;NA;NA;NA;NA
31;"MG";3140001;"314000";"Mariana";"Não";"-";"Pedestres";NA;NA;NA;NA;NA;NA;NA;NA;NA;NA;NA;NA;NA;NA;NA;NA;NA;NA;NA;NA;NA;NA;NA;NA;NA
31;"MG";3140100;"314010";"Marilac";"Não";"-";"Pedestres";NA;NA;NA;NA;NA;NA;NA;NA;NA;NA;NA;NA;1;NA;NA;NA;NA;NA;NA;NA;NA;NA;NA;NA;NA
31;"MG";3140159;"314015";"Mário Campos";"Não";"Região Metropolitana de Belo Horizonte";"Pedestres";NA;NA;NA;NA;1;NA;NA;NA;NA;NA;NA;NA;NA;NA;NA;NA;NA;NA;NA;NA;NA;NA;NA;1;NA
31;"MG";3140209;"314020";"Maripá de Minas";"Não";"-";"Pedestres";NA;NA;NA;NA;NA;NA;NA;NA;NA;NA;NA;NA;NA;NA;NA;NA;NA;NA;NA;NA;NA;NA;NA;NA;NA
31;"MG";3140506;"314050";"Martinho Campos";"Não";"-";"Pedestres";NA;NA;NA;NA;NA;NA;NA;1;NA;NA;NA;NA;1;NA;1;NA;NA;NA;NA;NA;NA;NA;NA;NA;NA
31;"MG";3140530;"314053";"Martins Soares";"Não";"-";"Pedestres";NA;NA;NA;NA;NA;NA;1;1;NA;2;NA;NA;NA;NA;NA;NA;NA;NA;NA;NA;1;NA;1;NA;NA
31;"MG";3140555;"314055";"Mata Verde";"Não";"-";"Pedestres";NA;NA;NA;NA;NA;NA;NA;NA;NA;NA;1;NA;NA;NA;NA;NA;NA;NA;NA;NA;NA;NA;NA;NA;NA
31;"MG";3140605;"314060";"Materlândia";"Não";"-";"Pedestres";NA;NA;NA;NA;NA;NA;NA;NA;NA;1;NA;NA;NA;NA;NA;NA;NA;NA;NA;NA;NA;NA;NA;NA;NA
31;"MG";3140704;"314070";"Mateus Leme";"Não";"Região Metropolitana de Belo Horizonte";"Pedestres";1;NA;1;NA;1;NA;2;NA;NA;NA;1;NA;NA;1;NA;1;1;1;NA;NA;NA;NA;NA;1;NA
31;"MG";3140803;"314080";"Matias Barbosa";"Não";"-";"Pedestres";1;NA;NA;NA;1;2;NA;NA;NA;NA;NA;1;NA;NA;NA;NA;NA;NA;NA;NA;NA;NA;1;NA;NA
31;"MG";3140852;"314085";"Matias Cardoso";"Não";"-";"Pedestres";NA;NA;NA;NA;NA;NA;NA;NA;NA;NA;NA;NA;NA;NA;NA;NA;NA;1;NA;NA;NA;NA;NA;NA;NA
31;"MG";3140902;"314090";"Matipó";"Não";"-";"Pedestres";NA;NA;NA;NA;NA;NA;NA;NA;NA;NA;NA;NA;NA;1;1;NA;NA;NA;NA;NA;NA;NA;NA;NA;NA
31;"MG";3141009;"314100";"Mato Verde";"Não";"-";"Pedestres";NA;NA;NA;NA;NA;1;NA;NA;NA;NA;1;NA;NA;NA;NA;NA;NA;NA;NA;NA;NA;NA;NA;NA;NA
31;"MG";3141108;"314110";"Matozinhos";"Não";"Região Metropolitana de Belo Horizonte";"Pedestres";NA;NA;1;1;3;2;NA;1;NA;1;1;2;NA;NA;1;NA;NA;NA;NA;NA;NA;NA;NA;1;NA
31;"MG";3141207;"314120";"Matutina";"Não";"-";"Pedestres";NA;NA;NA;NA;NA;NA;NA;NA;NA;NA;NA;NA;NA;NA;NA;NA;NA;NA;NA;NA;NA;NA;NA;NA;NA
31;"MG";3141306;"314130";"Medeiros";"Não";"-";"Pedestres";NA;NA;NA;NA;NA;NA;NA;NA;NA;NA;NA;NA;NA;NA;NA;NA;NA;NA;NA;NA;NA;NA;NA;NA;NA
31;"MG";3141405;"314140";"Medina";"Não";"-";"Pedestres";NA;1;NA;4;1;2;NA;2;1;NA;NA;NA;NA;2;NA;1;NA;1;NA;NA;1;NA;NA;NA;NA
31;"MG";3141603;"314160";"Mercês";"Não";"-";"Pedestres";NA;NA;NA;NA;1;1;NA;NA;NA;NA;NA;1;NA;NA;NA;NA;NA;NA;NA;NA;NA;NA;NA;NA;NA
31;"MG";3141801;"314180";"Minas Novas";"Não";"-";"Pedestres";1;NA;NA;NA;NA;NA;NA;NA;NA;NA;NA;NA;NA;NA;NA;NA;NA;NA;NA;NA;NA;NA;NA;1;NA
31;"MG";3141900;"314190";"Minduri";"Não";"-";"Pedestres";NA;NA;NA;1;NA;1;NA;NA;NA;NA;NA;NA;NA;NA;NA;NA;NA;NA;NA;NA;NA;NA;NA;NA;NA
31;"MG";3142007;"314200";"Mirabela";"Não";"-";"Pedestres";NA;1;NA;1;NA;1;NA;NA;NA;NA;NA;NA;NA;NA;NA;NA;NA;NA;NA;NA;NA;NA;NA;NA;NA
31;"MG";3142106;"314210";"Miradouro";"Não";"-";"Pedestres";NA;NA;NA;NA;1;NA;NA;NA;NA;NA;NA;NA;NA;NA;NA;NA;NA;1;NA;NA;NA;NA;NA;NA;NA
31;"MG";3142205;"314220";"Miraí";"Não";"-";"Pedestres";NA;NA;NA;NA;NA;NA;NA;NA;NA;NA;NA;NA;NA;NA;NA;NA;NA;NA;NA;NA;NA;NA;NA;NA;NA
31;"MG";3142304;"314230";"Moeda";"Não";"Colar Metropolitano de Belo Horizonte";"Pedestres";NA;NA;NA;NA;NA;NA;NA;NA;NA;NA;NA;NA;NA;NA;NA;NA;NA;NA;NA;NA;NA;NA;NA;NA;NA
31;"MG";3142403;"314240";"Moema";"Não";"-";"Pedestres";NA;NA;NA;NA;NA;NA;NA;NA;NA;NA;NA;NA;NA;NA;NA;NA;NA;NA;NA;NA;NA;NA;NA;NA;NA
31;"MG";3142601;"314260";"Monsenhor Paulo";"Não";"-";"Pedestres";NA;1;NA;NA;NA;NA;NA;NA;NA;NA;NA;NA;NA;NA;NA;NA;NA;NA;NA;1;NA;NA;NA;NA;NA
31;"MG";3142700;"314270";"Montalvânia";"Não";"-";"Pedestres";NA;NA;NA;NA;NA;NA;NA;NA;NA;NA;NA;NA;NA;NA;NA;NA;NA;NA;NA;NA;NA;NA;NA;NA;NA
31;"MG";3142809;"314280";"Monte Alegre de Minas";"Não";"-";"Pedestres";2;NA;NA;NA;NA;NA;NA;3;NA;NA;NA;NA;NA;NA;NA;NA;1;1;NA;1;NA;NA;5;NA;NA
31;"MG";3142908;"314290";"Monte Azul";"Não";"-";"Pedestres";NA;NA;NA;NA;NA;NA;1;NA;NA;NA;NA;1;1;NA;1;NA;NA;NA;NA;NA;NA;NA;NA;NA;NA
31;"MG";3143005;"314300";"Monte Belo";"Não";"-";"Pedestres";NA;NA;NA;NA;1;NA;NA;NA;NA;NA;NA;NA;NA;NA;NA;NA;NA;NA;NA;NA;NA;NA;NA;NA;NA
31;"MG";3143104;"314310";"Monte Carmelo";"Não";"-";"Pedestres";NA;NA;NA;NA;NA;NA;NA;NA;3;2;NA;NA;NA;NA;NA;NA;NA;NA;NA;1;1;NA;1;1;NA
31;"MG";3143203;"314320";"Monte Santo de Minas";"Não";"-";"Pedestres";NA;NA;NA;NA;NA;NA;NA;NA;NA;NA;NA;NA;1;NA;NA;NA;NA;NA;NA;NA;NA;NA;NA;NA;NA
31;"MG";3143302;"314330";"Montes Claros";"Não";"-";"Pedestres";NA;1;1;4;5;5;7;11;5;13;12;7;3;1;4;2;3;3;1;6;2;4;1;6;NA
31;"MG";3143401;"314340";"Monte Sião";"Não";"-";"Pedestres";NA;NA;NA;NA;NA;NA;NA;NA;NA;NA;NA;2;NA;NA;NA;NA;NA;NA;NA;NA;NA;NA;1;NA;NA
31;"MG";3143450;"314345";"Montezuma";"Não";"-";"Pedestres";NA;NA;NA;NA;NA;NA;NA;NA;NA;NA;NA;NA;1;NA;NA;NA;NA;NA;NA;NA;NA;NA;NA;NA;NA
31;"MG";3143500;"314350";"Morada Nova de Minas";"Não";"-";"Pedestres";NA;NA;NA;NA;NA;NA;NA;NA;NA;NA;NA;NA;NA;NA;NA;NA;NA;NA;NA;NA;NA;NA;NA;NA;NA
31;"MG";3143807;"314380";"Munhoz";"Não";"-";"Pedestres";NA;NA;NA;NA;NA;NA;NA;NA;NA;NA;NA;NA;NA;NA;NA;NA;NA;NA;NA;NA;NA;NA;NA;NA;NA
31;"MG";3143906;"314390";"Muriaé";"Não";"-";"Pedestres";NA;NA;NA;NA;NA;NA;NA;NA;NA;NA;NA;NA;NA;NA;1;4;NA;NA;NA;3;NA;NA;NA;1;NA
31;"MG";3144003;"314400";"Mutum";"Não";"-";"Pedestres";NA;NA;NA;NA;NA;NA;NA;NA;NA;NA;NA;1;1;NA;NA;NA;NA;NA;NA;NA;NA;NA;1;NA;NA
31;"MG";3144102;"314410";"Muzambinho";"Não";"-";"Pedestres";1;NA;NA;NA;NA;NA;NA;NA;NA;1;NA;NA;NA;NA;NA;NA;NA;NA;NA;NA;NA;NA;NA;NA;NA
31;"MG";3144201;"314420";"Nacip Raydan";"Não";"-";"Pedestres";NA;NA;NA;NA;NA;NA;NA;NA;NA;NA;1;NA;NA;NA;NA;NA;NA;NA;NA;NA;NA;NA;NA;NA;NA
31;"MG";3144300;"314430";"Nanuque";"Não";"-";"Pedestres";NA;NA;NA;NA;1;NA;3;NA;4;5;3;1;6;1;1;1;1;NA;NA;1;NA;1;NA;NA;NA
31;"MG";3144359;"314435";"Naque";"Não";"Colar Metropolitano";"Pedestres";NA;NA;NA;NA;NA;NA;NA;NA;NA;NA;NA;NA;NA;NA;NA;NA;NA;NA;NA;NA;NA;NA;NA;1;NA
31;"MG";3144375;"314437";"Natalândia";"Não";"-";"Pedestres";NA;NA;NA;NA;NA;NA;NA;NA;NA;NA;NA;NA;1;NA;NA;NA;NA;NA;NA;NA;NA;NA;NA;NA;NA
31;"MG";3144409;"314440";"Natércia";"Não";"-";"Pedestres";NA;NA;NA;NA;NA;NA;NA;NA;NA;NA;NA;NA;NA;NA;NA;NA;NA;NA;NA;1;NA;NA;NA;NA;NA
31;"MG";3144607;"314460";"Nepomuceno";"Não";"-";"Pedestres";NA;NA;NA;NA;NA;NA;NA;NA;NA;NA;NA;NA;NA;NA;NA;NA;1;NA;NA;NA;NA;1;NA;NA;NA
31;"MG";3144656;"314465";"Ninheira";"Não";"-";"Pedestres";NA;NA;NA;NA;NA;NA;NA;NA;NA;NA;NA;1;NA;NA;NA;NA;NA;NA;NA;NA;NA;NA;NA;NA;NA
31;"MG";3144706;"314470";"Nova Era";"Não";"-";"Pedestres";NA;NA;NA;1;1;NA;NA;3;1;NA;NA;NA;NA;1;1;2;NA;NA;NA;NA;NA;1;NA;NA;NA
31;"MG";3144805;"314480";"Nova Lima";"Não";"Região Metropolitana de Belo Horizonte";"Pedestres";NA;NA;1;NA;1;1;2;NA;NA;NA;NA;1;1;1;2;NA;2;NA;1;1;NA;NA;NA;NA;NA
31;"MG";3144904;"314490";"Nova Módica";"Não";"-";"Pedestres";NA;NA;1;NA;NA;NA;NA;NA;NA;NA;NA;NA;NA;NA;NA;NA;NA;NA;NA;NA;NA;NA;NA;NA;NA
31;"MG";3145000;"314500";"Nova Ponte";"Não";"-";"Pedestres";NA;NA;NA;NA;NA;NA;NA;NA;NA;NA;1;NA;NA;NA;NA;NA;NA;1;NA;NA;2;NA;NA;NA;NA
31;"MG";3145109;"314510";"Nova Resende";"Não";"-";"Pedestres";NA;NA;NA;NA;NA;NA;NA;NA;NA;NA;NA;NA;NA;NA;NA;NA;NA;NA;NA;NA;NA;NA;NA;NA;NA
31;"MG";3145208;"314520";"Nova Serrana";"Não";"-";"Pedestres";2;NA;NA;1;1;NA;NA;3;2;2;1;NA;NA;NA;NA;2;1;NA;1;NA;1;NA;2;NA;NA
31;"MG";3145307;"314530";"Novo Cruzeiro";"Não";"-";"Pedestres";NA;NA;NA;1;1;1;2;NA;NA;1;NA;NA;2;1;NA;NA;1;NA;NA;NA;NA;NA;NA;1;NA
31;"MG";3145356;"314535";"Novo Oriente de Minas";"Não";"-";"Pedestres";NA;NA;NA;NA;NA;2;NA;NA;NA;NA;NA;NA;NA;NA;NA;NA;NA;NA;NA;NA;NA;NA;NA;NA;NA
31;"MG";3145406;"314540";"Olaria";"Não";"-";"Pedestres";NA;1;NA;NA;NA;NA;NA;NA;NA;NA;NA;NA;NA;NA;NA;NA;NA;NA;NA;NA;NA;NA;NA;NA;NA
31;"MG";3145505;"314550";"Olímpio Noronha";"Não";"-";"Pedestres";NA;NA;NA;NA;NA;1;NA;NA;NA;NA;NA;NA;NA;NA;NA;NA;NA;NA;NA;NA;NA;NA;NA;NA;NA
31;"MG";3145604;"314560";"Oliveira";"Não";"-";"Pedestres";NA;NA;NA;NA;2;4;1;NA;NA;2;NA;NA;NA;2;NA;NA;2;5;1;3;1;4;1;1;NA
31;"MG";3145703;"314570";"Oliveira Fortes";"Não";"-";"Pedestres";NA;NA;NA;NA;NA;NA;NA;NA;NA;NA;NA;NA;NA;NA;NA;NA;NA;NA;NA;NA;NA;NA;NA;1;NA
31;"MG";3145877;"314587";"Orizânia";"Não";"-";"Pedestres";NA;NA;NA;NA;NA;NA;NA;1;NA;NA;NA;NA;NA;NA;1;NA;NA;NA;NA;NA;NA;NA;NA;NA;NA
31;"MG";3145901;"314590";"Ouro Branco";"Não";"-";"Pedestres";1;NA;NA;NA;NA;NA;1;NA;NA;1;NA;1;NA;NA;NA;NA;NA;NA;NA;2;NA;NA;1;NA;NA
31;"MG";3146008;"314600";"Ouro Fino";"Não";"-";"Pedestres";NA;NA;NA;NA;NA;NA;NA;NA;NA;NA;NA;1;NA;NA;NA;NA;NA;NA;NA;NA;NA;NA;NA;NA;NA
31;"MG";3146107;"314610";"Ouro Preto";"Não";"-";"Pedestres";NA;1;NA;1;NA;NA;NA;1;2;NA;NA;NA;1;NA;NA;NA;NA;1;1;3;NA;NA;NA;2;NA
31;"MG";3146206;"314620";"Ouro Verde de Minas";"Não";"-";"Pedestres";NA;NA;NA;NA;NA;1;NA;NA;NA;NA;NA;NA;NA;NA;NA;NA;NA;NA;NA;NA;NA;NA;NA;NA;NA
31;"MG";3146255;"314625";"Padre Carvalho";"Não";"-";"Pedestres";NA;NA;NA;NA;NA;NA;NA;NA;NA;NA;NA;NA;NA;NA;NA;1;NA;NA;NA;1;NA;NA;NA;NA;NA
31;"MG";3146305;"314630";"Padre Paraíso";"Não";"-";"Pedestres";1;NA;NA;NA;1;3;4;2;1;NA;3;NA;1;NA;NA;NA;1;NA;NA;NA;1;NA;1;NA;NA
31;"MG";3146404;"314640";"Paineiras";"Não";"-";"Pedestres";NA;NA;NA;NA;NA;NA;NA;NA;NA;NA;NA;1;NA;NA;NA;NA;NA;NA;NA;NA;NA;NA;NA;NA;NA
31;"MG";3146503;"314650";"Pains";"Não";"-";"Pedestres";NA;NA;NA;NA;NA;NA;NA;NA;NA;NA;NA;NA;NA;NA;NA;NA;NA;NA;NA;NA;NA;NA;NA;NA;NA
31;"MG";3146552;"314655";"Pai Pedro";"Não";"-";"Pedestres";NA;NA;NA;NA;NA;NA;NA;1;NA;NA;NA;NA;NA;NA;NA;NA;NA;NA;NA;NA;NA;NA;NA;NA;NA
31;"MG";3146909;"314690";"Papagaios";"Não";"-";"Pedestres";NA;NA;NA;NA;NA;NA;NA;NA;NA;NA;NA;NA;NA;NA;NA;NA;NA;NA;NA;NA;NA;NA;NA;NA;NA
31;"MG";3147006;"314700";"Paracatu";"Não";"-";"Pedestres";2;2;1;1;1;NA;NA;NA;NA;NA;NA;NA;NA;NA;NA;NA;NA;NA;NA;NA;NA;NA;1;NA;NA
31;"MG";3147105;"314710";"Pará de Minas";"Não";"Colar Metropolitano de Belo Horizonte";"Pedestres";NA;1;NA;NA;1;1;NA;NA;NA;NA;1;1;NA;NA;NA;1;NA;NA;NA;3;3;2;1;NA;NA
31;"MG";3147204;"314720";"Paraguaçu";"Não";"-";"Pedestres";NA;NA;NA;NA;1;NA;NA;NA;NA;NA;NA;NA;NA;NA;NA;NA;NA;NA;NA;NA;NA;NA;NA;NA;NA
31;"MG";3147303;"314730";"Paraisópolis";"Não";"-";"Pedestres";NA;NA;NA;NA;NA;NA;NA;NA;NA;NA;NA;NA;NA;NA;NA;NA;NA;NA;NA;NA;NA;NA;NA;1;NA
31;"MG";3147402;"314740";"Paraopeba";"Não";"-";"Pedestres";NA;NA;NA;1;NA;NA;NA;NA;NA;NA;NA;NA;NA;1;NA;1;1;1;NA;NA;1;1;NA;NA;NA
31;"MG";3147501;"314750";"Passabém";"Não";"-";"Pedestres";NA;NA;NA;NA;NA;NA;NA;NA;NA;NA;NA;NA;NA;NA;1;NA;NA;NA;NA;NA;NA;NA;NA;NA;NA
31;"MG";3147600;"314760";"Passa Quatro";"Não";"-";"Pedestres";NA;NA;NA;1;NA;NA;NA;NA;NA;NA;NA;NA;NA;NA;NA;NA;NA;NA;NA;NA;NA;NA;NA;NA;NA
31;"MG";3147709;"314770";"Passa Tempo";"Não";"-";"Pedestres";NA;NA;NA;NA;NA;NA;NA;NA;NA;NA;NA;NA;NA;NA;1;NA;NA;NA;NA;NA;NA;NA;NA;NA;NA
31;"MG";3147808;"314780";"Passa Vinte";"Não";"-";"Pedestres";NA;NA;NA;NA;NA;NA;NA;NA;NA;NA;NA;NA;NA;1;2;NA;NA;NA;NA;NA;NA;NA;NA;NA;NA
31;"MG";3147907;"314790";"Passos";"Não";"-";"Pedestres";NA;NA;1;1;2;NA;3;NA;1;NA;1;1;4;2;1;3;1;2;1;1;2;4;NA;1;NA
31;"MG";3147956;"314795";"Patis";"Não";"-";"Pedestres";NA;NA;NA;NA;NA;NA;NA;NA;NA;NA;NA;NA;NA;NA;NA;1;NA;NA;NA;NA;NA;NA;NA;NA;NA
31;"MG";3148004;"314800";"Patos de Minas";"Não";"-";"Pedestres";NA;NA;NA;1;NA;NA;2;3;4;2;2;2;NA;5;3;1;1;1;5;1;1;NA;6;6;NA
31;"MG";3148103;"314810";"Patrocínio";"Não";"-";"Pedestres";2;1;1;1;2;1;NA;2;4;NA;4;3;2;1;NA;1;1;2;2;3;1;NA;1;NA;NA
31;"MG";3148301;"314830";"Paula Cândido";"Não";"-";"Pedestres";NA;NA;NA;NA;NA;1;NA;NA;NA;NA;NA;1;1;NA;NA;NA;NA;NA;NA;1;NA;NA;NA;NA;NA
31;"MG";3148509;"314850";"Pavão";"Não";"-";"Pedestres";NA;1;NA;NA;NA;NA;NA;NA;1;NA;NA;NA;NA;1;NA;NA;NA;1;NA;NA;NA;NA;NA;NA;NA
31;"MG";3148608;"314860";"Peçanha";"Não";"-";"Pedestres";NA;NA;1;1;NA;NA;NA;NA;NA;NA;NA;NA;NA;NA;NA;NA;NA;NA;NA;NA;NA;NA;NA;NA;NA
31;"MG";3148707;"314870";"Pedra Azul";"Não";"-";"Pedestres";NA;1;1;NA;1;NA;NA;1;1;NA;1;1;NA;1;NA;NA;1;1;1;NA;NA;1;NA;NA;NA
31;"MG";3148905;"314890";"Pedra do Indaiá";"Não";"-";"Pedestres";NA;NA;NA;NA;NA;NA;NA;NA;NA;NA;NA;NA;NA;NA;NA;NA;NA;NA;NA;NA;NA;NA;NA;NA;NA
31;"MG";3149002;"314900";"Pedra Dourada";"Não";"-";"Pedestres";NA;NA;NA;NA;NA;NA;NA;NA;NA;NA;NA;1;NA;NA;NA;NA;NA;NA;NA;NA;NA;NA;NA;NA;NA
31;"MG";3149101;"314910";"Pedralva";"Não";"-";"Pedestres";1;NA;NA;NA;NA;NA;NA;NA;NA;NA;NA;NA;1;NA;1;NA;NA;NA;NA;NA;NA;NA;NA;NA;NA
31;"MG";3149150;"314915";"Pedras de Maria da Cruz";"Não";"-";"Pedestres";NA;1;NA;NA;NA;NA;NA;NA;NA;NA;NA;NA;NA;1;NA;NA;1;NA;NA;NA;NA;NA;NA;NA;NA
31;"MG";3149309;"314930";"Pedro Leopoldo";"Não";"Região Metropolitana de Belo Horizonte";"Pedestres";NA;1;NA;NA;NA;1;NA;2;1;1;NA;1;1;NA;NA;NA;1;1;NA;NA;1;1;NA;NA;NA
31;"MG";3149606;"314960";"Pequi";"Não";"-";"Pedestres";NA;NA;NA;NA;NA;NA;NA;NA;NA;NA;NA;NA;NA;NA;NA;1;NA;NA;NA;1;NA;NA;NA;NA;NA
31;"MG";3149705;"314970";"Perdigão";"Não";"-";"Pedestres";1;NA;NA;NA;NA;NA;NA;NA;NA;NA;NA;NA;NA;NA;NA;NA;NA;NA;NA;NA;NA;NA;NA;NA;NA
31;"MG";3149804;"314980";"Perdizes";"Não";"-";"Pedestres";NA;NA;NA;NA;NA;NA;NA;NA;NA;NA;NA;NA;1;1;NA;NA;NA;NA;1;NA;NA;1;NA;NA;NA
31;"MG";3149903;"314990";"Perdões";"Não";"-";"Pedestres";1;NA;2;2;NA;NA;NA;NA;NA;1;1;NA;NA;NA;NA;NA;NA;1;NA;NA;1;1;NA;NA;NA
31;"MG";3149952;"314995";"Periquito";"Não";"Colar Metropolitano";"Pedestres";NA;NA;NA;NA;1;NA;NA;NA;NA;NA;NA;NA;NA;NA;NA;NA;NA;NA;1;1;NA;NA;NA;NA;NA
31;"MG";3150000;"315000";"Pescador";"Não";"-";"Pedestres";NA;NA;NA;NA;NA;NA;NA;NA;NA;NA;NA;NA;NA;NA;NA;1;NA;NA;NA;NA;NA;NA;NA;NA;NA
31;"MG";3150109;"315010";"Piau";"Não";"-";"Pedestres";NA;NA;NA;NA;NA;NA;NA;NA;NA;NA;1;1;NA;NA;NA;NA;NA;NA;NA;NA;NA;NA;NA;NA;NA
31;"MG";3150158;"315015";"Piedade de Caratinga";"Não";"-";"Pedestres";NA;NA;NA;NA;NA;NA;NA;NA;NA;NA;NA;NA;NA;NA;1;NA;NA;NA;NA;NA;NA;NA;NA;NA;NA
31;"MG";3150307;"315030";"Piedade do Rio Grande";"Não";"-";"Pedestres";NA;NA;NA;NA;NA;NA;NA;NA;NA;NA;NA;NA;NA;NA;NA;NA;NA;NA;NA;NA;NA;NA;NA;NA;NA
31;"MG";3150505;"315050";"Pimenta";"Não";"-";"Pedestres";NA;NA;NA;NA;NA;NA;NA;NA;NA;NA;NA;NA;NA;NA;NA;NA;NA;NA;NA;NA;NA;1;NA;NA;NA
31;"MG";3150570;"315057";"Pintópolis";"Não";"-";"Pedestres";NA;NA;NA;NA;NA;NA;NA;NA;NA;NA;NA;NA;NA;NA;1;NA;NA;NA;NA;NA;NA;NA;NA;NA;NA
31;"MG";3150604;"315060";"Piracema";"Não";"-";"Pedestres";NA;NA;NA;NA;NA;NA;NA;NA;NA;NA;NA;NA;NA;NA;NA;NA;NA;NA;NA;NA;NA;NA;NA;NA;NA
31;"MG";3150703;"315070";"Pirajuba";"Não";"-";"Pedestres";NA;NA;NA;NA;NA;NA;NA;NA;NA;NA;NA;NA;NA;NA;NA;NA;NA;NA;NA;NA;NA;NA;NA;NA;NA
31;"MG";3150802;"315080";"Piranga";"Não";"-";"Pedestres";NA;NA;NA;NA;NA;NA;NA;NA;NA;NA;NA;NA;NA;NA;NA;NA;NA;NA;NA;NA;NA;NA;NA;NA;NA
31;"MG";3150901;"315090";"Piranguçu";"Não";"-";"Pedestres";NA;NA;NA;NA;NA;NA;NA;NA;NA;NA;NA;NA;NA;NA;NA;NA;NA;NA;NA;NA;NA;NA;NA;NA;NA
31;"MG";3151008;"315100";"Piranguinho";"Não";"-";"Pedestres";NA;NA;NA;1;NA;NA;NA;NA;1;NA;NA;NA;NA;NA;NA;NA;NA;NA;NA;NA;NA;NA;NA;NA;NA
31;"MG";3151107;"315110";"Pirapetinga";"Não";"-";"Pedestres";1;NA;NA;NA;NA;NA;NA;NA;NA;NA;NA;NA;NA;NA;NA;NA;1;NA;NA;NA;NA;NA;NA;NA;NA
31;"MG";3151206;"315120";"Pirapora";"Não";"-";"Pedestres";NA;NA;NA;1;1;NA;NA;NA;NA;1;3;1;NA;2;2;2;2;1;NA;1;1;2;NA;1;NA
31;"MG";3151305;"315130";"Piraúba";"Não";"-";"Pedestres";NA;NA;NA;NA;NA;NA;NA;NA;NA;NA;NA;NA;1;NA;NA;NA;NA;NA;NA;NA;NA;NA;NA;NA;NA
31;"MG";3151404;"315140";"Pitangui";"Não";"-";"Pedestres";NA;NA;NA;NA;NA;NA;NA;1;NA;NA;NA;NA;1;NA;NA;1;NA;NA;NA;NA;NA;NA;NA;NA;NA
31;"MG";3151503;"315150";"Piumhi";"Não";"-";"Pedestres";NA;NA;NA;1;1;NA;NA;NA;NA;NA;NA;1;NA;NA;NA;NA;NA;NA;NA;2;1;NA;1;NA;NA
31;"MG";3151602;"315160";"Planura";"Não";"-";"Pedestres";NA;NA;NA;NA;NA;NA;NA;NA;NA;NA;NA;NA;NA;NA;NA;NA;NA;NA;NA;NA;NA;NA;NA;NA;NA
31;"MG";3151701;"315170";"Poço Fundo";"Não";"-";"Pedestres";NA;NA;1;NA;NA;NA;NA;NA;NA;NA;NA;NA;NA;NA;NA;NA;NA;NA;NA;NA;NA;NA;NA;NA;NA
31;"MG";3151800;"315180";"Poços de Caldas";"Não";"-";"Pedestres";NA;NA;NA;1;NA;NA;NA;NA;NA;NA;NA;1;2;NA;NA;NA;NA;1;NA;NA;NA;NA;NA;1;NA
31;"MG";3152006;"315200";"Pompéu";"Não";"-";"Pedestres";NA;NA;NA;NA;NA;1;NA;NA;NA;NA;NA;NA;NA;NA;1;1;1;1;NA;NA;NA;NA;NA;NA;NA
31;"MG";3152105;"315210";"Ponte Nova";"Não";"-";"Pedestres";NA;NA;NA;3;NA;NA;NA;2;NA;1;1;2;5;1;2;5;1;2;1;NA;NA;NA;3;1;NA
31;"MG";3152170;"315217";"Ponto dos Volantes";"Não";"-";"Pedestres";NA;NA;NA;NA;NA;1;1;NA;1;NA;NA;NA;NA;NA;NA;1;1;NA;1;NA;NA;NA;NA;NA;NA
31;"MG";3152204;"315220";"Porteirinha";"Não";"-";"Pedestres";NA;NA;NA;NA;NA;NA;NA;NA;NA;NA;NA;NA;NA;NA;3;NA;NA;NA;NA;1;NA;1;NA;NA;NA
31;"MG";3152303;"315230";"Porto Firme";"Não";"-";"Pedestres";NA;NA;NA;NA;NA;NA;NA;NA;NA;NA;NA;NA;NA;NA;NA;NA;NA;NA;NA;NA;NA;NA;NA;NA;NA
31;"MG";3152402;"315240";"Poté";"Não";"-";"Pedestres";NA;NA;NA;NA;NA;1;1;NA;NA;1;1;NA;2;NA;1;1;3;NA;2;NA;NA;1;NA;NA;NA
31;"MG";3152501;"315250";"Pouso Alegre";"Não";"-";"Pedestres";NA;NA;NA;NA;1;NA;2;NA;1;NA;1;NA;NA;1;1;NA;NA;1;1;1;1;3;2;3;NA
31;"MG";3152600;"315260";"Pouso Alto";"Não";"-";"Pedestres";NA;NA;NA;NA;NA;NA;NA;NA;NA;1;NA;NA;NA;1;NA;NA;NA;NA;NA;NA;NA;NA;NA;NA;NA
31;"MG";3152709;"315270";"Prados";"Não";"-";"Pedestres";NA;NA;NA;NA;NA;NA;NA;NA;NA;NA;NA;NA;NA;NA;NA;NA;NA;NA;NA;NA;NA;NA;NA;NA;NA
31;"MG";3152808;"315280";"Prata";"Não";"-";"Pedestres";NA;NA;NA;NA;NA;NA;NA;NA;NA;NA;NA;NA;NA;1;NA;NA;NA;1;1;NA;NA;NA;NA;NA;NA
31;"MG";3152907;"315290";"Pratápolis";"Não";"-";"Pedestres";NA;NA;1;NA;NA;NA;NA;NA;NA;NA;NA;NA;NA;NA;NA;NA;NA;NA;NA;NA;NA;NA;NA;NA;NA
31;"MG";3153004;"315300";"Pratinha";"Não";"-";"Pedestres";NA;NA;NA;NA;NA;NA;NA;NA;NA;NA;NA;NA;NA;NA;NA;NA;NA;NA;NA;NA;NA;NA;NA;NA;NA
31;"MG";3153202;"315320";"Presidente Juscelino";"Não";"-";"Pedestres";NA;NA;NA;1;NA;NA;NA;NA;NA;NA;NA;NA;NA;NA;NA;NA;NA;NA;NA;NA;NA;NA;NA;NA;NA
31;"MG";3153301;"315330";"Presidente Kubitschek";"Não";"-";"Pedestres";NA;NA;NA;NA;NA;NA;NA;NA;NA;NA;NA;NA;NA;NA;NA;NA;NA;NA;NA;NA;NA;NA;NA;NA;NA
31;"MG";3153400;"315340";"Presidente Olegário";"Não";"-";"Pedestres";NA;NA;NA;NA;NA;NA;NA;NA;NA;NA;NA;NA;NA;NA;NA;1;NA;NA;NA;NA;NA;NA;NA;NA;NA
31;"MG";3153509;"315350";"Alto Jequitibá";"Não";"-";"Pedestres";NA;NA;NA;NA;NA;NA;NA;NA;NA;NA;NA;NA;NA;NA;NA;NA;NA;NA;NA;NA;NA;NA;NA;NA;NA
31;"MG";3153608;"315360";"Prudente de Morais";"Não";"Colar Metropolitano de Belo Horizonte";"Pedestres";NA;NA;NA;NA;NA;NA;NA;NA;NA;NA;NA;NA;1;NA;NA;NA;NA;NA;NA;NA;NA;NA;NA;NA;NA
31;"MG";3153905;"315390";"Raposos";"Não";"Região Metropolitana de Belo Horizonte";"Pedestres";NA;NA;NA;NA;NA;NA;NA;NA;NA;NA;NA;NA;NA;NA;1;NA;NA;NA;NA;NA;NA;NA;NA;NA;NA
31;"MG";3154002;"315400";"Raul Soares";"Não";"-";"Pedestres";NA;NA;NA;NA;NA;NA;NA;NA;NA;NA;NA;1;NA;NA;NA;NA;NA;NA;NA;2;NA;1;NA;NA;NA
31;"MG";3154150;"315415";"Reduto";"Não";"-";"Pedestres";NA;NA;NA;NA;NA;NA;NA;NA;NA;NA;NA;NA;NA;NA;NA;NA;NA;NA;1;NA;NA;NA;NA;NA;NA
31;"MG";3154309;"315430";"Resplendor";"Não";"-";"Pedestres";NA;1;NA;NA;NA;1;NA;1;1;NA;1;1;1;NA;2;NA;NA;2;NA;NA;NA;NA;NA;NA;NA
31;"MG";3154408;"315440";"Ressaquinha";"Não";"-";"Pedestres";NA;1;NA;NA;NA;1;NA;NA;NA;NA;1;NA;NA;NA;NA;1;NA;NA;NA;NA;NA;NA;NA;NA;NA
31;"MG";3154457;"315445";"Riachinho";"Não";"-";"Pedestres";NA;NA;NA;NA;NA;NA;NA;NA;NA;NA;NA;NA;NA;NA;NA;NA;NA;NA;NA;NA;NA;NA;NA;NA;NA
31;"MG";3154507;"315450";"Riacho dos Machados";"Não";"-";"Pedestres";NA;NA;NA;NA;NA;NA;NA;NA;NA;NA;NA;NA;1;NA;NA;NA;NA;NA;NA;NA;NA;NA;NA;NA;NA
31;"MG";3154606;"315460";"Ribeirão das Neves";"Não";"Região Metropolitana de Belo Horizonte";"Pedestres";1;4;5;12;11;8;3;4;1;2;3;6;3;8;7;8;4;10;3;8;5;6;NA;5;NA
31;"MG";3154705;"315470";"Ribeirão Vermelho";"Não";"-";"Pedestres";NA;NA;NA;NA;NA;NA;NA;NA;NA;NA;NA;NA;NA;NA;NA;NA;NA;NA;NA;NA;NA;NA;NA;NA;NA
31;"MG";3154903;"315490";"Rio Casca";"Não";"-";"Pedestres";NA;NA;NA;1;NA;1;NA;NA;NA;1;NA;NA;1;NA;NA;NA;NA;NA;NA;NA;NA;NA;NA;NA;NA
31;"MG";3155306;"315530";"Rio Manso";"Não";"Região Metropolitana de Belo Horizonte";"Pedestres";NA;NA;NA;1;NA;NA;NA;NA;NA;NA;NA;NA;NA;NA;NA;NA;NA;NA;NA;NA;NA;NA;NA;NA;NA
31;"MG";3155405;"315540";"Rio Novo";"Não";"-";"Pedestres";NA;NA;NA;NA;NA;NA;NA;NA;NA;NA;NA;NA;NA;NA;NA;1;NA;NA;NA;NA;NA;NA;NA;NA;NA
31;"MG";3155504;"315550";"Rio Paranaíba";"Não";"-";"Pedestres";NA;NA;NA;NA;NA;NA;NA;NA;NA;NA;2;NA;NA;NA;NA;NA;NA;NA;NA;NA;NA;NA;NA;NA;NA
31;"MG";3155603;"315560";"Rio Pardo de Minas";"Não";"-";"Pedestres";NA;NA;NA;NA;NA;NA;NA;NA;1;NA;NA;NA;NA;NA;1;NA;NA;NA;NA;NA;NA;NA;NA;NA;NA
31;"MG";3155702;"315570";"Rio Piracicaba";"Não";"-";"Pedestres";NA;NA;NA;NA;NA;NA;NA;NA;NA;NA;NA;1;NA;1;NA;NA;NA;NA;1;NA;NA;NA;NA;NA;NA
31;"MG";3155801;"315580";"Rio Pomba";"Não";"-";"Pedestres";NA;NA;NA;NA;1;NA;NA;NA;NA;NA;1;NA;NA;NA;NA;NA;NA;3;NA;NA;NA;NA;NA;NA;NA
31;"MG";3155900;"315590";"Rio Preto";"Não";"-";"Pedestres";NA;NA;NA;NA;NA;NA;1;NA;NA;NA;NA;NA;NA;NA;NA;NA;NA;NA;NA;NA;NA;NA;NA;NA;NA
31;"MG";3156007;"315600";"Rio Vermelho";"Não";"-";"Pedestres";NA;NA;NA;NA;NA;NA;NA;NA;1;NA;NA;NA;NA;NA;NA;NA;NA;NA;NA;NA;NA;NA;NA;NA;NA
31;"MG";3156304;"315630";"Rodeiro";"Não";"-";"Pedestres";NA;NA;NA;NA;NA;NA;NA;NA;NA;NA;NA;1;NA;NA;NA;NA;1;NA;NA;1;NA;1;NA;NA;NA
31;"MG";3156403;"315640";"Romaria";"Não";"-";"Pedestres";NA;NA;NA;NA;NA;NA;NA;NA;1;NA;NA;NA;NA;NA;NA;NA;NA;NA;NA;NA;NA;NA;NA;NA;NA
31;"MG";3156452;"315645";"Rosário da Limeira";"Não";"-";"Pedestres";NA;NA;NA;NA;NA;NA;NA;NA;NA;NA;NA;NA;NA;NA;NA;1;NA;NA;NA;NA;NA;NA;NA;NA;NA
31;"MG";3156502;"315650";"Rubelita";"Não";"-";"Pedestres";NA;NA;NA;NA;NA;NA;NA;NA;NA;NA;NA;NA;NA;1;NA;NA;NA;NA;NA;NA;NA;NA;NA;NA;NA
31;"MG";3156601;"315660";"Rubim";"Não";"-";"Pedestres";NA;NA;NA;NA;1;NA;NA;NA;NA;NA;NA;1;NA;NA;NA;NA;NA;NA;NA;NA;NA;NA;NA;NA;NA
31;"MG";3156700;"315670";"Sabará";"Não";"Região Metropolitana de Belo Horizonte";"Pedestres";NA;3;4;2;1;NA;NA;12;13;NA;8;2;3;1;2;6;4;3;NA;1;NA;NA;NA;NA;NA
31;"MG";3156809;"315680";"Sabinópolis";"Não";"-";"Pedestres";NA;NA;1;NA;1;NA;NA;NA;1;NA;NA;NA;NA;NA;NA;2;2;NA;NA;NA;NA;NA;NA;1;NA
31;"MG";3156908;"315690";"Sacramento";"Não";"-";"Pedestres";NA;NA;NA;NA;NA;NA;NA;NA;NA;NA;NA;NA;NA;1;NA;NA;NA;NA;NA;NA;NA;NA;NA;NA;NA
31;"MG";3157005;"315700";"Salinas";"Não";"-";"Pedestres";1;NA;NA;NA;NA;2;1;NA;NA;NA;1;NA;NA;NA;1;1;NA;1;1;NA;NA;1;1;NA;NA
31;"MG";3157203;"315720";"Santa Bárbara";"Não";"Colar Metropolitano de Belo Horizonte";"Pedestres";NA;NA;NA;NA;1;NA;NA;1;NA;NA;NA;NA;NA;1;NA;NA;NA;1;NA;NA;NA;NA;NA;NA;NA
31;"MG";3157252;"315725";"Santa Bárbara do Leste";"Não";"-";"Pedestres";NA;NA;NA;NA;NA;NA;NA;NA;NA;NA;NA;NA;NA;NA;NA;1;1;NA;NA;NA;NA;1;NA;1;NA
31;"MG";3157302;"315730";"Santa Bárbara do Tugúrio";"Não";"-";"Pedestres";NA;NA;NA;NA;NA;NA;NA;NA;NA;NA;NA;NA;NA;NA;NA;NA;NA;NA;NA;NA;NA;NA;NA;NA;NA
31;"MG";3157336;"315733";"Santa Cruz de Minas";"Não";"-";"Pedestres";NA;NA;NA;NA;NA;NA;NA;NA;1;NA;NA;NA;NA;NA;NA;NA;NA;NA;NA;NA;NA;NA;NA;NA;NA
31;"MG";3157377;"315737";"Santa Cruz de Salinas";"Não";"-";"Pedestres";NA;NA;NA;NA;NA;NA;NA;NA;NA;NA;NA;NA;NA;NA;NA;NA;NA;NA;NA;1;NA;NA;NA;NA;NA
31;"MG";3157401;"315740";"Santa Cruz do Escalvado";"Não";"-";"Pedestres";NA;NA;NA;NA;NA;NA;NA;NA;NA;NA;NA;NA;NA;NA;NA;NA;NA;NA;NA;NA;NA;NA;NA;NA;NA
31;"MG";3157500;"315750";"Santa Efigênia de Minas";"Não";"-";"Pedestres";NA;NA;NA;NA;NA;NA;NA;NA;NA;NA;NA;NA;NA;NA;NA;1;NA;NA;NA;NA;NA;NA;NA;NA;NA
31;"MG";3157708;"315770";"Santa Juliana";"Não";"-";"Pedestres";NA;NA;NA;NA;NA;1;1;NA;NA;1;NA;NA;NA;NA;NA;NA;NA;NA;NA;NA;NA;NA;NA;NA;NA
31;"MG";3157807;"315780";"Santa Luzia";"Não";"Região Metropolitana de Belo Horizonte";"Pedestres";10;12;13;8;2;2;4;3;1;6;1;5;6;NA;2;2;2;1;2;1;NA;NA;NA;NA;NA
31;"MG";3157906;"315790";"Santa Margarida";"Não";"-";"Pedestres";NA;NA;NA;NA;NA;NA;NA;NA;1;NA;NA;NA;NA;NA;NA;NA;NA;NA;NA;NA;NA;NA;NA;NA;NA
31;"MG";3158003;"315800";"Santa Maria de Itabira";"Não";"-";"Pedestres";NA;NA;NA;NA;NA;1;1;1;NA;NA;NA;NA;NA;1;NA;NA;NA;1;NA;NA;NA;NA;NA;NA;NA
31;"MG";3158201;"315820";"Santa Maria do Suaçuí";"Não";"-";"Pedestres";NA;NA;NA;NA;NA;NA;NA;NA;NA;NA;NA;NA;NA;NA;1;NA;NA;NA;NA;NA;NA;NA;NA;NA;NA
31;"MG";3158300;"315830";"Santana da Vargem";"Não";"-";"Pedestres";NA;NA;NA;1;NA;NA;NA;NA;NA;NA;NA;NA;1;NA;NA;NA;NA;NA;NA;NA;NA;NA;NA;NA;NA
31;"MG";3158508;"315850";"Santana de Pirapama";"Não";"-";"Pedestres";NA;NA;NA;NA;NA;NA;NA;NA;NA;NA;NA;NA;NA;NA;NA;NA;NA;NA;NA;NA;NA;NA;NA;NA;NA
31;"MG";3158607;"315860";"Santana do Deserto";"Não";"-";"Pedestres";NA;NA;NA;NA;NA;NA;NA;NA;NA;NA;NA;NA;NA;NA;NA;NA;NA;1;NA;NA;NA;NA;NA;NA;NA
31;"MG";3158904;"315890";"Santana do Manhuaçu";"Não";"-";"Pedestres";NA;NA;NA;NA;NA;NA;NA;NA;NA;NA;NA;NA;NA;NA;1;NA;NA;NA;NA;1;NA;NA;NA;1;NA
31;"MG";3158953;"315895";"Santana do Paraíso";"Não";"Região Metropolitana do Vale do Aço";"Pedestres";NA;NA;NA;NA;NA;NA;NA;NA;NA;NA;1;NA;NA;NA;NA;NA;1;1;1;1;NA;NA;NA;NA;NA
31;"MG";3159209;"315920";"Santa Rita de Caldas";"Não";"-";"Pedestres";NA;NA;NA;NA;NA;NA;NA;NA;NA;NA;NA;NA;NA;NA;NA;NA;NA;NA;NA;NA;NA;NA;NA;NA;NA
31;"MG";3159357;"315935";"Santa Rita de Minas";"Não";"-";"Pedestres";NA;NA;NA;NA;NA;NA;NA;NA;NA;NA;NA;NA;1;NA;NA;NA;NA;NA;NA;NA;NA;NA;NA;NA;NA
31;"MG";3159506;"315950";"Santa Rita do Itueto";"Não";"-";"Pedestres";NA;NA;NA;NA;NA;NA;NA;NA;NA;NA;NA;NA;NA;NA;NA;NA;NA;NA;NA;NA;NA;NA;NA;NA;NA
31;"MG";3159605;"315960";"Santa Rita do Sapucaí";"Não";"-";"Pedestres";NA;NA;1;NA;NA;NA;NA;NA;NA;NA;NA;NA;NA;NA;NA;NA;NA;NA;1;NA;NA;NA;NA;NA;NA
31;"MG";3159704;"315970";"Santa Rosa da Serra";"Não";"-";"Pedestres";NA;NA;NA;NA;NA;NA;NA;NA;NA;NA;NA;NA;NA;NA;NA;NA;NA;NA;NA;NA;NA;NA;NA;NA;NA
31;"MG";3159803;"315980";"Santa Vitória";"Não";"-";"Pedestres";NA;NA;NA;1;NA;1;NA;NA;NA;NA;NA;NA;1;1;1;NA;NA;NA;NA;1;NA;NA;NA;NA;NA
31;"MG";3159902;"315990";"Santo Antônio do Amparo";"Não";"-";"Pedestres";1;NA;1;1;1;1;1;NA;NA;2;NA;NA;1;NA;1;2;NA;1;2;1;3;NA;1;NA;NA
31;"MG";3160108;"316010";"Santo Antônio do Grama";"Não";"-";"Pedestres";NA;NA;NA;NA;NA;NA;NA;NA;NA;NA;NA;NA;NA;NA;NA;NA;NA;NA;NA;NA;NA;NA;NA;NA;NA
31;"MG";3160207;"316020";"Santo Antônio do Itambé";"Não";"-";"Pedestres";NA;NA;NA;NA;NA;NA;NA;NA;NA;NA;NA;1;NA;NA;NA;NA;NA;NA;NA;NA;NA;NA;NA;NA;NA
31;"MG";3160405;"316040";"Santo Antônio do Monte";"Não";"-";"Pedestres";NA;NA;NA;NA;NA;NA;NA;NA;NA;NA;NA;NA;1;NA;NA;NA;NA;NA;NA;NA;NA;NA;NA;NA;NA
31;"MG";3160454;"316045";"Santo Antônio do Retiro";"Não";"-";"Pedestres";NA;NA;NA;NA;NA;NA;2;NA;NA;NA;1;NA;NA;NA;NA;NA;NA;NA;NA;NA;NA;NA;NA;NA;NA
31;"MG";3160702;"316070";"Santos Dumont";"Não";"-";"Pedestres";1;2;NA;1;2;NA;NA;1;2;1;2;NA;1;1;1;4;1;1;1;NA;1;1;NA;1;NA
31;"MG";3160801;"316080";"São Bento Abade";"Não";"-";"Pedestres";NA;NA;NA;NA;NA;NA;NA;NA;NA;NA;NA;NA;NA;NA;NA;NA;NA;NA;NA;NA;NA;NA;NA;NA;NA
31;"MG";3160900;"316090";"São Brás do Suaçuí";"Não";"-";"Pedestres";1;NA;NA;NA;NA;NA;NA;NA;NA;NA;NA;NA;NA;NA;NA;NA;NA;NA;NA;NA;NA;NA;NA;NA;NA
31;"MG";3161007;"316100";"São Domingos do Prata";"Não";"-";"Pedestres";NA;1;NA;NA;NA;1;NA;NA;1;NA;NA;NA;NA;NA;NA;NA;1;NA;NA;NA;NA;NA;NA;NA;NA
31;"MG";3161106;"316110";"São Francisco";"Não";"-";"Pedestres";NA;NA;NA;NA;NA;1;NA;NA;NA;NA;NA;NA;1;NA;NA;1;2;1;NA;NA;1;1;NA;NA;NA
31;"MG";3161304;"316130";"São Francisco de Sales";"Não";"-";"Pedestres";NA;NA;NA;NA;NA;NA;NA;NA;NA;NA;NA;NA;NA;NA;NA;NA;NA;NA;NA;NA;NA;NA;NA;NA;NA
31;"MG";3161403;"316140";"São Francisco do Glória";"Não";"-";"Pedestres";NA;NA;NA;NA;NA;NA;NA;NA;NA;NA;NA;NA;NA;NA;NA;NA;NA;NA;NA;NA;NA;NA;NA;NA;NA
31;"MG";3161502;"316150";"São Geraldo";"Não";"-";"Pedestres";NA;NA;NA;NA;NA;NA;NA;NA;NA;NA;NA;NA;NA;NA;NA;NA;NA;NA;NA;NA;NA;NA;NA;NA;NA
31;"MG";3161601;"316160";"São Geraldo da Piedade";"Não";"-";"Pedestres";NA;NA;NA;NA;NA;NA;NA;1;NA;NA;NA;NA;NA;NA;NA;NA;NA;NA;NA;NA;NA;NA;NA;NA;NA
31;"MG";3161700;"316170";"São Gonçalo do Abaeté";"Não";"-";"Pedestres";NA;NA;NA;NA;NA;1;NA;NA;NA;NA;NA;NA;NA;NA;NA;NA;NA;NA;NA;NA;NA;NA;NA;1;NA
31;"MG";3161809;"316180";"São Gonçalo do Pará";"Não";"-";"Pedestres";NA;NA;NA;NA;NA;NA;1;NA;NA;1;1;NA;NA;NA;NA;NA;NA;NA;NA;NA;NA;NA;NA;NA;NA
31;"MG";3161908;"316190";"São Gonçalo do Rio Abaixo";"Não";"Colar Metropolitano de Belo Horizonte";"Pedestres";NA;1;NA;NA;NA;NA;1;1;NA;NA;NA;NA;NA;NA;NA;NA;1;2;1;NA;NA;NA;NA;1;NA
31;"MG";3162005;"316200";"São Gonçalo do Sapucaí";"Não";"-";"Pedestres";NA;NA;NA;NA;1;NA;NA;1;1;NA;NA;NA;NA;NA;NA;NA;NA;NA;1;NA;NA;NA;NA;1;NA
31;"MG";3162104;"316210";"São Gotardo";"Não";"-";"Pedestres";NA;NA;1;NA;NA;NA;NA;NA;NA;NA;1;NA;NA;NA;NA;NA;NA;1;NA;NA;NA;NA;NA;NA;NA
31;"MG";3162401;"316240";"São João da Ponte";"Não";"-";"Pedestres";NA;NA;NA;NA;NA;NA;NA;NA;NA;NA;NA;NA;NA;1;NA;NA;NA;1;1;NA;NA;1;NA;NA;NA
31;"MG";3162450;"316245";"São João das Missões";"Não";"-";"Pedestres";NA;NA;NA;NA;NA;NA;NA;NA;NA;NA;NA;NA;NA;NA;NA;NA;NA;1;NA;NA;NA;NA;NA;NA;NA
31;"MG";3162500;"316250";"São João del Rei";"Não";"-";"Pedestres";NA;1;2;NA;NA;NA;NA;1;2;NA;1;NA;1;3;2;2;NA;NA;NA;NA;NA;NA;NA;NA;NA
31;"MG";3162559;"316255";"São João do Manhuaçu";"Não";"-";"Pedestres";NA;NA;NA;NA;NA;NA;NA;NA;NA;1;NA;NA;NA;NA;NA;NA;NA;NA;1;NA;NA;NA;NA;NA;NA
31;"MG";3162708;"316270";"São João do Paraíso";"Não";"-";"Pedestres";NA;NA;NA;NA;NA;NA;NA;NA;NA;NA;1;NA;NA;NA;NA;NA;NA;NA;NA;NA;NA;1;NA;NA;NA
31;"MG";3162807;"316280";"São João Evangelista";"Não";"-";"Pedestres";NA;NA;NA;NA;NA;NA;NA;NA;NA;NA;2;NA;NA;NA;1;1;2;NA;NA;NA;NA;NA;NA;NA;NA
31;"MG";3162906;"316290";"São João Nepomuceno";"Não";"-";"Pedestres";NA;1;NA;NA;NA;NA;NA;NA;NA;2;NA;NA;1;NA;NA;NA;1;NA;NA;NA;NA;NA;1;NA;NA
31;"MG";3162922;"316292";"São Joaquim de Bicas";"Não";"Região Metropolitana de Belo Horizonte";"Pedestres";NA;1;NA;1;1;NA;1;NA;NA;1;NA;1;2;NA;NA;NA;NA;NA;NA;NA;1;NA;NA;NA;NA
31;"MG";3162948;"316294";"São José da Barra";"Não";"-";"Pedestres";NA;NA;NA;NA;NA;NA;NA;NA;NA;NA;NA;NA;NA;NA;NA;NA;NA;NA;NA;NA;NA;NA;NA;2;NA
31;"MG";3163102;"316310";"São José da Varginha";"Não";"Colar Metropolitano de Belo Horizonte";"Pedestres";NA;NA;NA;NA;1;NA;NA;NA;NA;NA;NA;NA;NA;NA;NA;NA;NA;NA;NA;NA;NA;NA;NA;1;NA
31;"MG";3163201;"316320";"São José do Alegre";"Não";"-";"Pedestres";NA;NA;NA;1;NA;NA;NA;NA;NA;NA;NA;NA;NA;NA;NA;NA;NA;NA;NA;NA;1;NA;NA;NA;NA
31;"MG";3163300;"316330";"São José do Divino";"Não";"-";"Pedestres";NA;1;NA;NA;NA;NA;NA;NA;NA;NA;NA;NA;NA;NA;NA;NA;NA;NA;NA;NA;NA;NA;NA;NA;NA
31;"MG";3163508;"316350";"São José do Jacuri";"Não";"-";"Pedestres";NA;NA;NA;NA;NA;NA;NA;NA;NA;NA;NA;NA;NA;NA;NA;NA;1;1;NA;NA;NA;NA;NA;NA;NA
31;"MG";3163706;"316370";"São Lourenço";"Não";"-";"Pedestres";NA;NA;1;NA;NA;NA;NA;NA;NA;NA;NA;NA;2;1;1;NA;1;NA;NA;NA;NA;NA;NA;NA;NA
31;"MG";3163805;"316380";"São Miguel do Anta";"Não";"-";"Pedestres";NA;NA;NA;NA;NA;NA;NA;NA;NA;NA;NA;NA;NA;NA;NA;NA;NA;NA;NA;NA;NA;NA;NA;NA;NA
31;"MG";3163904;"316390";"São Pedro da União";"Não";"-";"Pedestres";NA;NA;NA;NA;NA;NA;NA;NA;NA;NA;NA;NA;NA;NA;NA;NA;NA;NA;NA;NA;NA;NA;NA;NA;NA
31;"MG";3164001;"316400";"São Pedro dos Ferros";"Não";"-";"Pedestres";NA;NA;NA;NA;1;NA;NA;NA;NA;NA;NA;NA;NA;NA;NA;NA;NA;NA;NA;NA;NA;NA;NA;NA;NA
31;"MG";3164100;"316410";"São Pedro do Suaçuí";"Não";"-";"Pedestres";NA;NA;NA;NA;NA;NA;NA;NA;NA;NA;NA;NA;NA;NA;NA;1;NA;NA;NA;NA;NA;NA;NA;NA;NA
31;"MG";3164209;"316420";"São Romão";"Não";"-";"Pedestres";NA;NA;NA;NA;NA;NA;NA;NA;NA;NA;NA;NA;NA;NA;1;NA;NA;NA;NA;NA;NA;NA;NA;NA;NA
31;"MG";3164308;"316430";"São Roque de Minas";"Não";"-";"Pedestres";NA;NA;NA;NA;NA;NA;NA;NA;NA;NA;NA;NA;NA;NA;NA;NA;NA;1;NA;NA;NA;NA;NA;NA;NA
31;"MG";3164407;"316440";"São Sebastião da Bela Vista";"Não";"-";"Pedestres";NA;NA;NA;NA;NA;NA;1;NA;NA;1;NA;NA;NA;1;NA;NA;NA;NA;NA;NA;NA;2;NA;NA;NA
31;"MG";3164506;"316450";"São Sebastião do Maranhão";"Não";"-";"Pedestres";NA;NA;NA;NA;NA;NA;NA;NA;NA;NA;NA;NA;NA;1;NA;NA;NA;NA;NA;NA;1;NA;NA;NA;NA
31;"MG";3164605;"316460";"São Sebastião do Oeste";"Não";"-";"Pedestres";NA;NA;NA;NA;NA;NA;NA;NA;NA;NA;NA;NA;NA;1;NA;NA;NA;NA;NA;NA;NA;NA;NA;NA;NA
31;"MG";3164704;"316470";"São Sebastião do Paraíso";"Não";"-";"Pedestres";1;NA;2;1;1;1;NA;NA;NA;NA;1;NA;NA;NA;1;1;1;NA;NA;NA;NA;NA;NA;1;NA
31;"MG";3164803;"316480";"São Sebastião do Rio Preto";"Não";"-";"Pedestres";NA;NA;NA;NA;NA;NA;NA;NA;NA;NA;NA;NA;NA;NA;NA;NA;NA;NA;NA;NA;NA;NA;NA;1;NA
31;"MG";3165008;"316500";"São Tiago";"Não";"-";"Pedestres";NA;NA;NA;NA;NA;NA;NA;NA;NA;NA;NA;NA;NA;NA;NA;NA;NA;NA;NA;NA;NA;NA;NA;NA;NA
31;"MG";3165107;"316510";"São Tomás de Aquino";"Não";"-";"Pedestres";NA;NA;NA;NA;NA;NA;NA;NA;NA;NA;NA;NA;NA;NA;NA;NA;NA;NA;NA;NA;NA;NA;NA;NA;NA
31;"MG";3165206;"316520";"São Tomé das Letras";"Não";"-";"Pedestres";NA;NA;NA;NA;NA;NA;NA;NA;NA;NA;NA;NA;NA;NA;NA;NA;NA;NA;NA;NA;NA;NA;NA;NA;NA
31;"MG";3165404;"316540";"Sapucaí-Mirim";"Não";"-";"Pedestres";NA;NA;NA;NA;NA;NA;NA;NA;NA;NA;NA;NA;NA;NA;NA;NA;NA;NA;NA;NA;NA;NA;NA;NA;NA
31;"MG";3165503;"316550";"Sardoá";"Não";"-";"Pedestres";NA;NA;NA;NA;NA;NA;NA;NA;NA;NA;NA;NA;NA;NA;NA;1;NA;NA;NA;NA;NA;NA;NA;NA;NA
31;"MG";3165537;"316553";"Sarzedo";"Não";"Região Metropolitana de Belo Horizonte";"Pedestres";NA;NA;1;1;NA;NA;NA;NA;NA;NA;NA;NA;NA;NA;1;NA;NA;NA;NA;NA;NA;NA;NA;NA;NA
31;"MG";3165552;"316555";"Setubinha";"Não";"-";"Pedestres";NA;NA;NA;NA;NA;NA;NA;NA;1;NA;NA;1;NA;NA;1;NA;NA;NA;NA;NA;NA;NA;NA;NA;NA
31;"MG";3165578;"316557";"Senador Amaral";"Não";"-";"Pedestres";NA;NA;NA;NA;NA;NA;NA;NA;NA;NA;NA;NA;NA;NA;NA;NA;NA;NA;NA;NA;NA;NA;NA;NA;NA
31;"MG";3165701;"316570";"Senador Firmino";"Não";"-";"Pedestres";NA;NA;NA;NA;NA;NA;NA;NA;NA;NA;NA;NA;NA;NA;NA;NA;NA;NA;NA;NA;NA;NA;NA;NA;NA
31;"MG";3166006;"316600";"Senhora de Oliveira";"Não";"-";"Pedestres";NA;NA;NA;NA;NA;NA;NA;NA;NA;NA;NA;NA;NA;NA;NA;NA;NA;1;NA;NA;NA;NA;NA;NA;NA
31;"MG";3166105;"316610";"Senhora do Porto";"Não";"-";"Pedestres";1;NA;NA;NA;NA;NA;NA;NA;NA;NA;NA;NA;NA;NA;NA;NA;NA;NA;NA;NA;NA;NA;NA;NA;NA
31;"MG";3166204;"316620";"Senhora dos Remédios";"Não";"-";"Pedestres";NA;NA;NA;NA;NA;NA;NA;NA;NA;NA;NA;NA;NA;NA;NA;NA;NA;NA;NA;NA;NA;NA;NA;NA;NA
31;"MG";3166303;"316630";"Sericita";"Não";"-";"Pedestres";NA;NA;NA;NA;NA;NA;NA;NA;NA;NA;NA;NA;NA;NA;NA;NA;NA;NA;NA;NA;NA;NA;NA;NA;NA
31;"MG";3166501;"316650";"Serra Azul de Minas";"Não";"-";"Pedestres";NA;NA;NA;NA;NA;NA;NA;NA;NA;1;NA;NA;NA;NA;NA;NA;NA;1;NA;NA;NA;NA;NA;NA;NA
31;"MG";3166709;"316670";"Serra dos Aimorés";"Não";"-";"Pedestres";NA;NA;NA;NA;NA;NA;NA;NA;1;NA;NA;1;NA;NA;NA;NA;NA;NA;NA;NA;NA;NA;NA;NA;NA
31;"MG";3166808;"316680";"Serra do Salitre";"Não";"-";"Pedestres";NA;NA;NA;NA;NA;NA;NA;NA;NA;NA;NA;NA;NA;NA;NA;NA;NA;NA;NA;1;NA;NA;1;NA;NA
31;"MG";3166907;"316690";"Serrania";"Não";"-";"Pedestres";NA;NA;NA;NA;NA;NA;NA;NA;NA;NA;NA;NA;NA;NA;NA;NA;NA;NA;NA;NA;NA;NA;1;NA;NA
31;"MG";3167103;"316710";"Serro";"Não";"-";"Pedestres";NA;NA;NA;NA;NA;NA;NA;NA;NA;NA;NA;NA;NA;NA;1;NA;1;NA;NA;NA;1;NA;NA;1;NA
31;"MG";3167202;"316720";"Sete Lagoas";"Não";"Colar Metropolitano de Belo Horizonte";"Pedestres";NA;1;1;1;1;NA;1;1;2;2;5;4;9;9;11;7;5;4;10;3;6;13;9;11;NA
31;"MG";3167301;"316730";"Silveirânia";"Não";"-";"Pedestres";NA;NA;NA;NA;NA;NA;NA;NA;NA;NA;NA;NA;NA;1;NA;NA;NA;NA;NA;NA;NA;NA;NA;NA;NA
31;"MG";3167509;"316750";"Simão Pereira";"Não";"-";"Pedestres";NA;NA;NA;NA;NA;NA;2;NA;NA;NA;1;NA;NA;NA;NA;NA;NA;1;1;NA;NA;NA;NA;NA;NA
31;"MG";3167608;"316760";"Simonésia";"Não";"-";"Pedestres";NA;NA;NA;NA;NA;1;NA;NA;NA;NA;NA;NA;NA;NA;NA;NA;NA;NA;NA;NA;NA;NA;1;NA;NA
31;"MG";3167707;"316770";"Sobrália";"Não";"Colar Metropolitano";"Pedestres";NA;NA;NA;NA;NA;NA;NA;NA;NA;NA;NA;NA;NA;NA;NA;1;NA;NA;NA;NA;NA;NA;NA;NA;NA
31;"MG";3167806;"316780";"Soledade de Minas";"Não";"-";"Pedestres";NA;NA;NA;NA;NA;NA;NA;NA;NA;NA;NA;NA;NA;NA;NA;NA;NA;NA;NA;NA;1;NA;NA;NA;NA
31;"MG";3167905;"316790";"Tabuleiro";"Não";"-";"Pedestres";NA;NA;NA;NA;NA;1;NA;NA;NA;NA;NA;NA;NA;NA;NA;NA;1;NA;NA;NA;NA;NA;NA;NA;NA
31;"MG";3168002;"316800";"Taiobeiras";"Não";"-";"Pedestres";NA;NA;NA;NA;NA;NA;NA;NA;NA;1;NA;NA;1;NA;1;NA;NA;1;NA;NA;1;NA;NA;1;NA
31;"MG";3168051;"316805";"Taparuba";"Não";"-";"Pedestres";NA;NA;NA;NA;NA;NA;NA;NA;NA;NA;NA;NA;NA;1;NA;NA;NA;NA;NA;NA;NA;NA;NA;NA;NA
31;"MG";3168101;"316810";"Tapira";"Não";"-";"Pedestres";NA;NA;NA;NA;NA;1;NA;NA;NA;NA;NA;NA;NA;NA;NA;NA;NA;NA;NA;NA;NA;NA;NA;NA;NA
31;"MG";3168200;"316820";"Tapiraí";"Não";"-";"Pedestres";NA;NA;NA;NA;NA;NA;NA;NA;NA;NA;NA;NA;NA;NA;NA;NA;NA;NA;NA;NA;NA;NA;NA;NA;NA
31;"MG";3168408;"316840";"Tarumirim";"Não";"-";"Pedestres";NA;NA;1;NA;NA;NA;NA;NA;NA;NA;NA;NA;NA;NA;NA;NA;NA;NA;1;2;NA;NA;1;NA;NA
31;"MG";3168507;"316850";"Teixeiras";"Não";"-";"Pedestres";NA;NA;NA;NA;NA;NA;NA;NA;NA;NA;NA;NA;NA;NA;NA;NA;NA;NA;NA;NA;NA;NA;NA;NA;NA
31;"MG";3168606;"316860";"Teófilo Otoni";"Não";"-";"Pedestres";1;9;13;21;16;20;10;15;11;13;20;18;10;9;14;12;9;6;11;6;3;4;5;7;NA
31;"MG";3168705;"316870";"Timóteo";"Não";"Região Metropolitana do Vale do Aço";"Pedestres";NA;NA;NA;NA;1;1;NA;NA;NA;NA;1;5;1;2;NA;1;6;4;1;2;1;NA;NA;1;NA
31;"MG";3168804;"316880";"Tiradentes";"Não";"-";"Pedestres";NA;NA;NA;NA;NA;NA;NA;NA;1;NA;NA;NA;NA;NA;NA;NA;NA;NA;NA;NA;NA;NA;NA;NA;NA
31;"MG";3168903;"316890";"Tiros";"Não";"-";"Pedestres";NA;NA;NA;NA;NA;NA;NA;NA;NA;1;NA;NA;NA;NA;NA;NA;NA;NA;NA;NA;NA;NA;NA;NA;NA
31;"MG";3169000;"316900";"Tocantins";"Não";"-";"Pedestres";NA;NA;NA;NA;NA;NA;NA;NA;NA;NA;NA;NA;NA;NA;NA;NA;NA;NA;NA;NA;NA;NA;NA;NA;NA
31;"MG";3169109;"316910";"Toledo";"Não";"-";"Pedestres";NA;NA;NA;NA;NA;NA;NA;NA;NA;NA;NA;NA;NA;NA;NA;NA;NA;NA;NA;NA;NA;NA;1;NA;NA
31;"MG";3169307;"316930";"Três Corações";"Não";"-";"Pedestres";1;NA;3;4;5;3;3;2;4;1;7;2;2;2;1;NA;1;2;1;NA;1;NA;NA;NA;NA
31;"MG";3169356;"316935";"Três Marias";"Não";"-";"Pedestres";NA;NA;NA;NA;1;NA;NA;NA;3;NA;3;NA;NA;NA;1;NA;NA;1;NA;2;NA;2;NA;NA;NA
31;"MG";3169406;"316940";"Três Pontas";"Não";"-";"Pedestres";NA;NA;NA;1;1;NA;1;1;NA;NA;NA;NA;1;NA;NA;1;NA;2;NA;2;NA;2;NA;2;NA
31;"MG";3169505;"316950";"Tumiritinga";"Não";"-";"Pedestres";NA;NA;NA;NA;NA;1;NA;NA;NA;NA;NA;1;NA;NA;NA;1;NA;NA;NA;NA;1;NA;NA;1;NA
31;"MG";3169604;"316960";"Tupaciguara";"Não";"-";"Pedestres";NA;NA;1;NA;NA;NA;NA;NA;3;NA;1;1;NA;NA;NA;NA;NA;NA;NA;NA;NA;NA;NA;NA;NA
31;"MG";3169703;"316970";"Turmalina";"Não";"-";"Pedestres";NA;NA;NA;NA;NA;NA;1;NA;NA;NA;NA;NA;NA;NA;NA;NA;NA;NA;NA;NA;NA;NA;NA;NA;NA
31;"MG";3169802;"316980";"Turvolândia";"Não";"-";"Pedestres";NA;NA;NA;NA;NA;NA;NA;1;NA;NA;NA;NA;NA;NA;NA;NA;NA;NA;NA;NA;NA;NA;NA;NA;NA
31;"MG";3169901;"316990";"Ubá";"Não";"-";"Pedestres";NA;NA;NA;2;1;1;3;2;4;2;4;2;NA;1;4;1;2;2;NA;2;3;1;NA;4;NA
31;"MG";3170008;"317000";"Ubaí";"Não";"-";"Pedestres";NA;NA;NA;NA;NA;NA;NA;NA;NA;NA;1;NA;NA;NA;NA;NA;NA;NA;NA;NA;NA;NA;NA;NA;NA
31;"MG";3170057;"317005";"Ubaporanga";"Não";"-";"Pedestres";NA;NA;1;NA;NA;NA;NA;NA;NA;NA;1;NA;1;NA;1;NA;NA;NA;NA;NA;2;1;1;NA;NA
31;"MG";3170107;"317010";"Uberaba";"Não";"-";"Pedestres";2;3;4;4;7;5;3;3;5;3;5;4;10;3;NA;8;7;7;4;9;6;4;6;12;NA
31;"MG";3170206;"317020";"Uberlândia";"Não";"-";"Pedestres";1;6;13;8;10;8;7;18;11;12;5;5;10;10;6;11;12;13;14;11;7;17;13;17;NA
31;"MG";3170305;"317030";"Umburatiba";"Não";"-";"Pedestres";NA;NA;NA;NA;NA;NA;NA;NA;NA;NA;NA;1;NA;NA;NA;NA;NA;NA;NA;NA;NA;NA;NA;NA;NA
31;"MG";3170404;"317040";"Unaí";"Não";"Região Integrada de Desenvolvimento do Distrito Federal e Entorno";"Pedestres";2;1;2;3;NA;2;NA;NA;3;NA;NA;NA;2;2;2;1;NA;1;2;NA;NA;NA;5;NA;NA
31;"MG";3170438;"317043";"União de Minas";"Não";"-";"Pedestres";NA;NA;NA;NA;NA;NA;NA;NA;NA;NA;NA;NA;NA;NA;NA;NA;NA;NA;NA;NA;NA;NA;NA;NA;NA
31;"MG";3170503;"317050";"Urucânia";"Não";"-";"Pedestres";NA;NA;NA;NA;NA;NA;NA;NA;NA;NA;NA;1;NA;NA;NA;NA;NA;NA;NA;NA;NA;NA;NA;NA;NA
31;"MG";3170529;"317052";"Urucuia";"Não";"-";"Pedestres";NA;NA;NA;NA;NA;NA;NA;NA;NA;NA;NA;NA;NA;NA;NA;NA;1;NA;NA;NA;NA;NA;NA;NA;NA
31;"MG";3170651;"317065";"Vargem Grande do Rio Pardo";"Não";"-";"Pedestres";NA;NA;NA;NA;NA;NA;NA;NA;NA;NA;NA;NA;NA;NA;NA;NA;NA;NA;NA;NA;NA;NA;NA;NA;NA
31;"MG";3170701;"317070";"Varginha";"Não";"-";"Pedestres";NA;NA;NA;1;1;1;3;1;NA;5;NA;6;2;2;4;NA;2;3;1;1;1;1;4;2;NA
31;"MG";3170750;"317075";"Varjão de Minas";"Não";"-";"Pedestres";NA;NA;NA;NA;NA;NA;NA;NA;NA;NA;NA;NA;NA;NA;NA;NA;NA;NA;NA;NA;1;NA;NA;2;NA
31;"MG";3170800;"317080";"Várzea da Palma";"Não";"-";"Pedestres";NA;NA;NA;NA;1;1;NA;NA;NA;2;NA;NA;1;NA;2;NA;1;NA;NA;NA;1;NA;NA;NA;NA
31;"MG";3170909;"317090";"Varzelândia";"Não";"-";"Pedestres";NA;NA;NA;NA;NA;NA;NA;NA;NA;NA;NA;NA;NA;NA;NA;NA;NA;NA;NA;NA;NA;NA;NA;1;NA
31;"MG";3171006;"317100";"Vazante";"Não";"-";"Pedestres";NA;NA;NA;NA;NA;1;NA;1;NA;NA;NA;NA;NA;NA;NA;NA;NA;NA;NA;NA;NA;NA;NA;NA;NA
31;"MG";3171204;"317120";"Vespasiano";"Não";"Região Metropolitana de Belo Horizonte";"Pedestres";NA;1;4;1;2;NA;6;7;3;7;3;7;9;3;4;3;6;6;1;2;NA;1;3;4;NA
31;"MG";3171303;"317130";"Viçosa";"Não";"-";"Pedestres";2;2;NA;1;NA;NA;1;NA;2;NA;1;2;NA;NA;NA;NA;2;2;1;1;NA;NA;2;1;NA
31;"MG";3171501;"317150";"Mathias Lobato";"Não";"-";"Pedestres";NA;NA;NA;NA;NA;NA;NA;1;NA;NA;NA;NA;NA;NA;NA;1;NA;NA;1;NA;NA;1;NA;NA;NA
31;"MG";3171600;"317160";"Virgem da Lapa";"Não";"-";"Pedestres";NA;NA;NA;NA;NA;1;NA;NA;NA;NA;NA;NA;NA;NA;NA;NA;NA;NA;NA;NA;NA;NA;NA;NA;NA
31;"MG";3171709;"317170";"Virgínia";"Não";"-";"Pedestres";NA;NA;NA;NA;NA;NA;NA;NA;NA;NA;NA;NA;NA;NA;NA;NA;NA;NA;NA;NA;NA;NA;NA;NA;NA
31;"MG";3171808;"317180";"Virginópolis";"Não";"-";"Pedestres";NA;NA;NA;NA;NA;NA;NA;NA;NA;1;NA;NA;NA;1;NA;NA;NA;NA;NA;NA;NA;NA;NA;NA;NA
31;"MG";3171907;"317190";"Virgolândia";"Não";"-";"Pedestres";NA;NA;NA;NA;NA;NA;NA;NA;NA;NA;NA;NA;NA;NA;NA;NA;NA;NA;NA;NA;NA;NA;NA;NA;NA
31;"MG";3172004;"317200";"Visconde do Rio Branco";"Não";"-";"Pedestres";NA;NA;NA;NA;NA;NA;NA;NA;NA;1;NA;NA;1;2;1;NA;NA;NA;NA;NA;NA;NA;NA;NA;NA
31;"MG";3172103;"317210";"Volta Grande";"Não";"-";"Pedestres";NA;NA;NA;NA;1;NA;NA;NA;NA;NA;NA;NA;NA;NA;NA;NA;NA;NA;NA;NA;NA;NA;NA;NA;NA
31;"MG";3172202;"317220";"Wenceslau Braz";"Não";"-";"Pedestres";NA;NA;NA;NA;NA;NA;NA;NA;NA;NA;NA;NA;NA;NA;NA;NA;NA;NA;NA;NA;NA;NA;NA;NA;NA
32;"ES";3200102;"320010";"Afonso Cláudio";"Não";"-";"Pedestres";NA;NA;NA;NA;NA;NA;NA;NA;NA;NA;1;NA;1;NA;NA;2;NA;NA;NA;NA;NA;NA;NA;NA;NA
32;"ES";3200136;"320013";"Águia Branca";"Não";"-";"Pedestres";NA;NA;NA;NA;NA;NA;1;NA;1;NA;1;1;NA;NA;1;1;NA;NA;NA;NA;NA;NA;NA;NA;NA
32;"ES";3200169;"320016";"Água Doce do Norte";"Não";"-";"Pedestres";NA;NA;NA;1;NA;NA;NA;NA;1;NA;NA;NA;NA;NA;NA;1;NA;NA;NA;NA;NA;NA;NA;NA;NA
32;"ES";3200201;"320020";"Alegre";"Não";"-";"Pedestres";NA;NA;NA;NA;NA;1;1;NA;NA;2;NA;1;2;1;NA;NA;NA;1;NA;NA;NA;NA;NA;NA;NA
32;"ES";3200300;"320030";"Alfredo Chaves";"Não";"-";"Pedestres";NA;1;NA;NA;NA;NA;NA;NA;NA;NA;NA;NA;NA;NA;NA;NA;NA;NA;NA;NA;NA;NA;NA;NA;NA
32;"ES";3200359;"320035";"Alto Rio Novo";"Não";"-";"Pedestres";NA;NA;NA;NA;NA;NA;NA;NA;NA;NA;NA;NA;NA;NA;NA;NA;1;NA;NA;NA;NA;NA;NA;NA;NA
32;"ES";3200409;"320040";"Anchieta";"Não";"-";"Pedestres";NA;NA;NA;NA;1;NA;NA;NA;NA;2;NA;2;2;NA;1;NA;NA;NA;1;NA;NA;NA;1;NA;NA
32;"ES";3200508;"320050";"Apiacá";"Não";"-";"Pedestres";NA;NA;NA;NA;NA;NA;1;1;NA;NA;NA;NA;NA;NA;NA;NA;NA;NA;NA;NA;NA;NA;NA;NA;NA
32;"ES";3200607;"320060";"Aracruz";"Não";"-";"Pedestres";3;3;9;NA;NA;2;2;3;2;3;1;4;2;NA;1;3;NA;NA;1;NA;1;3;NA;2;NA
32;"ES";3200706;"320070";"Atílio Vivácqua";"Não";"-";"Pedestres";NA;NA;NA;1;NA;NA;NA;1;NA;NA;1;NA;1;1;NA;NA;NA;NA;NA;NA;NA;NA;1;NA;NA
32;"ES";3200805;"320080";"Baixo Guandu";"Não";"-";"Pedestres";NA;NA;1;1;NA;2;1;2;2;NA;2;NA;1;NA;1;1;NA;2;3;1;NA;1;NA;NA;NA
32;"ES";3200904;"320090";"Barra de São Francisco";"Não";"-";"Pedestres";1;1;NA;NA;NA;NA;1;4;2;3;NA;NA;3;NA;1;NA;2;1;2;1;NA;1;NA;NA;NA
32;"ES";3201001;"320100";"Boa Esperança";"Não";"-";"Pedestres";NA;NA;NA;NA;NA;NA;NA;NA;NA;NA;NA;1;NA;NA;1;NA;2;NA;NA;NA;NA;NA;NA;NA;NA
32;"ES";3201100;"320110";"Bom Jesus do Norte";"Não";"-";"Pedestres";NA;NA;NA;NA;NA;NA;NA;NA;NA;NA;NA;NA;NA;NA;NA;NA;NA;NA;NA;NA;NA;NA;NA;NA;NA
32;"ES";3201159;"320115";"Brejetuba";"Não";"-";"Pedestres";NA;NA;NA;NA;NA;NA;NA;NA;NA;NA;NA;NA;NA;NA;1;NA;NA;NA;NA;1;NA;NA;NA;1;NA
32;"ES";3201209;"320120";"Cachoeiro de Itapemirim";"Não";"-";"Pedestres";3;3;5;2;4;5;2;4;8;3;6;9;4;5;8;2;4;5;7;7;2;3;4;5;NA
32;"ES";3201308;"320130";"Cariacica";"Não";"Região Metropolitana da Grande Vitória";"Pedestres";1;6;7;6;8;5;6;7;4;6;8;10;11;3;5;6;5;3;2;10;3;5;4;NA;NA
32;"ES";3201407;"320140";"Castelo";"Não";"-";"Pedestres";1;NA;NA;NA;NA;NA;NA;1;1;NA;1;NA;NA;NA;NA;1;1;NA;NA;1;NA;1;1;1;NA
32;"ES";3201506;"320150";"Colatina";"Não";"-";"Pedestres";1;1;3;5;4;3;4;4;4;3;3;3;2;5;7;2;3;6;4;2;1;3;1;NA;NA
32;"ES";3201605;"320160";"Conceição da Barra";"Não";"-";"Pedestres";2;1;3;2;1;NA;1;2;1;NA;NA;1;NA;4;NA;NA;1;1;NA;NA;NA;NA;NA;2;NA
32;"ES";3201704;"320170";"Conceição do Castelo";"Não";"-";"Pedestres";NA;NA;NA;1;NA;NA;NA;NA;NA;1;NA;NA;NA;NA;NA;NA;NA;NA;NA;NA;NA;NA;NA;NA;NA
32;"ES";3201902;"320190";"Domingos Martins";"Não";"-";"Pedestres";NA;NA;NA;NA;NA;NA;NA;NA;NA;1;NA;NA;NA;1;NA;1;NA;1;NA;2;NA;1;NA;NA;NA
32;"ES";3202009;"320200";"Dores do Rio Preto";"Não";"-";"Pedestres";NA;NA;NA;NA;NA;NA;NA;NA;NA;NA;NA;NA;NA;NA;NA;NA;NA;NA;NA;NA;NA;NA;NA;NA;NA
32;"ES";3202108;"320210";"Ecoporanga";"Não";"-";"Pedestres";NA;NA;NA;NA;NA;NA;NA;NA;1;NA;1;1;NA;NA;NA;NA;NA;1;NA;NA;NA;NA;NA;NA;NA
32;"ES";3202207;"320220";"Fundão";"Não";"Região Metropolitana da Grande Vitória";"Pedestres";2;1;NA;4;NA;4;NA;3;1;NA;3;1;1;NA;1;NA;1;NA;NA;NA;NA;NA;NA;1;NA
32;"ES";3202256;"320225";"Governador Lindenberg";"Não";"-";"Pedestres";NA;NA;NA;NA;NA;NA;NA;NA;1;NA;1;NA;NA;NA;NA;NA;NA;NA;NA;NA;NA;NA;NA;NA;NA
32;"ES";3202306;"320230";"Guaçuí";"Não";"-";"Pedestres";NA;2;NA;NA;1;NA;1;NA;NA;NA;1;NA;2;NA;NA;1;1;NA;NA;NA;NA;NA;NA;1;NA
32;"ES";3202405;"320240";"Guarapari";"Não";"Região Metropolitana da Grande Vitória";"Pedestres";2;3;1;3;5;3;6;5;NA;2;2;1;3;4;1;1;5;1;3;4;3;6;2;6;NA
32;"ES";3202454;"320245";"Ibatiba";"Não";"-";"Pedestres";NA;NA;NA;1;NA;2;NA;NA;NA;NA;NA;NA;1;NA;NA;NA;2;1;1;NA;1;NA;NA;NA;NA
32;"ES";3202504;"320250";"Ibiraçu";"Não";"-";"Pedestres";NA;NA;NA;NA;NA;NA;NA;NA;1;3;1;2;3;2;NA;1;NA;NA;NA;1;NA;1;NA;1;NA
32;"ES";3202553;"320255";"Ibitirama";"Não";"-";"Pedestres";NA;NA;NA;NA;NA;NA;NA;NA;NA;NA;NA;NA;NA;NA;NA;NA;1;NA;NA;NA;NA;NA;1;NA;NA
32;"ES";3202603;"320260";"Iconha";"Não";"-";"Pedestres";1;NA;1;NA;NA;NA;1;NA;NA;NA;1;1;1;NA;NA;NA;1;NA;NA;NA;NA;NA;1;NA;NA
32;"ES";3202652;"320265";"Irupi";"Não";"-";"Pedestres";NA;NA;NA;NA;NA;NA;NA;NA;1;NA;NA;1;NA;NA;NA;NA;NA;NA;NA;NA;NA;NA;NA;NA;NA
32;"ES";3202702;"320270";"Itaguaçu";"Não";"-";"Pedestres";NA;NA;NA;NA;NA;NA;NA;NA;NA;NA;NA;1;NA;NA;NA;NA;1;NA;NA;NA;NA;NA;NA;NA;NA
32;"ES";3202801;"320280";"Itapemirim";"Não";"-";"Pedestres";1;NA;1;1;4;NA;NA;NA;NA;1;3;1;NA;1;NA;NA;1;NA;NA;1;NA;NA;1;2;NA
32;"ES";3202900;"320290";"Itarana";"Não";"-";"Pedestres";NA;NA;NA;NA;NA;NA;NA;NA;1;NA;NA;NA;NA;NA;NA;NA;NA;NA;NA;NA;NA;NA;NA;NA;NA
32;"ES";3203007;"320300";"Iúna";"Não";"-";"Pedestres";NA;3;1;NA;1;NA;NA;1;NA;1;1;NA;1;NA;NA;1;2;NA;NA;NA;NA;1;1;NA;NA
32;"ES";3203056;"320305";"Jaguaré";"Não";"-";"Pedestres";2;NA;NA;2;1;1;NA;NA;3;4;1;NA;1;NA;NA;1;1;NA;1;NA;NA;1;NA;NA;NA
32;"ES";3203106;"320310";"Jerônimo Monteiro";"Não";"-";"Pedestres";NA;1;NA;NA;NA;NA;NA;NA;NA;NA;NA;NA;NA;NA;NA;NA;NA;NA;NA;NA;NA;NA;NA;NA;NA
32;"ES";3203130;"320313";"João Neiva";"Não";"-";"Pedestres";NA;NA;NA;NA;1;1;1;1;3;NA;NA;NA;2;1;NA;1;1;NA;NA;NA;1;2;NA;NA;NA
32;"ES";3203163;"320316";"Laranja da Terra";"Não";"-";"Pedestres";NA;NA;NA;NA;NA;NA;NA;NA;NA;NA;NA;NA;NA;NA;NA;NA;NA;NA;NA;NA;NA;NA;NA;NA;NA
32;"ES";3203205;"320320";"Linhares";"Não";"-";"Pedestres";5;6;5;6;1;4;5;12;7;6;10;10;6;5;5;6;2;6;6;1;NA;8;1;10;NA
32;"ES";3203304;"320330";"Mantenópolis";"Não";"-";"Pedestres";NA;NA;NA;NA;NA;NA;NA;NA;NA;NA;NA;NA;NA;NA;NA;NA;NA;NA;NA;1;NA;NA;1;NA;NA
32;"ES";3203320;"320332";"Marataízes";"Não";"-";"Pedestres";1;NA;NA;NA;1;NA;NA;NA;NA;NA;NA;NA;NA;NA;NA;NA;NA;NA;NA;1;1;1;NA;NA;NA
32;"ES";3203346;"320334";"Marechal Floriano";"Não";"-";"Pedestres";1;NA;NA;1;NA;NA;NA;NA;NA;NA;NA;NA;NA;NA;NA;NA;1;NA;NA;NA;NA;NA;1;NA;NA
32;"ES";3203353;"320335";"Marilândia";"Não";"-";"Pedestres";NA;NA;NA;NA;NA;NA;NA;NA;NA;NA;NA;NA;NA;1;NA;1;NA;1;NA;NA;NA;NA;NA;NA;NA
32;"ES";3203403;"320340";"Mimoso do Sul";"Não";"-";"Pedestres";NA;1;NA;1;NA;1;1;1;NA;2;NA;1;NA;NA;NA;1;NA;1;NA;NA;NA;1;1;NA;NA
32;"ES";3203502;"320350";"Montanha";"Não";"-";"Pedestres";1;NA;NA;NA;NA;2;1;NA;NA;NA;1;1;NA;NA;NA;1;3;NA;NA;NA;NA;1;NA;NA;NA
32;"ES";3203601;"320360";"Mucurici";"Não";"-";"Pedestres";NA;NA;NA;NA;NA;1;NA;2;NA;NA;2;NA;1;NA;NA;NA;NA;1;NA;NA;NA;NA;NA;1;NA
32;"ES";3203700;"320370";"Muniz Freire";"Não";"-";"Pedestres";1;NA;NA;NA;NA;NA;NA;NA;NA;NA;3;1;1;NA;1;NA;NA;NA;NA;NA;NA;NA;NA;NA;NA
32;"ES";3203809;"320380";"Muqui";"Não";"-";"Pedestres";NA;1;NA;NA;NA;1;NA;NA;NA;NA;NA;NA;NA;NA;NA;NA;NA;NA;NA;NA;NA;NA;NA;NA;NA
32;"ES";3203908;"320390";"Nova Venécia";"Não";"-";"Pedestres";NA;NA;1;4;2;NA;1;1;1;2;1;2;3;1;2;1;1;1;NA;NA;NA;NA;1;NA;NA
32;"ES";3204005;"320400";"Pancas";"Não";"-";"Pedestres";NA;NA;1;NA;NA;NA;NA;NA;NA;NA;NA;NA;1;1;NA;1;1;1;1;NA;NA;NA;NA;NA;NA
32;"ES";3204054;"320405";"Pedro Canário";"Não";"-";"Pedestres";NA;NA;NA;1;NA;NA;NA;5;NA;NA;2;NA;NA;1;1;NA;NA;1;NA;NA;NA;1;1;NA;NA
32;"ES";3204104;"320410";"Pinheiros";"Não";"-";"Pedestres";NA;NA;NA;NA;NA;1;2;1;1;NA;1;NA;1;2;NA;NA;1;NA;2;NA;NA;NA;NA;NA;NA
32;"ES";3204203;"320420";"Piúma";"Não";"-";"Pedestres";NA;1;NA;1;NA;NA;NA;NA;1;NA;1;NA;NA;NA;NA;1;1;NA;NA;NA;NA;NA;NA;NA;NA
32;"ES";3204252;"320425";"Ponto Belo";"Não";"-";"Pedestres";NA;NA;NA;NA;NA;NA;NA;NA;NA;NA;NA;NA;NA;NA;NA;NA;NA;NA;NA;NA;NA;NA;NA;NA;NA
32;"ES";3204302;"320430";"Presidente Kennedy";"Não";"-";"Pedestres";NA;NA;NA;NA;NA;NA;NA;NA;NA;1;1;NA;NA;NA;NA;NA;NA;NA;NA;NA;NA;NA;NA;NA;NA
32;"ES";3204351;"320435";"Rio Bananal";"Não";"-";"Pedestres";NA;NA;NA;NA;NA;1;NA;1;NA;NA;NA;NA;NA;1;1;NA;NA;1;NA;NA;NA;NA;1;NA;NA
32;"ES";3204401;"320440";"Rio Novo do Sul";"Não";"-";"Pedestres";NA;NA;1;NA;NA;NA;NA;NA;NA;NA;NA;1;NA;NA;NA;NA;NA;NA;NA;NA;NA;1;NA;NA;NA
32;"ES";3204500;"320450";"Santa Leopoldina";"Não";"-";"Pedestres";NA;NA;NA;NA;NA;NA;NA;NA;NA;NA;NA;NA;NA;NA;NA;NA;NA;NA;NA;NA;NA;NA;NA;NA;NA
32;"ES";3204559;"320455";"Santa Maria de Jetibá";"Não";"-";"Pedestres";NA;NA;NA;NA;NA;NA;1;NA;NA;NA;NA;1;2;NA;NA;1;NA;NA;NA;NA;NA;1;NA;1;NA
32;"ES";3204609;"320460";"Santa Teresa";"Não";"-";"Pedestres";NA;NA;NA;NA;NA;NA;NA;NA;3;NA;NA;NA;1;NA;NA;NA;NA;NA;NA;NA;NA;NA;1;NA;NA
32;"ES";3204658;"320465";"São Domingos do Norte";"Não";"-";"Pedestres";NA;NA;1;NA;NA;NA;NA;NA;1;NA;NA;1;NA;NA;NA;NA;1;2;NA;NA;NA;NA;NA;NA;NA
32;"ES";3204708;"320470";"São Gabriel da Palha";"Não";"-";"Pedestres";1;2;NA;2;NA;NA;1;NA;1;NA;NA;NA;1;1;NA;NA;NA;1;NA;NA;NA;NA;1;NA;NA
32;"ES";3204807;"320480";"São José do Calçado";"Não";"-";"Pedestres";NA;NA;NA;1;NA;NA;NA;NA;NA;1;NA;NA;1;NA;NA;NA;NA;NA;NA;NA;NA;NA;NA;NA;NA
32;"ES";3204906;"320490";"São Mateus";"Não";"-";"Pedestres";2;5;6;4;4;2;9;10;7;6;10;8;7;4;10;6;5;10;5;2;1;7;3;7;NA
32;"ES";3204955;"320495";"São Roque do Canaã";"Não";"-";"Pedestres";NA;NA;NA;NA;NA;NA;NA;NA;NA;NA;NA;NA;NA;NA;NA;NA;NA;NA;NA;NA;NA;NA;NA;NA;NA
32;"ES";3205002;"320500";"Serra";"Não";"Região Metropolitana da Grande Vitória";"Pedestres";28;22;20;23;23;21;24;24;38;18;29;30;28;31;21;18;15;15;16;18;10;6;8;16;NA
32;"ES";3205010;"320501";"Sooretama";"Não";"-";"Pedestres";NA;NA;NA;NA;1;1;NA;1;1;NA;1;3;1;1;NA;NA;NA;NA;NA;NA;NA;NA;NA;1;NA
32;"ES";3205036;"320503";"Vargem Alta";"Não";"-";"Pedestres";NA;NA;NA;NA;NA;NA;NA;1;NA;NA;NA;NA;NA;NA;1;1;1;NA;NA;NA;NA;NA;NA;NA;NA
32;"ES";3205069;"320506";"Venda Nova do Imigrante";"Não";"-";"Pedestres";1;NA;NA;2;1;NA;2;NA;1;NA;1;NA;2;NA;1;NA;3;NA;NA;1;1;NA;NA;NA;NA
32;"ES";3205101;"320510";"Viana";"Não";"Região Metropolitana da Grande Vitória";"Pedestres";1;NA;3;4;3;5;1;NA;2;3;1;6;2;3;NA;1;2;2;2;1;2;6;1;4;NA
32;"ES";3205176;"320517";"Vila Valério";"Não";"-";"Pedestres";NA;NA;NA;NA;NA;NA;NA;NA;NA;NA;NA;NA;NA;NA;NA;NA;NA;NA;NA;1;NA;NA;1;NA;NA
32;"ES";3205200;"320520";"Vila Velha";"Não";"Região Metropolitana da Grande Vitória";"Pedestres";8;4;10;3;7;2;7;9;9;8;6;8;6;4;3;4;5;10;7;7;5;4;2;4;NA
32;"ES";3205309;"320530";"Vitória";"Sim";"Região Metropolitana da Grande Vitória";"Pedestres";36;37;43;42;33;29;26;34;37;30;34;34;33;32;30;23;19;20;25;20;18;24;13;11;NA
33;"RJ";3300100;"330010";"Angra dos Reis";"Não";"-";"Pedestres";NA;3;3;5;5;4;4;6;4;5;5;6;1;7;2;4;4;2;1;NA;NA;2;3;3;NA
33;"RJ";3300159;"330015";"Aperibé";"Não";"-";"Pedestres";NA;NA;NA;NA;NA;NA;NA;NA;NA;1;NA;NA;NA;NA;NA;NA;1;NA;NA;NA;NA;NA;NA;NA;NA
33;"RJ";3300209;"330020";"Araruama";"Não";"-";"Pedestres";8;9;13;8;7;6;11;5;3;7;3;5;1;NA;9;4;6;3;7;1;4;4;3;5;NA
33;"RJ";3300225;"330022";"Areal";"Não";"-";"Pedestres";NA;NA;NA;1;2;NA;1;1;2;NA;NA;NA;NA;NA;NA;NA;NA;NA;NA;NA;NA;2;NA;NA;NA
33;"RJ";3300233;"330023";"Armação dos Búzios";"Não";"-";"Pedestres";1;NA;NA;2;NA;NA;NA;NA;1;NA;NA;NA;NA;2;NA;NA;NA;NA;NA;NA;NA;NA;NA;NA;NA
33;"RJ";3300258;"330025";"Arraial do Cabo";"Não";"-";"Pedestres";NA;NA;NA;NA;NA;NA;NA;NA;NA;NA;1;NA;1;1;NA;NA;NA;NA;NA;NA;1;NA;NA;1;NA
33;"RJ";3300308;"330030";"Barra do Piraí";"Não";"-";"Pedestres";5;7;6;4;1;5;4;1;5;2;1;3;NA;3;1;2;3;2;3;4;2;NA;NA;5;NA
33;"RJ";3300407;"330040";"Barra Mansa";"Não";"-";"Pedestres";7;13;8;6;6;6;7;7;9;4;6;8;5;8;2;5;3;3;7;8;4;2;2;10;NA
33;"RJ";3300456;"330045";"Belford Roxo";"Não";"Região Metropolitana do Rio de Janeiro";"Pedestres";3;8;10;NA;NA;4;6;3;3;NA;4;2;2;1;3;4;3;4;4;NA;2;2;2;4;NA
33;"RJ";3300506;"330050";"Bom Jardim";"Não";"-";"Pedestres";1;1;2;2;NA;NA;NA;NA;NA;NA;NA;NA;NA;1;NA;2;NA;NA;NA;1;NA;1;1;NA;NA
33;"RJ";3300605;"330060";"Bom Jesus do Itabapoana";"Não";"-";"Pedestres";NA;1;NA;NA;NA;NA;1;NA;1;NA;NA;NA;2;NA;NA;NA;NA;1;NA;1;NA;NA;NA;NA;NA
33;"RJ";3300704;"330070";"Cabo Frio";"Não";"-";"Pedestres";5;6;10;11;6;6;4;1;3;7;3;6;7;3;6;4;2;2;1;NA;1;2;1;1;NA
33;"RJ";3300803;"330080";"Cachoeiras de Macacu";"Não";"Região Metropolitana do Rio de Janeiro";"Pedestres";2;1;1;NA;1;1;NA;NA;NA;1;2;NA;NA;1;1;NA;NA;NA;NA;2;NA;NA;NA;3;NA
33;"RJ";3300902;"330090";"Cambuci";"Não";"-";"Pedestres";NA;NA;NA;NA;1;NA;NA;NA;NA;NA;NA;1;1;NA;NA;NA;NA;NA;NA;NA;NA;NA;NA;NA;NA
33;"RJ";3300936;"330093";"Carapebus";"Não";"-";"Pedestres";1;NA;1;NA;NA;NA;1;1;NA;NA;NA;1;NA;1;1;NA;1;NA;NA;NA;NA;NA;1;NA;NA
33;"RJ";3300951;"330095";"Comendador Levy Gasparian";"Não";"-";"Pedestres";NA;NA;1;1;NA;3;NA;NA;NA;NA;NA;1;1;NA;NA;NA;NA;NA;NA;NA;NA;NA;NA;NA;NA
33;"RJ";3301009;"330100";"Campos dos Goytacazes";"Não";"-";"Pedestres";35;28;14;19;12;15;16;12;15;15;13;12;16;11;14;16;12;11;16;13;8;10;12;14;NA
33;"RJ";3301108;"330110";"Cantagalo";"Não";"-";"Pedestres";NA;NA;NA;NA;NA;1;NA;1;1;NA;NA;NA;NA;NA;NA;NA;2;NA;NA;NA;NA;NA;NA;NA;NA
33;"RJ";3301157;"330115";"Cardoso Moreira";"Não";"-";"Pedestres";NA;NA;NA;NA;NA;NA;1;NA;NA;NA;NA;NA;NA;NA;NA;NA;NA;NA;NA;NA;NA;NA;NA;NA;NA
33;"RJ";3301207;"330120";"Carmo";"Não";"-";"Pedestres";NA;NA;NA;NA;NA;NA;NA;NA;NA;NA;NA;NA;NA;1;NA;NA;NA;NA;NA;NA;NA;NA;NA;NA;NA
33;"RJ";3301306;"330130";"Casimiro de Abreu";"Não";"-";"Pedestres";NA;1;2;2;NA;NA;1;2;NA;NA;NA;NA;NA;1;NA;NA;1;NA;2;NA;NA;1;NA;NA;NA
33;"RJ";3301405;"330140";"Conceição de Macabu";"Não";"-";"Pedestres";NA;2;1;1;4;2;NA;NA;NA;1;2;NA;NA;1;NA;NA;NA;NA;NA;NA;NA;NA;NA;NA;NA
33;"RJ";3301504;"330150";"Cordeiro";"Não";"-";"Pedestres";1;NA;1;NA;1;NA;1;NA;1;NA;NA;NA;NA;NA;1;NA;1;NA;NA;NA;NA;NA;NA;NA;NA
33;"RJ";3301603;"330160";"Duas Barras";"Não";"-";"Pedestres";NA;NA;NA;NA;NA;NA;NA;NA;NA;NA;NA;NA;NA;NA;NA;NA;NA;NA;NA;NA;NA;NA;1;NA;NA
33;"RJ";3301702;"330170";"Duque de Caxias";"Não";"Região Metropolitana do Rio de Janeiro";"Pedestres";32;30;40;54;60;83;91;70;70;62;134;137;102;37;53;21;8;14;23;17;18;10;20;14;NA
33;"RJ";3301801;"330180";"Engenheiro Paulo de Frontin";"Não";"-";"Pedestres";NA;NA;NA;NA;NA;NA;NA;NA;2;NA;NA;NA;1;NA;NA;NA;NA;NA;NA;NA;NA;NA;NA;NA;NA
33;"RJ";3301850;"330185";"Guapimirim";"Não";"Região Metropolitana do Rio de Janeiro";"Pedestres";4;1;3;5;6;2;2;2;3;4;3;4;1;2;2;NA;1;NA;1;1;1;1;4;1;NA
33;"RJ";3301876;"330187";"Iguaba Grande";"Não";"-";"Pedestres";NA;NA;NA;1;NA;NA;NA;NA;NA;NA;NA;1;NA;NA;NA;1;NA;1;NA;NA;NA;NA;NA;NA;NA
33;"RJ";3301900;"330190";"Itaboraí";"Não";"Região Metropolitana do Rio de Janeiro";"Pedestres";14;16;14;9;12;14;10;7;8;18;12;11;4;8;5;4;NA;1;3;2;2;1;1;6;NA
33;"RJ";3302007;"330200";"Itaguaí";"Não";"Região Metropolitana do Rio de Janeiro";"Pedestres";3;1;7;2;6;5;5;10;9;3;14;10;11;5;4;10;4;7;10;3;5;9;11;9;NA
33;"RJ";3302056;"330205";"Italva";"Não";"-";"Pedestres";2;NA;NA;NA;NA;NA;NA;NA;NA;NA;NA;NA;NA;NA;NA;NA;NA;NA;NA;NA;NA;NA;NA;NA;NA
33;"RJ";3302106;"330210";"Itaocara";"Não";"-";"Pedestres";4;1;NA;NA;NA;NA;NA;NA;1;1;1;NA;NA;NA;1;1;1;NA;NA;1;NA;NA;NA;NA;NA
33;"RJ";3302205;"330220";"Itaperuna";"Não";"-";"Pedestres";2;2;1;4;3;3;4;3;1;2;NA;1;2;3;5;2;1;NA;NA;1;1;NA;NA;1;NA
33;"RJ";3302254;"330225";"Itatiaia";"Não";"-";"Pedestres";NA;NA;NA;NA;2;NA;1;1;2;NA;1;3;NA;NA;2;NA;2;NA;NA;1;NA;1;1;NA;NA
33;"RJ";3302270;"330227";"Japeri";"Não";"Região Metropolitana do Rio de Janeiro";"Pedestres";NA;NA;NA;NA;2;4;1;4;1;NA;1;1;2;2;1;2;NA;3;5;NA;4;1;2;5;NA
33;"RJ";3302304;"330230";"Laje do Muriaé";"Não";"-";"Pedestres";NA;1;NA;NA;NA;NA;1;NA;NA;NA;NA;NA;NA;NA;NA;NA;NA;NA;NA;NA;NA;NA;NA;NA;NA
33;"RJ";3302403;"330240";"Macaé";"Não";"-";"Pedestres";8;9;11;11;7;6;6;11;10;7;5;7;9;2;8;5;NA;1;4;NA;1;4;1;1;NA
33;"RJ";3302452;"330245";"Macuco";"Não";"-";"Pedestres";1;NA;NA;NA;NA;NA;NA;NA;NA;NA;NA;NA;NA;1;NA;NA;NA;NA;NA;NA;NA;NA;NA;NA;NA
33;"RJ";3302502;"330250";"Magé";"Não";"Região Metropolitana do Rio de Janeiro";"Pedestres";NA;3;2;5;1;4;4;6;8;4;6;5;4;2;5;1;1;2;4;3;1;1;NA;5;NA
33;"RJ";3302601;"330260";"Mangaratiba";"Não";"-";"Pedestres";3;NA;1;NA;NA;NA;3;4;NA;NA;1;1;2;1;1;3;1;2;NA;NA;NA;1;NA;4;NA
33;"RJ";3302700;"330270";"Maricá";"Não";"Região Metropolitana do Rio de Janeiro";"Pedestres";8;3;8;5;7;7;5;12;8;4;3;4;5;3;7;6;4;1;7;NA;2;5;5;4;NA
33;"RJ";3302809;"330280";"Mendes";"Não";"-";"Pedestres";NA;NA;NA;1;NA;2;NA;NA;NA;NA;NA;1;NA;NA;1;NA;1;NA;NA;NA;NA;NA;NA;1;NA
33;"RJ";3302858;"330285";"Mesquita";"Não";"Região Metropolitana do Rio de Janeiro";"Pedestres";NA;NA;5;1;NA;3;4;3;3;3;5;1;NA;NA;2;2;1;NA;2;3;1;NA;2;NA;NA
33;"RJ";3302908;"330290";"Miguel Pereira";"Não";"-";"Pedestres";1;1;NA;NA;1;NA;1;2;1;NA;NA;1;1;2;1;NA;NA;NA;1;NA;1;1;NA;NA;NA
33;"RJ";3303005;"330300";"Miracema";"Não";"-";"Pedestres";1;NA;NA;NA;NA;1;NA;NA;NA;NA;1;1;NA;1;NA;NA;NA;NA;NA;NA;NA;1;NA;NA;NA
33;"RJ";3303104;"330310";"Natividade";"Não";"-";"Pedestres";NA;NA;1;2;NA;NA;1;NA;NA;NA;NA;NA;NA;NA;NA;NA;NA;NA;1;1;NA;NA;NA;NA;NA
33;"RJ";3303203;"330320";"Nilópolis";"Não";"Região Metropolitana do Rio de Janeiro";"Pedestres";4;2;1;NA;NA;NA;2;1;1;1;NA;NA;1;1;1;NA;NA;NA;1;NA;3;1;NA;1;NA
33;"RJ";3303302;"330330";"Niterói";"Não";"Região Metropolitana do Rio de Janeiro";"Pedestres";29;15;19;24;32;26;38;21;6;6;29;37;25;18;6;13;8;10;21;8;12;9;16;16;NA
33;"RJ";3303401;"330340";"Nova Friburgo";"Não";"-";"Pedestres";4;3;1;6;5;NA;2;3;NA;1;4;2;2;1;NA;2;3;1;2;1;NA;NA;1;1;NA
33;"RJ";3303500;"330350";"Nova Iguaçu";"Não";"Região Metropolitana do Rio de Janeiro";"Pedestres";28;15;45;52;53;74;49;54;29;31;35;44;42;32;47;50;21;34;35;10;26;49;26;32;NA
33;"RJ";3303609;"330360";"Paracambi";"Não";"Região Metropolitana do Rio de Janeiro";"Pedestres";2;NA;1;1;1;NA;1;NA;NA;1;NA;NA;NA;NA;1;1;1;1;3;1;NA;NA;1;1;NA
33;"RJ";3303708;"330370";"Paraíba do Sul";"Não";"-";"Pedestres";1;NA;NA;1;1;2;NA;NA;2;NA;1;1;2;NA;NA;NA;NA;NA;NA;1;NA;NA;1;NA;NA
33;"RJ";3303807;"330380";"Paraty";"Não";"-";"Pedestres";2;1;1;1;4;3;1;2;NA;1;2;1;NA;NA;2;NA;1;NA;2;NA;1;NA;1;3;NA
33;"RJ";3303856;"330385";"Paty do Alferes";"Não";"-";"Pedestres";1;NA;1;NA;NA;NA;NA;NA;NA;NA;NA;NA;NA;NA;NA;NA;NA;NA;NA;NA;NA;NA;NA;NA;NA
33;"RJ";3303906;"330390";"Petrópolis";"Não";"Região Metropolitana do Rio de Janeiro";"Pedestres";6;6;6;9;11;5;6;9;4;10;3;5;11;8;6;3;3;9;1;3;1;4;3;3;NA
33;"RJ";3303955;"330395";"Pinheiral";"Não";"-";"Pedestres";NA;NA;1;1;2;1;NA;NA;NA;1;1;NA;NA;NA;1;NA;NA;NA;NA;NA;NA;NA;NA;NA;NA
33;"RJ";3304003;"330400";"Piraí";"Não";"-";"Pedestres";4;6;4;1;2;3;3;1;1;1;2;1;NA;1;2;NA;1;1;1;2;NA;NA;1;2;NA
33;"RJ";3304102;"330410";"Porciúncula";"Não";"-";"Pedestres";NA;NA;NA;NA;NA;NA;NA;NA;NA;NA;NA;NA;NA;NA;NA;NA;1;NA;NA;NA;NA;NA;NA;1;NA
33;"RJ";3304110;"330411";"Porto Real";"Não";"-";"Pedestres";NA;1;NA;NA;1;NA;NA;NA;NA;NA;NA;2;1;1;2;NA;NA;NA;NA;1;1;NA;NA;NA;NA
33;"RJ";3304128;"330412";"Quatis";"Não";"-";"Pedestres";NA;NA;NA;NA;NA;NA;NA;NA;NA;NA;NA;NA;NA;1;NA;NA;NA;NA;NA;NA;NA;1;NA;NA;NA
33;"RJ";3304144;"330414";"Queimados";"Não";"Região Metropolitana do Rio de Janeiro";"Pedestres";1;2;5;5;4;3;5;1;3;NA;7;6;2;5;4;7;2;4;7;3;6;6;1;5;NA
33;"RJ";3304151;"330415";"Quissamã";"Não";"-";"Pedestres";1;1;NA;NA;NA;1;1;NA;1;NA;NA;1;NA;1;NA;NA;NA;1;NA;NA;NA;NA;NA;NA;NA
33;"RJ";3304201;"330420";"Resende";"Não";"-";"Pedestres";5;9;4;4;8;4;5;4;6;6;4;2;7;5;5;3;6;1;6;2;1;2;4;3;NA
33;"RJ";3304300;"330430";"Rio Bonito";"Não";"Região Metropolitana do Rio de Janeiro";"Pedestres";12;14;6;12;5;5;1;3;6;9;4;4;1;1;1;NA;2;2;NA;1;NA;1;1;2;NA
33;"RJ";3304409;"330440";"Rio Claro";"Não";"-";"Pedestres";1;1;1;NA;1;1;NA;NA;NA;NA;NA;NA;1;NA;NA;1;NA;NA;NA;NA;NA;NA;1;NA;NA
33;"RJ";3304508;"330450";"Rio das Flores";"Não";"-";"Pedestres";NA;NA;NA;NA;NA;NA;NA;NA;NA;NA;NA;NA;NA;NA;NA;NA;NA;NA;NA;NA;NA;NA;NA;NA;NA
33;"RJ";3304524;"330452";"Rio das Ostras";"Não";"-";"Pedestres";1;NA;NA;4;1;2;2;2;2;2;NA;2;1;1;3;2;NA;1;1;NA;NA;1;NA;1;NA
33;"RJ";3304557;"330455";"Rio de Janeiro";"Sim";"Região Metropolitana do Rio de Janeiro";"Pedestres";288;311;322;289;355;293;292;179;217;218;285;236;232;194;197;175;111;174;230;80;187;191;183;185;NA
33;"RJ";3304607;"330460";"Santa Maria Madalena";"Não";"-";"Pedestres";NA;NA;NA;NA;NA;NA;NA;NA;NA;NA;NA;NA;NA;NA;NA;NA;NA;NA;NA;NA;NA;NA;NA;1;NA
33;"RJ";3304706;"330470";"Santo Antônio de Pádua";"Não";"-";"Pedestres";NA;2;NA;NA;1;NA;NA;1;1;1;NA;6;1;NA;1;NA;NA;NA;NA;1;NA;NA;NA;NA;NA
33;"RJ";3304755;"330475";"São Francisco de Itabapoana";"Não";"-";"Pedestres";3;1;NA;NA;NA;1;NA;NA;1;NA;NA;1;1;3;1;NA;1;NA;NA;1;NA;NA;NA;NA;NA
33;"RJ";3304805;"330480";"São Fidélis";"Não";"-";"Pedestres";NA;NA;NA;NA;NA;NA;NA;NA;1;NA;NA;NA;NA;NA;NA;1;NA;NA;NA;NA;NA;NA;NA;NA;NA
33;"RJ";3304904;"330490";"São Gonçalo";"Não";"Região Metropolitana do Rio de Janeiro";"Pedestres";38;42;33;23;28;39;53;38;17;13;31;26;21;27;56;39;49;22;32;22;29;31;46;35;NA
33;"RJ";3305000;"330500";"São João da Barra";"Não";"-";"Pedestres";NA;NA;NA;NA;NA;1;NA;NA;1;NA;NA;NA;NA;NA;NA;NA;NA;1;NA;1;NA;NA;NA;NA;NA
33;"RJ";3305109;"330510";"São João de Meriti";"Não";"Região Metropolitana do Rio de Janeiro";"Pedestres";10;11;17;17;5;12;10;13;3;NA;5;1;2;NA;6;5;3;2;10;3;1;2;7;2;NA
33;"RJ";3305133;"330513";"São José de Ubá";"Não";"-";"Pedestres";NA;NA;NA;NA;NA;NA;NA;NA;NA;NA;NA;NA;NA;NA;NA;NA;NA;NA;NA;NA;NA;NA;NA;NA;NA
33;"RJ";3305158;"330515";"São José do Vale do Rio Preto";"Não";"-";"Pedestres";1;2;NA;NA;NA;NA;NA;NA;NA;NA;1;NA;NA;NA;NA;1;NA;NA;NA;NA;NA;1;NA;NA;NA
33;"RJ";3305208;"330520";"São Pedro da Aldeia";"Não";"-";"Pedestres";5;2;4;2;5;3;9;5;3;4;2;NA;2;4;1;2;3;2;2;NA;2;1;3;2;NA
33;"RJ";3305307;"330530";"São Sebastião do Alto";"Não";"-";"Pedestres";NA;NA;1;NA;NA;NA;NA;1;NA;NA;NA;NA;NA;NA;NA;NA;NA;NA;NA;NA;NA;NA;NA;NA;NA
33;"RJ";3305406;"330540";"Sapucaia";"Não";"-";"Pedestres";1;NA;NA;2;2;NA;NA;1;2;NA;NA;2;1;1;NA;NA;NA;1;NA;NA;NA;1;NA;1;NA
33;"RJ";3305505;"330550";"Saquarema";"Não";"-";"Pedestres";1;3;3;3;4;2;3;3;2;3;1;2;1;1;1;2;NA;1;1;3;3;3;2;NA;NA
33;"RJ";3305554;"330555";"Seropédica";"Não";"Região Metropolitana do Rio de Janeiro";"Pedestres";NA;NA;2;4;5;2;3;1;1;NA;4;2;2;1;2;3;1;2;4;2;NA;5;1;3;NA
33;"RJ";3305604;"330560";"Silva Jardim";"Não";"-";"Pedestres";NA;5;1;NA;3;NA;NA;NA;2;NA;1;1;1;NA;NA;NA;1;NA;1;NA;NA;NA;NA;2;NA
33;"RJ";3305703;"330570";"Sumidouro";"Não";"-";"Pedestres";NA;NA;NA;NA;NA;NA;NA;NA;NA;NA;NA;NA;NA;NA;1;NA;NA;NA;NA;NA;NA;NA;NA;NA;NA
33;"RJ";3305752;"330575";"Tanguá";"Não";"Região Metropolitana do Rio de Janeiro";"Pedestres";2;3;5;2;3;1;4;1;3;2;2;NA;NA;NA;1;2;NA;2;1;NA;2;1;NA;NA;NA
33;"RJ";3305802;"330580";"Teresópolis";"Não";"-";"Pedestres";4;6;4;4;1;5;5;2;2;2;3;3;3;3;5;1;3;6;3;6;2;NA;4;1;NA
33;"RJ";3305901;"330590";"Trajano de Moraes";"Não";"-";"Pedestres";NA;NA;2;NA;NA;NA;NA;1;NA;NA;NA;NA;NA;NA;NA;NA;NA;NA;NA;NA;NA;NA;NA;NA;NA
33;"RJ";3306008;"330600";"Três Rios";"Não";"-";"Pedestres";5;5;6;3;4;4;5;5;5;6;2;7;5;2;4;5;5;5;3;3;2;1;4;5;NA
33;"RJ";3306107;"330610";"Valença";"Não";"-";"Pedestres";2;1;4;1;2;3;3;3;1;4;2;2;2;NA;NA;1;1;NA;NA;2;2;2;NA;NA;NA
33;"RJ";3306156;"330615";"Varre-Sai";"Não";"-";"Pedestres";NA;NA;NA;NA;NA;NA;NA;NA;NA;NA;NA;NA;NA;NA;NA;NA;NA;NA;NA;NA;NA;NA;NA;NA;NA
33;"RJ";3306206;"330620";"Vassouras";"Não";"-";"Pedestres";1;2;1;5;1;3;NA;2;1;2;3;2;3;1;2;1;1;NA;4;1;1;2;1;1;NA
33;"RJ";3306305;"330630";"Volta Redonda";"Não";"-";"Pedestres";14;11;11;7;5;7;10;9;8;10;9;6;11;7;5;8;3;6;2;3;3;5;1;3;NA
35;"SP";3500105;"350010";"Adamantina";"Não";"-";"Pedestres";1;NA;1;1;NA;2;NA;NA;NA;NA;NA;NA;NA;NA;NA;1;1;1;NA;NA;NA;NA;NA;1;NA
35;"SP";3500204;"350020";"Adolfo";"Não";"Região Metropolitana de São José do Rio Preto";"Pedestres";NA;NA;NA;NA;NA;NA;NA;NA;NA;NA;NA;NA;NA;NA;NA;NA;1;NA;NA;NA;NA;NA;NA;NA;NA
35;"SP";3500303;"350030";"Aguaí";"Não";"-";"Pedestres";1;NA;NA;NA;1;1;1;NA;NA;NA;NA;2;NA;NA;1;1;1;NA;NA;NA;NA;NA;NA;NA;NA
35;"SP";3500402;"350040";"Águas da Prata";"Não";"-";"Pedestres";NA;NA;NA;NA;NA;NA;1;NA;NA;NA;NA;NA;NA;NA;NA;NA;NA;NA;NA;NA;NA;NA;NA;NA;NA
35;"SP";3500501;"350050";"Águas de Lindóia";"Não";"-";"Pedestres";NA;NA;NA;NA;NA;NA;NA;NA;NA;NA;NA;NA;NA;NA;NA;NA;NA;1;NA;NA;NA;NA;NA;1;NA
35;"SP";3500550;"350055";"Águas de Santa Bárbara";"Não";"-";"Pedestres";NA;NA;NA;NA;NA;NA;NA;NA;NA;NA;NA;NA;NA;NA;NA;NA;NA;NA;NA;NA;NA;NA;NA;NA;NA
35;"SP";3500600;"350060";"Águas de São Pedro";"Não";"Região Metropolitana de Piracicaba";"Pedestres";NA;NA;NA;NA;NA;NA;NA;NA;NA;NA;NA;NA;NA;NA;NA;1;NA;NA;NA;NA;NA;NA;NA;NA;NA
35;"SP";3500709;"350070";"Agudos";"Não";"-";"Pedestres";NA;NA;NA;NA;NA;NA;NA;NA;NA;NA;NA;NA;NA;NA;NA;NA;1;NA;NA;NA;2;NA;1;NA;NA
35;"SP";3500758;"350075";"Alambari";"Não";"Região Metropolitana de Sorocaba";"Pedestres";NA;NA;NA;NA;NA;NA;NA;NA;NA;NA;NA;NA;NA;NA;NA;NA;1;NA;NA;NA;NA;NA;NA;NA;NA
35;"SP";3500907;"350090";"Altair";"Não";"-";"Pedestres";NA;NA;NA;NA;NA;NA;NA;NA;NA;NA;NA;NA;NA;NA;NA;NA;NA;NA;NA;NA;NA;NA;NA;NA;NA
35;"SP";3501004;"350100";"Altinópolis";"Não";"Região Metropolitana de Ribeirão Preto";"Pedestres";NA;NA;NA;NA;NA;NA;NA;NA;NA;NA;NA;NA;NA;1;NA;NA;NA;1;NA;NA;NA;NA;NA;1;NA
35;"SP";3501152;"350115";"Alumínio";"Não";"Região Metropolitana de Sorocaba";"Pedestres";NA;NA;NA;NA;NA;NA;1;NA;NA;NA;NA;NA;NA;NA;NA;NA;NA;NA;1;NA;NA;NA;NA;1;NA
35;"SP";3501301;"350130";"Álvares Machado";"Não";"-";"Pedestres";NA;NA;1;NA;NA;NA;NA;NA;NA;NA;NA;1;1;NA;NA;NA;NA;NA;NA;NA;NA;NA;NA;NA;NA
35;"SP";3501400;"350140";"Álvaro de Carvalho";"Não";"-";"Pedestres";NA;NA;NA;NA;NA;NA;NA;NA;NA;NA;NA;NA;NA;NA;NA;NA;NA;NA;NA;NA;NA;NA;NA;NA;NA
35;"SP";3501608;"350160";"Americana";"Não";"Região Metropolitana de Campinas";"Pedestres";3;2;4;1;3;8;4;3;NA;2;5;5;2;1;5;3;3;3;1;2;2;2;1;1;NA
35;"SP";3501707;"350170";"Américo Brasiliense";"Não";"-";"Pedestres";NA;NA;NA;NA;NA;NA;NA;NA;1;NA;NA;NA;NA;1;1;NA;1;NA;NA;1;NA;NA;NA;NA;NA
35;"SP";3501905;"350190";"Amparo";"Não";"-";"Pedestres";NA;NA;NA;NA;2;NA;1;NA;NA;NA;2;NA;NA;NA;NA;NA;1;1;NA;NA;NA;2;NA;NA;NA
35;"SP";3502002;"350200";"Analândia";"Não";"Região Metropolitana de Piracicaba";"Pedestres";NA;NA;NA;NA;NA;NA;NA;NA;NA;NA;NA;NA;NA;NA;NA;NA;NA;NA;NA;NA;NA;NA;NA;NA;NA
35;"SP";3502101;"350210";"Andradina";"Não";"-";"Pedestres";NA;1;NA;NA;1;NA;NA;1;NA;1;NA;NA;NA;1;NA;NA;NA;NA;1;1;NA;NA;NA;NA;NA
35;"SP";3502200;"350220";"Angatuba";"Não";"-";"Pedestres";NA;NA;NA;NA;NA;NA;NA;NA;NA;NA;NA;1;NA;NA;NA;NA;NA;NA;NA;1;NA;NA;NA;NA;NA
35;"SP";3502309;"350230";"Anhembi";"Não";"-";"Pedestres";NA;NA;NA;NA;NA;NA;NA;NA;NA;NA;NA;NA;NA;NA;NA;NA;NA;1;NA;NA;NA;NA;NA;NA;NA
35;"SP";3502507;"350250";"Aparecida";"Não";"Região Metropolitana do Vale do Paraíba e Litoral Norte";"Pedestres";NA;NA;NA;2;1;NA;1;3;6;1;2;2;4;1;1;2;2;1;NA;NA;NA;1;1;3;NA
35;"SP";3502705;"350270";"Apiaí";"Não";"-";"Pedestres";NA;NA;NA;NA;NA;NA;NA;NA;NA;NA;NA;NA;NA;NA;NA;NA;NA;NA;NA;NA;NA;1;1;NA;NA
35;"SP";3502754;"350275";"Araçariguama";"Não";"Região Metropolitana de Sorocaba";"Pedestres";1;NA;1;NA;NA;1;2;2;1;NA;1;2;2;NA;2;NA;NA;NA;NA;NA;NA;1;1;1;NA
35;"SP";3502804;"350280";"Araçatuba";"Não";"-";"Pedestres";1;NA;NA;NA;3;2;1;1;NA;NA;NA;1;NA;2;3;2;5;1;4;1;1;2;3;2;NA
35;"SP";3502903;"350290";"Araçoiaba da Serra";"Não";"Região Metropolitana de Sorocaba";"Pedestres";NA;NA;NA;1;NA;NA;NA;NA;1;NA;NA;NA;NA;2;1;NA;NA;NA;NA;1;NA;1;NA;NA;NA
35;"SP";3503000;"350300";"Aramina";"Não";"-";"Pedestres";NA;NA;NA;NA;NA;NA;NA;NA;NA;NA;NA;NA;NA;NA;NA;NA;NA;2;NA;NA;NA;NA;NA;NA;NA
35;"SP";3503109;"350310";"Arandu";"Não";"-";"Pedestres";NA;NA;NA;NA;NA;NA;NA;NA;NA;NA;NA;NA;NA;NA;NA;NA;NA;NA;NA;NA;NA;NA;NA;NA;NA
35;"SP";3503208;"350320";"Araraquara";"Não";"-";"Pedestres";4;3;3;4;3;4;3;4;3;2;2;1;1;3;2;1;1;1;4;NA;2;5;2;1;NA
35;"SP";3503307;"350330";"Araras";"Não";"Região Metropolitana de Piracicaba";"Pedestres";2;1;1;NA;NA;NA;NA;NA;4;NA;NA;NA;NA;NA;1;2;NA;NA;2;2;1;1;1;1;NA
35;"SP";3503356;"350335";"Arco-Íris";"Não";"-";"Pedestres";NA;NA;NA;NA;1;NA;NA;NA;NA;NA;NA;NA;NA;NA;NA;1;NA;NA;NA;NA;NA;NA;NA;NA;NA
35;"SP";3503406;"350340";"Arealva";"Não";"-";"Pedestres";NA;NA;NA;NA;NA;NA;NA;NA;NA;NA;NA;NA;NA;NA;NA;NA;1;NA;NA;NA;NA;NA;NA;NA;NA
35;"SP";3503505;"350350";"Areias";"Não";"Região Metropolitana do Vale do Paraíba e Litoral Norte";"Pedestres";NA;NA;NA;NA;NA;NA;NA;NA;NA;NA;NA;NA;NA;NA;NA;NA;NA;NA;NA;NA;NA;NA;NA;NA;NA
35;"SP";3503604;"350360";"Areiópolis";"Não";"-";"Pedestres";NA;NA;NA;NA;NA;NA;NA;NA;NA;NA;NA;NA;NA;NA;1;NA;NA;NA;NA;NA;1;NA;1;NA;NA
35;"SP";3503703;"350370";"Ariranha";"Não";"-";"Pedestres";NA;NA;NA;NA;NA;NA;NA;NA;NA;NA;NA;NA;NA;NA;NA;NA;NA;NA;NA;NA;NA;NA;NA;NA;NA
35;"SP";3503802;"350380";"Artur Nogueira";"Não";"Região Metropolitana de Campinas";"Pedestres";1;NA;NA;1;NA;NA;NA;NA;1;NA;NA;1;2;NA;NA;1;NA;1;2;NA;4;1;NA;4;NA
35;"SP";3503901;"350390";"Arujá";"Não";"Região Metropolitana de São Paulo";"Pedestres";4;1;3;1;3;2;2;1;5;2;2;2;5;3;2;2;1;3;1;2;1;1;1;1;NA
35;"SP";3503950;"350395";"Aspásia";"Não";"-";"Pedestres";NA;NA;NA;NA;NA;NA;NA;NA;NA;NA;NA;NA;NA;NA;NA;NA;NA;NA;NA;NA;NA;NA;NA;NA;NA
35;"SP";3504008;"350400";"Assis";"Não";"-";"Pedestres";NA;1;1;NA;NA;NA;1;NA;NA;NA;NA;NA;NA;NA;1;NA;NA;NA;NA;2;NA;NA;NA;NA;NA
35;"SP";3504107;"350410";"Atibaia";"Não";"-";"Pedestres";6;2;6;7;4;5;5;3;8;3;9;2;5;1;11;2;4;2;3;5;5;NA;NA;6;NA
35;"SP";3504206;"350420";"Auriflama";"Não";"-";"Pedestres";NA;NA;NA;NA;NA;NA;NA;NA;NA;NA;NA;NA;NA;NA;NA;NA;NA;NA;NA;NA;NA;NA;NA;NA;NA
35;"SP";3504305;"350430";"Avaí";"Não";"-";"Pedestres";NA;NA;NA;NA;NA;NA;NA;NA;NA;NA;NA;NA;NA;NA;NA;NA;NA;NA;NA;NA;NA;NA;NA;NA;NA
35;"SP";3504404;"350440";"Avanhandava";"Não";"-";"Pedestres";NA;NA;NA;NA;NA;NA;NA;NA;NA;NA;NA;NA;NA;NA;NA;NA;NA;NA;NA;NA;NA;NA;NA;NA;NA
35;"SP";3504503;"350450";"Avaré";"Não";"-";"Pedestres";1;2;2;1;1;NA;2;NA;2;NA;1;NA;NA;NA;3;1;1;NA;NA;2;1;NA;1;1;NA
35;"SP";3504602;"350460";"Bady Bassitt";"Não";"Região Metropolitana de São José do Rio Preto";"Pedestres";NA;NA;NA;NA;NA;NA;NA;NA;NA;NA;NA;NA;NA;NA;NA;1;NA;NA;NA;NA;1;NA;NA;1;NA
35;"SP";3504800;"350480";"Bálsamo";"Não";"Região Metropolitana de São José do Rio Preto";"Pedestres";NA;NA;NA;NA;NA;NA;NA;NA;NA;NA;NA;NA;NA;NA;1;NA;NA;NA;NA;NA;NA;NA;1;1;NA
35;"SP";3504909;"350490";"Bananal";"Não";"Região Metropolitana do Vale do Paraíba e Litoral Norte";"Pedestres";NA;NA;NA;NA;NA;NA;NA;NA;NA;NA;NA;NA;NA;NA;NA;NA;NA;NA;1;NA;NA;NA;NA;NA;NA
35;"SP";3505005;"350500";"Barão de Antonina";"Não";"-";"Pedestres";NA;NA;NA;NA;NA;NA;NA;NA;NA;NA;NA;NA;NA;NA;NA;NA;NA;NA;NA;NA;NA;NA;NA;NA;NA
35;"SP";3505104;"350510";"Barbosa";"Não";"-";"Pedestres";NA;NA;NA;NA;1;NA;NA;NA;NA;NA;NA;NA;NA;NA;NA;NA;NA;NA;NA;NA;NA;NA;NA;NA;NA
35;"SP";3505203;"350520";"Bariri";"Não";"-";"Pedestres";NA;1;NA;NA;1;NA;NA;NA;NA;NA;NA;NA;NA;NA;NA;NA;NA;1;NA;NA;NA;NA;NA;NA;NA
35;"SP";3505302;"350530";"Barra Bonita";"Não";"-";"Pedestres";NA;1;2;NA;NA;1;NA;NA;1;NA;NA;NA;NA;NA;NA;NA;NA;NA;NA;NA;NA;NA;NA;NA;NA
35;"SP";3505351;"350535";"Barra do Chapéu";"Não";"-";"Pedestres";NA;NA;NA;NA;NA;NA;NA;NA;NA;NA;NA;NA;NA;NA;NA;NA;2;NA;NA;NA;NA;NA;NA;NA;NA
35;"SP";3505401;"350540";"Barra do Turvo";"Não";"-";"Pedestres";NA;NA;NA;2;1;1;NA;NA;NA;1;NA;NA;NA;NA;NA;NA;2;1;NA;1;1;NA;1;NA;NA
35;"SP";3505500;"350550";"Barretos";"Não";"-";"Pedestres";NA;NA;1;3;NA;5;NA;3;1;1;1;2;NA;2;3;2;4;NA;2;3;1;2;1;2;NA
35;"SP";3505609;"350560";"Barrinha";"Não";"Região Metropolitana de Ribeirão Preto";"Pedestres";1;NA;NA;NA;NA;NA;1;1;NA;1;1;NA;NA;NA;2;NA;NA;1;2;1;NA;NA;NA;NA;NA
35;"SP";3505708;"350570";"Barueri";"Não";"Região Metropolitana de São Paulo";"Pedestres";3;2;2;1;3;2;3;9;2;2;4;3;2;2;1;3;1;3;4;1;3;3;7;7;NA
35;"SP";3505807;"350580";"Bastos";"Não";"-";"Pedestres";NA;NA;NA;NA;NA;NA;NA;NA;NA;NA;NA;NA;1;NA;NA;NA;NA;NA;NA;1;NA;NA;1;NA;NA
35;"SP";3505906;"350590";"Batatais";"Não";"Região Metropolitana de Ribeirão Preto";"Pedestres";NA;NA;1;NA;NA;1;NA;NA;NA;2;2;1;NA;NA;NA;NA;1;NA;1;1;1;1;NA;NA;NA
35;"SP";3506003;"350600";"Bauru";"Não";"-";"Pedestres";2;2;3;4;1;5;5;6;8;5;6;6;5;5;3;2;4;4;3;3;2;4;12;1;NA
35;"SP";3506102;"350610";"Bebedouro";"Não";"-";"Pedestres";3;NA;NA;NA;1;NA;2;2;NA;2;2;NA;1;NA;1;1;1;1;NA;NA;3;1;NA;NA;NA
35;"SP";3506201;"350620";"Bento de Abreu";"Não";"-";"Pedestres";NA;NA;NA;NA;NA;NA;NA;NA;NA;NA;NA;NA;NA;NA;NA;NA;NA;NA;NA;NA;NA;NA;NA;NA;NA
35;"SP";3506300;"350630";"Bernardino de Campos";"Não";"-";"Pedestres";NA;NA;NA;NA;NA;NA;NA;NA;NA;NA;NA;NA;NA;NA;NA;NA;NA;NA;NA;NA;NA;NA;NA;NA;NA
35;"SP";3506359;"350635";"Bertioga";"Não";"Região Metropolitana da Baixada Santista";"Pedestres";NA;NA;NA;NA;NA;2;NA;NA;NA;NA;NA;1;NA;NA;NA;NA;NA;NA;1;2;1;1;2;5;NA
35;"SP";3506409;"350640";"Bilac";"Não";"-";"Pedestres";NA;NA;NA;NA;NA;1;NA;NA;NA;NA;NA;NA;NA;NA;NA;NA;NA;NA;NA;NA;NA;NA;NA;NA;NA
35;"SP";3506508;"350650";"Birigui";"Não";"-";"Pedestres";NA;NA;NA;1;NA;1;NA;NA;NA;NA;NA;NA;NA;1;NA;1;NA;2;NA;NA;1;NA;2;1;NA
35;"SP";3506607;"350660";"Biritiba Mirim";"Não";"Região Metropolitana de São Paulo";"Pedestres";NA;NA;NA;NA;1;NA;NA;NA;NA;NA;NA;NA;NA;NA;NA;1;NA;1;NA;NA;NA;1;NA;NA;NA
35;"SP";3506706;"350670";"Boa Esperança do Sul";"Não";"-";"Pedestres";NA;NA;1;NA;NA;NA;NA;1;NA;NA;NA;NA;NA;NA;NA;NA;NA;NA;NA;NA;1;NA;NA;NA;NA
35;"SP";3506805;"350680";"Bocaina";"Não";"-";"Pedestres";1;NA;NA;NA;NA;1;NA;NA;NA;NA;NA;NA;NA;NA;NA;NA;NA;NA;NA;NA;NA;NA;1;NA;NA
35;"SP";3506904;"350690";"Bofete";"Não";"-";"Pedestres";NA;NA;NA;NA;NA;NA;NA;NA;NA;NA;NA;NA;NA;NA;NA;NA;NA;NA;NA;NA;NA;1;NA;NA;NA
35;"SP";3507001;"350700";"Boituva";"Não";"Região Metropolitana de Sorocaba";"Pedestres";NA;1;NA;NA;NA;2;NA;1;1;NA;NA;1;2;1;1;NA;1;NA;1;1;NA;NA;2;NA;NA
35;"SP";3507100;"350710";"Bom Jesus dos Perdões";"Não";"-";"Pedestres";NA;NA;NA;NA;2;NA;NA;NA;NA;1;NA;2;1;NA;NA;1;1;NA;NA;1;1;NA;2;NA;NA
35;"SP";3507159;"350715";"Bom Sucesso de Itararé";"Não";"-";"Pedestres";NA;NA;NA;NA;NA;NA;NA;NA;NA;NA;NA;NA;NA;NA;NA;NA;NA;NA;NA;NA;NA;NA;NA;NA;NA
35;"SP";3507308;"350730";"Boracéia";"Não";"-";"Pedestres";NA;NA;NA;NA;NA;NA;NA;NA;NA;NA;NA;NA;NA;NA;NA;NA;NA;NA;NA;NA;NA;NA;NA;NA;NA
35;"SP";3507407;"350740";"Borborema";"Não";"-";"Pedestres";NA;NA;NA;NA;NA;1;NA;NA;NA;NA;NA;NA;NA;NA;1;NA;NA;NA;NA;NA;NA;1;NA;NA;NA
35;"SP";3507456;"350745";"Borebi";"Não";"-";"Pedestres";NA;NA;NA;NA;NA;NA;NA;NA;NA;NA;NA;NA;NA;NA;NA;NA;NA;NA;NA;NA;NA;NA;NA;NA;NA
35;"SP";3507506;"350750";"Botucatu";"Não";"-";"Pedestres";NA;3;3;NA;1;2;2;3;NA;NA;1;3;2;1;1;NA;1;2;2;4;2;2;1;3;NA
35;"SP";3507605;"350760";"Bragança Paulista";"Não";"-";"Pedestres";2;1;1;1;3;3;2;3;1;2;4;1;1;2;2;NA;NA;3;1;1;4;2;2;1;NA
35;"SP";3507704;"350770";"Braúna";"Não";"-";"Pedestres";NA;NA;NA;NA;NA;NA;NA;NA;NA;NA;NA;NA;NA;NA;NA;NA;NA;NA;NA;NA;NA;NA;NA;NA;NA
35;"SP";3507753;"350775";"Brejo Alegre";"Não";"-";"Pedestres";NA;NA;NA;NA;1;NA;NA;NA;NA;NA;NA;NA;1;NA;1;NA;NA;NA;NA;NA;NA;NA;NA;NA;NA
35;"SP";3507803;"350780";"Brodowski";"Não";"Região Metropolitana de Ribeirão Preto";"Pedestres";NA;NA;NA;NA;NA;NA;NA;NA;NA;NA;1;NA;NA;NA;1;NA;NA;NA;NA;NA;NA;NA;NA;NA;NA
35;"SP";3507902;"350790";"Brotas";"Não";"-";"Pedestres";NA;NA;NA;2;NA;NA;NA;1;NA;NA;1;NA;NA;1;NA;NA;NA;NA;NA;NA;NA;NA;NA;NA;NA
35;"SP";3508009;"350800";"Buri";"Não";"-";"Pedestres";NA;NA;NA;NA;NA;NA;NA;NA;NA;NA;NA;NA;NA;NA;NA;NA;NA;NA;NA;NA;NA;NA;NA;NA;NA
35;"SP";3508108;"350810";"Buritama";"Não";"-";"Pedestres";NA;NA;NA;NA;NA;NA;NA;NA;NA;NA;NA;NA;NA;NA;NA;NA;1;NA;1;NA;NA;NA;NA;NA;NA
35;"SP";3508207;"350820";"Buritizal";"Não";"-";"Pedestres";NA;NA;NA;NA;NA;NA;NA;NA;NA;NA;NA;NA;NA;NA;NA;NA;NA;NA;NA;NA;NA;NA;NA;NA;NA
35;"SP";3508306;"350830";"Cabrália Paulista";"Não";"-";"Pedestres";NA;NA;NA;NA;NA;NA;NA;NA;NA;NA;NA;NA;NA;NA;NA;NA;NA;NA;NA;NA;NA;NA;NA;NA;NA
35;"SP";3508405;"350840";"Cabreúva";"Não";"Região Metropolitana de Jundiaí";"Pedestres";NA;NA;1;1;NA;NA;NA;NA;NA;NA;NA;NA;1;NA;1;NA;NA;2;1;NA;NA;2;1;NA;NA
35;"SP";3508504;"350850";"Caçapava";"Não";"Região Metropolitana do Vale do Paraíba e Litoral Norte";"Pedestres";2;5;1;1;3;1;2;3;6;2;1;2;2;NA;1;NA;NA;3;1;2;1;1;5;1;NA
35;"SP";3508603;"350860";"Cachoeira Paulista";"Não";"Região Metropolitana do Vale do Paraíba e Litoral Norte";"Pedestres";NA;1;NA;NA;2;2;NA;NA;2;NA;NA;NA;1;1;1;NA;NA;NA;NA;NA;NA;1;NA;1;NA
35;"SP";3508702;"350870";"Caconde";"Não";"-";"Pedestres";NA;NA;NA;NA;NA;NA;NA;NA;NA;NA;NA;NA;1;NA;NA;NA;NA;NA;NA;NA;NA;NA;NA;NA;NA
35;"SP";3508801;"350880";"Cafelândia";"Não";"-";"Pedestres";NA;NA;NA;NA;1;NA;NA;NA;NA;NA;NA;NA;NA;NA;NA;NA;NA;NA;NA;NA;NA;NA;1;NA;NA
35;"SP";3508900;"350890";"Caiabu";"Não";"-";"Pedestres";NA;NA;NA;NA;NA;NA;NA;NA;NA;NA;NA;NA;1;NA;NA;NA;NA;NA;NA;NA;NA;NA;NA;NA;NA
35;"SP";3509007;"350900";"Caieiras";"Não";"Região Metropolitana de São Paulo";"Pedestres";NA;2;4;1;NA;2;3;1;6;2;3;2;NA;NA;2;1;1;2;1;NA;NA;1;NA;3;NA
35;"SP";3509106;"350910";"Caiuá";"Não";"-";"Pedestres";NA;NA;NA;NA;NA;NA;NA;NA;NA;NA;NA;NA;NA;NA;NA;NA;NA;NA;NA;NA;NA;NA;NA;1;NA
35;"SP";3509205;"350920";"Cajamar";"Não";"Região Metropolitana de São Paulo";"Pedestres";NA;NA;1;NA;2;NA;1;1;1;NA;2;1;1;NA;2;1;1;NA;2;1;5;2;4;1;NA
35;"SP";3509254;"350925";"Cajati";"Não";"-";"Pedestres";NA;1;NA;NA;1;NA;2;1;NA;NA;5;NA;NA;1;NA;NA;1;2;3;NA;1;NA;1;NA;NA
35;"SP";3509304;"350930";"Cajobi";"Não";"-";"Pedestres";NA;NA;NA;NA;NA;NA;NA;NA;NA;NA;NA;NA;NA;NA;NA;NA;NA;NA;NA;NA;NA;NA;NA;NA;NA
35;"SP";3509403;"350940";"Cajuru";"Não";"Região Metropolitana de Ribeirão Preto";"Pedestres";NA;NA;NA;NA;NA;1;NA;NA;1;1;NA;NA;NA;NA;1;NA;NA;NA;NA;NA;NA;NA;NA;1;NA
35;"SP";3509452;"350945";"Campina do Monte Alegre";"Não";"-";"Pedestres";NA;NA;NA;NA;NA;1;NA;NA;NA;NA;NA;NA;NA;NA;NA;NA;NA;NA;NA;NA;NA;NA;NA;NA;NA
35;"SP";3509502;"350950";"Campinas";"Não";"Região Metropolitana de Campinas";"Pedestres";10;10;28;17;19;15;26;28;21;24;29;31;33;34;27;24;23;27;15;19;22;24;26;26;NA
35;"SP";3509601;"350960";"Campo Limpo Paulista";"Não";"Região Metropolitana de Jundiaí";"Pedestres";NA;NA;3;1;NA;1;NA;2;NA;NA;NA;1;NA;NA;NA;1;NA;NA;NA;2;NA;1;NA;2;NA
35;"SP";3509700;"350970";"Campos do Jordão";"Não";"Região Metropolitana do Vale do Paraíba e Litoral Norte";"Pedestres";NA;NA;NA;NA;1;NA;NA;NA;NA;NA;NA;NA;NA;NA;NA;NA;NA;NA;NA;NA;NA;NA;NA;NA;NA
35;"SP";3509908;"350990";"Cananéia";"Não";"-";"Pedestres";1;NA;NA;NA;NA;NA;NA;1;NA;NA;NA;NA;NA;NA;NA;NA;NA;NA;NA;NA;NA;NA;NA;NA;NA
35;"SP";3509957;"350995";"Canas";"Não";"Região Metropolitana do Vale do Paraíba e Litoral Norte";"Pedestres";NA;NA;NA;NA;1;NA;NA;NA;NA;NA;NA;1;NA;NA;NA;NA;NA;1;NA;NA;2;NA;NA;NA;NA
35;"SP";3510005;"351000";"Cândido Mota";"Não";"-";"Pedestres";1;NA;NA;NA;NA;NA;NA;NA;NA;NA;NA;NA;1;NA;NA;NA;NA;NA;NA;NA;NA;NA;NA;NA;NA
35;"SP";3510104;"351010";"Cândido Rodrigues";"Não";"-";"Pedestres";NA;NA;NA;NA;NA;NA;NA;NA;NA;NA;NA;NA;NA;NA;NA;NA;NA;NA;NA;NA;NA;NA;NA;NA;NA
35;"SP";3510153;"351015";"Canitar";"Não";"-";"Pedestres";NA;NA;NA;NA;NA;NA;1;NA;NA;NA;1;NA;NA;NA;NA;NA;NA;NA;NA;NA;NA;NA;NA;NA;NA
35;"SP";3510203;"351020";"Capão Bonito";"Não";"-";"Pedestres";NA;NA;NA;NA;1;NA;1;2;NA;NA;NA;NA;NA;NA;NA;1;2;NA;NA;1;NA;1;1;1;NA
35;"SP";3510302;"351030";"Capela do Alto";"Não";"Região Metropolitana de Sorocaba";"Pedestres";NA;NA;NA;NA;NA;NA;NA;NA;NA;NA;NA;NA;NA;NA;NA;NA;NA;NA;NA;1;NA;NA;1;NA;NA
35;"SP";3510401;"351040";"Capivari";"Não";"Região Metropolitana de Piracicaba";"Pedestres";NA;1;NA;NA;NA;NA;2;NA;1;NA;NA;1;1;2;NA;NA;1;NA;NA;NA;1;1;1;NA;NA
35;"SP";3510500;"351050";"Caraguatatuba";"Não";"Região Metropolitana do Vale do Paraíba e Litoral Norte";"Pedestres";2;1;3;2;4;NA;1;3;7;3;1;1;1;3;2;1;NA;NA;1;1;NA;1;2;3;NA
35;"SP";3510609;"351060";"Carapicuíba";"Não";"Região Metropolitana de São Paulo";"Pedestres";2;2;2;1;5;5;1;NA;1;NA;1;NA;NA;4;5;1;7;1;4;1;1;3;9;3;NA
35;"SP";3510708;"351070";"Cardoso";"Não";"-";"Pedestres";NA;NA;NA;NA;NA;NA;NA;NA;NA;NA;1;NA;NA;NA;NA;NA;NA;NA;NA;NA;NA;NA;NA;NA;NA
35;"SP";3510807;"351080";"Casa Branca";"Não";"-";"Pedestres";NA;NA;NA;NA;NA;1;NA;NA;NA;NA;NA;NA;NA;NA;NA;NA;1;NA;1;NA;NA;NA;1;NA;NA
35;"SP";3510906;"351090";"Cássia dos Coqueiros";"Não";"Região Metropolitana de Ribeirão Preto";"Pedestres";NA;NA;NA;NA;NA;NA;NA;NA;NA;NA;NA;NA;NA;NA;NA;NA;NA;NA;NA;NA;NA;NA;NA;NA;NA
35;"SP";3511003;"351100";"Castilho";"Não";"-";"Pedestres";NA;NA;1;NA;NA;NA;1;NA;1;NA;NA;NA;1;NA;1;NA;NA;NA;NA;NA;NA;NA;NA;NA;NA
35;"SP";3511102;"351110";"Catanduva";"Não";"-";"Pedestres";NA;NA;1;NA;1;1;NA;1;NA;3;NA;3;2;NA;1;1;4;1;NA;NA;1;1;2;3;NA
35;"SP";3511201;"351120";"Catiguá";"Não";"-";"Pedestres";NA;NA;NA;NA;NA;NA;NA;NA;NA;NA;NA;NA;NA;NA;NA;NA;NA;NA;NA;NA;NA;NA;NA;NA;NA
35;"SP";3511300;"351130";"Cedral";"Não";"Região Metropolitana de São José do Rio Preto";"Pedestres";NA;NA;1;NA;NA;NA;NA;NA;NA;NA;NA;NA;NA;NA;NA;NA;NA;NA;NA;NA;NA;NA;NA;1;NA
35;"SP";3511409;"351140";"Cerqueira César";"Não";"-";"Pedestres";NA;NA;NA;NA;NA;NA;NA;NA;NA;NA;NA;NA;NA;1;NA;NA;NA;NA;NA;NA;NA;NA;NA;NA;NA
35;"SP";3511508;"351150";"Cerquilho";"Não";"Região Metropolitana de Sorocaba";"Pedestres";NA;NA;NA;NA;2;1;NA;1;NA;NA;1;NA;NA;NA;NA;NA;1;NA;NA;NA;NA;NA;NA;NA;NA
35;"SP";3511607;"351160";"Cesário Lange";"Não";"Região Metropolitana de Sorocaba";"Pedestres";NA;NA;2;1;NA;NA;NA;NA;NA;1;NA;NA;NA;NA;NA;NA;NA;NA;NA;NA;NA;NA;NA;NA;NA
35;"SP";3511706;"351170";"Charqueada";"Não";"Região Metropolitana de Piracicaba";"Pedestres";NA;NA;NA;NA;NA;NA;NA;NA;NA;NA;NA;NA;NA;NA;NA;NA;NA;NA;NA;NA;NA;NA;NA;NA;NA
35;"SP";3511904;"351190";"Clementina";"Não";"-";"Pedestres";NA;NA;NA;NA;NA;NA;NA;NA;NA;NA;NA;NA;NA;NA;NA;NA;NA;NA;NA;NA;NA;NA;NA;NA;NA
35;"SP";3512001;"351200";"Colina";"Não";"-";"Pedestres";NA;NA;2;NA;NA;NA;NA;NA;NA;NA;NA;NA;NA;1;NA;NA;NA;NA;NA;NA;NA;NA;NA;1;NA
35;"SP";3512100;"351210";"Colômbia";"Não";"-";"Pedestres";NA;NA;NA;NA;NA;1;NA;NA;NA;NA;NA;NA;NA;NA;NA;NA;NA;NA;NA;NA;NA;NA;NA;NA;NA
35;"SP";3512209;"351220";"Conchal";"Não";"Região Metropolitana de Piracicaba";"Pedestres";NA;1;1;1;NA;NA;NA;NA;NA;NA;NA;NA;NA;1;NA;NA;NA;NA;NA;1;NA;NA;2;NA;NA
35;"SP";3512308;"351230";"Conchas";"Não";"-";"Pedestres";NA;NA;NA;NA;NA;NA;1;NA;NA;NA;NA;NA;NA;NA;1;NA;NA;1;NA;NA;NA;NA;NA;NA;NA
35;"SP";3512407;"351240";"Cordeirópolis";"Não";"Região Metropolitana de Piracicaba";"Pedestres";NA;1;NA;2;NA;NA;NA;NA;4;1;NA;NA;NA;NA;1;NA;1;NA;NA;2;NA;1;NA;1;NA
35;"SP";3512506;"351250";"Coroados";"Não";"-";"Pedestres";NA;NA;1;NA;NA;NA;NA;NA;NA;NA;NA;NA;NA;NA;NA;NA;NA;NA;NA;NA;NA;NA;NA;NA;NA
35;"SP";3512605;"351260";"Coronel Macedo";"Não";"-";"Pedestres";NA;NA;NA;NA;NA;NA;NA;NA;NA;NA;NA;NA;NA;NA;NA;NA;NA;NA;NA;NA;NA;NA;NA;NA;NA
35;"SP";3512704;"351270";"Corumbataí";"Não";"Região Metropolitana de Piracicaba";"Pedestres";NA;NA;1;NA;NA;1;NA;NA;NA;NA;NA;NA;NA;NA;NA;NA;NA;NA;NA;NA;NA;NA;NA;NA;NA
35;"SP";3512803;"351280";"Cosmópolis";"Não";"Região Metropolitana de Campinas";"Pedestres";NA;1;NA;NA;NA;1;NA;NA;3;NA;NA;NA;1;NA;NA;2;NA;NA;NA;2;NA;1;1;NA;NA
35;"SP";3512902;"351290";"Cosmorama";"Não";"-";"Pedestres";NA;NA;NA;NA;NA;NA;NA;NA;NA;NA;NA;NA;NA;NA;NA;NA;NA;NA;NA;NA;NA;NA;NA;NA;NA
35;"SP";3513009;"351300";"Cotia";"Não";"Região Metropolitana de São Paulo";"Pedestres";6;7;5;6;2;3;5;4;6;3;2;1;4;2;4;4;1;1;4;1;NA;9;5;8;NA
35;"SP";3513108;"351310";"Cravinhos";"Não";"Região Metropolitana de Ribeirão Preto";"Pedestres";NA;NA;NA;NA;NA;NA;NA;NA;NA;NA;NA;NA;NA;NA;NA;NA;NA;NA;1;NA;NA;NA;NA;1;NA
35;"SP";3513207;"351320";"Cristais Paulista";"Não";"-";"Pedestres";NA;NA;NA;NA;1;1;NA;NA;NA;NA;NA;NA;NA;NA;NA;NA;NA;NA;NA;NA;NA;NA;NA;NA;NA
35;"SP";3513306;"351330";"Cruzália";"Não";"-";"Pedestres";NA;NA;NA;NA;NA;NA;NA;NA;NA;NA;NA;NA;NA;NA;NA;NA;NA;NA;NA;NA;NA;NA;NA;NA;NA
35;"SP";3513405;"351340";"Cruzeiro";"Não";"Região Metropolitana do Vale do Paraíba e Litoral Norte";"Pedestres";NA;3;NA;2;NA;1;NA;NA;NA;1;NA;NA;NA;1;NA;1;2;1;NA;1;NA;NA;NA;NA;NA
35;"SP";3513504;"351350";"Cubatão";"Não";"Região Metropolitana da Baixada Santista";"Pedestres";2;7;2;7;12;10;6;12;11;4;5;5;4;1;3;3;2;2;6;7;8;5;4;9;NA
35;"SP";3513603;"351360";"Cunha";"Não";"Região Metropolitana do Vale do Paraíba e Litoral Norte";"Pedestres";NA;NA;NA;1;NA;NA;NA;NA;NA;NA;NA;NA;NA;NA;NA;NA;NA;NA;NA;NA;NA;NA;NA;NA;NA
35;"SP";3513702;"351370";"Descalvado";"Não";"-";"Pedestres";NA;NA;NA;NA;NA;NA;NA;NA;1;NA;NA;1;NA;NA;1;NA;NA;NA;1;NA;NA;1;NA;NA;NA
35;"SP";3513801;"351380";"Diadema";"Não";"Região Metropolitana de São Paulo";"Pedestres";12;16;13;15;18;19;10;13;15;13;16;11;14;8;13;14;9;8;18;9;11;9;8;12;NA
35;"SP";3513900;"351390";"Divinolândia";"Não";"-";"Pedestres";NA;NA;NA;1;NA;NA;NA;NA;NA;1;NA;NA;NA;NA;NA;NA;NA;NA;NA;NA;NA;NA;NA;NA;NA
35;"SP";3514007;"351400";"Dobrada";"Não";"-";"Pedestres";1;NA;NA;NA;NA;NA;NA;NA;1;NA;NA;NA;NA;NA;NA;NA;NA;NA;NA;NA;NA;NA;NA;NA;NA
35;"SP";3514106;"351410";"Dois Córregos";"Não";"-";"Pedestres";NA;2;NA;NA;NA;NA;1;NA;NA;NA;NA;NA;NA;NA;NA;1;NA;1;NA;NA;NA;NA;1;1;NA
35;"SP";3514304;"351430";"Dourado";"Não";"-";"Pedestres";NA;NA;1;NA;NA;NA;NA;NA;NA;NA;NA;NA;NA;NA;NA;NA;NA;NA;NA;NA;NA;NA;NA;NA;NA
35;"SP";3514403;"351440";"Dracena";"Não";"-";"Pedestres";1;1;NA;1;NA;NA;NA;NA;3;2;NA;NA;NA;NA;2;1;NA;1;NA;1;NA;1;2;NA;NA
35;"SP";3514502;"351450";"Duartina";"Não";"-";"Pedestres";NA;NA;NA;NA;NA;NA;NA;NA;NA;NA;NA;NA;NA;NA;NA;NA;NA;NA;NA;NA;NA;NA;NA;NA;NA
35;"SP";3514601;"351460";"Dumont";"Não";"Região Metropolitana de Ribeirão Preto";"Pedestres";NA;NA;NA;NA;NA;NA;NA;NA;NA;NA;NA;NA;NA;NA;NA;NA;NA;NA;NA;NA;NA;NA;NA;NA;NA
35;"SP";3514700;"351470";"Echaporã";"Não";"-";"Pedestres";NA;NA;NA;NA;NA;NA;NA;NA;NA;1;NA;1;NA;NA;NA;NA;NA;NA;NA;NA;NA;NA;NA;NA;NA
35;"SP";3514809;"351480";"Eldorado";"Não";"-";"Pedestres";2;NA;NA;NA;NA;NA;NA;NA;NA;NA;NA;NA;NA;NA;1;NA;NA;NA;NA;NA;NA;1;NA;NA;NA
35;"SP";3514908;"351490";"Elias Fausto";"Não";"Região Metropolitana de Piracicaba";"Pedestres";NA;NA;NA;1;NA;NA;NA;NA;NA;NA;NA;NA;NA;NA;NA;NA;NA;NA;NA;NA;NA;NA;NA;NA;NA
35;"SP";3514924;"351492";"Elisiário";"Não";"-";"Pedestres";NA;NA;NA;NA;NA;NA;NA;NA;NA;NA;NA;NA;NA;NA;NA;NA;NA;NA;NA;NA;NA;NA;NA;NA;NA
35;"SP";3514957;"351495";"Embaúba";"Não";"-";"Pedestres";NA;NA;NA;NA;NA;NA;NA;NA;NA;NA;NA;NA;NA;NA;NA;NA;NA;NA;NA;NA;2;NA;NA;NA;NA
35;"SP";3515004;"351500";"Embu das Artes";"Não";"Região Metropolitana de São Paulo";"Pedestres";1;NA;3;NA;1;1;NA;NA;NA;NA;NA;5;1;3;6;1;1;1;NA;NA;3;NA;1;3;NA
35;"SP";3515103;"351510";"Embu-Guaçu";"Não";"Região Metropolitana de São Paulo";"Pedestres";NA;NA;NA;1;NA;NA;NA;1;NA;1;NA;NA;NA;NA;NA;NA;NA;NA;NA;NA;NA;1;1;NA;NA
35;"SP";3515129;"351512";"Emilianópolis";"Não";"-";"Pedestres";NA;NA;NA;NA;NA;NA;NA;NA;NA;NA;NA;NA;NA;NA;NA;NA;NA;NA;NA;NA;NA;NA;NA;NA;NA
35;"SP";3515152;"351515";"Engenheiro Coelho";"Não";"Região Metropolitana de Campinas";"Pedestres";NA;NA;NA;NA;NA;NA;NA;NA;2;NA;NA;NA;NA;1;NA;NA;NA;NA;NA;NA;NA;1;NA;NA;NA
35;"SP";3515186;"351518";"Espírito Santo do Pinhal";"Não";"-";"Pedestres";NA;NA;1;NA;NA;2;NA;NA;NA;NA;NA;NA;NA;NA;NA;1;NA;1;NA;NA;NA;NA;NA;NA;NA
35;"SP";3515194;"351519";"Espírito Santo do Turvo";"Não";"-";"Pedestres";NA;NA;NA;NA;NA;NA;NA;NA;NA;NA;NA;NA;NA;NA;NA;NA;NA;NA;NA;NA;1;NA;NA;NA;NA
35;"SP";3515202;"351520";"Estrela d'Oeste";"Não";"-";"Pedestres";NA;NA;NA;1;NA;NA;NA;NA;NA;NA;NA;NA;NA;NA;NA;NA;NA;NA;NA;NA;NA;NA;NA;NA;NA
35;"SP";3515350;"351535";"Euclides da Cunha Paulista";"Não";"-";"Pedestres";NA;NA;NA;NA;NA;NA;NA;NA;NA;NA;NA;NA;1;NA;NA;NA;NA;NA;NA;NA;NA;NA;NA;1;NA
35;"SP";3515400;"351540";"Fartura";"Não";"-";"Pedestres";NA;NA;1;NA;NA;NA;NA;NA;NA;NA;NA;NA;NA;NA;NA;NA;NA;NA;NA;NA;NA;NA;NA;NA;NA
35;"SP";3515509;"351550";"Fernandópolis";"Não";"-";"Pedestres";NA;1;1;2;2;1;NA;1;NA;2;2;NA;NA;NA;1;1;NA;NA;1;NA;2;NA;1;NA;NA
35;"SP";3515608;"351560";"Fernando Prestes";"Não";"-";"Pedestres";NA;NA;NA;1;NA;NA;NA;NA;NA;NA;NA;NA;NA;NA;NA;NA;NA;NA;NA;NA;NA;NA;NA;NA;NA
35;"SP";3515707;"351570";"Ferraz de Vasconcelos";"Não";"Região Metropolitana de São Paulo";"Pedestres";1;1;1;3;NA;3;2;NA;NA;1;1;NA;1;NA;NA;1;NA;3;NA;1;NA;3;2;1;NA
35;"SP";3515905;"351590";"Floreal";"Não";"-";"Pedestres";NA;NA;NA;NA;NA;NA;NA;NA;NA;NA;NA;NA;NA;NA;NA;NA;NA;NA;NA;1;NA;NA;NA;NA;NA
35;"SP";3516002;"351600";"Flórida Paulista";"Não";"-";"Pedestres";NA;NA;NA;NA;NA;1;NA;NA;NA;NA;NA;NA;NA;NA;NA;NA;NA;NA;NA;NA;NA;NA;NA;1;NA
35;"SP";3516101;"351610";"Florínea";"Não";"-";"Pedestres";NA;NA;NA;NA;NA;NA;NA;NA;NA;NA;NA;NA;NA;NA;NA;NA;NA;NA;NA;NA;NA;NA;NA;NA;NA
35;"SP";3516200;"351620";"Franca";"Não";"-";"Pedestres";2;4;2;5;6;4;5;5;3;1;1;2;3;NA;6;1;6;5;10;7;4;1;3;2;NA
35;"SP";3516309;"351630";"Francisco Morato";"Não";"Região Metropolitana de São Paulo";"Pedestres";1;1;1;7;4;4;5;7;8;6;4;6;4;6;8;1;3;4;2;3;2;NA;3;2;NA
35;"SP";3516408;"351640";"Franco da Rocha";"Não";"Região Metropolitana de São Paulo";"Pedestres";5;5;4;3;4;2;1;3;NA;2;1;1;3;6;8;8;2;3;4;6;2;4;2;6;NA
35;"SP";3516606;"351660";"Gália";"Não";"-";"Pedestres";1;NA;NA;NA;NA;1;NA;NA;NA;NA;NA;1;1;NA;NA;NA;NA;NA;NA;NA;1;NA;NA;NA;NA
35;"SP";3516705;"351670";"Garça";"Não";"-";"Pedestres";NA;1;1;1;NA;NA;3;3;NA;1;2;NA;NA;NA;1;NA;NA;2;NA;NA;NA;NA;NA;NA;NA
35;"SP";3516853;"351685";"Gavião Peixoto";"Não";"-";"Pedestres";1;NA;NA;1;NA;NA;NA;NA;NA;NA;NA;NA;1;NA;NA;NA;NA;NA;NA;1;NA;NA;NA;NA;NA
35;"SP";3516903;"351690";"General Salgado";"Não";"-";"Pedestres";NA;NA;NA;1;NA;NA;NA;NA;NA;NA;NA;NA;NA;NA;NA;NA;NA;NA;NA;NA;NA;NA;NA;NA;NA
35;"SP";3517000;"351700";"Getulina";"Não";"-";"Pedestres";NA;NA;NA;NA;NA;NA;NA;NA;NA;NA;NA;NA;NA;NA;1;NA;NA;NA;NA;NA;1;NA;NA;NA;NA
35;"SP";3517208;"351720";"Guaiçara";"Não";"-";"Pedestres";NA;NA;NA;NA;NA;NA;NA;NA;NA;NA;NA;NA;NA;NA;NA;NA;NA;NA;NA;NA;NA;NA;NA;NA;NA
35;"SP";3517307;"351730";"Guaimbê";"Não";"-";"Pedestres";NA;NA;NA;NA;NA;NA;NA;NA;NA;NA;NA;NA;NA;NA;NA;NA;NA;NA;NA;NA;NA;NA;NA;NA;NA
35;"SP";3517406;"351740";"Guaíra";"Não";"-";"Pedestres";NA;NA;NA;1;NA;NA;NA;NA;NA;NA;NA;NA;NA;NA;NA;NA;NA;NA;NA;NA;NA;NA;NA;NA;NA
35;"SP";3517505;"351750";"Guapiaçu";"Não";"Região Metropolitana de São José do Rio Preto";"Pedestres";NA;NA;NA;NA;NA;NA;NA;NA;NA;NA;NA;NA;NA;NA;NA;NA;NA;1;1;1;NA;NA;NA;NA;NA
35;"SP";3517604;"351760";"Guapiara";"Não";"-";"Pedestres";NA;NA;NA;NA;NA;NA;NA;NA;NA;NA;NA;NA;NA;NA;NA;NA;NA;NA;NA;NA;NA;NA;NA;NA;NA
35;"SP";3517703;"351770";"Guará";"Não";"-";"Pedestres";1;NA;NA;1;1;NA;NA;NA;NA;NA;NA;NA;NA;NA;NA;NA;NA;1;NA;NA;1;1;NA;1;NA
35;"SP";3517802;"351780";"Guaraçaí";"Não";"-";"Pedestres";NA;NA;NA;NA;NA;NA;NA;NA;NA;NA;NA;NA;1;NA;NA;NA;NA;NA;NA;NA;NA;NA;NA;NA;NA
35;"SP";3517901;"351790";"Guaraci";"Não";"-";"Pedestres";NA;NA;NA;NA;NA;NA;NA;NA;NA;NA;NA;NA;NA;NA;NA;NA;NA;NA;NA;NA;NA;NA;NA;NA;NA
35;"SP";3518008;"351800";"Guarani d'Oeste";"Não";"-";"Pedestres";NA;NA;NA;NA;NA;NA;NA;NA;NA;NA;NA;NA;NA;NA;NA;NA;NA;NA;NA;NA;NA;NA;NA;NA;NA
35;"SP";3518107;"351810";"Guarantã";"Não";"-";"Pedestres";NA;NA;NA;NA;NA;NA;NA;NA;NA;NA;NA;NA;NA;NA;NA;NA;NA;NA;NA;NA;NA;NA;NA;NA;NA
35;"SP";3518206;"351820";"Guararapes";"Não";"-";"Pedestres";NA;NA;NA;NA;NA;NA;NA;NA;NA;NA;NA;NA;NA;NA;NA;NA;NA;NA;1;NA;NA;1;NA;NA;NA
35;"SP";3518305;"351830";"Guararema";"Não";"Região Metropolitana de São Paulo";"Pedestres";NA;1;1;NA;NA;NA;NA;NA;NA;NA;2;1;NA;NA;NA;1;NA;2;1;1;3;1;NA;2;NA
35;"SP";3518404;"351840";"Guaratinguetá";"Não";"Região Metropolitana do Vale do Paraíba e Litoral Norte";"Pedestres";1;1;2;4;2;3;1;1;3;3;3;3;4;4;2;NA;1;1;NA;2;2;4;2;3;NA
35;"SP";3518503;"351850";"Guareí";"Não";"-";"Pedestres";NA;NA;NA;NA;NA;NA;NA;NA;NA;NA;NA;NA;NA;NA;NA;NA;NA;NA;NA;1;NA;NA;NA;NA;NA
35;"SP";3518602;"351860";"Guariba";"Não";"Região Metropolitana de Ribeirão Preto";"Pedestres";NA;NA;NA;1;NA;NA;NA;NA;NA;NA;NA;1;NA;NA;NA;1;NA;NA;NA;NA;1;NA;NA;NA;NA
35;"SP";3518701;"351870";"Guarujá";"Não";"Região Metropolitana da Baixada Santista";"Pedestres";NA;1;3;2;2;NA;NA;1;1;NA;2;1;1;4;3;1;2;3;1;4;3;5;8;5;NA
35;"SP";3518800;"351880";"Guarulhos";"Não";"Região Metropolitana de São Paulo";"Pedestres";27;26;29;27;35;29;39;49;31;40;32;45;33;27;40;30;27;26;45;34;19;22;24;23;NA
35;"SP";3518859;"351885";"Guatapará";"Não";"Região Metropolitana de Ribeirão Preto";"Pedestres";NA;NA;NA;NA;NA;NA;NA;NA;NA;NA;NA;NA;NA;NA;NA;1;NA;NA;NA;NA;NA;NA;NA;1;NA
35;"SP";3518909;"351890";"Guzolândia";"Não";"-";"Pedestres";NA;NA;NA;NA;NA;NA;1;NA;NA;NA;NA;NA;NA;1;NA;NA;NA;NA;NA;NA;NA;NA;NA;NA;NA
35;"SP";3519006;"351900";"Herculândia";"Não";"-";"Pedestres";NA;NA;NA;NA;NA;NA;NA;NA;NA;NA;NA;NA;NA;NA;NA;NA;NA;NA;NA;NA;NA;NA;NA;NA;NA
35;"SP";3519055;"351905";"Holambra";"Não";"Região Metropolitana de Campinas";"Pedestres";NA;NA;NA;NA;NA;NA;NA;NA;NA;NA;NA;NA;NA;NA;NA;NA;NA;NA;NA;NA;NA;1;NA;NA;NA
35;"SP";3519071;"351907";"Hortolândia";"Não";"Região Metropolitana de Campinas";"Pedestres";1;3;2;NA;4;5;2;3;2;NA;2;NA;NA;2;NA;1;1;5;3;1;3;2;3;1;NA
35;"SP";3519105;"351910";"Iacanga";"Não";"-";"Pedestres";NA;NA;NA;NA;NA;NA;NA;NA;NA;NA;NA;NA;NA;NA;NA;NA;NA;NA;NA;NA;NA;NA;NA;NA;NA
35;"SP";3519204;"351920";"Iacri";"Não";"-";"Pedestres";1;NA;NA;NA;NA;NA;NA;NA;NA;NA;1;NA;NA;NA;NA;NA;NA;NA;NA;NA;NA;NA;NA;NA;NA
35;"SP";3519253;"351925";"Iaras";"Não";"-";"Pedestres";1;NA;NA;NA;NA;NA;NA;NA;NA;NA;NA;NA;NA;NA;NA;NA;NA;NA;NA;NA;NA;NA;NA;NA;NA
35;"SP";3519303;"351930";"Ibaté";"Não";"-";"Pedestres";NA;NA;NA;NA;1;NA;NA;NA;NA;NA;1;NA;1;NA;NA;NA;1;1;NA;1;2;NA;1;NA;NA
35;"SP";3519402;"351940";"Ibirá";"Não";"Região Metropolitana de São José do Rio Preto";"Pedestres";NA;NA;NA;NA;NA;NA;NA;NA;NA;NA;NA;NA;NA;NA;NA;NA;NA;1;NA;NA;NA;NA;NA;NA;NA
35;"SP";3519501;"351950";"Ibirarema";"Não";"-";"Pedestres";NA;1;1;NA;NA;NA;NA;NA;NA;NA;NA;NA;NA;NA;NA;NA;NA;NA;NA;1;NA;NA;NA;NA;NA
35;"SP";3519600;"351960";"Ibitinga";"Não";"-";"Pedestres";NA;NA;NA;NA;NA;NA;NA;NA;2;NA;NA;NA;1;NA;NA;NA;NA;NA;NA;NA;NA;NA;NA;NA;NA
35;"SP";3519709;"351970";"Ibiúna";"Não";"Região Metropolitana de Sorocaba";"Pedestres";NA;NA;NA;1;NA;1;NA;1;1;1;NA;NA;3;NA;1;NA;1;NA;1;1;NA;2;1;1;NA
35;"SP";3519808;"351980";"Icém";"Não";"Região Metropolitana de São José do Rio Preto";"Pedestres";NA;NA;1;NA;NA;1;NA;NA;NA;NA;NA;NA;NA;NA;NA;1;NA;NA;NA;1;NA;NA;NA;NA;NA
35;"SP";3519907;"351990";"Iepê";"Não";"-";"Pedestres";NA;NA;NA;NA;NA;NA;NA;NA;NA;NA;NA;NA;NA;NA;NA;NA;NA;NA;NA;NA;NA;NA;NA;NA;NA
35;"SP";3520004;"352000";"Igaraçu do Tietê";"Não";"-";"Pedestres";NA;NA;NA;NA;NA;NA;NA;NA;NA;NA;1;NA;1;NA;NA;NA;NA;NA;NA;NA;NA;NA;NA;NA;NA
35;"SP";3520103;"352010";"Igarapava";"Não";"-";"Pedestres";NA;NA;NA;NA;NA;1;NA;NA;NA;NA;NA;NA;NA;NA;NA;NA;NA;NA;NA;NA;NA;2;NA;NA;NA
35;"SP";3520202;"352020";"Igaratá";"Não";"Região Metropolitana do Vale do Paraíba e Litoral Norte";"Pedestres";NA;NA;NA;NA;1;1;NA;NA;2;NA;1;1;NA;NA;NA;NA;NA;NA;1;NA;1;NA;NA;NA;NA
35;"SP";3520301;"352030";"Iguape";"Não";"-";"Pedestres";1;NA;1;NA;2;NA;2;1;NA;NA;NA;NA;1;NA;NA;NA;2;NA;NA;1;NA;1;NA;NA;NA
35;"SP";3520400;"352040";"Ilhabela";"Não";"Região Metropolitana do Vale do Paraíba e Litoral Norte";"Pedestres";NA;1;NA;NA;NA;NA;NA;NA;NA;NA;NA;NA;NA;NA;NA;NA;NA;NA;NA;NA;NA;NA;NA;NA;NA
35;"SP";3520426;"352042";"Ilha Comprida";"Não";"-";"Pedestres";NA;NA;NA;NA;NA;NA;NA;NA;NA;NA;NA;NA;NA;NA;NA;NA;NA;NA;NA;NA;NA;NA;NA;NA;NA
35;"SP";3520442;"352044";"Ilha Solteira";"Não";"-";"Pedestres";NA;NA;NA;NA;NA;NA;NA;1;NA;NA;NA;1;NA;1;1;NA;NA;1;NA;NA;NA;NA;NA;NA;NA
35;"SP";3520509;"352050";"Indaiatuba";"Não";"Região Metropolitana de Campinas";"Pedestres";NA;NA;1;NA;5;1;3;3;5;3;5;NA;NA;4;3;1;2;3;2;1;NA;1;NA;1;NA
35;"SP";3520608;"352060";"Indiana";"Não";"-";"Pedestres";NA;NA;NA;NA;NA;NA;NA;NA;NA;NA;NA;NA;NA;NA;NA;NA;NA;NA;NA;NA;NA;NA;NA;NA;NA
35;"SP";3520707;"352070";"Indiaporã";"Não";"-";"Pedestres";NA;NA;NA;NA;NA;NA;NA;NA;NA;NA;NA;NA;NA;NA;NA;NA;NA;NA;NA;NA;NA;NA;NA;NA;NA
35;"SP";3520806;"352080";"Inúbia Paulista";"Não";"-";"Pedestres";NA;NA;NA;NA;NA;NA;NA;NA;NA;NA;NA;NA;NA;1;NA;NA;NA;NA;NA;NA;NA;NA;NA;NA;NA
35;"SP";3520905;"352090";"Ipaussu";"Não";"-";"Pedestres";NA;NA;1;NA;NA;NA;NA;NA;NA;NA;NA;NA;NA;NA;NA;NA;NA;NA;NA;NA;NA;NA;NA;NA;NA
35;"SP";3521002;"352100";"Iperó";"Não";"Região Metropolitana de Sorocaba";"Pedestres";NA;NA;1;NA;2;NA;NA;1;NA;NA;NA;NA;NA;NA;NA;NA;NA;NA;NA;NA;NA;NA;NA;NA;NA
35;"SP";3521101;"352110";"Ipeúna";"Não";"Região Metropolitana de Piracicaba";"Pedestres";NA;NA;NA;NA;NA;NA;1;NA;NA;NA;NA;NA;NA;NA;NA;NA;NA;NA;NA;NA;NA;NA;NA;NA;NA
35;"SP";3521150;"352115";"Ipiguá";"Não";"Região Metropolitana de São José do Rio Preto";"Pedestres";NA;NA;NA;NA;NA;NA;NA;NA;NA;NA;NA;NA;NA;NA;NA;1;NA;NA;NA;NA;NA;NA;NA;NA;NA
35;"SP";3521200;"352120";"Iporanga";"Não";"-";"Pedestres";1;NA;NA;NA;NA;NA;NA;NA;NA;NA;NA;NA;NA;NA;NA;NA;NA;NA;NA;NA;NA;NA;NA;NA;NA
35;"SP";3521309;"352130";"Ipuã";"Não";"-";"Pedestres";NA;NA;NA;NA;NA;NA;NA;NA;NA;NA;NA;NA;NA;NA;NA;NA;NA;NA;NA;NA;NA;NA;NA;NA;NA
35;"SP";3521408;"352140";"Iracemápolis";"Não";"Região Metropolitana de Piracicaba";"Pedestres";NA;NA;NA;1;NA;NA;NA;NA;NA;NA;NA;NA;NA;NA;NA;NA;NA;NA;NA;NA;NA;NA;NA;NA;NA
35;"SP";3521507;"352150";"Irapuã";"Não";"Região Metropolitana de São José do Rio Preto";"Pedestres";NA;NA;NA;NA;NA;NA;NA;NA;NA;NA;NA;NA;NA;NA;NA;NA;NA;NA;NA;NA;NA;NA;NA;NA;NA
35;"SP";3521606;"352160";"Irapuru";"Não";"-";"Pedestres";NA;NA;NA;NA;NA;NA;NA;NA;NA;NA;NA;NA;NA;NA;NA;NA;NA;NA;NA;NA;NA;NA;1;NA;NA
35;"SP";3521705;"352170";"Itaberá";"Não";"-";"Pedestres";NA;NA;NA;NA;NA;NA;NA;NA;NA;NA;NA;NA;NA;NA;NA;NA;NA;NA;1;NA;NA;NA;NA;NA;NA
35;"SP";3521804;"352180";"Itaí";"Não";"-";"Pedestres";2;NA;NA;NA;NA;NA;NA;NA;NA;NA;NA;NA;NA;NA;NA;2;NA;NA;NA;1;NA;NA;NA;1;NA
35;"SP";3521903;"352190";"Itajobi";"Não";"-";"Pedestres";NA;NA;NA;NA;NA;NA;NA;NA;NA;NA;NA;NA;NA;NA;NA;NA;NA;NA;1;1;NA;NA;NA;NA;NA
35;"SP";3522109;"352210";"Itanhaém";"Não";"Região Metropolitana da Baixada Santista";"Pedestres";1;3;1;2;5;6;2;NA;5;1;4;7;5;8;3;7;6;3;8;5;5;7;4;10;NA
35;"SP";3522158;"352215";"Itaoca";"Não";"-";"Pedestres";NA;NA;NA;NA;NA;NA;NA;NA;NA;NA;NA;NA;NA;NA;NA;NA;NA;NA;NA;1;NA;NA;NA;NA;NA
35;"SP";3522208;"352220";"Itapecerica da Serra";"Não";"Região Metropolitana de São Paulo";"Pedestres";1;4;4;5;2;3;1;NA;NA;NA;NA;1;NA;NA;NA;2;NA;1;2;2;1;1;3;2;NA
35;"SP";3522307;"352230";"Itapetininga";"Não";"Região Metropolitana de Sorocaba";"Pedestres";NA;1;2;1;NA;2;NA;NA;2;3;NA;2;2;NA;NA;2;NA;NA;2;3;2;1;NA;2;NA
35;"SP";3522406;"352240";"Itapeva";"Não";"-";"Pedestres";2;NA;NA;1;1;NA;NA;NA;3;NA;NA;1;NA;1;NA;2;NA;NA;NA;1;2;1;1;1;NA
35;"SP";3522505;"352250";"Itapevi";"Não";"Região Metropolitana de São Paulo";"Pedestres";NA;4;3;NA;6;2;NA;1;3;3;6;3;2;1;1;2;4;1;7;2;2;2;2;4;NA
35;"SP";3522604;"352260";"Itapira";"Não";"-";"Pedestres";NA;3;NA;NA;NA;1;1;NA;NA;NA;NA;NA;2;2;NA;NA;NA;NA;NA;NA;1;1;NA;1;NA
35;"SP";3522703;"352270";"Itápolis";"Não";"-";"Pedestres";NA;NA;NA;NA;NA;NA;NA;NA;NA;NA;NA;NA;NA;NA;NA;NA;NA;NA;NA;NA;NA;NA;NA;NA;NA
35;"SP";3522802;"352280";"Itaporanga";"Não";"-";"Pedestres";NA;NA;1;NA;NA;NA;NA;NA;NA;NA;NA;NA;NA;NA;NA;NA;NA;1;NA;NA;NA;NA;NA;NA;NA
35;"SP";3522901;"352290";"Itapuí";"Não";"-";"Pedestres";NA;NA;NA;NA;NA;NA;NA;NA;NA;NA;NA;NA;NA;NA;NA;NA;NA;NA;NA;NA;NA;NA;NA;NA;NA
35;"SP";3523107;"352310";"Itaquaquecetuba";"Não";"Região Metropolitana de São Paulo";"Pedestres";3;6;4;8;4;8;NA;5;11;4;10;11;6;6;9;5;3;2;5;8;6;8;4;5;NA
35;"SP";3523206;"352320";"Itararé";"Não";"-";"Pedestres";NA;NA;NA;1;NA;NA;1;NA;NA;NA;NA;NA;NA;NA;NA;1;1;NA;NA;NA;NA;NA;NA;NA;NA
35;"SP";3523305;"352330";"Itariri";"Não";"-";"Pedestres";NA;NA;1;NA;1;NA;NA;3;NA;NA;NA;NA;1;1;3;NA;1;NA;NA;1;NA;1;1;1;NA
35;"SP";3523404;"352340";"Itatiba";"Não";"Região Metropolitana de Campinas";"Pedestres";NA;1;3;2;1;NA;NA;2;NA;2;5;1;1;NA;NA;1;NA;1;NA;NA;1;2;1;1;NA
35;"SP";3523503;"352350";"Itatinga";"Não";"-";"Pedestres";1;NA;NA;NA;NA;NA;NA;NA;NA;NA;1;NA;NA;NA;NA;NA;NA;NA;NA;NA;NA;NA;NA;NA;NA
35;"SP";3523602;"352360";"Itirapina";"Não";"-";"Pedestres";NA;NA;1;NA;1;1;NA;NA;2;NA;NA;NA;NA;NA;NA;NA;NA;1;1;NA;NA;NA;NA;NA;NA
35;"SP";3523800;"352380";"Itobi";"Não";"-";"Pedestres";NA;NA;NA;NA;NA;NA;NA;NA;NA;NA;NA;NA;NA;NA;NA;NA;1;NA;NA;NA;NA;1;NA;NA;NA
35;"SP";3523909;"352390";"Itu";"Não";"Região Metropolitana de Sorocaba";"Pedestres";2;3;6;2;4;2;3;7;4;2;5;4;4;5;4;5;4;8;2;4;4;3;4;4;NA
35;"SP";3524006;"352400";"Itupeva";"Não";"Região Metropolitana de Jundiaí";"Pedestres";NA;NA;NA;NA;1;NA;NA;1;2;NA;NA;NA;NA;NA;1;1;NA;1;NA;NA;2;2;1;1;NA
35;"SP";3524105;"352410";"Ituverava";"Não";"-";"Pedestres";1;NA;NA;NA;NA;1;NA;NA;NA;NA;NA;NA;NA;NA;1;NA;1;1;NA;NA;NA;1;NA;1;NA
35;"SP";3524204;"352420";"Jaborandi";"Não";"-";"Pedestres";NA;NA;NA;NA;NA;NA;NA;NA;NA;NA;NA;NA;NA;NA;NA;NA;NA;NA;NA;NA;NA;NA;NA;NA;NA
35;"SP";3524303;"352430";"Jaboticabal";"Não";"Região Metropolitana de Ribeirão Preto";"Pedestres";NA;1;1;NA;1;NA;NA;1;NA;NA;NA;NA;1;1;NA;1;2;NA;NA;NA;NA;NA;NA;1;NA
35;"SP";3524402;"352440";"Jacareí";"Não";"Região Metropolitana do Vale do Paraíba e Litoral Norte";"Pedestres";2;3;3;6;1;3;3;4;NA;7;4;6;14;2;2;NA;1;2;2;4;7;3;3;1;NA
35;"SP";3524501;"352450";"Jaci";"Não";"Região Metropolitana de São José do Rio Preto";"Pedestres";NA;1;1;NA;NA;NA;NA;NA;NA;NA;NA;NA;NA;NA;NA;NA;NA;NA;NA;NA;NA;NA;NA;NA;NA
35;"SP";3524600;"352460";"Jacupiranga";"Não";"-";"Pedestres";NA;1;2;3;1;1;2;NA;NA;NA;1;1;NA;NA;NA;1;NA;NA;NA;NA;2;NA;NA;1;NA
35;"SP";3524709;"352470";"Jaguariúna";"Não";"Região Metropolitana de Campinas";"Pedestres";1;1;NA;NA;1;NA;1;1;1;NA;NA;1;1;2;NA;NA;NA;1;1;2;1;NA;2;NA;NA
35;"SP";3524808;"352480";"Jales";"Não";"-";"Pedestres";NA;NA;NA;NA;NA;NA;NA;NA;NA;1;NA;NA;NA;NA;1;NA;NA;NA;NA;NA;NA;1;NA;NA;NA
35;"SP";3524907;"352490";"Jambeiro";"Não";"Região Metropolitana do Vale do Paraíba e Litoral Norte";"Pedestres";NA;NA;NA;NA;NA;NA;1;NA;NA;NA;NA;NA;NA;NA;NA;NA;NA;NA;NA;NA;NA;NA;NA;1;NA
35;"SP";3525003;"352500";"Jandira";"Não";"Região Metropolitana de São Paulo";"Pedestres";NA;NA;1;2;1;1;1;NA;1;NA;NA;3;NA;NA;NA;NA;1;NA;1;NA;NA;NA;NA;2;NA
35;"SP";3525102;"352510";"Jardinópolis";"Não";"Região Metropolitana de Ribeirão Preto";"Pedestres";NA;NA;NA;NA;NA;NA;1;NA;NA;NA;NA;NA;NA;1;NA;NA;NA;NA;NA;1;NA;NA;1;1;NA
35;"SP";3525201;"352520";"Jarinu";"Não";"Região Metropolitana de Jundiaí";"Pedestres";NA;NA;1;NA;NA;NA;NA;5;1;NA;NA;NA;NA;NA;NA;1;NA;NA;NA;1;NA;NA;2;NA;NA
35;"SP";3525300;"352530";"Jaú";"Não";"-";"Pedestres";1;2;2;NA;5;1;2;NA;6;1;3;2;NA;NA;2;2;NA;1;1;1;2;1;NA;NA;NA
35;"SP";3525409;"352540";"Jeriquara";"Não";"-";"Pedestres";NA;NA;1;NA;NA;NA;NA;NA;NA;NA;NA;NA;NA;NA;NA;NA;NA;NA;NA;NA;NA;NA;NA;NA;NA
35;"SP";3525508;"352550";"Joanópolis";"Não";"-";"Pedestres";NA;NA;NA;NA;NA;NA;NA;NA;NA;NA;NA;NA;NA;NA;NA;NA;NA;NA;NA;NA;NA;NA;NA;NA;NA
35;"SP";3525607;"352560";"João Ramalho";"Não";"-";"Pedestres";NA;NA;NA;NA;NA;NA;NA;NA;NA;1;NA;NA;NA;NA;NA;NA;NA;NA;NA;NA;NA;NA;NA;NA;NA
35;"SP";3525706;"352570";"José Bonifácio";"Não";"Região Metropolitana de São José do Rio Preto";"Pedestres";1;NA;NA;NA;NA;1;NA;NA;NA;NA;NA;NA;NA;1;NA;NA;NA;NA;NA;NA;NA;NA;NA;NA;NA
35;"SP";3525805;"352580";"Júlio Mesquita";"Não";"-";"Pedestres";NA;NA;NA;1;NA;NA;NA;NA;NA;NA;NA;NA;NA;NA;NA;NA;NA;NA;NA;NA;NA;NA;NA;NA;NA
35;"SP";3525854;"352585";"Jumirim";"Não";"Região Metropolitana de Sorocaba";"Pedestres";NA;NA;NA;NA;NA;NA;NA;NA;NA;NA;NA;NA;NA;NA;NA;NA;NA;NA;NA;NA;NA;1;NA;NA;NA
35;"SP";3525904;"352590";"Jundiaí";"Não";"Região Metropolitana de Jundiaí";"Pedestres";NA;2;4;7;7;7;7;6;8;2;4;10;5;3;9;6;6;12;7;10;9;18;6;7;NA
35;"SP";3526001;"352600";"Junqueirópolis";"Não";"-";"Pedestres";NA;NA;NA;NA;NA;NA;NA;NA;NA;NA;NA;NA;1;NA;NA;NA;1;NA;NA;NA;NA;NA;NA;NA;NA
35;"SP";3526100;"352610";"Juquiá";"Não";"-";"Pedestres";1;1;NA;3;2;NA;2;1;1;NA;NA;NA;NA;1;NA;NA;NA;NA;NA;NA;1;1;NA;1;NA
35;"SP";3526209;"352620";"Juquitiba";"Não";"Região Metropolitana de São Paulo";"Pedestres";NA;NA;4;NA;NA;7;NA;NA;NA;NA;2;NA;NA;NA;NA;1;2;NA;2;NA;1;1;1;NA;NA
35;"SP";3526407;"352640";"Laranjal Paulista";"Não";"-";"Pedestres";NA;NA;NA;NA;NA;1;2;NA;1;NA;1;NA;NA;NA;NA;NA;NA;NA;NA;NA;1;NA;1;2;NA
35;"SP";3526605;"352660";"Lavrinhas";"Não";"Região Metropolitana do Vale do Paraíba e Litoral Norte";"Pedestres";NA;1;NA;NA;NA;NA;1;NA;NA;NA;NA;NA;NA;NA;NA;NA;NA;NA;1;NA;NA;NA;NA;NA;NA
35;"SP";3526704;"352670";"Leme";"Não";"Região Metropolitana de Piracicaba";"Pedestres";NA;NA;NA;2;1;4;2;1;1;NA;NA;NA;NA;1;NA;NA;1;1;1;1;1;2;2;1;NA
35;"SP";3526803;"352680";"Lençóis Paulista";"Não";"-";"Pedestres";1;1;NA;NA;1;NA;1;NA;NA;NA;NA;1;NA;NA;2;NA;1;NA;1;NA;1;NA;NA;NA;NA
35;"SP";3526902;"352690";"Limeira";"Não";"Região Metropolitana de Piracicaba";"Pedestres";2;1;6;2;4;6;3;6;3;3;4;8;7;2;2;1;4;5;1;5;6;5;7;6;NA
35;"SP";3527009;"352700";"Lindóia";"Não";"-";"Pedestres";NA;NA;NA;NA;NA;NA;NA;NA;1;NA;NA;NA;NA;NA;NA;NA;NA;NA;NA;NA;NA;NA;NA;NA;NA
35;"SP";3527108;"352710";"Lins";"Não";"-";"Pedestres";NA;1;1;NA;NA;NA;1;1;NA;1;NA;NA;NA;3;NA;1;1;1;1;NA;1;1;1;1;NA
35;"SP";3527207;"352720";"Lorena";"Não";"Região Metropolitana do Vale do Paraíba e Litoral Norte";"Pedestres";2;2;3;5;4;2;1;2;1;1;1;NA;1;NA;1;4;3;2;1;2;1;NA;2;1;NA
35;"SP";3527306;"352730";"Louveira";"Não";"Região Metropolitana de Jundiaí";"Pedestres";NA;NA;NA;NA;NA;1;NA;NA;NA;NA;NA;NA;NA;NA;2;1;NA;NA;1;NA;1;1;NA;NA;NA
35;"SP";3527405;"352740";"Lucélia";"Não";"-";"Pedestres";NA;NA;NA;NA;NA;NA;NA;NA;NA;NA;NA;NA;NA;NA;NA;NA;NA;NA;NA;NA;NA;1;NA;NA;NA
35;"SP";3527504;"352750";"Lucianópolis";"Não";"-";"Pedestres";NA;NA;NA;NA;NA;NA;NA;NA;NA;NA;NA;NA;NA;NA;NA;NA;NA;NA;NA;NA;NA;NA;NA;NA;NA
35;"SP";3527603;"352760";"Luís Antônio";"Não";"Região Metropolitana de Ribeirão Preto";"Pedestres";NA;NA;NA;NA;NA;1;NA;NA;NA;NA;NA;NA;NA;NA;NA;NA;NA;NA;1;1;NA;NA;NA;NA;NA
35;"SP";3527702;"352770";"Luiziânia";"Não";"-";"Pedestres";NA;NA;NA;NA;NA;NA;NA;NA;NA;NA;NA;1;NA;NA;NA;NA;NA;NA;NA;NA;NA;NA;NA;NA;NA
35;"SP";3527801;"352780";"Lupércio";"Não";"-";"Pedestres";NA;NA;NA;NA;NA;NA;NA;NA;NA;NA;NA;NA;NA;NA;NA;NA;NA;NA;NA;NA;NA;1;NA;NA;NA
35;"SP";3528007;"352800";"Macatuba";"Não";"-";"Pedestres";NA;NA;NA;NA;NA;1;NA;NA;NA;NA;NA;NA;NA;NA;1;NA;NA;NA;NA;NA;1;1;NA;NA;NA
35;"SP";3528106;"352810";"Macaubal";"Não";"Região Metropolitana de São José do Rio Preto";"Pedestres";NA;NA;NA;NA;NA;NA;NA;NA;NA;NA;NA;NA;1;NA;NA;NA;NA;NA;NA;NA;NA;NA;NA;NA;NA
35;"SP";3528403;"352840";"Mairinque";"Não";"Região Metropolitana de Sorocaba";"Pedestres";NA;NA;2;3;NA;2;1;2;2;NA;1;1;1;1;1;NA;NA;1;7;NA;NA;1;1;NA;NA
35;"SP";3528502;"352850";"Mairiporã";"Não";"Região Metropolitana de São Paulo";"Pedestres";1;4;4;3;NA;4;1;4;2;2;1;1;6;3;2;NA;2;2;3;NA;2;1;1;1;NA
35;"SP";3528601;"352860";"Manduri";"Não";"-";"Pedestres";NA;NA;NA;NA;NA;NA;NA;NA;NA;NA;NA;NA;NA;NA;NA;NA;NA;NA;1;NA;NA;NA;NA;NA;NA
35;"SP";3528700;"352870";"Marabá Paulista";"Não";"-";"Pedestres";NA;NA;NA;NA;NA;NA;NA;NA;1;NA;NA;NA;NA;NA;NA;NA;NA;NA;NA;NA;NA;NA;NA;NA;NA
35;"SP";3528809;"352880";"Maracaí";"Não";"-";"Pedestres";NA;NA;NA;NA;1;NA;NA;NA;NA;NA;NA;NA;NA;NA;NA;NA;NA;NA;NA;NA;NA;NA;NA;NA;NA
35;"SP";3528858;"352885";"Marapoama";"Não";"-";"Pedestres";NA;NA;NA;NA;NA;NA;NA;NA;NA;NA;NA;NA;NA;NA;NA;NA;NA;NA;NA;NA;NA;NA;NA;NA;NA
35;"SP";3528908;"352890";"Mariápolis";"Não";"-";"Pedestres";NA;NA;NA;NA;NA;NA;NA;NA;NA;NA;NA;NA;NA;NA;NA;NA;NA;NA;NA;NA;NA;NA;NA;NA;NA
35;"SP";3529005;"352900";"Marília";"Não";"-";"Pedestres";7;3;2;2;6;6;9;3;3;3;3;4;3;2;3;1;4;4;4;5;1;3;4;5;NA
35;"SP";3529203;"352920";"Martinópolis";"Não";"-";"Pedestres";1;NA;NA;NA;1;NA;NA;NA;NA;NA;NA;NA;NA;NA;NA;NA;NA;NA;NA;1;NA;NA;NA;1;NA
35;"SP";3529302;"352930";"Matão";"Não";"-";"Pedestres";1;NA;1;1;1;3;1;1;NA;1;NA;1;NA;1;NA;NA;NA;NA;NA;NA;1;NA;2;1;NA
35;"SP";3529401;"352940";"Mauá";"Não";"Região Metropolitana de São Paulo";"Pedestres";6;2;4;NA;NA;2;1;2;7;3;1;NA;1;4;2;1;NA;4;1;NA;NA;1;NA;NA;NA
35;"SP";3529500;"352950";"Mendonça";"Não";"Região Metropolitana de São José do Rio Preto";"Pedestres";NA;NA;NA;NA;NA;NA;NA;NA;NA;NA;NA;NA;NA;NA;NA;NA;NA;NA;NA;NA;NA;NA;NA;NA;NA
35;"SP";3529609;"352960";"Meridiano";"Não";"-";"Pedestres";NA;NA;NA;NA;NA;NA;NA;NA;NA;NA;NA;NA;NA;NA;NA;NA;NA;1;NA;NA;NA;NA;NA;NA;NA
35;"SP";3529658;"352965";"Mesópolis";"Não";"-";"Pedestres";NA;NA;NA;NA;NA;NA;NA;NA;NA;NA;NA;1;NA;NA;NA;NA;NA;NA;NA;NA;NA;NA;NA;NA;NA
35;"SP";3529708;"352970";"Miguelópolis";"Não";"-";"Pedestres";NA;NA;NA;NA;NA;1;NA;NA;NA;NA;NA;NA;NA;NA;NA;NA;NA;NA;NA;NA;1;NA;NA;NA;NA
35;"SP";3529807;"352980";"Mineiros do Tietê";"Não";"-";"Pedestres";NA;NA;NA;NA;NA;NA;NA;NA;NA;NA;NA;NA;NA;NA;NA;NA;NA;NA;NA;NA;NA;NA;NA;NA;NA
35;"SP";3529906;"352990";"Miracatu";"Não";"-";"Pedestres";1;2;2;1;3;NA;NA;1;4;3;NA;2;2;NA;NA;3;1;1;1;1;1;NA;NA;1;NA
35;"SP";3530102;"353010";"Mirandópolis";"Não";"-";"Pedestres";NA;NA;NA;NA;NA;NA;NA;NA;NA;NA;NA;NA;NA;NA;NA;NA;NA;NA;NA;NA;NA;NA;NA;NA;NA
35;"SP";3530201;"353020";"Mirante do Paranapanema";"Não";"-";"Pedestres";NA;NA;NA;NA;NA;NA;NA;NA;NA;NA;NA;NA;NA;NA;NA;NA;NA;NA;NA;NA;NA;NA;NA;NA;NA
35;"SP";3530300;"353030";"Mirassol";"Não";"Região Metropolitana de São José do Rio Preto";"Pedestres";2;1;1;1;1;NA;NA;NA;1;3;NA;1;NA;1;1;NA;1;NA;1;1;NA;1;NA;NA;NA
35;"SP";3530409;"353040";"Mirassolândia";"Não";"Região Metropolitana de São José do Rio Preto";"Pedestres";NA;NA;NA;NA;NA;1;NA;NA;NA;NA;NA;NA;NA;NA;NA;NA;NA;NA;NA;NA;NA;NA;NA;NA;NA
35;"SP";3530508;"353050";"Mococa";"Não";"Região Metropolitana de Ribeirão Preto";"Pedestres";NA;NA;NA;1;NA;NA;NA;NA;NA;1;1;NA;NA;NA;NA;1;1;2;1;NA;NA;2;2;1;NA
35;"SP";3530607;"353060";"Mogi das Cruzes";"Não";"Região Metropolitana de São Paulo";"Pedestres";NA;3;9;6;8;2;3;6;4;8;9;10;11;7;6;11;5;9;10;11;6;11;8;7;NA
35;"SP";3530706;"353070";"Mogi Guaçu";"Não";"-";"Pedestres";NA;3;1;NA;1;NA;2;NA;NA;NA;NA;NA;NA;1;NA;NA;1;2;4;2;1;NA;NA;1;NA
35;"SP";3530805;"353080";"Mogi Mirim";"Não";"-";"Pedestres";1;2;1;NA;2;1;NA;NA;NA;NA;1;NA;1;NA;NA;NA;2;NA;NA;2;2;1;1;NA;NA
35;"SP";3530904;"353090";"Mombuca";"Não";"Região Metropolitana de Piracicaba";"Pedestres";NA;NA;NA;NA;NA;NA;NA;NA;NA;NA;NA;NA;NA;NA;NA;NA;NA;NA;NA;NA;NA;NA;NA;NA;NA
35;"SP";3531100;"353110";"Mongaguá";"Não";"Região Metropolitana da Baixada Santista";"Pedestres";NA;3;4;2;NA;5;4;2;2;2;3;NA;2;3;1;NA;NA;1;1;3;1;2;3;3;NA
35;"SP";3531209;"353120";"Monte Alegre do Sul";"Não";"-";"Pedestres";1;NA;NA;NA;NA;NA;NA;NA;NA;NA;NA;NA;NA;NA;NA;NA;NA;NA;NA;NA;1;NA;NA;NA;NA
35;"SP";3531308;"353130";"Monte Alto";"Não";"Região Metropolitana de Ribeirão Preto";"Pedestres";NA;2;NA;1;NA;NA;NA;NA;NA;NA;NA;NA;NA;1;NA;1;NA;NA;1;NA;NA;NA;NA;NA;NA
35;"SP";3531407;"353140";"Monte Aprazível";"Não";"Região Metropolitana de São José do Rio Preto";"Pedestres";NA;NA;NA;NA;NA;NA;NA;NA;NA;NA;NA;NA;1;NA;NA;NA;1;NA;NA;NA;1;NA;NA;NA;NA
35;"SP";3531506;"353150";"Monte Azul Paulista";"Não";"-";"Pedestres";NA;NA;NA;NA;NA;NA;NA;NA;NA;NA;NA;NA;NA;NA;NA;NA;NA;NA;NA;NA;NA;NA;NA;NA;NA
35;"SP";3531803;"353180";"Monte Mor";"Não";"Região Metropolitana de Campinas";"Pedestres";NA;1;2;2;2;2;NA;2;1;NA;NA;1;NA;2;NA;5;1;2;1;2;2;2;1;2;NA
35;"SP";3531902;"353190";"Morro Agudo";"Não";"Região Metropolitana de Ribeirão Preto";"Pedestres";NA;NA;NA;NA;NA;NA;NA;NA;NA;NA;NA;1;NA;1;NA;NA;NA;NA;NA;NA;NA;NA;NA;NA;NA
35;"SP";3532009;"353200";"Morungaba";"Não";"Região Metropolitana de Campinas";"Pedestres";NA;NA;NA;NA;NA;NA;NA;NA;NA;NA;NA;NA;NA;NA;NA;NA;NA;NA;NA;NA;NA;NA;NA;NA;NA
35;"SP";3532108;"353210";"Murutinga do Sul";"Não";"-";"Pedestres";NA;NA;NA;NA;NA;NA;NA;NA;NA;NA;1;NA;NA;NA;NA;NA;NA;NA;NA;NA;NA;NA;NA;NA;NA
35;"SP";3532157;"353215";"Nantes";"Não";"-";"Pedestres";NA;NA;NA;NA;NA;NA;NA;NA;NA;NA;NA;NA;NA;NA;NA;NA;NA;NA;NA;NA;NA;NA;NA;NA;NA
35;"SP";3532207;"353220";"Narandiba";"Não";"-";"Pedestres";NA;NA;NA;NA;NA;NA;NA;NA;NA;NA;NA;NA;NA;NA;NA;NA;NA;1;NA;NA;NA;NA;NA;NA;NA
35;"SP";3532306;"353230";"Natividade da Serra";"Não";"Região Metropolitana do Vale do Paraíba e Litoral Norte";"Pedestres";NA;NA;NA;NA;NA;NA;NA;NA;NA;NA;NA;NA;NA;NA;NA;NA;NA;NA;NA;NA;NA;NA;NA;NA;NA
35;"SP";3532405;"353240";"Nazaré Paulista";"Não";"-";"Pedestres";3;NA;1;NA;NA;2;NA;NA;NA;NA;NA;NA;NA;NA;1;NA;1;1;1;2;NA;1;NA;NA;NA
35;"SP";3532504;"353250";"Neves Paulista";"Não";"Região Metropolitana de São José do Rio Preto";"Pedestres";NA;NA;NA;NA;NA;NA;NA;NA;NA;NA;NA;NA;NA;NA;NA;NA;NA;NA;NA;NA;NA;NA;NA;1;NA
35;"SP";3532603;"353260";"Nhandeara";"Não";"-";"Pedestres";NA;NA;NA;NA;NA;NA;NA;NA;NA;NA;NA;NA;1;NA;NA;NA;1;NA;NA;NA;NA;NA;NA;NA;NA
35;"SP";3532702;"353270";"Nipoã";"Não";"Região Metropolitana de São José do Rio Preto";"Pedestres";NA;NA;NA;NA;NA;NA;NA;NA;NA;NA;NA;NA;NA;NA;NA;NA;NA;NA;NA;NA;NA;NA;NA;NA;NA
35;"SP";3532801;"353280";"Nova Aliança";"Não";"Região Metropolitana de São José do Rio Preto";"Pedestres";NA;NA;NA;NA;NA;NA;NA;NA;NA;NA;NA;NA;NA;NA;NA;NA;NA;NA;NA;NA;NA;NA;NA;NA;NA
35;"SP";3532827;"353282";"Nova Campina";"Não";"-";"Pedestres";NA;NA;NA;NA;NA;NA;NA;NA;NA;NA;NA;NA;NA;NA;NA;NA;NA;NA;NA;NA;NA;NA;NA;NA;NA
35;"SP";3532900;"353290";"Nova Europa";"Não";"-";"Pedestres";NA;1;NA;NA;NA;NA;NA;NA;NA;NA;NA;NA;NA;NA;NA;NA;NA;NA;NA;NA;NA;NA;NA;NA;NA
35;"SP";3533007;"353300";"Nova Granada";"Não";"Região Metropolitana de São José do Rio Preto";"Pedestres";NA;NA;1;NA;NA;1;NA;NA;NA;NA;NA;NA;NA;NA;NA;NA;NA;NA;NA;NA;NA;NA;NA;NA;NA
35;"SP";3533106;"353310";"Nova Guataporanga";"Não";"-";"Pedestres";NA;NA;NA;NA;NA;NA;NA;NA;NA;NA;NA;NA;NA;NA;NA;NA;NA;NA;NA;NA;NA;NA;NA;NA;NA
35;"SP";3533205;"353320";"Nova Independência";"Não";"-";"Pedestres";NA;NA;NA;NA;NA;NA;NA;NA;NA;NA;NA;NA;NA;NA;NA;NA;NA;NA;NA;NA;NA;NA;NA;NA;NA
35;"SP";3533254;"353325";"Novais";"Não";"-";"Pedestres";NA;NA;NA;NA;NA;NA;NA;NA;NA;NA;NA;NA;NA;NA;NA;NA;NA;NA;NA;NA;NA;NA;NA;NA;NA
35;"SP";3533403;"353340";"Nova Odessa";"Não";"Região Metropolitana de Campinas";"Pedestres";NA;NA;1;2;NA;1;NA;1;NA;2;1;NA;NA;NA;NA;1;1;NA;NA;NA;1;NA;NA;NA;NA
35;"SP";3533502;"353350";"Novo Horizonte";"Não";"-";"Pedestres";NA;NA;NA;NA;NA;1;NA;NA;NA;NA;NA;NA;NA;NA;NA;NA;1;NA;NA;NA;NA;NA;NA;1;NA
35;"SP";3533601;"353360";"Nuporanga";"Não";"Região Metropolitana de Ribeirão Preto";"Pedestres";NA;NA;NA;NA;1;NA;NA;NA;NA;NA;NA;NA;NA;NA;NA;NA;NA;NA;NA;NA;NA;1;NA;NA;NA
35;"SP";3533700;"353370";"Ocauçu";"Não";"-";"Pedestres";NA;NA;NA;NA;NA;NA;NA;NA;NA;NA;NA;NA;NA;NA;NA;NA;NA;NA;NA;NA;NA;NA;NA;NA;NA
35;"SP";3533908;"353390";"Olímpia";"Não";"Região Metropolitana de São José do Rio Preto";"Pedestres";NA;NA;NA;NA;NA;NA;NA;1;NA;1;NA;NA;NA;NA;1;1;NA;1;NA;NA;NA;NA;NA;NA;NA
35;"SP";3534005;"353400";"Onda Verde";"Não";"Região Metropolitana de São José do Rio Preto";"Pedestres";NA;NA;NA;1;NA;NA;NA;NA;NA;NA;NA;NA;NA;NA;NA;NA;NA;NA;NA;NA;NA;NA;NA;NA;NA
35;"SP";3534104;"353410";"Oriente";"Não";"-";"Pedestres";NA;NA;NA;1;NA;NA;NA;NA;NA;NA;NA;NA;NA;NA;NA;NA;NA;NA;NA;NA;NA;1;NA;NA;NA
35;"SP";3534203;"353420";"Orindiúva";"Não";"Região Metropolitana de São José do Rio Preto";"Pedestres";NA;NA;NA;NA;NA;NA;NA;NA;NA;NA;NA;1;NA;NA;NA;NA;NA;NA;NA;NA;NA;NA;NA;NA;NA
35;"SP";3534302;"353430";"Orlândia";"Não";"Região Metropolitana de Ribeirão Preto";"Pedestres";1;1;NA;NA;NA;NA;NA;NA;NA;NA;NA;1;NA;1;NA;NA;NA;NA;NA;NA;NA;1;NA;NA;NA
35;"SP";3534401;"353440";"Osasco";"Não";"Região Metropolitana de São Paulo";"Pedestres";4;8;11;15;16;21;13;20;23;12;9;12;20;12;12;8;14;9;6;11;7;19;15;22;NA
35;"SP";3534500;"353450";"Oscar Bressane";"Não";"-";"Pedestres";NA;NA;NA;NA;NA;NA;NA;NA;NA;NA;NA;NA;NA;NA;NA;1;NA;NA;NA;NA;NA;NA;NA;NA;NA
35;"SP";3534609;"353460";"Osvaldo Cruz";"Não";"-";"Pedestres";NA;NA;2;1;NA;NA;NA;NA;NA;NA;1;NA;NA;NA;NA;NA;NA;NA;NA;NA;NA;NA;NA;NA;NA
35;"SP";3534708;"353470";"Ourinhos";"Não";"-";"Pedestres";3;1;1;2;1;4;5;3;NA;1;1;2;NA;2;2;1;1;2;1;NA;1;1;1;2;NA
35;"SP";3534757;"353475";"Ouroeste";"Não";"-";"Pedestres";NA;NA;NA;NA;1;NA;NA;NA;NA;NA;NA;NA;NA;NA;NA;NA;NA;NA;NA;NA;NA;NA;NA;NA;NA
35;"SP";3534807;"353480";"Ouro Verde";"Não";"-";"Pedestres";NA;NA;NA;NA;NA;NA;NA;1;NA;NA;NA;NA;NA;NA;NA;NA;NA;NA;NA;NA;NA;NA;NA;NA;NA
35;"SP";3534906;"353490";"Pacaembu";"Não";"-";"Pedestres";NA;NA;NA;NA;NA;NA;NA;NA;NA;NA;NA;NA;1;NA;NA;NA;NA;NA;NA;1;NA;NA;1;NA;NA
35;"SP";3535002;"353500";"Palestina";"Não";"Região Metropolitana de São José do Rio Preto";"Pedestres";NA;NA;NA;NA;NA;NA;NA;NA;NA;NA;NA;NA;NA;NA;NA;NA;NA;NA;NA;NA;NA;NA;NA;NA;NA
35;"SP";3535101;"353510";"Palmares Paulista";"Não";"-";"Pedestres";NA;NA;NA;NA;NA;NA;1;NA;NA;NA;NA;NA;NA;NA;NA;NA;NA;NA;NA;NA;NA;NA;NA;NA;NA
35;"SP";3535309;"353530";"Palmital";"Não";"-";"Pedestres";NA;NA;NA;NA;NA;NA;NA;NA;NA;NA;NA;NA;NA;NA;NA;NA;NA;NA;NA;1;1;NA;NA;NA;NA
35;"SP";3535408;"353540";"Panorama";"Não";"-";"Pedestres";NA;NA;NA;NA;NA;NA;1;NA;NA;NA;NA;NA;1;NA;NA;NA;NA;1;NA;NA;NA;NA;NA;NA;NA
35;"SP";3535507;"353550";"Paraguaçu Paulista";"Não";"-";"Pedestres";NA;NA;NA;NA;NA;1;NA;NA;NA;NA;NA;NA;NA;NA;1;NA;NA;NA;NA;NA;2;2;1;NA;NA
35;"SP";3535606;"353560";"Paraibuna";"Não";"Região Metropolitana do Vale do Paraíba e Litoral Norte";"Pedestres";NA;NA;1;NA;NA;NA;NA;NA;1;NA;NA;NA;1;1;NA;NA;NA;NA;NA;NA;NA;NA;2;NA;NA
35;"SP";3535705;"353570";"Paraíso";"Não";"-";"Pedestres";NA;NA;1;NA;NA;NA;NA;NA;NA;NA;NA;NA;NA;NA;NA;NA;NA;NA;NA;NA;NA;NA;NA;NA;NA
35;"SP";3535804;"353580";"Paranapanema";"Não";"-";"Pedestres";NA;NA;1;1;NA;NA;NA;NA;NA;NA;NA;NA;NA;NA;NA;1;NA;NA;NA;NA;1;NA;NA;NA;NA
35;"SP";3535903;"353590";"Paranapuã";"Não";"-";"Pedestres";NA;NA;NA;NA;NA;NA;NA;NA;NA;NA;NA;NA;NA;NA;NA;NA;NA;NA;NA;NA;NA;NA;NA;NA;NA
35;"SP";3536000;"353600";"Parapuã";"Não";"-";"Pedestres";NA;NA;NA;NA;NA;NA;NA;NA;NA;NA;NA;NA;NA;NA;NA;2;NA;NA;NA;NA;NA;NA;NA;1;NA
35;"SP";3536109;"353610";"Pardinho";"Não";"-";"Pedestres";NA;NA;1;NA;NA;NA;NA;NA;NA;NA;NA;NA;NA;1;NA;NA;NA;NA;NA;NA;1;1;NA;NA;NA
35;"SP";3536208;"353620";"Pariquera-Açu";"Não";"-";"Pedestres";4;5;3;6;1;5;1;2;1;3;2;NA;2;NA;4;NA;2;2;NA;2;NA;NA;NA;1;NA
35;"SP";3536307;"353630";"Patrocínio Paulista";"Não";"-";"Pedestres";NA;1;NA;1;NA;NA;NA;NA;NA;NA;NA;NA;NA;NA;NA;NA;NA;1;NA;NA;NA;NA;NA;NA;NA
35;"SP";3536406;"353640";"Paulicéia";"Não";"-";"Pedestres";NA;NA;1;NA;NA;NA;NA;NA;NA;NA;NA;NA;NA;NA;NA;NA;NA;NA;NA;NA;NA;NA;NA;NA;NA
35;"SP";3536505;"353650";"Paulínia";"Não";"Região Metropolitana de Campinas";"Pedestres";NA;1;1;NA;NA;NA;2;3;NA;NA;1;3;1;NA;1;NA;NA;1;2;2;NA;NA;NA;2;NA
35;"SP";3536604;"353660";"Paulo de Faria";"Não";"Região Metropolitana de São José do Rio Preto";"Pedestres";NA;NA;NA;NA;NA;NA;NA;NA;NA;1;NA;NA;NA;NA;NA;NA;NA;NA;NA;NA;NA;NA;NA;NA;NA
35;"SP";3536703;"353670";"Pederneiras";"Não";"-";"Pedestres";NA;NA;NA;NA;NA;2;NA;NA;NA;NA;NA;NA;NA;NA;NA;NA;1;NA;NA;1;1;NA;NA;NA;NA
35;"SP";3537008;"353700";"Pedregulho";"Não";"-";"Pedestres";1;NA;NA;NA;NA;NA;NA;NA;NA;1;NA;NA;NA;NA;1;NA;NA;NA;NA;1;NA;NA;NA;NA;NA
35;"SP";3537107;"353710";"Pedreira";"Não";"Região Metropolitana de Campinas";"Pedestres";NA;NA;NA;NA;NA;NA;NA;NA;NA;NA;NA;NA;NA;NA;NA;NA;NA;1;NA;NA;NA;NA;1;NA;NA
35;"SP";3537156;"353715";"Pedrinhas Paulista";"Não";"-";"Pedestres";NA;NA;NA;NA;NA;NA;NA;NA;NA;NA;NA;NA;NA;NA;NA;NA;NA;NA;NA;NA;NA;NA;NA;NA;NA
35;"SP";3537206;"353720";"Pedro de Toledo";"Não";"-";"Pedestres";NA;NA;NA;NA;1;NA;NA;NA;NA;NA;NA;NA;NA;NA;NA;NA;1;NA;NA;NA;1;NA;NA;NA;NA
35;"SP";3537305;"353730";"Penápolis";"Não";"-";"Pedestres";NA;NA;1;1;2;3;NA;NA;NA;1;NA;NA;1;1;NA;1;NA;NA;NA;1;NA;NA;NA;NA;NA
35;"SP";3537404;"353740";"Pereira Barreto";"Não";"-";"Pedestres";NA;NA;NA;NA;NA;NA;NA;NA;NA;NA;NA;NA;NA;NA;1;NA;NA;NA;NA;NA;NA;NA;NA;NA;NA
35;"SP";3537503;"353750";"Pereiras";"Não";"-";"Pedestres";NA;NA;NA;NA;NA;NA;1;NA;NA;NA;NA;NA;NA;NA;NA;NA;NA;NA;NA;1;NA;NA;NA;NA;NA
35;"SP";3537602;"353760";"Peruíbe";"Não";"Região Metropolitana da Baixada Santista";"Pedestres";1;NA;2;1;NA;3;1;2;3;1;3;NA;1;2;NA;3;1;1;1;1;1;1;2;3;NA
35;"SP";3537701;"353770";"Piacatu";"Não";"-";"Pedestres";NA;NA;NA;NA;NA;NA;NA;NA;NA;NA;NA;NA;NA;NA;NA;NA;NA;NA;NA;NA;NA;NA;NA;NA;NA
35;"SP";3537800;"353780";"Piedade";"Não";"Região Metropolitana de Sorocaba";"Pedestres";NA;2;1;NA;1;NA;NA;NA;NA;NA;NA;1;NA;NA;NA;NA;NA;NA;NA;1;NA;1;1;NA;NA
35;"SP";3537909;"353790";"Pilar do Sul";"Não";"Região Metropolitana de Sorocaba";"Pedestres";NA;NA;NA;1;NA;NA;NA;NA;NA;NA;1;NA;1;NA;1;NA;NA;NA;NA;NA;1;NA;NA;NA;NA
35;"SP";3538006;"353800";"Pindamonhangaba";"Não";"Região Metropolitana do Vale do Paraíba e Litoral Norte";"Pedestres";5;NA;1;1;1;NA;1;4;NA;1;3;NA;3;NA;1;NA;3;2;2;1;2;1;1;1;NA
35;"SP";3538105;"353810";"Pindorama";"Não";"-";"Pedestres";NA;NA;NA;NA;NA;NA;NA;NA;NA;NA;NA;NA;NA;NA;NA;NA;NA;NA;NA;NA;NA;1;NA;NA;NA
35;"SP";3538204;"353820";"Pinhalzinho";"Não";"-";"Pedestres";NA;NA;NA;NA;NA;NA;NA;NA;NA;NA;NA;NA;NA;NA;NA;NA;NA;NA;1;NA;NA;NA;1;NA;NA
35;"SP";3538303;"353830";"Piquerobi";"Não";"-";"Pedestres";NA;NA;NA;NA;NA;NA;NA;NA;NA;NA;NA;NA;NA;NA;NA;NA;NA;NA;NA;NA;NA;NA;NA;NA;NA
35;"SP";3538501;"353850";"Piquete";"Não";"Região Metropolitana do Vale do Paraíba e Litoral Norte";"Pedestres";NA;NA;NA;NA;NA;NA;NA;NA;NA;NA;NA;NA;NA;NA;NA;NA;NA;NA;NA;NA;NA;NA;NA;NA;NA
35;"SP";3538600;"353860";"Piracaia";"Não";"-";"Pedestres";NA;NA;NA;NA;NA;NA;NA;NA;NA;NA;NA;NA;NA;NA;NA;NA;NA;NA;NA;NA;NA;NA;NA;NA;NA
35;"SP";3538709;"353870";"Piracicaba";"Não";"Região Metropolitana de Piracicaba";"Pedestres";1;1;NA;7;1;1;4;5;2;5;5;5;5;3;7;4;2;9;2;6;4;3;5;5;NA
35;"SP";3538808;"353880";"Piraju";"Não";"-";"Pedestres";NA;NA;1;NA;1;NA;NA;1;NA;NA;NA;NA;NA;NA;NA;NA;NA;NA;NA;NA;NA;NA;NA;NA;NA
35;"SP";3538907;"353890";"Pirajuí";"Não";"-";"Pedestres";NA;1;NA;NA;NA;1;1;NA;NA;NA;NA;1;NA;1;NA;NA;NA;NA;NA;NA;NA;1;NA;NA;NA
35;"SP";3539004;"353900";"Pirangi";"Não";"-";"Pedestres";NA;NA;NA;NA;NA;NA;NA;NA;NA;NA;NA;NA;NA;NA;NA;NA;NA;NA;NA;NA;NA;NA;NA;NA;NA
35;"SP";3539103;"353910";"Pirapora do Bom Jesus";"Não";"Região Metropolitana de São Paulo";"Pedestres";NA;NA;NA;NA;NA;NA;NA;NA;NA;NA;NA;NA;1;NA;NA;NA;NA;NA;NA;NA;NA;3;NA;NA;NA
35;"SP";3539202;"353920";"Pirapozinho";"Não";"-";"Pedestres";NA;NA;NA;NA;1;NA;NA;NA;NA;NA;NA;NA;NA;NA;NA;NA;NA;1;NA;1;NA;NA;NA;NA;NA
35;"SP";3539301;"353930";"Pirassununga";"Não";"Região Metropolitana de Piracicaba";"Pedestres";NA;NA;NA;1;2;1;NA;1;NA;NA;NA;2;NA;NA;NA;1;NA;1;3;NA;1;NA;1;NA;NA
35;"SP";3539400;"353940";"Piratininga";"Não";"-";"Pedestres";NA;1;NA;NA;NA;NA;NA;NA;NA;NA;NA;NA;NA;1;NA;NA;1;NA;NA;NA;NA;NA;NA;NA;NA
35;"SP";3539509;"353950";"Pitangueiras";"Não";"Região Metropolitana de Ribeirão Preto";"Pedestres";NA;1;NA;NA;1;NA;NA;NA;NA;1;NA;NA;NA;1;NA;NA;NA;NA;1;NA;NA;NA;NA;1;NA
35;"SP";3539608;"353960";"Planalto";"Não";"Região Metropolitana de São José do Rio Preto";"Pedestres";NA;NA;NA;NA;NA;NA;NA;NA;NA;NA;NA;NA;NA;NA;NA;NA;1;NA;NA;NA;NA;NA;NA;NA;NA
35;"SP";3539707;"353970";"Platina";"Não";"-";"Pedestres";NA;NA;NA;NA;NA;NA;NA;NA;NA;NA;NA;NA;NA;NA;NA;NA;NA;NA;NA;NA;NA;NA;NA;NA;NA
35;"SP";3539806;"353980";"Poá";"Não";"Região Metropolitana de São Paulo";"Pedestres";NA;NA;NA;1;NA;NA;2;NA;NA;NA;NA;NA;2;2;1;1;2;NA;NA;1;NA;1;1;NA;NA
35;"SP";3539905;"353990";"Poloni";"Não";"Região Metropolitana de São José do Rio Preto";"Pedestres";NA;NA;NA;NA;NA;NA;NA;NA;NA;NA;NA;NA;NA;NA;NA;NA;NA;NA;1;NA;NA;NA;NA;NA;NA
35;"SP";3540002;"354000";"Pompéia";"Não";"-";"Pedestres";NA;NA;NA;1;NA;NA;NA;NA;NA;NA;NA;NA;NA;NA;NA;NA;NA;NA;NA;1;1;NA;NA;NA;NA
35;"SP";3540101;"354010";"Pongaí";"Não";"-";"Pedestres";NA;NA;NA;NA;NA;NA;NA;NA;NA;NA;NA;NA;NA;NA;NA;NA;1;1;NA;NA;NA;NA;NA;NA;NA
35;"SP";3540200;"354020";"Pontal";"Não";"Região Metropolitana de Ribeirão Preto";"Pedestres";NA;NA;NA;NA;NA;NA;NA;NA;NA;NA;NA;NA;NA;NA;1;NA;NA;NA;NA;1;NA;1;NA;1;NA
35;"SP";3540408;"354040";"Populina";"Não";"-";"Pedestres";NA;NA;NA;NA;NA;NA;NA;NA;NA;NA;NA;NA;NA;NA;NA;NA;NA;NA;NA;NA;NA;NA;NA;NA;NA
35;"SP";3540507;"354050";"Porangaba";"Não";"-";"Pedestres";NA;NA;NA;NA;NA;NA;1;NA;NA;NA;NA;NA;NA;NA;NA;NA;NA;NA;NA;NA;NA;NA;NA;NA;NA
35;"SP";3540606;"354060";"Porto Feliz";"Não";"Região Metropolitana de Sorocaba";"Pedestres";NA;NA;NA;NA;NA;NA;1;NA;1;3;NA;4;2;1;NA;NA;NA;NA;NA;2;NA;2;1;1;NA
35;"SP";3540705;"354070";"Porto Ferreira";"Não";"-";"Pedestres";1;NA;2;NA;NA;NA;1;1;NA;NA;NA;1;NA;NA;NA;1;NA;NA;NA;NA;NA;NA;1;2;NA
35;"SP";3540754;"354075";"Potim";"Não";"Região Metropolitana do Vale do Paraíba e Litoral Norte";"Pedestres";NA;NA;NA;NA;NA;NA;NA;NA;NA;NA;NA;NA;NA;NA;NA;NA;NA;NA;NA;NA;1;NA;NA;NA;NA
35;"SP";3540804;"354080";"Potirendaba";"Não";"Região Metropolitana de São José do Rio Preto";"Pedestres";NA;NA;NA;NA;NA;NA;NA;NA;NA;NA;NA;NA;NA;NA;NA;NA;NA;NA;NA;NA;NA;NA;NA;NA;NA
35;"SP";3540903;"354090";"Pradópolis";"Não";"Região Metropolitana de Ribeirão Preto";"Pedestres";NA;NA;1;NA;NA;NA;NA;NA;NA;NA;NA;NA;NA;NA;1;NA;NA;NA;NA;NA;NA;1;1;NA;NA
35;"SP";3541000;"354100";"Praia Grande";"Não";"Região Metropolitana da Baixada Santista";"Pedestres";12;5;15;14;7;8;6;12;5;10;7;7;10;11;5;8;5;7;11;7;16;10;10;9;NA
35;"SP";3541059;"354105";"Pratânia";"Não";"-";"Pedestres";NA;NA;NA;NA;NA;NA;1;NA;NA;NA;NA;NA;NA;NA;NA;NA;NA;NA;NA;NA;NA;NA;NA;NA;NA
35;"SP";3541109;"354110";"Presidente Alves";"Não";"-";"Pedestres";NA;NA;NA;NA;NA;NA;NA;NA;NA;NA;NA;NA;NA;NA;NA;NA;NA;NA;NA;NA;NA;NA;NA;NA;NA
35;"SP";3541208;"354120";"Presidente Bernardes";"Não";"-";"Pedestres";NA;1;1;NA;NA;NA;NA;NA;NA;1;NA;NA;NA;NA;NA;NA;NA;NA;NA;NA;NA;NA;NA;NA;NA
35;"SP";3541307;"354130";"Presidente Epitácio";"Não";"-";"Pedestres";1;NA;NA;2;1;NA;NA;1;NA;1;NA;1;NA;1;1;2;3;NA;1;1;NA;NA;NA;NA;NA
35;"SP";3541406;"354140";"Presidente Prudente";"Não";"-";"Pedestres";2;6;6;3;1;1;9;2;3;1;2;2;3;2;1;2;NA;NA;NA;3;2;2;2;4;NA
35;"SP";3541505;"354150";"Presidente Venceslau";"Não";"-";"Pedestres";NA;NA;NA;NA;1;NA;NA;NA;NA;NA;NA;NA;NA;1;1;NA;NA;NA;1;NA;NA;NA;1;NA;NA
35;"SP";3541604;"354160";"Promissão";"Não";"-";"Pedestres";NA;NA;NA;NA;NA;NA;NA;NA;1;NA;NA;NA;NA;1;NA;NA;1;NA;1;NA;NA;NA;NA;NA;NA
35;"SP";3541653;"354165";"Quadra";"Não";"-";"Pedestres";NA;NA;NA;NA;NA;1;NA;NA;NA;NA;NA;NA;NA;NA;NA;NA;NA;NA;NA;NA;NA;NA;NA;NA;NA
35;"SP";3541703;"354170";"Quatá";"Não";"-";"Pedestres";NA;NA;NA;NA;NA;NA;NA;NA;1;NA;NA;NA;NA;NA;NA;NA;NA;NA;NA;NA;NA;NA;NA;NA;NA
35;"SP";3541802;"354180";"Queiroz";"Não";"-";"Pedestres";NA;NA;NA;NA;NA;NA;NA;NA;NA;NA;NA;NA;NA;NA;NA;NA;NA;NA;NA;NA;NA;NA;NA;NA;NA
35;"SP";3541901;"354190";"Queluz";"Não";"Região Metropolitana do Vale do Paraíba e Litoral Norte";"Pedestres";NA;NA;1;NA;NA;3;NA;NA;NA;NA;NA;NA;1;1;NA;NA;1;1;NA;NA;1;NA;NA;NA;NA
35;"SP";3542008;"354200";"Quintana";"Não";"-";"Pedestres";1;NA;NA;NA;NA;NA;NA;NA;NA;NA;NA;NA;NA;NA;NA;NA;NA;NA;NA;NA;NA;NA;NA;NA;NA
35;"SP";3542107;"354210";"Rafard";"Não";"Região Metropolitana de Piracicaba";"Pedestres";NA;NA;NA;NA;NA;NA;NA;NA;NA;NA;NA;NA;NA;NA;NA;1;NA;NA;NA;NA;NA;NA;NA;NA;NA
35;"SP";3542206;"354220";"Rancharia";"Não";"-";"Pedestres";NA;NA;NA;NA;NA;NA;NA;NA;NA;NA;1;NA;NA;NA;NA;NA;NA;NA;NA;NA;NA;NA;NA;1;NA
35;"SP";3542305;"354230";"Redenção da Serra";"Não";"Região Metropolitana do Vale do Paraíba e Litoral Norte";"Pedestres";NA;NA;NA;NA;NA;NA;NA;NA;NA;NA;NA;NA;NA;NA;NA;NA;NA;NA;NA;NA;NA;NA;NA;NA;NA
35;"SP";3542404;"354240";"Regente Feijó";"Não";"-";"Pedestres";1;NA;NA;NA;NA;NA;NA;NA;NA;NA;NA;1;NA;NA;NA;NA;NA;NA;NA;1;NA;NA;NA;NA;NA
35;"SP";3542602;"354260";"Registro";"Não";"-";"Pedestres";1;2;2;NA;1;4;1;1;NA;2;1;NA;NA;NA;1;2;NA;2;NA;2;1;4;6;3;NA
35;"SP";3542701;"354270";"Restinga";"Não";"-";"Pedestres";NA;NA;NA;NA;1;NA;NA;NA;NA;NA;NA;NA;NA;NA;NA;NA;NA;NA;NA;NA;1;NA;NA;NA;NA
35;"SP";3542800;"354280";"Ribeira";"Não";"-";"Pedestres";NA;NA;NA;NA;NA;NA;NA;NA;1;NA;NA;NA;NA;NA;NA;NA;NA;NA;NA;NA;NA;NA;1;1;NA
35;"SP";3542909;"354290";"Ribeirão Bonito";"Não";"-";"Pedestres";NA;NA;1;NA;NA;NA;NA;1;1;NA;NA;NA;NA;NA;NA;NA;NA;NA;NA;NA;1;NA;NA;NA;NA
35;"SP";3543006;"354300";"Ribeirão Branco";"Não";"-";"Pedestres";NA;NA;NA;NA;NA;NA;NA;NA;NA;NA;NA;NA;NA;NA;NA;NA;NA;NA;NA;NA;NA;1;1;NA;NA
35;"SP";3543253;"354325";"Ribeirão Grande";"Não";"-";"Pedestres";NA;NA;NA;NA;NA;NA;NA;NA;NA;NA;NA;NA;NA;NA;NA;NA;NA;NA;NA;NA;NA;NA;NA;NA;NA
35;"SP";3543303;"354330";"Ribeirão Pires";"Não";"Região Metropolitana de São Paulo";"Pedestres";NA;NA;NA;2;2;1;1;NA;1;NA;NA;1;1;1;NA;1;1;1;NA;2;1;1;1;NA;NA
35;"SP";3543402;"354340";"Ribeirão Preto";"Não";"Região Metropolitana de Ribeirão Preto";"Pedestres";7;5;14;5;6;6;9;7;6;13;11;9;4;6;4;7;12;7;8;6;8;5;13;10;NA
35;"SP";3543501;"354350";"Riversul";"Não";"-";"Pedestres";NA;NA;NA;NA;NA;NA;NA;NA;NA;NA;NA;NA;NA;NA;NA;NA;NA;NA;NA;NA;NA;NA;NA;NA;NA
35;"SP";3543600;"354360";"Rifaina";"Não";"-";"Pedestres";NA;NA;NA;NA;NA;NA;NA;NA;NA;NA;NA;NA;NA;NA;NA;NA;NA;NA;1;NA;NA;NA;NA;NA;NA
35;"SP";3543709;"354370";"Rincão";"Não";"-";"Pedestres";NA;NA;NA;NA;NA;NA;1;1;NA;NA;NA;NA;NA;NA;NA;NA;NA;NA;NA;NA;NA;NA;NA;NA;NA
35;"SP";3543808;"354380";"Rinópolis";"Não";"-";"Pedestres";NA;NA;1;NA;NA;NA;NA;NA;NA;NA;NA;NA;NA;NA;NA;NA;NA;NA;NA;NA;NA;NA;NA;NA;NA
35;"SP";3543907;"354390";"Rio Claro";"Não";"Região Metropolitana de Piracicaba";"Pedestres";1;NA;4;2;4;5;5;4;3;2;1;4;2;1;4;1;NA;2;2;2;3;NA;2;2;NA
35;"SP";3544004;"354400";"Rio das Pedras";"Não";"Região Metropolitana de Piracicaba";"Pedestres";NA;NA;1;NA;NA;NA;NA;NA;NA;1;1;NA;NA;NA;NA;1;2;NA;NA;NA;NA;1;NA;NA;NA
35;"SP";3544103;"354410";"Rio Grande da Serra";"Não";"Região Metropolitana de São Paulo";"Pedestres";1;NA;NA;NA;NA;NA;1;1;1;NA;NA;NA;NA;NA;NA;NA;NA;NA;NA;NA;NA;NA;NA;2;NA
35;"SP";3544202;"354420";"Riolândia";"Não";"-";"Pedestres";NA;NA;NA;NA;NA;NA;NA;NA;NA;NA;NA;NA;NA;NA;NA;NA;NA;2;NA;NA;NA;NA;NA;NA;NA
35;"SP";3544251;"354425";"Rosana";"Não";"-";"Pedestres";NA;NA;NA;NA;NA;NA;NA;NA;NA;1;NA;NA;NA;NA;1;1;NA;NA;NA;NA;NA;1;NA;NA;NA
35;"SP";3544301;"354430";"Roseira";"Não";"Região Metropolitana do Vale do Paraíba e Litoral Norte";"Pedestres";NA;NA;1;1;1;2;NA;NA;NA;NA;NA;1;1;NA;1;1;NA;NA;NA;NA;1;NA;1;NA;NA
35;"SP";3544608;"354460";"Sabino";"Não";"-";"Pedestres";NA;NA;NA;NA;NA;NA;NA;NA;NA;NA;NA;NA;NA;NA;NA;NA;NA;1;NA;NA;NA;NA;NA;NA;NA
35;"SP";3544707;"354470";"Sagres";"Não";"-";"Pedestres";NA;NA;NA;NA;NA;NA;NA;NA;NA;NA;NA;NA;NA;NA;NA;NA;1;NA;NA;NA;NA;NA;NA;NA;NA
35;"SP";3544806;"354480";"Sales";"Não";"Região Metropolitana de São José do Rio Preto";"Pedestres";NA;NA;NA;NA;NA;NA;NA;NA;NA;NA;NA;NA;NA;NA;NA;NA;NA;NA;NA;NA;NA;NA;NA;NA;NA
35;"SP";3544905;"354490";"Sales Oliveira";"Não";"Região Metropolitana de Ribeirão Preto";"Pedestres";NA;NA;NA;NA;NA;NA;NA;NA;NA;NA;NA;NA;NA;NA;NA;NA;NA;NA;NA;NA;NA;NA;NA;NA;NA
35;"SP";3545001;"354500";"Salesópolis";"Não";"Região Metropolitana de São Paulo";"Pedestres";NA;1;NA;NA;NA;NA;NA;NA;NA;NA;NA;NA;NA;NA;NA;NA;NA;NA;NA;NA;NA;NA;NA;NA;NA
35;"SP";3545100;"354510";"Salmourão";"Não";"-";"Pedestres";NA;NA;NA;NA;NA;NA;NA;1;NA;NA;NA;NA;NA;NA;NA;NA;NA;NA;NA;NA;NA;NA;NA;NA;NA
35;"SP";3545159;"354515";"Saltinho";"Não";"Região Metropolitana de Piracicaba";"Pedestres";NA;NA;NA;NA;NA;NA;NA;NA;NA;NA;NA;NA;NA;NA;NA;NA;NA;NA;NA;NA;NA;NA;NA;NA;NA
35;"SP";3545209;"354520";"Salto";"Não";"Região Metropolitana de Sorocaba";"Pedestres";NA;1;2;NA;NA;1;NA;NA;1;2;NA;2;NA;1;1;NA;NA;1;NA;2;NA;4;3;4;NA
35;"SP";3545308;"354530";"Salto de Pirapora";"Não";"Região Metropolitana de Sorocaba";"Pedestres";NA;NA;NA;NA;NA;NA;NA;NA;NA;NA;NA;1;NA;1;NA;1;NA;NA;1;NA;NA;NA;1;NA;NA
35;"SP";3545407;"354540";"Salto Grande";"Não";"-";"Pedestres";NA;NA;NA;NA;NA;NA;NA;NA;NA;NA;NA;NA;NA;NA;1;NA;NA;NA;NA;NA;NA;NA;NA;1;NA
35;"SP";3545506;"354550";"Sandovalina";"Não";"-";"Pedestres";NA;NA;NA;NA;NA;NA;NA;NA;NA;NA;NA;NA;NA;NA;NA;NA;NA;NA;NA;NA;NA;NA;NA;NA;NA
35;"SP";3545605;"354560";"Santa Adélia";"Não";"-";"Pedestres";NA;NA;NA;NA;NA;NA;NA;NA;NA;NA;NA;NA;NA;NA;NA;NA;NA;NA;NA;NA;NA;NA;NA;NA;NA
35;"SP";3545803;"354580";"Santa Bárbara d'Oeste";"Não";"Região Metropolitana de Campinas";"Pedestres";NA;NA;NA;NA;1;1;NA;2;NA;NA;NA;1;NA;NA;NA;1;1;1;1;1;4;1;3;2;NA
35;"SP";3546009;"354600";"Santa Branca";"Não";"Região Metropolitana do Vale do Paraíba e Litoral Norte";"Pedestres";NA;NA;NA;NA;NA;NA;NA;NA;NA;NA;NA;NA;NA;1;NA;NA;NA;NA;NA;NA;NA;NA;NA;NA;NA
35;"SP";3546207;"354620";"Santa Cruz da Conceição";"Não";"Região Metropolitana de Piracicaba";"Pedestres";1;1;NA;1;NA;NA;NA;NA;NA;NA;NA;NA;NA;NA;NA;NA;NA;1;1;NA;1;NA;NA;NA;NA
35;"SP";3546256;"354625";"Santa Cruz da Esperança";"Não";"Região Metropolitana de Ribeirão Preto";"Pedestres";NA;NA;NA;NA;NA;NA;NA;NA;1;NA;NA;NA;NA;NA;NA;NA;NA;NA;NA;NA;NA;NA;NA;NA;NA
35;"SP";3546306;"354630";"Santa Cruz das Palmeiras";"Não";"-";"Pedestres";NA;NA;NA;1;NA;NA;NA;NA;NA;NA;NA;NA;NA;NA;NA;1;1;NA;NA;1;1;NA;NA;1;NA
35;"SP";3546405;"354640";"Santa Cruz do Rio Pardo";"Não";"-";"Pedestres";NA;NA;NA;NA;NA;1;1;1;2;NA;1;NA;NA;NA;NA;NA;NA;NA;NA;1;NA;NA;1;NA;NA
35;"SP";3546504;"354650";"Santa Ernestina";"Não";"-";"Pedestres";NA;NA;NA;NA;NA;NA;NA;NA;1;NA;NA;1;NA;NA;NA;NA;NA;NA;NA;NA;NA;1;NA;NA;NA
35;"SP";3546603;"354660";"Santa Fé do Sul";"Não";"-";"Pedestres";NA;NA;NA;NA;NA;1;NA;NA;NA;NA;NA;NA;1;NA;NA;NA;NA;NA;NA;NA;NA;NA;NA;NA;NA
35;"SP";3546702;"354670";"Santa Gertrudes";"Não";"Região Metropolitana de Piracicaba";"Pedestres";NA;NA;NA;NA;NA;NA;1;NA;1;NA;NA;NA;NA;NA;NA;NA;NA;NA;1;NA;NA;NA;1;NA;NA
35;"SP";3546801;"354680";"Santa Isabel";"Não";"Região Metropolitana de São Paulo";"Pedestres";NA;NA;2;2;NA;NA;NA;NA;NA;NA;2;2;1;NA;NA;2;1;4;3;NA;NA;NA;2;2;NA
35;"SP";3546900;"354690";"Santa Lúcia";"Não";"-";"Pedestres";NA;NA;NA;NA;NA;NA;NA;NA;1;NA;NA;NA;NA;NA;NA;NA;NA;NA;NA;NA;NA;NA;NA;NA;NA
35;"SP";3547007;"354700";"Santa Maria da Serra";"Não";"Região Metropolitana de Piracicaba";"Pedestres";NA;NA;NA;NA;1;NA;NA;NA;NA;NA;NA;NA;NA;NA;NA;NA;NA;NA;NA;NA;NA;NA;NA;NA;NA
35;"SP";3547106;"354710";"Santa Mercedes";"Não";"-";"Pedestres";1;NA;NA;NA;NA;NA;1;NA;NA;NA;NA;NA;1;NA;NA;NA;NA;NA;NA;NA;NA;NA;NA;NA;NA
35;"SP";3547205;"354720";"Santana da Ponte Pensa";"Não";"-";"Pedestres";NA;NA;NA;NA;NA;NA;NA;NA;NA;NA;NA;NA;NA;NA;NA;NA;NA;NA;NA;NA;NA;NA;NA;NA;NA
35;"SP";3547304;"354730";"Santana de Parnaíba";"Não";"Região Metropolitana de São Paulo";"Pedestres";NA;NA;NA;NA;2;NA;1;NA;NA;NA;1;1;NA;NA;NA;1;2;NA;NA;2;1;NA;1;NA;NA
35;"SP";3547502;"354750";"Santa Rita do Passa Quatro";"Não";"Região Metropolitana de Ribeirão Preto";"Pedestres";1;NA;NA;NA;NA;NA;NA;NA;NA;NA;1;NA;NA;NA;1;NA;1;NA;1;NA;NA;NA;NA;NA;NA
35;"SP";3547601;"354760";"Santa Rosa de Viterbo";"Não";"Região Metropolitana de Ribeirão Preto";"Pedestres";NA;NA;NA;NA;NA;NA;NA;NA;1;NA;NA;NA;NA;NA;NA;NA;NA;NA;NA;NA;NA;NA;NA;NA;NA
35;"SP";3547700;"354770";"Santo Anastácio";"Não";"-";"Pedestres";NA;NA;NA;NA;NA;NA;NA;NA;NA;NA;1;NA;NA;NA;NA;NA;NA;NA;NA;NA;NA;NA;NA;NA;NA
35;"SP";3547809;"354780";"Santo André";"Não";"Região Metropolitana de São Paulo";"Pedestres";6;7;5;1;4;7;1;3;3;5;4;2;NA;7;2;4;7;7;4;8;7;6;4;4;NA
35;"SP";3547908;"354790";"Santo Antônio da Alegria";"Não";"Região Metropolitana de Ribeirão Preto";"Pedestres";NA;NA;NA;NA;NA;NA;NA;NA;NA;NA;NA;NA;NA;NA;NA;NA;NA;NA;NA;NA;NA;NA;NA;NA;NA
35;"SP";3548005;"354800";"Santo Antônio de Posse";"Não";"Região Metropolitana de Campinas";"Pedestres";NA;NA;NA;NA;NA;NA;1;NA;NA;NA;NA;NA;NA;NA;NA;NA;NA;1;NA;NA;NA;1;NA;1;NA
35;"SP";3548054;"354805";"Santo Antônio do Aracanguá";"Não";"-";"Pedestres";NA;NA;NA;NA;NA;NA;NA;NA;NA;NA;NA;NA;NA;NA;NA;NA;NA;NA;NA;1;NA;NA;NA;1;NA
35;"SP";3548104;"354810";"Santo Antônio do Jardim";"Não";"-";"Pedestres";NA;NA;NA;NA;NA;NA;NA;NA;1;NA;NA;NA;NA;NA;NA;NA;NA;NA;NA;NA;NA;NA;NA;NA;NA
35;"SP";3548203;"354820";"Santo Antônio do Pinhal";"Não";"Região Metropolitana do Vale do Paraíba e Litoral Norte";"Pedestres";NA;NA;NA;NA;NA;NA;NA;NA;NA;NA;NA;NA;NA;NA;NA;NA;NA;NA;NA;NA;NA;NA;NA;NA;NA
35;"SP";3548302;"354830";"Santo Expedito";"Não";"-";"Pedestres";NA;NA;NA;NA;NA;NA;NA;NA;NA;NA;NA;NA;NA;NA;NA;NA;NA;NA;NA;NA;NA;NA;NA;NA;NA
35;"SP";3548401;"354840";"Santópolis do Aguapeí";"Não";"-";"Pedestres";NA;NA;NA;NA;NA;NA;1;1;NA;NA;NA;NA;NA;NA;NA;NA;NA;NA;NA;NA;NA;NA;NA;NA;NA
35;"SP";3548500;"354850";"Santos";"Não";"Região Metropolitana da Baixada Santista";"Pedestres";6;6;5;10;12;17;15;14;9;12;14;12;8;6;5;6;7;6;7;4;6;5;2;12;NA
35;"SP";3548609;"354860";"São Bento do Sapucaí";"Não";"Região Metropolitana do Vale do Paraíba e Litoral Norte";"Pedestres";NA;NA;NA;NA;NA;NA;NA;NA;NA;NA;NA;1;NA;NA;NA;NA;NA;NA;NA;NA;NA;NA;NA;NA;NA
35;"SP";3548708;"354870";"São Bernardo do Campo";"Não";"Região Metropolitana de São Paulo";"Pedestres";9;8;7;11;6;8;7;9;2;14;11;14;5;10;13;10;5;12;8;6;12;13;13;19;NA
35;"SP";3548807;"354880";"São Caetano do Sul";"Não";"Região Metropolitana de São Paulo";"Pedestres";1;3;NA;NA;NA;NA;NA;NA;2;NA;NA;NA;NA;1;1;NA;1;NA;2;NA;NA;NA;NA;NA;NA
35;"SP";3548906;"354890";"São Carlos";"Não";"-";"Pedestres";3;2;NA;2;1;2;1;5;NA;1;2;NA;2;2;1;4;1;1;4;2;2;7;NA;6;NA
35;"SP";3549102;"354910";"São João da Boa Vista";"Não";"-";"Pedestres";4;1;NA;NA;4;2;NA;1;1;1;2;1;1;NA;2;1;1;1;1;1;3;3;NA;NA;NA
35;"SP";3549300;"354930";"São João do Pau d'Alho";"Não";"-";"Pedestres";NA;NA;NA;NA;NA;NA;NA;NA;NA;NA;NA;NA;NA;NA;NA;NA;NA;NA;NA;NA;NA;NA;NA;NA;NA
35;"SP";3549409;"354940";"São Joaquim da Barra";"Não";"-";"Pedestres";1;NA;1;NA;NA;NA;NA;NA;NA;NA;NA;1;1;1;1;1;1;NA;1;NA;NA;NA;NA;NA;NA
35;"SP";3549508;"354950";"São José da Bela Vista";"Não";"-";"Pedestres";NA;NA;NA;NA;NA;NA;NA;NA;NA;NA;NA;NA;NA;NA;NA;NA;NA;NA;NA;NA;NA;NA;NA;NA;NA
35;"SP";3549607;"354960";"São José do Barreiro";"Não";"Região Metropolitana do Vale do Paraíba e Litoral Norte";"Pedestres";NA;NA;NA;NA;NA;1;1;NA;NA;NA;NA;NA;NA;NA;NA;NA;NA;NA;NA;NA;NA;NA;NA;NA;NA
35;"SP";3549706;"354970";"São José do Rio Pardo";"Não";"-";"Pedestres";NA;NA;NA;1;NA;NA;NA;1;NA;1;NA;1;NA;NA;1;NA;NA;NA;NA;1;2;NA;NA;NA;NA
35;"SP";3549805;"354980";"São José do Rio Preto";"Não";"Região Metropolitana de São José do Rio Preto";"Pedestres";6;7;3;4;4;1;6;7;4;2;4;3;5;3;9;5;1;3;3;3;2;2;9;2;NA
35;"SP";3549904;"354990";"São José dos Campos";"Não";"Região Metropolitana do Vale do Paraíba e Litoral Norte";"Pedestres";10;9;8;4;3;5;10;7;10;8;2;1;4;4;5;7;1;6;6;9;6;5;6;8;NA
35;"SP";3549953;"354995";"São Lourenço da Serra";"Não";"Região Metropolitana de São Paulo";"Pedestres";NA;1;NA;1;NA;2;NA;NA;NA;NA;NA;NA;NA;NA;NA;NA;1;NA;NA;NA;NA;1;NA;NA;NA
35;"SP";3550001;"355000";"São Luiz do Paraitinga";"Não";"Região Metropolitana do Vale do Paraíba e Litoral Norte";"Pedestres";NA;NA;NA;NA;NA;NA;NA;NA;NA;1;NA;NA;NA;NA;NA;NA;NA;NA;NA;NA;NA;NA;NA;NA;NA
35;"SP";3550100;"355010";"São Manuel";"Não";"-";"Pedestres";1;1;1;1;NA;1;1;NA;1;NA;1;1;1;NA;NA;NA;1;2;2;NA;NA;1;1;1;NA
35;"SP";3550209;"355020";"São Miguel Arcanjo";"Não";"Região Metropolitana de Sorocaba";"Pedestres";NA;NA;NA;NA;NA;NA;NA;NA;1;NA;1;NA;NA;NA;NA;NA;NA;NA;NA;NA;NA;NA;NA;1;NA
35;"SP";3550308;"355030";"São Paulo";"Sim";"Região Metropolitana de São Paulo";"Pedestres";103;257;120;208;206;252;283;268;233;241;259;249;234;196;262;197;167;136;57;155;91;97;30;37;NA
35;"SP";3550407;"355040";"São Pedro";"Não";"Região Metropolitana de Piracicaba";"Pedestres";NA;NA;NA;1;NA;NA;NA;NA;NA;NA;NA;NA;NA;NA;NA;NA;NA;1;NA;NA;NA;NA;NA;NA;NA
35;"SP";3550506;"355050";"São Pedro do Turvo";"Não";"-";"Pedestres";NA;NA;NA;NA;NA;NA;NA;NA;NA;NA;NA;NA;NA;NA;NA;NA;NA;NA;NA;NA;NA;NA;NA;NA;NA
35;"SP";3550605;"355060";"São Roque";"Não";"Região Metropolitana de Sorocaba";"Pedestres";NA;NA;2;3;1;2;3;NA;NA;NA;1;2;1;2;3;2;NA;1;1;NA;NA;NA;2;1;NA
35;"SP";3550704;"355070";"São Sebastião";"Não";"Região Metropolitana do Vale do Paraíba e Litoral Norte";"Pedestres";1;4;2;NA;2;1;1;4;NA;1;1;NA;NA;3;2;2;2;NA;NA;1;1;NA;NA;1;NA
35;"SP";3550803;"355080";"São Sebastião da Grama";"Não";"-";"Pedestres";NA;NA;NA;NA;NA;NA;NA;1;NA;NA;NA;NA;NA;NA;NA;NA;NA;NA;NA;NA;NA;NA;NA;1;NA
35;"SP";3550902;"355090";"São Simão";"Não";"Região Metropolitana de Ribeirão Preto";"Pedestres";NA;NA;NA;NA;NA;NA;NA;NA;NA;NA;NA;NA;NA;NA;NA;NA;2;1;3;NA;1;NA;1;NA;NA
35;"SP";3551009;"355100";"São Vicente";"Não";"Região Metropolitana da Baixada Santista";"Pedestres";4;7;11;11;5;9;2;7;5;5;2;3;8;4;11;4;5;2;3;5;4;6;7;12;NA
35;"SP";3551108;"355110";"Sarapuí";"Não";"Região Metropolitana de Sorocaba";"Pedestres";NA;NA;NA;NA;NA;NA;NA;NA;NA;NA;NA;NA;NA;NA;NA;NA;NA;NA;NA;NA;NA;NA;NA;NA;NA
35;"SP";3551405;"355140";"Serra Azul";"Não";"Região Metropolitana de Ribeirão Preto";"Pedestres";NA;NA;NA;NA;NA;NA;NA;NA;1;NA;NA;NA;NA;NA;1;NA;NA;NA;NA;1;1;NA;1;NA;NA
35;"SP";3551504;"355150";"Serrana";"Não";"Região Metropolitana de Ribeirão Preto";"Pedestres";NA;NA;NA;NA;NA;1;NA;NA;NA;NA;1;1;2;NA;NA;NA;NA;NA;NA;1;NA;NA;NA;NA;NA
35;"SP";3551603;"355160";"Serra Negra";"Não";"-";"Pedestres";NA;NA;NA;NA;NA;NA;NA;1;NA;NA;NA;NA;NA;NA;NA;NA;1;NA;NA;NA;NA;NA;NA;NA;NA
35;"SP";3551702;"355170";"Sertãozinho";"Não";"Região Metropolitana de Ribeirão Preto";"Pedestres";NA;NA;NA;NA;1;1;NA;2;NA;NA;1;1;NA;1;NA;1;2;1;2;2;2;1;1;4;NA
35;"SP";3551801;"355180";"Sete Barras";"Não";"-";"Pedestres";NA;NA;1;NA;NA;1;NA;NA;NA;1;NA;NA;NA;NA;NA;NA;NA;NA;1;NA;NA;NA;NA;NA;NA
35;"SP";3551900;"355190";"Severínia";"Não";"Região Metropolitana de São José do Rio Preto";"Pedestres";NA;NA;NA;NA;NA;NA;NA;NA;NA;NA;NA;NA;NA;NA;NA;NA;NA;NA;NA;1;1;NA;NA;NA;NA
35;"SP";3552007;"355200";"Silveiras";"Não";"Região Metropolitana do Vale do Paraíba e Litoral Norte";"Pedestres";NA;NA;NA;NA;NA;NA;NA;NA;NA;NA;NA;NA;1;NA;NA;NA;NA;NA;NA;NA;NA;NA;NA;NA;NA
35;"SP";3552106;"355210";"Socorro";"Não";"-";"Pedestres";NA;NA;NA;NA;NA;NA;NA;NA;NA;NA;NA;NA;NA;NA;NA;NA;NA;1;NA;NA;NA;1;NA;NA;NA
35;"SP";3552205;"355220";"Sorocaba";"Não";"Região Metropolitana de Sorocaba";"Pedestres";2;8;8;6;6;6;13;10;11;6;13;11;13;9;9;7;7;12;8;7;8;7;15;10;NA
35;"SP";3552304;"355230";"Sud Mennucci";"Não";"-";"Pedestres";NA;NA;NA;1;NA;NA;NA;NA;NA;NA;NA;NA;NA;NA;NA;NA;NA;NA;NA;NA;NA;NA;NA;NA;NA
35;"SP";3552403;"355240";"Sumaré";"Não";"Região Metropolitana de Campinas";"Pedestres";NA;3;3;1;8;4;3;1;4;7;9;7;4;8;6;3;7;1;3;8;5;8;9;9;NA
35;"SP";3552502;"355250";"Suzano";"Não";"Região Metropolitana de São Paulo";"Pedestres";1;NA;3;1;3;NA;5;6;NA;3;1;4;5;NA;2;2;3;4;1;2;3;3;3;NA;NA
35;"SP";3552601;"355260";"Tabapuã";"Não";"-";"Pedestres";NA;NA;NA;NA;NA;NA;NA;NA;NA;NA;NA;NA;NA;NA;NA;NA;NA;NA;NA;NA;NA;NA;NA;NA;NA
35;"SP";3552700;"355270";"Tabatinga";"Não";"-";"Pedestres";NA;NA;NA;NA;NA;NA;NA;NA;NA;NA;NA;NA;NA;NA;NA;NA;NA;NA;NA;NA;NA;NA;NA;NA;NA
35;"SP";3552809;"355280";"Taboão da Serra";"Não";"Região Metropolitana de São Paulo";"Pedestres";3;4;5;2;3;3;5;6;3;4;9;5;8;3;5;4;1;4;5;3;4;5;4;6;NA
35;"SP";3552908;"355290";"Taciba";"Não";"-";"Pedestres";NA;NA;NA;NA;NA;1;NA;NA;NA;NA;NA;NA;NA;NA;NA;NA;NA;NA;NA;NA;NA;NA;NA;NA;NA
35;"SP";3553005;"355300";"Taguaí";"Não";"-";"Pedestres";NA;NA;NA;NA;NA;NA;NA;NA;NA;NA;NA;NA;NA;NA;NA;NA;NA;1;NA;NA;NA;NA;NA;NA;NA
35;"SP";3553104;"355310";"Taiaçu";"Não";"-";"Pedestres";NA;NA;NA;NA;NA;NA;NA;NA;NA;NA;NA;NA;NA;NA;NA;NA;NA;NA;NA;NA;NA;NA;NA;NA;NA
35;"SP";3553203;"355320";"Taiúva";"Não";"Região Metropolitana de Ribeirão Preto";"Pedestres";NA;NA;NA;NA;NA;NA;NA;NA;NA;NA;NA;NA;NA;NA;NA;NA;NA;NA;NA;NA;NA;NA;NA;NA;NA
35;"SP";3553302;"355330";"Tambaú";"Não";"Região Metropolitana de Ribeirão Preto";"Pedestres";NA;NA;NA;NA;NA;NA;NA;1;NA;NA;NA;NA;NA;NA;NA;NA;NA;NA;NA;NA;NA;1;NA;NA;NA
35;"SP";3553401;"355340";"Tanabi";"Não";"Região Metropolitana de São José do Rio Preto";"Pedestres";NA;NA;2;NA;NA;NA;NA;1;NA;NA;NA;NA;NA;NA;NA;NA;NA;NA;NA;1;NA;NA;NA;2;NA
35;"SP";3553500;"355350";"Tapiraí";"Não";"Região Metropolitana de Sorocaba";"Pedestres";NA;NA;NA;NA;NA;NA;NA;NA;NA;NA;NA;NA;NA;NA;NA;NA;NA;NA;NA;NA;1;NA;NA;NA;NA
35;"SP";3553609;"355360";"Tapiratiba";"Não";"-";"Pedestres";NA;NA;NA;NA;NA;NA;NA;NA;NA;1;NA;NA;NA;NA;NA;NA;NA;NA;NA;NA;NA;NA;NA;NA;NA
35;"SP";3553658;"355365";"Taquaral";"Não";"Região Metropolitana de Ribeirão Preto";"Pedestres";NA;NA;NA;NA;NA;NA;NA;1;NA;NA;NA;NA;NA;NA;NA;NA;NA;NA;NA;NA;NA;NA;NA;NA;NA
35;"SP";3553708;"355370";"Taquaritinga";"Não";"-";"Pedestres";NA;1;NA;1;2;NA;1;NA;NA;NA;NA;NA;1;NA;NA;NA;NA;1;NA;3;NA;NA;1;1;NA
35;"SP";3553807;"355380";"Taquarituba";"Não";"-";"Pedestres";NA;1;NA;NA;NA;NA;NA;NA;NA;NA;NA;NA;NA;NA;NA;NA;NA;NA;NA;NA;NA;NA;NA;NA;NA
35;"SP";3553856;"355385";"Taquarivaí";"Não";"-";"Pedestres";NA;NA;NA;NA;NA;NA;NA;NA;NA;NA;1;NA;NA;NA;NA;NA;NA;NA;NA;NA;NA;NA;NA;NA;NA
35;"SP";3553906;"355390";"Tarabai";"Não";"-";"Pedestres";1;NA;NA;NA;NA;NA;NA;NA;NA;NA;NA;NA;NA;NA;NA;NA;NA;NA;NA;NA;NA;NA;NA;NA;NA
35;"SP";3553955;"355395";"Tarumã";"Não";"-";"Pedestres";NA;1;NA;NA;NA;NA;NA;NA;NA;NA;NA;NA;NA;NA;NA;1;NA;NA;1;NA;NA;NA;NA;NA;NA
35;"SP";3554003;"355400";"Tatuí";"Não";"Região Metropolitana de Sorocaba";"Pedestres";2;NA;NA;3;2;NA;NA;NA;NA;NA;1;NA;1;1;1;NA;1;1;1;NA;1;NA;1;1;NA
35;"SP";3554102;"355410";"Taubaté";"Não";"Região Metropolitana do Vale do Paraíba e Litoral Norte";"Pedestres";NA;2;4;NA;NA;4;5;3;3;NA;1;1;4;NA;2;1;NA;1;3;1;1;1;NA;4;NA
35;"SP";3554201;"355420";"Tejupá";"Não";"-";"Pedestres";NA;NA;NA;1;NA;NA;NA;NA;NA;NA;NA;NA;NA;NA;NA;NA;NA;NA;NA;NA;NA;NA;NA;NA;NA
35;"SP";3554300;"355430";"Teodoro Sampaio";"Não";"-";"Pedestres";1;NA;1;NA;NA;NA;NA;1;NA;NA;2;1;NA;NA;NA;1;1;NA;NA;NA;NA;NA;NA;NA;NA
35;"SP";3554409;"355440";"Terra Roxa";"Não";"-";"Pedestres";NA;NA;NA;NA;NA;NA;NA;NA;NA;NA;NA;NA;NA;NA;NA;NA;NA;NA;NA;NA;NA;1;NA;NA;NA
35;"SP";3554508;"355450";"Tietê";"Não";"Região Metropolitana de Sorocaba";"Pedestres";NA;NA;1;NA;NA;NA;NA;NA;NA;NA;NA;2;1;NA;1;2;1;NA;1;NA;1;2;NA;NA;NA
35;"SP";3554706;"355470";"Torrinha";"Não";"-";"Pedestres";NA;NA;NA;NA;NA;NA;NA;NA;NA;NA;NA;NA;NA;NA;1;NA;NA;NA;NA;NA;NA;NA;NA;NA;NA
35;"SP";3554755;"355475";"Trabiju";"Não";"-";"Pedestres";NA;NA;NA;NA;NA;NA;NA;NA;NA;NA;NA;NA;NA;NA;NA;1;NA;NA;NA;NA;NA;1;NA;NA;NA
35;"SP";3554805;"355480";"Tremembé";"Não";"Região Metropolitana do Vale do Paraíba e Litoral Norte";"Pedestres";2;NA;NA;NA;NA;1;1;NA;1;NA;2;1;NA;1;NA;NA;NA;NA;NA;NA;NA;NA;NA;1;NA
35;"SP";3554904;"355490";"Três Fronteiras";"Não";"-";"Pedestres";NA;NA;NA;NA;1;NA;NA;NA;NA;NA;NA;NA;NA;NA;NA;NA;NA;NA;NA;NA;NA;NA;NA;NA;NA
35;"SP";3554953;"355495";"Tuiuti";"Não";"-";"Pedestres";NA;NA;NA;NA;NA;NA;NA;NA;NA;NA;NA;NA;NA;NA;NA;NA;NA;NA;NA;NA;NA;NA;NA;NA;NA
35;"SP";3555000;"355500";"Tupã";"Não";"-";"Pedestres";NA;1;NA;1;1;NA;NA;2;NA;NA;3;NA;1;NA;NA;1;NA;NA;2;NA;1;1;3;NA;NA
35;"SP";3555109;"355510";"Tupi Paulista";"Não";"-";"Pedestres";NA;NA;NA;NA;NA;NA;NA;NA;NA;NA;NA;NA;NA;NA;1;NA;NA;NA;NA;NA;NA;NA;NA;NA;NA
35;"SP";3555356;"355535";"Ubarana";"Não";"Região Metropolitana de São José do Rio Preto";"Pedestres";NA;NA;NA;NA;NA;NA;NA;NA;1;NA;NA;NA;NA;NA;NA;NA;NA;NA;NA;NA;NA;NA;NA;NA;NA
35;"SP";3555406;"355540";"Ubatuba";"Não";"Região Metropolitana do Vale do Paraíba e Litoral Norte";"Pedestres";NA;NA;2;4;2;1;NA;1;1;2;NA;NA;2;NA;NA;2;NA;1;NA;NA;NA;2;NA;1;NA
35;"SP";3555604;"355560";"Uchoa";"Não";"Região Metropolitana de São José do Rio Preto";"Pedestres";NA;NA;NA;NA;NA;NA;NA;NA;NA;NA;NA;NA;NA;NA;NA;NA;NA;NA;NA;NA;NA;NA;NA;NA;NA
35;"SP";3555703;"355570";"União Paulista";"Não";"Região Metropolitana de São José do Rio Preto";"Pedestres";NA;NA;NA;NA;NA;NA;NA;NA;NA;1;NA;NA;NA;NA;NA;NA;NA;NA;NA;NA;NA;NA;NA;NA;NA
35;"SP";3555802;"355580";"Urânia";"Não";"-";"Pedestres";NA;NA;NA;NA;NA;NA;NA;NA;NA;NA;NA;NA;NA;NA;NA;NA;NA;NA;NA;NA;NA;NA;NA;NA;NA
35;"SP";3556008;"355600";"Urupês";"Não";"Região Metropolitana de São José do Rio Preto";"Pedestres";NA;NA;NA;NA;NA;NA;NA;NA;NA;NA;NA;NA;NA;NA;NA;NA;NA;NA;NA;NA;NA;NA;NA;NA;NA
35;"SP";3556107;"355610";"Valentim Gentil";"Não";"-";"Pedestres";NA;NA;NA;NA;NA;NA;NA;NA;NA;NA;NA;NA;NA;NA;NA;NA;1;NA;NA;NA;NA;NA;NA;NA;NA
35;"SP";3556206;"355620";"Valinhos";"Não";"Região Metropolitana de Campinas";"Pedestres";NA;2;NA;3;NA;3;NA;NA;1;NA;1;NA;NA;NA;NA;NA;NA;1;2;1;1;1;NA;1;NA
35;"SP";3556305;"355630";"Valparaíso";"Não";"-";"Pedestres";NA;NA;NA;NA;NA;NA;NA;NA;NA;NA;1;NA;NA;NA;NA;NA;1;NA;NA;NA;NA;NA;1;NA;NA
35;"SP";3556354;"355635";"Vargem";"Não";"-";"Pedestres";NA;NA;1;1;NA;NA;NA;NA;1;NA;NA;1;NA;1;NA;NA;NA;1;NA;1;1;NA;NA;NA;NA
35;"SP";3556404;"355640";"Vargem Grande do Sul";"Não";"-";"Pedestres";1;NA;NA;NA;NA;1;NA;NA;1;NA;NA;NA;NA;NA;NA;1;1;1;NA;NA;NA;NA;NA;NA;NA
35;"SP";3556453;"355645";"Vargem Grande Paulista";"Não";"Região Metropolitana de São Paulo";"Pedestres";NA;1;NA;NA;NA;1;NA;NA;1;NA;NA;1;1;NA;NA;NA;1;NA;1;1;NA;1;1;NA;NA
35;"SP";3556503;"355650";"Várzea Paulista";"Não";"Região Metropolitana de Jundiaí";"Pedestres";NA;NA;NA;NA;NA;2;NA;1;3;NA;NA;NA;1;NA;NA;2;NA;NA;NA;NA;2;1;NA;NA;NA
35;"SP";3556602;"355660";"Vera Cruz";"Não";"-";"Pedestres";1;1;NA;NA;NA;NA;NA;NA;NA;NA;NA;NA;NA;NA;NA;NA;NA;NA;NA;NA;NA;NA;NA;NA;NA
35;"SP";3556701;"355670";"Vinhedo";"Não";"Região Metropolitana de Campinas";"Pedestres";NA;NA;NA;NA;1;NA;NA;NA;NA;NA;NA;NA;NA;NA;NA;NA;1;1;1;1;NA;NA;NA;NA;NA
35;"SP";3556800;"355680";"Viradouro";"Não";"-";"Pedestres";NA;NA;NA;NA;NA;NA;NA;NA;NA;NA;NA;NA;1;NA;NA;NA;NA;NA;1;NA;NA;NA;NA;NA;NA
35;"SP";3556909;"355690";"Vista Alegre do Alto";"Não";"-";"Pedestres";NA;NA;NA;NA;NA;NA;NA;NA;NA;NA;NA;NA;NA;NA;NA;NA;NA;NA;NA;NA;NA;NA;NA;NA;NA
35;"SP";3557006;"355700";"Votorantim";"Não";"Região Metropolitana de Sorocaba";"Pedestres";NA;NA;1;1;NA;NA;1;NA;NA;NA;1;NA;NA;NA;NA;1;NA;NA;NA;1;NA;NA;NA;NA;NA
35;"SP";3557105;"355710";"Votuporanga";"Não";"-";"Pedestres";NA;NA;NA;NA;NA;NA;NA;NA;NA;NA;NA;NA;NA;NA;NA;2;NA;NA;1;NA;NA;NA;2;NA;NA
35;"SP";3557204;"355720";"Chavantes";"Não";"-";"Pedestres";NA;NA;1;NA;NA;1;NA;NA;NA;NA;NA;NA;NA;NA;NA;1;NA;NA;NA;NA;NA;NA;NA;NA;NA
35;"SP";3557303;"355730";"Estiva Gerbi";"Não";"-";"Pedestres";NA;NA;NA;NA;NA;NA;NA;NA;NA;NA;NA;NA;NA;NA;NA;NA;NA;1;NA;NA;NA;NA;NA;NA;NA
41;"PR";4100103;"410010";"Abatiá";"Não";"-";"Pedestres";NA;NA;1;NA;1;NA;NA;NA;NA;NA;NA;NA;NA;NA;NA;NA;NA;NA;NA;NA;NA;NA;NA;NA;NA
41;"PR";4100202;"410020";"Adrianópolis";"Não";"Região Metropolitana de Curitiba";"Pedestres";NA;NA;NA;NA;NA;NA;NA;NA;NA;NA;NA;NA;NA;NA;NA;NA;NA;NA;NA;NA;NA;1;NA;NA;NA
41;"PR";4100301;"410030";"Agudos do Sul";"Não";"Região Metropolitana de Curitiba";"Pedestres";NA;NA;NA;NA;NA;NA;NA;NA;NA;NA;NA;NA;NA;NA;NA;NA;NA;NA;NA;NA;NA;NA;NA;NA;NA
41;"PR";4100400;"410040";"Almirante Tamandaré";"Não";"Região Metropolitana de Curitiba";"Pedestres";NA;NA;NA;NA;NA;2;NA;NA;1;NA;NA;1;1;NA;NA;1;NA;NA;NA;NA;1;NA;NA;2;NA
41;"PR";4100509;"410050";"Altônia";"Não";"Região Metropolitana de Umuarama";"Pedestres";1;NA;NA;NA;NA;NA;NA;NA;NA;NA;NA;NA;NA;NA;NA;NA;NA;NA;NA;NA;NA;NA;NA;1;NA
41;"PR";4100608;"410060";"Alto Paraná";"Não";"-";"Pedestres";NA;NA;NA;NA;1;NA;NA;NA;NA;NA;NA;NA;NA;NA;NA;NA;NA;NA;NA;NA;NA;NA;NA;NA;NA
41;"PR";4100707;"410070";"Alto Piquiri";"Não";"Região Metropolitana de Umuarama";"Pedestres";NA;NA;NA;NA;NA;NA;NA;NA;NA;NA;NA;NA;NA;NA;NA;NA;NA;NA;NA;NA;NA;NA;NA;NA;NA
41;"PR";4100806;"410080";"Alvorada do Sul";"Não";"Região Metropolitana de Londrina";"Pedestres";NA;NA;NA;NA;NA;NA;NA;NA;NA;NA;NA;NA;NA;NA;NA;NA;NA;NA;NA;NA;NA;1;NA;1;NA
41;"PR";4100905;"410090";"Amaporã";"Não";"-";"Pedestres";NA;NA;NA;NA;NA;NA;NA;NA;NA;NA;NA;NA;NA;NA;1;NA;NA;NA;NA;NA;NA;NA;NA;NA;NA
41;"PR";4101002;"410100";"Ampére";"Não";"-";"Pedestres";NA;NA;NA;NA;NA;NA;NA;NA;NA;NA;NA;NA;NA;NA;NA;NA;NA;NA;NA;NA;NA;NA;NA;NA;NA
41;"PR";4101051;"410105";"Anahy";"Não";"Região Metropolitana de Cascavel";"Pedestres";NA;NA;NA;NA;NA;NA;NA;NA;NA;NA;NA;NA;NA;NA;NA;1;NA;NA;NA;NA;NA;NA;NA;NA;NA
41;"PR";4101101;"410110";"Andirá";"Não";"-";"Pedestres";NA;1;NA;NA;1;NA;1;NA;NA;NA;NA;NA;NA;3;NA;NA;NA;1;NA;NA;NA;NA;1;NA;NA
41;"PR";4101150;"410115";"Ângulo";"Não";"Região Metropolitana de Maringá";"Pedestres";NA;NA;NA;NA;NA;NA;NA;NA;NA;NA;NA;NA;NA;1;NA;NA;NA;NA;NA;NA;NA;NA;NA;NA;NA
41;"PR";4101200;"410120";"Antonina";"Não";"-";"Pedestres";NA;NA;NA;NA;NA;1;NA;NA;1;NA;NA;NA;NA;NA;NA;NA;NA;NA;NA;NA;NA;NA;1;NA;NA
41;"PR";4101309;"410130";"Antônio Olinto";"Não";"-";"Pedestres";NA;NA;NA;NA;NA;NA;NA;NA;NA;NA;NA;NA;NA;NA;NA;NA;NA;NA;NA;NA;NA;NA;NA;NA;NA
41;"PR";4101408;"410140";"Apucarana";"Não";"Região Metropolitana de Apucarana";"Pedestres";7;2;3;2;3;1;3;4;5;1;2;3;2;5;2;1;2;3;1;5;5;1;2;1;NA
41;"PR";4101507;"410150";"Arapongas";"Não";"Região Metropolitana de Londrina";"Pedestres";2;2;1;1;NA;1;3;NA;NA;NA;1;1;1;1;1;NA;NA;4;1;2;1;3;NA;3;NA
41;"PR";4101606;"410160";"Arapoti";"Não";"-";"Pedestres";2;NA;1;NA;1;1;NA;NA;NA;NA;1;2;NA;NA;NA;NA;NA;NA;NA;NA;NA;NA;1;NA;NA
41;"PR";4101655;"410165";"Arapuã";"Não";"Região Metropolitana de Apucarana";"Pedestres";NA;NA;NA;NA;NA;NA;NA;NA;NA;NA;NA;NA;NA;NA;NA;NA;NA;NA;NA;NA;NA;NA;NA;NA;NA
41;"PR";4101705;"410170";"Araruna";"Não";"Região Metropolitana de Campo Mourão";"Pedestres";NA;NA;NA;NA;NA;NA;NA;NA;NA;NA;1;NA;NA;NA;NA;NA;NA;NA;NA;NA;NA;NA;NA;NA;NA
41;"PR";4101804;"410180";"Araucária";"Não";"Região Metropolitana de Curitiba";"Pedestres";NA;NA;NA;NA;NA;1;NA;NA;NA;NA;NA;NA;1;NA;1;NA;NA;1;NA;1;1;1;2;2;NA
41;"PR";4101903;"410190";"Assaí";"Não";"Região Metropolitana de Londrina";"Pedestres";NA;NA;NA;NA;NA;NA;NA;NA;NA;NA;NA;NA;NA;NA;NA;NA;NA;NA;NA;NA;NA;2;NA;NA;NA
41;"PR";4102000;"410200";"Assis Chateaubriand";"Não";"Região Metropolitana de Toledo";"Pedestres";NA;1;1;NA;1;NA;1;NA;2;NA;1;NA;1;NA;NA;1;1;NA;NA;NA;NA;1;NA;NA;NA
41;"PR";4102109;"410210";"Astorga";"Não";"Região Metropolitana de Maringá";"Pedestres";NA;NA;NA;1;NA;NA;NA;NA;NA;1;NA;NA;1;1;NA;NA;NA;NA;1;1;NA;NA;NA;NA;NA
41;"PR";4102208;"410220";"Atalaia";"Não";"Região Metropolitana de Maringá";"Pedestres";NA;NA;NA;NA;NA;NA;NA;NA;NA;NA;NA;1;NA;NA;NA;NA;NA;NA;NA;NA;NA;NA;NA;NA;NA
41;"PR";4102307;"410230";"Balsa Nova";"Não";"Região Metropolitana de Curitiba";"Pedestres";NA;NA;NA;NA;NA;NA;NA;NA;NA;NA;NA;1;NA;NA;NA;1;NA;NA;NA;NA;NA;NA;NA;NA;NA
41;"PR";4102406;"410240";"Bandeirantes";"Não";"-";"Pedestres";NA;1;1;NA;1;NA;1;NA;NA;NA;1;NA;NA;1;NA;NA;NA;1;NA;1;NA;1;NA;1;NA
41;"PR";4102505;"410250";"Barbosa Ferraz";"Não";"Região Metropolitana de Campo Mourão";"Pedestres";NA;NA;NA;NA;NA;NA;NA;NA;NA;NA;NA;NA;NA;NA;NA;NA;NA;NA;NA;NA;NA;NA;NA;1;NA
41;"PR";4102604;"410260";"Barracão";"Não";"-";"Pedestres";1;NA;NA;NA;NA;NA;NA;NA;1;NA;NA;NA;NA;NA;NA;NA;NA;NA;NA;NA;NA;NA;NA;NA;NA
41;"PR";4102703;"410270";"Barra do Jacaré";"Não";"-";"Pedestres";NA;NA;NA;NA;1;NA;NA;NA;NA;1;NA;NA;NA;NA;NA;NA;NA;NA;NA;NA;NA;NA;NA;NA;NA
41;"PR";4102752;"410275";"Bela Vista da Caroba";"Não";"-";"Pedestres";NA;NA;NA;NA;NA;NA;NA;NA;NA;NA;NA;NA;NA;NA;NA;NA;NA;NA;NA;NA;NA;NA;NA;NA;NA
41;"PR";4102802;"410280";"Bela Vista do Paraíso";"Não";"Região Metropolitana de Londrina";"Pedestres";NA;NA;NA;NA;NA;NA;NA;NA;NA;NA;1;NA;NA;NA;NA;NA;NA;NA;NA;NA;1;1;NA;NA;NA
41;"PR";4102901;"410290";"Bituruna";"Não";"-";"Pedestres";NA;NA;NA;NA;NA;NA;NA;NA;NA;NA;NA;NA;NA;NA;NA;NA;NA;NA;NA;NA;NA;NA;NA;NA;NA
41;"PR";4103008;"410300";"Boa Esperança";"Não";"Região Metropolitana de Campo Mourão";"Pedestres";NA;NA;NA;NA;NA;NA;NA;NA;NA;NA;NA;NA;NA;NA;NA;NA;NA;NA;NA;NA;NA;1;NA;NA;NA
41;"PR";4103024;"410302";"Boa Esperança do Iguaçu";"Não";"-";"Pedestres";NA;NA;NA;NA;NA;NA;NA;NA;NA;NA;NA;NA;NA;NA;NA;NA;NA;NA;NA;NA;NA;NA;NA;NA;NA
41;"PR";4103040;"410304";"Boa Ventura de São Roque";"Não";"-";"Pedestres";NA;NA;1;NA;NA;NA;NA;NA;NA;NA;NA;NA;NA;NA;NA;NA;NA;NA;NA;NA;NA;NA;NA;1;NA
41;"PR";4103057;"410305";"Boa Vista da Aparecida";"Não";"Região Metropolitana de Cascavel";"Pedestres";NA;NA;NA;NA;NA;NA;NA;NA;NA;NA;NA;NA;NA;NA;NA;NA;NA;NA;NA;NA;NA;NA;NA;NA;NA
41;"PR";4103107;"410310";"Bocaiúva do Sul";"Não";"Região Metropolitana de Curitiba";"Pedestres";NA;NA;NA;NA;NA;NA;NA;NA;NA;NA;NA;NA;NA;NA;NA;NA;NA;NA;NA;NA;NA;1;NA;NA;NA
41;"PR";4103206;"410320";"Bom Sucesso";"Não";"Região Metropolitana de Maringá";"Pedestres";NA;NA;NA;NA;NA;NA;NA;NA;NA;NA;NA;NA;NA;NA;NA;NA;NA;NA;NA;1;NA;NA;1;NA;NA
41;"PR";4103222;"410322";"Bom Sucesso do Sul";"Não";"-";"Pedestres";NA;NA;NA;NA;NA;NA;NA;NA;NA;NA;NA;NA;NA;NA;NA;NA;NA;NA;NA;NA;NA;NA;NA;NA;NA
41;"PR";4103305;"410330";"Borrazópolis";"Não";"Região Metropolitana de Apucarana";"Pedestres";NA;NA;NA;NA;NA;NA;NA;NA;NA;NA;NA;NA;NA;NA;NA;NA;NA;NA;NA;NA;NA;NA;NA;NA;NA
41;"PR";4103354;"410335";"Braganey";"Não";"Região Metropolitana de Cascavel";"Pedestres";NA;NA;NA;NA;NA;NA;NA;NA;NA;NA;NA;NA;NA;NA;NA;NA;NA;NA;NA;NA;NA;NA;NA;NA;NA
41;"PR";4103370;"410337";"Brasilândia do Sul";"Não";"Região Metropolitana de Umuarama";"Pedestres";NA;NA;NA;NA;NA;NA;NA;NA;NA;NA;NA;NA;NA;NA;NA;NA;NA;NA;NA;NA;NA;NA;NA;1;NA
41;"PR";4103404;"410340";"Cafeara";"Não";"-";"Pedestres";NA;NA;NA;NA;NA;NA;NA;NA;NA;NA;NA;1;NA;NA;NA;NA;NA;NA;NA;NA;NA;NA;NA;NA;NA
41;"PR";4103453;"410345";"Cafelândia";"Não";"Região Metropolitana de Cascavel";"Pedestres";NA;NA;NA;NA;NA;NA;NA;NA;NA;NA;NA;NA;NA;NA;NA;NA;NA;2;NA;NA;NA;NA;NA;1;NA
41;"PR";4103479;"410347";"Cafezal do Sul";"Não";"Região Metropolitana de Umuarama";"Pedestres";NA;NA;NA;NA;NA;NA;NA;NA;NA;NA;1;NA;NA;NA;NA;NA;NA;NA;NA;NA;NA;NA;NA;NA;NA
41;"PR";4103503;"410350";"Califórnia";"Não";"Região Metropolitana de Apucarana";"Pedestres";NA;NA;NA;NA;1;NA;NA;NA;NA;NA;NA;NA;NA;2;NA;NA;NA;NA;NA;NA;NA;NA;NA;NA;NA
41;"PR";4103602;"410360";"Cambará";"Não";"-";"Pedestres";NA;NA;NA;NA;NA;NA;NA;NA;NA;NA;NA;NA;NA;NA;NA;NA;NA;1;NA;NA;1;1;NA;NA;NA
41;"PR";4103701;"410370";"Cambé";"Não";"Região Metropolitana de Londrina";"Pedestres";NA;NA;1;2;5;NA;1;NA;1;1;NA;3;NA;2;1;NA;1;1;NA;2;1;2;NA;3;NA
41;"PR";4103800;"410380";"Cambira";"Não";"Região Metropolitana de Maringá";"Pedestres";NA;NA;NA;NA;NA;NA;NA;NA;NA;NA;NA;NA;NA;NA;NA;NA;NA;NA;1;NA;1;NA;NA;1;NA
41;"PR";4103909;"410390";"Campina da Lagoa";"Não";"Região Metropolitana de Campo Mourão";"Pedestres";NA;NA;NA;NA;NA;NA;1;NA;NA;1;NA;NA;1;NA;NA;NA;NA;NA;1;NA;NA;NA;NA;NA;NA
41;"PR";4103958;"410395";"Campina do Simão";"Não";"-";"Pedestres";NA;NA;NA;NA;NA;NA;NA;NA;NA;NA;NA;NA;NA;NA;NA;NA;NA;NA;NA;NA;NA;NA;NA;NA;NA
41;"PR";4104006;"410400";"Campina Grande do Sul";"Não";"Região Metropolitana de Curitiba";"Pedestres";1;2;2;1;1;2;NA;1;1;NA;1;NA;NA;1;1;NA;NA;3;NA;1;NA;2;2;2;NA
41;"PR";4104055;"410405";"Campo Bonito";"Não";"Região Metropolitana de Cascavel";"Pedestres";NA;NA;NA;NA;NA;NA;NA;NA;NA;NA;NA;NA;NA;NA;NA;NA;NA;NA;NA;NA;NA;NA;NA;NA;NA
41;"PR";4104105;"410410";"Campo do Tenente";"Não";"Região Metropolitana de Curitiba";"Pedestres";NA;NA;1;NA;NA;NA;NA;NA;NA;NA;NA;NA;NA;NA;NA;NA;1;NA;1;NA;NA;NA;NA;NA;NA
41;"PR";4104204;"410420";"Campo Largo";"Não";"Região Metropolitana de Curitiba";"Pedestres";NA;NA;NA;NA;NA;2;NA;NA;1;1;1;NA;1;NA;NA;NA;1;1;1;1;1;1;2;4;NA
41;"PR";4104253;"410425";"Campo Magro";"Não";"Região Metropolitana de Curitiba";"Pedestres";NA;NA;NA;NA;NA;NA;NA;1;NA;NA;NA;NA;NA;NA;NA;NA;NA;NA;NA;NA;NA;1;NA;NA;NA
41;"PR";4104303;"410430";"Campo Mourão";"Não";"Região Metropolitana de Campo Mourão";"Pedestres";NA;NA;NA;2;3;NA;2;1;NA;1;5;3;4;8;1;8;4;8;NA;4;1;2;1;3;NA
41;"PR";4104402;"410440";"Cândido de Abreu";"Não";"-";"Pedestres";NA;NA;NA;NA;NA;NA;NA;NA;NA;NA;1;1;NA;NA;NA;NA;NA;NA;NA;NA;NA;NA;NA;NA;NA
41;"PR";4104428;"410442";"Candói";"Não";"-";"Pedestres";1;1;1;NA;2;NA;1;NA;NA;NA;1;NA;NA;NA;NA;NA;NA;NA;2;NA;NA;NA;NA;2;NA
41;"PR";4104451;"410445";"Cantagalo";"Não";"-";"Pedestres";NA;1;1;NA;1;NA;NA;1;NA;NA;1;NA;NA;NA;NA;NA;1;NA;NA;1;NA;1;NA;NA;NA
41;"PR";4104501;"410450";"Capanema";"Não";"-";"Pedestres";NA;NA;1;NA;NA;NA;NA;NA;NA;NA;NA;NA;NA;NA;NA;NA;NA;NA;NA;NA;NA;NA;NA;NA;NA
41;"PR";4104600;"410460";"Capitão Leônidas Marques";"Não";"Região Metropolitana de Cascavel";"Pedestres";NA;NA;NA;NA;NA;NA;NA;NA;NA;NA;NA;NA;NA;NA;NA;NA;NA;NA;NA;NA;NA;NA;NA;NA;NA
41;"PR";4104659;"410465";"Carambeí";"Não";"-";"Pedestres";NA;NA;1;NA;NA;NA;NA;1;NA;1;NA;NA;1;NA;NA;NA;NA;NA;NA;NA;1;NA;NA;1;NA
41;"PR";4104709;"410470";"Carlópolis";"Não";"-";"Pedestres";NA;NA;NA;NA;NA;NA;NA;NA;NA;NA;NA;NA;NA;NA;NA;NA;NA;NA;1;NA;NA;1;NA;NA;NA
41;"PR";4104808;"410480";"Cascavel";"Não";"Região Metropolitana de Cascavel";"Pedestres";4;6;5;4;6;4;3;4;3;4;1;3;7;4;5;2;1;1;3;3;5;5;10;4;NA
41;"PR";4104907;"410490";"Castro";"Não";"-";"Pedestres";1;NA;2;NA;NA;NA;2;1;1;NA;NA;1;1;NA;2;NA;NA;2;1;NA;NA;1;NA;NA;NA
41;"PR";4105003;"410500";"Catanduvas";"Não";"Região Metropolitana de Cascavel";"Pedestres";1;NA;NA;NA;NA;NA;NA;NA;NA;NA;NA;NA;NA;NA;NA;NA;NA;NA;NA;NA;NA;NA;1;NA;NA
41;"PR";4105102;"410510";"Centenário do Sul";"Não";"Região Metropolitana de Londrina";"Pedestres";NA;NA;NA;1;NA;NA;1;NA;NA;NA;NA;NA;NA;NA;NA;NA;NA;NA;NA;NA;NA;NA;NA;NA;NA
41;"PR";4105201;"410520";"Cerro Azul";"Não";"Região Metropolitana de Curitiba";"Pedestres";NA;NA;NA;NA;NA;NA;NA;NA;NA;NA;NA;NA;NA;NA;NA;NA;NA;NA;NA;NA;NA;NA;NA;NA;NA
41;"PR";4105300;"410530";"Céu Azul";"Não";"Região Metropolitana de Cascavel";"Pedestres";NA;NA;1;NA;NA;NA;NA;NA;NA;NA;NA;NA;NA;1;NA;NA;NA;NA;NA;NA;1;NA;1;NA;NA
41;"PR";4105409;"410540";"Chopinzinho";"Não";"-";"Pedestres";NA;NA;2;NA;NA;NA;NA;NA;NA;NA;NA;NA;2;NA;NA;NA;NA;NA;NA;NA;NA;1;1;NA;NA
41;"PR";4105508;"410550";"Cianorte";"Não";"-";"Pedestres";1;2;NA;NA;NA;NA;NA;NA;2;2;NA;2;NA;NA;1;NA;1;1;NA;2;3;3;1;1;NA
41;"PR";4105607;"410560";"Cidade Gaúcha";"Não";"Região Metropolitana de Umuarama";"Pedestres";NA;NA;NA;NA;NA;1;NA;NA;NA;NA;NA;NA;NA;NA;NA;NA;NA;NA;NA;NA;NA;NA;NA;1;NA
41;"PR";4105706;"410570";"Clevelândia";"Não";"-";"Pedestres";NA;NA;1;NA;NA;NA;NA;1;2;NA;NA;NA;1;NA;NA;NA;NA;NA;NA;3;NA;NA;NA;NA;NA
41;"PR";4105805;"410580";"Colombo";"Não";"Região Metropolitana de Curitiba";"Pedestres";NA;3;4;NA;1;2;NA;2;NA;NA;NA;NA;NA;1;NA;1;NA;NA;1;1;NA;2;3;2;NA
41;"PR";4105904;"410590";"Colorado";"Não";"-";"Pedestres";NA;1;1;NA;NA;NA;NA;NA;NA;1;NA;1;NA;NA;1;NA;NA;NA;1;NA;NA;NA;NA;NA;NA
41;"PR";4106001;"410600";"Congonhinhas";"Não";"-";"Pedestres";NA;NA;NA;1;NA;NA;NA;NA;NA;NA;NA;NA;NA;NA;NA;NA;NA;NA;NA;NA;NA;NA;NA;NA;NA
41;"PR";4106209;"410620";"Contenda";"Não";"Região Metropolitana de Curitiba";"Pedestres";NA;NA;NA;NA;NA;NA;NA;NA;NA;NA;NA;NA;NA;NA;NA;NA;NA;NA;NA;NA;NA;1;1;NA;NA
41;"PR";4106308;"410630";"Corbélia";"Não";"Região Metropolitana de Cascavel";"Pedestres";NA;NA;NA;NA;NA;NA;NA;NA;NA;NA;NA;NA;NA;NA;NA;NA;NA;NA;NA;NA;NA;NA;NA;NA;NA
41;"PR";4106407;"410640";"Cornélio Procópio";"Não";"-";"Pedestres";2;NA;2;2;2;2;1;NA;2;1;2;NA;2;NA;NA;NA;1;1;NA;NA;NA;2;NA;NA;NA
41;"PR";4106456;"410645";"Coronel Domingos Soares";"Não";"-";"Pedestres";NA;NA;NA;NA;NA;NA;NA;NA;NA;NA;NA;NA;NA;NA;NA;NA;NA;NA;NA;NA;NA;NA;NA;NA;NA
41;"PR";4106506;"410650";"Coronel Vivida";"Não";"-";"Pedestres";NA;NA;NA;NA;NA;NA;NA;NA;1;NA;NA;NA;NA;NA;NA;1;NA;NA;NA;NA;1;NA;NA;NA;NA
41;"PR";4106571;"410657";"Cruzeiro do Iguaçu";"Não";"-";"Pedestres";NA;NA;NA;NA;NA;NA;NA;NA;NA;NA;NA;NA;NA;NA;NA;NA;NA;NA;NA;NA;NA;NA;NA;NA;NA
41;"PR";4106605;"410660";"Cruzeiro do Oeste";"Não";"Região Metropolitana de Umuarama";"Pedestres";NA;NA;NA;NA;NA;NA;NA;NA;1;NA;1;NA;NA;1;NA;NA;1;NA;NA;NA;NA;2;1;NA;NA
41;"PR";4106704;"410670";"Cruzeiro do Sul";"Não";"-";"Pedestres";NA;NA;NA;NA;NA;NA;NA;NA;NA;NA;NA;NA;NA;NA;NA;NA;NA;NA;NA;NA;NA;NA;NA;NA;NA
41;"PR";4106803;"410680";"Cruz Machado";"Não";"-";"Pedestres";NA;NA;NA;NA;NA;NA;NA;NA;NA;NA;NA;NA;NA;NA;NA;NA;NA;NA;NA;NA;NA;NA;NA;NA;NA
41;"PR";4106852;"410685";"Cruzmaltina";"Não";"Região Metropolitana de Apucarana";"Pedestres";NA;NA;NA;NA;NA;NA;NA;NA;NA;NA;NA;NA;NA;NA;NA;NA;NA;NA;NA;NA;NA;NA;NA;NA;NA
41;"PR";4106902;"410690";"Curitiba";"Sim";"Região Metropolitana de Curitiba";"Pedestres";11;6;3;8;8;13;13;17;12;8;10;8;12;11;9;9;8;21;8;16;19;29;15;30;NA
41;"PR";4107009;"410700";"Curiúva";"Não";"-";"Pedestres";NA;NA;NA;NA;1;NA;NA;NA;NA;NA;NA;1;NA;NA;NA;NA;1;NA;NA;NA;NA;NA;NA;NA;NA
41;"PR";4107108;"410710";"Diamante do Norte";"Não";"-";"Pedestres";NA;NA;NA;NA;NA;NA;NA;NA;NA;NA;NA;NA;NA;NA;NA;NA;NA;NA;NA;NA;NA;NA;NA;NA;NA
41;"PR";4107124;"410712";"Diamante do Sul";"Não";"Região Metropolitana de Cascavel";"Pedestres";NA;NA;NA;NA;NA;NA;NA;NA;NA;NA;NA;NA;NA;NA;NA;NA;NA;NA;NA;NA;NA;NA;NA;NA;NA
41;"PR";4107157;"410715";"Diamante D'Oeste";"Não";"Região Metropolitana de Toledo";"Pedestres";NA;NA;NA;NA;NA;NA;NA;NA;NA;NA;NA;NA;NA;NA;NA;NA;NA;NA;NA;1;NA;NA;NA;NA;NA
41;"PR";4107207;"410720";"Dois Vizinhos";"Não";"-";"Pedestres";NA;NA;NA;NA;NA;NA;NA;NA;NA;1;NA;NA;NA;NA;NA;NA;NA;NA;1;NA;NA;NA;NA;1;NA
41;"PR";4107256;"410725";"Douradina";"Não";"Região Metropolitana de Umuarama";"Pedestres";NA;NA;NA;NA;NA;NA;NA;NA;NA;NA;NA;NA;NA;NA;NA;1;NA;NA;NA;NA;NA;NA;NA;NA;NA
41;"PR";4107306;"410730";"Doutor Camargo";"Não";"Região Metropolitana de Maringá";"Pedestres";NA;NA;NA;NA;NA;NA;NA;NA;NA;NA;NA;NA;NA;NA;NA;NA;NA;NA;NA;NA;NA;1;NA;NA;NA
41;"PR";4107405;"410740";"Enéas Marques";"Não";"-";"Pedestres";NA;1;NA;NA;NA;NA;NA;NA;NA;NA;NA;NA;NA;1;NA;NA;NA;NA;NA;NA;NA;1;NA;NA;NA
41;"PR";4107504;"410750";"Engenheiro Beltrão";"Não";"Região Metropolitana de Campo Mourão";"Pedestres";NA;NA;1;NA;NA;NA;NA;NA;1;NA;NA;NA;NA;1;NA;NA;NA;1;NA;NA;2;NA;NA;NA;NA
41;"PR";4107520;"410752";"Esperança Nova";"Não";"Região Metropolitana de Umuarama";"Pedestres";NA;NA;NA;NA;NA;NA;NA;NA;NA;NA;NA;NA;NA;NA;NA;NA;NA;NA;NA;NA;NA;NA;NA;NA;NA
41;"PR";4107538;"410753";"Entre Rios do Oeste";"Não";"Região Metropolitana de Toledo";"Pedestres";NA;NA;NA;NA;NA;NA;NA;NA;NA;NA;NA;NA;NA;NA;NA;NA;NA;NA;NA;NA;NA;NA;NA;NA;NA
41;"PR";4107546;"410754";"Espigão Alto do Iguaçu";"Não";"-";"Pedestres";NA;NA;NA;NA;NA;NA;NA;NA;NA;NA;NA;NA;NA;NA;NA;NA;NA;NA;NA;NA;NA;NA;NA;NA;NA
41;"PR";4107553;"410755";"Farol";"Não";"Região Metropolitana de Campo Mourão";"Pedestres";NA;NA;NA;NA;NA;NA;NA;NA;NA;NA;NA;NA;NA;NA;NA;NA;NA;NA;NA;NA;NA;NA;1;2;NA
41;"PR";4107603;"410760";"Faxinal";"Não";"Região Metropolitana de Apucarana";"Pedestres";NA;NA;NA;NA;NA;NA;NA;NA;NA;NA;NA;NA;NA;NA;1;1;NA;NA;NA;2;1;1;NA;NA;NA
41;"PR";4107652;"410765";"Fazenda Rio Grande";"Não";"Região Metropolitana de Curitiba";"Pedestres";NA;1;NA;NA;NA;2;NA;1;NA;2;1;NA;1;NA;3;NA;1;NA;NA;NA;NA;NA;2;2;NA
41;"PR";4107702;"410770";"Fênix";"Não";"Região Metropolitana de Campo Mourão";"Pedestres";NA;NA;NA;NA;NA;NA;NA;NA;NA;NA;NA;NA;NA;NA;NA;NA;NA;NA;NA;NA;NA;NA;NA;NA;NA
41;"PR";4107736;"410773";"Fernandes Pinheiro";"Não";"-";"Pedestres";NA;NA;NA;NA;NA;NA;NA;NA;NA;NA;NA;NA;NA;NA;NA;NA;NA;NA;NA;NA;NA;NA;NA;NA;NA
41;"PR";4107751;"410775";"Figueira";"Não";"-";"Pedestres";NA;NA;NA;NA;1;1;NA;NA;NA;NA;NA;NA;1;NA;NA;NA;NA;NA;NA;NA;NA;NA;NA;NA;NA
41;"PR";4107801;"410780";"Floraí";"Não";"Região Metropolitana de Maringá";"Pedestres";NA;NA;NA;NA;NA;NA;NA;NA;NA;NA;NA;NA;NA;NA;NA;1;NA;NA;NA;NA;NA;NA;NA;NA;NA
41;"PR";4107850;"410785";"Flor da Serra do Sul";"Não";"-";"Pedestres";NA;NA;NA;NA;NA;NA;NA;NA;NA;NA;NA;NA;NA;NA;NA;1;NA;NA;NA;NA;NA;NA;NA;NA;NA
41;"PR";4107900;"410790";"Floresta";"Não";"Região Metropolitana de Maringá";"Pedestres";NA;NA;NA;NA;NA;NA;NA;NA;NA;NA;NA;NA;NA;NA;NA;NA;NA;NA;NA;NA;NA;NA;NA;NA;NA
41;"PR";4108007;"410800";"Florestópolis";"Não";"Região Metropolitana de Londrina";"Pedestres";NA;NA;NA;NA;NA;NA;NA;NA;NA;NA;NA;NA;NA;NA;NA;NA;NA;NA;NA;NA;1;NA;NA;NA;NA
41;"PR";4108106;"410810";"Flórida";"Não";"Região Metropolitana de Maringá";"Pedestres";NA;NA;NA;NA;NA;NA;NA;NA;NA;1;NA;NA;NA;NA;NA;NA;NA;NA;NA;NA;NA;NA;NA;NA;NA
41;"PR";4108205;"410820";"Formosa do Oeste";"Não";"Região Metropolitana de Cascavel";"Pedestres";NA;NA;NA;NA;1;NA;NA;1;NA;NA;NA;NA;NA;NA;NA;NA;NA;NA;NA;NA;NA;NA;NA;NA;NA
41;"PR";4108304;"410830";"Foz do Iguaçu";"Não";"-";"Pedestres";4;2;4;5;6;15;4;6;8;5;4;3;6;5;4;4;3;1;4;NA;4;4;2;2;NA
41;"PR";4108320;"410832";"Francisco Alves";"Não";"Região Metropolitana de Umuarama";"Pedestres";NA;NA;NA;NA;1;NA;NA;NA;NA;NA;NA;NA;NA;NA;NA;NA;1;NA;NA;NA;NA;NA;NA;NA;NA
41;"PR";4108403;"410840";"Francisco Beltrão";"Não";"-";"Pedestres";1;2;NA;2;2;1;2;3;3;2;1;NA;1;2;1;NA;NA;NA;1;1;NA;NA;1;1;NA
41;"PR";4108452;"410845";"Foz do Jordão";"Não";"-";"Pedestres";NA;NA;NA;NA;NA;NA;NA;NA;NA;NA;NA;NA;NA;NA;NA;NA;NA;1;NA;NA;NA;NA;1;NA;NA
41;"PR";4108502;"410850";"General Carneiro";"Não";"-";"Pedestres";NA;NA;NA;NA;NA;1;NA;NA;NA;NA;NA;NA;NA;NA;1;NA;NA;NA;NA;NA;NA;1;NA;NA;NA
41;"PR";4108601;"410860";"Goioerê";"Não";"Região Metropolitana de Campo Mourão";"Pedestres";NA;NA;1;NA;NA;NA;NA;1;NA;NA;NA;NA;NA;NA;1;NA;1;NA;NA;NA;NA;NA;NA;NA;NA
41;"PR";4108650;"410865";"Goioxim";"Não";"-";"Pedestres";NA;NA;NA;NA;NA;NA;NA;NA;NA;NA;NA;NA;NA;NA;NA;1;NA;NA;NA;NA;1;NA;NA;NA;NA
41;"PR";4108700;"410870";"Grandes Rios";"Não";"Região Metropolitana de Apucarana";"Pedestres";NA;1;NA;NA;NA;NA;NA;NA;NA;1;NA;NA;NA;NA;NA;1;NA;NA;NA;NA;NA;NA;NA;NA;NA
41;"PR";4108809;"410880";"Guaíra";"Não";"Região Metropolitana de Toledo";"Pedestres";NA;NA;NA;NA;NA;NA;NA;NA;NA;NA;NA;1;NA;1;NA;1;2;2;NA;NA;NA;NA;NA;NA;NA
41;"PR";4108908;"410890";"Guairaçá";"Não";"-";"Pedestres";NA;NA;NA;NA;NA;NA;NA;NA;NA;NA;NA;NA;NA;1;NA;NA;NA;NA;NA;NA;NA;NA;NA;NA;NA
41;"PR";4108957;"410895";"Guamiranga";"Não";"-";"Pedestres";NA;NA;NA;NA;1;NA;NA;NA;NA;NA;NA;NA;NA;NA;NA;NA;1;NA;NA;NA;NA;NA;NA;NA;NA
41;"PR";4109005;"410900";"Guapirama";"Não";"-";"Pedestres";NA;NA;NA;NA;NA;NA;NA;NA;NA;NA;NA;NA;NA;NA;NA;NA;NA;NA;NA;NA;NA;NA;NA;NA;NA
41;"PR";4109104;"410910";"Guaporema";"Não";"-";"Pedestres";NA;NA;NA;NA;NA;NA;NA;NA;NA;NA;NA;NA;NA;NA;NA;NA;NA;NA;NA;NA;NA;NA;NA;NA;NA
41;"PR";4109203;"410920";"Guaraci";"Não";"Região Metropolitana de Londrina";"Pedestres";NA;NA;NA;NA;NA;NA;NA;NA;NA;NA;NA;NA;NA;NA;NA;NA;NA;NA;NA;NA;NA;NA;NA;NA;NA
41;"PR";4109302;"410930";"Guaraniaçu";"Não";"Região Metropolitana de Cascavel";"Pedestres";1;NA;NA;NA;NA;NA;NA;NA;NA;NA;NA;NA;NA;NA;1;NA;NA;NA;NA;NA;NA;NA;NA;NA;NA
41;"PR";4109401;"410940";"Guarapuava";"Não";"-";"Pedestres";2;1;2;7;2;5;1;2;5;3;3;6;2;4;4;1;2;2;2;2;3;4;2;4;NA
41;"PR";4109500;"410950";"Guaraqueçaba";"Não";"-";"Pedestres";NA;NA;NA;NA;NA;NA;NA;NA;NA;NA;NA;NA;NA;NA;NA;NA;NA;NA;NA;NA;NA;NA;NA;NA;NA
41;"PR";4109609;"410960";"Guaratuba";"Não";"-";"Pedestres";NA;1;3;NA;3;NA;NA;NA;NA;NA;NA;NA;NA;NA;1;NA;NA;NA;NA;NA;NA;NA;1;1;NA
41;"PR";4109658;"410965";"Honório Serpa";"Não";"-";"Pedestres";NA;NA;NA;NA;NA;NA;NA;NA;NA;NA;NA;NA;NA;NA;NA;NA;NA;NA;NA;NA;NA;NA;NA;NA;NA
41;"PR";4109708;"410970";"Ibaiti";"Não";"-";"Pedestres";1;NA;NA;NA;NA;NA;2;NA;NA;NA;NA;1;1;NA;2;NA;NA;NA;NA;1;NA;NA;NA;1;NA
41;"PR";4109757;"410975";"Ibema";"Não";"Região Metropolitana de Cascavel";"Pedestres";NA;NA;NA;NA;NA;NA;NA;NA;NA;NA;NA;NA;NA;NA;NA;NA;NA;NA;NA;NA;NA;NA;NA;1;NA
41;"PR";4109807;"410980";"Ibiporã";"Não";"Região Metropolitana de Londrina";"Pedestres";NA;NA;NA;NA;NA;2;NA;NA;1;1;NA;NA;NA;NA;NA;NA;NA;NA;NA;NA;NA;NA;NA;2;NA
41;"PR";4109906;"410990";"Icaraíma";"Não";"Região Metropolitana de Umuarama";"Pedestres";NA;NA;NA;NA;NA;NA;NA;NA;1;NA;NA;NA;1;NA;NA;NA;NA;NA;NA;NA;NA;NA;NA;NA;NA
41;"PR";4110003;"411000";"Iguaraçu";"Não";"Região Metropolitana de Maringá";"Pedestres";NA;NA;NA;NA;NA;NA;NA;NA;NA;NA;NA;NA;NA;NA;NA;NA;NA;NA;NA;NA;NA;NA;1;NA;NA
41;"PR";4110078;"411007";"Imbaú";"Não";"-";"Pedestres";1;NA;NA;NA;NA;NA;NA;NA;NA;NA;1;NA;NA;2;NA;NA;1;NA;NA;NA;NA;NA;NA;NA;NA
41;"PR";4110102;"411010";"Imbituva";"Não";"-";"Pedestres";NA;NA;NA;NA;NA;NA;NA;NA;NA;NA;NA;1;NA;NA;NA;NA;1;NA;NA;NA;NA;NA;NA;NA;NA
41;"PR";4110201;"411020";"Inácio Martins";"Não";"-";"Pedestres";NA;NA;NA;NA;NA;NA;NA;NA;NA;NA;NA;NA;1;NA;NA;NA;NA;NA;NA;NA;NA;NA;NA;NA;NA
41;"PR";4110409;"411040";"Indianópolis";"Não";"-";"Pedestres";1;1;NA;NA;NA;NA;NA;NA;NA;NA;NA;1;1;NA;NA;NA;NA;NA;NA;NA;NA;NA;NA;NA;NA
41;"PR";4110508;"411050";"Ipiranga";"Não";"-";"Pedestres";NA;NA;NA;NA;NA;NA;NA;NA;1;NA;NA;NA;NA;NA;NA;NA;NA;NA;NA;NA;NA;NA;NA;NA;NA
41;"PR";4110607;"411060";"Iporã";"Não";"Região Metropolitana de Umuarama";"Pedestres";NA;NA;NA;NA;NA;NA;NA;NA;NA;NA;NA;NA;NA;NA;NA;1;NA;1;NA;NA;NA;NA;1;NA;NA
41;"PR";4110706;"411070";"Irati";"Não";"-";"Pedestres";NA;NA;NA;NA;NA;NA;NA;NA;NA;NA;NA;NA;NA;NA;NA;NA;NA;NA;NA;NA;NA;NA;1;NA;NA
41;"PR";4110805;"411080";"Iretama";"Não";"Região Metropolitana de Campo Mourão";"Pedestres";NA;NA;NA;NA;1;NA;NA;NA;NA;NA;NA;NA;NA;NA;NA;1;1;1;NA;NA;NA;NA;NA;NA;NA
41;"PR";4110904;"411090";"Itaguajé";"Não";"-";"Pedestres";NA;NA;NA;NA;NA;NA;NA;NA;NA;NA;NA;NA;NA;NA;NA;NA;NA;NA;NA;NA;NA;NA;NA;NA;NA
41;"PR";4110953;"411095";"Itaipulândia";"Não";"-";"Pedestres";NA;NA;NA;NA;1;1;NA;NA;NA;NA;NA;NA;NA;NA;NA;NA;NA;NA;NA;NA;NA;NA;NA;NA;NA
41;"PR";4111001;"411100";"Itambaracá";"Não";"-";"Pedestres";NA;NA;NA;NA;NA;NA;NA;NA;NA;NA;NA;NA;NA;NA;NA;NA;NA;NA;NA;NA;NA;NA;NA;NA;NA
41;"PR";4111100;"411110";"Itambé";"Não";"Região Metropolitana de Maringá";"Pedestres";NA;NA;NA;NA;NA;NA;NA;NA;NA;NA;NA;NA;NA;NA;NA;NA;NA;NA;NA;NA;NA;NA;NA;NA;NA
41;"PR";4111209;"411120";"Itapejara d'Oeste";"Não";"-";"Pedestres";NA;NA;NA;NA;NA;NA;NA;NA;NA;NA;1;NA;NA;NA;NA;NA;NA;NA;NA;1;NA;NA;NA;NA;NA
41;"PR";4111258;"411125";"Itaperuçu";"Não";"Região Metropolitana de Curitiba";"Pedestres";NA;NA;NA;NA;NA;NA;NA;NA;NA;NA;NA;NA;1;NA;NA;NA;NA;NA;NA;NA;NA;NA;1;NA;NA
41;"PR";4111308;"411130";"Itaúna do Sul";"Não";"-";"Pedestres";NA;NA;NA;NA;NA;NA;NA;NA;NA;1;NA;1;NA;NA;NA;NA;NA;NA;NA;NA;NA;NA;NA;NA;NA
41;"PR";4111407;"411140";"Ivaí";"Não";"-";"Pedestres";NA;NA;NA;NA;NA;NA;NA;NA;NA;NA;NA;NA;NA;NA;NA;NA;NA;NA;NA;NA;NA;NA;NA;NA;NA
41;"PR";4111506;"411150";"Ivaiporã";"Não";"Região Metropolitana de Apucarana";"Pedestres";NA;1;NA;NA;NA;NA;NA;NA;NA;1;1;1;2;1;NA;1;1;2;NA;NA;NA;NA;NA;NA;NA
41;"PR";4111555;"411155";"Ivaté";"Não";"Região Metropolitana de Umuarama";"Pedestres";NA;NA;NA;2;NA;NA;NA;NA;NA;NA;NA;NA;NA;NA;NA;NA;NA;NA;NA;NA;NA;NA;NA;1;NA
41;"PR";4111605;"411160";"Ivatuba";"Não";"Região Metropolitana de Maringá";"Pedestres";NA;NA;NA;NA;NA;NA;NA;NA;NA;NA;NA;NA;NA;NA;NA;NA;NA;NA;NA;NA;NA;NA;NA;NA;NA
41;"PR";4111704;"411170";"Jaboti";"Não";"-";"Pedestres";NA;NA;NA;NA;NA;NA;NA;NA;NA;NA;NA;NA;NA;NA;NA;NA;NA;NA;NA;NA;NA;NA;NA;NA;NA
41;"PR";4111803;"411180";"Jacarezinho";"Não";"-";"Pedestres";1;NA;NA;1;2;NA;1;NA;1;NA;2;NA;NA;NA;1;2;2;3;NA;1;1;1;NA;1;NA
41;"PR";4111902;"411190";"Jaguapitã";"Não";"Região Metropolitana de Londrina";"Pedestres";NA;NA;NA;NA;NA;NA;NA;NA;NA;1;NA;NA;NA;NA;NA;NA;NA;NA;NA;NA;NA;NA;NA;1;NA
41;"PR";4112009;"411200";"Jaguariaíva";"Não";"-";"Pedestres";NA;NA;NA;NA;NA;NA;NA;NA;NA;NA;NA;NA;3;NA;NA;NA;NA;NA;NA;NA;NA;NA;1;NA;NA
41;"PR";4112108;"411210";"Jandaia do Sul";"Não";"Região Metropolitana de Maringá";"Pedestres";NA;NA;NA;NA;NA;NA;NA;NA;NA;NA;1;NA;NA;1;NA;1;NA;NA;NA;NA;NA;NA;NA;NA;NA
41;"PR";4112207;"411220";"Janiópolis";"Não";"Região Metropolitana de Campo Mourão";"Pedestres";NA;NA;NA;NA;NA;NA;NA;NA;NA;NA;NA;NA;1;NA;NA;NA;NA;NA;NA;NA;NA;NA;NA;NA;NA
41;"PR";4112306;"411230";"Japira";"Não";"-";"Pedestres";NA;NA;NA;NA;NA;NA;NA;NA;NA;NA;NA;NA;NA;NA;NA;NA;NA;NA;NA;NA;NA;NA;NA;NA;NA
41;"PR";4112405;"411240";"Japurá";"Não";"-";"Pedestres";NA;NA;NA;NA;NA;NA;NA;NA;NA;NA;NA;NA;NA;NA;NA;NA;NA;NA;NA;NA;NA;NA;NA;NA;NA
41;"PR";4112504;"411250";"Jardim Alegre";"Não";"Região Metropolitana de Apucarana";"Pedestres";NA;NA;NA;NA;NA;NA;NA;NA;NA;NA;NA;NA;NA;NA;NA;NA;NA;NA;NA;NA;NA;NA;NA;NA;NA
41;"PR";4112702;"411270";"Jataizinho";"Não";"Região Metropolitana de Londrina";"Pedestres";NA;NA;1;NA;NA;1;NA;NA;NA;1;1;NA;NA;NA;NA;NA;1;NA;NA;NA;1;NA;NA;NA;NA
41;"PR";4112751;"411275";"Jesuítas";"Não";"Região Metropolitana de Cascavel";"Pedestres";NA;NA;NA;NA;NA;NA;NA;NA;1;1;NA;NA;NA;NA;NA;NA;NA;NA;NA;NA;NA;NA;NA;NA;NA
41;"PR";4112801;"411280";"Joaquim Távora";"Não";"-";"Pedestres";NA;NA;NA;NA;NA;NA;NA;NA;NA;NA;NA;NA;NA;NA;NA;NA;NA;NA;NA;NA;NA;NA;NA;1;NA
41;"PR";4112900;"411290";"Jundiaí do Sul";"Não";"-";"Pedestres";NA;NA;NA;NA;NA;NA;NA;NA;NA;NA;NA;NA;NA;NA;NA;NA;NA;NA;NA;NA;NA;NA;NA;NA;NA
41;"PR";4112959;"411295";"Juranda";"Não";"Região Metropolitana de Campo Mourão";"Pedestres";NA;NA;NA;NA;NA;NA;NA;NA;NA;NA;NA;NA;1;NA;NA;NA;NA;NA;NA;NA;NA;NA;NA;1;NA
41;"PR";4113007;"411300";"Jussara";"Não";"-";"Pedestres";NA;NA;NA;NA;NA;NA;NA;NA;NA;NA;NA;NA;NA;NA;NA;NA;NA;NA;NA;NA;NA;NA;NA;NA;NA
41;"PR";4113106;"411310";"Kaloré";"Não";"Região Metropolitana de Apucarana";"Pedestres";NA;NA;NA;NA;NA;NA;NA;1;NA;NA;NA;NA;NA;NA;NA;NA;NA;NA;NA;NA;NA;NA;NA;NA;NA
41;"PR";4113205;"411320";"Lapa";"Não";"Região Metropolitana de Curitiba";"Pedestres";NA;NA;NA;NA;NA;NA;NA;NA;NA;NA;NA;NA;1;NA;NA;NA;NA;1;NA;NA;NA;NA;NA;NA;NA
41;"PR";4113254;"411325";"Laranjal";"Não";"-";"Pedestres";NA;NA;NA;NA;NA;NA;NA;NA;NA;NA;NA;NA;NA;NA;NA;NA;NA;NA;NA;NA;NA;NA;NA;NA;NA
41;"PR";4113304;"411330";"Laranjeiras do Sul";"Não";"-";"Pedestres";2;NA;1;1;2;NA;1;NA;NA;NA;NA;NA;NA;NA;1;NA;NA;1;NA;2;NA;1;NA;1;NA
41;"PR";4113429;"411342";"Lidianópolis";"Não";"Região Metropolitana de Apucarana";"Pedestres";NA;NA;NA;NA;NA;NA;1;NA;NA;NA;NA;NA;NA;1;NA;NA;NA;NA;NA;NA;NA;NA;NA;NA;NA
41;"PR";4113452;"411345";"Lindoeste";"Não";"Região Metropolitana de Cascavel";"Pedestres";NA;NA;NA;NA;NA;NA;NA;NA;NA;NA;NA;NA;NA;NA;NA;NA;NA;NA;NA;NA;NA;NA;NA;NA;NA
41;"PR";4113502;"411350";"Loanda";"Não";"-";"Pedestres";1;NA;NA;NA;NA;NA;NA;NA;NA;NA;1;NA;NA;NA;NA;1;NA;NA;NA;1;NA;NA;NA;2;NA
41;"PR";4113601;"411360";"Lobato";"Não";"Região Metropolitana de Maringá";"Pedestres";NA;NA;NA;NA;NA;1;NA;NA;NA;NA;NA;NA;NA;NA;NA;NA;NA;NA;NA;NA;NA;NA;NA;NA;NA
41;"PR";4113700;"411370";"Londrina";"Não";"Região Metropolitana de Londrina";"Pedestres";10;11;8;3;8;6;10;11;7;5;8;11;9;3;8;10;6;8;3;9;9;7;5;12;NA
41;"PR";4113734;"411373";"Luiziana";"Não";"Região Metropolitana de Campo Mourão";"Pedestres";NA;NA;NA;NA;NA;1;NA;NA;NA;NA;NA;NA;NA;NA;NA;NA;NA;NA;NA;NA;NA;NA;NA;NA;NA
41;"PR";4113759;"411375";"Lunardelli";"Não";"Região Metropolitana de Apucarana";"Pedestres";NA;NA;NA;NA;NA;NA;NA;NA;NA;NA;NA;NA;NA;NA;NA;NA;NA;NA;NA;NA;NA;NA;NA;NA;NA
41;"PR";4113809;"411380";"Lupionópolis";"Não";"Região Metropolitana de Londrina";"Pedestres";NA;NA;NA;NA;NA;1;NA;NA;NA;1;NA;NA;NA;NA;NA;NA;NA;NA;NA;NA;NA;NA;NA;NA;NA
41;"PR";4113908;"411390";"Mallet";"Não";"-";"Pedestres";NA;NA;NA;NA;NA;NA;NA;NA;NA;NA;NA;NA;NA;NA;NA;NA;NA;NA;NA;NA;NA;NA;NA;NA;NA
41;"PR";4114005;"411400";"Mamborê";"Não";"Região Metropolitana de Campo Mourão";"Pedestres";NA;NA;NA;NA;NA;NA;NA;NA;NA;NA;NA;NA;2;NA;NA;NA;NA;NA;NA;1;NA;NA;NA;NA;NA
41;"PR";4114104;"411410";"Mandaguaçu";"Não";"Região Metropolitana de Maringá";"Pedestres";1;NA;1;NA;NA;2;NA;NA;1;NA;NA;NA;NA;NA;NA;NA;NA;NA;NA;NA;NA;NA;NA;1;NA
41;"PR";4114203;"411420";"Mandaguari";"Não";"Região Metropolitana de Maringá";"Pedestres";NA;1;NA;NA;1;1;1;NA;1;4;NA;1;1;NA;NA;1;NA;NA;NA;NA;NA;1;2;NA;NA
41;"PR";4114302;"411430";"Mandirituba";"Não";"Região Metropolitana de Curitiba";"Pedestres";NA;NA;NA;NA;NA;1;NA;NA;1;1;NA;NA;NA;NA;NA;NA;NA;NA;NA;NA;NA;NA;2;1;NA
41;"PR";4114351;"411435";"Manfrinópolis";"Não";"-";"Pedestres";NA;NA;NA;NA;NA;NA;NA;NA;NA;NA;NA;NA;NA;NA;NA;NA;NA;NA;NA;NA;NA;NA;NA;NA;NA
41;"PR";4114401;"411440";"Mangueirinha";"Não";"-";"Pedestres";NA;NA;NA;NA;NA;NA;NA;NA;NA;NA;NA;NA;NA;1;NA;NA;NA;NA;NA;NA;NA;NA;NA;NA;NA
41;"PR";4114500;"411450";"Manoel Ribas";"Não";"-";"Pedestres";NA;NA;NA;NA;NA;NA;NA;NA;1;1;1;NA;NA;NA;NA;NA;NA;NA;NA;NA;NA;NA;NA;NA;NA
41;"PR";4114609;"411460";"Marechal Cândido Rondon";"Não";"Região Metropolitana de Toledo";"Pedestres";NA;1;NA;NA;NA;NA;NA;NA;NA;NA;NA;NA;NA;NA;NA;1;NA;1;NA;NA;1;1;1;NA;NA
41;"PR";4114708;"411470";"Maria Helena";"Não";"Região Metropolitana de Umuarama";"Pedestres";NA;NA;NA;NA;NA;NA;NA;NA;NA;NA;NA;NA;NA;NA;NA;NA;NA;NA;NA;NA;NA;NA;NA;NA;NA
41;"PR";4114807;"411480";"Marialva";"Não";"Região Metropolitana de Maringá";"Pedestres";1;1;1;NA;NA;NA;NA;2;NA;1;2;1;2;2;NA;NA;NA;1;1;1;3;1;NA;NA;NA
41;"PR";4114906;"411490";"Marilândia do Sul";"Não";"Região Metropolitana de Apucarana";"Pedestres";2;NA;NA;NA;1;NA;NA;NA;NA;NA;NA;NA;1;NA;NA;NA;NA;NA;NA;NA;NA;NA;NA;NA;NA
41;"PR";4115002;"411500";"Marilena";"Não";"-";"Pedestres";1;NA;NA;NA;NA;NA;NA;NA;NA;NA;NA;NA;NA;NA;NA;NA;NA;NA;NA;NA;NA;NA;NA;NA;NA
41;"PR";4115101;"411510";"Mariluz";"Não";"Região Metropolitana de Umuarama";"Pedestres";NA;NA;NA;NA;NA;NA;NA;NA;NA;NA;NA;NA;NA;1;NA;NA;NA;NA;NA;NA;NA;NA;NA;NA;NA
41;"PR";4115200;"411520";"Maringá";"Não";"Região Metropolitana de Maringá";"Pedestres";4;NA;5;6;7;4;3;8;2;3;5;4;10;6;6;5;7;7;5;4;4;NA;1;6;NA
41;"PR";4115309;"411530";"Mariópolis";"Não";"-";"Pedestres";NA;NA;NA;NA;NA;NA;NA;NA;NA;NA;NA;NA;NA;NA;NA;NA;NA;NA;NA;NA;1;NA;NA;NA;NA
41;"PR";4115358;"411535";"Maripá";"Não";"Região Metropolitana de Toledo";"Pedestres";NA;NA;NA;NA;NA;NA;NA;NA;NA;NA;NA;NA;NA;NA;NA;NA;NA;NA;NA;NA;NA;1;NA;NA;NA
41;"PR";4115408;"411540";"Marmeleiro";"Não";"-";"Pedestres";1;1;NA;NA;NA;NA;NA;NA;1;NA;NA;NA;NA;NA;NA;NA;NA;NA;NA;1;NA;NA;NA;NA;NA
41;"PR";4115457;"411545";"Marquinho";"Não";"-";"Pedestres";NA;NA;NA;NA;NA;NA;NA;NA;NA;NA;NA;NA;NA;NA;NA;NA;NA;NA;NA;NA;NA;NA;NA;NA;NA
41;"PR";4115507;"411550";"Marumbi";"Não";"Região Metropolitana de Apucarana";"Pedestres";NA;NA;NA;NA;NA;NA;NA;NA;NA;NA;NA;NA;NA;NA;NA;NA;1;NA;NA;NA;NA;NA;NA;NA;NA
41;"PR";4115606;"411560";"Matelândia";"Não";"Região Metropolitana de Cascavel";"Pedestres";NA;NA;NA;NA;NA;NA;NA;NA;NA;NA;NA;NA;NA;NA;NA;NA;NA;NA;NA;NA;NA;NA;1;NA;NA
41;"PR";4115705;"411570";"Matinhos";"Não";"-";"Pedestres";2;NA;1;1;NA;NA;NA;NA;NA;NA;NA;NA;NA;1;NA;NA;NA;NA;1;1;NA;NA;NA;NA;NA
41;"PR";4115739;"411573";"Mato Rico";"Não";"-";"Pedestres";NA;NA;NA;NA;NA;NA;NA;NA;NA;1;NA;NA;NA;NA;NA;NA;NA;NA;NA;NA;NA;NA;NA;NA;NA
41;"PR";4115754;"411575";"Mauá da Serra";"Não";"Região Metropolitana de Apucarana";"Pedestres";NA;1;NA;NA;1;NA;NA;NA;NA;NA;NA;NA;NA;NA;NA;NA;NA;NA;NA;NA;NA;NA;NA;1;NA
41;"PR";4115804;"411580";"Medianeira";"Não";"-";"Pedestres";NA;1;NA;NA;NA;2;1;NA;1;NA;1;NA;NA;2;NA;NA;NA;NA;NA;NA;NA;1;1;NA;NA
41;"PR";4115853;"411585";"Mercedes";"Não";"Região Metropolitana de Toledo";"Pedestres";NA;NA;NA;NA;NA;NA;NA;NA;NA;NA;NA;NA;NA;NA;1;NA;NA;NA;NA;NA;NA;NA;NA;NA;NA
41;"PR";4116000;"411600";"Miraselva";"Não";"Região Metropolitana de Londrina";"Pedestres";NA;NA;NA;NA;NA;NA;NA;NA;NA;NA;NA;NA;NA;NA;NA;NA;NA;NA;NA;NA;NA;NA;NA;NA;NA
41;"PR";4116059;"411605";"Missal";"Não";"-";"Pedestres";NA;NA;NA;NA;NA;NA;NA;NA;NA;NA;NA;NA;NA;NA;NA;NA;NA;NA;NA;NA;NA;NA;NA;NA;NA
41;"PR";4116109;"411610";"Moreira Sales";"Não";"Região Metropolitana de Campo Mourão";"Pedestres";1;NA;NA;NA;NA;NA;NA;NA;NA;NA;2;1;NA;NA;NA;NA;NA;NA;NA;NA;NA;NA;NA;NA;NA
41;"PR";4116208;"411620";"Morretes";"Não";"-";"Pedestres";NA;1;1;1;1;NA;NA;NA;2;2;1;1;1;1;2;NA;NA;NA;NA;1;NA;1;1;NA;NA
41;"PR";4116307;"411630";"Munhoz de Melo";"Não";"Região Metropolitana de Maringá";"Pedestres";NA;NA;NA;NA;NA;NA;NA;NA;NA;NA;NA;NA;NA;NA;NA;NA;NA;NA;NA;NA;NA;NA;NA;1;NA
41;"PR";4116406;"411640";"Nossa Senhora das Graças";"Não";"-";"Pedestres";NA;NA;NA;NA;NA;NA;NA;NA;NA;NA;NA;NA;NA;NA;NA;NA;NA;NA;NA;NA;NA;NA;NA;NA;NA
41;"PR";4116505;"411650";"Nova Aliança do Ivaí";"Não";"-";"Pedestres";NA;NA;NA;NA;NA;NA;NA;NA;NA;NA;NA;NA;NA;NA;NA;NA;NA;NA;NA;NA;NA;NA;NA;NA;NA
41;"PR";4116604;"411660";"Nova América da Colina";"Não";"-";"Pedestres";NA;NA;NA;NA;NA;NA;NA;NA;NA;NA;1;NA;NA;NA;NA;NA;NA;NA;NA;NA;NA;NA;NA;NA;NA
41;"PR";4116703;"411670";"Nova Aurora";"Não";"Região Metropolitana de Cascavel";"Pedestres";NA;NA;NA;NA;NA;NA;NA;NA;NA;NA;NA;NA;NA;NA;NA;NA;NA;1;NA;NA;1;NA;NA;1;NA
41;"PR";4116802;"411680";"Nova Cantu";"Não";"Região Metropolitana de Campo Mourão";"Pedestres";NA;NA;NA;NA;NA;NA;NA;NA;NA;1;NA;NA;NA;NA;NA;NA;NA;NA;NA;NA;NA;NA;NA;NA;NA
41;"PR";4116901;"411690";"Nova Esperança";"Não";"Região Metropolitana de Maringá";"Pedestres";1;1;1;NA;NA;NA;NA;NA;NA;NA;NA;1;NA;NA;NA;1;NA;NA;NA;1;NA;1;NA;2;NA
41;"PR";4116950;"411695";"Nova Esperança do Sudoeste";"Não";"-";"Pedestres";NA;NA;NA;NA;NA;NA;NA;NA;NA;NA;NA;NA;NA;NA;NA;NA;NA;NA;NA;NA;NA;NA;NA;NA;NA
41;"PR";4117008;"411700";"Nova Fátima";"Não";"-";"Pedestres";NA;NA;NA;NA;NA;NA;NA;1;NA;NA;NA;NA;NA;NA;NA;NA;NA;NA;NA;NA;NA;NA;NA;NA;NA
41;"PR";4117057;"411705";"Nova Laranjeiras";"Não";"-";"Pedestres";1;NA;NA;NA;NA;NA;NA;NA;NA;NA;NA;NA;1;NA;NA;NA;NA;NA;1;NA;NA;NA;1;NA;NA
41;"PR";4117107;"411710";"Nova Londrina";"Não";"-";"Pedestres";NA;NA;NA;NA;NA;NA;NA;NA;NA;NA;NA;1;NA;NA;NA;NA;NA;1;NA;1;NA;NA;NA;NA;NA
41;"PR";4117206;"411720";"Nova Olímpia";"Não";"Região Metropolitana de Umuarama";"Pedestres";NA;NA;NA;NA;NA;NA;NA;NA;NA;1;NA;NA;NA;NA;NA;NA;NA;NA;NA;NA;NA;NA;NA;NA;NA
41;"PR";4117214;"411721";"Nova Santa Bárbara";"Não";"-";"Pedestres";NA;NA;NA;NA;NA;NA;NA;NA;NA;NA;NA;NA;NA;NA;NA;NA;NA;NA;NA;NA;NA;NA;NA;NA;NA
41;"PR";4117222;"411722";"Nova Santa Rosa";"Não";"Região Metropolitana de Toledo";"Pedestres";1;NA;NA;NA;NA;NA;NA;NA;NA;NA;NA;NA;NA;NA;NA;NA;NA;NA;NA;NA;NA;NA;NA;NA;NA
41;"PR";4117255;"411725";"Nova Prata do Iguaçu";"Não";"-";"Pedestres";NA;NA;1;NA;NA;NA;NA;NA;NA;NA;NA;NA;NA;NA;NA;NA;NA;NA;NA;NA;1;NA;NA;NA;NA
41;"PR";4117271;"411727";"Nova Tebas";"Não";"-";"Pedestres";NA;NA;NA;NA;NA;NA;NA;NA;NA;NA;NA;NA;NA;NA;NA;NA;NA;NA;NA;NA;NA;NA;NA;NA;NA
41;"PR";4117297;"411729";"Novo Itacolomi";"Não";"Região Metropolitana de Apucarana";"Pedestres";NA;NA;NA;NA;NA;NA;NA;NA;NA;NA;NA;NA;NA;NA;NA;NA;NA;NA;NA;NA;NA;NA;NA;NA;NA
41;"PR";4117305;"411730";"Ortigueira";"Não";"-";"Pedestres";NA;NA;NA;NA;1;NA;1;NA;NA;NA;1;NA;1;1;NA;NA;1;NA;NA;NA;NA;NA;NA;NA;NA
41;"PR";4117404;"411740";"Ourizona";"Não";"Região Metropolitana de Maringá";"Pedestres";NA;NA;NA;NA;NA;NA;NA;NA;NA;NA;NA;NA;NA;NA;NA;NA;NA;NA;NA;NA;NA;NA;NA;NA;NA
41;"PR";4117453;"411745";"Ouro Verde do Oeste";"Não";"Região Metropolitana de Toledo";"Pedestres";NA;NA;NA;NA;NA;1;NA;NA;NA;NA;NA;NA;NA;NA;NA;NA;NA;NA;NA;NA;NA;NA;NA;NA;NA
41;"PR";4117503;"411750";"Paiçandu";"Não";"Região Metropolitana de Maringá";"Pedestres";1;NA;NA;NA;NA;NA;NA;2;1;1;NA;1;NA;NA;NA;NA;NA;NA;NA;NA;NA;NA;NA;2;NA
41;"PR";4117602;"411760";"Palmas";"Não";"-";"Pedestres";2;NA;1;1;3;NA;3;NA;2;1;NA;1;1;NA;NA;NA;NA;1;1;NA;1;1;1;3;NA
41;"PR";4117701;"411770";"Palmeira";"Não";"-";"Pedestres";1;NA;NA;NA;1;NA;NA;1;1;1;1;2;NA;NA;NA;NA;NA;1;2;1;NA;NA;NA;NA;NA
41;"PR";4117800;"411780";"Palmital";"Não";"-";"Pedestres";NA;NA;NA;1;NA;NA;NA;NA;NA;NA;NA;NA;NA;NA;NA;NA;NA;NA;NA;NA;NA;NA;NA;NA;NA
41;"PR";4117909;"411790";"Palotina";"Não";"Região Metropolitana de Toledo";"Pedestres";NA;NA;NA;NA;NA;1;1;NA;NA;NA;NA;NA;1;NA;1;NA;1;NA;NA;NA;NA;NA;1;NA;NA
41;"PR";4118006;"411800";"Paraíso do Norte";"Não";"-";"Pedestres";NA;NA;NA;NA;NA;NA;NA;NA;NA;NA;1;NA;NA;NA;1;NA;1;NA;NA;NA;NA;NA;NA;NA;NA
41;"PR";4118105;"411810";"Paranacity";"Não";"-";"Pedestres";NA;NA;NA;NA;NA;NA;NA;NA;NA;NA;NA;NA;NA;NA;NA;NA;NA;NA;NA;NA;NA;NA;NA;NA;NA
41;"PR";4118204;"411820";"Paranaguá";"Não";"-";"Pedestres";2;7;1;4;5;1;2;2;2;3;2;2;3;3;2;4;3;2;5;4;4;3;4;7;NA
41;"PR";4118303;"411830";"Paranapoema";"Não";"-";"Pedestres";NA;NA;NA;NA;NA;NA;NA;1;NA;NA;NA;NA;NA;NA;NA;NA;NA;NA;NA;NA;NA;NA;NA;NA;NA
41;"PR";4118402;"411840";"Paranavaí";"Não";"-";"Pedestres";1;1;NA;2;1;NA;NA;NA;2;1;NA;NA;2;1;1;1;1;1;2;NA;3;1;2;1;NA
41;"PR";4118451;"411845";"Pato Bragado";"Não";"Região Metropolitana de Toledo";"Pedestres";NA;NA;NA;NA;NA;NA;NA;NA;NA;NA;NA;NA;NA;NA;NA;NA;NA;NA;NA;NA;NA;NA;NA;NA;NA
41;"PR";4118501;"411850";"Pato Branco";"Não";"-";"Pedestres";2;NA;3;1;4;4;NA;1;1;2;1;1;1;NA;1;NA;NA;2;NA;1;1;NA;NA;4;NA
41;"PR";4118600;"411860";"Paula Freitas";"Não";"-";"Pedestres";NA;NA;1;NA;NA;NA;NA;NA;NA;NA;NA;NA;NA;NA;NA;NA;NA;NA;NA;NA;NA;NA;NA;NA;NA
41;"PR";4118709;"411870";"Paulo Frontin";"Não";"-";"Pedestres";NA;NA;NA;NA;NA;NA;NA;NA;NA;NA;NA;NA;NA;NA;NA;NA;NA;NA;NA;NA;NA;NA;NA;NA;NA
41;"PR";4118808;"411880";"Peabiru";"Não";"Região Metropolitana de Campo Mourão";"Pedestres";NA;NA;NA;NA;NA;NA;NA;NA;NA;1;NA;1;NA;NA;NA;NA;NA;NA;NA;1;NA;NA;NA;NA;NA
41;"PR";4118857;"411885";"Perobal";"Não";"Região Metropolitana de Umuarama";"Pedestres";NA;NA;1;NA;NA;NA;NA;NA;NA;NA;NA;NA;NA;1;1;NA;NA;NA;NA;NA;NA;NA;NA;NA;NA
41;"PR";4118907;"411890";"Pérola";"Não";"Região Metropolitana de Umuarama";"Pedestres";NA;NA;NA;NA;NA;NA;1;NA;NA;NA;NA;NA;NA;NA;NA;NA;NA;NA;NA;NA;NA;NA;NA;NA;NA
41;"PR";4119004;"411900";"Pérola d'Oeste";"Não";"-";"Pedestres";NA;NA;1;NA;NA;NA;NA;NA;NA;NA;NA;NA;NA;NA;NA;NA;NA;NA;NA;NA;NA;NA;NA;NA;NA
41;"PR";4119103;"411910";"Piên";"Não";"Região Metropolitana de Curitiba";"Pedestres";1;NA;NA;NA;NA;NA;NA;NA;NA;NA;NA;NA;NA;NA;NA;NA;NA;NA;NA;NA;NA;NA;NA;NA;NA
41;"PR";4119152;"411915";"Pinhais";"Não";"Região Metropolitana de Curitiba";"Pedestres";1;NA;1;NA;NA;NA;NA;NA;1;NA;NA;NA;NA;NA;NA;NA;NA;NA;NA;NA;NA;NA;NA;NA;NA
41;"PR";4119202;"411920";"Pinhalão";"Não";"-";"Pedestres";NA;NA;NA;NA;NA;NA;NA;NA;NA;NA;NA;NA;NA;NA;NA;NA;NA;NA;NA;NA;NA;1;NA;NA;NA
41;"PR";4119301;"411930";"Pinhão";"Não";"-";"Pedestres";NA;NA;1;NA;NA;NA;NA;NA;NA;1;1;NA;2;1;NA;NA;NA;1;NA;NA;NA;NA;NA;1;NA
41;"PR";4119400;"411940";"Piraí do Sul";"Não";"-";"Pedestres";NA;NA;1;NA;1;NA;NA;NA;NA;NA;NA;NA;NA;1;NA;1;NA;NA;NA;NA;NA;NA;1;NA;NA
41;"PR";4119509;"411950";"Piraquara";"Não";"Região Metropolitana de Curitiba";"Pedestres";2;1;NA;NA;1;NA;NA;NA;NA;NA;NA;NA;1;2;NA;1;NA;NA;1;NA;NA;1;3;2;NA
41;"PR";4119608;"411960";"Pitanga";"Não";"-";"Pedestres";NA;NA;NA;1;NA;NA;NA;NA;NA;NA;NA;NA;NA;NA;NA;NA;NA;NA;NA;2;NA;NA;NA;NA;NA
41;"PR";4119707;"411970";"Planaltina do Paraná";"Não";"-";"Pedestres";NA;NA;NA;NA;NA;NA;NA;NA;NA;NA;NA;NA;NA;NA;NA;NA;NA;NA;NA;NA;1;NA;NA;NA;NA
41;"PR";4119806;"411980";"Planalto";"Não";"-";"Pedestres";NA;NA;NA;NA;NA;NA;NA;NA;NA;NA;NA;NA;NA;NA;NA;NA;NA;NA;NA;NA;NA;NA;NA;NA;NA
41;"PR";4119905;"411990";"Ponta Grossa";"Não";"-";"Pedestres";2;5;5;3;2;2;6;5;10;7;12;7;2;4;11;6;6;2;6;9;3;10;3;3;NA
41;"PR";4119954;"411995";"Pontal do Paraná";"Não";"-";"Pedestres";NA;NA;NA;NA;1;1;1;NA;1;NA;NA;NA;NA;NA;NA;NA;NA;1;NA;NA;NA;NA;NA;1;NA
41;"PR";4120002;"412000";"Porecatu";"Não";"Região Metropolitana de Londrina";"Pedestres";NA;NA;NA;NA;1;NA;1;NA;NA;NA;NA;NA;1;NA;NA;NA;NA;NA;NA;NA;NA;NA;NA;NA;NA
41;"PR";4120101;"412010";"Porto Amazonas";"Não";"-";"Pedestres";1;NA;NA;NA;NA;NA;NA;NA;NA;NA;1;NA;1;NA;NA;NA;NA;NA;NA;NA;NA;NA;NA;NA;NA
41;"PR";4120309;"412030";"Porto Vitória";"Não";"-";"Pedestres";NA;NA;NA;NA;NA;NA;NA;NA;NA;NA;NA;NA;NA;NA;NA;NA;NA;NA;NA;NA;NA;NA;NA;NA;NA
41;"PR";4120333;"412033";"Prado Ferreira";"Não";"Região Metropolitana de Londrina";"Pedestres";NA;NA;NA;NA;NA;NA;NA;NA;NA;NA;NA;NA;NA;NA;NA;NA;NA;NA;NA;NA;NA;NA;NA;NA;NA
41;"PR";4120358;"412035";"Pranchita";"Não";"-";"Pedestres";NA;NA;NA;NA;NA;NA;NA;NA;NA;NA;NA;NA;NA;NA;NA;NA;NA;NA;NA;NA;NA;NA;NA;NA;NA
41;"PR";4120408;"412040";"Presidente Castelo Branco";"Não";"Região Metropolitana de Maringá";"Pedestres";NA;NA;NA;NA;NA;NA;NA;1;NA;NA;NA;NA;NA;NA;NA;NA;NA;1;1;NA;NA;NA;2;NA;NA
41;"PR";4120507;"412050";"Primeiro de Maio";"Não";"Região Metropolitana de Londrina";"Pedestres";NA;NA;NA;NA;NA;NA;NA;NA;NA;NA;NA;NA;NA;NA;NA;NA;NA;NA;NA;NA;NA;NA;NA;NA;NA
41;"PR";4120606;"412060";"Prudentópolis";"Não";"-";"Pedestres";1;NA;NA;NA;1;NA;1;NA;NA;NA;NA;NA;NA;NA;1;NA;NA;1;1;NA;NA;NA;1;NA;NA
41;"PR";4120655;"412065";"Quarto Centenário";"Não";"Região Metropolitana de Campo Mourão";"Pedestres";NA;NA;NA;1;NA;NA;NA;NA;NA;NA;NA;NA;NA;NA;NA;NA;NA;NA;NA;NA;NA;NA;NA;NA;NA
41;"PR";4120705;"412070";"Quatiguá";"Não";"-";"Pedestres";NA;NA;NA;NA;NA;NA;NA;NA;NA;NA;NA;NA;NA;NA;NA;NA;NA;NA;NA;NA;NA;NA;NA;NA;NA
41;"PR";4120804;"412080";"Quatro Barras";"Não";"Região Metropolitana de Curitiba";"Pedestres";NA;NA;NA;1;NA;NA;NA;NA;NA;1;NA;NA;NA;NA;NA;NA;NA;NA;NA;NA;NA;1;1;NA;NA
41;"PR";4120853;"412085";"Quatro Pontes";"Não";"Região Metropolitana de Toledo";"Pedestres";NA;NA;NA;NA;NA;NA;NA;NA;NA;NA;NA;NA;NA;NA;NA;NA;NA;NA;NA;NA;1;NA;NA;NA;NA
41;"PR";4120903;"412090";"Quedas do Iguaçu";"Não";"-";"Pedestres";1;NA;NA;NA;NA;NA;1;NA;1;NA;NA;NA;NA;NA;NA;NA;NA;NA;NA;NA;NA;NA;NA;NA;NA
41;"PR";4121000;"412100";"Querência do Norte";"Não";"-";"Pedestres";NA;NA;NA;NA;NA;NA;NA;NA;NA;NA;NA;NA;1;1;NA;NA;NA;NA;NA;NA;NA;NA;NA;NA;NA
41;"PR";4121109;"412110";"Quinta do Sol";"Não";"Região Metropolitana de Campo Mourão";"Pedestres";NA;NA;NA;NA;NA;NA;NA;NA;NA;NA;NA;NA;NA;NA;NA;NA;NA;NA;NA;1;NA;NA;NA;NA;NA
41;"PR";4121208;"412120";"Quitandinha";"Não";"Região Metropolitana de Curitiba";"Pedestres";NA;NA;NA;NA;NA;NA;NA;NA;NA;NA;NA;NA;NA;NA;NA;NA;NA;NA;NA;NA;NA;NA;1;NA;NA
41;"PR";4121257;"412125";"Ramilândia";"Não";"-";"Pedestres";NA;NA;NA;NA;NA;NA;NA;NA;NA;NA;NA;NA;NA;NA;NA;NA;NA;NA;NA;NA;NA;NA;NA;NA;NA
41;"PR";4121406;"412140";"Realeza";"Não";"-";"Pedestres";1;NA;NA;NA;1;NA;NA;1;NA;NA;NA;NA;1;NA;NA;NA;NA;NA;NA;NA;NA;NA;NA;1;NA
41;"PR";4121505;"412150";"Rebouças";"Não";"-";"Pedestres";NA;NA;NA;NA;NA;NA;NA;NA;NA;NA;NA;NA;NA;NA;NA;NA;NA;NA;NA;NA;NA;NA;NA;NA;NA
41;"PR";4121604;"412160";"Renascença";"Não";"-";"Pedestres";NA;NA;NA;NA;NA;NA;NA;NA;NA;NA;NA;NA;NA;NA;NA;NA;NA;NA;NA;NA;NA;NA;NA;NA;NA
41;"PR";4121703;"412170";"Reserva";"Não";"-";"Pedestres";NA;NA;NA;NA;NA;NA;NA;NA;NA;NA;NA;NA;NA;NA;NA;NA;NA;NA;NA;NA;NA;NA;NA;NA;NA
41;"PR";4121752;"412175";"Reserva do Iguaçu";"Não";"-";"Pedestres";NA;NA;NA;NA;NA;NA;NA;NA;NA;NA;NA;NA;NA;NA;NA;NA;1;NA;NA;NA;NA;NA;NA;NA;NA
41;"PR";4121901;"412190";"Ribeirão do Pinhal";"Não";"-";"Pedestres";NA;1;NA;NA;NA;NA;NA;NA;NA;NA;NA;1;NA;NA;NA;NA;NA;NA;1;NA;NA;NA;NA;NA;NA
41;"PR";4122008;"412200";"Rio Azul";"Não";"-";"Pedestres";NA;NA;NA;NA;NA;NA;NA;NA;NA;NA;NA;NA;NA;NA;NA;NA;NA;NA;NA;NA;NA;NA;1;NA;NA
41;"PR";4122107;"412210";"Rio Bom";"Não";"Região Metropolitana de Apucarana";"Pedestres";NA;NA;NA;NA;NA;NA;NA;NA;NA;NA;NA;NA;NA;NA;NA;NA;NA;NA;NA;NA;NA;NA;1;NA;NA
41;"PR";4122156;"412215";"Rio Bonito do Iguaçu";"Não";"-";"Pedestres";NA;NA;NA;NA;NA;NA;NA;NA;NA;NA;NA;NA;NA;NA;1;NA;1;NA;NA;NA;NA;NA;NA;NA;NA
41;"PR";4122172;"412217";"Rio Branco do Ivaí";"Não";"Região Metropolitana de Apucarana";"Pedestres";1;NA;NA;NA;NA;NA;NA;NA;NA;NA;NA;NA;NA;NA;NA;NA;1;NA;NA;NA;NA;NA;NA;NA;NA
41;"PR";4122206;"412220";"Rio Branco do Sul";"Não";"Região Metropolitana de Curitiba";"Pedestres";NA;NA;NA;NA;NA;NA;NA;NA;NA;NA;NA;NA;NA;NA;NA;NA;NA;NA;NA;NA;NA;NA;NA;1;NA
41;"PR";4122305;"412230";"Rio Negro";"Não";"Região Metropolitana de Curitiba";"Pedestres";NA;NA;NA;NA;NA;NA;NA;NA;NA;NA;NA;NA;NA;NA;NA;NA;NA;NA;NA;NA;NA;NA;NA;NA;NA
41;"PR";4122404;"412240";"Rolândia";"Não";"Região Metropolitana de Londrina";"Pedestres";NA;NA;1;1;NA;NA;1;NA;NA;NA;NA;NA;1;1;1;NA;1;1;NA;NA;1;1;NA;2;NA
41;"PR";4122503;"412250";"Roncador";"Não";"Região Metropolitana de Campo Mourão";"Pedestres";NA;NA;NA;NA;NA;NA;NA;NA;NA;NA;NA;NA;NA;NA;NA;NA;NA;NA;NA;NA;NA;1;NA;NA;NA
41;"PR";4122602;"412260";"Rondon";"Não";"-";"Pedestres";1;NA;NA;1;NA;NA;NA;1;NA;NA;NA;NA;NA;1;NA;NA;NA;NA;NA;NA;1;1;NA;NA;NA
41;"PR";4122651;"412265";"Rosário do Ivaí";"Não";"Região Metropolitana de Apucarana";"Pedestres";NA;NA;NA;NA;NA;NA;NA;NA;NA;NA;NA;NA;NA;NA;NA;NA;NA;NA;NA;NA;NA;NA;NA;NA;NA
41;"PR";4122701;"412270";"Sabáudia";"Não";"Região Metropolitana de Londrina";"Pedestres";NA;NA;NA;NA;NA;NA;NA;NA;NA;NA;NA;NA;NA;NA;NA;NA;NA;NA;NA;NA;NA;NA;NA;NA;NA
41;"PR";4122800;"412280";"Salgado Filho";"Não";"-";"Pedestres";NA;NA;NA;NA;NA;NA;NA;NA;NA;NA;NA;NA;NA;NA;NA;NA;NA;NA;NA;NA;NA;NA;NA;NA;NA
41;"PR";4122909;"412290";"Salto do Itararé";"Não";"-";"Pedestres";NA;NA;NA;NA;NA;NA;NA;NA;NA;NA;NA;NA;NA;NA;NA;NA;NA;NA;NA;NA;NA;NA;NA;NA;NA
41;"PR";4123006;"412300";"Salto do Lontra";"Não";"-";"Pedestres";1;NA;NA;NA;NA;NA;NA;NA;NA;NA;NA;NA;NA;NA;1;NA;NA;NA;NA;1;1;NA;NA;NA;NA
41;"PR";4123105;"412310";"Santa Amélia";"Não";"-";"Pedestres";NA;NA;NA;NA;NA;1;NA;NA;NA;NA;NA;NA;NA;NA;NA;NA;NA;NA;NA;NA;NA;NA;NA;NA;NA
41;"PR";4123204;"412320";"Santa Cecília do Pavão";"Não";"-";"Pedestres";NA;NA;NA;NA;NA;NA;NA;NA;NA;NA;NA;NA;NA;NA;NA;NA;NA;NA;NA;NA;NA;NA;NA;NA;NA
41;"PR";4123303;"412330";"Santa Cruz de Monte Castelo";"Não";"-";"Pedestres";NA;NA;NA;NA;1;NA;NA;NA;NA;NA;NA;NA;NA;NA;NA;NA;NA;NA;NA;NA;NA;NA;NA;NA;NA
41;"PR";4123402;"412340";"Santa Fé";"Não";"Região Metropolitana de Maringá";"Pedestres";NA;NA;1;NA;1;NA;NA;NA;NA;NA;NA;NA;NA;NA;NA;NA;NA;NA;NA;NA;1;NA;NA;NA;NA
41;"PR";4123501;"412350";"Santa Helena";"Não";"Região Metropolitana de Toledo";"Pedestres";1;NA;NA;1;NA;NA;NA;NA;NA;NA;NA;NA;1;NA;NA;NA;NA;NA;1;NA;NA;NA;NA;NA;NA
41;"PR";4123709;"412370";"Santa Isabel do Ivaí";"Não";"-";"Pedestres";NA;NA;NA;NA;NA;1;NA;NA;NA;NA;NA;NA;NA;NA;NA;NA;NA;NA;NA;NA;NA;1;NA;NA;NA
41;"PR";4123808;"412380";"Santa Izabel do Oeste";"Não";"-";"Pedestres";NA;NA;NA;1;NA;NA;NA;NA;NA;NA;1;NA;NA;NA;NA;NA;NA;NA;NA;NA;NA;NA;NA;NA;NA
41;"PR";4123824;"412382";"Santa Lúcia";"Não";"Região Metropolitana de Cascavel";"Pedestres";NA;NA;NA;NA;NA;NA;NA;NA;NA;NA;NA;NA;NA;NA;NA;NA;NA;NA;NA;NA;NA;NA;NA;NA;NA
41;"PR";4123857;"412385";"Santa Maria do Oeste";"Não";"-";"Pedestres";NA;NA;NA;NA;NA;NA;1;NA;NA;NA;NA;NA;NA;1;NA;NA;1;NA;NA;NA;NA;NA;NA;NA;NA
41;"PR";4123907;"412390";"Santa Mariana";"Não";"-";"Pedestres";1;NA;NA;NA;1;NA;NA;NA;1;NA;NA;NA;NA;1;NA;NA;NA;NA;NA;NA;NA;NA;NA;NA;NA
41;"PR";4123956;"412395";"Santa Mônica";"Não";"-";"Pedestres";NA;NA;NA;NA;NA;NA;NA;NA;NA;NA;NA;NA;NA;NA;NA;NA;NA;NA;NA;NA;NA;NA;NA;NA;NA
41;"PR";4124020;"412402";"Santa Tereza do Oeste";"Não";"Região Metropolitana de Cascavel";"Pedestres";NA;NA;NA;NA;NA;NA;NA;NA;NA;NA;NA;NA;NA;NA;NA;NA;NA;NA;NA;1;NA;1;NA;NA;NA
41;"PR";4124053;"412405";"Santa Terezinha de Itaipu";"Não";"-";"Pedestres";NA;NA;1;NA;NA;1;2;NA;NA;NA;NA;NA;NA;NA;NA;NA;NA;1;1;NA;NA;NA;1;NA;NA
41;"PR";4124103;"412410";"Santo Antônio da Platina";"Não";"-";"Pedestres";NA;NA;NA;NA;NA;NA;NA;NA;NA;1;NA;NA;NA;NA;1;2;NA;NA;NA;NA;NA;1;NA;NA;NA
41;"PR";4124202;"412420";"Santo Antônio do Caiuá";"Não";"-";"Pedestres";NA;NA;NA;NA;NA;NA;NA;NA;1;NA;NA;NA;NA;NA;NA;NA;NA;NA;NA;NA;NA;NA;1;NA;NA
41;"PR";4124301;"412430";"Santo Antônio do Paraíso";"Não";"-";"Pedestres";NA;NA;NA;NA;NA;NA;NA;NA;NA;NA;NA;NA;NA;NA;NA;NA;NA;NA;NA;NA;NA;NA;NA;NA;NA
41;"PR";4124400;"412440";"Santo Antônio do Sudoeste";"Não";"-";"Pedestres";NA;NA;1;NA;NA;NA;NA;1;NA;NA;1;NA;NA;NA;NA;NA;NA;NA;NA;NA;NA;NA;NA;NA;NA
41;"PR";4124509;"412450";"Santo Inácio";"Não";"-";"Pedestres";1;NA;NA;NA;NA;NA;NA;NA;NA;NA;NA;NA;NA;NA;NA;NA;NA;NA;NA;NA;NA;NA;NA;NA;NA
41;"PR";4124608;"412460";"São Carlos do Ivaí";"Não";"-";"Pedestres";NA;NA;NA;NA;NA;NA;NA;NA;NA;NA;NA;NA;NA;NA;NA;NA;NA;NA;NA;NA;NA;NA;NA;NA;NA
41;"PR";4124707;"412470";"São Jerônimo da Serra";"Não";"-";"Pedestres";NA;NA;NA;NA;NA;NA;NA;NA;NA;NA;NA;1;NA;NA;NA;NA;1;NA;NA;NA;NA;NA;NA;NA;NA
41;"PR";4124806;"412480";"São João";"Não";"-";"Pedestres";NA;NA;NA;NA;1;NA;NA;NA;NA;NA;NA;NA;NA;NA;NA;NA;NA;NA;NA;NA;NA;NA;NA;NA;NA
41;"PR";4124905;"412490";"São João do Caiuá";"Não";"-";"Pedestres";NA;NA;NA;NA;NA;NA;NA;1;NA;NA;NA;NA;NA;NA;NA;NA;NA;NA;NA;NA;NA;NA;NA;NA;NA
41;"PR";4125001;"412500";"São João do Ivaí";"Não";"Região Metropolitana de Apucarana";"Pedestres";NA;NA;NA;NA;NA;NA;NA;NA;NA;NA;NA;NA;NA;NA;NA;1;NA;NA;1;NA;NA;NA;1;NA;NA
41;"PR";4125100;"412510";"São João do Triunfo";"Não";"-";"Pedestres";NA;NA;NA;NA;NA;NA;NA;NA;NA;NA;NA;NA;NA;NA;NA;NA;NA;NA;NA;NA;NA;NA;NA;NA;NA
41;"PR";4125209;"412520";"São Jorge d'Oeste";"Não";"-";"Pedestres";NA;1;NA;NA;NA;NA;NA;NA;NA;NA;NA;NA;NA;NA;NA;NA;NA;NA;NA;NA;NA;NA;NA;1;NA
41;"PR";4125308;"412530";"São Jorge do Ivaí";"Não";"Região Metropolitana de Maringá";"Pedestres";NA;NA;NA;NA;NA;NA;NA;NA;NA;NA;NA;NA;NA;NA;NA;NA;NA;NA;NA;NA;NA;NA;NA;NA;NA
41;"PR";4125357;"412535";"São Jorge do Patrocínio";"Não";"Região Metropolitana de Umuarama";"Pedestres";NA;NA;NA;NA;1;NA;NA;NA;NA;NA;NA;NA;NA;NA;NA;NA;NA;NA;NA;NA;NA;NA;NA;NA;NA
41;"PR";4125407;"412540";"São José da Boa Vista";"Não";"-";"Pedestres";NA;NA;NA;NA;NA;NA;NA;NA;NA;NA;NA;NA;NA;NA;NA;NA;NA;NA;NA;NA;NA;NA;NA;NA;NA
41;"PR";4125456;"412545";"São José das Palmeiras";"Não";"Região Metropolitana de Toledo";"Pedestres";NA;NA;NA;NA;NA;NA;NA;NA;NA;NA;NA;NA;NA;NA;NA;NA;NA;NA;NA;NA;NA;NA;NA;NA;NA
41;"PR";4125506;"412550";"São José dos Pinhais";"Não";"Região Metropolitana de Curitiba";"Pedestres";1;1;NA;2;NA;3;1;2;3;NA;1;2;NA;NA;4;1;NA;3;1;6;3;4;5;5;NA
41;"PR";4125555;"412555";"São Manoel do Paraná";"Não";"-";"Pedestres";NA;NA;NA;NA;NA;NA;NA;NA;NA;NA;NA;NA;NA;NA;NA;NA;NA;NA;NA;NA;NA;NA;NA;NA;NA
41;"PR";4125605;"412560";"São Mateus do Sul";"Não";"-";"Pedestres";NA;NA;NA;NA;1;NA;NA;NA;NA;NA;NA;NA;NA;NA;NA;NA;1;NA;NA;NA;2;NA;NA;1;NA
41;"PR";4125704;"412570";"São Miguel do Iguaçu";"Não";"-";"Pedestres";NA;NA;NA;2;1;1;NA;1;2;1;1;2;1;NA;NA;1;NA;2;1;4;1;NA;1;NA;NA
41;"PR";4125753;"412575";"São Pedro do Iguaçu";"Não";"Região Metropolitana de Toledo";"Pedestres";NA;NA;NA;NA;NA;NA;NA;NA;NA;NA;1;NA;NA;NA;NA;NA;NA;NA;NA;NA;NA;NA;NA;NA;NA
41;"PR";4125803;"412580";"São Pedro do Ivaí";"Não";"Região Metropolitana de Apucarana";"Pedestres";NA;NA;NA;NA;NA;NA;NA;NA;NA;NA;NA;1;NA;NA;1;NA;NA;NA;NA;NA;NA;NA;NA;NA;NA
41;"PR";4125902;"412590";"São Pedro do Paraná";"Não";"-";"Pedestres";NA;NA;NA;NA;NA;NA;NA;NA;NA;NA;NA;1;NA;NA;NA;NA;NA;NA;NA;NA;NA;NA;NA;NA;NA
41;"PR";4126009;"412600";"São Sebastião da Amoreira";"Não";"-";"Pedestres";NA;NA;NA;NA;NA;NA;NA;NA;NA;NA;NA;NA;NA;NA;NA;NA;NA;NA;NA;NA;NA;NA;NA;NA;NA
41;"PR";4126108;"412610";"São Tomé";"Não";"-";"Pedestres";NA;NA;NA;NA;NA;NA;NA;NA;NA;NA;NA;NA;NA;NA;NA;NA;NA;NA;NA;NA;NA;NA;NA;1;NA
41;"PR";4126207;"412620";"Sapopema";"Não";"-";"Pedestres";NA;NA;NA;NA;NA;1;NA;NA;1;NA;NA;NA;1;NA;NA;NA;NA;NA;NA;NA;NA;NA;NA;NA;NA
41;"PR";4126256;"412625";"Sarandi";"Não";"Região Metropolitana de Maringá";"Pedestres";6;4;8;5;2;4;6;3;4;NA;2;NA;1;1;2;1;NA;2;2;1;4;4;NA;2;NA
41;"PR";4126306;"412630";"Sengés";"Não";"-";"Pedestres";NA;NA;NA;NA;NA;2;NA;NA;1;NA;NA;NA;NA;NA;NA;NA;NA;NA;NA;NA;NA;NA;NA;NA;NA
41;"PR";4126355;"412635";"Serranópolis do Iguaçu";"Não";"-";"Pedestres";NA;NA;NA;NA;NA;NA;NA;NA;NA;NA;NA;NA;NA;NA;NA;NA;NA;NA;NA;NA;NA;NA;NA;NA;NA
41;"PR";4126405;"412640";"Sertaneja";"Não";"Região Metropolitana de Londrina";"Pedestres";NA;NA;NA;NA;NA;NA;NA;NA;NA;NA;NA;NA;NA;NA;NA;NA;NA;NA;NA;NA;NA;NA;NA;NA;NA
41;"PR";4126504;"412650";"Sertanópolis";"Não";"Região Metropolitana de Londrina";"Pedestres";NA;NA;NA;1;NA;NA;NA;NA;NA;NA;NA;NA;NA;NA;NA;1;NA;NA;NA;NA;NA;NA;NA;NA;NA
41;"PR";4126603;"412660";"Siqueira Campos";"Não";"-";"Pedestres";1;NA;NA;NA;NA;NA;NA;NA;NA;NA;NA;NA;NA;NA;NA;NA;NA;1;NA;NA;NA;NA;NA;NA;NA
41;"PR";4126678;"412667";"Tamarana";"Não";"Região Metropolitana de Londrina";"Pedestres";NA;NA;NA;NA;NA;NA;NA;NA;NA;NA;NA;NA;NA;NA;NA;NA;NA;1;NA;NA;NA;NA;NA;1;NA
41;"PR";4126702;"412670";"Tamboara";"Não";"-";"Pedestres";NA;NA;NA;1;NA;NA;NA;NA;NA;NA;NA;NA;NA;NA;NA;NA;NA;NA;NA;NA;NA;NA;NA;NA;NA
41;"PR";4126801;"412680";"Tapejara";"Não";"Região Metropolitana de Umuarama";"Pedestres";NA;NA;NA;NA;1;1;NA;NA;NA;1;NA;2;NA;NA;NA;NA;NA;NA;NA;NA;NA;1;1;NA;NA
41;"PR";4126900;"412690";"Tapira";"Não";"Região Metropolitana de Umuarama";"Pedestres";NA;NA;NA;NA;NA;NA;NA;NA;NA;NA;NA;NA;NA;1;NA;NA;NA;NA;NA;NA;NA;NA;NA;NA;NA
41;"PR";4127007;"412700";"Teixeira Soares";"Não";"-";"Pedestres";NA;NA;NA;NA;NA;NA;1;NA;NA;NA;NA;NA;NA;NA;NA;NA;NA;NA;NA;NA;NA;NA;NA;NA;NA
41;"PR";4127106;"412710";"Telêmaco Borba";"Não";"-";"Pedestres";1;NA;2;NA;3;NA;NA;1;NA;1;NA;1;NA;NA;2;1;NA;NA;NA;1;NA;NA;1;1;NA
41;"PR";4127205;"412720";"Terra Boa";"Não";"Região Metropolitana de Campo Mourão";"Pedestres";NA;NA;NA;NA;NA;NA;NA;NA;NA;NA;NA;NA;NA;NA;NA;NA;NA;NA;NA;NA;NA;NA;NA;NA;NA
41;"PR";4127304;"412730";"Terra Rica";"Não";"-";"Pedestres";NA;NA;NA;NA;NA;NA;NA;NA;NA;1;NA;NA;NA;NA;NA;NA;NA;NA;NA;NA;NA;NA;NA;NA;NA
41;"PR";4127403;"412740";"Terra Roxa";"Não";"Região Metropolitana de Toledo";"Pedestres";NA;NA;1;NA;NA;NA;NA;NA;NA;NA;NA;NA;NA;NA;NA;NA;NA;NA;NA;NA;NA;NA;NA;NA;NA
41;"PR";4127502;"412750";"Tibagi";"Não";"-";"Pedestres";NA;NA;NA;NA;NA;NA;NA;NA;NA;NA;NA;1;NA;NA;NA;NA;NA;1;NA;NA;1;NA;2;NA;NA
41;"PR";4127601;"412760";"Tijucas do Sul";"Não";"Região Metropolitana de Curitiba";"Pedestres";NA;NA;NA;NA;NA;NA;NA;NA;NA;NA;NA;NA;NA;NA;NA;NA;NA;NA;NA;NA;NA;NA;NA;NA;NA
41;"PR";4127700;"412770";"Toledo";"Não";"Região Metropolitana de Toledo";"Pedestres";2;1;2;NA;3;NA;1;2;2;NA;NA;1;1;1;2;2;3;1;NA;2;3;6;2;NA;NA
41;"PR";4127809;"412780";"Tomazina";"Não";"-";"Pedestres";NA;NA;NA;NA;NA;NA;NA;NA;NA;NA;NA;NA;NA;NA;NA;1;NA;NA;NA;NA;NA;NA;1;NA;NA
41;"PR";4127858;"412785";"Três Barras do Paraná";"Não";"Região Metropolitana de Cascavel";"Pedestres";NA;NA;NA;NA;NA;NA;NA;NA;NA;NA;NA;NA;NA;NA;1;NA;NA;NA;NA;NA;NA;NA;NA;NA;NA
41;"PR";4127882;"412788";"Tunas do Paraná";"Não";"Região Metropolitana de Curitiba";"Pedestres";NA;NA;1;NA;NA;NA;NA;NA;NA;NA;NA;NA;NA;NA;NA;NA;NA;NA;NA;NA;NA;NA;1;NA;NA
41;"PR";4127908;"412790";"Tuneiras do Oeste";"Não";"Região Metropolitana de Umuarama";"Pedestres";NA;NA;NA;NA;NA;NA;NA;NA;NA;NA;NA;NA;NA;NA;NA;NA;1;NA;1;NA;1;NA;NA;NA;NA
41;"PR";4127957;"412795";"Tupãssi";"Não";"Região Metropolitana de Toledo";"Pedestres";NA;1;NA;NA;NA;NA;NA;NA;NA;NA;NA;NA;NA;NA;NA;NA;NA;1;NA;NA;NA;NA;NA;NA;NA
41;"PR";4127965;"412796";"Turvo";"Não";"-";"Pedestres";NA;NA;NA;NA;1;NA;NA;NA;NA;1;NA;NA;NA;NA;NA;NA;NA;NA;NA;1;NA;NA;NA;NA;NA
41;"PR";4128005;"412800";"Ubiratã";"Não";"Região Metropolitana de Campo Mourão";"Pedestres";NA;NA;1;NA;NA;NA;NA;1;NA;1;1;NA;NA;NA;NA;NA;NA;NA;NA;NA;NA;2;1;NA;NA
41;"PR";4128104;"412810";"Umuarama";"Não";"Região Metropolitana de Umuarama";"Pedestres";2;2;2;2;6;1;2;3;NA;NA;NA;1;NA;1;2;4;1;2;4;2;3;1;4;3;NA
41;"PR";4128203;"412820";"União da Vitória";"Não";"-";"Pedestres";NA;1;NA;NA;NA;NA;NA;NA;NA;NA;NA;NA;NA;NA;NA;NA;NA;2;2;2;NA;NA;NA;NA;NA
41;"PR";4128302;"412830";"Uniflor";"Não";"-";"Pedestres";NA;NA;NA;NA;NA;NA;NA;NA;NA;NA;NA;NA;1;NA;NA;NA;NA;NA;NA;NA;NA;NA;1;NA;NA
41;"PR";4128401;"412840";"Uraí";"Não";"Região Metropolitana de Londrina";"Pedestres";NA;NA;NA;NA;1;1;NA;NA;NA;NA;NA;NA;NA;1;NA;NA;NA;NA;NA;NA;NA;NA;NA;NA;NA
41;"PR";4128500;"412850";"Wenceslau Braz";"Não";"-";"Pedestres";NA;NA;NA;NA;NA;NA;NA;NA;NA;NA;NA;NA;NA;NA;NA;NA;NA;1;NA;NA;NA;1;NA;NA;NA
41;"PR";4128534;"412853";"Ventania";"Não";"-";"Pedestres";NA;NA;NA;NA;NA;NA;NA;NA;NA;NA;NA;NA;NA;NA;NA;NA;NA;NA;NA;NA;NA;NA;NA;NA;NA
41;"PR";4128559;"412855";"Vera Cruz do Oeste";"Não";"Região Metropolitana de Cascavel";"Pedestres";NA;NA;NA;NA;NA;NA;NA;NA;NA;NA;NA;NA;NA;NA;NA;NA;NA;NA;NA;NA;NA;NA;NA;NA;NA
41;"PR";4128609;"412860";"Verê";"Não";"-";"Pedestres";NA;NA;NA;NA;NA;NA;NA;NA;NA;NA;NA;NA;NA;NA;NA;NA;NA;NA;NA;NA;NA;NA;NA;NA;NA
41;"PR";4128625;"412862";"Alto Paraíso";"Não";"Região Metropolitana de Umuarama";"Pedestres";NA;NA;NA;NA;NA;NA;NA;NA;NA;1;NA;NA;NA;NA;NA;NA;NA;NA;NA;NA;NA;NA;1;NA;NA
41;"PR";4128633;"412863";"Doutor Ulysses";"Não";"Região Metropolitana de Curitiba";"Pedestres";NA;NA;NA;NA;NA;NA;NA;NA;NA;NA;NA;NA;NA;NA;NA;NA;NA;NA;NA;NA;NA;NA;NA;NA;NA
41;"PR";4128658;"412865";"Virmond";"Não";"-";"Pedestres";NA;NA;NA;NA;NA;NA;NA;NA;NA;NA;NA;NA;NA;NA;NA;NA;NA;NA;NA;NA;NA;NA;NA;NA;NA
41;"PR";4128708;"412870";"Vitorino";"Não";"-";"Pedestres";NA;NA;NA;NA;NA;NA;NA;1;NA;NA;NA;1;NA;NA;NA;NA;NA;1;NA;NA;NA;NA;NA;NA;NA
41;"PR";4128807;"412880";"Xambrê";"Não";"Região Metropolitana de Umuarama";"Pedestres";NA;NA;NA;NA;NA;NA;NA;NA;NA;NA;NA;NA;NA;NA;NA;NA;NA;NA;NA;NA;NA;NA;NA;NA;NA
42;"SC";4200051;"420005";"Abdon Batista";"Não";"Região Metropolitana do Contestado";"Pedestres";NA;NA;NA;NA;NA;NA;NA;NA;NA;NA;NA;NA;NA;NA;NA;NA;NA;NA;NA;NA;NA;NA;NA;NA;NA
42;"SC";4200101;"420010";"Abelardo Luz";"Não";"Região Metropolitana do Extremo Oeste";"Pedestres";NA;NA;NA;NA;NA;NA;NA;NA;NA;NA;NA;NA;NA;NA;NA;1;NA;NA;NA;NA;NA;NA;NA;NA;NA
42;"SC";4200200;"420020";"Agrolândia";"Não";"Região Metropolitana do Alto Vale do Itajaí";"Pedestres";NA;NA;NA;NA;NA;NA;1;1;NA;NA;NA;NA;NA;NA;NA;NA;NA;NA;NA;NA;NA;NA;NA;1;NA
42;"SC";4200309;"420030";"Agronômica";"Não";"Região Metropolitana do Alto Vale do Itajaí";"Pedestres";NA;NA;NA;NA;NA;NA;NA;NA;NA;1;NA;NA;NA;NA;NA;NA;NA;NA;NA;NA;NA;NA;NA;NA;NA
42;"SC";4200408;"420040";"Água Doce";"Não";"Região Metropolitana do Contestado";"Pedestres";1;NA;NA;NA;NA;NA;NA;NA;NA;NA;NA;NA;NA;NA;NA;NA;NA;NA;NA;NA;NA;NA;NA;NA;NA
42;"SC";4200507;"420050";"Águas de Chapecó";"Não";"Região Metropolitana de Chapecó";"Pedestres";1;NA;NA;NA;NA;NA;NA;NA;NA;NA;NA;NA;NA;NA;NA;NA;NA;NA;NA;NA;NA;NA;NA;NA;NA
42;"SC";4200556;"420055";"Águas Frias";"Não";"Região Metropolitana de Chapecó";"Pedestres";NA;NA;NA;NA;NA;NA;NA;NA;NA;NA;NA;NA;NA;NA;NA;NA;NA;NA;NA;NA;NA;NA;NA;NA;NA
42;"SC";4200606;"420060";"Águas Mornas";"Não";"Região Metropolitana de Florianópolis";"Pedestres";NA;NA;NA;NA;NA;NA;NA;NA;NA;NA;NA;NA;NA;NA;NA;NA;NA;NA;NA;NA;NA;NA;NA;NA;NA
42;"SC";4200705;"420070";"Alfredo Wagner";"Não";"Região Metropolitana de Florianópolis";"Pedestres";NA;NA;NA;NA;NA;NA;NA;NA;NA;NA;NA;NA;NA;NA;NA;NA;NA;NA;NA;NA;NA;NA;1;NA;NA
42;"SC";4200804;"420080";"Anchieta";"Não";"Região Metropolitana do Extremo Oeste";"Pedestres";NA;NA;NA;NA;NA;NA;NA;NA;NA;NA;NA;NA;NA;NA;NA;NA;NA;NA;NA;NA;NA;1;NA;NA;NA
42;"SC";4200903;"420090";"Angelina";"Não";"Região Metropolitana de Florianópolis";"Pedestres";NA;NA;NA;NA;NA;NA;NA;NA;NA;NA;NA;NA;NA;NA;NA;NA;NA;NA;NA;NA;NA;NA;NA;NA;NA
42;"SC";4201000;"420100";"Anita Garibaldi";"Não";"Região Metropolitana de Lages";"Pedestres";NA;NA;NA;NA;NA;NA;NA;NA;NA;NA;NA;NA;NA;NA;NA;NA;NA;NA;NA;NA;NA;NA;NA;NA;NA
42;"SC";4201109;"420110";"Anitápolis";"Não";"Região Metropolitana de Florianópolis";"Pedestres";NA;NA;NA;NA;NA;NA;NA;NA;NA;NA;NA;NA;NA;NA;NA;NA;NA;NA;NA;NA;NA;NA;NA;NA;NA
42;"SC";4201208;"420120";"Antônio Carlos";"Não";"Região Metropolitana de Florianópolis";"Pedestres";NA;NA;NA;NA;NA;NA;NA;NA;NA;NA;NA;NA;NA;NA;NA;NA;NA;NA;NA;NA;NA;NA;NA;NA;NA
42;"SC";4201257;"420125";"Apiúna";"Não";"Região Metropolitana do Vale do Itajaí";"Pedestres";NA;NA;NA;NA;NA;NA;NA;NA;NA;1;NA;NA;NA;NA;NA;NA;1;NA;NA;NA;NA;NA;NA;NA;NA
42;"SC";4201273;"420127";"Arabutã";"Não";"Região Metropolitana do Contestado";"Pedestres";NA;NA;NA;NA;NA;NA;NA;NA;NA;NA;NA;NA;NA;NA;NA;NA;NA;NA;NA;NA;NA;NA;NA;NA;NA
42;"SC";4201307;"420130";"Araquari";"Não";"Região Metropolitana de Joinville";"Pedestres";1;NA;2;NA;1;1;NA;NA;NA;NA;NA;2;NA;NA;1;2;2;1;1;2;NA;2;1;1;NA
42;"SC";4201406;"420140";"Araranguá";"Não";"Região Metropolitana Carbonífera";"Pedestres";1;1;NA;NA;NA;1;NA;NA;NA;NA;NA;NA;NA;NA;1;NA;NA;NA;NA;NA;NA;NA;NA;1;NA
42;"SC";4201505;"420150";"Armazém";"Não";"Região Metropolitana de Tubarão";"Pedestres";NA;NA;NA;NA;NA;NA;NA;NA;NA;NA;NA;NA;NA;NA;NA;NA;NA;NA;NA;NA;NA;NA;NA;NA;NA
42;"SC";4201604;"420160";"Arroio Trinta";"Não";"Região Metropolitana do Contestado";"Pedestres";NA;NA;NA;NA;NA;NA;NA;NA;NA;NA;NA;NA;NA;NA;NA;NA;NA;NA;NA;NA;NA;NA;NA;NA;NA
42;"SC";4201653;"420165";"Arvoredo";"Não";"Região Metropolitana de Chapecó";"Pedestres";NA;NA;NA;NA;NA;NA;1;NA;NA;NA;NA;NA;NA;NA;NA;NA;NA;NA;NA;NA;NA;NA;NA;NA;NA
42;"SC";4201703;"420170";"Ascurra";"Não";"Região Metropolitana do Vale do Itajaí";"Pedestres";1;NA;NA;NA;NA;NA;NA;NA;NA;NA;NA;NA;NA;NA;NA;NA;NA;NA;NA;NA;NA;NA;NA;NA;NA
42;"SC";4201901;"420190";"Aurora";"Não";"Região Metropolitana do Alto Vale do Itajaí";"Pedestres";NA;NA;NA;NA;NA;NA;NA;NA;NA;NA;NA;NA;NA;NA;NA;NA;NA;NA;NA;NA;1;NA;NA;NA;NA
42;"SC";4201950;"420195";"Balneário Arroio do Silva";"Não";"Região Metropolitana Carbonífera";"Pedestres";NA;NA;NA;NA;NA;NA;NA;NA;NA;NA;NA;NA;NA;NA;NA;NA;NA;NA;1;NA;NA;NA;NA;NA;NA
42;"SC";4202008;"420200";"Balneário Camboriú";"Não";"Região Metropolitana da Foz do Rio Itajaí";"Pedestres";3;2;1;NA;1;NA;NA;NA;1;NA;3;4;1;1;NA;NA;NA;NA;NA;2;NA;1;1;2;NA
42;"SC";4202057;"420205";"Balneário Barra do Sul";"Não";"Região Metropolitana de Joinville";"Pedestres";NA;NA;NA;NA;NA;NA;NA;NA;NA;NA;NA;NA;NA;NA;NA;NA;NA;NA;NA;NA;NA;NA;NA;NA;NA
42;"SC";4202073;"420207";"Balneário Gaivota";"Não";"Região Metropolitana Carbonífera";"Pedestres";NA;NA;NA;NA;NA;NA;NA;NA;NA;NA;NA;NA;NA;NA;NA;NA;NA;NA;NA;NA;NA;NA;NA;NA;NA
42;"SC";4202107;"420210";"Barra Velha";"Não";"Região Metropolitana de Jaraguá do Sul";"Pedestres";NA;1;NA;NA;NA;1;1;NA;NA;NA;NA;NA;NA;NA;NA;1;NA;NA;NA;1;NA;NA;NA;NA;NA
42;"SC";4202131;"420213";"Bela Vista do Toldo";"Não";"Região Metropolitana do Planalto Norte";"Pedestres";NA;NA;NA;NA;NA;NA;NA;NA;NA;NA;NA;NA;NA;NA;NA;NA;NA;NA;NA;NA;NA;NA;NA;NA;NA
42;"SC";4202156;"420215";"Belmonte";"Não";"Região Metropolitana do Extremo Oeste";"Pedestres";NA;NA;1;NA;NA;NA;NA;NA;NA;NA;NA;NA;NA;NA;NA;NA;NA;NA;NA;NA;NA;NA;NA;NA;NA
42;"SC";4202206;"420220";"Benedito Novo";"Não";"Região Metropolitana do Vale do Itajaí";"Pedestres";NA;NA;NA;NA;NA;NA;NA;NA;NA;NA;NA;NA;NA;NA;NA;NA;NA;NA;NA;NA;NA;NA;NA;NA;NA
42;"SC";4202305;"420230";"Biguaçu";"Não";"Região Metropolitana de Florianópolis";"Pedestres";2;2;NA;2;NA;NA;2;1;1;NA;NA;NA;NA;1;3;NA;1;1;NA;NA;1;NA;2;NA;NA
42;"SC";4202404;"420240";"Blumenau";"Não";"Região Metropolitana do Vale do Itajaí";"Pedestres";NA;NA;NA;NA;NA;NA;NA;1;NA;2;NA;1;1;NA;2;2;2;2;1;NA;1;1;2;1;NA
42;"SC";4202438;"420243";"Bocaina do Sul";"Não";"Região Metropolitana de Lages";"Pedestres";NA;NA;NA;NA;NA;NA;NA;NA;NA;NA;NA;NA;NA;NA;NA;NA;NA;NA;NA;NA;NA;NA;NA;NA;NA
42;"SC";4202453;"420245";"Bombinhas";"Não";"Região Metropolitana da Foz do Rio Itajaí";"Pedestres";NA;NA;NA;NA;NA;NA;NA;NA;NA;NA;NA;NA;NA;NA;NA;NA;NA;NA;NA;NA;NA;NA;NA;NA;NA
42;"SC";4202503;"420250";"Bom Jardim da Serra";"Não";"Região Metropolitana de Lages";"Pedestres";NA;NA;NA;NA;NA;NA;NA;NA;NA;NA;NA;NA;NA;NA;NA;NA;NA;1;NA;NA;NA;NA;NA;NA;NA
42;"SC";4202537;"420253";"Bom Jesus";"Não";"Região Metropolitana do Extremo Oeste";"Pedestres";NA;NA;NA;NA;NA;NA;NA;NA;NA;NA;NA;NA;NA;NA;NA;NA;NA;NA;NA;NA;NA;NA;NA;NA;NA
42;"SC";4202602;"420260";"Bom Retiro";"Não";"Região Metropolitana de Lages";"Pedestres";NA;NA;NA;NA;NA;NA;NA;NA;NA;NA;NA;NA;NA;NA;NA;1;NA;1;NA;NA;NA;NA;NA;NA;NA
42;"SC";4202701;"420270";"Botuverá";"Não";"Região Metropolitana do Vale do Itajaí";"Pedestres";NA;NA;NA;NA;NA;NA;NA;NA;NA;NA;NA;NA;NA;NA;NA;NA;NA;NA;NA;NA;NA;NA;NA;NA;NA
42;"SC";4202800;"420280";"Braço do Norte";"Não";"Região Metropolitana de Tubarão";"Pedestres";NA;NA;NA;NA;NA;NA;NA;NA;NA;NA;NA;NA;NA;NA;NA;NA;NA;NA;NA;1;NA;NA;NA;NA;NA
42;"SC";4202859;"420285";"Braço do Trombudo";"Não";"Região Metropolitana do Alto Vale do Itajaí";"Pedestres";NA;NA;NA;NA;NA;NA;NA;NA;NA;NA;NA;NA;NA;NA;NA;NA;NA;NA;NA;NA;NA;NA;NA;NA;NA
42;"SC";4202875;"420287";"Brunópolis";"Não";"Região Metropolitana do Contestado";"Pedestres";NA;NA;NA;NA;NA;NA;NA;NA;NA;NA;NA;NA;NA;NA;NA;NA;NA;NA;NA;NA;NA;NA;NA;NA;NA
42;"SC";4202909;"420290";"Brusque";"Não";"Região Metropolitana do Vale do Itajaí";"Pedestres";NA;NA;NA;NA;NA;NA;1;NA;1;NA;NA;NA;NA;NA;NA;NA;1;1;NA;NA;1;1;NA;1;NA
42;"SC";4203006;"420300";"Caçador";"Não";"Região Metropolitana do Contestado";"Pedestres";NA;2;NA;NA;NA;NA;NA;NA;3;1;1;1;2;NA;2;NA;1;2;NA;NA;1;NA;2;1;NA
42;"SC";4203105;"420310";"Caibi";"Não";"Região Metropolitana do Extremo Oeste";"Pedestres";NA;1;NA;NA;NA;NA;NA;NA;NA;NA;NA;NA;NA;NA;NA;NA;NA;NA;NA;NA;NA;NA;NA;NA;NA
42;"SC";4203204;"420320";"Camboriú";"Não";"Região Metropolitana da Foz do Rio Itajaí";"Pedestres";NA;1;NA;NA;NA;NA;NA;NA;NA;NA;NA;NA;1;NA;NA;NA;NA;NA;NA;NA;1;NA;NA;1;NA
42;"SC";4203253;"420325";"Capão Alto";"Não";"Região Metropolitana de Lages";"Pedestres";NA;NA;NA;NA;NA;NA;NA;NA;NA;NA;NA;1;NA;NA;NA;NA;NA;NA;NA;NA;NA;NA;NA;NA;NA
42;"SC";4203303;"420330";"Campo Alegre";"Não";"Região Metropolitana de Joinville";"Pedestres";NA;NA;NA;NA;NA;NA;NA;NA;NA;NA;NA;NA;NA;NA;NA;NA;NA;NA;NA;NA;NA;NA;NA;NA;NA
42;"SC";4203402;"420340";"Campo Belo do Sul";"Não";"Região Metropolitana de Lages";"Pedestres";NA;NA;NA;NA;NA;NA;NA;NA;NA;NA;NA;NA;NA;NA;NA;NA;NA;NA;NA;NA;NA;NA;NA;NA;NA
42;"SC";4203501;"420350";"Campo Erê";"Não";"Região Metropolitana do Extremo Oeste";"Pedestres";NA;NA;NA;NA;NA;NA;NA;NA;1;NA;NA;NA;NA;NA;NA;NA;NA;NA;NA;NA;NA;NA;NA;NA;NA
42;"SC";4203600;"420360";"Campos Novos";"Não";"Região Metropolitana do Contestado";"Pedestres";NA;NA;NA;NA;NA;NA;NA;1;NA;NA;NA;1;1;NA;NA;1;NA;NA;NA;1;NA;NA;NA;NA;NA
42;"SC";4203709;"420370";"Canelinha";"Não";"Região Metropolitana de Florianópolis";"Pedestres";NA;NA;NA;1;NA;NA;NA;NA;NA;NA;NA;NA;NA;NA;NA;NA;NA;NA;NA;NA;NA;NA;NA;NA;NA
42;"SC";4203808;"420380";"Canoinhas";"Não";"Região Metropolitana do Planalto Norte";"Pedestres";NA;NA;NA;NA;NA;NA;NA;NA;NA;NA;NA;1;NA;NA;NA;NA;NA;NA;1;NA;1;NA;NA;NA;NA
42;"SC";4203907;"420390";"Capinzal";"Não";"Região Metropolitana do Contestado";"Pedestres";NA;NA;NA;NA;NA;NA;NA;NA;NA;NA;NA;NA;NA;NA;NA;NA;NA;NA;NA;NA;NA;NA;NA;NA;NA
42;"SC";4203956;"420395";"Capivari de Baixo";"Não";"Região Metropolitana de Tubarão";"Pedestres";NA;NA;NA;NA;NA;NA;NA;NA;NA;NA;NA;NA;NA;NA;NA;NA;NA;NA;NA;NA;NA;NA;NA;NA;NA
42;"SC";4204004;"420400";"Catanduvas";"Não";"Região Metropolitana do Contestado";"Pedestres";NA;1;NA;NA;NA;NA;NA;NA;NA;NA;NA;NA;NA;NA;NA;NA;NA;NA;NA;NA;2;NA;NA;NA;NA
42;"SC";4204103;"420410";"Caxambu do Sul";"Não";"Região Metropolitana de Chapecó";"Pedestres";NA;NA;NA;NA;NA;NA;NA;NA;NA;NA;NA;NA;NA;NA;NA;NA;NA;NA;NA;NA;NA;NA;NA;NA;NA
42;"SC";4204178;"420417";"Cerro Negro";"Não";"Região Metropolitana de Lages";"Pedestres";NA;NA;NA;NA;NA;NA;NA;NA;NA;NA;NA;NA;NA;NA;NA;NA;NA;NA;NA;NA;NA;NA;NA;NA;NA
42;"SC";4204202;"420420";"Chapecó";"Não";"Região Metropolitana de Chapecó";"Pedestres";1;1;1;NA;1;1;NA;NA;3;3;1;1;1;NA;NA;NA;NA;2;1;3;NA;NA;NA;2;NA
42;"SC";4204251;"420425";"Cocal do Sul";"Não";"Região Metropolitana Carbonífera";"Pedestres";NA;NA;NA;NA;NA;NA;NA;NA;NA;NA;NA;NA;NA;NA;NA;NA;NA;NA;NA;NA;NA;NA;NA;NA;NA
42;"SC";4204301;"420430";"Concórdia";"Não";"Região Metropolitana do Contestado";"Pedestres";NA;1;NA;2;1;NA;1;NA;NA;NA;NA;1;NA;NA;NA;NA;NA;NA;1;1;NA;NA;1;1;NA
42;"SC";4204400;"420440";"Coronel Freitas";"Não";"Região Metropolitana de Chapecó";"Pedestres";1;NA;NA;NA;NA;NA;NA;NA;NA;NA;NA;NA;NA;NA;NA;NA;NA;NA;NA;NA;NA;NA;NA;NA;NA
42;"SC";4204509;"420450";"Corupá";"Não";"Região Metropolitana de Jaraguá do Sul";"Pedestres";NA;NA;NA;NA;NA;NA;NA;NA;NA;NA;NA;NA;NA;NA;NA;NA;NA;NA;NA;NA;NA;NA;NA;NA;NA
42;"SC";4204558;"420455";"Correia Pinto";"Não";"Região Metropolitana de Lages";"Pedestres";NA;NA;NA;NA;NA;NA;NA;NA;NA;NA;NA;NA;NA;1;NA;NA;NA;NA;NA;NA;NA;NA;NA;NA;NA
42;"SC";4204608;"420460";"Criciúma";"Não";"Região Metropolitana Carbonífera";"Pedestres";NA;1;3;1;3;1;NA;1;NA;3;NA;1;1;NA;NA;NA;NA;NA;NA;NA;NA;NA;1;1;NA
42;"SC";4204707;"420470";"Cunha Porã";"Não";"Região Metropolitana do Extremo Oeste";"Pedestres";NA;NA;NA;NA;NA;NA;NA;NA;NA;NA;NA;NA;NA;NA;NA;NA;NA;NA;NA;NA;NA;NA;NA;NA;NA
42;"SC";4204806;"420480";"Curitibanos";"Não";"Região Metropolitana de Lages";"Pedestres";NA;NA;NA;NA;1;1;NA;NA;NA;NA;NA;1;NA;NA;NA;NA;NA;NA;NA;NA;NA;NA;1;NA;NA
42;"SC";4204905;"420490";"Descanso";"Não";"Região Metropolitana do Extremo Oeste";"Pedestres";NA;NA;NA;NA;NA;1;NA;NA;NA;NA;1;NA;NA;NA;NA;NA;NA;NA;NA;NA;NA;NA;NA;NA;NA
42;"SC";4205001;"420500";"Dionísio Cerqueira";"Não";"Região Metropolitana do Extremo Oeste";"Pedestres";NA;NA;NA;NA;NA;NA;NA;NA;1;NA;NA;NA;NA;NA;NA;NA;NA;NA;NA;1;NA;NA;NA;1;NA
42;"SC";4205100;"420510";"Dona Emma";"Não";"Região Metropolitana do Alto Vale do Itajaí";"Pedestres";NA;NA;NA;NA;NA;NA;NA;NA;NA;NA;NA;NA;NA;NA;NA;NA;NA;NA;NA;NA;NA;NA;NA;NA;NA
42;"SC";4205159;"420515";"Doutor Pedrinho";"Não";"Região Metropolitana do Vale do Itajaí";"Pedestres";NA;NA;NA;NA;NA;NA;NA;NA;NA;NA;NA;NA;NA;NA;NA;NA;NA;NA;NA;NA;NA;NA;NA;NA;NA
42;"SC";4205175;"420517";"Entre Rios";"Não";"Região Metropolitana do Extremo Oeste";"Pedestres";NA;NA;NA;NA;NA;NA;NA;NA;NA;NA;NA;NA;NA;NA;NA;NA;NA;NA;NA;NA;NA;NA;NA;NA;NA
42;"SC";4205209;"420520";"Erval Velho";"Não";"Região Metropolitana do Contestado";"Pedestres";NA;NA;NA;NA;NA;NA;NA;NA;NA;NA;NA;NA;NA;NA;NA;NA;NA;NA;NA;NA;NA;NA;NA;NA;NA
42;"SC";4205308;"420530";"Faxinal dos Guedes";"Não";"Região Metropolitana de Chapecó";"Pedestres";NA;NA;NA;NA;NA;NA;NA;1;NA;NA;NA;NA;NA;NA;NA;NA;NA;NA;NA;NA;NA;NA;NA;NA;NA
42;"SC";4205357;"420535";"Flor do Sertão";"Não";"Região Metropolitana do Extremo Oeste";"Pedestres";NA;NA;NA;NA;NA;NA;NA;NA;NA;NA;NA;NA;NA;NA;NA;NA;NA;NA;NA;NA;NA;NA;NA;NA;NA
42;"SC";4205407;"420540";"Florianópolis";"Sim";"Região Metropolitana de Florianópolis";"Pedestres";5;6;3;1;1;3;5;4;3;1;4;4;2;NA;2;2;6;1;1;5;5;2;2;3;NA
42;"SC";4205431;"420543";"Formosa do Sul";"Não";"Região Metropolitana do Extremo Oeste";"Pedestres";NA;NA;NA;NA;NA;NA;NA;NA;NA;NA;1;NA;NA;NA;NA;NA;NA;NA;NA;NA;NA;NA;NA;NA;NA
42;"SC";4205456;"420545";"Forquilhinha";"Não";"Região Metropolitana Carbonífera";"Pedestres";NA;NA;NA;NA;NA;NA;NA;NA;NA;NA;NA;NA;NA;NA;NA;NA;1;NA;NA;NA;NA;NA;NA;NA;NA
42;"SC";4205506;"420550";"Fraiburgo";"Não";"Região Metropolitana do Contestado";"Pedestres";NA;NA;2;NA;3;NA;NA;NA;NA;NA;1;1;NA;NA;NA;NA;NA;NA;1;NA;NA;NA;NA;1;NA
42;"SC";4205555;"420555";"Frei Rogério";"Não";"Região Metropolitana de Lages";"Pedestres";NA;NA;NA;NA;NA;NA;NA;NA;NA;NA;NA;NA;NA;NA;NA;NA;NA;NA;NA;NA;NA;NA;NA;NA;NA
42;"SC";4205605;"420560";"Galvão";"Não";"Região Metropolitana do Extremo Oeste";"Pedestres";NA;NA;NA;NA;NA;1;NA;NA;NA;1;NA;NA;NA;NA;NA;NA;NA;NA;NA;NA;NA;NA;NA;NA;NA
42;"SC";4205704;"420570";"Garopaba";"Não";"Região Metropolitana de Florianópolis";"Pedestres";NA;NA;NA;NA;NA;NA;NA;NA;NA;NA;NA;NA;NA;NA;NA;NA;NA;NA;NA;NA;NA;NA;NA;NA;NA
42;"SC";4205803;"420580";"Garuva";"Não";"Região Metropolitana de Joinville";"Pedestres";NA;NA;NA;NA;NA;NA;NA;NA;NA;1;NA;1;2;NA;1;NA;NA;3;NA;NA;NA;NA;NA;NA;NA
42;"SC";4205902;"420590";"Gaspar";"Não";"Região Metropolitana do Vale do Itajaí";"Pedestres";NA;NA;NA;NA;NA;NA;NA;NA;NA;NA;1;NA;NA;NA;NA;NA;NA;NA;NA;1;NA;NA;NA;1;NA
42;"SC";4206009;"420600";"Governador Celso Ramos";"Não";"Região Metropolitana de Florianópolis";"Pedestres";NA;NA;NA;NA;NA;NA;NA;NA;NA;NA;NA;NA;NA;NA;NA;NA;NA;1;NA;NA;NA;NA;NA;NA;NA
42;"SC";4206108;"420610";"Grão-Pará";"Não";"Região Metropolitana de Tubarão";"Pedestres";NA;NA;NA;NA;NA;NA;NA;NA;NA;NA;NA;NA;NA;NA;NA;NA;NA;NA;NA;NA;NA;NA;NA;NA;NA
42;"SC";4206207;"420620";"Gravatal";"Não";"Região Metropolitana de Tubarão";"Pedestres";NA;NA;NA;NA;NA;NA;NA;NA;NA;1;NA;NA;NA;NA;NA;NA;NA;NA;NA;NA;NA;NA;NA;NA;NA
42;"SC";4206306;"420630";"Guabiruba";"Não";"Região Metropolitana do Vale do Itajaí";"Pedestres";NA;NA;NA;NA;NA;NA;NA;NA;NA;NA;NA;NA;NA;NA;NA;NA;NA;NA;NA;NA;NA;NA;NA;NA;NA
42;"SC";4206405;"420640";"Guaraciaba";"Não";"Região Metropolitana do Extremo Oeste";"Pedestres";NA;NA;NA;NA;NA;NA;NA;NA;NA;NA;NA;NA;NA;NA;NA;NA;NA;NA;1;NA;NA;NA;NA;NA;NA
42;"SC";4206504;"420650";"Guaramirim";"Não";"Região Metropolitana de Jaraguá do Sul";"Pedestres";NA;1;NA;NA;NA;NA;1;1;NA;NA;NA;1;NA;NA;NA;NA;NA;NA;1;1;NA;NA;NA;NA;NA
42;"SC";4206603;"420660";"Guarujá do Sul";"Não";"Região Metropolitana do Extremo Oeste";"Pedestres";NA;NA;NA;NA;NA;NA;NA;NA;NA;NA;NA;NA;NA;NA;NA;1;NA;NA;NA;NA;NA;NA;NA;NA;NA
42;"SC";4206652;"420665";"Guatambú";"Não";"Região Metropolitana de Chapecó";"Pedestres";NA;NA;NA;NA;NA;NA;NA;NA;NA;NA;NA;NA;NA;NA;NA;NA;NA;NA;NA;NA;NA;NA;NA;NA;NA
42;"SC";4206702;"420670";"Herval d'Oeste";"Não";"Região Metropolitana do Contestado";"Pedestres";NA;NA;NA;NA;NA;NA;NA;NA;NA;NA;NA;NA;NA;NA;NA;NA;NA;NA;NA;NA;NA;NA;NA;NA;NA
42;"SC";4206801;"420680";"Ibicaré";"Não";"Região Metropolitana do Contestado";"Pedestres";NA;NA;NA;NA;NA;NA;NA;NA;NA;NA;NA;NA;NA;NA;NA;NA;NA;NA;NA;NA;NA;NA;NA;NA;NA
42;"SC";4206900;"420690";"Ibirama";"Não";"Região Metropolitana do Alto Vale do Itajaí";"Pedestres";NA;NA;NA;NA;NA;NA;NA;NA;NA;NA;NA;NA;NA;NA;NA;NA;NA;NA;NA;1;NA;NA;NA;NA;NA
42;"SC";4207007;"420700";"Içara";"Não";"Região Metropolitana Carbonífera";"Pedestres";NA;NA;NA;NA;NA;NA;NA;NA;NA;NA;NA;NA;1;NA;NA;NA;NA;NA;1;1;NA;NA;NA;2;NA
42;"SC";4207106;"420710";"Ilhota";"Não";"Região Metropolitana do Vale do Itajaí";"Pedestres";1;NA;NA;NA;NA;NA;NA;NA;NA;NA;NA;1;NA;NA;NA;NA;1;NA;NA;NA;NA;NA;NA;NA;NA
42;"SC";4207205;"420720";"Imaruí";"Não";"Região Metropolitana de Tubarão";"Pedestres";NA;NA;NA;NA;NA;NA;NA;NA;NA;NA;NA;NA;NA;NA;NA;NA;NA;NA;NA;NA;NA;NA;NA;NA;NA
42;"SC";4207304;"420730";"Imbituba";"Não";"Região Metropolitana de Tubarão";"Pedestres";NA;NA;1;NA;NA;NA;NA;NA;NA;NA;1;NA;NA;NA;1;NA;NA;2;NA;1;2;NA;NA;NA;NA
42;"SC";4207403;"420740";"Imbuia";"Não";"Região Metropolitana do Alto Vale do Itajaí";"Pedestres";NA;NA;NA;NA;NA;NA;NA;NA;NA;NA;NA;NA;NA;NA;NA;NA;NA;NA;NA;NA;NA;NA;NA;NA;NA
42;"SC";4207502;"420750";"Indaial";"Não";"Região Metropolitana do Vale do Itajaí";"Pedestres";1;1;NA;1;NA;2;NA;NA;1;NA;NA;NA;1;NA;NA;1;1;NA;NA;NA;1;1;NA;NA;NA
42;"SC";4207601;"420760";"Ipira";"Não";"Região Metropolitana do Contestado";"Pedestres";NA;NA;NA;NA;NA;NA;NA;NA;NA;NA;NA;NA;NA;NA;NA;NA;NA;NA;NA;NA;NA;NA;NA;NA;NA
42;"SC";4207650;"420765";"Iporã do Oeste";"Não";"Região Metropolitana do Extremo Oeste";"Pedestres";NA;NA;NA;NA;NA;NA;NA;NA;NA;1;NA;NA;NA;NA;NA;NA;NA;NA;NA;NA;NA;NA;NA;NA;NA
42;"SC";4207684;"420768";"Ipuaçu";"Não";"Região Metropolitana do Extremo Oeste";"Pedestres";NA;NA;NA;NA;NA;NA;NA;NA;NA;NA;NA;NA;NA;NA;NA;NA;NA;NA;NA;NA;NA;NA;NA;NA;NA
42;"SC";4207700;"420770";"Ipumirim";"Não";"Região Metropolitana do Contestado";"Pedestres";NA;NA;NA;NA;NA;NA;NA;NA;NA;NA;NA;NA;NA;NA;NA;NA;NA;NA;NA;NA;NA;NA;NA;NA;NA
42;"SC";4207759;"420775";"Iraceminha";"Não";"Região Metropolitana do Extremo Oeste";"Pedestres";NA;NA;NA;NA;NA;NA;NA;NA;NA;NA;1;NA;NA;NA;NA;NA;NA;NA;NA;NA;NA;NA;NA;NA;NA
42;"SC";4207809;"420780";"Irani";"Não";"Região Metropolitana do Contestado";"Pedestres";NA;1;NA;1;NA;NA;NA;NA;NA;2;NA;NA;1;NA;NA;NA;NA;NA;NA;NA;NA;NA;NA;NA;NA
42;"SC";4207858;"420785";"Irati";"Não";"Região Metropolitana do Extremo Oeste";"Pedestres";NA;NA;NA;NA;NA;NA;NA;NA;NA;NA;NA;NA;NA;NA;NA;NA;NA;NA;NA;NA;NA;NA;NA;1;NA
42;"SC";4207908;"420790";"Irineópolis";"Não";"Região Metropolitana do Planalto Norte";"Pedestres";NA;NA;NA;NA;NA;NA;NA;NA;NA;NA;NA;NA;NA;NA;NA;NA;NA;NA;NA;NA;NA;NA;NA;NA;NA
42;"SC";4208005;"420800";"Itá";"Não";"Região Metropolitana de Chapecó";"Pedestres";NA;NA;NA;NA;NA;NA;NA;NA;NA;NA;NA;NA;NA;NA;NA;NA;NA;NA;NA;NA;NA;NA;NA;NA;NA
42;"SC";4208104;"420810";"Itaiópolis";"Não";"Região Metropolitana do Planalto Norte";"Pedestres";NA;NA;NA;1;NA;NA;NA;NA;NA;NA;NA;1;NA;NA;NA;1;NA;NA;NA;NA;NA;NA;NA;NA;NA
42;"SC";4208203;"420820";"Itajaí";"Não";"Região Metropolitana da Foz do Rio Itajaí";"Pedestres";2;1;NA;NA;2;NA;2;3;2;1;2;NA;3;1;NA;1;1;1;1;4;3;1;NA;4;NA
42;"SC";4208302;"420830";"Itapema";"Não";"Região Metropolitana da Foz do Rio Itajaí";"Pedestres";NA;NA;1;NA;NA;2;2;3;NA;NA;NA;1;NA;NA;NA;NA;1;NA;NA;NA;NA;NA;1;NA;NA
42;"SC";4208401;"420840";"Itapiranga";"Não";"Região Metropolitana do Extremo Oeste";"Pedestres";NA;NA;1;NA;NA;NA;NA;NA;NA;NA;NA;NA;NA;NA;NA;NA;NA;NA;NA;NA;NA;NA;NA;NA;NA
42;"SC";4208450;"420845";"Itapoá";"Não";"Região Metropolitana de Joinville";"Pedestres";NA;NA;NA;NA;NA;NA;NA;NA;NA;NA;NA;NA;NA;NA;NA;NA;NA;NA;NA;NA;NA;NA;NA;NA;NA
42;"SC";4208500;"420850";"Ituporanga";"Não";"Região Metropolitana do Alto Vale do Itajaí";"Pedestres";NA;1;NA;NA;NA;NA;NA;NA;NA;NA;NA;NA;1;NA;NA;NA;NA;NA;NA;NA;NA;NA;NA;NA;NA
42;"SC";4208609;"420860";"Jaborá";"Não";"Região Metropolitana do Contestado";"Pedestres";NA;NA;NA;NA;NA;NA;NA;NA;NA;NA;NA;NA;NA;NA;NA;NA;NA;NA;NA;NA;NA;NA;NA;NA;NA
42;"SC";4208708;"420870";"Jacinto Machado";"Não";"Região Metropolitana Carbonífera";"Pedestres";NA;1;NA;NA;NA;NA;NA;NA;NA;NA;NA;NA;NA;NA;NA;NA;NA;NA;NA;NA;NA;NA;NA;NA;NA
42;"SC";4208807;"420880";"Jaguaruna";"Não";"Região Metropolitana de Tubarão";"Pedestres";NA;NA;NA;NA;NA;1;NA;NA;NA;NA;NA;NA;NA;NA;1;NA;NA;NA;NA;NA;NA;NA;NA;NA;NA
42;"SC";4208906;"420890";"Jaraguá do Sul";"Não";"Região Metropolitana de Jaraguá do Sul";"Pedestres";1;NA;1;NA;1;NA;NA;NA;NA;1;NA;1;NA;NA;2;NA;NA;1;1;3;1;NA;1;2;NA
42;"SC";4209003;"420900";"Joaçaba";"Não";"Região Metropolitana do Contestado";"Pedestres";NA;NA;NA;1;1;NA;1;NA;NA;NA;NA;1;NA;NA;NA;NA;NA;1;NA;1;NA;NA;1;NA;NA
42;"SC";4209102;"420910";"Joinville";"Não";"Região Metropolitana de Joinville";"Pedestres";1;2;2;1;NA;2;2;3;3;3;5;5;5;1;2;2;4;4;4;3;1;7;3;5;NA
42;"SC";4209151;"420915";"José Boiteux";"Não";"Região Metropolitana do Alto Vale do Itajaí";"Pedestres";NA;NA;NA;NA;NA;NA;NA;NA;NA;NA;NA;NA;NA;NA;NA;NA;NA;NA;NA;NA;1;NA;NA;NA;NA
42;"SC";4209177;"420917";"Jupiá";"Não";"Região Metropolitana do Extremo Oeste";"Pedestres";NA;NA;NA;NA;NA;NA;NA;NA;NA;NA;NA;NA;NA;NA;NA;NA;NA;NA;NA;NA;NA;NA;NA;NA;NA
42;"SC";4209201;"420920";"Lacerdópolis";"Não";"Região Metropolitana do Contestado";"Pedestres";NA;NA;NA;NA;NA;NA;NA;NA;NA;NA;NA;NA;NA;NA;NA;NA;NA;NA;1;NA;NA;NA;NA;NA;NA
42;"SC";4209300;"420930";"Lages";"Não";"Região Metropolitana de Lages";"Pedestres";NA;2;NA;NA;NA;NA;NA;NA;2;1;NA;1;4;NA;1;2;2;NA;4;NA;2;4;3;2;NA
42;"SC";4209409;"420940";"Laguna";"Não";"Região Metropolitana de Tubarão";"Pedestres";1;NA;NA;NA;1;2;NA;NA;NA;NA;NA;NA;NA;NA;NA;1;NA;1;NA;NA;NA;3;NA;NA;NA
42;"SC";4209458;"420945";"Lajeado Grande";"Não";"Região Metropolitana de Chapecó";"Pedestres";NA;NA;NA;NA;NA;NA;NA;NA;NA;NA;NA;NA;NA;NA;NA;NA;1;1;NA;NA;NA;NA;NA;NA;NA
42;"SC";4209508;"420950";"Laurentino";"Não";"Região Metropolitana do Alto Vale do Itajaí";"Pedestres";NA;NA;NA;NA;NA;NA;NA;NA;NA;NA;NA;NA;NA;NA;NA;NA;NA;1;NA;NA;NA;NA;NA;NA;NA
42;"SC";4209607;"420960";"Lauro Müller";"Não";"Região Metropolitana Carbonífera";"Pedestres";NA;NA;NA;NA;NA;NA;NA;NA;NA;NA;NA;NA;NA;NA;NA;NA;NA;NA;NA;NA;NA;NA;NA;NA;NA
42;"SC";4209706;"420970";"Lebon Régis";"Não";"Região Metropolitana do Contestado";"Pedestres";NA;NA;NA;NA;NA;NA;NA;NA;NA;NA;NA;NA;NA;NA;NA;NA;NA;NA;NA;NA;NA;NA;NA;NA;NA
42;"SC";4209904;"420990";"Lontras";"Não";"Região Metropolitana do Alto Vale do Itajaí";"Pedestres";NA;NA;NA;NA;NA;NA;NA;NA;NA;NA;NA;NA;NA;NA;NA;NA;NA;NA;NA;NA;NA;NA;1;NA;NA
42;"SC";4210001;"421000";"Luiz Alves";"Não";"Região Metropolitana do Vale do Itajaí";"Pedestres";NA;NA;NA;NA;NA;NA;NA;NA;NA;NA;NA;NA;NA;NA;NA;NA;NA;NA;NA;NA;NA;NA;1;NA;NA
42;"SC";4210035;"421003";"Luzerna";"Não";"Região Metropolitana do Contestado";"Pedestres";NA;NA;NA;NA;NA;NA;NA;NA;NA;NA;NA;NA;NA;NA;NA;NA;NA;NA;NA;NA;NA;NA;NA;NA;NA
42;"SC";4210100;"421010";"Mafra";"Não";"Região Metropolitana do Planalto Norte";"Pedestres";NA;NA;1;NA;NA;NA;NA;NA;NA;NA;NA;1;1;NA;NA;NA;1;NA;NA;NA;1;NA;NA;NA;NA
42;"SC";4210209;"421020";"Major Gercino";"Não";"Região Metropolitana de Florianópolis";"Pedestres";NA;NA;NA;NA;NA;NA;NA;NA;NA;NA;NA;NA;NA;NA;NA;NA;NA;NA;NA;NA;NA;NA;NA;NA;NA
42;"SC";4210308;"421030";"Major Vieira";"Não";"Região Metropolitana do Planalto Norte";"Pedestres";NA;NA;NA;NA;NA;NA;NA;NA;NA;NA;NA;NA;NA;NA;NA;NA;NA;NA;NA;NA;NA;NA;NA;NA;NA
42;"SC";4210407;"421040";"Maracajá";"Não";"Região Metropolitana Carbonífera";"Pedestres";NA;NA;NA;NA;NA;NA;NA;NA;NA;NA;NA;NA;NA;NA;NA;NA;NA;NA;NA;NA;1;NA;NA;NA;NA
42;"SC";4210506;"421050";"Maravilha";"Não";"Região Metropolitana do Extremo Oeste";"Pedestres";NA;1;NA;NA;NA;NA;NA;NA;NA;NA;NA;NA;NA;NA;NA;1;1;NA;NA;NA;NA;NA;NA;NA;NA
42;"SC";4210605;"421060";"Massaranduba";"Não";"Região Metropolitana de Jaraguá do Sul";"Pedestres";NA;NA;NA;NA;NA;NA;NA;NA;NA;NA;NA;NA;NA;NA;1;NA;NA;NA;NA;NA;NA;NA;NA;NA;NA
42;"SC";4210803;"421080";"Meleiro";"Não";"Região Metropolitana Carbonífera";"Pedestres";NA;NA;NA;NA;NA;NA;NA;NA;NA;NA;NA;NA;NA;NA;NA;NA;NA;1;NA;NA;NA;NA;NA;NA;NA
42;"SC";4211009;"421100";"Mondaí";"Não";"Região Metropolitana do Extremo Oeste";"Pedestres";NA;NA;NA;NA;NA;NA;NA;NA;NA;NA;NA;NA;NA;NA;NA;NA;NA;NA;NA;NA;NA;NA;NA;NA;NA
42;"SC";4211058;"421105";"Monte Carlo";"Não";"Região Metropolitana do Contestado";"Pedestres";NA;NA;NA;NA;NA;NA;NA;NA;NA;NA;NA;NA;NA;NA;NA;NA;NA;NA;NA;NA;NA;NA;NA;NA;NA
42;"SC";4211108;"421110";"Monte Castelo";"Não";"Região Metropolitana do Planalto Norte";"Pedestres";NA;NA;NA;NA;NA;NA;NA;NA;NA;1;NA;NA;NA;NA;NA;NA;NA;NA;NA;1;NA;NA;NA;NA;NA
42;"SC";4211207;"421120";"Morro da Fumaça";"Não";"Região Metropolitana Carbonífera";"Pedestres";NA;NA;NA;NA;NA;NA;NA;NA;NA;NA;NA;NA;NA;NA;NA;NA;NA;NA;NA;NA;NA;NA;NA;NA;NA
42;"SC";4211306;"421130";"Navegantes";"Não";"Região Metropolitana da Foz do Rio Itajaí";"Pedestres";NA;NA;1;3;NA;NA;NA;1;NA;NA;NA;NA;NA;NA;1;NA;1;1;1;NA;2;NA;1;1;NA
42;"SC";4211405;"421140";"Nova Erechim";"Não";"Região Metropolitana de Chapecó";"Pedestres";NA;NA;NA;NA;NA;NA;NA;NA;NA;NA;NA;NA;NA;NA;NA;NA;NA;NA;NA;NA;NA;NA;NA;NA;NA
42;"SC";4211504;"421150";"Nova Trento";"Não";"Região Metropolitana de Florianópolis";"Pedestres";NA;NA;NA;NA;NA;NA;NA;NA;NA;NA;NA;NA;NA;NA;NA;NA;NA;NA;NA;1;NA;NA;NA;NA;NA
42;"SC";4211603;"421160";"Nova Veneza";"Não";"Região Metropolitana Carbonífera";"Pedestres";NA;NA;NA;NA;NA;NA;NA;NA;NA;NA;NA;NA;NA;NA;NA;NA;NA;NA;NA;NA;NA;NA;NA;NA;NA
42;"SC";4211652;"421165";"Novo Horizonte";"Não";"Região Metropolitana do Extremo Oeste";"Pedestres";NA;NA;NA;NA;NA;NA;NA;NA;NA;NA;NA;NA;NA;NA;NA;NA;NA;NA;NA;NA;NA;NA;NA;NA;NA
42;"SC";4211702;"421170";"Orleans";"Não";"Região Metropolitana de Tubarão";"Pedestres";NA;NA;NA;NA;NA;NA;NA;NA;1;NA;NA;NA;NA;NA;NA;NA;NA;NA;NA;NA;NA;NA;NA;NA;NA
42;"SC";4211751;"421175";"Otacílio Costa";"Não";"Região Metropolitana de Lages";"Pedestres";NA;NA;NA;NA;NA;NA;NA;NA;NA;NA;NA;NA;NA;NA;NA;NA;NA;NA;NA;NA;NA;NA;NA;NA;NA
42;"SC";4211850;"421185";"Ouro Verde";"Não";"Região Metropolitana do Extremo Oeste";"Pedestres";NA;NA;NA;NA;NA;NA;NA;NA;NA;NA;NA;NA;NA;NA;NA;NA;NA;1;NA;NA;NA;NA;NA;NA;NA
42;"SC";4211892;"421189";"Painel";"Não";"Região Metropolitana de Lages";"Pedestres";NA;NA;NA;NA;NA;NA;NA;NA;NA;NA;NA;NA;NA;NA;NA;NA;NA;NA;NA;NA;1;NA;NA;NA;NA
42;"SC";4211900;"421190";"Palhoça";"Não";"Região Metropolitana de Florianópolis";"Pedestres";NA;1;1;1;NA;1;2;1;1;NA;1;NA;1;NA;2;NA;1;NA;NA;1;1;2;NA;NA;NA
42;"SC";4212007;"421200";"Palma Sola";"Não";"Região Metropolitana do Extremo Oeste";"Pedestres";NA;NA;NA;NA;NA;NA;NA;NA;NA;NA;NA;NA;NA;NA;NA;NA;NA;NA;NA;NA;NA;NA;NA;NA;NA
42;"SC";4212056;"421205";"Palmeira";"Não";"Região Metropolitana de Lages";"Pedestres";NA;NA;NA;NA;NA;NA;NA;NA;NA;NA;NA;NA;NA;NA;NA;NA;NA;NA;NA;NA;NA;NA;NA;NA;NA
42;"SC";4212106;"421210";"Palmitos";"Não";"Região Metropolitana de Chapecó";"Pedestres";NA;1;NA;NA;NA;NA;NA;NA;NA;NA;NA;NA;NA;NA;1;NA;NA;NA;NA;NA;NA;NA;NA;1;NA
42;"SC";4212205;"421220";"Papanduva";"Não";"Região Metropolitana do Planalto Norte";"Pedestres";NA;1;NA;NA;1;1;1;NA;NA;NA;NA;NA;NA;NA;NA;NA;NA;NA;NA;NA;NA;NA;1;NA;NA
42;"SC";4212239;"421223";"Paraíso";"Não";"Região Metropolitana do Extremo Oeste";"Pedestres";NA;NA;NA;NA;NA;NA;NA;NA;NA;NA;NA;NA;NA;NA;NA;NA;NA;NA;NA;NA;NA;NA;NA;NA;NA
42;"SC";4212254;"421225";"Passo de Torres";"Não";"Região Metropolitana Carbonífera";"Pedestres";NA;NA;NA;NA;NA;NA;NA;NA;NA;NA;NA;NA;NA;NA;NA;NA;NA;NA;NA;1;NA;NA;NA;NA;NA
42;"SC";4212270;"421227";"Passos Maia";"Não";"Região Metropolitana de Chapecó";"Pedestres";NA;NA;NA;NA;NA;NA;NA;NA;NA;NA;NA;NA;NA;NA;NA;NA;NA;NA;NA;NA;NA;NA;NA;NA;NA
42;"SC";4212304;"421230";"Paulo Lopes";"Não";"Região Metropolitana de Florianópolis";"Pedestres";NA;NA;NA;NA;NA;NA;NA;NA;NA;1;NA;2;NA;1;NA;1;NA;1;NA;NA;NA;NA;1;NA;NA
42;"SC";4212403;"421240";"Pedras Grandes";"Não";"Região Metropolitana de Tubarão";"Pedestres";NA;NA;NA;NA;NA;NA;NA;NA;NA;NA;NA;NA;NA;NA;NA;NA;NA;NA;NA;NA;NA;NA;NA;NA;NA
42;"SC";4212502;"421250";"Penha";"Não";"Região Metropolitana da Foz do Rio Itajaí";"Pedestres";NA;NA;NA;NA;NA;NA;NA;NA;NA;NA;NA;NA;NA;NA;NA;1;NA;NA;NA;NA;NA;NA;NA;NA;NA
42;"SC";4212650;"421265";"Pescaria Brava";"Não";"Região Metropolitana de Tubarão";"Pedestres";NA;NA;NA;NA;NA;NA;NA;NA;NA;NA;NA;NA;NA;NA;NA;NA;NA;NA;NA;NA;NA;NA;NA;1;NA
42;"SC";4212700;"421270";"Petrolândia";"Não";"Região Metropolitana do Alto Vale do Itajaí";"Pedestres";NA;NA;NA;NA;NA;NA;NA;NA;NA;NA;NA;NA;NA;NA;NA;NA;NA;NA;NA;NA;NA;NA;NA;NA;NA
42;"SC";4212809;"421280";"Balneário Piçarras";"Não";"Região Metropolitana da Foz do Rio Itajaí";"Pedestres";NA;NA;NA;NA;NA;NA;NA;NA;1;NA;NA;NA;NA;NA;NA;NA;NA;NA;NA;1;NA;NA;1;1;NA
42;"SC";4212908;"421290";"Pinhalzinho";"Não";"Região Metropolitana de Chapecó";"Pedestres";NA;NA;NA;NA;NA;NA;NA;NA;NA;NA;1;NA;NA;NA;NA;NA;NA;NA;NA;NA;NA;NA;NA;NA;NA
42;"SC";4213104;"421310";"Piratuba";"Não";"Região Metropolitana do Contestado";"Pedestres";1;1;NA;NA;NA;NA;NA;NA;NA;NA;NA;NA;NA;NA;NA;NA;NA;NA;NA;NA;NA;NA;NA;NA;NA
42;"SC";4213153;"421315";"Planalto Alegre";"Não";"Região Metropolitana de Chapecó";"Pedestres";NA;NA;NA;NA;NA;NA;NA;NA;NA;NA;NA;NA;NA;NA;NA;NA;NA;NA;NA;NA;NA;NA;NA;NA;NA
42;"SC";4213203;"421320";"Pomerode";"Não";"Região Metropolitana do Vale do Itajaí";"Pedestres";NA;NA;NA;NA;NA;NA;NA;NA;NA;NA;NA;NA;NA;NA;NA;NA;NA;NA;NA;NA;1;NA;NA;NA;NA
42;"SC";4213302;"421330";"Ponte Alta";"Não";"Região Metropolitana de Lages";"Pedestres";1;NA;NA;NA;NA;NA;NA;NA;NA;NA;NA;NA;NA;NA;NA;NA;NA;NA;NA;NA;1;NA;NA;NA;NA
42;"SC";4213351;"421335";"Ponte Alta do Norte";"Não";"Região Metropolitana de Lages";"Pedestres";NA;NA;NA;NA;NA;NA;1;NA;NA;NA;NA;1;NA;NA;NA;NA;NA;NA;NA;NA;NA;NA;NA;NA;NA
42;"SC";4213401;"421340";"Ponte Serrada";"Não";"Região Metropolitana de Chapecó";"Pedestres";NA;NA;NA;NA;NA;NA;NA;NA;3;NA;NA;NA;NA;NA;NA;1;1;NA;NA;NA;NA;NA;NA;1;NA
42;"SC";4213500;"421350";"Porto Belo";"Não";"Região Metropolitana da Foz do Rio Itajaí";"Pedestres";NA;NA;NA;NA;NA;NA;NA;NA;NA;NA;NA;NA;1;NA;NA;NA;1;NA;NA;NA;NA;NA;NA;NA;NA
42;"SC";4213609;"421360";"Porto União";"Não";"Região Metropolitana do Planalto Norte";"Pedestres";NA;NA;NA;NA;NA;NA;NA;NA;NA;NA;NA;NA;NA;NA;NA;NA;NA;NA;1;NA;NA;NA;NA;NA;NA
42;"SC";4213708;"421370";"Pouso Redondo";"Não";"Região Metropolitana do Alto Vale do Itajaí";"Pedestres";NA;NA;NA;NA;2;NA;1;NA;NA;NA;NA;NA;NA;NA;NA;1;NA;NA;1;NA;NA;NA;1;1;NA
42;"SC";4213807;"421380";"Praia Grande";"Não";"Região Metropolitana Carbonífera";"Pedestres";NA;NA;NA;NA;NA;NA;NA;NA;NA;NA;NA;NA;NA;NA;NA;NA;NA;NA;NA;NA;NA;NA;NA;NA;NA
42;"SC";4214003;"421400";"Presidente Getúlio";"Não";"Região Metropolitana do Alto Vale do Itajaí";"Pedestres";NA;NA;NA;NA;NA;NA;NA;NA;NA;NA;NA;NA;NA;NA;NA;NA;NA;NA;NA;NA;NA;NA;NA;NA;NA
42;"SC";4214102;"421410";"Presidente Nereu";"Não";"Região Metropolitana do Alto Vale do Itajaí";"Pedestres";NA;NA;NA;NA;NA;NA;NA;NA;NA;NA;NA;NA;NA;NA;NA;NA;NA;NA;NA;NA;NA;NA;NA;NA;NA
42;"SC";4214151;"421415";"Princesa";"Não";"Região Metropolitana do Extremo Oeste";"Pedestres";NA;NA;NA;NA;NA;NA;NA;NA;NA;NA;NA;NA;NA;NA;NA;NA;NA;NA;NA;NA;NA;NA;NA;NA;NA
42;"SC";4214201;"421420";"Quilombo";"Não";"Região Metropolitana de Chapecó";"Pedestres";NA;NA;NA;NA;NA;NA;NA;NA;NA;NA;NA;NA;NA;NA;NA;NA;NA;NA;NA;NA;NA;NA;NA;NA;NA
42;"SC";4214300;"421430";"Rancho Queimado";"Não";"Região Metropolitana de Florianópolis";"Pedestres";NA;NA;NA;NA;NA;NA;NA;NA;NA;NA;NA;NA;NA;NA;NA;NA;NA;NA;NA;NA;NA;NA;NA;NA;NA
42;"SC";4214409;"421440";"Rio das Antas";"Não";"Região Metropolitana do Contestado";"Pedestres";NA;1;1;NA;NA;NA;NA;NA;NA;NA;NA;NA;NA;NA;NA;NA;NA;NA;1;NA;NA;NA;NA;NA;NA
42;"SC";4214508;"421450";"Rio do Campo";"Não";"Região Metropolitana do Alto Vale do Itajaí";"Pedestres";NA;NA;NA;NA;NA;NA;NA;NA;NA;NA;NA;NA;NA;NA;NA;NA;NA;NA;NA;NA;NA;NA;NA;NA;NA
42;"SC";4214706;"421470";"Rio dos Cedros";"Não";"Região Metropolitana do Vale do Itajaí";"Pedestres";NA;NA;NA;NA;NA;NA;NA;NA;NA;NA;NA;NA;NA;NA;NA;NA;NA;NA;NA;NA;NA;NA;NA;NA;NA
42;"SC";4214805;"421480";"Rio do Sul";"Não";"Região Metropolitana do Alto Vale do Itajaí";"Pedestres";NA;1;NA;1;1;NA;1;NA;1;4;NA;2;2;NA;NA;2;NA;1;NA;NA;1;NA;NA;2;NA
42;"SC";4214904;"421490";"Rio Fortuna";"Não";"Região Metropolitana de Tubarão";"Pedestres";NA;NA;NA;NA;NA;NA;NA;NA;NA;NA;NA;NA;NA;NA;NA;NA;NA;NA;NA;NA;NA;NA;NA;NA;NA
42;"SC";4215000;"421500";"Rio Negrinho";"Não";"Região Metropolitana de Joinville";"Pedestres";NA;NA;NA;NA;NA;NA;NA;NA;NA;NA;NA;NA;NA;NA;NA;NA;NA;NA;2;1;NA;NA;NA;NA;NA
42;"SC";4215059;"421505";"Rio Rufino";"Não";"Região Metropolitana de Lages";"Pedestres";NA;NA;NA;NA;NA;NA;NA;NA;NA;NA;NA;NA;NA;NA;NA;NA;NA;NA;NA;NA;NA;NA;NA;NA;NA
42;"SC";4215075;"421507";"Riqueza";"Não";"Região Metropolitana do Extremo Oeste";"Pedestres";NA;NA;NA;NA;NA;NA;NA;NA;NA;NA;NA;NA;NA;NA;NA;NA;NA;NA;NA;NA;NA;NA;NA;NA;NA
42;"SC";4215109;"421510";"Rodeio";"Não";"Região Metropolitana do Vale do Itajaí";"Pedestres";NA;NA;NA;NA;NA;NA;NA;NA;NA;NA;1;NA;NA;NA;NA;NA;NA;NA;NA;NA;NA;NA;NA;NA;NA
42;"SC";4215208;"421520";"Romelândia";"Não";"Região Metropolitana do Extremo Oeste";"Pedestres";NA;NA;NA;NA;NA;NA;NA;NA;NA;NA;NA;NA;NA;NA;NA;NA;NA;NA;NA;NA;NA;NA;NA;NA;NA
42;"SC";4215307;"421530";"Salete";"Não";"Região Metropolitana do Alto Vale do Itajaí";"Pedestres";NA;NA;NA;NA;NA;NA;NA;NA;NA;NA;NA;NA;NA;NA;NA;NA;NA;NA;NA;NA;NA;NA;NA;NA;NA
42;"SC";4215356;"421535";"Saltinho";"Não";"Região Metropolitana do Extremo Oeste";"Pedestres";NA;NA;NA;NA;NA;NA;NA;NA;NA;NA;NA;NA;NA;NA;NA;NA;NA;NA;NA;NA;NA;NA;NA;NA;NA
42;"SC";4215406;"421540";"Salto Veloso";"Não";"Região Metropolitana do Contestado";"Pedestres";NA;NA;NA;NA;NA;NA;NA;NA;NA;NA;NA;NA;NA;NA;NA;NA;NA;NA;NA;NA;NA;NA;NA;NA;NA
42;"SC";4215455;"421545";"Sangão";"Não";"Região Metropolitana de Tubarão";"Pedestres";NA;NA;NA;NA;NA;NA;NA;NA;NA;NA;NA;1;NA;NA;NA;NA;NA;NA;NA;NA;NA;1;NA;NA;NA
42;"SC";4215505;"421550";"Santa Cecília";"Não";"Região Metropolitana de Lages";"Pedestres";NA;NA;NA;NA;NA;1;NA;NA;NA;NA;1;NA;NA;NA;1;NA;NA;NA;1;1;NA;NA;NA;NA;NA
42;"SC";4215554;"421555";"Santa Helena";"Não";"Região Metropolitana do Extremo Oeste";"Pedestres";NA;NA;NA;NA;NA;NA;NA;NA;NA;NA;NA;NA;NA;NA;NA;NA;NA;NA;NA;NA;NA;NA;NA;NA;NA
42;"SC";4215653;"421565";"Santa Rosa do Sul";"Não";"Região Metropolitana Carbonífera";"Pedestres";NA;NA;NA;NA;NA;NA;NA;NA;NA;NA;NA;NA;NA;NA;NA;NA;NA;NA;NA;NA;NA;NA;NA;NA;NA
42;"SC";4215679;"421567";"Santa Terezinha";"Não";"Região Metropolitana do Alto Vale do Itajaí";"Pedestres";NA;NA;NA;NA;NA;NA;NA;NA;NA;NA;NA;NA;NA;NA;NA;NA;NA;NA;NA;NA;NA;NA;NA;NA;NA
42;"SC";4215687;"421568";"Santa Terezinha do Progresso";"Não";"Região Metropolitana do Extremo Oeste";"Pedestres";NA;NA;NA;NA;NA;NA;NA;NA;NA;NA;NA;NA;NA;NA;NA;NA;NA;NA;NA;NA;NA;NA;NA;NA;NA
42;"SC";4215703;"421570";"Santo Amaro da Imperatriz";"Não";"Região Metropolitana de Florianópolis";"Pedestres";NA;NA;NA;NA;NA;NA;NA;NA;NA;NA;NA;NA;NA;NA;NA;NA;NA;1;NA;NA;NA;NA;NA;NA;NA
42;"SC";4215752;"421575";"São Bernardino";"Não";"Região Metropolitana do Extremo Oeste";"Pedestres";NA;NA;NA;NA;NA;NA;NA;NA;NA;NA;NA;NA;NA;NA;NA;NA;NA;NA;NA;NA;NA;NA;NA;NA;NA
42;"SC";4215802;"421580";"São Bento do Sul";"Não";"Região Metropolitana de Joinville";"Pedestres";NA;NA;NA;NA;NA;NA;NA;NA;NA;2;NA;NA;NA;NA;NA;NA;1;NA;NA;NA;NA;1;NA;NA;NA
42;"SC";4216008;"421600";"São Carlos";"Não";"Região Metropolitana de Chapecó";"Pedestres";NA;NA;NA;NA;NA;NA;NA;NA;NA;NA;NA;NA;NA;NA;NA;NA;NA;NA;NA;NA;NA;NA;NA;NA;NA
42;"SC";4216057;"421605";"São Cristóvão do Sul";"Não";"Região Metropolitana de Lages";"Pedestres";NA;NA;NA;NA;NA;NA;NA;NA;NA;NA;NA;NA;NA;NA;NA;NA;NA;NA;NA;NA;NA;NA;NA;NA;NA
42;"SC";4216107;"421610";"São Domingos";"Não";"Região Metropolitana do Extremo Oeste";"Pedestres";NA;NA;NA;NA;NA;NA;NA;NA;NA;NA;NA;NA;NA;NA;NA;NA;NA;1;NA;NA;NA;NA;NA;NA;NA
42;"SC";4216206;"421620";"São Francisco do Sul";"Não";"Região Metropolitana de Joinville";"Pedestres";NA;NA;NA;1;NA;1;NA;NA;1;NA;NA;1;NA;NA;NA;NA;NA;NA;NA;NA;1;NA;NA;NA;NA
42;"SC";4216255;"421625";"São João do Oeste";"Não";"Região Metropolitana do Extremo Oeste";"Pedestres";NA;NA;NA;NA;NA;NA;NA;NA;NA;NA;NA;NA;NA;NA;NA;NA;NA;NA;NA;NA;NA;NA;NA;NA;NA
42;"SC";4216305;"421630";"São João Batista";"Não";"Região Metropolitana de Florianópolis";"Pedestres";NA;NA;NA;NA;NA;NA;NA;NA;NA;NA;NA;NA;NA;NA;NA;NA;NA;NA;NA;NA;NA;NA;NA;NA;NA
42;"SC";4216404;"421640";"São João do Sul";"Não";"Região Metropolitana Carbonífera";"Pedestres";1;NA;NA;NA;NA;NA;NA;NA;NA;NA;NA;NA;NA;NA;NA;NA;NA;NA;NA;NA;NA;NA;NA;NA;NA
42;"SC";4216503;"421650";"São Joaquim";"Não";"Região Metropolitana de Lages";"Pedestres";NA;NA;NA;1;NA;NA;NA;NA;NA;NA;1;NA;NA;NA;NA;NA;NA;NA;1;NA;NA;NA;NA;NA;NA
42;"SC";4216602;"421660";"São José";"Não";"Região Metropolitana de Florianópolis";"Pedestres";7;5;4;5;3;4;3;1;2;NA;5;3;2;3;1;4;NA;3;2;3;1;5;3;3;NA
42;"SC";4216701;"421670";"São José do Cedro";"Não";"Região Metropolitana do Extremo Oeste";"Pedestres";1;NA;NA;NA;NA;NA;NA;NA;NA;NA;NA;NA;NA;NA;NA;NA;NA;NA;NA;NA;NA;NA;NA;NA;NA
42;"SC";4216800;"421680";"São José do Cerrito";"Não";"Região Metropolitana de Lages";"Pedestres";NA;NA;NA;NA;NA;NA;NA;NA;NA;NA;NA;NA;NA;NA;NA;NA;NA;2;NA;NA;NA;NA;NA;NA;NA
42;"SC";4216909;"421690";"São Lourenço do Oeste";"Não";"Região Metropolitana do Extremo Oeste";"Pedestres";NA;NA;NA;NA;NA;NA;NA;1;NA;NA;1;NA;NA;NA;NA;NA;NA;NA;NA;NA;NA;NA;NA;NA;NA
42;"SC";4217006;"421700";"São Ludgero";"Não";"Região Metropolitana de Tubarão";"Pedestres";NA;NA;NA;NA;NA;NA;NA;NA;NA;NA;NA;NA;NA;NA;NA;NA;NA;NA;NA;NA;NA;NA;NA;NA;NA
42;"SC";4217154;"421715";"São Miguel da Boa Vista";"Não";"Região Metropolitana do Extremo Oeste";"Pedestres";NA;NA;NA;NA;NA;NA;NA;NA;NA;NA;NA;NA;NA;NA;NA;NA;NA;NA;NA;NA;NA;NA;NA;NA;NA
42;"SC";4217204;"421720";"São Miguel do Oeste";"Não";"Região Metropolitana do Extremo Oeste";"Pedestres";1;NA;NA;NA;NA;NA;NA;NA;NA;NA;NA;1;2;NA;NA;NA;1;1;NA;1;NA;2;NA;1;NA
42;"SC";4217253;"421725";"São Pedro de Alcântara";"Não";"Região Metropolitana de Florianópolis";"Pedestres";NA;NA;NA;NA;NA;NA;NA;NA;NA;NA;NA;NA;NA;NA;NA;NA;NA;NA;NA;NA;NA;NA;NA;NA;NA
42;"SC";4217303;"421730";"Saudades";"Não";"Região Metropolitana de Chapecó";"Pedestres";NA;NA;NA;NA;NA;NA;NA;NA;NA;NA;NA;NA;NA;NA;NA;NA;NA;NA;NA;NA;NA;NA;NA;NA;NA
42;"SC";4217402;"421740";"Schroeder";"Não";"Região Metropolitana de Jaraguá do Sul";"Pedestres";NA;NA;NA;NA;NA;NA;NA;NA;NA;NA;NA;NA;NA;NA;NA;NA;NA;NA;NA;NA;NA;NA;NA;NA;NA
42;"SC";4217501;"421750";"Seara";"Não";"Região Metropolitana de Chapecó";"Pedestres";NA;NA;NA;NA;NA;NA;NA;NA;NA;NA;NA;NA;NA;NA;NA;NA;NA;NA;NA;NA;NA;NA;NA;NA;NA
42;"SC";4217550;"421755";"Serra Alta";"Não";"Região Metropolitana de Chapecó";"Pedestres";NA;NA;NA;NA;NA;NA;NA;NA;NA;NA;NA;NA;NA;NA;NA;NA;NA;NA;NA;NA;NA;NA;NA;NA;NA
42;"SC";4217600;"421760";"Siderópolis";"Não";"Região Metropolitana Carbonífera";"Pedestres";NA;NA;NA;NA;NA;NA;NA;NA;NA;NA;NA;NA;1;NA;NA;NA;NA;NA;NA;NA;NA;NA;NA;NA;NA
42;"SC";4217709;"421770";"Sombrio";"Não";"Região Metropolitana Carbonífera";"Pedestres";NA;NA;NA;NA;NA;NA;NA;NA;NA;NA;NA;NA;NA;NA;NA;NA;NA;1;NA;NA;NA;NA;NA;NA;NA
42;"SC";4217808;"421780";"Taió";"Não";"Região Metropolitana do Alto Vale do Itajaí";"Pedestres";NA;NA;NA;NA;NA;NA;NA;NA;NA;NA;NA;NA;NA;NA;NA;NA;NA;NA;NA;NA;NA;NA;NA;NA;NA
42;"SC";4217907;"421790";"Tangará";"Não";"Região Metropolitana do Contestado";"Pedestres";NA;NA;NA;NA;NA;NA;NA;NA;NA;NA;NA;NA;NA;NA;NA;NA;NA;NA;NA;NA;NA;NA;NA;NA;NA
42;"SC";4218004;"421800";"Tijucas";"Não";"Região Metropolitana de Florianópolis";"Pedestres";1;NA;NA;NA;NA;NA;3;3;NA;NA;NA;NA;NA;1;NA;1;1;NA;NA;1;NA;1;1;1;NA
42;"SC";4218103;"421810";"Timbé do Sul";"Não";"Região Metropolitana Carbonífera";"Pedestres";NA;NA;NA;NA;NA;NA;NA;NA;NA;NA;NA;NA;NA;NA;NA;NA;NA;NA;NA;NA;NA;NA;NA;NA;NA
42;"SC";4218202;"421820";"Timbó";"Não";"Região Metropolitana do Vale do Itajaí";"Pedestres";NA;NA;NA;NA;NA;NA;NA;NA;NA;NA;NA;NA;NA;NA;NA;NA;NA;NA;NA;NA;NA;NA;NA;NA;NA
42;"SC";4218251;"421825";"Timbó Grande";"Não";"Região Metropolitana do Contestado";"Pedestres";NA;NA;NA;NA;NA;NA;NA;NA;NA;NA;NA;NA;NA;1;NA;NA;NA;NA;NA;NA;NA;NA;NA;NA;NA
42;"SC";4218301;"421830";"Três Barras";"Não";"Região Metropolitana do Planalto Norte";"Pedestres";NA;NA;NA;NA;NA;NA;NA;NA;NA;NA;NA;NA;NA;NA;NA;NA;NA;NA;1;NA;NA;NA;NA;NA;NA
42;"SC";4218350;"421835";"Treviso";"Não";"Região Metropolitana Carbonífera";"Pedestres";NA;NA;NA;NA;NA;NA;NA;NA;NA;NA;NA;NA;NA;NA;NA;NA;NA;NA;NA;NA;NA;NA;NA;NA;NA
42;"SC";4218400;"421840";"Treze de Maio";"Não";"Região Metropolitana de Tubarão";"Pedestres";NA;NA;NA;NA;NA;NA;NA;NA;NA;NA;NA;NA;NA;NA;NA;NA;NA;NA;NA;NA;NA;NA;NA;NA;NA
42;"SC";4218509;"421850";"Treze Tílias";"Não";"Região Metropolitana do Contestado";"Pedestres";NA;NA;NA;NA;NA;NA;NA;NA;NA;NA;NA;NA;NA;NA;NA;NA;NA;NA;NA;NA;NA;NA;NA;NA;NA
42;"SC";4218608;"421860";"Trombudo Central";"Não";"Região Metropolitana do Alto Vale do Itajaí";"Pedestres";NA;NA;NA;NA;NA;NA;NA;NA;NA;NA;NA;NA;NA;NA;NA;NA;NA;NA;NA;NA;NA;NA;NA;NA;NA
42;"SC";4218707;"421870";"Tubarão";"Não";"Região Metropolitana de Tubarão";"Pedestres";NA;NA;NA;NA;NA;2;NA;NA;NA;1;2;2;2;NA;1;1;NA;NA;NA;NA;1;NA;4;1;NA
42;"SC";4218756;"421875";"Tunápolis";"Não";"Região Metropolitana do Extremo Oeste";"Pedestres";NA;NA;NA;NA;NA;NA;NA;NA;NA;NA;NA;NA;NA;NA;NA;NA;NA;NA;NA;NA;NA;NA;NA;NA;NA
42;"SC";4218806;"421880";"Turvo";"Não";"Região Metropolitana Carbonífera";"Pedestres";NA;NA;NA;NA;NA;NA;NA;NA;NA;NA;NA;NA;NA;NA;NA;NA;NA;NA;NA;NA;NA;NA;NA;NA;NA
42;"SC";4218855;"421885";"União do Oeste";"Não";"Região Metropolitana de Chapecó";"Pedestres";NA;NA;NA;NA;NA;NA;NA;NA;NA;NA;NA;NA;NA;NA;NA;NA;NA;NA;NA;NA;NA;NA;NA;NA;NA
42;"SC";4218905;"421890";"Urubici";"Não";"Região Metropolitana de Lages";"Pedestres";NA;NA;NA;NA;NA;NA;1;1;NA;NA;NA;NA;NA;NA;NA;NA;1;NA;NA;NA;NA;NA;NA;NA;NA
42;"SC";4219002;"421900";"Urussanga";"Não";"Região Metropolitana Carbonífera";"Pedestres";NA;NA;NA;NA;NA;NA;NA;NA;NA;1;NA;NA;NA;NA;NA;1;NA;NA;NA;NA;NA;NA;NA;NA;NA
42;"SC";4219101;"421910";"Vargeão";"Não";"Região Metropolitana de Chapecó";"Pedestres";NA;NA;1;NA;NA;NA;NA;NA;NA;NA;NA;NA;NA;NA;NA;1;NA;NA;NA;NA;NA;NA;NA;NA;NA
42;"SC";4219150;"421915";"Vargem";"Não";"Região Metropolitana do Contestado";"Pedestres";NA;NA;NA;NA;NA;NA;NA;NA;NA;NA;NA;NA;NA;NA;1;NA;NA;NA;NA;NA;NA;NA;NA;NA;NA
42;"SC";4219176;"421917";"Vargem Bonita";"Não";"Região Metropolitana do Contestado";"Pedestres";NA;NA;NA;NA;NA;NA;NA;NA;NA;NA;NA;NA;NA;NA;NA;NA;NA;NA;NA;NA;NA;NA;NA;NA;NA
42;"SC";4219200;"421920";"Vidal Ramos";"Não";"Região Metropolitana do Alto Vale do Itajaí";"Pedestres";NA;NA;NA;NA;NA;NA;NA;NA;NA;NA;NA;NA;NA;NA;NA;NA;NA;NA;NA;NA;NA;NA;NA;NA;NA
42;"SC";4219309;"421930";"Videira";"Não";"Região Metropolitana do Contestado";"Pedestres";1;NA;NA;NA;NA;NA;NA;NA;NA;NA;NA;NA;NA;NA;NA;1;NA;NA;1;NA;1;2;1;1;NA
42;"SC";4219408;"421940";"Witmarsum";"Não";"Região Metropolitana do Alto Vale do Itajaí";"Pedestres";NA;NA;NA;NA;NA;NA;NA;NA;NA;NA;NA;NA;NA;NA;NA;NA;NA;NA;NA;NA;NA;NA;NA;NA;NA
42;"SC";4219507;"421950";"Xanxerê";"Não";"Região Metropolitana de Chapecó";"Pedestres";NA;NA;NA;NA;1;1;NA;NA;NA;NA;NA;NA;1;NA;NA;NA;NA;1;NA;1;1;NA;NA;NA;NA
42;"SC";4219705;"421970";"Xaxim";"Não";"Região Metropolitana de Chapecó";"Pedestres";NA;NA;NA;NA;NA;NA;NA;NA;NA;NA;NA;NA;NA;NA;NA;NA;NA;1;NA;NA;1;NA;NA;NA;NA
42;"SC";4219853;"421985";"Zortéa";"Não";"Região Metropolitana do Contestado";"Pedestres";NA;NA;NA;NA;NA;NA;NA;NA;NA;NA;NA;NA;NA;NA;NA;NA;NA;NA;NA;NA;NA;NA;NA;NA;NA
42;"SC";4220000;"422000";"Balneário Rincão";"Não";"Região Metropolitana Carbonífera";"Pedestres";NA;NA;NA;NA;NA;NA;NA;NA;NA;NA;NA;NA;NA;1;NA;NA;NA;1;NA;NA;NA;NA;1;NA;NA
43;"RS";4300034;"430003";"Aceguá";"Não";"-";"Pedestres";NA;NA;NA;NA;NA;NA;NA;NA;NA;NA;NA;NA;NA;NA;NA;1;NA;NA;NA;NA;NA;NA;NA;NA;NA
43;"RS";4300059;"430005";"Água Santa";"Não";"-";"Pedestres";NA;NA;NA;NA;NA;NA;NA;NA;NA;NA;NA;NA;NA;NA;NA;NA;NA;NA;NA;NA;NA;NA;NA;NA;NA
43;"RS";4300109;"430010";"Agudo";"Não";"-";"Pedestres";NA;NA;NA;NA;NA;NA;NA;NA;NA;NA;NA;NA;NA;NA;NA;NA;1;NA;NA;NA;NA;NA;NA;NA;NA
43;"RS";4300208;"430020";"Ajuricaba";"Não";"-";"Pedestres";NA;NA;NA;NA;NA;NA;NA;NA;NA;NA;NA;NA;NA;NA;NA;NA;NA;NA;NA;NA;NA;NA;NA;NA;NA
43;"RS";4300307;"430030";"Alecrim";"Não";"-";"Pedestres";NA;NA;NA;NA;NA;NA;NA;NA;NA;NA;NA;NA;NA;NA;NA;NA;NA;NA;NA;NA;NA;NA;NA;NA;NA
43;"RS";4300406;"430040";"Alegrete";"Não";"-";"Pedestres";1;NA;NA;1;NA;1;1;NA;NA;1;NA;1;NA;NA;NA;NA;NA;NA;NA;1;NA;NA;NA;NA;NA
43;"RS";4300455;"430045";"Alegria";"Não";"-";"Pedestres";NA;NA;NA;NA;NA;NA;NA;NA;NA;NA;NA;NA;NA;NA;NA;NA;NA;NA;NA;NA;NA;NA;NA;NA;NA
43;"RS";4300471;"430047";"Almirante Tamandaré do Sul";"Não";"-";"Pedestres";NA;NA;NA;NA;NA;NA;NA;NA;NA;NA;NA;NA;NA;NA;NA;NA;NA;NA;NA;NA;NA;NA;NA;NA;NA
43;"RS";4300554;"430055";"Alto Alegre";"Não";"-";"Pedestres";NA;NA;NA;NA;NA;NA;NA;NA;NA;NA;NA;NA;NA;NA;NA;NA;NA;NA;NA;NA;NA;NA;NA;NA;NA
43;"RS";4300604;"430060";"Alvorada";"Não";"Região Metropolitana de Porto Alegre";"Pedestres";1;NA;NA;1;1;NA;3;NA;NA;NA;NA;1;1;2;1;NA;NA;2;NA;1;1;1;NA;1;NA
43;"RS";4300638;"430063";"Amaral Ferrador";"Não";"-";"Pedestres";NA;NA;NA;NA;NA;NA;NA;NA;NA;NA;NA;NA;NA;1;NA;NA;NA;NA;NA;NA;NA;NA;NA;NA;NA
43;"RS";4300646;"430064";"Ametista do Sul";"Não";"-";"Pedestres";NA;NA;NA;NA;NA;NA;NA;NA;NA;NA;NA;NA;NA;NA;NA;NA;NA;NA;NA;NA;NA;NA;NA;NA;NA
43;"RS";4300661;"430066";"André da Rocha";"Não";"-";"Pedestres";NA;NA;NA;NA;NA;NA;NA;NA;NA;NA;NA;NA;NA;NA;NA;NA;NA;NA;NA;NA;NA;NA;NA;NA;NA
43;"RS";4300703;"430070";"Anta Gorda";"Não";"-";"Pedestres";NA;NA;NA;NA;NA;NA;NA;NA;NA;NA;NA;NA;NA;NA;NA;NA;NA;NA;NA;NA;NA;NA;NA;NA;NA
43;"RS";4300802;"430080";"Antônio Prado";"Não";"Região Metropolitana da Serra Gaúcha";"Pedestres";NA;NA;NA;NA;NA;NA;NA;NA;NA;NA;NA;NA;NA;1;NA;NA;NA;NA;NA;NA;NA;NA;NA;NA;NA
43;"RS";4300851;"430085";"Arambaré";"Não";"-";"Pedestres";NA;NA;NA;NA;NA;NA;NA;NA;NA;NA;NA;NA;NA;NA;NA;NA;NA;NA;NA;NA;NA;NA;NA;NA;NA
43;"RS";4300877;"430087";"Araricá";"Não";"Região Metropolitana de Porto Alegre";"Pedestres";NA;NA;NA;NA;NA;NA;NA;NA;NA;NA;NA;NA;NA;NA;NA;NA;NA;NA;1;NA;NA;NA;NA;NA;NA
43;"RS";4300901;"430090";"Aratiba";"Não";"-";"Pedestres";NA;NA;NA;NA;NA;NA;NA;NA;NA;NA;NA;NA;NA;NA;NA;NA;NA;NA;NA;NA;NA;NA;NA;NA;NA
43;"RS";4301008;"430100";"Arroio do Meio";"Não";"-";"Pedestres";NA;NA;NA;NA;NA;NA;NA;NA;NA;NA;NA;NA;NA;NA;NA;NA;NA;NA;NA;NA;NA;NA;NA;NA;NA
43;"RS";4301057;"430105";"Arroio do Sal";"Não";"-";"Pedestres";NA;NA;NA;NA;NA;NA;NA;NA;NA;NA;NA;NA;NA;NA;NA;NA;NA;NA;NA;NA;NA;NA;NA;NA;NA
43;"RS";4301107;"430110";"Arroio dos Ratos";"Não";"Região Metropolitana de Porto Alegre";"Pedestres";NA;NA;NA;NA;NA;NA;NA;NA;NA;NA;NA;NA;NA;NA;NA;NA;NA;NA;NA;NA;NA;NA;NA;NA;NA
43;"RS";4301206;"430120";"Arroio do Tigre";"Não";"-";"Pedestres";NA;NA;NA;NA;NA;NA;NA;NA;1;NA;NA;NA;NA;NA;1;NA;NA;NA;NA;NA;NA;NA;NA;NA;NA
43;"RS";4301305;"430130";"Arroio Grande";"Não";"-";"Pedestres";1;NA;NA;NA;NA;NA;NA;NA;NA;NA;NA;NA;1;NA;NA;NA;NA;NA;NA;NA;NA;NA;NA;NA;NA
43;"RS";4301404;"430140";"Arvorezinha";"Não";"-";"Pedestres";NA;NA;NA;NA;NA;NA;NA;NA;NA;NA;NA;NA;NA;NA;NA;NA;NA;NA;NA;NA;NA;NA;NA;NA;NA
43;"RS";4301503;"430150";"Augusto Pestana";"Não";"-";"Pedestres";NA;NA;NA;NA;NA;NA;NA;NA;NA;NA;NA;NA;NA;NA;NA;NA;NA;NA;NA;NA;NA;NA;NA;NA;NA
43;"RS";4301552;"430155";"Áurea";"Não";"-";"Pedestres";NA;NA;NA;NA;NA;NA;NA;NA;NA;NA;NA;NA;NA;NA;NA;NA;NA;NA;NA;NA;NA;NA;NA;NA;NA
43;"RS";4301602;"430160";"Bagé";"Não";"-";"Pedestres";NA;NA;NA;1;NA;NA;NA;3;NA;3;NA;NA;1;NA;NA;1;NA;NA;1;NA;NA;1;NA;NA;NA
43;"RS";4301636;"430163";"Balneário Pinhal";"Não";"-";"Pedestres";NA;NA;NA;NA;NA;NA;NA;NA;NA;NA;NA;1;NA;NA;NA;NA;NA;NA;NA;NA;NA;NA;NA;NA;NA
43;"RS";4301651;"430165";"Barão";"Não";"-";"Pedestres";NA;NA;NA;NA;NA;NA;NA;NA;NA;NA;NA;NA;NA;NA;NA;NA;NA;NA;NA;NA;NA;NA;NA;NA;NA
43;"RS";4301701;"430170";"Barão de Cotegipe";"Não";"-";"Pedestres";NA;NA;NA;NA;NA;NA;NA;NA;NA;NA;NA;NA;NA;NA;NA;NA;NA;NA;NA;NA;NA;NA;NA;NA;NA
43;"RS";4301800;"430180";"Barracão";"Não";"-";"Pedestres";NA;NA;NA;NA;NA;NA;NA;NA;NA;NA;NA;NA;NA;NA;NA;NA;NA;NA;NA;NA;NA;NA;NA;NA;NA
43;"RS";4301859;"430185";"Barra do Guarita";"Não";"-";"Pedestres";NA;NA;NA;NA;NA;NA;NA;NA;NA;NA;NA;NA;NA;NA;NA;NA;NA;NA;NA;NA;NA;NA;NA;NA;NA
43;"RS";4301875;"430187";"Barra do Quaraí";"Não";"-";"Pedestres";1;NA;NA;NA;NA;NA;NA;NA;NA;NA;NA;NA;NA;NA;NA;NA;NA;NA;NA;NA;NA;NA;NA;NA;NA
43;"RS";4301909;"430190";"Barra do Ribeiro";"Não";"-";"Pedestres";NA;NA;NA;NA;NA;NA;NA;NA;NA;NA;NA;NA;NA;NA;NA;NA;NA;NA;NA;NA;NA;NA;NA;NA;NA
43;"RS";4302006;"430200";"Barros Cassal";"Não";"-";"Pedestres";NA;NA;NA;NA;NA;NA;1;NA;NA;NA;NA;NA;NA;1;NA;NA;NA;NA;NA;NA;NA;NA;1;NA;NA
43;"RS";4302055;"430205";"Benjamin Constant do Sul";"Não";"-";"Pedestres";NA;NA;NA;NA;NA;NA;NA;NA;NA;NA;NA;NA;NA;NA;NA;NA;NA;NA;NA;NA;NA;NA;NA;NA;NA
43;"RS";4302105;"430210";"Bento Gonçalves";"Não";"Região Metropolitana da Serra Gaúcha";"Pedestres";NA;NA;NA;NA;2;NA;NA;NA;NA;3;NA;NA;NA;NA;NA;NA;1;NA;NA;1;NA;NA;NA;NA;NA
43;"RS";4302154;"430215";"Boa Vista das Missões";"Não";"-";"Pedestres";NA;NA;NA;NA;NA;NA;NA;NA;NA;NA;NA;NA;NA;NA;NA;NA;NA;NA;NA;NA;NA;NA;NA;NA;NA
43;"RS";4302204;"430220";"Boa Vista do Buricá";"Não";"-";"Pedestres";NA;NA;NA;NA;NA;NA;NA;NA;NA;NA;NA;NA;NA;NA;NA;NA;NA;NA;NA;NA;NA;NA;NA;NA;NA
43;"RS";4302253;"430225";"Boa Vista do Sul";"Não";"-";"Pedestres";NA;NA;NA;NA;NA;NA;NA;NA;NA;NA;NA;NA;NA;NA;NA;NA;NA;NA;NA;NA;NA;NA;NA;NA;NA
43;"RS";4302303;"430230";"Bom Jesus";"Não";"-";"Pedestres";1;NA;NA;NA;NA;NA;NA;NA;NA;NA;NA;NA;1;NA;NA;NA;NA;1;NA;NA;NA;NA;NA;NA;NA
43;"RS";4302352;"430235";"Bom Princípio";"Não";"-";"Pedestres";1;1;NA;NA;NA;NA;NA;NA;NA;NA;NA;NA;NA;NA;NA;NA;NA;NA;NA;NA;NA;NA;NA;NA;NA
43;"RS";4302378;"430237";"Bom Progresso";"Não";"-";"Pedestres";NA;NA;NA;NA;NA;NA;NA;NA;NA;NA;NA;NA;NA;NA;NA;NA;NA;NA;NA;NA;NA;NA;NA;NA;NA
43;"RS";4302402;"430240";"Bom Retiro do Sul";"Não";"-";"Pedestres";NA;NA;NA;NA;NA;NA;NA;NA;NA;NA;NA;NA;NA;NA;NA;NA;NA;NA;NA;NA;NA;NA;NA;NA;NA
43;"RS";4302451;"430245";"Boqueirão do Leão";"Não";"-";"Pedestres";NA;NA;NA;NA;NA;NA;NA;NA;NA;NA;NA;NA;NA;NA;NA;NA;NA;1;NA;NA;NA;NA;NA;NA;NA
43;"RS";4302501;"430250";"Bossoroca";"Não";"-";"Pedestres";NA;NA;1;NA;NA;NA;1;NA;NA;NA;1;NA;NA;NA;NA;NA;NA;NA;NA;NA;NA;NA;NA;NA;NA
43;"RS";4302584;"430258";"Bozano";"Não";"-";"Pedestres";NA;NA;NA;NA;NA;NA;1;NA;NA;NA;NA;NA;NA;NA;NA;NA;NA;NA;NA;NA;NA;NA;NA;NA;NA
43;"RS";4302659;"430265";"Brochier";"Não";"-";"Pedestres";NA;NA;NA;NA;NA;NA;NA;NA;NA;NA;NA;NA;NA;NA;NA;NA;NA;NA;NA;NA;NA;NA;NA;NA;NA
43;"RS";4302709;"430270";"Butiá";"Não";"-";"Pedestres";NA;NA;NA;1;NA;NA;1;NA;NA;NA;NA;NA;NA;NA;2;NA;NA;NA;NA;NA;NA;NA;NA;NA;NA
43;"RS";4302808;"430280";"Caçapava do Sul";"Não";"-";"Pedestres";1;1;1;NA;1;1;1;NA;NA;NA;NA;NA;NA;NA;NA;NA;NA;NA;NA;1;NA;NA;NA;1;NA
43;"RS";4302907;"430290";"Cacequi";"Não";"-";"Pedestres";NA;NA;NA;NA;NA;NA;NA;NA;1;NA;NA;NA;NA;NA;NA;NA;NA;NA;NA;NA;NA;NA;1;NA;NA
43;"RS";4303004;"430300";"Cachoeira do Sul";"Não";"-";"Pedestres";NA;1;NA;2;1;2;NA;NA;1;1;NA;NA;NA;2;2;1;NA;NA;NA;4;NA;1;1;NA;NA
43;"RS";4303103;"430310";"Cachoeirinha";"Não";"Região Metropolitana de Porto Alegre";"Pedestres";1;NA;NA;NA;NA;1;1;NA;NA;NA;NA;NA;NA;1;NA;NA;NA;1;NA;NA;NA;NA;NA;NA;NA
43;"RS";4303202;"430320";"Cacique Doble";"Não";"-";"Pedestres";NA;NA;NA;NA;NA;NA;NA;NA;NA;NA;NA;NA;NA;NA;NA;NA;NA;NA;NA;NA;NA;NA;NA;NA;NA
43;"RS";4303301;"430330";"Caibaté";"Não";"-";"Pedestres";NA;NA;NA;NA;NA;NA;NA;NA;NA;NA;NA;NA;NA;NA;NA;NA;NA;NA;NA;NA;NA;NA;NA;NA;NA
43;"RS";4303400;"430340";"Caiçara";"Não";"-";"Pedestres";NA;NA;NA;NA;NA;NA;NA;NA;NA;NA;NA;NA;NA;NA;NA;NA;NA;NA;NA;NA;NA;NA;NA;NA;NA
43;"RS";4303509;"430350";"Camaquã";"Não";"-";"Pedestres";NA;1;1;1;1;NA;NA;NA;NA;NA;1;1;NA;1;1;NA;1;1;NA;1;NA;1;2;NA;NA
43;"RS";4303608;"430360";"Cambará do Sul";"Não";"-";"Pedestres";NA;NA;NA;NA;1;NA;NA;NA;NA;NA;NA;NA;NA;NA;NA;NA;NA;NA;NA;NA;NA;NA;NA;NA;NA
43;"RS";4303673;"430367";"Campestre da Serra";"Não";"-";"Pedestres";NA;NA;NA;NA;NA;NA;NA;NA;NA;NA;NA;NA;NA;1;NA;NA;NA;NA;NA;NA;NA;NA;NA;NA;NA
43;"RS";4303707;"430370";"Campina das Missões";"Não";"-";"Pedestres";NA;NA;NA;NA;NA;NA;NA;NA;NA;NA;NA;NA;NA;NA;NA;NA;NA;NA;NA;NA;NA;NA;NA;NA;NA
43;"RS";4303806;"430380";"Campinas do Sul";"Não";"-";"Pedestres";NA;NA;NA;NA;NA;NA;NA;NA;NA;NA;NA;NA;NA;NA;NA;NA;NA;NA;NA;NA;NA;NA;NA;NA;NA
43;"RS";4303905;"430390";"Campo Bom";"Não";"Região Metropolitana de Porto Alegre";"Pedestres";NA;NA;NA;NA;NA;NA;NA;NA;NA;1;NA;NA;NA;NA;NA;NA;NA;NA;1;NA;NA;NA;NA;NA;NA
43;"RS";4304002;"430400";"Campo Novo";"Não";"-";"Pedestres";NA;NA;NA;NA;NA;NA;NA;NA;NA;NA;NA;NA;NA;NA;NA;NA;NA;NA;NA;NA;NA;NA;NA;NA;NA
43;"RS";4304101;"430410";"Campos Borges";"Não";"-";"Pedestres";NA;NA;NA;NA;NA;NA;NA;NA;NA;NA;NA;NA;NA;NA;NA;NA;NA;NA;NA;NA;NA;NA;NA;NA;NA
43;"RS";4304200;"430420";"Candelária";"Não";"-";"Pedestres";1;1;1;1;1;NA;NA;NA;NA;NA;NA;NA;1;1;NA;1;NA;NA;1;NA;1;1;NA;NA;NA
43;"RS";4304309;"430430";"Cândido Godói";"Não";"-";"Pedestres";NA;NA;NA;NA;NA;NA;NA;NA;NA;NA;NA;NA;NA;NA;NA;NA;NA;NA;NA;NA;NA;NA;NA;NA;NA
43;"RS";4304358;"430435";"Candiota";"Não";"-";"Pedestres";NA;NA;NA;NA;NA;NA;NA;NA;NA;NA;NA;NA;NA;NA;NA;NA;NA;NA;NA;NA;NA;NA;NA;NA;NA
43;"RS";4304408;"430440";"Canela";"Não";"-";"Pedestres";1;NA;NA;NA;NA;NA;NA;NA;NA;NA;NA;NA;NA;NA;1;1;NA;NA;1;NA;1;NA;1;NA;NA
43;"RS";4304507;"430450";"Canguçu";"Não";"-";"Pedestres";NA;NA;NA;NA;NA;NA;1;1;NA;NA;NA;NA;NA;NA;NA;1;2;NA;NA;NA;NA;NA;NA;NA;NA
43;"RS";4304606;"430460";"Canoas";"Não";"Região Metropolitana de Porto Alegre";"Pedestres";NA;1;NA;4;NA;3;2;2;3;3;2;1;NA;1;1;2;4;1;2;3;2;2;5;2;NA
43;"RS";4304630;"430463";"Capão da Canoa";"Não";"-";"Pedestres";NA;NA;NA;NA;NA;NA;1;NA;NA;NA;NA;NA;NA;NA;NA;NA;NA;NA;NA;NA;NA;1;NA;1;NA
43;"RS";4304655;"430465";"Capão do Cipó";"Não";"-";"Pedestres";NA;NA;NA;NA;NA;NA;NA;NA;NA;NA;NA;NA;NA;NA;NA;NA;NA;NA;NA;NA;NA;NA;NA;NA;NA
43;"RS";4304663;"430466";"Capão do Leão";"Não";"-";"Pedestres";NA;NA;NA;NA;NA;NA;NA;NA;NA;NA;NA;NA;NA;1;NA;NA;NA;NA;1;NA;NA;NA;NA;NA;NA
43;"RS";4304671;"430467";"Capivari do Sul";"Não";"-";"Pedestres";NA;NA;NA;NA;NA;NA;NA;NA;NA;NA;1;NA;NA;NA;NA;NA;NA;NA;NA;NA;NA;NA;NA;NA;NA
43;"RS";4304689;"430468";"Capela de Santana";"Não";"Região Metropolitana de Porto Alegre";"Pedestres";NA;NA;NA;NA;NA;NA;NA;NA;NA;NA;NA;NA;NA;NA;NA;NA;NA;NA;NA;NA;NA;NA;NA;NA;NA
43;"RS";4304705;"430470";"Carazinho";"Não";"-";"Pedestres";NA;1;NA;NA;2;NA;NA;NA;NA;NA;NA;NA;NA;NA;NA;NA;NA;NA;NA;NA;1;NA;NA;NA;NA
43;"RS";4304804;"430480";"Carlos Barbosa";"Não";"Região Metropolitana da Serra Gaúcha";"Pedestres";NA;NA;NA;NA;NA;NA;NA;NA;NA;NA;NA;NA;NA;NA;NA;NA;NA;NA;NA;NA;NA;NA;NA;NA;NA
43;"RS";4304903;"430490";"Casca";"Não";"-";"Pedestres";NA;NA;NA;NA;NA;NA;NA;NA;NA;NA;NA;NA;NA;NA;NA;NA;NA;NA;NA;NA;NA;NA;NA;NA;NA
43;"RS";4304952;"430495";"Caseiros";"Não";"-";"Pedestres";NA;NA;NA;NA;NA;NA;NA;NA;NA;NA;1;NA;NA;NA;NA;NA;1;NA;NA;NA;NA;NA;NA;NA;NA
43;"RS";4305009;"430500";"Catuípe";"Não";"-";"Pedestres";NA;NA;NA;NA;NA;NA;NA;NA;NA;NA;NA;NA;NA;NA;NA;NA;NA;NA;NA;NA;NA;NA;NA;NA;NA
43;"RS";4305108;"430510";"Caxias do Sul";"Não";"Região Metropolitana da Serra Gaúcha";"Pedestres";1;2;NA;NA;1;6;3;1;NA;2;2;1;5;1;NA;3;NA;3;2;NA;1;2;4;3;NA
43;"RS";4305132;"430513";"Cerro Branco";"Não";"-";"Pedestres";NA;NA;NA;NA;NA;NA;NA;NA;NA;NA;NA;NA;NA;NA;NA;NA;NA;NA;NA;NA;NA;NA;NA;NA;NA
43;"RS";4305173;"430517";"Cerro Grande do Sul";"Não";"-";"Pedestres";NA;NA;NA;NA;NA;NA;NA;NA;NA;NA;NA;NA;NA;NA;NA;NA;NA;NA;NA;NA;NA;NA;NA;NA;NA
43;"RS";4305207;"430520";"Cerro Largo";"Não";"-";"Pedestres";NA;NA;NA;NA;NA;NA;NA;NA;NA;NA;NA;NA;NA;NA;1;NA;NA;NA;NA;NA;NA;NA;NA;NA;NA
43;"RS";4305306;"430530";"Chapada";"Não";"-";"Pedestres";NA;NA;NA;NA;NA;NA;NA;NA;NA;NA;NA;NA;NA;NA;NA;NA;NA;NA;NA;NA;NA;NA;NA;NA;NA
43;"RS";4305355;"430535";"Charqueadas";"Não";"Região Metropolitana de Porto Alegre";"Pedestres";NA;NA;NA;NA;NA;NA;NA;NA;NA;NA;NA;NA;NA;NA;NA;NA;NA;NA;NA;NA;NA;NA;NA;NA;NA
43;"RS";4305371;"430537";"Charrua";"Não";"-";"Pedestres";NA;NA;NA;NA;NA;NA;NA;NA;NA;NA;NA;NA;NA;NA;NA;NA;NA;NA;NA;NA;NA;NA;NA;NA;NA
43;"RS";4305405;"430540";"Chiapetta";"Não";"-";"Pedestres";NA;NA;NA;NA;NA;NA;NA;NA;1;NA;NA;NA;NA;NA;1;NA;NA;NA;NA;NA;NA;NA;NA;NA;NA
43;"RS";4305439;"430543";"Chuí";"Não";"-";"Pedestres";NA;NA;NA;NA;NA;NA;NA;NA;NA;NA;NA;NA;NA;NA;NA;NA;NA;NA;NA;NA;NA;NA;NA;NA;NA
43;"RS";4305447;"430544";"Chuvisca";"Não";"-";"Pedestres";NA;NA;NA;NA;NA;NA;NA;NA;NA;NA;NA;NA;NA;NA;NA;NA;NA;NA;NA;NA;NA;NA;NA;NA;NA
43;"RS";4305454;"430545";"Cidreira";"Não";"-";"Pedestres";NA;NA;NA;NA;NA;NA;NA;NA;NA;NA;NA;NA;NA;NA;NA;NA;NA;NA;NA;NA;NA;NA;NA;1;NA
43;"RS";4305504;"430550";"Ciríaco";"Não";"-";"Pedestres";NA;NA;NA;NA;NA;NA;NA;NA;NA;NA;NA;NA;NA;NA;NA;NA;NA;NA;NA;NA;NA;NA;NA;NA;NA
43;"RS";4305587;"430558";"Colinas";"Não";"-";"Pedestres";NA;NA;NA;NA;NA;NA;NA;NA;NA;NA;NA;NA;NA;NA;NA;NA;NA;NA;NA;NA;NA;NA;NA;NA;NA
43;"RS";4305603;"430560";"Colorado";"Não";"-";"Pedestres";NA;NA;NA;NA;NA;NA;NA;NA;NA;NA;NA;NA;NA;NA;NA;NA;NA;NA;NA;NA;NA;NA;NA;NA;NA
43;"RS";4305702;"430570";"Condor";"Não";"-";"Pedestres";NA;NA;NA;NA;NA;NA;NA;NA;NA;NA;NA;NA;NA;NA;NA;NA;NA;NA;NA;NA;NA;NA;NA;NA;NA
43;"RS";4305801;"430580";"Constantina";"Não";"-";"Pedestres";NA;NA;NA;NA;NA;NA;NA;NA;NA;NA;NA;NA;NA;NA;NA;1;NA;NA;NA;NA;NA;1;NA;NA;NA
43;"RS";4305835;"430583";"Coqueiro Baixo";"Não";"-";"Pedestres";NA;NA;NA;NA;NA;NA;NA;NA;NA;NA;NA;NA;NA;NA;NA;NA;NA;NA;NA;NA;NA;NA;NA;NA;NA
43;"RS";4305871;"430587";"Coronel Barros";"Não";"-";"Pedestres";NA;NA;NA;NA;1;NA;NA;NA;NA;NA;NA;NA;NA;NA;NA;NA;NA;NA;NA;NA;NA;NA;NA;NA;NA
43;"RS";4305900;"430590";"Coronel Bicaco";"Não";"-";"Pedestres";NA;NA;NA;NA;NA;NA;NA;NA;NA;NA;NA;NA;NA;NA;NA;NA;NA;NA;NA;NA;NA;NA;NA;NA;NA
43;"RS";4305975;"430597";"Coxilha";"Não";"-";"Pedestres";NA;NA;NA;NA;NA;NA;NA;NA;NA;NA;NA;NA;NA;NA;NA;NA;NA;NA;NA;NA;NA;NA;NA;NA;NA
43;"RS";4306007;"430600";"Crissiumal";"Não";"-";"Pedestres";NA;NA;NA;NA;NA;NA;NA;NA;NA;NA;NA;NA;NA;NA;NA;NA;NA;NA;NA;NA;NA;NA;NA;NA;NA
43;"RS";4306056;"430605";"Cristal";"Não";"-";"Pedestres";NA;2;NA;1;NA;NA;NA;NA;NA;1;NA;NA;NA;NA;NA;NA;NA;NA;NA;NA;NA;NA;NA;NA;NA
43;"RS";4306072;"430607";"Cristal do Sul";"Não";"-";"Pedestres";NA;NA;NA;NA;NA;NA;NA;NA;NA;NA;NA;NA;NA;NA;NA;NA;NA;NA;NA;NA;NA;NA;NA;NA;NA
43;"RS";4306106;"430610";"Cruz Alta";"Não";"-";"Pedestres";1;NA;NA;1;1;2;1;NA;1;NA;NA;NA;2;NA;NA;1;NA;NA;NA;NA;1;NA;NA;NA;NA
43;"RS";4306130;"430613";"Cruzaltense";"Não";"-";"Pedestres";NA;NA;NA;NA;NA;NA;NA;NA;NA;NA;NA;NA;NA;NA;NA;NA;NA;NA;NA;NA;NA;NA;NA;NA;NA
43;"RS";4306205;"430620";"Cruzeiro do Sul";"Não";"-";"Pedestres";NA;NA;NA;NA;1;NA;NA;NA;NA;NA;NA;NA;NA;NA;NA;NA;NA;NA;NA;NA;NA;NA;NA;NA;NA
43;"RS";4306304;"430630";"David Canabarro";"Não";"-";"Pedestres";NA;NA;NA;NA;NA;NA;1;NA;NA;NA;NA;NA;NA;NA;NA;NA;NA;NA;NA;NA;NA;NA;NA;NA;NA
43;"RS";4306379;"430637";"Dilermando de Aguiar";"Não";"-";"Pedestres";NA;NA;NA;NA;NA;NA;NA;NA;NA;NA;NA;NA;NA;NA;NA;NA;NA;NA;NA;NA;NA;NA;NA;NA;NA
43;"RS";4306403;"430640";"Dois Irmãos";"Não";"Região Metropolitana de Porto Alegre";"Pedestres";NA;NA;NA;NA;NA;NA;NA;NA;NA;NA;NA;NA;NA;NA;NA;NA;NA;NA;NA;NA;NA;NA;NA;NA;NA
43;"RS";4306429;"430642";"Dois Irmãos das Missões";"Não";"-";"Pedestres";NA;NA;NA;NA;NA;NA;NA;NA;NA;NA;NA;NA;NA;NA;NA;NA;NA;NA;NA;NA;NA;NA;NA;NA;NA
43;"RS";4306502;"430650";"Dom Feliciano";"Não";"-";"Pedestres";NA;NA;NA;NA;NA;NA;NA;NA;NA;NA;NA;NA;NA;NA;NA;NA;NA;NA;NA;NA;NA;1;NA;NA;NA
43;"RS";4306551;"430655";"Dom Pedro de Alcântara";"Não";"-";"Pedestres";NA;NA;NA;NA;NA;NA;NA;NA;NA;NA;NA;NA;NA;NA;NA;NA;NA;NA;NA;NA;NA;NA;NA;NA;NA
43;"RS";4306601;"430660";"Dom Pedrito";"Não";"-";"Pedestres";NA;1;NA;1;NA;NA;NA;1;NA;NA;1;NA;1;NA;NA;NA;NA;1;NA;NA;NA;NA;NA;NA;NA
43;"RS";4306734;"430673";"Doutor Maurício Cardoso";"Não";"-";"Pedestres";NA;NA;NA;NA;NA;NA;NA;NA;NA;NA;NA;NA;NA;NA;NA;NA;NA;NA;NA;NA;NA;NA;NA;NA;NA
43;"RS";4306759;"430675";"Doutor Ricardo";"Não";"-";"Pedestres";NA;NA;NA;NA;NA;NA;NA;NA;NA;NA;NA;NA;NA;NA;NA;NA;NA;NA;NA;NA;NA;NA;NA;NA;NA
43;"RS";4306767;"430676";"Eldorado do Sul";"Não";"Região Metropolitana de Porto Alegre";"Pedestres";NA;NA;NA;NA;1;NA;NA;NA;NA;NA;NA;NA;NA;NA;NA;NA;1;NA;NA;2;1;NA;NA;NA;NA
43;"RS";4306809;"430680";"Encantado";"Não";"-";"Pedestres";NA;NA;NA;NA;NA;NA;NA;NA;NA;NA;NA;NA;1;NA;NA;NA;NA;NA;NA;NA;NA;NA;NA;NA;NA
43;"RS";4306908;"430690";"Encruzilhada do Sul";"Não";"-";"Pedestres";NA;NA;1;NA;1;NA;NA;NA;NA;NA;NA;NA;NA;NA;NA;1;NA;NA;NA;NA;NA;NA;NA;NA;NA
43;"RS";4306932;"430693";"Entre-Ijuís";"Não";"-";"Pedestres";NA;NA;NA;NA;1;NA;NA;NA;NA;NA;NA;1;NA;NA;NA;NA;NA;1;NA;NA;NA;NA;NA;NA;NA
43;"RS";4306973;"430697";"Erebango";"Não";"-";"Pedestres";NA;NA;NA;NA;NA;NA;NA;NA;NA;NA;NA;NA;NA;NA;NA;NA;NA;NA;NA;NA;NA;NA;NA;NA;NA
43;"RS";4307005;"430700";"Erechim";"Não";"-";"Pedestres";NA;1;NA;1;1;1;1;NA;2;1;2;1;NA;NA;1;NA;1;NA;NA;1;NA;2;NA;NA;NA
43;"RS";4307054;"430705";"Ernestina";"Não";"-";"Pedestres";NA;NA;NA;NA;NA;NA;NA;NA;NA;NA;NA;NA;NA;NA;NA;NA;NA;NA;NA;NA;NA;NA;NA;NA;NA
43;"RS";4307104;"430710";"Herval";"Não";"-";"Pedestres";NA;NA;NA;NA;NA;NA;NA;NA;NA;NA;NA;NA;NA;NA;NA;NA;NA;NA;NA;NA;NA;NA;NA;NA;NA
43;"RS";4307203;"430720";"Erval Grande";"Não";"-";"Pedestres";1;NA;NA;NA;NA;NA;NA;NA;NA;NA;NA;NA;NA;NA;NA;NA;NA;NA;NA;NA;NA;NA;NA;NA;NA
43;"RS";4307302;"430730";"Erval Seco";"Não";"-";"Pedestres";NA;NA;NA;1;NA;NA;NA;NA;NA;NA;NA;NA;NA;NA;NA;NA;NA;NA;NA;NA;NA;NA;NA;NA;NA
43;"RS";4307450;"430745";"Esperança do Sul";"Não";"-";"Pedestres";NA;NA;NA;NA;NA;NA;NA;NA;NA;NA;NA;NA;NA;NA;NA;NA;NA;NA;NA;NA;NA;NA;NA;NA;NA
43;"RS";4307500;"430750";"Espumoso";"Não";"-";"Pedestres";NA;NA;1;NA;NA;1;NA;NA;NA;NA;NA;NA;NA;NA;NA;NA;NA;NA;NA;NA;NA;NA;NA;NA;NA
43;"RS";4307559;"430755";"Estação";"Não";"-";"Pedestres";1;NA;NA;NA;NA;NA;NA;NA;NA;NA;NA;NA;NA;NA;NA;NA;NA;NA;NA;NA;NA;NA;NA;NA;NA
43;"RS";4307609;"430760";"Estância Velha";"Não";"Região Metropolitana de Porto Alegre";"Pedestres";NA;NA;NA;NA;NA;NA;NA;NA;NA;NA;NA;NA;NA;NA;NA;NA;NA;NA;NA;NA;1;NA;NA;NA;NA
43;"RS";4307708;"430770";"Esteio";"Não";"Região Metropolitana de Porto Alegre";"Pedestres";NA;1;NA;NA;3;1;NA;NA;NA;NA;1;NA;NA;NA;1;NA;1;NA;1;NA;NA;1;NA;1;NA
43;"RS";4307807;"430780";"Estrela";"Não";"-";"Pedestres";2;NA;NA;NA;NA;NA;NA;1;NA;1;1;NA;NA;NA;NA;NA;1;NA;NA;NA;1;NA;NA;NA;NA
43;"RS";4307815;"430781";"Estrela Velha";"Não";"-";"Pedestres";NA;NA;NA;NA;NA;NA;NA;NA;NA;NA;NA;NA;NA;NA;NA;NA;NA;NA;NA;NA;NA;NA;NA;NA;NA
43;"RS";4307831;"430783";"Eugênio de Castro";"Não";"-";"Pedestres";NA;NA;NA;NA;NA;NA;NA;NA;NA;NA;NA;NA;NA;NA;NA;NA;NA;NA;NA;NA;NA;NA;NA;NA;NA
43;"RS";4307906;"430790";"Farroupilha";"Não";"Região Metropolitana da Serra Gaúcha";"Pedestres";NA;NA;NA;NA;1;NA;NA;2;NA;NA;NA;NA;NA;NA;NA;NA;NA;NA;NA;NA;1;NA;NA;NA;NA
43;"RS";4308003;"430800";"Faxinal do Soturno";"Não";"-";"Pedestres";NA;NA;NA;NA;2;NA;NA;NA;NA;NA;NA;NA;NA;NA;NA;NA;NA;NA;NA;NA;NA;NA;NA;NA;NA
43;"RS";4308078;"430807";"Fazenda Vilanova";"Não";"-";"Pedestres";NA;NA;NA;NA;1;NA;NA;NA;NA;1;NA;NA;NA;1;NA;NA;NA;NA;NA;1;NA;NA;NA;NA;NA
43;"RS";4308102;"430810";"Feliz";"Não";"-";"Pedestres";NA;NA;NA;NA;NA;NA;1;NA;NA;NA;NA;NA;NA;NA;NA;NA;NA;NA;NA;NA;NA;NA;1;NA;NA
43;"RS";4308201;"430820";"Flores da Cunha";"Não";"Região Metropolitana da Serra Gaúcha";"Pedestres";NA;NA;NA;NA;NA;NA;NA;NA;1;NA;NA;NA;NA;1;NA;NA;NA;NA;NA;NA;NA;NA;NA;NA;NA
43;"RS";4308250;"430825";"Floriano Peixoto";"Não";"-";"Pedestres";NA;NA;NA;NA;NA;NA;NA;NA;NA;NA;NA;NA;NA;NA;NA;NA;NA;NA;NA;NA;NA;NA;NA;NA;NA
43;"RS";4308300;"430830";"Fontoura Xavier";"Não";"-";"Pedestres";NA;NA;NA;NA;NA;NA;NA;NA;NA;NA;NA;NA;NA;NA;NA;NA;NA;NA;NA;NA;NA;NA;NA;NA;NA
43;"RS";4308409;"430840";"Formigueiro";"Não";"-";"Pedestres";NA;NA;NA;NA;NA;NA;NA;NA;NA;NA;NA;NA;NA;NA;NA;NA;NA;NA;NA;NA;NA;NA;NA;NA;NA
43;"RS";4308458;"430845";"Fortaleza dos Valos";"Não";"-";"Pedestres";NA;NA;NA;NA;NA;NA;NA;NA;NA;NA;NA;NA;NA;NA;NA;NA;NA;NA;NA;NA;NA;NA;NA;NA;NA
43;"RS";4308508;"430850";"Frederico Westphalen";"Não";"-";"Pedestres";1;1;NA;2;NA;1;NA;NA;NA;NA;NA;NA;NA;NA;NA;NA;1;1;NA;1;NA;NA;NA;NA;NA
43;"RS";4308607;"430860";"Garibaldi";"Não";"Região Metropolitana da Serra Gaúcha";"Pedestres";NA;NA;NA;NA;NA;NA;NA;NA;NA;NA;NA;NA;1;NA;NA;NA;1;NA;NA;NA;NA;NA;NA;NA;NA
43;"RS";4308706;"430870";"Gaurama";"Não";"-";"Pedestres";NA;NA;NA;NA;NA;NA;NA;NA;NA;NA;NA;NA;NA;NA;NA;NA;NA;NA;NA;NA;NA;NA;NA;NA;NA
43;"RS";4308805;"430880";"General Câmara";"Não";"-";"Pedestres";NA;NA;NA;NA;NA;NA;NA;NA;NA;NA;NA;NA;NA;NA;NA;NA;NA;NA;NA;NA;NA;NA;NA;NA;NA
43;"RS";4308854;"430885";"Gentil";"Não";"-";"Pedestres";NA;NA;NA;NA;NA;NA;NA;NA;NA;NA;NA;NA;NA;NA;NA;NA;NA;NA;NA;NA;NA;NA;NA;NA;NA
43;"RS";4308904;"430890";"Getúlio Vargas";"Não";"-";"Pedestres";NA;NA;NA;NA;NA;NA;NA;NA;NA;NA;NA;NA;1;NA;NA;NA;NA;NA;NA;NA;NA;NA;NA;NA;NA
43;"RS";4309001;"430900";"Giruá";"Não";"-";"Pedestres";NA;NA;NA;NA;NA;NA;NA;NA;NA;NA;NA;NA;NA;NA;NA;NA;NA;NA;NA;NA;NA;NA;NA;NA;NA
43;"RS";4309050;"430905";"Glorinha";"Não";"Região Metropolitana de Porto Alegre";"Pedestres";1;NA;NA;NA;NA;NA;NA;NA;NA;NA;NA;NA;NA;NA;NA;NA;NA;NA;NA;NA;NA;NA;NA;NA;NA
43;"RS";4309100;"430910";"Gramado";"Não";"-";"Pedestres";NA;NA;NA;NA;NA;NA;NA;NA;NA;NA;1;NA;NA;NA;NA;NA;NA;NA;NA;NA;NA;1;NA;NA;NA
43;"RS";4309126;"430912";"Gramado dos Loureiros";"Não";"-";"Pedestres";NA;NA;NA;NA;NA;NA;NA;NA;NA;NA;NA;NA;NA;NA;NA;NA;NA;NA;NA;NA;NA;NA;NA;NA;NA
43;"RS";4309159;"430915";"Gramado Xavier";"Não";"-";"Pedestres";NA;NA;NA;NA;NA;NA;NA;NA;NA;NA;NA;NA;NA;NA;NA;NA;NA;NA;NA;NA;NA;NA;NA;NA;NA
43;"RS";4309209;"430920";"Gravataí";"Não";"Região Metropolitana de Porto Alegre";"Pedestres";3;1;NA;NA;1;3;1;2;NA;1;1;1;NA;NA;NA;1;NA;NA;1;5;1;1;3;2;NA
43;"RS";4309258;"430925";"Guabiju";"Não";"-";"Pedestres";NA;NA;NA;NA;NA;NA;NA;NA;NA;NA;NA;NA;NA;NA;NA;NA;NA;NA;NA;NA;NA;NA;NA;NA;NA
43;"RS";4309308;"430930";"Guaíba";"Não";"Região Metropolitana de Porto Alegre";"Pedestres";NA;2;NA;1;NA;NA;NA;NA;NA;NA;NA;NA;NA;NA;NA;NA;NA;NA;NA;2;NA;NA;NA;NA;NA
43;"RS";4309407;"430940";"Guaporé";"Não";"-";"Pedestres";NA;1;NA;1;NA;NA;NA;NA;NA;NA;NA;NA;NA;NA;NA;NA;NA;NA;NA;NA;NA;NA;NA;1;NA
43;"RS";4309506;"430950";"Guarani das Missões";"Não";"-";"Pedestres";NA;NA;NA;NA;NA;NA;NA;NA;NA;NA;NA;NA;NA;NA;NA;NA;NA;NA;NA;NA;NA;NA;NA;NA;NA
43;"RS";4309555;"430955";"Harmonia";"Não";"-";"Pedestres";NA;NA;NA;NA;NA;NA;NA;NA;NA;NA;NA;NA;NA;NA;NA;NA;NA;NA;NA;NA;NA;NA;NA;NA;NA
43;"RS";4309605;"430960";"Horizontina";"Não";"-";"Pedestres";NA;NA;NA;NA;NA;NA;NA;NA;NA;NA;NA;NA;NA;NA;NA;NA;NA;NA;NA;NA;NA;NA;NA;NA;NA
43;"RS";4309704;"430970";"Humaitá";"Não";"-";"Pedestres";NA;NA;NA;NA;NA;NA;NA;NA;NA;NA;NA;NA;NA;NA;1;NA;NA;NA;NA;NA;NA;NA;NA;NA;NA
43;"RS";4309753;"430975";"Ibarama";"Não";"-";"Pedestres";NA;NA;NA;NA;NA;NA;NA;NA;NA;NA;NA;NA;NA;NA;NA;NA;NA;NA;NA;NA;NA;NA;NA;NA;NA
43;"RS";4309803;"430980";"Ibiaçá";"Não";"-";"Pedestres";NA;NA;NA;NA;NA;NA;NA;NA;NA;NA;NA;NA;NA;NA;NA;NA;NA;NA;NA;NA;NA;NA;NA;NA;NA
43;"RS";4309902;"430990";"Ibiraiaras";"Não";"-";"Pedestres";NA;NA;NA;NA;NA;NA;NA;NA;NA;NA;NA;NA;NA;NA;NA;NA;NA;NA;NA;NA;NA;NA;NA;NA;NA
43;"RS";4310009;"431000";"Ibirubá";"Não";"-";"Pedestres";NA;NA;NA;NA;NA;NA;NA;NA;NA;NA;NA;NA;NA;NA;NA;NA;NA;NA;NA;NA;NA;NA;NA;NA;NA
43;"RS";4310108;"431010";"Igrejinha";"Não";"Região Metropolitana de Porto Alegre";"Pedestres";NA;NA;NA;NA;NA;NA;NA;NA;NA;NA;1;1;NA;NA;NA;NA;NA;NA;NA;NA;NA;NA;NA;NA;NA
43;"RS";4310207;"431020";"Ijuí";"Não";"-";"Pedestres";NA;1;NA;1;NA;NA;NA;NA;1;1;1;NA;NA;NA;1;1;NA;NA;1;NA;NA;NA;NA;NA;NA
43;"RS";4310306;"431030";"Ilópolis";"Não";"-";"Pedestres";NA;NA;NA;NA;NA;NA;NA;NA;NA;NA;NA;NA;1;NA;NA;NA;NA;NA;NA;NA;NA;NA;NA;NA;NA
43;"RS";4310330;"431033";"Imbé";"Não";"-";"Pedestres";NA;NA;NA;NA;NA;NA;NA;NA;NA;NA;NA;NA;NA;NA;NA;NA;NA;NA;NA;NA;NA;NA;NA;NA;NA
43;"RS";4310363;"431036";"Imigrante";"Não";"-";"Pedestres";NA;NA;NA;NA;NA;NA;NA;NA;NA;NA;NA;NA;NA;NA;NA;NA;NA;NA;NA;NA;NA;NA;NA;NA;NA
43;"RS";4310405;"431040";"Independência";"Não";"-";"Pedestres";NA;NA;NA;NA;NA;NA;1;NA;NA;NA;NA;NA;NA;NA;NA;NA;NA;NA;NA;NA;NA;NA;NA;NA;NA
43;"RS";4310413;"431041";"Inhacorá";"Não";"-";"Pedestres";NA;NA;NA;NA;NA;NA;NA;NA;NA;NA;NA;NA;NA;NA;NA;NA;NA;NA;NA;NA;NA;NA;NA;NA;NA
43;"RS";4310439;"431043";"Ipê";"Não";"Região Metropolitana da Serra Gaúcha";"Pedestres";NA;NA;NA;NA;NA;NA;NA;NA;NA;NA;NA;NA;NA;NA;NA;NA;NA;NA;NA;NA;NA;NA;NA;NA;NA
43;"RS";4310462;"431046";"Ipiranga do Sul";"Não";"-";"Pedestres";NA;NA;NA;NA;NA;NA;NA;NA;NA;NA;NA;NA;NA;NA;NA;NA;NA;NA;NA;NA;NA;NA;NA;NA;NA
43;"RS";4310504;"431050";"Iraí";"Não";"-";"Pedestres";NA;NA;NA;NA;NA;NA;NA;NA;NA;NA;NA;NA;NA;NA;NA;NA;NA;NA;NA;NA;NA;NA;NA;NA;NA
43;"RS";4310538;"431053";"Itaara";"Não";"-";"Pedestres";NA;NA;NA;NA;NA;NA;NA;NA;NA;NA;NA;NA;NA;NA;NA;NA;NA;NA;1;NA;NA;NA;NA;NA;NA
43;"RS";4310579;"431057";"Itapuca";"Não";"-";"Pedestres";NA;NA;NA;NA;NA;NA;NA;NA;NA;NA;NA;NA;NA;NA;NA;NA;NA;NA;NA;NA;NA;NA;NA;NA;NA
43;"RS";4310603;"431060";"Itaqui";"Não";"-";"Pedestres";NA;1;NA;NA;NA;1;NA;NA;1;NA;NA;NA;NA;NA;NA;NA;NA;NA;NA;NA;NA;NA;NA;NA;NA
43;"RS";4310652;"431065";"Itati";"Não";"-";"Pedestres";NA;NA;NA;1;NA;NA;NA;NA;NA;NA;NA;NA;NA;NA;NA;NA;NA;NA;NA;NA;NA;NA;NA;NA;NA
43;"RS";4310702;"431070";"Itatiba do Sul";"Não";"-";"Pedestres";NA;NA;NA;NA;NA;NA;NA;NA;NA;NA;NA;NA;NA;NA;NA;NA;NA;NA;NA;NA;NA;NA;NA;NA;NA
43;"RS";4310801;"431080";"Ivoti";"Não";"Região Metropolitana de Porto Alegre";"Pedestres";NA;NA;NA;NA;NA;NA;NA;NA;NA;NA;NA;NA;NA;NA;NA;NA;NA;NA;NA;NA;NA;NA;NA;NA;NA
43;"RS";4310900;"431090";"Jacutinga";"Não";"-";"Pedestres";NA;NA;NA;NA;NA;NA;NA;NA;NA;NA;NA;NA;NA;NA;NA;NA;NA;NA;NA;NA;NA;NA;NA;NA;NA
43;"RS";4311007;"431100";"Jaguarão";"Não";"-";"Pedestres";NA;NA;NA;NA;NA;NA;NA;1;NA;NA;NA;NA;NA;NA;NA;NA;NA;NA;NA;NA;NA;NA;NA;NA;NA
43;"RS";4311106;"431110";"Jaguari";"Não";"-";"Pedestres";NA;NA;NA;NA;NA;NA;NA;NA;NA;NA;NA;NA;NA;NA;NA;NA;NA;NA;NA;NA;NA;NA;NA;NA;NA
43;"RS";4311122;"431112";"Jaquirana";"Não";"-";"Pedestres";NA;NA;NA;NA;NA;NA;NA;NA;NA;NA;NA;NA;NA;NA;1;NA;NA;NA;NA;NA;NA;NA;NA;NA;NA
43;"RS";4311155;"431115";"Jóia";"Não";"-";"Pedestres";NA;NA;NA;NA;NA;NA;NA;NA;NA;NA;NA;NA;NA;NA;NA;NA;NA;NA;NA;NA;NA;NA;NA;NA;NA
43;"RS";4311205;"431120";"Júlio de Castilhos";"Não";"-";"Pedestres";NA;NA;NA;1;NA;NA;NA;NA;NA;NA;NA;NA;NA;NA;NA;NA;NA;NA;NA;NA;NA;NA;NA;1;NA
43;"RS";4311254;"431125";"Lagoão";"Não";"-";"Pedestres";NA;NA;NA;NA;NA;NA;NA;NA;NA;NA;NA;NA;NA;NA;NA;NA;NA;NA;NA;NA;NA;NA;NA;NA;NA
43;"RS";4311304;"431130";"Lagoa Vermelha";"Não";"-";"Pedestres";NA;NA;NA;NA;NA;NA;NA;NA;NA;NA;NA;NA;NA;NA;NA;NA;NA;NA;NA;NA;NA;NA;NA;NA;NA
43;"RS";4311403;"431140";"Lajeado";"Não";"-";"Pedestres";2;NA;NA;NA;2;2;NA;NA;1;1;NA;1;NA;NA;NA;NA;1;3;NA;NA;NA;NA;NA;NA;NA
43;"RS";4311429;"431142";"Lajeado do Bugre";"Não";"-";"Pedestres";NA;NA;NA;NA;NA;NA;NA;NA;NA;NA;NA;NA;NA;NA;NA;NA;NA;NA;NA;NA;NA;NA;NA;NA;NA
43;"RS";4311601;"431160";"Liberato Salzano";"Não";"-";"Pedestres";NA;NA;NA;NA;NA;NA;NA;NA;NA;NA;NA;NA;NA;NA;NA;NA;NA;NA;NA;NA;NA;NA;NA;NA;NA
43;"RS";4311627;"431162";"Lindolfo Collor";"Não";"-";"Pedestres";NA;NA;NA;NA;NA;NA;NA;NA;NA;NA;NA;NA;NA;NA;NA;NA;NA;NA;NA;NA;NA;NA;NA;NA;NA
43;"RS";4311700;"431170";"Machadinho";"Não";"-";"Pedestres";NA;NA;NA;NA;NA;NA;NA;NA;NA;NA;NA;NA;NA;NA;NA;NA;NA;NA;NA;NA;NA;NA;NA;NA;NA
43;"RS";4311718;"431171";"Maçambará";"Não";"-";"Pedestres";NA;NA;NA;NA;NA;NA;NA;NA;NA;NA;NA;NA;NA;NA;NA;NA;NA;NA;NA;NA;1;NA;NA;NA;NA
43;"RS";4311759;"431175";"Manoel Viana";"Não";"-";"Pedestres";NA;NA;NA;NA;NA;NA;NA;NA;NA;NA;NA;NA;NA;NA;NA;NA;NA;NA;NA;NA;NA;NA;NA;NA;NA
43;"RS";4311775;"431177";"Maquiné";"Não";"-";"Pedestres";NA;NA;NA;NA;NA;NA;NA;NA;1;NA;NA;NA;NA;NA;NA;NA;NA;NA;NA;NA;NA;NA;NA;NA;NA
43;"RS";4311791;"431179";"Maratá";"Não";"-";"Pedestres";NA;NA;NA;NA;NA;NA;NA;NA;NA;NA;NA;NA;NA;NA;NA;NA;NA;NA;NA;NA;NA;NA;NA;NA;NA
43;"RS";4311809;"431180";"Marau";"Não";"-";"Pedestres";NA;NA;NA;NA;NA;NA;NA;NA;NA;NA;NA;NA;NA;NA;NA;NA;NA;NA;NA;NA;NA;1;1;NA;NA
43;"RS";4311908;"431190";"Marcelino Ramos";"Não";"-";"Pedestres";NA;NA;NA;NA;NA;NA;NA;1;NA;NA;NA;NA;NA;NA;NA;NA;NA;NA;NA;NA;NA;NA;NA;NA;NA
43;"RS";4311981;"431198";"Mariana Pimentel";"Não";"-";"Pedestres";NA;NA;NA;NA;NA;NA;NA;NA;NA;NA;NA;NA;NA;NA;NA;NA;NA;NA;NA;NA;NA;NA;NA;NA;NA
43;"RS";4312054;"431205";"Marques de Souza";"Não";"-";"Pedestres";NA;NA;NA;NA;NA;NA;NA;NA;NA;NA;NA;NA;NA;NA;NA;NA;NA;NA;NA;NA;NA;NA;NA;1;NA
43;"RS";4312138;"431213";"Mato Castelhano";"Não";"-";"Pedestres";NA;NA;NA;NA;NA;NA;NA;NA;NA;NA;NA;NA;NA;NA;NA;NA;NA;NA;NA;NA;NA;NA;NA;NA;NA
43;"RS";4312153;"431215";"Mato Leitão";"Não";"-";"Pedestres";NA;NA;NA;NA;NA;NA;NA;NA;NA;NA;NA;NA;NA;NA;NA;NA;NA;NA;NA;NA;NA;NA;NA;NA;NA
43;"RS";4312203;"431220";"Maximiliano de Almeida";"Não";"-";"Pedestres";NA;NA;NA;NA;NA;NA;NA;1;NA;NA;NA;NA;NA;NA;1;NA;NA;NA;NA;NA;NA;NA;NA;NA;NA
43;"RS";4312252;"431225";"Minas do Leão";"Não";"-";"Pedestres";NA;NA;NA;NA;NA;NA;NA;NA;NA;NA;NA;NA;NA;NA;NA;NA;NA;NA;NA;NA;NA;NA;NA;NA;NA
43;"RS";4312302;"431230";"Miraguaí";"Não";"-";"Pedestres";NA;NA;NA;NA;NA;NA;NA;1;NA;NA;NA;NA;NA;NA;NA;NA;NA;NA;1;NA;NA;NA;NA;NA;NA
43;"RS";4312351;"431235";"Montauri";"Não";"-";"Pedestres";NA;NA;NA;NA;NA;NA;NA;NA;NA;NA;NA;NA;NA;NA;NA;NA;NA;NA;NA;NA;NA;NA;NA;NA;NA
43;"RS";4312377;"431237";"Monte Alegre dos Campos";"Não";"-";"Pedestres";NA;NA;NA;NA;NA;NA;NA;NA;NA;NA;NA;NA;NA;NA;NA;NA;NA;NA;NA;NA;NA;NA;NA;1;NA
43;"RS";4312401;"431240";"Montenegro";"Não";"Região Metropolitana de Porto Alegre";"Pedestres";NA;1;NA;NA;1;NA;1;NA;NA;NA;NA;1;NA;NA;NA;NA;NA;NA;2;NA;1;NA;NA;1;NA
43;"RS";4312427;"431242";"Mormaço";"Não";"-";"Pedestres";NA;NA;NA;NA;NA;NA;NA;NA;NA;NA;NA;NA;NA;NA;NA;NA;NA;NA;NA;NA;NA;NA;NA;NA;NA
43;"RS";4312450;"431245";"Morro Redondo";"Não";"-";"Pedestres";NA;NA;NA;NA;NA;NA;NA;NA;NA;NA;NA;NA;NA;NA;NA;NA;NA;NA;NA;NA;NA;NA;NA;NA;NA
43;"RS";4312500;"431250";"Mostardas";"Não";"-";"Pedestres";NA;NA;NA;NA;NA;NA;NA;NA;NA;NA;NA;NA;NA;NA;NA;NA;NA;NA;NA;NA;NA;NA;1;NA;NA
43;"RS";4312609;"431260";"Muçum";"Não";"-";"Pedestres";NA;NA;NA;NA;NA;NA;NA;NA;NA;NA;NA;NA;NA;NA;NA;NA;NA;NA;NA;NA;NA;NA;NA;NA;NA
43;"RS";4312617;"431261";"Muitos Capões";"Não";"-";"Pedestres";NA;1;NA;NA;NA;NA;NA;NA;NA;NA;NA;NA;NA;NA;NA;NA;NA;NA;NA;NA;NA;NA;NA;NA;NA
43;"RS";4312658;"431265";"Não-Me-Toque";"Não";"-";"Pedestres";NA;NA;NA;NA;1;NA;NA;1;NA;NA;NA;NA;NA;NA;NA;NA;NA;NA;NA;NA;NA;NA;NA;NA;NA
43;"RS";4312708;"431270";"Nonoai";"Não";"-";"Pedestres";NA;NA;NA;NA;1;NA;NA;NA;NA;NA;NA;NA;NA;NA;NA;NA;NA;NA;1;NA;NA;NA;NA;NA;NA
43;"RS";4312757;"431275";"Nova Alvorada";"Não";"-";"Pedestres";NA;NA;NA;NA;NA;NA;NA;NA;NA;NA;NA;NA;NA;NA;NA;NA;NA;NA;NA;NA;NA;NA;NA;NA;NA
43;"RS";4312807;"431280";"Nova Araçá";"Não";"-";"Pedestres";NA;NA;NA;NA;NA;NA;NA;NA;NA;NA;NA;NA;NA;NA;NA;NA;NA;NA;NA;NA;NA;NA;NA;NA;NA
43;"RS";4312906;"431290";"Nova Bassano";"Não";"-";"Pedestres";NA;NA;NA;NA;NA;NA;NA;NA;NA;NA;NA;NA;NA;NA;NA;NA;NA;NA;NA;NA;NA;NA;NA;NA;NA
43;"RS";4313003;"431300";"Nova Bréscia";"Não";"-";"Pedestres";NA;NA;NA;NA;NA;NA;NA;NA;NA;NA;NA;NA;NA;NA;NA;NA;NA;NA;NA;NA;NA;NA;NA;NA;NA
43;"RS";4313011;"431301";"Nova Candelária";"Não";"-";"Pedestres";NA;NA;NA;NA;NA;NA;NA;NA;NA;NA;NA;NA;NA;NA;NA;NA;NA;NA;NA;NA;NA;NA;NA;NA;NA
43;"RS";4313060;"431306";"Nova Hartz";"Não";"Região Metropolitana de Porto Alegre";"Pedestres";NA;1;NA;NA;NA;NA;NA;NA;NA;NA;NA;NA;NA;NA;NA;NA;NA;NA;NA;NA;NA;NA;NA;NA;NA
43;"RS";4313102;"431310";"Nova Palma";"Não";"-";"Pedestres";NA;NA;NA;NA;NA;NA;NA;NA;NA;NA;NA;NA;NA;NA;NA;NA;NA;NA;NA;NA;NA;NA;NA;NA;NA
43;"RS";4313201;"431320";"Nova Petrópolis";"Não";"-";"Pedestres";NA;NA;NA;NA;NA;1;NA;NA;NA;NA;NA;NA;NA;NA;NA;NA;NA;NA;NA;NA;NA;NA;NA;NA;NA
43;"RS";4313300;"431330";"Nova Prata";"Não";"-";"Pedestres";NA;NA;NA;NA;NA;1;NA;NA;NA;NA;NA;NA;NA;NA;NA;1;NA;NA;NA;NA;NA;NA;1;NA;NA
43;"RS";4313334;"431333";"Nova Ramada";"Não";"-";"Pedestres";NA;NA;NA;NA;NA;NA;NA;NA;NA;NA;NA;NA;NA;NA;NA;NA;NA;NA;NA;NA;NA;NA;NA;NA;NA
43;"RS";4313375;"431337";"Nova Santa Rita";"Não";"Região Metropolitana de Porto Alegre";"Pedestres";NA;NA;NA;NA;NA;NA;NA;NA;NA;NA;NA;NA;NA;NA;NA;NA;1;NA;NA;NA;NA;NA;NA;NA;NA
43;"RS";4313391;"431339";"Novo Cabrais";"Não";"-";"Pedestres";NA;NA;NA;NA;1;NA;NA;1;NA;NA;NA;NA;NA;NA;NA;NA;NA;2;NA;NA;NA;NA;NA;NA;NA
43;"RS";4313409;"431340";"Novo Hamburgo";"Não";"Região Metropolitana de Porto Alegre";"Pedestres";NA;NA;NA;1;2;1;NA;1;3;NA;NA;1;NA;2;1;NA;NA;NA;1;1;NA;NA;2;NA;NA
43;"RS";4313425;"431342";"Novo Machado";"Não";"-";"Pedestres";NA;NA;NA;NA;NA;NA;NA;NA;NA;NA;NA;NA;NA;NA;NA;NA;NA;NA;NA;NA;NA;NA;NA;NA;NA
43;"RS";4313508;"431350";"Osório";"Não";"-";"Pedestres";NA;NA;NA;1;NA;NA;NA;NA;NA;NA;NA;NA;NA;NA;1;1;NA;1;NA;NA;NA;1;NA;1;NA
43;"RS";4313607;"431360";"Paim Filho";"Não";"-";"Pedestres";NA;NA;NA;NA;NA;NA;NA;NA;NA;NA;NA;NA;NA;NA;NA;NA;NA;NA;NA;NA;NA;NA;NA;NA;NA
43;"RS";4313656;"431365";"Palmares do Sul";"Não";"-";"Pedestres";NA;NA;1;NA;NA;NA;NA;NA;NA;NA;NA;1;NA;NA;NA;NA;NA;NA;NA;1;NA;NA;NA;NA;NA
43;"RS";4313706;"431370";"Palmeira das Missões";"Não";"-";"Pedestres";NA;NA;NA;NA;NA;NA;NA;NA;NA;NA;NA;NA;NA;NA;NA;NA;1;NA;NA;NA;NA;NA;NA;NA;NA
43;"RS";4313805;"431380";"Palmitinho";"Não";"-";"Pedestres";NA;NA;NA;NA;NA;NA;NA;NA;NA;NA;NA;NA;NA;NA;NA;NA;NA;NA;NA;NA;NA;NA;NA;NA;NA
43;"RS";4313904;"431390";"Panambi";"Não";"-";"Pedestres";NA;1;NA;NA;NA;NA;NA;NA;NA;NA;NA;NA;NA;NA;NA;NA;NA;NA;NA;NA;NA;NA;NA;NA;NA
43;"RS";4313953;"431395";"Pantano Grande";"Não";"-";"Pedestres";1;1;NA;NA;NA;NA;1;NA;NA;NA;NA;NA;NA;NA;NA;NA;NA;NA;NA;NA;NA;NA;NA;NA;NA
43;"RS";4314001;"431400";"Paraí";"Não";"-";"Pedestres";NA;NA;NA;NA;NA;NA;NA;NA;NA;NA;NA;NA;NA;NA;NA;NA;NA;NA;NA;NA;NA;NA;NA;NA;NA
43;"RS";4314027;"431402";"Paraíso do Sul";"Não";"-";"Pedestres";NA;NA;NA;NA;NA;NA;NA;NA;NA;NA;1;NA;NA;NA;NA;NA;NA;NA;NA;NA;NA;NA;1;NA;NA
43;"RS";4314050;"431405";"Parobé";"Não";"Região Metropolitana de Porto Alegre";"Pedestres";2;NA;NA;NA;2;1;2;NA;NA;NA;NA;NA;1;NA;NA;NA;NA;NA;NA;NA;NA;NA;NA;1;NA
43;"RS";4314068;"431406";"Passa Sete";"Não";"-";"Pedestres";NA;NA;1;NA;NA;NA;NA;NA;NA;NA;NA;NA;NA;NA;NA;NA;NA;NA;NA;NA;NA;NA;NA;NA;NA
43;"RS";4314076;"431407";"Passo do Sobrado";"Não";"-";"Pedestres";NA;NA;NA;NA;NA;NA;NA;NA;NA;NA;NA;NA;NA;NA;NA;NA;NA;NA;NA;NA;NA;NA;NA;NA;NA
43;"RS";4314100;"431410";"Passo Fundo";"Não";"-";"Pedestres";1;2;1;NA;1;NA;2;1;NA;1;NA;NA;1;2;3;NA;NA;2;1;4;4;2;4;3;NA
43;"RS";4314159;"431415";"Paverama";"Não";"-";"Pedestres";NA;NA;NA;NA;NA;NA;NA;NA;NA;NA;NA;NA;NA;NA;NA;NA;NA;NA;NA;NA;NA;NA;NA;NA;NA
43;"RS";4314209;"431420";"Pedro Osório";"Não";"-";"Pedestres";NA;NA;NA;NA;NA;NA;NA;NA;NA;NA;NA;1;NA;NA;NA;NA;NA;NA;NA;NA;NA;1;NA;NA;NA
43;"RS";4314308;"431430";"Pejuçara";"Não";"-";"Pedestres";NA;NA;NA;NA;NA;NA;NA;NA;NA;NA;NA;NA;NA;NA;NA;NA;NA;NA;NA;NA;NA;NA;NA;NA;NA
43;"RS";4314407;"431440";"Pelotas";"Não";"-";"Pedestres";7;6;NA;2;2;2;NA;4;3;3;4;3;1;3;4;4;3;2;1;3;3;1;NA;NA;NA
43;"RS";4314423;"431442";"Picada Café";"Não";"-";"Pedestres";NA;NA;NA;NA;NA;NA;NA;NA;NA;NA;NA;NA;NA;NA;NA;NA;NA;NA;NA;NA;NA;NA;NA;NA;NA
43;"RS";4314456;"431445";"Pinhal";"Não";"-";"Pedestres";NA;NA;NA;NA;NA;NA;NA;NA;NA;NA;NA;NA;NA;NA;NA;NA;NA;NA;NA;NA;NA;NA;NA;NA;NA
43;"RS";4314472;"431447";"Pinhal Grande";"Não";"-";"Pedestres";NA;NA;NA;NA;NA;NA;NA;NA;NA;NA;NA;NA;NA;NA;NA;NA;NA;NA;NA;NA;NA;NA;NA;NA;NA
43;"RS";4314498;"431449";"Pinheirinho do Vale";"Não";"-";"Pedestres";NA;NA;NA;NA;NA;NA;NA;NA;NA;NA;NA;NA;NA;NA;NA;NA;NA;NA;NA;NA;NA;NA;NA;NA;NA
43;"RS";4314506;"431450";"Pinheiro Machado";"Não";"-";"Pedestres";NA;NA;NA;NA;NA;NA;NA;NA;NA;1;NA;NA;NA;NA;NA;NA;NA;NA;1;NA;NA;NA;NA;NA;NA
43;"RS";4314605;"431460";"Piratini";"Não";"-";"Pedestres";NA;NA;NA;NA;NA;NA;NA;NA;NA;NA;1;NA;NA;NA;NA;NA;NA;NA;NA;NA;NA;NA;NA;NA;NA
43;"RS";4314704;"431470";"Planalto";"Não";"-";"Pedestres";NA;NA;NA;NA;NA;NA;NA;NA;NA;1;NA;NA;NA;NA;NA;NA;NA;NA;NA;1;NA;NA;NA;NA;NA
43;"RS";4314753;"431475";"Poço das Antas";"Não";"-";"Pedestres";NA;NA;NA;NA;NA;NA;NA;NA;NA;NA;NA;NA;NA;NA;NA;NA;NA;NA;NA;NA;NA;NA;NA;NA;NA
43;"RS";4314779;"431477";"Pontão";"Não";"-";"Pedestres";NA;NA;NA;NA;NA;NA;NA;NA;NA;NA;NA;NA;NA;NA;NA;NA;NA;NA;1;NA;NA;NA;NA;NA;NA
43;"RS";4314787;"431478";"Ponte Preta";"Não";"-";"Pedestres";NA;NA;NA;NA;NA;NA;NA;NA;NA;NA;NA;NA;NA;NA;NA;NA;NA;NA;NA;NA;NA;NA;NA;1;NA
43;"RS";4314803;"431480";"Portão";"Não";"Região Metropolitana de Porto Alegre";"Pedestres";NA;1;1;NA;NA;NA;1;NA;1;NA;NA;NA;NA;NA;1;1;NA;NA;NA;1;1;NA;NA;NA;NA
43;"RS";4314902;"431490";"Porto Alegre";"Sim";"Região Metropolitana de Porto Alegre";"Pedestres";15;18;21;13;11;18;11;8;21;18;20;9;7;13;10;17;4;10;9;15;4;2;9;5;NA
43;"RS";4315008;"431500";"Porto Lucena";"Não";"-";"Pedestres";NA;NA;NA;NA;NA;NA;NA;NA;NA;NA;NA;NA;NA;NA;NA;NA;NA;NA;NA;NA;NA;NA;NA;NA;NA
43;"RS";4315107;"431510";"Porto Xavier";"Não";"-";"Pedestres";NA;NA;NA;NA;NA;NA;NA;NA;NA;NA;NA;1;NA;NA;NA;NA;NA;NA;NA;NA;NA;NA;NA;NA;NA
43;"RS";4315131;"431513";"Pouso Novo";"Não";"-";"Pedestres";1;1;NA;NA;NA;NA;NA;NA;NA;NA;NA;NA;NA;NA;NA;NA;NA;NA;NA;NA;NA;NA;NA;NA;NA
43;"RS";4315149;"431514";"Presidente Lucena";"Não";"-";"Pedestres";NA;NA;NA;NA;NA;NA;NA;NA;NA;NA;NA;NA;NA;NA;NA;NA;NA;NA;NA;NA;NA;NA;NA;NA;NA
43;"RS";4315156;"431515";"Progresso";"Não";"-";"Pedestres";NA;NA;NA;NA;NA;1;NA;NA;NA;NA;NA;NA;NA;NA;NA;NA;NA;NA;NA;NA;NA;NA;NA;NA;NA
43;"RS";4315305;"431530";"Quaraí";"Não";"-";"Pedestres";NA;NA;NA;NA;NA;NA;NA;NA;NA;NA;NA;NA;NA;NA;NA;NA;NA;NA;NA;NA;NA;NA;NA;NA;NA
43;"RS";4315321;"431532";"Quevedos";"Não";"-";"Pedestres";NA;NA;NA;NA;NA;NA;NA;NA;NA;NA;NA;NA;NA;NA;NA;NA;NA;NA;NA;NA;NA;NA;NA;NA;NA
43;"RS";4315404;"431540";"Redentora";"Não";"-";"Pedestres";NA;NA;NA;NA;NA;NA;NA;NA;NA;NA;NA;NA;NA;NA;NA;NA;NA;NA;NA;NA;NA;NA;NA;NA;NA
43;"RS";4315503;"431550";"Restinga Sêca";"Não";"-";"Pedestres";NA;NA;1;NA;NA;NA;NA;NA;NA;NA;NA;2;NA;NA;NA;NA;NA;1;NA;NA;NA;NA;NA;NA;NA
43;"RS";4315552;"431555";"Rio dos Índios";"Não";"-";"Pedestres";NA;NA;NA;NA;NA;NA;NA;NA;NA;NA;NA;NA;NA;NA;NA;NA;NA;NA;NA;NA;NA;NA;NA;NA;NA
43;"RS";4315602;"431560";"Rio Grande";"Não";"-";"Pedestres";1;NA;1;2;2;1;2;4;2;2;1;1;3;1;2;1;NA;3;3;NA;NA;3;1;2;NA
43;"RS";4315701;"431570";"Rio Pardo";"Não";"-";"Pedestres";1;NA;NA;NA;NA;NA;1;NA;NA;NA;1;NA;NA;NA;NA;NA;NA;NA;NA;NA;NA;NA;NA;NA;NA
43;"RS";4315800;"431580";"Roca Sales";"Não";"-";"Pedestres";NA;NA;NA;NA;NA;NA;NA;NA;NA;NA;NA;NA;NA;NA;NA;NA;NA;NA;NA;NA;NA;NA;NA;NA;NA
43;"RS";4315909;"431590";"Rodeio Bonito";"Não";"-";"Pedestres";NA;NA;NA;NA;NA;NA;NA;NA;NA;NA;NA;NA;NA;NA;1;NA;NA;NA;NA;NA;NA;NA;NA;NA;NA
43;"RS";4316006;"431600";"Rolante";"Não";"Região Metropolitana de Porto Alegre";"Pedestres";NA;NA;NA;NA;NA;NA;NA;NA;NA;NA;NA;NA;NA;NA;NA;NA;NA;NA;NA;NA;NA;NA;NA;NA;NA
43;"RS";4316105;"431610";"Ronda Alta";"Não";"-";"Pedestres";NA;NA;NA;NA;NA;NA;NA;NA;NA;NA;NA;NA;NA;NA;NA;NA;NA;NA;NA;NA;NA;NA;NA;NA;NA
43;"RS";4316204;"431620";"Rondinha";"Não";"-";"Pedestres";NA;NA;NA;NA;NA;NA;NA;NA;NA;NA;NA;NA;NA;NA;NA;NA;NA;NA;NA;NA;NA;NA;NA;NA;NA
43;"RS";4316303;"431630";"Roque Gonzales";"Não";"-";"Pedestres";NA;NA;NA;NA;NA;NA;NA;NA;NA;NA;NA;NA;NA;NA;NA;NA;NA;NA;NA;NA;NA;NA;NA;NA;NA
43;"RS";4316402;"431640";"Rosário do Sul";"Não";"-";"Pedestres";NA;NA;NA;NA;1;1;NA;NA;NA;NA;NA;NA;NA;NA;NA;NA;NA;NA;NA;NA;NA;NA;NA;NA;NA
43;"RS";4316428;"431642";"Sagrada Família";"Não";"-";"Pedestres";NA;NA;NA;NA;NA;NA;NA;NA;NA;NA;NA;NA;NA;NA;NA;NA;NA;NA;NA;NA;NA;NA;NA;NA;NA
43;"RS";4316436;"431643";"Saldanha Marinho";"Não";"-";"Pedestres";NA;NA;NA;NA;NA;NA;NA;NA;NA;NA;NA;NA;NA;1;NA;NA;NA;NA;NA;NA;NA;NA;NA;NA;NA
43;"RS";4316451;"431645";"Salto do Jacuí";"Não";"-";"Pedestres";NA;NA;NA;NA;NA;NA;NA;NA;NA;NA;NA;NA;NA;NA;NA;NA;NA;NA;NA;1;NA;NA;NA;NA;NA
43;"RS";4316501;"431650";"Salvador do Sul";"Não";"-";"Pedestres";NA;NA;NA;NA;NA;NA;NA;NA;NA;NA;NA;NA;NA;NA;NA;NA;NA;NA;NA;NA;NA;NA;NA;NA;NA
43;"RS";4316600;"431660";"Sananduva";"Não";"-";"Pedestres";NA;NA;NA;NA;NA;NA;NA;NA;NA;NA;NA;NA;NA;NA;NA;NA;NA;NA;NA;NA;NA;NA;NA;NA;NA
43;"RS";4316709;"431670";"Santa Bárbara do Sul";"Não";"-";"Pedestres";NA;NA;NA;NA;NA;NA;NA;NA;NA;NA;NA;NA;NA;NA;NA;NA;1;NA;NA;NA;NA;NA;NA;NA;NA
43;"RS";4316733;"431673";"Santa Cecília do Sul";"Não";"-";"Pedestres";NA;NA;NA;NA;NA;NA;NA;NA;NA;NA;NA;NA;NA;NA;NA;NA;NA;NA;NA;NA;NA;NA;NA;NA;NA
43;"RS";4316758;"431675";"Santa Clara do Sul";"Não";"-";"Pedestres";NA;NA;NA;NA;NA;NA;NA;NA;NA;NA;NA;NA;NA;NA;NA;NA;NA;NA;NA;NA;NA;NA;NA;NA;NA
43;"RS";4316808;"431680";"Santa Cruz do Sul";"Não";"-";"Pedestres";1;NA;3;3;2;1;2;NA;NA;NA;1;1;1;1;2;3;1;NA;NA;4;NA;3;1;NA;NA
43;"RS";4316907;"431690";"Santa Maria";"Não";"-";"Pedestres";1;1;4;1;NA;4;2;3;2;4;4;1;NA;2;1;1;1;3;2;3;2;2;2;1;NA
43;"RS";4317004;"431700";"Santana da Boa Vista";"Não";"-";"Pedestres";NA;NA;NA;NA;NA;NA;NA;NA;NA;NA;NA;NA;NA;NA;NA;NA;NA;NA;NA;NA;NA;NA;NA;NA;NA
43;"RS";4317103;"431710";"Sant'Ana do Livramento";"Não";"-";"Pedestres";1;NA;NA;NA;NA;NA;NA;1;2;1;NA;NA;1;1;NA;NA;NA;NA;NA;NA;NA;NA;NA;NA;NA
43;"RS";4317202;"431720";"Santa Rosa";"Não";"-";"Pedestres";NA;NA;1;NA;1;NA;2;NA;1;NA;NA;NA;NA;NA;NA;NA;NA;NA;NA;NA;1;NA;NA;NA;NA
43;"RS";4317301;"431730";"Santa Vitória do Palmar";"Não";"-";"Pedestres";NA;NA;NA;NA;NA;NA;NA;1;NA;1;1;NA;1;NA;NA;NA;NA;1;1;NA;NA;NA;NA;NA;NA
43;"RS";4317400;"431740";"Santiago";"Não";"-";"Pedestres";NA;NA;NA;NA;NA;1;NA;NA;NA;NA;NA;NA;NA;NA;NA;NA;1;NA;NA;1;NA;NA;NA;NA;NA
43;"RS";4317509;"431750";"Santo Ângelo";"Não";"-";"Pedestres";NA;NA;NA;NA;NA;NA;1;NA;NA;NA;NA;NA;NA;NA;NA;1;NA;NA;NA;1;NA;NA;2;NA;NA
43;"RS";4317558;"431755";"Santo Antônio do Palma";"Não";"-";"Pedestres";NA;NA;NA;NA;NA;NA;NA;NA;NA;NA;NA;NA;NA;NA;NA;NA;NA;NA;NA;NA;NA;NA;NA;NA;NA
43;"RS";4317608;"431760";"Santo Antônio da Patrulha";"Não";"Região Metropolitana de Porto Alegre";"Pedestres";NA;NA;NA;NA;1;NA;NA;NA;NA;NA;NA;NA;NA;NA;NA;NA;1;NA;NA;NA;NA;NA;NA;NA;NA
43;"RS";4317707;"431770";"Santo Antônio das Missões";"Não";"-";"Pedestres";NA;NA;NA;NA;NA;NA;NA;NA;NA;NA;NA;NA;NA;NA;NA;NA;NA;NA;NA;NA;NA;NA;NA;NA;NA
43;"RS";4317756;"431775";"Santo Antônio do Planalto";"Não";"-";"Pedestres";NA;NA;NA;NA;NA;NA;NA;NA;NA;NA;NA;NA;NA;NA;NA;NA;NA;NA;NA;NA;NA;NA;NA;NA;NA
43;"RS";4317806;"431780";"Santo Augusto";"Não";"-";"Pedestres";NA;NA;NA;1;NA;NA;NA;NA;NA;NA;NA;NA;NA;NA;NA;NA;NA;NA;NA;NA;NA;NA;NA;NA;NA
43;"RS";4317905;"431790";"Santo Cristo";"Não";"-";"Pedestres";NA;NA;NA;NA;NA;NA;NA;NA;NA;NA;NA;NA;NA;NA;NA;NA;NA;NA;NA;NA;NA;NA;NA;NA;NA
43;"RS";4318002;"431800";"São Borja";"Não";"-";"Pedestres";NA;NA;NA;NA;NA;NA;NA;NA;NA;1;NA;NA;NA;NA;NA;NA;NA;1;NA;NA;NA;1;NA;NA;NA
43;"RS";4318051;"431805";"São Domingos do Sul";"Não";"-";"Pedestres";NA;NA;NA;NA;NA;NA;NA;NA;NA;NA;NA;NA;NA;NA;NA;NA;NA;NA;NA;NA;NA;NA;NA;NA;NA
43;"RS";4318101;"431810";"São Francisco de Assis";"Não";"-";"Pedestres";NA;NA;NA;NA;NA;NA;NA;NA;NA;NA;NA;NA;NA;NA;NA;NA;NA;NA;NA;NA;NA;NA;NA;NA;NA
43;"RS";4318200;"431820";"São Francisco de Paula";"Não";"-";"Pedestres";NA;NA;1;NA;NA;NA;NA;NA;NA;1;NA;NA;NA;NA;NA;NA;NA;1;NA;NA;NA;NA;NA;NA;NA
43;"RS";4318309;"431830";"São Gabriel";"Não";"-";"Pedestres";NA;1;NA;NA;NA;1;1;1;1;NA;1;NA;NA;NA;NA;NA;NA;NA;NA;NA;NA;NA;NA;1;NA
43;"RS";4318408;"431840";"São Jerônimo";"Não";"Região Metropolitana de Porto Alegre";"Pedestres";NA;NA;1;NA;NA;NA;NA;NA;NA;NA;NA;NA;1;NA;NA;NA;NA;NA;NA;NA;NA;NA;NA;NA;NA
43;"RS";4318424;"431842";"São João da Urtiga";"Não";"-";"Pedestres";NA;NA;NA;NA;NA;NA;NA;NA;NA;NA;NA;NA;NA;NA;NA;NA;NA;NA;NA;NA;NA;NA;NA;NA;NA
43;"RS";4318432;"431843";"São João do Polêsine";"Não";"-";"Pedestres";NA;NA;1;NA;NA;NA;NA;NA;NA;NA;NA;NA;NA;NA;NA;NA;NA;NA;1;NA;NA;NA;NA;NA;NA
43;"RS";4318440;"431844";"São Jorge";"Não";"-";"Pedestres";NA;1;NA;NA;NA;NA;NA;NA;NA;NA;NA;NA;NA;NA;NA;NA;NA;NA;NA;NA;NA;NA;NA;NA;NA
43;"RS";4318465;"431846";"São José do Herval";"Não";"-";"Pedestres";NA;NA;NA;NA;NA;NA;NA;NA;NA;NA;NA;NA;NA;NA;NA;NA;NA;NA;NA;NA;NA;NA;NA;NA;NA
43;"RS";4318507;"431850";"São José do Norte";"Não";"-";"Pedestres";NA;1;NA;NA;NA;NA;NA;NA;1;NA;NA;NA;NA;NA;NA;NA;NA;NA;NA;NA;NA;NA;NA;NA;NA
43;"RS";4318606;"431860";"São José do Ouro";"Não";"-";"Pedestres";NA;NA;NA;NA;NA;NA;NA;NA;NA;NA;NA;NA;NA;NA;NA;NA;NA;NA;NA;NA;NA;NA;NA;NA;NA
43;"RS";4318614;"431861";"São José do Sul";"Não";"-";"Pedestres";NA;NA;NA;NA;NA;NA;NA;NA;NA;NA;NA;NA;NA;NA;NA;NA;NA;NA;NA;NA;NA;NA;NA;NA;NA
43;"RS";4318705;"431870";"São Leopoldo";"Não";"Região Metropolitana de Porto Alegre";"Pedestres";NA;NA;2;4;7;3;4;NA;3;NA;1;NA;NA;1;3;NA;1;NA;1;NA;NA;NA;NA;NA;NA
43;"RS";4318804;"431880";"São Lourenço do Sul";"Não";"-";"Pedestres";NA;NA;NA;NA;NA;NA;NA;NA;NA;NA;1;NA;NA;NA;NA;NA;NA;NA;NA;NA;NA;NA;NA;NA;NA
43;"RS";4318903;"431890";"São Luiz Gonzaga";"Não";"-";"Pedestres";NA;NA;NA;NA;NA;1;NA;NA;NA;NA;NA;NA;NA;NA;NA;NA;NA;NA;NA;NA;NA;NA;NA;1;NA
43;"RS";4319000;"431900";"São Marcos";"Não";"Região Metropolitana da Serra Gaúcha";"Pedestres";NA;NA;NA;NA;NA;NA;NA;NA;NA;NA;NA;NA;NA;NA;NA;NA;NA;NA;NA;NA;NA;NA;NA;NA;NA
43;"RS";4319109;"431910";"São Martinho";"Não";"-";"Pedestres";NA;NA;NA;NA;NA;NA;NA;NA;NA;1;NA;NA;NA;NA;NA;NA;NA;NA;NA;NA;NA;NA;NA;NA;NA
43;"RS";4319158;"431915";"São Miguel das Missões";"Não";"-";"Pedestres";NA;NA;NA;NA;NA;NA;NA;NA;1;NA;NA;NA;NA;NA;NA;NA;NA;NA;NA;NA;NA;NA;NA;NA;NA
43;"RS";4319208;"431920";"São Nicolau";"Não";"-";"Pedestres";NA;NA;NA;NA;NA;NA;NA;NA;NA;NA;NA;NA;NA;NA;NA;NA;NA;NA;NA;NA;NA;NA;NA;NA;NA
43;"RS";4319307;"431930";"São Paulo das Missões";"Não";"-";"Pedestres";NA;NA;NA;NA;NA;NA;NA;NA;NA;NA;NA;NA;NA;NA;NA;NA;NA;NA;NA;NA;NA;NA;NA;NA;NA
43;"RS";4319356;"431935";"São Pedro da Serra";"Não";"-";"Pedestres";NA;NA;NA;NA;1;NA;NA;NA;NA;NA;NA;NA;NA;NA;NA;NA;NA;NA;NA;NA;NA;NA;NA;NA;NA
43;"RS";4319372;"431937";"São Pedro do Butiá";"Não";"-";"Pedestres";NA;NA;NA;NA;NA;NA;NA;NA;NA;NA;NA;1;NA;NA;NA;NA;NA;NA;NA;NA;NA;NA;NA;NA;NA
43;"RS";4319406;"431940";"São Pedro do Sul";"Não";"-";"Pedestres";NA;NA;NA;NA;1;NA;1;NA;NA;NA;1;NA;NA;NA;NA;NA;NA;NA;NA;NA;NA;NA;NA;NA;NA
43;"RS";4319505;"431950";"São Sebastião do Caí";"Não";"Região Metropolitana de Porto Alegre";"Pedestres";NA;NA;1;NA;NA;1;NA;NA;NA;1;1;NA;1;NA;NA;1;NA;NA;NA;NA;1;NA;NA;NA;NA
43;"RS";4319604;"431960";"São Sepé";"Não";"-";"Pedestres";NA;1;NA;NA;NA;NA;NA;NA;NA;NA;NA;NA;NA;NA;NA;NA;NA;NA;NA;NA;NA;NA;NA;NA;NA
43;"RS";4319703;"431970";"São Valentim";"Não";"-";"Pedestres";NA;NA;NA;NA;NA;NA;NA;NA;NA;NA;NA;NA;NA;NA;NA;NA;NA;NA;NA;NA;NA;NA;NA;NA;NA
43;"RS";4319711;"431971";"São Valentim do Sul";"Não";"-";"Pedestres";NA;NA;NA;NA;NA;NA;NA;NA;NA;NA;NA;NA;NA;NA;NA;NA;NA;NA;NA;NA;NA;NA;NA;NA;NA
43;"RS";4319752;"431975";"São Vendelino";"Não";"-";"Pedestres";NA;NA;NA;NA;NA;NA;NA;NA;NA;NA;NA;NA;NA;NA;NA;NA;NA;NA;NA;NA;NA;NA;NA;NA;NA
43;"RS";4319802;"431980";"São Vicente do Sul";"Não";"-";"Pedestres";NA;NA;NA;NA;NA;NA;NA;NA;NA;NA;NA;NA;NA;NA;NA;NA;NA;NA;NA;NA;NA;NA;NA;NA;NA
43;"RS";4319901;"431990";"Sapiranga";"Não";"Região Metropolitana de Porto Alegre";"Pedestres";NA;2;1;NA;NA;1;2;NA;1;NA;NA;NA;NA;1;NA;NA;NA;1;NA;NA;NA;NA;NA;NA;NA
43;"RS";4320008;"432000";"Sapucaia do Sul";"Não";"Região Metropolitana de Porto Alegre";"Pedestres";NA;NA;3;NA;1;NA;NA;NA;NA;1;1;1;1;4;3;NA;NA;NA;NA;1;NA;NA;NA;NA;NA
43;"RS";4320107;"432010";"Sarandi";"Não";"-";"Pedestres";NA;NA;NA;NA;NA;NA;NA;NA;NA;NA;1;NA;NA;1;1;NA;NA;NA;NA;NA;NA;NA;NA;NA;NA
43;"RS";4320206;"432020";"Seberi";"Não";"-";"Pedestres";NA;NA;NA;NA;NA;NA;NA;NA;NA;NA;NA;NA;NA;NA;NA;NA;NA;NA;NA;NA;NA;NA;NA;NA;NA
43;"RS";4320230;"432023";"Sede Nova";"Não";"-";"Pedestres";NA;NA;NA;NA;NA;NA;NA;NA;NA;NA;NA;NA;NA;NA;NA;NA;NA;NA;NA;NA;NA;NA;NA;NA;NA
43;"RS";4320263;"432026";"Segredo";"Não";"-";"Pedestres";NA;NA;NA;NA;NA;NA;NA;NA;NA;NA;NA;NA;NA;NA;NA;NA;NA;NA;NA;NA;NA;NA;NA;NA;NA
43;"RS";4320305;"432030";"Selbach";"Não";"-";"Pedestres";2;NA;NA;NA;NA;NA;NA;NA;NA;NA;NA;NA;NA;NA;NA;NA;NA;NA;NA;NA;NA;NA;NA;NA;NA
43;"RS";4320321;"432032";"Senador Salgado Filho";"Não";"-";"Pedestres";1;NA;NA;NA;NA;NA;NA;NA;NA;NA;NA;NA;NA;NA;NA;NA;NA;NA;NA;NA;NA;NA;NA;NA;NA
43;"RS";4320354;"432035";"Sentinela do Sul";"Não";"-";"Pedestres";NA;NA;NA;NA;NA;NA;NA;NA;NA;NA;NA;NA;NA;NA;NA;NA;NA;NA;NA;NA;NA;NA;NA;NA;NA
43;"RS";4320404;"432040";"Serafina Corrêa";"Não";"-";"Pedestres";NA;NA;NA;NA;NA;NA;NA;NA;NA;NA;NA;NA;NA;NA;NA;NA;NA;NA;NA;NA;NA;NA;NA;NA;NA
43;"RS";4320503;"432050";"Sertão";"Não";"-";"Pedestres";NA;NA;NA;NA;NA;NA;NA;NA;NA;NA;NA;NA;NA;NA;NA;NA;NA;NA;1;NA;NA;NA;NA;NA;NA
43;"RS";4320552;"432055";"Sertão Santana";"Não";"-";"Pedestres";NA;NA;NA;NA;NA;NA;NA;NA;NA;NA;NA;NA;NA;NA;NA;NA;NA;NA;NA;NA;NA;NA;NA;NA;NA
43;"RS";4320651;"432065";"Silveira Martins";"Não";"-";"Pedestres";NA;NA;NA;NA;NA;NA;NA;NA;NA;NA;NA;NA;NA;NA;NA;NA;NA;NA;NA;NA;NA;NA;NA;NA;NA
43;"RS";4320677;"432067";"Sinimbu";"Não";"-";"Pedestres";NA;NA;NA;NA;NA;NA;NA;NA;NA;NA;NA;NA;NA;1;NA;NA;NA;NA;NA;NA;NA;NA;NA;NA;NA
43;"RS";4320701;"432070";"Sobradinho";"Não";"-";"Pedestres";1;NA;NA;NA;1;NA;NA;NA;NA;NA;NA;NA;NA;NA;NA;NA;NA;NA;NA;NA;NA;NA;NA;NA;NA
43;"RS";4320800;"432080";"Soledade";"Não";"-";"Pedestres";NA;NA;1;1;NA;NA;NA;NA;NA;NA;2;NA;NA;NA;NA;NA;NA;NA;NA;NA;NA;NA;NA;NA;NA
43;"RS";4320859;"432085";"Tabaí";"Não";"-";"Pedestres";1;NA;NA;NA;NA;NA;NA;NA;NA;NA;NA;NA;NA;NA;NA;NA;NA;NA;NA;NA;1;NA;NA;NA;NA
43;"RS";4320909;"432090";"Tapejara";"Não";"-";"Pedestres";NA;NA;NA;NA;NA;NA;NA;NA;NA;NA;1;NA;NA;NA;NA;NA;NA;NA;NA;NA;NA;NA;NA;NA;NA
43;"RS";4321006;"432100";"Tapera";"Não";"-";"Pedestres";NA;NA;NA;NA;NA;NA;NA;1;NA;NA;NA;NA;NA;NA;NA;NA;NA;NA;NA;NA;NA;NA;NA;NA;NA
43;"RS";4321105;"432110";"Tapes";"Não";"-";"Pedestres";NA;NA;NA;NA;NA;NA;NA;NA;NA;NA;NA;NA;NA;NA;NA;NA;NA;NA;NA;NA;NA;NA;NA;NA;NA
43;"RS";4321204;"432120";"Taquara";"Não";"Região Metropolitana de Porto Alegre";"Pedestres";1;1;NA;NA;NA;NA;2;NA;NA;NA;1;NA;1;NA;NA;NA;NA;NA;NA;NA;1;NA;NA;1;NA
43;"RS";4321303;"432130";"Taquari";"Não";"-";"Pedestres";NA;NA;NA;NA;NA;NA;NA;NA;NA;NA;NA;1;NA;NA;NA;NA;NA;NA;NA;NA;NA;NA;NA;NA;NA
43;"RS";4321329;"432132";"Taquaruçu do Sul";"Não";"-";"Pedestres";NA;NA;NA;NA;NA;NA;NA;NA;NA;NA;NA;NA;NA;NA;NA;NA;NA;NA;NA;NA;NA;NA;NA;NA;NA
43;"RS";4321352;"432135";"Tavares";"Não";"-";"Pedestres";NA;NA;1;NA;NA;NA;NA;NA;NA;NA;NA;NA;NA;NA;NA;NA;NA;NA;NA;NA;NA;NA;NA;NA;NA
43;"RS";4321402;"432140";"Tenente Portela";"Não";"-";"Pedestres";NA;NA;NA;NA;NA;NA;NA;NA;NA;NA;NA;NA;NA;NA;NA;NA;NA;NA;NA;NA;NA;NA;NA;NA;NA
43;"RS";4321436;"432143";"Terra de Areia";"Não";"-";"Pedestres";NA;NA;NA;NA;NA;NA;NA;NA;NA;NA;NA;NA;1;NA;NA;NA;NA;NA;NA;NA;NA;NA;NA;NA;NA
43;"RS";4321451;"432145";"Teutônia";"Não";"-";"Pedestres";NA;NA;NA;NA;NA;NA;NA;NA;NA;NA;1;1;NA;NA;NA;NA;NA;NA;NA;NA;NA;NA;NA;NA;NA
43;"RS";4321469;"432146";"Tio Hugo";"Não";"-";"Pedestres";NA;NA;NA;NA;NA;NA;NA;NA;NA;NA;NA;NA;NA;NA;NA;NA;NA;NA;NA;NA;NA;NA;NA;NA;NA
43;"RS";4321477;"432147";"Tiradentes do Sul";"Não";"-";"Pedestres";NA;NA;NA;NA;NA;NA;NA;NA;NA;NA;NA;NA;NA;NA;NA;NA;NA;NA;NA;NA;NA;NA;NA;NA;NA
43;"RS";4321493;"432149";"Toropi";"Não";"-";"Pedestres";NA;NA;NA;NA;NA;NA;NA;NA;NA;NA;NA;NA;NA;NA;NA;NA;NA;NA;NA;NA;NA;NA;NA;NA;NA
43;"RS";4321501;"432150";"Torres";"Não";"-";"Pedestres";NA;NA;NA;NA;NA;NA;NA;1;NA;NA;NA;NA;NA;NA;NA;1;NA;NA;NA;NA;1;NA;NA;NA;NA
43;"RS";4321600;"432160";"Tramandaí";"Não";"-";"Pedestres";NA;NA;NA;NA;NA;NA;NA;NA;1;NA;NA;NA;NA;2;NA;NA;NA;NA;NA;NA;NA;NA;NA;NA;NA
43;"RS";4321667;"432166";"Três Cachoeiras";"Não";"-";"Pedestres";NA;NA;NA;NA;NA;NA;NA;NA;NA;NA;NA;NA;NA;NA;NA;NA;NA;NA;NA;NA;NA;NA;NA;NA;NA
43;"RS";4321709;"432170";"Três Coroas";"Não";"-";"Pedestres";NA;NA;NA;NA;NA;NA;NA;NA;NA;NA;NA;1;NA;NA;NA;NA;NA;NA;NA;NA;NA;NA;NA;NA;NA
43;"RS";4321808;"432180";"Três de Maio";"Não";"-";"Pedestres";NA;NA;NA;NA;NA;NA;NA;NA;1;NA;NA;NA;NA;1;NA;NA;NA;NA;NA;NA;NA;NA;NA;NA;NA
43;"RS";4321857;"432185";"Três Palmeiras";"Não";"-";"Pedestres";NA;NA;NA;NA;NA;NA;NA;NA;NA;NA;NA;NA;NA;NA;NA;NA;NA;NA;NA;NA;NA;NA;NA;NA;NA
43;"RS";4321907;"432190";"Três Passos";"Não";"-";"Pedestres";NA;NA;NA;1;NA;NA;NA;NA;NA;NA;NA;NA;NA;NA;NA;NA;NA;NA;NA;NA;NA;NA;NA;NA;NA
43;"RS";4321956;"432195";"Trindade do Sul";"Não";"-";"Pedestres";NA;NA;NA;NA;NA;NA;NA;NA;NA;NA;NA;NA;NA;NA;NA;NA;NA;NA;NA;NA;NA;NA;NA;NA;NA
43;"RS";4322004;"432200";"Triunfo";"Não";"Região Metropolitana de Porto Alegre";"Pedestres";4;NA;NA;NA;NA;NA;NA;1;1;1;NA;1;NA;NA;NA;NA;NA;NA;NA;NA;NA;NA;NA;NA;NA
43;"RS";4322103;"432210";"Tucunduva";"Não";"-";"Pedestres";1;NA;NA;NA;NA;NA;NA;NA;NA;NA;NA;NA;NA;NA;NA;NA;NA;NA;NA;NA;NA;NA;NA;NA;NA
43;"RS";4322152;"432215";"Tunas";"Não";"-";"Pedestres";NA;NA;NA;NA;NA;NA;NA;NA;NA;NA;NA;NA;NA;NA;NA;NA;NA;NA;NA;NA;NA;NA;NA;NA;NA
43;"RS";4322186;"432218";"Tupanci do Sul";"Não";"-";"Pedestres";NA;NA;NA;NA;NA;NA;1;NA;NA;NA;NA;NA;NA;NA;NA;NA;NA;NA;NA;NA;NA;NA;NA;NA;NA
43;"RS";4322202;"432220";"Tupanciretã";"Não";"-";"Pedestres";NA;1;NA;NA;NA;1;NA;NA;1;NA;NA;NA;NA;NA;NA;1;NA;NA;NA;NA;NA;NA;NA;NA;NA
43;"RS";4322251;"432225";"Tupandi";"Não";"-";"Pedestres";NA;NA;NA;NA;NA;NA;NA;NA;NA;NA;NA;NA;NA;NA;NA;NA;NA;NA;NA;NA;NA;NA;NA;NA;NA
43;"RS";4322301;"432230";"Tuparendi";"Não";"-";"Pedestres";NA;NA;NA;NA;NA;NA;NA;NA;NA;NA;NA;1;NA;NA;NA;NA;NA;NA;NA;NA;NA;NA;NA;NA;NA
43;"RS";4322327;"432232";"Turuçu";"Não";"-";"Pedestres";NA;NA;NA;NA;NA;NA;NA;NA;NA;NA;NA;NA;NA;NA;NA;NA;NA;NA;NA;NA;NA;NA;NA;NA;NA
43;"RS";4322376;"432237";"Unistalda";"Não";"-";"Pedestres";NA;NA;NA;NA;NA;NA;NA;NA;NA;NA;NA;NA;NA;NA;NA;NA;NA;NA;NA;NA;NA;NA;NA;NA;NA
43;"RS";4322400;"432240";"Uruguaiana";"Não";"-";"Pedestres";NA;2;2;2;NA;1;2;2;1;1;NA;NA;2;NA;NA;1;NA;NA;1;NA;NA;NA;NA;NA;NA
43;"RS";4322509;"432250";"Vacaria";"Não";"-";"Pedestres";1;1;1;1;NA;1;1;1;NA;NA;2;1;1;1;1;NA;1;NA;3;NA;NA;NA;NA;NA;NA
43;"RS";4322525;"432252";"Vale Verde";"Não";"-";"Pedestres";NA;NA;NA;NA;NA;NA;NA;NA;NA;NA;NA;NA;NA;1;NA;NA;NA;NA;NA;NA;NA;NA;NA;NA;NA
43;"RS";4322533;"432253";"Vale do Sol";"Não";"-";"Pedestres";NA;NA;1;NA;1;NA;1;NA;NA;NA;NA;NA;1;NA;NA;NA;NA;NA;NA;NA;NA;NA;NA;NA;NA
43;"RS";4322541;"432254";"Vale Real";"Não";"-";"Pedestres";NA;NA;NA;NA;NA;NA;NA;NA;NA;NA;NA;NA;NA;NA;NA;NA;NA;NA;NA;NA;NA;NA;NA;NA;NA
43;"RS";4322608;"432260";"Venâncio Aires";"Não";"-";"Pedestres";NA;1;1;NA;NA;1;NA;NA;NA;NA;1;NA;NA;NA;NA;NA;1;NA;1;NA;1;NA;NA;1;NA
43;"RS";4322707;"432270";"Vera Cruz";"Não";"-";"Pedestres";NA;1;NA;NA;NA;1;NA;NA;NA;NA;NA;NA;NA;NA;1;NA;NA;NA;NA;NA;NA;NA;NA;NA;NA
43;"RS";4322806;"432280";"Veranópolis";"Não";"-";"Pedestres";NA;NA;NA;NA;NA;NA;NA;NA;NA;NA;NA;NA;NA;NA;NA;NA;NA;NA;NA;NA;NA;NA;NA;1;NA
43;"RS";4322855;"432285";"Vespasiano Corrêa";"Não";"-";"Pedestres";NA;NA;NA;NA;NA;NA;NA;NA;NA;NA;NA;NA;NA;NA;NA;NA;NA;NA;NA;NA;NA;NA;NA;NA;NA
43;"RS";4322905;"432290";"Viadutos";"Não";"-";"Pedestres";NA;NA;NA;NA;NA;NA;NA;NA;NA;NA;NA;NA;NA;NA;NA;NA;NA;NA;NA;NA;NA;NA;NA;NA;NA
43;"RS";4323002;"432300";"Viamão";"Não";"Região Metropolitana de Porto Alegre";"Pedestres";1;2;1;1;NA;2;1;1;NA;NA;2;1;1;NA;NA;4;NA;1;3;4;NA;NA;3;NA;NA
43;"RS";4323101;"432310";"Vicente Dutra";"Não";"-";"Pedestres";NA;NA;NA;NA;NA;1;NA;NA;NA;NA;NA;NA;NA;NA;NA;NA;NA;NA;NA;NA;NA;NA;NA;NA;NA
43;"RS";4323309;"432330";"Vila Flores";"Não";"-";"Pedestres";NA;NA;NA;NA;NA;NA;NA;NA;NA;NA;NA;NA;NA;NA;NA;NA;NA;NA;NA;NA;NA;NA;1;NA;NA
43;"RS";4323358;"432335";"Vila Lângaro";"Não";"-";"Pedestres";NA;NA;NA;NA;NA;NA;NA;NA;NA;NA;NA;NA;NA;NA;NA;NA;NA;NA;NA;NA;NA;NA;NA;NA;NA
43;"RS";4323408;"432340";"Vila Maria";"Não";"-";"Pedestres";NA;NA;NA;NA;NA;NA;NA;NA;NA;NA;NA;NA;NA;NA;NA;NA;NA;NA;NA;NA;NA;NA;NA;NA;NA
43;"RS";4323457;"432345";"Vila Nova do Sul";"Não";"-";"Pedestres";NA;NA;NA;NA;NA;NA;1;NA;NA;NA;NA;NA;NA;NA;NA;NA;NA;NA;NA;NA;NA;NA;NA;NA;NA
43;"RS";4323507;"432350";"Vista Alegre";"Não";"-";"Pedestres";NA;NA;1;NA;NA;NA;NA;NA;NA;NA;NA;NA;1;NA;NA;NA;NA;NA;NA;NA;NA;NA;NA;NA;NA
43;"RS";4323754;"432375";"Vitória das Missões";"Não";"-";"Pedestres";NA;NA;NA;NA;NA;NA;NA;NA;NA;NA;NA;NA;NA;NA;NA;NA;NA;NA;NA;NA;NA;NA;NA;NA;NA
43;"RS";4323770;"432377";"Westfália";"Não";"-";"Pedestres";NA;NA;NA;NA;NA;NA;NA;NA;NA;NA;NA;NA;NA;NA;NA;NA;NA;NA;NA;NA;NA;NA;NA;NA;NA
43;"RS";4323804;"432380";"Xangri-lá";"Não";"-";"Pedestres";NA;NA;NA;NA;NA;NA;NA;NA;NA;NA;NA;NA;NA;NA;NA;NA;1;NA;NA;NA;NA;NA;NA;NA;NA
50;"MS";5000203;"500020";"Água Clara";"Não";"-";"Pedestres";1;NA;NA;NA;NA;NA;2;1;NA;NA;2;NA;NA;NA;NA;NA;NA;1;1;NA;NA;NA;NA;NA;NA
50;"MS";5000252;"500025";"Alcinópolis";"Não";"-";"Pedestres";NA;NA;NA;NA;NA;NA;NA;1;NA;NA;NA;NA;NA;NA;NA;NA;NA;NA;NA;NA;NA;NA;NA;NA;NA
50;"MS";5000609;"500060";"Amambai";"Não";"-";"Pedestres";1;NA;NA;NA;NA;NA;NA;NA;NA;NA;NA;1;1;1;NA;1;NA;NA;NA;1;1;NA;NA;1;NA
50;"MS";5000708;"500070";"Anastácio";"Não";"-";"Pedestres";1;1;NA;1;NA;NA;NA;1;NA;NA;NA;1;NA;NA;NA;NA;NA;NA;NA;NA;1;NA;NA;NA;NA
50;"MS";5000807;"500080";"Anaurilândia";"Não";"-";"Pedestres";NA;1;NA;NA;NA;NA;NA;NA;NA;NA;NA;NA;NA;NA;NA;NA;NA;NA;NA;1;NA;NA;NA;NA;NA
50;"MS";5000856;"500085";"Angélica";"Não";"-";"Pedestres";NA;NA;NA;NA;NA;NA;NA;1;NA;NA;NA;NA;NA;NA;NA;NA;NA;1;1;NA;NA;NA;NA;NA;NA
50;"MS";5000906;"500090";"Antônio João";"Não";"-";"Pedestres";NA;NA;NA;NA;NA;NA;NA;1;NA;NA;NA;NA;NA;1;1;NA;NA;NA;NA;NA;NA;NA;NA;NA;NA
50;"MS";5001003;"500100";"Aparecida do Taboado";"Não";"-";"Pedestres";NA;1;1;NA;NA;NA;NA;NA;1;NA;NA;NA;NA;NA;NA;NA;NA;NA;NA;1;NA;NA;NA;NA;NA
50;"MS";5001102;"500110";"Aquidauana";"Não";"-";"Pedestres";NA;NA;2;1;1;NA;NA;NA;NA;NA;NA;NA;2;2;1;NA;NA;NA;2;1;1;1;NA;1;NA
50;"MS";5001243;"500124";"Aral Moreira";"Não";"-";"Pedestres";1;NA;NA;NA;NA;NA;NA;NA;NA;NA;NA;NA;NA;NA;NA;NA;NA;1;NA;NA;NA;NA;2;1;NA
50;"MS";5001508;"500150";"Bandeirantes";"Não";"-";"Pedestres";NA;NA;NA;NA;1;2;NA;NA;NA;NA;NA;1;NA;NA;NA;NA;NA;NA;1;NA;NA;NA;NA;NA;NA
50;"MS";5001904;"500190";"Bataguassu";"Não";"-";"Pedestres";NA;NA;NA;1;NA;2;NA;NA;NA;NA;NA;2;NA;1;NA;NA;1;NA;NA;NA;NA;NA;1;1;NA
50;"MS";5002001;"500200";"Batayporã";"Não";"-";"Pedestres";NA;NA;NA;NA;NA;NA;NA;NA;NA;NA;NA;NA;NA;NA;NA;NA;NA;NA;NA;NA;NA;1;NA;NA;NA
50;"MS";5002100;"500210";"Bela Vista";"Não";"-";"Pedestres";NA;NA;NA;NA;NA;NA;1;NA;1;2;NA;NA;NA;1;1;NA;NA;NA;NA;NA;NA;NA;1;1;NA
50;"MS";5002159;"500215";"Bodoquena";"Não";"-";"Pedestres";NA;NA;NA;NA;NA;NA;NA;NA;NA;NA;NA;1;NA;NA;NA;1;NA;NA;NA;NA;NA;NA;NA;NA;NA
50;"MS";5002209;"500220";"Bonito";"Não";"-";"Pedestres";NA;2;NA;NA;NA;NA;NA;NA;NA;NA;NA;1;NA;1;NA;1;NA;NA;NA;NA;NA;NA;NA;NA;NA
50;"MS";5002308;"500230";"Brasilândia";"Não";"-";"Pedestres";2;NA;NA;NA;NA;NA;NA;NA;1;NA;NA;NA;NA;NA;1;1;NA;NA;NA;NA;NA;NA;NA;NA;NA
50;"MS";5002407;"500240";"Caarapó";"Não";"-";"Pedestres";NA;NA;1;NA;NA;NA;NA;NA;NA;NA;1;1;NA;NA;NA;1;NA;NA;1;NA;NA;1;1;NA;NA
50;"MS";5002605;"500260";"Camapuã";"Não";"-";"Pedestres";NA;NA;NA;NA;NA;NA;1;NA;1;1;2;1;NA;NA;NA;1;2;NA;NA;1;NA;NA;NA;NA;NA
50;"MS";5002704;"500270";"Campo Grande";"Sim";"-";"Pedestres";5;11;12;15;29;33;30;13;21;21;22;21;11;15;8;12;16;11;17;17;13;18;13;19;NA
50;"MS";5002803;"500280";"Caracol";"Não";"-";"Pedestres";NA;NA;NA;NA;NA;NA;1;NA;NA;NA;NA;NA;NA;NA;NA;NA;NA;NA;NA;NA;NA;NA;NA;NA;NA
50;"MS";5002902;"500290";"Cassilândia";"Não";"-";"Pedestres";NA;NA;1;1;NA;2;1;NA;NA;NA;1;NA;NA;NA;NA;NA;NA;NA;NA;NA;NA;NA;1;NA;NA
50;"MS";5002951;"500295";"Chapadão do Sul";"Não";"-";"Pedestres";NA;1;NA;NA;NA;NA;NA;NA;NA;1;NA;1;NA;NA;NA;NA;NA;1;1;NA;NA;NA;NA;NA;NA
50;"MS";5003108;"500310";"Corguinho";"Não";"-";"Pedestres";NA;NA;NA;NA;NA;NA;NA;NA;NA;NA;NA;NA;NA;NA;NA;NA;NA;NA;NA;1;NA;NA;NA;NA;NA
50;"MS";5003157;"500315";"Coronel Sapucaia";"Não";"-";"Pedestres";NA;NA;NA;NA;NA;1;NA;NA;1;1;NA;1;2;5;1;NA;NA;NA;NA;NA;NA;NA;NA;NA;NA
50;"MS";5003207;"500320";"Corumbá";"Não";"-";"Pedestres";NA;9;3;2;4;1;2;6;3;NA;2;2;2;2;2;3;NA;2;3;6;3;NA;NA;1;NA
50;"MS";5003256;"500325";"Costa Rica";"Não";"-";"Pedestres";NA;1;NA;NA;NA;NA;2;1;1;NA;NA;1;NA;NA;NA;NA;NA;1;NA;1;NA;NA;NA;NA;NA
50;"MS";5003306;"500330";"Coxim";"Não";"-";"Pedestres";NA;NA;2;1;3;NA;NA;NA;NA;NA;1;NA;NA;NA;3;3;1;NA;NA;NA;1;NA;NA;NA;NA
50;"MS";5003454;"500345";"Deodápolis";"Não";"-";"Pedestres";NA;NA;1;NA;NA;NA;NA;NA;1;NA;NA;NA;NA;NA;NA;NA;NA;1;NA;NA;1;NA;NA;NA;NA
50;"MS";5003488;"500348";"Dois Irmãos do Buriti";"Não";"-";"Pedestres";NA;NA;NA;NA;NA;1;NA;NA;NA;NA;NA;NA;NA;NA;NA;NA;NA;NA;NA;1;NA;NA;1;1;NA
50;"MS";5003504;"500350";"Douradina";"Não";"-";"Pedestres";NA;NA;1;NA;NA;NA;NA;NA;NA;NA;1;NA;1;NA;NA;NA;NA;NA;NA;NA;NA;NA;NA;NA;NA
50;"MS";5003702;"500370";"Dourados";"Não";"-";"Pedestres";5;7;8;7;5;4;11;2;6;4;8;9;10;6;9;7;6;2;5;9;7;9;7;9;NA
50;"MS";5003751;"500375";"Eldorado";"Não";"-";"Pedestres";NA;NA;NA;NA;1;NA;2;1;NA;NA;1;NA;NA;NA;NA;2;NA;NA;NA;1;NA;NA;NA;NA;NA
50;"MS";5003801;"500380";"Fátima do Sul";"Não";"-";"Pedestres";NA;1;NA;NA;NA;1;NA;NA;NA;1;1;1;NA;1;NA;1;NA;1;1;1;NA;1;NA;NA;NA
50;"MS";5003900;"500390";"Figueirão";"Não";"-";"Pedestres";NA;NA;NA;NA;NA;NA;NA;NA;NA;NA;NA;NA;NA;NA;NA;NA;NA;NA;NA;NA;NA;NA;1;NA;NA
50;"MS";5004007;"500400";"Glória de Dourados";"Não";"-";"Pedestres";NA;1;NA;NA;NA;NA;NA;NA;NA;1;NA;NA;NA;1;NA;NA;NA;NA;NA;NA;NA;NA;NA;NA;NA
50;"MS";5004106;"500410";"Guia Lopes da Laguna";"Não";"-";"Pedestres";NA;NA;1;NA;NA;NA;NA;1;1;2;1;1;NA;1;NA;NA;NA;NA;NA;NA;NA;NA;3;NA;NA
50;"MS";5004304;"500430";"Iguatemi";"Não";"-";"Pedestres";NA;NA;NA;NA;NA;NA;NA;NA;NA;NA;NA;NA;NA;1;1;NA;1;NA;NA;NA;NA;NA;NA;NA;NA
50;"MS";5004403;"500440";"Inocência";"Não";"-";"Pedestres";NA;NA;NA;NA;NA;NA;NA;NA;NA;NA;NA;2;NA;NA;NA;NA;NA;NA;NA;NA;NA;NA;NA;NA;NA
50;"MS";5004502;"500450";"Itaporã";"Não";"-";"Pedestres";1;NA;NA;1;NA;NA;NA;NA;NA;NA;NA;NA;NA;NA;NA;1;NA;NA;1;NA;NA;NA;NA;NA;NA
50;"MS";5004601;"500460";"Itaquiraí";"Não";"-";"Pedestres";NA;NA;NA;NA;NA;1;NA;1;NA;NA;NA;NA;1;NA;4;NA;1;NA;2;NA;NA;NA;1;NA;NA
50;"MS";5004700;"500470";"Ivinhema";"Não";"-";"Pedestres";NA;1;NA;2;NA;4;NA;NA;1;NA;NA;2;NA;NA;1;NA;NA;NA;NA;1;NA;NA;NA;NA;NA
50;"MS";5004809;"500480";"Japorã";"Não";"-";"Pedestres";NA;NA;1;NA;1;NA;NA;1;NA;NA;NA;NA;NA;NA;NA;NA;NA;NA;NA;NA;NA;NA;NA;NA;NA
50;"MS";5004908;"500490";"Jaraguari";"Não";"-";"Pedestres";NA;NA;NA;NA;NA;NA;1;NA;NA;NA;NA;NA;NA;NA;NA;1;NA;NA;NA;NA;NA;1;1;NA;NA
50;"MS";5005004;"500500";"Jardim";"Não";"-";"Pedestres";NA;NA;NA;NA;1;1;NA;1;1;2;NA;NA;NA;NA;NA;NA;NA;1;NA;1;NA;NA;1;NA;NA
50;"MS";5005103;"500510";"Jateí";"Não";"-";"Pedestres";NA;NA;NA;NA;NA;NA;NA;NA;NA;NA;NA;NA;NA;NA;NA;NA;NA;NA;NA;1;NA;NA;NA;NA;NA
50;"MS";5005152;"500515";"Juti";"Não";"-";"Pedestres";NA;NA;NA;2;NA;NA;NA;NA;NA;NA;NA;NA;NA;NA;NA;NA;NA;NA;NA;NA;NA;NA;1;NA;NA
50;"MS";5005202;"500520";"Ladário";"Não";"-";"Pedestres";NA;NA;NA;NA;NA;NA;NA;NA;NA;NA;NA;NA;1;NA;NA;NA;NA;NA;NA;NA;NA;NA;NA;NA;NA
50;"MS";5005251;"500525";"Laguna Carapã";"Não";"-";"Pedestres";NA;NA;NA;NA;NA;NA;NA;NA;NA;NA;1;NA;NA;NA;NA;NA;NA;NA;NA;NA;NA;NA;NA;NA;NA
50;"MS";5005400;"500540";"Maracaju";"Não";"-";"Pedestres";NA;NA;NA;NA;NA;1;NA;NA;NA;1;2;NA;1;NA;NA;NA;2;NA;NA;NA;1;NA;NA;NA;NA
50;"MS";5005608;"500560";"Miranda";"Não";"-";"Pedestres";NA;NA;NA;NA;NA;NA;NA;1;NA;NA;1;1;1;NA;2;NA;NA;NA;NA;NA;NA;1;3;2;NA
50;"MS";5005681;"500568";"Mundo Novo";"Não";"-";"Pedestres";1;NA;NA;1;NA;NA;NA;NA;NA;1;NA;NA;NA;NA;1;NA;NA;NA;NA;NA;1;1;NA;NA;NA
50;"MS";5005707;"500570";"Naviraí";"Não";"-";"Pedestres";NA;1;2;3;NA;1;NA;NA;2;NA;1;1;1;1;NA;NA;NA;1;1;NA;NA;1;1;NA;NA
50;"MS";5005806;"500580";"Nioaque";"Não";"-";"Pedestres";1;NA;NA;NA;2;1;NA;NA;NA;1;NA;NA;NA;NA;NA;NA;1;NA;NA;NA;NA;NA;NA;NA;NA
50;"MS";5006002;"500600";"Nova Alvorada do Sul";"Não";"-";"Pedestres";1;NA;1;NA;NA;NA;1;NA;1;NA;2;NA;NA;2;NA;1;1;NA;1;1;NA;1;2;NA;NA
50;"MS";5006200;"500620";"Nova Andradina";"Não";"-";"Pedestres";NA;NA;4;1;1;1;1;1;NA;NA;2;2;NA;1;1;1;1;1;1;1;1;2;NA;NA;NA
50;"MS";5006275;"500627";"Paraíso das Águas";"Não";"-";"Pedestres";NA;NA;NA;NA;NA;NA;NA;NA;NA;NA;NA;NA;NA;NA;1;NA;NA;NA;NA;NA;NA;NA;NA;NA;NA
50;"MS";5006309;"500630";"Paranaíba";"Não";"-";"Pedestres";1;NA;NA;2;1;2;NA;NA;1;NA;NA;3;NA;NA;2;NA;NA;NA;NA;NA;NA;NA;NA;NA;NA
50;"MS";5006358;"500635";"Paranhos";"Não";"-";"Pedestres";NA;NA;1;NA;NA;NA;NA;NA;NA;NA;NA;NA;NA;NA;1;NA;NA;NA;NA;NA;NA;NA;NA;NA;NA
50;"MS";5006408;"500640";"Pedro Gomes";"Não";"-";"Pedestres";NA;1;1;1;1;NA;NA;NA;NA;1;NA;NA;NA;NA;NA;NA;NA;1;NA;NA;NA;NA;NA;NA;NA
50;"MS";5006606;"500660";"Ponta Porã";"Não";"-";"Pedestres";1;NA;1;1;1;1;5;3;3;4;2;4;3;3;6;1;3;6;4;7;2;NA;NA;1;NA
50;"MS";5006903;"500690";"Porto Murtinho";"Não";"-";"Pedestres";NA;NA;NA;NA;NA;2;NA;1;1;NA;NA;NA;NA;NA;NA;NA;1;NA;NA;NA;NA;NA;NA;NA;NA
50;"MS";5007109;"500710";"Ribas do Rio Pardo";"Não";"-";"Pedestres";1;NA;1;2;NA;1;2;NA;1;2;1;NA;1;NA;NA;NA;NA;NA;NA;NA;1;NA;NA;1;NA
50;"MS";5007208;"500720";"Rio Brilhante";"Não";"-";"Pedestres";NA;NA;2;NA;1;1;1;1;1;NA;NA;NA;1;NA;NA;NA;NA;1;1;1;2;1;1;1;NA
50;"MS";5007307;"500730";"Rio Negro";"Não";"-";"Pedestres";NA;NA;NA;NA;NA;NA;1;NA;NA;NA;NA;NA;NA;NA;NA;NA;NA;NA;NA;NA;NA;NA;NA;NA;NA
50;"MS";5007406;"500740";"Rio Verde de Mato Grosso";"Não";"-";"Pedestres";NA;NA;NA;NA;NA;2;1;NA;2;1;1;NA;NA;NA;NA;NA;NA;NA;1;1;NA;NA;1;1;NA
50;"MS";5007505;"500750";"Rochedo";"Não";"-";"Pedestres";NA;NA;NA;NA;NA;NA;NA;NA;NA;NA;NA;NA;NA;NA;NA;NA;NA;NA;NA;NA;1;NA;NA;NA;NA
50;"MS";5007554;"500755";"Santa Rita do Pardo";"Não";"-";"Pedestres";NA;NA;NA;NA;NA;NA;NA;NA;NA;1;NA;NA;NA;NA;NA;NA;NA;NA;NA;NA;NA;NA;NA;NA;NA
50;"MS";5007695;"500769";"São Gabriel do Oeste";"Não";"-";"Pedestres";1;NA;NA;NA;1;1;1;1;1;NA;1;3;NA;NA;1;5;1;NA;NA;NA;NA;NA;3;1;NA
50;"MS";5007703;"500770";"Sete Quedas";"Não";"-";"Pedestres";NA;1;NA;NA;NA;NA;NA;NA;NA;NA;NA;NA;1;NA;NA;NA;NA;NA;NA;NA;NA;NA;NA;NA;NA
50;"MS";5007802;"500780";"Selvíria";"Não";"-";"Pedestres";NA;NA;1;NA;1;NA;NA;NA;NA;NA;NA;NA;1;1;NA;NA;NA;NA;NA;NA;NA;NA;NA;NA;NA
50;"MS";5007901;"500790";"Sidrolândia";"Não";"-";"Pedestres";1;1;NA;1;NA;NA;NA;NA;NA;1;1;NA;2;NA;NA;NA;1;NA;NA;NA;NA;NA;NA;1;NA
50;"MS";5007935;"500793";"Sonora";"Não";"-";"Pedestres";NA;NA;NA;NA;NA;NA;NA;NA;1;NA;1;1;NA;1;NA;NA;NA;NA;NA;NA;NA;2;NA;NA;NA
50;"MS";5007950;"500795";"Tacuru";"Não";"-";"Pedestres";NA;NA;NA;NA;1;NA;NA;NA;NA;NA;NA;NA;NA;NA;NA;1;NA;NA;NA;1;NA;NA;NA;NA;NA
50;"MS";5007976;"500797";"Taquarussu";"Não";"-";"Pedestres";NA;NA;NA;NA;NA;NA;NA;NA;NA;NA;NA;NA;NA;NA;NA;NA;NA;NA;NA;NA;NA;NA;NA;NA;NA
50;"MS";5008008;"500800";"Terenos";"Não";"-";"Pedestres";NA;NA;1;NA;NA;NA;3;NA;NA;NA;1;NA;NA;NA;1;NA;1;NA;NA;NA;NA;NA;NA;NA;NA
50;"MS";5008305;"500830";"Três Lagoas";"Não";"-";"Pedestres";1;NA;1;2;2;1;NA;3;4;1;1;2;4;3;NA;3;1;3;NA;2;2;NA;2;NA;NA
50;"MS";5008404;"500840";"Vicentina";"Não";"-";"Pedestres";NA;1;NA;NA;NA;NA;NA;NA;NA;NA;NA;NA;NA;NA;NA;1;NA;NA;NA;NA;NA;NA;NA;NA;NA
51;"MT";5100102;"510010";"Acorizal";"Não";"Região Metropolitana do Vale do Rio Cuiabá";"Pedestres";NA;NA;NA;NA;NA;NA;NA;NA;1;NA;NA;NA;NA;NA;NA;NA;NA;NA;NA;NA;NA;NA;NA;NA;NA
51;"MT";5100201;"510020";"Água Boa";"Não";"-";"Pedestres";NA;NA;NA;1;2;2;NA;NA;1;NA;1;NA;1;NA;NA;NA;NA;NA;NA;1;NA;NA;1;1;NA
51;"MT";5100250;"510025";"Alta Floresta";"Não";"-";"Pedestres";3;1;1;1;2;3;NA;1;NA;1;NA;NA;NA;NA;3;1;1;1;2;1;1;NA;NA;2;NA
51;"MT";5100300;"510030";"Alto Araguaia";"Não";"-";"Pedestres";NA;NA;NA;NA;NA;NA;NA;NA;1;1;NA;NA;1;NA;NA;NA;NA;1;NA;2;1;NA;NA;NA;NA
51;"MT";5100409;"510040";"Alto Garças";"Não";"-";"Pedestres";1;NA;1;NA;1;NA;NA;NA;NA;NA;NA;NA;2;NA;1;1;NA;NA;2;NA;NA;NA;NA;2;NA
51;"MT";5100508;"510050";"Alto Paraguai";"Não";"-";"Pedestres";NA;NA;1;NA;NA;1;NA;NA;1;NA;NA;NA;1;1;1;NA;NA;NA;NA;NA;NA;NA;1;NA;NA
51;"MT";5100607;"510060";"Alto Taquari";"Não";"-";"Pedestres";NA;NA;NA;NA;NA;NA;NA;NA;NA;NA;NA;NA;NA;NA;NA;NA;NA;NA;NA;NA;NA;NA;NA;NA;NA
51;"MT";5100805;"510080";"Apiacás";"Não";"-";"Pedestres";NA;NA;NA;NA;NA;NA;NA;1;NA;1;NA;NA;NA;1;NA;2;NA;NA;NA;NA;NA;NA;NA;NA;NA
51;"MT";5101001;"510100";"Araguaiana";"Não";"-";"Pedestres";NA;NA;NA;NA;NA;NA;NA;NA;NA;NA;NA;NA;NA;NA;NA;NA;NA;NA;NA;NA;NA;NA;NA;NA;NA
51;"MT";5101258;"510125";"Araputanga";"Não";"-";"Pedestres";NA;NA;NA;NA;NA;NA;1;NA;NA;NA;2;NA;NA;1;NA;NA;NA;NA;NA;NA;NA;NA;NA;NA;NA
51;"MT";5101308;"510130";"Arenápolis";"Não";"-";"Pedestres";NA;NA;NA;NA;1;1;NA;NA;NA;NA;NA;NA;NA;NA;NA;NA;NA;NA;NA;NA;NA;NA;NA;NA;NA
51;"MT";5101407;"510140";"Aripuanã";"Não";"-";"Pedestres";NA;1;NA;NA;NA;NA;NA;NA;2;1;2;NA;1;NA;1;NA;NA;NA;NA;NA;NA;NA;1;1;NA
51;"MT";5101704;"510170";"Barra do Bugres";"Não";"-";"Pedestres";2;NA;NA;1;NA;6;1;2;1;2;NA;1;NA;NA;NA;NA;NA;NA;1;NA;1;NA;NA;2;NA
51;"MT";5101803;"510180";"Barra do Garças";"Não";"-";"Pedestres";2;2;2;5;2;1;2;2;2;2;4;NA;1;2;3;1;1;3;1;2;1;NA;2;2;NA
51;"MT";5101852;"510185";"Bom Jesus do Araguaia";"Não";"-";"Pedestres";NA;NA;NA;NA;NA;NA;NA;NA;NA;NA;NA;NA;NA;NA;NA;NA;NA;1;NA;NA;NA;NA;NA;NA;NA
51;"MT";5101902;"510190";"Brasnorte";"Não";"-";"Pedestres";NA;1;1;NA;1;NA;NA;NA;NA;NA;2;1;NA;1;NA;NA;NA;NA;NA;NA;NA;NA;NA;NA;NA
51;"MT";5102504;"510250";"Cáceres";"Não";"-";"Pedestres";3;9;5;4;10;2;2;5;2;1;1;1;3;4;4;6;2;4;4;7;4;NA;2;1;NA
51;"MT";5102603;"510260";"Campinápolis";"Não";"-";"Pedestres";NA;NA;NA;NA;NA;NA;NA;NA;NA;NA;NA;NA;NA;NA;NA;NA;NA;NA;NA;NA;NA;NA;NA;NA;NA
51;"MT";5102637;"510263";"Campo Novo do Parecis";"Não";"-";"Pedestres";1;1;1;1;NA;1;NA;NA;NA;1;NA;1;NA;2;2;NA;NA;NA;1;1;1;2;2;1;NA
51;"MT";5102678;"510267";"Campo Verde";"Não";"-";"Pedestres";NA;NA;NA;1;1;2;NA;1;1;1;NA;NA;NA;NA;NA;1;NA;NA;NA;1;NA;NA;NA;NA;NA
51;"MT";5102686;"510268";"Campos de Júlio";"Não";"-";"Pedestres";NA;NA;NA;NA;NA;NA;NA;NA;NA;NA;NA;1;1;NA;NA;NA;NA;NA;NA;NA;NA;NA;NA;NA;NA
51;"MT";5102702;"510270";"Canarana";"Não";"-";"Pedestres";NA;NA;1;NA;NA;NA;NA;1;NA;1;NA;NA;NA;NA;NA;NA;1;NA;NA;NA;NA;1;NA;1;NA
51;"MT";5102793;"510279";"Carlinda";"Não";"-";"Pedestres";NA;NA;NA;1;NA;NA;NA;NA;NA;NA;NA;NA;NA;NA;NA;NA;NA;NA;NA;NA;NA;NA;NA;NA;NA
51;"MT";5102850;"510285";"Castanheira";"Não";"-";"Pedestres";NA;1;1;NA;NA;NA;NA;NA;NA;1;NA;NA;NA;NA;NA;NA;NA;NA;NA;NA;NA;NA;NA;NA;NA
51;"MT";5103007;"510300";"Chapada dos Guimarães";"Não";"Região Metropolitana do Vale do Rio Cuiabá";"Pedestres";NA;NA;NA;NA;NA;1;NA;1;3;NA;1;NA;NA;NA;1;NA;NA;NA;1;NA;NA;NA;NA;NA;NA
51;"MT";5103056;"510305";"Cláudia";"Não";"-";"Pedestres";NA;NA;NA;NA;NA;NA;NA;NA;NA;NA;NA;NA;NA;NA;NA;1;NA;NA;NA;NA;NA;NA;NA;NA;NA
51;"MT";5103106;"510310";"Cocalinho";"Não";"-";"Pedestres";NA;NA;NA;1;NA;NA;NA;NA;NA;NA;NA;NA;NA;NA;NA;NA;NA;NA;1;NA;NA;NA;NA;NA;NA
51;"MT";5103205;"510320";"Colíder";"Não";"-";"Pedestres";NA;NA;NA;NA;NA;NA;NA;NA;3;1;NA;NA;NA;1;NA;NA;NA;NA;NA;NA;NA;NA;1;NA;NA
51;"MT";5103254;"510325";"Colniza";"Não";"-";"Pedestres";NA;NA;1;NA;NA;1;NA;1;NA;1;NA;1;NA;1;1;NA;NA;NA;NA;NA;NA;NA;1;NA;NA
51;"MT";5103304;"510330";"Comodoro";"Não";"-";"Pedestres";2;2;NA;NA;NA;1;2;NA;1;NA;1;1;NA;NA;NA;1;NA;1;1;NA;NA;NA;NA;NA;NA
51;"MT";5103353;"510335";"Confresa";"Não";"-";"Pedestres";1;1;1;2;NA;NA;4;1;NA;NA;1;NA;NA;1;NA;NA;NA;NA;1;NA;NA;NA;NA;NA;NA
51;"MT";5103361;"510336";"Conquista D'Oeste";"Não";"-";"Pedestres";NA;NA;NA;NA;NA;NA;NA;NA;NA;NA;NA;NA;NA;NA;NA;NA;NA;NA;NA;NA;NA;NA;NA;NA;NA
51;"MT";5103379;"510337";"Cotriguaçu";"Não";"-";"Pedestres";1;NA;NA;1;NA;NA;NA;NA;NA;NA;NA;NA;1;NA;NA;NA;NA;NA;NA;NA;NA;NA;NA;NA;NA
51;"MT";5103403;"510340";"Cuiabá";"Sim";"Região Metropolitana do Vale do Rio Cuiabá";"Pedestres";37;29;34;28;23;23;25;24;31;32;33;35;26;17;28;9;16;16;27;14;14;11;22;22;NA
51;"MT";5103437;"510343";"Curvelândia";"Não";"-";"Pedestres";NA;NA;1;NA;1;NA;NA;NA;NA;NA;1;NA;4;NA;NA;NA;NA;NA;NA;NA;NA;NA;NA;NA;NA
51;"MT";5103452;"510345";"Denise";"Não";"-";"Pedestres";2;NA;NA;NA;NA;NA;1;NA;NA;NA;NA;NA;NA;NA;NA;NA;NA;NA;NA;NA;1;NA;NA;NA;NA
51;"MT";5103502;"510350";"Diamantino";"Não";"-";"Pedestres";NA;1;1;NA;NA;1;NA;2;NA;1;NA;NA;2;1;1;NA;NA;NA;1;3;NA;NA;NA;NA;NA
51;"MT";5103601;"510360";"Dom Aquino";"Não";"-";"Pedestres";NA;NA;NA;NA;NA;NA;NA;NA;NA;1;NA;NA;NA;NA;NA;NA;NA;NA;2;NA;NA;NA;NA;NA;NA
51;"MT";5103700;"510370";"Feliz Natal";"Não";"-";"Pedestres";NA;1;NA;NA;NA;NA;NA;NA;NA;NA;NA;NA;NA;NA;NA;NA;1;1;NA;NA;1;NA;NA;NA;NA
51;"MT";5103858;"510385";"Gaúcha do Norte";"Não";"-";"Pedestres";NA;NA;NA;NA;NA;NA;NA;NA;NA;NA;NA;1;NA;NA;NA;NA;NA;NA;NA;NA;NA;NA;NA;NA;NA
51;"MT";5103908;"510390";"General Carneiro";"Não";"-";"Pedestres";NA;NA;NA;NA;NA;NA;NA;NA;NA;NA;NA;NA;NA;NA;NA;NA;NA;NA;NA;1;NA;NA;NA;NA;NA
51;"MT";5103957;"510395";"Glória D'Oeste";"Não";"-";"Pedestres";NA;NA;NA;NA;1;NA;NA;NA;NA;NA;NA;NA;NA;1;NA;NA;NA;NA;NA;NA;NA;NA;NA;NA;NA
51;"MT";5104104;"510410";"Guarantã do Norte";"Não";"-";"Pedestres";1;NA;NA;NA;1;NA;NA;NA;1;NA;NA;1;NA;NA;NA;1;NA;NA;NA;NA;1;1;NA;NA;NA
51;"MT";5104526;"510452";"Ipiranga do Norte";"Não";"-";"Pedestres";NA;NA;NA;NA;NA;NA;NA;1;NA;NA;NA;NA;NA;NA;NA;NA;NA;NA;NA;NA;1;NA;1;NA;NA
51;"MT";5104542;"510454";"Itanhangá";"Não";"-";"Pedestres";NA;NA;NA;NA;NA;NA;NA;NA;NA;NA;NA;NA;NA;NA;1;NA;NA;NA;NA;NA;NA;NA;NA;1;NA
51;"MT";5104559;"510455";"Itaúba";"Não";"-";"Pedestres";1;1;NA;NA;NA;NA;1;NA;NA;1;NA;NA;NA;NA;NA;NA;NA;NA;NA;NA;NA;NA;NA;NA;NA
51;"MT";5104609;"510460";"Itiquira";"Não";"-";"Pedestres";NA;NA;NA;NA;NA;NA;NA;NA;1;NA;NA;NA;NA;NA;NA;NA;1;NA;NA;NA;NA;NA;NA;NA;NA
51;"MT";5104807;"510480";"Jaciara";"Não";"-";"Pedestres";NA;NA;1;NA;2;1;NA;2;1;1;3;2;3;NA;NA;1;NA;NA;NA;NA;NA;1;1;NA;NA
51;"MT";5104906;"510490";"Jangada";"Não";"Entorno Metropolitano da RM Vale do Rio Cuiabá";"Pedestres";1;NA;2;1;NA;NA;NA;NA;NA;1;2;1;1;1;2;1;NA;NA;NA;NA;NA;NA;NA;NA;NA
51;"MT";5105002;"510500";"Jauru";"Não";"-";"Pedestres";NA;NA;NA;NA;NA;NA;NA;NA;NA;NA;NA;NA;NA;NA;NA;NA;NA;NA;NA;NA;NA;NA;NA;NA;NA
51;"MT";5105101;"510510";"Juara";"Não";"-";"Pedestres";3;NA;1;NA;2;1;1;NA;3;1;2;NA;NA;NA;NA;NA;NA;1;1;NA;NA;NA;1;1;NA
51;"MT";5105150;"510515";"Juína";"Não";"-";"Pedestres";2;1;NA;NA;NA;1;NA;NA;1;1;NA;NA;NA;1;2;NA;1;NA;NA;NA;NA;1;1;NA;NA
51;"MT";5105176;"510517";"Juruena";"Não";"-";"Pedestres";NA;NA;NA;NA;1;1;NA;NA;NA;NA;NA;NA;NA;NA;NA;NA;NA;NA;NA;NA;NA;NA;NA;NA;NA
51;"MT";5105200;"510520";"Juscimeira";"Não";"-";"Pedestres";NA;NA;NA;NA;NA;1;1;1;NA;3;2;NA;4;NA;1;NA;1;NA;1;NA;NA;NA;NA;NA;NA
51;"MT";5105259;"510525";"Lucas do Rio Verde";"Não";"-";"Pedestres";1;4;NA;2;1;NA;NA;1;NA;NA;NA;NA;NA;1;1;1;1;3;NA;NA;2;1;1;2;NA
51;"MT";5105507;"510550";"Vila Bela da Santíssima Trindade";"Não";"-";"Pedestres";NA;NA;NA;NA;NA;1;NA;1;1;2;NA;1;NA;NA;NA;NA;NA;NA;NA;NA;NA;NA;1;NA;NA
51;"MT";5105580;"510558";"Marcelândia";"Não";"-";"Pedestres";NA;NA;NA;NA;NA;NA;1;NA;NA;NA;NA;NA;2;NA;1;NA;NA;NA;NA;NA;NA;NA;NA;NA;NA
51;"MT";5105606;"510560";"Matupá";"Não";"-";"Pedestres";2;NA;NA;NA;NA;NA;NA;NA;NA;NA;NA;NA;1;NA;NA;NA;NA;NA;NA;NA;NA;NA;NA;NA;NA
51;"MT";5105622;"510562";"Mirassol d'Oeste";"Não";"-";"Pedestres";NA;NA;NA;NA;1;NA;NA;NA;NA;NA;NA;NA;NA;NA;NA;NA;NA;NA;NA;NA;NA;NA;1;NA;NA
51;"MT";5105903;"510590";"Nobres";"Não";"Entorno Metropolitano da RM Vale do Rio Cuiabá";"Pedestres";1;1;1;NA;1;3;1;NA;NA;NA;NA;NA;NA;NA;NA;NA;NA;NA;NA;NA;NA;NA;NA;NA;NA
51;"MT";5106000;"510600";"Nortelândia";"Não";"-";"Pedestres";NA;NA;NA;NA;NA;NA;2;NA;1;NA;NA;NA;NA;NA;NA;NA;NA;NA;NA;NA;NA;NA;NA;NA;NA
51;"MT";5106109;"510610";"Nossa Senhora do Livramento";"Não";"Região Metropolitana do Vale do Rio Cuiabá";"Pedestres";1;NA;NA;NA;NA;NA;NA;NA;2;NA;NA;NA;NA;1;1;NA;NA;3;NA;NA;NA;NA;1;1;NA
51;"MT";5106158;"510615";"Nova Bandeirantes";"Não";"-";"Pedestres";NA;NA;NA;NA;NA;NA;NA;NA;NA;NA;NA;NA;NA;NA;NA;NA;NA;NA;NA;NA;NA;NA;NA;NA;NA
51;"MT";5106174;"510617";"Nova Nazaré";"Não";"-";"Pedestres";NA;NA;NA;NA;NA;NA;NA;NA;NA;NA;NA;NA;NA;NA;NA;NA;NA;NA;NA;NA;NA;NA;1;NA;NA
51;"MT";5106182;"510618";"Nova Lacerda";"Não";"-";"Pedestres";NA;NA;1;NA;NA;NA;NA;NA;NA;1;NA;NA;NA;NA;NA;NA;NA;NA;NA;NA;NA;NA;NA;NA;NA
51;"MT";5106190;"510619";"Nova Santa Helena";"Não";"-";"Pedestres";NA;NA;NA;NA;NA;NA;NA;NA;NA;NA;NA;NA;NA;NA;NA;NA;NA;NA;NA;NA;NA;NA;NA;2;NA
51;"MT";5106216;"510621";"Nova Canaã do Norte";"Não";"-";"Pedestres";NA;NA;NA;NA;NA;NA;NA;NA;NA;NA;NA;NA;NA;NA;NA;NA;NA;NA;NA;NA;1;NA;NA;NA;NA
51;"MT";5106224;"510622";"Nova Mutum";"Não";"-";"Pedestres";1;NA;NA;NA;1;NA;NA;1;NA;NA;NA;1;2;NA;NA;2;2;NA;NA;NA;NA;NA;1;2;NA
51;"MT";5106232;"510623";"Nova Olímpia";"Não";"-";"Pedestres";1;NA;NA;1;NA;NA;NA;NA;NA;NA;1;NA;NA;NA;NA;NA;NA;NA;NA;NA;1;NA;1;NA;NA
51;"MT";5106240;"510624";"Nova Ubiratã";"Não";"-";"Pedestres";NA;NA;NA;2;NA;NA;NA;NA;NA;NA;NA;NA;NA;NA;NA;NA;NA;NA;NA;NA;NA;NA;NA;NA;NA
51;"MT";5106257;"510625";"Nova Xavantina";"Não";"-";"Pedestres";NA;NA;NA;NA;NA;NA;1;1;1;1;1;NA;2;NA;NA;NA;NA;1;1;3;NA;1;1;NA;NA
51;"MT";5106265;"510626";"Novo Mundo";"Não";"-";"Pedestres";1;NA;NA;NA;NA;NA;NA;NA;NA;NA;NA;NA;NA;NA;NA;NA;NA;NA;NA;NA;NA;NA;NA;NA;NA
51;"MT";5106273;"510627";"Novo Horizonte do Norte";"Não";"-";"Pedestres";NA;NA;NA;NA;NA;NA;NA;NA;NA;NA;NA;NA;NA;NA;NA;NA;NA;NA;NA;NA;NA;NA;NA;NA;NA
51;"MT";5106281;"510628";"Novo São Joaquim";"Não";"-";"Pedestres";NA;NA;NA;NA;1;NA;NA;NA;NA;NA;1;NA;NA;NA;NA;NA;1;NA;NA;NA;1;NA;NA;NA;NA
51;"MT";5106299;"510629";"Paranaíta";"Não";"-";"Pedestres";NA;NA;NA;NA;NA;1;NA;NA;NA;NA;NA;NA;1;NA;NA;NA;1;1;NA;NA;NA;NA;NA;NA;NA
51;"MT";5106307;"510630";"Paranatinga";"Não";"-";"Pedestres";NA;NA;1;NA;1;NA;NA;NA;1;NA;NA;2;NA;NA;NA;NA;NA;NA;NA;1;NA;NA;NA;1;NA
51;"MT";5106372;"510637";"Pedra Preta";"Não";"-";"Pedestres";1;NA;1;1;3;NA;2;3;1;1;NA;NA;1;NA;NA;1;1;1;NA;NA;NA;NA;NA;NA;NA
51;"MT";5106422;"510642";"Peixoto de Azevedo";"Não";"-";"Pedestres";1;1;1;2;NA;NA;2;1;1;1;NA;NA;NA;1;NA;NA;NA;1;1;1;NA;1;NA;2;NA
51;"MT";5106455;"510645";"Planalto da Serra";"Não";"Entorno Metropolitano da RM Vale do Rio Cuiabá";"Pedestres";NA;NA;NA;NA;NA;NA;NA;NA;NA;1;NA;NA;NA;NA;NA;NA;NA;NA;1;NA;NA;NA;NA;NA;NA
51;"MT";5106505;"510650";"Poconé";"Não";"Entorno Metropolitano da RM Vale do Rio Cuiabá";"Pedestres";1;NA;NA;1;NA;1;NA;NA;NA;1;NA;1;2;1;2;1;NA;2;NA;NA;NA;NA;NA;1;NA
51;"MT";5106653;"510665";"Pontal do Araguaia";"Não";"-";"Pedestres";NA;NA;NA;NA;NA;NA;NA;NA;NA;NA;NA;NA;NA;NA;NA;NA;NA;NA;NA;NA;NA;NA;NA;NA;NA
51;"MT";5106703;"510670";"Ponte Branca";"Não";"-";"Pedestres";NA;NA;NA;NA;NA;NA;NA;NA;NA;NA;NA;NA;NA;NA;NA;NA;NA;NA;NA;NA;NA;NA;NA;NA;NA
51;"MT";5106752;"510675";"Pontes e Lacerda";"Não";"-";"Pedestres";1;NA;3;1;3;NA;NA;NA;4;NA;2;2;1;NA;1;NA;2;1;1;2;2;1;1;NA;NA
51;"MT";5106778;"510677";"Porto Alegre do Norte";"Não";"-";"Pedestres";NA;NA;NA;NA;1;1;NA;NA;NA;NA;NA;NA;NA;NA;NA;NA;NA;NA;1;NA;NA;NA;NA;NA;NA
51;"MT";5106802;"510680";"Porto dos Gaúchos";"Não";"-";"Pedestres";NA;NA;NA;NA;NA;NA;NA;NA;1;NA;NA;NA;NA;NA;NA;NA;NA;NA;NA;NA;NA;NA;NA;NA;NA
51;"MT";5106828;"510682";"Porto Esperidião";"Não";"-";"Pedestres";NA;NA;NA;NA;NA;NA;NA;NA;NA;1;NA;NA;NA;NA;NA;NA;NA;NA;NA;1;NA;NA;NA;NA;NA
51;"MT";5107008;"510700";"Poxoréu";"Não";"-";"Pedestres";NA;NA;NA;NA;NA;NA;1;1;NA;NA;1;NA;2;1;1;2;NA;NA;1;NA;1;NA;NA;NA;NA
51;"MT";5107040;"510704";"Primavera do Leste";"Não";"-";"Pedestres";NA;1;3;3;1;1;2;1;NA;2;NA;NA;NA;1;NA;1;NA;NA;NA;NA;NA;NA;1;NA;NA
51;"MT";5107065;"510706";"Querência";"Não";"-";"Pedestres";NA;NA;NA;NA;NA;NA;NA;NA;NA;NA;NA;NA;NA;NA;NA;NA;NA;NA;NA;NA;NA;NA;1;NA;NA
51;"MT";5107107;"510710";"São José dos Quatro Marcos";"Não";"-";"Pedestres";NA;1;NA;2;NA;NA;NA;NA;NA;NA;NA;NA;NA;1;NA;2;NA;NA;NA;NA;NA;1;NA;NA;NA
51;"MT";5107180;"510718";"Ribeirão Cascalheira";"Não";"-";"Pedestres";NA;NA;NA;NA;NA;NA;NA;1;1;1;NA;NA;NA;NA;NA;NA;NA;NA;NA;NA;NA;NA;1;NA;NA
51;"MT";5107198;"510719";"Ribeirãozinho";"Não";"-";"Pedestres";NA;NA;NA;NA;NA;NA;NA;NA;NA;NA;NA;NA;NA;NA;NA;NA;NA;NA;NA;NA;NA;NA;NA;1;NA
51;"MT";5107248;"510724";"Santa Carmem";"Não";"-";"Pedestres";NA;NA;NA;NA;NA;NA;NA;NA;NA;NA;NA;NA;NA;NA;NA;NA;NA;NA;NA;NA;NA;NA;NA;NA;NA
51;"MT";5107263;"510726";"Santo Afonso";"Não";"-";"Pedestres";NA;NA;NA;NA;NA;NA;NA;NA;1;NA;NA;NA;NA;NA;NA;NA;NA;NA;NA;NA;1;NA;NA;NA;NA
51;"MT";5107297;"510729";"São José do Povo";"Não";"-";"Pedestres";NA;NA;NA;NA;NA;NA;1;NA;NA;NA;NA;NA;NA;NA;NA;NA;NA;NA;NA;NA;NA;NA;NA;1;NA
51;"MT";5107305;"510730";"São José do Rio Claro";"Não";"-";"Pedestres";NA;NA;NA;NA;NA;1;NA;NA;NA;1;1;NA;NA;1;NA;NA;NA;NA;NA;NA;NA;NA;NA;NA;NA
51;"MT";5107354;"510735";"São José do Xingu";"Não";"-";"Pedestres";NA;NA;NA;NA;NA;NA;1;NA;NA;NA;1;NA;NA;NA;NA;NA;NA;NA;NA;NA;NA;NA;NA;NA;NA
51;"MT";5107404;"510740";"São Pedro da Cipa";"Não";"-";"Pedestres";NA;NA;NA;1;NA;NA;NA;NA;1;NA;NA;NA;NA;NA;NA;NA;NA;NA;NA;NA;NA;NA;NA;NA;NA
51;"MT";5107578;"510757";"Rondolândia";"Não";"-";"Pedestres";NA;NA;NA;NA;NA;NA;NA;NA;NA;NA;NA;NA;NA;NA;NA;NA;NA;NA;NA;NA;NA;NA;1;NA;NA
51;"MT";5107602;"510760";"Rondonópolis";"Não";"-";"Pedestres";3;4;6;12;11;6;7;9;9;10;13;11;6;7;7;6;1;7;6;4;5;1;5;3;NA
51;"MT";5107701;"510770";"Rosário Oeste";"Não";"Entorno Metropolitano da RM Vale do Rio Cuiabá";"Pedestres";NA;NA;NA;1;1;1;4;NA;NA;NA;NA;NA;NA;NA;NA;1;2;NA;2;1;2;NA;2;1;NA
51;"MT";5107750;"510775";"Salto do Céu";"Não";"-";"Pedestres";1;NA;NA;NA;NA;NA;NA;NA;NA;NA;NA;NA;NA;NA;NA;NA;NA;NA;NA;NA;NA;NA;NA;NA;NA
51;"MT";5107768;"510776";"Santa Rita do Trivelato";"Não";"-";"Pedestres";NA;NA;NA;NA;NA;NA;NA;NA;NA;NA;NA;NA;NA;NA;NA;NA;NA;NA;NA;NA;NA;NA;NA;NA;NA
51;"MT";5107776;"510777";"Santa Terezinha";"Não";"-";"Pedestres";NA;NA;NA;NA;1;NA;NA;NA;NA;NA;NA;NA;NA;NA;NA;NA;NA;NA;NA;NA;NA;NA;NA;NA;NA
51;"MT";5107792;"510779";"Santo Antônio do Leste";"Não";"-";"Pedestres";NA;NA;NA;NA;NA;NA;NA;NA;NA;NA;NA;NA;NA;NA;NA;NA;NA;NA;NA;NA;NA;NA;NA;NA;NA
51;"MT";5107800;"510780";"Santo Antônio de Leverger";"Não";"Região Metropolitana do Vale do Rio Cuiabá";"Pedestres";NA;NA;1;NA;NA;NA;2;NA;NA;NA;1;NA;1;NA;NA;2;1;1;NA;NA;NA;NA;1;1;NA
51;"MT";5107859;"510785";"São Félix do Araguaia";"Não";"-";"Pedestres";1;NA;NA;NA;NA;NA;NA;NA;NA;1;NA;NA;NA;NA;NA;NA;NA;NA;NA;NA;NA;NA;1;NA;NA
51;"MT";5107875;"510787";"Sapezal";"Não";"-";"Pedestres";NA;1;NA;1;NA;1;1;1;NA;2;NA;1;1;NA;NA;1;NA;NA;NA;NA;NA;NA;NA;NA;NA
51;"MT";5107883;"510788";"Serra Nova Dourada";"Não";"-";"Pedestres";NA;NA;NA;NA;NA;NA;NA;NA;NA;NA;NA;NA;NA;NA;NA;NA;NA;NA;NA;NA;NA;NA;NA;NA;NA
51;"MT";5107909;"510790";"Sinop";"Não";"-";"Pedestres";2;NA;3;NA;NA;2;2;NA;4;3;4;2;2;3;1;3;6;5;2;4;5;9;3;8;NA
51;"MT";5107925;"510792";"Sorriso";"Não";"-";"Pedestres";4;4;3;2;1;1;1;2;3;3;NA;2;1;NA;1;2;2;2;6;2;2;3;2;4;NA
51;"MT";5107941;"510794";"Tabaporã";"Não";"-";"Pedestres";NA;NA;NA;NA;1;NA;NA;NA;NA;NA;NA;NA;NA;NA;NA;NA;NA;NA;NA;NA;NA;NA;NA;NA;NA
51;"MT";5107958;"510795";"Tangará da Serra";"Não";"-";"Pedestres";NA;NA;1;NA;1;5;2;1;NA;NA;NA;1;1;1;1;NA;NA;NA;1;1;1;NA;NA;2;NA
51;"MT";5108006;"510800";"Tapurah";"Não";"-";"Pedestres";NA;NA;NA;NA;1;NA;NA;NA;NA;NA;NA;NA;NA;1;NA;NA;NA;NA;NA;NA;NA;NA;NA;NA;NA
51;"MT";5108055;"510805";"Terra Nova do Norte";"Não";"-";"Pedestres";NA;NA;NA;NA;NA;NA;1;1;NA;1;NA;1;NA;NA;NA;NA;NA;NA;NA;NA;1;NA;NA;NA;NA
51;"MT";5108105;"510810";"Tesouro";"Não";"-";"Pedestres";NA;NA;NA;NA;NA;NA;NA;1;NA;NA;NA;NA;NA;NA;NA;NA;NA;NA;NA;NA;NA;NA;NA;NA;NA
51;"MT";5108204;"510820";"Torixoréu";"Não";"-";"Pedestres";NA;NA;NA;NA;NA;NA;NA;NA;NA;NA;NA;NA;NA;NA;NA;NA;NA;NA;NA;NA;NA;1;NA;NA;NA
51;"MT";5108303;"510830";"União do Sul";"Não";"-";"Pedestres";NA;NA;NA;NA;NA;NA;NA;NA;NA;NA;1;NA;NA;NA;NA;NA;NA;NA;NA;NA;1;NA;NA;NA;NA
51;"MT";5108352;"510835";"Vale de São Domingos";"Não";"-";"Pedestres";NA;NA;NA;NA;NA;NA;NA;NA;1;NA;NA;NA;NA;NA;NA;NA;NA;NA;NA;NA;NA;NA;NA;NA;NA
51;"MT";5108402;"510840";"Várzea Grande";"Não";"Região Metropolitana do Vale do Rio Cuiabá";"Pedestres";3;8;15;11;7;10;10;15;10;11;8;8;4;6;6;3;10;14;9;8;9;8;9;7;NA
51;"MT";5108501;"510850";"Vera";"Não";"-";"Pedestres";NA;NA;NA;NA;NA;NA;NA;NA;NA;NA;1;1;NA;NA;NA;NA;NA;NA;NA;NA;NA;NA;1;NA;NA
51;"MT";5108600;"510860";"Vila Rica";"Não";"-";"Pedestres";NA;NA;NA;1;NA;1;NA;NA;NA;NA;NA;1;NA;NA;NA;NA;NA;NA;NA;NA;NA;1;2;NA;NA
51;"MT";5108857;"510885";"Nova Marilândia";"Não";"-";"Pedestres";NA;NA;NA;NA;NA;NA;NA;NA;NA;NA;NA;NA;NA;NA;NA;NA;NA;NA;NA;NA;NA;NA;NA;NA;NA
51;"MT";5108907;"510890";"Nova Maringá";"Não";"-";"Pedestres";1;NA;NA;NA;NA;NA;NA;NA;NA;NA;NA;NA;NA;NA;NA;NA;NA;NA;NA;NA;NA;NA;NA;NA;NA
51;"MT";5108956;"510895";"Nova Monte Verde";"Não";"-";"Pedestres";NA;NA;NA;NA;NA;1;NA;NA;NA;NA;NA;NA;NA;NA;NA;NA;NA;NA;1;NA;NA;NA;NA;NA;NA
52;"GO";5200050;"520005";"Abadia de Goiás";"Não";"Região Metropolitana de Goiânia";"Pedestres";2;NA;NA;NA;NA;NA;NA;NA;1;NA;NA;NA;NA;NA;1;NA;NA;NA;NA;NA;NA;NA;NA;NA;NA
52;"GO";5200100;"520010";"Abadiânia";"Não";"Região Integrada de Desenvolvimento do Distrito Federal e Entorno";"Pedestres";NA;1;2;1;NA;1;2;NA;NA;NA;NA;NA;2;2;NA;2;1;1;NA;1;NA;NA;NA;1;NA
52;"GO";5200134;"520013";"Acreúna";"Não";"-";"Pedestres";NA;NA;NA;1;1;NA;NA;NA;NA;NA;NA;NA;NA;NA;1;1;NA;NA;NA;3;1;NA;NA;NA;NA
52;"GO";5200159;"520015";"Adelândia";"Não";"-";"Pedestres";NA;NA;NA;NA;NA;NA;NA;NA;NA;NA;NA;NA;NA;NA;NA;NA;NA;NA;NA;NA;NA;NA;NA;NA;NA
52;"GO";5200175;"520017";"Água Fria de Goiás";"Não";"Região Integrada de Desenvolvimento do Distrito Federal e Entorno";"Pedestres";NA;NA;NA;NA;1;NA;NA;NA;NA;NA;NA;NA;NA;NA;NA;NA;NA;NA;NA;NA;NA;NA;NA;NA;NA
52;"GO";5200209;"520020";"Água Limpa";"Não";"-";"Pedestres";NA;NA;NA;NA;NA;NA;NA;NA;NA;NA;NA;NA;NA;NA;NA;NA;NA;NA;NA;NA;NA;NA;NA;NA;NA
52;"GO";5200258;"520025";"Águas Lindas de Goiás";"Não";"Região Integrada de Desenvolvimento do Distrito Federal e Entorno";"Pedestres";1;5;5;5;3;2;1;NA;2;4;NA;8;9;7;6;2;1;2;4;4;5;1;4;5;NA
52;"GO";5200308;"520030";"Alexânia";"Não";"Região Integrada de Desenvolvimento do Distrito Federal e Entorno";"Pedestres";1;1;2;1;1;1;NA;NA;1;NA;2;NA;1;1;2;NA;1;NA;3;NA;NA;3;NA;2;NA
52;"GO";5200555;"520055";"Alto Horizonte";"Não";"-";"Pedestres";NA;NA;NA;NA;NA;NA;NA;NA;NA;NA;NA;NA;NA;NA;2;NA;NA;NA;NA;NA;NA;NA;NA;NA;NA
52;"GO";5200605;"520060";"Alto Paraíso de Goiás";"Não";"Região Integrada de Desenvolvimento do Distrito Federal e Entorno";"Pedestres";NA;NA;1;1;NA;NA;NA;NA;NA;NA;NA;NA;NA;NA;NA;NA;NA;NA;NA;NA;1;1;1;NA;NA
52;"GO";5200803;"520080";"Alvorada do Norte";"Não";"Região Integrada de Desenvolvimento do Distrito Federal e Entorno";"Pedestres";NA;NA;2;NA;1;NA;NA;1;NA;NA;NA;NA;1;1;NA;1;NA;1;1;1;NA;1;1;4;NA
52;"GO";5200902;"520090";"Amorinópolis";"Não";"-";"Pedestres";NA;NA;NA;NA;NA;NA;NA;NA;NA;NA;NA;NA;NA;NA;NA;NA;NA;NA;NA;NA;NA;NA;1;NA;NA
52;"GO";5201108;"520110";"Anápolis";"Não";"-";"Pedestres";5;13;15;16;11;5;13;21;18;19;17;17;15;15;15;4;11;6;11;15;13;17;15;15;NA
52;"GO";5201306;"520130";"Anicuns";"Não";"-";"Pedestres";NA;NA;1;NA;NA;NA;NA;NA;NA;2;NA;NA;NA;1;NA;NA;NA;NA;NA;NA;NA;1;NA;1;NA
52;"GO";5201405;"520140";"Aparecida de Goiânia";"Não";"Região Metropolitana de Goiânia";"Pedestres";4;8;3;11;6;10;6;2;10;3;9;7;8;12;10;9;5;6;5;7;6;7;8;8;NA
52;"GO";5201454;"520145";"Aparecida do Rio Doce";"Não";"-";"Pedestres";NA;1;NA;NA;NA;NA;NA;NA;NA;NA;NA;NA;NA;NA;NA;NA;NA;1;NA;NA;NA;NA;NA;NA;NA
52;"GO";5201504;"520150";"Aporé";"Não";"-";"Pedestres";NA;NA;NA;1;NA;NA;NA;1;NA;NA;NA;NA;NA;NA;NA;NA;NA;NA;NA;NA;NA;NA;NA;NA;NA
52;"GO";5201603;"520160";"Araçu";"Não";"-";"Pedestres";NA;NA;NA;NA;NA;NA;NA;NA;NA;NA;NA;NA;NA;NA;NA;NA;NA;NA;NA;NA;NA;1;NA;NA;NA
52;"GO";5201702;"520170";"Aragarças";"Não";"-";"Pedestres";NA;NA;NA;NA;NA;NA;NA;1;1;NA;1;NA;NA;3;NA;1;NA;NA;NA;1;1;NA;1;NA;NA
52;"GO";5201801;"520180";"Aragoiânia";"Não";"Região Metropolitana de Goiânia";"Pedestres";NA;NA;NA;NA;NA;NA;NA;NA;NA;NA;NA;NA;NA;NA;NA;1;1;NA;NA;1;NA;2;NA;NA;NA
52;"GO";5202155;"520215";"Araguapaz";"Não";"-";"Pedestres";NA;NA;NA;NA;NA;1;NA;NA;NA;NA;NA;NA;1;NA;1;NA;NA;NA;NA;NA;NA;NA;NA;NA;NA
52;"GO";5202353;"520235";"Arenópolis";"Não";"-";"Pedestres";NA;NA;NA;NA;NA;NA;NA;NA;NA;NA;NA;NA;NA;NA;NA;NA;NA;NA;1;1;NA;NA;NA;NA;NA
52;"GO";5202502;"520250";"Aruanã";"Não";"-";"Pedestres";NA;NA;NA;NA;NA;NA;NA;NA;NA;NA;NA;NA;2;NA;NA;1;NA;NA;NA;NA;NA;NA;1;NA;NA
52;"GO";5202601;"520260";"Aurilândia";"Não";"-";"Pedestres";NA;NA;NA;NA;NA;NA;NA;NA;NA;NA;NA;NA;NA;NA;NA;NA;NA;NA;NA;NA;NA;NA;NA;NA;NA
52;"GO";5203104;"520310";"Baliza";"Não";"-";"Pedestres";NA;NA;NA;NA;NA;NA;NA;1;NA;NA;NA;NA;NA;NA;NA;NA;NA;NA;NA;NA;NA;NA;NA;NA;NA
52;"GO";5203203;"520320";"Barro Alto";"Não";"Região Integrada de Desenvolvimento do Distrito Federal e Entorno";"Pedestres";NA;NA;NA;NA;NA;NA;NA;NA;NA;1;1;NA;NA;NA;1;NA;NA;NA;NA;NA;NA;NA;NA;NA;NA
52;"GO";5203302;"520330";"Bela Vista de Goiás";"Não";"Região Metropolitana de Goiânia";"Pedestres";NA;NA;NA;NA;NA;NA;NA;NA;NA;1;NA;NA;NA;1;NA;NA;NA;1;NA;1;NA;1;NA;NA;NA
52;"GO";5203401;"520340";"Bom Jardim de Goiás";"Não";"-";"Pedestres";NA;NA;NA;NA;NA;NA;NA;NA;NA;1;NA;NA;NA;NA;NA;1;NA;1;NA;NA;NA;NA;1;NA;NA
52;"GO";5203500;"520350";"Bom Jesus de Goiás";"Não";"-";"Pedestres";NA;NA;NA;NA;1;1;NA;NA;NA;NA;NA;NA;NA;NA;NA;NA;1;NA;NA;NA;NA;NA;1;NA;NA
52;"GO";5203559;"520355";"Bonfinópolis";"Não";"Região Metropolitana de Goiânia";"Pedestres";1;NA;1;NA;NA;NA;NA;NA;NA;2;NA;NA;NA;NA;NA;1;NA;NA;1;NA;NA;NA;NA;NA;NA
52;"GO";5203609;"520360";"Brazabrantes";"Não";"Região Metropolitana de Goiânia";"Pedestres";NA;NA;NA;NA;NA;NA;NA;NA;NA;NA;NA;NA;NA;NA;NA;NA;NA;NA;NA;NA;NA;NA;NA;NA;NA
52;"GO";5203807;"520380";"Britânia";"Não";"-";"Pedestres";NA;1;NA;NA;NA;NA;NA;NA;NA;NA;NA;NA;NA;NA;NA;NA;NA;NA;NA;NA;NA;NA;NA;1;NA
52;"GO";5203906;"520390";"Buriti Alegre";"Não";"-";"Pedestres";NA;NA;NA;NA;NA;NA;NA;NA;NA;NA;NA;NA;NA;NA;NA;NA;NA;NA;NA;NA;NA;NA;NA;NA;NA
52;"GO";5203962;"520396";"Buritinópolis";"Não";"-";"Pedestres";NA;NA;NA;NA;NA;NA;NA;NA;NA;NA;NA;NA;NA;NA;NA;NA;NA;NA;NA;NA;NA;1;NA;NA;NA
52;"GO";5204003;"520400";"Cabeceiras";"Não";"Região Integrada de Desenvolvimento do Distrito Federal e Entorno";"Pedestres";NA;NA;NA;NA;NA;NA;NA;NA;1;NA;NA;1;NA;NA;NA;NA;1;NA;NA;NA;NA;NA;NA;NA;NA
52;"GO";5204102;"520410";"Cachoeira Alta";"Não";"-";"Pedestres";NA;NA;NA;1;NA;NA;NA;1;NA;NA;NA;1;1;1;1;NA;NA;NA;1;1;NA;NA;NA;NA;NA
52;"GO";5204201;"520420";"Cachoeira de Goiás";"Não";"-";"Pedestres";NA;NA;NA;NA;NA;NA;NA;NA;NA;NA;NA;NA;NA;NA;NA;NA;1;1;NA;NA;NA;NA;NA;NA;NA
52;"GO";5204250;"520425";"Cachoeira Dourada";"Não";"-";"Pedestres";NA;NA;NA;1;NA;NA;NA;NA;NA;NA;NA;NA;NA;NA;NA;NA;NA;NA;NA;NA;NA;NA;1;NA;NA
52;"GO";5204300;"520430";"Caçu";"Não";"-";"Pedestres";NA;NA;NA;1;NA;NA;NA;1;NA;NA;NA;NA;NA;NA;NA;NA;NA;NA;NA;NA;NA;NA;1;NA;NA
52;"GO";5204409;"520440";"Caiapônia";"Não";"-";"Pedestres";NA;NA;1;NA;NA;NA;NA;NA;NA;1;NA;NA;1;NA;NA;1;NA;1;NA;NA;NA;NA;NA;NA;NA
52;"GO";5204508;"520450";"Caldas Novas";"Não";"-";"Pedestres";NA;NA;NA;NA;NA;NA;NA;NA;NA;NA;1;NA;NA;NA;NA;NA;1;1;1;1;NA;3;2;2;NA
52;"GO";5204557;"520455";"Caldazinha";"Não";"Região Metropolitana de Goiânia";"Pedestres";NA;NA;NA;NA;NA;NA;NA;NA;NA;NA;NA;NA;NA;NA;NA;NA;NA;NA;NA;NA;NA;NA;NA;NA;NA
52;"GO";5204607;"520460";"Campestre de Goiás";"Não";"-";"Pedestres";1;NA;NA;NA;NA;NA;NA;NA;NA;NA;NA;NA;NA;NA;NA;NA;NA;NA;NA;NA;NA;NA;NA;NA;NA
52;"GO";5204656;"520465";"Campinaçu";"Não";"-";"Pedestres";NA;NA;NA;NA;NA;NA;NA;NA;2;1;1;NA;NA;NA;NA;NA;NA;NA;NA;NA;NA;NA;NA;NA;NA
52;"GO";5204706;"520470";"Campinorte";"Não";"-";"Pedestres";1;NA;NA;NA;1;NA;NA;NA;NA;NA;1;1;3;NA;NA;NA;NA;NA;1;NA;NA;1;1;NA;NA
52;"GO";5204805;"520480";"Campo Alegre de Goiás";"Não";"-";"Pedestres";NA;1;NA;1;NA;NA;NA;1;NA;NA;NA;NA;NA;NA;NA;NA;NA;NA;NA;NA;NA;NA;NA;NA;NA
52;"GO";5204854;"520485";"Campo Limpo de Goiás";"Não";"-";"Pedestres";NA;NA;NA;NA;NA;NA;NA;NA;NA;NA;NA;NA;NA;NA;NA;NA;NA;NA;NA;NA;NA;1;NA;NA;NA
52;"GO";5204904;"520490";"Campos Belos";"Não";"-";"Pedestres";2;2;1;1;NA;NA;NA;1;NA;NA;1;NA;NA;NA;NA;NA;NA;1;NA;NA;NA;NA;1;NA;NA
52;"GO";5204953;"520495";"Campos Verdes";"Não";"-";"Pedestres";NA;1;NA;NA;NA;NA;NA;1;NA;NA;NA;NA;NA;NA;NA;NA;NA;NA;NA;NA;NA;NA;NA;NA;NA
52;"GO";5205000;"520500";"Carmo do Rio Verde";"Não";"-";"Pedestres";NA;NA;NA;NA;NA;1;1;NA;NA;1;NA;NA;NA;NA;NA;NA;NA;1;NA;NA;NA;NA;NA;NA;NA
52;"GO";5205059;"520505";"Castelândia";"Não";"-";"Pedestres";NA;NA;NA;NA;NA;NA;NA;NA;NA;NA;NA;NA;NA;NA;NA;NA;NA;NA;NA;NA;NA;NA;NA;NA;NA
52;"GO";5205109;"520510";"Catalão";"Não";"-";"Pedestres";NA;1;1;NA;3;NA;NA;NA;4;1;1;5;1;1;2;7;3;3;1;2;1;1;4;NA;NA
52;"GO";5205208;"520520";"Caturaí";"Não";"Região Metropolitana de Goiânia";"Pedestres";NA;NA;NA;NA;NA;NA;NA;NA;NA;NA;NA;NA;NA;NA;1;NA;NA;NA;NA;NA;NA;NA;NA;NA;NA
52;"GO";5205307;"520530";"Cavalcante";"Não";"Região Integrada de Desenvolvimento do Distrito Federal e Entorno";"Pedestres";NA;NA;NA;NA;NA;NA;NA;NA;NA;NA;1;NA;NA;NA;NA;NA;NA;NA;NA;NA;NA;NA;NA;NA;NA
52;"GO";5205406;"520540";"Ceres";"Não";"-";"Pedestres";NA;1;1;1;1;NA;NA;NA;NA;NA;NA;2;1;1;NA;NA;2;1;NA;NA;1;NA;NA;NA;NA
52;"GO";5205455;"520545";"Cezarina";"Não";"-";"Pedestres";NA;NA;NA;NA;NA;NA;NA;NA;NA;NA;NA;NA;1;NA;NA;1;NA;NA;NA;1;NA;NA;1;NA;NA
52;"GO";5205471;"520547";"Chapadão do Céu";"Não";"-";"Pedestres";NA;NA;NA;NA;NA;NA;NA;NA;NA;NA;NA;NA;NA;NA;NA;1;1;NA;NA;1;NA;NA;NA;1;NA
52;"GO";5205497;"520549";"Cidade Ocidental";"Não";"Região Integrada de Desenvolvimento do Distrito Federal e Entorno";"Pedestres";NA;NA;NA;NA;NA;NA;1;NA;NA;NA;3;1;1;2;1;NA;1;2;NA;NA;NA;NA;NA;1;NA
52;"GO";5205513;"520551";"Cocalzinho de Goiás";"Não";"Região Integrada de Desenvolvimento do Distrito Federal e Entorno";"Pedestres";NA;1;NA;NA;NA;NA;NA;NA;NA;NA;1;NA;4;1;2;NA;NA;NA;NA;1;NA;NA;NA;2;NA
52;"GO";5205521;"520552";"Colinas do Sul";"Não";"-";"Pedestres";NA;NA;NA;NA;NA;NA;1;NA;NA;NA;NA;NA;NA;NA;NA;NA;NA;NA;1;NA;NA;NA;NA;NA;NA
52;"GO";5205703;"520570";"Córrego do Ouro";"Não";"-";"Pedestres";NA;NA;NA;NA;NA;NA;NA;NA;NA;NA;NA;NA;NA;NA;NA;NA;NA;NA;NA;NA;NA;NA;NA;NA;NA
52;"GO";5205802;"520580";"Corumbá de Goiás";"Não";"Região Integrada de Desenvolvimento do Distrito Federal e Entorno";"Pedestres";1;NA;NA;NA;NA;NA;NA;NA;NA;NA;NA;NA;NA;1;2;NA;1;NA;NA;NA;NA;NA;NA;NA;NA
52;"GO";5205901;"520590";"Corumbaíba";"Não";"-";"Pedestres";NA;1;NA;NA;NA;NA;NA;NA;NA;NA;NA;NA;NA;NA;NA;NA;NA;NA;NA;NA;NA;1;NA;NA;NA
52;"GO";5206206;"520620";"Cristalina";"Não";"Região Integrada de Desenvolvimento do Distrito Federal e Entorno";"Pedestres";1;4;7;3;3;1;1;1;1;3;3;NA;5;NA;NA;NA;2;1;3;1;3;3;2;3;NA
52;"GO";5206305;"520630";"Cristianópolis";"Não";"-";"Pedestres";NA;NA;NA;NA;1;NA;NA;NA;NA;NA;NA;NA;NA;NA;NA;NA;1;NA;NA;NA;NA;NA;NA;NA;NA
52;"GO";5206404;"520640";"Crixás";"Não";"-";"Pedestres";NA;1;NA;1;NA;NA;NA;NA;NA;NA;1;NA;NA;NA;NA;1;NA;NA;NA;NA;1;NA;1;NA;NA
52;"GO";5206503;"520650";"Cromínia";"Não";"-";"Pedestres";NA;NA;NA;NA;NA;NA;NA;NA;NA;1;NA;NA;NA;NA;NA;NA;NA;NA;NA;NA;NA;1;NA;NA;NA
52;"GO";5206602;"520660";"Cumari";"Não";"-";"Pedestres";NA;NA;NA;NA;NA;NA;NA;NA;NA;NA;NA;NA;NA;NA;NA;NA;NA;NA;1;NA;NA;NA;NA;NA;NA
52;"GO";5206701;"520670";"Damianópolis";"Não";"-";"Pedestres";NA;NA;NA;NA;NA;NA;NA;NA;NA;NA;NA;NA;NA;1;1;NA;NA;NA;NA;NA;NA;NA;NA;NA;NA
52;"GO";5206909;"520690";"Davinópolis";"Não";"-";"Pedestres";NA;NA;NA;NA;NA;NA;NA;NA;NA;NA;NA;NA;NA;NA;NA;NA;NA;NA;NA;NA;NA;NA;NA;NA;NA
52;"GO";5207253;"520725";"Doverlândia";"Não";"-";"Pedestres";NA;NA;NA;NA;NA;NA;NA;NA;NA;NA;NA;1;NA;NA;NA;1;NA;NA;1;NA;NA;NA;NA;NA;NA
52;"GO";5207352;"520735";"Edealina";"Não";"-";"Pedestres";NA;NA;NA;NA;NA;NA;NA;NA;NA;NA;NA;NA;NA;NA;NA;NA;NA;NA;NA;NA;NA;NA;NA;NA;NA
52;"GO";5207402;"520740";"Edéia";"Não";"-";"Pedestres";NA;NA;NA;NA;NA;NA;NA;NA;1;NA;NA;NA;NA;NA;NA;NA;NA;NA;NA;NA;NA;NA;NA;NA;NA
52;"GO";5207501;"520750";"Estrela do Norte";"Não";"-";"Pedestres";NA;NA;NA;NA;NA;NA;NA;NA;NA;NA;NA;NA;NA;NA;NA;NA;NA;NA;NA;NA;NA;NA;NA;NA;NA
52;"GO";5207535;"520753";"Faina";"Não";"-";"Pedestres";NA;NA;NA;NA;NA;1;NA;NA;NA;NA;NA;NA;NA;1;NA;NA;NA;NA;NA;NA;NA;NA;NA;1;NA
52;"GO";5207808;"520780";"Firminópolis";"Não";"-";"Pedestres";NA;NA;NA;NA;NA;NA;NA;NA;NA;1;NA;NA;NA;NA;NA;NA;NA;NA;NA;NA;NA;NA;1;NA;NA
52;"GO";5207907;"520790";"Flores de Goiás";"Não";"Região Integrada de Desenvolvimento do Distrito Federal e Entorno";"Pedestres";NA;NA;NA;NA;NA;2;1;NA;NA;NA;NA;NA;NA;NA;NA;NA;NA;NA;NA;NA;NA;1;NA;1;NA
52;"GO";5208004;"520800";"Formosa";"Não";"Região Integrada de Desenvolvimento do Distrito Federal e Entorno";"Pedestres";1;1;1;3;4;3;1;NA;3;3;1;1;1;2;2;1;7;6;3;2;2;NA;4;5;NA
52;"GO";5208103;"520810";"Formoso";"Não";"-";"Pedestres";NA;1;NA;NA;NA;NA;NA;NA;NA;NA;NA;NA;NA;NA;NA;NA;NA;NA;NA;NA;NA;NA;NA;NA;NA
52;"GO";5208301;"520830";"Divinópolis de Goiás";"Não";"-";"Pedestres";NA;NA;NA;NA;NA;NA;NA;NA;NA;NA;NA;NA;NA;NA;NA;NA;NA;NA;NA;NA;1;NA;NA;NA;NA
52;"GO";5208400;"520840";"Goianápolis";"Não";"Região Metropolitana de Goiânia";"Pedestres";NA;NA;NA;NA;NA;NA;1;NA;1;NA;1;NA;4;1;NA;NA;NA;1;NA;NA;NA;NA;1;1;NA
52;"GO";5208509;"520850";"Goiandira";"Não";"-";"Pedestres";NA;NA;NA;NA;NA;NA;NA;1;NA;NA;NA;NA;NA;NA;NA;NA;NA;NA;NA;NA;NA;NA;NA;NA;NA
52;"GO";5208608;"520860";"Goianésia";"Não";"Região Integrada de Desenvolvimento do Distrito Federal e Entorno";"Pedestres";2;1;3;NA;1;1;NA;1;NA;1;4;2;1;NA;NA;NA;1;3;1;2;1;NA;NA;NA;NA
52;"GO";5208707;"520870";"Goiânia";"Sim";"Região Metropolitana de Goiânia";"Pedestres";36;40;43;33;44;80;55;64;68;51;84;72;85;57;76;52;50;63;47;51;47;61;41;51;NA
52;"GO";5208806;"520880";"Goianira";"Não";"Região Metropolitana de Goiânia";"Pedestres";1;NA;NA;1;NA;1;NA;1;NA;1;NA;1;1;2;1;1;2;1;NA;NA;1;1;3;3;NA
52;"GO";5208905;"520890";"Goiás";"Não";"-";"Pedestres";NA;NA;NA;NA;1;NA;NA;1;NA;1;NA;NA;NA;1;NA;NA;1;1;1;1;1;NA;1;1;NA
52;"GO";5209101;"520910";"Goiatuba";"Não";"-";"Pedestres";NA;NA;NA;NA;NA;NA;1;1;NA;1;NA;NA;1;NA;1;NA;NA;NA;NA;NA;NA;1;1;NA;NA
52;"GO";5209150;"520915";"Gouvelândia";"Não";"-";"Pedestres";NA;NA;NA;NA;NA;NA;NA;NA;NA;NA;NA;NA;NA;NA;NA;NA;NA;NA;NA;NA;NA;NA;NA;NA;NA
52;"GO";5209200;"520920";"Guapó";"Não";"Região Metropolitana de Goiânia";"Pedestres";NA;NA;NA;NA;NA;NA;NA;NA;NA;NA;NA;NA;NA;NA;NA;NA;NA;1;1;NA;NA;1;NA;NA;NA
52;"GO";5209408;"520940";"Guarani de Goiás";"Não";"-";"Pedestres";NA;NA;NA;NA;NA;NA;NA;NA;NA;NA;NA;NA;NA;NA;NA;NA;NA;NA;NA;NA;NA;1;NA;NA;NA
52;"GO";5209606;"520960";"Heitoraí";"Não";"-";"Pedestres";NA;NA;NA;NA;NA;NA;NA;NA;NA;NA;NA;NA;NA;NA;1;NA;NA;1;NA;NA;NA;NA;NA;NA;NA
52;"GO";5209705;"520970";"Hidrolândia";"Não";"Região Metropolitana de Goiânia";"Pedestres";1;2;NA;NA;1;NA;NA;NA;1;1;NA;NA;1;NA;2;1;NA;1;1;4;1;1;NA;2;NA
52;"GO";5209903;"520990";"Iaciara";"Não";"-";"Pedestres";NA;NA;NA;NA;1;1;NA;NA;NA;NA;NA;NA;NA;NA;NA;NA;1;NA;NA;NA;NA;NA;NA;NA;NA
52;"GO";5209937;"520993";"Inaciolândia";"Não";"-";"Pedestres";NA;NA;NA;NA;NA;NA;NA;NA;NA;NA;NA;NA;NA;NA;NA;NA;NA;NA;NA;NA;NA;NA;NA;NA;NA
52;"GO";5209952;"520995";"Indiara";"Não";"-";"Pedestres";NA;NA;NA;NA;NA;NA;NA;NA;NA;NA;NA;NA;NA;NA;NA;NA;1;2;NA;1;NA;1;NA;NA;NA
52;"GO";5210000;"521000";"Inhumas";"Não";"Região Metropolitana de Goiânia";"Pedestres";1;NA;NA;NA;1;NA;NA;NA;2;1;NA;NA;2;NA;1;NA;4;NA;NA;1;1;NA;NA;1;NA
52;"GO";5210109;"521010";"Ipameri";"Não";"-";"Pedestres";1;NA;NA;1;1;NA;2;NA;1;NA;2;1;NA;NA;NA;NA;1;1;NA;NA;NA;NA;NA;1;NA
52;"GO";5210158;"521015";"Ipiranga de Goiás";"Não";"-";"Pedestres";NA;NA;NA;NA;NA;NA;NA;NA;NA;NA;NA;NA;NA;NA;NA;NA;NA;NA;NA;NA;NA;NA;NA;NA;NA
52;"GO";5210208;"521020";"Iporá";"Não";"-";"Pedestres";NA;NA;NA;NA;1;NA;NA;NA;NA;2;1;NA;1;NA;NA;NA;NA;NA;1;NA;NA;NA;NA;NA;NA
52;"GO";5210307;"521030";"Israelândia";"Não";"-";"Pedestres";NA;NA;NA;NA;NA;NA;NA;NA;NA;NA;NA;NA;NA;NA;NA;NA;NA;NA;1;NA;NA;NA;NA;NA;NA
52;"GO";5210406;"521040";"Itaberaí";"Não";"-";"Pedestres";2;NA;NA;NA;1;NA;NA;NA;NA;NA;NA;1;NA;NA;1;NA;1;1;2;1;NA;2;1;2;NA
52;"GO";5210562;"521056";"Itaguari";"Não";"-";"Pedestres";NA;NA;NA;NA;NA;NA;1;NA;NA;NA;NA;NA;NA;NA;1;NA;NA;NA;1;NA;NA;NA;NA;NA;NA
52;"GO";5210604;"521060";"Itaguaru";"Não";"-";"Pedestres";NA;NA;NA;NA;NA;NA;NA;NA;NA;NA;NA;NA;NA;NA;1;1;NA;NA;NA;NA;NA;NA;NA;NA;NA
52;"GO";5210802;"521080";"Itajá";"Não";"-";"Pedestres";NA;NA;1;NA;NA;NA;NA;NA;NA;NA;NA;NA;NA;NA;NA;1;NA;NA;NA;NA;NA;1;NA;NA;NA
52;"GO";5210901;"521090";"Itapaci";"Não";"-";"Pedestres";NA;NA;1;NA;NA;NA;1;NA;NA;NA;NA;NA;NA;NA;NA;1;NA;NA;NA;NA;1;NA;NA;NA;NA
52;"GO";5211008;"521100";"Itapirapuã";"Não";"-";"Pedestres";NA;NA;NA;NA;NA;NA;NA;NA;NA;NA;NA;NA;NA;1;NA;NA;NA;NA;1;NA;NA;NA;NA;1;NA
52;"GO";5211206;"521120";"Itapuranga";"Não";"-";"Pedestres";NA;NA;NA;NA;NA;1;NA;NA;NA;NA;NA;NA;NA;NA;NA;NA;1;NA;NA;NA;NA;NA;1;3;NA
52;"GO";5211305;"521130";"Itarumã";"Não";"-";"Pedestres";NA;NA;NA;NA;1;NA;NA;NA;NA;NA;NA;NA;NA;NA;NA;NA;NA;NA;NA;NA;NA;NA;NA;NA;NA
52;"GO";5211404;"521140";"Itauçu";"Não";"-";"Pedestres";NA;1;NA;NA;NA;NA;1;NA;1;NA;NA;1;NA;NA;1;NA;NA;1;NA;NA;NA;NA;NA;NA;NA
52;"GO";5211503;"521150";"Itumbiara";"Não";"-";"Pedestres";NA;1;NA;NA;1;NA;NA;2;4;2;3;2;2;3;1;3;3;3;2;3;NA;1;1;3;NA
52;"GO";5211701;"521170";"Jandaia";"Não";"-";"Pedestres";NA;NA;NA;NA;NA;NA;NA;NA;NA;NA;NA;NA;1;NA;NA;NA;NA;NA;NA;NA;NA;NA;1;NA;NA
52;"GO";5211800;"521180";"Jaraguá";"Não";"-";"Pedestres";NA;NA;NA;2;NA;1;1;NA;1;NA;NA;1;1;2;1;NA;2;1;NA;NA;1;1;1;NA;NA
52;"GO";5211909;"521190";"Jataí";"Não";"-";"Pedestres";1;1;1;3;5;4;3;2;1;1;NA;NA;1;3;1;1;1;NA;3;2;NA;2;2;2;NA
52;"GO";5212105;"521210";"Joviânia";"Não";"-";"Pedestres";NA;1;NA;NA;NA;NA;NA;NA;NA;NA;NA;NA;NA;NA;NA;NA;NA;NA;NA;NA;NA;NA;1;NA;NA
52;"GO";5212204;"521220";"Jussara";"Não";"-";"Pedestres";NA;NA;1;NA;NA;2;NA;NA;1;NA;NA;1;1;NA;NA;NA;NA;NA;NA;NA;1;1;1;NA;NA
52;"GO";5212303;"521230";"Leopoldo de Bulhões";"Não";"-";"Pedestres";1;NA;NA;NA;1;NA;NA;NA;NA;NA;NA;NA;NA;NA;NA;NA;NA;1;NA;1;NA;NA;1;NA;NA
52;"GO";5212501;"521250";"Luziânia";"Não";"Região Integrada de Desenvolvimento do Distrito Federal e Entorno";"Pedestres";8;13;16;16;19;18;5;15;17;10;12;6;10;6;6;11;3;9;6;7;8;13;1;6;NA
52;"GO";5212600;"521260";"Mairipotaba";"Não";"-";"Pedestres";2;NA;NA;NA;NA;NA;NA;NA;NA;NA;NA;NA;NA;NA;NA;NA;NA;NA;NA;NA;NA;NA;NA;NA;NA
52;"GO";5212709;"521270";"Mambaí";"Não";"-";"Pedestres";NA;NA;NA;NA;NA;1;NA;NA;NA;NA;NA;NA;NA;NA;NA;NA;NA;NA;NA;NA;NA;NA;NA;1;NA
52;"GO";5212808;"521280";"Mara Rosa";"Não";"-";"Pedestres";NA;1;NA;NA;1;NA;NA;NA;NA;NA;1;NA;NA;1;NA;1;NA;NA;NA;1;NA;NA;1;1;NA
52;"GO";5212907;"521290";"Marzagão";"Não";"-";"Pedestres";NA;NA;NA;NA;NA;NA;1;NA;NA;NA;NA;NA;NA;NA;NA;NA;NA;NA;NA;NA;NA;NA;1;NA;NA
52;"GO";5213004;"521300";"Maurilândia";"Não";"-";"Pedestres";NA;1;NA;NA;NA;NA;NA;NA;NA;NA;NA;NA;NA;NA;NA;NA;NA;NA;NA;NA;NA;NA;NA;NA;NA
52;"GO";5213087;"521308";"Minaçu";"Não";"-";"Pedestres";NA;NA;1;NA;NA;NA;1;1;NA;NA;2;NA;1;2;NA;NA;1;NA;NA;NA;NA;NA;NA;NA;NA
52;"GO";5213103;"521310";"Mineiros";"Não";"-";"Pedestres";NA;NA;1;2;NA;2;2;NA;1;NA;3;NA;NA;NA;NA;NA;NA;NA;1;NA;2;1;NA;1;NA
52;"GO";5213509;"521350";"Monte Alegre de Goiás";"Não";"-";"Pedestres";NA;NA;1;NA;NA;NA;1;NA;NA;1;NA;1;NA;NA;NA;NA;1;1;NA;NA;NA;NA;NA;NA;NA
52;"GO";5213707;"521370";"Montes Claros de Goiás";"Não";"-";"Pedestres";NA;NA;NA;NA;NA;NA;NA;NA;NA;NA;NA;1;NA;NA;NA;NA;NA;1;1;1;1;1;NA;NA;NA
52;"GO";5213756;"521375";"Montividiu";"Não";"-";"Pedestres";NA;NA;NA;NA;NA;1;NA;NA;NA;NA;NA;NA;NA;NA;NA;NA;NA;NA;NA;NA;NA;NA;1;NA;NA
52;"GO";5213806;"521380";"Morrinhos";"Não";"-";"Pedestres";NA;NA;NA;1;NA;1;NA;NA;2;1;1;NA;3;2;NA;NA;1;NA;1;NA;1;NA;NA;NA;NA
52;"GO";5213905;"521390";"Mossâmedes";"Não";"-";"Pedestres";NA;NA;NA;NA;NA;1;NA;NA;NA;NA;NA;NA;NA;NA;NA;NA;NA;NA;NA;NA;NA;NA;NA;NA;NA
52;"GO";5214002;"521400";"Mozarlândia";"Não";"-";"Pedestres";1;NA;NA;NA;NA;NA;1;NA;NA;NA;NA;NA;NA;NA;NA;NA;NA;NA;1;NA;NA;2;NA;2;NA
52;"GO";5214051;"521405";"Mundo Novo";"Não";"-";"Pedestres";NA;NA;NA;NA;NA;NA;NA;NA;NA;NA;NA;NA;NA;NA;1;NA;NA;NA;NA;NA;NA;1;NA;NA;NA
52;"GO";5214408;"521440";"Nazário";"Não";"-";"Pedestres";NA;NA;NA;1;NA;1;NA;NA;NA;1;NA;NA;NA;NA;NA;NA;NA;NA;NA;NA;NA;NA;NA;NA;NA
52;"GO";5214507;"521450";"Nerópolis";"Não";"Região Metropolitana de Goiânia";"Pedestres";NA;NA;NA;NA;1;NA;NA;1;NA;1;NA;2;NA;1;NA;1;1;NA;NA;NA;NA;NA;1;1;NA
52;"GO";5214606;"521460";"Niquelândia";"Não";"Região Integrada de Desenvolvimento do Distrito Federal e Entorno";"Pedestres";NA;NA;1;1;1;3;NA;NA;NA;1;NA;1;1;1;1;1;1;1;1;NA;NA;2;NA;NA;NA
52;"GO";5214705;"521470";"Nova América";"Não";"-";"Pedestres";NA;NA;NA;NA;NA;NA;NA;NA;NA;NA;NA;NA;NA;1;NA;NA;NA;NA;NA;NA;NA;NA;NA;NA;NA
52;"GO";5214838;"521483";"Nova Crixás";"Não";"-";"Pedestres";NA;NA;NA;NA;NA;NA;NA;NA;NA;NA;NA;NA;2;1;1;NA;NA;NA;NA;NA;NA;NA;NA;1;NA
52;"GO";5214861;"521486";"Nova Glória";"Não";"-";"Pedestres";NA;NA;NA;NA;NA;NA;NA;1;NA;NA;NA;1;NA;NA;NA;NA;NA;1;NA;NA;NA;NA;NA;NA;NA
52;"GO";5214879;"521487";"Nova Iguaçu de Goiás";"Não";"-";"Pedestres";NA;NA;NA;NA;NA;NA;1;NA;NA;NA;NA;NA;NA;1;NA;NA;NA;NA;NA;NA;NA;NA;NA;NA;NA
52;"GO";5214903;"521490";"Nova Roma";"Não";"-";"Pedestres";NA;NA;NA;NA;NA;NA;NA;NA;NA;NA;NA;NA;NA;NA;NA;NA;NA;NA;NA;NA;NA;NA;NA;NA;NA
52;"GO";5215009;"521500";"Nova Veneza";"Não";"Região Metropolitana de Goiânia";"Pedestres";NA;NA;NA;NA;NA;NA;NA;NA;NA;NA;NA;NA;NA;1;NA;NA;NA;NA;NA;NA;NA;NA;NA;NA;NA
52;"GO";5215207;"521520";"Novo Brasil";"Não";"-";"Pedestres";NA;NA;1;NA;NA;NA;NA;NA;NA;NA;NA;NA;NA;NA;NA;NA;NA;NA;NA;NA;NA;NA;NA;NA;NA
52;"GO";5215231;"521523";"Novo Gama";"Não";"Região Integrada de Desenvolvimento do Distrito Federal e Entorno";"Pedestres";NA;1;NA;1;NA;NA;NA;NA;1;NA;NA;NA;2;3;1;NA;NA;1;NA;1;NA;1;NA;NA;NA
52;"GO";5215306;"521530";"Orizona";"Não";"-";"Pedestres";NA;NA;NA;NA;NA;NA;NA;NA;NA;1;NA;NA;NA;NA;1;NA;NA;NA;NA;NA;NA;NA;NA;NA;NA
52;"GO";5215504;"521550";"Ouvidor";"Não";"-";"Pedestres";1;NA;NA;NA;NA;NA;NA;NA;NA;NA;NA;NA;NA;NA;NA;NA;NA;NA;NA;NA;NA;NA;NA;NA;NA
52;"GO";5215603;"521560";"Padre Bernardo";"Não";"Região Integrada de Desenvolvimento do Distrito Federal e Entorno";"Pedestres";1;1;2;3;2;2;1;1;NA;2;2;1;NA;1;NA;2;NA;1;NA;2;NA;NA;NA;1;NA
52;"GO";5215652;"521565";"Palestina de Goiás";"Não";"-";"Pedestres";NA;NA;NA;NA;NA;NA;NA;NA;NA;NA;NA;NA;NA;1;NA;NA;NA;NA;NA;NA;NA;NA;NA;NA;NA
52;"GO";5215801;"521580";"Palmelo";"Não";"-";"Pedestres";NA;NA;NA;NA;NA;NA;NA;NA;NA;NA;NA;NA;1;1;NA;NA;NA;NA;NA;NA;NA;NA;NA;NA;NA
52;"GO";5215900;"521590";"Palminópolis";"Não";"-";"Pedestres";NA;NA;NA;NA;1;NA;NA;NA;NA;NA;NA;NA;NA;NA;NA;NA;NA;NA;NA;NA;NA;NA;NA;NA;NA
52;"GO";5216007;"521600";"Panamá";"Não";"-";"Pedestres";NA;NA;NA;NA;NA;NA;NA;NA;NA;1;NA;NA;NA;1;NA;NA;NA;NA;NA;NA;NA;NA;NA;NA;NA
52;"GO";5216304;"521630";"Paranaiguara";"Não";"-";"Pedestres";NA;NA;NA;NA;NA;NA;NA;NA;NA;NA;NA;NA;NA;NA;NA;NA;NA;NA;NA;NA;NA;NA;NA;NA;NA
52;"GO";5216403;"521640";"Paraúna";"Não";"-";"Pedestres";NA;NA;NA;NA;NA;NA;NA;NA;NA;NA;NA;NA;NA;NA;NA;NA;NA;1;NA;NA;NA;NA;NA;NA;NA
52;"GO";5216809;"521680";"Petrolina de Goiás";"Não";"-";"Pedestres";NA;NA;NA;NA;NA;NA;NA;NA;NA;1;1;NA;NA;NA;NA;NA;NA;NA;NA;1;NA;2;NA;NA;NA
52;"GO";5216908;"521690";"Pilar de Goiás";"Não";"-";"Pedestres";NA;NA;NA;NA;NA;NA;NA;NA;NA;NA;NA;NA;NA;NA;NA;NA;NA;NA;NA;NA;NA;NA;NA;NA;NA
52;"GO";5217104;"521710";"Piracanjuba";"Não";"-";"Pedestres";NA;NA;NA;NA;1;NA;NA;NA;1;1;NA;NA;NA;1;1;1;1;1;1;1;NA;NA;NA;NA;NA
52;"GO";5217203;"521720";"Piranhas";"Não";"-";"Pedestres";NA;NA;NA;NA;1;NA;NA;NA;NA;1;NA;NA;NA;NA;NA;1;NA;NA;NA;NA;NA;NA;1;NA;NA
52;"GO";5217302;"521730";"Pirenópolis";"Não";"Região Integrada de Desenvolvimento do Distrito Federal e Entorno";"Pedestres";NA;NA;NA;2;1;1;NA;NA;NA;1;NA;NA;1;1;NA;1;NA;NA;1;1;NA;NA;1;NA;NA
52;"GO";5217401;"521740";"Pires do Rio";"Não";"-";"Pedestres";NA;NA;1;NA;NA;1;NA;NA;1;1;1;NA;NA;1;2;NA;NA;NA;NA;1;3;2;NA;NA;NA
52;"GO";5217609;"521760";"Planaltina";"Não";"Região Integrada de Desenvolvimento do Distrito Federal e Entorno";"Pedestres";2;1;1;1;3;NA;2;NA;4;2;1;NA;2;3;3;NA;2;2;1;1;2;NA;4;1;NA
52;"GO";5217708;"521770";"Pontalina";"Não";"-";"Pedestres";NA;NA;NA;NA;NA;1;NA;NA;NA;1;NA;NA;NA;NA;NA;1;NA;NA;NA;NA;NA;NA;NA;NA;NA
52;"GO";5218003;"521800";"Porangatu";"Não";"-";"Pedestres";2;NA;NA;1;2;NA;NA;NA;NA;NA;1;1;NA;1;1;2;1;1;1;1;NA;1;NA;NA;NA
52;"GO";5218102;"521810";"Portelândia";"Não";"-";"Pedestres";NA;NA;NA;NA;NA;NA;NA;NA;NA;NA;NA;NA;NA;NA;NA;NA;NA;NA;NA;NA;NA;NA;NA;1;NA
52;"GO";5218300;"521830";"Posse";"Não";"-";"Pedestres";1;NA;NA;NA;1;NA;1;NA;1;NA;NA;NA;1;NA;5;1;3;3;2;1;NA;1;NA;1;NA
52;"GO";5218391;"521839";"Professor Jamil";"Não";"-";"Pedestres";NA;NA;NA;NA;NA;NA;NA;1;NA;NA;NA;NA;1;NA;NA;1;NA;NA;NA;NA;1;NA;NA;NA;NA
52;"GO";5218508;"521850";"Quirinópolis";"Não";"-";"Pedestres";NA;NA;NA;NA;NA;1;NA;NA;NA;NA;1;NA;NA;NA;1;NA;NA;1;1;NA;NA;NA;NA;1;NA
52;"GO";5218607;"521860";"Rialma";"Não";"-";"Pedestres";NA;NA;NA;NA;NA;NA;NA;NA;1;NA;2;NA;NA;NA;NA;NA;NA;NA;NA;NA;1;1;NA;NA;NA
52;"GO";5218706;"521870";"Rianápolis";"Não";"-";"Pedestres";NA;NA;NA;NA;NA;NA;NA;NA;NA;NA;NA;1;NA;NA;NA;NA;NA;NA;NA;NA;NA;1;1;NA;NA
52;"GO";5218789;"521878";"Rio Quente";"Não";"-";"Pedestres";NA;NA;NA;NA;NA;NA;NA;NA;NA;NA;NA;NA;NA;NA;NA;NA;NA;NA;1;NA;NA;NA;NA;NA;NA
52;"GO";5218805;"521880";"Rio Verde";"Não";"-";"Pedestres";NA;1;NA;NA;1;3;NA;NA;NA;3;3;1;NA;5;4;1;1;3;1;6;5;2;7;3;NA
52;"GO";5218904;"521890";"Rubiataba";"Não";"-";"Pedestres";NA;NA;NA;NA;NA;NA;NA;NA;NA;NA;NA;NA;NA;NA;NA;NA;NA;NA;1;NA;NA;2;NA;NA;NA
52;"GO";5219001;"521900";"Sanclerlândia";"Não";"-";"Pedestres";NA;NA;NA;NA;NA;NA;NA;NA;NA;NA;NA;NA;NA;NA;NA;NA;NA;NA;NA;NA;NA;NA;NA;NA;NA
52;"GO";5219209;"521920";"Santa Cruz de Goiás";"Não";"-";"Pedestres";NA;NA;NA;NA;NA;NA;NA;NA;1;NA;NA;NA;NA;NA;NA;NA;NA;NA;NA;NA;NA;NA;NA;NA;NA
52;"GO";5219258;"521925";"Santa Fé de Goiás";"Não";"-";"Pedestres";NA;NA;NA;NA;NA;NA;NA;NA;NA;NA;1;NA;1;NA;NA;NA;NA;NA;NA;NA;NA;NA;NA;NA;NA
52;"GO";5219308;"521930";"Santa Helena de Goiás";"Não";"-";"Pedestres";3;NA;NA;NA;NA;NA;NA;NA;NA;NA;NA;NA;2;5;1;3;7;6;2;1;1;1;3;6;NA
52;"GO";5219407;"521940";"Santa Rita do Araguaia";"Não";"-";"Pedestres";NA;NA;NA;NA;NA;NA;NA;NA;NA;NA;NA;NA;NA;NA;NA;NA;NA;1;NA;NA;NA;NA;NA;NA;NA
52;"GO";5219456;"521945";"Santa Rita do Novo Destino";"Não";"-";"Pedestres";NA;NA;NA;NA;NA;NA;NA;NA;NA;NA;NA;NA;1;1;NA;NA;1;NA;NA;NA;NA;NA;NA;NA;NA
52;"GO";5219605;"521960";"Santa Tereza de Goiás";"Não";"-";"Pedestres";NA;NA;NA;NA;NA;NA;1;NA;NA;NA;NA;NA;NA;NA;NA;NA;NA;1;1;NA;1;NA;NA;NA;NA
52;"GO";5219704;"521970";"Santa Terezinha de Goiás";"Não";"-";"Pedestres";NA;1;NA;NA;NA;NA;NA;NA;NA;NA;NA;NA;NA;NA;NA;NA;NA;NA;NA;NA;NA;NA;NA;NA;NA
52;"GO";5219712;"521971";"Santo Antônio da Barra";"Não";"-";"Pedestres";NA;NA;NA;NA;NA;2;NA;1;NA;NA;NA;NA;1;NA;NA;NA;1;NA;NA;NA;NA;NA;NA;NA;NA
52;"GO";5219738;"521973";"Santo Antônio de Goiás";"Não";"Região Metropolitana de Goiânia";"Pedestres";NA;NA;NA;NA;NA;NA;NA;NA;NA;NA;NA;NA;NA;NA;1;NA;NA;1;NA;NA;NA;1;NA;NA;NA
52;"GO";5219753;"521975";"Santo Antônio do Descoberto";"Não";"Região Integrada de Desenvolvimento do Distrito Federal e Entorno";"Pedestres";1;1;NA;NA;NA;NA;2;2;NA;3;NA;NA;3;1;1;NA;NA;NA;1;1;NA;NA;NA;2;NA
52;"GO";5219803;"521980";"São Domingos";"Não";"-";"Pedestres";NA;NA;NA;NA;NA;1;NA;NA;NA;NA;NA;NA;NA;1;1;NA;1;NA;1;NA;1;NA;NA;NA;NA
52;"GO";5219902;"521990";"São Francisco de Goiás";"Não";"-";"Pedestres";1;NA;NA;1;2;NA;NA;1;NA;1;1;NA;NA;NA;NA;1;NA;NA;NA;NA;NA;NA;NA;NA;NA
52;"GO";5220009;"522000";"São João d'Aliança";"Não";"Região Integrada de Desenvolvimento do Distrito Federal e Entorno";"Pedestres";NA;1;1;1;NA;NA;NA;NA;NA;NA;NA;1;NA;NA;NA;NA;NA;NA;1;1;NA;NA;NA;1;NA
52;"GO";5220108;"522010";"São Luís de Montes Belos";"Não";"-";"Pedestres";NA;NA;NA;1;NA;NA;NA;NA;NA;1;NA;NA;1;NA;NA;NA;NA;NA;NA;NA;1;2;1;NA;NA
52;"GO";5220157;"522015";"São Luiz do Norte";"Não";"-";"Pedestres";NA;NA;NA;NA;1;NA;NA;NA;NA;NA;1;NA;NA;NA;NA;1;NA;NA;NA;NA;NA;NA;NA;NA;NA
52;"GO";5220207;"522020";"São Miguel do Araguaia";"Não";"-";"Pedestres";NA;NA;NA;NA;NA;NA;NA;NA;NA;NA;NA;NA;NA;1;NA;2;NA;1;NA;1;NA;NA;NA;NA;NA
52;"GO";5220264;"522026";"São Miguel do Passa Quatro";"Não";"-";"Pedestres";NA;NA;NA;NA;NA;NA;NA;NA;NA;NA;NA;NA;NA;NA;NA;NA;NA;NA;1;NA;NA;NA;1;NA;NA
52;"GO";5220405;"522040";"São Simão";"Não";"-";"Pedestres";NA;NA;NA;NA;NA;NA;NA;NA;NA;NA;NA;NA;NA;NA;1;NA;NA;1;NA;NA;NA;NA;1;NA;NA
52;"GO";5220454;"522045";"Senador Canedo";"Não";"Região Metropolitana de Goiânia";"Pedestres";1;1;NA;NA;NA;1;NA;1;1;NA;NA;1;2;2;1;NA;NA;2;1;1;4;1;NA;1;NA
52;"GO";5220504;"522050";"Serranópolis";"Não";"-";"Pedestres";NA;NA;NA;NA;NA;NA;NA;1;NA;NA;NA;NA;NA;NA;NA;1;NA;NA;NA;NA;NA;NA;NA;NA;NA
52;"GO";5220603;"522060";"Silvânia";"Não";"-";"Pedestres";NA;NA;NA;NA;1;1;NA;NA;NA;NA;NA;NA;1;NA;NA;NA;NA;NA;NA;NA;2;1;NA;NA;NA
52;"GO";5220686;"522068";"Simolândia";"Não";"Região Integrada de Desenvolvimento do Distrito Federal e Entorno";"Pedestres";NA;NA;NA;NA;1;NA;NA;NA;1;NA;1;1;1;1;NA;1;NA;1;NA;NA;NA;NA;1;NA;NA
52;"GO";5220702;"522070";"Sítio d'Abadia";"Não";"-";"Pedestres";NA;NA;NA;NA;NA;NA;NA;1;NA;NA;NA;NA;NA;NA;NA;NA;1;NA;NA;NA;NA;NA;1;NA;NA
52;"GO";5221080;"522108";"Teresina de Goiás";"Não";"-";"Pedestres";NA;NA;NA;NA;NA;1;NA;NA;NA;NA;NA;1;NA;NA;NA;NA;NA;NA;1;NA;NA;NA;NA;NA;NA
52;"GO";5221197;"522119";"Terezópolis de Goiás";"Não";"Região Metropolitana de Goiânia";"Pedestres";NA;1;1;NA;1;NA;NA;NA;NA;2;1;1;2;2;NA;NA;NA;2;1;1;NA;2;NA;1;NA
52;"GO";5221403;"522140";"Trindade";"Não";"Região Metropolitana de Goiânia";"Pedestres";1;NA;1;NA;NA;2;1;NA;NA;NA;NA;NA;1;NA;NA;1;NA;1;2;1;2;2;5;1;NA
52;"GO";5221452;"522145";"Trombas";"Não";"-";"Pedestres";NA;NA;NA;NA;NA;NA;1;NA;NA;NA;NA;NA;NA;NA;NA;NA;NA;NA;NA;NA;NA;NA;NA;NA;NA
52;"GO";5221502;"522150";"Turvânia";"Não";"-";"Pedestres";NA;NA;1;NA;NA;NA;NA;NA;NA;NA;NA;NA;NA;NA;NA;NA;NA;NA;NA;NA;NA;NA;NA;1;NA
52;"GO";5221551;"522155";"Turvelândia";"Não";"-";"Pedestres";NA;NA;NA;NA;NA;NA;NA;NA;NA;NA;NA;NA;NA;NA;NA;NA;NA;NA;NA;1;NA;NA;NA;NA;NA
52;"GO";5221601;"522160";"Uruaçu";"Não";"-";"Pedestres";NA;NA;NA;1;NA;3;2;NA;1;1;1;1;1;NA;3;NA;NA;NA;2;NA;1;1;5;5;NA
52;"GO";5221700;"522170";"Uruana";"Não";"-";"Pedestres";NA;NA;1;NA;NA;NA;NA;NA;NA;NA;1;NA;NA;NA;NA;1;NA;NA;NA;NA;NA;NA;NA;1;NA
52;"GO";5221809;"522180";"Urutaí";"Não";"-";"Pedestres";NA;NA;NA;NA;NA;NA;NA;NA;NA;NA;NA;NA;NA;NA;NA;NA;NA;NA;NA;NA;NA;NA;1;NA;NA
52;"GO";5221858;"522185";"Valparaíso de Goiás";"Não";"Região Integrada de Desenvolvimento do Distrito Federal e Entorno";"Pedestres";1;3;2;5;4;6;4;1;2;4;3;1;4;1;1;4;4;1;1;5;NA;2;3;1;NA
52;"GO";5221908;"522190";"Varjão";"Não";"-";"Pedestres";NA;NA;NA;NA;NA;NA;1;NA;NA;NA;NA;NA;NA;NA;NA;NA;NA;NA;NA;NA;1;NA;NA;NA;NA
52;"GO";5222005;"522200";"Vianópolis";"Não";"-";"Pedestres";NA;NA;NA;NA;1;1;NA;NA;NA;NA;NA;NA;1;NA;NA;NA;NA;NA;1;1;NA;1;NA;NA;NA
52;"GO";5222054;"522205";"Vicentinópolis";"Não";"-";"Pedestres";NA;NA;NA;NA;NA;NA;NA;NA;NA;NA;NA;NA;NA;NA;NA;NA;NA;NA;NA;NA;NA;NA;NA;NA;NA
52;"GO";5222203;"522220";"Vila Boa";"Não";"Região Integrada de Desenvolvimento do Distrito Federal e Entorno";"Pedestres";NA;1;NA;NA;NA;NA;1;NA;NA;NA;NA;NA;NA;NA;NA;NA;NA;NA;NA;NA;1;NA;1;NA;NA
52;"GO";5222302;"522230";"Vila Propício";"Não";"Região Integrada de Desenvolvimento do Distrito Federal e Entorno";"Pedestres";NA;NA;NA;NA;NA;NA;NA;NA;NA;NA;1;NA;NA;NA;2;NA;NA;NA;NA;NA;1;NA;NA;NA;NA
53;"DF";5300108;"530010";"Brasília";"Sim";"Região Integrada de Desenvolvimento do Distrito Federal e Entorno";"Pedestres";183;188;197;188;161;169;160;182;182;148;186;158;125;128;124;94;112;76;79;78;76;72;80;71;NA
11;"RO";1100015;"110001";"Alta Floresta D'Oeste";"Não";"-";"Outros";2;NA;NA;NA;NA;NA;1;NA;NA;1;NA;NA;NA;2;1;2;1;NA;NA;1;1;NA;2;NA;NA
11;"RO";1100023;"110002";"Ariquemes";"Não";"-";"Outros";6;8;11;14;17;7;1;3;14;14;23;30;23;25;13;9;13;9;4;2;2;5;5;2;NA
11;"RO";1100031;"110003";"Cabixi";"Não";"-";"Outros";NA;NA;NA;NA;NA;NA;NA;NA;NA;NA;NA;NA;NA;NA;NA;NA;NA;NA;NA;NA;NA;NA;NA;NA;NA
11;"RO";1100049;"110004";"Cacoal";"Não";"-";"Outros";6;1;1;NA;3;2;3;NA;2;1;1;2;6;3;NA;2;1;3;NA;3;3;3;6;8;NA
11;"RO";1100056;"110005";"Cerejeiras";"Não";"-";"Outros";1;NA;NA;1;NA;1;NA;1;NA;NA;NA;NA;NA;1;NA;NA;NA;1;NA;1;NA;NA;1;NA;NA
11;"RO";1100064;"110006";"Colorado do Oeste";"Não";"-";"Outros";NA;NA;1;NA;NA;NA;NA;NA;NA;NA;1;1;NA;NA;NA;1;NA;NA;3;NA;NA;NA;1;1;NA
11;"RO";1100072;"110007";"Corumbiara";"Não";"-";"Outros";NA;NA;NA;NA;NA;NA;NA;NA;NA;NA;NA;1;NA;NA;NA;1;NA;NA;NA;NA;1;1;NA;NA;NA
11;"RO";1100080;"110008";"Costa Marques";"Não";"-";"Outros";NA;1;NA;NA;NA;NA;NA;NA;NA;NA;NA;NA;1;NA;NA;2;NA;2;NA;NA;2;NA;1;1;NA
11;"RO";1100098;"110009";"Espigão D'Oeste";"Não";"-";"Outros";NA;NA;NA;NA;1;1;NA;NA;NA;NA;NA;NA;1;NA;NA;NA;1;1;NA;1;2;2;1;2;NA
11;"RO";1100106;"110010";"Guajará-Mirim";"Não";"-";"Outros";1;NA;2;1;NA;1;NA;NA;1;NA;1;NA;1;NA;4;1;1;NA;NA;NA;NA;NA;1;1;NA
11;"RO";1100114;"110011";"Jaru";"Não";"-";"Outros";NA;2;2;7;2;8;2;2;1;1;3;2;6;3;2;1;NA;2;5;8;3;7;4;5;NA
11;"RO";1100122;"110012";"Ji-Paraná";"Não";"-";"Outros";5;1;1;3;6;8;16;16;18;11;13;3;2;NA;NA;NA;1;3;3;6;6;7;2;2;NA
11;"RO";1100130;"110013";"Machadinho D'Oeste";"Não";"-";"Outros";1;2;1;6;2;2;1;NA;NA;4;2;4;2;1;9;8;2;2;NA;1;2;13;3;1;NA
11;"RO";1100148;"110014";"Nova Brasilândia D'Oeste";"Não";"-";"Outros";1;NA;NA;2;1;1;1;NA;NA;NA;NA;NA;NA;NA;NA;NA;NA;1;NA;NA;1;NA;2;NA;NA
11;"RO";1100155;"110015";"Ouro Preto do Oeste";"Não";"-";"Outros";NA;7;8;6;6;3;NA;2;10;1;1;3;NA;1;1;2;NA;4;4;2;2;5;3;1;NA
11;"RO";1100189;"110018";"Pimenta Bueno";"Não";"-";"Outros";2;NA;1;1;1;4;2;2;NA;1;5;NA;1;NA;1;1;NA;NA;NA;1;NA;2;2;3;NA
11;"RO";1100205;"110020";"Porto Velho";"Sim";"Região Metropolitana de Porto Velho";"Outros";65;42;48;69;73;53;104;88;100;98;131;100;117;22;77;39;27;12;5;20;19;17;28;31;NA
11;"RO";1100254;"110025";"Presidente Médici";"Não";"-";"Outros";NA;NA;1;NA;NA;1;1;1;2;NA;2;1;2;NA;1;NA;NA;NA;2;NA;NA;NA;1;NA;NA
11;"RO";1100262;"110026";"Rio Crespo";"Não";"-";"Outros";NA;NA;NA;NA;NA;NA;NA;NA;NA;NA;NA;NA;1;NA;NA;NA;NA;NA;NA;NA;1;NA;2;NA;NA
11;"RO";1100288;"110028";"Rolim de Moura";"Não";"-";"Outros";1;NA;1;1;NA;2;NA;1;NA;4;9;5;16;5;6;6;2;4;4;2;1;5;4;3;NA
11;"RO";1100296;"110029";"Santa Luzia D'Oeste";"Não";"-";"Outros";NA;NA;1;2;NA;NA;NA;NA;NA;NA;NA;NA;1;1;1;NA;1;1;NA;NA;2;NA;2;NA;NA
11;"RO";1100304;"110030";"Vilhena";"Não";"-";"Outros";2;2;4;10;13;14;7;3;7;3;2;1;2;7;2;5;2;NA;2;6;4;1;NA;1;NA
11;"RO";1100320;"110032";"São Miguel do Guaporé";"Não";"-";"Outros";NA;1;1;NA;NA;1;NA;1;1;NA;NA;NA;1;5;1;3;2;3;NA;NA;1;1;1;NA;NA
11;"RO";1100338;"110033";"Nova Mamoré";"Não";"-";"Outros";NA;NA;NA;1;2;NA;1;NA;NA;2;NA;1;2;1;2;4;1;NA;1;1;3;1;6;NA;NA
11;"RO";1100346;"110034";"Alvorada D'Oeste";"Não";"-";"Outros";NA;NA;1;1;2;NA;NA;NA;NA;NA;NA;NA;NA;NA;NA;2;NA;2;NA;NA;NA;NA;NA;2;NA
11;"RO";1100379;"110037";"Alto Alegre dos Parecis";"Não";"-";"Outros";NA;NA;NA;2;NA;1;NA;1;NA;NA;NA;3;NA;1;NA;NA;2;1;NA;NA;NA;1;1;NA;NA
11;"RO";1100403;"110040";"Alto Paraíso";"Não";"-";"Outros";1;NA;NA;1;NA;1;NA;NA;4;1;5;9;3;NA;NA;NA;1;1;2;1;1;NA;NA;NA;NA
11;"RO";1100452;"110045";"Buritis";"Não";"-";"Outros";1;NA;1;2;1;NA;NA;1;1;NA;3;1;5;4;1;1;2;2;1;1;2;6;7;2;NA
11;"RO";1100502;"110050";"Novo Horizonte do Oeste";"Não";"-";"Outros";NA;NA;NA;1;NA;NA;1;NA;NA;NA;2;NA;1;2;NA;NA;1;1;NA;NA;NA;NA;NA;NA;NA
11;"RO";1100601;"110060";"Cacaulândia";"Não";"-";"Outros";2;1;NA;NA;NA;NA;NA;NA;1;1;NA;NA;1;NA;NA;NA;1;NA;NA;NA;NA;NA;NA;NA;NA
11;"RO";1100700;"110070";"Campo Novo de Rondônia";"Não";"-";"Outros";1;NA;NA;2;NA;NA;NA;NA;NA;NA;NA;NA;NA;NA;NA;1;NA;NA;NA;NA;1;NA;NA;1;NA
11;"RO";1100809;"110080";"Candeias do Jamari";"Não";"Região Metropolitana de Porto Velho";"Outros";1;NA;NA;2;3;1;1;2;1;NA;2;4;4;6;4;8;NA;1;3;NA;2;1;2;2;NA
11;"RO";1100908;"110090";"Castanheiras";"Não";"-";"Outros";NA;NA;NA;NA;NA;NA;NA;NA;NA;NA;NA;NA;NA;NA;1;NA;1;1;NA;NA;NA;1;NA;NA;NA
11;"RO";1100924;"110092";"Chupinguaia";"Não";"-";"Outros";NA;NA;NA;NA;NA;1;NA;NA;NA;NA;NA;NA;NA;1;NA;NA;NA;NA;NA;NA;NA;NA;1;NA;NA
11;"RO";1100940;"110094";"Cujubim";"Não";"-";"Outros";1;1;NA;1;1;NA;1;NA;4;2;2;1;2;NA;NA;1;2;NA;NA;1;2;3;3;1;NA
11;"RO";1101005;"110100";"Governador Jorge Teixeira";"Não";"-";"Outros";NA;NA;NA;NA;NA;NA;NA;NA;NA;NA;NA;NA;NA;NA;NA;NA;NA;NA;NA;NA;NA;NA;NA;1;NA
11;"RO";1101104;"110110";"Itapuã do Oeste";"Não";"-";"Outros";NA;1;NA;5;NA;1;NA;1;1;1;2;NA;NA;NA;2;1;2;1;1;NA;1;4;1;NA;NA
11;"RO";1101203;"110120";"Ministro Andreazza";"Não";"-";"Outros";NA;NA;NA;NA;NA;NA;1;NA;NA;NA;NA;NA;NA;NA;NA;NA;NA;NA;NA;NA;NA;NA;NA;NA;NA
11;"RO";1101302;"110130";"Mirante da Serra";"Não";"-";"Outros";NA;NA;NA;NA;1;NA;NA;NA;NA;1;NA;NA;1;1;1;NA;NA;NA;NA;NA;NA;NA;NA;1;NA
11;"RO";1101401;"110140";"Monte Negro";"Não";"-";"Outros";NA;3;1;3;1;NA;NA;NA;5;1;NA;1;NA;NA;NA;NA;NA;NA;NA;NA;NA;3;NA;NA;NA
11;"RO";1101435;"110143";"Nova União";"Não";"-";"Outros";3;1;NA;NA;NA;NA;1;NA;NA;NA;NA;NA;1;NA;NA;NA;1;1;NA;NA;1;NA;1;NA;NA
11;"RO";1101450;"110145";"Parecis";"Não";"-";"Outros";NA;NA;NA;NA;NA;NA;NA;NA;NA;NA;NA;NA;NA;2;1;NA;NA;NA;NA;NA;NA;NA;NA;NA;NA
11;"RO";1101468;"110146";"Pimenteiras do Oeste";"Não";"-";"Outros";NA;NA;NA;NA;NA;NA;NA;NA;NA;1;NA;NA;NA;NA;NA;NA;NA;NA;NA;NA;NA;NA;NA;NA;NA
11;"RO";1101476;"110147";"Primavera de Rondônia";"Não";"-";"Outros";NA;NA;NA;NA;NA;NA;NA;NA;NA;NA;2;NA;NA;NA;NA;NA;NA;NA;NA;NA;NA;NA;NA;NA;NA
11;"RO";1101484;"110148";"São Felipe D'Oeste";"Não";"-";"Outros";NA;NA;NA;NA;NA;NA;NA;NA;NA;NA;NA;NA;NA;NA;NA;NA;NA;1;NA;NA;NA;NA;NA;1;NA
11;"RO";1101492;"110149";"São Francisco do Guaporé";"Não";"-";"Outros";1;2;3;1;NA;NA;2;NA;NA;NA;1;1;4;NA;2;2;3;NA;NA;1;NA;2;NA;2;NA
11;"RO";1101500;"110150";"Seringueiras";"Não";"-";"Outros";NA;NA;2;NA;NA;2;NA;NA;NA;NA;1;NA;NA;NA;1;1;3;1;1;NA;NA;1;NA;1;NA
11;"RO";1101559;"110155";"Teixeirópolis";"Não";"-";"Outros";NA;NA;NA;1;NA;1;NA;NA;NA;NA;NA;NA;NA;NA;NA;NA;NA;NA;1;NA;NA;NA;NA;NA;NA
11;"RO";1101609;"110160";"Theobroma";"Não";"-";"Outros";NA;NA;1;NA;NA;1;2;NA;NA;NA;NA;1;NA;NA;NA;NA;NA;1;NA;NA;1;1;NA;NA;NA
11;"RO";1101708;"110170";"Urupá";"Não";"-";"Outros";NA;NA;2;3;NA;NA;NA;NA;NA;NA;NA;NA;NA;NA;1;NA;NA;1;1;1;1;NA;NA;NA;NA
11;"RO";1101757;"110175";"Vale do Anari";"Não";"-";"Outros";NA;NA;NA;1;NA;NA;NA;1;NA;1;NA;NA;1;NA;NA;1;1;NA;NA;NA;2;1;1;NA;NA
11;"RO";1101807;"110180";"Vale do Paraíso";"Não";"-";"Outros";NA;NA;NA;NA;1;NA;NA;NA;1;NA;NA;1;NA;NA;NA;NA;NA;NA;NA;NA;NA;NA;1;1;NA
12;"AC";1200013;"120001";"Acrelândia";"Não";"-";"Outros";NA;NA;NA;1;NA;NA;NA;NA;NA;NA;NA;1;2;NA;2;2;4;1;3;1;1;2;NA;NA;NA
12;"AC";1200054;"120005";"Assis Brasil";"Não";"-";"Outros";NA;NA;NA;NA;NA;NA;NA;NA;1;NA;NA;NA;NA;NA;1;NA;NA;NA;NA;NA;NA;NA;1;NA;NA
12;"AC";1200104;"120010";"Brasiléia";"Não";"-";"Outros";NA;NA;NA;1;2;NA;1;1;1;NA;2;2;4;3;5;2;NA;2;1;4;2;2;3;1;NA
12;"AC";1200138;"120013";"Bujari";"Não";"-";"Outros";NA;1;NA;NA;1;NA;1;NA;NA;NA;NA;1;5;3;2;1;NA;1;NA;NA;NA;2;2;1;NA
12;"AC";1200179;"120017";"Capixaba";"Não";"-";"Outros";NA;NA;NA;NA;NA;1;NA;NA;NA;1;NA;1;4;3;2;2;NA;1;1;1;NA;NA;NA;1;NA
12;"AC";1200203;"120020";"Cruzeiro do Sul";"Não";"-";"Outros";NA;1;NA;NA;1;1;2;NA;1;1;1;2;NA;NA;1;NA;NA;NA;2;2;3;1;NA;1;NA
12;"AC";1200252;"120025";"Epitaciolândia";"Não";"-";"Outros";NA;NA;1;1;NA;NA;NA;NA;NA;NA;2;NA;1;2;NA;1;NA;2;NA;NA;NA;NA;3;1;NA
12;"AC";1200302;"120030";"Feijó";"Não";"-";"Outros";1;NA;NA;NA;NA;1;NA;NA;NA;NA;1;1;NA;NA;NA;1;NA;NA;NA;1;1;NA;NA;1;NA
12;"AC";1200336;"120033";"Mâncio Lima";"Não";"-";"Outros";NA;NA;NA;NA;NA;NA;NA;NA;NA;NA;NA;NA;NA;1;NA;NA;NA;NA;1;NA;NA;NA;NA;NA;NA
12;"AC";1200344;"120034";"Manoel Urbano";"Não";"-";"Outros";NA;NA;1;NA;1;NA;NA;NA;NA;NA;NA;NA;2;NA;1;1;NA;1;NA;NA;1;NA;NA;NA;NA
12;"AC";1200351;"120035";"Marechal Thaumaturgo";"Não";"-";"Outros";NA;NA;NA;NA;NA;NA;NA;NA;1;NA;NA;NA;NA;NA;NA;NA;NA;NA;NA;NA;NA;NA;NA;NA;NA
12;"AC";1200385;"120038";"Plácido de Castro";"Não";"-";"Outros";NA;NA;1;1;1;NA;NA;NA;NA;NA;1;4;2;3;2;1;1;1;1;3;1;NA;1;1;NA
12;"AC";1200393;"120039";"Porto Walter";"Não";"-";"Outros";NA;NA;NA;NA;NA;NA;NA;NA;NA;NA;NA;NA;NA;NA;NA;NA;NA;NA;NA;NA;1;NA;NA;NA;NA
12;"AC";1200401;"120040";"Rio Branco";"Sim";"-";"Outros";NA;4;25;18;14;33;17;41;27;41;63;61;33;21;30;23;32;11;15;29;41;37;35;22;NA
12;"AC";1200450;"120045";"Senador Guiomard";"Não";"-";"Outros";NA;1;NA;NA;NA;NA;NA;NA;1;1;2;3;1;2;4;1;8;1;2;2;2;NA;2;1;NA
12;"AC";1200500;"120050";"Sena Madureira";"Não";"-";"Outros";NA;NA;1;NA;NA;NA;NA;NA;NA;1;1;4;1;2;1;4;1;2;2;NA;2;NA;4;1;NA
12;"AC";1200609;"120060";"Tarauacá";"Não";"-";"Outros";NA;NA;NA;NA;2;NA;NA;NA;NA;NA;NA;NA;NA;NA;NA;1;2;1;NA;NA;NA;1;NA;NA;NA
12;"AC";1200708;"120070";"Xapuri";"Não";"-";"Outros";NA;1;NA;NA;2;NA;NA;NA;NA;NA;1;NA;1;NA;2;1;1;3;2;3;1;1;4;1;NA
12;"AC";1200807;"120080";"Porto Acre";"Não";"-";"Outros";NA;NA;1;NA;NA;NA;NA;1;NA;NA;1;4;3;NA;NA;NA;3;2;1;NA;1;2;1;NA;NA
13;"AM";1300144;"130014";"Apuí";"Não";"-";"Outros";1;NA;2;NA;1;NA;NA;NA;NA;NA;NA;NA;4;NA;1;NA;1;NA;NA;NA;NA;1;NA;NA;NA
13;"AM";1300300;"130030";"Autazes";"Não";"Região Metropolitana de Manaus";"Outros";NA;NA;NA;NA;NA;1;NA;NA;NA;NA;1;1;NA;NA;NA;NA;NA;1;NA;NA;NA;NA;NA;1;NA
13;"AM";1300607;"130060";"Benjamin Constant";"Não";"-";"Outros";NA;NA;NA;1;NA;NA;NA;NA;NA;NA;NA;NA;NA;NA;NA;NA;NA;NA;NA;NA;NA;NA;NA;NA;NA
13;"AM";1300680;"130068";"Boa Vista do Ramos";"Não";"-";"Outros";NA;NA;NA;NA;NA;1;NA;1;NA;NA;NA;NA;NA;NA;NA;NA;NA;NA;NA;NA;NA;NA;NA;NA;NA
13;"AM";1300706;"130070";"Boca do Acre";"Não";"-";"Outros";NA;1;2;NA;NA;NA;NA;NA;NA;NA;NA;NA;1;1;1;NA;NA;NA;NA;NA;NA;1;NA;NA;NA
13;"AM";1300805;"130080";"Borba";"Não";"-";"Outros";NA;NA;NA;NA;NA;NA;NA;NA;NA;1;NA;NA;1;NA;NA;NA;NA;NA;1;NA;NA;NA;NA;1;NA
13;"AM";1300839;"130083";"Caapiranga";"Não";"-";"Outros";NA;NA;NA;NA;NA;NA;NA;NA;NA;NA;NA;NA;NA;NA;NA;NA;NA;NA;NA;NA;NA;NA;NA;1;NA
13;"AM";1300904;"130090";"Canutama";"Não";"-";"Outros";NA;NA;NA;NA;NA;NA;NA;1;NA;NA;NA;NA;NA;NA;NA;NA;1;NA;NA;NA;NA;NA;NA;NA;NA
13;"AM";1301100;"130110";"Careiro";"Não";"Região Metropolitana de Manaus";"Outros";NA;NA;NA;NA;NA;1;NA;NA;NA;NA;1;5;1;NA;1;2;NA;NA;NA;NA;2;1;1;NA;NA
13;"AM";1301159;"130115";"Careiro da Várzea";"Não";"Região Metropolitana de Manaus";"Outros";NA;NA;NA;NA;NA;NA;NA;NA;NA;NA;NA;1;NA;NA;NA;NA;NA;NA;NA;NA;1;NA;NA;NA;NA
13;"AM";1301209;"130120";"Coari";"Não";"-";"Outros";1;1;2;NA;NA;NA;NA;NA;NA;NA;NA;NA;NA;NA;NA;NA;NA;3;NA;NA;NA;NA;NA;NA;NA
13;"AM";1301308;"130130";"Codajás";"Não";"-";"Outros";NA;NA;NA;NA;NA;NA;NA;NA;NA;NA;NA;NA;NA;NA;NA;NA;NA;NA;NA;NA;NA;NA;1;1;NA
13;"AM";1301407;"130140";"Eirunepé";"Não";"-";"Outros";NA;NA;NA;NA;NA;NA;NA;NA;NA;NA;NA;NA;1;NA;NA;NA;1;NA;NA;NA;NA;NA;NA;NA;NA
13;"AM";1301506;"130150";"Envira";"Não";"-";"Outros";NA;NA;NA;NA;NA;NA;NA;NA;NA;NA;NA;NA;NA;NA;NA;NA;NA;NA;NA;NA;NA;1;NA;NA;NA
13;"AM";1301605;"130160";"Fonte Boa";"Não";"-";"Outros";NA;NA;NA;NA;1;NA;NA;NA;NA;NA;NA;NA;NA;NA;NA;NA;NA;NA;NA;NA;NA;NA;NA;NA;NA
13;"AM";1301704;"130170";"Humaitá";"Não";"-";"Outros";NA;NA;1;NA;NA;NA;NA;NA;NA;NA;NA;1;NA;NA;NA;1;NA;1;NA;1;NA;3;2;NA;NA
13;"AM";1301803;"130180";"Ipixuna";"Não";"-";"Outros";NA;NA;NA;1;NA;NA;NA;NA;1;NA;NA;NA;NA;NA;NA;NA;NA;NA;NA;NA;NA;NA;NA;NA;NA
13;"AM";1301852;"130185";"Iranduba";"Não";"Região Metropolitana de Manaus";"Outros";NA;NA;NA;1;NA;NA;2;NA;2;NA;1;3;7;3;1;2;NA;NA;NA;2;2;1;1;1;NA
13;"AM";1301902;"130190";"Itacoatiara";"Não";"Região Metropolitana de Manaus";"Outros";6;1;2;NA;NA;4;1;6;2;3;2;4;1;NA;NA;NA;1;1;2;NA;1;1;2;NA;NA
13;"AM";1302009;"130200";"Itapiranga";"Não";"Região Metropolitana de Manaus";"Outros";NA;NA;NA;NA;NA;NA;NA;NA;NA;NA;NA;NA;NA;NA;NA;NA;NA;1;NA;NA;NA;NA;NA;NA;NA
13;"AM";1302306;"130230";"Jutaí";"Não";"-";"Outros";1;NA;NA;NA;NA;NA;NA;NA;NA;NA;NA;NA;NA;NA;NA;NA;NA;NA;NA;NA;NA;NA;NA;NA;NA
13;"AM";1302405;"130240";"Lábrea";"Não";"-";"Outros";NA;NA;NA;NA;NA;NA;NA;NA;NA;NA;NA;NA;1;NA;NA;NA;NA;1;NA;1;1;NA;NA;1;NA
13;"AM";1302504;"130250";"Manacapuru";"Não";"Região Metropolitana de Manaus";"Outros";1;NA;2;NA;3;NA;NA;NA;2;2;3;3;2;NA;1;NA;NA;3;2;2;1;3;1;1;NA
13;"AM";1302553;"130255";"Manaquiri";"Não";"Região Metropolitana de Manaus";"Outros";NA;NA;NA;NA;NA;NA;NA;NA;NA;NA;1;NA;NA;NA;NA;NA;NA;1;NA;NA;NA;NA;NA;NA;NA
13;"AM";1302603;"130260";"Manaus";"Sim";"Região Metropolitana de Manaus";"Outros";29;22;44;47;82;99;125;83;88;81;101;95;77;72;72;32;35;13;21;27;9;18;26;14;NA
13;"AM";1302702;"130270";"Manicoré";"Não";"-";"Outros";NA;NA;NA;NA;NA;NA;NA;NA;NA;NA;NA;NA;NA;NA;NA;NA;NA;1;1;NA;NA;1;NA;1;NA
13;"AM";1302900;"130290";"Maués";"Não";"-";"Outros";NA;NA;NA;NA;NA;NA;NA;NA;NA;NA;NA;1;NA;NA;NA;1;NA;NA;NA;1;NA;1;NA;NA;NA
13;"AM";1303007;"130300";"Nhamundá";"Não";"-";"Outros";NA;NA;NA;NA;NA;NA;NA;NA;NA;NA;NA;NA;NA;NA;1;NA;NA;NA;NA;NA;NA;1;NA;NA;NA
13;"AM";1303106;"130310";"Nova Olinda do Norte";"Não";"-";"Outros";NA;NA;1;NA;NA;NA;NA;NA;NA;1;NA;NA;NA;NA;NA;1;1;NA;NA;NA;NA;NA;NA;NA;NA
13;"AM";1303205;"130320";"Novo Airão";"Não";"Região Metropolitana de Manaus";"Outros";NA;NA;NA;NA;NA;NA;NA;NA;NA;NA;1;1;1;NA;NA;NA;2;1;NA;1;NA;2;NA;1;NA
13;"AM";1303304;"130330";"Novo Aripuanã";"Não";"-";"Outros";1;NA;NA;NA;NA;1;NA;NA;NA;NA;NA;NA;NA;1;NA;NA;NA;NA;NA;NA;NA;NA;NA;1;NA
13;"AM";1303403;"130340";"Parintins";"Não";"-";"Outros";NA;NA;NA;1;NA;NA;NA;NA;1;NA;NA;NA;NA;NA;NA;NA;NA;1;1;1;1;2;1;NA;NA
13;"AM";1303502;"130350";"Pauini";"Não";"-";"Outros";NA;NA;NA;NA;NA;NA;NA;NA;NA;NA;NA;NA;NA;NA;NA;NA;NA;NA;NA;1;NA;NA;NA;NA;NA
13;"AM";1303536;"130353";"Presidente Figueiredo";"Não";"Região Metropolitana de Manaus";"Outros";2;2;1;NA;NA;NA;NA;NA;NA;NA;3;4;3;NA;NA;3;2;1;2;NA;NA;NA;NA;1;NA
13;"AM";1303569;"130356";"Rio Preto da Eva";"Não";"Região Metropolitana de Manaus";"Outros";NA;1;NA;NA;NA;NA;NA;NA;NA;NA;1;1;2;NA;NA;2;NA;1;NA;2;2;1;NA;1;NA
13;"AM";1303601;"130360";"Santa Isabel do Rio Negro";"Não";"-";"Outros";NA;NA;NA;NA;NA;NA;NA;NA;NA;NA;NA;NA;NA;NA;NA;NA;NA;NA;NA;NA;NA;NA;NA;NA;NA
13;"AM";1303809;"130380";"São Gabriel da Cachoeira";"Não";"-";"Outros";NA;NA;NA;NA;NA;NA;NA;NA;NA;NA;NA;NA;NA;NA;NA;NA;NA;NA;NA;NA;NA;NA;NA;NA;NA
13;"AM";1303908;"130390";"São Paulo de Olivença";"Não";"-";"Outros";NA;NA;NA;NA;NA;NA;NA;NA;NA;NA;NA;NA;1;NA;NA;NA;NA;NA;NA;NA;NA;NA;NA;1;NA
13;"AM";1304005;"130400";"Silves";"Não";"Região Metropolitana de Manaus";"Outros";NA;NA;NA;NA;NA;NA;1;NA;NA;NA;NA;NA;1;1;NA;NA;NA;NA;NA;NA;NA;NA;NA;NA;NA
13;"AM";1304062;"130406";"Tabatinga";"Não";"-";"Outros";NA;NA;NA;NA;NA;NA;NA;NA;NA;NA;NA;NA;NA;NA;NA;NA;NA;NA;NA;1;NA;NA;1;1;NA
13;"AM";1304203;"130420";"Tefé";"Não";"-";"Outros";NA;NA;NA;NA;NA;NA;2;NA;1;NA;NA;1;NA;1;1;1;NA;NA;NA;NA;1;NA;NA;1;NA
13;"AM";1304302;"130430";"Urucará";"Não";"-";"Outros";2;NA;NA;NA;NA;NA;NA;NA;1;NA;NA;NA;NA;NA;NA;NA;NA;NA;NA;NA;NA;NA;NA;NA;NA
14;"RR";1400027;"140002";"Amajari";"Não";"-";"Outros";NA;NA;NA;NA;1;NA;NA;1;NA;NA;1;2;NA;NA;NA;NA;NA;NA;1;NA;NA;NA;1;NA;NA
14;"RR";1400050;"140005";"Alto Alegre";"Não";"Região Metropolitana da Capital";"Outros";2;1;1;NA;NA;NA;NA;1;NA;1;NA;NA;NA;1;1;NA;1;NA;NA;2;NA;1;2;NA;NA
14;"RR";1400100;"140010";"Boa Vista";"Sim";"Região Metropolitana da Capital";"Outros";4;13;33;36;24;14;26;12;9;48;20;19;11;13;7;17;13;5;14;25;18;17;44;28;NA
14;"RR";1400159;"140015";"Bonfim";"Não";"Região Metropolitana da Capital";"Outros";1;NA;NA;NA;NA;NA;NA;NA;NA;NA;NA;2;NA;NA;1;NA;1;NA;NA;NA;1;2;NA;3;NA
14;"RR";1400175;"140017";"Cantá";"Não";"Região Metropolitana da Capital";"Outros";NA;4;NA;NA;NA;NA;1;NA;NA;NA;NA;2;NA;NA;2;NA;2;NA;NA;1;NA;NA;1;1;NA
14;"RR";1400209;"140020";"Caracaraí";"Não";"Região Metropolitana de Central";"Outros";5;NA;3;2;NA;NA;NA;1;NA;3;3;1;1;NA;NA;NA;NA;NA;NA;NA;1;1;1;2;NA
14;"RR";1400233;"140023";"Caroebe";"Não";"Região Metropolitana do Sul do Estado";"Outros";NA;NA;NA;NA;NA;NA;NA;NA;1;NA;NA;NA;NA;NA;NA;NA;NA;NA;NA;NA;NA;NA;NA;NA;NA
14;"RR";1400282;"140028";"Iracema";"Não";"Região Metropolitana de Central";"Outros";1;1;NA;NA;NA;NA;NA;NA;NA;NA;2;1;NA;NA;NA;NA;NA;NA;NA;NA;NA;NA;NA;NA;NA
14;"RR";1400308;"140030";"Mucajaí";"Não";"Região Metropolitana da Capital";"Outros";3;NA;1;NA;NA;1;NA;NA;NA;NA;NA;1;NA;NA;2;2;1;NA;NA;NA;2;3;2;2;NA
14;"RR";1400407;"140040";"Normandia";"Não";"-";"Outros";NA;NA;NA;NA;NA;NA;NA;NA;NA;NA;1;NA;NA;NA;NA;NA;NA;NA;NA;NA;NA;NA;NA;NA;NA
14;"RR";1400456;"140045";"Pacaraima";"Não";"-";"Outros";2;1;1;NA;1;1;NA;2;1;1;NA;NA;NA;NA;NA;NA;1;1;2;NA;NA;NA;1;NA;NA
14;"RR";1400472;"140047";"Rorainópolis";"Não";"Região Metropolitana do Sul do Estado";"Outros";NA;2;NA;1;NA;2;NA;3;NA;2;1;2;NA;NA;3;4;NA;1;1;NA;NA;NA;1;NA;NA
14;"RR";1400506;"140050";"São João da Baliza";"Não";"Região Metropolitana do Sul do Estado";"Outros";NA;NA;NA;NA;NA;NA;NA;NA;NA;1;NA;NA;NA;NA;NA;NA;NA;NA;NA;NA;NA;NA;NA;2;NA
14;"RR";1400605;"140060";"São Luiz";"Não";"Região Metropolitana do Sul do Estado";"Outros";NA;NA;NA;NA;NA;NA;NA;NA;NA;NA;NA;NA;NA;NA;NA;1;NA;NA;NA;1;NA;NA;NA;NA;NA
14;"RR";1400704;"140070";"Uiramutã";"Não";"-";"Outros";NA;NA;4;NA;NA;NA;NA;NA;NA;NA;NA;NA;NA;NA;NA;NA;NA;NA;NA;NA;NA;NA;NA;NA;NA
15;"PA";1500107;"150010";"Abaetetuba";"Não";"-";"Outros";NA;NA;NA;1;3;NA;NA;2;1;4;1;4;3;2;7;12;10;15;7;6;11;7;9;12;NA
15;"PA";1500131;"150013";"Abel Figueiredo";"Não";"-";"Outros";NA;NA;2;NA;NA;2;NA;NA;NA;1;1;1;7;2;1;2;4;NA;1;2;2;NA;1;NA;NA
15;"PA";1500206;"150020";"Acará";"Não";"-";"Outros";NA;1;NA;NA;NA;NA;1;1;2;1;NA;1;7;10;8;10;6;11;8;6;8;4;10;4;NA
15;"PA";1500305;"150030";"Afuá";"Não";"-";"Outros";NA;NA;NA;NA;NA;NA;NA;NA;NA;NA;NA;1;NA;NA;NA;NA;NA;NA;NA;NA;NA;NA;NA;NA;NA
15;"PA";1500347;"150034";"Água Azul do Norte";"Não";"-";"Outros";NA;NA;NA;1;NA;1;NA;3;NA;2;NA;NA;NA;2;5;1;1;1;NA;1;NA;8;1;3;NA
15;"PA";1500404;"150040";"Alenquer";"Não";"-";"Outros";NA;NA;NA;NA;NA;NA;NA;1;NA;1;NA;NA;NA;NA;2;2;1;NA;1;NA;NA;1;5;NA;NA
15;"PA";1500503;"150050";"Almeirim";"Não";"-";"Outros";1;1;1;NA;1;NA;NA;NA;1;NA;1;NA;2;NA;NA;NA;NA;NA;NA;NA;1;3;NA;1;NA
15;"PA";1500602;"150060";"Altamira";"Não";"-";"Outros";NA;2;5;1;3;1;1;2;1;1;NA;2;4;4;4;6;3;5;6;2;7;3;8;3;NA
15;"PA";1500800;"150080";"Ananindeua";"Não";"Região Metropolitana de Belém";"Outros";NA;5;NA;6;1;2;NA;NA;6;2;2;NA;6;1;118;49;173;4;65;108;91;100;91;73;NA
15;"PA";1500859;"150085";"Anapu";"Não";"-";"Outros";NA;NA;NA;NA;1;1;1;1;1;NA;NA;NA;2;3;1;NA;NA;1;1;1;NA;2;3;NA;NA
15;"PA";1500909;"150090";"Augusto Corrêa";"Não";"-";"Outros";NA;1;NA;NA;NA;NA;NA;NA;NA;NA;NA;NA;NA;1;NA;1;1;NA;NA;NA;NA;3;9;1;NA
15;"PA";1500958;"150095";"Aurora do Pará";"Não";"-";"Outros";NA;1;2;NA;NA;NA;NA;NA;NA;1;2;NA;NA;NA;NA;NA;NA;2;1;2;5;12;3;1;NA
15;"PA";1501204;"150120";"Baião";"Não";"-";"Outros";NA;NA;NA;NA;NA;1;NA;2;1;2;NA;2;1;4;NA;11;2;1;1;1;NA;2;NA;2;NA
15;"PA";1501253;"150125";"Bannach";"Não";"-";"Outros";NA;NA;NA;NA;NA;1;NA;NA;NA;NA;1;NA;NA;NA;NA;NA;NA;NA;NA;NA;NA;NA;NA;NA;NA
15;"PA";1501303;"150130";"Barcarena";"Não";"-";"Outros";NA;NA;4;1;1;2;1;2;2;3;5;4;5;6;5;5;NA;10;13;17;16;13;8;10;NA
15;"PA";1501402;"150140";"Belém";"Sim";"Região Metropolitana de Belém";"Outros";12;35;14;15;11;14;7;1;1;NA;3;2;1;2;1;1;2;2;12;26;19;20;16;14;NA
15;"PA";1501451;"150145";"Belterra";"Não";"Região Metropolitana de Santarém";"Outros";NA;NA;NA;NA;NA;NA;2;NA;2;NA;NA;3;NA;1;2;NA;1;NA;NA;NA;NA;NA;NA;NA;NA
15;"PA";1501501;"150150";"Benevides";"Não";"Região Metropolitana de Belém";"Outros";2;NA;3;NA;2;NA;NA;NA;6;3;5;2;4;NA;8;2;6;NA;NA;2;3;7;9;1;NA
15;"PA";1501576;"150157";"Bom Jesus do Tocantins";"Não";"-";"Outros";2;NA;NA;NA;1;NA;NA;1;NA;2;3;2;3;2;NA;3;2;NA;NA;1;NA;NA;NA;1;NA
15;"PA";1501600;"150160";"Bonito";"Não";"-";"Outros";NA;NA;NA;NA;NA;NA;NA;NA;NA;NA;NA;1;1;2;3;1;3;NA;1;1;1;NA;1;3;NA
15;"PA";1501709;"150170";"Bragança";"Não";"-";"Outros";1;NA;3;NA;NA;1;NA;1;2;2;3;1;2;NA;1;NA;NA;3;6;6;6;15;17;9;NA
15;"PA";1501725;"150172";"Brasil Novo";"Não";"-";"Outros";NA;NA;1;NA;NA;NA;1;NA;NA;NA;1;NA;NA;1;NA;NA;3;1;NA;NA;NA;NA;NA;NA;NA
15;"PA";1501758;"150175";"Brejo Grande do Araguaia";"Não";"-";"Outros";NA;NA;NA;NA;NA;1;NA;NA;NA;NA;NA;NA;1;NA;NA;2;2;NA;1;1;2;NA;1;NA;NA
15;"PA";1501782;"150178";"Breu Branco";"Não";"-";"Outros";1;NA;NA;3;6;2;NA;NA;2;2;NA;1;NA;3;9;3;8;NA;NA;7;1;5;3;3;NA
15;"PA";1501808;"150180";"Breves";"Não";"-";"Outros";1;NA;NA;NA;NA;NA;NA;NA;NA;NA;1;NA;NA;NA;NA;NA;1;2;2;NA;NA;1;NA;NA;NA
15;"PA";1501907;"150190";"Bujaru";"Não";"-";"Outros";NA;NA;NA;NA;NA;NA;1;2;NA;1;NA;NA;NA;NA;NA;1;NA;NA;2;NA;4;1;2;NA;NA
15;"PA";1501956;"150195";"Cachoeira do Piriá";"Não";"-";"Outros";NA;NA;NA;NA;NA;NA;NA;NA;NA;NA;NA;1;1;2;NA;1;NA;1;1;4;2;3;3;2;NA
15;"PA";1502004;"150200";"Cachoeira do Arari";"Não";"-";"Outros";NA;NA;NA;NA;NA;NA;NA;NA;NA;NA;NA;NA;NA;NA;NA;NA;1;NA;1;NA;NA;1;1;NA;NA
15;"PA";1502103;"150210";"Cametá";"Não";"-";"Outros";NA;NA;NA;NA;NA;1;NA;2;NA;NA;1;NA;NA;3;NA;1;NA;4;1;NA;NA;NA;1;1;NA
15;"PA";1502152;"150215";"Canaã dos Carajás";"Não";"-";"Outros";NA;NA;2;2;1;NA;NA;3;2;NA;2;2;3;12;12;9;6;1;1;1;6;NA;NA;NA;NA
15;"PA";1502202;"150220";"Capanema";"Não";"-";"Outros";NA;NA;NA;NA;NA;2;1;NA;4;7;4;2;5;1;3;7;1;1;2;3;13;21;17;15;NA
15;"PA";1502301;"150230";"Capitão Poço";"Não";"-";"Outros";NA;NA;NA;1;NA;NA;4;NA;3;5;5;8;2;NA;2;4;3;1;7;6;6;8;3;5;NA
15;"PA";1502400;"150240";"Castanhal";"Não";"Região Metropolitana de Belém";"Outros";13;7;8;2;15;17;8;7;1;1;NA;1;10;14;26;13;29;9;10;11;14;15;6;17;NA
15;"PA";1502608;"150260";"Colares";"Não";"-";"Outros";NA;NA;NA;NA;NA;NA;NA;NA;NA;NA;NA;NA;NA;NA;1;NA;NA;NA;NA;2;NA;NA;1;NA;NA
15;"PA";1502707;"150270";"Conceição do Araguaia";"Não";"-";"Outros";NA;NA;NA;2;1;1;NA;NA;8;NA;1;NA;NA;2;NA;1;NA;NA;1;1;1;1;NA;1;NA
15;"PA";1502756;"150275";"Concórdia do Pará";"Não";"-";"Outros";NA;NA;NA;NA;NA;NA;NA;NA;NA;NA;NA;NA;NA;1;NA;NA;NA;2;NA;2;2;3;1;7;NA
15;"PA";1502764;"150276";"Cumaru do Norte";"Não";"-";"Outros";NA;NA;NA;NA;NA;2;NA;NA;NA;NA;1;1;1;NA;NA;NA;2;1;2;NA;1;NA;1;NA;NA
15;"PA";1502772;"150277";"Curionópolis";"Não";"-";"Outros";NA;NA;2;2;NA;NA;NA;NA;1;NA;1;7;10;6;6;6;6;NA;NA;1;NA;1;NA;1;NA
15;"PA";1502855;"150285";"Curuá";"Não";"-";"Outros";NA;NA;NA;NA;NA;NA;NA;NA;NA;1;NA;NA;NA;1;NA;NA;NA;NA;NA;NA;1;1;1;NA;NA
15;"PA";1502905;"150290";"Curuçá";"Não";"-";"Outros";NA;NA;NA;NA;NA;NA;NA;1;NA;NA;NA;NA;NA;2;NA;2;NA;1;2;NA;1;1;NA;4;NA
15;"PA";1502939;"150293";"Dom Eliseu";"Não";"-";"Outros";6;8;7;NA;1;1;2;2;2;1;4;3;3;6;3;2;NA;3;7;1;8;10;6;5;NA
15;"PA";1502954;"150295";"Eldorado do Carajás";"Não";"-";"Outros";1;NA;1;NA;2;2;7;2;4;2;1;NA;NA;9;6;16;11;3;1;NA;4;2;7;1;NA
15;"PA";1503044;"150304";"Floresta do Araguaia";"Não";"-";"Outros";NA;NA;2;NA;NA;NA;NA;NA;NA;NA;2;NA;4;NA;NA;NA;NA;3;1;NA;NA;2;2;1;NA
15;"PA";1503077;"150307";"Garrafão do Norte";"Não";"-";"Outros";NA;NA;NA;NA;NA;1;NA;NA;NA;NA;1;NA;2;1;NA;NA;1;1;NA;4;1;4;5;2;NA
15;"PA";1503093;"150309";"Goianésia do Pará";"Não";"-";"Outros";2;2;1;2;NA;3;2;7;2;4;4;2;8;6;17;9;10;4;1;9;6;4;4;11;NA
15;"PA";1503101;"150310";"Gurupá";"Não";"-";"Outros";NA;NA;NA;NA;NA;NA;NA;NA;NA;NA;NA;NA;NA;NA;NA;NA;NA;NA;NA;NA;NA;NA;NA;NA;NA
15;"PA";1503200;"150320";"Igarapé-Açu";"Não";"-";"Outros";1;NA;1;NA;NA;2;NA;NA;1;1;NA;NA;1;NA;NA;1;NA;1;3;3;4;NA;1;3;NA
15;"PA";1503309;"150330";"Igarapé-Miri";"Não";"-";"Outros";NA;NA;NA;NA;NA;NA;1;NA;8;3;NA;NA;NA;NA;1;1;3;2;3;NA;NA;NA;5;1;NA
15;"PA";1503408;"150340";"Inhangapi";"Não";"-";"Outros";NA;NA;NA;NA;NA;NA;NA;NA;NA;NA;NA;NA;NA;NA;NA;1;NA;NA;NA;3;NA;NA;NA;NA;NA
15;"PA";1503457;"150345";"Ipixuna do Pará";"Não";"-";"Outros";NA;NA;1;NA;NA;NA;1;NA;1;2;1;NA;NA;NA;NA;1;NA;1;6;5;2;3;5;2;NA
15;"PA";1503507;"150350";"Irituia";"Não";"-";"Outros";NA;NA;NA;NA;1;1;NA;3;1;1;2;1;NA;3;1;NA;5;3;9;6;9;4;14;6;NA
15;"PA";1503606;"150360";"Itaituba";"Não";"-";"Outros";NA;1;NA;NA;NA;NA;NA;NA;NA;1;NA;NA;2;4;15;20;10;13;5;5;11;21;50;43;NA
15;"PA";1503705;"150370";"Itupiranga";"Não";"-";"Outros";1;NA;2;3;1;5;5;5;NA;NA;1;NA;4;4;2;6;7;2;1;NA;3;6;3;3;NA
15;"PA";1503754;"150375";"Jacareacanga";"Não";"-";"Outros";NA;NA;NA;NA;NA;NA;NA;1;NA;NA;NA;NA;1;NA;NA;NA;NA;4;NA;1;2;NA;NA;1;NA
15;"PA";1503804;"150380";"Jacundá";"Não";"-";"Outros";5;6;5;3;5;NA;3;6;5;1;6;2;1;6;1;1;2;4;NA;1;1;2;3;4;NA
15;"PA";1503903;"150390";"Juruti";"Não";"-";"Outros";NA;NA;NA;NA;1;NA;NA;NA;1;NA;NA;NA;NA;NA;1;1;2;NA;NA;1;3;3;2;1;NA
15;"PA";1504059;"150405";"Mãe do Rio";"Não";"-";"Outros";NA;1;NA;NA;NA;NA;1;NA;NA;NA;1;1;NA;NA;4;NA;1;2;NA;5;9;7;5;3;NA
15;"PA";1504109;"150410";"Magalhães Barata";"Não";"-";"Outros";NA;NA;NA;NA;NA;NA;NA;NA;NA;NA;NA;NA;NA;NA;NA;NA;NA;NA;NA;1;1;NA;1;NA;NA
15;"PA";1504208;"150420";"Marabá";"Não";"-";"Outros";5;14;13;11;20;27;18;45;21;15;17;6;1;60;68;66;55;32;15;31;59;54;59;71;NA
15;"PA";1504307;"150430";"Maracanã";"Não";"-";"Outros";NA;NA;NA;NA;NA;NA;NA;NA;NA;NA;NA;NA;NA;1;2;2;NA;NA;1;NA;2;1;1;5;NA
15;"PA";1504406;"150440";"Marapanim";"Não";"-";"Outros";NA;NA;NA;NA;NA;NA;1;NA;NA;NA;NA;NA;1;1;NA;NA;NA;1;NA;1;1;1;1;2;NA
15;"PA";1504422;"150442";"Marituba";"Não";"Região Metropolitana de Belém";"Outros";1;1;2;NA;NA;NA;NA;NA;NA;NA;NA;NA;1;NA;NA;NA;NA;NA;NA;NA;NA;1;5;4;NA
15;"PA";1504455;"150445";"Medicilândia";"Não";"-";"Outros";1;1;NA;NA;NA;1;NA;NA;NA;1;3;1;NA;NA;NA;3;2;2;NA;NA;NA;NA;NA;NA;NA
15;"PA";1504604;"150460";"Mocajuba";"Não";"-";"Outros";NA;NA;NA;2;NA;NA;NA;NA;1;1;NA;NA;NA;1;1;NA;NA;2;3;NA;2;1;NA;3;NA
15;"PA";1504703;"150470";"Moju";"Não";"-";"Outros";NA;NA;NA;3;NA;NA;NA;1;3;3;NA;2;1;4;3;4;NA;11;12;6;5;8;3;5;NA
15;"PA";1504802;"150480";"Monte Alegre";"Não";"-";"Outros";NA;NA;NA;NA;NA;NA;1;1;1;1;2;2;NA;NA;NA;1;NA;1;NA;3;3;NA;1;3;NA
15;"PA";1504901;"150490";"Muaná";"Não";"-";"Outros";NA;NA;NA;NA;NA;NA;NA;NA;NA;NA;NA;NA;1;NA;NA;1;NA;1;NA;1;NA;1;NA;NA;NA
15;"PA";1504950;"150495";"Nova Esperança do Piriá";"Não";"-";"Outros";NA;NA;NA;NA;NA;NA;NA;NA;NA;NA;NA;NA;NA;NA;NA;1;NA;1;1;1;2;1;1;NA;NA
15;"PA";1504976;"150497";"Nova Ipixuna";"Não";"-";"Outros";1;NA;NA;NA;NA;1;NA;NA;NA;NA;NA;1;NA;1;NA;1;4;1;1;NA;4;3;1;NA;NA
15;"PA";1505007;"150500";"Nova Timboteua";"Não";"-";"Outros";NA;NA;2;NA;NA;NA;NA;NA;NA;1;NA;NA;5;NA;NA;1;1;1;NA;3;8;3;1;2;NA
15;"PA";1505031;"150503";"Novo Progresso";"Não";"-";"Outros";1;NA;NA;NA;NA;NA;NA;2;1;1;NA;1;1;NA;NA;1;2;4;2;6;3;11;6;3;NA
15;"PA";1505064;"150506";"Novo Repartimento";"Não";"-";"Outros";NA;NA;NA;2;1;1;1;NA;3;NA;1;2;2;2;5;9;6;2;2;6;3;4;8;9;NA
15;"PA";1505106;"150510";"Óbidos";"Não";"-";"Outros";NA;NA;NA;NA;NA;NA;NA;NA;NA;NA;NA;NA;1;1;NA;1;NA;NA;2;NA;NA;1;NA;1;NA
15;"PA";1505205;"150520";"Oeiras do Pará";"Não";"-";"Outros";NA;NA;1;NA;NA;NA;NA;NA;1;NA;NA;NA;NA;NA;NA;NA;NA;NA;NA;NA;NA;NA;NA;NA;NA
15;"PA";1505304;"150530";"Oriximiná";"Não";"-";"Outros";NA;NA;1;NA;NA;NA;NA;1;1;1;NA;5;NA;NA;3;NA;1;1;NA;1;NA;NA;NA;1;NA
15;"PA";1505403;"150540";"Ourém";"Não";"-";"Outros";NA;NA;NA;NA;NA;1;NA;NA;1;NA;1;NA;NA;NA;2;3;4;NA;1;1;NA;1;1;NA;NA
15;"PA";1505437;"150543";"Ourilândia do Norte";"Não";"-";"Outros";3;NA;NA;NA;2;NA;NA;1;1;1;NA;NA;NA;NA;NA;1;2;NA;1;NA;2;NA;2;1;NA
15;"PA";1505486;"150548";"Pacajá";"Não";"-";"Outros";NA;NA;1;2;2;NA;3;1;1;3;1;NA;3;1;4;4;NA;1;1;3;6;3;9;6;NA
15;"PA";1505494;"150549";"Palestina do Pará";"Não";"-";"Outros";NA;NA;NA;NA;NA;NA;NA;NA;NA;NA;1;NA;NA;1;NA;7;3;NA;NA;NA;1;1;NA;NA;NA
15;"PA";1505502;"150550";"Paragominas";"Não";"-";"Outros";1;1;NA;NA;NA;NA;4;2;4;5;NA;NA;1;NA;5;18;29;16;6;7;28;28;19;13;NA
15;"PA";1505536;"150553";"Parauapebas";"Não";"-";"Outros";2;1;3;2;2;2;8;2;3;7;3;NA;8;8;7;11;1;1;2;4;9;5;3;2;NA
15;"PA";1505551;"150555";"Pau D'Arco";"Não";"-";"Outros";NA;NA;NA;3;2;NA;NA;NA;NA;NA;NA;NA;NA;1;3;3;NA;NA;NA;NA;NA;3;3;1;NA
15;"PA";1505601;"150560";"Peixe-Boi";"Não";"-";"Outros";NA;NA;NA;NA;NA;NA;NA;NA;NA;NA;NA;1;NA;1;NA;2;4;NA;NA;NA;NA;NA;1;1;NA
15;"PA";1505635;"150563";"Piçarra";"Não";"-";"Outros";NA;NA;NA;NA;1;NA;NA;NA;1;NA;NA;NA;NA;1;NA;NA;NA;NA;1;1;NA;2;1;1;NA
15;"PA";1505650;"150565";"Placas";"Não";"-";"Outros";NA;NA;NA;NA;NA;NA;NA;NA;1;NA;NA;NA;2;NA;2;2;2;1;NA;2;NA;1;2;1;NA
15;"PA";1505809;"150580";"Portel";"Não";"-";"Outros";NA;NA;NA;NA;NA;NA;NA;NA;NA;NA;NA;NA;NA;NA;NA;NA;NA;NA;NA;NA;NA;1;NA;NA;NA
15;"PA";1505908;"150590";"Porto de Moz";"Não";"-";"Outros";NA;NA;NA;1;NA;NA;NA;NA;NA;2;NA;NA;NA;NA;2;NA;NA;NA;NA;NA;1;NA;NA;NA;NA
15;"PA";1506005;"150600";"Prainha";"Não";"-";"Outros";NA;NA;NA;NA;NA;NA;NA;2;NA;NA;NA;NA;NA;1;2;2;2;1;NA;1;NA;3;NA;2;NA
15;"PA";1506104;"150610";"Primavera";"Não";"-";"Outros";NA;NA;NA;NA;NA;NA;NA;NA;NA;NA;NA;NA;NA;NA;NA;NA;1;NA;NA;NA;1;NA;NA;1;NA
15;"PA";1506112;"150611";"Quatipuru";"Não";"-";"Outros";NA;NA;NA;NA;NA;NA;NA;NA;NA;NA;NA;NA;1;NA;NA;NA;NA;NA;1;1;1;NA;NA;1;NA
15;"PA";1506138;"150613";"Redenção";"Não";"-";"Outros";12;15;10;12;6;6;13;13;14;10;9;11;25;20;46;43;21;36;37;34;25;20;16;9;NA
15;"PA";1506161;"150616";"Rio Maria";"Não";"-";"Outros";1;NA;NA;NA;NA;NA;NA;NA;1;NA;3;2;1;2;NA;NA;NA;NA;3;1;3;4;2;NA;NA
15;"PA";1506187;"150618";"Rondon do Pará";"Não";"-";"Outros";9;5;5;1;2;1;5;5;NA;4;6;2;NA;1;7;5;3;2;3;3;3;NA;6;2;NA
15;"PA";1506195;"150619";"Rurópolis";"Não";"-";"Outros";2;NA;NA;NA;NA;NA;NA;NA;1;1;NA;1;1;NA;2;2;1;1;1;2;NA;NA;2;3;NA
15;"PA";1506203;"150620";"Salinópolis";"Não";"-";"Outros";1;NA;NA;1;NA;NA;NA;NA;1;NA;NA;NA;NA;NA;1;2;NA;NA;3;4;4;3;1;NA;NA
15;"PA";1506351;"150635";"Santa Bárbara do Pará";"Não";"Região Metropolitana de Belém";"Outros";NA;1;NA;NA;NA;NA;NA;NA;NA;NA;NA;NA;NA;1;NA;NA;1;1;1;1;2;1;3;NA;NA
15;"PA";1506401;"150640";"Santa Cruz do Arari";"Não";"-";"Outros";NA;NA;NA;NA;NA;NA;NA;NA;NA;NA;NA;NA;NA;NA;NA;1;NA;NA;NA;NA;NA;NA;NA;NA;NA
15;"PA";1506500;"150650";"Santa Izabel do Pará";"Não";"Região Metropolitana de Belém";"Outros";2;11;9;NA;1;NA;1;1;2;5;8;5;NA;6;8;1;3;6;5;8;6;6;11;4;NA
15;"PA";1506559;"150655";"Santa Luzia do Pará";"Não";"-";"Outros";NA;NA;NA;1;NA;NA;NA;NA;3;1;5;NA;3;NA;NA;NA;NA;1;3;NA;2;3;6;1;NA
15;"PA";1506583;"150658";"Santa Maria das Barreiras";"Não";"-";"Outros";2;NA;NA;NA;NA;NA;NA;NA;1;1;1;NA;1;1;NA;2;NA;NA;NA;NA;NA;1;8;1;NA
15;"PA";1506609;"150660";"Santa Maria do Pará";"Não";"-";"Outros";2;1;2;NA;1;1;8;3;1;2;12;4;1;1;3;NA;2;1;1;3;6;6;3;5;NA
15;"PA";1506708;"150670";"Santana do Araguaia";"Não";"-";"Outros";5;NA;4;NA;3;5;NA;2;4;1;5;NA;NA;NA;7;4;3;1;5;1;6;8;5;7;NA
15;"PA";1506807;"150680";"Santarém";"Não";"Região Metropolitana de Santarém";"Outros";7;7;12;26;34;28;20;31;43;10;15;27;NA;1;NA;NA;2;4;3;6;6;1;4;2;NA
15;"PA";1506906;"150690";"Santarém Novo";"Não";"-";"Outros";NA;NA;NA;NA;NA;NA;NA;NA;1;NA;NA;NA;NA;NA;NA;NA;NA;NA;NA;1;NA;1;NA;NA;NA
15;"PA";1507003;"150700";"Santo Antônio do Tauá";"Não";"-";"Outros";NA;NA;NA;NA;NA;NA;2;1;NA;NA;3;1;2;NA;NA;NA;NA;1;NA;2;5;7;2;2;NA
15;"PA";1507102;"150710";"São Caetano de Odivelas";"Não";"-";"Outros";NA;NA;NA;1;NA;NA;NA;NA;NA;NA;NA;NA;NA;NA;NA;NA;NA;1;NA;2;3;2;3;2;NA
15;"PA";1507151;"150715";"São Domingos do Araguaia";"Não";"-";"Outros";3;2;NA;2;1;4;1;3;NA;NA;NA;NA;1;6;3;12;4;2;NA;1;2;5;NA;3;NA
15;"PA";1507201;"150720";"São Domingos do Capim";"Não";"-";"Outros";NA;NA;NA;NA;1;NA;1;NA;NA;NA;NA;NA;NA;NA;NA;NA;NA;NA;NA;1;NA;NA;3;1;NA
15;"PA";1507300;"150730";"São Félix do Xingu";"Não";"-";"Outros";2;1;NA;1;2;NA;3;1;NA;4;2;3;1;3;1;1;3;5;2;NA;2;1;2;2;NA
15;"PA";1507409;"150740";"São Francisco do Pará";"Não";"-";"Outros";NA;3;1;3;NA;NA;NA;1;NA;NA;NA;NA;NA;NA;NA;NA;2;1;2;5;1;2;4;3;NA
15;"PA";1507458;"150745";"São Geraldo do Araguaia";"Não";"-";"Outros";NA;NA;1;NA;NA;1;2;4;2;NA;2;1;NA;NA;2;2;3;NA;NA;2;4;6;2;2;NA
15;"PA";1507466;"150746";"São João da Ponta";"Não";"-";"Outros";NA;NA;NA;NA;NA;NA;NA;NA;NA;NA;NA;NA;NA;NA;NA;NA;NA;NA;NA;1;3;NA;1;NA;NA
15;"PA";1507474;"150747";"São João de Pirabas";"Não";"-";"Outros";NA;NA;NA;NA;NA;NA;NA;NA;NA;NA;NA;NA;1;1;4;NA;NA;1;3;2;NA;3;3;2;NA
15;"PA";1507508;"150750";"São João do Araguaia";"Não";"-";"Outros";NA;2;NA;1;NA;NA;1;NA;1;4;2;2;NA;2;7;5;1;NA;NA;3;NA;2;4;2;NA
15;"PA";1507607;"150760";"São Miguel do Guamá";"Não";"-";"Outros";2;1;2;NA;NA;NA;NA;NA;NA;1;1;1;1;2;3;1;6;5;3;4;6;7;9;5;NA
15;"PA";1507706;"150770";"São Sebastião da Boa Vista";"Não";"-";"Outros";NA;NA;NA;NA;NA;NA;NA;NA;1;NA;NA;NA;NA;NA;NA;NA;NA;NA;NA;NA;NA;NA;NA;NA;NA
15;"PA";1507755;"150775";"Sapucaia";"Não";"-";"Outros";NA;NA;NA;NA;NA;NA;NA;NA;NA;NA;NA;1;NA;NA;1;NA;NA;NA;NA;NA;5;NA;NA;NA;NA
15;"PA";1507805;"150780";"Senador José Porfírio";"Não";"-";"Outros";NA;1;NA;NA;NA;NA;NA;NA;NA;NA;NA;NA;NA;NA;NA;NA;NA;1;2;NA;1;1;NA;NA;NA
15;"PA";1507904;"150790";"Soure";"Não";"-";"Outros";NA;NA;NA;NA;NA;NA;NA;NA;NA;NA;NA;NA;NA;NA;NA;NA;NA;NA;NA;NA;NA;1;NA;NA;NA
15;"PA";1507953;"150795";"Tailândia";"Não";"-";"Outros";5;3;19;11;17;23;12;16;9;8;11;6;6;5;6;10;17;8;5;6;12;11;11;8;NA
15;"PA";1507961;"150796";"Terra Alta";"Não";"-";"Outros";NA;NA;NA;NA;NA;NA;NA;1;NA;1;NA;NA;2;1;NA;NA;NA;NA;1;1;1;1;NA;2;NA
15;"PA";1507979;"150797";"Terra Santa";"Não";"-";"Outros";NA;NA;NA;NA;NA;NA;NA;NA;NA;NA;NA;NA;NA;NA;NA;NA;NA;NA;NA;2;NA;NA;NA;NA;NA
15;"PA";1508001;"150800";"Tomé-Açu";"Não";"-";"Outros";2;NA;NA;NA;1;3;6;8;2;1;5;4;3;1;NA;NA;NA;1;8;8;8;8;10;17;NA
15;"PA";1508035;"150803";"Tracuateua";"Não";"-";"Outros";NA;NA;NA;NA;NA;NA;NA;1;NA;1;NA;NA;NA;NA;NA;NA;2;NA;2;3;2;2;3;6;NA
15;"PA";1508050;"150805";"Trairão";"Não";"-";"Outros";NA;NA;NA;NA;NA;NA;1;NA;NA;NA;NA;NA;NA;NA;NA;1;6;4;7;2;6;4;7;11;NA
15;"PA";1508084;"150808";"Tucumã";"Não";"-";"Outros";1;NA;NA;1;NA;NA;NA;1;1;1;NA;1;NA;NA;NA;2;2;2;NA;NA;4;4;4;NA;NA
15;"PA";1508100;"150810";"Tucuruí";"Não";"-";"Outros";1;2;NA;2;NA;3;3;6;1;3;2;2;4;25;42;19;35;6;4;27;32;31;13;30;NA
15;"PA";1508126;"150812";"Ulianópolis";"Não";"-";"Outros";2;2;NA;3;1;2;2;2;NA;1;3;1;7;3;2;3;5;4;1;5;4;5;8;8;NA
15;"PA";1508159;"150815";"Uruará";"Não";"-";"Outros";1;1;NA;NA;NA;1;5;NA;1;NA;NA;NA;3;3;1;1;2;NA;2;3;3;2;1;NA;NA
15;"PA";1508209;"150820";"Vigia";"Não";"-";"Outros";NA;NA;NA;NA;NA;NA;NA;1;NA;2;NA;NA;1;2;3;NA;2;NA;4;1;6;4;3;7;NA
15;"PA";1508308;"150830";"Viseu";"Não";"-";"Outros";NA;NA;NA;NA;NA;NA;NA;NA;NA;1;1;NA;NA;1;2;NA;NA;NA;1;1;2;2;NA;4;NA
15;"PA";1508357;"150835";"Vitória do Xingu";"Não";"-";"Outros";NA;NA;NA;NA;NA;NA;NA;NA;NA;NA;1;NA;1;3;NA;1;NA;NA;2;NA;NA;NA;NA;NA;NA
15;"PA";1508407;"150840";"Xinguara";"Não";"-";"Outros";2;2;1;1;NA;2;1;NA;NA;NA;1;NA;3;NA;1;2;2;3;3;NA;2;2;NA;NA;NA
16;"AP";1600055;"160005";"Serra do Navio";"Não";"-";"Outros";NA;NA;1;NA;NA;NA;NA;NA;NA;NA;NA;NA;NA;NA;NA;1;NA;NA;NA;NA;NA;NA;2;NA;NA
16;"AP";1600105;"160010";"Amapá";"Não";"-";"Outros";NA;NA;NA;NA;NA;NA;1;NA;NA;NA;NA;NA;NA;1;NA;NA;NA;NA;NA;NA;NA;NA;1;NA;NA
16;"AP";1600154;"160015";"Pedra Branca do Amapari";"Não";"-";"Outros";NA;NA;NA;NA;NA;1;NA;NA;NA;NA;1;NA;1;NA;1;NA;NA;NA;NA;NA;NA;NA;1;NA;NA
16;"AP";1600204;"160020";"Calçoene";"Não";"-";"Outros";NA;1;NA;NA;NA;1;NA;1;1;1;1;4;1;3;3;NA;NA;NA;NA;NA;1;NA;NA;NA;NA
16;"AP";1600238;"160023";"Ferreira Gomes";"Não";"-";"Outros";1;NA;NA;NA;5;NA;NA;2;1;NA;NA;1;NA;2;1;1;NA;NA;NA;NA;NA;1;3;1;NA
16;"AP";1600279;"160027";"Laranjal do Jari";"Não";"-";"Outros";NA;NA;NA;NA;NA;NA;1;NA;NA;NA;NA;NA;NA;NA;NA;NA;NA;NA;NA;1;NA;NA;NA;NA;NA
16;"AP";1600303;"160030";"Macapá";"Sim";"Região Metropolitana de Macapá";"Outros";30;5;16;NA;5;2;27;50;54;71;72;84;67;51;9;15;3;1;3;21;6;19;25;26;NA
16;"AP";1600402;"160040";"Mazagão";"Não";"Região Metropolitana de Macapá";"Outros";NA;NA;NA;NA;NA;NA;NA;NA;1;NA;3;1;2;3;NA;NA;NA;NA;NA;NA;NA;1;1;NA;NA
16;"AP";1600501;"160050";"Oiapoque";"Não";"-";"Outros";NA;NA;NA;NA;NA;NA;1;1;1;NA;1;1;NA;NA;1;NA;NA;NA;NA;NA;NA;1;NA;NA;NA
16;"AP";1600535;"160053";"Porto Grande";"Não";"-";"Outros";NA;NA;2;NA;NA;2;1;2;3;5;3;1;NA;6;5;1;NA;NA;NA;2;1;NA;2;2;NA
16;"AP";1600550;"160055";"Pracuúba";"Não";"-";"Outros";NA;NA;NA;NA;1;2;NA;NA;NA;NA;NA;NA;NA;NA;1;NA;NA;NA;NA;NA;NA;NA;NA;NA;NA
16;"AP";1600600;"160060";"Santana";"Não";"Região Metropolitana de Macapá";"Outros";NA;NA;NA;5;3;NA;1;2;6;3;8;3;8;5;1;7;1;1;NA;2;1;5;1;1;NA
16;"AP";1600709;"160070";"Tartarugalzinho";"Não";"-";"Outros";NA;NA;NA;NA;2;1;NA;3;NA;NA;NA;NA;NA;1;2;NA;1;NA;NA;1;NA;1;2;NA;NA
16;"AP";1600808;"160080";"Vitória do Jari";"Não";"-";"Outros";NA;NA;NA;NA;NA;NA;NA;NA;NA;1;NA;NA;NA;NA;1;NA;NA;NA;NA;NA;NA;NA;NA;NA;NA
17;"TO";1700251;"170025";"Abreulândia";"Não";"-";"Outros";NA;NA;NA;1;NA;NA;NA;NA;1;1;NA;1;NA;NA;NA;NA;NA;NA;NA;NA;NA;1;NA;NA;NA
17;"TO";1700301;"170030";"Aguiarnópolis";"Não";"-";"Outros";NA;NA;NA;NA;NA;NA;NA;NA;NA;NA;NA;NA;NA;NA;1;NA;1;NA;NA;NA;NA;1;1;NA;NA
17;"TO";1700350;"170035";"Aliança do Tocantins";"Não";"Região Metropolitana de Gurupi";"Outros";NA;NA;NA;NA;NA;NA;NA;NA;NA;NA;NA;1;NA;NA;NA;1;1;NA;1;1;1;NA;1;NA;NA
17;"TO";1700400;"170040";"Almas";"Não";"-";"Outros";NA;NA;NA;1;NA;NA;NA;1;NA;NA;NA;NA;NA;NA;1;NA;NA;NA;NA;NA;2;NA;NA;NA;NA
17;"TO";1700707;"170070";"Alvorada";"Não";"Região Metropolitana de Gurupi";"Outros";NA;NA;NA;NA;NA;1;NA;NA;NA;NA;NA;NA;NA;NA;NA;1;2;1;NA;2;1;NA;NA;NA;NA
17;"TO";1701002;"170100";"Ananás";"Não";"-";"Outros";NA;NA;NA;NA;NA;NA;NA;NA;1;NA;NA;NA;1;1;NA;1;NA;1;1;NA;1;NA;1;NA;NA
17;"TO";1701051;"170105";"Angico";"Não";"-";"Outros";NA;NA;NA;NA;NA;1;NA;NA;NA;NA;NA;NA;NA;1;NA;NA;NA;NA;NA;NA;1;2;1;NA;NA
17;"TO";1701101;"170110";"Aparecida do Rio Negro";"Não";"Região Metropolitana de Palmas";"Outros";NA;NA;NA;1;NA;1;NA;NA;NA;NA;1;4;1;NA;1;NA;NA;1;NA;NA;NA;NA;NA;NA;NA
17;"TO";1701309;"170130";"Aragominas";"Não";"-";"Outros";NA;1;NA;1;NA;1;NA;NA;NA;1;NA;NA;3;1;NA;NA;NA;NA;NA;NA;NA;NA;NA;NA;NA
17;"TO";1701903;"170190";"Araguacema";"Não";"-";"Outros";NA;NA;NA;NA;NA;1;1;NA;NA;1;NA;NA;NA;NA;1;NA;NA;1;NA;NA;NA;NA;1;NA;NA
17;"TO";1702000;"170200";"Araguaçu";"Não";"Região Metropolitana de Gurupi";"Outros";NA;NA;NA;NA;NA;1;NA;NA;NA;NA;NA;NA;NA;NA;NA;NA;NA;NA;NA;NA;NA;NA;NA;NA;NA
17;"TO";1702109;"170210";"Araguaína";"Não";"-";"Outros";6;9;8;11;17;9;4;8;2;5;13;9;10;10;9;3;4;17;9;12;15;17;6;4;NA
17;"TO";1702158;"170215";"Araguanã";"Não";"-";"Outros";NA;NA;NA;NA;1;NA;NA;1;NA;NA;NA;NA;NA;NA;NA;NA;NA;NA;NA;NA;NA;NA;NA;NA;NA
17;"TO";1702208;"170220";"Araguatins";"Não";"-";"Outros";NA;NA;NA;1;NA;NA;NA;1;3;NA;1;1;2;2;2;1;NA;1;1;NA;4;8;7;2;NA
17;"TO";1702307;"170230";"Arapoema";"Não";"-";"Outros";NA;NA;NA;NA;1;NA;NA;NA;NA;NA;NA;NA;NA;1;4;NA;2;NA;1;NA;NA;1;NA;NA;NA
17;"TO";1702406;"170240";"Arraias";"Não";"-";"Outros";NA;1;NA;NA;NA;NA;NA;2;NA;NA;1;NA;NA;1;1;1;NA;NA;NA;NA;NA;1;2;NA;NA
17;"TO";1702554;"170255";"Augustinópolis";"Não";"-";"Outros";NA;1;NA;NA;1;1;NA;3;2;2;1;2;2;2;NA;NA;1;1;4;5;1;4;2;3;NA
17;"TO";1702703;"170270";"Aurora do Tocantins";"Não";"-";"Outros";NA;NA;NA;1;NA;NA;NA;1;NA;NA;NA;NA;1;NA;NA;NA;NA;NA;NA;NA;NA;1;NA;NA;NA
17;"TO";1702901;"170290";"Axixá do Tocantins";"Não";"-";"Outros";NA;NA;NA;NA;NA;NA;NA;NA;5;NA;1;NA;1;NA;2;NA;2;1;NA;NA;NA;2;1;NA;NA
17;"TO";1703008;"170300";"Babaçulândia";"Não";"-";"Outros";NA;1;NA;NA;NA;NA;NA;2;NA;NA;1;NA;2;NA;NA;NA;1;NA;2;1;NA;NA;NA;NA;NA
17;"TO";1703057;"170305";"Bandeirantes do Tocantins";"Não";"-";"Outros";NA;NA;NA;NA;NA;NA;NA;NA;NA;NA;NA;NA;NA;2;NA;NA;NA;NA;1;NA;NA;NA;1;NA;NA
17;"TO";1703073;"170307";"Barra do Ouro";"Não";"-";"Outros";NA;NA;NA;NA;1;NA;NA;NA;1;NA;NA;NA;1;2;NA;NA;NA;NA;NA;NA;1;1;NA;NA;NA
17;"TO";1703107;"170310";"Barrolândia";"Não";"Região Metropolitana de Palmas";"Outros";NA;NA;NA;NA;1;NA;NA;NA;NA;NA;2;6;NA;NA;2;NA;NA;NA;NA;1;1;NA;NA;NA;NA
17;"TO";1703206;"170320";"Bernardo Sayão";"Não";"-";"Outros";NA;NA;NA;NA;NA;1;1;NA;NA;NA;1;1;1;NA;NA;1;NA;NA;NA;NA;2;NA;NA;NA;NA
17;"TO";1703305;"170330";"Bom Jesus do Tocantins";"Não";"-";"Outros";NA;NA;NA;1;NA;NA;NA;NA;NA;NA;1;NA;NA;NA;NA;NA;NA;NA;1;NA;NA;NA;NA;NA;NA
17;"TO";1703602;"170360";"Brasilândia do Tocantins";"Não";"-";"Outros";NA;NA;1;NA;NA;NA;NA;1;NA;NA;NA;NA;NA;NA;NA;NA;1;1;1;NA;1;NA;1;NA;NA
17;"TO";1703701;"170370";"Brejinho de Nazaré";"Não";"Região Metropolitana de Palmas";"Outros";NA;NA;NA;NA;NA;NA;NA;NA;NA;NA;NA;2;NA;NA;NA;NA;NA;NA;NA;NA;NA;1;NA;NA;NA
17;"TO";1703800;"170380";"Buriti do Tocantins";"Não";"-";"Outros";NA;NA;NA;NA;NA;NA;1;NA;NA;NA;1;NA;NA;NA;NA;NA;NA;2;NA;NA;1;NA;2;NA;NA
17;"TO";1703826;"170382";"Cachoeirinha";"Não";"-";"Outros";NA;NA;NA;NA;NA;NA;NA;NA;NA;NA;1;NA;1;NA;NA;NA;NA;NA;NA;NA;NA;NA;2;NA;NA
17;"TO";1703842;"170384";"Campos Lindos";"Não";"-";"Outros";NA;NA;NA;NA;NA;NA;NA;NA;NA;NA;1;NA;NA;NA;1;NA;1;1;1;NA;NA;NA;NA;1;NA
17;"TO";1703867;"170386";"Cariri do Tocantins";"Não";"Região Metropolitana de Gurupi";"Outros";NA;1;1;NA;NA;NA;NA;NA;1;NA;1;NA;NA;NA;NA;NA;NA;NA;NA;NA;NA;NA;2;NA;NA
17;"TO";1703883;"170388";"Carmolândia";"Não";"-";"Outros";NA;NA;1;NA;1;NA;NA;NA;NA;NA;1;NA;1;3;NA;2;NA;1;1;NA;NA;NA;NA;NA;NA
17;"TO";1703891;"170389";"Carrasco Bonito";"Não";"-";"Outros";NA;NA;NA;NA;NA;NA;NA;NA;NA;1;NA;NA;NA;NA;NA;NA;NA;NA;NA;NA;NA;3;1;NA;NA
17;"TO";1703909;"170390";"Caseara";"Não";"-";"Outros";NA;1;NA;NA;NA;1;NA;NA;1;NA;NA;NA;1;NA;NA;NA;NA;NA;NA;NA;NA;NA;NA;NA;NA
17;"TO";1704105;"170410";"Centenário";"Não";"-";"Outros";NA;NA;NA;NA;NA;NA;1;NA;NA;NA;NA;NA;NA;NA;NA;NA;2;NA;1;NA;NA;NA;NA;NA;NA
17;"TO";1704600;"170460";"Chapada de Areia";"Não";"-";"Outros";NA;NA;NA;NA;NA;NA;NA;NA;NA;NA;NA;NA;1;NA;NA;NA;NA;NA;NA;NA;3;NA;1;NA;NA
17;"TO";1705102;"170510";"Chapada da Natividade";"Não";"-";"Outros";NA;NA;NA;NA;1;1;NA;NA;NA;1;NA;1;NA;NA;NA;NA;1;1;NA;NA;NA;NA;NA;NA;NA
17;"TO";1705508;"170550";"Colinas do Tocantins";"Não";"-";"Outros";NA;NA;NA;1;NA;1;NA;5;1;NA;2;NA;2;2;3;NA;1;11;9;6;4;NA;2;NA;NA
17;"TO";1705557;"170555";"Combinado";"Não";"-";"Outros";NA;NA;NA;NA;NA;NA;NA;NA;NA;NA;NA;1;NA;NA;NA;NA;NA;NA;1;NA;NA;NA;NA;NA;NA
17;"TO";1705607;"170560";"Conceição do Tocantins";"Não";"-";"Outros";NA;NA;NA;NA;NA;NA;NA;NA;NA;NA;NA;NA;NA;NA;NA;NA;NA;NA;NA;NA;NA;NA;NA;NA;NA
17;"TO";1706001;"170600";"Couto Magalhães";"Não";"-";"Outros";NA;NA;NA;NA;1;1;1;NA;NA;NA;NA;NA;NA;NA;NA;NA;NA;2;NA;NA;1;2;2;NA;NA
17;"TO";1706100;"170610";"Cristalândia";"Não";"-";"Outros";NA;NA;NA;NA;NA;NA;NA;NA;NA;1;3;2;1;NA;NA;2;NA;NA;NA;3;1;2;1;NA;NA
17;"TO";1706258;"170625";"Crixás do Tocantins";"Não";"Região Metropolitana de Gurupi";"Outros";NA;NA;NA;NA;1;NA;NA;NA;NA;NA;NA;NA;NA;NA;NA;NA;NA;NA;1;NA;NA;NA;NA;NA;NA
17;"TO";1706506;"170650";"Darcinópolis";"Não";"-";"Outros";NA;3;NA;NA;1;NA;NA;NA;1;NA;2;2;1;2;NA;NA;1;1;1;1;1;3;NA;1;NA
17;"TO";1707009;"170700";"Dianópolis";"Não";"-";"Outros";NA;NA;NA;NA;1;1;NA;4;NA;1;NA;3;NA;NA;NA;NA;3;3;NA;1;2;2;2;10;NA
17;"TO";1707108;"170710";"Divinópolis do Tocantins";"Não";"-";"Outros";NA;2;NA;NA;2;NA;NA;NA;2;NA;1;NA;1;NA;NA;1;2;NA;1;2;3;1;NA;5;NA
17;"TO";1707207;"170720";"Dois Irmãos do Tocantins";"Não";"-";"Outros";NA;NA;1;NA;NA;NA;NA;NA;NA;NA;NA;1;NA;NA;NA;NA;NA;NA;1;NA;NA;1;2;NA;NA
17;"TO";1707306;"170730";"Dueré";"Não";"Região Metropolitana de Gurupi";"Outros";1;NA;1;NA;NA;NA;NA;NA;NA;NA;NA;NA;NA;NA;NA;1;NA;NA;NA;NA;NA;NA;NA;NA;NA
17;"TO";1707405;"170740";"Esperantina";"Não";"-";"Outros";NA;NA;NA;NA;NA;NA;NA;1;NA;NA;NA;NA;NA;NA;NA;1;1;1;NA;2;NA;NA;NA;NA;NA
17;"TO";1707553;"170755";"Fátima";"Não";"Região Metropolitana de Palmas";"Outros";1;NA;NA;1;1;NA;NA;NA;NA;NA;1;NA;NA;NA;NA;1;NA;NA;NA;NA;NA;NA;NA;NA;NA
17;"TO";1707652;"170765";"Figueirópolis";"Não";"Região Metropolitana de Gurupi";"Outros";NA;NA;NA;NA;NA;NA;NA;NA;NA;1;NA;NA;NA;1;NA;NA;NA;NA;NA;NA;1;2;NA;NA;NA
17;"TO";1707702;"170770";"Filadélfia";"Não";"-";"Outros";1;NA;NA;1;2;NA;NA;1;NA;NA;NA;1;3;3;2;NA;1;NA;1;NA;1;NA;NA;NA;NA
17;"TO";1708205;"170820";"Formoso do Araguaia";"Não";"Região Metropolitana de Gurupi";"Outros";2;NA;NA;NA;NA;NA;NA;NA;1;NA;1;NA;NA;NA;1;NA;NA;2;NA;1;NA;1;1;NA;NA
17;"TO";1708254;"170825";"Tabocão";"Não";"-";"Outros";NA;NA;NA;NA;NA;NA;NA;NA;NA;NA;NA;NA;1;NA;NA;NA;NA;NA;1;NA;NA;1;NA;NA;NA
17;"TO";1708304;"170830";"Goianorte";"Não";"-";"Outros";NA;NA;1;NA;NA;NA;NA;NA;1;NA;NA;NA;NA;NA;NA;NA;NA;NA;NA;NA;NA;NA;NA;NA;NA
17;"TO";1709005;"170900";"Goiatins";"Não";"-";"Outros";NA;1;NA;NA;NA;NA;NA;1;NA;NA;1;NA;NA;NA;NA;NA;NA;1;1;NA;NA;NA;2;NA;NA
17;"TO";1709302;"170930";"Guaraí";"Não";"-";"Outros";1;NA;NA;NA;1;NA;1;1;NA;NA;1;NA;NA;1;1;3;3;2;4;1;5;1;1;NA;NA
17;"TO";1709500;"170950";"Gurupi";"Não";"Região Metropolitana de Gurupi";"Outros";2;NA;6;1;2;1;NA;NA;1;NA;1;NA;NA;4;3;1;3;3;1;2;NA;3;4;2;NA
17;"TO";1709807;"170980";"Ipueiras";"Não";"Região Metropolitana de Palmas";"Outros";NA;1;NA;NA;NA;NA;NA;NA;NA;NA;NA;NA;NA;NA;NA;NA;NA;NA;NA;NA;NA;NA;NA;NA;NA
17;"TO";1710508;"171050";"Itacajá";"Não";"-";"Outros";NA;1;NA;NA;NA;NA;NA;NA;NA;NA;NA;NA;1;NA;NA;NA;NA;NA;NA;NA;NA;NA;1;NA;NA
17;"TO";1710706;"171070";"Itaguatins";"Não";"-";"Outros";NA;NA;NA;NA;2;NA;NA;NA;NA;1;NA;NA;NA;1;NA;NA;NA;3;1;NA;NA;NA;1;NA;NA
17;"TO";1710904;"171090";"Itapiratins";"Não";"-";"Outros";NA;NA;NA;NA;5;NA;NA;NA;NA;NA;NA;NA;NA;NA;NA;NA;NA;NA;NA;NA;1;NA;NA;NA;NA
17;"TO";1711506;"171150";"Jaú do Tocantins";"Não";"Região Metropolitana de Gurupi";"Outros";NA;1;NA;NA;NA;NA;NA;NA;NA;NA;NA;NA;NA;NA;NA;NA;NA;NA;NA;NA;NA;NA;1;NA;NA
17;"TO";1711803;"171180";"Juarina";"Não";"-";"Outros";NA;NA;NA;NA;NA;NA;NA;NA;NA;NA;NA;NA;NA;NA;NA;NA;NA;NA;NA;NA;1;NA;NA;NA;NA
17;"TO";1711902;"171190";"Lagoa da Confusão";"Não";"Região Metropolitana de Gurupi";"Outros";NA;NA;NA;1;NA;NA;NA;1;NA;1;1;NA;NA;NA;NA;NA;NA;NA;3;1;2;2;1;1;NA
17;"TO";1711951;"171195";"Lagoa do Tocantins";"Não";"-";"Outros";NA;NA;NA;NA;NA;NA;NA;NA;NA;NA;NA;NA;1;NA;1;NA;NA;NA;NA;NA;NA;NA;NA;NA;NA
17;"TO";1712009;"171200";"Lajeado";"Não";"Região Metropolitana de Palmas";"Outros";NA;NA;NA;NA;NA;1;NA;NA;NA;1;NA;NA;1;NA;NA;NA;NA;NA;NA;NA;1;NA;NA;NA;NA
17;"TO";1712405;"171240";"Lizarda";"Não";"-";"Outros";NA;NA;NA;NA;NA;NA;NA;NA;NA;NA;NA;NA;NA;2;NA;NA;1;NA;1;NA;1;NA;NA;NA;NA
17;"TO";1712454;"171245";"Luzinópolis";"Não";"-";"Outros";NA;NA;NA;NA;NA;1;NA;NA;NA;NA;NA;1;NA;1;NA;NA;NA;NA;1;NA;NA;NA;NA;1;NA
17;"TO";1712504;"171250";"Marianópolis do Tocantins";"Não";"-";"Outros";NA;1;NA;1;2;NA;NA;NA;NA;1;NA;NA;NA;1;1;NA;1;3;NA;NA;1;2;NA;NA;NA
17;"TO";1712702;"171270";"Mateiros";"Não";"-";"Outros";NA;NA;NA;NA;NA;NA;NA;NA;NA;NA;NA;NA;NA;NA;NA;NA;NA;NA;NA;NA;NA;NA;1;NA;NA
17;"TO";1712801;"171280";"Maurilândia do Tocantins";"Não";"-";"Outros";NA;NA;NA;NA;NA;NA;NA;NA;NA;NA;NA;NA;NA;1;1;NA;NA;NA;1;NA;NA;NA;NA;1;NA
17;"TO";1713205;"171320";"Miracema do Tocantins";"Não";"Região Metropolitana de Palmas";"Outros";NA;NA;NA;NA;1;NA;1;3;3;2;3;3;1;NA;2;1;1;3;1;NA;1;1;1;2;NA
17;"TO";1713304;"171330";"Miranorte";"Não";"Região Metropolitana de Palmas";"Outros";NA;1;2;2;NA;NA;NA;2;NA;NA;NA;1;1;1;1;1;NA;1;1;2;3;2;3;5;NA
17;"TO";1713601;"171360";"Monte do Carmo";"Não";"Região Metropolitana de Palmas";"Outros";NA;NA;NA;NA;NA;NA;NA;NA;NA;NA;NA;NA;NA;NA;NA;NA;2;1;NA;NA;1;NA;NA;NA;NA
17;"TO";1713700;"171370";"Monte Santo do Tocantins";"Não";"-";"Outros";NA;1;NA;NA;NA;NA;NA;1;NA;1;NA;NA;NA;NA;2;NA;NA;NA;1;1;NA;NA;1;1;NA
17;"TO";1713809;"171380";"Palmeiras do Tocantins";"Não";"-";"Outros";1;NA;2;NA;1;NA;NA;NA;NA;NA;NA;NA;1;2;NA;NA;1;2;NA;1;NA;NA;NA;NA;NA
17;"TO";1713957;"171395";"Muricilândia";"Não";"-";"Outros";NA;NA;NA;2;NA;NA;NA;NA;NA;NA;NA;NA;NA;NA;NA;NA;NA;NA;NA;NA;NA;NA;NA;NA;NA
17;"TO";1714203;"171420";"Natividade";"Não";"-";"Outros";NA;NA;NA;NA;NA;NA;NA;1;NA;NA;1;NA;NA;NA;NA;NA;NA;2;NA;NA;NA;2;NA;12;NA
17;"TO";1714302;"171430";"Nazaré";"Não";"-";"Outros";NA;NA;NA;1;NA;NA;NA;NA;NA;NA;NA;1;NA;4;NA;NA;NA;NA;NA;1;NA;NA;NA;NA;NA
17;"TO";1714880;"171488";"Nova Olinda";"Não";"-";"Outros";1;NA;NA;NA;2;NA;NA;NA;NA;1;NA;NA;2;2;NA;NA;4;2;1;2;NA;3;NA;NA;NA
17;"TO";1715002;"171500";"Nova Rosalândia";"Não";"-";"Outros";NA;NA;NA;1;NA;NA;1;NA;NA;NA;NA;NA;NA;NA;2;NA;1;NA;1;NA;NA;1;NA;NA;NA
17;"TO";1715101;"171510";"Novo Acordo";"Não";"-";"Outros";NA;NA;NA;NA;NA;NA;NA;NA;NA;NA;1;NA;NA;NA;NA;NA;NA;NA;NA;NA;1;NA;NA;NA;NA
17;"TO";1715150;"171515";"Novo Alegre";"Não";"-";"Outros";NA;NA;NA;NA;NA;NA;NA;NA;NA;NA;NA;NA;NA;NA;NA;NA;NA;NA;NA;NA;NA;NA;NA;NA;NA
17;"TO";1715259;"171525";"Novo Jardim";"Não";"-";"Outros";NA;NA;NA;NA;NA;NA;NA;NA;NA;NA;NA;NA;NA;NA;NA;NA;NA;NA;3;2;NA;NA;NA;1;NA
17;"TO";1715507;"171550";"Oliveira de Fátima";"Não";"Região Metropolitana de Palmas";"Outros";NA;NA;NA;NA;NA;NA;NA;NA;NA;NA;NA;NA;NA;NA;NA;NA;NA;NA;NA;NA;NA;NA;NA;1;NA
17;"TO";1715705;"171570";"Palmeirante";"Não";"-";"Outros";NA;NA;NA;NA;NA;NA;NA;NA;NA;NA;NA;NA;NA;NA;NA;NA;3;2;1;NA;NA;NA;1;NA;NA
17;"TO";1715754;"171575";"Palmeirópolis";"Não";"Região Metropolitana de Gurupi";"Outros";NA;NA;NA;2;NA;NA;NA;NA;NA;1;NA;NA;NA;NA;NA;NA;1;1;NA;NA;NA;NA;NA;NA;NA
17;"TO";1716109;"171610";"Paraíso do Tocantins";"Não";"Região Metropolitana de Palmas";"Outros";1;NA;NA;1;NA;1;1;1;NA;6;6;1;1;NA;1;2;2;2;2;9;8;11;5;1;NA
17;"TO";1716208;"171620";"Paranã";"Não";"-";"Outros";NA;NA;NA;NA;NA;NA;NA;NA;1;NA;NA;2;NA;NA;NA;2;2;2;NA;NA;1;2;2;NA;NA
17;"TO";1716307;"171630";"Pau D'Arco";"Não";"-";"Outros";NA;NA;NA;NA;NA;NA;NA;NA;NA;NA;NA;NA;NA;NA;NA;NA;1;NA;NA;NA;NA;NA;NA;NA;NA
17;"TO";1716505;"171650";"Pedro Afonso";"Não";"-";"Outros";NA;NA;1;NA;NA;1;NA;NA;NA;1;2;NA;NA;NA;NA;NA;NA;NA;NA;NA;NA;1;NA;NA;NA
17;"TO";1716604;"171660";"Peixe";"Não";"Região Metropolitana de Gurupi";"Outros";1;NA;NA;NA;NA;NA;NA;1;NA;NA;NA;NA;NA;NA;NA;NA;NA;1;NA;1;1;2;1;NA;NA
17;"TO";1716653;"171665";"Pequizeiro";"Não";"-";"Outros";1;NA;1;NA;NA;NA;NA;NA;NA;NA;NA;NA;NA;NA;1;NA;1;NA;NA;NA;NA;NA;NA;1;NA
17;"TO";1716703;"171670";"Colméia";"Não";"-";"Outros";NA;NA;NA;NA;NA;NA;NA;NA;NA;NA;NA;NA;NA;NA;NA;NA;2;4;1;NA;NA;NA;NA;1;NA
17;"TO";1717008;"171700";"Pindorama do Tocantins";"Não";"-";"Outros";NA;NA;NA;NA;NA;NA;NA;NA;NA;NA;NA;NA;NA;NA;NA;NA;NA;NA;NA;NA;NA;NA;1;NA;NA
17;"TO";1717206;"171720";"Piraquê";"Não";"-";"Outros";1;NA;1;NA;2;NA;NA;NA;NA;NA;NA;NA;NA;NA;NA;NA;NA;NA;NA;NA;1;NA;NA;NA;NA
17;"TO";1717503;"171750";"Pium";"Não";"-";"Outros";1;NA;NA;NA;1;NA;NA;NA;NA;NA;1;1;1;NA;NA;NA;NA;NA;3;NA;1;1;NA;NA;NA
17;"TO";1717800;"171780";"Ponte Alta do Bom Jesus";"Não";"-";"Outros";NA;NA;NA;NA;NA;NA;NA;NA;NA;NA;NA;NA;NA;NA;NA;NA;NA;NA;NA;NA;NA;NA;NA;2;NA
17;"TO";1717909;"171790";"Ponte Alta do Tocantins";"Não";"-";"Outros";NA;NA;NA;NA;NA;NA;NA;NA;NA;NA;NA;1;NA;NA;NA;NA;1;NA;NA;NA;2;NA;NA;NA;NA
17;"TO";1718006;"171800";"Porto Alegre do Tocantins";"Não";"-";"Outros";NA;NA;NA;NA;NA;NA;NA;NA;1;NA;NA;NA;NA;NA;NA;NA;NA;1;NA;NA;NA;NA;NA;NA;NA
17;"TO";1718204;"171820";"Porto Nacional";"Não";"Região Metropolitana de Palmas";"Outros";1;1;2;2;NA;3;1;NA;1;3;3;1;1;NA;NA;3;1;NA;NA;3;2;1;2;2;NA
17;"TO";1718303;"171830";"Praia Norte";"Não";"-";"Outros";NA;NA;NA;NA;NA;NA;NA;NA;NA;NA;NA;NA;NA;NA;NA;NA;NA;NA;NA;NA;NA;1;1;NA;NA
17;"TO";1718402;"171840";"Presidente Kennedy";"Não";"-";"Outros";NA;NA;NA;NA;NA;NA;NA;NA;1;NA;1;NA;NA;NA;NA;NA;NA;NA;NA;1;NA;NA;NA;NA;NA
17;"TO";1718451;"171845";"Pugmil";"Não";"Região Metropolitana de Palmas";"Outros";NA;NA;NA;NA;1;1;NA;NA;NA;NA;NA;2;NA;NA;NA;NA;2;NA;2;1;2;NA;NA;1;NA
17;"TO";1718501;"171850";"Recursolândia";"Não";"-";"Outros";NA;NA;NA;NA;NA;NA;NA;NA;NA;NA;NA;NA;NA;NA;NA;1;NA;NA;NA;NA;1;NA;NA;NA;NA
17;"TO";1718550;"171855";"Riachinho";"Não";"-";"Outros";NA;NA;NA;NA;NA;NA;NA;NA;NA;1;NA;NA;NA;NA;1;NA;1;NA;NA;NA;1;NA;NA;1;NA
17;"TO";1718659;"171865";"Rio da Conceição";"Não";"-";"Outros";NA;NA;NA;NA;NA;NA;NA;NA;NA;NA;NA;NA;NA;NA;NA;NA;NA;1;NA;NA;NA;NA;1;NA;NA
17;"TO";1718709;"171870";"Rio dos Bois";"Não";"-";"Outros";NA;NA;NA;NA;NA;NA;NA;NA;NA;NA;NA;NA;NA;NA;1;NA;NA;2;NA;1;1;2;1;NA;NA
17;"TO";1718758;"171875";"Rio Sono";"Não";"-";"Outros";NA;NA;NA;NA;NA;NA;NA;NA;1;NA;NA;1;NA;NA;NA;NA;NA;NA;NA;NA;1;NA;NA;NA;NA
17;"TO";1718808;"171880";"Sampaio";"Não";"-";"Outros";NA;NA;NA;NA;NA;NA;NA;NA;NA;NA;NA;1;NA;NA;NA;NA;NA;NA;NA;NA;NA;1;1;NA;NA
17;"TO";1718840;"171884";"Sandolândia";"Não";"Região Metropolitana de Gurupi";"Outros";NA;NA;NA;NA;NA;NA;NA;2;NA;NA;NA;NA;NA;NA;NA;1;NA;NA;NA;NA;NA;NA;NA;NA;NA
17;"TO";1718865;"171886";"Santa Fé do Araguaia";"Não";"-";"Outros";NA;NA;NA;1;1;NA;NA;NA;NA;NA;NA;NA;NA;1;NA;NA;1;NA;2;NA;1;2;NA;1;NA
17;"TO";1718881;"171888";"Santa Maria do Tocantins";"Não";"-";"Outros";NA;NA;NA;NA;NA;NA;NA;NA;NA;NA;NA;NA;NA;NA;1;NA;NA;NA;NA;NA;NA;NA;NA;NA;NA
17;"TO";1718899;"171889";"Santa Rita do Tocantins";"Não";"-";"Outros";NA;1;NA;NA;NA;NA;NA;NA;NA;NA;1;1;NA;1;NA;NA;NA;NA;NA;NA;2;NA;NA;NA;NA
17;"TO";1718907;"171890";"Santa Rosa do Tocantins";"Não";"-";"Outros";NA;NA;NA;NA;NA;NA;2;NA;NA;1;NA;NA;NA;NA;NA;2;NA;NA;1;NA;NA;NA;1;1;NA
17;"TO";1719004;"171900";"Santa Tereza do Tocantins";"Não";"-";"Outros";NA;NA;NA;NA;NA;NA;NA;NA;NA;NA;NA;NA;NA;NA;1;NA;NA;1;1;NA;1;NA;NA;NA;NA
17;"TO";1720002;"172000";"Santa Terezinha do Tocantins";"Não";"-";"Outros";NA;NA;1;NA;NA;NA;NA;NA;NA;NA;NA;NA;NA;NA;NA;NA;1;NA;NA;NA;NA;NA;1;NA;NA
17;"TO";1720101;"172010";"São Bento do Tocantins";"Não";"-";"Outros";NA;NA;NA;NA;NA;NA;NA;2;NA;NA;1;1;NA;NA;2;NA;NA;NA;NA;1;1;1;1;2;NA
17;"TO";1720150;"172015";"São Félix do Tocantins";"Não";"-";"Outros";NA;NA;NA;NA;NA;NA;NA;NA;NA;NA;NA;NA;NA;NA;NA;NA;NA;1;NA;NA;NA;NA;NA;NA;NA
17;"TO";1720200;"172020";"São Miguel do Tocantins";"Não";"-";"Outros";NA;NA;NA;NA;NA;NA;NA;NA;2;1;NA;NA;1;1;NA;NA;NA;2;NA;NA;1;NA;1;NA;NA
17;"TO";1720259;"172025";"São Salvador do Tocantins";"Não";"Região Metropolitana de Gurupi";"Outros";NA;NA;NA;NA;NA;NA;NA;NA;NA;NA;NA;NA;NA;NA;NA;NA;NA;NA;NA;NA;NA;NA;NA;NA;NA
17;"TO";1720309;"172030";"São Sebastião do Tocantins";"Não";"-";"Outros";NA;NA;NA;NA;NA;NA;NA;NA;NA;NA;NA;NA;NA;NA;NA;NA;NA;NA;NA;1;NA;NA;NA;1;NA
17;"TO";1720499;"172049";"São Valério";"Não";"Região Metropolitana de Gurupi";"Outros";NA;NA;NA;NA;NA;NA;NA;NA;NA;NA;NA;NA;NA;NA;NA;NA;NA;NA;NA;NA;1;NA;NA;NA;NA
17;"TO";1720655;"172065";"Silvanópolis";"Não";"Região Metropolitana de Palmas";"Outros";NA;NA;NA;2;NA;1;NA;NA;NA;NA;NA;1;NA;NA;NA;NA;NA;NA;NA;NA;NA;NA;NA;NA;NA
17;"TO";1720804;"172080";"Sítio Novo do Tocantins";"Não";"-";"Outros";NA;NA;NA;1;NA;NA;NA;NA;NA;NA;4;NA;NA;NA;1;1;NA;NA;NA;NA;1;5;2;NA;NA
17;"TO";1720903;"172090";"Taguatinga";"Não";"-";"Outros";NA;4;NA;2;1;NA;NA;NA;NA;1;1;NA;NA;NA;NA;NA;NA;2;NA;NA;1;NA;1;1;NA
17;"TO";1720937;"172093";"Taipas do Tocantins";"Não";"-";"Outros";1;NA;NA;NA;NA;NA;NA;NA;NA;NA;NA;NA;NA;NA;NA;NA;NA;NA;NA;NA;NA;NA;NA;NA;NA
17;"TO";1720978;"172097";"Talismã";"Não";"Região Metropolitana de Gurupi";"Outros";1;NA;NA;NA;1;1;NA;NA;NA;NA;NA;NA;NA;NA;1;NA;1;NA;1;NA;3;NA;NA;2;NA
17;"TO";1721000;"172100";"Palmas";"Sim";"Região Metropolitana de Palmas";"Outros";4;3;3;4;3;5;4;10;9;32;32;37;28;9;17;10;8;7;6;9;17;9;8;16;NA
17;"TO";1721109;"172110";"Tocantínia";"Não";"Região Metropolitana de Palmas";"Outros";NA;NA;NA;NA;NA;NA;NA;NA;NA;NA;1;NA;1;NA;NA;NA;NA;NA;NA;1;NA;NA;NA;NA;NA
17;"TO";1721208;"172120";"Tocantinópolis";"Não";"-";"Outros";1;1;NA;NA;NA;NA;1;1;2;2;NA;NA;NA;1;1;NA;3;NA;NA;1;NA;1;1;1;NA
17;"TO";1721257;"172125";"Tupirama";"Não";"-";"Outros";NA;NA;NA;NA;NA;NA;NA;NA;NA;NA;NA;NA;NA;NA;NA;NA;NA;NA;NA;NA;NA;NA;NA;NA;NA
17;"TO";1722081;"172208";"Wanderlândia";"Não";"-";"Outros";NA;NA;NA;1;4;2;NA;1;NA;NA;2;NA;1;5;NA;3;NA;3;2;NA;5;3;2;1;NA
17;"TO";1722107;"172210";"Xambioá";"Não";"-";"Outros";NA;1;NA;NA;1;1;NA;NA;NA;NA;NA;NA;3;NA;NA;NA;NA;1;1;1;1;1;2;1;NA
21;"MA";2100055;"210005";"Açailândia";"Não";"Região Metropolitana do Sudoeste Maranhense";"Outros";4;5;9;4;7;18;5;8;22;16;13;12;10;7;7;8;4;8;3;4;5;8;NA;1;NA
21;"MA";2100105;"210010";"Afonso Cunha";"Não";"-";"Outros";NA;NA;NA;NA;NA;NA;NA;NA;NA;NA;NA;NA;NA;NA;NA;NA;NA;NA;NA;NA;1;NA;NA;NA;NA
21;"MA";2100204;"210020";"Alcântara";"Não";"Região Metropolitana da Grande São Luís";"Outros";NA;NA;1;NA;NA;NA;NA;NA;NA;NA;NA;1;NA;2;1;1;NA;NA;NA;2;3;NA;1;NA;NA
21;"MA";2100303;"210030";"Aldeias Altas";"Não";"Região Metropolitana da Zona Leste do Estado do Maranhão";"Outros";NA;NA;NA;NA;1;2;4;1;1;2;1;NA;NA;NA;1;NA;1;3;NA;NA;NA;NA;NA;NA;NA
21;"MA";2100402;"210040";"Altamira do Maranhão";"Não";"-";"Outros";NA;NA;NA;NA;NA;NA;NA;NA;NA;NA;NA;NA;NA;NA;NA;NA;NA;NA;NA;NA;NA;NA;NA;NA;NA
21;"MA";2100436;"210043";"Alto Alegre do Maranhão";"Não";"-";"Outros";NA;NA;NA;1;1;NA;NA;NA;1;NA;NA;NA;1;1;1;1;1;NA;NA;1;3;4;NA;1;NA
21;"MA";2100477;"210047";"Alto Alegre do Pindaré";"Não";"-";"Outros";NA;NA;NA;NA;NA;1;NA;NA;1;NA;NA;NA;NA;NA;1;NA;NA;NA;NA;NA;NA;3;1;NA;NA
21;"MA";2100501;"210050";"Alto Parnaíba";"Não";"-";"Outros";NA;NA;NA;NA;NA;NA;NA;1;NA;1;NA;1;1;1;NA;2;NA;NA;NA;NA;NA;NA;NA;NA;NA
21;"MA";2100550;"210055";"Amapá do Maranhão";"Não";"-";"Outros";NA;NA;NA;NA;NA;NA;NA;NA;NA;NA;NA;NA;NA;NA;NA;NA;NA;NA;NA;1;NA;NA;NA;NA;NA
21;"MA";2100600;"210060";"Amarante do Maranhão";"Não";"Região Metropolitana do Sudoeste Maranhense";"Outros";NA;NA;NA;NA;NA;4;NA;NA;1;NA;NA;NA;NA;3;NA;1;2;NA;1;NA;1;NA;1;NA;NA
21;"MA";2100709;"210070";"Anajatuba";"Não";"-";"Outros";NA;NA;NA;NA;NA;NA;NA;NA;NA;NA;NA;NA;NA;1;NA;NA;1;NA;NA;1;1;1;NA;NA;NA
21;"MA";2100808;"210080";"Anapurus";"Não";"-";"Outros";NA;NA;NA;NA;NA;NA;1;1;NA;NA;NA;NA;NA;NA;NA;NA;NA;1;NA;NA;1;NA;1;NA;NA
21;"MA";2100832;"210083";"Apicum-Açu";"Não";"-";"Outros";NA;NA;NA;NA;NA;NA;NA;NA;NA;NA;NA;NA;NA;NA;1;NA;NA;NA;NA;NA;NA;1;2;NA;NA
21;"MA";2100873;"210087";"Araguanã";"Não";"-";"Outros";NA;NA;NA;NA;NA;NA;NA;NA;NA;NA;NA;1;1;NA;NA;NA;1;NA;NA;NA;NA;NA;NA;NA;NA
21;"MA";2100907;"210090";"Araioses";"Não";"-";"Outros";NA;NA;NA;NA;NA;NA;NA;NA;NA;NA;NA;NA;1;NA;NA;NA;NA;1;NA;2;2;NA;1;NA;NA
21;"MA";2100956;"210095";"Arame";"Não";"-";"Outros";NA;NA;NA;NA;NA;1;NA;NA;1;3;1;NA;NA;NA;NA;3;NA;2;2;1;3;2;2;2;NA
21;"MA";2101004;"210100";"Arari";"Não";"-";"Outros";1;NA;NA;NA;NA;NA;NA;1;1;NA;1;3;3;NA;3;1;1;NA;1;1;1;4;2;3;NA
21;"MA";2101103;"210110";"Axixá";"Não";"Região Metropolitana da Grande São Luís";"Outros";NA;NA;NA;NA;NA;1;NA;NA;NA;NA;1;NA;NA;1;2;NA;NA;NA;NA;1;NA;NA;NA;NA;NA
21;"MA";2101202;"210120";"Bacabal";"Não";"-";"Outros";4;6;5;1;NA;3;NA;1;8;2;4;9;8;10;NA;1;4;8;5;13;11;4;7;6;NA
21;"MA";2101251;"210125";"Bacabeira";"Não";"Região Metropolitana da Grande São Luís";"Outros";NA;1;NA;NA;1;3;5;12;9;5;5;1;2;3;7;11;10;2;8;NA;3;5;NA;3;NA
21;"MA";2101301;"210130";"Bacuri";"Não";"-";"Outros";NA;NA;NA;NA;NA;NA;NA;NA;NA;NA;NA;NA;NA;1;7;NA;NA;NA;NA;NA;1;NA;NA;NA;NA
21;"MA";2101350;"210135";"Bacurituba";"Não";"-";"Outros";NA;NA;NA;1;NA;NA;NA;NA;NA;NA;NA;NA;NA;1;NA;NA;NA;NA;NA;NA;NA;1;NA;NA;NA
21;"MA";2101400;"210140";"Balsas";"Não";"-";"Outros";NA;NA;NA;6;NA;1;1;4;3;7;4;12;4;4;3;2;5;12;4;7;9;16;25;21;NA
21;"MA";2101509;"210150";"Barão de Grajaú";"Não";"-";"Outros";1;NA;NA;NA;NA;NA;1;NA;NA;NA;NA;1;NA;1;NA;1;1;NA;NA;NA;NA;NA;NA;2;NA
21;"MA";2101608;"210160";"Barra do Corda";"Não";"-";"Outros";NA;1;NA;2;1;NA;1;NA;2;2;8;NA;1;2;3;1;NA;NA;3;NA;5;6;2;1;NA
21;"MA";2101707;"210170";"Barreirinhas";"Não";"-";"Outros";1;NA;NA;NA;NA;2;4;1;NA;1;2;NA;NA;NA;3;1;1;3;NA;1;NA;2;NA;1;NA
21;"MA";2101731;"210173";"Belágua";"Não";"-";"Outros";NA;NA;NA;NA;2;NA;NA;NA;NA;NA;NA;NA;NA;NA;1;1;1;NA;NA;NA;NA;NA;NA;NA;NA
21;"MA";2101772;"210177";"Bela Vista do Maranhão";"Não";"-";"Outros";NA;NA;NA;NA;NA;NA;NA;1;NA;NA;NA;NA;NA;NA;NA;NA;NA;1;NA;NA;NA;NA;NA;NA;NA
21;"MA";2101806;"210180";"Benedito Leite";"Não";"-";"Outros";NA;NA;NA;NA;NA;NA;NA;NA;NA;NA;NA;NA;1;NA;NA;NA;NA;NA;NA;NA;NA;1;1;1;NA
21;"MA";2101905;"210190";"Bequimão";"Não";"-";"Outros";NA;NA;NA;NA;NA;NA;NA;NA;NA;NA;NA;NA;NA;1;1;NA;NA;1;NA;1;NA;NA;1;NA;NA
21;"MA";2101939;"210193";"Bernardo do Mearim";"Não";"-";"Outros";NA;NA;NA;NA;NA;NA;NA;NA;NA;NA;NA;NA;NA;NA;NA;NA;NA;NA;NA;NA;NA;NA;NA;1;NA
21;"MA";2101970;"210197";"Boa Vista do Gurupi";"Não";"-";"Outros";NA;NA;NA;NA;NA;NA;NA;NA;NA;NA;NA;NA;NA;NA;NA;NA;NA;1;1;NA;NA;NA;1;NA;NA
21;"MA";2102002;"210200";"Bom Jardim";"Não";"-";"Outros";3;NA;NA;NA;NA;NA;NA;NA;NA;1;NA;2;1;2;1;4;1;NA;1;NA;2;3;NA;NA;NA
21;"MA";2102036;"210203";"Bom Jesus das Selvas";"Não";"-";"Outros";1;7;2;NA;3;11;4;2;5;10;NA;NA;9;4;1;4;NA;1;NA;NA;5;NA;NA;2;NA
21;"MA";2102077;"210207";"Bom Lugar";"Não";"-";"Outros";NA;NA;NA;NA;NA;NA;NA;1;NA;NA;NA;NA;NA;NA;NA;1;NA;NA;NA;NA;NA;NA;NA;NA;NA
21;"MA";2102101;"210210";"Brejo";"Não";"-";"Outros";NA;NA;NA;NA;NA;NA;NA;NA;2;1;NA;1;2;NA;NA;NA;1;2;3;NA;NA;NA;NA;NA;NA
21;"MA";2102150;"210215";"Brejo de Areia";"Não";"-";"Outros";NA;NA;NA;NA;NA;NA;NA;NA;NA;NA;NA;NA;NA;NA;NA;NA;NA;NA;1;NA;1;NA;1;NA;NA
21;"MA";2102200;"210220";"Buriti";"Não";"-";"Outros";NA;NA;1;NA;NA;1;NA;NA;NA;NA;NA;NA;NA;NA;NA;NA;NA;2;NA;1;1;1;2;1;NA
21;"MA";2102309;"210230";"Buriti Bravo";"Não";"-";"Outros";NA;NA;NA;NA;NA;NA;NA;NA;NA;1;NA;NA;NA;NA;NA;NA;NA;2;1;NA;NA;2;1;NA;NA
21;"MA";2102325;"210232";"Buriticupu";"Não";"-";"Outros";3;1;1;3;NA;NA;NA;3;NA;NA;NA;NA;NA;1;1;NA;1;1;1;2;2;NA;1;NA;NA
21;"MA";2102358;"210235";"Buritirana";"Não";"Região Metropolitana do Sudoeste Maranhense";"Outros";1;1;NA;NA;NA;NA;2;2;1;NA;NA;NA;NA;1;1;NA;1;NA;NA;NA;NA;NA;NA;NA;NA
21;"MA";2102374;"210237";"Cachoeira Grande";"Não";"Região Metropolitana da Grande São Luís";"Outros";NA;NA;NA;NA;NA;NA;NA;NA;NA;NA;NA;NA;1;1;NA;NA;NA;NA;NA;NA;NA;NA;NA;NA;NA
21;"MA";2102408;"210240";"Cajapió";"Não";"-";"Outros";NA;NA;NA;NA;NA;NA;NA;NA;NA;NA;NA;NA;2;NA;NA;NA;1;NA;1;NA;NA;NA;NA;NA;NA
21;"MA";2102507;"210250";"Cajari";"Não";"-";"Outros";NA;NA;NA;NA;NA;NA;NA;NA;NA;NA;NA;NA;NA;NA;2;NA;1;NA;1;1;1;1;NA;NA;NA
21;"MA";2102556;"210255";"Campestre do Maranhão";"Não";"Região Metropolitana do Sudoeste Maranhense";"Outros";NA;1;NA;NA;NA;2;NA;1;NA;NA;2;1;NA;2;2;1;1;1;NA;1;NA;NA;NA;NA;NA
21;"MA";2102606;"210260";"Cândido Mendes";"Não";"-";"Outros";NA;NA;NA;NA;NA;1;NA;NA;NA;NA;NA;NA;NA;NA;NA;NA;NA;NA;NA;NA;NA;NA;NA;NA;NA
21;"MA";2102705;"210270";"Cantanhede";"Não";"-";"Outros";NA;NA;NA;NA;NA;3;NA;NA;NA;NA;NA;NA;NA;NA;NA;NA;NA;NA;NA;NA;NA;1;NA;1;NA
21;"MA";2102754;"210275";"Capinzal do Norte";"Não";"-";"Outros";1;NA;NA;NA;NA;1;NA;NA;NA;NA;1;2;NA;NA;NA;NA;1;3;NA;NA;2;1;NA;NA;NA
21;"MA";2102804;"210280";"Carolina";"Não";"Região Metropolitana do Sudoeste Maranhense";"Outros";1;NA;2;NA;NA;NA;NA;1;1;2;6;2;3;NA;3;NA;1;NA;4;2;6;3;2;5;NA
21;"MA";2102903;"210290";"Carutapera";"Não";"-";"Outros";NA;NA;NA;NA;NA;NA;1;NA;NA;NA;2;1;NA;NA;NA;NA;NA;NA;NA;NA;NA;NA;NA;1;NA
21;"MA";2103000;"210300";"Caxias";"Não";"Região Metropolitana da Zona Leste do Estado do Maranhão";"Outros";12;4;17;10;14;10;10;18;13;10;12;19;18;15;15;8;17;20;7;12;15;7;11;3;NA
21;"MA";2103109;"210310";"Cedral";"Não";"-";"Outros";NA;NA;NA;NA;NA;NA;NA;NA;NA;NA;1;NA;1;NA;NA;NA;NA;NA;NA;NA;NA;NA;NA;NA;NA
21;"MA";2103125;"210312";"Central do Maranhão";"Não";"-";"Outros";NA;NA;NA;NA;NA;NA;NA;NA;NA;NA;1;4;NA;NA;NA;NA;NA;NA;NA;NA;NA;NA;1;NA;NA
21;"MA";2103158;"210315";"Centro do Guilherme";"Não";"-";"Outros";NA;NA;NA;NA;NA;NA;NA;NA;NA;NA;1;NA;1;NA;NA;NA;NA;NA;NA;NA;NA;NA;NA;NA;NA
21;"MA";2103174;"210317";"Centro Novo do Maranhão";"Não";"-";"Outros";NA;NA;NA;NA;NA;1;NA;NA;NA;NA;NA;NA;1;NA;NA;NA;NA;NA;NA;NA;1;1;1;3;NA
21;"MA";2103208;"210320";"Chapadinha";"Não";"-";"Outros";NA;NA;2;1;1;1;NA;NA;NA;11;3;10;18;17;9;1;1;9;7;5;10;4;7;3;NA
21;"MA";2103257;"210325";"Cidelândia";"Não";"Região Metropolitana do Sudoeste Maranhense";"Outros";NA;NA;3;NA;3;NA;NA;NA;NA;2;1;NA;NA;1;NA;NA;NA;1;3;NA;NA;NA;NA;NA;NA
21;"MA";2103307;"210330";"Codó";"Não";"Região Metropolitana da Zona Leste do Estado do Maranhão";"Outros";NA;1;NA;1;2;1;5;1;5;2;3;1;1;3;3;NA;2;2;NA;NA;2;2;2;3;NA
21;"MA";2103406;"210340";"Coelho Neto";"Não";"-";"Outros";NA;NA;NA;2;1;NA;NA;NA;NA;2;NA;3;4;NA;NA;NA;NA;3;NA;2;1;2;1;NA;NA
21;"MA";2103505;"210350";"Colinas";"Não";"-";"Outros";NA;NA;NA;NA;NA;NA;NA;NA;NA;2;NA;2;1;NA;1;NA;5;1;1;3;NA;2;NA;3;NA
21;"MA";2103554;"210355";"Conceição do Lago-Açu";"Não";"-";"Outros";NA;NA;NA;NA;NA;NA;NA;NA;NA;NA;NA;NA;1;NA;NA;NA;NA;NA;NA;NA;NA;NA;NA;NA;NA
21;"MA";2103604;"210360";"Coroatá";"Não";"-";"Outros";NA;1;NA;1;4;NA;NA;2;NA;NA;1;NA;NA;NA;1;NA;NA;2;4;2;4;3;13;7;NA
21;"MA";2103703;"210370";"Cururupu";"Não";"-";"Outros";NA;NA;NA;NA;NA;1;NA;NA;2;2;NA;1;NA;2;NA;NA;2;3;1;NA;NA;2;1;2;NA
21;"MA";2103752;"210375";"Davinópolis";"Não";"Região Metropolitana do Sudoeste Maranhense";"Outros";NA;NA;NA;NA;NA;NA;NA;NA;NA;NA;NA;NA;NA;1;NA;NA;NA;NA;NA;NA;NA;NA;NA;NA;NA
21;"MA";2103802;"210380";"Dom Pedro";"Não";"-";"Outros";NA;NA;NA;1;NA;NA;NA;NA;NA;NA;1;NA;NA;NA;NA;4;2;NA;2;NA;2;1;2;NA;NA
21;"MA";2103901;"210390";"Duque Bacelar";"Não";"-";"Outros";NA;NA;NA;NA;NA;NA;NA;NA;NA;NA;NA;NA;NA;NA;NA;NA;NA;NA;NA;NA;NA;NA;1;NA;NA
21;"MA";2104008;"210400";"Esperantinópolis";"Não";"-";"Outros";NA;NA;NA;NA;NA;NA;NA;NA;NA;NA;NA;NA;NA;NA;NA;NA;NA;NA;NA;NA;NA;NA;NA;1;NA
21;"MA";2104057;"210405";"Estreito";"Não";"Região Metropolitana do Sudoeste Maranhense";"Outros";NA;NA;2;NA;1;3;NA;2;NA;2;7;8;4;4;4;2;5;1;2;NA;1;NA;1;NA;NA
21;"MA";2104073;"210407";"Feira Nova do Maranhão";"Não";"-";"Outros";NA;NA;NA;1;NA;NA;NA;NA;NA;NA;1;NA;NA;1;NA;NA;1;NA;NA;NA;1;NA;NA;NA;NA
21;"MA";2104081;"210408";"Fernando Falcão";"Não";"-";"Outros";NA;NA;NA;NA;NA;NA;NA;NA;NA;NA;NA;NA;NA;NA;NA;NA;NA;NA;NA;1;NA;1;NA;NA;NA
21;"MA";2104099;"210409";"Formosa da Serra Negra";"Não";"-";"Outros";NA;NA;NA;NA;NA;NA;NA;NA;NA;NA;NA;NA;1;NA;2;1;NA;NA;NA;NA;NA;NA;NA;NA;NA
21;"MA";2104107;"210410";"Fortaleza dos Nogueiras";"Não";"-";"Outros";NA;1;NA;1;NA;NA;NA;1;NA;NA;NA;NA;NA;3;NA;NA;NA;NA;NA;NA;1;1;1;2;NA
21;"MA";2104206;"210420";"Fortuna";"Não";"-";"Outros";NA;NA;1;1;NA;NA;NA;1;NA;NA;NA;1;NA;NA;NA;NA;NA;NA;NA;NA;NA;NA;1;1;NA
21;"MA";2104305;"210430";"Godofredo Viana";"Não";"-";"Outros";NA;NA;NA;NA;NA;NA;NA;NA;NA;NA;NA;NA;NA;NA;NA;1;NA;NA;1;NA;NA;NA;NA;NA;NA
21;"MA";2104404;"210440";"Gonçalves Dias";"Não";"-";"Outros";NA;NA;NA;NA;NA;NA;1;NA;NA;NA;NA;NA;NA;NA;NA;NA;NA;NA;NA;NA;1;NA;1;1;NA
21;"MA";2104503;"210450";"Governador Archer";"Não";"-";"Outros";NA;NA;NA;NA;NA;NA;1;NA;NA;NA;NA;1;NA;3;1;NA;NA;NA;NA;NA;1;2;1;NA;NA
21;"MA";2104552;"210455";"Governador Edison Lobão";"Não";"Região Metropolitana do Sudoeste Maranhense";"Outros";1;1;2;NA;NA;3;1;9;5;NA;3;1;2;5;NA;3;2;3;NA;NA;NA;NA;NA;NA;NA
21;"MA";2104602;"210460";"Governador Eugênio Barros";"Não";"-";"Outros";NA;NA;1;NA;3;NA;NA;NA;1;1;NA;1;2;1;NA;NA;NA;2;NA;2;NA;1;1;NA;NA
21;"MA";2104628;"210462";"Governador Luiz Rocha";"Não";"-";"Outros";NA;NA;NA;NA;NA;NA;1;NA;NA;NA;NA;NA;NA;NA;NA;NA;1;NA;NA;1;1;NA;1;3;NA
21;"MA";2104651;"210465";"Governador Newton Bello";"Não";"-";"Outros";NA;NA;NA;1;NA;1;NA;NA;NA;NA;3;NA;NA;NA;1;NA;1;NA;NA;NA;NA;2;NA;NA;NA
21;"MA";2104677;"210467";"Governador Nunes Freire";"Não";"-";"Outros";NA;3;1;2;NA;NA;3;1;NA;1;1;5;NA;NA;2;NA;1;1;1;1;1;3;NA;NA;NA
21;"MA";2104701;"210470";"Graça Aranha";"Não";"-";"Outros";NA;NA;NA;NA;NA;NA;NA;NA;NA;NA;NA;1;NA;NA;3;NA;NA;NA;NA;NA;NA;NA;1;NA;NA
21;"MA";2104800;"210480";"Grajaú";"Não";"-";"Outros";1;1;NA;1;1;1;1;3;3;3;NA;1;5;6;7;2;10;4;NA;NA;9;5;10;9;NA
21;"MA";2104909;"210490";"Guimarães";"Não";"-";"Outros";NA;1;1;NA;1;NA;NA;NA;NA;NA;NA;NA;NA;NA;NA;NA;NA;NA;NA;NA;NA;NA;NA;NA;NA
21;"MA";2105005;"210500";"Humberto de Campos";"Não";"-";"Outros";NA;NA;NA;NA;NA;NA;NA;NA;3;1;2;1;NA;2;NA;NA;1;1;NA;NA;1;2;NA;NA;NA
21;"MA";2105104;"210510";"Icatu";"Não";"Região Metropolitana da Grande São Luís";"Outros";NA;NA;NA;NA;NA;NA;NA;NA;NA;NA;NA;NA;NA;NA;NA;NA;NA;NA;NA;NA;NA;1;NA;NA;NA
21;"MA";2105153;"210515";"Igarapé do Meio";"Não";"-";"Outros";NA;NA;NA;NA;NA;NA;1;NA;NA;NA;NA;NA;NA;NA;1;1;NA;NA;NA;NA;NA;NA;2;NA;NA
21;"MA";2105203;"210520";"Igarapé Grande";"Não";"-";"Outros";NA;NA;NA;NA;NA;NA;NA;NA;NA;NA;NA;NA;NA;NA;NA;NA;NA;1;NA;NA;NA;NA;1;NA;NA
21;"MA";2105302;"210530";"Imperatriz";"Não";"Região Metropolitana do Sudoeste Maranhense";"Outros";21;28;16;28;40;28;27;74;89;89;111;63;32;27;23;30;29;41;6;5;4;1;4;4;NA
21;"MA";2105351;"210535";"Itaipava do Grajaú";"Não";"-";"Outros";NA;NA;NA;NA;NA;NA;NA;NA;NA;NA;NA;NA;NA;NA;1;NA;NA;NA;NA;NA;1;NA;NA;NA;NA
21;"MA";2105401;"210540";"Itapecuru Mirim";"Não";"-";"Outros";1;NA;1;1;2;2;4;1;6;2;5;4;4;3;9;3;3;2;5;2;7;9;13;3;NA
21;"MA";2105427;"210542";"Itinga do Maranhão";"Não";"Região Metropolitana do Sudoeste Maranhense";"Outros";NA;NA;NA;2;NA;NA;9;NA;2;2;2;1;NA;1;NA;2;2;1;1;NA;1;NA;NA;NA;NA
21;"MA";2105450;"210545";"Jatobá";"Não";"-";"Outros";NA;NA;NA;NA;NA;NA;NA;NA;NA;NA;NA;NA;NA;NA;NA;NA;NA;NA;1;NA;NA;NA;1;1;NA
21;"MA";2105476;"210547";"Jenipapo dos Vieiras";"Não";"-";"Outros";NA;NA;NA;NA;NA;NA;NA;NA;1;NA;NA;NA;NA;NA;1;1;NA;NA;NA;NA;NA;NA;NA;NA;NA
21;"MA";2105500;"210550";"João Lisboa";"Não";"Região Metropolitana do Sudoeste Maranhense";"Outros";1;NA;1;NA;NA;3;NA;3;3;NA;1;1;4;NA;1;NA;1;NA;1;NA;1;NA;NA;NA;NA
21;"MA";2105609;"210560";"Joselândia";"Não";"-";"Outros";NA;NA;NA;NA;NA;NA;NA;NA;NA;1;NA;1;1;NA;NA;NA;1;NA;NA;NA;NA;1;1;1;NA
21;"MA";2105658;"210565";"Junco do Maranhão";"Não";"-";"Outros";NA;NA;NA;NA;NA;NA;NA;NA;NA;NA;NA;NA;NA;1;NA;NA;NA;NA;NA;NA;NA;NA;NA;NA;NA
21;"MA";2105708;"210570";"Lago da Pedra";"Não";"-";"Outros";NA;1;2;NA;NA;NA;NA;1;NA;5;2;4;6;4;4;6;1;7;7;3;6;11;5;NA;NA
21;"MA";2105807;"210580";"Lago do Junco";"Não";"-";"Outros";NA;NA;NA;NA;NA;NA;NA;NA;NA;NA;NA;NA;1;NA;NA;NA;NA;NA;NA;NA;NA;NA;NA;1;NA
21;"MA";2105906;"210590";"Lago Verde";"Não";"-";"Outros";NA;NA;NA;NA;NA;NA;NA;NA;NA;NA;NA;NA;NA;NA;NA;NA;NA;NA;NA;NA;1;1;1;NA;NA
21;"MA";2105922;"210592";"Lagoa do Mato";"Não";"-";"Outros";NA;NA;NA;NA;NA;NA;NA;NA;NA;NA;NA;NA;NA;NA;NA;NA;NA;NA;NA;NA;NA;NA;3;NA;NA
21;"MA";2105948;"210594";"Lago dos Rodrigues";"Não";"-";"Outros";NA;NA;NA;NA;NA;NA;NA;NA;NA;NA;2;NA;1;NA;NA;NA;NA;NA;NA;NA;NA;NA;NA;NA;NA
21;"MA";2105963;"210596";"Lagoa Grande do Maranhão";"Não";"-";"Outros";NA;NA;NA;NA;NA;1;NA;NA;NA;NA;NA;NA;NA;NA;NA;NA;NA;NA;NA;1;1;NA;NA;1;NA
21;"MA";2105989;"210598";"Lajeado Novo";"Não";"Região Metropolitana do Sudoeste Maranhense";"Outros";NA;NA;11;NA;NA;NA;NA;NA;NA;NA;1;3;NA;3;NA;1;NA;1;1;NA;NA;NA;NA;NA;NA
21;"MA";2106003;"210600";"Lima Campos";"Não";"-";"Outros";NA;NA;NA;NA;NA;NA;NA;NA;NA;NA;NA;NA;NA;NA;3;NA;NA;NA;NA;1;NA;NA;NA;NA;NA
21;"MA";2106102;"210610";"Loreto";"Não";"-";"Outros";NA;NA;NA;NA;NA;NA;NA;NA;1;NA;1;NA;NA;NA;NA;NA;NA;NA;NA;NA;NA;NA;NA;NA;NA
21;"MA";2106201;"210620";"Luís Domingues";"Não";"-";"Outros";NA;NA;NA;NA;NA;NA;NA;NA;NA;1;NA;1;NA;NA;NA;NA;NA;NA;NA;NA;NA;1;NA;NA;NA
21;"MA";2106300;"210630";"Magalhães de Almeida";"Não";"-";"Outros";NA;NA;NA;1;NA;1;NA;NA;NA;NA;NA;NA;NA;NA;1;NA;NA;NA;NA;NA;NA;NA;NA;NA;NA
21;"MA";2106326;"210632";"Maracaçumé";"Não";"-";"Outros";NA;NA;NA;NA;1;NA;NA;NA;NA;NA;NA;NA;NA;NA;1;1;1;NA;NA;NA;1;1;NA;3;NA
21;"MA";2106359;"210635";"Marajá do Sena";"Não";"-";"Outros";NA;NA;NA;NA;1;NA;NA;NA;NA;NA;NA;NA;NA;2;NA;NA;NA;NA;NA;NA;NA;NA;1;NA;NA
21;"MA";2106375;"210637";"Maranhãozinho";"Não";"-";"Outros";NA;NA;NA;NA;NA;NA;NA;NA;NA;1;NA;1;1;NA;NA;NA;NA;NA;1;NA;1;NA;NA;2;NA
21;"MA";2106409;"210640";"Mata Roma";"Não";"-";"Outros";NA;NA;NA;NA;NA;NA;NA;1;NA;NA;NA;NA;NA;1;NA;1;2;1;NA;NA;NA;1;NA;NA;NA
21;"MA";2106508;"210650";"Matinha";"Não";"-";"Outros";NA;NA;NA;NA;NA;NA;NA;NA;NA;NA;1;NA;NA;NA;NA;NA;NA;NA;1;NA;NA;NA;1;NA;NA
21;"MA";2106607;"210660";"Matões";"Não";"Região Metropolitana da Zona Leste do Estado do Maranhão";"Outros";NA;NA;NA;NA;NA;NA;NA;NA;NA;NA;NA;NA;NA;NA;NA;NA;NA;1;NA;NA;1;NA;NA;NA;NA
21;"MA";2106631;"210663";"Matões do Norte";"Não";"-";"Outros";NA;NA;NA;NA;NA;NA;NA;NA;NA;NA;NA;NA;NA;NA;2;1;NA;NA;NA;NA;1;NA;NA;NA;NA
21;"MA";2106672;"210667";"Milagres do Maranhão";"Não";"-";"Outros";NA;NA;NA;NA;NA;NA;NA;1;NA;NA;NA;NA;NA;NA;1;NA;NA;NA;NA;1;NA;NA;1;NA;NA
21;"MA";2106706;"210670";"Mirador";"Não";"-";"Outros";NA;NA;NA;NA;NA;NA;NA;NA;NA;1;1;1;NA;1;2;2;NA;NA;NA;NA;NA;1;NA;2;NA
21;"MA";2106755;"210675";"Miranda do Norte";"Não";"-";"Outros";1;1;NA;1;5;NA;NA;1;2;NA;NA;NA;NA;2;1;2;NA;3;1;1;3;1;4;4;NA
21;"MA";2106805;"210680";"Mirinzal";"Não";"-";"Outros";NA;NA;NA;1;NA;NA;NA;NA;NA;NA;NA;NA;NA;NA;1;NA;NA;NA;NA;NA;NA;NA;NA;NA;NA
21;"MA";2106904;"210690";"Monção";"Não";"-";"Outros";NA;NA;NA;NA;NA;NA;NA;1;NA;NA;NA;1;NA;NA;NA;NA;NA;1;NA;NA;NA;NA;2;NA;NA
21;"MA";2107001;"210700";"Montes Altos";"Não";"Região Metropolitana do Sudoeste Maranhense";"Outros";NA;NA;NA;NA;NA;2;NA;NA;NA;NA;3;7;NA;NA;1;1;NA;NA;NA;NA;NA;NA;NA;NA;NA
21;"MA";2107100;"210710";"Morros";"Não";"Região Metropolitana da Grande São Luís";"Outros";NA;NA;NA;NA;NA;NA;NA;NA;1;NA;NA;NA;NA;NA;1;NA;NA;NA;1;2;NA;1;1;1;NA
21;"MA";2107209;"210720";"Nina Rodrigues";"Não";"-";"Outros";NA;NA;NA;NA;NA;NA;NA;NA;NA;NA;NA;NA;NA;1;NA;NA;1;NA;NA;1;2;NA;1;1;NA
21;"MA";2107258;"210725";"Nova Colinas";"Não";"-";"Outros";NA;NA;NA;NA;NA;NA;NA;NA;NA;NA;NA;1;NA;NA;NA;NA;1;NA;NA;NA;NA;NA;NA;1;NA
21;"MA";2107308;"210730";"Nova Iorque";"Não";"-";"Outros";NA;NA;NA;NA;NA;NA;NA;NA;NA;NA;NA;NA;NA;NA;NA;NA;NA;NA;NA;NA;NA;NA;NA;NA;NA
21;"MA";2107357;"210735";"Nova Olinda do Maranhão";"Não";"-";"Outros";NA;NA;NA;NA;NA;NA;NA;NA;1;NA;NA;NA;NA;1;NA;1;1;NA;NA;1;NA;NA;NA;1;NA
21;"MA";2107407;"210740";"Olho d'Água das Cunhãs";"Não";"-";"Outros";NA;NA;NA;NA;NA;NA;1;1;1;1;2;NA;NA;NA;3;NA;NA;NA;NA;NA;3;1;2;NA;NA
21;"MA";2107456;"210745";"Olinda Nova do Maranhão";"Não";"-";"Outros";NA;NA;NA;NA;NA;NA;NA;NA;NA;NA;NA;NA;NA;NA;NA;NA;NA;NA;1;NA;NA;1;NA;NA;NA
21;"MA";2107506;"210750";"Paço do Lumiar";"Não";"Região Metropolitana da Grande São Luís";"Outros";NA;1;4;3;6;7;4;1;1;NA;1;4;NA;3;1;4;3;1;4;6;3;5;7;3;NA
21;"MA";2107605;"210760";"Palmeirândia";"Não";"-";"Outros";NA;NA;NA;NA;NA;NA;NA;NA;NA;NA;NA;NA;NA;NA;NA;NA;NA;1;NA;NA;2;NA;3;1;NA
21;"MA";2107704;"210770";"Paraibano";"Não";"-";"Outros";NA;NA;1;NA;NA;1;2;3;NA;NA;NA;NA;NA;NA;1;NA;1;NA;NA;1;NA;NA;NA;1;NA
21;"MA";2107803;"210780";"Parnarama";"Não";"Região Metropolitana da Zona Leste do Estado do Maranhão";"Outros";NA;NA;NA;NA;NA;NA;NA;NA;NA;NA;NA;NA;NA;NA;1;1;NA;3;1;1;NA;NA;NA;NA;NA
21;"MA";2107902;"210790";"Passagem Franca";"Não";"-";"Outros";NA;NA;NA;NA;NA;NA;NA;NA;NA;3;NA;2;NA;NA;1;NA;NA;NA;NA;NA;NA;NA;NA;3;NA
21;"MA";2108009;"210800";"Pastos Bons";"Não";"-";"Outros";NA;NA;1;NA;1;NA;1;1;1;2;2;NA;3;5;1;NA;NA;3;NA;NA;2;NA;2;6;NA
21;"MA";2108058;"210805";"Paulino Neves";"Não";"-";"Outros";NA;NA;NA;NA;NA;NA;NA;NA;NA;NA;NA;NA;2;NA;NA;NA;NA;1;NA;1;NA;NA;NA;2;NA
21;"MA";2108108;"210810";"Paulo Ramos";"Não";"-";"Outros";NA;NA;NA;NA;NA;1;NA;1;NA;NA;NA;NA;NA;NA;1;NA;NA;NA;NA;NA;3;NA;NA;NA;NA
21;"MA";2108207;"210820";"Pedreiras";"Não";"-";"Outros";NA;NA;NA;1;NA;NA;NA;1;NA;1;NA;1;NA;NA;NA;NA;NA;NA;NA;NA;NA;1;3;1;NA
21;"MA";2108256;"210825";"Pedro do Rosário";"Não";"-";"Outros";NA;NA;NA;NA;NA;NA;NA;NA;NA;NA;NA;NA;NA;1;NA;NA;NA;NA;NA;NA;NA;1;NA;NA;NA
21;"MA";2108306;"210830";"Penalva";"Não";"-";"Outros";NA;NA;NA;NA;1;NA;NA;NA;1;NA;NA;NA;1;NA;NA;NA;NA;NA;1;1;NA;NA;NA;2;NA
21;"MA";2108405;"210840";"Peri Mirim";"Não";"-";"Outros";NA;NA;NA;NA;NA;NA;NA;NA;NA;NA;1;NA;NA;1;NA;NA;1;NA;NA;NA;1;NA;NA;NA;NA
21;"MA";2108454;"210845";"Peritoró";"Não";"-";"Outros";NA;NA;NA;NA;NA;2;8;NA;1;2;6;NA;NA;5;NA;2;4;5;3;NA;2;2;2;NA;NA
21;"MA";2108504;"210850";"Pindaré-Mirim";"Não";"-";"Outros";NA;NA;NA;NA;NA;NA;NA;NA;NA;NA;NA;1;1;NA;2;1;2;1;1;2;3;NA;NA;3;NA
21;"MA";2108603;"210860";"Pinheiro";"Não";"-";"Outros";2;NA;3;NA;NA;NA;1;NA;NA;NA;2;NA;2;2;2;5;1;2;3;2;2;1;4;NA;NA
21;"MA";2108702;"210870";"Pio XII";"Não";"-";"Outros";NA;NA;NA;NA;NA;NA;NA;NA;1;1;1;3;3;NA;2;NA;3;NA;NA;2;1;NA;2;1;NA
21;"MA";2108801;"210880";"Pirapemas";"Não";"-";"Outros";NA;NA;NA;NA;NA;NA;NA;NA;1;1;1;NA;NA;NA;NA;NA;NA;NA;NA;NA;1;NA;NA;NA;NA
21;"MA";2108900;"210890";"Poção de Pedras";"Não";"-";"Outros";NA;NA;NA;NA;1;NA;NA;NA;NA;NA;NA;NA;NA;NA;NA;3;NA;NA;NA;NA;NA;NA;NA;NA;NA
21;"MA";2109007;"210900";"Porto Franco";"Não";"Região Metropolitana do Sudoeste Maranhense";"Outros";3;3;NA;2;2;NA;2;2;NA;2;3;7;2;4;2;3;NA;1;NA;NA;3;NA;NA;2;NA
21;"MA";2109056;"210905";"Porto Rico do Maranhão";"Não";"-";"Outros";NA;NA;NA;NA;NA;NA;NA;NA;NA;NA;NA;NA;NA;NA;NA;NA;NA;NA;NA;NA;NA;1;NA;1;NA
21;"MA";2109106;"210910";"Presidente Dutra";"Não";"-";"Outros";1;NA;NA;NA;3;NA;1;5;NA;2;1;4;6;3;7;2;4;5;5;9;4;11;12;14;NA
21;"MA";2109205;"210920";"Presidente Juscelino";"Não";"Região Metropolitana da Grande São Luís";"Outros";NA;NA;NA;NA;NA;NA;NA;NA;NA;NA;NA;NA;1;NA;NA;NA;NA;NA;NA;NA;NA;NA;NA;NA;NA
21;"MA";2109239;"210923";"Presidente Médici";"Não";"-";"Outros";NA;NA;NA;NA;1;NA;NA;NA;NA;NA;1;NA;NA;NA;NA;1;NA;NA;NA;NA;NA;NA;NA;NA;NA
21;"MA";2109270;"210927";"Presidente Sarney";"Não";"-";"Outros";NA;NA;NA;NA;NA;NA;NA;NA;NA;NA;1;NA;NA;NA;NA;1;NA;1;NA;NA;NA;NA;NA;1;NA
21;"MA";2109304;"210930";"Presidente Vargas";"Não";"-";"Outros";NA;NA;NA;NA;NA;1;NA;NA;NA;NA;NA;NA;NA;NA;NA;2;NA;NA;NA;NA;NA;NA;NA;NA;NA
21;"MA";2109403;"210940";"Primeira Cruz";"Não";"-";"Outros";NA;NA;2;NA;NA;NA;NA;NA;NA;NA;NA;NA;NA;NA;NA;NA;NA;NA;NA;NA;NA;NA;NA;NA;NA
21;"MA";2109452;"210945";"Raposa";"Não";"Região Metropolitana da Grande São Luís";"Outros";NA;NA;NA;NA;NA;1;NA;NA;5;NA;2;1;NA;NA;NA;NA;NA;NA;NA;1;2;1;2;NA;NA
21;"MA";2109502;"210950";"Riachão";"Não";"-";"Outros";NA;NA;NA;NA;3;NA;NA;NA;NA;1;1;2;1;1;2;1;1;1;NA;1;5;NA;NA;NA;NA
21;"MA";2109551;"210955";"Ribamar Fiquene";"Não";"Região Metropolitana do Sudoeste Maranhense";"Outros";NA;NA;NA;NA;NA;NA;1;1;1;NA;4;2;4;3;NA;NA;2;NA;1;1;1;NA;NA;1;NA
21;"MA";2109601;"210960";"Rosário";"Não";"Região Metropolitana da Grande São Luís";"Outros";NA;6;1;3;NA;1;2;4;2;NA;5;4;5;NA;NA;2;2;NA;1;3;2;1;1;1;NA
21;"MA";2109700;"210970";"Sambaíba";"Não";"-";"Outros";NA;NA;NA;NA;NA;1;NA;1;NA;NA;NA;NA;NA;NA;NA;NA;NA;1;1;NA;NA;NA;NA;NA;NA
21;"MA";2109759;"210975";"Santa Filomena do Maranhão";"Não";"-";"Outros";NA;NA;NA;NA;NA;NA;NA;NA;NA;NA;NA;NA;NA;NA;NA;NA;NA;NA;2;1;NA;NA;NA;NA;NA
21;"MA";2109809;"210980";"Santa Helena";"Não";"-";"Outros";NA;2;NA;NA;NA;NA;NA;NA;NA;NA;1;NA;NA;NA;NA;NA;NA;1;NA;2;1;NA;NA;1;NA
21;"MA";2109908;"210990";"Santa Inês";"Não";"-";"Outros";2;1;1;1;3;4;1;1;NA;NA;NA;NA;NA;5;2;6;2;3;1;NA;3;1;NA;4;NA
21;"MA";2110005;"211000";"Santa Luzia";"Não";"-";"Outros";NA;NA;2;7;6;3;4;3;5;1;1;3;9;4;NA;6;4;8;5;1;6;4;3;1;NA
21;"MA";2110039;"211003";"Santa Luzia do Paruá";"Não";"-";"Outros";NA;NA;NA;NA;NA;NA;NA;2;NA;NA;NA;1;NA;3;2;NA;NA;1;1;1;1;NA;NA;NA;NA
21;"MA";2110104;"211010";"Santa Quitéria do Maranhão";"Não";"-";"Outros";NA;NA;NA;NA;NA;NA;NA;NA;1;NA;NA;1;2;1;1;1;2;1;NA;1;3;NA;NA;1;NA
21;"MA";2110203;"211020";"Santa Rita";"Não";"Região Metropolitana da Grande São Luís";"Outros";NA;NA;NA;NA;NA;1;2;1;NA;2;2;NA;NA;1;4;1;2;2;2;1;2;5;3;8;NA
21;"MA";2110278;"211027";"Santo Amaro do Maranhão";"Não";"-";"Outros";NA;NA;NA;NA;NA;NA;NA;NA;NA;NA;NA;NA;1;NA;NA;NA;NA;NA;NA;NA;1;NA;1;NA;NA
21;"MA";2110302;"211030";"Santo Antônio dos Lopes";"Não";"-";"Outros";NA;NA;NA;NA;NA;NA;NA;NA;NA;NA;NA;NA;1;NA;1;NA;NA;NA;NA;2;1;2;NA;NA;NA
21;"MA";2110401;"211040";"São Benedito do Rio Preto";"Não";"-";"Outros";NA;NA;NA;1;NA;NA;NA;NA;NA;NA;NA;NA;NA;NA;NA;NA;NA;NA;1;NA;NA;NA;1;NA;NA
21;"MA";2110500;"211050";"São Bento";"Não";"-";"Outros";NA;NA;NA;1;NA;NA;NA;1;NA;NA;NA;NA;2;NA;NA;NA;NA;NA;NA;NA;NA;NA;NA;NA;NA
21;"MA";2110609;"211060";"São Bernardo";"Não";"-";"Outros";NA;1;1;2;2;NA;1;NA;NA;1;3;1;3;3;2;1;2;NA;1;1;NA;3;2;1;NA
21;"MA";2110658;"211065";"São Domingos do Azeitão";"Não";"-";"Outros";NA;NA;NA;NA;NA;NA;NA;1;1;1;NA;1;NA;2;NA;1;NA;1;1;1;NA;2;3;1;NA
21;"MA";2110708;"211070";"São Domingos do Maranhão";"Não";"-";"Outros";1;NA;NA;NA;1;NA;NA;NA;NA;NA;1;4;NA;2;NA;1;5;NA;2;NA;2;6;3;1;NA
21;"MA";2110856;"211085";"São Francisco do Brejão";"Não";"Região Metropolitana do Sudoeste Maranhense";"Outros";NA;NA;NA;NA;2;1;NA;NA;3;NA;1;1;NA;1;NA;NA;NA;1;NA;NA;NA;NA;1;NA;NA
21;"MA";2110906;"211090";"São Francisco do Maranhão";"Não";"-";"Outros";NA;NA;NA;NA;NA;NA;NA;NA;NA;NA;NA;NA;NA;1;NA;NA;NA;NA;NA;NA;NA;NA;2;NA;NA
21;"MA";2111003;"211100";"São João Batista";"Não";"-";"Outros";NA;2;NA;NA;NA;1;NA;NA;NA;NA;NA;NA;NA;NA;1;NA;NA;1;NA;NA;1;NA;NA;2;NA
21;"MA";2111029;"211102";"São João do Carú";"Não";"-";"Outros";NA;NA;NA;NA;NA;NA;NA;NA;NA;NA;NA;NA;NA;NA;NA;1;NA;NA;1;NA;1;1;1;1;NA
21;"MA";2111052;"211105";"São João do Paraíso";"Não";"Região Metropolitana do Sudoeste Maranhense";"Outros";NA;NA;NA;NA;NA;NA;NA;NA;NA;NA;NA;NA;NA;NA;NA;1;NA;1;NA;NA;NA;1;NA;NA;NA
21;"MA";2111078;"211107";"São João do Soter";"Não";"Região Metropolitana da Zona Leste do Estado do Maranhão";"Outros";NA;1;NA;NA;NA;NA;NA;NA;NA;NA;4;NA;NA;NA;NA;NA;NA;1;NA;1;NA;NA;NA;NA;NA
21;"MA";2111102;"211110";"São João dos Patos";"Não";"-";"Outros";NA;1;2;NA;NA;1;NA;NA;2;NA;1;NA;NA;1;2;1;1;NA;1;2;NA;1;1;NA;NA
21;"MA";2111201;"211120";"São José de Ribamar";"Não";"Região Metropolitana da Grande São Luís";"Outros";NA;NA;1;NA;3;1;1;6;5;1;NA;3;6;1;10;10;8;5;6;NA;3;4;5;NA;NA
21;"MA";2111250;"211125";"São José dos Basílios";"Não";"-";"Outros";NA;NA;NA;NA;NA;NA;NA;NA;NA;NA;NA;1;NA;NA;NA;NA;NA;NA;NA;NA;NA;1;1;1;NA
21;"MA";2111300;"211130";"São Luís";"Sim";"Região Metropolitana da Grande São Luís";"Outros";22;43;40;65;58;40;47;69;127;80;67;86;116;144;137;125;99;58;113;121;84;90;55;68;NA
21;"MA";2111409;"211140";"São Luís Gonzaga do Maranhão";"Não";"-";"Outros";NA;NA;NA;NA;NA;NA;NA;NA;NA;NA;NA;NA;NA;NA;NA;NA;1;NA;NA;NA;1;NA;1;1;NA
21;"MA";2111508;"211150";"São Mateus do Maranhão";"Não";"-";"Outros";NA;NA;1;2;12;NA;NA;1;2;2;1;1;NA;NA;2;NA;1;NA;NA;1;NA;NA;NA;2;NA
21;"MA";2111532;"211153";"São Pedro da Água Branca";"Não";"Região Metropolitana do Sudoeste Maranhense";"Outros";NA;NA;NA;NA;NA;NA;NA;1;NA;6;NA;NA;NA;NA;NA;NA;NA;1;NA;1;NA;NA;NA;1;NA
21;"MA";2111573;"211157";"São Pedro dos Crentes";"Não";"-";"Outros";NA;NA;NA;NA;NA;NA;NA;NA;NA;NA;NA;NA;2;NA;NA;NA;NA;NA;NA;1;NA;NA;1;NA;NA
21;"MA";2111607;"211160";"São Raimundo das Mangabeiras";"Não";"-";"Outros";NA;NA;NA;NA;NA;NA;NA;NA;2;2;1;2;NA;NA;NA;NA;2;NA;3;1;3;4;4;2;NA
21;"MA";2111631;"211163";"São Raimundo do Doca Bezerra";"Não";"-";"Outros";NA;NA;NA;NA;NA;NA;NA;NA;NA;NA;NA;NA;NA;NA;NA;NA;NA;NA;NA;NA;NA;1;NA;NA;NA
21;"MA";2111706;"211170";"São Vicente Ferrer";"Não";"-";"Outros";NA;NA;NA;NA;NA;NA;NA;NA;NA;NA;NA;NA;NA;NA;NA;1;2;1;NA;NA;NA;NA;NA;NA;NA
21;"MA";2111722;"211172";"Satubinha";"Não";"-";"Outros";NA;NA;NA;NA;NA;NA;NA;NA;NA;NA;NA;NA;NA;NA;NA;NA;NA;NA;NA;NA;NA;NA;NA;NA;NA
21;"MA";2111748;"211174";"Senador Alexandre Costa";"Não";"-";"Outros";NA;1;NA;NA;NA;NA;NA;NA;NA;NA;NA;NA;NA;NA;NA;1;1;NA;2;1;2;NA;3;NA;NA
21;"MA";2111763;"211176";"Senador La Rocque";"Não";"Região Metropolitana do Sudoeste Maranhense";"Outros";NA;NA;NA;NA;NA;NA;NA;NA;NA;NA;NA;NA;NA;1;NA;NA;NA;NA;NA;NA;NA;NA;2;NA;NA
21;"MA";2111789;"211178";"Serrano do Maranhão";"Não";"-";"Outros";NA;NA;NA;NA;NA;NA;NA;NA;NA;NA;NA;NA;NA;NA;1;NA;NA;NA;NA;NA;1;NA;1;NA;NA
21;"MA";2111805;"211180";"Sítio Novo";"Não";"Região Metropolitana do Sudoeste Maranhense";"Outros";NA;NA;NA;NA;NA;1;NA;NA;1;1;1;NA;NA;1;2;1;3;NA;NA;NA;NA;NA;NA;NA;NA
21;"MA";2111904;"211190";"Sucupira do Norte";"Não";"-";"Outros";NA;NA;NA;NA;NA;NA;NA;NA;NA;NA;NA;NA;2;NA;NA;NA;NA;1;NA;NA;NA;NA;NA;NA;NA
21;"MA";2111953;"211195";"Sucupira do Riachão";"Não";"-";"Outros";NA;NA;NA;NA;NA;NA;NA;NA;NA;NA;1;NA;NA;NA;NA;NA;NA;NA;NA;NA;NA;NA;NA;NA;NA
21;"MA";2112001;"211200";"Tasso Fragoso";"Não";"-";"Outros";NA;NA;NA;NA;NA;2;NA;1;NA;NA;2;1;NA;1;NA;NA;NA;NA;3;NA;NA;1;NA;2;NA
21;"MA";2112100;"211210";"Timbiras";"Não";"-";"Outros";NA;NA;NA;NA;1;NA;1;NA;NA;NA;NA;1;NA;NA;NA;NA;1;NA;2;NA;1;NA;NA;NA;NA
21;"MA";2112209;"211220";"Timon";"Não";"Região Integrada de Desenvolvimento da Grande Teresina";"Outros";7;3;5;6;6;NA;5;5;1;3;3;2;10;2;1;2;7;13;1;1;NA;2;NA;NA;NA
21;"MA";2112233;"211223";"Trizidela do Vale";"Não";"-";"Outros";NA;NA;NA;NA;NA;NA;NA;NA;NA;NA;NA;NA;4;NA;NA;NA;NA;1;NA;NA;NA;NA;NA;NA;NA
21;"MA";2112308;"211230";"Tuntum";"Não";"-";"Outros";NA;NA;NA;NA;NA;NA;1;2;1;NA;1;1;NA;NA;NA;1;NA;1;1;2;NA;1;1;NA;NA
21;"MA";2112407;"211240";"Turiaçu";"Não";"-";"Outros";NA;NA;NA;NA;NA;NA;NA;NA;NA;1;NA;NA;NA;NA;NA;NA;NA;1;NA;NA;NA;1;3;1;NA
21;"MA";2112456;"211245";"Turilândia";"Não";"-";"Outros";NA;NA;NA;NA;NA;2;NA;NA;NA;NA;NA;NA;1;NA;NA;NA;NA;NA;NA;NA;NA;1;NA;NA;NA
21;"MA";2112506;"211250";"Tutóia";"Não";"-";"Outros";NA;NA;NA;NA;1;1;1;NA;2;1;NA;1;1;1;1;NA;NA;1;NA;1;6;NA;1;1;NA
21;"MA";2112605;"211260";"Urbano Santos";"Não";"-";"Outros";NA;NA;NA;NA;1;NA;NA;NA;1;NA;NA;NA;NA;NA;NA;NA;NA;NA;1;NA;NA;NA;NA;NA;NA
21;"MA";2112704;"211270";"Vargem Grande";"Não";"-";"Outros";NA;NA;NA;NA;1;NA;NA;NA;NA;NA;NA;NA;1;3;3;3;5;NA;1;2;3;4;7;4;NA
21;"MA";2112803;"211280";"Viana";"Não";"-";"Outros";1;NA;NA;2;NA;NA;NA;NA;NA;NA;1;NA;NA;1;5;2;1;1;1;2;6;4;2;1;NA
21;"MA";2112852;"211285";"Vila Nova dos Martírios";"Não";"Região Metropolitana do Sudoeste Maranhense";"Outros";NA;NA;NA;NA;NA;NA;NA;NA;NA;NA;1;9;NA;NA;2;1;NA;NA;NA;NA;NA;NA;1;NA;NA
21;"MA";2112902;"211290";"Vitória do Mearim";"Não";"-";"Outros";1;NA;NA;2;NA;2;2;2;3;NA;1;1;1;1;3;NA;1;NA;4;4;1;NA;NA;1;NA
21;"MA";2113009;"211300";"Vitorino Freire";"Não";"-";"Outros";NA;NA;NA;NA;NA;1;NA;1;1;NA;1;1;3;NA;NA;NA;NA;NA;3;NA;NA;1;2;NA;NA
21;"MA";2114007;"211400";"Zé Doca";"Não";"-";"Outros";1;NA;NA;NA;NA;1;2;2;5;NA;NA;NA;NA;NA;1;3;1;4;1;NA;NA;NA;NA;2;NA
22;"PI";2200053;"220005";"Acauã";"Não";"-";"Outros";NA;NA;NA;1;NA;NA;NA;NA;NA;NA;NA;NA;NA;NA;2;NA;NA;NA;NA;NA;NA;NA;NA;NA;NA
22;"PI";2200103;"220010";"Agricolândia";"Não";"-";"Outros";NA;NA;NA;NA;NA;1;NA;NA;NA;NA;NA;NA;NA;NA;1;NA;NA;NA;2;NA;NA;NA;NA;NA;NA
22;"PI";2200202;"220020";"Água Branca";"Não";"-";"Outros";NA;NA;NA;NA;NA;1;1;NA;NA;1;2;3;1;1;NA;2;1;1;NA;NA;2;1;NA;NA;NA
22;"PI";2200251;"220025";"Alagoinha do Piauí";"Não";"-";"Outros";NA;NA;NA;NA;NA;NA;NA;NA;NA;NA;NA;NA;NA;NA;NA;NA;NA;NA;NA;NA;NA;NA;NA;NA;NA
22;"PI";2200277;"220027";"Alegrete do Piauí";"Não";"-";"Outros";NA;NA;NA;NA;NA;NA;NA;NA;NA;NA;NA;NA;NA;NA;NA;NA;NA;NA;NA;NA;NA;1;NA;1;NA
22;"PI";2200301;"220030";"Alto Longá";"Não";"-";"Outros";1;NA;NA;NA;NA;NA;NA;1;1;NA;NA;1;1;NA;NA;NA;NA;NA;NA;1;NA;NA;NA;NA;NA
22;"PI";2200400;"220040";"Altos";"Não";"Região Integrada de Desenvolvimento da Grande Teresina";"Outros";2;NA;2;1;3;4;2;2;2;NA;3;2;3;2;4;NA;1;NA;2;NA;3;3;1;2;NA
22;"PI";2200459;"220045";"Alvorada do Gurguéia";"Não";"-";"Outros";NA;NA;NA;1;NA;1;3;1;NA;4;NA;NA;NA;1;NA;NA;NA;NA;NA;1;NA;NA;NA;1;NA
22;"PI";2200509;"220050";"Amarante";"Não";"-";"Outros";1;1;1;2;1;2;2;1;1;NA;1;NA;5;NA;1;NA;NA;NA;NA;NA;1;NA;NA;NA;NA
22;"PI";2200608;"220060";"Angical do Piauí";"Não";"-";"Outros";1;1;NA;1;NA;1;NA;NA;NA;NA;NA;NA;NA;NA;1;NA;NA;NA;NA;NA;NA;NA;NA;1;NA
22;"PI";2200707;"220070";"Anísio de Abreu";"Não";"-";"Outros";NA;NA;NA;NA;NA;NA;2;1;NA;NA;NA;2;NA;NA;NA;NA;NA;NA;NA;NA;NA;NA;1;NA;NA
22;"PI";2200806;"220080";"Antônio Almeida";"Não";"-";"Outros";NA;NA;NA;NA;NA;NA;NA;NA;1;NA;NA;NA;NA;NA;NA;NA;2;NA;NA;NA;NA;NA;NA;NA;NA
22;"PI";2201002;"220100";"Arraial";"Não";"-";"Outros";NA;NA;NA;NA;NA;NA;NA;NA;NA;NA;NA;NA;NA;NA;NA;NA;NA;NA;NA;NA;NA;NA;NA;NA;NA
22;"PI";2201051;"220105";"Assunção do Piauí";"Não";"-";"Outros";NA;NA;1;NA;NA;NA;NA;NA;NA;NA;NA;NA;NA;NA;NA;NA;NA;NA;NA;NA;NA;NA;NA;NA;NA
22;"PI";2201101;"220110";"Avelino Lopes";"Não";"-";"Outros";NA;NA;NA;NA;NA;NA;1;1;NA;NA;NA;NA;NA;NA;NA;NA;NA;NA;NA;NA;NA;NA;NA;NA;NA
22;"PI";2201150;"220115";"Baixa Grande do Ribeiro";"Não";"-";"Outros";1;NA;NA;NA;2;1;NA;1;3;NA;2;NA;NA;NA;1;1;NA;NA;NA;NA;NA;1;NA;NA;NA
22;"PI";2201200;"220120";"Barras";"Não";"-";"Outros";1;2;1;3;NA;NA;NA;NA;1;NA;1;NA;1;1;NA;1;NA;3;NA;1;1;1;1;1;NA
22;"PI";2201309;"220130";"Barreiras do Piauí";"Não";"-";"Outros";1;NA;NA;NA;NA;NA;NA;1;NA;NA;NA;NA;NA;NA;NA;NA;NA;NA;NA;NA;NA;NA;NA;NA;NA
22;"PI";2201408;"220140";"Barro Duro";"Não";"-";"Outros";2;1;NA;NA;1;2;NA;NA;NA;NA;2;NA;NA;NA;NA;NA;NA;NA;NA;NA;NA;NA;NA;NA;NA
22;"PI";2201507;"220150";"Batalha";"Não";"-";"Outros";1;1;1;2;NA;NA;3;NA;NA;1;1;NA;NA;NA;NA;1;1;NA;NA;NA;NA;1;2;NA;NA
22;"PI";2201556;"220155";"Bela Vista do Piauí";"Não";"-";"Outros";NA;NA;NA;NA;NA;NA;NA;NA;NA;NA;NA;NA;NA;NA;NA;NA;NA;NA;NA;NA;NA;NA;NA;NA;NA
22;"PI";2201606;"220160";"Beneditinos";"Não";"Região Integrada de Desenvolvimento da Grande Teresina";"Outros";NA;NA;NA;NA;NA;NA;NA;NA;1;1;NA;NA;NA;NA;NA;1;NA;1;NA;NA;NA;NA;NA;NA;NA
22;"PI";2201705;"220170";"Bertolínia";"Não";"-";"Outros";NA;NA;NA;NA;1;NA;1;NA;NA;1;NA;1;NA;NA;1;NA;NA;NA;1;1;NA;NA;NA;NA;NA
22;"PI";2201739;"220173";"Betânia do Piauí";"Não";"-";"Outros";NA;NA;NA;1;NA;NA;NA;NA;NA;NA;NA;NA;NA;NA;NA;NA;NA;NA;NA;NA;1;NA;NA;NA;NA
22;"PI";2201770;"220177";"Boa Hora";"Não";"-";"Outros";NA;NA;NA;NA;NA;NA;NA;NA;NA;NA;NA;NA;NA;NA;NA;NA;NA;NA;NA;1;NA;NA;NA;NA;NA
22;"PI";2201804;"220180";"Bocaina";"Não";"-";"Outros";NA;1;NA;NA;NA;NA;3;NA;1;NA;NA;NA;NA;NA;NA;NA;NA;NA;NA;NA;NA;NA;NA;NA;NA
22;"PI";2201903;"220190";"Bom Jesus";"Não";"-";"Outros";4;NA;2;1;2;1;1;2;4;2;2;NA;1;1;2;NA;NA;8;1;1;NA;NA;2;NA;NA
22;"PI";2201919;"220191";"Bom Princípio do Piauí";"Não";"-";"Outros";NA;NA;NA;NA;NA;NA;NA;NA;NA;NA;NA;NA;NA;NA;NA;NA;NA;NA;NA;NA;NA;2;NA;NA;NA
22;"PI";2201929;"220192";"Bonfim do Piauí";"Não";"-";"Outros";NA;NA;NA;NA;NA;NA;NA;NA;NA;NA;NA;NA;NA;NA;NA;NA;NA;NA;NA;NA;NA;NA;NA;NA;NA
22;"PI";2201945;"220194";"Boqueirão do Piauí";"Não";"-";"Outros";NA;NA;NA;1;NA;NA;NA;NA;NA;NA;NA;NA;NA;NA;NA;NA;NA;NA;NA;NA;NA;NA;NA;NA;NA
22;"PI";2201960;"220196";"Brasileira";"Não";"-";"Outros";NA;NA;NA;NA;NA;NA;NA;NA;NA;NA;NA;NA;NA;NA;NA;NA;1;NA;NA;NA;NA;NA;NA;NA;NA
22;"PI";2201988;"220198";"Brejo do Piauí";"Não";"-";"Outros";1;NA;NA;NA;NA;NA;NA;NA;NA;NA;NA;NA;NA;NA;NA;NA;NA;NA;NA;NA;NA;NA;NA;NA;NA
22;"PI";2202000;"220200";"Buriti dos Lopes";"Não";"-";"Outros";3;1;5;1;NA;10;4;NA;NA;NA;2;1;3;NA;2;NA;NA;NA;1;2;NA;1;1;2;NA
22;"PI";2202026;"220202";"Buriti dos Montes";"Não";"-";"Outros";NA;NA;NA;NA;NA;NA;NA;NA;NA;NA;NA;NA;NA;NA;NA;NA;1;NA;NA;NA;NA;NA;NA;NA;NA
22;"PI";2202059;"220205";"Cabeceiras do Piauí";"Não";"-";"Outros";NA;1;2;NA;NA;NA;NA;NA;NA;1;NA;1;NA;1;1;NA;NA;NA;NA;NA;NA;1;1;NA;NA
22;"PI";2202075;"220207";"Cajazeiras do Piauí";"Não";"-";"Outros";NA;NA;NA;NA;1;NA;NA;NA;NA;NA;1;NA;NA;NA;NA;NA;NA;NA;NA;NA;NA;NA;NA;NA;NA
22;"PI";2202083;"220208";"Cajueiro da Praia";"Não";"-";"Outros";NA;NA;NA;1;NA;NA;NA;NA;NA;1;NA;NA;NA;NA;NA;NA;NA;NA;NA;NA;NA;NA;NA;NA;NA
22;"PI";2202091;"220209";"Caldeirão Grande do Piauí";"Não";"-";"Outros";NA;NA;NA;NA;NA;NA;NA;NA;NA;NA;NA;NA;NA;1;NA;NA;NA;1;NA;NA;NA;NA;NA;NA;NA
22;"PI";2202117;"220211";"Campo Alegre do Fidalgo";"Não";"-";"Outros";NA;NA;NA;NA;NA;NA;NA;NA;NA;1;NA;NA;NA;NA;NA;NA;NA;NA;NA;NA;NA;NA;NA;NA;NA
22;"PI";2202133;"220213";"Campo Grande do Piauí";"Não";"-";"Outros";NA;NA;NA;1;NA;1;1;NA;NA;NA;NA;NA;1;NA;NA;NA;NA;NA;NA;NA;NA;NA;NA;NA;NA
22;"PI";2202208;"220220";"Campo Maior";"Não";"-";"Outros";5;3;6;2;3;9;4;5;6;2;7;13;2;2;1;NA;NA;1;NA;NA;NA;2;NA;1;NA
22;"PI";2202251;"220225";"Canavieira";"Não";"-";"Outros";NA;NA;NA;NA;NA;NA;NA;NA;NA;NA;NA;NA;NA;NA;NA;NA;NA;NA;NA;NA;NA;NA;NA;NA;NA
22;"PI";2202307;"220230";"Canto do Buriti";"Não";"-";"Outros";2;1;NA;2;1;1;NA;3;1;1;1;1;NA;NA;NA;NA;NA;NA;NA;NA;1;NA;NA;1;NA
22;"PI";2202406;"220240";"Capitão de Campos";"Não";"-";"Outros";NA;1;NA;1;NA;1;NA;1;NA;NA;NA;NA;1;NA;NA;NA;NA;NA;NA;NA;1;NA;NA;NA;NA
22;"PI";2202455;"220245";"Capitão Gervásio Oliveira";"Não";"-";"Outros";NA;NA;NA;NA;NA;NA;NA;NA;NA;1;NA;NA;NA;NA;NA;NA;NA;NA;NA;NA;NA;NA;NA;NA;NA
22;"PI";2202505;"220250";"Caracol";"Não";"-";"Outros";NA;NA;NA;2;NA;1;1;NA;NA;1;NA;NA;NA;NA;NA;NA;1;NA;1;NA;NA;NA;NA;NA;NA
22;"PI";2202539;"220253";"Caraúbas do Piauí";"Não";"-";"Outros";NA;NA;NA;NA;NA;NA;1;NA;NA;NA;NA;NA;1;NA;NA;NA;NA;NA;NA;NA;NA;NA;NA;NA;NA
22;"PI";2202554;"220255";"Caridade do Piauí";"Não";"-";"Outros";NA;NA;NA;NA;NA;NA;NA;NA;NA;NA;NA;NA;NA;NA;NA;NA;NA;NA;NA;NA;NA;NA;NA;NA;NA
22;"PI";2202604;"220260";"Castelo do Piauí";"Não";"-";"Outros";NA;NA;1;1;1;2;NA;NA;1;NA;NA;NA;NA;NA;NA;NA;NA;2;1;NA;NA;NA;NA;NA;NA
22;"PI";2202653;"220265";"Caxingó";"Não";"-";"Outros";NA;NA;NA;NA;1;NA;NA;NA;NA;NA;1;NA;NA;1;NA;NA;NA;NA;NA;NA;1;NA;1;NA;NA
22;"PI";2202703;"220270";"Cocal";"Não";"-";"Outros";NA;NA;1;NA;1;2;1;1;NA;1;1;NA;NA;NA;NA;NA;NA;3;1;NA;2;4;3;1;NA
22;"PI";2202711;"220271";"Cocal de Telha";"Não";"-";"Outros";NA;NA;NA;NA;3;NA;NA;1;NA;NA;NA;NA;NA;NA;NA;NA;NA;NA;NA;NA;1;NA;NA;NA;NA
22;"PI";2202729;"220272";"Cocal dos Alves";"Não";"-";"Outros";NA;NA;NA;NA;NA;NA;NA;2;NA;NA;NA;NA;NA;NA;NA;1;NA;NA;1;NA;NA;NA;1;NA;NA
22;"PI";2202737;"220273";"Coivaras";"Não";"Região Integrada de Desenvolvimento da Grande Teresina";"Outros";NA;NA;NA;NA;NA;NA;1;NA;NA;NA;1;1;NA;NA;NA;NA;NA;NA;NA;NA;NA;1;NA;NA;NA
22;"PI";2202752;"220275";"Colônia do Gurguéia";"Não";"-";"Outros";NA;NA;NA;NA;1;NA;NA;1;1;NA;NA;1;NA;NA;NA;NA;NA;NA;NA;NA;NA;3;2;NA;NA
22;"PI";2202778;"220277";"Colônia do Piauí";"Não";"-";"Outros";NA;NA;NA;NA;NA;NA;NA;1;NA;NA;NA;NA;NA;NA;NA;1;NA;NA;NA;NA;NA;NA;NA;NA;NA
22;"PI";2202802;"220280";"Conceição do Canindé";"Não";"-";"Outros";NA;NA;NA;NA;NA;NA;NA;1;NA;NA;NA;NA;NA;NA;NA;NA;NA;NA;NA;NA;NA;NA;NA;NA;NA
22;"PI";2202851;"220285";"Coronel José Dias";"Não";"-";"Outros";NA;NA;NA;NA;NA;NA;NA;NA;2;NA;1;NA;NA;NA;NA;NA;NA;NA;NA;1;NA;NA;NA;NA;NA
22;"PI";2202901;"220290";"Corrente";"Não";"-";"Outros";NA;1;NA;NA;NA;1;3;NA;2;NA;NA;NA;2;1;2;1;NA;NA;3;NA;4;3;1;NA;NA
22;"PI";2203008;"220300";"Cristalândia do Piauí";"Não";"-";"Outros";NA;NA;NA;NA;NA;NA;1;2;1;5;NA;NA;NA;NA;NA;NA;NA;NA;NA;NA;NA;NA;NA;NA;NA
22;"PI";2203107;"220310";"Cristino Castro";"Não";"-";"Outros";NA;1;NA;NA;NA;NA;1;2;2;NA;NA;1;NA;NA;1;NA;NA;NA;NA;1;NA;NA;NA;NA;NA
22;"PI";2203206;"220320";"Curimatá";"Não";"-";"Outros";NA;NA;NA;1;1;1;1;NA;1;NA;1;1;NA;1;NA;NA;NA;NA;NA;NA;2;NA;NA;NA;NA
22;"PI";2203230;"220323";"Currais";"Não";"-";"Outros";NA;NA;NA;NA;NA;NA;NA;NA;NA;NA;NA;NA;NA;NA;1;NA;NA;NA;NA;NA;NA;NA;NA;NA;NA
22;"PI";2203255;"220325";"Curralinhos";"Não";"Região Integrada de Desenvolvimento da Grande Teresina";"Outros";NA;NA;NA;NA;NA;NA;1;NA;NA;NA;1;NA;NA;NA;NA;NA;NA;2;NA;NA;NA;NA;NA;NA;NA
22;"PI";2203271;"220327";"Curral Novo do Piauí";"Não";"-";"Outros";NA;NA;NA;NA;NA;NA;NA;NA;NA;NA;NA;NA;NA;NA;NA;NA;NA;NA;NA;2;NA;NA;NA;NA;NA
22;"PI";2203305;"220330";"Demerval Lobão";"Não";"Região Integrada de Desenvolvimento da Grande Teresina";"Outros";NA;NA;NA;NA;NA;2;1;NA;NA;NA;NA;NA;NA;NA;NA;1;NA;NA;NA;NA;2;NA;1;1;NA
22;"PI";2203354;"220335";"Dirceu Arcoverde";"Não";"-";"Outros";NA;NA;NA;NA;NA;NA;NA;NA;NA;NA;1;NA;NA;NA;1;NA;NA;NA;NA;NA;NA;NA;NA;1;NA
22;"PI";2203404;"220340";"Dom Expedito Lopes";"Não";"-";"Outros";1;NA;NA;NA;NA;NA;NA;1;NA;NA;NA;NA;1;NA;NA;NA;NA;NA;NA;NA;NA;NA;NA;NA;NA
22;"PI";2203420;"220342";"Domingos Mourão";"Não";"-";"Outros";NA;1;NA;NA;NA;NA;NA;NA;NA;NA;NA;NA;NA;NA;NA;NA;NA;NA;NA;NA;NA;NA;NA;NA;NA
22;"PI";2203453;"220345";"Dom Inocêncio";"Não";"-";"Outros";NA;NA;NA;NA;NA;NA;NA;NA;NA;NA;NA;NA;NA;NA;NA;NA;NA;NA;NA;NA;NA;1;NA;NA;NA
22;"PI";2203503;"220350";"Elesbão Veloso";"Não";"-";"Outros";NA;1;1;NA;NA;4;2;NA;NA;NA;NA;2;1;NA;NA;1;NA;2;1;NA;NA;NA;NA;1;NA
22;"PI";2203602;"220360";"Eliseu Martins";"Não";"-";"Outros";NA;NA;NA;1;NA;1;1;NA;NA;1;NA;NA;NA;NA;1;1;1;1;NA;NA;NA;NA;NA;NA;NA
22;"PI";2203701;"220370";"Esperantina";"Não";"-";"Outros";NA;NA;NA;NA;NA;NA;NA;NA;NA;NA;NA;NA;NA;NA;1;1;NA;NA;NA;1;NA;2;1;1;NA
22;"PI";2203750;"220375";"Fartura do Piauí";"Não";"-";"Outros";NA;NA;NA;NA;1;NA;NA;NA;NA;NA;NA;NA;NA;NA;NA;NA;NA;NA;NA;NA;NA;NA;NA;NA;NA
22;"PI";2203800;"220380";"Flores do Piauí";"Não";"-";"Outros";NA;NA;NA;NA;NA;NA;NA;1;2;NA;NA;NA;NA;NA;NA;NA;1;NA;NA;NA;NA;NA;1;NA;NA
22;"PI";2203909;"220390";"Floriano";"Não";"-";"Outros";9;NA;3;2;6;6;6;2;5;4;7;2;1;2;NA;2;2;5;3;4;2;NA;1;2;NA
22;"PI";2204154;"220415";"Francisco Macedo";"Não";"-";"Outros";NA;NA;NA;1;2;NA;NA;NA;NA;NA;NA;NA;NA;NA;NA;NA;NA;NA;NA;NA;NA;NA;NA;NA;NA
22;"PI";2204204;"220420";"Francisco Santos";"Não";"-";"Outros";NA;NA;NA;NA;1;2;2;2;NA;1;NA;1;NA;1;NA;NA;NA;NA;NA;NA;NA;NA;NA;NA;NA
22;"PI";2204303;"220430";"Fronteiras";"Não";"-";"Outros";NA;3;NA;NA;NA;NA;NA;1;NA;NA;NA;NA;NA;1;NA;2;1;NA;NA;NA;2;NA;2;NA;NA
22;"PI";2204352;"220435";"Geminiano";"Não";"-";"Outros";NA;NA;NA;NA;1;NA;2;2;NA;NA;NA;1;1;NA;NA;1;NA;NA;NA;NA;1;NA;NA;NA;NA
22;"PI";2204402;"220440";"Gilbués";"Não";"-";"Outros";NA;NA;NA;NA;NA;NA;2;NA;1;NA;NA;NA;NA;8;NA;NA;NA;NA;NA;NA;1;NA;NA;NA;NA
22;"PI";2204501;"220450";"Guadalupe";"Não";"-";"Outros";2;NA;NA;NA;NA;NA;1;NA;NA;NA;NA;NA;NA;NA;NA;NA;NA;1;NA;NA;NA;1;NA;NA;NA
22;"PI";2204659;"220465";"Ilha Grande";"Não";"-";"Outros";NA;NA;1;NA;NA;NA;1;1;NA;3;NA;NA;NA;NA;NA;NA;NA;NA;NA;1;NA;NA;1;NA;NA
22;"PI";2204709;"220470";"Inhuma";"Não";"-";"Outros";NA;NA;NA;NA;NA;NA;3;1;5;NA;1;NA;NA;NA;1;NA;1;1;NA;NA;1;NA;1;NA;NA
22;"PI";2204808;"220480";"Ipiranga do Piauí";"Não";"-";"Outros";2;NA;1;NA;NA;NA;1;1;NA;NA;NA;2;NA;NA;NA;NA;NA;NA;NA;NA;NA;NA;NA;NA;NA
22;"PI";2204907;"220490";"Isaías Coelho";"Não";"-";"Outros";NA;NA;NA;NA;NA;NA;NA;NA;NA;NA;NA;NA;1;NA;NA;1;NA;NA;NA;NA;NA;NA;NA;NA;NA
22;"PI";2205003;"220500";"Itainópolis";"Não";"-";"Outros";NA;NA;NA;NA;NA;NA;NA;NA;NA;NA;NA;3;NA;NA;NA;NA;NA;NA;NA;NA;NA;NA;NA;NA;NA
22;"PI";2205102;"220510";"Itaueira";"Não";"-";"Outros";1;1;2;1;NA;NA;1;2;NA;NA;NA;NA;1;2;NA;1;NA;NA;2;NA;1;NA;NA;NA;NA
22;"PI";2205151;"220515";"Jacobina do Piauí";"Não";"-";"Outros";NA;NA;NA;NA;NA;NA;NA;NA;NA;NA;NA;NA;NA;1;NA;NA;NA;NA;1;NA;NA;NA;NA;1;NA
22;"PI";2205201;"220520";"Jaicós";"Não";"-";"Outros";NA;NA;NA;NA;2;NA;NA;2;NA;NA;NA;1;NA;NA;NA;NA;NA;2;1;NA;NA;2;NA;NA;NA
22;"PI";2205276;"220527";"Jatobá do Piauí";"Não";"-";"Outros";NA;NA;NA;NA;NA;1;NA;NA;NA;1;NA;NA;NA;NA;NA;NA;1;NA;NA;NA;NA;NA;NA;NA;NA
22;"PI";2205300;"220530";"Jerumenha";"Não";"-";"Outros";NA;NA;NA;NA;1;NA;NA;NA;NA;NA;NA;NA;NA;NA;NA;NA;NA;NA;NA;NA;NA;NA;NA;NA;NA
22;"PI";2205359;"220535";"João Costa";"Não";"-";"Outros";NA;NA;NA;NA;NA;NA;1;NA;NA;NA;NA;NA;NA;NA;NA;NA;NA;NA;NA;NA;NA;1;NA;NA;NA
22;"PI";2205409;"220540";"Joaquim Pires";"Não";"-";"Outros";NA;NA;NA;NA;1;NA;2;NA;NA;NA;NA;NA;NA;NA;NA;NA;NA;NA;NA;NA;NA;NA;1;NA;NA
22;"PI";2205458;"220545";"Joca Marques";"Não";"-";"Outros";NA;NA;NA;1;NA;NA;NA;NA;NA;NA;NA;NA;NA;NA;NA;NA;NA;NA;NA;NA;NA;1;NA;NA;NA
22;"PI";2205508;"220550";"José de Freitas";"Não";"Região Integrada de Desenvolvimento da Grande Teresina";"Outros";2;2;1;7;NA;1;1;4;2;2;1;1;NA;2;NA;1;1;1;NA;NA;1;NA;NA;2;NA
22;"PI";2205516;"220551";"Juazeiro do Piauí";"Não";"-";"Outros";NA;NA;NA;NA;NA;NA;NA;NA;NA;NA;NA;NA;NA;1;NA;NA;NA;NA;NA;NA;NA;NA;NA;1;NA
22;"PI";2205524;"220552";"Júlio Borges";"Não";"-";"Outros";NA;NA;NA;NA;NA;NA;NA;NA;1;NA;NA;NA;NA;NA;NA;NA;NA;NA;NA;NA;NA;NA;NA;NA;NA
22;"PI";2205532;"220553";"Jurema";"Não";"-";"Outros";NA;NA;NA;1;NA;NA;NA;NA;NA;NA;NA;NA;NA;NA;NA;NA;NA;NA;NA;NA;NA;NA;NA;NA;NA
22;"PI";2205540;"220554";"Lagoinha do Piauí";"Não";"-";"Outros";1;NA;NA;NA;NA;NA;NA;NA;NA;NA;1;1;NA;NA;NA;NA;NA;NA;NA;NA;1;NA;NA;NA;NA
22;"PI";2205557;"220555";"Lagoa Alegre";"Não";"Região Integrada de Desenvolvimento da Grande Teresina";"Outros";NA;NA;NA;NA;1;NA;NA;NA;NA;NA;1;NA;NA;2;1;NA;NA;NA;NA;NA;NA;2;NA;NA;NA
22;"PI";2205565;"220556";"Lagoa do Barro do Piauí";"Não";"-";"Outros";NA;NA;NA;NA;NA;NA;NA;NA;NA;NA;NA;NA;NA;NA;NA;NA;NA;NA;NA;NA;NA;NA;NA;NA;NA
22;"PI";2205573;"220557";"Lagoa de São Francisco";"Não";"-";"Outros";1;NA;NA;NA;NA;NA;NA;NA;NA;NA;NA;NA;NA;NA;NA;NA;NA;NA;NA;NA;NA;NA;NA;NA;NA
22;"PI";2205581;"220558";"Lagoa do Piauí";"Não";"Região Integrada de Desenvolvimento da Grande Teresina";"Outros";NA;NA;NA;1;NA;NA;1;NA;NA;NA;NA;NA;1;2;NA;NA;NA;NA;1;NA;NA;NA;2;1;NA
22;"PI";2205599;"220559";"Lagoa do Sítio";"Não";"-";"Outros";NA;NA;NA;NA;NA;NA;NA;NA;NA;NA;NA;NA;NA;NA;NA;NA;NA;1;1;NA;NA;NA;NA;NA;NA
22;"PI";2205607;"220560";"Landri Sales";"Não";"-";"Outros";NA;NA;NA;NA;NA;NA;NA;NA;NA;NA;NA;NA;NA;NA;NA;NA;NA;NA;NA;NA;NA;NA;NA;NA;NA
22;"PI";2205706;"220570";"Luís Correia";"Não";"-";"Outros";NA;NA;1;2;NA;2;2;NA;NA;3;2;3;3;2;1;2;NA;NA;NA;1;3;6;1;1;NA
22;"PI";2205805;"220580";"Luzilândia";"Não";"-";"Outros";1;1;2;2;1;2;2;NA;1;1;1;NA;1;NA;1;1;NA;1;NA;1;NA;2;NA;NA;NA
22;"PI";2205854;"220585";"Madeiro";"Não";"-";"Outros";NA;NA;NA;NA;NA;NA;1;NA;NA;NA;NA;NA;NA;NA;NA;NA;NA;NA;NA;NA;NA;NA;NA;NA;NA
22;"PI";2205904;"220590";"Manoel Emídio";"Não";"-";"Outros";NA;NA;NA;NA;NA;NA;NA;NA;NA;NA;NA;NA;NA;NA;1;NA;NA;NA;NA;NA;NA;NA;NA;NA;NA
22;"PI";2205953;"220595";"Marcolândia";"Não";"-";"Outros";1;NA;1;NA;NA;3;2;3;NA;NA;3;NA;NA;NA;NA;NA;NA;NA;NA;NA;NA;1;NA;1;NA
22;"PI";2206001;"220600";"Marcos Parente";"Não";"-";"Outros";NA;NA;NA;NA;NA;NA;NA;NA;1;NA;NA;NA;NA;NA;NA;NA;NA;NA;NA;NA;NA;NA;NA;NA;NA
22;"PI";2206050;"220605";"Massapê do Piauí";"Não";"-";"Outros";NA;NA;NA;NA;NA;NA;NA;NA;1;NA;NA;NA;NA;NA;NA;NA;NA;NA;NA;NA;NA;NA;NA;NA;NA
22;"PI";2206100;"220610";"Matias Olímpio";"Não";"-";"Outros";NA;NA;NA;1;NA;NA;NA;NA;NA;NA;NA;NA;NA;NA;NA;NA;NA;NA;NA;NA;NA;NA;NA;1;NA
22;"PI";2206209;"220620";"Miguel Alves";"Não";"-";"Outros";NA;NA;NA;3;1;2;1;1;1;NA;NA;NA;1;1;NA;1;NA;NA;NA;NA;NA;1;NA;1;NA
22;"PI";2206308;"220630";"Miguel Leão";"Não";"Região Integrada de Desenvolvimento da Grande Teresina";"Outros";NA;NA;NA;NA;NA;NA;NA;NA;NA;NA;NA;NA;NA;NA;NA;NA;NA;NA;1;NA;NA;NA;NA;NA;NA
22;"PI";2206357;"220635";"Milton Brandão";"Não";"-";"Outros";NA;NA;1;NA;NA;NA;NA;NA;NA;NA;NA;NA;NA;NA;NA;NA;NA;NA;NA;NA;NA;NA;NA;NA;NA
22;"PI";2206407;"220640";"Monsenhor Gil";"Não";"Região Integrada de Desenvolvimento da Grande Teresina";"Outros";1;1;NA;NA;1;NA;1;1;NA;NA;NA;NA;1;2;5;1;NA;NA;NA;NA;3;NA;1;2;NA
22;"PI";2206506;"220650";"Monsenhor Hipólito";"Não";"-";"Outros";NA;NA;NA;NA;1;1;NA;NA;NA;1;NA;NA;NA;NA;NA;NA;NA;NA;NA;NA;NA;NA;NA;NA;NA
22;"PI";2206605;"220660";"Monte Alegre do Piauí";"Não";"-";"Outros";NA;NA;NA;NA;2;NA;2;NA;NA;NA;1;1;NA;NA;1;NA;NA;7;NA;1;1;NA;1;NA;NA
22;"PI";2206670;"220667";"Morro do Chapéu do Piauí";"Não";"-";"Outros";NA;NA;NA;NA;NA;NA;1;NA;NA;NA;NA;NA;NA;NA;NA;NA;NA;NA;NA;NA;NA;NA;NA;NA;NA
22;"PI";2206696;"220669";"Murici dos Portelas";"Não";"-";"Outros";NA;NA;NA;NA;NA;NA;NA;NA;1;1;NA;NA;NA;NA;NA;NA;NA;NA;NA;1;NA;1;NA;NA;NA
22;"PI";2206704;"220670";"Nazaré do Piauí";"Não";"-";"Outros";NA;NA;NA;NA;NA;1;1;1;NA;NA;NA;NA;NA;NA;NA;NA;NA;1;NA;NA;NA;NA;NA;NA;NA
22;"PI";2206720;"220672";"Nazária";"Não";"Região Integrada de Desenvolvimento da Grande Teresina";"Outros";NA;NA;NA;NA;NA;NA;NA;NA;NA;NA;1;NA;1;2;1;1;NA;NA;NA;NA;1;NA;1;NA;NA
22;"PI";2206803;"220680";"Nossa Senhora dos Remédios";"Não";"-";"Outros";NA;NA;NA;NA;1;NA;1;NA;NA;NA;NA;NA;NA;NA;NA;NA;NA;NA;NA;NA;NA;NA;NA;NA;NA
22;"PI";2206902;"220690";"Novo Oriente do Piauí";"Não";"-";"Outros";NA;NA;NA;NA;NA;NA;NA;NA;NA;1;NA;NA;1;NA;NA;NA;NA;NA;NA;NA;NA;NA;NA;NA;NA
22;"PI";2206951;"220695";"Novo Santo Antônio";"Não";"-";"Outros";NA;NA;NA;1;NA;NA;NA;NA;NA;NA;NA;NA;NA;NA;NA;NA;NA;NA;NA;NA;NA;NA;NA;1;NA
22;"PI";2207009;"220700";"Oeiras";"Não";"-";"Outros";2;NA;NA;1;3;6;NA;1;1;5;2;1;1;3;2;1;1;1;NA;NA;4;2;1;2;NA
22;"PI";2207108;"220710";"Olho D'Água do Piauí";"Não";"-";"Outros";NA;NA;NA;NA;NA;NA;NA;1;NA;NA;NA;NA;NA;NA;NA;NA;NA;NA;NA;NA;NA;NA;NA;NA;NA
22;"PI";2207207;"220720";"Padre Marcos";"Não";"-";"Outros";NA;1;NA;NA;1;1;NA;NA;NA;1;NA;NA;NA;NA;NA;NA;NA;NA;NA;NA;NA;NA;NA;NA;NA
22;"PI";2207306;"220730";"Paes Landim";"Não";"-";"Outros";NA;NA;NA;NA;NA;NA;NA;NA;2;NA;1;NA;NA;NA;NA;NA;NA;NA;NA;NA;NA;NA;NA;NA;NA
22;"PI";2207355;"220735";"Pajeú do Piauí";"Não";"-";"Outros";NA;NA;NA;NA;NA;NA;NA;NA;NA;NA;NA;NA;NA;NA;NA;NA;NA;NA;NA;NA;NA;NA;NA;1;NA
22;"PI";2207405;"220740";"Palmeira do Piauí";"Não";"-";"Outros";NA;NA;NA;NA;NA;1;2;NA;NA;NA;NA;NA;NA;NA;NA;NA;NA;NA;NA;NA;NA;NA;NA;NA;NA
22;"PI";2207504;"220750";"Palmeirais";"Não";"-";"Outros";1;NA;NA;NA;1;1;NA;NA;2;NA;1;NA;3;1;1;2;1;NA;NA;NA;NA;2;NA;NA;NA
22;"PI";2207553;"220755";"Paquetá";"Não";"-";"Outros";NA;NA;NA;NA;NA;NA;NA;NA;NA;NA;NA;NA;NA;3;1;NA;NA;NA;NA;NA;NA;NA;NA;NA;NA
22;"PI";2207603;"220760";"Parnaguá";"Não";"-";"Outros";NA;NA;NA;2;NA;NA;NA;NA;NA;NA;NA;NA;NA;1;NA;NA;NA;NA;NA;NA;NA;NA;NA;NA;NA
22;"PI";2207702;"220770";"Parnaíba";"Não";"-";"Outros";8;3;13;5;9;10;2;2;NA;4;NA;1;1;9;1;1;2;NA;5;15;16;41;16;32;NA
22;"PI";2207751;"220775";"Passagem Franca do Piauí";"Não";"-";"Outros";1;NA;NA;NA;NA;1;2;NA;NA;NA;NA;1;NA;1;NA;NA;NA;NA;NA;NA;NA;NA;NA;1;NA
22;"PI";2207777;"220777";"Patos do Piauí";"Não";"-";"Outros";NA;NA;NA;1;NA;NA;NA;NA;NA;NA;NA;NA;1;NA;NA;1;NA;NA;1;3;1;NA;NA;NA;NA
22;"PI";2207801;"220780";"Paulistana";"Não";"-";"Outros";NA;NA;NA;NA;NA;NA;2;1;1;2;2;1;NA;2;NA;NA;NA;NA;1;NA;1;1;NA;NA;NA
22;"PI";2207850;"220785";"Pavussu";"Não";"-";"Outros";1;NA;NA;NA;NA;NA;NA;NA;NA;NA;NA;NA;NA;NA;NA;NA;1;NA;NA;NA;1;NA;NA;NA;NA
22;"PI";2207900;"220790";"Pedro II";"Não";"-";"Outros";NA;NA;1;NA;1;NA;1;1;NA;1;1;NA;NA;NA;NA;NA;NA;NA;NA;NA;NA;NA;NA;NA;NA
22;"PI";2207959;"220795";"Nova Santa Rita";"Não";"-";"Outros";NA;NA;NA;1;NA;1;NA;NA;NA;NA;NA;NA;NA;NA;NA;NA;NA;NA;NA;NA;NA;NA;NA;NA;NA
22;"PI";2208007;"220800";"Picos";"Não";"-";"Outros";3;3;5;1;8;5;8;6;3;NA;2;3;NA;1;1;2;3;NA;1;1;NA;3;3;2;NA
22;"PI";2208106;"220810";"Pimenteiras";"Não";"-";"Outros";NA;NA;2;NA;NA;1;NA;NA;NA;NA;NA;NA;NA;NA;NA;NA;NA;NA;NA;NA;NA;2;NA;NA;NA
22;"PI";2208205;"220820";"Pio IX";"Não";"-";"Outros";1;2;1;NA;NA;1;NA;NA;NA;NA;NA;1;NA;NA;NA;1;1;NA;NA;NA;3;NA;NA;NA;NA
22;"PI";2208304;"220830";"Piracuruca";"Não";"-";"Outros";NA;2;NA;1;4;NA;1;1;NA;1;1;NA;NA;NA;NA;NA;1;2;1;NA;1;2;2;NA;NA
22;"PI";2208403;"220840";"Piripiri";"Não";"-";"Outros";5;1;NA;3;4;2;NA;NA;NA;1;1;NA;NA;1;2;NA;NA;NA;1;1;NA;1;NA;6;NA
22;"PI";2208502;"220850";"Porto";"Não";"-";"Outros";NA;NA;NA;NA;NA;NA;NA;NA;NA;NA;1;NA;NA;1;1;NA;NA;NA;NA;NA;NA;NA;NA;NA;NA
22;"PI";2208551;"220855";"Porto Alegre do Piauí";"Não";"-";"Outros";NA;NA;NA;NA;NA;NA;NA;NA;NA;1;NA;NA;NA;NA;NA;NA;NA;NA;NA;NA;1;NA;NA;NA;NA
22;"PI";2208650;"220865";"Queimada Nova";"Não";"-";"Outros";NA;NA;NA;NA;NA;NA;NA;NA;NA;NA;NA;NA;NA;NA;NA;1;NA;NA;NA;NA;3;NA;NA;NA;NA
22;"PI";2208700;"220870";"Redenção do Gurguéia";"Não";"-";"Outros";NA;NA;NA;2;1;NA;2;NA;3;1;1;1;NA;NA;1;NA;NA;1;NA;NA;NA;NA;1;NA;NA
22;"PI";2208809;"220880";"Regeneração";"Não";"-";"Outros";NA;NA;NA;1;NA;NA;NA;NA;NA;1;NA;NA;4;NA;NA;NA;NA;1;NA;NA;NA;NA;NA;NA;NA
22;"PI";2208874;"220887";"Ribeira do Piauí";"Não";"-";"Outros";NA;NA;NA;NA;NA;NA;1;NA;NA;NA;NA;NA;NA;NA;NA;2;NA;NA;NA;NA;NA;NA;NA;NA;NA
22;"PI";2208908;"220890";"Ribeiro Gonçalves";"Não";"-";"Outros";1;NA;NA;NA;NA;NA;NA;NA;1;NA;NA;1;NA;1;NA;NA;NA;NA;NA;1;1;NA;1;NA;NA
22;"PI";2209005;"220900";"Rio Grande do Piauí";"Não";"-";"Outros";NA;NA;1;NA;NA;NA;NA;NA;1;NA;NA;NA;NA;NA;NA;NA;NA;NA;NA;NA;NA;NA;NA;NA;NA
22;"PI";2209104;"220910";"Santa Cruz do Piauí";"Não";"-";"Outros";NA;NA;NA;1;NA;NA;NA;NA;NA;NA;1;NA;1;NA;NA;NA;NA;NA;NA;NA;NA;NA;NA;NA;NA
22;"PI";2209153;"220915";"Santa Cruz dos Milagres";"Não";"-";"Outros";NA;NA;NA;NA;NA;NA;NA;NA;NA;NA;NA;NA;NA;NA;NA;NA;NA;NA;NA;NA;NA;1;NA;NA;NA
22;"PI";2209203;"220920";"Santa Filomena";"Não";"-";"Outros";NA;NA;NA;NA;1;NA;NA;1;NA;NA;NA;1;NA;NA;NA;1;NA;NA;2;NA;NA;NA;NA;2;NA
22;"PI";2209302;"220930";"Santa Luz";"Não";"-";"Outros";NA;NA;1;1;1;NA;1;NA;1;NA;NA;1;NA;NA;NA;1;NA;NA;1;NA;NA;NA;NA;NA;NA
22;"PI";2209377;"220937";"Santa Rosa do Piauí";"Não";"-";"Outros";NA;NA;NA;NA;NA;NA;1;NA;NA;NA;NA;NA;NA;NA;NA;NA;NA;NA;NA;NA;NA;NA;NA;NA;NA
22;"PI";2209401;"220940";"Santo Antônio de Lisboa";"Não";"-";"Outros";NA;NA;NA;NA;NA;2;NA;NA;1;NA;NA;NA;1;1;NA;NA;NA;NA;NA;NA;NA;NA;NA;NA;NA
22;"PI";2209450;"220945";"Santo Antônio dos Milagres";"Não";"-";"Outros";NA;NA;NA;NA;NA;NA;NA;NA;NA;NA;NA;NA;NA;NA;NA;NA;NA;NA;NA;NA;1;NA;NA;NA;NA
22;"PI";2209500;"220950";"Santo Inácio do Piauí";"Não";"-";"Outros";NA;NA;NA;NA;NA;NA;NA;NA;NA;NA;NA;NA;NA;NA;NA;NA;NA;NA;NA;NA;NA;NA;NA;NA;NA
22;"PI";2209559;"220955";"São Braz do Piauí";"Não";"-";"Outros";NA;NA;NA;NA;NA;NA;NA;1;1;NA;1;NA;NA;NA;NA;NA;NA;NA;NA;NA;NA;NA;NA;NA;NA
22;"PI";2209708;"220970";"São Francisco do Piauí";"Não";"-";"Outros";NA;NA;NA;NA;NA;NA;NA;NA;NA;NA;NA;NA;NA;1;1;NA;NA;NA;1;NA;NA;NA;NA;NA;NA
22;"PI";2209757;"220975";"São Gonçalo do Gurguéia";"Não";"-";"Outros";NA;NA;NA;NA;NA;NA;NA;1;NA;NA;NA;NA;NA;1;NA;NA;NA;NA;NA;NA;1;NA;NA;1;NA
22;"PI";2209872;"220987";"São João da Fronteira";"Não";"-";"Outros";NA;NA;NA;NA;NA;1;NA;NA;NA;NA;NA;NA;NA;NA;1;NA;NA;NA;NA;NA;NA;NA;1;NA;NA
22;"PI";2209906;"220990";"São João da Serra";"Não";"-";"Outros";NA;1;NA;NA;NA;NA;NA;NA;NA;NA;NA;NA;NA;NA;NA;NA;NA;NA;NA;NA;NA;NA;NA;NA;NA
22;"PI";2209955;"220995";"São João da Varjota";"Não";"-";"Outros";NA;NA;NA;NA;NA;2;NA;NA;NA;NA;NA;NA;NA;NA;NA;NA;NA;NA;NA;NA;NA;NA;1;NA;NA
22;"PI";2210003;"221000";"São João do Piauí";"Não";"-";"Outros";4;1;NA;1;2;NA;NA;NA;1;2;NA;2;NA;1;NA;NA;NA;NA;NA;NA;NA;1;NA;NA;NA
22;"PI";2210102;"221010";"São José do Peixe";"Não";"-";"Outros";NA;NA;NA;NA;NA;NA;NA;NA;NA;NA;NA;NA;NA;NA;NA;1;NA;NA;NA;NA;NA;NA;NA;NA;NA
22;"PI";2210201;"221020";"São José do Piauí";"Não";"-";"Outros";NA;NA;NA;NA;NA;NA;NA;NA;NA;NA;NA;NA;NA;NA;NA;NA;NA;NA;NA;NA;NA;NA;NA;NA;NA
22;"PI";2210300;"221030";"São Julião";"Não";"-";"Outros";NA;NA;NA;NA;NA;NA;1;NA;NA;NA;NA;NA;NA;NA;NA;1;NA;NA;1;NA;NA;NA;NA;NA;NA
22;"PI";2210359;"221035";"São Lourenço do Piauí";"Não";"-";"Outros";NA;1;NA;NA;NA;1;NA;NA;NA;NA;1;NA;NA;NA;NA;NA;NA;NA;1;NA;NA;NA;NA;NA;NA
22;"PI";2210375;"221037";"São Luis do Piauí";"Não";"-";"Outros";NA;NA;NA;NA;NA;NA;NA;NA;NA;NA;NA;NA;NA;NA;NA;NA;NA;NA;NA;NA;NA;NA;NA;NA;NA
22;"PI";2210383;"221038";"São Miguel da Baixa Grande";"Não";"-";"Outros";NA;NA;NA;NA;NA;NA;NA;NA;NA;NA;NA;NA;NA;NA;NA;NA;NA;NA;NA;NA;NA;NA;NA;NA;NA
22;"PI";2210391;"221039";"São Miguel do Fidalgo";"Não";"-";"Outros";NA;NA;NA;NA;NA;NA;NA;1;NA;NA;NA;NA;NA;NA;NA;NA;NA;NA;NA;NA;NA;NA;NA;NA;NA
22;"PI";2210409;"221040";"São Miguel do Tapuio";"Não";"-";"Outros";NA;NA;NA;NA;1;NA;2;NA;4;NA;NA;NA;NA;NA;NA;NA;NA;NA;NA;NA;NA;NA;NA;NA;NA
22;"PI";2210508;"221050";"São Pedro do Piauí";"Não";"-";"Outros";NA;NA;NA;NA;NA;NA;NA;NA;NA;2;NA;1;1;NA;NA;NA;NA;NA;NA;NA;1;NA;1;NA;NA
22;"PI";2210607;"221060";"São Raimundo Nonato";"Não";"-";"Outros";2;NA;1;1;1;2;3;1;2;1;1;5;3;2;1;NA;3;NA;2;1;NA;NA;2;NA;NA
22;"PI";2210623;"221062";"Sebastião Barros";"Não";"-";"Outros";NA;NA;NA;NA;NA;NA;NA;NA;NA;NA;NA;NA;NA;NA;NA;NA;NA;NA;NA;NA;NA;NA;1;NA;NA
22;"PI";2210631;"221063";"Sebastião Leal";"Não";"-";"Outros";NA;NA;NA;NA;NA;NA;NA;NA;NA;NA;NA;NA;NA;NA;NA;NA;NA;NA;NA;NA;NA;1;1;NA;NA
22;"PI";2210656;"221065";"Sigefredo Pacheco";"Não";"-";"Outros";2;NA;NA;NA;NA;NA;NA;NA;NA;NA;NA;NA;NA;NA;NA;NA;NA;NA;NA;NA;NA;NA;NA;1;NA
22;"PI";2210706;"221070";"Simões";"Não";"-";"Outros";NA;NA;NA;1;1;NA;NA;NA;1;NA;NA;NA;NA;NA;NA;NA;4;NA;4;NA;NA;NA;NA;NA;NA
22;"PI";2210805;"221080";"Simplício Mendes";"Não";"-";"Outros";NA;2;NA;NA;1;NA;1;1;NA;1;NA;NA;NA;1;NA;1;1;NA;1;NA;NA;NA;NA;NA;NA
22;"PI";2210904;"221090";"Socorro do Piauí";"Não";"-";"Outros";NA;NA;NA;NA;NA;NA;NA;NA;NA;NA;2;NA;NA;NA;NA;NA;NA;NA;NA;NA;NA;1;NA;NA;NA
22;"PI";2210938;"221093";"Sussuapara";"Não";"-";"Outros";NA;NA;NA;NA;NA;NA;1;NA;NA;NA;NA;NA;NA;NA;NA;NA;NA;NA;NA;NA;NA;NA;1;NA;NA
22;"PI";2210979;"221097";"Tanque do Piauí";"Não";"-";"Outros";NA;2;NA;NA;NA;NA;NA;NA;NA;NA;NA;NA;NA;NA;NA;NA;NA;NA;NA;NA;NA;NA;NA;NA;NA
22;"PI";2211001;"221100";"Teresina";"Sim";"Região Integrada de Desenvolvimento da Grande Teresina";"Outros";63;87;100;105;72;51;122;113;98;85;38;64;73;92;119;69;50;30;29;32;43;29;31;24;NA
22;"PI";2211100;"221110";"União";"Não";"Região Integrada de Desenvolvimento da Grande Teresina";"Outros";NA;NA;2;1;NA;1;NA;3;1;NA;4;2;1;4;1;NA;1;NA;1;1;1;2;4;2;NA
22;"PI";2211209;"221120";"Uruçuí";"Não";"-";"Outros";2;1;1;2;NA;2;3;NA;1;2;NA;NA;1;1;1;NA;3;NA;NA;1;NA;2;3;3;NA
22;"PI";2211308;"221130";"Valença do Piauí";"Não";"-";"Outros";2;1;NA;4;1;NA;NA;NA;2;1;NA;NA;NA;2;NA;1;NA;1;NA;1;NA;2;1;NA;NA
22;"PI";2211357;"221135";"Várzea Branca";"Não";"-";"Outros";NA;NA;NA;NA;NA;NA;NA;NA;2;NA;NA;NA;NA;NA;NA;NA;NA;NA;NA;NA;NA;NA;NA;NA;NA
22;"PI";2211407;"221140";"Várzea Grande";"Não";"-";"Outros";NA;NA;NA;NA;NA;NA;NA;NA;NA;NA;NA;NA;NA;NA;NA;NA;NA;NA;NA;NA;NA;NA;NA;NA;NA
22;"PI";2211506;"221150";"Vera Mendes";"Não";"-";"Outros";NA;NA;NA;NA;NA;NA;NA;NA;NA;NA;NA;NA;NA;2;NA;NA;NA;NA;NA;NA;NA;NA;NA;NA;NA
22;"PI";2211605;"221160";"Vila Nova do Piauí";"Não";"-";"Outros";NA;NA;NA;NA;NA;2;NA;NA;1;NA;NA;NA;NA;2;NA;NA;NA;NA;NA;NA;NA;NA;NA;NA;NA
22;"PI";2211704;"221170";"Wall Ferraz";"Não";"-";"Outros";1;1;NA;NA;NA;NA;NA;1;1;NA;NA;NA;NA;NA;NA;NA;NA;NA;NA;NA;NA;NA;NA;NA;NA
23;"CE";2300101;"230010";"Abaiara";"Não";"-";"Outros";NA;NA;NA;NA;NA;NA;NA;NA;NA;NA;1;NA;2;1;1;1;1;NA;NA;NA;NA;NA;NA;NA;NA
23;"CE";2300150;"230015";"Acarape";"Não";"-";"Outros";2;1;NA;NA;NA;NA;NA;NA;NA;NA;NA;NA;NA;NA;NA;NA;NA;NA;NA;NA;NA;NA;NA;NA;NA
23;"CE";2300200;"230020";"Acaraú";"Não";"-";"Outros";1;NA;NA;3;NA;1;1;1;NA;2;2;NA;NA;NA;2;NA;1;1;NA;NA;8;1;1;NA;NA
23;"CE";2300309;"230030";"Acopiara";"Não";"-";"Outros";1;1;NA;NA;NA;1;NA;NA;NA;NA;11;3;3;2;3;4;1;NA;1;NA;NA;1;2;2;NA
23;"CE";2300408;"230040";"Aiuaba";"Não";"-";"Outros";NA;NA;NA;NA;NA;NA;NA;NA;NA;NA;2;2;3;2;3;NA;1;NA;2;NA;1;2;2;1;NA
23;"CE";2300507;"230050";"Alcântaras";"Não";"Região Metropolitana de Sobral";"Outros";NA;NA;NA;NA;1;NA;NA;NA;NA;NA;NA;NA;NA;NA;NA;NA;NA;NA;NA;NA;NA;1;NA;NA;NA
23;"CE";2300606;"230060";"Altaneira";"Não";"-";"Outros";NA;NA;NA;NA;NA;NA;NA;NA;NA;NA;NA;NA;2;NA;NA;NA;NA;NA;NA;NA;NA;1;NA;NA;NA
23;"CE";2300705;"230070";"Alto Santo";"Não";"-";"Outros";2;2;1;NA;1;1;NA;1;3;1;4;1;5;8;5;4;1;2;1;NA;NA;NA;NA;2;NA
23;"CE";2300754;"230075";"Amontada";"Não";"-";"Outros";NA;NA;NA;NA;NA;NA;1;1;1;1;NA;NA;1;NA;NA;2;1;3;9;6;2;1;2;1;NA
23;"CE";2300804;"230080";"Antonina do Norte";"Não";"-";"Outros";NA;NA;NA;NA;1;1;NA;1;NA;NA;NA;NA;4;2;1;2;NA;NA;NA;NA;NA;NA;NA;NA;NA
23;"CE";2300903;"230090";"Apuiarés";"Não";"-";"Outros";NA;NA;NA;NA;NA;NA;NA;NA;NA;NA;NA;1;NA;NA;1;1;3;2;2;NA;NA;1;NA;NA;NA
23;"CE";2301000;"230100";"Aquiraz";"Não";"Região Metropolitana de Fortaleza";"Outros";2;4;NA;NA;NA;1;2;NA;NA;NA;3;1;NA;1;2;1;NA;NA;NA;NA;NA;NA;NA;NA;NA
23;"CE";2301109;"230110";"Aracati";"Não";"-";"Outros";NA;1;3;1;NA;NA;1;NA;NA;NA;1;NA;10;11;1;1;NA;NA;1;3;6;4;3;6;NA
23;"CE";2301208;"230120";"Aracoiaba";"Não";"-";"Outros";NA;NA;NA;1;NA;NA;2;NA;2;2;NA;1;4;2;NA;5;4;5;3;5;3;8;NA;NA;NA
23;"CE";2301257;"230125";"Ararendá";"Não";"-";"Outros";NA;NA;NA;NA;NA;NA;NA;2;NA;NA;NA;1;1;1;NA;1;NA;NA;NA;NA;2;1;NA;NA;NA
23;"CE";2301307;"230130";"Araripe";"Não";"-";"Outros";NA;NA;NA;NA;NA;1;NA;NA;1;3;1;3;4;6;8;4;3;NA;NA;NA;NA;NA;NA;NA;NA
23;"CE";2301406;"230140";"Aratuba";"Não";"-";"Outros";1;NA;NA;NA;NA;NA;NA;NA;NA;NA;2;3;1;2;4;6;1;2;NA;1;2;4;1;NA;NA
23;"CE";2301505;"230150";"Arneiroz";"Não";"-";"Outros";NA;NA;NA;NA;NA;NA;NA;NA;NA;NA;NA;3;4;2;1;2;1;NA;NA;NA;2;NA;NA;1;NA
23;"CE";2301604;"230160";"Assaré";"Não";"-";"Outros";NA;NA;NA;1;NA;NA;NA;2;NA;3;1;4;6;2;1;4;2;NA;NA;1;NA;2;NA;NA;NA
23;"CE";2301703;"230170";"Aurora";"Não";"-";"Outros";NA;NA;NA;NA;NA;NA;NA;NA;NA;NA;NA;1;2;NA;1;1;1;NA;NA;NA;NA;NA;NA;1;NA
23;"CE";2301802;"230180";"Baixio";"Não";"-";"Outros";NA;NA;NA;NA;NA;NA;NA;NA;NA;NA;1;2;1;2;1;NA;NA;NA;NA;NA;NA;NA;NA;1;NA
23;"CE";2301851;"230185";"Banabuiú";"Não";"-";"Outros";NA;NA;NA;NA;NA;NA;NA;1;1;NA;NA;NA;2;4;1;2;NA;NA;1;NA;1;1;1;NA;NA
23;"CE";2301901;"230190";"Barbalha";"Não";"Região Metropolitana do Cariri";"Outros";7;1;NA;NA;NA;1;NA;5;47;46;31;69;86;55;38;41;25;1;1;NA;1;3;4;NA;NA
23;"CE";2301950;"230195";"Barreira";"Não";"-";"Outros";NA;NA;NA;1;NA;1;1;NA;NA;NA;NA;NA;NA;NA;3;NA;NA;NA;NA;NA;NA;NA;NA;NA;NA
23;"CE";2302008;"230200";"Barro";"Não";"-";"Outros";NA;1;NA;NA;NA;NA;NA;NA;NA;NA;NA;3;4;4;4;7;2;NA;1;NA;NA;NA;NA;NA;NA
23;"CE";2302057;"230205";"Barroquinha";"Não";"-";"Outros";NA;2;NA;NA;NA;1;NA;NA;NA;1;1;NA;1;NA;NA;NA;1;NA;NA;NA;1;NA;NA;1;NA
23;"CE";2302107;"230210";"Baturité";"Não";"-";"Outros";NA;NA;NA;3;NA;NA;1;NA;NA;NA;NA;1;7;5;4;4;3;2;3;4;2;2;NA;1;NA
23;"CE";2302206;"230220";"Beberibe";"Não";"-";"Outros";1;1;NA;1;NA;NA;1;NA;NA;NA;1;2;NA;NA;2;NA;NA;NA;NA;1;NA;NA;NA;NA;NA
23;"CE";2302305;"230230";"Bela Cruz";"Não";"-";"Outros";NA;NA;NA;NA;NA;NA;NA;NA;NA;NA;NA;1;2;NA;1;3;6;1;NA;1;2;1;2;NA;NA
23;"CE";2302404;"230240";"Boa Viagem";"Não";"-";"Outros";NA;NA;NA;1;1;NA;NA;NA;1;1;3;9;5;5;16;7;8;15;9;7;7;15;8;3;NA
23;"CE";2302503;"230250";"Brejo Santo";"Não";"-";"Outros";NA;NA;1;NA;NA;NA;NA;NA;1;NA;4;6;11;5;10;6;8;1;1;NA;NA;1;2;NA;NA
23;"CE";2302602;"230260";"Camocim";"Não";"-";"Outros";NA;NA;3;NA;NA;1;NA;NA;2;NA;1;NA;NA;1;NA;10;4;4;2;10;3;2;NA;1;NA
23;"CE";2302701;"230270";"Campos Sales";"Não";"-";"Outros";3;NA;NA;NA;NA;NA;NA;NA;NA;1;NA;4;9;2;NA;1;3;NA;NA;NA;NA;1;NA;1;NA
23;"CE";2302800;"230280";"Canindé";"Não";"-";"Outros";NA;1;NA;1;3;2;4;2;1;NA;4;10;11;18;30;11;15;9;15;9;16;10;6;8;NA
23;"CE";2302909;"230290";"Capistrano";"Não";"-";"Outros";NA;NA;NA;1;NA;NA;NA;NA;NA;NA;NA;NA;9;4;NA;2;1;NA;3;3;1;2;1;2;NA
23;"CE";2303006;"230300";"Caridade";"Não";"-";"Outros";NA;NA;NA;1;NA;NA;NA;NA;NA;2;NA;2;3;6;4;3;2;4;2;7;1;2;1;1;NA
23;"CE";2303105;"230310";"Cariré";"Não";"Região Metropolitana de Sobral";"Outros";NA;NA;NA;NA;NA;NA;NA;NA;NA;NA;NA;NA;NA;NA;2;1;4;NA;2;NA;NA;NA;NA;NA;NA
23;"CE";2303204;"230320";"Caririaçu";"Não";"Região Metropolitana do Cariri";"Outros";NA;1;NA;NA;NA;1;NA;NA;NA;1;1;4;5;3;6;2;1;NA;2;NA;NA;NA;3;NA;NA
23;"CE";2303303;"230330";"Cariús";"Não";"-";"Outros";1;NA;NA;NA;NA;NA;NA;NA;NA;NA;2;NA;1;NA;1;NA;NA;NA;NA;NA;NA;NA;NA;NA;NA
23;"CE";2303402;"230340";"Carnaubal";"Não";"-";"Outros";NA;NA;NA;NA;NA;NA;NA;NA;NA;NA;NA;NA;1;1;NA;2;1;1;1;NA;3;1;NA;NA;NA
23;"CE";2303501;"230350";"Cascavel";"Não";"Região Metropolitana de Fortaleza";"Outros";3;2;NA;NA;NA;NA;NA;NA;NA;NA;4;1;NA;NA;3;NA;NA;NA;NA;NA;NA;NA;NA;NA;NA
23;"CE";2303600;"230360";"Catarina";"Não";"-";"Outros";NA;NA;NA;NA;NA;NA;NA;NA;NA;NA;1;NA;1;NA;1;1;NA;NA;NA;NA;1;1;NA;NA;NA
23;"CE";2303659;"230365";"Catunda";"Não";"-";"Outros";NA;NA;NA;NA;NA;NA;NA;NA;NA;NA;1;1;3;4;4;1;2;2;3;NA;2;1;2;2;NA
23;"CE";2303709;"230370";"Caucaia";"Não";"Região Metropolitana de Fortaleza";"Outros";8;8;5;4;1;13;10;2;1;NA;9;3;1;1;12;NA;1;1;1;1;NA;NA;NA;1;NA
23;"CE";2303808;"230380";"Cedro";"Não";"-";"Outros";NA;NA;NA;NA;NA;NA;NA;NA;1;NA;4;6;3;3;1;4;NA;NA;NA;NA;NA;NA;NA;1;NA
23;"CE";2303907;"230390";"Chaval";"Não";"-";"Outros";NA;NA;NA;NA;NA;NA;NA;NA;NA;NA;NA;1;NA;NA;NA;NA;1;NA;1;NA;NA;NA;NA;NA;NA
23;"CE";2303931;"230393";"Choró";"Não";"-";"Outros";NA;NA;NA;1;1;1;NA;NA;1;1;1;1;1;1;3;2;NA;3;NA;NA;2;NA;NA;NA;NA
23;"CE";2303956;"230395";"Chorozinho";"Não";"Região Metropolitana de Fortaleza";"Outros";NA;NA;NA;NA;NA;1;NA;NA;NA;NA;NA;1;NA;NA;2;2;NA;1;NA;NA;NA;NA;NA;NA;NA
23;"CE";2304004;"230400";"Coreaú";"Não";"Região Metropolitana de Sobral";"Outros";NA;1;NA;NA;NA;NA;NA;NA;NA;NA;NA;NA;NA;NA;1;2;2;NA;NA;1;2;2;2;1;NA
23;"CE";2304103;"230410";"Crateús";"Não";"-";"Outros";3;NA;2;2;NA;NA;2;NA;2;NA;6;8;12;12;18;1;2;4;NA;1;3;3;2;1;NA
23;"CE";2304202;"230420";"Crato";"Não";"Região Metropolitana do Cariri";"Outros";2;NA;1;3;24;2;1;2;5;2;8;18;12;16;28;14;12;2;NA;NA;1;5;2;1;NA
23;"CE";2304236;"230423";"Croatá";"Não";"-";"Outros";NA;NA;1;4;NA;1;NA;NA;NA;NA;NA;NA;NA;NA;NA;NA;1;NA;NA;NA;2;1;1;1;NA
23;"CE";2304251;"230425";"Cruz";"Não";"-";"Outros";NA;NA;NA;NA;NA;NA;NA;NA;NA;1;NA;NA;1;NA;1;NA;1;NA;1;NA;NA;2;1;NA;NA
23;"CE";2304269;"230426";"Deputado Irapuan Pinheiro";"Não";"-";"Outros";NA;NA;NA;NA;NA;NA;NA;NA;NA;1;NA;NA;2;2;1;1;2;2;2;NA;NA;1;1;NA;NA
23;"CE";2304277;"230427";"Ereré";"Não";"-";"Outros";NA;NA;NA;NA;NA;NA;NA;NA;NA;2;NA;1;2;3;2;NA;NA;NA;NA;1;1;NA;2;NA;NA
23;"CE";2304285;"230428";"Eusébio";"Não";"Região Metropolitana de Fortaleza";"Outros";NA;1;NA;NA;NA;NA;NA;NA;NA;NA;2;1;NA;NA;3;NA;NA;1;1;NA;NA;NA;NA;NA;NA
23;"CE";2304301;"230430";"Farias Brito";"Não";"Região Metropolitana do Cariri";"Outros";NA;NA;1;NA;2;NA;NA;NA;NA;NA;NA;NA;6;3;NA;3;NA;NA;NA;NA;NA;1;NA;NA;NA
23;"CE";2304350;"230435";"Forquilha";"Não";"Região Metropolitana de Sobral";"Outros";NA;1;NA;NA;NA;NA;1;NA;NA;NA;NA;NA;1;3;NA;1;NA;1;1;2;2;3;1;2;NA
23;"CE";2304400;"230440";"Fortaleza";"Sim";"Região Metropolitana de Fortaleza";"Outros";42;22;4;5;3;NA;1;5;3;1;77;24;2;7;83;19;9;6;3;4;3;4;3;3;NA
23;"CE";2304459;"230445";"Fortim";"Não";"-";"Outros";NA;NA;NA;NA;1;NA;1;NA;NA;NA;NA;NA;2;1;NA;NA;NA;NA;NA;NA;1;3;4;NA;NA
23;"CE";2304509;"230450";"Frecheirinha";"Não";"Região Metropolitana de Sobral";"Outros";NA;NA;NA;NA;1;NA;NA;NA;NA;1;NA;NA;1;1;NA;NA;1;NA;NA;NA;NA;NA;NA;NA;NA
23;"CE";2304608;"230460";"General Sampaio";"Não";"-";"Outros";NA;NA;NA;NA;NA;NA;NA;NA;NA;NA;1;2;NA;2;1;1;2;NA;1;3;1;NA;NA;NA;NA
23;"CE";2304657;"230465";"Graça";"Não";"Região Metropolitana de Sobral";"Outros";NA;NA;NA;NA;NA;NA;NA;NA;NA;NA;NA;NA;1;2;3;NA;NA;1;NA;NA;1;NA;NA;NA;NA
23;"CE";2304707;"230470";"Granja";"Não";"-";"Outros";NA;1;1;1;NA;3;1;1;5;NA;NA;3;NA;5;7;3;3;NA;1;1;6;NA;4;1;NA
23;"CE";2304806;"230480";"Granjeiro";"Não";"-";"Outros";NA;NA;1;NA;NA;NA;NA;1;NA;NA;NA;NA;3;NA;NA;NA;NA;NA;NA;NA;NA;NA;NA;NA;NA
23;"CE";2304905;"230490";"Groaíras";"Não";"Região Metropolitana de Sobral";"Outros";NA;NA;NA;NA;NA;NA;NA;NA;NA;NA;NA;NA;NA;NA;NA;NA;NA;NA;NA;NA;1;NA;NA;NA;NA
23;"CE";2304954;"230495";"Guaiúba";"Não";"Região Metropolitana de Fortaleza";"Outros";NA;NA;NA;NA;NA;NA;1;1;NA;NA;NA;NA;NA;NA;1;NA;NA;NA;NA;NA;NA;NA;NA;NA;NA
23;"CE";2305001;"230500";"Guaraciaba do Norte";"Não";"-";"Outros";NA;1;2;2;NA;NA;NA;NA;NA;1;NA;NA;NA;2;NA;6;8;5;4;4;6;NA;NA;2;NA
23;"CE";2305100;"230510";"Guaramiranga";"Não";"-";"Outros";NA;NA;NA;NA;NA;1;NA;NA;1;NA;NA;1;1;2;NA;1;1;1;NA;NA;NA;NA;NA;1;NA
23;"CE";2305209;"230520";"Hidrolândia";"Não";"-";"Outros";NA;NA;NA;1;NA;NA;NA;NA;NA;NA;2;3;1;2;5;3;5;4;3;5;1;3;NA;NA;NA
23;"CE";2305233;"230523";"Horizonte";"Não";"Região Metropolitana de Fortaleza";"Outros";2;2;NA;NA;NA;1;NA;NA;NA;NA;5;NA;NA;NA;5;NA;NA;NA;NA;1;NA;NA;NA;NA;NA
23;"CE";2305266;"230526";"Ibaretama";"Não";"-";"Outros";NA;NA;NA;NA;NA;1;1;NA;3;1;NA;NA;NA;4;3;7;2;6;1;3;1;NA;NA;1;NA
23;"CE";2305308;"230530";"Ibiapina";"Não";"-";"Outros";NA;1;1;NA;1;NA;NA;NA;2;NA;NA;NA;2;NA;NA;NA;NA;1;NA;NA;5;2;1;NA;NA
23;"CE";2305332;"230533";"Ibicuitinga";"Não";"-";"Outros";1;NA;NA;NA;NA;NA;NA;NA;NA;1;1;1;3;2;2;4;NA;2;NA;1;NA;1;NA;NA;NA
23;"CE";2305357;"230535";"Icapuí";"Não";"-";"Outros";NA;NA;NA;NA;NA;1;NA;NA;NA;1;NA;NA;4;3;3;NA;1;NA;1;1;2;1;3;3;NA
23;"CE";2305407;"230540";"Icó";"Não";"-";"Outros";1;1;1;NA;1;NA;NA;1;2;NA;11;12;12;13;7;9;NA;NA;1;NA;NA;NA;2;3;NA
23;"CE";2305506;"230550";"Iguatu";"Não";"-";"Outros";NA;NA;2;NA;1;1;1;NA;1;2;19;5;7;6;3;8;1;NA;NA;1;NA;1;1;1;NA
23;"CE";2305605;"230560";"Independência";"Não";"-";"Outros";NA;NA;NA;NA;NA;NA;NA;2;NA;NA;2;9;4;11;7;1;1;NA;1;NA;1;NA;3;NA;NA
23;"CE";2305654;"230565";"Ipaporanga";"Não";"-";"Outros";NA;NA;NA;NA;NA;NA;NA;NA;NA;1;NA;NA;NA;1;1;NA;NA;1;NA;1;NA;NA;1;NA;NA
23;"CE";2305704;"230570";"Ipaumirim";"Não";"-";"Outros";NA;NA;NA;NA;NA;NA;NA;NA;NA;NA;3;1;2;3;3;2;NA;NA;NA;NA;NA;NA;2;NA;NA
23;"CE";2305803;"230580";"Ipu";"Não";"-";"Outros";NA;1;NA;NA;1;1;4;NA;1;4;3;3;NA;2;2;NA;1;NA;1;NA;5;1;2;1;NA
23;"CE";2305902;"230590";"Ipueiras";"Não";"-";"Outros";NA;NA;1;NA;2;1;4;1;1;2;1;NA;1;NA;1;3;NA;NA;3;1;3;2;1;2;NA
23;"CE";2306009;"230600";"Iracema";"Não";"-";"Outros";NA;NA;NA;NA;NA;NA;NA;NA;NA;NA;1;NA;6;5;NA;4;2;NA;1;1;NA;NA;2;2;NA
23;"CE";2306108;"230610";"Irauçuba";"Não";"-";"Outros";2;NA;NA;1;NA;NA;NA;NA;NA;NA;NA;NA;3;6;4;5;NA;3;5;1;3;NA;2;NA;NA
23;"CE";2306207;"230620";"Itaiçaba";"Não";"-";"Outros";NA;NA;NA;NA;NA;NA;NA;NA;NA;NA;NA;NA;1;4;2;NA;NA;NA;NA;NA;NA;NA;NA;NA;NA
23;"CE";2306256;"230625";"Itaitinga";"Não";"Região Metropolitana de Fortaleza";"Outros";NA;NA;NA;NA;NA;NA;1;NA;NA;NA;1;NA;NA;2;1;NA;NA;NA;NA;NA;NA;NA;NA;NA;NA
23;"CE";2306306;"230630";"Itapajé";"Não";"-";"Outros";2;1;NA;NA;NA;NA;1;1;NA;1;NA;NA;5;1;NA;1;1;1;NA;4;3;6;NA;NA;NA
23;"CE";2306405;"230640";"Itapipoca";"Não";"-";"Outros";NA;1;NA;1;NA;8;2;2;NA;2;3;7;7;7;3;NA;3;2;2;1;NA;1;2;2;NA
23;"CE";2306504;"230650";"Itapiúna";"Não";"-";"Outros";NA;NA;NA;NA;NA;NA;NA;NA;NA;NA;NA;1;5;1;4;2;2;5;NA;3;2;2;7;NA;NA
23;"CE";2306553;"230655";"Itarema";"Não";"-";"Outros";NA;NA;1;NA;NA;1;NA;NA;3;NA;NA;NA;NA;1;NA;3;4;3;3;5;8;NA;2;1;NA
23;"CE";2306603;"230660";"Itatira";"Não";"-";"Outros";NA;NA;NA;NA;NA;NA;NA;1;NA;3;1;2;2;1;6;2;6;3;2;3;2;5;1;1;NA
23;"CE";2306702;"230670";"Jaguaretama";"Não";"-";"Outros";NA;NA;NA;NA;NA;2;NA;NA;1;NA;NA;2;4;3;2;1;NA;1;3;NA;NA;2;1;NA;NA
23;"CE";2306801;"230680";"Jaguaribara";"Não";"-";"Outros";NA;NA;NA;NA;1;2;1;NA;NA;NA;1;2;1;1;NA;1;4;3;1;NA;NA;1;1;NA;NA
23;"CE";2306900;"230690";"Jaguaribe";"Não";"-";"Outros";NA;2;2;1;NA;1;NA;1;NA;1;2;7;8;5;7;4;NA;1;1;NA;3;NA;3;5;NA
23;"CE";2307007;"230700";"Jaguaruana";"Não";"-";"Outros";NA;1;1;NA;NA;NA;NA;NA;1;2;NA;1;3;10;4;2;NA;1;NA;NA;1;NA;NA;NA;NA
23;"CE";2307106;"230710";"Jardim";"Não";"Região Metropolitana do Cariri";"Outros";NA;NA;NA;NA;NA;NA;NA;NA;1;2;NA;2;4;2;6;3;4;1;NA;NA;NA;1;NA;NA;NA
23;"CE";2307205;"230720";"Jati";"Não";"-";"Outros";NA;NA;NA;NA;NA;NA;NA;1;NA;1;NA;3;2;3;3;3;4;1;NA;NA;NA;NA;NA;NA;NA
23;"CE";2307254;"230725";"Jijoca de Jericoacoara";"Não";"-";"Outros";NA;NA;NA;NA;NA;1;NA;NA;NA;NA;NA;NA;NA;NA;NA;2;NA;5;1;5;2;NA;1;NA;NA
23;"CE";2307304;"230730";"Juazeiro do Norte";"Não";"Região Metropolitana do Cariri";"Outros";1;NA;NA;5;NA;NA;NA;NA;4;4;4;25;49;27;34;64;51;1;3;2;1;8;5;1;NA
23;"CE";2307403;"230740";"Jucás";"Não";"-";"Outros";1;NA;1;NA;NA;NA;3;2;1;NA;5;1;8;5;2;3;1;NA;1;NA;NA;NA;NA;1;NA
23;"CE";2307502;"230750";"Lavras da Mangabeira";"Não";"-";"Outros";NA;NA;NA;NA;NA;NA;1;NA;NA;NA;5;3;10;4;7;6;5;NA;NA;NA;NA;1;5;4;NA
23;"CE";2307601;"230760";"Limoeiro do Norte";"Não";"-";"Outros";7;2;5;2;3;NA;6;2;1;1;2;4;12;15;15;18;13;4;9;4;1;NA;2;4;NA
23;"CE";2307635;"230763";"Madalena";"Não";"-";"Outros";NA;NA;1;NA;NA;NA;NA;1;NA;NA;5;1;3;3;3;7;1;1;2;2;NA;1;3;NA;NA
23;"CE";2307650;"230765";"Maracanaú";"Não";"Região Metropolitana de Fortaleza";"Outros";4;NA;2;NA;NA;1;NA;NA;NA;NA;4;1;NA;2;5;NA;NA;NA;NA;NA;NA;NA;NA;NA;NA
23;"CE";2307700;"230770";"Maranguape";"Não";"Região Metropolitana de Fortaleza";"Outros";1;1;NA;NA;NA;2;1;1;NA;NA;1;NA;NA;1;2;2;2;NA;NA;NA;NA;NA;NA;NA;NA
23;"CE";2307809;"230780";"Marco";"Não";"-";"Outros";NA;NA;NA;NA;NA;NA;3;1;NA;NA;NA;NA;1;1;NA;1;1;2;NA;NA;2;1;1;NA;NA
23;"CE";2307908;"230790";"Martinópole";"Não";"-";"Outros";NA;NA;2;NA;NA;NA;NA;NA;NA;NA;NA;NA;NA;1;NA;1;1;NA;NA;NA;NA;NA;NA;NA;NA
23;"CE";2308005;"230800";"Massapê";"Não";"Região Metropolitana de Sobral";"Outros";NA;NA;NA;NA;NA;NA;NA;NA;NA;NA;1;2;NA;2;1;3;6;2;NA;NA;1;1;1;NA;NA
23;"CE";2308104;"230810";"Mauriti";"Não";"-";"Outros";NA;NA;NA;NA;NA;NA;NA;1;1;2;NA;3;5;3;7;10;4;NA;NA;NA;NA;1;NA;2;NA
23;"CE";2308203;"230820";"Meruoca";"Não";"Região Metropolitana de Sobral";"Outros";NA;NA;NA;1;NA;NA;NA;NA;NA;NA;NA;NA;NA;NA;1;NA;NA;NA;NA;NA;NA;NA;NA;NA;NA
23;"CE";2308302;"230830";"Milagres";"Não";"-";"Outros";NA;NA;NA;NA;NA;NA;NA;NA;NA;NA;NA;4;8;3;6;6;2;NA;NA;NA;NA;NA;NA;NA;NA
23;"CE";2308351;"230835";"Milhã";"Não";"-";"Outros";NA;1;1;1;NA;NA;NA;1;NA;1;NA;NA;5;4;7;3;5;3;2;5;2;3;2;NA;NA
23;"CE";2308377;"230837";"Miraíma";"Não";"-";"Outros";NA;NA;NA;NA;NA;NA;NA;NA;NA;NA;NA;NA;NA;NA;NA;NA;2;1;3;NA;NA;NA;NA;NA;NA
23;"CE";2308401;"230840";"Missão Velha";"Não";"Região Metropolitana do Cariri";"Outros";1;NA;NA;NA;NA;1;NA;1;1;2;1;6;8;5;3;6;4;NA;NA;NA;NA;1;NA;NA;NA
23;"CE";2308500;"230850";"Mombaça";"Não";"-";"Outros";NA;1;4;2;NA;NA;NA;NA;NA;NA;NA;1;6;10;5;3;2;1;3;1;4;1;7;1;NA
23;"CE";2308609;"230860";"Monsenhor Tabosa";"Não";"-";"Outros";1;NA;NA;NA;NA;1;NA;NA;1;2;2;2;3;1;NA;1;3;NA;1;1;NA;1;NA;NA;NA
23;"CE";2308708;"230870";"Morada Nova";"Não";"-";"Outros";NA;1;2;2;1;2;3;1;2;NA;NA;1;11;7;19;14;6;1;2;1;1;6;2;3;NA
23;"CE";2308807;"230880";"Moraújo";"Não";"Região Metropolitana de Sobral";"Outros";NA;NA;NA;NA;NA;NA;NA;NA;NA;NA;NA;NA;NA;NA;NA;NA;NA;NA;NA;NA;NA;NA;NA;NA;NA
23;"CE";2308906;"230890";"Morrinhos";"Não";"-";"Outros";NA;NA;NA;NA;NA;1;NA;NA;1;NA;4;4;10;8;5;NA;2;1;4;2;NA;NA;NA;NA;NA
23;"CE";2309003;"230900";"Mucambo";"Não";"Região Metropolitana de Sobral";"Outros";NA;NA;NA;NA;1;NA;NA;NA;NA;NA;1;NA;NA;NA;NA;NA;NA;1;NA;4;1;NA;NA;NA;NA
23;"CE";2309102;"230910";"Mulungu";"Não";"-";"Outros";NA;NA;NA;NA;NA;NA;NA;NA;NA;NA;1;1;NA;1;1;2;NA;1;1;NA;NA;1;NA;NA;NA
23;"CE";2309201;"230920";"Nova Olinda";"Não";"Região Metropolitana do Cariri";"Outros";NA;NA;NA;NA;NA;NA;NA;1;NA;2;3;3;4;7;7;1;4;1;NA;NA;NA;NA;NA;NA;NA
23;"CE";2309300;"230930";"Nova Russas";"Não";"-";"Outros";NA;NA;NA;NA;NA;1;NA;NA;3;4;3;2;4;2;3;2;1;NA;1;NA;5;NA;2;NA;NA
23;"CE";2309409;"230940";"Novo Oriente";"Não";"-";"Outros";NA;NA;NA;NA;NA;NA;1;NA;2;NA;1;9;9;7;6;1;NA;NA;1;NA;2;4;NA;NA;NA
23;"CE";2309458;"230945";"Ocara";"Não";"-";"Outros";NA;2;NA;1;NA;NA;2;NA;NA;NA;1;1;7;5;8;3;NA;NA;NA;NA;NA;NA;4;NA;NA
23;"CE";2309508;"230950";"Orós";"Não";"-";"Outros";NA;NA;NA;1;NA;1;NA;NA;1;NA;1;1;3;2;3;6;NA;NA;NA;NA;NA;NA;NA;1;NA
23;"CE";2309607;"230960";"Pacajus";"Não";"Região Metropolitana de Fortaleza";"Outros";3;1;NA;NA;NA;1;NA;2;NA;NA;2;2;NA;NA;4;NA;NA;2;NA;2;NA;NA;NA;NA;NA
23;"CE";2309706;"230970";"Pacatuba";"Não";"Região Metropolitana de Fortaleza";"Outros";1;NA;NA;1;NA;NA;NA;NA;NA;NA;NA;NA;NA;NA;1;1;NA;NA;NA;NA;NA;NA;NA;NA;NA
23;"CE";2309805;"230980";"Pacoti";"Não";"-";"Outros";NA;NA;NA;NA;NA;NA;NA;NA;NA;NA;NA;NA;NA;1;NA;NA;3;NA;NA;1;1;NA;1;NA;NA
23;"CE";2309904;"230990";"Pacujá";"Não";"Região Metropolitana de Sobral";"Outros";NA;NA;NA;NA;NA;NA;NA;NA;NA;NA;NA;NA;NA;NA;NA;1;NA;NA;NA;NA;NA;NA;NA;NA;NA
23;"CE";2310001;"231000";"Palhano";"Não";"-";"Outros";NA;NA;NA;NA;NA;NA;NA;NA;NA;NA;NA;1;NA;3;1;1;NA;1;NA;NA;NA;NA;NA;NA;NA
23;"CE";2310100;"231010";"Palmácia";"Não";"-";"Outros";NA;NA;NA;NA;NA;NA;NA;NA;NA;NA;1;1;NA;NA;NA;NA;NA;NA;NA;NA;NA;NA;NA;NA;NA
23;"CE";2310209;"231020";"Paracuru";"Não";"Região Metropolitana de Fortaleza";"Outros";1;1;1;1;NA;NA;NA;NA;NA;NA;NA;NA;NA;NA;3;NA;NA;NA;NA;NA;NA;NA;NA;NA;NA
23;"CE";2310258;"231025";"Paraipaba";"Não";"Região Metropolitana de Fortaleza";"Outros";1;NA;NA;1;NA;NA;NA;NA;NA;NA;1;NA;NA;NA;1;NA;1;NA;NA;NA;NA;NA;NA;NA;NA
23;"CE";2310308;"231030";"Parambu";"Não";"-";"Outros";NA;NA;NA;NA;NA;NA;1;1;NA;NA;2;8;7;8;4;2;1;2;1;1;NA;2;2;NA;NA
23;"CE";2310407;"231040";"Paramoti";"Não";"-";"Outros";NA;NA;NA;NA;NA;NA;NA;NA;NA;NA;NA;NA;1;1;NA;6;2;2;3;1;NA;1;1;NA;NA
23;"CE";2310506;"231050";"Pedra Branca";"Não";"-";"Outros";NA;1;1;1;1;NA;NA;NA;NA;1;3;4;10;12;18;6;10;8;4;2;3;5;2;2;NA
23;"CE";2310605;"231060";"Penaforte";"Não";"-";"Outros";NA;NA;NA;NA;NA;NA;NA;NA;NA;NA;1;2;1;NA;1;1;3;NA;NA;NA;NA;NA;NA;1;NA
23;"CE";2310704;"231070";"Pentecoste";"Não";"-";"Outros";NA;NA;1;NA;NA;1;NA;1;NA;1;NA;NA;NA;NA;1;1;NA;NA;NA;NA;NA;NA;1;1;NA
23;"CE";2310803;"231080";"Pereiro";"Não";"-";"Outros";NA;NA;NA;NA;NA;NA;1;NA;NA;NA;2;3;4;4;1;NA;NA;NA;NA;NA;NA;NA;NA;2;NA
23;"CE";2310852;"231085";"Pindoretama";"Não";"Região Metropolitana de Fortaleza";"Outros";1;1;1;NA;NA;NA;NA;NA;NA;NA;NA;NA;1;NA;NA;1;NA;NA;NA;NA;NA;NA;NA;NA;NA
23;"CE";2310902;"231090";"Piquet Carneiro";"Não";"-";"Outros";NA;NA;NA;NA;NA;NA;NA;NA;NA;NA;1;NA;NA;1;7;NA;NA;4;1;NA;NA;NA;1;NA;NA
23;"CE";2310951;"231095";"Pires Ferreira";"Não";"Região Metropolitana de Sobral";"Outros";NA;NA;NA;NA;NA;NA;NA;NA;1;NA;NA;1;NA;NA;NA;NA;NA;NA;NA;NA;NA;1;NA;NA;NA
23;"CE";2311009;"231100";"Poranga";"Não";"-";"Outros";NA;NA;NA;NA;NA;NA;NA;1;NA;NA;2;1;NA;NA;NA;NA;NA;NA;NA;NA;NA;NA;1;NA;NA
23;"CE";2311108;"231110";"Porteiras";"Não";"-";"Outros";NA;NA;NA;NA;NA;NA;NA;NA;NA;NA;NA;3;NA;1;2;4;1;NA;NA;NA;NA;NA;NA;NA;NA
23;"CE";2311207;"231120";"Potengi";"Não";"-";"Outros";NA;NA;NA;1;NA;NA;NA;1;NA;NA;1;3;3;4;1;NA;NA;NA;NA;NA;NA;NA;NA;NA;NA
23;"CE";2311231;"231123";"Potiretama";"Não";"-";"Outros";NA;NA;1;NA;NA;NA;NA;NA;NA;1;NA;NA;NA;1;3;4;3;NA;2;NA;NA;NA;NA;1;NA
23;"CE";2311264;"231126";"Quiterianópolis";"Não";"-";"Outros";NA;NA;1;NA;NA;NA;NA;1;NA;2;NA;7;1;2;5;1;4;NA;NA;NA;NA;2;1;NA;NA
23;"CE";2311306;"231130";"Quixadá";"Não";"-";"Outros";1;NA;NA;1;4;1;1;NA;1;10;3;2;17;13;12;13;4;9;9;7;11;6;9;NA;NA
23;"CE";2311355;"231135";"Quixelô";"Não";"-";"Outros";NA;NA;NA;NA;NA;NA;NA;NA;NA;NA;3;NA;1;1;2;1;3;NA;NA;NA;NA;NA;NA;1;NA
23;"CE";2311405;"231140";"Quixeramobim";"Não";"-";"Outros";NA;NA;NA;NA;NA;NA;2;NA;1;1;NA;2;12;24;24;15;9;12;8;3;6;7;2;NA;NA
23;"CE";2311504;"231150";"Quixeré";"Não";"-";"Outros";4;NA;1;1;NA;NA;NA;1;2;NA;NA;3;5;8;11;4;6;3;NA;NA;NA;1;NA;1;NA
23;"CE";2311603;"231160";"Redenção";"Não";"-";"Outros";NA;1;NA;NA;NA;NA;NA;NA;NA;NA;2;1;NA;NA;1;1;NA;1;NA;NA;NA;NA;NA;NA;NA
23;"CE";2311702;"231170";"Reriutaba";"Não";"Região Metropolitana de Sobral";"Outros";NA;NA;NA;NA;NA;NA;NA;NA;NA;NA;1;2;1;NA;1;NA;1;NA;NA;1;1;1;2;NA;NA
23;"CE";2311801;"231180";"Russas";"Não";"-";"Outros";NA;NA;1;1;NA;1;4;1;3;4;6;6;8;9;8;14;4;2;3;NA;NA;5;NA;1;NA
23;"CE";2311900;"231190";"Saboeiro";"Não";"-";"Outros";1;NA;NA;NA;1;NA;NA;1;NA;NA;1;NA;3;NA;1;NA;NA;NA;NA;NA;NA;NA;NA;NA;NA
23;"CE";2311959;"231195";"Salitre";"Não";"-";"Outros";NA;NA;NA;NA;NA;NA;NA;NA;1;NA;1;2;3;2;1;3;3;NA;NA;NA;NA;NA;NA;NA;NA
23;"CE";2312007;"231200";"Santana do Acaraú";"Não";"Região Metropolitana de Sobral";"Outros";NA;NA;NA;NA;NA;NA;NA;NA;NA;2;NA;NA;1;1;1;NA;1;NA;1;NA;3;NA;NA;NA;NA
23;"CE";2312106;"231210";"Santana do Cariri";"Não";"Região Metropolitana do Cariri";"Outros";NA;NA;NA;1;1;NA;NA;NA;NA;NA;NA;3;3;3;3;5;1;NA;NA;NA;NA;2;1;NA;NA
23;"CE";2312205;"231220";"Santa Quitéria";"Não";"-";"Outros";NA;1;NA;NA;NA;1;1;NA;1;NA;NA;4;4;10;5;8;5;8;4;3;2;6;4;2;NA
23;"CE";2312304;"231230";"São Benedito";"Não";"-";"Outros";1;2;NA;NA;NA;NA;NA;NA;1;1;1;NA;NA;1;NA;1;2;NA;NA;2;2;2;1;1;NA
23;"CE";2312403;"231240";"São Gonçalo do Amarante";"Não";"Região Metropolitana de Fortaleza";"Outros";1;NA;1;NA;NA;2;1;NA;NA;NA;2;NA;NA;NA;NA;NA;NA;1;NA;NA;NA;NA;1;NA;NA
23;"CE";2312502;"231250";"São João do Jaguaribe";"Não";"-";"Outros";1;NA;NA;NA;NA;NA;NA;NA;NA;NA;NA;1;1;NA;1;3;3;NA;NA;NA;1;NA;NA;NA;NA
23;"CE";2312601;"231260";"São Luís do Curu";"Não";"Região Metropolitana de Fortaleza";"Outros";2;NA;1;NA;NA;NA;NA;1;NA;NA;NA;NA;1;1;NA;NA;NA;NA;NA;NA;NA;NA;NA;NA;NA
23;"CE";2312700;"231270";"Senador Pompeu";"Não";"-";"Outros";1;NA;NA;NA;2;NA;NA;NA;1;1;NA;2;5;8;7;5;5;4;5;3;4;3;2;NA;NA
23;"CE";2312809;"231280";"Senador Sá";"Não";"Região Metropolitana de Sobral";"Outros";NA;NA;NA;NA;NA;NA;NA;NA;NA;NA;NA;NA;NA;NA;NA;NA;NA;1;NA;NA;1;NA;NA;NA;NA
23;"CE";2312908;"231290";"Sobral";"Não";"Região Metropolitana de Sobral";"Outros";1;NA;2;1;NA;1;9;NA;3;2;2;6;NA;22;61;41;44;21;19;21;76;22;13;15;NA
23;"CE";2313005;"231300";"Solonópole";"Não";"-";"Outros";NA;NA;NA;NA;1;NA;NA;1;NA;NA;NA;NA;6;3;8;9;7;8;4;4;1;1;NA;NA;NA
23;"CE";2313104;"231310";"Tabuleiro do Norte";"Não";"-";"Outros";3;NA;1;1;NA;NA;NA;NA;NA;NA;1;NA;13;5;5;6;9;4;2;4;3;NA;1;NA;NA
23;"CE";2313203;"231320";"Tamboril";"Não";"-";"Outros";NA;NA;NA;NA;NA;NA;1;NA;2;1;3;5;1;4;2;5;3;8;5;5;8;8;1;1;NA
23;"CE";2313252;"231325";"Tarrafas";"Não";"-";"Outros";NA;NA;NA;NA;NA;NA;NA;NA;NA;NA;NA;NA;2;2;1;1;NA;NA;NA;NA;NA;NA;NA;1;NA
23;"CE";2313302;"231330";"Tauá";"Não";"-";"Outros";1;1;NA;NA;NA;NA;NA;NA;1;NA;4;7;11;15;26;2;NA;NA;1;1;1;1;2;2;NA
23;"CE";2313351;"231335";"Tejuçuoca";"Não";"-";"Outros";NA;NA;1;NA;NA;1;NA;NA;NA;NA;NA;2;NA;3;3;2;NA;1;3;1;2;1;1;NA;NA
23;"CE";2313401;"231340";"Tianguá";"Não";"-";"Outros";4;1;1;2;2;1;NA;12;NA;NA;2;10;NA;NA;2;NA;1;1;3;2;4;3;3;2;NA
23;"CE";2313500;"231350";"Trairi";"Não";"Região Metropolitana de Fortaleza";"Outros";1;NA;NA;NA;NA;NA;1;2;NA;NA;NA;1;NA;NA;2;NA;NA;NA;NA;NA;NA;NA;2;NA;NA
23;"CE";2313609;"231360";"Ubajara";"Não";"-";"Outros";1;NA;NA;1;NA;NA;1;NA;1;NA;NA;NA;NA;NA;NA;1;NA;2;NA;1;4;1;NA;1;NA
23;"CE";2313708;"231370";"Umari";"Não";"-";"Outros";NA;NA;NA;NA;NA;NA;NA;NA;NA;NA;NA;1;NA;2;3;1;NA;NA;NA;NA;NA;NA;NA;NA;NA
23;"CE";2313757;"231375";"Umirim";"Não";"-";"Outros";NA;1;NA;NA;NA;1;NA;NA;NA;1;NA;NA;NA;NA;NA;NA;NA;NA;NA;NA;NA;1;NA;NA;NA
23;"CE";2313807;"231380";"Uruburetama";"Não";"-";"Outros";1;NA;NA;NA;NA;NA;NA;NA;NA;NA;NA;NA;NA;NA;1;NA;NA;NA;NA;NA;NA;NA;NA;NA;NA
23;"CE";2313906;"231390";"Uruoca";"Não";"-";"Outros";NA;NA;NA;NA;NA;NA;NA;NA;NA;NA;NA;NA;NA;NA;NA;NA;NA;3;NA;NA;1;NA;NA;NA;NA
23;"CE";2313955;"231395";"Varjota";"Não";"Região Metropolitana de Sobral";"Outros";NA;NA;NA;NA;NA;NA;NA;NA;NA;1;NA;NA;NA;NA;NA;NA;NA;1;NA;NA;1;NA;NA;NA;NA
23;"CE";2314003;"231400";"Várzea Alegre";"Não";"-";"Outros";NA;NA;NA;NA;3;NA;1;NA;3;1;4;6;4;7;5;5;NA;NA;1;NA;NA;NA;NA;4;NA
23;"CE";2314102;"231410";"Viçosa do Ceará";"Não";"-";"Outros";1;NA;1;1;NA;NA;1;NA;1;2;NA;NA;1;NA;NA;1;NA;NA;2;1;8;1;1;2;NA
24;"RN";2400109;"240010";"Acari";"Não";"-";"Outros";NA;NA;NA;NA;NA;NA;NA;NA;3;1;1;NA;NA;NA;NA;NA;NA;NA;NA;NA;NA;NA;2;NA;NA
24;"RN";2400208;"240020";"Açu";"Não";"-";"Outros";NA;NA;NA;3;2;2;3;1;NA;NA;NA;1;NA;2;NA;1;1;1;1;NA;2;1;NA;1;NA
24;"RN";2400307;"240030";"Afonso Bezerra";"Não";"-";"Outros";NA;NA;1;NA;NA;NA;1;NA;NA;NA;NA;NA;NA;1;NA;1;NA;NA;NA;NA;NA;1;NA;NA;NA
24;"RN";2400406;"240040";"Água Nova";"Não";"-";"Outros";NA;NA;NA;NA;NA;NA;NA;NA;NA;1;NA;NA;NA;NA;NA;NA;NA;NA;NA;NA;1;NA;NA;NA;NA
24;"RN";2400505;"240050";"Alexandria";"Não";"-";"Outros";NA;NA;NA;NA;NA;NA;1;NA;NA;NA;NA;NA;1;1;NA;NA;1;1;3;1;1;NA;NA;NA;NA
24;"RN";2400604;"240060";"Almino Afonso";"Não";"-";"Outros";NA;NA;NA;NA;NA;NA;NA;NA;NA;NA;1;1;NA;NA;NA;1;NA;NA;NA;NA;NA;NA;NA;NA;NA
24;"RN";2400703;"240070";"Alto do Rodrigues";"Não";"-";"Outros";NA;NA;NA;1;1;NA;NA;NA;NA;NA;NA;NA;NA;NA;NA;NA;2;NA;NA;NA;NA;1;NA;NA;NA
24;"RN";2400802;"240080";"Angicos";"Não";"-";"Outros";NA;NA;NA;NA;NA;NA;NA;NA;NA;1;1;1;1;NA;1;NA;NA;NA;NA;NA;1;NA;NA;NA;NA
24;"RN";2400901;"240090";"Antônio Martins";"Não";"-";"Outros";NA;NA;NA;NA;NA;NA;1;NA;NA;NA;NA;NA;NA;NA;NA;NA;NA;2;1;NA;NA;NA;NA;NA;NA
24;"RN";2401008;"240100";"Apodi";"Não";"-";"Outros";NA;NA;NA;NA;2;NA;NA;NA;NA;NA;3;2;NA;1;1;1;NA;NA;1;NA;1;2;NA;NA;NA
24;"RN";2401107;"240110";"Areia Branca";"Não";"-";"Outros";NA;NA;NA;3;NA;NA;NA;NA;1;NA;1;2;2;NA;NA;1;NA;NA;1;NA;1;NA;NA;NA;NA
24;"RN";2401206;"240120";"Arês";"Não";"Região Metropolitana de Natal";"Outros";NA;NA;NA;NA;NA;NA;1;NA;NA;NA;NA;NA;NA;NA;NA;NA;NA;NA;NA;NA;1;NA;1;NA;NA
24;"RN";2401305;"240130";"Campo Grande";"Não";"-";"Outros";NA;NA;NA;NA;NA;NA;NA;NA;NA;1;NA;NA;1;NA;NA;NA;NA;1;NA;NA;NA;NA;1;NA;NA
24;"RN";2401404;"240140";"Baía Formosa";"Não";"-";"Outros";NA;NA;1;NA;NA;NA;NA;NA;NA;NA;NA;NA;NA;NA;NA;NA;NA;NA;NA;1;NA;NA;NA;1;NA
24;"RN";2401453;"240145";"Baraúna";"Não";"-";"Outros";NA;NA;NA;1;NA;NA;NA;NA;NA;NA;NA;4;NA;NA;NA;2;NA;2;NA;2;4;NA;1;2;NA
24;"RN";2401503;"240150";"Barcelona";"Não";"-";"Outros";NA;NA;NA;NA;NA;NA;NA;NA;NA;NA;1;NA;NA;NA;NA;NA;NA;NA;NA;NA;NA;NA;1;NA;NA
24;"RN";2401602;"240160";"Bento Fernandes";"Não";"-";"Outros";NA;NA;NA;NA;NA;NA;NA;NA;NA;1;NA;NA;NA;NA;NA;NA;NA;NA;NA;NA;NA;NA;NA;NA;NA
24;"RN";2401701;"240170";"Bom Jesus";"Não";"Região Metropolitana de Natal";"Outros";NA;NA;NA;NA;NA;NA;NA;NA;NA;NA;NA;NA;NA;NA;NA;NA;NA;NA;NA;NA;2;NA;NA;NA;NA
24;"RN";2401800;"240180";"Brejinho";"Não";"-";"Outros";NA;NA;NA;NA;2;NA;NA;NA;NA;1;2;NA;NA;1;NA;1;NA;NA;NA;NA;NA;1;NA;NA;NA
24;"RN";2401859;"240185";"Caiçara do Norte";"Não";"-";"Outros";NA;NA;NA;NA;NA;NA;NA;NA;NA;NA;NA;NA;NA;NA;NA;NA;NA;NA;NA;1;NA;NA;NA;NA;NA
24;"RN";2401909;"240190";"Caiçara do Rio do Vento";"Não";"-";"Outros";NA;NA;NA;NA;NA;NA;NA;NA;NA;NA;NA;NA;NA;NA;NA;NA;1;NA;NA;1;NA;1;NA;1;NA
24;"RN";2402006;"240200";"Caicó";"Não";"-";"Outros";2;3;NA;NA;NA;1;2;NA;NA;1;NA;NA;NA;NA;NA;NA;NA;1;NA;NA;NA;NA;NA;1;NA
24;"RN";2402105;"240210";"Campo Redondo";"Não";"-";"Outros";3;NA;NA;NA;NA;NA;NA;NA;NA;NA;NA;1;NA;NA;NA;NA;1;NA;1;NA;NA;NA;NA;NA;NA
24;"RN";2402204;"240220";"Canguaretama";"Não";"-";"Outros";NA;1;NA;1;5;NA;NA;NA;NA;NA;NA;NA;NA;NA;1;2;1;NA;1;1;NA;NA;NA;NA;NA
24;"RN";2402303;"240230";"Caraúbas";"Não";"-";"Outros";1;NA;NA;NA;1;NA;NA;NA;NA;NA;NA;1;NA;NA;1;NA;NA;NA;NA;NA;1;NA;NA;NA;NA
24;"RN";2402402;"240240";"Carnaúba dos Dantas";"Não";"-";"Outros";NA;NA;NA;NA;NA;NA;NA;1;NA;NA;NA;NA;NA;NA;NA;1;NA;NA;NA;NA;NA;NA;NA;NA;NA
24;"RN";2402501;"240250";"Carnaubais";"Não";"-";"Outros";NA;NA;NA;1;NA;NA;NA;NA;NA;NA;1;NA;2;1;1;1;NA;NA;1;NA;NA;NA;1;NA;NA
24;"RN";2402600;"240260";"Ceará-Mirim";"Não";"Região Metropolitana de Natal";"Outros";NA;1;NA;NA;1;1;NA;NA;1;2;1;3;2;1;11;6;2;4;2;5;7;1;8;1;NA
24;"RN";2402709;"240270";"Cerro Corá";"Não";"-";"Outros";NA;NA;NA;NA;NA;NA;NA;NA;NA;NA;NA;NA;NA;NA;NA;NA;NA;NA;1;NA;NA;NA;NA;NA;NA
24;"RN";2402808;"240280";"Coronel Ezequiel";"Não";"-";"Outros";NA;NA;NA;NA;NA;NA;NA;NA;NA;NA;NA;NA;NA;NA;NA;NA;NA;NA;2;NA;NA;NA;NA;NA;NA
24;"RN";2402907;"240290";"Coronel João Pessoa";"Não";"-";"Outros";NA;NA;NA;NA;NA;NA;NA;NA;NA;NA;NA;NA;NA;NA;NA;NA;NA;NA;NA;1;NA;NA;NA;NA;NA
24;"RN";2403004;"240300";"Cruzeta";"Não";"-";"Outros";2;NA;NA;NA;NA;NA;NA;NA;NA;NA;NA;NA;NA;NA;NA;NA;NA;NA;NA;NA;NA;NA;NA;NA;NA
24;"RN";2403103;"240310";"Currais Novos";"Não";"-";"Outros";1;1;3;NA;NA;2;NA;NA;NA;1;NA;1;NA;1;NA;NA;NA;NA;NA;NA;1;NA;NA;NA;NA
24;"RN";2403202;"240320";"Doutor Severiano";"Não";"-";"Outros";NA;NA;NA;NA;NA;NA;NA;NA;NA;NA;NA;NA;NA;NA;1;NA;1;NA;NA;NA;NA;NA;NA;NA;NA
24;"RN";2403251;"240325";"Parnamirim";"Não";"Região Metropolitana de Natal";"Outros";1;NA;NA;1;1;2;1;2;NA;4;2;1;6;2;6;5;6;8;4;12;8;6;4;1;NA
24;"RN";2403301;"240330";"Encanto";"Não";"-";"Outros";NA;NA;NA;NA;NA;NA;NA;NA;NA;1;1;NA;NA;NA;NA;NA;NA;NA;NA;NA;NA;NA;NA;NA;NA
24;"RN";2403400;"240340";"Equador";"Não";"-";"Outros";NA;NA;NA;NA;NA;NA;NA;NA;NA;NA;NA;NA;NA;NA;NA;NA;NA;NA;NA;NA;NA;2;NA;NA;NA
24;"RN";2403509;"240350";"Espírito Santo";"Não";"-";"Outros";NA;NA;NA;NA;NA;NA;NA;NA;NA;NA;NA;NA;NA;1;NA;NA;NA;NA;NA;NA;1;NA;NA;NA;NA
24;"RN";2403608;"240360";"Extremoz";"Não";"Região Metropolitana de Natal";"Outros";NA;NA;NA;2;NA;NA;NA;NA;2;2;NA;NA;2;NA;1;1;2;NA;2;1;2;1;NA;NA;NA
24;"RN";2403707;"240370";"Felipe Guerra";"Não";"-";"Outros";NA;NA;NA;NA;NA;NA;NA;NA;NA;NA;1;NA;NA;NA;NA;NA;NA;NA;NA;NA;NA;NA;NA;NA;NA
24;"RN";2403756;"240375";"Fernando Pedroza";"Não";"-";"Outros";NA;NA;NA;1;NA;NA;NA;NA;1;NA;NA;NA;NA;NA;NA;NA;NA;NA;NA;NA;NA;NA;NA;NA;NA
24;"RN";2403806;"240380";"Florânia";"Não";"-";"Outros";NA;NA;NA;NA;NA;NA;NA;NA;NA;NA;NA;NA;NA;1;NA;NA;NA;NA;NA;NA;NA;NA;NA;1;NA
24;"RN";2403905;"240390";"Francisco Dantas";"Não";"-";"Outros";NA;NA;NA;NA;NA;NA;NA;NA;1;NA;NA;NA;NA;NA;NA;NA;NA;1;NA;NA;NA;1;NA;NA;NA
24;"RN";2404002;"240400";"Frutuoso Gomes";"Não";"-";"Outros";2;1;NA;NA;NA;NA;NA;NA;NA;NA;1;NA;NA;NA;NA;NA;1;NA;NA;NA;NA;1;NA;NA;NA
24;"RN";2404200;"240420";"Goianinha";"Não";"Região Metropolitana de Natal";"Outros";NA;NA;1;NA;NA;NA;NA;NA;NA;NA;NA;NA;NA;NA;NA;NA;NA;1;2;NA;1;NA;NA;1;NA
24;"RN";2404309;"240430";"Governador Dix-Sept Rosado";"Não";"-";"Outros";NA;NA;1;NA;NA;NA;NA;1;NA;NA;NA;NA;NA;1;1;NA;NA;NA;NA;NA;NA;5;NA;1;NA
24;"RN";2404408;"240440";"Grossos";"Não";"-";"Outros";1;NA;NA;NA;NA;NA;NA;NA;NA;NA;NA;NA;NA;NA;NA;NA;NA;1;NA;NA;NA;1;NA;NA;NA
24;"RN";2404507;"240450";"Guamaré";"Não";"-";"Outros";NA;NA;NA;NA;NA;NA;NA;NA;NA;NA;NA;NA;NA;NA;NA;NA;NA;2;NA;1;NA;NA;1;NA;NA
24;"RN";2404606;"240460";"Ielmo Marinho";"Não";"Região Metropolitana de Natal";"Outros";NA;NA;NA;NA;NA;NA;NA;NA;NA;1;NA;NA;NA;NA;NA;NA;NA;NA;NA;NA;NA;NA;NA;NA;NA
24;"RN";2404705;"240470";"Ipanguaçu";"Não";"-";"Outros";1;NA;NA;NA;NA;NA;NA;1;NA;NA;1;2;NA;2;NA;NA;NA;1;NA;NA;NA;1;NA;4;NA
24;"RN";2404853;"240485";"Itajá";"Não";"-";"Outros";NA;NA;1;NA;NA;1;NA;NA;NA;NA;NA;NA;NA;NA;NA;NA;NA;NA;NA;NA;1;NA;NA;1;NA
24;"RN";2404903;"240490";"Itaú";"Não";"-";"Outros";NA;NA;NA;NA;NA;NA;NA;NA;1;NA;NA;NA;NA;NA;NA;NA;NA;NA;NA;NA;NA;NA;NA;NA;NA
24;"RN";2405108;"240510";"Jandaíra";"Não";"-";"Outros";NA;NA;NA;NA;NA;NA;NA;NA;NA;NA;NA;NA;NA;NA;NA;NA;2;1;3;NA;NA;NA;NA;NA;NA
24;"RN";2405207;"240520";"Janduís";"Não";"-";"Outros";NA;NA;NA;NA;NA;NA;NA;NA;NA;NA;NA;NA;1;NA;NA;NA;NA;NA;NA;NA;NA;NA;NA;NA;NA
24;"RN";2405306;"240530";"Januário Cicco";"Não";"-";"Outros";NA;NA;NA;NA;NA;NA;NA;1;NA;NA;NA;NA;NA;NA;NA;NA;NA;NA;NA;NA;NA;NA;1;1;NA
24;"RN";2405405;"240540";"Japi";"Não";"-";"Outros";NA;NA;NA;NA;NA;NA;NA;NA;NA;NA;NA;NA;NA;NA;NA;NA;NA;NA;NA;NA;1;NA;NA;NA;NA
24;"RN";2405603;"240560";"Jardim de Piranhas";"Não";"-";"Outros";NA;1;1;NA;NA;NA;NA;1;NA;NA;NA;NA;NA;NA;NA;NA;NA;NA;NA;NA;NA;NA;NA;NA;NA
24;"RN";2405702;"240570";"Jardim do Seridó";"Não";"-";"Outros";NA;NA;NA;NA;NA;NA;NA;NA;NA;NA;NA;NA;NA;NA;NA;NA;NA;NA;NA;NA;NA;NA;NA;NA;NA
24;"RN";2405801;"240580";"João Câmara";"Não";"-";"Outros";NA;NA;NA;NA;NA;NA;NA;NA;NA;1;NA;NA;NA;1;1;1;NA;3;3;NA;1;NA;1;NA;NA
24;"RN";2405900;"240590";"João Dias";"Não";"-";"Outros";NA;NA;NA;NA;NA;NA;NA;1;NA;NA;NA;NA;NA;NA;NA;NA;NA;1;NA;NA;NA;NA;1;NA;NA
24;"RN";2406007;"240600";"José da Penha";"Não";"-";"Outros";NA;NA;NA;NA;NA;1;NA;NA;1;NA;NA;NA;NA;1;NA;1;NA;NA;NA;2;1;NA;NA;NA;NA
24;"RN";2406106;"240610";"Jucurutu";"Não";"-";"Outros";1;NA;NA;NA;NA;1;NA;NA;NA;NA;NA;NA;NA;1;NA;1;NA;NA;NA;1;1;NA;1;NA;NA
24;"RN";2406205;"240620";"Lagoa d'Anta";"Não";"-";"Outros";NA;NA;NA;NA;NA;NA;NA;NA;1;NA;NA;NA;NA;NA;NA;NA;NA;NA;NA;NA;NA;2;NA;NA;NA
24;"RN";2406502;"240650";"Lagoa Nova";"Não";"-";"Outros";NA;NA;NA;NA;NA;NA;NA;NA;NA;NA;NA;NA;NA;NA;NA;NA;NA;NA;NA;NA;NA;NA;NA;NA;NA
24;"RN";2406601;"240660";"Lagoa Salgada";"Não";"-";"Outros";NA;NA;NA;NA;NA;NA;NA;NA;NA;NA;NA;NA;NA;NA;NA;NA;NA;NA;NA;1;1;NA;NA;NA;NA
24;"RN";2406700;"240670";"Lajes";"Não";"-";"Outros";NA;NA;NA;NA;NA;NA;NA;NA;NA;NA;1;1;NA;NA;1;NA;NA;NA;NA;NA;NA;NA;1;1;NA
24;"RN";2406908;"240690";"Lucrécia";"Não";"-";"Outros";NA;NA;NA;NA;NA;1;NA;NA;NA;NA;NA;NA;NA;NA;NA;NA;1;NA;NA;NA;NA;NA;NA;NA;NA
24;"RN";2407005;"240700";"Luís Gomes";"Não";"-";"Outros";NA;NA;NA;NA;NA;NA;NA;NA;NA;NA;1;NA;NA;NA;NA;NA;NA;1;NA;NA;NA;NA;NA;NA;NA
24;"RN";2407104;"240710";"Macaíba";"Não";"Região Metropolitana de Natal";"Outros";NA;NA;NA;NA;NA;NA;NA;1;6;5;1;4;5;5;1;1;6;6;3;4;2;5;2;3;NA
24;"RN";2407203;"240720";"Macau";"Não";"-";"Outros";1;NA;1;NA;NA;1;NA;NA;NA;NA;NA;NA;NA;NA;1;1;NA;NA;1;NA;NA;4;NA;1;NA
24;"RN";2407252;"240725";"Major Sales";"Não";"-";"Outros";NA;NA;NA;NA;NA;NA;1;NA;NA;NA;NA;NA;NA;1;NA;NA;1;NA;NA;NA;NA;NA;NA;NA;NA
24;"RN";2407302;"240730";"Marcelino Vieira";"Não";"-";"Outros";NA;NA;NA;NA;NA;NA;1;NA;NA;NA;NA;NA;NA;NA;NA;NA;NA;NA;NA;NA;NA;NA;1;1;NA
24;"RN";2407401;"240740";"Martins";"Não";"-";"Outros";NA;NA;NA;NA;NA;NA;NA;NA;NA;NA;NA;NA;NA;NA;NA;NA;NA;NA;NA;NA;NA;1;1;NA;NA
24;"RN";2407500;"240750";"Maxaranguape";"Não";"Região Metropolitana de Natal";"Outros";NA;NA;NA;NA;NA;NA;NA;NA;NA;NA;NA;NA;NA;NA;NA;NA;NA;NA;1;NA;1;NA;NA;NA;NA
24;"RN";2407609;"240760";"Messias Targino";"Não";"-";"Outros";NA;NA;NA;NA;1;NA;NA;NA;NA;NA;NA;NA;NA;NA;NA;NA;NA;NA;NA;1;NA;NA;NA;NA;NA
24;"RN";2407708;"240770";"Montanhas";"Não";"-";"Outros";NA;NA;NA;NA;NA;NA;NA;NA;NA;NA;NA;NA;NA;NA;NA;NA;NA;NA;NA;1;NA;NA;NA;NA;NA
24;"RN";2407807;"240780";"Monte Alegre";"Não";"Região Metropolitana de Natal";"Outros";NA;NA;NA;NA;NA;NA;NA;NA;NA;NA;NA;1;NA;NA;NA;NA;NA;NA;NA;NA;1;2;NA;NA;NA
24;"RN";2407906;"240790";"Monte das Gameleiras";"Não";"-";"Outros";1;NA;NA;NA;NA;NA;NA;NA;NA;NA;NA;NA;NA;NA;NA;NA;NA;NA;NA;NA;NA;NA;NA;NA;NA
24;"RN";2408003;"240800";"Mossoró";"Não";"-";"Outros";7;2;7;2;8;12;13;12;7;10;15;22;27;25;25;21;18;23;14;28;33;15;15;26;NA
24;"RN";2408102;"240810";"Natal";"Sim";"Região Metropolitana de Natal";"Outros";9;22;29;17;18;28;3;19;19;28;26;22;30;30;41;43;24;52;77;50;29;38;38;5;NA
24;"RN";2408201;"240820";"Nísia Floresta";"Não";"Região Metropolitana de Natal";"Outros";NA;NA;NA;NA;NA;NA;1;NA;NA;1;NA;NA;NA;NA;1;NA;NA;NA;1;NA;NA;NA;NA;NA;NA
24;"RN";2408300;"240830";"Nova Cruz";"Não";"-";"Outros";NA;NA;NA;NA;NA;NA;NA;1;NA;NA;NA;NA;NA;1;NA;1;NA;2;NA;NA;1;NA;NA;NA;NA
24;"RN";2408409;"240840";"Olho d'Água do Borges";"Não";"-";"Outros";NA;NA;2;NA;1;NA;NA;NA;1;NA;NA;1;NA;NA;NA;NA;NA;NA;NA;NA;NA;NA;NA;NA;NA
24;"RN";2408508;"240850";"Ouro Branco";"Não";"-";"Outros";NA;1;NA;NA;NA;NA;NA;NA;NA;NA;NA;NA;NA;1;NA;NA;NA;NA;NA;NA;NA;NA;NA;NA;NA
24;"RN";2408607;"240860";"Paraná";"Não";"-";"Outros";NA;NA;NA;NA;NA;NA;NA;NA;NA;NA;NA;NA;NA;NA;NA;NA;NA;2;NA;NA;NA;NA;NA;NA;NA
24;"RN";2408706;"240870";"Paraú";"Não";"-";"Outros";NA;NA;NA;NA;NA;NA;NA;NA;NA;NA;NA;NA;1;NA;NA;NA;NA;NA;1;NA;NA;NA;NA;NA;NA
24;"RN";2408805;"240880";"Parazinho";"Não";"-";"Outros";NA;NA;1;NA;NA;1;NA;NA;NA;NA;NA;NA;NA;NA;NA;NA;NA;NA;NA;1;NA;NA;NA;NA;NA
24;"RN";2408904;"240890";"Parelhas";"Não";"-";"Outros";NA;3;NA;NA;NA;NA;1;NA;NA;NA;NA;NA;NA;NA;NA;NA;NA;NA;NA;NA;NA;NA;NA;NA;NA
24;"RN";2408953;"240895";"Rio do Fogo";"Não";"-";"Outros";NA;NA;NA;1;NA;NA;NA;NA;NA;NA;NA;NA;NA;NA;NA;NA;NA;NA;NA;NA;1;4;1;2;NA
24;"RN";2409100;"240910";"Passa e Fica";"Não";"-";"Outros";NA;NA;NA;NA;1;NA;NA;NA;NA;NA;NA;NA;NA;NA;NA;NA;NA;NA;NA;1;NA;NA;NA;NA;NA
24;"RN";2409308;"240930";"Patu";"Não";"-";"Outros";NA;NA;NA;1;NA;1;NA;NA;NA;NA;NA;1;1;1;NA;NA;NA;3;NA;2;1;NA;NA;1;NA
24;"RN";2409332;"240933";"Santa Maria";"Não";"-";"Outros";NA;NA;NA;NA;NA;NA;NA;NA;NA;NA;1;NA;NA;NA;NA;NA;NA;NA;NA;NA;NA;NA;NA;1;NA
24;"RN";2409407;"240940";"Pau dos Ferros";"Não";"-";"Outros";NA;NA;NA;NA;NA;NA;NA;1;NA;NA;NA;2;NA;2;NA;2;3;1;NA;2;1;3;3;4;NA
24;"RN";2409506;"240950";"Pedra Grande";"Não";"-";"Outros";NA;NA;NA;NA;NA;NA;NA;NA;NA;NA;NA;NA;NA;NA;NA;NA;NA;NA;NA;NA;NA;NA;NA;NA;NA
24;"RN";2409605;"240960";"Pedra Preta";"Não";"-";"Outros";NA;NA;NA;NA;NA;NA;NA;NA;NA;NA;NA;NA;NA;NA;NA;NA;NA;NA;NA;NA;NA;1;NA;NA;NA
24;"RN";2409704;"240970";"Pedro Avelino";"Não";"-";"Outros";NA;NA;NA;NA;NA;NA;NA;NA;NA;NA;NA;NA;NA;NA;NA;NA;NA;NA;NA;NA;NA;NA;1;NA;NA
24;"RN";2409803;"240980";"Pedro Velho";"Não";"-";"Outros";NA;NA;NA;NA;NA;NA;NA;NA;NA;NA;1;NA;NA;NA;NA;NA;NA;1;6;NA;3;NA;1;NA;NA
24;"RN";2409902;"240990";"Pendências";"Não";"-";"Outros";NA;NA;NA;1;NA;1;NA;NA;NA;NA;NA;NA;1;NA;NA;NA;NA;NA;NA;1;2;NA;NA;NA;NA
24;"RN";2410009;"241000";"Pilões";"Não";"-";"Outros";NA;NA;NA;NA;NA;NA;NA;NA;NA;NA;NA;NA;NA;NA;NA;NA;NA;NA;NA;NA;NA;NA;NA;1;NA
24;"RN";2410108;"241010";"Poço Branco";"Não";"-";"Outros";NA;NA;NA;NA;NA;NA;NA;NA;NA;NA;NA;NA;NA;NA;NA;NA;1;NA;1;1;NA;NA;NA;NA;NA
24;"RN";2410207;"241020";"Portalegre";"Não";"-";"Outros";NA;NA;NA;NA;NA;NA;NA;NA;NA;NA;NA;NA;NA;NA;NA;1;NA;NA;NA;NA;NA;NA;NA;NA;NA
24;"RN";2410256;"241025";"Porto do Mangue";"Não";"-";"Outros";NA;NA;NA;NA;NA;NA;NA;NA;NA;NA;1;NA;1;NA;NA;1;NA;2;NA;NA;NA;NA;NA;NA;NA
24;"RN";2410306;"241030";"Serra Caiada";"Não";"-";"Outros";NA;1;NA;NA;NA;NA;NA;1;NA;NA;NA;NA;NA;NA;NA;2;NA;NA;NA;1;1;1;NA;NA;NA
24;"RN";2410405;"241040";"Pureza";"Não";"-";"Outros";NA;NA;NA;NA;NA;NA;NA;NA;NA;NA;NA;NA;NA;NA;NA;NA;1;NA;1;NA;NA;NA;NA;NA;NA
24;"RN";2410504;"241050";"Rafael Fernandes";"Não";"-";"Outros";NA;NA;NA;NA;NA;NA;1;NA;NA;NA;NA;1;NA;NA;1;NA;1;1;NA;NA;NA;NA;NA;NA;NA
24;"RN";2410603;"241060";"Rafael Godeiro";"Não";"-";"Outros";NA;NA;NA;NA;NA;NA;NA;NA;NA;NA;1;NA;NA;NA;NA;NA;NA;NA;NA;NA;NA;1;NA;NA;NA
24;"RN";2410702;"241070";"Riacho da Cruz";"Não";"-";"Outros";NA;NA;NA;NA;NA;NA;NA;NA;NA;1;1;NA;NA;1;NA;NA;NA;NA;NA;NA;NA;NA;NA;NA;NA
24;"RN";2410801;"241080";"Riacho de Santana";"Não";"-";"Outros";NA;NA;NA;NA;NA;NA;NA;NA;NA;NA;NA;NA;NA;NA;NA;NA;NA;1;1;NA;NA;NA;NA;1;NA
24;"RN";2410900;"241090";"Riachuelo";"Não";"-";"Outros";1;NA;2;NA;NA;NA;NA;NA;NA;NA;NA;NA;NA;NA;1;NA;1;1;1;NA;NA;NA;1;NA;NA
24;"RN";2411007;"241100";"Rodolfo Fernandes";"Não";"-";"Outros";NA;NA;NA;NA;NA;NA;NA;NA;NA;NA;NA;NA;NA;NA;NA;NA;1;NA;NA;NA;1;NA;NA;NA;NA
24;"RN";2411056;"241105";"Tibau";"Não";"-";"Outros";NA;NA;2;NA;NA;1;NA;NA;NA;NA;NA;NA;NA;NA;NA;NA;NA;NA;NA;NA;2;NA;NA;NA;NA
24;"RN";2411205;"241120";"Santa Cruz";"Não";"-";"Outros";NA;1;NA;NA;NA;NA;1;NA;NA;NA;4;3;1;NA;1;NA;1;NA;NA;NA;NA;NA;1;1;NA
24;"RN";2411403;"241140";"Santana do Matos";"Não";"-";"Outros";NA;NA;NA;NA;NA;NA;NA;NA;NA;NA;NA;NA;NA;NA;NA;1;NA;NA;NA;NA;NA;NA;NA;NA;NA
24;"RN";2411502;"241150";"Santo Antônio";"Não";"-";"Outros";NA;NA;NA;NA;NA;NA;NA;NA;NA;NA;NA;NA;NA;1;NA;NA;NA;NA;NA;NA;NA;1;NA;1;NA
24;"RN";2411809;"241180";"São Fernando";"Não";"-";"Outros";NA;NA;NA;NA;NA;NA;NA;NA;NA;NA;NA;NA;NA;NA;NA;NA;NA;NA;NA;NA;NA;NA;NA;NA;NA
24;"RN";2411908;"241190";"São Francisco do Oeste";"Não";"-";"Outros";NA;NA;NA;NA;NA;NA;NA;NA;1;NA;NA;NA;NA;2;NA;NA;NA;NA;1;1;NA;1;2;NA;NA
24;"RN";2412005;"241200";"São Gonçalo do Amarante";"Não";"Região Metropolitana de Natal";"Outros";NA;NA;NA;NA;NA;1;2;NA;1;3;1;NA;1;1;3;NA;5;NA;3;NA;NA;1;1;NA;NA
24;"RN";2412203;"241220";"São José de Mipibu";"Não";"Região Metropolitana de Natal";"Outros";NA;NA;NA;NA;NA;NA;NA;NA;NA;NA;NA;NA;1;NA;NA;NA;1;NA;1;2;2;1;1;1;NA
24;"RN";2412302;"241230";"São José do Campestre";"Não";"-";"Outros";NA;NA;NA;NA;NA;NA;NA;NA;NA;2;NA;NA;NA;NA;NA;NA;NA;3;NA;1;NA;1;NA;NA;NA
24;"RN";2412401;"241240";"São José do Seridó";"Não";"-";"Outros";NA;NA;NA;NA;NA;NA;NA;NA;NA;NA;NA;NA;NA;NA;NA;NA;NA;NA;NA;NA;NA;NA;1;NA;NA
24;"RN";2412500;"241250";"São Miguel";"Não";"-";"Outros";NA;NA;NA;NA;NA;1;1;NA;NA;NA;NA;NA;NA;NA;1;2;1;2;4;1;1;1;NA;2;NA
24;"RN";2412559;"241255";"São Miguel do Gostoso";"Não";"-";"Outros";NA;NA;NA;NA;NA;NA;NA;NA;NA;NA;NA;NA;NA;NA;NA;NA;1;NA;NA;NA;NA;1;1;NA;NA
24;"RN";2412609;"241260";"São Paulo do Potengi";"Não";"-";"Outros";NA;NA;1;NA;NA;NA;NA;NA;NA;1;NA;NA;5;NA;NA;NA;NA;1;1;NA;1;1;NA;2;NA
24;"RN";2412708;"241270";"São Pedro";"Não";"-";"Outros";NA;1;NA;NA;NA;NA;NA;NA;NA;NA;NA;NA;NA;NA;1;NA;1;NA;NA;NA;NA;1;NA;NA;NA
24;"RN";2412807;"241280";"São Rafael";"Não";"-";"Outros";NA;NA;NA;NA;NA;NA;NA;NA;NA;NA;NA;NA;NA;NA;NA;NA;NA;NA;NA;1;NA;NA;NA;1;NA
24;"RN";2412906;"241290";"São Tomé";"Não";"-";"Outros";NA;NA;NA;NA;NA;NA;NA;NA;NA;NA;NA;1;NA;NA;NA;NA;NA;NA;NA;NA;2;NA;NA;NA;NA
24;"RN";2413003;"241300";"São Vicente";"Não";"-";"Outros";NA;NA;NA;NA;NA;NA;NA;NA;1;NA;NA;NA;1;NA;NA;NA;NA;NA;NA;NA;NA;NA;1;NA;NA
24;"RN";2413102;"241310";"Senador Elói de Souza";"Não";"-";"Outros";NA;NA;NA;NA;NA;NA;NA;NA;NA;NA;NA;1;NA;NA;1;NA;NA;NA;NA;NA;NA;NA;NA;NA;NA
24;"RN";2413300;"241330";"Serra de São Bento";"Não";"-";"Outros";NA;NA;NA;NA;NA;NA;NA;NA;NA;2;NA;NA;NA;1;NA;NA;NA;NA;NA;NA;NA;NA;1;NA;NA
24;"RN";2413359;"241335";"Serra do Mel";"Não";"-";"Outros";NA;NA;NA;NA;NA;NA;NA;NA;NA;NA;NA;NA;NA;NA;NA;NA;NA;1;NA;NA;3;NA;NA;NA;NA
24;"RN";2413409;"241340";"Serra Negra do Norte";"Não";"-";"Outros";NA;NA;NA;NA;NA;NA;NA;NA;NA;NA;NA;NA;NA;NA;NA;NA;NA;NA;NA;NA;1;NA;NA;NA;NA
24;"RN";2413508;"241350";"Serrinha";"Não";"-";"Outros";NA;NA;NA;NA;NA;NA;NA;NA;NA;NA;NA;NA;NA;NA;NA;NA;NA;NA;NA;NA;NA;1;NA;NA;NA
24;"RN";2413557;"241355";"Serrinha dos Pintos";"Não";"-";"Outros";NA;NA;NA;NA;NA;NA;1;NA;NA;NA;1;NA;NA;NA;1;NA;NA;NA;1;NA;1;NA;NA;NA;NA
24;"RN";2413607;"241360";"Severiano Melo";"Não";"-";"Outros";NA;NA;NA;NA;NA;NA;NA;NA;NA;NA;1;NA;NA;3;1;NA;NA;NA;1;NA;NA;1;NA;1;NA
24;"RN";2413805;"241380";"Taboleiro Grande";"Não";"-";"Outros";NA;NA;NA;NA;NA;NA;NA;NA;NA;NA;NA;NA;NA;2;1;2;1;NA;NA;NA;NA;NA;NA;NA;NA
24;"RN";2413904;"241390";"Taipu";"Não";"-";"Outros";NA;NA;NA;NA;NA;NA;NA;NA;NA;NA;NA;NA;NA;NA;NA;NA;NA;1;NA;NA;2;NA;NA;NA;NA
24;"RN";2414001;"241400";"Tangará";"Não";"-";"Outros";1;NA;NA;NA;NA;NA;1;NA;1;NA;NA;1;NA;NA;NA;NA;NA;NA;NA;1;4;2;1;NA;NA
24;"RN";2414100;"241410";"Tenente Ananias";"Não";"-";"Outros";NA;NA;NA;NA;NA;NA;1;NA;1;NA;2;NA;NA;NA;NA;1;NA;1;NA;NA;NA;NA;NA;NA;NA
24;"RN";2414159;"241415";"Tenente Laurentino Cruz";"Não";"-";"Outros";1;NA;1;NA;NA;NA;NA;NA;NA;NA;NA;NA;NA;NA;NA;NA;NA;NA;NA;NA;NA;NA;NA;NA;NA
24;"RN";2414209;"241420";"Tibau do Sul";"Não";"-";"Outros";NA;NA;NA;NA;NA;NA;NA;NA;NA;NA;1;NA;NA;NA;NA;NA;NA;NA;NA;NA;NA;NA;NA;1;NA
24;"RN";2414308;"241430";"Timbaúba dos Batistas";"Não";"-";"Outros";NA;NA;NA;NA;NA;NA;NA;NA;NA;NA;NA;NA;NA;NA;NA;NA;NA;NA;NA;NA;NA;NA;NA;NA;NA
24;"RN";2414407;"241440";"Touros";"Não";"-";"Outros";NA;NA;NA;NA;NA;NA;NA;NA;NA;1;1;NA;NA;NA;1;4;NA;1;1;NA;1;NA;NA;3;NA
24;"RN";2414456;"241445";"Triunfo Potiguar";"Não";"-";"Outros";NA;NA;NA;NA;NA;NA;NA;NA;NA;NA;1;NA;NA;NA;NA;NA;NA;NA;NA;NA;NA;NA;NA;NA;NA
24;"RN";2414506;"241450";"Umarizal";"Não";"-";"Outros";NA;NA;NA;NA;NA;NA;NA;NA;1;NA;NA;NA;NA;NA;NA;NA;NA;NA;1;NA;NA;NA;NA;NA;NA
24;"RN";2414605;"241460";"Upanema";"Não";"-";"Outros";NA;NA;NA;NA;NA;NA;NA;NA;NA;NA;NA;NA;1;NA;NA;NA;1;NA;1;NA;1;NA;NA;1;NA
24;"RN";2414753;"241475";"Venha-Ver";"Não";"-";"Outros";NA;NA;NA;NA;NA;NA;NA;NA;NA;NA;NA;NA;1;NA;NA;NA;NA;NA;NA;NA;NA;NA;NA;NA;NA
24;"RN";2414803;"241480";"Vera Cruz";"Não";"Região Metropolitana de Natal";"Outros";NA;NA;NA;NA;NA;NA;NA;NA;NA;NA;NA;NA;NA;NA;NA;NA;1;NA;1;NA;NA;NA;NA;NA;NA
24;"RN";2414902;"241490";"Viçosa";"Não";"-";"Outros";NA;NA;NA;NA;NA;NA;2;NA;NA;1;NA;NA;NA;NA;NA;NA;1;NA;NA;NA;NA;NA;NA;NA;NA
25;"PB";2500106;"250010";"Água Branca";"Não";"-";"Outros";NA;NA;NA;NA;1;NA;1;2;NA;NA;1;NA;NA;NA;NA;NA;NA;NA;NA;NA;NA;NA;NA;NA;NA
25;"PB";2500205;"250020";"Aguiar";"Não";"Região Metropolitana do Vale do Piancó";"Outros";NA;NA;NA;NA;NA;NA;NA;NA;NA;NA;NA;NA;NA;1;NA;NA;NA;NA;NA;NA;NA;NA;NA;NA;NA
25;"PB";2500304;"250030";"Alagoa Grande";"Não";"-";"Outros";NA;1;NA;NA;2;NA;3;NA;1;NA;NA;NA;1;1;NA;NA;NA;NA;NA;NA;NA;NA;NA;1;NA
25;"PB";2500403;"250040";"Alagoa Nova";"Não";"Região Metropolitana de Esperança";"Outros";NA;NA;2;1;NA;NA;4;1;1;1;NA;3;1;NA;2;2;1;1;1;2;1;NA;1;3;NA
25;"PB";2500502;"250050";"Alagoinha";"Não";"Região Metropolitana de Guarabira";"Outros";NA;NA;NA;NA;NA;NA;NA;NA;NA;NA;NA;NA;NA;1;1;1;NA;NA;NA;NA;NA;NA;NA;NA;NA
25;"PB";2500536;"250053";"Alcantil";"Não";"Região Metropolitana de Campina Grande";"Outros";NA;NA;NA;NA;2;NA;2;2;NA;NA;1;2;2;3;4;1;NA;1;4;1;2;2;2;3;NA
25;"PB";2500577;"250057";"Algodão de Jandaíra";"Não";"Região Metropolitana de Esperança";"Outros";NA;NA;NA;NA;NA;NA;NA;NA;NA;NA;NA;4;NA;1;NA;NA;NA;1;1;NA;NA;1;NA;NA;NA
25;"PB";2500601;"250060";"Alhandra";"Não";"Região Metropolitana de João Pessoa";"Outros";NA;NA;NA;NA;1;3;NA;NA;3;1;6;1;1;3;2;1;1;2;NA;NA;1;NA;1;NA;NA
25;"PB";2500700;"250070";"São João do Rio do Peixe";"Não";"Região Metropolitana de Cajazeiras";"Outros";NA;1;1;NA;NA;NA;NA;NA;NA;2;NA;NA;1;NA;NA;NA;NA;1;NA;NA;3;2;NA;NA;NA
25;"PB";2500734;"250073";"Amparo";"Não";"-";"Outros";NA;NA;NA;NA;NA;NA;1;NA;NA;NA;1;NA;1;NA;NA;NA;1;NA;1;NA;NA;NA;NA;NA;NA
25;"PB";2500775;"250077";"Aparecida";"Não";"Região Metropolitana de Sousa";"Outros";NA;NA;NA;NA;NA;NA;NA;NA;2;1;NA;NA;NA;NA;NA;NA;NA;NA;NA;NA;1;NA;NA;NA;NA
25;"PB";2500809;"250080";"Araçagi";"Não";"Região Metropolitana de Guarabira";"Outros";NA;NA;NA;NA;NA;1;NA;1;1;NA;1;1;NA;1;NA;NA;NA;NA;NA;NA;NA;1;NA;NA;NA
25;"PB";2500908;"250090";"Arara";"Não";"Região Metropolitana de Guarabira";"Outros";NA;NA;NA;NA;NA;NA;2;2;4;NA;NA;NA;2;NA;NA;3;NA;NA;2;NA;NA;1;NA;NA;NA
25;"PB";2501005;"250100";"Araruna";"Não";"Região Metropolitana de Araruna";"Outros";NA;NA;NA;1;NA;1;NA;NA;1;NA;1;1;NA;NA;NA;NA;NA;NA;1;1;NA;NA;NA;NA;NA
25;"PB";2501104;"250110";"Areia";"Não";"Região Metropolitana de Esperança";"Outros";NA;NA;NA;NA;3;NA;NA;NA;2;1;4;NA;7;2;4;3;2;5;1;4;3;NA;3;NA;NA
25;"PB";2501153;"250115";"Areia de Baraúnas";"Não";"Região Metropolitana de Patos";"Outros";NA;NA;NA;NA;NA;NA;NA;NA;NA;1;NA;NA;NA;NA;NA;NA;NA;NA;NA;NA;NA;NA;NA;NA;NA
25;"PB";2501203;"250120";"Areial";"Não";"Região Metropolitana de Esperança";"Outros";NA;NA;NA;NA;2;NA;NA;1;NA;NA;3;1;1;NA;NA;NA;1;1;1;1;1;1;NA;NA;NA
25;"PB";2501302;"250130";"Aroeiras";"Não";"Região Metropolitana de Campina Grande";"Outros";NA;NA;NA;NA;1;NA;4;1;3;4;2;1;1;NA;2;1;1;2;1;2;NA;NA;1;NA;NA
25;"PB";2501351;"250135";"Assunção";"Não";"-";"Outros";NA;NA;NA;NA;1;NA;NA;NA;2;1;NA;NA;NA;NA;1;1;1;2;NA;NA;NA;NA;NA;2;NA
25;"PB";2501401;"250140";"Baía da Traição";"Não";"Região Metropolitana do Vale do Mamanguape";"Outros";NA;NA;1;NA;NA;NA;NA;NA;NA;1;NA;NA;NA;NA;NA;NA;NA;NA;NA;NA;NA;NA;NA;NA;NA
25;"PB";2501500;"250150";"Bananeiras";"Não";"Região Metropolitana de Guarabira";"Outros";NA;NA;NA;NA;1;NA;1;3;1;NA;NA;3;NA;NA;NA;NA;1;NA;NA;1;NA;NA;NA;1;NA
25;"PB";2501534;"250153";"Baraúna";"Não";"Região Metropolitana de Barra de Santa Rosa";"Outros";NA;NA;NA;NA;NA;NA;NA;NA;NA;NA;NA;NA;NA;NA;1;1;1;1;1;1;NA;2;NA;NA;NA
25;"PB";2501575;"250157";"Barra de Santana";"Não";"Região Metropolitana de Campina Grande";"Outros";NA;NA;NA;NA;NA;NA;2;5;4;1;2;1;1;3;1;1;NA;NA;1;1;1;2;NA;NA;NA
25;"PB";2501609;"250160";"Barra de Santa Rosa";"Não";"Região Metropolitana de Barra de Santa Rosa";"Outros";NA;NA;1;NA;1;NA;4;2;1;NA;2;1;2;NA;1;NA;1;2;NA;NA;NA;5;2;NA;NA
25;"PB";2501708;"250170";"Barra de São Miguel";"Não";"-";"Outros";NA;NA;NA;NA;NA;NA;NA;NA;NA;NA;NA;NA;NA;NA;NA;NA;NA;NA;NA;NA;NA;1;NA;NA;NA
25;"PB";2501807;"250180";"Bayeux";"Não";"Região Metropolitana de João Pessoa";"Outros";1;4;1;NA;NA;NA;1;NA;NA;NA;2;1;1;1;2;1;1;1;NA;2;2;1;NA;NA;NA
25;"PB";2501906;"250190";"Belém";"Não";"Região Metropolitana de Guarabira";"Outros";NA;NA;NA;NA;NA;NA;1;1;1;NA;2;NA;NA;2;1;NA;NA;NA;NA;2;NA;1;NA;1;NA
25;"PB";2502003;"250200";"Belém do Brejo do Cruz";"Não";"-";"Outros";NA;NA;NA;NA;NA;2;NA;NA;NA;NA;NA;1;NA;NA;NA;NA;NA;NA;NA;NA;NA;1;NA;NA;NA
25;"PB";2502052;"250205";"Bernardino Batista";"Não";"Região Metropolitana de Cajazeiras";"Outros";NA;NA;NA;NA;NA;NA;NA;NA;NA;NA;NA;NA;1;NA;NA;NA;NA;NA;NA;NA;NA;NA;NA;NA;NA
25;"PB";2502102;"250210";"Boa Ventura";"Não";"Região Metropolitana do Vale do Piancó";"Outros";NA;NA;NA;NA;NA;NA;NA;NA;NA;1;NA;NA;1;NA;NA;NA;NA;NA;NA;NA;NA;NA;NA;NA;NA
25;"PB";2502151;"250215";"Boa Vista";"Não";"Região Metropolitana de Campina Grande";"Outros";NA;NA;NA;NA;NA;2;NA;1;NA;1;1;1;1;1;1;NA;2;3;2;3;NA;1;1;NA;NA
25;"PB";2502300;"250230";"Bom Sucesso";"Não";"-";"Outros";NA;NA;NA;NA;NA;NA;NA;NA;1;NA;NA;1;NA;NA;NA;NA;NA;NA;NA;NA;NA;NA;NA;NA;NA
25;"PB";2502409;"250240";"Bonito de Santa Fé";"Não";"Região Metropolitana de Cajazeiras";"Outros";NA;NA;NA;NA;NA;NA;NA;NA;NA;NA;NA;NA;NA;NA;NA;NA;NA;NA;NA;NA;1;NA;NA;1;NA
25;"PB";2502508;"250250";"Boqueirão";"Não";"Região Metropolitana de Campina Grande";"Outros";NA;NA;NA;NA;1;NA;1;3;1;NA;NA;1;2;2;2;1;2;NA;NA;1;2;4;NA;1;NA
25;"PB";2502607;"250260";"Igaracy";"Não";"Região Metropolitana do Vale do Piancó";"Outros";NA;NA;NA;NA;NA;NA;NA;NA;NA;NA;NA;NA;NA;NA;NA;NA;NA;NA;NA;1;NA;1;1;NA;NA
25;"PB";2502706;"250270";"Borborema";"Não";"Região Metropolitana de Guarabira";"Outros";NA;NA;NA;NA;NA;NA;NA;NA;NA;NA;NA;NA;NA;NA;NA;NA;NA;NA;1;NA;NA;NA;NA;NA;NA
25;"PB";2502805;"250280";"Brejo do Cruz";"Não";"-";"Outros";NA;NA;NA;NA;2;1;NA;2;NA;3;NA;1;NA;NA;1;NA;NA;NA;NA;NA;NA;NA;NA;NA;NA
25;"PB";2502904;"250290";"Brejo dos Santos";"Não";"-";"Outros";NA;NA;NA;NA;NA;NA;NA;NA;NA;NA;1;NA;1;NA;NA;NA;NA;NA;NA;NA;NA;NA;NA;NA;NA
25;"PB";2503001;"250300";"Caaporã";"Não";"Região Metropolitana de João Pessoa";"Outros";NA;NA;1;1;2;3;3;3;2;6;3;1;1;4;3;1;1;NA;NA;1;2;2;NA;NA;NA
25;"PB";2503100;"250310";"Cabaceiras";"Não";"-";"Outros";NA;NA;NA;1;NA;NA;NA;NA;NA;NA;NA;NA;NA;NA;NA;NA;NA;1;1;NA;NA;1;1;NA;NA
25;"PB";2503209;"250320";"Cabedelo";"Não";"Região Metropolitana de João Pessoa";"Outros";4;6;NA;NA;1;1;1;1;1;3;5;NA;2;NA;2;2;NA;NA;NA;NA;NA;NA;NA;NA;NA
25;"PB";2503308;"250330";"Cachoeira dos Índios";"Não";"Região Metropolitana de Cajazeiras";"Outros";NA;NA;NA;NA;NA;NA;NA;NA;NA;1;1;1;1;NA;NA;NA;NA;NA;NA;NA;3;NA;NA;NA;NA
25;"PB";2503506;"250350";"Cacimba de Dentro";"Não";"Região Metropolitana de Araruna";"Outros";NA;NA;NA;NA;NA;NA;NA;NA;NA;NA;NA;1;NA;1;1;1;NA;NA;NA;NA;NA;NA;NA;NA;NA
25;"PB";2503555;"250355";"Cacimbas";"Não";"Região Metropolitana de Patos";"Outros";NA;NA;NA;NA;NA;NA;NA;NA;NA;NA;NA;1;NA;NA;NA;NA;NA;NA;NA;NA;NA;NA;NA;NA;NA
25;"PB";2503605;"250360";"Caiçara";"Não";"Região Metropolitana de Guarabira";"Outros";NA;NA;NA;NA;NA;NA;NA;NA;NA;1;NA;NA;NA;NA;1;NA;NA;NA;NA;NA;NA;NA;NA;NA;NA
25;"PB";2503704;"250370";"Cajazeiras";"Não";"Região Metropolitana de Cajazeiras";"Outros";NA;1;2;1;2;1;1;2;NA;3;1;1;2;1;1;1;1;NA;NA;1;5;4;NA;1;NA
25;"PB";2503753;"250375";"Cajazeirinhas";"Não";"-";"Outros";NA;1;NA;NA;NA;NA;NA;NA;NA;NA;1;NA;NA;NA;NA;NA;NA;NA;NA;NA;NA;NA;NA;NA;NA
25;"PB";2503803;"250380";"Caldas Brandão";"Não";"Região Metropolitana de Itabaiana";"Outros";NA;NA;NA;NA;NA;1;NA;NA;NA;NA;NA;NA;1;1;NA;1;NA;NA;NA;NA;NA;NA;NA;NA;NA
25;"PB";2503902;"250390";"Camalaú";"Não";"-";"Outros";NA;NA;NA;NA;NA;NA;1;NA;1;NA;NA;NA;3;1;NA;1;NA;1;1;1;NA;1;2;1;NA
25;"PB";2504009;"250400";"Campina Grande";"Não";"Região Metropolitana de Campina Grande";"Outros";67;48;135;141;155;147;171;164;134;105;146;118;127;159;130;129;118;81;106;72;80;88;90;57;NA
25;"PB";2504033;"250403";"Capim";"Não";"-";"Outros";NA;NA;NA;NA;NA;NA;NA;NA;1;1;1;NA;2;NA;NA;1;NA;NA;NA;1;NA;NA;NA;NA;NA
25;"PB";2504074;"250407";"Caraúbas";"Não";"-";"Outros";NA;NA;NA;NA;1;NA;NA;NA;NA;1;NA;1;NA;NA;NA;NA;NA;NA;1;1;1;NA;1;NA;NA
25;"PB";2504108;"250410";"Carrapateira";"Não";"Região Metropolitana de Cajazeiras";"Outros";NA;NA;NA;NA;NA;NA;NA;NA;NA;NA;NA;NA;NA;NA;NA;NA;1;NA;NA;NA;NA;NA;NA;NA;NA
25;"PB";2504157;"250415";"Casserengue";"Não";"-";"Outros";NA;NA;NA;NA;NA;NA;NA;NA;NA;NA;1;NA;NA;1;NA;NA;NA;1;NA;NA;NA;1;NA;NA;NA
25;"PB";2504207;"250420";"Catingueira";"Não";"Região Metropolitana do Vale do Piancó";"Outros";NA;NA;NA;NA;NA;NA;1;NA;NA;NA;NA;2;NA;NA;NA;NA;NA;NA;NA;NA;NA;NA;NA;NA;NA
25;"PB";2504306;"250430";"Catolé do Rocha";"Não";"-";"Outros";NA;NA;NA;NA;NA;1;3;1;1;3;1;NA;NA;NA;NA;NA;NA;NA;NA;1;NA;1;NA;NA;NA
25;"PB";2504355;"250435";"Caturité";"Não";"Região Metropolitana de Campina Grande";"Outros";NA;NA;NA;NA;NA;NA;NA;4;NA;NA;2;1;NA;1;NA;1;2;1;NA;NA;NA;2;NA;1;NA
25;"PB";2504405;"250440";"Conceição";"Não";"Região Metropolitana do Vale do Piancó";"Outros";NA;NA;NA;NA;NA;NA;NA;NA;1;1;NA;NA;NA;NA;1;1;NA;NA;NA;NA;NA;NA;NA;NA;NA
25;"PB";2504504;"250450";"Condado";"Não";"Região Metropolitana de Patos";"Outros";NA;NA;NA;NA;NA;NA;NA;NA;NA;2;NA;1;NA;NA;NA;NA;NA;NA;NA;NA;NA;NA;NA;NA;NA
25;"PB";2504603;"250460";"Conde";"Não";"Região Metropolitana de João Pessoa";"Outros";NA;1;NA;NA;1;2;2;NA;3;5;2;2;2;2;NA;3;NA;3;1;NA;NA;1;NA;1;NA
25;"PB";2504702;"250470";"Congo";"Não";"-";"Outros";NA;NA;NA;NA;NA;NA;1;NA;NA;1;NA;NA;1;1;3;1;3;NA;1;2;4;NA;1;1;NA
25;"PB";2504801;"250480";"Coremas";"Não";"Região Metropolitana do Vale do Piancó";"Outros";NA;NA;NA;NA;NA;NA;1;NA;NA;NA;NA;NA;NA;1;NA;NA;NA;NA;NA;NA;NA;NA;NA;NA;NA
25;"PB";2504850;"250485";"Coxixola";"Não";"-";"Outros";NA;NA;NA;NA;NA;NA;NA;NA;NA;NA;NA;NA;NA;NA;NA;1;NA;NA;NA;NA;NA;NA;NA;NA;NA
25;"PB";2504900;"250490";"Cruz do Espírito Santo";"Não";"Região Metropolitana de João Pessoa";"Outros";NA;NA;NA;NA;NA;NA;1;NA;1;6;1;1;NA;1;NA;1;NA;1;1;1;3;1;NA;1;NA
25;"PB";2505006;"250500";"Cubati";"Não";"-";"Outros";NA;NA;NA;NA;1;1;NA;1;NA;2;NA;1;NA;1;1;2;NA;1;1;NA;1;1;1;2;NA
25;"PB";2505105;"250510";"Cuité";"Não";"Região Metropolitana de Barra de Santa Rosa";"Outros";NA;NA;1;NA;2;NA;1;NA;4;1;4;3;5;NA;NA;4;4;1;2;3;1;NA;NA;1;NA
25;"PB";2505204;"250520";"Cuitegi";"Não";"Região Metropolitana de Guarabira";"Outros";NA;NA;NA;NA;NA;NA;NA;NA;NA;NA;NA;NA;NA;NA;NA;NA;1;1;NA;NA;NA;NA;NA;NA;NA
25;"PB";2505238;"250523";"Cuité de Mamanguape";"Não";"Região Metropolitana do Vale do Mamanguape";"Outros";NA;NA;NA;NA;NA;NA;NA;NA;NA;1;1;NA;NA;NA;NA;NA;NA;NA;NA;NA;NA;1;NA;NA;NA
25;"PB";2505303;"250530";"Curral Velho";"Não";"Região Metropolitana do Vale do Piancó";"Outros";NA;NA;NA;NA;NA;NA;NA;NA;NA;NA;NA;NA;NA;NA;1;NA;NA;NA;NA;NA;NA;NA;NA;NA;NA
25;"PB";2505352;"250535";"Damião";"Não";"Região Metropolitana de Araruna";"Outros";NA;NA;NA;NA;1;NA;NA;NA;1;NA;1;NA;6;NA;NA;NA;2;NA;1;1;NA;2;1;NA;NA
25;"PB";2505402;"250540";"Desterro";"Não";"Região Metropolitana de Patos";"Outros";NA;NA;1;NA;NA;NA;3;NA;1;NA;1;NA;1;NA;NA;NA;NA;1;NA;NA;NA;1;NA;NA;NA
25;"PB";2505600;"250560";"Diamante";"Não";"Região Metropolitana do Vale do Piancó";"Outros";NA;NA;NA;NA;NA;NA;NA;NA;NA;NA;NA;NA;NA;NA;NA;NA;NA;NA;1;NA;NA;NA;NA;NA;NA
25;"PB";2505709;"250570";"Dona Inês";"Não";"Região Metropolitana de Araruna";"Outros";NA;NA;NA;NA;NA;NA;NA;NA;NA;NA;NA;NA;NA;1;NA;NA;1;NA;NA;NA;1;4;NA;NA;NA
25;"PB";2505808;"250580";"Duas Estradas";"Não";"Região Metropolitana de Guarabira";"Outros";NA;NA;NA;NA;NA;NA;NA;NA;NA;NA;NA;NA;NA;NA;NA;NA;NA;NA;1;NA;NA;NA;NA;NA;NA
25;"PB";2506004;"250600";"Esperança";"Não";"Região Metropolitana de Esperança";"Outros";1;NA;NA;NA;3;NA;3;NA;3;5;5;1;1;1;1;2;2;2;2;NA;6;4;2;2;NA
25;"PB";2506103;"250610";"Fagundes";"Não";"Região Metropolitana de Campina Grande";"Outros";NA;NA;NA;1;1;NA;NA;NA;NA;NA;NA;NA;1;1;NA;NA;NA;2;NA;NA;1;NA;NA;NA;NA
25;"PB";2506202;"250620";"Frei Martinho";"Não";"Região Metropolitana de Barra de Santa Rosa";"Outros";NA;NA;NA;NA;NA;NA;NA;1;NA;NA;NA;NA;1;NA;NA;NA;NA;NA;NA;NA;NA;NA;NA;NA;NA
25;"PB";2506251;"250625";"Gado Bravo";"Não";"Região Metropolitana de Campina Grande";"Outros";NA;NA;NA;NA;NA;NA;1;NA;NA;NA;1;NA;NA;NA;NA;1;NA;NA;NA;1;NA;1;NA;NA;NA
25;"PB";2506301;"250630";"Guarabira";"Não";"Região Metropolitana de Guarabira";"Outros";NA;NA;NA;1;1;3;NA;1;2;NA;1;1;NA;3;2;NA;2;1;3;1;1;4;NA;NA;NA
25;"PB";2506400;"250640";"Gurinhém";"Não";"Região Metropolitana de Itabaiana";"Outros";NA;NA;NA;NA;1;NA;1;1;NA;NA;1;NA;NA;1;NA;NA;1;NA;NA;NA;NA;NA;NA;NA;NA
25;"PB";2506509;"250650";"Gurjão";"Não";"-";"Outros";NA;NA;NA;NA;1;NA;NA;NA;NA;1;NA;1;NA;1;NA;NA;NA;1;NA;NA;NA;1;NA;NA;NA
25;"PB";2506707;"250670";"Imaculada";"Não";"-";"Outros";NA;NA;NA;NA;1;NA;1;NA;NA;1;NA;NA;NA;NA;NA;NA;NA;NA;NA;NA;NA;NA;1;NA;NA
25;"PB";2506806;"250680";"Ingá";"Não";"Região Metropolitana de Itabaiana";"Outros";NA;NA;NA;1;4;1;4;1;2;3;2;5;2;3;3;NA;NA;NA;NA;2;NA;2;NA;NA;NA
25;"PB";2506905;"250690";"Itabaiana";"Não";"Região Metropolitana de Itabaiana";"Outros";NA;NA;NA;NA;NA;3;NA;NA;1;NA;NA;1;NA;NA;NA;NA;NA;NA;1;1;1;NA;NA;NA;NA
25;"PB";2507002;"250700";"Itaporanga";"Não";"Região Metropolitana do Vale do Piancó";"Outros";NA;NA;1;NA;1;NA;1;NA;2;1;1;2;2;NA;NA;NA;1;NA;NA;NA;NA;1;1;NA;NA
25;"PB";2507101;"250710";"Itapororoca";"Não";"Região Metropolitana do Vale do Mamanguape";"Outros";NA;NA;NA;NA;NA;2;NA;NA;NA;NA;NA;NA;NA;NA;NA;1;NA;2;1;NA;2;3;NA;NA;NA
25;"PB";2507200;"250720";"Itatuba";"Não";"Região Metropolitana de Campina Grande";"Outros";NA;NA;3;NA;NA;NA;NA;1;NA;NA;1;1;2;1;NA;NA;NA;NA;NA;NA;NA;NA;NA;NA;NA
25;"PB";2507309;"250730";"Jacaraú";"Não";"Região Metropolitana do Vale do Mamanguape";"Outros";NA;NA;NA;NA;NA;1;NA;1;NA;NA;NA;NA;NA;NA;1;NA;NA;1;1;1;3;NA;NA;1;NA
25;"PB";2507507;"250750";"João Pessoa";"Sim";"Região Metropolitana de João Pessoa";"Outros";43;89;69;29;60;48;53;57;66;76;59;44;36;46;47;30;33;33;14;38;54;29;4;2;NA
25;"PB";2507606;"250760";"Juarez Távora";"Não";"Região Metropolitana de Itabaiana";"Outros";NA;NA;1;NA;1;NA;NA;NA;1;3;NA;NA;NA;NA;NA;NA;NA;NA;NA;NA;NA;NA;NA;NA;NA
25;"PB";2507705;"250770";"Juazeirinho";"Não";"-";"Outros";1;NA;NA;NA;4;1;1;2;5;6;2;NA;3;1;1;2;5;6;4;2;1;1;5;2;NA
25;"PB";2507804;"250780";"Junco do Seridó";"Não";"Região Metropolitana de Patos";"Outros";NA;NA;NA;NA;NA;NA;NA;NA;2;1;1;2;NA;1;NA;NA;NA;NA;NA;NA;NA;NA;NA;NA;NA
25;"PB";2507903;"250790";"Juripiranga";"Não";"Região Metropolitana de Itabaiana";"Outros";NA;NA;NA;NA;NA;2;NA;NA;1;NA;NA;NA;NA;NA;1;NA;NA;1;NA;NA;NA;NA;NA;NA;NA
25;"PB";2508000;"250800";"Juru";"Não";"-";"Outros";NA;NA;NA;1;NA;NA;NA;NA;1;2;NA;NA;NA;NA;NA;NA;NA;NA;NA;NA;NA;NA;NA;NA;NA
25;"PB";2508208;"250820";"Lagoa de Dentro";"Não";"Região Metropolitana de Guarabira";"Outros";NA;NA;NA;NA;NA;NA;NA;1;2;NA;NA;NA;NA;NA;NA;NA;1;1;NA;NA;1;1;NA;NA;NA
25;"PB";2508307;"250830";"Lagoa Seca";"Não";"Região Metropolitana de Campina Grande";"Outros";NA;NA;NA;1;3;NA;3;1;2;2;3;3;3;5;1;3;NA;4;1;2;4;1;3;2;NA
25;"PB";2508406;"250840";"Lastro";"Não";"Região Metropolitana de Sousa";"Outros";NA;NA;NA;NA;NA;NA;NA;NA;NA;1;NA;NA;NA;NA;NA;NA;NA;NA;NA;NA;NA;NA;NA;NA;NA
25;"PB";2508505;"250850";"Livramento";"Não";"-";"Outros";NA;NA;NA;NA;NA;NA;NA;NA;NA;NA;NA;NA;NA;NA;NA;NA;NA;2;NA;NA;NA;NA;1;NA;NA
25;"PB";2508554;"250855";"Logradouro";"Não";"Região Metropolitana de Guarabira";"Outros";NA;NA;NA;NA;NA;NA;NA;NA;NA;NA;NA;NA;NA;NA;NA;NA;NA;NA;NA;NA;NA;NA;NA;1;NA
25;"PB";2508604;"250860";"Lucena";"Não";"Região Metropolitana de João Pessoa";"Outros";NA;NA;NA;1;NA;NA;5;1;1;2;1;NA;1;1;NA;NA;NA;NA;NA;NA;1;NA;NA;NA;NA
25;"PB";2508802;"250880";"Malta";"Não";"Região Metropolitana de Patos";"Outros";NA;NA;NA;NA;1;NA;NA;NA;1;1;NA;NA;NA;NA;NA;NA;NA;NA;NA;NA;NA;1;NA;NA;NA
25;"PB";2508901;"250890";"Mamanguape";"Não";"Região Metropolitana do Vale do Mamanguape";"Outros";2;NA;NA;NA;NA;3;1;2;3;6;3;3;3;3;1;1;2;2;1;2;1;5;NA;1;NA
25;"PB";2509008;"250900";"Manaíra";"Não";"-";"Outros";NA;NA;NA;NA;NA;NA;NA;1;NA;1;NA;NA;NA;NA;NA;NA;NA;1;NA;NA;NA;NA;NA;NA;NA
25;"PB";2509057;"250905";"Marcação";"Não";"Região Metropolitana do Vale do Mamanguape";"Outros";NA;NA;1;NA;NA;1;NA;NA;NA;NA;1;1;1;2;NA;1;NA;NA;NA;NA;2;1;NA;NA;NA
25;"PB";2509107;"250910";"Mari";"Não";"-";"Outros";NA;NA;NA;NA;NA;NA;NA;NA;1;NA;1;1;NA;NA;2;NA;NA;NA;1;NA;NA;1;NA;NA;NA
25;"PB";2509156;"250915";"Marizópolis";"Não";"Região Metropolitana de Sousa";"Outros";NA;NA;NA;NA;2;NA;NA;NA;NA;NA;NA;NA;1;NA;NA;NA;NA;NA;NA;NA;NA;NA;NA;NA;NA
25;"PB";2509206;"250920";"Massaranduba";"Não";"Região Metropolitana de Campina Grande";"Outros";NA;NA;NA;NA;NA;2;2;NA;2;NA;1;2;5;2;2;2;2;1;NA;1;3;2;NA;NA;NA
25;"PB";2509305;"250930";"Mataraca";"Não";"Região Metropolitana do Vale do Mamanguape";"Outros";NA;NA;NA;NA;3;NA;NA;NA;NA;1;NA;NA;NA;NA;NA;2;NA;NA;NA;NA;1;1;NA;NA;NA
25;"PB";2509339;"250933";"Matinhas";"Não";"Região Metropolitana de Campina Grande";"Outros";NA;NA;NA;NA;1;NA;NA;NA;NA;NA;NA;NA;1;NA;2;NA;NA;1;1;1;NA;1;NA;NA;NA
25;"PB";2509370;"250937";"Mato Grosso";"Não";"-";"Outros";NA;1;NA;NA;NA;NA;NA;NA;NA;NA;NA;NA;NA;NA;NA;NA;NA;NA;NA;NA;NA;NA;NA;NA;NA
25;"PB";2509396;"250939";"Maturéia";"Não";"Região Metropolitana de Patos";"Outros";NA;NA;NA;1;NA;NA;1;1;NA;2;NA;1;2;NA;NA;NA;NA;NA;NA;NA;NA;NA;NA;NA;NA
25;"PB";2509404;"250940";"Mogeiro";"Não";"Região Metropolitana de Itabaiana";"Outros";NA;NA;NA;NA;NA;NA;NA;3;NA;1;NA;3;NA;NA;NA;NA;NA;NA;NA;NA;NA;NA;NA;NA;NA
25;"PB";2509503;"250950";"Montadas";"Não";"Região Metropolitana de Esperança";"Outros";NA;NA;NA;NA;NA;NA;NA;NA;2;NA;1;NA;1;1;1;NA;1;1;1;1;NA;1;NA;1;NA
25;"PB";2509602;"250960";"Monte Horebe";"Não";"Região Metropolitana de Cajazeiras";"Outros";NA;NA;NA;NA;NA;NA;NA;NA;NA;NA;NA;1;NA;NA;NA;NA;NA;NA;NA;NA;NA;1;NA;NA;NA
25;"PB";2509701;"250970";"Monteiro";"Não";"-";"Outros";NA;NA;NA;NA;3;1;1;5;3;9;NA;5;5;7;4;11;3;3;3;4;6;3;3;3;NA
25;"PB";2509800;"250980";"Mulungu";"Não";"Região Metropolitana de Guarabira";"Outros";NA;NA;NA;NA;NA;NA;1;NA;NA;NA;NA;NA;NA;NA;1;NA;NA;NA;NA;1;NA;NA;NA;NA;NA
25;"PB";2509909;"250990";"Natuba";"Não";"Região Metropolitana de Campina Grande";"Outros";NA;NA;NA;NA;NA;NA;1;NA;NA;NA;NA;NA;3;1;NA;NA;NA;NA;NA;NA;1;NA;NA;2;NA
25;"PB";2510006;"251000";"Nazarezinho";"Não";"Região Metropolitana de Sousa";"Outros";NA;NA;NA;NA;NA;NA;NA;NA;NA;NA;NA;NA;NA;NA;NA;NA;NA;NA;NA;NA;1;NA;1;NA;NA
25;"PB";2510105;"251010";"Nova Floresta";"Não";"Região Metropolitana de Barra de Santa Rosa";"Outros";1;NA;NA;NA;1;NA;3;NA;1;1;NA;1;1;3;NA;NA;2;3;1;2;NA;1;NA;NA;NA
25;"PB";2510204;"251020";"Nova Olinda";"Não";"Região Metropolitana do Vale do Piancó";"Outros";NA;NA;NA;NA;NA;NA;NA;NA;NA;NA;1;NA;NA;NA;NA;NA;NA;NA;NA;NA;NA;NA;NA;NA;NA
25;"PB";2510303;"251030";"Nova Palmeira";"Não";"Região Metropolitana de Barra de Santa Rosa";"Outros";NA;NA;NA;NA;NA;NA;2;2;1;NA;1;1;NA;2;NA;1;NA;NA;NA;NA;1;NA;1;NA;NA
25;"PB";2510402;"251040";"Olho d'Água";"Não";"-";"Outros";NA;NA;NA;NA;NA;NA;NA;NA;NA;NA;NA;1;NA;NA;NA;NA;NA;NA;NA;1;NA;NA;NA;NA;NA
25;"PB";2510501;"251050";"Olivedos";"Não";"-";"Outros";NA;NA;NA;NA;NA;NA;1;NA;NA;NA;NA;NA;NA;NA;1;2;NA;1;NA;3;NA;1;NA;1;NA
25;"PB";2510600;"251060";"Ouro Velho";"Não";"-";"Outros";NA;NA;NA;NA;1;NA;NA;1;1;NA;NA;NA;1;1;NA;NA;NA;NA;NA;NA;NA;1;2;NA;NA
25;"PB";2510659;"251065";"Parari";"Não";"-";"Outros";NA;NA;NA;NA;NA;NA;NA;NA;NA;NA;NA;NA;NA;NA;NA;NA;NA;NA;NA;1;NA;NA;NA;NA;NA
25;"PB";2510709;"251070";"Passagem";"Não";"Região Metropolitana de Patos";"Outros";NA;NA;NA;NA;NA;NA;NA;NA;NA;NA;1;NA;NA;NA;NA;NA;NA;NA;NA;NA;NA;NA;NA;NA;NA
25;"PB";2510808;"251080";"Patos";"Não";"Região Metropolitana de Patos";"Outros";1;NA;NA;1;1;3;7;3;5;13;18;5;NA;1;2;NA;NA;NA;NA;NA;2;1;4;NA;NA
25;"PB";2510907;"251090";"Paulista";"Não";"-";"Outros";NA;NA;1;NA;NA;NA;NA;NA;1;4;NA;1;1;NA;NA;NA;NA;NA;NA;NA;NA;NA;NA;NA;NA
25;"PB";2511004;"251100";"Pedra Branca";"Não";"-";"Outros";NA;NA;NA;NA;NA;NA;NA;NA;NA;NA;NA;NA;NA;NA;NA;NA;1;NA;NA;NA;NA;NA;NA;NA;NA
25;"PB";2511103;"251110";"Pedra Lavrada";"Não";"-";"Outros";NA;NA;NA;NA;2;NA;1;1;NA;2;NA;1;NA;2;NA;1;1;NA;NA;1;NA;1;2;NA;NA
25;"PB";2511202;"251120";"Pedras de Fogo";"Não";"Região Metropolitana de João Pessoa";"Outros";NA;NA;1;NA;1;2;4;NA;NA;2;1;1;NA;NA;1;4;1;1;NA;NA;1;1;NA;NA;NA
25;"PB";2511301;"251130";"Piancó";"Não";"Região Metropolitana do Vale do Piancó";"Outros";2;NA;NA;NA;NA;NA;NA;NA;1;NA;NA;NA;NA;NA;NA;1;NA;NA;NA;NA;NA;1;NA;NA;NA
25;"PB";2511400;"251140";"Picuí";"Não";"Região Metropolitana de Barra de Santa Rosa";"Outros";1;NA;NA;NA;2;NA;1;NA;3;NA;3;4;6;8;2;NA;2;3;NA;1;1;1;3;3;NA
25;"PB";2511509;"251150";"Pilar";"Não";"Região Metropolitana de Itabaiana";"Outros";1;1;NA;NA;NA;10;1;NA;1;NA;NA;NA;NA;NA;NA;NA;1;NA;NA;NA;NA;NA;NA;NA;NA
25;"PB";2511608;"251160";"Pilões";"Não";"Região Metropolitana de Guarabira";"Outros";NA;1;NA;NA;NA;NA;NA;NA;NA;NA;NA;NA;1;1;NA;NA;NA;NA;NA;NA;NA;NA;NA;NA;NA
25;"PB";2511806;"251180";"Pirpirituba";"Não";"Região Metropolitana de Guarabira";"Outros";NA;NA;NA;NA;NA;1;NA;NA;1;1;1;NA;NA;NA;NA;NA;NA;NA;NA;NA;NA;1;NA;NA;NA
25;"PB";2511905;"251190";"Pitimbu";"Não";"Região Metropolitana de João Pessoa";"Outros";NA;1;NA;NA;NA;NA;NA;1;NA;NA;NA;NA;2;NA;1;2;NA;2;1;NA;NA;NA;NA;NA;NA
25;"PB";2512002;"251200";"Pocinhos";"Não";"Região Metropolitana de Esperança";"Outros";NA;NA;NA;NA;1;NA;2;3;2;2;2;5;3;1;3;4;3;4;1;NA;3;2;1;3;NA
25;"PB";2512101;"251210";"Pombal";"Não";"-";"Outros";NA;NA;NA;NA;1;NA;1;NA;1;1;1;2;NA;NA;1;NA;NA;1;NA;NA;NA;NA;NA;NA;NA
25;"PB";2512200;"251220";"Prata";"Não";"-";"Outros";NA;NA;NA;NA;NA;NA;NA;NA;NA;NA;NA;1;NA;NA;NA;NA;NA;NA;1;1;NA;NA;NA;NA;NA
25;"PB";2512309;"251230";"Princesa Isabel";"Não";"-";"Outros";NA;NA;NA;NA;1;NA;NA;NA;NA;1;2;3;1;NA;NA;NA;NA;NA;NA;NA;NA;NA;2;NA;NA
25;"PB";2512408;"251240";"Puxinanã";"Não";"Região Metropolitana de Campina Grande";"Outros";NA;NA;NA;NA;2;1;3;2;2;1;2;NA;3;3;1;NA;2;1;NA;NA;NA;NA;NA;NA;NA
25;"PB";2512507;"251250";"Queimadas";"Não";"Região Metropolitana de Campina Grande";"Outros";NA;NA;2;2;3;3;12;7;7;10;4;5;7;4;11;9;4;3;4;1;2;6;5;3;NA
25;"PB";2512606;"251260";"Quixaba";"Não";"Região Metropolitana de Patos";"Outros";NA;NA;NA;NA;NA;NA;NA;NA;NA;2;NA;NA;NA;NA;NA;NA;NA;NA;2;NA;1;NA;NA;NA;NA
25;"PB";2512705;"251270";"Remígio";"Não";"Região Metropolitana de Esperança";"Outros";NA;NA;NA;NA;3;1;4;8;4;2;5;4;1;3;NA;NA;NA;4;1;NA;NA;3;2;3;NA
25;"PB";2512721;"251272";"Pedro Régis";"Não";"Região Metropolitana do Vale do Mamanguape";"Outros";NA;NA;NA;NA;NA;NA;NA;NA;NA;NA;NA;NA;NA;1;NA;NA;NA;NA;NA;NA;NA;NA;NA;NA;NA
25;"PB";2512747;"251274";"Riachão";"Não";"Região Metropolitana de Araruna";"Outros";NA;NA;NA;NA;NA;NA;1;NA;NA;NA;NA;NA;NA;NA;NA;NA;NA;NA;NA;NA;NA;NA;NA;NA;NA
25;"PB";2512754;"251275";"Riachão do Bacamarte";"Não";"Região Metropolitana de Itabaiana";"Outros";NA;NA;1;1;3;NA;NA;1;1;2;3;NA;1;2;1;NA;4;NA;NA;NA;NA;NA;NA;NA;NA
25;"PB";2512762;"251276";"Riachão do Poço";"Não";"-";"Outros";NA;NA;NA;NA;NA;NA;NA;NA;NA;NA;NA;1;NA;1;1;NA;NA;NA;NA;NA;NA;NA;NA;NA;NA
25;"PB";2512788;"251278";"Riacho de Santo Antônio";"Não";"-";"Outros";NA;NA;NA;NA;NA;NA;NA;NA;NA;NA;1;1;1;1;NA;NA;NA;1;NA;1;NA;NA;NA;NA;NA
25;"PB";2512903;"251290";"Rio Tinto";"Não";"Região Metropolitana de João Pessoa";"Outros";NA;NA;NA;NA;NA;NA;NA;NA;NA;1;1;NA;NA;NA;3;NA;NA;NA;NA;1;NA;NA;NA;NA;NA
25;"PB";2513000;"251300";"Salgadinho";"Não";"Região Metropolitana de Patos";"Outros";NA;NA;NA;NA;NA;NA;NA;NA;NA;NA;NA;NA;NA;NA;NA;NA;NA;NA;NA;NA;NA;NA;NA;NA;NA
25;"PB";2513109;"251310";"Salgado de São Félix";"Não";"Região Metropolitana de Itabaiana";"Outros";NA;NA;NA;NA;1;1;NA;NA;NA;NA;NA;NA;NA;NA;NA;1;NA;NA;NA;NA;NA;NA;NA;NA;NA
25;"PB";2513158;"251315";"Santa Cecília";"Não";"Região Metropolitana de Campina Grande";"Outros";NA;NA;NA;NA;NA;NA;NA;NA;NA;NA;NA;NA;NA;NA;NA;NA;1;NA;NA;NA;NA;NA;NA;NA;NA
25;"PB";2513208;"251320";"Santa Cruz";"Não";"Região Metropolitana de Sousa";"Outros";NA;NA;NA;NA;NA;NA;NA;NA;NA;NA;NA;NA;NA;NA;NA;NA;NA;NA;NA;NA;NA;1;NA;NA;NA
25;"PB";2513307;"251330";"Santa Helena";"Não";"Região Metropolitana de Cajazeiras";"Outros";NA;NA;NA;NA;NA;NA;NA;NA;NA;NA;NA;NA;1;NA;NA;NA;1;NA;NA;NA;NA;NA;NA;NA;NA
25;"PB";2513356;"251335";"Santa Inês";"Não";"Região Metropolitana do Vale do Piancó";"Outros";NA;NA;NA;NA;NA;NA;NA;NA;NA;NA;NA;NA;NA;NA;NA;1;NA;NA;NA;NA;NA;NA;NA;NA;NA
25;"PB";2513406;"251340";"Santa Luzia";"Não";"Região Metropolitana de Patos";"Outros";NA;NA;NA;NA;5;NA;1;NA;NA;7;8;5;1;1;1;NA;1;NA;NA;NA;NA;NA;NA;NA;NA
25;"PB";2513505;"251350";"Santana de Mangueira";"Não";"Região Metropolitana do Vale do Piancó";"Outros";NA;NA;NA;NA;NA;NA;NA;NA;NA;NA;NA;NA;NA;NA;NA;NA;NA;NA;NA;NA;NA;NA;NA;1;NA
25;"PB";2513653;"251365";"Joca Claudino";"Não";"Região Metropolitana de Cajazeiras";"Outros";NA;NA;NA;NA;NA;NA;NA;NA;NA;NA;NA;NA;NA;NA;NA;NA;NA;NA;NA;NA;NA;1;NA;NA;NA
25;"PB";2513703;"251370";"Santa Rita";"Não";"Região Metropolitana de João Pessoa";"Outros";15;12;9;9;2;9;1;1;3;9;8;8;3;5;8;12;5;1;2;3;8;1;1;NA;NA
25;"PB";2513802;"251380";"Santa Teresinha";"Não";"Região Metropolitana de Patos";"Outros";NA;NA;1;NA;NA;NA;NA;NA;1;1;NA;NA;NA;1;NA;NA;NA;NA;NA;NA;NA;NA;NA;NA;NA
25;"PB";2513851;"251385";"Santo André";"Não";"-";"Outros";NA;NA;NA;NA;1;NA;NA;NA;NA;NA;NA;NA;NA;NA;NA;NA;NA;NA;NA;NA;1;1;NA;NA;NA
25;"PB";2513901;"251390";"São Bento";"Não";"-";"Outros";NA;NA;NA;NA;NA;1;NA;1;NA;3;1;2;NA;NA;1;NA;NA;NA;NA;NA;NA;NA;NA;NA;NA
25;"PB";2513927;"251392";"São Bentinho";"Não";"-";"Outros";NA;NA;NA;NA;NA;NA;NA;1;NA;1;NA;NA;NA;NA;NA;NA;NA;NA;NA;NA;NA;NA;NA;NA;NA
25;"PB";2513968;"251396";"São Domingos";"Não";"-";"Outros";NA;NA;NA;NA;1;NA;NA;NA;NA;NA;NA;NA;NA;NA;NA;NA;NA;NA;NA;NA;NA;NA;NA;NA;NA
25;"PB";2513984;"251398";"São Francisco";"Não";"Região Metropolitana de Sousa";"Outros";NA;NA;NA;NA;NA;NA;NA;NA;NA;NA;NA;NA;1;NA;NA;NA;NA;NA;NA;NA;1;NA;NA;NA;NA
25;"PB";2514008;"251400";"São João do Cariri";"Não";"-";"Outros";NA;NA;NA;NA;3;1;4;NA;3;NA;NA;NA;3;1;NA;1;1;1;3;NA;3;NA;1;NA;NA
25;"PB";2514107;"251410";"São João do Tigre";"Não";"-";"Outros";NA;NA;NA;NA;NA;NA;NA;1;NA;NA;NA;NA;NA;NA;NA;NA;NA;NA;NA;NA;2;NA;NA;NA;NA
25;"PB";2514305;"251430";"São José de Caiana";"Não";"Região Metropolitana do Vale do Piancó";"Outros";NA;NA;NA;NA;NA;NA;NA;NA;NA;1;NA;NA;NA;NA;NA;NA;NA;NA;NA;NA;NA;NA;NA;NA;NA
25;"PB";2514404;"251440";"São José de Espinharas";"Não";"Região Metropolitana de Patos";"Outros";NA;NA;NA;NA;NA;NA;NA;1;NA;NA;NA;NA;NA;NA;NA;NA;NA;NA;NA;NA;NA;NA;NA;NA;NA
25;"PB";2514453;"251445";"São José dos Ramos";"Não";"Região Metropolitana de Itabaiana";"Outros";NA;NA;NA;NA;1;NA;NA;NA;1;2;NA;NA;NA;NA;NA;NA;NA;NA;NA;NA;NA;2;NA;NA;NA
25;"PB";2514503;"251450";"São José de Piranhas";"Não";"Região Metropolitana de Cajazeiras";"Outros";NA;NA;NA;NA;NA;NA;1;NA;NA;NA;NA;2;1;1;NA;NA;NA;NA;NA;NA;1;NA;NA;1;NA
25;"PB";2514552;"251455";"São José de Princesa";"Não";"-";"Outros";NA;NA;NA;NA;NA;NA;NA;NA;NA;NA;1;NA;NA;NA;NA;NA;NA;NA;NA;NA;NA;NA;NA;NA;NA
25;"PB";2514602;"251460";"São José do Bonfim";"Não";"Região Metropolitana de Patos";"Outros";NA;NA;NA;1;NA;NA;NA;NA;NA;2;1;3;2;NA;NA;NA;NA;NA;NA;NA;NA;NA;NA;NA;NA
25;"PB";2514701;"251470";"São José do Sabugi";"Não";"Região Metropolitana de Patos";"Outros";NA;NA;NA;NA;NA;NA;NA;NA;NA;NA;2;NA;NA;NA;NA;NA;NA;NA;NA;NA;NA;NA;NA;NA;NA
25;"PB";2514800;"251480";"São José dos Cordeiros";"Não";"-";"Outros";NA;NA;NA;NA;NA;NA;NA;NA;NA;NA;NA;2;1;NA;NA;NA;2;NA;NA;NA;NA;1;NA;1;NA
25;"PB";2514909;"251490";"São Mamede";"Não";"Região Metropolitana de Patos";"Outros";NA;NA;NA;2;1;NA;4;NA;NA;2;1;3;NA;NA;NA;NA;NA;NA;NA;NA;NA;NA;NA;NA;NA
25;"PB";2515005;"251500";"São Miguel de Taipu";"Não";"Região Metropolitana de Itabaiana";"Outros";NA;NA;NA;NA;NA;NA;NA;NA;NA;NA;NA;NA;2;NA;NA;NA;NA;1;NA;NA;NA;1;NA;NA;NA
25;"PB";2515104;"251510";"São Sebastião de Lagoa de Roça";"Não";"Região Metropolitana de Esperança";"Outros";NA;NA;NA;NA;2;NA;2;NA;NA;1;1;3;NA;2;NA;1;NA;1;1;1;NA;NA;1;1;NA
25;"PB";2515203;"251520";"São Sebastião do Umbuzeiro";"Não";"-";"Outros";NA;NA;NA;2;NA;NA;NA;NA;NA;NA;NA;NA;NA;1;NA;NA;NA;1;NA;NA;NA;NA;1;1;NA
25;"PB";2515302;"251530";"Sapé";"Não";"-";"Outros";1;1;NA;NA;NA;2;NA;NA;3;1;NA;NA;2;4;1;1;3;3;1;2;3;4;1;1;NA
25;"PB";2515401;"251540";"São Vicente do Seridó";"Não";"-";"Outros";1;NA;NA;NA;4;NA;NA;2;1;1;2;NA;5;2;NA;NA;1;NA;NA;1;2;NA;NA;1;NA
25;"PB";2515500;"251550";"Serra Branca";"Não";"-";"Outros";NA;NA;NA;NA;1;NA;2;1;1;2;3;2;NA;2;4;2;1;2;2;1;NA;NA;5;1;NA
25;"PB";2515708;"251570";"Serra Grande";"Não";"Região Metropolitana do Vale do Piancó";"Outros";NA;NA;NA;NA;NA;NA;NA;NA;NA;NA;NA;NA;NA;NA;NA;NA;NA;NA;NA;NA;NA;NA;1;NA;NA
25;"PB";2515807;"251580";"Serra Redonda";"Não";"Região Metropolitana de Campina Grande";"Outros";NA;NA;NA;NA;1;NA;NA;NA;NA;NA;NA;NA;NA;2;NA;NA;NA;NA;NA;NA;NA;NA;NA;NA;NA
25;"PB";2515906;"251590";"Serraria";"Não";"Região Metropolitana de Guarabira";"Outros";NA;NA;NA;NA;NA;NA;NA;NA;NA;NA;NA;NA;NA;NA;NA;NA;NA;NA;NA;1;NA;NA;NA;NA;NA
25;"PB";2515930;"251593";"Sertãozinho";"Não";"Região Metropolitana de Guarabira";"Outros";NA;NA;NA;NA;NA;NA;NA;NA;NA;NA;NA;NA;NA;NA;NA;NA;NA;NA;1;NA;NA;NA;NA;NA;NA
25;"PB";2515971;"251597";"Sobrado";"Não";"-";"Outros";NA;NA;NA;NA;2;2;NA;NA;7;1;NA;1;1;NA;2;NA;3;NA;NA;1;NA;1;NA;NA;NA
25;"PB";2516003;"251600";"Solânea";"Não";"Região Metropolitana de Guarabira";"Outros";NA;NA;NA;NA;NA;NA;NA;NA;NA;NA;1;1;2;NA;NA;NA;NA;1;NA;NA;1;1;NA;1;NA
25;"PB";2516102;"251610";"Soledade";"Não";"-";"Outros";NA;NA;NA;2;1;2;3;4;2;1;2;6;7;4;5;5;1;NA;3;2;2;2;NA;2;NA
25;"PB";2516151;"251615";"Sossêgo";"Não";"Região Metropolitana de Barra de Santa Rosa";"Outros";NA;NA;NA;NA;1;NA;NA;NA;NA;NA;1;NA;NA;1;1;1;NA;NA;2;NA;2;NA;NA;NA;NA
25;"PB";2516201;"251620";"Sousa";"Não";"Região Metropolitana de Sousa";"Outros";1;NA;1;NA;1;NA;11;NA;2;2;6;2;5;NA;NA;1;3;NA;NA;1;6;6;2;1;NA
25;"PB";2516300;"251630";"Sumé";"Não";"-";"Outros";NA;NA;NA;NA;1;NA;1;2;1;1;1;3;NA;3;1;2;2;6;3;2;NA;1;5;2;NA
25;"PB";2516409;"251640";"Tacima";"Não";"Região Metropolitana de Araruna";"Outros";NA;NA;NA;NA;NA;NA;NA;NA;NA;NA;NA;NA;1;NA;NA;NA;2;1;NA;NA;NA;NA;NA;NA;NA
25;"PB";2516508;"251650";"Taperoá";"Não";"-";"Outros";NA;NA;NA;NA;NA;NA;3;2;4;1;3;1;1;NA;NA;2;2;2;2;NA;NA;NA;2;NA;NA
25;"PB";2516607;"251660";"Tavares";"Não";"-";"Outros";NA;NA;NA;NA;NA;NA;3;NA;NA;1;NA;NA;NA;NA;NA;NA;NA;NA;NA;NA;NA;NA;NA;NA;NA
25;"PB";2516706;"251670";"Teixeira";"Não";"Região Metropolitana de Patos";"Outros";NA;NA;NA;NA;7;NA;1;2;NA;3;1;2;1;NA;NA;NA;NA;1;NA;NA;NA;NA;NA;NA;NA
25;"PB";2516755;"251675";"Tenório";"Não";"-";"Outros";NA;NA;NA;NA;NA;NA;1;NA;NA;1;NA;NA;1;NA;NA;NA;NA;NA;NA;NA;NA;1;NA;1;NA
25;"PB";2516904;"251690";"Uiraúna";"Não";"Região Metropolitana de Cajazeiras";"Outros";NA;NA;NA;NA;NA;NA;1;NA;NA;NA;NA;NA;NA;NA;NA;NA;NA;NA;NA;NA;3;NA;NA;NA;NA
25;"PB";2517001;"251700";"Umbuzeiro";"Não";"Região Metropolitana de Campina Grande";"Outros";NA;1;NA;NA;NA;NA;NA;NA;2;NA;2;1;1;1;7;NA;1;NA;NA;2;NA;NA;4;NA;NA
25;"PB";2517100;"251710";"Várzea";"Não";"Região Metropolitana de Patos";"Outros";NA;NA;NA;NA;NA;NA;NA;NA;1;NA;1;NA;NA;NA;NA;NA;NA;NA;NA;NA;NA;NA;NA;NA;NA
25;"PB";2517407;"251740";"Zabelê";"Não";"-";"Outros";NA;NA;NA;NA;NA;2;NA;1;NA;NA;1;NA;NA;2;NA;NA;1;NA;NA;NA;NA;1;1;NA;NA
26;"PE";2600054;"260005";"Abreu e Lima";"Não";"Região Metropolitana de Recife";"Outros";1;2;2;1;NA;1;5;NA;NA;NA;3;NA;2;NA;1;NA;1;1;1;NA;1;NA;1;NA;NA
26;"PE";2600104;"260010";"Afogados da Ingazeira";"Não";"-";"Outros";1;1;NA;NA;NA;1;NA;1;1;NA;NA;2;NA;2;NA;1;2;NA;2;NA;1;NA;2;NA;NA
26;"PE";2600203;"260020";"Afrânio";"Não";"-";"Outros";NA;1;NA;1;NA;NA;NA;1;NA;NA;NA;NA;NA;1;NA;NA;1;NA;1;NA;1;NA;NA;1;NA
26;"PE";2600302;"260030";"Agrestina";"Não";"-";"Outros";NA;1;NA;NA;NA;NA;NA;NA;1;NA;1;NA;2;NA;2;NA;NA;NA;NA;NA;NA;1;NA;1;NA
26;"PE";2600401;"260040";"Água Preta";"Não";"-";"Outros";NA;1;4;10;1;2;1;1;NA;1;2;1;1;1;NA;1;NA;1;NA;NA;NA;NA;NA;NA;NA
26;"PE";2600500;"260050";"Águas Belas";"Não";"-";"Outros";NA;NA;1;NA;NA;NA;NA;NA;NA;NA;NA;1;NA;NA;4;3;2;2;2;1;3;1;NA;NA;NA
26;"PE";2600609;"260060";"Alagoinha";"Não";"-";"Outros";NA;1;1;NA;NA;NA;NA;NA;NA;NA;NA;NA;NA;NA;NA;NA;NA;NA;NA;NA;NA;NA;NA;NA;NA
26;"PE";2600708;"260070";"Aliança";"Não";"-";"Outros";NA;1;NA;NA;2;NA;NA;1;2;NA;NA;NA;NA;1;NA;1;NA;1;NA;2;1;1;1;NA;NA
26;"PE";2600807;"260080";"Altinho";"Não";"-";"Outros";NA;1;NA;1;1;NA;NA;NA;NA;NA;NA;NA;1;NA;NA;NA;NA;NA;NA;NA;1;NA;NA;NA;NA
26;"PE";2600906;"260090";"Amaraji";"Não";"-";"Outros";4;NA;NA;NA;2;7;NA;3;2;1;NA;1;NA;7;2;2;NA;NA;NA;NA;1;NA;NA;NA;NA
26;"PE";2601003;"260100";"Angelim";"Não";"-";"Outros";1;NA;NA;NA;1;1;NA;NA;3;NA;NA;NA;5;NA;NA;NA;NA;NA;1;NA;1;NA;NA;NA;NA
26;"PE";2601052;"260105";"Araçoiaba";"Não";"Região Metropolitana de Recife";"Outros";NA;NA;NA;NA;NA;NA;NA;NA;NA;NA;1;NA;NA;2;NA;NA;1;NA;NA;NA;1;NA;NA;NA;NA
26;"PE";2601102;"260110";"Araripina";"Não";"-";"Outros";NA;4;NA;NA;7;1;1;5;1;1;1;NA;2;NA;1;3;2;NA;NA;1;3;5;NA;2;NA
26;"PE";2601201;"260120";"Arcoverde";"Não";"-";"Outros";2;NA;NA;1;NA;1;1;2;1;NA;2;1;4;NA;NA;1;2;NA;2;4;2;5;NA;1;NA
26;"PE";2601300;"260130";"Barra de Guabiraba";"Não";"-";"Outros";NA;1;NA;1;NA;NA;NA;NA;NA;1;NA;NA;NA;1;NA;NA;NA;NA;NA;1;NA;NA;NA;NA;NA
26;"PE";2601409;"260140";"Barreiros";"Não";"-";"Outros";NA;1;NA;NA;NA;NA;3;NA;2;NA;1;1;NA;1;1;1;1;NA;NA;NA;NA;NA;NA;NA;NA
26;"PE";2601508;"260150";"Belém de Maria";"Não";"-";"Outros";1;1;NA;NA;NA;1;6;NA;1;NA;NA;NA;NA;1;NA;NA;1;NA;NA;NA;NA;NA;1;NA;NA
26;"PE";2601607;"260160";"Belém do São Francisco";"Não";"-";"Outros";NA;1;NA;NA;NA;NA;NA;NA;NA;1;1;2;2;1;2;NA;NA;2;1;NA;3;2;NA;NA;NA
26;"PE";2601706;"260170";"Belo Jardim";"Não";"-";"Outros";1;NA;NA;NA;NA;NA;NA;2;NA;NA;NA;NA;NA;NA;1;1;NA;NA;NA;3;1;NA;1;NA;NA
26;"PE";2601805;"260180";"Betânia";"Não";"-";"Outros";NA;NA;NA;NA;NA;NA;1;NA;NA;NA;NA;NA;NA;NA;NA;NA;1;NA;NA;1;NA;NA;NA;NA;NA
26;"PE";2601904;"260190";"Bezerros";"Não";"-";"Outros";2;1;NA;NA;NA;NA;2;2;1;NA;NA;NA;1;1;1;6;1;1;2;1;4;NA;3;NA;NA
26;"PE";2602001;"260200";"Bodocó";"Não";"-";"Outros";NA;NA;1;1;1;NA;NA;NA;NA;1;3;1;1;NA;NA;NA;NA;NA;NA;2;1;1;NA;NA;NA
26;"PE";2602100;"260210";"Bom Conselho";"Não";"-";"Outros";1;1;NA;NA;2;NA;NA;3;NA;NA;NA;NA;1;2;3;2;4;1;1;NA;NA;NA;NA;NA;NA
26;"PE";2602209;"260220";"Bom Jardim";"Não";"-";"Outros";NA;NA;NA;NA;1;1;NA;NA;1;2;1;NA;NA;NA;NA;1;NA;NA;NA;1;NA;1;NA;1;NA
26;"PE";2602308;"260230";"Bonito";"Não";"-";"Outros";1;NA;1;NA;NA;NA;NA;2;NA;NA;NA;NA;NA;1;NA;NA;NA;NA;NA;5;1;NA;NA;NA;NA
26;"PE";2602407;"260240";"Brejão";"Não";"-";"Outros";1;NA;NA;NA;NA;NA;NA;NA;1;NA;2;NA;1;NA;4;1;2;4;NA;NA;NA;NA;NA;NA;NA
26;"PE";2602506;"260250";"Brejinho";"Não";"-";"Outros";NA;NA;NA;NA;NA;NA;NA;1;NA;NA;2;NA;NA;NA;NA;NA;NA;NA;NA;NA;NA;NA;NA;NA;NA
26;"PE";2602605;"260260";"Brejo da Madre de Deus";"Não";"-";"Outros";NA;NA;NA;1;3;NA;NA;NA;NA;NA;1;NA;NA;1;NA;NA;NA;NA;NA;NA;1;NA;NA;NA;NA
26;"PE";2602704;"260270";"Buenos Aires";"Não";"-";"Outros";NA;NA;NA;NA;NA;NA;NA;NA;NA;NA;NA;NA;NA;NA;NA;NA;NA;NA;NA;NA;NA;1;NA;NA;NA
26;"PE";2602803;"260280";"Buíque";"Não";"-";"Outros";NA;NA;1;NA;NA;NA;NA;NA;1;2;NA;NA;1;NA;NA;NA;NA;1;1;2;1;NA;NA;NA;NA
26;"PE";2602902;"260290";"Cabo de Santo Agostinho";"Não";"Região Metropolitana de Recife";"Outros";3;2;4;6;2;1;4;2;7;3;11;14;11;8;8;12;4;5;1;2;3;NA;3;NA;NA
26;"PE";2603009;"260300";"Cabrobó";"Não";"-";"Outros";2;1;NA;NA;2;NA;NA;NA;NA;NA;NA;NA;NA;NA;1;2;NA;1;1;1;2;2;2;3;NA
26;"PE";2603108;"260310";"Cachoeirinha";"Não";"-";"Outros";NA;NA;NA;NA;NA;1;1;3;1;NA;NA;NA;NA;2;NA;NA;1;NA;NA;2;NA;NA;NA;NA;NA
26;"PE";2603207;"260320";"Caetés";"Não";"-";"Outros";1;1;2;1;1;NA;1;1;1;4;1;3;1;2;NA;4;2;1;4;2;1;NA;NA;NA;NA
26;"PE";2603306;"260330";"Calçado";"Não";"-";"Outros";NA;NA;NA;NA;NA;NA;NA;NA;1;NA;1;1;NA;NA;1;NA;1;NA;NA;1;1;NA;NA;NA;NA
26;"PE";2603405;"260340";"Calumbi";"Não";"-";"Outros";NA;NA;NA;NA;NA;NA;NA;NA;NA;NA;1;NA;NA;NA;NA;1;NA;1;NA;NA;NA;1;NA;NA;NA
26;"PE";2603454;"260345";"Camaragibe";"Não";"Região Metropolitana de Recife";"Outros";3;NA;1;2;3;2;3;1;NA;2;3;3;3;NA;1;NA;1;NA;1;NA;NA;2;1;NA;NA
26;"PE";2603504;"260350";"Camocim de São Félix";"Não";"-";"Outros";NA;NA;NA;NA;NA;NA;NA;1;NA;NA;NA;2;NA;NA;NA;NA;NA;NA;1;NA;1;NA;NA;NA;NA
26;"PE";2603702;"260370";"Canhotinho";"Não";"-";"Outros";1;2;NA;1;1;3;1;1;NA;1;NA;NA;1;1;6;4;2;NA;NA;1;NA;1;NA;NA;NA
26;"PE";2603801;"260380";"Capoeiras";"Não";"-";"Outros";NA;NA;NA;NA;NA;NA;1;NA;NA;NA;NA;NA;1;2;4;NA;3;1;1;NA;NA;1;1;NA;NA
26;"PE";2603900;"260390";"Carnaíba";"Não";"-";"Outros";NA;NA;NA;NA;NA;NA;NA;NA;NA;NA;NA;NA;NA;NA;NA;NA;NA;NA;1;NA;NA;NA;NA;NA;NA
26;"PE";2603926;"260392";"Carnaubeira da Penha";"Não";"-";"Outros";NA;NA;NA;NA;NA;NA;NA;NA;1;NA;NA;NA;NA;NA;NA;NA;NA;NA;NA;NA;NA;NA;NA;NA;NA
26;"PE";2604007;"260400";"Carpina";"Não";"-";"Outros";1;2;NA;1;NA;NA;NA;NA;NA;1;NA;NA;NA;NA;NA;NA;NA;NA;NA;NA;1;NA;1;NA;NA
26;"PE";2604106;"260410";"Caruaru";"Não";"-";"Outros";12;5;14;17;5;6;12;9;7;11;8;9;8;9;7;3;NA;4;7;3;2;8;2;6;NA
26;"PE";2604155;"260415";"Casinhas";"Não";"-";"Outros";NA;NA;NA;NA;NA;NA;1;NA;NA;NA;NA;NA;NA;NA;NA;NA;NA;NA;NA;NA;NA;NA;NA;NA;NA
26;"PE";2604205;"260420";"Catende";"Não";"-";"Outros";1;NA;3;2;NA;NA;1;NA;NA;NA;NA;5;NA;NA;NA;NA;NA;1;NA;2;NA;NA;1;NA;NA
26;"PE";2604304;"260430";"Cedro";"Não";"-";"Outros";NA;NA;NA;NA;NA;NA;NA;NA;NA;1;1;NA;NA;NA;NA;NA;NA;NA;NA;NA;NA;1;NA;NA;NA
26;"PE";2604403;"260440";"Chã de Alegria";"Não";"-";"Outros";NA;1;NA;NA;NA;NA;NA;NA;NA;NA;NA;NA;NA;NA;NA;NA;NA;NA;NA;NA;NA;NA;NA;NA;NA
26;"PE";2604502;"260450";"Chã Grande";"Não";"-";"Outros";NA;NA;1;NA;1;1;NA;NA;NA;NA;NA;NA;NA;NA;NA;NA;NA;NA;NA;1;NA;NA;NA;NA;NA
26;"PE";2604601;"260460";"Condado";"Não";"-";"Outros";NA;NA;NA;1;NA;1;NA;NA;NA;NA;NA;NA;NA;1;NA;1;NA;1;NA;NA;NA;NA;NA;NA;NA
26;"PE";2604700;"260470";"Correntes";"Não";"-";"Outros";NA;NA;NA;1;NA;NA;NA;1;1;NA;NA;1;NA;NA;NA;NA;1;NA;NA;NA;1;NA;NA;NA;NA
26;"PE";2604809;"260480";"Cortês";"Não";"-";"Outros";NA;NA;NA;NA;NA;NA;1;2;NA;NA;NA;1;2;NA;NA;NA;NA;NA;NA;NA;NA;NA;NA;1;NA
26;"PE";2604908;"260490";"Cumaru";"Não";"-";"Outros";NA;1;NA;NA;NA;NA;NA;NA;NA;NA;NA;NA;NA;NA;NA;NA;NA;NA;NA;1;NA;NA;NA;NA;NA
26;"PE";2605004;"260500";"Cupira";"Não";"-";"Outros";NA;NA;NA;NA;NA;NA;NA;NA;NA;NA;NA;NA;NA;NA;NA;NA;NA;2;1;NA;1;NA;NA;NA;NA
26;"PE";2605103;"260510";"Custódia";"Não";"-";"Outros";1;NA;NA;NA;NA;2;NA;NA;1;1;2;1;NA;NA;2;NA;NA;NA;NA;NA;1;2;2;2;NA
26;"PE";2605152;"260515";"Dormentes";"Não";"-";"Outros";NA;NA;NA;NA;NA;NA;NA;NA;NA;NA;NA;NA;NA;NA;1;NA;NA;NA;NA;NA;NA;NA;NA;NA;NA
26;"PE";2605202;"260520";"Escada";"Não";"-";"Outros";4;2;4;1;1;NA;2;1;NA;1;2;5;3;6;3;2;NA;NA;1;NA;1;2;3;1;NA
26;"PE";2605301;"260530";"Exu";"Não";"-";"Outros";3;3;1;2;2;1;1;3;2;2;NA;1;1;1;NA;NA;NA;NA;NA;NA;NA;NA;NA;1;NA
26;"PE";2605400;"260540";"Feira Nova";"Não";"-";"Outros";NA;NA;NA;NA;NA;NA;NA;NA;NA;NA;NA;NA;NA;NA;NA;NA;NA;NA;NA;NA;1;NA;NA;NA;NA
26;"PE";2605459;"260545";"Fernando de Noronha";"Não";"-";"Outros";NA;NA;NA;NA;NA;NA;NA;NA;NA;NA;NA;NA;NA;NA;NA;NA;NA;NA;NA;NA;NA;NA;NA;NA;NA
26;"PE";2605509;"260550";"Ferreiros";"Não";"-";"Outros";NA;NA;NA;NA;NA;NA;NA;1;2;NA;NA;1;1;NA;NA;NA;NA;NA;NA;NA;NA;NA;NA;NA;NA
26;"PE";2605608;"260560";"Flores";"Não";"-";"Outros";1;NA;NA;NA;NA;NA;NA;NA;NA;NA;2;NA;NA;NA;NA;NA;1;NA;1;3;1;1;NA;NA;NA
26;"PE";2605707;"260570";"Floresta";"Não";"-";"Outros";NA;2;1;3;NA;NA;NA;2;1;2;NA;3;1;NA;1;4;1;NA;1;NA;1;2;2;NA;NA
26;"PE";2605806;"260580";"Frei Miguelinho";"Não";"-";"Outros";NA;NA;NA;NA;NA;NA;NA;NA;1;NA;NA;NA;NA;NA;1;NA;NA;1;NA;NA;NA;NA;NA;NA;NA
26;"PE";2605905;"260590";"Gameleira";"Não";"-";"Outros";NA;NA;NA;2;NA;NA;2;1;8;1;2;3;NA;3;NA;1;NA;NA;1;NA;NA;NA;NA;NA;NA
26;"PE";2606002;"260600";"Garanhuns";"Não";"-";"Outros";6;2;1;2;1;NA;5;11;6;6;8;6;5;6;17;10;11;6;1;7;4;1;2;1;NA
26;"PE";2606101;"260610";"Glória do Goitá";"Não";"-";"Outros";1;NA;NA;NA;NA;NA;NA;NA;NA;NA;NA;NA;NA;NA;1;NA;NA;NA;NA;NA;NA;NA;NA;NA;NA
26;"PE";2606200;"260620";"Goiana";"Não";"-";"Outros";9;1;3;1;2;5;4;NA;NA;NA;NA;1;4;NA;NA;NA;3;2;NA;1;1;2;NA;NA;NA
26;"PE";2606309;"260630";"Granito";"Não";"-";"Outros";NA;NA;NA;NA;NA;NA;NA;1;NA;NA;NA;NA;NA;NA;NA;NA;NA;1;1;NA;NA;NA;NA;NA;NA
26;"PE";2606408;"260640";"Gravatá";"Não";"-";"Outros";1;NA;1;NA;NA;3;NA;6;NA;2;1;3;NA;1;1;NA;NA;1;1;1;NA;1;NA;NA;NA
26;"PE";2606507;"260650";"Iati";"Não";"-";"Outros";3;1;1;1;1;3;1;NA;NA;NA;NA;1;2;NA;1;2;1;NA;4;1;NA;NA;NA;NA;NA
26;"PE";2606606;"260660";"Ibimirim";"Não";"-";"Outros";NA;NA;1;1;NA;NA;1;2;3;NA;2;1;NA;1;1;NA;2;NA;NA;1;2;1;NA;1;NA
26;"PE";2606705;"260670";"Ibirajuba";"Não";"-";"Outros";NA;NA;NA;NA;NA;NA;NA;1;NA;NA;NA;NA;NA;NA;NA;NA;NA;NA;NA;NA;1;NA;NA;NA;NA
26;"PE";2606804;"260680";"Igarassu";"Não";"Região Metropolitana de Recife";"Outros";6;3;5;NA;NA;1;1;NA;NA;8;11;18;10;4;14;10;6;3;NA;2;1;2;1;NA;NA
26;"PE";2606903;"260690";"Iguaracy";"Não";"-";"Outros";NA;NA;1;NA;NA;NA;NA;NA;1;NA;1;NA;NA;NA;NA;1;NA;NA;NA;1;NA;NA;NA;NA;NA
26;"PE";2607000;"260700";"Inajá";"Não";"-";"Outros";NA;1;NA;NA;NA;NA;NA;NA;NA;1;1;NA;1;NA;NA;NA;NA;NA;NA;1;NA;NA;NA;1;NA
26;"PE";2607208;"260720";"Ipojuca";"Não";"Região Metropolitana de Recife";"Outros";4;1;4;NA;5;NA;NA;2;3;2;1;1;NA;NA;1;1;4;1;2;NA;1;2;NA;NA;NA
26;"PE";2607307;"260730";"Ipubi";"Não";"-";"Outros";NA;NA;NA;NA;NA;NA;NA;NA;NA;4;NA;NA;NA;NA;NA;1;NA;NA;NA;NA;NA;1;NA;1;NA
26;"PE";2607505;"260750";"Itaíba";"Não";"-";"Outros";NA;1;3;2;1;NA;3;1;2;NA;1;1;4;2;3;5;4;NA;NA;1;1;1;1;1;NA
26;"PE";2607604;"260760";"Ilha de Itamaracá";"Não";"Região Metropolitana de Recife";"Outros";NA;1;NA;2;NA;NA;NA;NA;NA;NA;NA;NA;NA;1;1;1;NA;1;NA;NA;NA;1;NA;NA;NA
26;"PE";2607653;"260765";"Itambé";"Não";"-";"Outros";NA;1;NA;1;NA;4;2;1;1;1;1;2;NA;NA;NA;NA;1;NA;2;1;NA;NA;1;NA;NA
26;"PE";2607703;"260770";"Itapetim";"Não";"-";"Outros";NA;NA;NA;NA;NA;NA;NA;NA;1;NA;NA;NA;NA;NA;NA;NA;NA;NA;1;1;NA;NA;NA;NA;NA
26;"PE";2607752;"260775";"Itapissuma";"Não";"Região Metropolitana de Recife";"Outros";1;NA;NA;1;NA;1;NA;NA;1;NA;NA;NA;NA;NA;2;NA;1;NA;2;1;NA;1;1;NA;NA
26;"PE";2607802;"260780";"Itaquitinga";"Não";"-";"Outros";NA;NA;NA;NA;NA;NA;NA;1;NA;NA;NA;NA;NA;NA;NA;NA;1;NA;NA;NA;NA;1;NA;NA;NA
26;"PE";2607901;"260790";"Jaboatão dos Guararapes";"Não";"Região Metropolitana de Recife";"Outros";6;11;10;18;19;17;12;11;11;21;14;16;6;7;13;6;7;2;1;5;4;3;5;1;NA
26;"PE";2607950;"260795";"Jaqueira";"Não";"-";"Outros";3;1;NA;5;1;NA;NA;1;NA;NA;NA;NA;2;1;NA;1;1;NA;NA;NA;NA;NA;NA;NA;NA
26;"PE";2608008;"260800";"Jataúba";"Não";"-";"Outros";NA;NA;1;NA;NA;1;1;4;NA;1;NA;NA;NA;NA;NA;NA;NA;NA;NA;2;2;NA;NA;NA;NA
26;"PE";2608057;"260805";"Jatobá";"Não";"-";"Outros";2;1;1;NA;NA;NA;1;NA;NA;NA;NA;NA;NA;NA;NA;NA;1;2;NA;NA;2;NA;NA;NA;NA
26;"PE";2608107;"260810";"João Alfredo";"Não";"-";"Outros";NA;NA;NA;NA;NA;NA;NA;NA;NA;NA;NA;1;1;NA;NA;NA;NA;NA;NA;NA;NA;NA;NA;NA;NA
26;"PE";2608206;"260820";"Joaquim Nabuco";"Não";"-";"Outros";2;1;NA;1;1;2;NA;NA;NA;1;NA;NA;1;1;NA;NA;NA;NA;NA;NA;NA;1;NA;1;NA
26;"PE";2608255;"260825";"Jucati";"Não";"-";"Outros";NA;NA;NA;NA;NA;NA;NA;NA;NA;NA;2;NA;1;4;1;2;2;2;NA;1;1;1;2;NA;NA
26;"PE";2608305;"260830";"Jupi";"Não";"-";"Outros";NA;NA;NA;1;3;NA;NA;NA;2;NA;3;1;NA;1;7;2;NA;2;NA;NA;2;NA;NA;NA;NA
26;"PE";2608404;"260840";"Jurema";"Não";"-";"Outros";NA;NA;NA;NA;NA;NA;1;NA;NA;NA;NA;NA;NA;NA;1;NA;NA;NA;NA;1;NA;1;NA;NA;NA
26;"PE";2608453;"260845";"Lagoa do Carro";"Não";"-";"Outros";1;NA;NA;NA;1;NA;NA;NA;NA;NA;1;NA;NA;NA;NA;1;NA;NA;NA;1;NA;NA;NA;NA;NA
26;"PE";2608503;"260850";"Lagoa de Itaenga";"Não";"-";"Outros";NA;NA;NA;NA;NA;NA;NA;1;NA;NA;NA;NA;2;NA;NA;NA;NA;NA;NA;NA;2;NA;1;NA;NA
26;"PE";2608602;"260860";"Lagoa do Ouro";"Não";"-";"Outros";NA;1;NA;NA;NA;NA;1;NA;NA;NA;NA;1;NA;NA;NA;NA;NA;1;NA;1;NA;NA;NA;NA;NA
26;"PE";2608701;"260870";"Lagoa dos Gatos";"Não";"-";"Outros";NA;NA;NA;NA;NA;NA;NA;NA;NA;NA;NA;NA;NA;NA;NA;NA;NA;1;1;NA;NA;NA;1;NA;NA
26;"PE";2608750;"260875";"Lagoa Grande";"Não";"Região Administrativa Integrada de Desenvolvimento do Polo Petrolina/PE e Juazeiro/BA";"Outros";NA;1;1;NA;NA;1;1;1;2;NA;NA;NA;NA;1;NA;1;NA;NA;NA;1;1;1;NA;1;NA
26;"PE";2608800;"260880";"Lajedo";"Não";"-";"Outros";4;1;NA;1;6;NA;2;NA;NA;2;5;NA;1;8;5;7;2;4;1;2;1;1;NA;NA;NA
26;"PE";2608909;"260890";"Limoeiro";"Não";"-";"Outros";NA;NA;NA;NA;NA;NA;NA;1;1;1;NA;1;1;NA;NA;NA;NA;NA;NA;1;NA;1;NA;1;NA
26;"PE";2609006;"260900";"Macaparana";"Não";"-";"Outros";NA;NA;NA;NA;NA;NA;NA;NA;1;NA;NA;NA;NA;NA;NA;NA;NA;NA;NA;1;NA;1;NA;NA;NA
26;"PE";2609105;"260910";"Machados";"Não";"-";"Outros";NA;NA;NA;NA;NA;NA;NA;NA;NA;NA;NA;NA;1;NA;NA;NA;NA;NA;NA;1;NA;NA;2;NA;NA
26;"PE";2609154;"260915";"Manari";"Não";"-";"Outros";NA;NA;NA;NA;NA;NA;NA;NA;NA;NA;NA;2;NA;NA;NA;NA;NA;1;NA;NA;NA;NA;NA;1;NA
26;"PE";2609204;"260920";"Maraial";"Não";"-";"Outros";NA;NA;NA;NA;NA;NA;NA;NA;2;NA;1;1;NA;NA;NA;NA;1;NA;NA;NA;NA;NA;NA;NA;NA
26;"PE";2609303;"260930";"Mirandiba";"Não";"-";"Outros";NA;2;NA;NA;NA;NA;NA;NA;NA;NA;1;NA;NA;NA;NA;NA;NA;NA;NA;NA;NA;NA;NA;NA;NA
26;"PE";2609402;"260940";"Moreno";"Não";"Região Metropolitana de Recife";"Outros";1;2;3;1;NA;2;1;5;NA;1;NA;NA;1;1;3;1;2;1;NA;NA;2;NA;NA;NA;NA
26;"PE";2609501;"260950";"Nazaré da Mata";"Não";"-";"Outros";NA;4;1;NA;NA;NA;NA;NA;1;NA;NA;NA;NA;1;1;NA;2;1;2;NA;NA;NA;NA;NA;NA
26;"PE";2609600;"260960";"Olinda";"Não";"Região Metropolitana de Recife";"Outros";5;5;4;6;9;6;12;11;10;15;11;3;3;9;2;6;2;6;3;4;1;1;1;2;NA
26;"PE";2609709;"260970";"Orobó";"Não";"-";"Outros";NA;NA;NA;NA;NA;NA;2;NA;NA;NA;NA;NA;NA;NA;NA;NA;NA;NA;NA;NA;NA;NA;NA;NA;NA
26;"PE";2609808;"260980";"Orocó";"Não";"Região Administrativa Integrada de Desenvolvimento do Polo Petrolina/PE e Juazeiro/BA";"Outros";2;NA;2;NA;NA;1;NA;NA;NA;NA;NA;NA;NA;NA;1;NA;NA;NA;NA;1;NA;1;2;NA;NA
26;"PE";2609907;"260990";"Ouricuri";"Não";"-";"Outros";3;NA;NA;NA;1;NA;NA;1;8;1;NA;NA;1;3;1;3;1;NA;2;2;3;7;3;7;NA
26;"PE";2610004;"261000";"Palmares";"Não";"-";"Outros";5;1;NA;1;3;6;4;2;7;2;NA;3;4;3;7;6;1;2;2;NA;1;2;1;1;NA
26;"PE";2610103;"261010";"Palmeirina";"Não";"-";"Outros";NA;NA;NA;NA;NA;NA;NA;NA;NA;1;NA;NA;NA;NA;NA;NA;NA;NA;1;NA;NA;NA;NA;NA;NA
26;"PE";2610202;"261020";"Panelas";"Não";"-";"Outros";NA;NA;NA;NA;NA;NA;3;3;NA;2;NA;4;NA;NA;NA;1;4;NA;NA;5;1;1;NA;1;NA
26;"PE";2610301;"261030";"Paranatama";"Não";"-";"Outros";NA;NA;2;NA;NA;NA;1;2;1;2;1;NA;1;NA;NA;NA;1;1;2;1;2;NA;NA;NA;NA
26;"PE";2610400;"261040";"Parnamirim";"Não";"-";"Outros";1;NA;2;NA;1;NA;NA;NA;4;1;1;1;9;NA;NA;NA;1;1;1;1;NA;1;NA;NA;NA
26;"PE";2610509;"261050";"Passira";"Não";"-";"Outros";NA;NA;NA;1;NA;1;NA;NA;NA;NA;NA;NA;NA;NA;NA;NA;1;1;NA;NA;1;NA;NA;1;NA
26;"PE";2610608;"261060";"Paudalho";"Não";"-";"Outros";2;NA;1;3;NA;1;NA;1;NA;NA;3;3;2;NA;1;NA;1;1;NA;2;NA;NA;NA;NA;NA
26;"PE";2610707;"261070";"Paulista";"Não";"Região Metropolitana de Recife";"Outros";8;5;2;3;5;3;2;6;8;5;7;14;14;15;9;4;7;3;1;3;1;2;6;2;NA
26;"PE";2610806;"261080";"Pedra";"Não";"-";"Outros";1;NA;NA;NA;1;NA;NA;NA;NA;NA;NA;NA;NA;NA;1;6;2;1;1;NA;NA;NA;NA;NA;NA
26;"PE";2610905;"261090";"Pesqueira";"Não";"-";"Outros";NA;1;4;1;2;3;1;3;1;1;NA;4;1;NA;NA;1;NA;NA;NA;4;3;1;1;NA;NA
26;"PE";2611002;"261100";"Petrolândia";"Não";"-";"Outros";NA;1;1;1;NA;1;2;NA;2;NA;1;4;2;1;3;5;2;2;NA;NA;NA;1;1;NA;NA
26;"PE";2611101;"261110";"Petrolina";"Não";"Região Administrativa Integrada de Desenvolvimento do Polo Petrolina/PE e Juazeiro/BA";"Outros";9;4;7;9;6;6;14;5;7;37;40;26;14;20;13;20;19;19;12;9;14;13;16;11;NA
26;"PE";2611200;"261120";"Poção";"Não";"-";"Outros";NA;NA;NA;NA;NA;NA;NA;NA;NA;NA;NA;NA;NA;NA;NA;NA;NA;NA;NA;NA;1;NA;NA;NA;NA
26;"PE";2611309;"261130";"Pombos";"Não";"-";"Outros";NA;1;1;2;6;1;5;NA;1;NA;NA;NA;4;NA;1;1;1;1;4;1;NA;2;NA;NA;NA
26;"PE";2611408;"261140";"Primavera";"Não";"-";"Outros";2;1;NA;NA;NA;NA;NA;NA;NA;NA;NA;1;1;3;NA;NA;NA;NA;NA;NA;NA;NA;1;NA;NA
26;"PE";2611507;"261150";"Quipapá";"Não";"-";"Outros";1;NA;NA;2;2;NA;NA;NA;NA;NA;2;NA;5;2;NA;NA;3;3;NA;1;NA;NA;NA;NA;NA
26;"PE";2611533;"261153";"Quixaba";"Não";"-";"Outros";NA;NA;NA;NA;NA;NA;NA;NA;NA;NA;NA;NA;NA;1;NA;NA;NA;NA;NA;NA;NA;NA;NA;NA;NA
26;"PE";2611606;"261160";"Recife";"Sim";"Região Metropolitana de Recife";"Outros";133;168;153;145;87;116;100;151;140;132;140;111;79;117;37;40;26;21;26;29;22;16;31;16;NA
26;"PE";2611705;"261170";"Riacho das Almas";"Não";"-";"Outros";NA;1;1;NA;NA;NA;NA;NA;NA;NA;NA;1;NA;NA;NA;NA;NA;NA;NA;NA;1;NA;3;NA;NA
26;"PE";2611804;"261180";"Ribeirão";"Não";"-";"Outros";NA;NA;NA;NA;3;4;1;1;1;2;NA;1;8;NA;NA;NA;NA;NA;1;NA;1;1;NA;NA;NA
26;"PE";2611903;"261190";"Rio Formoso";"Não";"-";"Outros";1;NA;NA;NA;NA;1;1;NA;NA;NA;NA;1;2;2;1;NA;NA;NA;NA;NA;NA;NA;NA;NA;NA
26;"PE";2612000;"261200";"Sairé";"Não";"-";"Outros";NA;NA;2;NA;NA;NA;NA;NA;NA;NA;NA;NA;NA;NA;NA;NA;NA;NA;NA;NA;NA;NA;NA;1;NA
26;"PE";2612109;"261210";"Salgadinho";"Não";"-";"Outros";NA;NA;NA;NA;NA;NA;NA;NA;NA;NA;NA;NA;NA;NA;NA;NA;1;NA;NA;NA;NA;NA;NA;NA;NA
26;"PE";2612208;"261220";"Salgueiro";"Não";"-";"Outros";1;2;1;1;2;1;3;2;2;3;5;1;3;3;NA;NA;NA;1;2;NA;1;4;NA;4;NA
26;"PE";2612307;"261230";"Saloá";"Não";"-";"Outros";2;1;NA;NA;NA;NA;2;1;2;1;NA;1;3;1;1;1;1;1;2;3;1;1;NA;NA;NA
26;"PE";2612406;"261240";"Sanharó";"Não";"-";"Outros";2;NA;1;NA;NA;NA;NA;NA;NA;2;NA;2;NA;NA;NA;NA;NA;NA;NA;1;NA;1;1;NA;NA
26;"PE";2612455;"261245";"Santa Cruz";"Não";"-";"Outros";NA;NA;1;NA;NA;3;NA;NA;NA;NA;NA;NA;2;NA;1;1;NA;NA;NA;NA;NA;1;NA;NA;NA
26;"PE";2612471;"261247";"Santa Cruz da Baixa Verde";"Não";"-";"Outros";NA;NA;NA;NA;NA;NA;NA;NA;NA;1;NA;1;NA;NA;1;NA;1;NA;NA;NA;NA;NA;NA;NA;NA
26;"PE";2612505;"261250";"Santa Cruz do Capibaribe";"Não";"-";"Outros";NA;NA;NA;NA;NA;NA;NA;NA;2;NA;1;NA;NA;NA;NA;NA;NA;NA;NA;2;1;NA;NA;NA;NA
26;"PE";2612554;"261255";"Santa Filomena";"Não";"-";"Outros";NA;NA;NA;NA;NA;NA;NA;NA;NA;NA;NA;NA;NA;NA;NA;NA;1;NA;NA;NA;NA;NA;NA;1;NA
26;"PE";2612604;"261260";"Santa Maria da Boa Vista";"Não";"Região Administrativa Integrada de Desenvolvimento do Polo Petrolina/PE e Juazeiro/BA";"Outros";3;NA;1;NA;NA;1;1;2;1;NA;NA;1;2;NA;NA;1;NA;NA;NA;3;NA;2;NA;NA;NA
26;"PE";2612703;"261270";"Santa Maria do Cambucá";"Não";"-";"Outros";NA;NA;NA;NA;NA;NA;NA;NA;NA;1;NA;NA;2;1;NA;NA;NA;1;NA;NA;NA;NA;NA;NA;NA
26;"PE";2612802;"261280";"Santa Terezinha";"Não";"-";"Outros";NA;NA;NA;NA;NA;NA;NA;NA;NA;NA;NA;1;NA;NA;NA;1;1;NA;NA;NA;NA;1;1;1;NA
26;"PE";2612901;"261290";"São Benedito do Sul";"Não";"-";"Outros";NA;NA;1;NA;1;NA;NA;NA;NA;NA;NA;2;NA;1;NA;NA;NA;NA;NA;NA;NA;1;1;NA;NA
26;"PE";2613008;"261300";"São Bento do Una";"Não";"-";"Outros";NA;NA;NA;NA;1;NA;1;NA;2;NA;1;1;NA;1;NA;NA;1;1;NA;NA;3;NA;2;NA;NA
26;"PE";2613107;"261310";"São Caitano";"Não";"-";"Outros";1;NA;3;1;1;2;NA;1;NA;4;1;1;3;1;NA;1;NA;NA;NA;2;3;NA;1;NA;NA
26;"PE";2613206;"261320";"São João";"Não";"-";"Outros";1;NA;NA;NA;NA;NA;NA;NA;2;NA;NA;2;1;1;2;5;2;NA;2;1;NA;NA;NA;NA;NA
26;"PE";2613305;"261330";"São Joaquim do Monte";"Não";"-";"Outros";NA;1;NA;NA;NA;NA;NA;NA;NA;1;NA;NA;NA;NA;1;NA;NA;NA;NA;1;NA;3;NA;NA;NA
26;"PE";2613404;"261340";"São José da Coroa Grande";"Não";"-";"Outros";NA;1;NA;NA;NA;NA;NA;NA;NA;NA;1;2;NA;2;NA;NA;1;NA;NA;1;NA;NA;NA;NA;NA
26;"PE";2613503;"261350";"São José do Belmonte";"Não";"-";"Outros";NA;1;NA;NA;2;NA;NA;NA;1;NA;NA;NA;1;NA;NA;1;NA;NA;1;NA;2;NA;1;NA;NA
26;"PE";2613602;"261360";"São José do Egito";"Não";"-";"Outros";NA;NA;2;1;3;NA;NA;NA;NA;NA;NA;NA;NA;NA;NA;NA;NA;2;NA;NA;NA;NA;NA;NA;NA
26;"PE";2613701;"261370";"São Lourenço da Mata";"Não";"Região Metropolitana de Recife";"Outros";3;3;2;2;3;NA;NA;NA;1;9;6;13;6;16;7;4;NA;NA;1;NA;NA;1;NA;1;NA
26;"PE";2613800;"261380";"São Vicente Férrer";"Não";"-";"Outros";1;NA;2;NA;NA;NA;NA;NA;NA;NA;NA;2;1;NA;NA;2;NA;NA;NA;NA;NA;NA;1;NA;NA
26;"PE";2613909;"261390";"Serra Talhada";"Não";"-";"Outros";4;1;NA;1;NA;NA;1;2;1;1;2;3;5;8;13;8;10;3;6;5;3;6;NA;1;NA
26;"PE";2614006;"261400";"Serrita";"Não";"-";"Outros";NA;NA;NA;NA;NA;1;NA;NA;NA;NA;1;NA;NA;1;NA;NA;NA;NA;NA;1;NA;NA;1;NA;NA
26;"PE";2614105;"261410";"Sertânia";"Não";"-";"Outros";NA;1;1;NA;NA;NA;2;1;1;1;2;NA;1;1;NA;NA;1;1;1;1;NA;2;3;1;NA
26;"PE";2614204;"261420";"Sirinhaém";"Não";"-";"Outros";1;4;4;1;2;1;2;1;NA;1;1;4;3;1;1;NA;2;NA;1;NA;NA;NA;NA;3;NA
26;"PE";2614303;"261430";"Moreilândia";"Não";"-";"Outros";NA;NA;NA;NA;NA;NA;NA;1;1;NA;NA;NA;NA;NA;NA;NA;NA;NA;NA;NA;NA;NA;NA;NA;NA
26;"PE";2614501;"261450";"Surubim";"Não";"-";"Outros";NA;NA;NA;1;3;NA;NA;NA;1;NA;1;NA;NA;1;1;2;NA;NA;1;1;1;2;1;NA;NA
26;"PE";2614600;"261460";"Tabira";"Não";"-";"Outros";NA;NA;NA;NA;NA;NA;NA;NA;NA;NA;NA;NA;3;NA;1;NA;2;NA;1;NA;NA;NA;NA;NA;NA
26;"PE";2614709;"261470";"Tacaimbó";"Não";"-";"Outros";NA;1;NA;NA;NA;1;NA;NA;NA;NA;NA;NA;NA;NA;NA;NA;NA;NA;NA;NA;NA;NA;NA;NA;NA
26;"PE";2614808;"261480";"Tacaratu";"Não";"-";"Outros";NA;1;NA;NA;NA;NA;NA;NA;NA;NA;NA;NA;1;NA;NA;NA;NA;NA;NA;3;NA;NA;NA;NA;NA
26;"PE";2614857;"261485";"Tamandaré";"Não";"-";"Outros";1;2;3;NA;NA;NA;NA;NA;NA;NA;1;1;3;NA;NA;NA;NA;NA;NA;NA;NA;NA;NA;1;NA
26;"PE";2615003;"261500";"Taquaritinga do Norte";"Não";"-";"Outros";2;1;NA;2;NA;2;NA;NA;NA;4;7;NA;NA;1;NA;NA;NA;NA;NA;5;3;1;NA;NA;NA
26;"PE";2615102;"261510";"Terezinha";"Não";"-";"Outros";NA;2;NA;NA;NA;NA;NA;NA;NA;NA;NA;NA;NA;1;1;NA;1;NA;NA;NA;NA;NA;NA;NA;NA
26;"PE";2615201;"261520";"Terra Nova";"Não";"-";"Outros";NA;NA;NA;NA;NA;NA;NA;NA;NA;NA;NA;NA;NA;NA;NA;1;NA;NA;NA;NA;NA;NA;NA;NA;NA
26;"PE";2615300;"261530";"Timbaúba";"Não";"-";"Outros";NA;NA;1;1;3;NA;NA;NA;1;NA;3;NA;NA;NA;NA;1;NA;NA;NA;NA;NA;NA;1;NA;NA
26;"PE";2615409;"261540";"Toritama";"Não";"-";"Outros";NA;NA;NA;NA;1;NA;NA;NA;NA;NA;NA;NA;NA;NA;NA;NA;NA;NA;NA;NA;NA;NA;NA;NA;NA
26;"PE";2615508;"261550";"Tracunhaém";"Não";"-";"Outros";NA;NA;NA;NA;NA;NA;NA;NA;1;NA;NA;NA;NA;NA;NA;NA;NA;NA;NA;NA;NA;NA;NA;NA;NA
26;"PE";2615607;"261560";"Trindade";"Não";"-";"Outros";NA;NA;1;1;5;1;NA;1;NA;NA;1;NA;1;1;1;NA;NA;NA;NA;4;1;2;1;NA;NA
26;"PE";2615706;"261570";"Triunfo";"Não";"-";"Outros";NA;NA;NA;NA;NA;NA;NA;NA;NA;NA;NA;NA;NA;1;NA;NA;NA;NA;1;1;3;NA;NA;NA;NA
26;"PE";2615805;"261580";"Tupanatinga";"Não";"-";"Outros";2;NA;NA;NA;NA;NA;1;NA;NA;NA;NA;1;1;NA;1;NA;1;NA;NA;NA;NA;1;NA;2;NA
26;"PE";2615904;"261590";"Tuparetama";"Não";"-";"Outros";NA;NA;NA;NA;NA;NA;NA;NA;NA;NA;1;NA;NA;NA;NA;NA;NA;3;1;1;1;NA;1;NA;NA
26;"PE";2616001;"261600";"Venturosa";"Não";"-";"Outros";1;NA;NA;NA;NA;2;NA;NA;NA;NA;3;2;5;4;5;1;NA;1;1;1;NA;NA;NA;NA;NA
26;"PE";2616100;"261610";"Verdejante";"Não";"-";"Outros";NA;NA;NA;NA;NA;NA;NA;NA;NA;NA;1;NA;NA;NA;NA;NA;NA;NA;NA;NA;NA;2;NA;NA;NA
26;"PE";2616183;"261618";"Vertente do Lério";"Não";"-";"Outros";NA;NA;NA;NA;1;NA;NA;NA;1;NA;NA;NA;NA;NA;NA;NA;NA;NA;NA;NA;NA;NA;NA;NA;NA
26;"PE";2616209;"261620";"Vertentes";"Não";"-";"Outros";NA;NA;NA;NA;NA;NA;1;NA;NA;NA;2;NA;1;NA;NA;1;NA;NA;NA;1;NA;1;NA;NA;NA
26;"PE";2616308;"261630";"Vicência";"Não";"-";"Outros";NA;2;NA;NA;1;1;2;NA;NA;NA;NA;1;1;NA;NA;1;1;1;NA;NA;NA;2;1;2;NA
26;"PE";2616407;"261640";"Vitória de Santo Antão";"Não";"-";"Outros";1;4;5;4;1;1;NA;1;NA;3;1;NA;1;2;1;2;4;NA;NA;5;1;NA;NA;2;NA
26;"PE";2616506;"261650";"Xexéu";"Não";"-";"Outros";1;NA;1;1;1;NA;1;NA;NA;NA;1;NA;2;1;1;NA;NA;1;1;NA;NA;NA;NA;NA;NA
27;"AL";2700102;"270010";"Água Branca";"Não";"Região Metropolitana do Sertão";"Outros";NA;NA;NA;1;NA;NA;NA;1;3;2;4;3;8;5;4;4;4;1;1;1;NA;NA;NA;1;NA
27;"AL";2700201;"270020";"Anadia";"Não";"-";"Outros";NA;1;1;NA;NA;1;1;NA;1;2;2;NA;3;1;4;5;1;NA;1;NA;NA;NA;NA;NA;NA
27;"AL";2700300;"270030";"Arapiraca";"Não";"Região Metropolitana do Agreste";"Outros";12;12;5;9;21;18;24;33;32;51;72;82;129;124;155;131;84;3;1;3;6;3;8;6;NA
27;"AL";2700409;"270040";"Atalaia";"Não";"Região Metropolitana do Vale do Paraíba";"Outros";1;2;2;1;1;NA;5;2;6;7;6;7;5;5;7;7;7;1;NA;3;3;2;1;3;NA
27;"AL";2700508;"270050";"Barra de Santo Antônio";"Não";"Região Metropolitana de Maceió";"Outros";1;NA;NA;NA;NA;NA;NA;NA;1;2;2;2;1;1;4;3;NA;NA;NA;1;NA;1;NA;NA;NA
27;"AL";2700607;"270060";"Barra de São Miguel";"Não";"Região Metropolitana de Maceió";"Outros";NA;NA;1;1;5;NA;NA;3;5;1;2;2;1;1;2;4;NA;NA;NA;1;NA;NA;NA;NA;NA
27;"AL";2700706;"270070";"Batalha";"Não";"-";"Outros";NA;NA;1;NA;NA;NA;1;1;1;NA;1;3;NA;NA;4;3;1;1;NA;NA;NA;NA;NA;NA;NA
27;"AL";2700805;"270080";"Belém";"Não";"Região Metropolitana do Agreste";"Outros";NA;NA;NA;NA;NA;NA;NA;NA;NA;NA;NA;NA;3;NA;NA;2;NA;NA;NA;NA;NA;1;NA;NA;NA
27;"AL";2700904;"270090";"Belo Monte";"Não";"-";"Outros";NA;1;NA;NA;NA;NA;NA;NA;NA;NA;NA;NA;NA;1;NA;NA;NA;NA;NA;NA;NA;NA;NA;NA;NA
27;"AL";2701001;"270100";"Boca da Mata";"Não";"Região Metropolitana do Vale do Paraíba";"Outros";NA;4;NA;NA;2;NA;1;NA;NA;1;4;1;4;3;2;5;NA;NA;NA;NA;NA;NA;NA;1;NA
27;"AL";2701100;"270110";"Branquinha";"Não";"Região Metropolitana da Zona da Mata";"Outros";NA;1;1;1;1;3;NA;2;NA;2;1;2;5;1;NA;6;4;NA;NA;1;NA;NA;NA;2;NA
27;"AL";2701209;"270120";"Cacimbinhas";"Não";"Região Metropolitana de Palmeira dos Índios";"Outros";1;1;2;NA;NA;NA;NA;NA;NA;NA;1;4;4;6;3;2;5;NA;NA;NA;NA;NA;NA;NA;NA
27;"AL";2701308;"270130";"Cajueiro";"Não";"Região Metropolitana do Vale do Paraíba";"Outros";NA;NA;NA;NA;NA;1;NA;2;1;NA;NA;1;1;3;1;1;1;NA;NA;NA;NA;NA;NA;NA;NA
27;"AL";2701357;"270135";"Campestre";"Não";"Região Metropolitana da Zona da Mata";"Outros";1;NA;NA;NA;NA;NA;NA;NA;NA;NA;1;5;2;NA;NA;NA;NA;NA;NA;NA;NA;NA;NA;NA;NA
27;"AL";2701407;"270140";"Campo Alegre";"Não";"-";"Outros";3;2;1;1;4;2;1;4;8;5;7;3;6;5;4;7;12;NA;1;2;NA;1;NA;1;NA
27;"AL";2701506;"270150";"Campo Grande";"Não";"Região Metropolitana do Agreste";"Outros";2;NA;NA;NA;1;NA;NA;NA;NA;NA;NA;NA;1;1;1;1;3;NA;NA;NA;NA;NA;NA;NA;NA
27;"AL";2701605;"270160";"Canapi";"Não";"-";"Outros";NA;NA;NA;NA;NA;NA;1;NA;1;1;1;2;2;2;NA;1;3;1;NA;NA;NA;NA;NA;NA;NA
27;"AL";2701704;"270170";"Capela";"Não";"Região Metropolitana do Vale do Paraíba";"Outros";NA;NA;NA;NA;NA;NA;1;NA;1;1;2;NA;2;2;2;3;1;NA;NA;NA;NA;NA;NA;NA;NA
27;"AL";2701803;"270180";"Carneiros";"Não";"Região Metropolitana do Médio Sertão";"Outros";NA;NA;NA;NA;NA;NA;NA;NA;NA;NA;1;1;2;1;2;2;NA;NA;NA;NA;NA;NA;NA;NA;NA
27;"AL";2701902;"270190";"Chã Preta";"Não";"Região Metropolitana do Vale do Paraíba";"Outros";NA;NA;NA;NA;NA;NA;NA;NA;NA;NA;1;1;1;NA;NA;1;2;NA;NA;NA;NA;NA;NA;NA;NA
27;"AL";2702009;"270200";"Coité do Nóia";"Não";"Região Metropolitana do Agreste";"Outros";NA;NA;NA;NA;NA;NA;NA;NA;NA;NA;NA;NA;NA;NA;3;2;2;NA;NA;NA;NA;NA;NA;NA;NA
27;"AL";2702108;"270210";"Colônia Leopoldina";"Não";"Região Metropolitana da Zona da Mata";"Outros";NA;NA;NA;1;NA;NA;NA;2;1;NA;2;3;2;1;1;2;7;1;1;1;1;NA;NA;NA;NA
27;"AL";2702207;"270220";"Coqueiro Seco";"Não";"Região Metropolitana de Maceió";"Outros";NA;NA;NA;NA;NA;NA;NA;NA;NA;NA;NA;NA;NA;NA;NA;NA;NA;NA;NA;1;NA;NA;NA;NA;NA
27;"AL";2702306;"270230";"Coruripe";"Não";"Região Metropolitana de Caetés";"Outros";1;NA;1;NA;1;2;3;6;8;4;13;6;7;13;11;9;13;2;1;6;2;1;NA;5;NA
27;"AL";2702355;"270235";"Craíbas";"Não";"Região Metropolitana do Agreste";"Outros";6;NA;NA;2;2;NA;NA;1;1;2;4;2;2;NA;3;3;3;NA;NA;NA;NA;NA;1;NA;NA
27;"AL";2702405;"270240";"Delmiro Gouveia";"Não";"Região Metropolitana do Sertão";"Outros";NA;1;NA;NA;NA;NA;2;NA;NA;2;3;6;7;8;13;5;6;NA;1;NA;2;NA;1;5;NA
27;"AL";2702504;"270250";"Dois Riachos";"Não";"Região Metropolitana do Médio Sertão";"Outros";1;1;NA;NA;NA;NA;NA;NA;NA;2;1;NA;NA;NA;3;1;1;NA;NA;NA;NA;NA;NA;NA;NA
27;"AL";2702553;"270255";"Estrela de Alagoas";"Não";"Região Metropolitana do Agreste";"Outros";NA;NA;NA;NA;NA;NA;NA;NA;NA;NA;2;3;4;1;2;1;1;NA;NA;NA;NA;NA;1;NA;NA
27;"AL";2702603;"270260";"Feira Grande";"Não";"Região Metropolitana do Agreste";"Outros";NA;NA;NA;NA;NA;NA;NA;NA;1;NA;4;11;NA;2;1;1;1;NA;NA;NA;NA;NA;NA;NA;NA
27;"AL";2702702;"270270";"Feliz Deserto";"Não";"Região Metropolitana do São Francisco";"Outros";NA;NA;NA;NA;NA;1;NA;2;NA;NA;1;NA;NA;NA;3;1;NA;NA;NA;NA;NA;NA;NA;NA;NA
27;"AL";2702801;"270280";"Flexeiras";"Não";"Região Metropolitana da Zona da Mata";"Outros";NA;NA;1;NA;1;1;NA;NA;3;1;NA;1;4;2;2;3;2;2;2;1;NA;NA;1;NA;NA
27;"AL";2702900;"270290";"Girau do Ponciano";"Não";"Região Metropolitana do Agreste";"Outros";1;2;NA;NA;3;NA;NA;1;2;2;4;7;4;3;4;6;8;NA;1;1;NA;NA;NA;NA;NA
27;"AL";2703007;"270300";"Ibateguara";"Não";"Região Metropolitana da Zona da Mata";"Outros";NA;1;NA;NA;NA;NA;NA;1;1;NA;3;NA;1;NA;3;NA;5;NA;1;NA;NA;2;NA;NA;NA
27;"AL";2703106;"270310";"Igaci";"Não";"Região Metropolitana do Agreste";"Outros";2;1;1;NA;2;1;1;NA;4;NA;2;3;4;5;3;3;6;NA;NA;NA;2;NA;1;NA;NA
27;"AL";2703205;"270320";"Igreja Nova";"Não";"Região Metropolitana do São Francisco";"Outros";NA;NA;NA;NA;NA;1;NA;5;NA;NA;3;2;2;3;6;2;2;NA;NA;NA;NA;1;1;1;NA
27;"AL";2703304;"270330";"Inhapi";"Não";"Região Metropolitana do Sertão";"Outros";NA;2;NA;NA;NA;NA;NA;1;4;NA;1;3;2;4;6;3;6;NA;NA;NA;NA;2;NA;NA;NA
27;"AL";2703403;"270340";"Jacaré dos Homens";"Não";"-";"Outros";NA;NA;NA;NA;NA;3;NA;NA;1;1;1;1;3;NA;2;1;1;NA;NA;NA;NA;NA;NA;NA;NA
27;"AL";2703502;"270350";"Jacuípe";"Não";"Região Metropolitana da Zona da Mata";"Outros";NA;NA;NA;NA;NA;NA;NA;NA;NA;NA;NA;2;NA;NA;NA;NA;1;NA;NA;1;NA;1;NA;NA;NA
27;"AL";2703601;"270360";"Japaratinga";"Não";"-";"Outros";NA;NA;1;2;NA;NA;2;NA;2;1;NA;NA;NA;2;NA;2;2;NA;1;1;NA;NA;NA;NA;NA
27;"AL";2703700;"270370";"Jaramataia";"Não";"Região Metropolitana do Agreste";"Outros";NA;NA;NA;NA;NA;NA;NA;NA;1;2;NA;NA;3;2;2;3;NA;NA;NA;NA;NA;1;NA;NA;NA
27;"AL";2703759;"270375";"Jequiá da Praia";"Não";"-";"Outros";NA;NA;NA;1;NA;3;NA;NA;2;1;NA;1;NA;1;3;4;3;NA;1;NA;2;1;1;NA;NA
27;"AL";2703809;"270380";"Joaquim Gomes";"Não";"Região Metropolitana da Zona da Mata";"Outros";NA;NA;NA;4;1;5;6;1;3;1;1;2;2;6;2;5;NA;NA;NA;4;NA;4;NA;NA;NA
27;"AL";2703908;"270390";"Jundiá";"Não";"Região Metropolitana da Zona da Mata";"Outros";NA;NA;NA;1;NA;NA;NA;NA;NA;NA;NA;NA;NA;NA;NA;4;NA;NA;NA;NA;NA;NA;NA;NA;NA
27;"AL";2704005;"270400";"Junqueiro";"Não";"-";"Outros";4;NA;1;1;3;3;2;3;1;3;2;6;11;3;6;8;6;NA;NA;NA;1;1;NA;NA;NA
27;"AL";2704104;"270410";"Lagoa da Canoa";"Não";"Região Metropolitana do Agreste";"Outros";NA;NA;NA;NA;NA;NA;NA;NA;1;2;1;NA;4;NA;NA;NA;3;NA;NA;NA;NA;NA;NA;NA;NA
27;"AL";2704203;"270420";"Limoeiro de Anadia";"Não";"-";"Outros";NA;NA;NA;NA;NA;NA;1;1;NA;1;4;3;8;3;3;5;4;NA;NA;NA;NA;1;NA;NA;NA
27;"AL";2704302;"270430";"Maceió";"Sim";"Região Metropolitana de Maceió";"Outros";12;15;30;48;48;47;63;52;114;104;136;166;138;116;178;151;158;18;9;86;42;38;11;19;NA
27;"AL";2704401;"270440";"Major Isidoro";"Não";"Região Metropolitana de Palmeira dos Índios";"Outros";1;NA;NA;NA;NA;NA;NA;1;1;NA;2;1;2;1;4;4;7;3;NA;NA;NA;NA;NA;NA;NA
27;"AL";2704500;"270450";"Maragogi";"Não";"-";"Outros";NA;NA;NA;2;NA;NA;1;NA;2;2;2;5;2;3;5;3;1;NA;NA;3;NA;1;NA;NA;NA
27;"AL";2704609;"270460";"Maravilha";"Não";"Região Metropolitana do Médio Sertão";"Outros";NA;NA;NA;NA;NA;NA;1;NA;2;NA;2;2;1;3;1;3;1;1;NA;NA;NA;NA;NA;NA;NA
27;"AL";2704708;"270470";"Marechal Deodoro";"Não";"Região Metropolitana de Maceió";"Outros";2;NA;1;NA;1;1;2;NA;4;4;5;9;5;2;6;4;4;2;NA;2;1;4;NA;NA;NA
27;"AL";2704807;"270480";"Maribondo";"Não";"Região Metropolitana do Vale do Paraíba";"Outros";NA;NA;NA;NA;NA;NA;NA;NA;1;1;3;NA;NA;3;2;4;2;NA;NA;3;NA;NA;NA;1;NA
27;"AL";2704906;"270490";"Mar Vermelho";"Não";"Região Metropolitana do Vale do Paraíba";"Outros";NA;NA;NA;NA;NA;NA;NA;NA;NA;1;NA;NA;1;NA;NA;NA;NA;NA;NA;1;NA;NA;NA;NA;NA
27;"AL";2705002;"270500";"Mata Grande";"Não";"Região Metropolitana do Sertão";"Outros";NA;NA;1;NA;NA;NA;NA;NA;2;2;NA;3;NA;2;3;4;1;NA;NA;NA;NA;1;NA;NA;NA
27;"AL";2705101;"270510";"Matriz de Camaragibe";"Não";"Região Metropolitana da Zona da Mata";"Outros";NA;1;NA;2;NA;1;NA;NA;1;4;NA;4;1;NA;1;2;5;NA;NA;NA;1;1;NA;NA;NA
27;"AL";2705200;"270520";"Messias";"Não";"Região Metropolitana de Maceió";"Outros";2;3;NA;3;NA;NA;2;NA;4;1;3;4;7;9;10;6;4;NA;1;6;1;NA;3;NA;NA
27;"AL";2705309;"270530";"Minador do Negrão";"Não";"Região Metropolitana de Palmeira dos Índios";"Outros";NA;NA;NA;NA;NA;NA;NA;NA;NA;NA;NA;NA;NA;NA;2;6;NA;NA;NA;NA;NA;NA;NA;1;NA
27;"AL";2705408;"270540";"Monteirópolis";"Não";"-";"Outros";1;NA;NA;NA;NA;NA;NA;NA;NA;NA;1;NA;NA;2;1;2;1;NA;NA;NA;NA;NA;NA;NA;NA
27;"AL";2705507;"270550";"Murici";"Não";"Região Metropolitana de Maceió";"Outros";NA;NA;NA;NA;1;2;1;2;3;1;3;1;3;4;4;1;2;NA;NA;2;NA;NA;NA;NA;NA
27;"AL";2705606;"270560";"Novo Lino";"Não";"Região Metropolitana da Zona da Mata";"Outros";1;NA;2;NA;NA;1;NA;1;NA;2;4;5;3;5;3;4;5;1;NA;NA;NA;3;NA;NA;NA
27;"AL";2705705;"270570";"Olho d'Água das Flores";"Não";"Região Metropolitana do Médio Sertão";"Outros";1;NA;NA;NA;NA;3;1;1;NA;NA;NA;3;1;1;3;4;4;NA;NA;NA;NA;NA;NA;NA;NA
27;"AL";2705804;"270580";"Olho d'Água do Casado";"Não";"Região Metropolitana do Sertão";"Outros";1;NA;NA;NA;NA;NA;NA;NA;NA;1;1;1;3;NA;6;1;NA;NA;NA;NA;NA;NA;1;NA;NA
27;"AL";2705903;"270590";"Olho d'Água Grande";"Não";"Região Metropolitana do Agreste";"Outros";NA;1;NA;NA;NA;NA;NA;NA;NA;NA;NA;NA;NA;NA;NA;NA;NA;NA;NA;NA;NA;NA;NA;NA;NA
27;"AL";2706000;"270600";"Olivença";"Não";"Região Metropolitana do Médio Sertão";"Outros";NA;NA;NA;NA;NA;NA;NA;NA;NA;NA;NA;2;NA;2;2;NA;NA;NA;NA;NA;NA;NA;NA;NA;NA
27;"AL";2706109;"270610";"Ouro Branco";"Não";"Região Metropolitana do Médio Sertão";"Outros";NA;NA;NA;NA;1;NA;1;2;1;1;NA;3;3;3;2;5;4;NA;NA;NA;NA;NA;NA;NA;NA
27;"AL";2706208;"270620";"Palestina";"Não";"-";"Outros";NA;NA;NA;NA;NA;NA;NA;NA;NA;NA;NA;NA;NA;NA;2;3;NA;NA;1;NA;1;NA;NA;NA;NA
27;"AL";2706307;"270630";"Palmeira dos Índios";"Não";"Região Metropolitana do Agreste";"Outros";1;1;2;1;6;1;4;1;5;4;7;6;7;12;11;12;16;NA;NA;NA;2;2;NA;3;NA
27;"AL";2706406;"270640";"Pão de Açúcar";"Não";"-";"Outros";1;NA;NA;1;NA;2;NA;1;NA;1;NA;1;1;NA;2;4;2;NA;NA;NA;NA;NA;NA;NA;NA
27;"AL";2706422;"270642";"Pariconha";"Não";"Região Metropolitana do Sertão";"Outros";NA;NA;NA;NA;NA;1;NA;NA;NA;NA;NA;1;4;NA;1;1;3;NA;NA;NA;NA;NA;NA;NA;NA
27;"AL";2706448;"270644";"Paripueira";"Não";"Região Metropolitana de Maceió";"Outros";NA;NA;NA;NA;NA;NA;1;NA;NA;NA;1;NA;NA;NA;2;NA;1;NA;NA;NA;NA;NA;NA;1;NA
27;"AL";2706505;"270650";"Passo de Camaragibe";"Não";"-";"Outros";NA;NA;1;1;NA;1;NA;1;NA;NA;NA;1;1;NA;4;1;5;NA;NA;1;NA;NA;1;NA;NA
27;"AL";2706604;"270660";"Paulo Jacinto";"Não";"Região Metropolitana do Vale do Paraíba";"Outros";NA;NA;NA;NA;NA;NA;NA;1;NA;NA;NA;1;NA;1;NA;NA;1;NA;NA;2;NA;NA;NA;1;NA
27;"AL";2706703;"270670";"Penedo";"Não";"Região Metropolitana do São Francisco";"Outros";2;1;NA;1;1;2;1;1;2;1;5;6;6;4;13;8;8;NA;NA;NA;NA;NA;2;NA;NA
27;"AL";2706802;"270680";"Piaçabuçu";"Não";"Região Metropolitana do São Francisco";"Outros";1;1;NA;4;NA;1;NA;NA;1;1;2;1;4;2;1;4;2;NA;NA;NA;NA;NA;NA;NA;NA
27;"AL";2706901;"270690";"Pilar";"Não";"Região Metropolitana de Maceió";"Outros";2;NA;1;NA;3;3;4;2;3;9;8;8;10;3;7;5;9;NA;1;6;3;1;1;1;NA
27;"AL";2707008;"270700";"Pindoba";"Não";"Região Metropolitana do Vale do Paraíba";"Outros";NA;NA;NA;NA;NA;NA;NA;NA;NA;NA;NA;NA;NA;NA;NA;NA;NA;NA;NA;1;NA;NA;NA;NA;NA
27;"AL";2707107;"270710";"Piranhas";"Não";"Região Metropolitana do Sertão";"Outros";NA;1;NA;2;1;4;NA;2;2;2;2;1;5;2;2;7;10;NA;NA;NA;NA;NA;NA;NA;NA
27;"AL";2707206;"270720";"Poço das Trincheiras";"Não";"Região Metropolitana do Médio Sertão";"Outros";NA;NA;NA;NA;NA;NA;NA;NA;NA;NA;1;NA;2;2;NA;1;2;NA;NA;NA;NA;1;NA;NA;NA
27;"AL";2707305;"270730";"Porto Calvo";"Não";"Região Metropolitana da Zona da Mata";"Outros";1;NA;NA;1;3;NA;1;NA;4;1;3;4;1;1;NA;5;2;NA;NA;4;NA;2;NA;2;NA
27;"AL";2707404;"270740";"Porto de Pedras";"Não";"-";"Outros";NA;NA;1;NA;NA;NA;NA;NA;NA;NA;1;2;NA;1;2;1;NA;NA;NA;1;1;NA;NA;NA;NA
27;"AL";2707503;"270750";"Porto Real do Colégio";"Não";"Região Metropolitana do São Francisco";"Outros";5;3;NA;1;NA;1;NA;2;1;2;NA;7;11;5;8;1;3;NA;NA;NA;NA;NA;NA;NA;NA
27;"AL";2707602;"270760";"Quebrangulo";"Não";"-";"Outros";NA;NA;NA;NA;1;NA;NA;NA;NA;NA;NA;NA;NA;2;NA;1;NA;NA;NA;NA;NA;NA;NA;NA;NA
27;"AL";2707701;"270770";"Rio Largo";"Não";"Região Metropolitana de Maceió";"Outros";NA;1;1;3;2;2;6;4;5;2;1;8;9;7;9;6;10;NA;NA;7;NA;1;1;1;NA
27;"AL";2707800;"270780";"Roteiro";"Não";"-";"Outros";NA;NA;NA;NA;1;NA;NA;1;NA;1;2;NA;NA;NA;1;NA;NA;NA;1;1;NA;2;NA;NA;NA
27;"AL";2707909;"270790";"Santa Luzia do Norte";"Não";"Região Metropolitana de Maceió";"Outros";NA;NA;NA;NA;NA;NA;NA;NA;NA;NA;NA;NA;NA;NA;1;1;NA;NA;NA;NA;NA;NA;NA;NA;NA
27;"AL";2708006;"270800";"Santana do Ipanema";"Não";"Região Metropolitana do Médio Sertão";"Outros";2;2;1;1;NA;NA;2;NA;NA;1;4;10;15;16;21;6;14;NA;NA;NA;NA;NA;NA;NA;NA
27;"AL";2708105;"270810";"Santana do Mundaú";"Não";"Região Metropolitana da Zona da Mata";"Outros";NA;NA;NA;NA;NA;NA;NA;NA;NA;NA;4;1;1;NA;1;2;2;NA;NA;NA;NA;NA;NA;NA;NA
27;"AL";2708204;"270820";"São Brás";"Não";"Região Metropolitana do Agreste";"Outros";NA;NA;NA;1;NA;NA;1;NA;NA;NA;NA;1;NA;NA;2;1;2;NA;NA;NA;NA;NA;NA;NA;NA
27;"AL";2708303;"270830";"São José da Laje";"Não";"Região Metropolitana da Zona da Mata";"Outros";2;2;1;2;1;2;NA;NA;NA;2;2;4;6;1;9;8;5;2;NA;2;NA;2;NA;1;NA
27;"AL";2708402;"270840";"São José da Tapera";"Não";"-";"Outros";NA;NA;NA;NA;NA;NA;1;3;1;5;3;3;6;12;5;4;8;NA;2;NA;NA;NA;NA;NA;NA
27;"AL";2708501;"270850";"São Luís do Quitunde";"Não";"Região Metropolitana da Zona da Mata";"Outros";NA;NA;2;NA;1;NA;NA;1;4;3;3;NA;NA;6;3;NA;1;1;NA;1;NA;3;NA;NA;NA
27;"AL";2708600;"270860";"São Miguel dos Campos";"Não";"Região Metropolitana de Caetés";"Outros";NA;NA;2;2;1;4;2;3;8;3;5;11;3;8;12;11;10;1;2;2;NA;3;NA;1;NA
27;"AL";2708709;"270870";"São Miguel dos Milagres";"Não";"-";"Outros";NA;NA;NA;NA;NA;NA;NA;NA;NA;NA;NA;NA;NA;1;NA;NA;1;NA;NA;NA;NA;NA;NA;NA;NA
27;"AL";2708808;"270880";"São Sebastião";"Não";"Região Metropolitana do Agreste";"Outros";3;NA;2;6;NA;3;2;2;2;4;12;8;9;12;7;13;3;6;NA;1;NA;1;NA;2;NA
27;"AL";2708907;"270890";"Satuba";"Não";"Região Metropolitana de Maceió";"Outros";NA;NA;NA;NA;1;1;1;1;1;3;5;4;3;NA;6;1;2;1;NA;NA;NA;NA;1;NA;NA
27;"AL";2708956;"270895";"Senador Rui Palmeira";"Não";"Região Metropolitana do Médio Sertão";"Outros";NA;NA;1;NA;NA;NA;NA;NA;NA;NA;1;2;1;2;1;2;2;NA;NA;NA;NA;NA;NA;NA;NA
27;"AL";2709004;"270900";"Tanque d'Arca";"Não";"Região Metropolitana do Agreste";"Outros";NA;NA;NA;NA;NA;NA;NA;NA;NA;1;NA;2;3;4;2;1;1;NA;NA;NA;NA;NA;NA;NA;NA
27;"AL";2709103;"270910";"Taquarana";"Não";"Região Metropolitana do Agreste";"Outros";NA;NA;NA;1;1;NA;1;NA;1;3;NA;1;NA;2;NA;2;2;NA;NA;NA;NA;NA;NA;NA;NA
27;"AL";2709152;"270915";"Teotônio Vilela";"Não";"-";"Outros";NA;1;1;NA;3;1;NA;2;1;1;5;5;3;3;9;2;4;NA;NA;NA;NA;NA;NA;NA;NA
27;"AL";2709202;"270920";"Traipu";"Não";"Região Metropolitana do Agreste";"Outros";NA;NA;NA;NA;1;NA;1;NA;1;NA;1;1;2;NA;6;NA;1;1;NA;NA;NA;NA;NA;1;NA
27;"AL";2709301;"270930";"União dos Palmares";"Não";"Região Metropolitana da Zona da Mata";"Outros";1;1;2;2;4;NA;NA;6;2;3;7;13;3;3;3;16;7;9;NA;5;NA;2;NA;NA;NA
27;"AL";2709400;"270940";"Viçosa";"Não";"Região Metropolitana do Vale do Paraíba";"Outros";NA;NA;1;1;NA;1;1;2;NA;3;4;5;NA;3;2;5;4;1;NA;4;NA;1;1;1;NA
28;"SE";2800209;"280020";"Aquidabã";"Não";"-";"Outros";NA;NA;NA;NA;NA;NA;NA;NA;NA;NA;NA;NA;1;NA;1;1;NA;NA;NA;NA;NA;NA;NA;NA;NA
28;"SE";2800308;"280030";"Aracaju";"Sim";"Região Metropolitana de Aracaju";"Outros";7;4;9;4;5;15;10;12;10;12;12;10;9;16;14;16;15;6;8;7;5;9;10;25;NA
28;"SE";2800407;"280040";"Arauá";"Não";"-";"Outros";NA;NA;NA;NA;NA;NA;NA;NA;NA;NA;NA;NA;1;NA;NA;NA;NA;2;NA;NA;NA;NA;NA;NA;NA
28;"SE";2800506;"280050";"Areia Branca";"Não";"-";"Outros";NA;NA;NA;NA;NA;NA;NA;1;NA;NA;1;NA;NA;1;NA;NA;1;NA;NA;NA;NA;1;NA;NA;NA
28;"SE";2800605;"280060";"Barra dos Coqueiros";"Não";"Região Metropolitana de Aracaju";"Outros";NA;NA;NA;NA;NA;NA;NA;1;1;NA;NA;NA;NA;NA;NA;NA;NA;NA;NA;NA;NA;NA;NA;NA;NA
28;"SE";2800670;"280067";"Boquim";"Não";"-";"Outros";NA;NA;1;NA;NA;NA;NA;NA;NA;NA;2;NA;NA;NA;NA;NA;NA;NA;NA;1;NA;NA;NA;NA;NA
28;"SE";2800704;"280070";"Brejo Grande";"Não";"-";"Outros";NA;NA;NA;NA;NA;NA;NA;NA;NA;NA;NA;NA;NA;NA;NA;NA;NA;NA;1;NA;NA;1;NA;NA;NA
28;"SE";2801009;"280100";"Campo do Brito";"Não";"-";"Outros";1;NA;NA;NA;NA;NA;1;2;NA;NA;NA;1;NA;2;NA;NA;NA;NA;NA;NA;NA;NA;NA;1;NA
28;"SE";2801108;"280110";"Canhoba";"Não";"-";"Outros";NA;NA;NA;NA;NA;NA;NA;NA;NA;NA;NA;NA;1;NA;NA;NA;NA;NA;NA;NA;NA;NA;NA;NA;NA
28;"SE";2801207;"280120";"Canindé de São Francisco";"Não";"-";"Outros";NA;NA;1;NA;1;2;1;3;NA;NA;3;2;NA;1;NA;1;2;NA;NA;NA;3;2;NA;NA;NA
28;"SE";2801306;"280130";"Capela";"Não";"-";"Outros";6;NA;1;NA;1;NA;2;4;1;NA;NA;3;NA;1;1;NA;1;NA;1;2;1;NA;NA;NA;NA
28;"SE";2801405;"280140";"Carira";"Não";"-";"Outros";NA;NA;NA;NA;1;NA;NA;NA;NA;NA;NA;NA;NA;NA;1;NA;NA;NA;1;NA;NA;1;NA;1;NA
28;"SE";2801504;"280150";"Carmópolis";"Não";"-";"Outros";NA;NA;NA;NA;NA;NA;NA;1;NA;NA;NA;NA;NA;2;NA;NA;NA;2;NA;NA;NA;1;NA;1;NA
28;"SE";2801603;"280160";"Cedro de São João";"Não";"-";"Outros";NA;NA;NA;NA;NA;NA;NA;NA;1;NA;NA;NA;NA;NA;NA;NA;NA;NA;NA;NA;NA;1;NA;NA;NA
28;"SE";2801702;"280170";"Cristinápolis";"Não";"-";"Outros";NA;NA;NA;3;NA;NA;NA;3;NA;NA;NA;NA;NA;NA;NA;NA;NA;NA;1;NA;1;NA;2;1;NA
28;"SE";2801900;"280190";"Cumbe";"Não";"-";"Outros";NA;NA;NA;NA;NA;NA;NA;NA;NA;NA;NA;NA;NA;NA;NA;NA;NA;NA;NA;NA;NA;NA;NA;1;NA
28;"SE";2802007;"280200";"Divina Pastora";"Não";"-";"Outros";NA;NA;1;NA;NA;NA;NA;NA;NA;NA;1;NA;NA;NA;NA;NA;NA;NA;NA;NA;NA;NA;NA;NA;NA
28;"SE";2802106;"280210";"Estância";"Não";"-";"Outros";2;2;3;1;1;2;4;3;NA;4;10;NA;1;3;NA;NA;NA;1;NA;1;NA;NA;1;1;NA
28;"SE";2802205;"280220";"Feira Nova";"Não";"-";"Outros";NA;NA;NA;NA;NA;NA;NA;NA;NA;NA;NA;NA;NA;1;NA;NA;NA;NA;NA;NA;NA;NA;NA;1;NA
28;"SE";2802304;"280230";"Frei Paulo";"Não";"-";"Outros";NA;NA;1;1;NA;NA;NA;NA;NA;2;NA;NA;NA;NA;NA;NA;NA;NA;NA;NA;NA;NA;1;NA;NA
28;"SE";2802403;"280240";"Gararu";"Não";"-";"Outros";NA;NA;NA;NA;NA;NA;NA;NA;NA;NA;NA;NA;NA;NA;NA;NA;1;NA;NA;NA;NA;NA;NA;NA;NA
28;"SE";2802502;"280250";"General Maynard";"Não";"-";"Outros";NA;NA;NA;NA;NA;NA;NA;NA;NA;NA;NA;NA;NA;NA;NA;NA;NA;NA;NA;NA;NA;NA;NA;NA;NA
28;"SE";2802601;"280260";"Gracho Cardoso";"Não";"-";"Outros";NA;NA;NA;NA;NA;NA;NA;NA;NA;NA;NA;NA;NA;1;NA;NA;NA;NA;NA;NA;NA;NA;NA;NA;NA
28;"SE";2802809;"280280";"Indiaroba";"Não";"-";"Outros";NA;NA;NA;NA;NA;1;NA;NA;NA;NA;NA;NA;2;NA;NA;1;NA;1;NA;NA;NA;1;NA;1;NA
28;"SE";2802908;"280290";"Itabaiana";"Não";"-";"Outros";NA;1;NA;2;2;2;1;2;NA;NA;1;1;1;NA;NA;NA;1;NA;NA;2;NA;1;NA;2;NA
28;"SE";2803005;"280300";"Itabaianinha";"Não";"-";"Outros";NA;NA;1;NA;NA;NA;NA;NA;NA;NA;NA;NA;NA;NA;1;NA;NA;NA;NA;NA;NA;NA;NA;NA;NA
28;"SE";2803104;"280310";"Itabi";"Não";"-";"Outros";NA;NA;NA;NA;NA;NA;NA;NA;NA;NA;NA;NA;NA;NA;NA;NA;NA;NA;NA;1;NA;NA;NA;NA;NA
28;"SE";2803203;"280320";"Itaporanga d'Ajuda";"Não";"-";"Outros";NA;1;3;1;10;NA;1;NA;1;NA;3;NA;NA;1;1;2;NA;1;1;NA;1;1;NA;NA;NA
28;"SE";2803302;"280330";"Japaratuba";"Não";"-";"Outros";NA;NA;NA;NA;1;NA;1;2;NA;1;NA;NA;NA;NA;1;NA;NA;NA;1;1;NA;NA;NA;NA;NA
28;"SE";2803401;"280340";"Japoatã";"Não";"-";"Outros";NA;NA;NA;NA;NA;NA;NA;NA;NA;NA;2;NA;NA;NA;NA;1;NA;NA;NA;NA;NA;NA;NA;NA;NA
28;"SE";2803500;"280350";"Lagarto";"Não";"-";"Outros";NA;NA;NA;NA;NA;NA;NA;NA;1;2;NA;1;NA;1;NA;1;1;NA;1;NA;1;NA;2;1;NA
28;"SE";2803609;"280360";"Laranjeiras";"Não";"-";"Outros";2;NA;6;NA;NA;1;NA;2;NA;1;NA;NA;1;NA;1;NA;1;NA;2;2;2;NA;NA;1;NA
28;"SE";2803708;"280370";"Macambira";"Não";"-";"Outros";NA;NA;NA;NA;NA;NA;NA;NA;NA;NA;1;NA;NA;NA;NA;1;NA;NA;NA;NA;NA;NA;NA;NA;NA
28;"SE";2803807;"280380";"Malhada dos Bois";"Não";"-";"Outros";NA;NA;NA;NA;NA;NA;NA;NA;NA;NA;NA;NA;NA;NA;NA;NA;NA;NA;NA;NA;NA;NA;NA;1;NA
28;"SE";2803906;"280390";"Malhador";"Não";"-";"Outros";NA;NA;NA;NA;NA;1;NA;NA;NA;NA;NA;NA;NA;NA;1;NA;NA;NA;NA;NA;NA;NA;NA;NA;NA
28;"SE";2804003;"280400";"Maruim";"Não";"-";"Outros";NA;NA;NA;1;NA;1;1;NA;NA;NA;NA;NA;NA;2;NA;NA;NA;NA;NA;1;NA;NA;NA;NA;NA
28;"SE";2804102;"280410";"Moita Bonita";"Não";"-";"Outros";NA;NA;NA;NA;NA;NA;NA;NA;NA;NA;NA;NA;NA;NA;NA;NA;NA;NA;NA;NA;NA;NA;1;NA;NA
28;"SE";2804201;"280420";"Monte Alegre de Sergipe";"Não";"-";"Outros";NA;NA;NA;NA;NA;1;NA;NA;NA;NA;1;NA;NA;NA;1;NA;1;NA;NA;NA;NA;NA;NA;1;NA
28;"SE";2804300;"280430";"Muribeca";"Não";"-";"Outros";NA;NA;NA;NA;NA;NA;1;1;NA;NA;NA;NA;NA;NA;1;NA;NA;NA;NA;NA;NA;NA;NA;2;NA
28;"SE";2804409;"280440";"Neópolis";"Não";"-";"Outros";NA;NA;NA;NA;1;NA;NA;NA;NA;NA;NA;NA;NA;1;NA;1;NA;NA;NA;NA;NA;1;NA;NA;NA
28;"SE";2804458;"280445";"Nossa Senhora Aparecida";"Não";"-";"Outros";NA;1;3;NA;1;NA;NA;NA;NA;NA;NA;NA;NA;NA;NA;NA;2;1;NA;NA;NA;NA;NA;NA;NA
28;"SE";2804508;"280450";"Nossa Senhora da Glória";"Não";"-";"Outros";1;NA;1;NA;NA;NA;NA;2;NA;NA;1;NA;1;1;NA;1;NA;NA;1;NA;1;1;NA;1;NA
28;"SE";2804607;"280460";"Nossa Senhora das Dores";"Não";"-";"Outros";1;NA;NA;NA;NA;NA;NA;1;NA;NA;NA;NA;NA;1;NA;NA;NA;NA;NA;NA;1;NA;NA;NA;NA
28;"SE";2804706;"280470";"Nossa Senhora de Lourdes";"Não";"-";"Outros";NA;NA;NA;NA;NA;NA;NA;NA;NA;NA;NA;NA;NA;NA;NA;NA;NA;NA;NA;NA;NA;NA;NA;NA;NA
28;"SE";2804805;"280480";"Nossa Senhora do Socorro";"Não";"Região Metropolitana de Aracaju";"Outros";1;1;NA;NA;NA;NA;NA;3;1;2;NA;NA;NA;1;NA;2;1;1;NA;2;1;NA;NA;4;NA
28;"SE";2804904;"280490";"Pacatuba";"Não";"-";"Outros";NA;NA;NA;NA;NA;NA;NA;NA;NA;NA;NA;NA;NA;NA;NA;1;NA;NA;NA;NA;NA;NA;NA;1;NA
28;"SE";2805208;"280520";"Pinhão";"Não";"-";"Outros";NA;NA;NA;NA;NA;NA;NA;NA;1;NA;NA;NA;NA;NA;NA;NA;NA;NA;NA;1;NA;NA;NA;NA;NA
28;"SE";2805307;"280530";"Pirambu";"Não";"-";"Outros";NA;NA;1;NA;NA;NA;NA;NA;NA;NA;NA;NA;NA;NA;NA;NA;NA;1;NA;NA;NA;NA;NA;NA;NA
28;"SE";2805406;"280540";"Poço Redondo";"Não";"-";"Outros";NA;NA;NA;NA;NA;NA;NA;2;NA;NA;1;NA;1;1;NA;1;NA;NA;2;1;NA;NA;NA;1;NA
28;"SE";2805505;"280550";"Poço Verde";"Não";"-";"Outros";NA;NA;NA;NA;NA;NA;NA;NA;NA;1;NA;NA;NA;1;NA;NA;2;NA;1;1;NA;1;NA;2;NA
28;"SE";2805604;"280560";"Porto da Folha";"Não";"-";"Outros";1;NA;NA;NA;NA;NA;NA;NA;NA;NA;NA;NA;NA;1;NA;NA;NA;NA;NA;NA;NA;NA;NA;1;NA
28;"SE";2805703;"280570";"Propriá";"Não";"-";"Outros";1;NA;NA;NA;NA;NA;NA;3;NA;NA;2;NA;NA;NA;NA;1;NA;NA;NA;NA;NA;NA;1;1;NA
28;"SE";2805802;"280580";"Riachão do Dantas";"Não";"-";"Outros";1;NA;1;NA;NA;NA;NA;NA;NA;NA;NA;NA;NA;NA;NA;NA;NA;NA;NA;NA;NA;NA;1;NA;NA
28;"SE";2805901;"280590";"Riachuelo";"Não";"-";"Outros";NA;NA;NA;1;NA;NA;NA;NA;NA;NA;NA;NA;NA;NA;NA;NA;NA;NA;NA;NA;NA;NA;NA;NA;NA
28;"SE";2806008;"280600";"Ribeirópolis";"Não";"-";"Outros";NA;NA;NA;NA;NA;NA;NA;4;NA;NA;NA;NA;NA;NA;NA;NA;NA;NA;NA;NA;NA;NA;NA;1;NA
28;"SE";2806107;"280610";"Rosário do Catete";"Não";"-";"Outros";NA;2;NA;NA;NA;1;NA;NA;NA;NA;NA;NA;NA;NA;NA;NA;NA;NA;NA;1;NA;NA;NA;NA;NA
28;"SE";2806206;"280620";"Salgado";"Não";"-";"Outros";NA;NA;2;NA;NA;NA;NA;NA;NA;NA;NA;NA;NA;NA;NA;NA;NA;NA;NA;NA;NA;NA;NA;NA;NA
28;"SE";2806305;"280630";"Santa Luzia do Itanhy";"Não";"-";"Outros";2;NA;NA;NA;2;3;2;1;NA;NA;NA;1;1;NA;NA;NA;NA;NA;1;NA;NA;1;NA;NA;NA
28;"SE";2806404;"280640";"Santana do São Francisco";"Não";"-";"Outros";NA;NA;NA;NA;NA;NA;NA;NA;NA;NA;NA;NA;NA;NA;NA;NA;NA;NA;NA;NA;NA;NA;NA;NA;NA
28;"SE";2806602;"280660";"Santo Amaro das Brotas";"Não";"-";"Outros";NA;NA;1;NA;NA;NA;NA;NA;NA;NA;NA;NA;1;NA;NA;NA;NA;NA;1;NA;NA;NA;NA;NA;NA
28;"SE";2806701;"280670";"São Cristóvão";"Não";"Região Metropolitana de Aracaju";"Outros";NA;1;9;1;2;5;NA;3;NA;NA;4;NA;2;1;NA;1;1;NA;NA;NA;NA;NA;NA;1;NA
28;"SE";2806909;"280690";"São Francisco";"Não";"-";"Outros";NA;NA;NA;NA;1;NA;NA;NA;NA;NA;NA;NA;NA;NA;NA;NA;NA;NA;NA;NA;NA;NA;NA;NA;NA
28;"SE";2807006;"280700";"São Miguel do Aleixo";"Não";"-";"Outros";NA;NA;NA;NA;NA;NA;NA;NA;NA;NA;NA;NA;NA;NA;NA;NA;NA;1;NA;NA;NA;NA;NA;NA;NA
28;"SE";2807105;"280710";"Simão Dias";"Não";"-";"Outros";1;1;NA;NA;NA;NA;NA;NA;NA;2;2;NA;1;NA;NA;1;NA;NA;NA;NA;1;NA;NA;2;NA
28;"SE";2807204;"280720";"Siriri";"Não";"-";"Outros";NA;1;NA;NA;NA;NA;NA;NA;1;NA;NA;NA;NA;NA;NA;1;NA;NA;NA;NA;NA;NA;NA;NA;NA
28;"SE";2807303;"280730";"Telha";"Não";"-";"Outros";NA;NA;1;NA;NA;NA;NA;NA;NA;1;NA;NA;NA;NA;NA;NA;NA;NA;NA;NA;NA;NA;NA;NA;NA
28;"SE";2807402;"280740";"Tobias Barreto";"Não";"-";"Outros";2;1;1;NA;NA;NA;NA;NA;NA;NA;1;NA;2;NA;NA;NA;NA;2;NA;1;NA;NA;1;NA;NA
28;"SE";2807501;"280750";"Tomar do Geru";"Não";"-";"Outros";NA;NA;NA;NA;NA;1;NA;NA;NA;NA;NA;NA;NA;NA;NA;NA;NA;NA;NA;NA;NA;NA;NA;NA;NA
28;"SE";2807600;"280760";"Umbaúba";"Não";"-";"Outros";1;1;1;NA;NA;NA;1;NA;NA;NA;1;1;1;NA;NA;NA;1;NA;NA;NA;1;NA;1;NA;NA
29;"BA";2900108;"290010";"Abaíra";"Não";"-";"Outros";NA;NA;NA;1;NA;NA;NA;NA;NA;1;NA;NA;NA;NA;NA;NA;NA;NA;NA;NA;NA;1;NA;NA;NA
29;"BA";2900207;"290020";"Abaré";"Não";"-";"Outros";NA;1;1;NA;NA;1;2;1;NA;NA;12;NA;1;NA;2;3;NA;4;NA;2;1;NA;NA;1;NA
29;"BA";2900306;"290030";"Acajutiba";"Não";"-";"Outros";NA;NA;NA;1;NA;NA;NA;NA;NA;NA;NA;NA;NA;NA;NA;NA;NA;NA;NA;NA;1;NA;1;NA;NA
29;"BA";2900355;"290035";"Adustina";"Não";"-";"Outros";NA;NA;NA;NA;NA;1;NA;NA;NA;NA;NA;NA;NA;1;1;NA;NA;NA;NA;NA;NA;NA;NA;NA;NA
29;"BA";2900405;"290040";"Água Fria";"Não";"-";"Outros";NA;NA;NA;NA;NA;NA;NA;NA;NA;NA;1;NA;NA;NA;NA;NA;NA;NA;NA;NA;NA;1;NA;NA;NA
29;"BA";2900504;"290050";"Érico Cardoso";"Não";"-";"Outros";NA;NA;NA;NA;NA;NA;NA;NA;NA;NA;NA;NA;NA;NA;NA;NA;NA;NA;NA;NA;NA;1;NA;NA;NA
29;"BA";2900603;"290060";"Aiquara";"Não";"-";"Outros";NA;NA;NA;NA;NA;NA;NA;NA;NA;NA;1;NA;NA;NA;NA;NA;NA;NA;NA;NA;NA;NA;NA;NA;NA
29;"BA";2900702;"290070";"Alagoinhas";"Não";"-";"Outros";1;2;1;5;2;1;2;NA;10;3;3;2;5;4;21;1;2;4;2;3;13;7;9;5;NA
29;"BA";2900801;"290080";"Alcobaça";"Não";"-";"Outros";1;NA;1;NA;NA;NA;4;1;NA;2;2;6;4;6;3;3;6;2;5;3;1;7;4;2;NA
29;"BA";2900900;"290090";"Almadina";"Não";"-";"Outros";NA;NA;NA;NA;NA;NA;1;NA;NA;NA;NA;2;NA;NA;NA;NA;NA;NA;NA;1;NA;NA;NA;NA;NA
29;"BA";2901007;"290100";"Amargosa";"Não";"-";"Outros";NA;1;NA;NA;NA;NA;NA;1;1;4;4;3;4;1;1;1;NA;3;2;1;2;NA;NA;NA;NA
29;"BA";2901106;"290110";"Amélia Rodrigues";"Não";"Região Metropolitana de Feira de Santana";"Outros";NA;NA;NA;NA;NA;NA;1;NA;NA;1;NA;2;NA;1;1;1;1;NA;NA;1;NA;1;1;NA;NA
29;"BA";2901155;"290115";"América Dourada";"Não";"-";"Outros";NA;NA;NA;NA;NA;NA;NA;NA;2;NA;NA;NA;NA;NA;NA;NA;NA;NA;NA;NA;NA;NA;NA;1;NA
29;"BA";2901205;"290120";"Anagé";"Não";"-";"Outros";NA;NA;NA;NA;1;NA;NA;NA;NA;NA;2;2;1;1;4;2;2;4;1;2;NA;2;NA;1;NA
29;"BA";2901304;"290130";"Andaraí";"Não";"-";"Outros";NA;NA;NA;NA;NA;2;3;6;1;NA;NA;NA;1;NA;NA;2;NA;2;4;1;4;5;1;6;NA
29;"BA";2901353;"290135";"Andorinha";"Não";"-";"Outros";NA;NA;NA;NA;NA;NA;NA;NA;NA;NA;NA;2;NA;NA;NA;NA;NA;NA;1;NA;1;NA;NA;NA;NA
29;"BA";2901403;"290140";"Angical";"Não";"-";"Outros";NA;NA;NA;NA;NA;NA;1;NA;NA;NA;NA;NA;NA;NA;NA;NA;NA;4;NA;2;1;1;NA;1;NA
29;"BA";2901502;"290150";"Anguera";"Não";"Área de Expansão Metropolitana";"Outros";NA;NA;NA;NA;NA;NA;NA;NA;1;NA;NA;NA;NA;NA;NA;NA;NA;NA;NA;NA;1;NA;1;1;NA
29;"BA";2901601;"290160";"Antas";"Não";"-";"Outros";NA;NA;NA;1;NA;NA;NA;1;NA;NA;NA;3;NA;1;1;2;2;NA;NA;NA;NA;NA;1;NA;NA
29;"BA";2901700;"290170";"Antônio Cardoso";"Não";"Área de Expansão Metropolitana";"Outros";NA;NA;NA;NA;NA;NA;NA;NA;1;NA;1;4;NA;1;1;NA;NA;NA;4;NA;NA;NA;NA;1;NA
29;"BA";2901908;"290190";"Aporá";"Não";"-";"Outros";NA;NA;NA;NA;1;NA;NA;NA;NA;NA;1;NA;NA;1;NA;NA;1;NA;NA;NA;1;1;NA;NA;NA
29;"BA";2901957;"290195";"Apuarema";"Não";"-";"Outros";NA;NA;NA;1;NA;NA;NA;NA;NA;1;NA;NA;NA;NA;NA;NA;NA;NA;NA;NA;NA;NA;NA;NA;NA
29;"BA";2902005;"290200";"Aracatu";"Não";"-";"Outros";NA;NA;1;NA;NA;1;NA;NA;NA;NA;NA;NA;1;1;NA;1;1;NA;1;NA;NA;1;1;1;NA
29;"BA";2902054;"290205";"Araçás";"Não";"-";"Outros";NA;NA;NA;NA;NA;1;1;NA;NA;NA;NA;NA;1;NA;NA;1;NA;NA;NA;NA;NA;NA;1;NA;NA
29;"BA";2902104;"290210";"Araci";"Não";"-";"Outros";NA;1;NA;1;NA;1;NA;NA;NA;NA;NA;2;2;4;NA;NA;1;1;8;5;5;4;4;9;NA
29;"BA";2902203;"290220";"Aramari";"Não";"-";"Outros";NA;NA;NA;NA;1;NA;NA;NA;NA;NA;NA;NA;NA;NA;NA;NA;NA;NA;NA;NA;1;NA;NA;1;NA
29;"BA";2902252;"290225";"Arataca";"Não";"-";"Outros";NA;NA;NA;2;NA;1;NA;1;2;2;1;1;NA;1;2;4;1;NA;NA;NA;1;NA;NA;1;NA
29;"BA";2902302;"290230";"Aratuípe";"Não";"-";"Outros";NA;NA;NA;NA;NA;NA;NA;NA;NA;2;NA;NA;NA;NA;NA;NA;NA;NA;1;1;NA;NA;1;2;NA
29;"BA";2902401;"290240";"Aurelino Leal";"Não";"-";"Outros";NA;NA;1;NA;NA;NA;NA;NA;NA;1;1;1;NA;2;NA;NA;NA;NA;NA;NA;NA;NA;NA;NA;NA
29;"BA";2902500;"290250";"Baianópolis";"Não";"-";"Outros";NA;NA;NA;NA;NA;NA;NA;NA;NA;NA;NA;NA;NA;NA;NA;NA;2;2;NA;NA;NA;NA;1;NA;NA
29;"BA";2902609;"290260";"Baixa Grande";"Não";"-";"Outros";NA;NA;NA;NA;NA;NA;NA;NA;NA;NA;NA;1;NA;NA;NA;NA;1;2;2;2;2;4;1;1;NA
29;"BA";2902658;"290265";"Banzaê";"Não";"-";"Outros";NA;NA;NA;NA;NA;NA;NA;NA;1;NA;NA;NA;NA;NA;NA;NA;NA;NA;NA;NA;NA;NA;NA;NA;NA
29;"BA";2902708;"290270";"Barra";"Não";"-";"Outros";NA;NA;NA;NA;NA;NA;NA;NA;NA;NA;NA;NA;NA;NA;1;NA;NA;1;3;NA;NA;NA;2;1;NA
29;"BA";2902807;"290280";"Barra da Estiva";"Não";"-";"Outros";NA;1;NA;NA;NA;1;NA;NA;NA;NA;NA;NA;1;1;NA;NA;2;2;1;NA;NA;1;NA;1;NA
29;"BA";2902906;"290290";"Barra do Choça";"Não";"-";"Outros";1;NA;NA;NA;NA;NA;NA;NA;NA;1;3;2;3;1;NA;NA;3;1;1;5;1;1;1;NA;NA
29;"BA";2903003;"290300";"Barra do Mendes";"Não";"-";"Outros";NA;NA;NA;NA;NA;NA;NA;NA;NA;NA;NA;NA;NA;NA;NA;NA;NA;NA;1;NA;NA;NA;NA;NA;NA
29;"BA";2903102;"290310";"Barra do Rocha";"Não";"-";"Outros";1;NA;NA;NA;NA;NA;NA;NA;NA;NA;NA;NA;NA;NA;NA;2;NA;NA;NA;NA;NA;NA;NA;NA;NA
29;"BA";2903201;"290320";"Barreiras";"Não";"-";"Outros";NA;NA;NA;NA;1;1;NA;1;NA;NA;1;1;1;1;NA;NA;81;59;24;29;23;26;12;10;NA
29;"BA";2903235;"290323";"Barro Alto";"Não";"-";"Outros";NA;NA;NA;NA;NA;NA;NA;NA;NA;NA;NA;NA;NA;NA;NA;NA;NA;NA;NA;NA;NA;NA;NA;1;NA
29;"BA";2903276;"290327";"Barrocas";"Não";"-";"Outros";NA;NA;NA;NA;NA;NA;NA;NA;NA;NA;NA;NA;NA;NA;NA;NA;NA;NA;1;3;1;1;1;NA;NA
29;"BA";2903300;"290330";"Barro Preto";"Não";"-";"Outros";NA;NA;NA;NA;NA;NA;NA;NA;NA;NA;NA;NA;NA;NA;NA;NA;NA;NA;NA;NA;NA;NA;NA;1;NA
29;"BA";2903409;"290340";"Belmonte";"Não";"-";"Outros";NA;NA;1;NA;1;NA;NA;NA;1;NA;2;3;NA;1;2;NA;NA;1;NA;1;1;3;1;1;NA
29;"BA";2903508;"290350";"Belo Campo";"Não";"-";"Outros";NA;NA;NA;NA;NA;NA;NA;NA;NA;NA;2;6;1;1;3;1;1;2;1;NA;1;1;1;2;NA
29;"BA";2903607;"290360";"Biritinga";"Não";"-";"Outros";NA;NA;NA;NA;NA;NA;NA;NA;NA;NA;NA;NA;NA;NA;NA;NA;NA;1;NA;2;1;2;NA;5;NA
29;"BA";2903706;"290370";"Boa Nova";"Não";"-";"Outros";NA;NA;NA;NA;NA;NA;NA;NA;NA;1;1;NA;2;1;NA;3;3;3;1;NA;2;4;2;NA;NA
29;"BA";2903805;"290380";"Boa Vista do Tupim";"Não";"-";"Outros";NA;NA;NA;NA;NA;4;NA;1;5;2;NA;NA;NA;NA;NA;1;2;2;4;1;3;NA;2;1;NA
29;"BA";2903904;"290390";"Bom Jesus da Lapa";"Não";"-";"Outros";NA;1;1;NA;NA;1;NA;NA;NA;NA;NA;NA;NA;NA;NA;1;5;2;NA;1;4;1;1;NA;NA
29;"BA";2903953;"290395";"Bom Jesus da Serra";"Não";"-";"Outros";NA;NA;NA;NA;NA;NA;NA;NA;1;1;NA;1;1;1;NA;2;NA;1;NA;1;NA;1;2;NA;NA
29;"BA";2904001;"290400";"Boninal";"Não";"-";"Outros";NA;NA;NA;NA;NA;NA;1;NA;1;NA;NA;NA;NA;NA;NA;NA;NA;NA;NA;NA;NA;NA;NA;NA;NA
29;"BA";2904100;"290410";"Boquira";"Não";"-";"Outros";NA;NA;1;NA;NA;1;NA;NA;NA;NA;NA;NA;NA;NA;1;NA;NA;1;1;NA;NA;NA;NA;NA;NA
29;"BA";2904209;"290420";"Botuporã";"Não";"-";"Outros";NA;NA;NA;NA;NA;NA;NA;NA;NA;1;NA;NA;NA;NA;1;NA;NA;NA;NA;NA;NA;NA;NA;1;NA
29;"BA";2904308;"290430";"Brejões";"Não";"-";"Outros";NA;NA;NA;NA;1;1;NA;NA;NA;NA;NA;NA;1;NA;1;NA;NA;NA;NA;NA;1;1;NA;NA;NA
29;"BA";2904407;"290440";"Brejolândia";"Não";"-";"Outros";NA;NA;NA;NA;NA;NA;NA;NA;NA;NA;NA;NA;NA;NA;NA;NA;2;NA;NA;NA;NA;2;NA;NA;NA
29;"BA";2904506;"290450";"Brotas de Macaúbas";"Não";"-";"Outros";NA;NA;NA;NA;NA;NA;NA;NA;NA;NA;NA;NA;NA;NA;NA;NA;NA;NA;NA;1;NA;NA;NA;NA;NA
29;"BA";2904605;"290460";"Brumado";"Não";"-";"Outros";NA;NA;NA;NA;NA;1;NA;NA;NA;NA;3;4;NA;NA;NA;1;3;4;4;4;4;7;1;6;NA
29;"BA";2904704;"290470";"Buerarema";"Não";"-";"Outros";NA;NA;NA;1;1;NA;NA;NA;NA;NA;1;NA;NA;NA;NA;NA;NA;NA;NA;NA;NA;1;NA;NA;NA
29;"BA";2904803;"290480";"Caatiba";"Não";"-";"Outros";NA;NA;NA;NA;NA;NA;NA;NA;NA;NA;NA;1;NA;NA;NA;NA;2;NA;NA;NA;NA;1;NA;NA;NA
29;"BA";2904852;"290485";"Cabaceiras do Paraguaçu";"Não";"-";"Outros";NA;NA;1;NA;NA;NA;NA;NA;NA;NA;NA;1;NA;NA;1;NA;NA;2;NA;1;NA;NA;NA;NA;NA
29;"BA";2904902;"290490";"Cachoeira";"Não";"-";"Outros";NA;NA;NA;NA;NA;NA;NA;2;NA;NA;NA;NA;1;1;1;3;NA;NA;NA;1;2;2;1;2;NA
29;"BA";2905008;"290500";"Caculé";"Não";"-";"Outros";NA;NA;NA;NA;NA;NA;NA;NA;NA;NA;1;NA;NA;1;NA;NA;NA;NA;NA;NA;1;NA;NA;NA;NA
29;"BA";2905107;"290510";"Caém";"Não";"-";"Outros";NA;NA;NA;NA;NA;NA;NA;NA;NA;NA;NA;NA;NA;1;NA;NA;NA;NA;NA;NA;NA;NA;NA;NA;NA
29;"BA";2905156;"290515";"Caetanos";"Não";"-";"Outros";NA;NA;NA;NA;NA;NA;NA;NA;NA;NA;1;NA;NA;1;NA;2;NA;NA;NA;NA;1;NA;NA;NA;NA
29;"BA";2905206;"290520";"Caetité";"Não";"-";"Outros";NA;NA;NA;1;1;1;2;2;3;NA;2;NA;2;2;3;NA;2;NA;NA;2;NA;2;1;NA;NA
29;"BA";2905305;"290530";"Cafarnaum";"Não";"-";"Outros";NA;1;NA;NA;1;NA;NA;NA;NA;NA;NA;NA;NA;NA;NA;NA;NA;1;NA;2;NA;NA;NA;NA;NA
29;"BA";2905404;"290540";"Cairu";"Não";"-";"Outros";NA;NA;NA;NA;NA;NA;NA;1;NA;NA;NA;NA;NA;NA;NA;NA;NA;NA;NA;NA;NA;1;NA;NA;NA
29;"BA";2905503;"290550";"Caldeirão Grande";"Não";"-";"Outros";NA;NA;NA;NA;NA;NA;NA;NA;NA;NA;NA;NA;NA;NA;1;NA;1;NA;NA;2;NA;NA;NA;NA;NA
29;"BA";2905602;"290560";"Camacan";"Não";"-";"Outros";NA;NA;NA;NA;NA;NA;4;1;2;1;5;4;1;NA;NA;3;NA;2;NA;3;6;3;2;NA;NA
29;"BA";2905701;"290570";"Camaçari";"Não";"Região Metropolitana de Salvador";"Outros";1;NA;NA;1;1;6;18;7;5;6;10;12;10;2;8;4;7;5;6;10;10;9;12;18;NA
29;"BA";2905800;"290580";"Camamu";"Não";"-";"Outros";NA;NA;1;NA;NA;NA;NA;1;NA;4;1;NA;1;NA;NA;NA;NA;NA;NA;NA;NA;NA;NA;NA;NA
29;"BA";2905909;"290590";"Campo Alegre de Lourdes";"Não";"-";"Outros";NA;NA;NA;NA;NA;NA;NA;NA;NA;NA;1;NA;NA;NA;NA;NA;NA;NA;NA;NA;NA;NA;1;2;NA
29;"BA";2906006;"290600";"Campo Formoso";"Não";"-";"Outros";NA;1;NA;NA;NA;NA;1;NA;NA;1;3;2;NA;NA;NA;NA;1;3;NA;NA;NA;NA;NA;1;NA
29;"BA";2906105;"290610";"Canápolis";"Não";"-";"Outros";NA;NA;NA;NA;NA;NA;NA;NA;NA;NA;NA;NA;NA;NA;NA;NA;NA;NA;1;NA;NA;1;NA;NA;NA
29;"BA";2906204;"290620";"Canarana";"Não";"-";"Outros";NA;NA;NA;NA;NA;NA;NA;NA;NA;NA;NA;NA;NA;NA;NA;NA;NA;NA;NA;NA;NA;NA;1;NA;NA
29;"BA";2906303;"290630";"Canavieiras";"Não";"-";"Outros";NA;NA;NA;1;1;NA;1;1;NA;NA;NA;NA;1;NA;1;NA;NA;NA;NA;NA;1;NA;1;NA;NA
29;"BA";2906402;"290640";"Candeal";"Não";"Área de Expansão Metropolitana";"Outros";NA;NA;NA;NA;NA;NA;NA;NA;NA;NA;NA;NA;NA;NA;NA;2;NA;NA;NA;6;NA;1;3;2;NA
29;"BA";2906501;"290650";"Candeias";"Não";"Região Metropolitana de Salvador";"Outros";NA;NA;NA;NA;1;5;4;2;3;1;6;4;14;1;4;3;2;1;4;2;4;1;1;8;NA
29;"BA";2906600;"290660";"Candiba";"Não";"-";"Outros";NA;NA;NA;NA;NA;NA;NA;NA;NA;NA;NA;NA;NA;2;1;NA;NA;NA;1;NA;NA;NA;NA;NA;NA
29;"BA";2906709;"290670";"Cândido Sales";"Não";"-";"Outros";NA;NA;NA;NA;2;NA;NA;1;NA;NA;9;3;1;4;4;1;4;3;3;3;NA;2;5;1;NA
29;"BA";2906808;"290680";"Cansanção";"Não";"-";"Outros";NA;NA;NA;NA;NA;NA;NA;NA;NA;NA;NA;NA;NA;NA;NA;NA;2;2;2;1;NA;NA;NA;NA;NA
29;"BA";2906824;"290682";"Canudos";"Não";"-";"Outros";NA;NA;1;NA;NA;NA;NA;2;NA;NA;1;1;NA;3;NA;2;1;NA;NA;3;2;1;NA;NA;NA
29;"BA";2906857;"290685";"Capela do Alto Alegre";"Não";"-";"Outros";NA;1;NA;NA;NA;NA;NA;NA;NA;NA;NA;NA;NA;NA;NA;NA;NA;NA;NA;2;1;1;1;NA;NA
29;"BA";2906873;"290687";"Capim Grosso";"Não";"-";"Outros";NA;1;NA;NA;NA;1;NA;NA;NA;NA;NA;NA;NA;NA;NA;2;NA;NA;NA;3;1;NA;NA;1;NA
29;"BA";2906899;"290689";"Caraíbas";"Não";"-";"Outros";NA;NA;NA;NA;NA;NA;NA;NA;NA;1;3;2;NA;2;NA;2;3;NA;4;3;2;1;NA;NA;NA
29;"BA";2906907;"290690";"Caravelas";"Não";"-";"Outros";1;NA;NA;NA;1;NA;NA;2;NA;1;NA;2;1;7;NA;2;4;4;NA;2;5;4;6;5;NA
29;"BA";2907004;"290700";"Cardeal da Silva";"Não";"-";"Outros";NA;NA;NA;NA;1;NA;NA;NA;NA;NA;NA;1;NA;NA;NA;NA;NA;NA;NA;NA;NA;NA;NA;NA;NA
29;"BA";2907103;"290710";"Carinhanha";"Não";"-";"Outros";NA;NA;NA;NA;NA;NA;NA;NA;NA;NA;NA;NA;1;1;5;1;NA;NA;2;NA;2;1;NA;NA;NA
29;"BA";2907202;"290720";"Casa Nova";"Não";"Região Administrativa Integrada de Desenvolvimento do Polo Petrolina/PE e Juazeiro/BA";"Outros";NA;NA;1;NA;1;1;NA;2;2;2;1;1;9;1;2;2;7;1;5;2;2;4;9;4;NA
29;"BA";2907301;"290730";"Castro Alves";"Não";"-";"Outros";NA;NA;NA;NA;NA;NA;NA;1;NA;NA;NA;2;1;NA;1;2;1;1;NA;2;NA;NA;NA;NA;NA
29;"BA";2907400;"290740";"Catolândia";"Não";"-";"Outros";NA;NA;NA;NA;NA;NA;NA;NA;NA;NA;NA;NA;NA;NA;NA;NA;NA;1;NA;NA;NA;NA;NA;NA;NA
29;"BA";2907509;"290750";"Catu";"Não";"-";"Outros";NA;NA;NA;1;NA;NA;NA;1;NA;1;2;NA;2;NA;NA;NA;1;NA;NA;1;NA;1;2;NA;NA
29;"BA";2907558;"290755";"Caturama";"Não";"-";"Outros";NA;NA;NA;NA;NA;NA;NA;NA;NA;NA;NA;NA;NA;NA;NA;NA;1;1;NA;NA;1;NA;NA;NA;NA
29;"BA";2907707;"290770";"Chorrochó";"Não";"-";"Outros";NA;NA;NA;NA;NA;NA;NA;NA;1;3;2;NA;NA;2;NA;1;1;1;3;2;1;NA;2;NA;NA
29;"BA";2907806;"290780";"Cícero Dantas";"Não";"-";"Outros";NA;NA;NA;NA;NA;NA;NA;1;NA;NA;4;NA;NA;NA;NA;2;1;NA;NA;NA;NA;NA;NA;1;NA
29;"BA";2907905;"290790";"Cipó";"Não";"-";"Outros";NA;NA;NA;2;NA;1;NA;NA;NA;NA;NA;NA;NA;1;NA;NA;NA;NA;NA;NA;NA;NA;NA;NA;NA
29;"BA";2908002;"290800";"Coaraci";"Não";"-";"Outros";NA;NA;NA;NA;NA;NA;1;NA;NA;NA;NA;1;NA;NA;NA;NA;NA;NA;NA;NA;NA;1;1;1;NA
29;"BA";2908101;"290810";"Cocos";"Não";"-";"Outros";NA;NA;NA;NA;NA;NA;NA;NA;NA;2;NA;NA;NA;NA;NA;NA;1;NA;NA;1;NA;NA;NA;1;NA
29;"BA";2908200;"290820";"Conceição da Feira";"Não";"Região Metropolitana de Feira de Santana";"Outros";NA;NA;NA;NA;NA;NA;NA;NA;NA;1;NA;NA;NA;1;NA;NA;1;2;NA;1;1;1;1;1;NA
29;"BA";2908309;"290830";"Conceição do Almeida";"Não";"-";"Outros";NA;1;1;NA;NA;1;3;NA;1;NA;1;1;6;2;4;5;2;NA;1;2;NA;1;NA;NA;NA
29;"BA";2908408;"290840";"Conceição do Coité";"Não";"-";"Outros";NA;NA;NA;1;NA;3;NA;1;NA;NA;NA;1;2;1;NA;NA;1;1;5;5;6;6;7;7;NA
29;"BA";2908507;"290850";"Conceição do Jacuípe";"Não";"Região Metropolitana de Feira de Santana";"Outros";NA;NA;NA;NA;NA;NA;NA;1;NA;NA;1;NA;2;6;2;2;3;1;NA;5;6;3;2;2;NA
29;"BA";2908606;"290860";"Conde";"Não";"-";"Outros";NA;NA;NA;NA;NA;NA;NA;1;NA;1;1;1;NA;NA;NA;NA;1;NA;NA;NA;1;1;NA;NA;NA
29;"BA";2908705;"290870";"Condeúba";"Não";"-";"Outros";NA;NA;NA;NA;NA;NA;NA;NA;NA;NA;NA;NA;NA;NA;1;NA;NA;NA;1;1;2;2;1;NA;NA
29;"BA";2908804;"290880";"Contendas do Sincorá";"Não";"-";"Outros";NA;NA;NA;NA;NA;NA;NA;NA;NA;NA;NA;NA;NA;NA;NA;NA;NA;NA;NA;NA;NA;NA;NA;3;NA
29;"BA";2908903;"290890";"Coração de Maria";"Não";"Área de Expansão Metropolitana";"Outros";NA;NA;1;NA;NA;NA;NA;NA;NA;1;NA;NA;NA;NA;NA;3;2;2;NA;NA;1;1;1;1;NA
29;"BA";2909000;"290900";"Cordeiros";"Não";"-";"Outros";NA;NA;NA;NA;NA;NA;NA;NA;NA;NA;NA;NA;NA;NA;3;NA;NA;NA;NA;NA;NA;NA;1;NA;NA
29;"BA";2909109;"290910";"Coribe";"Não";"-";"Outros";NA;NA;NA;NA;NA;NA;NA;1;NA;NA;NA;NA;NA;NA;NA;NA;NA;2;1;NA;NA;2;NA;NA;NA
29;"BA";2909208;"290920";"Coronel João Sá";"Não";"-";"Outros";NA;NA;NA;NA;NA;NA;NA;NA;NA;NA;NA;NA;NA;NA;NA;NA;1;NA;NA;NA;NA;NA;1;NA;NA
29;"BA";2909307;"290930";"Correntina";"Não";"-";"Outros";NA;NA;1;NA;NA;NA;3;NA;NA;NA;2;1;NA;NA;NA;NA;18;6;4;9;4;3;1;NA;NA
29;"BA";2909406;"290940";"Cotegipe";"Não";"-";"Outros";NA;NA;NA;NA;NA;NA;NA;NA;NA;NA;NA;NA;NA;NA;NA;NA;1;NA;2;1;NA;NA;NA;NA;NA
29;"BA";2909505;"290950";"Cravolândia";"Não";"-";"Outros";NA;NA;NA;NA;NA;NA;1;1;1;NA;NA;NA;NA;NA;NA;NA;NA;NA;NA;NA;NA;NA;NA;NA;NA
29;"BA";2909604;"290960";"Crisópolis";"Não";"-";"Outros";NA;NA;NA;NA;NA;NA;NA;1;NA;1;NA;NA;1;3;1;NA;2;NA;NA;NA;1;NA;1;1;NA
29;"BA";2909703;"290970";"Cristópolis";"Não";"-";"Outros";NA;NA;NA;NA;NA;NA;NA;NA;NA;NA;NA;NA;NA;NA;NA;NA;9;5;1;2;2;4;2;NA;NA
29;"BA";2909802;"290980";"Cruz das Almas";"Não";"-";"Outros";NA;NA;1;NA;2;1;4;2;1;1;3;NA;2;1;6;4;2;1;3;2;NA;3;NA;3;NA
29;"BA";2909901;"290990";"Curaçá";"Não";"Região Administrativa Integrada de Desenvolvimento do Polo Petrolina/PE e Juazeiro/BA";"Outros";NA;NA;NA;NA;NA;3;NA;NA;NA;NA;3;NA;2;2;6;1;NA;NA;2;3;2;NA;2;2;NA
29;"BA";2910008;"291000";"Dário Meira";"Não";"-";"Outros";NA;NA;NA;NA;NA;NA;NA;NA;NA;NA;NA;NA;NA;NA;NA;NA;NA;1;NA;NA;NA;NA;NA;1;NA
29;"BA";2910057;"291005";"Dias d'Ávila";"Não";"Região Metropolitana de Salvador";"Outros";3;NA;NA;NA;NA;NA;1;1;NA;NA;NA;NA;3;NA;1;1;NA;NA;1;1;NA;1;1;1;NA
29;"BA";2910107;"291010";"Dom Basílio";"Não";"-";"Outros";NA;NA;NA;NA;NA;NA;NA;NA;NA;NA;1;NA;NA;1;NA;NA;1;NA;1;NA;NA;NA;NA;NA;NA
29;"BA";2910206;"291020";"Dom Macedo Costa";"Não";"-";"Outros";NA;NA;NA;NA;NA;NA;NA;NA;NA;NA;NA;NA;NA;NA;NA;NA;NA;NA;NA;NA;NA;NA;NA;NA;NA
29;"BA";2910305;"291030";"Elísio Medrado";"Não";"-";"Outros";1;NA;NA;NA;NA;NA;NA;1;NA;NA;1;NA;NA;1;NA;1;1;NA;NA;1;NA;NA;NA;NA;NA
29;"BA";2910404;"291040";"Encruzilhada";"Não";"-";"Outros";NA;NA;NA;NA;NA;4;1;NA;NA;NA;1;7;9;5;2;4;4;2;4;3;3;3;3;3;NA
29;"BA";2910503;"291050";"Entre Rios";"Não";"-";"Outros";NA;NA;1;NA;NA;NA;NA;1;NA;1;NA;1;1;2;NA;NA;1;1;NA;NA;NA;1;1;NA;NA
29;"BA";2910602;"291060";"Esplanada";"Não";"-";"Outros";NA;NA;NA;2;NA;NA;2;1;3;1;NA;NA;1;1;NA;NA;NA;NA;NA;NA;1;2;2;NA;NA
29;"BA";2910701;"291070";"Euclides da Cunha";"Não";"-";"Outros";1;NA;1;1;NA;2;NA;1;1;NA;NA;1;1;2;2;1;NA;1;NA;NA;NA;NA;1;NA;NA
29;"BA";2910727;"291072";"Eunápolis";"Não";"-";"Outros";NA;1;2;7;2;8;NA;4;NA;1;10;6;6;11;9;12;11;3;12;3;16;20;8;4;NA
29;"BA";2910750;"291075";"Fátima";"Não";"-";"Outros";NA;NA;NA;NA;1;NA;NA;1;NA;NA;NA;NA;1;NA;NA;NA;1;1;NA;NA;NA;NA;NA;NA;NA
29;"BA";2910776;"291077";"Feira da Mata";"Não";"-";"Outros";NA;NA;NA;NA;NA;NA;NA;NA;NA;NA;NA;NA;NA;NA;NA;NA;NA;NA;NA;NA;NA;1;NA;NA;NA
29;"BA";2910800;"291080";"Feira de Santana";"Não";"Região Metropolitana de Feira de Santana";"Outros";7;NA;1;1;2;1;12;19;20;9;21;24;31;36;46;17;13;23;9;6;38;57;73;136;NA
29;"BA";2910859;"291085";"Filadélfia";"Não";"-";"Outros";NA;NA;NA;NA;NA;NA;NA;NA;1;1;NA;1;NA;NA;1;NA;3;1;1;NA;NA;1;3;NA;NA
29;"BA";2910909;"291090";"Firmino Alves";"Não";"-";"Outros";NA;NA;NA;NA;NA;NA;NA;NA;NA;NA;NA;NA;NA;NA;1;NA;NA;NA;NA;NA;NA;NA;NA;1;NA
29;"BA";2911006;"291100";"Floresta Azul";"Não";"-";"Outros";NA;NA;NA;NA;NA;NA;1;NA;NA;NA;2;NA;1;2;1;NA;NA;NA;NA;NA;NA;NA;NA;NA;NA
29;"BA";2911105;"291110";"Formosa do Rio Preto";"Não";"-";"Outros";NA;NA;NA;NA;NA;1;NA;1;1;NA;NA;NA;NA;NA;NA;NA;2;9;2;1;NA;5;3;NA;NA
29;"BA";2911204;"291120";"Gandu";"Não";"-";"Outros";NA;NA;NA;NA;1;NA;1;1;1;NA;NA;2;1;1;NA;NA;NA;1;NA;NA;1;NA;NA;NA;NA
29;"BA";2911253;"291125";"Gavião";"Não";"-";"Outros";NA;NA;NA;NA;NA;NA;NA;NA;NA;NA;NA;NA;NA;NA;1;1;NA;NA;NA;NA;NA;NA;NA;NA;NA
29;"BA";2911402;"291140";"Glória";"Não";"-";"Outros";1;NA;NA;NA;NA;NA;NA;NA;NA;NA;NA;NA;NA;1;NA;1;NA;NA;NA;NA;1;NA;1;NA;NA
29;"BA";2911501;"291150";"Gongogi";"Não";"-";"Outros";NA;NA;NA;NA;NA;NA;NA;NA;NA;NA;NA;NA;NA;NA;NA;NA;NA;NA;NA;NA;NA;4;NA;NA;NA
29;"BA";2911600;"291160";"Governador Mangabeira";"Não";"-";"Outros";2;NA;NA;NA;NA;NA;1;4;NA;1;NA;NA;2;4;6;5;NA;3;1;3;5;NA;NA;NA;NA
29;"BA";2911659;"291165";"Guajeru";"Não";"-";"Outros";NA;NA;NA;NA;NA;NA;NA;NA;1;NA;1;NA;NA;NA;NA;NA;NA;NA;NA;NA;NA;NA;NA;1;NA
29;"BA";2911709;"291170";"Guanambi";"Não";"-";"Outros";NA;NA;1;NA;1;1;1;4;2;1;6;4;4;2;9;12;6;3;3;1;1;NA;3;5;NA
29;"BA";2911808;"291180";"Guaratinga";"Não";"-";"Outros";NA;NA;NA;NA;1;NA;NA;1;NA;NA;3;2;3;1;1;2;3;NA;NA;NA;NA;NA;NA;1;NA
29;"BA";2911857;"291185";"Heliópolis";"Não";"-";"Outros";NA;NA;NA;NA;NA;NA;NA;NA;NA;NA;NA;NA;NA;NA;NA;1;1;NA;NA;NA;NA;NA;NA;1;NA
29;"BA";2911907;"291190";"Iaçu";"Não";"-";"Outros";1;NA;NA;NA;2;NA;NA;1;NA;2;NA;NA;1;NA;3;1;1;3;5;1;4;3;3;2;NA
29;"BA";2912004;"291200";"Ibiassucê";"Não";"-";"Outros";NA;NA;NA;NA;NA;NA;NA;1;NA;NA;1;1;1;NA;NA;1;NA;NA;NA;NA;1;2;NA;1;NA
29;"BA";2912103;"291210";"Ibicaraí";"Não";"-";"Outros";NA;NA;NA;NA;NA;1;1;1;1;NA;NA;1;3;NA;NA;1;NA;NA;NA;NA;NA;1;NA;NA;NA
29;"BA";2912202;"291220";"Ibicoara";"Não";"-";"Outros";NA;NA;NA;NA;1;NA;NA;1;NA;NA;NA;NA;1;NA;NA;NA;1;NA;1;NA;NA;NA;3;1;NA
29;"BA";2912301;"291230";"Ibicuí";"Não";"-";"Outros";NA;NA;NA;NA;NA;NA;NA;1;1;NA;NA;NA;NA;NA;1;NA;NA;NA;NA;NA;NA;NA;NA;NA;NA
29;"BA";2912400;"291240";"Ibipeba";"Não";"-";"Outros";NA;NA;NA;NA;NA;NA;NA;NA;NA;NA;NA;NA;NA;NA;NA;NA;1;NA;NA;NA;NA;NA;NA;1;NA
29;"BA";2912509;"291250";"Ibipitanga";"Não";"-";"Outros";NA;NA;NA;NA;NA;NA;NA;NA;NA;NA;NA;NA;NA;NA;NA;NA;NA;NA;NA;NA;NA;NA;NA;NA;NA
29;"BA";2912608;"291260";"Ibiquera";"Não";"-";"Outros";NA;NA;NA;NA;NA;NA;NA;2;NA;NA;NA;NA;NA;NA;NA;NA;NA;NA;1;1;NA;NA;1;NA;NA
29;"BA";2912707;"291270";"Ibirapitanga";"Não";"-";"Outros";1;NA;NA;NA;NA;NA;3;3;2;2;10;4;1;NA;NA;NA;NA;1;1;5;NA;1;NA;NA;NA
29;"BA";2912806;"291280";"Ibirapuã";"Não";"-";"Outros";NA;NA;NA;NA;NA;NA;NA;NA;1;NA;1;NA;NA;1;1;1;1;1;1;NA;2;NA;3;2;NA
29;"BA";2912905;"291290";"Ibirataia";"Não";"-";"Outros";NA;NA;1;NA;1;1;NA;3;NA;NA;NA;NA;NA;NA;1;NA;NA;NA;NA;NA;NA;1;NA;NA;NA
29;"BA";2913002;"291300";"Ibitiara";"Não";"-";"Outros";1;NA;NA;NA;NA;1;NA;1;NA;2;NA;1;NA;NA;1;NA;NA;NA;NA;NA;NA;NA;NA;NA;NA
29;"BA";2913101;"291310";"Ibititá";"Não";"-";"Outros";NA;NA;NA;NA;NA;NA;NA;NA;NA;NA;NA;NA;NA;NA;NA;1;NA;NA;NA;NA;NA;NA;NA;NA;NA
29;"BA";2913200;"291320";"Ibotirama";"Não";"-";"Outros";NA;NA;NA;NA;1;NA;1;NA;NA;2;NA;1;NA;NA;NA;NA;4;3;NA;1;NA;2;1;NA;NA
29;"BA";2913309;"291330";"Ichu";"Não";"-";"Outros";NA;NA;NA;NA;NA;NA;NA;NA;NA;NA;NA;NA;NA;NA;1;NA;NA;NA;NA;NA;NA;NA;NA;NA;NA
29;"BA";2913408;"291340";"Igaporã";"Não";"-";"Outros";NA;NA;NA;NA;NA;NA;NA;NA;NA;NA;3;NA;NA;NA;NA;NA;NA;3;NA;NA;NA;2;NA;1;NA
29;"BA";2913457;"291345";"Igrapiúna";"Não";"-";"Outros";NA;NA;NA;NA;1;NA;NA;1;1;NA;NA;NA;NA;NA;NA;NA;1;NA;NA;2;NA;NA;NA;NA;NA
29;"BA";2913507;"291350";"Iguaí";"Não";"-";"Outros";NA;NA;NA;NA;NA;NA;NA;NA;1;NA;NA;1;NA;1;NA;2;NA;NA;NA;NA;NA;NA;NA;NA;NA
29;"BA";2913606;"291360";"Ilhéus";"Não";"-";"Outros";NA;NA;1;NA;NA;NA;NA;NA;1;4;2;3;6;1;2;1;NA;1;NA;3;1;1;NA;NA;NA
29;"BA";2913705;"291370";"Inhambupe";"Não";"-";"Outros";NA;NA;NA;NA;NA;NA;NA;NA;NA;NA;NA;NA;NA;1;2;NA;NA;NA;NA;NA;1;1;1;3;NA
29;"BA";2913804;"291380";"Ipecaetá";"Não";"Área de Expansão Metropolitana";"Outros";NA;NA;NA;NA;NA;NA;NA;NA;NA;NA;NA;NA;NA;1;1;NA;NA;1;NA;NA;NA;NA;2;1;NA
29;"BA";2913903;"291390";"Ipiaú";"Não";"-";"Outros";NA;NA;NA;1;NA;NA;NA;NA;1;NA;1;1;1;NA;1;NA;NA;1;NA;NA;1;NA;1;1;NA
29;"BA";2914000;"291400";"Ipirá";"Não";"-";"Outros";NA;NA;NA;1;NA;1;1;1;1;1;NA;NA;NA;NA;2;3;1;3;9;10;7;3;7;5;NA
29;"BA";2914208;"291420";"Irajuba";"Não";"-";"Outros";1;NA;NA;NA;NA;NA;NA;NA;NA;NA;1;NA;2;NA;1;1;1;3;NA;1;NA;NA;NA;3;NA
29;"BA";2914307;"291430";"Iramaia";"Não";"-";"Outros";NA;NA;NA;NA;NA;NA;NA;NA;NA;NA;NA;NA;NA;NA;NA;NA;NA;NA;NA;NA;NA;NA;NA;NA;NA
29;"BA";2914406;"291440";"Iraquara";"Não";"-";"Outros";NA;NA;NA;NA;NA;NA;NA;1;NA;2;NA;NA;NA;NA;NA;NA;NA;NA;NA;1;NA;NA;NA;NA;NA
29;"BA";2914505;"291450";"Irará";"Não";"Área de Expansão Metropolitana";"Outros";NA;NA;NA;NA;NA;NA;NA;NA;NA;NA;NA;NA;NA;NA;NA;NA;NA;NA;NA;NA;2;NA;NA;3;NA
29;"BA";2914604;"291460";"Irecê";"Não";"-";"Outros";NA;NA;NA;NA;NA;NA;NA;1;3;3;2;NA;NA;2;NA;1;3;1;1;1;NA;1;NA;5;NA
29;"BA";2914653;"291465";"Itabela";"Não";"-";"Outros";3;NA;NA;3;4;4;2;1;2;4;5;6;5;6;7;7;6;3;9;4;4;4;4;4;NA
29;"BA";2914703;"291470";"Itaberaba";"Não";"-";"Outros";NA;1;1;1;1;5;5;6;16;4;NA;NA;5;3;2;1;NA;4;5;10;4;6;2;8;NA
29;"BA";2914802;"291480";"Itabuna";"Não";"-";"Outros";2;NA;1;NA;10;8;18;10;10;8;14;16;13;12;11;12;6;6;1;9;10;18;13;9;NA
29;"BA";2914901;"291490";"Itacaré";"Não";"-";"Outros";NA;NA;1;NA;NA;NA;NA;NA;NA;NA;NA;NA;NA;NA;NA;NA;NA;NA;1;NA;NA;NA;NA;NA;NA
29;"BA";2915007;"291500";"Itaeté";"Não";"-";"Outros";NA;NA;NA;NA;1;NA;NA;NA;1;1;1;NA;NA;NA;NA;1;NA;1;NA;NA;1;1;1;2;NA
29;"BA";2915106;"291510";"Itagi";"Não";"-";"Outros";NA;NA;NA;NA;NA;NA;NA;1;NA;NA;1;1;NA;NA;NA;NA;NA;NA;NA;NA;NA;NA;NA;1;NA
29;"BA";2915205;"291520";"Itagibá";"Não";"-";"Outros";NA;NA;NA;NA;NA;NA;NA;NA;1;1;NA;NA;NA;NA;NA;NA;NA;NA;NA;NA;NA;NA;NA;NA;NA
29;"BA";2915304;"291530";"Itagimirim";"Não";"-";"Outros";NA;NA;2;NA;NA;NA;NA;NA;NA;1;1;4;4;NA;1;NA;NA;NA;NA;NA;2;1;1;5;NA
29;"BA";2915403;"291540";"Itaju do Colônia";"Não";"-";"Outros";NA;NA;NA;NA;NA;1;1;NA;NA;NA;NA;NA;NA;NA;NA;NA;NA;NA;NA;1;2;NA;NA;NA;NA
29;"BA";2915502;"291550";"Itajuípe";"Não";"-";"Outros";NA;NA;NA;NA;NA;1;NA;NA;1;1;NA;2;1;1;1;1;NA;NA;NA;NA;NA;NA;NA;1;NA
29;"BA";2915601;"291560";"Itamaraju";"Não";"-";"Outros";7;6;10;19;1;2;2;8;2;1;7;11;10;8;3;4;6;9;9;3;9;3;7;4;NA
29;"BA";2915700;"291570";"Itamari";"Não";"-";"Outros";NA;NA;1;NA;NA;NA;NA;NA;NA;NA;NA;NA;NA;NA;NA;NA;NA;NA;NA;NA;NA;NA;NA;NA;NA
29;"BA";2915809;"291580";"Itambé";"Não";"-";"Outros";NA;NA;NA;NA;NA;NA;NA;NA;NA;NA;NA;NA;2;NA;4;2;3;1;NA;NA;NA;NA;NA;2;NA
29;"BA";2915908;"291590";"Itanagra";"Não";"-";"Outros";NA;NA;NA;NA;NA;NA;NA;NA;NA;NA;NA;NA;NA;NA;NA;NA;NA;NA;NA;NA;1;NA;NA;NA;NA
29;"BA";2916005;"291600";"Itanhém";"Não";"-";"Outros";NA;NA;NA;NA;1;NA;NA;NA;NA;1;1;1;NA;NA;NA;NA;NA;NA;2;NA;1;2;2;NA;NA
29;"BA";2916104;"291610";"Itaparica";"Não";"Região Metropolitana de Salvador";"Outros";NA;NA;NA;NA;NA;3;1;NA;NA;NA;1;3;NA;NA;4;NA;2;NA;2;NA;3;NA;NA;NA;NA
29;"BA";2916203;"291620";"Itapé";"Não";"-";"Outros";NA;NA;NA;NA;NA;2;NA;NA;NA;1;1;1;NA;NA;NA;NA;NA;NA;NA;NA;NA;NA;NA;1;NA
29;"BA";2916302;"291630";"Itapebi";"Não";"-";"Outros";3;NA;NA;NA;NA;2;1;NA;3;10;1;3;1;1;9;NA;4;1;2;3;1;1;2;6;NA
29;"BA";2916401;"291640";"Itapetinga";"Não";"-";"Outros";NA;NA;2;NA;NA;1;NA;1;NA;NA;9;9;7;6;8;6;8;1;NA;NA;1;3;3;2;NA
29;"BA";2916500;"291650";"Itapicuru";"Não";"-";"Outros";NA;NA;NA;NA;1;NA;NA;NA;NA;NA;NA;NA;NA;NA;1;NA;NA;NA;1;NA;1;NA;1;1;NA
29;"BA";2916708;"291670";"Itaquara";"Não";"-";"Outros";NA;NA;NA;NA;1;NA;NA;NA;NA;NA;NA;NA;NA;NA;NA;NA;NA;NA;NA;NA;NA;NA;NA;1;NA
29;"BA";2916807;"291680";"Itarantim";"Não";"-";"Outros";NA;NA;NA;NA;NA;NA;NA;NA;NA;1;1;1;2;NA;2;3;1;NA;NA;NA;NA;NA;NA;1;NA
29;"BA";2916856;"291685";"Itatim";"Não";"-";"Outros";NA;NA;NA;NA;NA;2;1;2;NA;4;6;3;1;NA;NA;1;1;2;4;3;2;4;2;2;NA
29;"BA";2916906;"291690";"Itiruçu";"Não";"-";"Outros";NA;NA;NA;NA;NA;NA;1;NA;NA;NA;NA;NA;1;NA;NA;NA;NA;NA;NA;NA;NA;NA;NA;NA;NA
29;"BA";2917003;"291700";"Itiúba";"Não";"-";"Outros";NA;NA;NA;NA;NA;NA;NA;1;NA;NA;3;1;NA;NA;1;NA;NA;1;2;NA;NA;NA;NA;1;NA
29;"BA";2917102;"291710";"Itororó";"Não";"-";"Outros";NA;1;NA;1;2;NA;NA;NA;NA;NA;1;1;1;3;1;1;1;NA;NA;NA;NA;NA;NA;NA;NA
29;"BA";2917201;"291720";"Ituaçu";"Não";"-";"Outros";NA;NA;NA;NA;NA;NA;NA;NA;NA;NA;NA;1;NA;1;2;NA;NA;NA;4;1;1;NA;7;1;NA
29;"BA";2917300;"291730";"Ituberá";"Não";"-";"Outros";NA;NA;NA;NA;NA;1;1;1;NA;1;NA;NA;1;NA;NA;NA;1;1;NA;NA;1;NA;NA;NA;NA
29;"BA";2917334;"291733";"Iuiu";"Não";"-";"Outros";NA;NA;NA;NA;NA;1;NA;NA;1;1;NA;NA;NA;NA;NA;NA;1;NA;NA;NA;NA;NA;NA;NA;NA
29;"BA";2917359;"291735";"Jaborandi";"Não";"-";"Outros";NA;NA;NA;NA;NA;NA;NA;NA;NA;NA;1;NA;NA;NA;NA;NA;1;NA;NA;NA;NA;NA;NA;NA;NA
29;"BA";2917409;"291740";"Jacaraci";"Não";"-";"Outros";NA;NA;NA;1;NA;NA;NA;NA;NA;NA;1;NA;NA;NA;NA;NA;NA;NA;NA;NA;1;NA;NA;NA;NA
29;"BA";2917508;"291750";"Jacobina";"Não";"-";"Outros";NA;1;1;NA;1;1;2;NA;NA;2;1;NA;NA;1;6;3;3;1;NA;1;NA;NA;NA;1;NA
29;"BA";2917607;"291760";"Jaguaquara";"Não";"-";"Outros";NA;NA;NA;2;NA;2;1;2;2;1;2;NA;NA;1;1;2;1;2;2;NA;2;1;1;3;NA
29;"BA";2917706;"291770";"Jaguarari";"Não";"-";"Outros";NA;NA;NA;2;2;NA;NA;NA;NA;NA;NA;NA;NA;NA;NA;NA;7;3;NA;1;NA;1;NA;2;NA
29;"BA";2917805;"291780";"Jaguaripe";"Não";"-";"Outros";NA;NA;NA;NA;NA;NA;NA;NA;NA;1;1;1;NA;NA;NA;2;NA;3;4;3;1;1;NA;NA;NA
29;"BA";2917904;"291790";"Jandaíra";"Não";"-";"Outros";NA;NA;NA;NA;NA;NA;NA;NA;NA;NA;NA;NA;1;NA;NA;NA;NA;NA;NA;NA;NA;NA;NA;NA;NA
29;"BA";2918001;"291800";"Jequié";"Não";"-";"Outros";3;1;4;NA;2;6;4;2;11;4;14;2;5;3;7;1;3;1;2;2;2;4;2;3;NA
29;"BA";2918100;"291810";"Jeremoabo";"Não";"-";"Outros";NA;NA;NA;NA;NA;NA;1;1;1;1;NA;1;2;5;4;4;4;NA;2;2;1;1;5;1;NA
29;"BA";2918209;"291820";"Jiquiriçá";"Não";"-";"Outros";NA;NA;NA;1;NA;NA;2;NA;2;NA;NA;NA;NA;NA;NA;NA;NA;1;1;1;NA;NA;NA;NA;NA
29;"BA";2918308;"291830";"Jitaúna";"Não";"-";"Outros";NA;NA;NA;NA;NA;NA;NA;NA;NA;NA;NA;NA;NA;NA;NA;NA;NA;NA;NA;NA;NA;NA;NA;NA;NA
29;"BA";2918357;"291835";"João Dourado";"Não";"-";"Outros";NA;NA;NA;NA;NA;NA;NA;NA;NA;NA;NA;NA;NA;NA;NA;NA;NA;1;NA;NA;NA;NA;NA;NA;NA
29;"BA";2918407;"291840";"Juazeiro";"Não";"Região Administrativa Integrada de Desenvolvimento do Polo Petrolina/PE e Juazeiro/BA";"Outros";NA;1;4;15;10;16;11;4;10;23;12;17;14;13;8;7;6;9;4;4;5;12;11;13;NA
29;"BA";2918456;"291845";"Jucuruçu";"Não";"-";"Outros";NA;NA;NA;NA;NA;NA;1;NA;NA;NA;NA;NA;NA;2;3;NA;1;NA;NA;NA;1;1;NA;1;NA
29;"BA";2918555;"291855";"Jussari";"Não";"-";"Outros";NA;NA;NA;NA;NA;NA;NA;NA;NA;NA;NA;NA;1;NA;NA;NA;NA;NA;NA;NA;1;NA;NA;NA;NA
29;"BA";2918605;"291860";"Jussiape";"Não";"-";"Outros";NA;NA;NA;NA;NA;NA;NA;NA;NA;NA;NA;NA;NA;NA;NA;1;NA;NA;NA;NA;2;NA;NA;NA;NA
29;"BA";2918753;"291875";"Lagoa Real";"Não";"-";"Outros";NA;NA;NA;NA;NA;NA;NA;NA;NA;NA;NA;NA;NA;NA;NA;1;NA;NA;NA;NA;NA;NA;1;NA;NA
29;"BA";2918803;"291880";"Laje";"Não";"-";"Outros";NA;NA;1;NA;NA;1;NA;1;1;3;9;3;2;NA;5;6;NA;2;1;NA;NA;4;1;NA;NA
29;"BA";2918902;"291890";"Lajedão";"Não";"-";"Outros";NA;NA;1;NA;NA;1;NA;1;NA;NA;NA;NA;1;1;NA;1;NA;NA;NA;NA;NA;1;NA;NA;NA
29;"BA";2919009;"291900";"Lajedinho";"Não";"-";"Outros";NA;NA;NA;NA;NA;NA;NA;1;1;5;NA;NA;NA;NA;1;NA;NA;3;1;1;1;NA;NA;3;NA
29;"BA";2919058;"291905";"Lajedo do Tabocal";"Não";"-";"Outros";NA;NA;NA;NA;NA;NA;NA;NA;NA;NA;NA;NA;2;NA;NA;NA;NA;NA;NA;NA;NA;NA;NA;NA;NA
29;"BA";2919108;"291910";"Lamarão";"Não";"-";"Outros";NA;NA;NA;NA;NA;NA;NA;NA;NA;NA;NA;NA;NA;NA;NA;NA;NA;NA;1;NA;NA;3;NA;NA;NA
29;"BA";2919157;"291915";"Lapão";"Não";"-";"Outros";NA;NA;NA;NA;NA;NA;NA;NA;NA;NA;NA;NA;NA;NA;NA;NA;NA;NA;NA;NA;NA;1;NA;NA;NA
29;"BA";2919207;"291920";"Lauro de Freitas";"Não";"Região Metropolitana de Salvador";"Outros";NA;NA;NA;1;NA;2;6;2;2;NA;1;4;1;1;1;1;3;NA;2;3;NA;1;3;1;NA
29;"BA";2919306;"291930";"Lençóis";"Não";"-";"Outros";NA;NA;NA;NA;1;NA;NA;5;6;2;NA;1;NA;NA;NA;1;NA;3;4;6;3;2;NA;3;NA
29;"BA";2919405;"291940";"Licínio de Almeida";"Não";"-";"Outros";NA;NA;NA;NA;NA;NA;NA;NA;NA;NA;NA;1;NA;1;NA;NA;NA;NA;NA;1;NA;NA;NA;NA;NA
29;"BA";2919504;"291950";"Livramento de Nossa Senhora";"Não";"-";"Outros";NA;NA;NA;NA;NA;NA;1;1;1;NA;NA;NA;NA;NA;1;3;4;NA;4;1;NA;NA;NA;4;NA
29;"BA";2919553;"291955";"Luís Eduardo Magalhães";"Não";"-";"Outros";NA;NA;NA;NA;1;NA;NA;NA;NA;NA;NA;NA;NA;NA;NA;NA;19;8;6;8;8;12;4;1;NA
29;"BA";2919603;"291960";"Macajuba";"Não";"-";"Outros";NA;1;NA;NA;NA;NA;NA;NA;1;NA;NA;NA;NA;NA;NA;NA;NA;NA;2;1;NA;4;3;1;NA
29;"BA";2919702;"291970";"Macarani";"Não";"-";"Outros";NA;NA;NA;1;NA;NA;NA;2;NA;1;NA;NA;NA;NA;1;1;NA;1;NA;NA;NA;NA;NA;NA;NA
29;"BA";2919801;"291980";"Macaúbas";"Não";"-";"Outros";NA;NA;NA;1;1;NA;NA;NA;NA;NA;NA;NA;NA;NA;NA;NA;NA;NA;NA;1;1;2;NA;NA;NA
29;"BA";2919900;"291990";"Macururé";"Não";"-";"Outros";NA;NA;NA;NA;NA;NA;NA;NA;1;NA;1;NA;NA;NA;NA;NA;1;NA;NA;NA;NA;NA;NA;NA;NA
29;"BA";2919926;"291992";"Madre de Deus";"Não";"Região Metropolitana de Salvador";"Outros";NA;NA;NA;NA;NA;NA;NA;NA;NA;NA;NA;NA;NA;NA;NA;NA;NA;1;NA;NA;NA;NA;NA;NA;NA
29;"BA";2919959;"291995";"Maetinga";"Não";"-";"Outros";NA;NA;NA;NA;NA;NA;NA;NA;NA;NA;NA;NA;NA;NA;NA;NA;1;NA;NA;NA;1;NA;NA;NA;NA
29;"BA";2920007;"292000";"Maiquinique";"Não";"-";"Outros";NA;NA;NA;NA;NA;NA;NA;NA;NA;1;NA;1;1;1;NA;NA;NA;NA;NA;NA;NA;NA;NA;NA;NA
29;"BA";2920106;"292010";"Mairi";"Não";"-";"Outros";NA;NA;NA;NA;NA;NA;1;NA;NA;NA;NA;NA;NA;NA;NA;1;NA;NA;1;NA;NA;NA;NA;NA;NA
29;"BA";2920205;"292020";"Malhada";"Não";"-";"Outros";NA;NA;NA;NA;NA;NA;NA;NA;NA;NA;NA;NA;NA;1;2;NA;NA;NA;NA;NA;NA;NA;NA;NA;NA
29;"BA";2920304;"292030";"Malhada de Pedras";"Não";"-";"Outros";NA;NA;NA;2;NA;NA;NA;NA;NA;NA;NA;1;NA;NA;NA;NA;2;NA;NA;NA;NA;NA;NA;NA;NA
29;"BA";2920403;"292040";"Manoel Vitorino";"Não";"-";"Outros";NA;3;1;NA;NA;NA;1;NA;1;1;NA;NA;NA;NA;1;NA;1;NA;NA;NA;NA;NA;NA;1;NA
29;"BA";2920452;"292045";"Mansidão";"Não";"-";"Outros";NA;NA;NA;NA;NA;NA;NA;NA;NA;NA;NA;NA;NA;NA;NA;NA;NA;1;NA;NA;NA;NA;NA;NA;NA
29;"BA";2920502;"292050";"Maracás";"Não";"-";"Outros";NA;NA;1;NA;NA;1;NA;3;1;3;1;NA;NA;3;NA;NA;1;1;2;NA;NA;2;2;2;NA
29;"BA";2920601;"292060";"Maragogipe";"Não";"-";"Outros";NA;NA;NA;1;NA;NA;NA;NA;NA;NA;1;NA;2;NA;1;1;NA;1;1;NA;4;1;1;1;NA
29;"BA";2920700;"292070";"Maraú";"Não";"-";"Outros";NA;NA;NA;NA;NA;NA;NA;NA;NA;1;NA;1;NA;NA;NA;NA;NA;NA;NA;NA;NA;NA;NA;1;NA
29;"BA";2920809;"292080";"Marcionílio Souza";"Não";"-";"Outros";NA;NA;1;NA;NA;NA;NA;3;NA;2;NA;NA;NA;NA;NA;NA;NA;NA;NA;2;3;1;NA;NA;NA
29;"BA";2920908;"292090";"Mascote";"Não";"-";"Outros";NA;NA;NA;NA;NA;NA;1;NA;1;NA;7;5;7;5;1;1;1;NA;1;2;1;NA;1;4;NA
29;"BA";2921005;"292100";"Mata de São João";"Não";"Região Metropolitana de Salvador";"Outros";NA;NA;1;1;NA;1;1;NA;2;NA;NA;NA;1;3;2;NA;2;NA;1;7;NA;1;2;2;NA
29;"BA";2921054;"292105";"Matina";"Não";"-";"Outros";NA;NA;NA;NA;NA;NA;NA;1;NA;1;NA;NA;1;NA;NA;NA;NA;1;NA;NA;NA;NA;NA;NA;NA
29;"BA";2921104;"292110";"Medeiros Neto";"Não";"-";"Outros";NA;NA;NA;NA;1;2;NA;NA;NA;1;4;2;1;6;1;3;4;1;1;NA;2;1;2;4;NA
29;"BA";2921203;"292120";"Miguel Calmon";"Não";"-";"Outros";NA;2;NA;NA;NA;NA;NA;NA;NA;NA;NA;NA;NA;NA;NA;NA;NA;NA;NA;1;NA;NA;NA;NA;NA
29;"BA";2921302;"292130";"Milagres";"Não";"-";"Outros";1;NA;NA;NA;NA;NA;1;1;NA;NA;NA;NA;NA;NA;NA;NA;NA;2;NA;1;3;2;2;1;NA
29;"BA";2921401;"292140";"Mirangaba";"Não";"-";"Outros";NA;NA;NA;NA;NA;1;NA;NA;NA;NA;NA;NA;NA;NA;NA;NA;1;NA;NA;NA;NA;NA;NA;NA;NA
29;"BA";2921450;"292145";"Mirante";"Não";"-";"Outros";NA;NA;NA;NA;NA;NA;NA;NA;NA;NA;1;1;NA;NA;NA;NA;NA;1;NA;NA;NA;NA;NA;NA;NA
29;"BA";2921500;"292150";"Monte Santo";"Não";"-";"Outros";1;NA;NA;1;NA;NA;NA;NA;NA;1;NA;1;2;NA;NA;NA;2;NA;NA;NA;1;1;NA;1;NA
29;"BA";2921609;"292160";"Morpará";"Não";"-";"Outros";NA;NA;NA;NA;NA;NA;NA;NA;NA;NA;NA;NA;NA;NA;NA;NA;2;NA;1;NA;NA;NA;NA;NA;NA
29;"BA";2921708;"292170";"Morro do Chapéu";"Não";"-";"Outros";1;NA;NA;NA;NA;NA;NA;NA;NA;NA;NA;1;NA;NA;NA;NA;NA;NA;3;NA;NA;NA;1;NA;NA
29;"BA";2921807;"292180";"Mortugaba";"Não";"-";"Outros";NA;NA;NA;NA;NA;NA;1;NA;NA;NA;NA;NA;NA;NA;1;NA;3;1;NA;1;3;NA;1;NA;NA
29;"BA";2921906;"292190";"Mucugê";"Não";"-";"Outros";NA;1;NA;NA;NA;NA;1;1;NA;2;NA;NA;NA;NA;NA;NA;NA;NA;4;3;NA;NA;2;NA;NA
29;"BA";2922003;"292200";"Mucuri";"Não";"-";"Outros";2;1;1;1;NA;NA;1;2;4;3;10;1;6;6;1;4;9;4;NA;NA;5;8;12;2;NA
29;"BA";2922052;"292205";"Mulungu do Morro";"Não";"-";"Outros";NA;NA;NA;NA;NA;NA;NA;NA;NA;NA;NA;NA;NA;NA;NA;NA;NA;NA;NA;NA;NA;NA;1;NA;NA
29;"BA";2922102;"292210";"Mundo Novo";"Não";"-";"Outros";NA;NA;1;NA;NA;NA;NA;NA;NA;1;NA;NA;NA;NA;NA;NA;NA;NA;NA;NA;NA;NA;5;1;NA
29;"BA";2922201;"292220";"Muniz Ferreira";"Não";"-";"Outros";NA;NA;NA;NA;NA;NA;2;NA;NA;NA;NA;1;NA;NA;1;1;NA;1;2;NA;NA;1;NA;NA;NA
29;"BA";2922250;"292225";"Muquém do São Francisco";"Não";"-";"Outros";NA;NA;NA;NA;1;NA;NA;NA;NA;1;NA;NA;NA;NA;3;NA;2;1;1;2;NA;NA;1;1;NA
29;"BA";2922300;"292230";"Muritiba";"Não";"-";"Outros";NA;NA;NA;1;NA;NA;NA;NA;1;NA;NA;1;NA;1;1;2;2;2;2;NA;1;2;NA;NA;NA
29;"BA";2922409;"292240";"Mutuípe";"Não";"-";"Outros";NA;NA;NA;2;NA;3;NA;NA;NA;NA;NA;NA;1;1;NA;3;4;NA;NA;1;2;2;NA;NA;NA
29;"BA";2922508;"292250";"Nazaré";"Não";"-";"Outros";1;NA;NA;NA;NA;NA;NA;NA;1;1;6;NA;3;2;1;1;NA;6;2;NA;1;NA;1;1;NA
29;"BA";2922607;"292260";"Nilo Peçanha";"Não";"-";"Outros";NA;NA;NA;NA;NA;NA;NA;NA;NA;1;NA;NA;NA;NA;NA;NA;NA;NA;NA;NA;NA;NA;NA;NA;NA
29;"BA";2922656;"292265";"Nordestina";"Não";"-";"Outros";NA;NA;NA;NA;NA;NA;NA;NA;NA;1;1;NA;NA;NA;1;NA;NA;2;NA;NA;NA;NA;NA;NA;NA
29;"BA";2922706;"292270";"Nova Canaã";"Não";"-";"Outros";NA;NA;NA;NA;NA;NA;NA;1;NA;NA;1;NA;NA;NA;1;NA;NA;NA;NA;NA;NA;NA;NA;NA;NA
29;"BA";2922730;"292273";"Nova Fátima";"Não";"-";"Outros";1;NA;NA;NA;NA;NA;2;NA;1;NA;NA;NA;1;NA;NA;1;NA;NA;NA;1;1;2;5;3;NA
29;"BA";2922755;"292275";"Nova Ibiá";"Não";"-";"Outros";NA;NA;NA;NA;NA;NA;NA;NA;NA;NA;NA;NA;NA;NA;NA;1;NA;NA;NA;NA;NA;NA;NA;NA;NA
29;"BA";2922805;"292280";"Nova Itarana";"Não";"-";"Outros";NA;NA;NA;NA;2;NA;NA;NA;NA;1;1;NA;NA;NA;NA;1;NA;NA;NA;1;NA;NA;1;NA;NA
29;"BA";2922854;"292285";"Nova Redenção";"Não";"-";"Outros";NA;NA;NA;NA;NA;NA;NA;NA;NA;NA;NA;NA;NA;NA;NA;NA;NA;NA;NA;2;NA;NA;1;NA;NA
29;"BA";2922904;"292290";"Nova Soure";"Não";"-";"Outros";NA;NA;NA;1;1;NA;NA;NA;NA;NA;NA;2;1;1;NA;3;4;1;NA;NA;NA;NA;NA;NA;NA
29;"BA";2923001;"292300";"Nova Viçosa";"Não";"-";"Outros";1;NA;NA;1;1;1;1;3;5;3;6;3;7;3;NA;2;10;2;NA;1;6;6;8;5;NA
29;"BA";2923035;"292303";"Novo Horizonte";"Não";"-";"Outros";NA;NA;NA;NA;NA;NA;NA;NA;NA;NA;NA;NA;NA;NA;NA;NA;NA;NA;NA;1;NA;NA;NA;NA;NA
29;"BA";2923050;"292305";"Novo Triunfo";"Não";"-";"Outros";NA;NA;NA;NA;NA;NA;NA;NA;NA;1;NA;NA;NA;NA;NA;NA;NA;NA;NA;1;NA;1;NA;NA;NA
29;"BA";2923100;"292310";"Olindina";"Não";"-";"Outros";NA;NA;NA;1;NA;NA;1;1;NA;NA;NA;NA;NA;1;NA;NA;NA;1;1;NA;2;NA;3;NA;NA
29;"BA";2923209;"292320";"Oliveira dos Brejinhos";"Não";"-";"Outros";NA;NA;NA;NA;NA;1;NA;7;NA;1;NA;NA;NA;NA;NA;NA;3;NA;2;2;NA;2;NA;2;NA
29;"BA";2923308;"292330";"Ouriçangas";"Não";"-";"Outros";NA;NA;NA;NA;NA;NA;NA;NA;NA;NA;NA;NA;NA;NA;NA;NA;NA;NA;NA;1;NA;NA;NA;2;NA
29;"BA";2923357;"292335";"Ourolândia";"Não";"-";"Outros";NA;NA;NA;NA;NA;NA;NA;NA;NA;NA;NA;NA;NA;NA;NA;NA;3;NA;NA;1;NA;NA;NA;NA;NA
29;"BA";2923407;"292340";"Palmas de Monte Alto";"Não";"-";"Outros";NA;NA;NA;1;NA;NA;NA;NA;1;2;NA;1;NA;1;1;3;NA;NA;1;NA;NA;NA;1;NA;NA
29;"BA";2923506;"292350";"Palmeiras";"Não";"-";"Outros";1;NA;NA;NA;NA;1;NA;5;NA;3;NA;NA;NA;NA;NA;NA;NA;NA;1;1;NA;NA;NA;NA;NA
29;"BA";2923605;"292360";"Paramirim";"Não";"-";"Outros";NA;NA;NA;NA;NA;NA;NA;NA;NA;NA;NA;NA;NA;NA;NA;NA;1;1;2;NA;3;NA;1;3;NA
29;"BA";2923704;"292370";"Paratinga";"Não";"-";"Outros";NA;NA;NA;NA;NA;NA;NA;NA;NA;NA;NA;2;1;1;1;NA;6;1;NA;NA;1;1;NA;NA;NA
29;"BA";2923803;"292380";"Paripiranga";"Não";"-";"Outros";NA;NA;NA;NA;NA;NA;NA;NA;1;NA;NA;NA;1;1;NA;1;NA;NA;NA;NA;NA;NA;NA;NA;NA
29;"BA";2923902;"292390";"Pau Brasil";"Não";"-";"Outros";NA;NA;NA;NA;NA;NA;NA;NA;NA;NA;NA;NA;NA;NA;1;NA;NA;NA;NA;NA;NA;1;NA;1;NA
29;"BA";2924009;"292400";"Paulo Afonso";"Não";"-";"Outros";NA;1;NA;1;2;NA;2;1;1;5;5;6;5;8;3;6;4;6;1;5;1;2;3;NA;NA
29;"BA";2924058;"292405";"Pé de Serra";"Não";"-";"Outros";NA;NA;NA;NA;NA;NA;NA;NA;NA;NA;NA;1;NA;1;NA;NA;1;NA;1;NA;1;NA;1;NA;NA
29;"BA";2924108;"292410";"Pedrão";"Não";"-";"Outros";1;NA;NA;NA;NA;1;NA;NA;NA;NA;NA;NA;NA;NA;NA;NA;NA;NA;NA;NA;NA;NA;NA;NA;NA
29;"BA";2924207;"292420";"Pedro Alexandre";"Não";"-";"Outros";NA;NA;NA;NA;NA;NA;NA;NA;NA;NA;NA;1;NA;NA;NA;NA;NA;NA;NA;1;4;NA;3;NA;NA
29;"BA";2924306;"292430";"Piatã";"Não";"-";"Outros";NA;NA;NA;NA;NA;NA;NA;NA;NA;NA;NA;NA;NA;NA;NA;NA;NA;NA;NA;NA;1;NA;NA;1;NA
29;"BA";2924405;"292440";"Pilão Arcado";"Não";"-";"Outros";NA;NA;NA;NA;NA;NA;NA;NA;NA;NA;1;NA;2;3;3;NA;NA;NA;1;1;3;5;NA;5;NA
29;"BA";2924504;"292450";"Pindaí";"Não";"-";"Outros";NA;NA;NA;NA;NA;1;NA;NA;NA;NA;NA;NA;NA;1;1;1;1;NA;NA;NA;1;1;NA;1;NA
29;"BA";2924603;"292460";"Pindobaçu";"Não";"-";"Outros";NA;NA;NA;NA;NA;NA;NA;1;NA;NA;1;1;1;1;NA;NA;1;NA;1;NA;NA;NA;NA;NA;NA
29;"BA";2924652;"292465";"Pintadas";"Não";"-";"Outros";NA;NA;NA;NA;NA;NA;NA;NA;NA;NA;NA;NA;NA;NA;NA;NA;NA;1;NA;2;2;1;1;1;NA
29;"BA";2924678;"292467";"Piraí do Norte";"Não";"-";"Outros";NA;NA;NA;NA;NA;NA;NA;NA;NA;NA;1;NA;NA;NA;NA;NA;NA;NA;NA;NA;NA;NA;NA;NA;NA
29;"BA";2924702;"292470";"Piripá";"Não";"-";"Outros";NA;NA;NA;NA;NA;NA;NA;NA;NA;NA;NA;NA;2;2;NA;1;2;NA;NA;1;1;NA;NA;NA;NA
29;"BA";2924801;"292480";"Piritiba";"Não";"-";"Outros";NA;NA;NA;NA;NA;NA;NA;NA;NA;1;NA;NA;NA;NA;NA;NA;1;5;NA;NA;NA;NA;NA;NA;NA
29;"BA";2924900;"292490";"Planaltino";"Não";"-";"Outros";NA;NA;NA;NA;NA;NA;NA;NA;1;NA;1;NA;1;NA;NA;NA;NA;NA;NA;NA;NA;1;NA;NA;NA
29;"BA";2925006;"292500";"Planalto";"Não";"-";"Outros";1;NA;NA;NA;NA;NA;NA;NA;NA;NA;8;4;7;2;6;NA;1;5;1;2;NA;5;4;1;NA
29;"BA";2925105;"292510";"Poções";"Não";"-";"Outros";NA;1;NA;1;1;NA;NA;NA;NA;NA;5;5;6;4;2;7;11;4;3;6;4;3;6;NA;NA
29;"BA";2925204;"292520";"Pojuca";"Não";"Região Metropolitana de Salvador";"Outros";NA;NA;NA;2;1;NA;NA;NA;NA;NA;2;NA;NA;NA;NA;NA;NA;NA;NA;NA;NA;NA;4;2;NA
29;"BA";2925253;"292525";"Ponto Novo";"Não";"-";"Outros";NA;NA;NA;NA;NA;NA;NA;NA;NA;NA;1;3;1;NA;NA;NA;1;1;NA;NA;NA;NA;NA;NA;NA
29;"BA";2925303;"292530";"Porto Seguro";"Não";"-";"Outros";4;1;7;6;4;8;3;6;8;10;5;11;8;6;5;12;23;7;9;9;15;23;17;17;NA
29;"BA";2925402;"292540";"Potiraguá";"Não";"-";"Outros";NA;NA;NA;NA;NA;NA;NA;NA;NA;NA;NA;2;NA;1;2;2;5;NA;NA;NA;NA;NA;2;NA;NA
29;"BA";2925501;"292550";"Prado";"Não";"-";"Outros";4;2;2;4;NA;1;1;1;3;1;2;5;2;2;2;2;5;4;2;3;4;2;3;NA;NA
29;"BA";2925600;"292560";"Presidente Dutra";"Não";"-";"Outros";NA;NA;NA;NA;NA;NA;NA;NA;NA;1;NA;NA;NA;NA;NA;NA;NA;NA;NA;NA;NA;NA;NA;NA;NA
29;"BA";2925709;"292570";"Presidente Jânio Quadros";"Não";"-";"Outros";NA;NA;NA;NA;NA;NA;NA;NA;NA;NA;NA;NA;NA;NA;NA;NA;NA;NA;NA;NA;NA;NA;2;1;NA
29;"BA";2925758;"292575";"Presidente Tancredo Neves";"Não";"-";"Outros";NA;NA;NA;1;1;1;4;NA;1;2;6;1;NA;1;1;3;2;NA;NA;NA;NA;NA;1;NA;NA
29;"BA";2925808;"292580";"Queimadas";"Não";"-";"Outros";NA;NA;NA;NA;NA;NA;NA;NA;NA;1;NA;1;1;NA;1;3;NA;NA;2;NA;NA;NA;NA;NA;NA
29;"BA";2925907;"292590";"Quijingue";"Não";"-";"Outros";NA;NA;NA;NA;NA;NA;NA;NA;NA;NA;NA;NA;5;NA;NA;NA;NA;1;NA;NA;NA;NA;NA;1;NA
29;"BA";2925931;"292593";"Quixabeira";"Não";"-";"Outros";NA;NA;NA;NA;NA;NA;NA;NA;NA;NA;NA;NA;NA;NA;NA;NA;1;NA;NA;NA;NA;NA;NA;NA;NA
29;"BA";2925956;"292595";"Rafael Jambeiro";"Não";"-";"Outros";NA;NA;NA;2;2;1;1;3;6;2;NA;NA;NA;NA;1;NA;1;1;1;NA;NA;2;NA;2;NA
29;"BA";2926004;"292600";"Remanso";"Não";"-";"Outros";NA;NA;1;1;1;NA;1;NA;NA;3;NA;1;NA;3;1;NA;NA;1;1;2;NA;1;1;1;NA
29;"BA";2926103;"292610";"Retirolândia";"Não";"-";"Outros";NA;NA;NA;NA;NA;NA;NA;NA;NA;NA;NA;NA;NA;1;1;NA;NA;NA;1;1;1;3;6;1;NA
29;"BA";2926202;"292620";"Riachão das Neves";"Não";"-";"Outros";NA;NA;NA;NA;NA;NA;NA;NA;NA;NA;NA;NA;NA;NA;NA;NA;5;11;4;7;2;2;NA;NA;NA
29;"BA";2926301;"292630";"Riachão do Jacuípe";"Não";"Área de Expansão Metropolitana";"Outros";1;NA;1;NA;NA;NA;NA;NA;NA;NA;NA;3;3;3;4;1;NA;6;7;3;5;6;4;7;NA
29;"BA";2926400;"292640";"Riacho de Santana";"Não";"-";"Outros";NA;NA;NA;NA;NA;NA;NA;NA;NA;2;NA;1;NA;1;NA;NA;2;1;1;1;NA;5;NA;NA;NA
29;"BA";2926509;"292650";"Ribeira do Amparo";"Não";"-";"Outros";NA;NA;NA;NA;NA;NA;NA;NA;NA;NA;NA;NA;NA;NA;NA;NA;NA;1;NA;1;NA;NA;NA;NA;NA
29;"BA";2926608;"292660";"Ribeira do Pombal";"Não";"-";"Outros";NA;NA;NA;NA;NA;NA;NA;NA;NA;NA;1;NA;NA;3;2;2;1;1;2;1;NA;1;NA;3;NA
29;"BA";2926657;"292665";"Ribeirão do Largo";"Não";"-";"Outros";NA;NA;NA;NA;NA;NA;NA;NA;NA;NA;NA;NA;NA;1;NA;1;3;NA;NA;NA;2;NA;NA;NA;NA
29;"BA";2926707;"292670";"Rio de Contas";"Não";"-";"Outros";NA;NA;NA;NA;NA;NA;NA;NA;NA;NA;NA;NA;NA;1;NA;NA;NA;NA;NA;NA;NA;NA;NA;2;NA
29;"BA";2926806;"292680";"Rio do Antônio";"Não";"-";"Outros";NA;NA;NA;NA;NA;NA;NA;NA;NA;NA;NA;NA;1;NA;1;3;NA;NA;1;NA;1;NA;NA;NA;NA
29;"BA";2927002;"292700";"Rio Real";"Não";"-";"Outros";NA;NA;NA;2;NA;NA;NA;1;NA;NA;1;1;1;NA;3;NA;NA;NA;NA;1;2;1;1;NA;NA
29;"BA";2927101;"292710";"Rodelas";"Não";"-";"Outros";NA;NA;NA;NA;1;1;NA;NA;NA;NA;NA;NA;NA;NA;NA;NA;NA;NA;1;1;NA;1;NA;2;NA
29;"BA";2927200;"292720";"Ruy Barbosa";"Não";"-";"Outros";NA;NA;1;1;NA;1;NA;1;1;1;NA;NA;2;1;1;2;2;2;4;1;3;NA;4;2;NA
29;"BA";2927309;"292730";"Salinas da Margarida";"Não";"-";"Outros";NA;NA;NA;NA;NA;NA;NA;NA;NA;NA;NA;1;NA;NA;1;NA;NA;4;NA;NA;1;NA;NA;NA;NA
29;"BA";2927408;"292740";"Salvador";"Sim";"Região Metropolitana de Salvador";"Outros";49;20;24;16;13;76;109;72;40;29;76;51;52;38;27;11;26;18;11;41;37;22;30;37;NA
29;"BA";2927507;"292750";"Santa Bárbara";"Não";"Área de Expansão Metropolitana";"Outros";NA;NA;NA;NA;NA;NA;NA;NA;2;2;NA;1;NA;NA;NA;NA;2;1;NA;NA;NA;3;4;4;NA
29;"BA";2927606;"292760";"Santa Brígida";"Não";"-";"Outros";NA;NA;NA;NA;NA;NA;NA;1;NA;NA;1;NA;1;2;1;NA;2;2;NA;NA;NA;NA;NA;1;NA
29;"BA";2927705;"292770";"Santa Cruz Cabrália";"Não";"-";"Outros";NA;NA;NA;1;NA;1;NA;NA;NA;NA;NA;NA;NA;NA;1;1;NA;NA;1;2;3;1;3;NA;NA
29;"BA";2927804;"292780";"Santa Cruz da Vitória";"Não";"-";"Outros";NA;NA;NA;NA;NA;NA;NA;NA;NA;1;1;NA;2;NA;NA;1;NA;NA;NA;1;NA;NA;NA;NA;NA
29;"BA";2927903;"292790";"Santa Inês";"Não";"-";"Outros";NA;NA;NA;NA;NA;NA;NA;NA;1;NA;NA;NA;1;NA;NA;NA;NA;NA;NA;NA;1;NA;NA;NA;NA
29;"BA";2928000;"292800";"Santaluz";"Não";"-";"Outros";NA;NA;1;NA;NA;NA;NA;NA;NA;2;1;1;NA;NA;NA;1;1;1;4;3;6;3;4;5;NA
29;"BA";2928059;"292805";"Santa Luzia";"Não";"-";"Outros";NA;1;NA;NA;NA;NA;NA;NA;NA;NA;NA;NA;NA;1;1;NA;NA;NA;1;NA;1;1;NA;NA;NA
29;"BA";2928109;"292810";"Santa Maria da Vitória";"Não";"-";"Outros";NA;NA;NA;NA;NA;1;NA;NA;NA;1;2;NA;NA;NA;NA;NA;3;4;NA;NA;2;3;NA;NA;NA
29;"BA";2928208;"292820";"Santana";"Não";"-";"Outros";NA;NA;NA;NA;NA;1;NA;NA;NA;NA;NA;NA;NA;NA;NA;NA;NA;NA;NA;1;NA;NA;NA;NA;NA
29;"BA";2928307;"292830";"Santanópolis";"Não";"Área de Expansão Metropolitana";"Outros";NA;NA;NA;NA;NA;NA;NA;NA;NA;NA;NA;NA;NA;NA;NA;NA;1;2;NA;NA;NA;NA;NA;NA;NA
29;"BA";2928406;"292840";"Santa Rita de Cássia";"Não";"-";"Outros";NA;NA;NA;NA;NA;NA;NA;NA;NA;NA;1;NA;NA;NA;NA;NA;5;4;1;1;3;1;1;NA;NA
29;"BA";2928505;"292850";"Santa Terezinha";"Não";"-";"Outros";NA;NA;NA;NA;NA;2;NA;NA;NA;NA;2;2;6;6;2;5;4;NA;1;5;NA;1;NA;1;NA
29;"BA";2928604;"292860";"Santo Amaro";"Não";"-";"Outros";NA;NA;NA;NA;NA;NA;NA;NA;NA;NA;NA;1;1;1;3;7;1;1;NA;3;4;6;3;1;NA
29;"BA";2928703;"292870";"Santo Antônio de Jesus";"Não";"-";"Outros";1;NA;1;2;1;3;7;1;3;14;14;14;18;18;26;19;15;17;15;15;17;12;4;5;NA
29;"BA";2928802;"292880";"Santo Estêvão";"Não";"-";"Outros";NA;NA;NA;NA;NA;NA;1;NA;1;1;1;2;NA;NA;5;NA;NA;2;2;NA;1;4;NA;5;NA
29;"BA";2928901;"292890";"São Desidério";"Não";"-";"Outros";NA;1;NA;1;1;NA;NA;NA;NA;NA;NA;NA;NA;NA;NA;NA;11;18;5;7;4;4;6;12;NA
29;"BA";2928950;"292895";"São Domingos";"Não";"-";"Outros";1;NA;NA;NA;NA;NA;NA;NA;NA;NA;NA;2;2;1;3;NA;NA;NA;NA;1;1;NA;NA;NA;NA
29;"BA";2929008;"292900";"São Félix";"Não";"-";"Outros";NA;NA;NA;NA;NA;NA;NA;1;NA;NA;1;NA;1;1;1;NA;3;NA;NA;1;NA;NA;NA;NA;NA
29;"BA";2929057;"292905";"São Félix do Coribe";"Não";"-";"Outros";NA;NA;NA;NA;NA;NA;1;1;NA;NA;NA;NA;NA;NA;NA;NA;1;NA;1;2;3;1;NA;1;NA
29;"BA";2929107;"292910";"São Felipe";"Não";"-";"Outros";NA;NA;NA;NA;1;NA;1;NA;NA;1;NA;NA;1;2;NA;2;1;1;NA;NA;NA;1;NA;NA;NA
29;"BA";2929206;"292920";"São Francisco do Conde";"Não";"Região Metropolitana de Salvador";"Outros";NA;NA;1;NA;NA;NA;NA;NA;1;NA;2;NA;NA;2;NA;6;1;NA;NA;NA;NA;NA;2;1;NA
29;"BA";2929255;"292925";"São Gabriel";"Não";"-";"Outros";NA;NA;NA;NA;NA;NA;NA;1;NA;NA;NA;NA;NA;NA;NA;NA;NA;NA;NA;NA;NA;NA;NA;NA;NA
29;"BA";2929305;"292930";"São Gonçalo dos Campos";"Não";"Região Metropolitana de Feira de Santana";"Outros";NA;NA;NA;NA;1;NA;NA;2;NA;1;1;NA;1;NA;1;NA;NA;NA;NA;NA;2;4;1;8;NA
29;"BA";2929354;"292935";"São José da Vitória";"Não";"-";"Outros";NA;NA;NA;NA;NA;NA;3;NA;1;NA;NA;1;1;NA;NA;3;NA;NA;NA;NA;1;NA;NA;1;NA
29;"BA";2929370;"292937";"São José do Jacuípe";"Não";"-";"Outros";NA;NA;NA;NA;NA;NA;NA;NA;NA;NA;NA;NA;NA;NA;NA;NA;NA;NA;1;NA;NA;NA;NA;NA;NA
29;"BA";2929404;"292940";"São Miguel das Matas";"Não";"-";"Outros";NA;NA;NA;NA;NA;NA;NA;NA;1;NA;NA;1;NA;NA;NA;NA;NA;NA;NA;NA;1;1;NA;NA;NA
29;"BA";2929503;"292950";"São Sebastião do Passé";"Não";"Região Metropolitana de Salvador";"Outros";NA;NA;NA;NA;NA;1;NA;NA;2;NA;3;3;3;NA;3;NA;4;6;NA;NA;1;NA;1;2;NA
29;"BA";2929602;"292960";"Sapeaçu";"Não";"-";"Outros";NA;NA;NA;NA;NA;NA;NA;NA;NA;NA;1;2;2;1;1;NA;NA;6;1;3;1;3;NA;NA;NA
29;"BA";2929701;"292970";"Sátiro Dias";"Não";"-";"Outros";NA;NA;1;NA;NA;1;1;NA;NA;NA;NA;NA;NA;NA;NA;NA;1;1;NA;2;NA;NA;3;NA;NA
29;"BA";2929750;"292975";"Saubara";"Não";"-";"Outros";NA;NA;NA;NA;NA;NA;NA;NA;1;NA;NA;NA;NA;NA;1;NA;1;NA;NA;NA;1;NA;1;NA;NA
29;"BA";2929800;"292980";"Saúde";"Não";"-";"Outros";1;NA;NA;NA;NA;NA;NA;NA;NA;NA;NA;NA;NA;NA;NA;NA;2;1;NA;NA;NA;NA;NA;NA;NA
29;"BA";2929909;"292990";"Seabra";"Não";"-";"Outros";3;NA;1;NA;2;3;NA;2;1;4;1;NA;1;NA;NA;NA;NA;2;2;5;1;2;4;8;NA
29;"BA";2930006;"293000";"Sebastião Laranjeiras";"Não";"-";"Outros";NA;NA;NA;NA;NA;1;NA;NA;NA;NA;NA;NA;NA;1;NA;NA;NA;NA;NA;NA;NA;NA;1;NA;NA
29;"BA";2930105;"293010";"Senhor do Bonfim";"Não";"-";"Outros";1;NA;NA;NA;1;NA;NA;NA;NA;1;1;3;NA;1;1;2;3;5;3;1;NA;NA;NA;NA;NA
29;"BA";2930154;"293015";"Serra do Ramalho";"Não";"-";"Outros";NA;NA;NA;NA;NA;NA;NA;NA;NA;NA;1;NA;NA;NA;NA;NA;2;1;2;NA;1;2;NA;NA;NA
29;"BA";2930204;"293020";"Sento Sé";"Não";"-";"Outros";NA;NA;NA;NA;1;1;NA;NA;1;NA;NA;NA;2;3;1;4;NA;NA;NA;1;NA;NA;1;2;NA
29;"BA";2930303;"293030";"Serra Dourada";"Não";"-";"Outros";NA;NA;NA;NA;NA;NA;NA;NA;NA;NA;NA;NA;NA;NA;NA;NA;2;NA;NA;NA;NA;NA;NA;NA;NA
29;"BA";2930402;"293040";"Serra Preta";"Não";"Área de Expansão Metropolitana";"Outros";NA;NA;NA;NA;NA;NA;1;1;NA;NA;NA;NA;NA;NA;NA;NA;1;NA;1;NA;NA;1;2;3;NA
29;"BA";2930501;"293050";"Serrinha";"Não";"-";"Outros";NA;NA;NA;NA;NA;1;NA;NA;NA;1;NA;6;1;2;2;2;NA;6;4;13;10;10;6;9;NA
29;"BA";2930600;"293060";"Serrolândia";"Não";"-";"Outros";NA;NA;NA;NA;NA;NA;NA;NA;1;NA;NA;NA;NA;NA;NA;NA;NA;NA;NA;NA;NA;NA;NA;NA;NA
29;"BA";2930709;"293070";"Simões Filho";"Não";"Região Metropolitana de Salvador";"Outros";NA;3;1;1;4;2;6;3;10;3;1;2;3;1;3;4;3;NA;6;1;3;1;7;4;NA
29;"BA";2930758;"293075";"Sítio do Mato";"Não";"-";"Outros";NA;NA;NA;NA;NA;1;NA;NA;NA;NA;NA;NA;NA;NA;NA;NA;4;NA;NA;1;NA;NA;NA;NA;NA
29;"BA";2930766;"293076";"Sítio do Quinto";"Não";"-";"Outros";NA;NA;1;NA;NA;NA;NA;NA;NA;NA;NA;NA;NA;NA;NA;NA;NA;NA;NA;4;NA;1;NA;1;NA
29;"BA";2930774;"293077";"Sobradinho";"Não";"Região Administrativa Integrada de Desenvolvimento do Polo Petrolina/PE e Juazeiro/BA";"Outros";NA;NA;1;2;NA;1;3;NA;NA;NA;1;1;1;1;2;2;NA;2;NA;NA;NA;1;3;1;NA
29;"BA";2930808;"293080";"Souto Soares";"Não";"-";"Outros";1;NA;NA;NA;NA;NA;NA;NA;NA;NA;NA;NA;NA;NA;NA;1;NA;NA;1;NA;NA;NA;NA;NA;NA
29;"BA";2930907;"293090";"Tabocas do Brejo Velho";"Não";"-";"Outros";NA;NA;NA;NA;NA;1;NA;NA;NA;NA;NA;NA;NA;NA;NA;NA;NA;2;NA;NA;NA;NA;NA;NA;NA
29;"BA";2931004;"293100";"Tanhaçu";"Não";"-";"Outros";NA;NA;NA;NA;NA;NA;NA;1;NA;NA;1;1;NA;1;NA;NA;2;NA;NA;NA;NA;NA;NA;2;NA
29;"BA";2931053;"293105";"Tanque Novo";"Não";"-";"Outros";NA;NA;NA;NA;NA;NA;NA;NA;NA;NA;NA;NA;NA;NA;1;NA;NA;NA;NA;NA;NA;NA;NA;NA;NA
29;"BA";2931103;"293110";"Tanquinho";"Não";"Região Metropolitana de Feira de Santana";"Outros";NA;NA;NA;NA;NA;NA;NA;NA;NA;NA;NA;3;NA;NA;1;NA;NA;4;NA;NA;4;1;1;NA;NA
29;"BA";2931202;"293120";"Taperoá";"Não";"-";"Outros";NA;NA;NA;NA;NA;NA;NA;NA;NA;NA;1;NA;NA;NA;NA;NA;NA;NA;NA;NA;NA;1;NA;NA;NA
29;"BA";2931301;"293130";"Tapiramutá";"Não";"-";"Outros";NA;NA;NA;NA;NA;NA;NA;NA;NA;NA;NA;NA;NA;NA;NA;NA;1;NA;NA;NA;NA;NA;NA;NA;NA
29;"BA";2931350;"293135";"Teixeira de Freitas";"Não";"-";"Outros";10;7;4;3;6;9;7;6;18;22;24;28;14;21;9;25;30;15;6;7;15;29;30;20;NA
29;"BA";2931400;"293140";"Teodoro Sampaio";"Não";"-";"Outros";NA;NA;NA;NA;NA;NA;NA;NA;NA;NA;NA;NA;NA;NA;NA;NA;NA;NA;NA;1;2;2;NA;3;NA
29;"BA";2931509;"293150";"Teofilândia";"Não";"-";"Outros";NA;NA;1;NA;NA;NA;NA;NA;NA;1;NA;NA;NA;1;2;1;NA;1;2;1;3;4;3;4;NA
29;"BA";2931608;"293160";"Teolândia";"Não";"-";"Outros";NA;NA;NA;1;NA;1;1;1;1;2;1;NA;NA;NA;NA;NA;NA;NA;NA;NA;NA;NA;NA;NA;NA
29;"BA";2931707;"293170";"Terra Nova";"Não";"-";"Outros";NA;NA;NA;NA;NA;NA;NA;NA;NA;NA;NA;NA;NA;NA;NA;NA;NA;NA;NA;2;1;NA;1;NA;NA
29;"BA";2931806;"293180";"Tremedal";"Não";"-";"Outros";NA;NA;NA;NA;NA;NA;NA;NA;NA;NA;1;2;NA;1;NA;3;1;2;NA;1;NA;NA;NA;1;NA
29;"BA";2931905;"293190";"Tucano";"Não";"-";"Outros";NA;NA;NA;NA;NA;NA;NA;NA;2;1;NA;2;4;2;1;NA;NA;NA;NA;NA;1;NA;1;3;NA
29;"BA";2932002;"293200";"Uauá";"Não";"-";"Outros";NA;NA;NA;NA;NA;NA;NA;NA;NA;NA;NA;NA;1;1;1;1;1;1;1;NA;2;1;2;NA;NA
29;"BA";2932101;"293210";"Ubaíra";"Não";"-";"Outros";NA;1;NA;NA;NA;2;1;NA;NA;3;3;NA;1;1;1;1;2;NA;5;1;1;NA;NA;NA;NA
29;"BA";2932200;"293220";"Ubaitaba";"Não";"-";"Outros";NA;NA;NA;NA;NA;NA;NA;NA;1;2;7;5;NA;NA;1;NA;NA;NA;NA;NA;NA;NA;NA;NA;NA
29;"BA";2932309;"293230";"Ubatã";"Não";"-";"Outros";NA;NA;NA;NA;NA;NA;NA;NA;NA;1;1;NA;NA;NA;NA;1;NA;NA;NA;NA;NA;NA;NA;NA;NA
29;"BA";2932507;"293250";"Una";"Não";"-";"Outros";NA;NA;NA;NA;NA;NA;NA;NA;NA;1;3;NA;NA;NA;NA;NA;1;1;NA;NA;NA;NA;NA;NA;NA
29;"BA";2932606;"293260";"Urandi";"Não";"-";"Outros";NA;NA;1;NA;NA;NA;NA;1;NA;NA;NA;1;NA;NA;1;1;NA;NA;NA;NA;NA;2;NA;1;NA
29;"BA";2932705;"293270";"Uruçuca";"Não";"-";"Outros";NA;NA;NA;NA;NA;NA;NA;NA;NA;1;1;NA;NA;NA;NA;NA;NA;NA;NA;5;NA;NA;NA;NA;NA
29;"BA";2932804;"293280";"Utinga";"Não";"-";"Outros";NA;NA;NA;NA;1;1;1;2;NA;NA;NA;NA;NA;NA;NA;NA;NA;1;NA;2;1;3;2;1;NA
29;"BA";2932903;"293290";"Valença";"Não";"-";"Outros";1;NA;1;NA;NA;3;3;1;1;1;NA;NA;3;NA;NA;NA;1;NA;2;1;NA;NA;NA;NA;NA
29;"BA";2933000;"293300";"Valente";"Não";"-";"Outros";NA;NA;NA;NA;NA;NA;NA;NA;NA;NA;NA;NA;1;NA;NA;1;NA;1;NA;1;2;4;4;1;NA
29;"BA";2933059;"293305";"Várzea da Roça";"Não";"-";"Outros";NA;NA;NA;NA;NA;NA;NA;NA;NA;NA;NA;NA;NA;NA;NA;NA;NA;NA;NA;NA;NA;NA;NA;NA;NA
29;"BA";2933109;"293310";"Várzea do Poço";"Não";"-";"Outros";NA;NA;NA;NA;1;NA;NA;NA;NA;NA;NA;NA;NA;NA;NA;2;NA;NA;NA;NA;NA;NA;NA;NA;NA
29;"BA";2933158;"293315";"Várzea Nova";"Não";"-";"Outros";NA;NA;NA;NA;NA;NA;NA;NA;NA;NA;NA;NA;NA;NA;NA;NA;1;1;NA;NA;NA;NA;NA;NA;NA
29;"BA";2933174;"293317";"Varzedo";"Não";"-";"Outros";NA;NA;NA;NA;NA;NA;NA;NA;NA;NA;NA;1;NA;1;NA;2;NA;NA;NA;1;NA;NA;NA;NA;NA
29;"BA";2933208;"293320";"Vera Cruz";"Não";"Região Metropolitana de Salvador";"Outros";NA;NA;1;NA;NA;4;NA;2;NA;1;1;NA;2;2;3;3;1;2;2;3;2;NA;3;3;NA
29;"BA";2933257;"293325";"Vereda";"Não";"-";"Outros";NA;NA;NA;NA;NA;NA;NA;2;NA;NA;NA;NA;1;NA;NA;1;NA;NA;NA;NA;NA;NA;NA;1;NA
29;"BA";2933307;"293330";"Vitória da Conquista";"Não";"-";"Outros";7;5;7;6;8;7;5;3;3;5;55;56;64;64;80;66;64;68;48;39;39;53;42;37;NA
29;"BA";2933406;"293340";"Wagner";"Não";"-";"Outros";NA;NA;NA;NA;NA;NA;NA;NA;NA;2;NA;NA;NA;NA;NA;NA;NA;1;1;NA;4;NA;NA;NA;NA
29;"BA";2933455;"293345";"Wanderley";"Não";"-";"Outros";NA;NA;NA;NA;NA;NA;NA;NA;NA;NA;NA;NA;NA;NA;NA;NA;2;2;2;1;1;2;1;NA;NA
29;"BA";2933505;"293350";"Wenceslau Guimarães";"Não";"-";"Outros";NA;NA;NA;NA;NA;NA;NA;NA;NA;1;1;1;NA;NA;NA;NA;1;NA;2;NA;NA;NA;1;NA;NA
29;"BA";2933604;"293360";"Xique-Xique";"Não";"-";"Outros";NA;NA;1;NA;NA;NA;NA;NA;NA;NA;NA;NA;NA;NA;NA;NA;NA;1;NA;1;NA;NA;NA;1;NA
31;"MG";3100104;"310010";"Abadia dos Dourados";"Não";"-";"Outros";NA;NA;NA;NA;NA;NA;NA;NA;NA;NA;NA;NA;NA;NA;NA;NA;NA;NA;NA;2;1;NA;NA;NA;NA
31;"MG";3100203;"310020";"Abaeté";"Não";"-";"Outros";NA;NA;NA;NA;NA;NA;NA;NA;NA;2;NA;NA;NA;NA;NA;NA;NA;NA;NA;NA;NA;NA;NA;1;NA
31;"MG";3100302;"310030";"Abre Campo";"Não";"-";"Outros";NA;NA;NA;NA;NA;NA;NA;NA;NA;NA;NA;1;NA;NA;NA;NA;NA;NA;NA;NA;NA;NA;NA;NA;NA
31;"MG";3100401;"310040";"Acaiaca";"Não";"-";"Outros";NA;NA;NA;NA;NA;NA;NA;2;NA;NA;NA;NA;NA;2;NA;NA;NA;NA;NA;NA;NA;NA;NA;NA;NA
31;"MG";3100500;"310050";"Açucena";"Não";"Colar Metropolitano";"Outros";NA;NA;NA;NA;NA;NA;NA;NA;NA;NA;NA;NA;1;NA;1;NA;NA;NA;NA;2;NA;1;1;NA;NA
31;"MG";3100609;"310060";"Água Boa";"Não";"-";"Outros";1;4;NA;NA;NA;NA;NA;NA;NA;1;NA;NA;NA;NA;2;NA;NA;NA;2;NA;NA;NA;NA;1;NA
31;"MG";3100708;"310070";"Água Comprida";"Não";"-";"Outros";NA;NA;NA;NA;NA;NA;1;1;NA;NA;NA;NA;NA;NA;NA;NA;NA;NA;NA;NA;NA;NA;NA;NA;NA
31;"MG";3100807;"310080";"Aguanil";"Não";"-";"Outros";NA;NA;NA;1;NA;NA;NA;1;NA;NA;NA;NA;NA;NA;NA;NA;NA;NA;NA;NA;NA;NA;NA;NA;NA
31;"MG";3100906;"310090";"Águas Formosas";"Não";"-";"Outros";NA;NA;1;1;NA;NA;NA;NA;NA;NA;NA;1;1;1;NA;NA;NA;1;3;1;2;1;NA;NA;NA
31;"MG";3101003;"310100";"Águas Vermelhas";"Não";"-";"Outros";NA;NA;NA;NA;NA;NA;NA;NA;NA;NA;NA;NA;NA;NA;NA;NA;NA;NA;1;NA;NA;NA;NA;NA;NA
31;"MG";3101102;"310110";"Aimorés";"Não";"-";"Outros";2;NA;NA;NA;NA;NA;NA;1;NA;NA;1;NA;5;NA;1;NA;1;2;NA;NA;NA;NA;NA;1;NA
31;"MG";3101201;"310120";"Aiuruoca";"Não";"-";"Outros";NA;NA;1;NA;NA;NA;NA;NA;NA;NA;NA;NA;NA;NA;NA;NA;NA;NA;NA;NA;NA;1;2;1;NA
31;"MG";3101300;"310130";"Alagoa";"Não";"-";"Outros";NA;NA;NA;NA;NA;NA;NA;NA;NA;NA;NA;NA;NA;NA;NA;NA;NA;NA;NA;NA;NA;1;NA;NA;NA
31;"MG";3101508;"310150";"Além Paraíba";"Não";"-";"Outros";NA;1;1;1;NA;NA;NA;NA;NA;NA;1;NA;NA;NA;1;NA;NA;NA;2;2;NA;1;1;3;NA
31;"MG";3101607;"310160";"Alfenas";"Não";"-";"Outros";NA;NA;1;1;NA;1;NA;NA;NA;NA;3;NA;1;NA;NA;1;NA;1;2;NA;1;NA;1;NA;NA
31;"MG";3101631;"310163";"Alfredo Vasconcelos";"Não";"-";"Outros";NA;NA;NA;NA;NA;NA;NA;NA;NA;NA;NA;NA;NA;1;NA;2;NA;NA;NA;1;NA;NA;NA;NA;NA
31;"MG";3101706;"310170";"Almenara";"Não";"-";"Outros";NA;NA;NA;NA;NA;NA;NA;1;NA;NA;1;NA;NA;1;NA;NA;NA;NA;NA;NA;1;2;2;NA;NA
31;"MG";3101805;"310180";"Alpercata";"Não";"-";"Outros";NA;NA;NA;NA;1;NA;2;NA;NA;2;2;1;2;1;NA;1;NA;NA;NA;NA;NA;NA;1;4;NA
31;"MG";3101904;"310190";"Alpinópolis";"Não";"-";"Outros";1;NA;NA;NA;NA;NA;NA;NA;1;NA;NA;1;NA;NA;NA;NA;2;NA;1;NA;NA;3;NA;NA;NA
31;"MG";3102001;"310200";"Alterosa";"Não";"-";"Outros";NA;NA;NA;NA;NA;NA;NA;NA;NA;NA;NA;NA;NA;NA;NA;NA;NA;NA;NA;NA;NA;NA;NA;NA;NA
31;"MG";3102100;"310210";"Alto Rio Doce";"Não";"-";"Outros";NA;NA;NA;NA;NA;NA;NA;NA;NA;NA;NA;NA;3;NA;NA;2;NA;NA;NA;NA;NA;NA;NA;NA;NA
31;"MG";3102209;"310220";"Alvarenga";"Não";"-";"Outros";NA;NA;NA;NA;NA;NA;NA;NA;NA;NA;NA;NA;NA;NA;NA;NA;NA;NA;NA;NA;NA;NA;NA;NA;NA
31;"MG";3102308;"310230";"Alvinópolis";"Não";"-";"Outros";NA;NA;NA;NA;NA;1;NA;NA;NA;NA;NA;NA;NA;2;NA;NA;NA;NA;NA;NA;NA;NA;NA;NA;NA
31;"MG";3102407;"310240";"Alvorada de Minas";"Não";"-";"Outros";NA;NA;NA;NA;NA;NA;NA;NA;NA;NA;NA;NA;NA;NA;NA;NA;NA;NA;NA;NA;NA;NA;NA;1;NA
31;"MG";3102605;"310260";"Andradas";"Não";"-";"Outros";NA;NA;NA;NA;NA;3;NA;NA;NA;NA;1;NA;NA;NA;NA;NA;NA;NA;NA;NA;NA;NA;NA;NA;NA
31;"MG";3102704;"310270";"Cachoeira de Pajeú";"Não";"-";"Outros";NA;NA;NA;NA;NA;NA;NA;NA;NA;NA;NA;NA;NA;1;NA;NA;2;NA;NA;NA;2;NA;NA;NA;NA
31;"MG";3102803;"310280";"Andrelândia";"Não";"-";"Outros";NA;NA;NA;NA;1;NA;NA;NA;NA;1;NA;NA;NA;NA;NA;NA;NA;NA;NA;NA;NA;NA;NA;NA;NA
31;"MG";3102852;"310285";"Angelândia";"Não";"-";"Outros";NA;NA;NA;NA;NA;NA;NA;NA;NA;NA;1;NA;NA;NA;NA;NA;NA;NA;1;NA;NA;NA;NA;NA;NA
31;"MG";3102902;"310290";"Antônio Carlos";"Não";"-";"Outros";NA;NA;NA;NA;NA;NA;NA;NA;NA;NA;NA;NA;NA;NA;NA;1;NA;NA;NA;NA;NA;NA;NA;NA;NA
31;"MG";3103009;"310300";"Antônio Dias";"Não";"Colar Metropolitano";"Outros";1;NA;NA;NA;NA;1;NA;NA;NA;NA;1;1;2;3;6;3;NA;NA;1;NA;1;NA;1;NA;NA
31;"MG";3103207;"310320";"Araçaí";"Não";"-";"Outros";NA;NA;NA;NA;NA;NA;NA;NA;NA;NA;NA;NA;NA;NA;NA;NA;1;NA;NA;NA;NA;NA;NA;NA;NA
31;"MG";3103405;"310340";"Araçuaí";"Não";"-";"Outros";NA;NA;NA;NA;NA;NA;NA;1;1;NA;NA;NA;NA;NA;NA;NA;NA;NA;NA;NA;1;NA;NA;1;NA
31;"MG";3103504;"310350";"Araguari";"Não";"-";"Outros";12;2;1;4;2;4;3;1;NA;NA;1;3;1;NA;NA;NA;NA;NA;NA;1;NA;NA;3;NA;NA
31;"MG";3103603;"310360";"Arantina";"Não";"-";"Outros";NA;NA;NA;NA;NA;NA;NA;NA;NA;NA;NA;NA;NA;NA;NA;NA;NA;NA;NA;NA;NA;NA;NA;NA;NA
31;"MG";3103702;"310370";"Araponga";"Não";"-";"Outros";NA;NA;NA;NA;NA;NA;NA;NA;NA;NA;NA;NA;NA;NA;NA;NA;NA;NA;NA;NA;NA;NA;NA;1;NA
31;"MG";3103751;"310375";"Araporã";"Não";"-";"Outros";NA;NA;NA;NA;NA;5;NA;NA;NA;NA;NA;NA;NA;NA;NA;NA;NA;NA;NA;NA;NA;NA;NA;NA;NA
31;"MG";3103801;"310380";"Arapuá";"Não";"-";"Outros";NA;NA;NA;NA;NA;NA;1;1;NA;NA;NA;NA;NA;NA;NA;NA;NA;NA;NA;NA;NA;NA;NA;NA;NA
31;"MG";3103900;"310390";"Araújos";"Não";"-";"Outros";NA;NA;NA;NA;NA;NA;NA;NA;1;NA;NA;NA;NA;2;NA;NA;1;NA;NA;NA;NA;NA;1;NA;NA
31;"MG";3104007;"310400";"Araxá";"Não";"-";"Outros";NA;NA;NA;NA;1;3;NA;1;5;1;1;7;NA;5;3;3;NA;2;NA;NA;1;NA;NA;2;NA
31;"MG";3104106;"310410";"Arceburgo";"Não";"-";"Outros";NA;NA;NA;NA;NA;NA;NA;NA;NA;NA;NA;NA;NA;NA;NA;NA;NA;NA;NA;NA;NA;NA;NA;NA;NA
31;"MG";3104205;"310420";"Arcos";"Não";"-";"Outros";NA;NA;NA;1;2;2;NA;NA;1;NA;NA;NA;1;1;1;1;1;NA;NA;NA;NA;NA;1;NA;NA
31;"MG";3104304;"310430";"Areado";"Não";"-";"Outros";1;NA;1;NA;NA;NA;NA;NA;NA;NA;NA;NA;NA;NA;NA;NA;NA;NA;NA;NA;NA;NA;NA;NA;NA
31;"MG";3104403;"310440";"Argirita";"Não";"-";"Outros";NA;NA;NA;NA;NA;NA;NA;NA;NA;NA;NA;NA;1;1;NA;NA;NA;NA;NA;NA;NA;NA;NA;NA;NA
31;"MG";3104452;"310445";"Aricanduva";"Não";"-";"Outros";NA;NA;NA;NA;NA;NA;NA;1;NA;NA;NA;NA;NA;NA;NA;NA;NA;NA;NA;NA;NA;NA;NA;NA;NA
31;"MG";3104502;"310450";"Arinos";"Não";"Região Integrada de Desenvolvimento do Distrito Federal e Entorno";"Outros";NA;NA;1;NA;NA;NA;1;1;1;NA;1;NA;NA;NA;1;NA;2;NA;NA;NA;NA;NA;2;NA;NA
31;"MG";3104601;"310460";"Astolfo Dutra";"Não";"-";"Outros";NA;NA;NA;NA;NA;NA;NA;NA;NA;NA;NA;NA;NA;NA;NA;NA;NA;NA;NA;NA;NA;NA;NA;1;NA
31;"MG";3104700;"310470";"Ataléia";"Não";"-";"Outros";NA;NA;NA;1;NA;NA;NA;NA;NA;NA;NA;NA;NA;NA;NA;1;1;NA;NA;NA;2;NA;NA;2;NA
31;"MG";3104809;"310480";"Augusto de Lima";"Não";"-";"Outros";NA;NA;NA;NA;NA;NA;NA;NA;2;NA;1;4;NA;NA;1;NA;2;1;1;NA;NA;NA;NA;NA;NA
31;"MG";3104908;"310490";"Baependi";"Não";"-";"Outros";NA;NA;NA;NA;NA;NA;NA;NA;NA;1;NA;NA;NA;NA;NA;NA;NA;NA;NA;NA;NA;NA;NA;NA;NA
31;"MG";3105004;"310500";"Baldim";"Não";"Região Metropolitana de Belo Horizonte";"Outros";NA;NA;NA;NA;NA;1;NA;NA;NA;1;NA;NA;NA;1;NA;NA;NA;NA;NA;NA;NA;NA;NA;NA;NA
31;"MG";3105103;"310510";"Bambuí";"Não";"-";"Outros";NA;NA;NA;NA;NA;NA;1;1;NA;NA;1;NA;NA;NA;NA;NA;1;NA;NA;NA;NA;1;NA;NA;NA
31;"MG";3105202;"310520";"Bandeira";"Não";"-";"Outros";NA;NA;NA;NA;NA;NA;NA;NA;NA;NA;NA;NA;NA;NA;NA;NA;NA;NA;NA;NA;NA;NA;NA;NA;NA
31;"MG";3105301;"310530";"Bandeira do Sul";"Não";"-";"Outros";1;NA;NA;NA;NA;NA;NA;NA;NA;NA;NA;NA;NA;NA;NA;NA;1;NA;NA;NA;NA;NA;NA;NA;NA
31;"MG";3105400;"310540";"Barão de Cocais";"Não";"Colar Metropolitano de Belo Horizonte";"Outros";3;1;NA;NA;NA;1;NA;2;7;1;1;5;1;1;NA;NA;NA;1;1;1;NA;NA;NA;NA;NA
31;"MG";3105608;"310560";"Barbacena";"Não";"-";"Outros";4;NA;8;3;1;NA;2;1;NA;1;4;3;5;1;NA;1;2;5;1;1;1;2;6;4;NA
31;"MG";3105707;"310570";"Barra Longa";"Não";"-";"Outros";NA;NA;NA;NA;NA;NA;NA;1;NA;NA;NA;NA;NA;NA;NA;NA;NA;1;NA;NA;NA;NA;NA;1;NA
31;"MG";3105905;"310590";"Barroso";"Não";"-";"Outros";NA;NA;NA;NA;1;NA;NA;NA;NA;NA;NA;1;NA;NA;NA;NA;NA;NA;NA;NA;NA;NA;NA;NA;NA
31;"MG";3106002;"310600";"Bela Vista de Minas";"Não";"-";"Outros";1;NA;NA;1;NA;NA;1;2;NA;NA;1;NA;2;3;4;1;NA;NA;NA;NA;2;NA;1;1;NA
31;"MG";3106101;"310610";"Belmiro Braga";"Não";"-";"Outros";NA;NA;NA;NA;NA;NA;NA;NA;NA;NA;NA;NA;NA;NA;NA;NA;NA;NA;NA;NA;NA;NA;NA;NA;NA
31;"MG";3106200;"310620";"Belo Horizonte";"Sim";"Região Metropolitana de Belo Horizonte";"Outros";102;149;86;119;122;100;126;101;49;108;37;52;78;54;34;40;65;33;17;29;15;21;26;35;NA
31;"MG";3106309;"310630";"Belo Oriente";"Não";"Colar Metropolitano";"Outros";NA;NA;NA;NA;1;1;NA;NA;NA;NA;NA;NA;3;NA;5;1;NA;NA;NA;NA;NA;1;NA;NA;NA
31;"MG";3106408;"310640";"Belo Vale";"Não";"Colar Metropolitano de Belo Horizonte";"Outros";NA;NA;NA;NA;NA;NA;NA;NA;1;NA;NA;1;NA;NA;NA;NA;NA;NA;NA;NA;NA;NA;1;NA;NA
31;"MG";3106507;"310650";"Berilo";"Não";"-";"Outros";NA;NA;NA;NA;NA;NA;NA;NA;NA;NA;NA;NA;NA;NA;NA;NA;NA;NA;NA;NA;NA;NA;NA;2;NA
31;"MG";3106606;"310660";"Bertópolis";"Não";"-";"Outros";NA;NA;NA;NA;NA;NA;NA;NA;NA;NA;NA;NA;NA;NA;NA;NA;NA;NA;1;NA;1;NA;NA;NA;NA
31;"MG";3106655;"310665";"Berizal";"Não";"-";"Outros";NA;NA;NA;NA;NA;NA;NA;NA;NA;NA;NA;NA;1;NA;NA;NA;NA;1;NA;NA;NA;NA;NA;NA;NA
31;"MG";3106705;"310670";"Betim";"Não";"Região Metropolitana de Belo Horizonte";"Outros";12;20;28;48;34;23;34;47;30;29;31;49;37;29;33;30;28;32;27;21;26;29;38;27;NA
31;"MG";3106903;"310690";"Bicas";"Não";"-";"Outros";NA;NA;NA;1;NA;NA;NA;NA;NA;NA;NA;NA;NA;1;NA;NA;NA;NA;NA;NA;NA;NA;NA;NA;NA
31;"MG";3107000;"310700";"Biquinhas";"Não";"-";"Outros";NA;NA;NA;NA;NA;NA;NA;NA;NA;NA;1;NA;NA;NA;NA;NA;NA;NA;NA;NA;NA;NA;NA;NA;NA
31;"MG";3107109;"310710";"Boa Esperança";"Não";"-";"Outros";NA;NA;NA;NA;1;NA;NA;NA;NA;1;1;NA;NA;NA;NA;NA;NA;NA;NA;2;NA;2;NA;NA;NA
31;"MG";3107208;"310720";"Bocaina de Minas";"Não";"-";"Outros";NA;NA;NA;NA;NA;NA;NA;NA;NA;NA;NA;NA;NA;NA;NA;NA;NA;NA;NA;NA;NA;NA;NA;NA;NA
31;"MG";3107307;"310730";"Bocaiúva";"Não";"-";"Outros";NA;NA;NA;3;1;1;NA;NA;NA;NA;NA;NA;NA;NA;1;1;NA;1;NA;NA;NA;1;2;2;NA
31;"MG";3107406;"310740";"Bom Despacho";"Não";"-";"Outros";NA;NA;NA;1;2;1;NA;2;2;NA;NA;NA;2;1;1;4;2;NA;NA;1;1;NA;1;1;NA
31;"MG";3107505;"310750";"Bom Jardim de Minas";"Não";"-";"Outros";NA;NA;NA;NA;NA;NA;NA;NA;NA;NA;1;NA;NA;NA;NA;NA;NA;2;NA;NA;NA;NA;NA;NA;NA
31;"MG";3107703;"310770";"Bom Jesus do Amparo";"Não";"Colar Metropolitano de Belo Horizonte";"Outros";2;NA;NA;NA;NA;2;1;3;1;NA;NA;2;5;NA;1;NA;2;5;NA;3;NA;NA;NA;NA;NA
31;"MG";3107802;"310780";"Bom Jesus do Galho";"Não";"Colar Metropolitano";"Outros";NA;NA;NA;NA;NA;NA;NA;NA;NA;NA;NA;1;2;NA;1;NA;NA;NA;NA;1;NA;NA;NA;NA;NA
31;"MG";3107901;"310790";"Bom Repouso";"Não";"-";"Outros";NA;NA;NA;NA;NA;NA;NA;NA;NA;NA;NA;NA;NA;NA;NA;NA;NA;NA;NA;NA;NA;NA;NA;NA;NA
31;"MG";3108008;"310800";"Bom Sucesso";"Não";"-";"Outros";NA;NA;NA;NA;NA;NA;NA;NA;NA;NA;NA;NA;NA;NA;NA;NA;NA;NA;2;NA;NA;NA;NA;NA;NA
31;"MG";3108107;"310810";"Bonfim";"Não";"Colar Metropolitano de Belo Horizonte";"Outros";NA;NA;NA;NA;NA;NA;NA;NA;1;NA;NA;NA;NA;NA;NA;NA;NA;NA;NA;NA;NA;NA;NA;NA;NA
31;"MG";3108206;"310820";"Bonfinópolis de Minas";"Não";"-";"Outros";NA;NA;NA;NA;NA;NA;NA;NA;NA;NA;NA;NA;NA;NA;NA;NA;NA;NA;NA;NA;NA;NA;NA;1;NA
31;"MG";3108255;"310825";"Bonito de Minas";"Não";"-";"Outros";NA;NA;NA;NA;NA;NA;NA;NA;NA;NA;1;1;NA;1;NA;NA;NA;NA;NA;NA;NA;NA;NA;NA;NA
31;"MG";3108305;"310830";"Borda da Mata";"Não";"-";"Outros";NA;NA;NA;NA;NA;NA;NA;NA;NA;NA;NA;NA;NA;NA;NA;NA;NA;NA;NA;NA;NA;NA;NA;NA;NA
31;"MG";3108404;"310840";"Botelhos";"Não";"-";"Outros";NA;NA;NA;NA;NA;NA;NA;1;NA;NA;NA;NA;NA;NA;1;NA;NA;NA;NA;NA;NA;NA;NA;NA;NA
31;"MG";3108503;"310850";"Botumirim";"Não";"-";"Outros";NA;NA;NA;NA;NA;NA;NA;NA;NA;NA;NA;NA;NA;NA;NA;NA;NA;NA;NA;NA;NA;NA;2;NA;NA
31;"MG";3108552;"310855";"Brasilândia de Minas";"Não";"-";"Outros";NA;NA;2;NA;NA;NA;NA;NA;NA;1;NA;NA;NA;NA;NA;NA;NA;NA;NA;NA;NA;NA;NA;1;NA
31;"MG";3108602;"310860";"Brasília de Minas";"Não";"-";"Outros";NA;NA;NA;NA;1;NA;NA;1;1;1;NA;NA;NA;NA;NA;NA;NA;NA;NA;NA;NA;NA;NA;NA;NA
31;"MG";3108800;"310880";"Braúnas";"Não";"Colar Metropolitano";"Outros";NA;NA;NA;NA;NA;NA;NA;NA;1;NA;NA;NA;NA;NA;NA;NA;NA;NA;NA;NA;NA;NA;NA;NA;NA
31;"MG";3108909;"310890";"Brazópolis";"Não";"-";"Outros";NA;NA;NA;NA;NA;NA;1;NA;NA;NA;NA;NA;NA;NA;NA;NA;NA;NA;NA;NA;NA;NA;NA;NA;NA
31;"MG";3109006;"310900";"Brumadinho";"Não";"Região Metropolitana de Belo Horizonte";"Outros";1;NA;1;2;NA;NA;1;NA;2;1;1;NA;NA;1;3;3;2;5;NA;1;NA;NA;NA;NA;NA
31;"MG";3109105;"310910";"Bueno Brandão";"Não";"-";"Outros";NA;NA;NA;NA;NA;NA;NA;NA;NA;NA;NA;NA;NA;NA;NA;NA;NA;NA;NA;NA;NA;1;NA;NA;NA
31;"MG";3109204;"310920";"Buenópolis";"Não";"-";"Outros";NA;NA;NA;NA;NA;NA;1;NA;1;1;3;NA;NA;1;NA;NA;NA;NA;NA;NA;NA;NA;1;3;NA
31;"MG";3109253;"310925";"Bugre";"Não";"Colar Metropolitano";"Outros";NA;NA;NA;NA;NA;NA;NA;NA;NA;NA;NA;NA;NA;NA;NA;NA;NA;NA;NA;NA;NA;NA;NA;NA;NA
31;"MG";3109303;"310930";"Buritis";"Não";"Região Integrada de Desenvolvimento do Distrito Federal e Entorno";"Outros";NA;NA;2;2;NA;NA;2;7;2;NA;2;2;2;NA;3;NA;1;3;1;NA;NA;5;NA;1;NA
31;"MG";3109402;"310940";"Buritizeiro";"Não";"-";"Outros";NA;NA;NA;NA;NA;NA;NA;1;NA;NA;1;NA;2;NA;1;2;NA;NA;NA;NA;NA;1;4;2;NA
31;"MG";3109451;"310945";"Cabeceira Grande";"Não";"Região Integrada de Desenvolvimento do Distrito Federal e Entorno";"Outros";NA;NA;NA;NA;NA;NA;NA;NA;NA;NA;NA;NA;1;NA;NA;1;NA;NA;NA;NA;NA;1;NA;NA;NA
31;"MG";3109501;"310950";"Cabo Verde";"Não";"-";"Outros";NA;NA;NA;NA;NA;NA;NA;NA;NA;NA;NA;1;NA;NA;NA;NA;NA;NA;NA;1;NA;NA;NA;NA;NA
31;"MG";3109600;"310960";"Cachoeira da Prata";"Não";"-";"Outros";NA;NA;NA;NA;NA;NA;NA;NA;1;1;NA;3;NA;NA;NA;NA;NA;NA;NA;NA;NA;NA;NA;NA;NA
31;"MG";3109709;"310970";"Cachoeira de Minas";"Não";"-";"Outros";NA;NA;NA;NA;NA;NA;NA;NA;NA;NA;NA;NA;NA;NA;NA;NA;1;NA;NA;NA;NA;NA;NA;NA;NA
31;"MG";3109808;"310980";"Cachoeira Dourada";"Não";"-";"Outros";NA;NA;NA;NA;NA;NA;NA;NA;NA;NA;NA;NA;NA;NA;NA;1;NA;NA;NA;NA;NA;NA;NA;NA;NA
31;"MG";3109907;"310990";"Caetanópolis";"Não";"-";"Outros";NA;NA;NA;NA;NA;NA;NA;NA;NA;NA;NA;NA;NA;NA;NA;NA;1;NA;NA;NA;NA;NA;NA;1;NA
31;"MG";3110004;"311000";"Caeté";"Não";"Região Metropolitana de Belo Horizonte";"Outros";2;1;4;NA;NA;1;6;NA;4;NA;NA;NA;NA;3;2;NA;NA;NA;NA;NA;NA;NA;NA;NA;NA
31;"MG";3110202;"311020";"Cajuri";"Não";"-";"Outros";NA;NA;NA;NA;NA;NA;NA;1;NA;NA;NA;NA;NA;1;1;NA;NA;NA;NA;NA;NA;1;NA;NA;NA
31;"MG";3110301;"311030";"Caldas";"Não";"-";"Outros";NA;NA;NA;NA;NA;NA;NA;NA;NA;NA;NA;NA;NA;NA;NA;NA;NA;NA;NA;NA;NA;NA;NA;NA;NA
31;"MG";3110400;"311040";"Camacho";"Não";"-";"Outros";NA;NA;NA;NA;NA;NA;NA;NA;NA;1;NA;NA;NA;NA;NA;NA;NA;NA;NA;NA;NA;1;NA;NA;NA
31;"MG";3110509;"311050";"Camanducaia";"Não";"-";"Outros";NA;NA;NA;NA;NA;NA;NA;NA;NA;NA;NA;NA;NA;NA;1;NA;NA;NA;1;NA;NA;NA;NA;NA;NA
31;"MG";3110608;"311060";"Cambuí";"Não";"-";"Outros";NA;NA;NA;NA;NA;NA;NA;NA;NA;NA;NA;NA;NA;NA;1;NA;NA;NA;NA;NA;NA;2;1;4;NA
31;"MG";3110707;"311070";"Cambuquira";"Não";"-";"Outros";NA;NA;NA;NA;NA;NA;NA;NA;NA;NA;NA;2;NA;NA;NA;NA;NA;1;NA;NA;NA;NA;NA;NA;NA
31;"MG";3110806;"311080";"Campanário";"Não";"-";"Outros";NA;NA;NA;3;NA;2;2;NA;NA;1;NA;1;NA;1;1;NA;NA;2;NA;NA;1;NA;NA;NA;NA
31;"MG";3110905;"311090";"Campanha";"Não";"-";"Outros";1;NA;NA;NA;NA;1;NA;NA;NA;NA;1;NA;NA;NA;NA;NA;NA;NA;NA;NA;NA;NA;NA;1;NA
31;"MG";3111002;"311100";"Campestre";"Não";"-";"Outros";NA;NA;NA;NA;NA;NA;NA;NA;NA;NA;NA;1;NA;NA;NA;2;NA;NA;NA;NA;NA;1;1;1;NA
31;"MG";3111101;"311110";"Campina Verde";"Não";"-";"Outros";NA;NA;NA;NA;NA;NA;NA;NA;NA;NA;NA;NA;NA;NA;2;3;2;NA;1;NA;NA;NA;NA;2;NA
31;"MG";3111200;"311120";"Campo Belo";"Não";"-";"Outros";1;1;NA;1;2;NA;NA;NA;NA;NA;NA;NA;NA;1;1;2;1;1;NA;3;NA;NA;1;NA;NA
31;"MG";3111309;"311130";"Campo do Meio";"Não";"-";"Outros";NA;NA;NA;NA;NA;NA;NA;NA;NA;NA;NA;NA;NA;NA;NA;NA;NA;NA;NA;NA;NA;NA;NA;NA;NA
31;"MG";3111408;"311140";"Campo Florido";"Não";"-";"Outros";NA;NA;NA;NA;NA;1;1;NA;NA;NA;NA;NA;NA;NA;2;NA;1;NA;NA;NA;NA;NA;NA;1;NA
31;"MG";3111507;"311150";"Campos Altos";"Não";"-";"Outros";NA;NA;NA;NA;NA;1;NA;NA;NA;NA;NA;NA;NA;2;2;2;1;NA;1;NA;1;2;NA;NA;NA
31;"MG";3111606;"311160";"Campos Gerais";"Não";"-";"Outros";NA;NA;NA;NA;NA;1;NA;NA;NA;NA;NA;NA;1;NA;NA;NA;NA;NA;NA;NA;NA;NA;NA;NA;NA
31;"MG";3111705;"311170";"Canaã";"Não";"-";"Outros";NA;NA;NA;NA;NA;NA;NA;NA;NA;NA;NA;NA;NA;NA;NA;NA;NA;NA;NA;NA;NA;NA;NA;NA;NA
31;"MG";3111804;"311180";"Canápolis";"Não";"-";"Outros";1;NA;NA;NA;NA;NA;NA;NA;NA;1;NA;1;NA;NA;NA;1;NA;NA;NA;NA;1;NA;2;NA;NA
31;"MG";3111903;"311190";"Cana Verde";"Não";"-";"Outros";NA;NA;NA;NA;NA;NA;NA;NA;NA;NA;NA;NA;1;NA;NA;NA;NA;NA;NA;NA;NA;NA;NA;NA;NA
31;"MG";3112000;"311200";"Candeias";"Não";"-";"Outros";NA;NA;NA;NA;NA;NA;NA;NA;NA;NA;NA;1;NA;NA;NA;2;1;NA;NA;NA;NA;NA;1;NA;NA
31;"MG";3112059;"311205";"Cantagalo";"Não";"-";"Outros";NA;NA;NA;NA;NA;NA;NA;NA;NA;NA;1;NA;NA;NA;NA;NA;NA;NA;NA;NA;NA;NA;NA;NA;NA
31;"MG";3112208;"311220";"Capela Nova";"Não";"-";"Outros";NA;NA;NA;NA;NA;NA;NA;NA;NA;NA;NA;NA;NA;NA;NA;NA;NA;NA;NA;1;NA;NA;NA;NA;NA
31;"MG";3112307;"311230";"Capelinha";"Não";"-";"Outros";NA;NA;NA;NA;NA;1;2;2;2;NA;1;NA;NA;NA;1;NA;NA;NA;NA;1;NA;2;NA;2;NA
31;"MG";3112406;"311240";"Capetinga";"Não";"-";"Outros";NA;NA;NA;1;NA;NA;NA;NA;NA;NA;NA;NA;NA;NA;NA;NA;NA;NA;NA;NA;NA;NA;1;NA;NA
31;"MG";3112505;"311250";"Capim Branco";"Não";"Região Metropolitana de Belo Horizonte";"Outros";NA;NA;NA;NA;NA;NA;NA;NA;NA;NA;NA;NA;NA;NA;NA;NA;NA;NA;1;NA;NA;NA;NA;1;NA
31;"MG";3112604;"311260";"Capinópolis";"Não";"-";"Outros";NA;NA;NA;NA;NA;NA;NA;NA;NA;NA;NA;NA;NA;NA;NA;NA;NA;NA;NA;NA;NA;1;NA;NA;NA
31;"MG";3112653;"311265";"Capitão Andrade";"Não";"-";"Outros";NA;NA;NA;NA;NA;NA;1;NA;NA;NA;NA;1;NA;NA;NA;NA;NA;NA;NA;NA;NA;NA;NA;NA;NA
31;"MG";3112703;"311270";"Capitão Enéas";"Não";"-";"Outros";NA;NA;NA;NA;NA;NA;2;NA;NA;1;NA;NA;NA;NA;NA;NA;NA;NA;1;NA;NA;NA;NA;NA;NA
31;"MG";3112802;"311280";"Capitólio";"Não";"-";"Outros";NA;NA;NA;NA;NA;NA;NA;NA;NA;NA;NA;NA;NA;1;NA;NA;NA;NA;NA;NA;NA;NA;1;1;NA
31;"MG";3112901;"311290";"Caputira";"Não";"-";"Outros";NA;NA;NA;NA;NA;NA;NA;NA;NA;NA;NA;NA;NA;NA;NA;NA;NA;NA;NA;NA;NA;NA;NA;NA;NA
31;"MG";3113008;"311300";"Caraí";"Não";"-";"Outros";NA;NA;NA;NA;NA;NA;NA;NA;1;NA;1;NA;1;1;NA;NA;2;2;NA;2;NA;3;1;1;NA
31;"MG";3113107;"311310";"Caranaíba";"Não";"-";"Outros";NA;NA;NA;NA;NA;NA;NA;NA;NA;NA;NA;NA;NA;NA;NA;NA;NA;NA;NA;NA;NA;NA;NA;NA;NA
31;"MG";3113206;"311320";"Carandaí";"Não";"-";"Outros";NA;1;NA;NA;3;NA;NA;NA;NA;NA;1;3;1;4;2;7;2;NA;NA;1;NA;1;NA;NA;NA
31;"MG";3113305;"311330";"Carangola";"Não";"-";"Outros";NA;1;NA;NA;NA;NA;NA;NA;NA;NA;NA;NA;NA;NA;NA;NA;NA;NA;NA;NA;NA;NA;NA;NA;NA
31;"MG";3113404;"311340";"Caratinga";"Não";"Colar Metropolitano";"Outros";NA;NA;NA;NA;NA;NA;NA;NA;NA;NA;1;NA;1;NA;1;NA;NA;1;2;1;1;6;1;NA;NA
31;"MG";3113503;"311350";"Carbonita";"Não";"-";"Outros";NA;NA;NA;NA;NA;NA;NA;NA;NA;2;2;NA;NA;NA;NA;1;NA;NA;NA;NA;NA;NA;NA;NA;NA
31;"MG";3113602;"311360";"Careaçu";"Não";"-";"Outros";NA;NA;NA;NA;NA;NA;NA;NA;NA;NA;NA;NA;NA;NA;NA;NA;NA;1;NA;NA;NA;NA;1;NA;NA
31;"MG";3113701;"311370";"Carlos Chagas";"Não";"-";"Outros";NA;NA;NA;4;NA;1;2;NA;NA;NA;NA;NA;NA;2;1;1;2;NA;2;1;1;1;2;NA;NA
31;"MG";3113800;"311380";"Carmésia";"Não";"-";"Outros";NA;NA;NA;NA;NA;NA;NA;NA;NA;NA;NA;NA;NA;NA;NA;NA;NA;1;NA;NA;NA;NA;NA;NA;NA
31;"MG";3113909;"311390";"Carmo da Cachoeira";"Não";"-";"Outros";1;NA;NA;NA;1;NA;1;NA;NA;1;NA;NA;NA;NA;NA;NA;NA;NA;NA;NA;1;2;NA;NA;NA
31;"MG";3114006;"311400";"Carmo da Mata";"Não";"-";"Outros";NA;NA;NA;1;NA;NA;NA;1;1;NA;NA;NA;2;NA;NA;NA;NA;NA;NA;NA;NA;NA;NA;NA;NA
31;"MG";3114105;"311410";"Carmo de Minas";"Não";"-";"Outros";NA;NA;NA;NA;NA;NA;NA;NA;NA;NA;NA;NA;NA;NA;NA;NA;NA;NA;NA;1;NA;NA;NA;NA;NA
31;"MG";3114204;"311420";"Carmo do Cajuru";"Não";"-";"Outros";NA;NA;NA;NA;NA;NA;NA;NA;NA;1;NA;NA;2;2;NA;NA;1;NA;NA;NA;NA;1;NA;1;NA
31;"MG";3114303;"311430";"Carmo do Paranaíba";"Não";"-";"Outros";NA;NA;NA;NA;NA;NA;1;NA;NA;1;NA;NA;NA;1;NA;NA;NA;NA;NA;NA;1;NA;1;NA;NA
31;"MG";3114402;"311440";"Carmo do Rio Claro";"Não";"-";"Outros";NA;NA;NA;NA;NA;NA;NA;NA;NA;NA;NA;NA;NA;NA;NA;NA;NA;NA;NA;NA;NA;NA;NA;NA;NA
31;"MG";3114501;"311450";"Carmópolis de Minas";"Não";"-";"Outros";NA;NA;NA;NA;1;NA;NA;NA;2;1;NA;1;NA;NA;NA;3;NA;NA;NA;NA;2;NA;NA;NA;NA
31;"MG";3114550;"311455";"Carneirinho";"Não";"-";"Outros";NA;NA;NA;NA;NA;1;1;NA;NA;NA;NA;NA;1;NA;1;NA;NA;NA;NA;NA;NA;NA;NA;NA;NA
31;"MG";3114600;"311460";"Carrancas";"Não";"-";"Outros";NA;NA;NA;NA;NA;NA;NA;NA;NA;NA;NA;NA;NA;NA;NA;NA;NA;NA;NA;NA;NA;NA;NA;NA;NA
31;"MG";3114808;"311480";"Carvalhos";"Não";"-";"Outros";NA;NA;NA;NA;NA;NA;NA;NA;NA;NA;NA;NA;NA;NA;NA;NA;NA;NA;NA;NA;NA;NA;NA;NA;NA
31;"MG";3114907;"311490";"Casa Grande";"Não";"-";"Outros";NA;NA;NA;NA;NA;NA;NA;NA;NA;NA;NA;NA;NA;NA;NA;NA;1;NA;NA;NA;NA;NA;NA;NA;NA
31;"MG";3115003;"311500";"Cascalho Rico";"Não";"-";"Outros";NA;NA;NA;NA;NA;NA;NA;NA;NA;NA;NA;NA;NA;NA;NA;NA;NA;NA;NA;NA;NA;NA;NA;NA;NA
31;"MG";3115102;"311510";"Cássia";"Não";"-";"Outros";NA;NA;1;NA;NA;NA;NA;1;NA;NA;NA;NA;NA;NA;NA;NA;NA;NA;NA;NA;1;NA;NA;NA;NA
31;"MG";3115201;"311520";"Conceição da Barra de Minas";"Não";"-";"Outros";NA;NA;NA;NA;NA;NA;NA;NA;NA;NA;NA;NA;NA;NA;NA;NA;NA;NA;NA;NA;NA;NA;NA;NA;NA
31;"MG";3115300;"311530";"Cataguases";"Não";"-";"Outros";1;1;2;2;2;NA;1;NA;NA;1;NA;NA;NA;NA;NA;NA;NA;NA;NA;NA;NA;NA;NA;NA;NA
31;"MG";3115359;"311535";"Catas Altas";"Não";"-";"Outros";NA;NA;NA;NA;2;NA;NA;NA;2;1;NA;1;1;NA;NA;NA;NA;NA;NA;NA;NA;NA;NA;NA;NA
31;"MG";3115409;"311540";"Catas Altas da Noruega";"Não";"-";"Outros";NA;NA;NA;NA;NA;NA;NA;NA;NA;NA;NA;1;1;NA;1;NA;NA;NA;NA;1;NA;1;NA;1;NA
31;"MG";3115458;"311545";"Catuji";"Não";"-";"Outros";NA;NA;NA;1;5;2;NA;NA;2;16;2;NA;4;2;1;NA;NA;1;1;NA;NA;2;1;NA;NA
31;"MG";3115508;"311550";"Caxambu";"Não";"-";"Outros";NA;NA;NA;NA;NA;NA;NA;NA;NA;NA;NA;NA;NA;NA;NA;NA;NA;NA;NA;NA;NA;NA;NA;NA;NA
31;"MG";3115607;"311560";"Cedro do Abaeté";"Não";"-";"Outros";NA;NA;NA;NA;NA;1;NA;NA;NA;NA;NA;NA;NA;NA;NA;NA;NA;NA;NA;1;NA;NA;NA;NA;NA
31;"MG";3115706;"311570";"Central de Minas";"Não";"-";"Outros";NA;NA;NA;NA;NA;1;NA;NA;NA;NA;NA;2;2;NA;1;NA;NA;NA;NA;1;NA;1;NA;NA;NA
31;"MG";3115805;"311580";"Centralina";"Não";"-";"Outros";NA;NA;NA;NA;NA;NA;NA;NA;NA;NA;NA;NA;NA;NA;NA;NA;NA;NA;NA;3;NA;1;1;NA;NA
31;"MG";3115904;"311590";"Chácara";"Não";"-";"Outros";NA;NA;NA;NA;NA;NA;NA;NA;NA;NA;NA;NA;NA;NA;NA;NA;NA;NA;NA;NA;NA;NA;NA;NA;NA
31;"MG";3116159;"311615";"Chapada Gaúcha";"Não";"-";"Outros";NA;NA;NA;NA;NA;NA;NA;1;NA;NA;3;NA;1;1;1;NA;NA;NA;NA;NA;NA;NA;NA;1;NA
31;"MG";3116209;"311620";"Chiador";"Não";"-";"Outros";NA;NA;NA;NA;NA;NA;NA;NA;NA;NA;NA;NA;NA;1;NA;NA;NA;1;NA;NA;NA;NA;NA;NA;NA
31;"MG";3116308;"311630";"Cipotânea";"Não";"-";"Outros";NA;NA;NA;NA;NA;NA;NA;1;NA;NA;NA;NA;NA;NA;NA;NA;NA;NA;NA;NA;NA;NA;NA;NA;NA
31;"MG";3116407;"311640";"Claraval";"Não";"-";"Outros";NA;NA;NA;NA;NA;NA;NA;NA;NA;NA;NA;NA;NA;NA;NA;NA;NA;NA;NA;NA;NA;NA;NA;NA;NA
31;"MG";3116506;"311650";"Claro dos Poções";"Não";"-";"Outros";NA;NA;NA;3;NA;NA;NA;NA;NA;NA;NA;1;NA;1;1;NA;NA;NA;NA;1;NA;NA;NA;NA;NA
31;"MG";3116605;"311660";"Cláudio";"Não";"-";"Outros";NA;NA;NA;NA;1;NA;1;NA;1;1;NA;3;NA;3;NA;1;NA;NA;NA;NA;2;NA;NA;NA;NA
31;"MG";3116803;"311680";"Coluna";"Não";"-";"Outros";NA;NA;NA;1;NA;NA;NA;NA;NA;NA;NA;NA;NA;1;1;NA;NA;NA;NA;NA;NA;1;NA;NA;NA
31;"MG";3116902;"311690";"Comendador Gomes";"Não";"-";"Outros";NA;NA;NA;NA;NA;NA;NA;NA;NA;NA;NA;NA;2;NA;NA;NA;NA;NA;NA;NA;NA;NA;1;1;NA
31;"MG";3117009;"311700";"Comercinho";"Não";"-";"Outros";NA;NA;NA;NA;NA;NA;NA;NA;NA;NA;NA;NA;NA;NA;NA;NA;NA;NA;NA;NA;NA;NA;NA;NA;NA
31;"MG";3117108;"311710";"Conceição da Aparecida";"Não";"-";"Outros";NA;NA;NA;NA;NA;NA;NA;NA;NA;NA;NA;NA;NA;NA;NA;NA;NA;NA;NA;NA;NA;NA;NA;NA;NA
31;"MG";3117207;"311720";"Conceição das Pedras";"Não";"-";"Outros";NA;NA;NA;NA;NA;NA;NA;NA;NA;NA;NA;NA;NA;NA;NA;NA;NA;NA;NA;NA;NA;NA;NA;NA;NA
31;"MG";3117306;"311730";"Conceição das Alagoas";"Não";"-";"Outros";NA;NA;NA;NA;NA;1;4;NA;2;1;NA;NA;NA;2;NA;NA;NA;NA;NA;NA;NA;NA;NA;NA;NA
31;"MG";3117405;"311740";"Conceição de Ipanema";"Não";"-";"Outros";NA;NA;NA;NA;NA;NA;NA;NA;NA;NA;NA;NA;4;NA;NA;NA;NA;NA;NA;NA;NA;NA;NA;NA;NA
31;"MG";3117504;"311750";"Conceição do Mato Dentro";"Não";"-";"Outros";NA;NA;NA;NA;NA;NA;NA;NA;NA;NA;NA;NA;NA;NA;NA;NA;NA;2;NA;2;1;1;NA;NA;NA
31;"MG";3117603;"311760";"Conceição do Pará";"Não";"-";"Outros";NA;NA;NA;NA;NA;NA;NA;NA;NA;1;NA;NA;1;1;1;NA;NA;NA;NA;NA;NA;NA;NA;NA;NA
31;"MG";3117702;"311770";"Conceição do Rio Verde";"Não";"-";"Outros";NA;NA;NA;NA;NA;NA;NA;NA;NA;NA;NA;NA;NA;NA;NA;NA;NA;NA;NA;NA;NA;NA;NA;NA;NA
31;"MG";3117801;"311780";"Conceição dos Ouros";"Não";"-";"Outros";NA;NA;NA;NA;NA;NA;NA;NA;NA;NA;NA;NA;NA;NA;NA;NA;NA;NA;NA;NA;NA;NA;NA;NA;NA
31;"MG";3117836;"311783";"Cônego Marinho";"Não";"-";"Outros";NA;NA;NA;NA;NA;NA;NA;NA;NA;NA;1;2;NA;NA;NA;NA;NA;NA;NA;NA;NA;NA;NA;NA;NA
31;"MG";3117876;"311787";"Confins";"Não";"Região Metropolitana de Belo Horizonte";"Outros";NA;NA;NA;NA;3;1;NA;NA;NA;1;NA;1;NA;NA;1;NA;NA;NA;NA;NA;NA;NA;NA;NA;NA
31;"MG";3117900;"311790";"Congonhal";"Não";"-";"Outros";NA;NA;NA;NA;1;NA;NA;NA;NA;NA;NA;NA;NA;NA;NA;NA;NA;NA;NA;NA;NA;NA;NA;NA;NA
31;"MG";3118007;"311800";"Congonhas";"Não";"-";"Outros";NA;2;NA;1;NA;NA;NA;NA;NA;1;1;2;NA;1;1;2;NA;NA;NA;NA;1;4;2;3;NA
31;"MG";3118205;"311820";"Conquista";"Não";"-";"Outros";NA;1;NA;NA;NA;NA;NA;NA;NA;NA;NA;NA;NA;NA;NA;NA;1;NA;NA;NA;1;NA;NA;NA;NA
31;"MG";3118304;"311830";"Conselheiro Lafaiete";"Não";"-";"Outros";1;NA;NA;NA;NA;NA;NA;1;1;3;NA;NA;NA;NA;NA;NA;NA;2;11;NA;NA;1;NA;1;NA
31;"MG";3118403;"311840";"Conselheiro Pena";"Não";"-";"Outros";NA;NA;NA;NA;NA;1;NA;NA;NA;1;2;NA;NA;1;2;NA;1;NA;1;NA;NA;NA;NA;NA;NA
31;"MG";3118502;"311850";"Consolação";"Não";"-";"Outros";NA;NA;NA;NA;NA;NA;NA;NA;NA;NA;NA;NA;NA;NA;NA;NA;NA;NA;NA;NA;NA;1;NA;NA;NA
31;"MG";3118601;"311860";"Contagem";"Não";"Região Metropolitana de Belo Horizonte";"Outros";19;3;6;3;7;2;NA;NA;1;NA;NA;1;NA;NA;2;2;1;NA;NA;1;1;3;NA;1;NA
31;"MG";3118700;"311870";"Coqueiral";"Não";"-";"Outros";1;1;NA;NA;NA;NA;NA;NA;NA;NA;NA;NA;NA;NA;NA;NA;NA;NA;NA;NA;NA;NA;NA;NA;NA
31;"MG";3118809;"311880";"Coração de Jesus";"Não";"-";"Outros";NA;NA;NA;NA;NA;NA;NA;NA;NA;1;NA;NA;NA;NA;1;NA;NA;1;1;1;NA;NA;NA;NA;NA
31;"MG";3118908;"311890";"Cordisburgo";"Não";"-";"Outros";NA;NA;NA;NA;NA;1;NA;1;NA;NA;NA;NA;NA;NA;NA;NA;NA;NA;NA;NA;NA;NA;NA;NA;NA
31;"MG";3119104;"311910";"Corinto";"Não";"-";"Outros";NA;NA;NA;NA;NA;NA;NA;2;4;5;3;6;2;1;5;NA;2;NA;1;NA;NA;NA;NA;15;NA
31;"MG";3119203;"311920";"Coroaci";"Não";"-";"Outros";NA;1;NA;NA;NA;NA;NA;NA;NA;2;NA;NA;NA;NA;1;NA;NA;NA;NA;NA;NA;NA;NA;NA;NA
31;"MG";3119302;"311930";"Coromandel";"Não";"-";"Outros";NA;NA;NA;NA;NA;NA;NA;NA;NA;NA;NA;NA;NA;NA;NA;NA;NA;NA;1;NA;1;1;1;1;NA
31;"MG";3119401;"311940";"Coronel Fabriciano";"Não";"Região Metropolitana do Vale do Aço";"Outros";NA;NA;NA;NA;1;1;1;NA;NA;1;1;1;1;1;3;2;3;2;2;1;2;NA;NA;NA;NA
31;"MG";3119500;"311950";"Coronel Murta";"Não";"-";"Outros";NA;NA;NA;NA;NA;NA;1;NA;NA;NA;NA;NA;NA;1;1;NA;NA;NA;NA;NA;NA;NA;1;NA;NA
31;"MG";3119609;"311960";"Coronel Pacheco";"Não";"-";"Outros";NA;NA;1;NA;NA;NA;NA;NA;NA;NA;NA;NA;NA;NA;NA;NA;NA;NA;NA;NA;NA;NA;NA;NA;NA
31;"MG";3119708;"311970";"Coronel Xavier Chaves";"Não";"-";"Outros";NA;NA;NA;2;NA;NA;1;NA;1;NA;NA;NA;1;NA;NA;NA;NA;NA;1;NA;NA;NA;NA;NA;NA
31;"MG";3119807;"311980";"Córrego Danta";"Não";"-";"Outros";NA;NA;NA;NA;NA;1;NA;NA;1;1;NA;1;NA;1;2;3;1;2;2;2;3;NA;2;1;NA
31;"MG";3119906;"311990";"Córrego do Bom Jesus";"Não";"-";"Outros";NA;NA;NA;NA;NA;NA;NA;NA;NA;NA;NA;NA;NA;NA;NA;NA;NA;NA;NA;NA;NA;NA;NA;NA;NA
31;"MG";3119955;"311995";"Córrego Fundo";"Não";"-";"Outros";NA;NA;NA;NA;NA;NA;NA;1;NA;NA;NA;NA;NA;NA;NA;NA;NA;NA;NA;NA;NA;NA;NA;NA;NA
31;"MG";3120003;"312000";"Córrego Novo";"Não";"Colar Metropolitano";"Outros";NA;NA;NA;NA;NA;NA;NA;NA;NA;NA;NA;NA;NA;NA;NA;1;NA;NA;NA;NA;NA;NA;NA;NA;NA
31;"MG";3120102;"312010";"Couto de Magalhães de Minas";"Não";"-";"Outros";NA;NA;NA;NA;NA;NA;NA;NA;NA;NA;NA;NA;NA;NA;NA;NA;NA;1;NA;NA;1;NA;1;NA;NA
31;"MG";3120151;"312015";"Crisólita";"Não";"-";"Outros";NA;NA;NA;NA;NA;NA;NA;NA;NA;NA;NA;NA;NA;2;NA;NA;NA;NA;NA;NA;NA;NA;1;NA;NA
31;"MG";3120201;"312020";"Cristais";"Não";"-";"Outros";NA;NA;NA;NA;NA;NA;1;NA;NA;NA;NA;NA;NA;NA;NA;NA;NA;NA;NA;NA;NA;NA;NA;NA;NA
31;"MG";3120300;"312030";"Cristália";"Não";"-";"Outros";NA;NA;NA;1;NA;1;NA;NA;NA;NA;NA;NA;NA;NA;NA;NA;NA;NA;NA;NA;NA;NA;NA;NA;NA
31;"MG";3120409;"312040";"Cristiano Otoni";"Não";"-";"Outros";NA;NA;NA;NA;NA;NA;NA;NA;NA;NA;1;NA;NA;NA;1;1;3;4;NA;NA;1;1;1;NA;NA
31;"MG";3120508;"312050";"Cristina";"Não";"-";"Outros";NA;NA;NA;NA;NA;NA;NA;NA;NA;NA;NA;NA;NA;NA;NA;NA;NA;NA;NA;NA;NA;NA;NA;NA;NA
31;"MG";3120607;"312060";"Crucilândia";"Não";"-";"Outros";NA;NA;NA;NA;NA;NA;NA;NA;NA;NA;NA;2;NA;1;NA;NA;NA;NA;NA;NA;NA;NA;NA;NA;NA
31;"MG";3120706;"312070";"Cruzeiro da Fortaleza";"Não";"-";"Outros";NA;NA;NA;NA;NA;NA;NA;NA;NA;NA;NA;NA;NA;NA;NA;NA;NA;NA;4;NA;NA;NA;NA;NA;NA
31;"MG";3120805;"312080";"Cruzília";"Não";"-";"Outros";NA;NA;NA;NA;NA;NA;NA;NA;NA;NA;NA;NA;NA;NA;NA;NA;NA;NA;NA;NA;NA;NA;NA;NA;NA
31;"MG";3120839;"312083";"Cuparaque";"Não";"-";"Outros";NA;NA;NA;NA;NA;NA;NA;NA;NA;NA;NA;1;1;NA;NA;NA;NA;NA;NA;NA;NA;1;NA;NA;NA
31;"MG";3120870;"312087";"Curral de Dentro";"Não";"-";"Outros";NA;NA;NA;NA;NA;NA;NA;NA;NA;NA;NA;NA;NA;NA;NA;NA;NA;NA;1;NA;NA;NA;NA;NA;NA
31;"MG";3120904;"312090";"Curvelo";"Não";"-";"Outros";NA;2;1;2;NA;1;NA;4;11;20;18;13;3;3;2;2;2;NA;2;1;NA;NA;NA;3;NA
31;"MG";3121001;"312100";"Datas";"Não";"-";"Outros";NA;NA;NA;NA;NA;NA;NA;NA;NA;NA;1;NA;NA;NA;NA;NA;NA;NA;NA;NA;NA;NA;NA;NA;NA
31;"MG";3121100;"312110";"Delfim Moreira";"Não";"-";"Outros";NA;NA;NA;NA;NA;NA;NA;NA;NA;NA;NA;NA;NA;NA;NA;NA;NA;NA;NA;1;NA;NA;NA;NA;NA
31;"MG";3121209;"312120";"Delfinópolis";"Não";"-";"Outros";NA;NA;NA;NA;NA;NA;NA;NA;NA;NA;NA;NA;NA;NA;NA;NA;1;1;NA;NA;NA;NA;NA;NA;NA
31;"MG";3121258;"312125";"Delta";"Não";"-";"Outros";NA;NA;NA;NA;NA;NA;NA;NA;NA;NA;NA;NA;NA;1;NA;NA;NA;NA;NA;NA;NA;NA;NA;NA;NA
31;"MG";3121407;"312140";"Desterro de Entre Rios";"Não";"-";"Outros";NA;NA;NA;NA;NA;NA;NA;NA;NA;NA;NA;NA;NA;NA;NA;NA;NA;NA;NA;NA;1;NA;1;NA;NA
31;"MG";3121506;"312150";"Desterro do Melo";"Não";"-";"Outros";NA;NA;NA;NA;NA;NA;NA;NA;NA;NA;NA;1;1;NA;NA;NA;NA;NA;NA;NA;NA;NA;NA;NA;NA
31;"MG";3121605;"312160";"Diamantina";"Não";"-";"Outros";1;NA;NA;NA;NA;NA;2;3;2;2;3;NA;NA;NA;1;2;NA;2;2;6;7;3;5;9;NA
31;"MG";3121704;"312170";"Diogo de Vasconcelos";"Não";"-";"Outros";NA;NA;NA;NA;NA;NA;NA;NA;NA;NA;NA;NA;NA;NA;NA;NA;NA;NA;NA;NA;NA;NA;NA;NA;NA
31;"MG";3121803;"312180";"Dionísio";"Não";"Colar Metropolitano";"Outros";NA;NA;NA;NA;NA;NA;NA;NA;NA;NA;NA;NA;NA;NA;NA;NA;NA;1;NA;NA;NA;NA;NA;NA;NA
31;"MG";3121902;"312190";"Divinésia";"Não";"-";"Outros";NA;NA;NA;NA;NA;NA;NA;NA;NA;NA;1;NA;NA;NA;1;NA;NA;NA;NA;NA;NA;NA;NA;NA;NA
31;"MG";3122009;"312200";"Divino";"Não";"-";"Outros";NA;NA;NA;NA;NA;NA;NA;NA;NA;NA;NA;NA;NA;NA;NA;NA;1;NA;1;1;NA;NA;2;NA;NA
31;"MG";3122108;"312210";"Divino das Laranjeiras";"Não";"-";"Outros";NA;NA;NA;1;NA;NA;NA;NA;1;NA;1;NA;2;1;1;NA;1;NA;NA;NA;NA;NA;NA;NA;NA
31;"MG";3122207;"312220";"Divinolândia de Minas";"Não";"-";"Outros";1;NA;NA;NA;1;NA;NA;NA;1;NA;NA;2;NA;NA;1;1;NA;NA;NA;NA;NA;NA;NA;NA;NA
31;"MG";3122306;"312230";"Divinópolis";"Não";"-";"Outros";NA;1;NA;NA;NA;NA;NA;NA;NA;NA;2;NA;1;2;NA;1;1;1;NA;NA;3;1;1;NA;NA
31;"MG";3122355;"312235";"Divisa Alegre";"Não";"-";"Outros";NA;NA;NA;3;NA;NA;NA;NA;NA;NA;NA;NA;NA;NA;NA;NA;NA;NA;NA;NA;NA;NA;1;NA;NA
31;"MG";3122470;"312247";"Dom Bosco";"Não";"-";"Outros";NA;NA;NA;1;NA;NA;NA;NA;NA;NA;1;NA;NA;NA;NA;NA;NA;1;NA;NA;NA;NA;NA;NA;NA
31;"MG";3122504;"312250";"Dom Cavati";"Não";"Colar Metropolitano";"Outros";NA;NA;NA;NA;NA;NA;NA;NA;NA;NA;NA;1;NA;NA;1;2;NA;NA;NA;NA;NA;NA;NA;NA;NA
31;"MG";3122603;"312260";"Dom Joaquim";"Não";"-";"Outros";NA;NA;NA;NA;NA;NA;NA;NA;NA;NA;NA;NA;1;NA;NA;NA;NA;NA;NA;NA;1;NA;NA;NA;NA
31;"MG";3122702;"312270";"Dom Silvério";"Não";"-";"Outros";NA;NA;NA;2;NA;NA;NA;NA;NA;NA;1;NA;NA;NA;NA;NA;NA;NA;NA;NA;NA;NA;NA;NA;NA
31;"MG";3122900;"312290";"Dona Euzébia";"Não";"-";"Outros";NA;NA;NA;NA;NA;NA;NA;NA;NA;NA;NA;NA;NA;NA;NA;NA;NA;NA;NA;NA;NA;NA;NA;NA;NA
31;"MG";3123007;"312300";"Dores de Campos";"Não";"-";"Outros";NA;NA;1;NA;NA;NA;NA;NA;NA;NA;NA;NA;NA;NA;NA;NA;NA;NA;NA;NA;NA;NA;NA;NA;NA
31;"MG";3123106;"312310";"Dores de Guanhães";"Não";"-";"Outros";NA;NA;NA;NA;NA;NA;NA;NA;NA;1;1;NA;NA;NA;NA;NA;NA;NA;1;NA;NA;NA;NA;NA;NA
31;"MG";3123205;"312320";"Dores do Indaiá";"Não";"-";"Outros";NA;NA;NA;NA;NA;NA;NA;NA;NA;1;NA;NA;NA;NA;1;NA;NA;NA;NA;1;NA;NA;NA;NA;NA
31;"MG";3123403;"312340";"Doresópolis";"Não";"-";"Outros";NA;NA;NA;NA;NA;NA;NA;NA;NA;NA;NA;NA;NA;NA;NA;NA;NA;NA;NA;NA;NA;NA;NA;NA;NA
31;"MG";3123528;"312352";"Durandé";"Não";"-";"Outros";NA;NA;NA;NA;NA;NA;NA;NA;NA;NA;NA;NA;NA;NA;NA;NA;NA;NA;NA;NA;NA;NA;NA;NA;NA
31;"MG";3123601;"312360";"Elói Mendes";"Não";"-";"Outros";NA;NA;NA;NA;NA;NA;NA;NA;NA;1;1;NA;1;NA;NA;NA;NA;NA;NA;NA;1;NA;NA;NA;NA
31;"MG";3123700;"312370";"Engenheiro Caldas";"Não";"-";"Outros";NA;NA;NA;1;2;7;NA;1;NA;5;5;1;3;NA;5;2;3;2;1;2;1;3;2;2;NA
31;"MG";3123809;"312380";"Engenheiro Navarro";"Não";"-";"Outros";NA;NA;NA;NA;NA;NA;NA;NA;NA;NA;NA;NA;NA;NA;NA;NA;NA;NA;NA;1;NA;NA;2;NA;NA
31;"MG";3123858;"312385";"Entre Folhas";"Não";"Colar Metropolitano";"Outros";NA;NA;NA;NA;NA;NA;NA;NA;NA;NA;NA;NA;1;NA;1;NA;NA;NA;NA;NA;NA;NA;NA;NA;NA
31;"MG";3123908;"312390";"Entre Rios de Minas";"Não";"-";"Outros";NA;NA;NA;1;NA;NA;NA;NA;NA;NA;1;2;NA;NA;NA;NA;NA;1;1;NA;NA;NA;NA;2;NA
31;"MG";3124005;"312400";"Ervália";"Não";"-";"Outros";NA;NA;NA;NA;NA;NA;1;NA;NA;NA;NA;NA;NA;NA;NA;NA;NA;NA;NA;NA;NA;NA;NA;NA;NA
31;"MG";3124104;"312410";"Esmeraldas";"Não";"Região Metropolitana de Belo Horizonte";"Outros";1;1;2;9;5;5;1;16;6;1;8;13;9;5;2;4;2;4;10;4;NA;NA;1;NA;NA
31;"MG";3124203;"312420";"Espera Feliz";"Não";"-";"Outros";NA;NA;NA;NA;NA;NA;NA;NA;NA;NA;1;NA;NA;NA;NA;NA;NA;NA;NA;1;NA;1;NA;NA;NA
31;"MG";3124302;"312430";"Espinosa";"Não";"-";"Outros";NA;NA;NA;NA;NA;NA;NA;NA;2;NA;NA;NA;NA;NA;NA;NA;NA;1;NA;NA;NA;NA;NA;NA;NA
31;"MG";3124401;"312440";"Espírito Santo do Dourado";"Não";"-";"Outros";NA;NA;NA;NA;NA;NA;NA;NA;NA;NA;NA;NA;NA;NA;NA;NA;NA;NA;NA;NA;NA;NA;NA;NA;NA
31;"MG";3124500;"312450";"Estiva";"Não";"-";"Outros";NA;NA;NA;NA;NA;NA;NA;NA;NA;NA;NA;NA;NA;NA;NA;NA;NA;NA;NA;NA;NA;NA;NA;NA;NA
31;"MG";3124609;"312460";"Estrela Dalva";"Não";"-";"Outros";NA;NA;NA;NA;NA;NA;NA;NA;NA;NA;NA;NA;NA;NA;NA;NA;NA;NA;NA;NA;NA;NA;NA;NA;NA
31;"MG";3124708;"312470";"Estrela do Indaiá";"Não";"-";"Outros";NA;NA;1;NA;NA;1;NA;NA;NA;NA;NA;NA;NA;NA;NA;NA;NA;NA;NA;NA;NA;NA;NA;NA;NA
31;"MG";3124807;"312480";"Estrela do Sul";"Não";"-";"Outros";NA;NA;NA;NA;NA;NA;1;NA;NA;NA;NA;NA;NA;NA;NA;3;NA;NA;NA;1;NA;NA;NA;NA;NA
31;"MG";3124906;"312490";"Eugenópolis";"Não";"-";"Outros";NA;NA;NA;NA;NA;NA;NA;NA;NA;NA;NA;NA;NA;NA;NA;NA;NA;NA;NA;NA;NA;NA;NA;NA;NA
31;"MG";3125002;"312500";"Ewbank da Câmara";"Não";"-";"Outros";NA;1;NA;1;1;NA;NA;NA;NA;NA;NA;NA;NA;NA;NA;NA;NA;NA;NA;NA;NA;NA;NA;NA;NA
31;"MG";3125101;"312510";"Extrema";"Não";"-";"Outros";NA;NA;NA;NA;NA;NA;NA;NA;NA;NA;NA;NA;NA;NA;NA;1;NA;2;1;2;2;2;NA;1;NA
31;"MG";3125200;"312520";"Fama";"Não";"-";"Outros";NA;NA;NA;NA;NA;NA;NA;NA;NA;NA;NA;NA;NA;NA;NA;NA;NA;NA;NA;NA;NA;NA;NA;NA;NA
31;"MG";3125408;"312540";"Felício dos Santos";"Não";"-";"Outros";NA;NA;NA;NA;NA;NA;NA;NA;NA;NA;1;NA;NA;NA;NA;NA;NA;NA;NA;1;NA;NA;NA;NA;NA
31;"MG";3125507;"312550";"São Gonçalo do Rio Preto";"Não";"-";"Outros";NA;NA;NA;NA;NA;NA;NA;NA;NA;NA;NA;NA;NA;NA;2;NA;NA;NA;NA;NA;NA;NA;NA;NA;NA
31;"MG";3125705;"312570";"Felixlândia";"Não";"-";"Outros";1;NA;NA;NA;1;1;NA;1;4;NA;3;2;2;2;1;NA;NA;NA;1;NA;NA;NA;NA;1;NA
31;"MG";3125804;"312580";"Fernandes Tourinho";"Não";"-";"Outros";NA;NA;NA;NA;NA;NA;NA;NA;NA;NA;1;NA;NA;NA;NA;NA;NA;NA;NA;NA;NA;NA;NA;NA;NA
31;"MG";3125903;"312590";"Ferros";"Não";"-";"Outros";NA;1;NA;NA;NA;NA;NA;NA;NA;NA;NA;NA;1;2;1;NA;1;1;NA;1;NA;NA;NA;1;NA
31;"MG";3125952;"312595";"Fervedouro";"Não";"-";"Outros";NA;NA;NA;NA;NA;NA;NA;NA;NA;NA;NA;NA;NA;NA;NA;NA;NA;NA;NA;1;NA;NA;NA;NA;NA
31;"MG";3126000;"312600";"Florestal";"Não";"Região Metropolitana de Belo Horizonte";"Outros";NA;NA;NA;NA;1;1;2;NA;2;NA;NA;NA;1;1;NA;1;1;1;NA;NA;NA;NA;NA;NA;NA
31;"MG";3126109;"312610";"Formiga";"Não";"-";"Outros";NA;NA;NA;NA;NA;NA;11;6;2;1;NA;1;3;1;2;1;2;NA;NA;NA;NA;1;NA;NA;NA
31;"MG";3126208;"312620";"Formoso";"Não";"-";"Outros";NA;NA;NA;1;NA;NA;NA;NA;NA;NA;6;NA;NA;NA;NA;NA;NA;NA;NA;NA;NA;1;NA;NA;NA
31;"MG";3126307;"312630";"Fortaleza de Minas";"Não";"-";"Outros";NA;NA;NA;NA;NA;NA;NA;NA;NA;NA;NA;NA;NA;NA;NA;NA;NA;NA;NA;1;NA;NA;NA;NA;NA
31;"MG";3126406;"312640";"Fortuna de Minas";"Não";"Colar Metropolitano de Belo Horizonte";"Outros";NA;NA;NA;NA;NA;NA;NA;NA;NA;NA;1;NA;NA;NA;NA;NA;NA;1;NA;NA;NA;NA;NA;NA;NA
31;"MG";3126505;"312650";"Francisco Badaró";"Não";"-";"Outros";NA;NA;NA;NA;NA;NA;NA;NA;1;NA;NA;NA;NA;NA;NA;NA;NA;NA;NA;NA;NA;NA;NA;NA;NA
31;"MG";3126604;"312660";"Francisco Dumont";"Não";"-";"Outros";NA;NA;NA;NA;NA;NA;NA;1;NA;NA;NA;NA;NA;NA;NA;NA;NA;NA;NA;NA;NA;NA;NA;NA;NA
31;"MG";3126703;"312670";"Francisco Sá";"Não";"-";"Outros";2;NA;2;1;NA;1;NA;NA;NA;1;NA;NA;NA;1;1;NA;1;NA;1;1;1;2;13;4;NA
31;"MG";3126752;"312675";"Franciscópolis";"Não";"-";"Outros";NA;NA;NA;NA;NA;NA;NA;NA;NA;NA;NA;NA;NA;NA;NA;NA;NA;NA;NA;1;NA;NA;NA;NA;NA
31;"MG";3126802;"312680";"Frei Gaspar";"Não";"-";"Outros";NA;NA;NA;NA;NA;NA;2;NA;NA;NA;NA;11;NA;NA;NA;1;2;2;NA;NA;NA;NA;NA;NA;NA
31;"MG";3126901;"312690";"Frei Inocêncio";"Não";"-";"Outros";NA;NA;2;NA;2;1;NA;2;NA;3;2;2;NA;1;2;NA;3;NA;NA;1;NA;1;3;NA;NA
31;"MG";3127008;"312700";"Fronteira";"Não";"-";"Outros";NA;NA;NA;NA;NA;NA;1;NA;1;NA;NA;2;5;NA;NA;3;NA;NA;1;NA;NA;1;NA;NA;NA
31;"MG";3127057;"312705";"Fronteira dos Vales";"Não";"-";"Outros";NA;NA;NA;NA;NA;NA;NA;NA;NA;NA;NA;NA;NA;NA;NA;NA;NA;NA;NA;NA;NA;NA;NA;1;NA
31;"MG";3127073;"312707";"Fruta de Leite";"Não";"-";"Outros";1;NA;NA;NA;NA;NA;NA;NA;NA;NA;NA;NA;NA;NA;NA;NA;NA;NA;2;NA;NA;NA;NA;1;NA
31;"MG";3127107;"312710";"Frutal";"Não";"-";"Outros";NA;NA;NA;NA;NA;NA;1;NA;3;NA;NA;2;NA;1;1;NA;NA;3;NA;NA;NA;1;3;NA;NA
31;"MG";3127206;"312720";"Funilândia";"Não";"Colar Metropolitano de Belo Horizonte";"Outros";NA;NA;NA;NA;NA;NA;NA;NA;1;NA;1;NA;NA;NA;NA;NA;NA;NA;NA;NA;NA;NA;NA;NA;NA
31;"MG";3127305;"312730";"Galiléia";"Não";"-";"Outros";NA;NA;NA;NA;NA;NA;NA;NA;NA;NA;NA;1;NA;NA;NA;1;1;NA;NA;2;NA;NA;2;NA;NA
31;"MG";3127339;"312733";"Gameleiras";"Não";"-";"Outros";NA;NA;NA;NA;NA;NA;NA;NA;NA;NA;NA;NA;NA;NA;NA;NA;1;NA;NA;NA;NA;NA;NA;NA;NA
31;"MG";3127370;"312737";"Goiabeira";"Não";"-";"Outros";NA;NA;NA;NA;NA;NA;NA;NA;NA;NA;NA;NA;1;2;NA;NA;NA;NA;NA;NA;NA;NA;NA;NA;NA
31;"MG";3127388;"312738";"Goianá";"Não";"-";"Outros";NA;NA;NA;NA;NA;NA;NA;NA;NA;NA;NA;NA;NA;NA;NA;NA;NA;NA;NA;NA;NA;1;NA;NA;NA
31;"MG";3127503;"312750";"Gonzaga";"Não";"-";"Outros";NA;NA;NA;NA;NA;NA;NA;NA;NA;NA;NA;NA;NA;NA;NA;NA;NA;NA;NA;NA;NA;NA;NA;NA;NA
31;"MG";3127602;"312760";"Gouveia";"Não";"-";"Outros";NA;NA;1;NA;NA;NA;1;NA;NA;1;NA;2;1;2;NA;NA;NA;NA;NA;1;2;NA;NA;1;NA
31;"MG";3127701;"312770";"Governador Valadares";"Não";"-";"Outros";1;18;19;17;22;26;21;21;27;23;47;29;29;44;27;22;14;18;15;5;3;8;8;5;NA
31;"MG";3127800;"312780";"Grão Mogol";"Não";"-";"Outros";NA;NA;3;1;NA;NA;1;2;NA;NA;NA;NA;2;1;NA;NA;NA;3;2;4;3;1;3;NA;NA
31;"MG";3128006;"312800";"Guanhães";"Não";"-";"Outros";NA;1;1;NA;2;NA;NA;2;2;NA;1;4;2;4;4;2;2;NA;6;2;3;1;NA;2;NA
31;"MG";3128105;"312810";"Guapé";"Não";"-";"Outros";NA;NA;NA;NA;NA;NA;NA;NA;NA;NA;NA;NA;NA;NA;NA;NA;NA;NA;NA;NA;NA;NA;NA;NA;NA
31;"MG";3128204;"312820";"Guaraciaba";"Não";"-";"Outros";NA;NA;NA;NA;NA;NA;1;NA;NA;NA;NA;NA;NA;NA;NA;NA;NA;NA;NA;NA;NA;NA;NA;NA;NA
31;"MG";3128253;"312825";"Guaraciama";"Não";"-";"Outros";NA;NA;NA;NA;NA;NA;NA;NA;NA;NA;NA;NA;NA;NA;NA;NA;NA;NA;NA;NA;NA;NA;1;NA;NA
31;"MG";3128303;"312830";"Guaranésia";"Não";"-";"Outros";NA;NA;NA;NA;NA;NA;NA;NA;NA;NA;NA;NA;NA;NA;NA;NA;NA;NA;NA;NA;NA;1;NA;NA;NA
31;"MG";3128402;"312840";"Guarani";"Não";"-";"Outros";NA;NA;NA;NA;NA;NA;NA;NA;NA;NA;NA;NA;NA;NA;NA;NA;NA;NA;NA;NA;NA;NA;NA;NA;NA
31;"MG";3128600;"312860";"Guarda-Mor";"Não";"-";"Outros";NA;NA;6;NA;NA;NA;NA;NA;NA;2;NA;NA;NA;NA;NA;NA;NA;NA;NA;NA;NA;NA;NA;NA;NA
31;"MG";3128709;"312870";"Guaxupé";"Não";"-";"Outros";NA;NA;NA;NA;NA;1;NA;NA;NA;NA;1;NA;NA;NA;NA;NA;NA;NA;1;NA;1;NA;1;2;NA
31;"MG";3128808;"312880";"Guidoval";"Não";"-";"Outros";NA;NA;NA;NA;NA;NA;NA;NA;NA;NA;NA;NA;NA;NA;NA;NA;NA;NA;NA;NA;NA;NA;NA;NA;NA
31;"MG";3128907;"312890";"Guimarânia";"Não";"-";"Outros";NA;NA;NA;NA;NA;NA;NA;NA;1;NA;NA;NA;NA;NA;NA;NA;NA;NA;NA;NA;NA;NA;NA;NA;NA
31;"MG";3129004;"312900";"Guiricema";"Não";"-";"Outros";NA;NA;NA;NA;NA;NA;NA;NA;NA;NA;NA;NA;NA;NA;NA;NA;NA;NA;NA;NA;NA;NA;NA;NA;NA
31;"MG";3129103;"312910";"Gurinhatã";"Não";"-";"Outros";NA;NA;NA;NA;NA;NA;NA;NA;NA;NA;NA;NA;NA;NA;NA;NA;NA;NA;NA;NA;NA;NA;1;NA;NA
31;"MG";3129202;"312920";"Heliodora";"Não";"-";"Outros";NA;NA;NA;NA;NA;NA;NA;NA;NA;NA;NA;NA;NA;1;NA;NA;NA;NA;NA;NA;NA;NA;NA;NA;NA
31;"MG";3129301;"312930";"Iapu";"Não";"Colar Metropolitano";"Outros";NA;NA;NA;NA;NA;NA;NA;NA;NA;NA;NA;NA;NA;2;NA;1;NA;NA;NA;NA;NA;NA;NA;NA;NA
31;"MG";3129400;"312940";"Ibertioga";"Não";"-";"Outros";1;NA;NA;NA;NA;NA;NA;NA;NA;NA;NA;NA;NA;NA;NA;NA;NA;1;NA;NA;NA;NA;NA;NA;NA
31;"MG";3129509;"312950";"Ibiá";"Não";"-";"Outros";1;NA;NA;NA;NA;1;2;1;3;1;1;1;1;1;1;NA;NA;NA;NA;NA;2;3;NA;2;NA
31;"MG";3129707;"312970";"Ibiraci";"Não";"-";"Outros";NA;NA;NA;NA;NA;NA;NA;NA;NA;NA;NA;NA;NA;1;NA;NA;NA;NA;NA;NA;NA;NA;NA;NA;NA
31;"MG";3129806;"312980";"Ibirité";"Não";"Região Metropolitana de Belo Horizonte";"Outros";NA;2;3;4;1;1;1;NA;NA;1;1;1;1;NA;NA;NA;2;NA;NA;NA;1;1;4;1;NA
31;"MG";3129905;"312990";"Ibitiúra de Minas";"Não";"-";"Outros";NA;NA;NA;NA;NA;NA;NA;NA;NA;NA;NA;NA;NA;NA;NA;NA;NA;NA;NA;NA;NA;NA;NA;NA;NA
31;"MG";3130051;"313005";"Icaraí de Minas";"Não";"-";"Outros";NA;NA;NA;NA;NA;NA;NA;NA;NA;NA;NA;NA;NA;NA;NA;NA;NA;NA;NA;NA;NA;NA;NA;NA;NA
31;"MG";3130101;"313010";"Igarapé";"Não";"Região Metropolitana de Belo Horizonte";"Outros";NA;2;NA;NA;NA;7;6;7;3;3;6;4;4;3;4;NA;2;NA;NA;NA;NA;2;1;2;NA
31;"MG";3130200;"313020";"Igaratinga";"Não";"-";"Outros";NA;NA;NA;1;NA;NA;1;NA;NA;2;NA;1;NA;NA;NA;1;NA;NA;NA;NA;NA;1;NA;NA;NA
31;"MG";3130309;"313030";"Iguatama";"Não";"-";"Outros";NA;NA;NA;NA;NA;NA;NA;NA;NA;NA;1;NA;NA;NA;NA;1;NA;NA;1;NA;NA;NA;NA;1;NA
31;"MG";3130408;"313040";"Ijaci";"Não";"-";"Outros";1;NA;NA;NA;NA;NA;NA;1;NA;NA;NA;NA;NA;NA;NA;NA;NA;NA;NA;NA;NA;NA;NA;NA;NA
31;"MG";3130507;"313050";"Ilicínea";"Não";"-";"Outros";NA;NA;NA;NA;NA;NA;NA;NA;NA;NA;NA;NA;NA;NA;NA;NA;NA;NA;NA;NA;NA;NA;NA;NA;NA
31;"MG";3130606;"313060";"Inconfidentes";"Não";"-";"Outros";NA;NA;NA;NA;NA;NA;NA;NA;NA;NA;NA;NA;NA;NA;NA;NA;NA;NA;NA;NA;NA;NA;NA;NA;NA
31;"MG";3130655;"313065";"Indaiabira";"Não";"-";"Outros";NA;NA;NA;NA;1;NA;NA;NA;NA;NA;NA;NA;NA;NA;NA;NA;NA;NA;1;NA;NA;NA;NA;NA;NA
31;"MG";3130705;"313070";"Indianópolis";"Não";"-";"Outros";NA;NA;NA;NA;NA;1;NA;NA;NA;NA;NA;NA;NA;1;NA;NA;NA;NA;NA;NA;NA;1;NA;NA;NA
31;"MG";3130903;"313090";"Inhapim";"Não";"-";"Outros";NA;3;NA;NA;NA;NA;NA;NA;NA;NA;NA;3;4;2;2;2;1;NA;NA;NA;NA;NA;NA;NA;NA
31;"MG";3131000;"313100";"Inhaúma";"Não";"Colar Metropolitano de Belo Horizonte";"Outros";NA;NA;NA;NA;NA;NA;NA;NA;NA;NA;NA;NA;NA;NA;1;NA;NA;NA;NA;NA;NA;NA;NA;NA;NA
31;"MG";3131109;"313110";"Inimutaba";"Não";"-";"Outros";NA;NA;NA;NA;NA;NA;2;NA;NA;NA;NA;NA;NA;1;NA;NA;NA;NA;NA;NA;NA;NA;2;1;NA
31;"MG";3131158;"313115";"Ipaba";"Não";"Colar Metropolitano";"Outros";1;NA;NA;NA;NA;2;NA;NA;NA;NA;NA;NA;1;NA;3;NA;NA;NA;NA;NA;NA;NA;NA;NA;NA
31;"MG";3131208;"313120";"Ipanema";"Não";"-";"Outros";NA;NA;NA;NA;NA;NA;NA;NA;NA;NA;NA;NA;NA;NA;NA;NA;NA;NA;1;NA;NA;NA;2;NA;NA
31;"MG";3131307;"313130";"Ipatinga";"Não";"Região Metropolitana do Vale do Aço";"Outros";NA;2;4;7;NA;NA;9;3;NA;NA;NA;20;9;10;15;9;22;22;10;11;11;13;8;12;NA
31;"MG";3131406;"313140";"Ipiaçu";"Não";"-";"Outros";NA;NA;NA;NA;NA;NA;NA;NA;NA;NA;NA;NA;NA;NA;NA;1;NA;NA;NA;NA;NA;NA;NA;NA;NA
31;"MG";3131505;"313150";"Ipuiúna";"Não";"-";"Outros";NA;NA;NA;NA;NA;NA;NA;NA;NA;NA;NA;NA;NA;NA;NA;NA;NA;NA;NA;NA;NA;1;NA;NA;NA
31;"MG";3131604;"313160";"Iraí de Minas";"Não";"-";"Outros";NA;NA;NA;NA;NA;NA;NA;NA;NA;NA;NA;NA;NA;NA;NA;NA;NA;NA;NA;NA;NA;NA;NA;NA;NA
31;"MG";3131703;"313170";"Itabira";"Não";"-";"Outros";NA;NA;NA;NA;NA;NA;4;NA;2;NA;3;4;5;2;1;NA;2;2;4;2;NA;1;1;NA;NA
31;"MG";3131802;"313180";"Itabirinha";"Não";"-";"Outros";NA;NA;NA;NA;NA;1;NA;NA;NA;NA;NA;NA;4;1;NA;NA;NA;NA;NA;NA;NA;1;1;2;NA
31;"MG";3131901;"313190";"Itabirito";"Não";"Colar Metropolitano de Belo Horizonte";"Outros";6;7;6;3;6;2;NA;5;4;5;1;NA;1;NA;NA;4;NA;NA;NA;NA;3;3;5;7;NA
31;"MG";3132008;"313200";"Itacambira";"Não";"-";"Outros";NA;NA;NA;NA;NA;NA;NA;1;NA;NA;NA;NA;NA;NA;NA;NA;NA;NA;NA;NA;NA;NA;NA;NA;NA
31;"MG";3132107;"313210";"Itacarambi";"Não";"-";"Outros";NA;1;NA;NA;1;2;1;1;NA;NA;1;NA;NA;NA;NA;NA;NA;NA;NA;NA;NA;NA;NA;NA;NA
31;"MG";3132206;"313220";"Itaguara";"Não";"Região Metropolitana de Belo Horizonte";"Outros";NA;1;NA;NA;NA;NA;NA;3;3;1;3;1;NA;NA;2;3;1;1;NA;NA;3;NA;NA;2;NA
31;"MG";3132305;"313230";"Itaipé";"Não";"-";"Outros";NA;NA;NA;NA;NA;NA;NA;NA;1;NA;1;NA;NA;NA;NA;NA;NA;3;NA;NA;1;NA;NA;NA;NA
31;"MG";3132404;"313240";"Itajubá";"Não";"-";"Outros";NA;NA;NA;NA;NA;NA;NA;NA;2;NA;NA;NA;NA;NA;NA;NA;NA;NA;NA;1;2;1;NA;NA;NA
31;"MG";3132503;"313250";"Itamarandiba";"Não";"-";"Outros";NA;NA;NA;NA;NA;2;1;NA;NA;NA;NA;NA;NA;NA;NA;NA;NA;NA;NA;NA;NA;NA;NA;2;NA
31;"MG";3132602;"313260";"Itamarati de Minas";"Não";"-";"Outros";NA;NA;NA;NA;NA;NA;NA;NA;NA;NA;NA;NA;NA;NA;NA;NA;NA;NA;1;NA;NA;NA;NA;NA;NA
31;"MG";3132701;"313270";"Itambacuri";"Não";"-";"Outros";NA;NA;NA;8;2;3;NA;1;NA;NA;NA;2;1;1;7;NA;NA;2;1;NA;NA;NA;NA;1;NA
31;"MG";3132800;"313280";"Itambé do Mato Dentro";"Não";"-";"Outros";NA;NA;NA;NA;NA;NA;NA;NA;NA;NA;NA;NA;NA;NA;NA;NA;NA;NA;NA;NA;NA;NA;NA;NA;NA
31;"MG";3132909;"313290";"Itamogi";"Não";"-";"Outros";NA;NA;NA;NA;NA;NA;NA;NA;NA;NA;NA;NA;NA;NA;NA;NA;NA;NA;NA;3;NA;1;NA;NA;NA
31;"MG";3133006;"313300";"Itamonte";"Não";"-";"Outros";NA;NA;1;NA;NA;NA;NA;NA;1;1;NA;NA;NA;NA;2;NA;NA;NA;NA;NA;NA;NA;NA;NA;NA
31;"MG";3133105;"313310";"Itanhandu";"Não";"-";"Outros";NA;NA;NA;NA;NA;NA;NA;NA;NA;NA;NA;NA;NA;NA;NA;NA;NA;NA;NA;NA;NA;NA;NA;NA;NA
31;"MG";3133204;"313320";"Itanhomi";"Não";"-";"Outros";NA;NA;NA;NA;NA;NA;NA;NA;NA;NA;NA;1;NA;NA;NA;NA;NA;1;NA;NA;NA;NA;NA;NA;NA
31;"MG";3133303;"313330";"Itaobim";"Não";"-";"Outros";2;2;NA;NA;NA;NA;1;1;NA;1;NA;NA;NA;NA;NA;1;NA;2;NA;2;NA;NA;NA;1;NA
31;"MG";3133402;"313340";"Itapagipe";"Não";"-";"Outros";NA;NA;NA;NA;NA;NA;NA;NA;NA;NA;NA;NA;NA;NA;NA;NA;NA;NA;NA;NA;NA;NA;NA;NA;NA
31;"MG";3133501;"313350";"Itapecerica";"Não";"-";"Outros";NA;NA;NA;NA;NA;NA;2;3;NA;1;NA;NA;NA;NA;2;NA;NA;NA;NA;NA;NA;NA;NA;1;NA
31;"MG";3133600;"313360";"Itapeva";"Não";"-";"Outros";NA;NA;NA;NA;NA;NA;NA;NA;NA;NA;NA;NA;NA;NA;NA;NA;NA;NA;NA;NA;NA;1;NA;NA;NA
31;"MG";3133709;"313370";"Itatiaiuçu";"Não";"Região Metropolitana de Belo Horizonte";"Outros";NA;NA;2;NA;NA;NA;1;NA;NA;3;NA;1;NA;NA;1;NA;NA;NA;NA;NA;2;NA;1;1;NA
31;"MG";3133758;"313375";"Itaú de Minas";"Não";"-";"Outros";NA;NA;NA;NA;NA;NA;NA;NA;NA;NA;NA;NA;2;NA;2;NA;NA;NA;NA;NA;NA;NA;NA;NA;NA
31;"MG";3133808;"313380";"Itaúna";"Não";"Colar Metropolitano de Belo Horizonte";"Outros";NA;NA;1;NA;3;NA;1;3;1;2;1;NA;1;1;NA;3;2;NA;NA;NA;1;NA;NA;NA;NA
31;"MG";3133907;"313390";"Itaverava";"Não";"-";"Outros";NA;NA;NA;NA;NA;NA;NA;NA;NA;NA;NA;NA;1;NA;4;1;NA;NA;1;NA;NA;1;1;NA;NA
31;"MG";3134004;"313400";"Itinga";"Não";"-";"Outros";NA;1;NA;NA;1;NA;2;NA;NA;NA;NA;NA;NA;NA;NA;NA;NA;NA;NA;NA;NA;1;NA;NA;NA
31;"MG";3134103;"313410";"Itueta";"Não";"-";"Outros";NA;NA;NA;NA;NA;NA;NA;NA;NA;NA;NA;NA;NA;NA;NA;NA;1;1;NA;NA;1;3;NA;NA;NA
31;"MG";3134202;"313420";"Ituiutaba";"Não";"-";"Outros";2;NA;2;1;3;2;NA;1;NA;NA;1;1;NA;NA;1;2;NA;1;1;1;NA;NA;NA;NA;NA
31;"MG";3134301;"313430";"Itumirim";"Não";"-";"Outros";NA;NA;NA;NA;NA;NA;NA;NA;NA;NA;NA;NA;NA;NA;NA;NA;NA;NA;NA;NA;NA;NA;NA;NA;NA
31;"MG";3134400;"313440";"Iturama";"Não";"-";"Outros";NA;NA;2;NA;NA;NA;NA;NA;NA;NA;NA;1;NA;NA;NA;NA;NA;1;NA;1;1;NA;NA;NA;NA
31;"MG";3134509;"313450";"Itutinga";"Não";"-";"Outros";NA;NA;NA;NA;NA;NA;NA;NA;NA;NA;NA;NA;NA;1;1;1;NA;NA;NA;NA;NA;NA;NA;NA;NA
31;"MG";3134608;"313460";"Jaboticatubas";"Não";"Região Metropolitana de Belo Horizonte";"Outros";1;2;NA;1;2;1;7;3;5;NA;3;4;1;2;1;NA;NA;NA;NA;NA;NA;NA;NA;NA;NA
31;"MG";3134707;"313470";"Jacinto";"Não";"-";"Outros";NA;1;NA;NA;NA;NA;NA;NA;NA;NA;NA;NA;NA;NA;NA;NA;NA;NA;NA;NA;NA;NA;NA;NA;NA
31;"MG";3134806;"313480";"Jacuí";"Não";"-";"Outros";NA;NA;NA;NA;NA;NA;NA;NA;NA;NA;NA;NA;NA;NA;NA;NA;NA;NA;NA;NA;NA;NA;NA;NA;NA
31;"MG";3134905;"313490";"Jacutinga";"Não";"-";"Outros";NA;NA;NA;NA;NA;NA;NA;NA;NA;NA;NA;NA;NA;NA;NA;NA;NA;NA;NA;NA;NA;NA;NA;1;NA
31;"MG";3135001;"313500";"Jaguaraçu";"Não";"Colar Metropolitano";"Outros";1;1;NA;NA;NA;NA;NA;NA;NA;NA;NA;NA;2;2;NA;NA;NA;1;NA;NA;NA;NA;NA;NA;NA
31;"MG";3135050;"313505";"Jaíba";"Não";"-";"Outros";NA;NA;NA;1;NA;2;NA;NA;NA;NA;NA;1;NA;NA;1;NA;NA;NA;NA;NA;1;NA;1;NA;NA
31;"MG";3135076;"313507";"Jampruca";"Não";"-";"Outros";NA;NA;NA;1;1;NA;NA;NA;NA;NA;NA;NA;NA;NA;1;NA;NA;NA;NA;3;2;NA;NA;NA;NA
31;"MG";3135100;"313510";"Janaúba";"Não";"-";"Outros";NA;NA;NA;NA;NA;1;NA;NA;NA;1;1;2;NA;2;NA;NA;NA;NA;NA;NA;1;NA;NA;2;NA
31;"MG";3135209;"313520";"Januária";"Não";"-";"Outros";NA;NA;NA;NA;NA;NA;NA;1;NA;1;3;2;4;4;1;1;NA;1;1;3;NA;NA;NA;NA;NA
31;"MG";3135308;"313530";"Japaraíba";"Não";"-";"Outros";NA;NA;NA;NA;NA;NA;NA;NA;NA;NA;NA;NA;NA;NA;1;NA;NA;NA;NA;NA;NA;NA;NA;NA;NA
31;"MG";3135357;"313535";"Japonvar";"Não";"-";"Outros";NA;NA;NA;NA;NA;NA;NA;NA;NA;NA;NA;NA;NA;NA;NA;NA;NA;NA;NA;NA;NA;NA;NA;NA;NA
31;"MG";3135407;"313540";"Jeceaba";"Não";"-";"Outros";NA;NA;NA;NA;NA;NA;NA;NA;NA;NA;NA;NA;NA;NA;NA;NA;NA;NA;NA;NA;NA;NA;2;NA;NA
31;"MG";3135506;"313550";"Jequeri";"Não";"-";"Outros";NA;1;NA;NA;NA;NA;NA;NA;NA;NA;NA;NA;NA;NA;NA;NA;NA;NA;NA;1;NA;NA;NA;NA;NA
31;"MG";3135605;"313560";"Jequitaí";"Não";"-";"Outros";NA;NA;NA;NA;NA;NA;NA;NA;NA;NA;NA;NA;NA;1;1;NA;NA;NA;NA;NA;3;1;NA;1;NA
31;"MG";3135704;"313570";"Jequitibá";"Não";"-";"Outros";NA;NA;NA;NA;NA;NA;NA;NA;1;2;1;NA;NA;NA;NA;NA;1;NA;1;NA;NA;NA;NA;NA;NA
31;"MG";3135803;"313580";"Jequitinhonha";"Não";"-";"Outros";NA;NA;NA;NA;NA;NA;NA;NA;NA;1;NA;NA;NA;NA;NA;NA;NA;NA;2;1;NA;NA;NA;NA;NA
31;"MG";3135902;"313590";"Jesuânia";"Não";"-";"Outros";NA;NA;NA;NA;NA;NA;NA;NA;NA;NA;NA;NA;NA;NA;NA;NA;NA;NA;NA;NA;NA;NA;NA;NA;NA
31;"MG";3136009;"313600";"Joaíma";"Não";"-";"Outros";NA;NA;NA;NA;1;NA;NA;NA;NA;NA;NA;NA;NA;1;NA;NA;NA;NA;NA;NA;1;2;NA;NA;NA
31;"MG";3136108;"313610";"Joanésia";"Não";"Colar Metropolitano";"Outros";NA;NA;NA;NA;NA;NA;NA;NA;NA;NA;NA;NA;NA;NA;1;NA;NA;NA;NA;NA;NA;NA;NA;NA;NA
31;"MG";3136207;"313620";"João Monlevade";"Não";"-";"Outros";NA;NA;NA;7;5;6;2;11;4;2;6;NA;NA;NA;NA;2;2;4;6;1;2;4;7;6;NA
31;"MG";3136306;"313630";"João Pinheiro";"Não";"-";"Outros";NA;NA;1;2;4;1;3;NA;1;9;5;1;NA;NA;NA;NA;NA;NA;NA;1;3;4;2;NA;NA
31;"MG";3136405;"313640";"Joaquim Felício";"Não";"-";"Outros";NA;NA;NA;NA;NA;NA;NA;1;NA;NA;NA;NA;NA;NA;NA;1;NA;NA;NA;NA;NA;2;NA;NA;NA
31;"MG";3136520;"313652";"José Gonçalves de Minas";"Não";"-";"Outros";NA;NA;NA;NA;NA;1;NA;NA;NA;NA;NA;NA;NA;NA;NA;NA;NA;NA;1;NA;NA;NA;NA;NA;NA
31;"MG";3136603;"313660";"Nova União";"Não";"Região Metropolitana de Belo Horizonte";"Outros";1;NA;NA;1;2;5;4;3;9;3;NA;NA;4;NA;6;NA;NA;2;NA;NA;NA;NA;NA;NA;NA
31;"MG";3136652;"313665";"Juatuba";"Não";"Região Metropolitana de Belo Horizonte";"Outros";3;3;7;2;3;9;4;9;11;4;4;4;4;2;2;1;1;5;1;NA;NA;NA;3;4;NA
31;"MG";3136702;"313670";"Juiz de Fora";"Não";"-";"Outros";5;4;1;NA;NA;4;1;1;6;4;6;2;3;2;3;5;11;4;1;1;NA;2;3;1;NA
31;"MG";3136801;"313680";"Juramento";"Não";"-";"Outros";NA;NA;NA;NA;1;NA;NA;1;NA;NA;NA;NA;NA;NA;NA;NA;NA;NA;NA;NA;NA;NA;NA;NA;NA
31;"MG";3136900;"313690";"Juruaia";"Não";"-";"Outros";NA;NA;NA;NA;NA;NA;NA;NA;NA;NA;NA;NA;NA;NA;NA;NA;NA;NA;NA;NA;NA;NA;NA;NA;NA
31;"MG";3137007;"313700";"Ladainha";"Não";"-";"Outros";NA;NA;NA;NA;1;NA;NA;NA;NA;1;NA;NA;NA;1;NA;NA;NA;NA;NA;1;NA;NA;NA;NA;NA
31;"MG";3137106;"313710";"Lagamar";"Não";"-";"Outros";NA;NA;NA;NA;NA;NA;NA;NA;NA;NA;NA;NA;1;NA;NA;NA;NA;1;NA;NA;NA;NA;1;NA;NA
31;"MG";3137205;"313720";"Lagoa da Prata";"Não";"-";"Outros";NA;1;1;NA;2;NA;2;4;2;NA;NA;NA;NA;2;NA;1;2;NA;NA;NA;NA;NA;NA;NA;NA
31;"MG";3137403;"313740";"Lagoa Dourada";"Não";"-";"Outros";NA;NA;NA;1;NA;1;NA;NA;NA;NA;1;NA;NA;NA;NA;1;NA;1;1;1;NA;NA;1;NA;NA
31;"MG";3137502;"313750";"Lagoa Formosa";"Não";"-";"Outros";NA;NA;NA;NA;NA;NA;NA;NA;NA;NA;NA;NA;NA;NA;NA;NA;NA;NA;1;NA;NA;NA;NA;NA;NA
31;"MG";3137536;"313753";"Lagoa Grande";"Não";"-";"Outros";NA;NA;NA;NA;NA;NA;NA;NA;NA;NA;NA;NA;NA;1;NA;NA;NA;NA;NA;NA;NA;NA;NA;1;NA
31;"MG";3137601;"313760";"Lagoa Santa";"Não";"Região Metropolitana de Belo Horizonte";"Outros";4;4;NA;3;1;2;6;1;2;NA;1;1;NA;NA;NA;NA;NA;NA;NA;NA;NA;NA;NA;NA;NA
31;"MG";3137700;"313770";"Lajinha";"Não";"-";"Outros";NA;NA;NA;NA;NA;NA;NA;NA;NA;NA;NA;1;NA;1;NA;1;NA;NA;NA;NA;NA;1;1;NA;NA
31;"MG";3137809;"313780";"Lambari";"Não";"-";"Outros";NA;NA;NA;NA;NA;NA;NA;NA;NA;NA;NA;NA;NA;NA;NA;NA;NA;NA;NA;NA;NA;NA;NA;NA;NA
31;"MG";3137908;"313790";"Lamim";"Não";"-";"Outros";NA;NA;NA;NA;NA;NA;NA;NA;NA;NA;NA;NA;NA;NA;NA;NA;NA;NA;NA;NA;NA;NA;NA;NA;NA
31;"MG";3138005;"313800";"Laranjal";"Não";"-";"Outros";NA;NA;1;NA;NA;NA;NA;NA;NA;NA;NA;NA;NA;NA;NA;NA;NA;NA;NA;NA;NA;NA;1;NA;NA
31;"MG";3138104;"313810";"Lassance";"Não";"-";"Outros";NA;NA;NA;NA;NA;NA;NA;NA;NA;NA;NA;NA;NA;NA;NA;NA;NA;NA;1;NA;NA;NA;NA;1;NA
31;"MG";3138203;"313820";"Lavras";"Não";"-";"Outros";6;6;2;4;2;2;NA;3;3;NA;1;2;3;NA;1;1;NA;NA;2;NA;1;NA;NA;1;NA
31;"MG";3138302;"313830";"Leandro Ferreira";"Não";"-";"Outros";NA;NA;NA;NA;NA;NA;NA;NA;1;NA;NA;NA;NA;NA;NA;NA;NA;NA;NA;NA;NA;NA;NA;NA;NA
31;"MG";3138351;"313835";"Leme do Prado";"Não";"-";"Outros";NA;NA;NA;NA;NA;NA;NA;NA;NA;NA;NA;NA;NA;NA;NA;NA;NA;NA;NA;NA;1;NA;NA;NA;NA
31;"MG";3138401;"313840";"Leopoldina";"Não";"-";"Outros";NA;2;1;2;NA;NA;NA;1;NA;NA;2;NA;1;1;2;NA;NA;NA;NA;NA;NA;3;1;NA;NA
31;"MG";3138500;"313850";"Liberdade";"Não";"-";"Outros";NA;NA;NA;NA;NA;NA;NA;NA;NA;NA;NA;NA;NA;NA;NA;NA;NA;NA;NA;NA;NA;NA;NA;NA;NA
31;"MG";3138609;"313860";"Lima Duarte";"Não";"-";"Outros";NA;NA;NA;NA;NA;NA;NA;NA;NA;1;NA;NA;NA;NA;NA;NA;NA;NA;2;NA;NA;NA;NA;NA;NA
31;"MG";3138625;"313862";"Limeira do Oeste";"Não";"-";"Outros";NA;NA;NA;NA;NA;NA;NA;NA;NA;NA;NA;NA;NA;NA;NA;1;NA;NA;NA;NA;NA;NA;NA;NA;NA
31;"MG";3138658;"313865";"Lontra";"Não";"-";"Outros";1;NA;NA;NA;NA;NA;1;NA;NA;NA;NA;NA;NA;NA;NA;NA;NA;NA;NA;NA;NA;NA;NA;NA;NA
31;"MG";3138708;"313870";"Luminárias";"Não";"-";"Outros";NA;NA;NA;NA;NA;NA;1;NA;NA;NA;NA;NA;NA;NA;NA;NA;NA;NA;NA;NA;NA;NA;NA;NA;NA
31;"MG";3138807;"313880";"Luz";"Não";"-";"Outros";NA;3;4;1;3;3;1;1;NA;3;1;3;2;6;9;2;4;1;1;2;NA;2;2;1;NA
31;"MG";3138906;"313890";"Machacalis";"Não";"-";"Outros";NA;NA;NA;NA;NA;NA;NA;NA;NA;NA;NA;NA;NA;NA;NA;NA;NA;NA;NA;NA;3;NA;2;NA;NA
31;"MG";3139003;"313900";"Machado";"Não";"-";"Outros";NA;NA;NA;NA;NA;NA;NA;NA;NA;NA;NA;NA;NA;NA;NA;NA;NA;NA;NA;NA;NA;NA;NA;NA;NA
31;"MG";3139102;"313910";"Madre de Deus de Minas";"Não";"-";"Outros";NA;NA;NA;NA;1;NA;NA;NA;NA;NA;NA;NA;NA;NA;NA;NA;NA;NA;NA;NA;NA;NA;NA;NA;NA
31;"MG";3139201;"313920";"Malacacheta";"Não";"-";"Outros";NA;NA;NA;2;1;NA;NA;1;1;NA;NA;NA;NA;NA;NA;1;NA;1;1;1;NA;NA;NA;1;NA
31;"MG";3139300;"313930";"Manga";"Não";"-";"Outros";NA;NA;1;NA;NA;NA;NA;NA;NA;NA;NA;NA;2;NA;NA;1;NA;NA;NA;NA;NA;NA;NA;NA;NA
31;"MG";3139409;"313940";"Manhuaçu";"Não";"-";"Outros";1;NA;NA;NA;1;2;NA;2;1;3;2;1;NA;NA;NA;NA;NA;NA;NA;2;NA;1;2;2;NA
31;"MG";3139508;"313950";"Manhumirim";"Não";"-";"Outros";NA;1;NA;NA;NA;NA;NA;NA;NA;NA;NA;NA;NA;NA;NA;NA;NA;NA;NA;NA;NA;NA;NA;NA;NA
31;"MG";3139607;"313960";"Mantena";"Não";"-";"Outros";NA;NA;NA;NA;NA;NA;NA;NA;NA;1;2;2;NA;NA;NA;NA;1;2;2;1;NA;NA;2;NA;NA
31;"MG";3139706;"313970";"Maravilhas";"Não";"-";"Outros";NA;NA;NA;NA;NA;NA;NA;NA;NA;1;NA;NA;NA;NA;NA;NA;1;1;NA;NA;NA;NA;NA;2;NA
31;"MG";3139805;"313980";"Mar de Espanha";"Não";"-";"Outros";NA;NA;NA;NA;NA;NA;NA;NA;NA;NA;1;NA;NA;NA;NA;NA;NA;NA;NA;NA;NA;NA;NA;NA;NA
31;"MG";3139904;"313990";"Maria da Fé";"Não";"-";"Outros";NA;NA;NA;NA;NA;NA;NA;NA;NA;NA;NA;NA;NA;NA;NA;NA;NA;NA;NA;NA;NA;NA;NA;NA;NA
31;"MG";3140001;"314000";"Mariana";"Não";"-";"Outros";2;NA;NA;NA;NA;NA;NA;NA;NA;NA;NA;NA;3;4;NA;1;NA;NA;1;1;NA;1;NA;NA;NA
31;"MG";3140100;"314010";"Marilac";"Não";"-";"Outros";NA;NA;NA;NA;NA;NA;NA;NA;NA;NA;1;2;NA;NA;NA;NA;NA;NA;NA;NA;NA;1;NA;NA;NA
31;"MG";3140159;"314015";"Mário Campos";"Não";"Região Metropolitana de Belo Horizonte";"Outros";NA;NA;NA;NA;NA;NA;1;NA;NA;NA;NA;1;NA;NA;2;NA;NA;NA;NA;NA;NA;NA;NA;NA;NA
31;"MG";3140209;"314020";"Maripá de Minas";"Não";"-";"Outros";NA;NA;NA;NA;NA;NA;NA;NA;NA;NA;NA;NA;NA;1;NA;NA;NA;NA;NA;NA;NA;NA;NA;NA;NA
31;"MG";3140506;"314050";"Martinho Campos";"Não";"-";"Outros";NA;NA;NA;NA;NA;NA;1;NA;NA;NA;3;NA;NA;NA;NA;2;1;1;NA;NA;NA;1;NA;3;NA
31;"MG";3140530;"314053";"Martins Soares";"Não";"-";"Outros";NA;NA;NA;NA;NA;NA;NA;NA;NA;NA;NA;NA;1;NA;NA;NA;NA;NA;NA;NA;NA;NA;NA;NA;NA
31;"MG";3140555;"314055";"Mata Verde";"Não";"-";"Outros";NA;NA;NA;NA;NA;NA;NA;NA;NA;NA;NA;NA;NA;NA;NA;NA;NA;1;NA;NA;NA;1;NA;NA;NA
31;"MG";3140605;"314060";"Materlândia";"Não";"-";"Outros";NA;NA;NA;NA;NA;NA;NA;NA;NA;NA;1;NA;NA;NA;NA;NA;NA;NA;NA;NA;NA;1;NA;NA;NA
31;"MG";3140704;"314070";"Mateus Leme";"Não";"Região Metropolitana de Belo Horizonte";"Outros";2;NA;1;4;2;6;2;1;3;2;NA;1;1;1;4;3;NA;2;2;2;NA;3;NA;2;NA
31;"MG";3140803;"314080";"Matias Barbosa";"Não";"-";"Outros";1;NA;NA;NA;NA;NA;NA;NA;NA;NA;NA;NA;NA;NA;NA;NA;NA;NA;NA;NA;NA;NA;NA;NA;NA
31;"MG";3140852;"314085";"Matias Cardoso";"Não";"-";"Outros";NA;NA;NA;NA;NA;NA;NA;NA;NA;NA;NA;1;1;NA;1;NA;NA;NA;NA;NA;1;NA;NA;NA;NA
31;"MG";3140902;"314090";"Matipó";"Não";"-";"Outros";NA;1;NA;NA;1;NA;NA;NA;NA;NA;NA;NA;1;NA;NA;NA;NA;NA;NA;NA;NA;NA;NA;NA;NA
31;"MG";3141009;"314100";"Mato Verde";"Não";"-";"Outros";NA;NA;NA;NA;NA;NA;NA;NA;NA;NA;1;1;NA;1;NA;NA;NA;3;NA;1;NA;NA;NA;NA;NA
31;"MG";3141108;"314110";"Matozinhos";"Não";"Região Metropolitana de Belo Horizonte";"Outros";NA;NA;NA;NA;NA;1;NA;NA;NA;NA;NA;NA;NA;NA;NA;NA;NA;NA;NA;NA;1;NA;NA;NA;NA
31;"MG";3141207;"314120";"Matutina";"Não";"-";"Outros";NA;NA;NA;NA;NA;NA;NA;NA;NA;NA;NA;NA;NA;NA;NA;NA;NA;NA;NA;NA;NA;NA;NA;NA;NA
31;"MG";3141306;"314130";"Medeiros";"Não";"-";"Outros";NA;NA;NA;NA;NA;1;NA;NA;NA;NA;NA;NA;NA;NA;NA;NA;NA;NA;NA;NA;NA;NA;NA;NA;NA
31;"MG";3141405;"314140";"Medina";"Não";"-";"Outros";NA;NA;NA;NA;2;2;1;NA;NA;NA;NA;NA;1;1;1;NA;NA;NA;NA;3;1;NA;NA;NA;NA
31;"MG";3141504;"314150";"Mendes Pimentel";"Não";"-";"Outros";NA;NA;NA;NA;NA;NA;NA;NA;NA;4;1;NA;2;NA;NA;NA;NA;1;NA;NA;NA;NA;1;NA;NA
31;"MG";3141603;"314160";"Mercês";"Não";"-";"Outros";NA;NA;NA;NA;NA;NA;NA;NA;NA;NA;NA;NA;NA;NA;NA;NA;NA;NA;NA;NA;NA;NA;NA;NA;NA
31;"MG";3141702;"314170";"Mesquita";"Não";"Colar Metropolitano";"Outros";NA;NA;NA;NA;NA;NA;NA;NA;NA;NA;NA;NA;NA;NA;NA;NA;NA;NA;NA;NA;NA;NA;NA;NA;NA
31;"MG";3141801;"314180";"Minas Novas";"Não";"-";"Outros";NA;2;NA;NA;1;NA;2;NA;NA;NA;1;NA;NA;NA;NA;NA;NA;NA;NA;NA;NA;NA;NA;NA;NA
31;"MG";3141900;"314190";"Minduri";"Não";"-";"Outros";NA;NA;NA;NA;NA;NA;NA;NA;NA;NA;NA;NA;NA;NA;NA;NA;NA;NA;1;NA;NA;NA;NA;NA;NA
31;"MG";3142007;"314200";"Mirabela";"Não";"-";"Outros";NA;NA;1;NA;NA;NA;NA;1;NA;NA;NA;NA;NA;NA;NA;NA;1;NA;NA;1;NA;NA;NA;1;NA
31;"MG";3142106;"314210";"Miradouro";"Não";"-";"Outros";NA;NA;NA;NA;NA;NA;NA;NA;NA;NA;NA;NA;NA;NA;NA;NA;NA;NA;NA;1;NA;NA;NA;NA;NA
31;"MG";3142205;"314220";"Miraí";"Não";"-";"Outros";NA;NA;NA;1;NA;NA;NA;NA;NA;NA;NA;NA;NA;NA;NA;NA;NA;NA;NA;NA;2;NA;NA;NA;NA
31;"MG";3142254;"314225";"Miravânia";"Não";"-";"Outros";NA;NA;NA;NA;NA;NA;NA;NA;NA;NA;NA;NA;NA;1;NA;NA;NA;NA;NA;NA;NA;NA;NA;NA;NA
31;"MG";3142304;"314230";"Moeda";"Não";"Colar Metropolitano de Belo Horizonte";"Outros";1;NA;2;NA;NA;NA;NA;NA;NA;NA;NA;NA;1;NA;NA;1;NA;NA;NA;NA;NA;NA;NA;1;NA
31;"MG";3142403;"314240";"Moema";"Não";"-";"Outros";NA;NA;NA;NA;NA;NA;1;NA;NA;NA;NA;NA;NA;1;1;NA;NA;NA;NA;NA;NA;NA;1;NA;NA
31;"MG";3142601;"314260";"Monsenhor Paulo";"Não";"-";"Outros";NA;NA;NA;NA;NA;NA;NA;NA;NA;NA;NA;NA;NA;NA;NA;NA;NA;1;NA;NA;1;NA;NA;NA;NA
31;"MG";3142700;"314270";"Montalvânia";"Não";"-";"Outros";NA;NA;NA;NA;NA;NA;NA;NA;NA;NA;NA;1;NA;2;NA;1;NA;NA;NA;NA;NA;NA;NA;NA;NA
31;"MG";3142809;"314280";"Monte Alegre de Minas";"Não";"-";"Outros";NA;NA;NA;1;NA;NA;2;NA;NA;NA;NA;NA;NA;NA;NA;NA;1;NA;NA;1;NA;3;1;1;NA
31;"MG";3142908;"314290";"Monte Azul";"Não";"-";"Outros";NA;NA;NA;NA;NA;NA;NA;NA;NA;NA;NA;NA;3;NA;NA;NA;NA;NA;3;NA;1;NA;1;1;NA
31;"MG";3143005;"314300";"Monte Belo";"Não";"-";"Outros";NA;1;1;NA;NA;NA;NA;NA;NA;NA;NA;NA;NA;NA;NA;NA;NA;NA;NA;NA;1;NA;1;NA;NA
31;"MG";3143104;"314310";"Monte Carmelo";"Não";"-";"Outros";NA;NA;NA;1;NA;NA;1;1;NA;NA;1;NA;NA;NA;1;2;NA;NA;1;1;NA;2;1;2;NA
31;"MG";3143203;"314320";"Monte Santo de Minas";"Não";"-";"Outros";NA;NA;NA;NA;NA;NA;NA;NA;NA;NA;NA;NA;NA;NA;NA;NA;NA;NA;NA;NA;NA;NA;NA;NA;NA
31;"MG";3143302;"314330";"Montes Claros";"Não";"-";"Outros";4;4;13;8;4;7;17;24;30;12;1;1;3;2;5;7;1;5;11;18;8;10;5;13;NA
31;"MG";3143401;"314340";"Monte Sião";"Não";"-";"Outros";NA;NA;NA;NA;NA;NA;NA;NA;NA;NA;NA;NA;NA;NA;NA;NA;NA;NA;NA;NA;NA;NA;NA;1;NA
31;"MG";3143450;"314345";"Montezuma";"Não";"-";"Outros";NA;NA;NA;NA;NA;NA;NA;NA;NA;NA;NA;NA;NA;NA;NA;NA;NA;NA;NA;NA;NA;NA;NA;NA;NA
31;"MG";3143500;"314350";"Morada Nova de Minas";"Não";"-";"Outros";NA;NA;1;NA;NA;NA;NA;NA;NA;NA;NA;NA;NA;NA;NA;NA;NA;NA;NA;NA;NA;NA;NA;NA;NA
31;"MG";3143609;"314360";"Morro da Garça";"Não";"-";"Outros";NA;NA;NA;NA;NA;NA;NA;NA;NA;NA;1;NA;NA;NA;NA;NA;NA;NA;NA;NA;NA;NA;NA;NA;NA
31;"MG";3143807;"314380";"Munhoz";"Não";"-";"Outros";NA;NA;NA;NA;NA;NA;NA;NA;NA;NA;NA;NA;NA;NA;NA;NA;NA;NA;NA;NA;NA;1;NA;NA;NA
31;"MG";3143906;"314390";"Muriaé";"Não";"-";"Outros";NA;NA;NA;NA;NA;NA;NA;NA;NA;NA;NA;NA;2;NA;NA;NA;NA;3;9;7;4;5;4;7;NA
31;"MG";3144003;"314400";"Mutum";"Não";"-";"Outros";NA;NA;NA;NA;NA;NA;NA;NA;NA;1;NA;NA;NA;1;NA;1;NA;1;1;NA;1;NA;NA;NA;NA
31;"MG";3144102;"314410";"Muzambinho";"Não";"-";"Outros";NA;NA;NA;NA;NA;NA;NA;NA;NA;NA;NA;NA;NA;NA;NA;NA;NA;NA;1;NA;NA;1;NA;NA;NA
31;"MG";3144201;"314420";"Nacip Raydan";"Não";"-";"Outros";NA;NA;NA;NA;NA;NA;NA;NA;NA;NA;NA;NA;NA;NA;1;NA;NA;NA;NA;NA;NA;NA;NA;NA;NA
31;"MG";3144300;"314430";"Nanuque";"Não";"-";"Outros";NA;NA;NA;NA;1;NA;NA;NA;NA;2;NA;1;NA;NA;1;2;NA;NA;NA;1;5;1;NA;NA;NA
31;"MG";3144359;"314435";"Naque";"Não";"Colar Metropolitano";"Outros";NA;NA;NA;NA;NA;NA;NA;NA;NA;NA;1;NA;NA;NA;1;1;NA;NA;1;NA;2;1;NA;NA;NA
31;"MG";3144375;"314437";"Natalândia";"Não";"-";"Outros";NA;NA;NA;NA;NA;NA;NA;NA;NA;NA;NA;NA;NA;NA;NA;NA;NA;NA;NA;NA;NA;2;1;NA;NA
31;"MG";3144409;"314440";"Natércia";"Não";"-";"Outros";NA;NA;NA;NA;NA;NA;NA;NA;NA;NA;NA;NA;NA;NA;NA;NA;NA;NA;NA;NA;NA;NA;NA;NA;NA
31;"MG";3144508;"314450";"Nazareno";"Não";"-";"Outros";NA;NA;NA;1;NA;1;NA;NA;NA;1;NA;1;NA;NA;NA;NA;NA;NA;NA;NA;1;NA;NA;NA;NA
31;"MG";3144607;"314460";"Nepomuceno";"Não";"-";"Outros";NA;NA;NA;NA;NA;NA;NA;NA;NA;NA;NA;NA;NA;NA;NA;NA;NA;NA;NA;NA;NA;NA;NA;NA;NA
31;"MG";3144656;"314465";"Ninheira";"Não";"-";"Outros";NA;NA;NA;NA;NA;NA;NA;NA;NA;NA;NA;NA;NA;NA;NA;NA;NA;NA;1;NA;NA;NA;NA;NA;NA
31;"MG";3144672;"314467";"Nova Belém";"Não";"-";"Outros";NA;NA;NA;NA;NA;NA;NA;NA;NA;NA;1;NA;NA;NA;NA;NA;NA;1;NA;NA;NA;NA;NA;NA;NA
31;"MG";3144706;"314470";"Nova Era";"Não";"-";"Outros";2;NA;2;NA;1;NA;NA;4;4;2;NA;1;3;1;2;1;3;1;1;3;1;7;NA;4;NA
31;"MG";3144805;"314480";"Nova Lima";"Não";"Região Metropolitana de Belo Horizonte";"Outros";1;NA;NA;2;7;17;3;2;2;10;8;2;6;1;5;8;5;1;7;1;1;2;1;2;NA
31;"MG";3144904;"314490";"Nova Módica";"Não";"-";"Outros";NA;NA;NA;NA;NA;NA;NA;NA;NA;NA;NA;NA;NA;NA;1;1;NA;NA;NA;NA;NA;NA;NA;1;NA
31;"MG";3145000;"314500";"Nova Ponte";"Não";"-";"Outros";NA;NA;NA;1;NA;2;NA;NA;NA;NA;NA;3;NA;1;NA;NA;NA;NA;NA;NA;NA;1;NA;NA;NA
31;"MG";3145059;"314505";"Nova Porteirinha";"Não";"-";"Outros";NA;NA;NA;NA;NA;NA;1;NA;NA;NA;NA;NA;NA;NA;NA;1;NA;NA;NA;NA;NA;NA;NA;NA;NA
31;"MG";3145109;"314510";"Nova Resende";"Não";"-";"Outros";NA;NA;NA;NA;NA;NA;NA;NA;NA;NA;NA;NA;NA;1;NA;NA;NA;NA;NA;NA;NA;1;NA;NA;NA
31;"MG";3145208;"314520";"Nova Serrana";"Não";"-";"Outros";NA;3;1;2;NA;3;6;12;9;5;4;NA;NA;2;NA;8;1;2;NA;NA;NA;2;1;3;NA
31;"MG";3145307;"314530";"Novo Cruzeiro";"Não";"-";"Outros";NA;NA;NA;NA;NA;NA;NA;NA;NA;NA;NA;1;1;NA;NA;NA;NA;1;2;1;NA;NA;1;1;NA
31;"MG";3145356;"314535";"Novo Oriente de Minas";"Não";"-";"Outros";NA;NA;NA;NA;1;NA;NA;NA;NA;NA;NA;NA;1;NA;NA;NA;NA;NA;NA;NA;1;1;NA;NA;NA
31;"MG";3145406;"314540";"Olaria";"Não";"-";"Outros";NA;NA;NA;NA;NA;NA;NA;NA;NA;NA;NA;NA;NA;NA;NA;NA;NA;NA;NA;NA;NA;NA;NA;1;NA
31;"MG";3145455;"314545";"Olhos-d'Água";"Não";"-";"Outros";NA;NA;NA;NA;NA;NA;1;NA;NA;NA;NA;NA;NA;NA;NA;NA;NA;NA;NA;NA;NA;NA;NA;NA;NA
31;"MG";3145604;"314560";"Oliveira";"Não";"-";"Outros";NA;NA;NA;3;2;NA;2;2;2;3;NA;2;1;4;1;5;3;NA;NA;NA;NA;2;NA;NA;NA
31;"MG";3145703;"314570";"Oliveira Fortes";"Não";"-";"Outros";NA;NA;NA;NA;NA;NA;NA;NA;NA;NA;NA;NA;NA;NA;NA;NA;NA;NA;NA;NA;NA;NA;1;NA;NA
31;"MG";3145802;"314580";"Onça de Pitangui";"Não";"-";"Outros";NA;NA;NA;NA;NA;NA;NA;NA;NA;1;NA;NA;NA;NA;NA;NA;1;NA;NA;NA;NA;NA;NA;NA;NA
31;"MG";3145851;"314585";"Oratórios";"Não";"-";"Outros";NA;NA;NA;NA;NA;NA;1;NA;NA;NA;NA;NA;NA;NA;NA;NA;NA;NA;NA;NA;NA;NA;1;NA;NA
31;"MG";3145877;"314587";"Orizânia";"Não";"-";"Outros";NA;NA;NA;NA;NA;NA;NA;NA;NA;NA;NA;NA;NA;NA;NA;NA;NA;NA;NA;NA;NA;NA;NA;NA;NA
31;"MG";3145901;"314590";"Ouro Branco";"Não";"-";"Outros";NA;NA;NA;4;NA;NA;NA;NA;NA;1;NA;2;NA;NA;NA;NA;NA;1;NA;NA;NA;1;1;NA;NA
31;"MG";3146008;"314600";"Ouro Fino";"Não";"-";"Outros";NA;NA;NA;NA;NA;NA;NA;NA;NA;NA;NA;NA;NA;NA;NA;NA;NA;NA;NA;NA;1;NA;NA;1;NA
31;"MG";3146107;"314610";"Ouro Preto";"Não";"-";"Outros";1;3;2;NA;1;1;NA;1;2;NA;1;2;NA;1;4;4;1;6;1;3;3;2;9;2;NA
31;"MG";3146206;"314620";"Ouro Verde de Minas";"Não";"-";"Outros";NA;NA;NA;NA;NA;NA;NA;NA;NA;NA;NA;NA;NA;NA;NA;NA;NA;NA;1;NA;1;NA;NA;NA;NA
31;"MG";3146255;"314625";"Padre Carvalho";"Não";"-";"Outros";NA;NA;NA;NA;NA;NA;NA;NA;NA;NA;NA;NA;NA;NA;NA;NA;NA;NA;1;NA;NA;NA;NA;1;NA
31;"MG";3146305;"314630";"Padre Paraíso";"Não";"-";"Outros";NA;NA;NA;NA;9;NA;NA;2;3;2;NA;NA;NA;2;1;1;6;NA;3;NA;NA;NA;NA;NA;NA
31;"MG";3146404;"314640";"Paineiras";"Não";"-";"Outros";NA;NA;NA;NA;NA;NA;NA;NA;NA;NA;NA;NA;NA;NA;NA;NA;NA;NA;NA;NA;NA;NA;NA;NA;NA
31;"MG";3146503;"314650";"Pains";"Não";"-";"Outros";NA;NA;NA;NA;NA;NA;NA;NA;NA;NA;NA;NA;NA;1;1;NA;NA;NA;NA;NA;NA;NA;NA;NA;NA
31;"MG";3146602;"314660";"Paiva";"Não";"-";"Outros";NA;NA;NA;NA;NA;NA;NA;NA;NA;NA;NA;NA;NA;NA;NA;NA;NA;NA;NA;NA;NA;NA;NA;NA;NA
31;"MG";3146701;"314670";"Palma";"Não";"-";"Outros";NA;NA;NA;NA;NA;NA;NA;NA;NA;NA;NA;NA;NA;NA;NA;NA;NA;NA;NA;NA;NA;NA;NA;NA;NA
31;"MG";3146750;"314675";"Palmópolis";"Não";"-";"Outros";NA;NA;NA;NA;1;NA;NA;NA;NA;NA;NA;NA;NA;NA;NA;NA;NA;NA;NA;NA;NA;NA;NA;NA;NA
31;"MG";3146909;"314690";"Papagaios";"Não";"-";"Outros";NA;NA;NA;NA;NA;NA;NA;NA;1;NA;1;2;NA;NA;NA;NA;NA;NA;NA;NA;NA;NA;NA;1;NA
31;"MG";3147006;"314700";"Paracatu";"Não";"-";"Outros";3;4;8;7;10;11;12;14;19;25;10;12;17;NA;2;1;6;NA;NA;NA;NA;1;NA;NA;NA
31;"MG";3147105;"314710";"Pará de Minas";"Não";"Colar Metropolitano de Belo Horizonte";"Outros";2;1;1;NA;NA;1;NA;NA;2;NA;NA;1;NA;1;1;1;NA;2;3;1;2;4;2;1;NA
31;"MG";3147204;"314720";"Paraguaçu";"Não";"-";"Outros";NA;NA;NA;NA;NA;NA;NA;NA;NA;NA;NA;NA;NA;NA;NA;NA;NA;NA;1;NA;NA;NA;NA;NA;NA
31;"MG";3147303;"314730";"Paraisópolis";"Não";"-";"Outros";NA;NA;NA;NA;NA;NA;NA;NA;NA;NA;NA;1;NA;NA;NA;NA;NA;NA;NA;NA;NA;NA;NA;NA;NA
31;"MG";3147402;"314740";"Paraopeba";"Não";"-";"Outros";NA;NA;NA;NA;2;1;1;NA;NA;NA;NA;NA;NA;NA;2;NA;NA;NA;NA;NA;NA;NA;NA;1;NA
31;"MG";3147501;"314750";"Passabém";"Não";"-";"Outros";NA;NA;NA;NA;NA;NA;NA;NA;NA;NA;NA;NA;NA;NA;NA;NA;NA;NA;NA;NA;1;NA;NA;NA;NA
31;"MG";3147600;"314760";"Passa Quatro";"Não";"-";"Outros";1;NA;NA;NA;NA;NA;NA;NA;NA;NA;NA;NA;NA;NA;NA;NA;NA;NA;NA;NA;NA;NA;NA;NA;NA
31;"MG";3147709;"314770";"Passa Tempo";"Não";"-";"Outros";NA;NA;NA;NA;NA;NA;NA;NA;NA;NA;NA;NA;NA;NA;NA;1;NA;NA;NA;NA;NA;NA;NA;NA;NA
31;"MG";3147907;"314790";"Passos";"Não";"-";"Outros";NA;NA;NA;1;1;NA;1;NA;1;1;3;2;3;3;NA;NA;NA;2;1;NA;NA;1;NA;1;NA
31;"MG";3147956;"314795";"Patis";"Não";"-";"Outros";NA;NA;NA;NA;NA;NA;NA;NA;NA;NA;NA;NA;NA;NA;NA;NA;NA;NA;NA;1;NA;NA;NA;NA;NA
31;"MG";3148004;"314800";"Patos de Minas";"Não";"-";"Outros";NA;2;2;3;5;3;7;4;5;8;9;6;2;4;6;5;NA;2;2;2;4;6;2;8;NA
31;"MG";3148103;"314810";"Patrocínio";"Não";"-";"Outros";NA;NA;NA;NA;1;1;1;2;NA;1;NA;NA;1;1;NA;NA;3;1;1;NA;NA;NA;NA;1;NA
31;"MG";3148202;"314820";"Patrocínio do Muriaé";"Não";"-";"Outros";NA;NA;NA;NA;NA;NA;NA;NA;NA;NA;NA;NA;NA;NA;NA;NA;NA;NA;NA;NA;NA;NA;NA;NA;NA
31;"MG";3148301;"314830";"Paula Cândido";"Não";"-";"Outros";NA;NA;NA;NA;NA;NA;NA;NA;NA;NA;NA;NA;NA;NA;1;NA;NA;NA;NA;NA;NA;NA;1;1;NA
31;"MG";3148400;"314840";"Paulistas";"Não";"-";"Outros";NA;NA;NA;NA;NA;NA;NA;NA;NA;NA;NA;NA;NA;NA;NA;NA;1;NA;NA;1;NA;NA;NA;NA;NA
31;"MG";3148509;"314850";"Pavão";"Não";"-";"Outros";NA;NA;NA;NA;NA;NA;NA;NA;NA;NA;NA;NA;NA;NA;NA;1;NA;NA;NA;NA;1;1;NA;NA;NA
31;"MG";3148608;"314860";"Peçanha";"Não";"-";"Outros";NA;NA;NA;NA;NA;NA;NA;NA;NA;NA;NA;NA;1;2;3;1;1;NA;NA;NA;NA;NA;3;NA;NA
31;"MG";3148707;"314870";"Pedra Azul";"Não";"-";"Outros";3;7;3;1;3;NA;NA;NA;1;NA;NA;NA;NA;NA;NA;NA;NA;1;1;NA;NA;1;1;NA;NA
31;"MG";3148905;"314890";"Pedra do Indaiá";"Não";"-";"Outros";NA;NA;NA;NA;NA;NA;NA;NA;NA;NA;NA;1;NA;1;NA;NA;1;NA;NA;NA;NA;1;NA;NA;NA
31;"MG";3149101;"314910";"Pedralva";"Não";"-";"Outros";NA;NA;NA;NA;NA;NA;1;NA;NA;NA;NA;NA;NA;NA;NA;NA;NA;NA;NA;NA;NA;NA;NA;NA;NA
31;"MG";3149150;"314915";"Pedras de Maria da Cruz";"Não";"-";"Outros";NA;NA;NA;NA;NA;NA;NA;NA;NA;NA;NA;1;1;NA;1;NA;NA;NA;4;NA;NA;NA;NA;NA;NA
31;"MG";3149200;"314920";"Pedrinópolis";"Não";"-";"Outros";1;NA;NA;NA;NA;NA;NA;NA;NA;NA;NA;NA;NA;NA;NA;NA;NA;NA;NA;NA;NA;NA;NA;NA;NA
31;"MG";3149309;"314930";"Pedro Leopoldo";"Não";"Região Metropolitana de Belo Horizonte";"Outros";NA;2;1;NA;NA;NA;NA;NA;NA;1;2;5;3;6;4;2;NA;1;1;NA;NA;NA;2;NA;NA
31;"MG";3149408;"314940";"Pedro Teixeira";"Não";"-";"Outros";NA;NA;NA;NA;NA;NA;NA;NA;NA;NA;NA;NA;NA;NA;NA;NA;NA;NA;NA;NA;NA;NA;NA;NA;NA
31;"MG";3149606;"314960";"Pequi";"Não";"-";"Outros";NA;NA;NA;NA;NA;1;NA;1;NA;NA;1;1;NA;NA;NA;NA;NA;NA;NA;NA;NA;NA;NA;NA;NA
31;"MG";3149705;"314970";"Perdigão";"Não";"-";"Outros";NA;NA;NA;NA;NA;NA;NA;NA;NA;NA;NA;NA;NA;NA;1;NA;1;NA;NA;NA;NA;NA;NA;NA;NA
31;"MG";3149804;"314980";"Perdizes";"Não";"-";"Outros";NA;NA;NA;NA;NA;NA;NA;NA;2;2;NA;NA;NA;1;1;NA;NA;NA;1;2;NA;1;NA;1;NA
31;"MG";3149903;"314990";"Perdões";"Não";"-";"Outros";NA;1;NA;NA;NA;NA;NA;NA;NA;NA;NA;NA;1;NA;1;NA;NA;NA;NA;1;NA;NA;1;NA;NA
31;"MG";3149952;"314995";"Periquito";"Não";"Colar Metropolitano";"Outros";NA;2;NA;NA;NA;NA;NA;NA;NA;1;NA;NA;4;NA;NA;NA;NA;NA;1;NA;NA;NA;NA;NA;NA
31;"MG";3150109;"315010";"Piau";"Não";"-";"Outros";NA;NA;NA;NA;NA;NA;NA;NA;NA;NA;NA;NA;NA;NA;NA;NA;NA;NA;NA;NA;NA;NA;NA;NA;NA
31;"MG";3150158;"315015";"Piedade de Caratinga";"Não";"-";"Outros";NA;NA;NA;NA;NA;NA;NA;NA;NA;NA;NA;NA;1;NA;3;NA;NA;NA;NA;NA;NA;NA;NA;NA;NA
31;"MG";3150208;"315020";"Piedade de Ponte Nova";"Não";"-";"Outros";NA;NA;1;NA;NA;NA;NA;NA;NA;NA;NA;NA;NA;NA;NA;NA;NA;NA;NA;NA;NA;NA;NA;NA;NA
31;"MG";3150307;"315030";"Piedade do Rio Grande";"Não";"-";"Outros";NA;NA;NA;NA;NA;NA;NA;NA;NA;NA;NA;NA;NA;NA;NA;NA;NA;NA;2;NA;NA;NA;NA;NA;NA
31;"MG";3150406;"315040";"Piedade dos Gerais";"Não";"-";"Outros";NA;NA;NA;NA;NA;NA;NA;NA;NA;NA;NA;NA;NA;1;NA;NA;NA;NA;NA;NA;NA;NA;NA;NA;NA
31;"MG";3150505;"315050";"Pimenta";"Não";"-";"Outros";NA;NA;NA;1;1;NA;NA;1;NA;NA;2;NA;NA;NA;NA;NA;1;1;NA;NA;NA;NA;NA;NA;NA
31;"MG";3150539;"315053";"Pingo-d'Água";"Não";"Colar Metropolitano";"Outros";NA;NA;NA;NA;NA;NA;NA;NA;NA;NA;NA;NA;NA;NA;1;NA;NA;NA;NA;NA;NA;NA;NA;NA;NA
31;"MG";3150604;"315060";"Piracema";"Não";"-";"Outros";NA;NA;NA;NA;NA;NA;NA;NA;NA;NA;NA;NA;NA;NA;NA;NA;NA;NA;NA;1;NA;NA;NA;NA;NA
31;"MG";3150703;"315070";"Pirajuba";"Não";"-";"Outros";NA;NA;NA;NA;NA;NA;NA;NA;NA;NA;NA;NA;1;NA;NA;NA;NA;NA;NA;NA;NA;NA;NA;NA;NA
31;"MG";3150802;"315080";"Piranga";"Não";"-";"Outros";NA;NA;NA;NA;NA;NA;NA;NA;NA;NA;2;NA;NA;3;2;NA;NA;1;NA;NA;NA;NA;1;2;NA
31;"MG";3151008;"315100";"Piranguinho";"Não";"-";"Outros";NA;NA;NA;NA;NA;NA;NA;NA;NA;NA;NA;NA;NA;NA;NA;NA;NA;NA;NA;NA;NA;NA;NA;NA;NA
31;"MG";3151107;"315110";"Pirapetinga";"Não";"-";"Outros";1;NA;NA;NA;NA;NA;NA;NA;NA;NA;NA;NA;NA;NA;NA;NA;NA;NA;NA;NA;NA;NA;NA;NA;NA
31;"MG";3151206;"315120";"Pirapora";"Não";"-";"Outros";NA;NA;NA;NA;NA;NA;NA;1;1;NA;1;NA;NA;NA;2;1;NA;NA;1;1;10;1;1;1;NA
31;"MG";3151305;"315130";"Piraúba";"Não";"-";"Outros";NA;NA;NA;NA;NA;NA;NA;NA;NA;NA;NA;NA;NA;NA;NA;NA;NA;NA;NA;NA;NA;NA;1;NA;NA
31;"MG";3151404;"315140";"Pitangui";"Não";"-";"Outros";NA;NA;NA;NA;NA;4;NA;2;NA;1;NA;NA;1;1;NA;1;NA;NA;NA;NA;NA;NA;NA;NA;NA
31;"MG";3151503;"315150";"Piumhi";"Não";"-";"Outros";NA;1;NA;NA;NA;1;NA;NA;1;NA;1;1;1;2;NA;NA;NA;NA;1;NA;NA;1;NA;1;NA
31;"MG";3151602;"315160";"Planura";"Não";"-";"Outros";NA;NA;NA;NA;NA;NA;NA;NA;NA;NA;1;NA;NA;NA;1;NA;1;NA;NA;NA;NA;NA;NA;NA;NA
31;"MG";3151701;"315170";"Poço Fundo";"Não";"-";"Outros";NA;NA;NA;NA;NA;NA;NA;NA;NA;NA;NA;NA;NA;NA;NA;NA;NA;NA;NA;NA;NA;NA;NA;NA;NA
31;"MG";3151800;"315180";"Poços de Caldas";"Não";"-";"Outros";1;NA;1;NA;5;5;2;4;NA;1;NA;1;1;NA;1;2;NA;NA;NA;NA;1;2;NA;NA;NA
31;"MG";3152006;"315200";"Pompéu";"Não";"-";"Outros";1;NA;NA;NA;NA;1;NA;2;NA;1;1;NA;NA;NA;NA;2;NA;NA;NA;NA;NA;NA;NA;1;NA
31;"MG";3152105;"315210";"Ponte Nova";"Não";"-";"Outros";1;1;NA;NA;1;4;NA;2;4;NA;1;1;NA;2;2;NA;3;NA;NA;NA;1;NA;1;NA;NA
31;"MG";3152131;"315213";"Ponto Chique";"Não";"-";"Outros";NA;NA;NA;NA;NA;NA;NA;NA;NA;NA;NA;NA;NA;NA;NA;NA;NA;NA;NA;NA;NA;NA;NA;NA;NA
31;"MG";3152170;"315217";"Ponto dos Volantes";"Não";"-";"Outros";1;NA;NA;NA;NA;NA;2;NA;NA;NA;NA;NA;NA;NA;NA;NA;NA;NA;NA;NA;NA;NA;NA;NA;NA
31;"MG";3152204;"315220";"Porteirinha";"Não";"-";"Outros";NA;NA;NA;NA;NA;NA;NA;8;NA;NA;NA;NA;NA;NA;NA;NA;NA;NA;NA;NA;NA;NA;NA;NA;NA
31;"MG";3152303;"315230";"Porto Firme";"Não";"-";"Outros";NA;1;NA;NA;NA;NA;NA;NA;NA;NA;NA;NA;NA;NA;NA;NA;NA;NA;NA;NA;1;NA;NA;NA;NA
31;"MG";3152402;"315240";"Poté";"Não";"-";"Outros";NA;NA;NA;NA;NA;NA;NA;1;1;NA;1;NA;NA;NA;NA;NA;1;1;1;NA;NA;NA;NA;NA;NA
31;"MG";3152501;"315250";"Pouso Alegre";"Não";"-";"Outros";NA;NA;NA;NA;NA;NA;NA;NA;NA;NA;1;1;NA;2;1;NA;1;NA;5;5;5;7;11;20;NA
31;"MG";3152600;"315260";"Pouso Alto";"Não";"-";"Outros";NA;NA;NA;NA;NA;NA;NA;NA;2;NA;NA;NA;NA;NA;NA;NA;NA;NA;NA;NA;NA;1;NA;1;NA
31;"MG";3152709;"315270";"Prados";"Não";"-";"Outros";NA;NA;NA;NA;NA;1;NA;NA;NA;NA;NA;NA;NA;NA;NA;NA;NA;NA;1;NA;NA;NA;NA;NA;NA
31;"MG";3152808;"315280";"Prata";"Não";"-";"Outros";2;NA;NA;NA;1;1;NA;1;NA;NA;2;NA;NA;NA;NA;NA;NA;NA;1;NA;NA;4;3;3;NA
31;"MG";3152907;"315290";"Pratápolis";"Não";"-";"Outros";NA;NA;NA;NA;NA;NA;NA;NA;NA;NA;NA;NA;NA;1;NA;NA;NA;NA;NA;NA;NA;NA;NA;NA;NA
31;"MG";3153004;"315300";"Pratinha";"Não";"-";"Outros";NA;NA;NA;NA;NA;NA;NA;1;NA;NA;NA;NA;NA;NA;NA;NA;NA;NA;NA;NA;NA;NA;NA;NA;NA
31;"MG";3153103;"315310";"Presidente Bernardes";"Não";"-";"Outros";NA;NA;NA;NA;NA;NA;NA;NA;NA;NA;NA;NA;NA;NA;NA;NA;NA;NA;NA;NA;NA;NA;NA;NA;NA
31;"MG";3153202;"315320";"Presidente Juscelino";"Não";"-";"Outros";NA;NA;NA;NA;NA;NA;NA;NA;1;1;4;1;NA;NA;NA;NA;NA;NA;NA;NA;NA;NA;NA;1;NA
31;"MG";3153301;"315330";"Presidente Kubitschek";"Não";"-";"Outros";NA;NA;NA;NA;NA;NA;NA;NA;1;NA;NA;NA;NA;NA;NA;NA;NA;NA;NA;NA;NA;NA;NA;NA;NA
31;"MG";3153400;"315340";"Presidente Olegário";"Não";"-";"Outros";NA;NA;NA;NA;1;NA;1;NA;1;NA;NA;NA;NA;NA;NA;NA;NA;NA;NA;NA;NA;NA;NA;NA;NA
31;"MG";3153509;"315350";"Alto Jequitibá";"Não";"-";"Outros";NA;NA;NA;NA;NA;NA;NA;NA;NA;NA;NA;NA;NA;NA;NA;NA;NA;NA;NA;NA;NA;NA;NA;NA;NA
31;"MG";3153608;"315360";"Prudente de Morais";"Não";"Colar Metropolitano de Belo Horizonte";"Outros";NA;NA;NA;NA;1;NA;NA;NA;NA;NA;1;3;NA;NA;NA;NA;NA;NA;NA;NA;NA;NA;NA;NA;NA
31;"MG";3153707;"315370";"Quartel Geral";"Não";"-";"Outros";NA;NA;NA;NA;NA;NA;NA;NA;NA;NA;NA;NA;NA;NA;NA;NA;NA;NA;NA;NA;NA;NA;NA;NA;NA
31;"MG";3153806;"315380";"Queluzito";"Não";"-";"Outros";NA;NA;NA;NA;NA;NA;NA;NA;NA;NA;NA;NA;NA;NA;NA;NA;NA;1;NA;NA;NA;NA;NA;NA;NA
31;"MG";3153905;"315390";"Raposos";"Não";"Região Metropolitana de Belo Horizonte";"Outros";1;NA;NA;1;NA;NA;NA;1;NA;NA;NA;1;NA;NA;NA;NA;1;NA;NA;NA;NA;NA;NA;NA;NA
31;"MG";3154002;"315400";"Raul Soares";"Não";"-";"Outros";NA;NA;NA;NA;NA;NA;NA;NA;1;NA;NA;1;NA;1;NA;NA;NA;NA;NA;NA;NA;NA;NA;NA;NA
31;"MG";3154150;"315415";"Reduto";"Não";"-";"Outros";NA;NA;NA;NA;NA;NA;NA;NA;NA;NA;NA;NA;NA;NA;NA;NA;NA;NA;NA;NA;NA;NA;1;NA;NA
31;"MG";3154200;"315420";"Resende Costa";"Não";"-";"Outros";NA;NA;NA;NA;1;NA;NA;NA;NA;NA;NA;NA;NA;NA;NA;NA;1;NA;NA;NA;NA;NA;NA;NA;NA
31;"MG";3154309;"315430";"Resplendor";"Não";"-";"Outros";4;NA;NA;NA;NA;NA;NA;1;NA;NA;1;1;NA;1;4;NA;1;1;1;NA;1;NA;1;NA;NA
31;"MG";3154408;"315440";"Ressaquinha";"Não";"-";"Outros";NA;NA;NA;1;NA;NA;NA;NA;NA;NA;NA;NA;NA;1;1;NA;NA;NA;NA;NA;NA;NA;NA;NA;NA
31;"MG";3154457;"315445";"Riachinho";"Não";"-";"Outros";NA;NA;NA;NA;NA;NA;NA;NA;NA;NA;NA;NA;NA;NA;NA;1;NA;NA;NA;NA;NA;NA;NA;NA;NA
31;"MG";3154507;"315450";"Riacho dos Machados";"Não";"-";"Outros";NA;NA;NA;NA;NA;NA;NA;NA;NA;NA;NA;NA;1;NA;NA;3;NA;NA;NA;NA;NA;NA;NA;NA;NA
31;"MG";3154606;"315460";"Ribeirão das Neves";"Não";"Região Metropolitana de Belo Horizonte";"Outros";5;2;1;NA;NA;1;NA;11;11;NA;NA;1;NA;1;NA;1;2;1;2;2;2;NA;NA;1;NA
31;"MG";3154705;"315470";"Ribeirão Vermelho";"Não";"-";"Outros";NA;NA;NA;NA;NA;NA;NA;NA;NA;NA;NA;NA;NA;NA;NA;NA;NA;NA;NA;1;NA;NA;NA;NA;NA
31;"MG";3154804;"315480";"Rio Acima";"Não";"Região Metropolitana de Belo Horizonte";"Outros";NA;NA;NA;1;1;1;NA;NA;NA;NA;NA;NA;2;NA;NA;1;NA;NA;NA;NA;NA;NA;NA;NA;NA
31;"MG";3154903;"315490";"Rio Casca";"Não";"-";"Outros";1;NA;NA;NA;NA;NA;1;1;NA;NA;NA;NA;1;2;1;1;NA;NA;NA;NA;1;1;NA;NA;NA
31;"MG";3155009;"315500";"Rio Doce";"Não";"-";"Outros";NA;NA;NA;NA;NA;NA;NA;NA;NA;NA;NA;NA;NA;NA;NA;NA;NA;NA;NA;NA;NA;NA;NA;NA;NA
31;"MG";3155207;"315520";"Rio Espera";"Não";"-";"Outros";NA;NA;NA;NA;NA;NA;NA;NA;NA;NA;NA;NA;NA;NA;NA;NA;2;NA;NA;NA;NA;NA;NA;NA;NA
31;"MG";3155306;"315530";"Rio Manso";"Não";"Região Metropolitana de Belo Horizonte";"Outros";NA;NA;NA;NA;NA;NA;NA;2;1;1;NA;2;2;NA;2;NA;NA;NA;NA;NA;NA;NA;NA;NA;NA
31;"MG";3155405;"315540";"Rio Novo";"Não";"-";"Outros";NA;NA;NA;NA;NA;NA;NA;NA;NA;NA;NA;NA;1;NA;NA;NA;NA;NA;NA;NA;NA;NA;NA;NA;NA
31;"MG";3155504;"315550";"Rio Paranaíba";"Não";"-";"Outros";NA;NA;NA;NA;NA;NA;NA;NA;NA;NA;NA;NA;NA;NA;2;NA;NA;NA;NA;1;1;NA;NA;NA;NA
31;"MG";3155603;"315560";"Rio Pardo de Minas";"Não";"-";"Outros";NA;NA;NA;1;NA;NA;NA;NA;NA;NA;NA;NA;NA;NA;NA;NA;NA;NA;NA;NA;NA;1;NA;NA;NA
31;"MG";3155702;"315570";"Rio Piracicaba";"Não";"-";"Outros";NA;NA;NA;NA;NA;NA;NA;NA;1;NA;NA;3;1;NA;NA;NA;1;NA;NA;NA;NA;NA;NA;2;NA
31;"MG";3155801;"315580";"Rio Pomba";"Não";"-";"Outros";NA;NA;NA;1;NA;NA;NA;NA;NA;NA;NA;NA;NA;NA;NA;NA;NA;NA;NA;NA;NA;NA;NA;NA;NA
31;"MG";3155900;"315590";"Rio Preto";"Não";"-";"Outros";NA;NA;NA;NA;NA;NA;NA;NA;NA;NA;NA;NA;NA;NA;NA;NA;NA;NA;NA;NA;NA;NA;NA;NA;NA
31;"MG";3156007;"315600";"Rio Vermelho";"Não";"-";"Outros";NA;NA;NA;NA;NA;NA;1;NA;NA;1;1;NA;NA;NA;NA;NA;NA;NA;NA;1;NA;1;NA;NA;NA
31;"MG";3156106;"315610";"Ritápolis";"Não";"-";"Outros";NA;NA;NA;NA;NA;NA;NA;NA;NA;NA;NA;NA;NA;NA;NA;NA;NA;NA;NA;NA;NA;1;NA;NA;NA
31;"MG";3156205;"315620";"Rochedo de Minas";"Não";"-";"Outros";NA;NA;NA;NA;NA;NA;NA;NA;NA;NA;NA;NA;NA;NA;NA;NA;NA;NA;NA;NA;NA;NA;NA;NA;NA
31;"MG";3156304;"315630";"Rodeiro";"Não";"-";"Outros";NA;NA;NA;NA;NA;NA;NA;NA;NA;NA;NA;NA;NA;NA;NA;NA;NA;NA;NA;NA;NA;1;NA;NA;NA
31;"MG";3156403;"315640";"Romaria";"Não";"-";"Outros";NA;NA;NA;NA;NA;NA;NA;NA;NA;NA;NA;1;NA;NA;NA;NA;NA;NA;NA;NA;NA;NA;NA;NA;NA
31;"MG";3156502;"315650";"Rubelita";"Não";"-";"Outros";NA;NA;NA;NA;NA;NA;NA;NA;NA;NA;NA;NA;NA;NA;NA;NA;NA;NA;NA;NA;NA;NA;NA;1;NA
31;"MG";3156601;"315660";"Rubim";"Não";"-";"Outros";NA;NA;NA;NA;NA;NA;NA;NA;NA;NA;NA;NA;NA;NA;NA;NA;NA;NA;NA;NA;NA;NA;NA;NA;NA
31;"MG";3156700;"315670";"Sabará";"Não";"Região Metropolitana de Belo Horizonte";"Outros";3;NA;8;3;11;15;14;NA;NA;NA;2;NA;15;5;3;4;5;2;9;3;4;3;1;1;NA
31;"MG";3156809;"315680";"Sabinópolis";"Não";"-";"Outros";NA;1;NA;NA;NA;2;1;NA;NA;1;NA;1;NA;NA;NA;NA;NA;NA;NA;2;1;NA;1;1;NA
31;"MG";3156908;"315690";"Sacramento";"Não";"-";"Outros";3;NA;NA;NA;NA;NA;3;NA;NA;NA;NA;1;1;NA;2;NA;2;1;NA;NA;2;2;1;NA;NA
31;"MG";3157005;"315700";"Salinas";"Não";"-";"Outros";1;NA;NA;NA;1;NA;NA;NA;NA;1;NA;NA;2;6;1;1;NA;NA;NA;2;NA;1;1;NA;NA
31;"MG";3157203;"315720";"Santa Bárbara";"Não";"Colar Metropolitano de Belo Horizonte";"Outros";NA;NA;NA;NA;NA;1;2;2;NA;NA;NA;1;3;NA;NA;NA;1;1;NA;2;NA;NA;NA;2;NA
31;"MG";3157252;"315725";"Santa Bárbara do Leste";"Não";"-";"Outros";NA;NA;NA;NA;NA;NA;NA;NA;NA;NA;NA;NA;1;2;1;NA;NA;NA;NA;NA;NA;1;NA;NA;NA
31;"MG";3157278;"315727";"Santa Bárbara do Monte Verde";"Não";"-";"Outros";NA;NA;NA;NA;NA;NA;NA;NA;NA;NA;NA;NA;NA;NA;NA;NA;NA;NA;NA;NA;NA;NA;NA;NA;NA
31;"MG";3157302;"315730";"Santa Bárbara do Tugúrio";"Não";"-";"Outros";NA;NA;NA;NA;NA;NA;NA;NA;NA;NA;NA;NA;NA;NA;NA;NA;NA;1;1;NA;NA;NA;NA;NA;NA
31;"MG";3157336;"315733";"Santa Cruz de Minas";"Não";"-";"Outros";NA;NA;NA;NA;NA;NA;NA;1;NA;1;NA;NA;NA;NA;NA;NA;NA;NA;NA;NA;NA;NA;NA;NA;NA
31;"MG";3157377;"315737";"Santa Cruz de Salinas";"Não";"-";"Outros";NA;NA;NA;NA;NA;NA;NA;NA;NA;NA;NA;NA;NA;NA;1;NA;NA;NA;NA;NA;NA;NA;1;NA;NA
31;"MG";3157401;"315740";"Santa Cruz do Escalvado";"Não";"-";"Outros";NA;NA;NA;1;NA;NA;NA;NA;NA;NA;NA;NA;NA;NA;NA;NA;NA;NA;NA;NA;NA;NA;NA;NA;NA
31;"MG";3157500;"315750";"Santa Efigênia de Minas";"Não";"-";"Outros";NA;NA;NA;NA;1;NA;NA;NA;NA;NA;1;1;NA;NA;NA;NA;NA;NA;1;NA;NA;1;NA;NA;NA
31;"MG";3157609;"315760";"Santa Fé de Minas";"Não";"-";"Outros";NA;NA;NA;NA;NA;NA;NA;NA;NA;NA;NA;NA;NA;NA;NA;NA;NA;NA;NA;NA;NA;NA;NA;NA;NA
31;"MG";3157708;"315770";"Santa Juliana";"Não";"-";"Outros";NA;NA;NA;NA;NA;NA;1;NA;NA;1;NA;3;NA;NA;NA;NA;1;NA;NA;1;NA;NA;NA;NA;NA
31;"MG";3157807;"315780";"Santa Luzia";"Não";"Região Metropolitana de Belo Horizonte";"Outros";NA;NA;NA;2;7;4;8;7;4;6;9;3;9;4;2;NA;2;1;2;NA;NA;NA;NA;2;NA
31;"MG";3157906;"315790";"Santa Margarida";"Não";"-";"Outros";NA;NA;NA;NA;NA;NA;NA;NA;NA;NA;NA;NA;NA;NA;1;NA;NA;NA;NA;NA;NA;NA;NA;NA;NA
31;"MG";3158003;"315800";"Santa Maria de Itabira";"Não";"-";"Outros";NA;NA;NA;NA;NA;NA;NA;NA;NA;NA;1;1;NA;NA;1;1;NA;NA;NA;NA;NA;2;NA;NA;NA
31;"MG";3158102;"315810";"Santa Maria do Salto";"Não";"-";"Outros";NA;NA;NA;NA;NA;NA;NA;NA;NA;NA;NA;NA;NA;NA;NA;NA;NA;NA;NA;NA;NA;NA;NA;NA;NA
31;"MG";3158201;"315820";"Santa Maria do Suaçuí";"Não";"-";"Outros";NA;NA;NA;1;NA;NA;NA;NA;NA;NA;2;1;NA;NA;NA;1;NA;NA;NA;1;NA;NA;NA;NA;NA
31;"MG";3158300;"315830";"Santana da Vargem";"Não";"-";"Outros";NA;NA;NA;NA;NA;NA;NA;NA;NA;NA;NA;NA;NA;NA;NA;NA;NA;NA;1;1;NA;NA;NA;NA;NA
31;"MG";3158409;"315840";"Santana de Cataguases";"Não";"-";"Outros";NA;1;NA;NA;NA;NA;NA;NA;NA;NA;NA;NA;NA;NA;NA;NA;NA;NA;NA;NA;NA;NA;NA;NA;NA
31;"MG";3158508;"315850";"Santana de Pirapama";"Não";"-";"Outros";NA;NA;NA;NA;NA;NA;NA;NA;NA;NA;NA;NA;NA;NA;NA;NA;NA;NA;NA;NA;NA;NA;NA;NA;NA
31;"MG";3158706;"315870";"Santana do Garambéu";"Não";"-";"Outros";NA;NA;NA;NA;NA;NA;NA;NA;NA;NA;NA;NA;NA;1;NA;NA;NA;NA;NA;NA;NA;NA;NA;NA;NA
31;"MG";3158805;"315880";"Santana do Jacaré";"Não";"-";"Outros";NA;NA;NA;NA;NA;NA;NA;NA;NA;NA;NA;NA;NA;NA;NA;NA;NA;NA;NA;NA;NA;NA;NA;NA;NA
31;"MG";3158904;"315890";"Santana do Manhuaçu";"Não";"-";"Outros";NA;NA;NA;NA;NA;NA;NA;NA;NA;NA;NA;NA;NA;NA;NA;NA;NA;NA;NA;NA;NA;NA;NA;NA;NA
31;"MG";3158953;"315895";"Santana do Paraíso";"Não";"Região Metropolitana do Vale do Aço";"Outros";NA;NA;NA;NA;NA;NA;NA;NA;NA;NA;NA;1;2;3;NA;NA;NA;1;NA;NA;1;NA;NA;NA;NA
31;"MG";3159001;"315900";"Santana do Riacho";"Não";"-";"Outros";NA;NA;NA;NA;NA;NA;NA;NA;NA;NA;1;NA;NA;1;1;NA;NA;NA;NA;NA;NA;NA;NA;NA;NA
31;"MG";3159100;"315910";"Santana dos Montes";"Não";"-";"Outros";NA;NA;NA;NA;NA;NA;NA;NA;NA;NA;NA;NA;NA;NA;NA;NA;NA;NA;NA;1;NA;NA;NA;NA;NA
31;"MG";3159209;"315920";"Santa Rita de Caldas";"Não";"-";"Outros";NA;NA;NA;1;NA;NA;NA;NA;NA;NA;NA;NA;NA;NA;1;NA;NA;NA;NA;NA;NA;NA;NA;NA;NA
31;"MG";3159308;"315930";"Santa Rita de Jacutinga";"Não";"-";"Outros";NA;NA;NA;NA;NA;NA;NA;NA;1;NA;NA;NA;NA;NA;NA;NA;NA;NA;NA;1;NA;NA;NA;NA;NA
31;"MG";3159357;"315935";"Santa Rita de Minas";"Não";"-";"Outros";NA;NA;NA;NA;NA;NA;NA;NA;NA;NA;NA;1;3;NA;1;1;NA;NA;NA;NA;NA;NA;NA;1;NA
31;"MG";3159407;"315940";"Santa Rita de Ibitipoca";"Não";"-";"Outros";NA;NA;NA;NA;NA;NA;NA;NA;NA;NA;NA;NA;NA;NA;NA;NA;NA;NA;NA;NA;NA;NA;NA;NA;NA
31;"MG";3159506;"315950";"Santa Rita do Itueto";"Não";"-";"Outros";NA;NA;NA;NA;NA;NA;NA;NA;NA;NA;NA;NA;1;NA;NA;NA;NA;NA;NA;1;NA;NA;1;NA;NA
31;"MG";3159605;"315960";"Santa Rita do Sapucaí";"Não";"-";"Outros";NA;NA;NA;NA;NA;NA;NA;NA;NA;NA;NA;NA;NA;NA;NA;NA;NA;NA;NA;NA;NA;NA;NA;NA;NA
31;"MG";3159704;"315970";"Santa Rosa da Serra";"Não";"-";"Outros";NA;NA;NA;NA;NA;NA;NA;NA;NA;NA;NA;NA;NA;NA;NA;NA;NA;NA;NA;NA;NA;NA;NA;1;NA
31;"MG";3159803;"315980";"Santa Vitória";"Não";"-";"Outros";NA;NA;NA;NA;NA;1;1;NA;NA;NA;NA;NA;NA;NA;NA;NA;1;1;1;NA;NA;1;NA;NA;NA
31;"MG";3159902;"315990";"Santo Antônio do Amparo";"Não";"-";"Outros";2;NA;NA;NA;NA;1;1;1;12;NA;NA;NA;NA;NA;NA;1;2;NA;NA;NA;2;NA;1;2;NA
31;"MG";3160108;"316010";"Santo Antônio do Grama";"Não";"-";"Outros";NA;NA;NA;NA;NA;NA;NA;NA;NA;NA;NA;NA;NA;1;NA;NA;NA;NA;NA;NA;NA;NA;NA;NA;NA
31;"MG";3160207;"316020";"Santo Antônio do Itambé";"Não";"-";"Outros";NA;NA;NA;NA;NA;NA;NA;NA;NA;NA;NA;1;NA;NA;NA;NA;NA;NA;NA;NA;1;NA;NA;NA;NA
31;"MG";3160306;"316030";"Santo Antônio do Jacinto";"Não";"-";"Outros";NA;NA;NA;NA;NA;NA;NA;NA;NA;NA;NA;NA;NA;NA;NA;1;NA;NA;NA;NA;NA;NA;NA;NA;NA
31;"MG";3160405;"316040";"Santo Antônio do Monte";"Não";"-";"Outros";NA;NA;NA;NA;NA;NA;NA;NA;NA;NA;NA;NA;NA;NA;NA;NA;2;NA;NA;NA;NA;NA;NA;2;NA
31;"MG";3160603;"316060";"Santo Hipólito";"Não";"-";"Outros";NA;NA;NA;NA;NA;NA;NA;NA;NA;NA;NA;NA;NA;NA;1;NA;NA;NA;NA;NA;NA;NA;NA;NA;NA
31;"MG";3160702;"316070";"Santos Dumont";"Não";"-";"Outros";NA;2;1;NA;2;NA;NA;NA;NA;NA;NA;1;NA;2;NA;3;NA;2;NA;NA;NA;NA;NA;NA;NA
31;"MG";3160801;"316080";"São Bento Abade";"Não";"-";"Outros";NA;NA;NA;NA;NA;NA;1;NA;NA;NA;NA;NA;NA;NA;NA;NA;NA;NA;NA;NA;NA;NA;NA;NA;NA
31;"MG";3160900;"316090";"São Brás do Suaçuí";"Não";"-";"Outros";NA;NA;NA;NA;NA;NA;NA;NA;NA;NA;NA;NA;NA;1;NA;NA;NA;NA;NA;NA;NA;3;NA;1;NA
31;"MG";3160959;"316095";"São Domingos das Dores";"Não";"-";"Outros";NA;NA;1;NA;NA;NA;NA;NA;NA;NA;NA;NA;NA;NA;NA;NA;NA;NA;NA;NA;NA;NA;NA;NA;NA
31;"MG";3161007;"316100";"São Domingos do Prata";"Não";"-";"Outros";1;NA;NA;NA;NA;NA;NA;6;7;2;2;7;4;1;1;NA;5;3;1;1;NA;NA;NA;NA;NA
31;"MG";3161106;"316110";"São Francisco";"Não";"-";"Outros";NA;NA;1;NA;1;NA;NA;1;1;1;2;1;NA;1;NA;NA;NA;NA;NA;1;NA;NA;NA;NA;NA
31;"MG";3161205;"316120";"São Francisco de Paula";"Não";"-";"Outros";NA;NA;NA;NA;NA;NA;NA;NA;NA;NA;NA;NA;NA;NA;NA;NA;NA;NA;NA;NA;NA;NA;NA;NA;NA
31;"MG";3161304;"316130";"São Francisco de Sales";"Não";"-";"Outros";NA;NA;NA;NA;NA;NA;NA;NA;NA;NA;NA;1;NA;NA;NA;NA;NA;NA;NA;NA;NA;NA;NA;1;NA
31;"MG";3161403;"316140";"São Francisco do Glória";"Não";"-";"Outros";NA;NA;NA;NA;NA;NA;NA;NA;NA;NA;NA;NA;NA;NA;NA;NA;NA;NA;NA;NA;NA;NA;NA;NA;NA
31;"MG";3161502;"316150";"São Geraldo";"Não";"-";"Outros";NA;NA;NA;NA;NA;NA;NA;NA;NA;NA;NA;NA;NA;NA;NA;NA;NA;NA;1;NA;NA;NA;1;NA;NA
31;"MG";3161601;"316160";"São Geraldo da Piedade";"Não";"-";"Outros";NA;NA;NA;NA;NA;NA;NA;NA;NA;NA;NA;1;1;NA;NA;NA;NA;NA;NA;NA;NA;NA;NA;NA;NA
31;"MG";3161650;"316165";"São Geraldo do Baixio";"Não";"-";"Outros";NA;NA;NA;NA;NA;NA;NA;NA;NA;NA;NA;NA;NA;NA;1;NA;NA;NA;NA;NA;NA;NA;NA;NA;NA
31;"MG";3161700;"316170";"São Gonçalo do Abaeté";"Não";"-";"Outros";NA;NA;3;NA;NA;1;1;NA;NA;1;2;NA;NA;3;1;NA;NA;NA;NA;NA;1;NA;2;NA;NA
31;"MG";3161809;"316180";"São Gonçalo do Pará";"Não";"-";"Outros";1;NA;NA;NA;NA;NA;NA;NA;NA;NA;1;NA;NA;1;1;1;2;1;1;NA;NA;NA;NA;NA;NA
31;"MG";3161908;"316190";"São Gonçalo do Rio Abaixo";"Não";"Colar Metropolitano de Belo Horizonte";"Outros";1;2;1;NA;NA;NA;NA;11;11;5;13;8;14;2;NA;2;3;2;6;NA;1;1;1;4;NA
31;"MG";3162005;"316200";"São Gonçalo do Sapucaí";"Não";"-";"Outros";NA;NA;NA;NA;1;NA;2;NA;NA;NA;NA;NA;NA;NA;2;NA;NA;NA;1;NA;1;2;NA;NA;NA
31;"MG";3162104;"316210";"São Gotardo";"Não";"-";"Outros";NA;NA;NA;NA;1;NA;NA;NA;NA;NA;NA;NA;4;NA;NA;NA;NA;NA;NA;NA;1;NA;1;3;NA
31;"MG";3162203;"316220";"São João Batista do Glória";"Não";"-";"Outros";NA;NA;NA;NA;NA;NA;NA;NA;NA;NA;NA;NA;NA;NA;1;NA;NA;NA;NA;NA;NA;NA;NA;NA;NA
31;"MG";3162252;"316225";"São João da Lagoa";"Não";"-";"Outros";NA;NA;NA;NA;NA;NA;NA;NA;NA;NA;NA;NA;1;NA;NA;NA;NA;NA;NA;NA;NA;NA;NA;1;NA
31;"MG";3162302;"316230";"São João da Mata";"Não";"-";"Outros";NA;NA;NA;NA;NA;NA;NA;NA;NA;NA;NA;NA;NA;NA;NA;NA;NA;NA;NA;NA;NA;NA;NA;NA;NA
31;"MG";3162401;"316240";"São João da Ponte";"Não";"-";"Outros";NA;NA;NA;NA;NA;NA;1;NA;NA;1;NA;2;NA;NA;NA;1;NA;NA;NA;1;1;NA;NA;NA;NA
31;"MG";3162450;"316245";"São João das Missões";"Não";"-";"Outros";NA;NA;NA;NA;NA;NA;NA;NA;NA;NA;NA;NA;NA;NA;NA;NA;NA;NA;NA;NA;1;NA;NA;NA;NA
31;"MG";3162500;"316250";"São João del Rei";"Não";"-";"Outros";NA;NA;NA;1;3;2;4;6;2;NA;NA;NA;NA;NA;NA;NA;NA;NA;2;NA;2;1;3;NA;NA
31;"MG";3162559;"316255";"São João do Manhuaçu";"Não";"-";"Outros";1;NA;NA;NA;NA;NA;NA;NA;NA;NA;NA;NA;NA;NA;NA;NA;NA;NA;NA;1;NA;NA;NA;NA;NA
31;"MG";3162575;"316257";"São João do Manteninha";"Não";"-";"Outros";NA;NA;NA;NA;NA;NA;NA;NA;NA;1;1;NA;1;1;NA;NA;NA;NA;NA;NA;NA;NA;NA;1;NA
31;"MG";3162609;"316260";"São João do Oriente";"Não";"Colar Metropolitano";"Outros";1;NA;NA;NA;NA;NA;NA;NA;NA;NA;NA;NA;NA;NA;NA;NA;1;NA;NA;NA;NA;NA;NA;NA;NA
31;"MG";3162708;"316270";"São João do Paraíso";"Não";"-";"Outros";NA;NA;NA;NA;NA;NA;NA;NA;NA;NA;NA;NA;NA;NA;NA;NA;NA;NA;NA;NA;NA;NA;NA;NA;NA
31;"MG";3162807;"316280";"São João Evangelista";"Não";"-";"Outros";NA;NA;NA;1;NA;NA;NA;NA;NA;NA;NA;1;NA;NA;2;2;1;2;1;3;2;NA;2;1;NA
31;"MG";3162906;"316290";"São João Nepomuceno";"Não";"-";"Outros";NA;NA;NA;NA;NA;NA;NA;NA;NA;NA;NA;NA;NA;NA;NA;NA;NA;NA;NA;NA;NA;NA;2;NA;NA
31;"MG";3162922;"316292";"São Joaquim de Bicas";"Não";"Região Metropolitana de Belo Horizonte";"Outros";1;3;1;1;NA;2;1;NA;NA;NA;1;2;3;1;NA;1;1;1;NA;1;NA;NA;NA;NA;NA
31;"MG";3162948;"316294";"São José da Barra";"Não";"-";"Outros";NA;NA;NA;NA;NA;NA;NA;NA;NA;NA;NA;NA;NA;NA;NA;NA;NA;NA;NA;NA;NA;NA;NA;NA;NA
31;"MG";3162955;"316295";"São José da Lapa";"Não";"Região Metropolitana de Belo Horizonte";"Outros";NA;1;NA;NA;NA;1;1;NA;NA;NA;NA;NA;NA;NA;NA;NA;NA;NA;NA;NA;NA;NA;NA;NA;NA
31;"MG";3163003;"316300";"São José da Safira";"Não";"-";"Outros";NA;NA;NA;NA;NA;NA;NA;NA;NA;NA;NA;NA;1;NA;NA;NA;NA;NA;NA;NA;NA;NA;NA;1;NA
31;"MG";3163102;"316310";"São José da Varginha";"Não";"Colar Metropolitano de Belo Horizonte";"Outros";NA;NA;NA;NA;NA;NA;NA;NA;1;NA;NA;NA;1;NA;NA;NA;NA;NA;NA;NA;NA;NA;1;NA;NA
31;"MG";3163300;"316330";"São José do Divino";"Não";"-";"Outros";NA;NA;NA;NA;NA;1;NA;1;NA;NA;NA;NA;NA;NA;NA;NA;NA;NA;NA;NA;NA;NA;NA;NA;NA
31;"MG";3163409;"316340";"São José do Goiabal";"Não";"Colar Metropolitano";"Outros";NA;NA;NA;NA;NA;NA;NA;NA;2;NA;NA;NA;NA;NA;NA;NA;NA;NA;NA;NA;NA;NA;NA;NA;NA
31;"MG";3163508;"316350";"São José do Jacuri";"Não";"-";"Outros";NA;NA;NA;NA;NA;NA;NA;1;NA;NA;NA;NA;NA;NA;NA;NA;1;NA;NA;NA;NA;3;NA;1;NA
31;"MG";3163607;"316360";"São José do Mantimento";"Não";"-";"Outros";NA;NA;NA;NA;NA;NA;NA;NA;NA;NA;NA;NA;NA;1;NA;NA;NA;NA;NA;NA;NA;NA;NA;NA;NA
31;"MG";3163706;"316370";"São Lourenço";"Não";"-";"Outros";NA;NA;NA;NA;NA;NA;NA;NA;1;NA;NA;NA;NA;NA;NA;NA;NA;NA;NA;1;NA;NA;NA;NA;NA
31;"MG";3163805;"316380";"São Miguel do Anta";"Não";"-";"Outros";NA;NA;NA;NA;NA;NA;NA;NA;NA;NA;NA;NA;NA;1;NA;NA;NA;NA;NA;NA;NA;NA;NA;1;NA
31;"MG";3163904;"316390";"São Pedro da União";"Não";"-";"Outros";NA;NA;NA;NA;NA;NA;NA;NA;NA;NA;NA;NA;NA;NA;NA;NA;1;NA;NA;NA;NA;NA;NA;NA;NA
31;"MG";3164001;"316400";"São Pedro dos Ferros";"Não";"-";"Outros";NA;NA;NA;NA;NA;NA;NA;NA;NA;NA;NA;NA;NA;NA;NA;1;NA;NA;NA;NA;NA;NA;NA;NA;NA
31;"MG";3164100;"316410";"São Pedro do Suaçuí";"Não";"-";"Outros";NA;NA;NA;NA;NA;NA;NA;NA;NA;NA;1;NA;3;NA;NA;NA;NA;NA;NA;NA;NA;NA;1;NA;NA
31;"MG";3164308;"316430";"São Roque de Minas";"Não";"-";"Outros";NA;NA;NA;NA;NA;NA;NA;NA;NA;NA;1;1;NA;NA;NA;NA;NA;NA;NA;NA;NA;NA;1;NA;NA
31;"MG";3164407;"316440";"São Sebastião da Bela Vista";"Não";"-";"Outros";NA;NA;NA;NA;NA;NA;NA;NA;NA;NA;NA;NA;NA;NA;NA;1;NA;NA;NA;NA;NA;NA;NA;NA;NA
31;"MG";3164431;"316443";"São Sebastião da Vargem Alegre";"Não";"-";"Outros";NA;NA;NA;NA;NA;NA;NA;NA;NA;NA;NA;NA;NA;NA;NA;NA;NA;NA;NA;NA;NA;NA;NA;NA;NA
31;"MG";3164472;"316447";"São Sebastião do Anta";"Não";"-";"Outros";NA;NA;NA;NA;NA;NA;NA;NA;NA;NA;NA;NA;NA;NA;1;NA;NA;NA;NA;NA;NA;NA;NA;NA;NA
31;"MG";3164506;"316450";"São Sebastião do Maranhão";"Não";"-";"Outros";NA;NA;NA;NA;NA;NA;NA;NA;NA;NA;NA;NA;NA;NA;NA;NA;NA;NA;NA;NA;NA;1;1;1;NA
31;"MG";3164605;"316460";"São Sebastião do Oeste";"Não";"-";"Outros";2;NA;1;NA;NA;NA;NA;NA;NA;NA;NA;NA;NA;NA;NA;NA;NA;NA;NA;NA;NA;NA;NA;NA;NA
31;"MG";3164704;"316470";"São Sebastião do Paraíso";"Não";"-";"Outros";NA;NA;NA;NA;NA;NA;NA;NA;NA;NA;NA;NA;NA;NA;NA;NA;NA;2;NA;NA;NA;NA;1;2;NA
31;"MG";3164803;"316480";"São Sebastião do Rio Preto";"Não";"-";"Outros";NA;NA;NA;NA;NA;NA;NA;NA;NA;NA;NA;NA;NA;NA;NA;NA;NA;NA;NA;NA;NA;NA;NA;NA;NA
31;"MG";3165008;"316500";"São Tiago";"Não";"-";"Outros";NA;NA;NA;NA;NA;NA;1;NA;NA;NA;NA;NA;NA;NA;NA;NA;NA;NA;NA;NA;1;1;NA;NA;NA
31;"MG";3165206;"316520";"São Tomé das Letras";"Não";"-";"Outros";NA;NA;NA;NA;NA;NA;NA;NA;NA;NA;NA;NA;NA;NA;NA;NA;NA;NA;NA;NA;NA;NA;NA;NA;NA
31;"MG";3165305;"316530";"São Vicente de Minas";"Não";"-";"Outros";NA;NA;NA;NA;NA;NA;NA;NA;NA;NA;NA;NA;NA;NA;NA;NA;NA;NA;NA;NA;NA;NA;NA;NA;NA
31;"MG";3165404;"316540";"Sapucaí-Mirim";"Não";"-";"Outros";NA;NA;NA;NA;NA;NA;NA;NA;NA;NA;NA;NA;NA;NA;NA;NA;NA;NA;NA;NA;NA;NA;NA;NA;NA
31;"MG";3165503;"316550";"Sardoá";"Não";"-";"Outros";NA;NA;NA;NA;NA;NA;NA;NA;NA;NA;NA;NA;NA;NA;1;NA;NA;NA;NA;NA;NA;NA;1;NA;NA
31;"MG";3165537;"316553";"Sarzedo";"Não";"Região Metropolitana de Belo Horizonte";"Outros";NA;NA;1;NA;NA;1;2;2;NA;2;NA;1;1;1;2;NA;NA;3;1;NA;NA;1;NA;NA;NA
31;"MG";3165552;"316555";"Setubinha";"Não";"-";"Outros";NA;NA;NA;NA;NA;NA;NA;NA;NA;NA;NA;NA;NA;NA;NA;NA;NA;NA;1;NA;NA;NA;NA;NA;NA
31;"MG";3165560;"316556";"Sem-Peixe";"Não";"-";"Outros";NA;NA;NA;NA;NA;NA;NA;NA;NA;NA;NA;NA;NA;NA;NA;NA;NA;NA;NA;NA;NA;NA;NA;NA;NA
31;"MG";3165578;"316557";"Senador Amaral";"Não";"-";"Outros";NA;NA;NA;NA;NA;NA;NA;NA;NA;NA;NA;NA;NA;1;NA;NA;NA;NA;NA;NA;NA;NA;NA;NA;NA
31;"MG";3165701;"316570";"Senador Firmino";"Não";"-";"Outros";NA;NA;NA;NA;NA;NA;NA;1;NA;NA;NA;NA;NA;NA;NA;NA;NA;NA;NA;NA;NA;1;NA;NA;NA
31;"MG";3165800;"316580";"Senador José Bento";"Não";"-";"Outros";NA;NA;NA;NA;NA;NA;NA;NA;NA;NA;NA;NA;NA;NA;NA;NA;NA;NA;NA;1;NA;NA;1;1;NA
31;"MG";3165909;"316590";"Senador Modestino Gonçalves";"Não";"-";"Outros";NA;NA;NA;NA;1;NA;NA;NA;NA;NA;1;NA;NA;NA;NA;NA;NA;NA;NA;NA;NA;NA;NA;1;NA
31;"MG";3166006;"316600";"Senhora de Oliveira";"Não";"-";"Outros";NA;NA;NA;NA;NA;NA;NA;NA;NA;NA;NA;NA;NA;NA;NA;NA;NA;NA;NA;NA;NA;1;NA;NA;NA
31;"MG";3166105;"316610";"Senhora do Porto";"Não";"-";"Outros";NA;NA;NA;NA;NA;NA;NA;NA;NA;NA;NA;NA;NA;1;1;NA;NA;NA;NA;NA;NA;NA;NA;NA;NA
31;"MG";3166204;"316620";"Senhora dos Remédios";"Não";"-";"Outros";NA;NA;NA;NA;NA;NA;NA;NA;NA;NA;NA;NA;NA;NA;NA;NA;NA;1;1;NA;NA;NA;NA;NA;NA
31;"MG";3166402;"316640";"Seritinga";"Não";"-";"Outros";NA;NA;NA;NA;NA;NA;NA;NA;NA;NA;NA;NA;NA;NA;NA;NA;NA;NA;NA;NA;1;1;NA;NA;NA
31;"MG";3166501;"316650";"Serra Azul de Minas";"Não";"-";"Outros";NA;NA;NA;NA;NA;NA;NA;NA;NA;NA;NA;NA;NA;NA;NA;NA;NA;NA;NA;NA;NA;NA;1;NA;NA
31;"MG";3166600;"316660";"Serra da Saudade";"Não";"-";"Outros";NA;NA;NA;NA;NA;NA;NA;NA;NA;NA;NA;NA;NA;NA;NA;1;NA;NA;NA;NA;NA;NA;NA;NA;NA
31;"MG";3166709;"316670";"Serra dos Aimorés";"Não";"-";"Outros";NA;NA;NA;NA;NA;NA;NA;NA;NA;NA;NA;1;NA;1;NA;NA;NA;NA;NA;NA;NA;NA;NA;NA;NA
31;"MG";3166808;"316680";"Serra do Salitre";"Não";"-";"Outros";NA;NA;NA;NA;NA;NA;NA;NA;NA;1;NA;NA;NA;NA;1;1;1;6;2;3;1;NA;NA;3;NA
31;"MG";3166907;"316690";"Serrania";"Não";"-";"Outros";NA;NA;NA;NA;NA;NA;NA;NA;NA;NA;NA;NA;NA;NA;NA;NA;NA;1;NA;NA;NA;NA;NA;NA;NA
31;"MG";3166956;"316695";"Serranópolis de Minas";"Não";"-";"Outros";NA;NA;NA;NA;NA;NA;NA;NA;NA;NA;NA;NA;NA;NA;NA;NA;NA;1;NA;NA;NA;NA;NA;NA;NA
31;"MG";3167103;"316710";"Serro";"Não";"-";"Outros";NA;NA;NA;NA;NA;1;NA;1;NA;1;NA;NA;NA;NA;NA;NA;NA;NA;NA;NA;NA;1;2;NA;NA
31;"MG";3167202;"316720";"Sete Lagoas";"Não";"Colar Metropolitano de Belo Horizonte";"Outros";2;NA;1;3;3;4;2;12;6;11;10;2;5;6;5;2;4;3;2;NA;NA;2;6;4;NA
31;"MG";3167400;"316740";"Silvianópolis";"Não";"-";"Outros";NA;NA;NA;NA;NA;NA;NA;NA;NA;NA;NA;NA;NA;NA;NA;NA;NA;NA;NA;NA;NA;NA;1;NA;NA
31;"MG";3167509;"316750";"Simão Pereira";"Não";"-";"Outros";NA;1;NA;NA;NA;NA;NA;NA;NA;NA;NA;NA;NA;NA;NA;NA;NA;NA;NA;NA;NA;NA;NA;NA;NA
31;"MG";3167608;"316760";"Simonésia";"Não";"-";"Outros";NA;NA;NA;NA;NA;NA;NA;NA;NA;NA;NA;NA;NA;NA;NA;NA;NA;NA;NA;NA;NA;NA;NA;NA;NA
31;"MG";3167707;"316770";"Sobrália";"Não";"Colar Metropolitano";"Outros";NA;NA;1;NA;1;NA;NA;NA;NA;NA;2;NA;NA;NA;NA;NA;NA;NA;NA;NA;NA;NA;NA;NA;NA
31;"MG";3167806;"316780";"Soledade de Minas";"Não";"-";"Outros";NA;NA;NA;NA;NA;NA;NA;NA;NA;NA;NA;NA;NA;NA;NA;NA;NA;NA;NA;NA;NA;NA;NA;NA;NA
31;"MG";3167905;"316790";"Tabuleiro";"Não";"-";"Outros";NA;NA;NA;NA;NA;NA;NA;NA;NA;NA;NA;NA;NA;NA;NA;NA;2;NA;NA;NA;NA;NA;1;NA;NA
31;"MG";3168002;"316800";"Taiobeiras";"Não";"-";"Outros";NA;NA;NA;NA;NA;NA;NA;NA;NA;NA;NA;NA;NA;NA;1;NA;NA;NA;1;1;NA;1;1;1;NA
31;"MG";3168051;"316805";"Taparuba";"Não";"-";"Outros";NA;NA;NA;NA;NA;NA;NA;NA;NA;NA;NA;NA;NA;NA;NA;NA;NA;NA;NA;NA;NA;NA;NA;NA;NA
31;"MG";3168101;"316810";"Tapira";"Não";"-";"Outros";NA;NA;NA;NA;NA;NA;NA;NA;NA;NA;NA;NA;NA;NA;NA;NA;NA;NA;NA;3;1;NA;NA;NA;NA
31;"MG";3168200;"316820";"Tapiraí";"Não";"-";"Outros";NA;NA;NA;NA;NA;NA;NA;1;NA;NA;NA;NA;NA;NA;NA;NA;NA;NA;NA;NA;NA;NA;NA;NA;NA
31;"MG";3168408;"316840";"Tarumirim";"Não";"-";"Outros";NA;NA;NA;NA;1;1;4;NA;NA;2;2;4;3;NA;NA;NA;NA;1;NA;2;NA;2;1;1;NA
31;"MG";3168507;"316850";"Teixeiras";"Não";"-";"Outros";NA;NA;NA;NA;1;1;NA;NA;NA;1;NA;NA;NA;NA;2;NA;NA;NA;NA;NA;NA;1;NA;2;NA
31;"MG";3168606;"316860";"Teófilo Otoni";"Não";"-";"Outros";8;8;4;12;15;14;16;16;21;13;12;9;7;1;6;20;9;18;13;10;8;16;10;9;NA
31;"MG";3168705;"316870";"Timóteo";"Não";"Região Metropolitana do Vale do Aço";"Outros";NA;3;NA;NA;1;5;NA;1;1;NA;2;2;1;1;2;1;1;1;NA;NA;NA;NA;NA;NA;NA
31;"MG";3168804;"316880";"Tiradentes";"Não";"-";"Outros";NA;NA;NA;1;NA;NA;NA;NA;NA;NA;2;NA;NA;NA;NA;NA;NA;NA;NA;NA;NA;NA;NA;NA;NA
31;"MG";3168903;"316890";"Tiros";"Não";"-";"Outros";NA;NA;NA;NA;1;NA;NA;NA;NA;NA;1;NA;NA;NA;NA;NA;NA;NA;NA;1;NA;NA;1;1;NA
31;"MG";3169000;"316900";"Tocantins";"Não";"-";"Outros";NA;NA;NA;NA;NA;1;NA;NA;NA;NA;NA;NA;NA;NA;NA;NA;1;NA;NA;NA;NA;NA;NA;NA;NA
31;"MG";3169307;"316930";"Três Corações";"Não";"-";"Outros";NA;NA;2;NA;1;3;NA;NA;1;NA;3;2;1;1;3;NA;NA;1;NA;NA;NA;1;1;1;NA
31;"MG";3169356;"316935";"Três Marias";"Não";"-";"Outros";NA;NA;NA;NA;NA;1;NA;2;12;4;5;3;NA;NA;1;NA;NA;1;1;NA;NA;NA;NA;6;NA
31;"MG";3169406;"316940";"Três Pontas";"Não";"-";"Outros";NA;NA;NA;1;1;NA;NA;NA;NA;NA;NA;NA;NA;NA;NA;NA;NA;NA;NA;NA;NA;1;1;1;NA
31;"MG";3169505;"316950";"Tumiritinga";"Não";"-";"Outros";1;NA;1;NA;NA;NA;1;1;NA;2;2;NA;2;NA;NA;NA;1;NA;NA;1;2;NA;NA;1;NA
31;"MG";3169604;"316960";"Tupaciguara";"Não";"-";"Outros";NA;NA;NA;NA;NA;NA;NA;NA;NA;NA;1;NA;NA;NA;1;NA;NA;NA;NA;NA;NA;NA;NA;NA;NA
31;"MG";3169703;"316970";"Turmalina";"Não";"-";"Outros";NA;NA;NA;NA;NA;3;NA;NA;NA;NA;1;NA;NA;NA;NA;2;NA;NA;1;NA;NA;NA;NA;NA;NA
31;"MG";3169901;"316990";"Ubá";"Não";"-";"Outros";NA;NA;NA;NA;2;2;1;NA;NA;NA;4;1;1;4;3;1;1;1;6;7;4;3;9;8;NA
31;"MG";3170008;"317000";"Ubaí";"Não";"-";"Outros";NA;NA;NA;NA;NA;NA;NA;NA;NA;NA;NA;1;NA;1;NA;NA;NA;NA;NA;NA;NA;NA;NA;NA;NA
31;"MG";3170057;"317005";"Ubaporanga";"Não";"-";"Outros";NA;NA;NA;NA;NA;NA;NA;NA;NA;NA;NA;NA;1;NA;3;2;NA;NA;NA;NA;2;2;NA;NA;NA
31;"MG";3170107;"317010";"Uberaba";"Não";"-";"Outros";3;4;7;10;7;4;9;8;6;3;8;15;12;12;17;1;7;5;1;8;3;2;1;9;NA
31;"MG";3170206;"317020";"Uberlândia";"Não";"-";"Outros";6;15;14;15;7;8;11;16;20;13;22;36;48;36;27;9;2;1;3;1;NA;1;1;1;NA
31;"MG";3170305;"317030";"Umburatiba";"Não";"-";"Outros";NA;NA;NA;NA;NA;NA;NA;NA;NA;NA;NA;NA;NA;NA;NA;NA;NA;NA;NA;NA;1;NA;NA;1;NA
31;"MG";3170404;"317040";"Unaí";"Não";"Região Integrada de Desenvolvimento do Distrito Federal e Entorno";"Outros";1;NA;2;3;12;8;4;4;5;9;11;11;5;1;2;4;3;3;4;2;1;3;3;2;NA
31;"MG";3170438;"317043";"União de Minas";"Não";"-";"Outros";NA;NA;NA;NA;NA;NA;NA;NA;NA;NA;NA;NA;NA;1;NA;NA;NA;NA;NA;NA;NA;NA;NA;NA;NA
31;"MG";3170479;"317047";"Uruana de Minas";"Não";"-";"Outros";NA;NA;NA;NA;NA;NA;NA;NA;1;NA;NA;NA;1;NA;NA;1;NA;NA;NA;2;1;NA;1;NA;NA
31;"MG";3170503;"317050";"Urucânia";"Não";"-";"Outros";NA;NA;NA;NA;NA;NA;1;3;NA;NA;NA;NA;NA;NA;NA;NA;NA;NA;NA;NA;NA;NA;NA;NA;NA
31;"MG";3170529;"317052";"Urucuia";"Não";"-";"Outros";NA;NA;1;NA;NA;NA;NA;NA;NA;NA;NA;NA;NA;NA;NA;NA;NA;NA;NA;NA;NA;NA;NA;NA;NA
31;"MG";3170578;"317057";"Vargem Alegre";"Não";"Colar Metropolitano";"Outros";NA;NA;NA;NA;NA;NA;NA;NA;NA;NA;NA;NA;NA;NA;1;NA;NA;NA;NA;NA;NA;NA;NA;NA;NA
31;"MG";3170602;"317060";"Vargem Bonita";"Não";"-";"Outros";NA;NA;NA;NA;NA;NA;NA;NA;NA;NA;NA;NA;NA;NA;NA;NA;NA;NA;NA;1;NA;NA;NA;NA;NA
31;"MG";3170651;"317065";"Vargem Grande do Rio Pardo";"Não";"-";"Outros";NA;NA;NA;NA;NA;NA;NA;NA;NA;NA;NA;NA;NA;NA;NA;NA;NA;NA;NA;NA;NA;NA;NA;NA;NA
31;"MG";3170701;"317070";"Varginha";"Não";"-";"Outros";1;1;1;NA;NA;1;NA;2;NA;1;1;3;NA;1;1;NA;NA;NA;NA;NA;1;4;NA;1;NA
31;"MG";3170750;"317075";"Varjão de Minas";"Não";"-";"Outros";NA;NA;NA;NA;NA;NA;NA;NA;1;NA;NA;NA;NA;1;NA;2;NA;NA;NA;NA;NA;NA;NA;NA;NA
31;"MG";3170800;"317080";"Várzea da Palma";"Não";"-";"Outros";NA;NA;1;NA;NA;NA;NA;1;2;NA;1;1;1;NA;NA;NA;NA;NA;1;NA;NA;1;4;1;NA
31;"MG";3170909;"317090";"Varzelândia";"Não";"-";"Outros";NA;NA;NA;NA;NA;NA;NA;NA;NA;NA;NA;NA;1;NA;NA;NA;NA;NA;1;NA;NA;NA;NA;1;NA
31;"MG";3171006;"317100";"Vazante";"Não";"-";"Outros";NA;NA;1;NA;NA;1;1;1;1;1;1;NA;NA;NA;NA;NA;NA;NA;NA;NA;NA;NA;1;NA;NA
31;"MG";3171030;"317103";"Verdelândia";"Não";"-";"Outros";1;NA;NA;NA;NA;NA;NA;NA;NA;NA;NA;NA;NA;NA;NA;NA;NA;NA;NA;NA;NA;NA;NA;NA;NA
31;"MG";3171105;"317110";"Veríssimo";"Não";"-";"Outros";NA;NA;NA;NA;NA;NA;NA;NA;NA;NA;NA;NA;NA;NA;NA;NA;NA;NA;NA;1;NA;NA;NA;NA;NA
31;"MG";3171154;"317115";"Vermelho Novo";"Não";"-";"Outros";NA;NA;NA;NA;NA;NA;NA;NA;NA;NA;NA;NA;1;NA;1;1;NA;NA;NA;NA;NA;NA;NA;NA;NA
31;"MG";3171204;"317120";"Vespasiano";"Não";"Região Metropolitana de Belo Horizonte";"Outros";1;NA;NA;1;2;1;NA;NA;NA;NA;NA;1;NA;1;4;1;NA;1;NA;NA;NA;NA;NA;NA;NA
31;"MG";3171303;"317130";"Viçosa";"Não";"-";"Outros";1;NA;NA;1;2;1;1;NA;NA;1;NA;1;NA;5;NA;NA;NA;NA;NA;NA;NA;NA;1;NA;NA
31;"MG";3171501;"317150";"Mathias Lobato";"Não";"-";"Outros";NA;NA;NA;1;NA;NA;NA;NA;2;1;1;NA;NA;NA;NA;1;1;1;NA;NA;NA;NA;NA;NA;NA
31;"MG";3171600;"317160";"Virgem da Lapa";"Não";"-";"Outros";NA;NA;NA;NA;NA;NA;NA;1;NA;1;NA;NA;NA;NA;NA;NA;NA;NA;NA;NA;NA;NA;NA;1;NA
31;"MG";3171709;"317170";"Virgínia";"Não";"-";"Outros";NA;NA;NA;NA;NA;NA;NA;NA;NA;NA;NA;NA;NA;NA;NA;NA;NA;NA;NA;NA;NA;NA;NA;NA;NA
31;"MG";3171808;"317180";"Virginópolis";"Não";"-";"Outros";NA;NA;1;NA;NA;NA;NA;NA;NA;1;NA;1;3;1;1;NA;1;NA;1;1;1;NA;NA;NA;NA
31;"MG";3171907;"317190";"Virgolândia";"Não";"-";"Outros";1;NA;NA;NA;NA;NA;NA;NA;NA;NA;NA;NA;NA;1;NA;NA;NA;NA;NA;NA;NA;NA;NA;NA;NA
31;"MG";3172004;"317200";"Visconde do Rio Branco";"Não";"-";"Outros";NA;NA;NA;NA;NA;1;NA;NA;NA;NA;NA;NA;NA;NA;NA;1;1;NA;NA;NA;2;NA;NA;1;NA
31;"MG";3172103;"317210";"Volta Grande";"Não";"-";"Outros";NA;NA;NA;NA;NA;2;NA;NA;NA;NA;NA;NA;NA;NA;NA;NA;NA;1;1;NA;1;NA;NA;NA;NA
32;"ES";3200102;"320010";"Afonso Cláudio";"Não";"-";"Outros";NA;1;1;NA;NA;NA;1;2;2;NA;NA;1;NA;NA;2;1;1;NA;NA;2;NA;1;1;NA;NA
32;"ES";3200136;"320013";"Águia Branca";"Não";"-";"Outros";NA;NA;NA;NA;NA;NA;NA;NA;NA;1;NA;NA;NA;NA;1;1;NA;NA;1;NA;NA;NA;NA;NA;NA
32;"ES";3200169;"320016";"Água Doce do Norte";"Não";"-";"Outros";1;NA;NA;NA;NA;2;2;NA;NA;NA;NA;NA;NA;1;NA;NA;NA;NA;NA;1;1;NA;NA;1;NA
32;"ES";3200201;"320020";"Alegre";"Não";"-";"Outros";1;1;NA;NA;NA;NA;NA;NA;2;NA;2;NA;1;NA;NA;3;NA;2;NA;NA;2;3;2;NA;NA
32;"ES";3200300;"320030";"Alfredo Chaves";"Não";"-";"Outros";NA;1;NA;NA;NA;NA;NA;NA;NA;NA;NA;NA;1;NA;NA;NA;NA;NA;NA;NA;NA;NA;1;NA;NA
32;"ES";3200359;"320035";"Alto Rio Novo";"Não";"-";"Outros";1;NA;NA;NA;1;1;NA;NA;NA;NA;NA;NA;NA;NA;1;NA;NA;NA;1;NA;NA;NA;NA;NA;NA
32;"ES";3200409;"320040";"Anchieta";"Não";"-";"Outros";NA;NA;NA;3;1;1;NA;1;1;3;NA;2;2;1;2;NA;NA;1;1;2;3;2;2;NA;NA
32;"ES";3200508;"320050";"Apiacá";"Não";"-";"Outros";NA;NA;NA;NA;NA;NA;NA;NA;NA;1;NA;NA;NA;NA;1;1;NA;NA;NA;NA;NA;1;NA;NA;NA
32;"ES";3200607;"320060";"Aracruz";"Não";"-";"Outros";4;4;5;2;5;7;3;5;1;NA;NA;NA;2;2;1;NA;NA;4;NA;3;8;NA;6;5;NA
32;"ES";3200706;"320070";"Atílio Vivácqua";"Não";"-";"Outros";1;NA;NA;1;NA;NA;NA;NA;NA;1;1;NA;1;NA;2;NA;1;1;1;NA;NA;NA;NA;1;NA
32;"ES";3200805;"320080";"Baixo Guandu";"Não";"-";"Outros";NA;1;NA;NA;NA;NA;NA;NA;1;NA;NA;NA;1;1;5;NA;1;NA;2;1;2;1;1;1;NA
32;"ES";3200904;"320090";"Barra de São Francisco";"Não";"-";"Outros";NA;3;2;2;2;1;3;3;2;1;NA;2;1;1;1;2;4;1;6;4;7;NA;5;1;NA
32;"ES";3201001;"320100";"Boa Esperança";"Não";"-";"Outros";NA;NA;NA;1;NA;NA;NA;2;NA;NA;3;5;1;1;NA;NA;1;NA;2;2;1;1;NA;NA;NA
32;"ES";3201100;"320110";"Bom Jesus do Norte";"Não";"-";"Outros";NA;NA;NA;NA;NA;1;NA;NA;NA;NA;NA;NA;2;NA;NA;NA;NA;NA;NA;NA;1;NA;1;NA;NA
32;"ES";3201159;"320115";"Brejetuba";"Não";"-";"Outros";NA;NA;NA;NA;NA;NA;NA;1;NA;NA;NA;NA;NA;NA;1;NA;NA;NA;NA;1;NA;1;2;NA;NA
32;"ES";3201209;"320120";"Cachoeiro de Itapemirim";"Não";"-";"Outros";3;5;3;3;1;4;3;2;6;6;3;8;3;6;3;5;3;5;4;10;14;12;6;7;NA
32;"ES";3201308;"320130";"Cariacica";"Não";"Região Metropolitana da Grande Vitória";"Outros";4;4;6;6;4;7;3;5;1;5;2;3;1;2;4;NA;2;NA;10;4;6;2;1;1;NA
32;"ES";3201407;"320140";"Castelo";"Não";"-";"Outros";NA;1;NA;1;2;NA;1;1;NA;NA;1;NA;2;1;NA;1;NA;NA;NA;2;2;NA;NA;1;NA
32;"ES";3201506;"320150";"Colatina";"Não";"-";"Outros";3;8;5;1;6;3;1;2;4;4;2;7;8;3;NA;7;11;5;13;9;17;3;5;8;NA
32;"ES";3201605;"320160";"Conceição da Barra";"Não";"-";"Outros";3;4;5;1;4;2;3;1;3;1;3;1;2;3;12;1;1;1;4;1;5;1;NA;3;NA
32;"ES";3201704;"320170";"Conceição do Castelo";"Não";"-";"Outros";NA;NA;1;NA;NA;NA;1;NA;2;NA;NA;1;NA;NA;NA;1;1;NA;NA;1;NA;NA;3;NA;NA
32;"ES";3201803;"320180";"Divino de São Lourenço";"Não";"-";"Outros";NA;NA;NA;NA;NA;NA;NA;NA;NA;NA;NA;NA;NA;NA;NA;NA;NA;NA;NA;NA;NA;NA;NA;NA;NA
32;"ES";3201902;"320190";"Domingos Martins";"Não";"-";"Outros";NA;1;NA;2;1;NA;NA;1;4;NA;3;NA;1;2;1;1;NA;NA;2;1;2;1;1;1;NA
32;"ES";3202009;"320200";"Dores do Rio Preto";"Não";"-";"Outros";NA;NA;NA;NA;NA;NA;NA;NA;NA;NA;NA;NA;NA;NA;NA;NA;NA;NA;NA;NA;NA;NA;1;NA;NA
32;"ES";3202108;"320210";"Ecoporanga";"Não";"-";"Outros";1;NA;NA;1;NA;1;4;1;NA;NA;NA;NA;1;2;3;NA;1;1;1;3;2;NA;1;3;NA
32;"ES";3202207;"320220";"Fundão";"Não";"Região Metropolitana da Grande Vitória";"Outros";NA;NA;3;NA;NA;NA;1;NA;NA;4;NA;2;NA;1;1;NA;NA;NA;NA;3;1;NA;NA;NA;NA
32;"ES";3202256;"320225";"Governador Lindenberg";"Não";"-";"Outros";NA;NA;1;NA;NA;NA;NA;NA;1;NA;1;NA;NA;NA;NA;NA;NA;NA;NA;NA;NA;NA;1;NA;NA
32;"ES";3202306;"320230";"Guaçuí";"Não";"-";"Outros";1;NA;1;NA;1;1;2;1;NA;3;1;1;1;1;NA;NA;NA;NA;NA;1;1;2;1;NA;NA
32;"ES";3202405;"320240";"Guarapari";"Não";"Região Metropolitana da Grande Vitória";"Outros";7;4;4;2;9;9;1;2;3;3;1;1;4;2;NA;NA;3;15;NA;5;3;NA;3;3;NA
32;"ES";3202454;"320245";"Ibatiba";"Não";"-";"Outros";2;NA;NA;NA;4;1;2;NA;1;1;NA;1;NA;1;2;1;NA;2;1;2;3;1;4;NA;NA
32;"ES";3202504;"320250";"Ibiraçu";"Não";"-";"Outros";1;3;3;2;NA;NA;NA;NA;3;NA;1;NA;3;NA;NA;NA;2;1;4;NA;NA;1;NA;NA;NA
32;"ES";3202553;"320255";"Ibitirama";"Não";"-";"Outros";NA;NA;NA;NA;NA;NA;NA;NA;NA;NA;NA;NA;NA;NA;NA;1;NA;NA;NA;NA;NA;NA;NA;1;NA
32;"ES";3202603;"320260";"Iconha";"Não";"-";"Outros";1;2;1;1;NA;1;NA;NA;NA;NA;NA;1;NA;NA;NA;NA;1;NA;NA;NA;NA;1;NA;NA;NA
32;"ES";3202652;"320265";"Irupi";"Não";"-";"Outros";NA;NA;NA;NA;NA;NA;NA;NA;NA;NA;NA;NA;NA;NA;1;NA;1;NA;1;NA;3;NA;NA;NA;NA
32;"ES";3202702;"320270";"Itaguaçu";"Não";"-";"Outros";NA;NA;NA;NA;NA;NA;NA;NA;1;NA;NA;2;NA;1;NA;NA;NA;NA;1;1;NA;NA;NA;NA;NA
32;"ES";3202801;"320280";"Itapemirim";"Não";"-";"Outros";NA;NA;NA;NA;NA;NA;1;NA;NA;1;NA;1;3;2;4;1;1;NA;2;1;1;NA;NA;NA;NA
32;"ES";3202900;"320290";"Itarana";"Não";"-";"Outros";NA;NA;NA;NA;NA;NA;NA;NA;NA;1;NA;NA;NA;NA;NA;NA;NA;1;NA;1;NA;NA;NA;NA;NA
32;"ES";3203007;"320300";"Iúna";"Não";"-";"Outros";NA;NA;NA;NA;NA;NA;NA;NA;NA;NA;2;1;NA;NA;NA;NA;2;1;1;1;1;NA;2;NA;NA
32;"ES";3203056;"320305";"Jaguaré";"Não";"-";"Outros";NA;NA;3;1;2;2;3;2;2;1;3;4;2;5;4;3;2;NA;3;5;NA;2;2;NA;NA
32;"ES";3203106;"320310";"Jerônimo Monteiro";"Não";"-";"Outros";NA;NA;NA;NA;NA;NA;NA;NA;NA;NA;NA;NA;NA;NA;NA;NA;NA;1;1;NA;1;NA;NA;NA;NA
32;"ES";3203130;"320313";"João Neiva";"Não";"-";"Outros";1;2;2;NA;1;1;NA;2;2;NA;NA;1;7;NA;NA;3;4;3;NA;4;NA;1;2;1;NA
32;"ES";3203163;"320316";"Laranja da Terra";"Não";"-";"Outros";NA;NA;NA;NA;NA;NA;NA;NA;NA;NA;NA;NA;NA;NA;NA;NA;NA;1;NA;NA;NA;NA;NA;NA;NA
32;"ES";3203205;"320320";"Linhares";"Não";"-";"Outros";4;2;5;8;12;5;4;6;8;12;15;9;12;9;19;6;8;2;11;18;29;2;7;1;NA
32;"ES";3203304;"320330";"Mantenópolis";"Não";"-";"Outros";NA;NA;NA;2;1;NA;1;1;NA;NA;NA;NA;NA;NA;1;NA;1;1;1;2;NA;1;NA;NA;NA
32;"ES";3203320;"320332";"Marataízes";"Não";"-";"Outros";NA;NA;NA;NA;NA;NA;NA;NA;NA;NA;NA;NA;NA;NA;NA;1;NA;NA;NA;NA;NA;NA;4;NA;NA
32;"ES";3203346;"320334";"Marechal Floriano";"Não";"-";"Outros";1;1;1;NA;1;NA;NA;1;1;1;1;NA;NA;NA;1;3;NA;NA;5;NA;1;NA;NA;NA;NA
32;"ES";3203353;"320335";"Marilândia";"Não";"-";"Outros";NA;NA;NA;NA;2;NA;NA;NA;NA;1;NA;NA;NA;1;1;NA;1;NA;NA;NA;NA;NA;NA;NA;NA
32;"ES";3203403;"320340";"Mimoso do Sul";"Não";"-";"Outros";2;NA;2;2;1;1;NA;NA;NA;NA;2;NA;NA;4;2;NA;1;7;1;1;2;1;1;NA;NA
32;"ES";3203502;"320350";"Montanha";"Não";"-";"Outros";NA;1;3;1;NA;1;1;NA;NA;NA;1;1;1;NA;NA;1;2;1;1;3;2;1;3;NA;NA
32;"ES";3203601;"320360";"Mucurici";"Não";"-";"Outros";NA;NA;NA;NA;NA;NA;NA;NA;NA;NA;NA;NA;1;NA;NA;NA;NA;NA;1;4;2;1;NA;2;NA
32;"ES";3203700;"320370";"Muniz Freire";"Não";"-";"Outros";NA;NA;NA;NA;NA;NA;1;NA;NA;NA;1;NA;NA;NA;NA;NA;NA;NA;NA;NA;NA;NA;2;NA;NA
32;"ES";3203809;"320380";"Muqui";"Não";"-";"Outros";1;1;NA;NA;NA;NA;NA;NA;NA;1;NA;NA;1;NA;NA;NA;NA;1;NA;NA;NA;NA;NA;NA;NA
32;"ES";3203908;"320390";"Nova Venécia";"Não";"-";"Outros";NA;NA;3;NA;4;2;1;NA;1;NA;3;1;NA;2;3;4;7;NA;2;8;3;1;2;2;NA
32;"ES";3204005;"320400";"Pancas";"Não";"-";"Outros";1;1;NA;NA;NA;NA;NA;NA;3;1;NA;NA;1;1;4;1;NA;1;1;2;2;NA;2;NA;NA
32;"ES";3204054;"320405";"Pedro Canário";"Não";"-";"Outros";2;NA;1;4;1;2;2;2;2;1;2;2;2;2;1;5;1;NA;3;3;6;1;3;NA;NA
32;"ES";3204104;"320410";"Pinheiros";"Não";"-";"Outros";2;1;NA;NA;NA;2;NA;2;2;NA;NA;3;NA;1;1;2;1;1;1;3;1;NA;1;2;NA
32;"ES";3204203;"320420";"Piúma";"Não";"-";"Outros";NA;NA;NA;NA;NA;NA;NA;NA;NA;NA;1;NA;NA;NA;NA;NA;NA;NA;NA;NA;NA;NA;1;NA;NA
32;"ES";3204252;"320425";"Ponto Belo";"Não";"-";"Outros";NA;NA;NA;NA;NA;NA;NA;NA;1;NA;1;NA;NA;1;NA;NA;1;NA;NA;NA;NA;1;NA;NA;NA
32;"ES";3204302;"320430";"Presidente Kennedy";"Não";"-";"Outros";NA;NA;NA;2;1;NA;NA;NA;NA;NA;NA;NA;NA;NA;1;NA;NA;1;NA;NA;1;1;NA;2;NA
32;"ES";3204351;"320435";"Rio Bananal";"Não";"-";"Outros";NA;1;NA;2;NA;2;NA;NA;3;1;1;NA;NA;2;4;2;1;1;2;2;2;1;NA;1;NA
32;"ES";3204401;"320440";"Rio Novo do Sul";"Não";"-";"Outros";NA;NA;4;1;NA;1;NA;NA;NA;NA;1;1;1;2;NA;NA;1;1;2;NA;1;1;2;NA;NA
32;"ES";3204500;"320450";"Santa Leopoldina";"Não";"-";"Outros";NA;NA;NA;1;NA;1;1;NA;2;NA;NA;NA;NA;NA;NA;NA;NA;1;1;1;2;NA;NA;1;NA
32;"ES";3204559;"320455";"Santa Maria de Jetibá";"Não";"-";"Outros";NA;NA;NA;NA;NA;NA;NA;NA;NA;NA;1;NA;NA;1;1;1;2;NA;NA;2;2;NA;2;NA;NA
32;"ES";3204609;"320460";"Santa Teresa";"Não";"-";"Outros";NA;2;NA;NA;NA;NA;1;NA;NA;NA;2;NA;1;NA;2;NA;NA;1;NA;NA;NA;NA;2;1;NA
32;"ES";3204658;"320465";"São Domingos do Norte";"Não";"-";"Outros";NA;1;NA;NA;NA;NA;NA;1;NA;NA;1;NA;1;2;NA;NA;1;NA;2;NA;3;NA;NA;NA;NA
32;"ES";3204708;"320470";"São Gabriel da Palha";"Não";"-";"Outros";1;NA;NA;1;NA;NA;NA;NA;1;NA;1;3;NA;NA;NA;1;1;NA;NA;4;2;NA;NA;1;NA
32;"ES";3204807;"320480";"São José do Calçado";"Não";"-";"Outros";1;NA;NA;NA;NA;NA;NA;1;NA;NA;NA;NA;NA;NA;NA;NA;NA;1;NA;2;2;NA;NA;NA;NA
32;"ES";3204906;"320490";"São Mateus";"Não";"-";"Outros";1;4;4;6;9;9;9;6;6;3;12;13;5;15;10;14;23;11;22;21;32;11;30;12;NA
32;"ES";3204955;"320495";"São Roque do Canaã";"Não";"-";"Outros";NA;NA;NA;NA;NA;2;NA;NA;NA;NA;NA;NA;1;NA;NA;2;2;NA;1;NA;NA;1;NA;NA;NA
32;"ES";3205002;"320500";"Serra";"Não";"Região Metropolitana da Grande Vitória";"Outros";3;NA;22;12;11;8;7;13;10;11;7;4;16;11;14;4;4;10;7;2;NA;NA;NA;3;NA
32;"ES";3205010;"320501";"Sooretama";"Não";"-";"Outros";2;1;2;1;NA;NA;2;NA;3;NA;4;2;NA;2;1;9;2;2;NA;4;2;3;1;1;NA
32;"ES";3205036;"320503";"Vargem Alta";"Não";"-";"Outros";NA;NA;NA;NA;NA;1;NA;NA;1;NA;NA;NA;NA;NA;NA;NA;NA;NA;NA;NA;1;NA;NA;1;NA
32;"ES";3205069;"320506";"Venda Nova do Imigrante";"Não";"-";"Outros";1;NA;1;2;NA;1;1;2;NA;NA;2;NA;NA;NA;NA;1;2;NA;1;NA;1;NA;1;3;NA
32;"ES";3205101;"320510";"Viana";"Não";"Região Metropolitana da Grande Vitória";"Outros";4;1;4;NA;3;2;2;4;1;3;NA;1;1;1;1;1;1;1;2;3;4;NA;2;4;NA
32;"ES";3205150;"320515";"Vila Pavão";"Não";"-";"Outros";NA;NA;NA;NA;1;1;NA;NA;NA;NA;1;NA;NA;NA;1;NA;NA;NA;1;1;1;NA;NA;NA;NA
32;"ES";3205176;"320517";"Vila Valério";"Não";"-";"Outros";NA;NA;NA;NA;NA;1;NA;NA;NA;NA;NA;NA;3;2;2;1;NA;NA;1;2;2;NA;NA;1;NA
32;"ES";3205200;"320520";"Vila Velha";"Não";"Região Metropolitana da Grande Vitória";"Outros";7;5;6;1;4;4;1;6;2;NA;3;2;3;7;3;9;1;1;7;10;12;NA;4;NA;NA
32;"ES";3205309;"320530";"Vitória";"Sim";"Região Metropolitana da Grande Vitória";"Outros";11;11;5;5;6;10;9;2;7;6;11;5;5;6;1;5;5;13;13;7;12;6;14;6;NA
33;"RJ";3300100;"330010";"Angra dos Reis";"Não";"-";"Outros";1;3;1;NA;NA;1;5;NA;2;2;7;1;1;NA;3;5;NA;5;4;7;3;6;4;7;NA
33;"RJ";3300159;"330015";"Aperibé";"Não";"-";"Outros";NA;NA;NA;NA;NA;NA;2;NA;NA;NA;1;NA;NA;1;NA;NA;NA;NA;NA;NA;NA;NA;NA;NA;NA
33;"RJ";3300209;"330020";"Araruama";"Não";"-";"Outros";2;4;6;9;NA;NA;2;NA;NA;2;6;3;4;4;5;4;2;6;3;7;10;9;16;9;NA
33;"RJ";3300225;"330022";"Areal";"Não";"-";"Outros";NA;NA;NA;NA;NA;NA;NA;NA;NA;2;NA;NA;NA;1;NA;NA;NA;NA;NA;NA;NA;NA;1;NA;NA
33;"RJ";3300233;"330023";"Armação dos Búzios";"Não";"-";"Outros";NA;NA;NA;NA;NA;NA;NA;NA;NA;1;NA;NA;NA;4;NA;1;NA;NA;1;1;NA;1;3;2;NA
33;"RJ";3300258;"330025";"Arraial do Cabo";"Não";"-";"Outros";2;3;2;NA;NA;NA;NA;NA;NA;NA;NA;NA;NA;NA;NA;NA;1;NA;1;1;1;NA;1;2;NA
33;"RJ";3300308;"330030";"Barra do Piraí";"Não";"-";"Outros";NA;2;1;2;1;NA;1;NA;4;1;2;1;NA;1;1;3;5;NA;1;5;1;NA;NA;1;NA
33;"RJ";3300407;"330040";"Barra Mansa";"Não";"-";"Outros";2;5;3;2;2;1;4;1;1;2;NA;2;2;NA;2;1;1;2;NA;2;3;3;1;NA;NA
33;"RJ";3300456;"330045";"Belford Roxo";"Não";"Região Metropolitana do Rio de Janeiro";"Outros";NA;4;NA;NA;NA;7;2;3;2;NA;10;4;5;4;3;1;5;6;NA;1;3;4;5;7;NA
33;"RJ";3300506;"330050";"Bom Jardim";"Não";"-";"Outros";NA;NA;NA;NA;1;NA;1;NA;NA;NA;NA;NA;NA;2;NA;NA;NA;1;1;NA;2;1;NA;NA;NA
33;"RJ";3300605;"330060";"Bom Jesus do Itabapoana";"Não";"-";"Outros";1;NA;NA;NA;1;NA;1;NA;NA;1;NA;NA;NA;1;NA;NA;NA;1;1;NA;1;NA;NA;1;NA
33;"RJ";3300704;"330070";"Cabo Frio";"Não";"-";"Outros";6;8;2;2;1;1;1;2;2;2;7;NA;1;4;1;1;6;3;2;3;NA;5;10;8;NA
33;"RJ";3300803;"330080";"Cachoeiras de Macacu";"Não";"Região Metropolitana do Rio de Janeiro";"Outros";2;4;NA;1;1;1;3;2;2;2;NA;3;6;5;2;7;2;5;4;3;6;4;11;1;NA
33;"RJ";3300902;"330090";"Cambuci";"Não";"-";"Outros";NA;1;NA;NA;NA;NA;NA;NA;NA;1;NA;1;1;NA;NA;NA;1;1;NA;NA;NA;NA;NA;1;NA
33;"RJ";3300936;"330093";"Carapebus";"Não";"-";"Outros";1;NA;NA;NA;1;3;1;NA;1;NA;1;1;NA;NA;1;NA;NA;1;NA;NA;NA;NA;NA;NA;NA
33;"RJ";3300951;"330095";"Comendador Levy Gasparian";"Não";"-";"Outros";NA;NA;NA;NA;NA;NA;NA;1;1;NA;NA;NA;NA;NA;NA;NA;NA;1;NA;NA;NA;NA;NA;NA;NA
33;"RJ";3301009;"330100";"Campos dos Goytacazes";"Não";"-";"Outros";27;14;11;20;8;4;2;4;NA;13;6;5;11;10;10;9;10;2;5;10;11;17;8;8;NA
33;"RJ";3301108;"330110";"Cantagalo";"Não";"-";"Outros";NA;NA;NA;NA;NA;NA;NA;1;2;NA;NA;1;NA;NA;1;NA;1;2;1;NA;3;2;1;NA;NA
33;"RJ";3301157;"330115";"Cardoso Moreira";"Não";"-";"Outros";NA;NA;NA;NA;NA;NA;NA;NA;NA;NA;NA;1;1;NA;1;1;NA;NA;1;NA;NA;1;NA;NA;NA
33;"RJ";3301207;"330120";"Carmo";"Não";"-";"Outros";NA;NA;NA;NA;NA;NA;1;NA;NA;NA;NA;1;1;NA;1;NA;3;NA;NA;NA;NA;NA;NA;NA;NA
33;"RJ";3301306;"330130";"Casimiro de Abreu";"Não";"-";"Outros";2;NA;1;1;4;3;3;5;NA;1;1;3;6;7;4;2;NA;1;NA;2;NA;NA;1;1;NA
33;"RJ";3301405;"330140";"Conceição de Macabu";"Não";"-";"Outros";NA;NA;NA;NA;NA;1;NA;2;1;1;2;1;NA;1;NA;NA;NA;NA;NA;1;NA;NA;1;NA;NA
33;"RJ";3301504;"330150";"Cordeiro";"Não";"-";"Outros";NA;NA;NA;NA;NA;NA;1;NA;NA;1;NA;NA;NA;1;1;NA;NA;NA;2;NA;NA;NA;NA;NA;NA
33;"RJ";3301603;"330160";"Duas Barras";"Não";"-";"Outros";NA;NA;NA;NA;NA;NA;NA;NA;1;NA;NA;NA;NA;1;NA;1;1;NA;NA;NA;NA;NA;1;NA;NA
33;"RJ";3301702;"330170";"Duque de Caxias";"Não";"Região Metropolitana do Rio de Janeiro";"Outros";4;8;19;11;14;26;22;47;36;16;31;49;31;4;7;3;8;8;12;4;12;8;16;20;NA
33;"RJ";3301801;"330180";"Engenheiro Paulo de Frontin";"Não";"-";"Outros";NA;NA;NA;NA;NA;NA;NA;NA;NA;NA;NA;NA;NA;NA;NA;1;1;NA;NA;NA;NA;NA;NA;NA;NA
33;"RJ";3301850;"330185";"Guapimirim";"Não";"Região Metropolitana do Rio de Janeiro";"Outros";NA;1;2;NA;NA;NA;2;1;3;2;2;NA;3;NA;3;5;9;8;5;6;1;1;3;1;NA
33;"RJ";3301876;"330187";"Iguaba Grande";"Não";"-";"Outros";NA;NA;NA;NA;NA;NA;NA;NA;NA;NA;NA;NA;NA;NA;NA;NA;NA;1;NA;NA;NA;NA;NA;NA;NA
33;"RJ";3301900;"330190";"Itaboraí";"Não";"Região Metropolitana do Rio de Janeiro";"Outros";6;7;8;10;17;13;14;10;12;4;5;14;21;20;29;6;17;25;13;17;22;27;25;17;NA
33;"RJ";3302007;"330200";"Itaguaí";"Não";"Região Metropolitana do Rio de Janeiro";"Outros";1;NA;4;1;3;3;4;3;3;NA;7;1;4;9;3;5;4;7;5;4;5;10;6;3;NA
33;"RJ";3302056;"330205";"Italva";"Não";"-";"Outros";NA;2;NA;NA;NA;NA;1;NA;NA;NA;NA;NA;NA;NA;NA;NA;NA;NA;NA;1;NA;1;NA;1;NA
33;"RJ";3302106;"330210";"Itaocara";"Não";"-";"Outros";2;NA;NA;NA;NA;NA;NA;NA;NA;NA;NA;NA;NA;NA;NA;NA;NA;NA;NA;NA;NA;NA;NA;NA;NA
33;"RJ";3302205;"330220";"Itaperuna";"Não";"-";"Outros";4;NA;2;1;1;2;1;2;1;2;NA;1;1;2;3;NA;NA;NA;2;2;4;3;1;NA;NA
33;"RJ";3302254;"330225";"Itatiaia";"Não";"-";"Outros";NA;2;NA;NA;NA;NA;NA;NA;NA;NA;NA;NA;NA;NA;1;NA;NA;1;NA;NA;NA;NA;NA;1;NA
33;"RJ";3302270;"330227";"Japeri";"Não";"Região Metropolitana do Rio de Janeiro";"Outros";NA;NA;1;NA;1;2;NA;NA;NA;NA;3;NA;6;NA;3;1;5;NA;1;1;2;7;3;5;NA
33;"RJ";3302304;"330230";"Laje do Muriaé";"Não";"-";"Outros";NA;NA;NA;NA;NA;NA;NA;NA;NA;NA;NA;NA;NA;NA;NA;NA;NA;NA;NA;NA;NA;NA;NA;NA;NA
33;"RJ";3302403;"330240";"Macaé";"Não";"-";"Outros";14;12;10;7;NA;1;1;3;7;4;9;3;7;4;4;12;7;4;2;6;8;2;6;2;NA
33;"RJ";3302452;"330245";"Macuco";"Não";"-";"Outros";1;NA;NA;NA;NA;NA;1;NA;NA;NA;NA;NA;NA;NA;NA;1;NA;NA;NA;NA;NA;NA;NA;NA;NA
33;"RJ";3302502;"330250";"Magé";"Não";"Região Metropolitana do Rio de Janeiro";"Outros";5;12;8;7;11;4;9;3;4;2;2;1;5;5;4;3;3;7;3;5;NA;NA;1;NA;NA
33;"RJ";3302601;"330260";"Mangaratiba";"Não";"-";"Outros";4;NA;1;1;NA;2;2;1;1;NA;NA;9;2;2;NA;1;2;4;1;2;3;3;4;3;NA
33;"RJ";3302700;"330270";"Maricá";"Não";"Região Metropolitana do Rio de Janeiro";"Outros";2;3;4;8;2;2;4;1;2;6;5;1;7;6;3;1;8;3;2;1;6;4;5;9;NA
33;"RJ";3302809;"330280";"Mendes";"Não";"-";"Outros";NA;NA;NA;NA;NA;NA;NA;NA;NA;NA;NA;NA;NA;1;NA;NA;NA;NA;NA;NA;NA;NA;NA;1;NA
33;"RJ";3302858;"330285";"Mesquita";"Não";"Região Metropolitana do Rio de Janeiro";"Outros";NA;NA;NA;NA;2;1;1;2;NA;NA;2;1;5;8;4;2;2;NA;1;NA;3;5;NA;3;NA
33;"RJ";3302908;"330290";"Miguel Pereira";"Não";"-";"Outros";NA;1;NA;NA;NA;1;NA;1;NA;2;NA;1;NA;2;NA;1;1;1;3;2;NA;1;NA;NA;NA
33;"RJ";3303005;"330300";"Miracema";"Não";"-";"Outros";NA;4;2;NA;NA;NA;1;1;NA;NA;2;NA;1;2;1;NA;NA;2;NA;NA;NA;NA;NA;NA;NA
33;"RJ";3303104;"330310";"Natividade";"Não";"-";"Outros";NA;NA;NA;NA;NA;NA;NA;NA;NA;NA;NA;NA;NA;NA;NA;NA;NA;3;NA;NA;NA;NA;1;1;NA
33;"RJ";3303203;"330320";"Nilópolis";"Não";"Região Metropolitana do Rio de Janeiro";"Outros";NA;NA;1;1;1;NA;1;1;NA;NA;1;1;1;NA;1;3;2;2;1;1;1;1;3;NA;NA
33;"RJ";3303302;"330330";"Niterói";"Não";"Região Metropolitana do Rio de Janeiro";"Outros";15;7;5;12;10;9;16;15;3;NA;26;24;17;2;13;11;16;5;4;14;4;11;10;6;NA
33;"RJ";3303401;"330340";"Nova Friburgo";"Não";"-";"Outros";4;6;2;1;NA;NA;1;5;NA;1;NA;2;4;3;5;1;NA;2;1;3;2;2;5;3;NA
33;"RJ";3303500;"330350";"Nova Iguaçu";"Não";"Região Metropolitana do Rio de Janeiro";"Outros";7;4;6;17;7;30;25;23;4;7;12;13;13;25;41;24;80;47;22;53;30;47;49;30;NA
33;"RJ";3303609;"330360";"Paracambi";"Não";"Região Metropolitana do Rio de Janeiro";"Outros";NA;NA;1;NA;NA;NA;1;NA;NA;NA;NA;1;NA;1;NA;NA;3;3;NA;NA;NA;NA;NA;NA;NA
33;"RJ";3303708;"330370";"Paraíba do Sul";"Não";"-";"Outros";1;NA;2;NA;6;NA;2;1;NA;3;NA;NA;1;2;1;NA;NA;NA;NA;NA;1;NA;NA;1;NA
33;"RJ";3303807;"330380";"Paraty";"Não";"-";"Outros";NA;NA;NA;1;1;1;NA;NA;NA;NA;2;NA;NA;NA;2;4;NA;NA;1;NA;1;2;3;2;NA
33;"RJ";3303856;"330385";"Paty do Alferes";"Não";"-";"Outros";NA;NA;1;NA;NA;NA;NA;NA;NA;NA;NA;NA;NA;NA;NA;NA;NA;3;NA;NA;NA;NA;NA;NA;NA
33;"RJ";3303906;"330390";"Petrópolis";"Não";"Região Metropolitana do Rio de Janeiro";"Outros";2;1;2;3;1;NA;3;1;NA;2;1;2;6;2;2;NA;1;6;1;NA;2;2;4;3;NA
33;"RJ";3303955;"330395";"Pinheiral";"Não";"-";"Outros";NA;NA;NA;NA;NA;1;NA;NA;NA;NA;1;NA;NA;NA;NA;NA;NA;1;NA;1;1;NA;NA;2;NA
33;"RJ";3304003;"330400";"Piraí";"Não";"-";"Outros";NA;NA;NA;2;NA;1;NA;NA;3;NA;NA;2;1;1;2;1;3;NA;1;NA;NA;1;NA;NA;NA
33;"RJ";3304102;"330410";"Porciúncula";"Não";"-";"Outros";NA;NA;NA;1;NA;NA;NA;NA;NA;NA;NA;NA;NA;NA;NA;NA;NA;NA;NA;NA;NA;NA;NA;1;NA
33;"RJ";3304110;"330411";"Porto Real";"Não";"-";"Outros";NA;NA;1;NA;NA;NA;NA;NA;2;2;1;NA;NA;NA;NA;NA;NA;2;NA;NA;NA;NA;NA;NA;NA
33;"RJ";3304128;"330412";"Quatis";"Não";"-";"Outros";NA;NA;NA;NA;NA;NA;NA;NA;NA;1;NA;NA;NA;NA;NA;NA;NA;NA;NA;NA;NA;NA;NA;NA;NA
33;"RJ";3304144;"330414";"Queimados";"Não";"Região Metropolitana do Rio de Janeiro";"Outros";1;NA;2;NA;NA;NA;1;NA;NA;NA;3;NA;6;3;1;4;12;NA;4;1;4;2;3;10;NA
33;"RJ";3304151;"330415";"Quissamã";"Não";"-";"Outros";1;NA;NA;NA;NA;1;NA;NA;NA;NA;NA;NA;3;NA;2;1;1;1;NA;1;NA;NA;NA;NA;NA
33;"RJ";3304201;"330420";"Resende";"Não";"-";"Outros";6;4;3;3;NA;4;1;1;NA;2;1;NA;3;2;3;NA;NA;1;3;NA;NA;NA;1;NA;NA
33;"RJ";3304300;"330430";"Rio Bonito";"Não";"Região Metropolitana do Rio de Janeiro";"Outros";8;8;5;3;7;NA;6;4;6;1;2;2;7;4;4;NA;6;2;1;3;4;4;1;3;NA
33;"RJ";3304409;"330440";"Rio Claro";"Não";"-";"Outros";NA;NA;NA;NA;NA;1;1;2;NA;NA;NA;NA;NA;NA;NA;NA;NA;NA;NA;NA;1;NA;1;2;NA
33;"RJ";3304508;"330450";"Rio das Flores";"Não";"-";"Outros";NA;NA;NA;NA;NA;NA;NA;NA;NA;NA;NA;NA;NA;NA;NA;1;NA;NA;NA;NA;NA;NA;NA;NA;NA
33;"RJ";3304524;"330452";"Rio das Ostras";"Não";"-";"Outros";3;NA;1;2;1;4;1;NA;3;1;2;2;2;2;3;1;4;2;2;1;4;1;3;NA;NA
33;"RJ";3304557;"330455";"Rio de Janeiro";"Sim";"Região Metropolitana do Rio de Janeiro";"Outros";113;122;85;68;74;40;49;33;37;41;65;101;277;220;299;58;261;164;140;125;168;170;182;185;NA
33;"RJ";3304607;"330460";"Santa Maria Madalena";"Não";"-";"Outros";1;1;NA;NA;NA;NA;NA;NA;NA;NA;NA;NA;1;NA;NA;3;NA;1;1;1;NA;NA;NA;2;NA
33;"RJ";3304706;"330470";"Santo Antônio de Pádua";"Não";"-";"Outros";NA;NA;NA;1;NA;NA;NA;NA;1;2;1;1;1;1;NA;2;1;1;1;1;2;NA;NA;NA;NA
33;"RJ";3304755;"330475";"São Francisco de Itabapoana";"Não";"-";"Outros";1;1;1;NA;NA;NA;NA;NA;NA;NA;NA;1;1;1;1;1;NA;NA;NA;3;NA;4;7;1;NA
33;"RJ";3304805;"330480";"São Fidélis";"Não";"-";"Outros";NA;NA;NA;NA;1;NA;NA;NA;NA;NA;NA;1;NA;1;NA;NA;1;NA;1;NA;NA;NA;NA;NA;NA
33;"RJ";3304904;"330490";"São Gonçalo";"Não";"Região Metropolitana do Rio de Janeiro";"Outros";8;7;6;8;2;17;20;8;2;4;22;9;16;10;27;15;28;27;16;29;24;24;28;23;NA
33;"RJ";3305000;"330500";"São João da Barra";"Não";"-";"Outros";1;1;1;2;NA;NA;NA;NA;NA;NA;1;NA;1;NA;1;NA;2;NA;NA;NA;NA;2;NA;NA;NA
33;"RJ";3305109;"330510";"São João de Meriti";"Não";"Região Metropolitana do Rio de Janeiro";"Outros";6;2;1;NA;3;NA;3;1;NA;NA;7;1;2;5;2;NA;8;3;3;2;3;NA;2;4;NA
33;"RJ";3305133;"330513";"São José de Ubá";"Não";"-";"Outros";1;NA;NA;NA;NA;1;1;NA;NA;NA;NA;NA;NA;1;NA;NA;1;NA;1;NA;NA;NA;NA;NA;NA
33;"RJ";3305158;"330515";"São José do Vale do Rio Preto";"Não";"-";"Outros";NA;NA;NA;NA;NA;NA;NA;NA;1;NA;NA;NA;NA;NA;NA;NA;NA;1;NA;NA;1;NA;1;1;NA
33;"RJ";3305208;"330520";"São Pedro da Aldeia";"Não";"-";"Outros";1;NA;1;NA;2;2;NA;5;1;NA;1;1;1;2;NA;2;3;3;2;1;5;2;3;7;NA
33;"RJ";3305307;"330530";"São Sebastião do Alto";"Não";"-";"Outros";NA;NA;1;NA;NA;NA;NA;NA;NA;2;NA;NA;NA;NA;NA;NA;1;NA;1;NA;2;NA;NA;NA;NA
33;"RJ";3305406;"330540";"Sapucaia";"Não";"-";"Outros";NA;3;3;1;1;3;3;NA;5;2;1;2;NA;NA;NA;1;1;1;NA;1;3;NA;1;3;NA
33;"RJ";3305505;"330550";"Saquarema";"Não";"-";"Outros";3;4;4;NA;NA;1;3;1;1;NA;4;5;1;2;5;1;3;2;3;3;6;6;5;8;NA
33;"RJ";3305554;"330555";"Seropédica";"Não";"Região Metropolitana do Rio de Janeiro";"Outros";NA;NA;3;3;2;4;4;NA;3;NA;3;2;3;3;6;3;4;7;1;6;4;6;4;3;NA
33;"RJ";3305604;"330560";"Silva Jardim";"Não";"-";"Outros";13;6;7;9;6;1;2;2;1;2;2;6;5;1;3;3;1;NA;1;NA;6;1;2;2;NA
33;"RJ";3305703;"330570";"Sumidouro";"Não";"-";"Outros";NA;NA;NA;NA;NA;NA;NA;NA;NA;NA;NA;NA;NA;NA;1;NA;NA;NA;NA;NA;NA;NA;NA;1;NA
33;"RJ";3305752;"330575";"Tanguá";"Não";"Região Metropolitana do Rio de Janeiro";"Outros";NA;NA;NA;NA;NA;NA;1;NA;4;NA;NA;1;2;NA;2;NA;2;NA;NA;NA;NA;NA;1;1;NA
33;"RJ";3305802;"330580";"Teresópolis";"Não";"-";"Outros";4;NA;2;2;1;4;7;3;NA;4;2;1;6;4;5;5;4;4;2;2;NA;6;2;NA;NA
33;"RJ";3305901;"330590";"Trajano de Moraes";"Não";"-";"Outros";NA;NA;NA;1;NA;NA;NA;NA;NA;NA;NA;1;NA;2;4;NA;NA;NA;1;NA;NA;NA;NA;NA;NA
33;"RJ";3306008;"330600";"Três Rios";"Não";"-";"Outros";2;1;4;3;9;4;2;3;15;4;4;3;3;3;2;2;4;2;4;NA;5;2;2;3;NA
33;"RJ";3306107;"330610";"Valença";"Não";"-";"Outros";1;NA;1;2;NA;NA;1;1;1;4;1;NA;NA;3;1;1;NA;4;3;1;NA;1;NA;NA;NA
33;"RJ";3306156;"330615";"Varre-Sai";"Não";"-";"Outros";NA;NA;NA;NA;NA;NA;NA;NA;NA;NA;NA;1;NA;NA;NA;NA;NA;NA;NA;1;NA;NA;NA;NA;NA
33;"RJ";3306206;"330620";"Vassouras";"Não";"-";"Outros";1;NA;4;3;NA;3;2;2;6;2;8;3;5;1;1;NA;6;2;3;8;2;2;NA;1;NA
33;"RJ";3306305;"330630";"Volta Redonda";"Não";"-";"Outros";3;9;6;5;NA;1;1;1;1;NA;1;1;1;3;NA;NA;1;1;1;1;3;2;2;5;NA
35;"SP";3500105;"350010";"Adamantina";"Não";"-";"Outros";1;1;NA;1;1;NA;3;NA;NA;1;1;2;4;2;2;NA;NA;NA;2;NA;2;NA;NA;NA;NA
35;"SP";3500204;"350020";"Adolfo";"Não";"Região Metropolitana de São José do Rio Preto";"Outros";NA;NA;NA;NA;NA;NA;NA;NA;NA;NA;NA;NA;NA;NA;NA;NA;NA;NA;NA;NA;NA;NA;NA;NA;NA
35;"SP";3500303;"350030";"Aguaí";"Não";"-";"Outros";NA;NA;2;NA;NA;NA;NA;1;NA;NA;1;NA;NA;NA;NA;1;NA;NA;NA;NA;1;NA;NA;NA;NA
35;"SP";3500402;"350040";"Águas da Prata";"Não";"-";"Outros";NA;NA;NA;NA;NA;NA;NA;NA;NA;NA;NA;NA;NA;NA;NA;NA;NA;NA;NA;NA;NA;1;1;NA;NA
35;"SP";3500501;"350050";"Águas de Lindóia";"Não";"-";"Outros";1;NA;NA;NA;NA;NA;NA;NA;NA;NA;NA;NA;NA;NA;NA;NA;NA;NA;1;NA;NA;NA;NA;NA;NA
35;"SP";3500550;"350055";"Águas de Santa Bárbara";"Não";"-";"Outros";NA;NA;NA;NA;NA;NA;NA;1;NA;NA;NA;NA;NA;NA;NA;NA;NA;NA;NA;NA;NA;2;1;NA;NA
35;"SP";3500600;"350060";"Águas de São Pedro";"Não";"Região Metropolitana de Piracicaba";"Outros";NA;NA;NA;NA;NA;NA;NA;NA;NA;NA;NA;NA;NA;NA;NA;NA;NA;NA;NA;NA;NA;NA;NA;2;NA
35;"SP";3500709;"350070";"Agudos";"Não";"-";"Outros";NA;NA;NA;NA;2;NA;NA;NA;NA;NA;NA;NA;1;NA;NA;1;NA;NA;NA;NA;2;1;NA;1;NA
35;"SP";3500758;"350075";"Alambari";"Não";"Região Metropolitana de Sorocaba";"Outros";2;NA;NA;NA;NA;NA;NA;NA;NA;NA;NA;NA;NA;3;NA;NA;NA;NA;NA;NA;NA;NA;NA;NA;NA
35;"SP";3500808;"350080";"Alfredo Marcondes";"Não";"-";"Outros";NA;NA;NA;NA;NA;NA;NA;NA;NA;NA;NA;NA;NA;NA;NA;NA;NA;NA;NA;NA;NA;NA;NA;NA;NA
35;"SP";3500907;"350090";"Altair";"Não";"-";"Outros";NA;NA;NA;NA;NA;NA;NA;NA;NA;NA;NA;NA;NA;NA;NA;NA;NA;NA;NA;NA;NA;NA;NA;NA;NA
35;"SP";3501004;"350100";"Altinópolis";"Não";"Região Metropolitana de Ribeirão Preto";"Outros";NA;NA;NA;1;3;NA;NA;NA;1;NA;NA;NA;NA;NA;NA;NA;NA;NA;NA;1;NA;1;NA;NA;NA
35;"SP";3501103;"350110";"Alto Alegre";"Não";"-";"Outros";NA;NA;NA;NA;NA;NA;NA;NA;NA;NA;NA;NA;NA;NA;NA;NA;NA;NA;NA;NA;NA;NA;NA;NA;NA
35;"SP";3501152;"350115";"Alumínio";"Não";"Região Metropolitana de Sorocaba";"Outros";NA;NA;NA;1;2;NA;NA;NA;NA;NA;NA;NA;NA;NA;NA;1;NA;NA;NA;NA;NA;NA;NA;NA;NA
35;"SP";3501202;"350120";"Álvares Florence";"Não";"-";"Outros";NA;NA;NA;NA;2;NA;NA;NA;NA;NA;NA;NA;NA;NA;NA;NA;NA;NA;NA;NA;NA;NA;NA;NA;NA
35;"SP";3501301;"350130";"Álvares Machado";"Não";"-";"Outros";NA;NA;NA;NA;NA;1;NA;NA;NA;NA;NA;NA;NA;NA;NA;NA;NA;NA;NA;NA;NA;NA;NA;NA;NA
35;"SP";3501400;"350140";"Álvaro de Carvalho";"Não";"-";"Outros";NA;NA;NA;NA;NA;NA;NA;NA;NA;NA;NA;NA;NA;NA;NA;NA;NA;NA;NA;NA;NA;NA;NA;NA;NA
35;"SP";3501509;"350150";"Alvinlândia";"Não";"-";"Outros";NA;NA;NA;NA;NA;NA;NA;NA;NA;NA;NA;NA;NA;NA;NA;NA;NA;NA;NA;NA;NA;NA;NA;NA;NA
35;"SP";3501608;"350160";"Americana";"Não";"Região Metropolitana de Campinas";"Outros";3;4;NA;NA;6;4;NA;NA;NA;NA;3;NA;NA;NA;NA;NA;NA;NA;NA;NA;NA;NA;NA;NA;NA
35;"SP";3501707;"350170";"Américo Brasiliense";"Não";"-";"Outros";NA;1;NA;NA;NA;NA;NA;NA;NA;NA;NA;NA;1;NA;NA;NA;NA;NA;NA;NA;NA;NA;NA;NA;NA
35;"SP";3501806;"350180";"Américo de Campos";"Não";"-";"Outros";NA;NA;NA;NA;1;NA;NA;NA;NA;NA;NA;NA;NA;NA;NA;NA;NA;NA;NA;NA;NA;NA;NA;NA;NA
35;"SP";3501905;"350190";"Amparo";"Não";"-";"Outros";1;2;NA;NA;1;1;1;3;1;2;3;1;3;5;NA;NA;NA;NA;2;NA;1;NA;NA;NA;NA
35;"SP";3502002;"350200";"Analândia";"Não";"Região Metropolitana de Piracicaba";"Outros";NA;NA;NA;NA;NA;NA;NA;NA;NA;NA;NA;NA;NA;NA;NA;NA;NA;NA;NA;NA;NA;NA;NA;NA;NA
35;"SP";3502101;"350210";"Andradina";"Não";"-";"Outros";NA;NA;NA;2;1;NA;1;NA;1;1;1;NA;2;1;NA;NA;NA;NA;NA;1;1;2;NA;NA;NA
35;"SP";3502200;"350220";"Angatuba";"Não";"-";"Outros";1;NA;NA;2;1;NA;NA;NA;NA;NA;NA;1;NA;NA;1;NA;NA;NA;NA;NA;NA;1;NA;NA;NA
35;"SP";3502309;"350230";"Anhembi";"Não";"-";"Outros";NA;NA;1;NA;NA;1;NA;NA;NA;NA;NA;NA;NA;NA;1;NA;NA;NA;NA;NA;NA;NA;1;NA;NA
35;"SP";3502507;"350250";"Aparecida";"Não";"Região Metropolitana do Vale do Paraíba e Litoral Norte";"Outros";1;NA;NA;1;NA;NA;NA;NA;NA;NA;NA;NA;1;NA;1;NA;NA;1;NA;NA;NA;NA;NA;NA;NA
35;"SP";3502606;"350260";"Aparecida d'Oeste";"Não";"-";"Outros";NA;NA;NA;NA;NA;NA;NA;NA;NA;NA;NA;NA;NA;NA;NA;NA;NA;NA;NA;NA;NA;NA;NA;NA;NA
35;"SP";3502705;"350270";"Apiaí";"Não";"-";"Outros";NA;NA;NA;NA;NA;NA;NA;NA;NA;NA;NA;NA;NA;NA;NA;NA;2;NA;NA;NA;NA;NA;1;NA;NA
35;"SP";3502754;"350275";"Araçariguama";"Não";"Região Metropolitana de Sorocaba";"Outros";4;NA;2;1;NA;NA;1;NA;NA;1;NA;NA;NA;NA;NA;1;NA;2;3;NA;1;NA;1;1;NA
35;"SP";3502804;"350280";"Araçatuba";"Não";"-";"Outros";5;3;8;9;7;4;6;8;12;10;14;10;10;3;2;NA;NA;NA;1;2;NA;NA;1;1;NA
35;"SP";3502903;"350290";"Araçoiaba da Serra";"Não";"Região Metropolitana de Sorocaba";"Outros";2;1;NA;NA;1;NA;NA;1;NA;NA;NA;NA;NA;NA;NA;NA;1;NA;NA;NA;NA;1;NA;NA;NA
35;"SP";3503000;"350300";"Aramina";"Não";"-";"Outros";NA;NA;3;NA;NA;NA;1;NA;NA;NA;1;NA;NA;NA;NA;NA;NA;NA;NA;NA;1;NA;NA;NA;NA
35;"SP";3503109;"350310";"Arandu";"Não";"-";"Outros";NA;NA;NA;NA;NA;NA;NA;NA;NA;NA;NA;NA;NA;NA;NA;NA;NA;NA;NA;NA;NA;NA;NA;NA;NA
35;"SP";3503158;"350315";"Arapeí";"Não";"Região Metropolitana do Vale do Paraíba e Litoral Norte";"Outros";NA;NA;NA;NA;NA;NA;NA;NA;NA;NA;NA;NA;NA;NA;NA;NA;NA;NA;NA;NA;NA;NA;NA;NA;NA
35;"SP";3503208;"350320";"Araraquara";"Não";"-";"Outros";NA;3;7;4;2;4;NA;3;2;NA;3;NA;NA;1;5;2;NA;1;NA;1;3;6;5;2;NA
35;"SP";3503307;"350330";"Araras";"Não";"Região Metropolitana de Piracicaba";"Outros";1;NA;NA;1;1;4;NA;NA;NA;NA;1;NA;1;2;2;NA;4;1;NA;1;1;NA;1;NA;NA
35;"SP";3503356;"350335";"Arco-Íris";"Não";"-";"Outros";NA;NA;NA;NA;NA;NA;NA;NA;1;NA;NA;NA;NA;NA;NA;NA;NA;NA;NA;NA;NA;NA;NA;NA;NA
35;"SP";3503406;"350340";"Arealva";"Não";"-";"Outros";NA;NA;NA;1;NA;NA;NA;NA;1;NA;NA;NA;2;NA;NA;NA;1;NA;NA;NA;NA;NA;NA;NA;NA
35;"SP";3503505;"350350";"Areias";"Não";"Região Metropolitana do Vale do Paraíba e Litoral Norte";"Outros";NA;NA;NA;NA;NA;NA;NA;NA;NA;NA;NA;NA;NA;NA;1;NA;NA;NA;NA;NA;NA;1;NA;NA;NA
35;"SP";3503604;"350360";"Areiópolis";"Não";"-";"Outros";NA;NA;NA;NA;NA;NA;NA;NA;NA;NA;NA;NA;NA;NA;NA;NA;NA;NA;NA;NA;NA;NA;NA;NA;NA
35;"SP";3503703;"350370";"Ariranha";"Não";"-";"Outros";NA;NA;NA;NA;NA;NA;NA;NA;NA;NA;NA;NA;NA;NA;NA;NA;NA;NA;NA;NA;NA;NA;NA;NA;NA
35;"SP";3503802;"350380";"Artur Nogueira";"Não";"Região Metropolitana de Campinas";"Outros";NA;NA;1;1;1;2;NA;NA;NA;1;NA;NA;NA;NA;NA;NA;NA;NA;NA;NA;NA;NA;NA;NA;NA
35;"SP";3503901;"350390";"Arujá";"Não";"Região Metropolitana de São Paulo";"Outros";2;1;4;3;NA;4;NA;NA;NA;1;NA;NA;NA;NA;4;NA;NA;1;NA;1;NA;2;2;1;NA
35;"SP";3503950;"350395";"Aspásia";"Não";"-";"Outros";NA;NA;NA;NA;NA;NA;NA;NA;NA;NA;NA;NA;NA;NA;NA;NA;NA;NA;NA;NA;NA;NA;NA;NA;NA
35;"SP";3504008;"350400";"Assis";"Não";"-";"Outros";1;2;6;1;NA;3;1;1;NA;2;NA;NA;NA;NA;2;1;1;2;3;NA;1;2;NA;NA;NA
35;"SP";3504107;"350410";"Atibaia";"Não";"-";"Outros";NA;1;6;2;6;6;4;3;7;10;2;4;5;3;NA;NA;1;NA;NA;2;2;7;1;2;NA
35;"SP";3504206;"350420";"Auriflama";"Não";"-";"Outros";NA;NA;NA;NA;NA;NA;NA;NA;NA;NA;NA;NA;NA;NA;NA;NA;NA;NA;NA;NA;NA;NA;NA;NA;NA
35;"SP";3504305;"350430";"Avaí";"Não";"-";"Outros";NA;NA;NA;NA;NA;NA;NA;NA;NA;NA;NA;NA;NA;NA;NA;NA;NA;NA;NA;NA;1;NA;NA;NA;NA
35;"SP";3504404;"350440";"Avanhandava";"Não";"-";"Outros";NA;NA;NA;NA;NA;NA;NA;NA;NA;NA;NA;NA;NA;NA;1;1;NA;NA;NA;NA;NA;NA;NA;NA;NA
35;"SP";3504503;"350450";"Avaré";"Não";"-";"Outros";NA;1;2;NA;1;1;NA;NA;NA;NA;NA;NA;NA;NA;NA;NA;NA;NA;1;NA;2;6;1;2;NA
35;"SP";3504602;"350460";"Bady Bassitt";"Não";"Região Metropolitana de São José do Rio Preto";"Outros";NA;NA;NA;NA;NA;1;NA;NA;NA;NA;NA;NA;1;NA;NA;1;NA;NA;NA;NA;NA;NA;NA;NA;NA
35;"SP";3504701;"350470";"Balbinos";"Não";"-";"Outros";NA;NA;NA;NA;NA;NA;NA;NA;NA;NA;NA;NA;NA;NA;NA;NA;NA;NA;NA;NA;NA;NA;NA;NA;NA
35;"SP";3504800;"350480";"Bálsamo";"Não";"Região Metropolitana de São José do Rio Preto";"Outros";NA;NA;NA;NA;NA;NA;NA;NA;NA;NA;NA;NA;NA;NA;NA;NA;1;NA;1;NA;NA;NA;NA;NA;NA
35;"SP";3504909;"350490";"Bananal";"Não";"Região Metropolitana do Vale do Paraíba e Litoral Norte";"Outros";NA;NA;NA;NA;NA;1;NA;NA;NA;NA;1;NA;NA;2;NA;NA;NA;NA;NA;NA;NA;NA;1;NA;NA
35;"SP";3505005;"350500";"Barão de Antonina";"Não";"-";"Outros";NA;NA;NA;NA;NA;NA;NA;NA;NA;NA;NA;NA;NA;NA;NA;NA;NA;NA;NA;NA;NA;NA;NA;NA;NA
35;"SP";3505104;"350510";"Barbosa";"Não";"-";"Outros";NA;NA;NA;NA;NA;2;NA;NA;NA;NA;NA;NA;NA;NA;NA;NA;NA;NA;NA;NA;NA;NA;NA;2;NA
35;"SP";3505203;"350520";"Bariri";"Não";"-";"Outros";NA;NA;NA;NA;1;NA;NA;NA;NA;NA;NA;NA;NA;NA;NA;NA;NA;NA;NA;NA;NA;NA;NA;NA;NA
35;"SP";3505302;"350530";"Barra Bonita";"Não";"-";"Outros";NA;2;NA;NA;1;1;NA;NA;NA;1;NA;NA;NA;NA;NA;NA;NA;NA;NA;1;1;NA;NA;NA;NA
35;"SP";3505351;"350535";"Barra do Chapéu";"Não";"-";"Outros";NA;NA;NA;NA;NA;NA;NA;NA;NA;NA;NA;NA;NA;NA;NA;NA;NA;NA;NA;NA;NA;NA;NA;NA;NA
35;"SP";3505401;"350540";"Barra do Turvo";"Não";"-";"Outros";NA;NA;2;1;2;2;NA;NA;NA;3;NA;3;1;3;1;NA;NA;1;NA;1;NA;NA;NA;NA;NA
35;"SP";3505500;"350550";"Barretos";"Não";"-";"Outros";1;2;8;1;2;2;NA;1;2;NA;NA;3;2;3;NA;1;NA;2;1;NA;NA;NA;1;NA;NA
35;"SP";3505609;"350560";"Barrinha";"Não";"Região Metropolitana de Ribeirão Preto";"Outros";NA;NA;NA;NA;NA;NA;NA;NA;NA;NA;NA;NA;NA;NA;NA;NA;NA;NA;NA;NA;NA;NA;1;NA;NA
35;"SP";3505708;"350570";"Barueri";"Não";"Região Metropolitana de São Paulo";"Outros";2;1;4;NA;1;1;3;2;NA;4;8;2;8;5;11;6;5;5;2;2;1;2;5;NA;NA
35;"SP";3505807;"350580";"Bastos";"Não";"-";"Outros";NA;NA;NA;NA;NA;NA;NA;NA;NA;NA;NA;1;NA;NA;NA;1;NA;2;NA;NA;NA;NA;NA;NA;NA
35;"SP";3505906;"350590";"Batatais";"Não";"Região Metropolitana de Ribeirão Preto";"Outros";2;2;2;NA;NA;1;NA;NA;NA;NA;NA;NA;NA;NA;NA;1;NA;NA;NA;NA;NA;NA;1;NA;NA
35;"SP";3506003;"350600";"Bauru";"Não";"-";"Outros";6;4;2;5;1;1;4;9;3;2;2;NA;10;8;NA;2;1;2;3;6;10;3;4;2;NA
35;"SP";3506102;"350610";"Bebedouro";"Não";"-";"Outros";NA;1;3;NA;4;2;1;NA;NA;NA;NA;NA;1;NA;NA;NA;2;NA;NA;NA;NA;NA;NA;NA;NA
35;"SP";3506201;"350620";"Bento de Abreu";"Não";"-";"Outros";NA;NA;NA;NA;NA;NA;NA;NA;NA;NA;NA;NA;NA;NA;NA;NA;NA;NA;NA;NA;NA;NA;NA;1;NA
35;"SP";3506300;"350630";"Bernardino de Campos";"Não";"-";"Outros";NA;NA;1;NA;NA;NA;NA;NA;NA;NA;NA;1;NA;NA;NA;NA;NA;NA;NA;1;NA;NA;NA;NA;NA
35;"SP";3506359;"350635";"Bertioga";"Não";"Região Metropolitana da Baixada Santista";"Outros";2;4;5;2;7;2;3;10;13;11;6;5;15;9;8;6;14;9;2;1;3;2;NA;NA;NA
35;"SP";3506409;"350640";"Bilac";"Não";"-";"Outros";NA;NA;2;NA;NA;NA;NA;NA;NA;NA;NA;NA;NA;NA;NA;NA;NA;NA;NA;NA;1;NA;NA;NA;NA
35;"SP";3506508;"350650";"Birigui";"Não";"-";"Outros";2;NA;2;NA;1;3;NA;1;NA;3;NA;NA;NA;2;1;NA;NA;NA;NA;NA;NA;NA;NA;NA;NA
35;"SP";3506607;"350660";"Biritiba Mirim";"Não";"Região Metropolitana de São Paulo";"Outros";NA;NA;NA;NA;NA;NA;NA;NA;NA;2;NA;NA;1;NA;NA;NA;NA;NA;NA;1;NA;NA;NA;NA;NA
35;"SP";3506706;"350670";"Boa Esperança do Sul";"Não";"-";"Outros";NA;NA;NA;NA;NA;NA;NA;NA;NA;NA;NA;NA;NA;NA;NA;NA;NA;NA;NA;NA;NA;NA;NA;NA;NA
35;"SP";3506805;"350680";"Bocaina";"Não";"-";"Outros";NA;1;NA;NA;NA;NA;NA;NA;NA;1;NA;NA;1;NA;NA;NA;NA;NA;NA;NA;NA;NA;NA;NA;NA
35;"SP";3506904;"350690";"Bofete";"Não";"-";"Outros";NA;NA;NA;1;NA;NA;NA;NA;NA;NA;NA;NA;NA;NA;NA;NA;NA;NA;NA;NA;NA;1;NA;NA;NA
35;"SP";3507001;"350700";"Boituva";"Não";"Região Metropolitana de Sorocaba";"Outros";1;NA;1;1;1;NA;NA;NA;NA;NA;NA;NA;1;NA;NA;1;NA;NA;1;NA;NA;NA;NA;NA;NA
35;"SP";3507100;"350710";"Bom Jesus dos Perdões";"Não";"-";"Outros";NA;NA;NA;NA;1;NA;3;1;NA;NA;NA;NA;1;NA;NA;NA;NA;1;NA;NA;NA;NA;NA;NA;NA
35;"SP";3507159;"350715";"Bom Sucesso de Itararé";"Não";"-";"Outros";NA;NA;NA;NA;NA;NA;NA;NA;NA;NA;NA;NA;NA;NA;NA;NA;NA;NA;1;NA;NA;NA;NA;NA;NA
35;"SP";3507209;"350720";"Borá";"Não";"-";"Outros";NA;NA;NA;NA;NA;NA;NA;NA;NA;NA;NA;NA;NA;NA;NA;NA;NA;NA;NA;1;NA;NA;NA;NA;NA
35;"SP";3507308;"350730";"Boracéia";"Não";"-";"Outros";NA;NA;NA;NA;1;NA;NA;NA;NA;NA;2;NA;NA;NA;NA;NA;NA;NA;NA;NA;NA;NA;NA;NA;NA
35;"SP";3507407;"350740";"Borborema";"Não";"-";"Outros";NA;NA;NA;NA;1;NA;NA;NA;1;NA;NA;1;NA;1;NA;NA;NA;NA;NA;1;NA;1;NA;NA;NA
35;"SP";3507456;"350745";"Borebi";"Não";"-";"Outros";NA;NA;NA;NA;NA;NA;NA;NA;NA;NA;NA;NA;1;NA;NA;NA;NA;NA;NA;NA;NA;NA;NA;NA;NA
35;"SP";3507506;"350750";"Botucatu";"Não";"-";"Outros";5;2;2;3;1;5;3;2;1;3;1;2;3;NA;1;NA;2;1;NA;NA;2;1;NA;NA;NA
35;"SP";3507605;"350760";"Bragança Paulista";"Não";"-";"Outros";NA;NA;1;2;5;4;NA;1;NA;NA;NA;3;2;NA;NA;NA;3;2;NA;2;NA;1;NA;NA;NA
35;"SP";3507704;"350770";"Braúna";"Não";"-";"Outros";NA;NA;NA;NA;NA;NA;NA;NA;NA;NA;NA;NA;NA;NA;NA;NA;NA;1;NA;NA;NA;NA;NA;NA;NA
35;"SP";3507753;"350775";"Brejo Alegre";"Não";"-";"Outros";NA;NA;NA;NA;NA;NA;NA;NA;1;NA;NA;NA;1;NA;NA;NA;NA;NA;NA;NA;NA;NA;NA;NA;NA
35;"SP";3507803;"350780";"Brodowski";"Não";"Região Metropolitana de Ribeirão Preto";"Outros";NA;1;NA;NA;NA;NA;NA;NA;NA;NA;NA;NA;NA;NA;1;NA;1;1;NA;NA;NA;NA;1;NA;NA
35;"SP";3507902;"350790";"Brotas";"Não";"-";"Outros";1;NA;NA;NA;NA;NA;1;NA;NA;NA;NA;NA;NA;NA;NA;1;1;NA;NA;NA;NA;NA;NA;NA;NA
35;"SP";3508009;"350800";"Buri";"Não";"-";"Outros";NA;NA;NA;NA;NA;NA;NA;NA;NA;NA;NA;NA;NA;NA;NA;NA;NA;NA;NA;NA;NA;NA;NA;NA;NA
35;"SP";3508108;"350810";"Buritama";"Não";"-";"Outros";1;NA;NA;NA;NA;NA;NA;2;NA;NA;NA;1;NA;NA;NA;NA;NA;NA;NA;NA;NA;1;NA;NA;NA
35;"SP";3508207;"350820";"Buritizal";"Não";"-";"Outros";NA;NA;NA;NA;NA;NA;NA;NA;NA;NA;NA;NA;NA;NA;NA;NA;NA;NA;NA;NA;NA;NA;1;NA;NA
35;"SP";3508306;"350830";"Cabrália Paulista";"Não";"-";"Outros";NA;NA;2;NA;NA;NA;NA;NA;NA;NA;NA;NA;NA;NA;NA;NA;NA;NA;NA;NA;NA;NA;NA;NA;NA
35;"SP";3508405;"350840";"Cabreúva";"Não";"Região Metropolitana de Jundiaí";"Outros";1;NA;NA;2;NA;NA;NA;1;NA;NA;NA;NA;1;NA;NA;NA;NA;NA;NA;NA;NA;NA;NA;NA;NA
35;"SP";3508504;"350850";"Caçapava";"Não";"Região Metropolitana do Vale do Paraíba e Litoral Norte";"Outros";2;NA;1;NA;2;6;NA;5;2;1;4;4;2;3;1;1;NA;2;3;NA;1;1;NA;NA;NA
35;"SP";3508603;"350860";"Cachoeira Paulista";"Não";"Região Metropolitana do Vale do Paraíba e Litoral Norte";"Outros";NA;NA;NA;NA;NA;NA;NA;NA;1;NA;NA;1;NA;NA;NA;NA;NA;NA;NA;NA;NA;NA;NA;NA;NA
35;"SP";3508702;"350870";"Caconde";"Não";"-";"Outros";NA;NA;NA;NA;NA;NA;NA;NA;NA;NA;NA;NA;NA;NA;NA;NA;NA;NA;NA;NA;NA;NA;NA;1;NA
35;"SP";3508801;"350880";"Cafelândia";"Não";"-";"Outros";NA;NA;NA;1;NA;NA;NA;NA;NA;NA;NA;NA;NA;NA;NA;NA;NA;NA;NA;NA;NA;NA;NA;NA;NA
35;"SP";3508900;"350890";"Caiabu";"Não";"-";"Outros";NA;NA;NA;NA;NA;NA;NA;NA;NA;NA;NA;NA;NA;NA;NA;NA;NA;NA;NA;NA;NA;NA;NA;NA;NA
35;"SP";3509007;"350900";"Caieiras";"Não";"Região Metropolitana de São Paulo";"Outros";5;1;4;1;3;3;2;1;NA;1;NA;1;1;NA;1;1;1;2;1;1;NA;NA;NA;NA;NA
35;"SP";3509106;"350910";"Caiuá";"Não";"-";"Outros";NA;NA;NA;NA;NA;NA;NA;NA;NA;NA;NA;NA;NA;NA;NA;NA;NA;NA;NA;NA;NA;NA;NA;NA;NA
35;"SP";3509205;"350920";"Cajamar";"Não";"Região Metropolitana de São Paulo";"Outros";2;4;2;6;NA;2;1;NA;2;NA;1;NA;1;NA;NA;1;NA;1;1;NA;1;NA;1;NA;NA
35;"SP";3509254;"350925";"Cajati";"Não";"-";"Outros";1;1;NA;2;1;4;1;1;NA;1;2;2;1;3;NA;1;NA;1;1;NA;NA;NA;1;NA;NA
35;"SP";3509304;"350930";"Cajobi";"Não";"-";"Outros";NA;NA;NA;NA;NA;NA;NA;NA;NA;NA;NA;NA;NA;NA;NA;NA;NA;NA;NA;NA;NA;NA;NA;NA;NA
35;"SP";3509403;"350940";"Cajuru";"Não";"Região Metropolitana de Ribeirão Preto";"Outros";1;1;4;1;NA;NA;NA;NA;NA;NA;NA;NA;NA;NA;NA;NA;NA;NA;NA;2;NA;NA;1;NA;NA
35;"SP";3509452;"350945";"Campina do Monte Alegre";"Não";"-";"Outros";NA;NA;NA;NA;NA;NA;NA;NA;NA;NA;NA;NA;NA;NA;NA;NA;NA;NA;NA;NA;NA;NA;NA;NA;NA
35;"SP";3509502;"350950";"Campinas";"Não";"Região Metropolitana de Campinas";"Outros";35;16;25;25;20;17;11;14;10;5;14;12;12;2;4;4;2;2;4;4;1;7;3;3;NA
35;"SP";3509601;"350960";"Campo Limpo Paulista";"Não";"Região Metropolitana de Jundiaí";"Outros";NA;2;1;1;NA;1;1;NA;NA;NA;1;NA;1;NA;NA;NA;1;1;NA;NA;NA;NA;NA;NA;NA
35;"SP";3509700;"350970";"Campos do Jordão";"Não";"Região Metropolitana do Vale do Paraíba e Litoral Norte";"Outros";1;NA;NA;1;NA;1;NA;1;NA;NA;NA;NA;NA;NA;NA;NA;NA;NA;NA;NA;NA;NA;NA;NA;NA
35;"SP";3509809;"350980";"Campos Novos Paulista";"Não";"-";"Outros";NA;NA;NA;NA;NA;NA;NA;1;NA;NA;NA;NA;2;NA;NA;NA;NA;NA;NA;NA;NA;NA;NA;NA;NA
35;"SP";3509908;"350990";"Cananéia";"Não";"-";"Outros";NA;NA;2;1;NA;NA;NA;NA;NA;NA;NA;NA;NA;1;NA;1;NA;NA;NA;NA;NA;NA;NA;1;NA
35;"SP";3509957;"350995";"Canas";"Não";"Região Metropolitana do Vale do Paraíba e Litoral Norte";"Outros";NA;NA;NA;NA;NA;2;NA;1;NA;NA;NA;NA;2;1;NA;NA;NA;NA;NA;NA;NA;NA;1;NA;NA
35;"SP";3510005;"351000";"Cândido Mota";"Não";"-";"Outros";NA;NA;NA;NA;NA;NA;NA;NA;NA;NA;NA;NA;NA;1;NA;NA;NA;1;NA;NA;NA;NA;2;NA;NA
35;"SP";3510104;"351010";"Cândido Rodrigues";"Não";"-";"Outros";NA;NA;NA;NA;NA;NA;NA;NA;NA;NA;NA;NA;NA;NA;NA;NA;NA;NA;NA;NA;NA;NA;NA;NA;NA
35;"SP";3510153;"351015";"Canitar";"Não";"-";"Outros";NA;NA;NA;NA;NA;NA;NA;NA;1;NA;NA;NA;NA;NA;NA;NA;NA;NA;NA;NA;NA;NA;NA;NA;NA
35;"SP";3510203;"351020";"Capão Bonito";"Não";"-";"Outros";1;NA;1;NA;NA;1;NA;NA;NA;NA;2;NA;NA;2;NA;NA;NA;NA;NA;NA;NA;NA;NA;2;NA
35;"SP";3510302;"351030";"Capela do Alto";"Não";"Região Metropolitana de Sorocaba";"Outros";NA;1;NA;NA;NA;NA;NA;NA;NA;NA;NA;NA;NA;NA;NA;NA;NA;NA;NA;NA;NA;NA;NA;NA;NA
35;"SP";3510401;"351040";"Capivari";"Não";"Região Metropolitana de Piracicaba";"Outros";2;2;1;NA;1;1;1;NA;NA;NA;NA;NA;NA;NA;NA;NA;2;NA;2;1;1;1;1;2;NA
35;"SP";3510500;"351050";"Caraguatatuba";"Não";"Região Metropolitana do Vale do Paraíba e Litoral Norte";"Outros";1;1;1;1;3;7;3;NA;NA;NA;3;3;2;NA;1;4;NA;NA;1;2;NA;5;2;NA;NA
35;"SP";3510609;"351060";"Carapicuíba";"Não";"Região Metropolitana de São Paulo";"Outros";NA;2;2;2;NA;1;1;NA;NA;1;2;3;2;1;2;1;4;6;NA;1;1;1;4;NA;NA
35;"SP";3510708;"351070";"Cardoso";"Não";"-";"Outros";1;NA;1;NA;2;1;NA;NA;1;NA;NA;NA;NA;NA;NA;NA;NA;NA;NA;NA;NA;NA;NA;NA;NA
35;"SP";3510807;"351080";"Casa Branca";"Não";"-";"Outros";2;NA;1;NA;NA;NA;NA;1;NA;NA;NA;NA;NA;NA;1;NA;NA;1;2;NA;1;NA;NA;2;NA
35;"SP";3510906;"351090";"Cássia dos Coqueiros";"Não";"Região Metropolitana de Ribeirão Preto";"Outros";NA;NA;NA;NA;NA;NA;NA;NA;NA;NA;NA;NA;NA;NA;NA;NA;NA;NA;NA;NA;NA;NA;NA;NA;NA
35;"SP";3511003;"351100";"Castilho";"Não";"-";"Outros";1;NA;1;NA;NA;1;NA;NA;NA;NA;NA;NA;NA;2;NA;NA;NA;NA;NA;NA;1;NA;NA;NA;NA
35;"SP";3511102;"351110";"Catanduva";"Não";"-";"Outros";3;1;1;1;1;1;1;NA;NA;NA;NA;NA;NA;1;1;NA;NA;NA;NA;1;1;1;1;NA;NA
35;"SP";3511201;"351120";"Catiguá";"Não";"-";"Outros";NA;1;NA;NA;NA;NA;1;NA;NA;NA;NA;NA;NA;NA;NA;NA;1;NA;NA;NA;NA;NA;NA;NA;NA
35;"SP";3511300;"351130";"Cedral";"Não";"Região Metropolitana de São José do Rio Preto";"Outros";NA;NA;1;NA;NA;NA;NA;NA;NA;NA;NA;NA;NA;NA;NA;NA;NA;NA;NA;NA;NA;NA;NA;NA;NA
35;"SP";3511409;"351140";"Cerqueira César";"Não";"-";"Outros";NA;NA;NA;NA;NA;NA;NA;NA;NA;NA;NA;NA;NA;NA;NA;NA;NA;NA;NA;NA;NA;NA;NA;NA;NA
35;"SP";3511508;"351150";"Cerquilho";"Não";"Região Metropolitana de Sorocaba";"Outros";2;NA;1;NA;NA;NA;1;NA;NA;NA;NA;NA;NA;NA;NA;NA;NA;NA;NA;NA;NA;NA;NA;NA;NA
35;"SP";3511607;"351160";"Cesário Lange";"Não";"Região Metropolitana de Sorocaba";"Outros";3;NA;NA;NA;NA;NA;NA;NA;NA;NA;NA;NA;NA;NA;NA;NA;NA;NA;NA;NA;NA;1;NA;NA;NA
35;"SP";3511706;"351170";"Charqueada";"Não";"Região Metropolitana de Piracicaba";"Outros";NA;NA;NA;NA;NA;NA;NA;NA;NA;2;NA;NA;NA;NA;NA;NA;NA;1;NA;NA;NA;NA;NA;NA;NA
35;"SP";3511904;"351190";"Clementina";"Não";"-";"Outros";NA;NA;NA;NA;NA;NA;NA;NA;NA;NA;NA;NA;NA;NA;NA;NA;NA;NA;NA;NA;NA;NA;NA;NA;NA
35;"SP";3512001;"351200";"Colina";"Não";"-";"Outros";NA;1;NA;NA;NA;NA;1;NA;NA;NA;NA;NA;NA;NA;NA;NA;NA;NA;1;NA;NA;NA;NA;NA;NA
35;"SP";3512100;"351210";"Colômbia";"Não";"-";"Outros";NA;2;NA;1;NA;1;NA;NA;NA;NA;NA;NA;NA;NA;2;NA;NA;NA;NA;NA;NA;1;NA;NA;NA
35;"SP";3512209;"351220";"Conchal";"Não";"Região Metropolitana de Piracicaba";"Outros";NA;1;NA;2;2;NA;NA;NA;1;NA;NA;NA;1;NA;NA;1;NA;1;NA;NA;NA;NA;NA;NA;NA
35;"SP";3512308;"351230";"Conchas";"Não";"-";"Outros";1;NA;1;NA;NA;NA;NA;NA;NA;NA;NA;NA;NA;NA;NA;NA;NA;NA;NA;NA;NA;NA;NA;NA;NA
35;"SP";3512407;"351240";"Cordeirópolis";"Não";"Região Metropolitana de Piracicaba";"Outros";NA;NA;NA;NA;2;1;NA;NA;NA;1;NA;NA;1;NA;NA;NA;1;1;NA;NA;NA;NA;NA;NA;NA
35;"SP";3512506;"351250";"Coroados";"Não";"-";"Outros";NA;NA;NA;NA;NA;NA;NA;NA;NA;NA;NA;NA;NA;NA;NA;NA;NA;NA;NA;NA;NA;NA;NA;NA;NA
35;"SP";3512605;"351260";"Coronel Macedo";"Não";"-";"Outros";NA;NA;NA;NA;NA;NA;NA;NA;NA;NA;NA;NA;NA;NA;NA;NA;NA;NA;NA;NA;NA;NA;NA;NA;NA
35;"SP";3512704;"351270";"Corumbataí";"Não";"Região Metropolitana de Piracicaba";"Outros";NA;NA;NA;NA;NA;1;NA;NA;NA;NA;NA;NA;NA;NA;NA;NA;NA;NA;NA;NA;NA;NA;NA;NA;NA
35;"SP";3512803;"351280";"Cosmópolis";"Não";"Região Metropolitana de Campinas";"Outros";3;2;1;NA;NA;1;NA;NA;NA;NA;NA;NA;1;2;NA;NA;NA;NA;NA;NA;NA;1;NA;NA;NA
35;"SP";3512902;"351290";"Cosmorama";"Não";"-";"Outros";1;NA;NA;NA;NA;NA;NA;NA;NA;NA;NA;NA;NA;NA;1;NA;NA;NA;NA;NA;NA;NA;NA;NA;NA
35;"SP";3513009;"351300";"Cotia";"Não";"Região Metropolitana de São Paulo";"Outros";6;8;6;2;4;3;6;3;3;2;5;6;5;NA;2;3;1;2;2;4;1;2;4;2;NA
35;"SP";3513108;"351310";"Cravinhos";"Não";"Região Metropolitana de Ribeirão Preto";"Outros";NA;NA;NA;NA;NA;NA;NA;NA;NA;NA;NA;1;NA;NA;NA;NA;NA;NA;NA;NA;NA;NA;NA;NA;NA
35;"SP";3513207;"351320";"Cristais Paulista";"Não";"-";"Outros";NA;NA;3;NA;NA;NA;NA;NA;2;NA;NA;NA;NA;NA;NA;NA;NA;NA;NA;NA;NA;NA;NA;NA;NA
35;"SP";3513306;"351330";"Cruzália";"Não";"-";"Outros";NA;NA;NA;NA;NA;NA;NA;NA;NA;NA;NA;NA;NA;NA;NA;NA;NA;NA;NA;NA;NA;NA;NA;NA;NA
35;"SP";3513405;"351340";"Cruzeiro";"Não";"Região Metropolitana do Vale do Paraíba e Litoral Norte";"Outros";NA;NA;2;1;NA;NA;1;5;1;NA;NA;NA;2;2;NA;NA;NA;NA;NA;1;NA;NA;1;NA;NA
35;"SP";3513504;"351350";"Cubatão";"Não";"Região Metropolitana da Baixada Santista";"Outros";9;2;7;4;9;9;9;11;8;9;6;4;9;3;7;2;3;1;4;5;1;2;1;1;NA
35;"SP";3513603;"351360";"Cunha";"Não";"Região Metropolitana do Vale do Paraíba e Litoral Norte";"Outros";NA;NA;NA;1;NA;NA;NA;NA;1;1;NA;NA;NA;NA;NA;NA;NA;NA;NA;NA;NA;NA;NA;NA;NA
35;"SP";3513702;"351370";"Descalvado";"Não";"-";"Outros";1;NA;NA;NA;NA;NA;NA;NA;NA;3;NA;NA;NA;NA;1;NA;NA;NA;1;1;NA;NA;NA;NA;NA
35;"SP";3513801;"351380";"Diadema";"Não";"Região Metropolitana de São Paulo";"Outros";2;2;6;4;3;14;3;3;5;3;2;3;6;4;1;4;NA;1;NA;NA;1;NA;7;4;NA
35;"SP";3513850;"351385";"Dirce Reis";"Não";"-";"Outros";NA;NA;NA;1;NA;NA;NA;NA;NA;NA;NA;NA;NA;NA;NA;NA;NA;NA;NA;NA;NA;1;NA;NA;NA
35;"SP";3513900;"351390";"Divinolândia";"Não";"-";"Outros";NA;NA;NA;NA;NA;NA;NA;NA;NA;NA;NA;NA;NA;NA;NA;NA;NA;NA;NA;NA;NA;1;NA;NA;NA
35;"SP";3514007;"351400";"Dobrada";"Não";"-";"Outros";NA;NA;NA;NA;NA;NA;NA;NA;NA;NA;NA;NA;NA;NA;NA;NA;NA;NA;NA;NA;NA;1;NA;1;NA
35;"SP";3514106;"351410";"Dois Córregos";"Não";"-";"Outros";NA;NA;1;NA;NA;1;2;NA;NA;NA;NA;NA;NA;NA;NA;NA;NA;NA;NA;NA;NA;NA;NA;NA;NA
35;"SP";3514205;"351420";"Dolcinópolis";"Não";"-";"Outros";NA;NA;NA;NA;NA;NA;NA;NA;NA;NA;NA;NA;NA;NA;NA;NA;NA;NA;1;NA;NA;NA;NA;NA;NA
35;"SP";3514304;"351430";"Dourado";"Não";"-";"Outros";NA;NA;1;NA;NA;NA;NA;1;NA;NA;NA;NA;NA;NA;1;NA;NA;NA;NA;NA;NA;NA;NA;NA;NA
35;"SP";3514403;"351440";"Dracena";"Não";"-";"Outros";NA;NA;1;NA;NA;NA;1;1;NA;NA;2;NA;NA;NA;NA;NA;NA;NA;NA;NA;NA;NA;NA;NA;NA
35;"SP";3514502;"351450";"Duartina";"Não";"-";"Outros";NA;NA;NA;1;NA;NA;NA;NA;NA;NA;NA;NA;NA;NA;NA;NA;NA;NA;NA;NA;NA;NA;NA;NA;NA
35;"SP";3514601;"351460";"Dumont";"Não";"Região Metropolitana de Ribeirão Preto";"Outros";NA;NA;1;NA;NA;NA;NA;NA;NA;NA;1;NA;2;NA;NA;NA;NA;2;NA;NA;NA;NA;NA;NA;NA
35;"SP";3514700;"351470";"Echaporã";"Não";"-";"Outros";NA;NA;NA;NA;NA;NA;1;NA;NA;1;NA;NA;NA;NA;NA;1;NA;NA;NA;1;NA;1;NA;NA;NA
35;"SP";3514809;"351480";"Eldorado";"Não";"-";"Outros";NA;1;3;NA;NA;NA;NA;NA;NA;NA;NA;2;NA;4;1;NA;1;1;NA;NA;NA;NA;NA;NA;NA
35;"SP";3514908;"351490";"Elias Fausto";"Não";"Região Metropolitana de Piracicaba";"Outros";1;NA;1;NA;2;1;NA;NA;2;2;2;2;3;NA;2;NA;NA;1;NA;NA;NA;NA;NA;NA;NA
35;"SP";3514924;"351492";"Elisiário";"Não";"-";"Outros";NA;NA;NA;NA;NA;NA;NA;NA;NA;NA;NA;NA;NA;NA;NA;NA;NA;NA;NA;NA;NA;NA;NA;NA;NA
35;"SP";3514957;"351495";"Embaúba";"Não";"-";"Outros";NA;NA;NA;NA;NA;NA;NA;NA;NA;NA;NA;NA;NA;NA;NA;NA;NA;NA;NA;NA;NA;NA;NA;NA;NA
35;"SP";3515004;"351500";"Embu das Artes";"Não";"Região Metropolitana de São Paulo";"Outros";5;1;4;6;7;3;4;3;3;4;6;2;4;NA;2;4;4;2;1;2;2;3;2;1;NA
35;"SP";3515103;"351510";"Embu-Guaçu";"Não";"Região Metropolitana de São Paulo";"Outros";2;7;2;NA;NA;1;1;NA;NA;NA;NA;NA;NA;NA;1;1;NA;2;NA;1;1;NA;NA;NA;NA
35;"SP";3515152;"351515";"Engenheiro Coelho";"Não";"Região Metropolitana de Campinas";"Outros";1;1;2;NA;NA;2;NA;NA;NA;NA;NA;NA;NA;1;1;NA;NA;NA;1;NA;NA;NA;NA;NA;NA
35;"SP";3515186;"351518";"Espírito Santo do Pinhal";"Não";"-";"Outros";NA;1;1;NA;NA;1;NA;2;2;NA;1;1;2;NA;1;NA;NA;NA;NA;NA;NA;NA;1;1;NA
35;"SP";3515194;"351519";"Espírito Santo do Turvo";"Não";"-";"Outros";NA;NA;NA;NA;NA;NA;NA;1;NA;NA;NA;NA;NA;NA;NA;NA;NA;NA;NA;NA;NA;NA;1;NA;NA
35;"SP";3515202;"351520";"Estrela d'Oeste";"Não";"-";"Outros";NA;NA;NA;NA;NA;1;NA;NA;NA;NA;NA;NA;NA;NA;NA;NA;NA;NA;NA;NA;1;NA;NA;NA;NA
35;"SP";3515301;"351530";"Estrela do Norte";"Não";"-";"Outros";NA;NA;NA;NA;NA;NA;NA;NA;NA;NA;NA;NA;NA;NA;NA;NA;NA;NA;NA;NA;NA;NA;NA;NA;NA
35;"SP";3515350;"351535";"Euclides da Cunha Paulista";"Não";"-";"Outros";NA;NA;NA;NA;NA;NA;NA;1;NA;NA;NA;1;NA;1;NA;NA;NA;NA;NA;NA;NA;NA;NA;NA;NA
35;"SP";3515400;"351540";"Fartura";"Não";"-";"Outros";NA;NA;NA;NA;NA;NA;NA;NA;NA;NA;NA;NA;NA;NA;NA;NA;NA;NA;NA;NA;NA;NA;1;NA;NA
35;"SP";3515509;"351550";"Fernandópolis";"Não";"-";"Outros";3;1;NA;2;4;3;1;NA;NA;1;NA;2;NA;2;NA;1;NA;NA;NA;2;2;2;3;NA;NA
35;"SP";3515608;"351560";"Fernando Prestes";"Não";"-";"Outros";NA;NA;NA;NA;NA;NA;NA;NA;NA;NA;NA;NA;NA;NA;NA;NA;NA;NA;1;NA;NA;1;1;NA;NA
35;"SP";3515707;"351570";"Ferraz de Vasconcelos";"Não";"Região Metropolitana de São Paulo";"Outros";NA;1;4;NA;NA;1;1;NA;1;NA;3;NA;NA;2;2;1;5;1;1;NA;NA;NA;NA;NA;NA
35;"SP";3515806;"351580";"Flora Rica";"Não";"-";"Outros";NA;NA;NA;NA;NA;NA;NA;NA;NA;NA;NA;NA;NA;NA;NA;NA;NA;NA;NA;NA;NA;NA;NA;NA;NA
35;"SP";3515905;"351590";"Floreal";"Não";"-";"Outros";NA;NA;NA;NA;NA;NA;NA;NA;NA;NA;NA;NA;NA;NA;NA;NA;NA;NA;NA;NA;NA;NA;NA;NA;NA
35;"SP";3516002;"351600";"Flórida Paulista";"Não";"-";"Outros";1;NA;NA;2;1;NA;NA;NA;NA;NA;NA;NA;NA;NA;NA;NA;NA;NA;NA;NA;NA;NA;NA;NA;NA
35;"SP";3516101;"351610";"Florínea";"Não";"-";"Outros";NA;NA;NA;NA;NA;NA;NA;NA;NA;NA;NA;NA;NA;NA;NA;NA;NA;NA;NA;NA;NA;NA;NA;NA;NA
35;"SP";3516200;"351620";"Franca";"Não";"-";"Outros";5;1;5;1;6;7;1;1;NA;1;1;1;NA;NA;1;1;1;NA;1;NA;1;2;NA;NA;NA
35;"SP";3516309;"351630";"Francisco Morato";"Não";"Região Metropolitana de São Paulo";"Outros";1;1;1;2;1;3;1;1;NA;NA;1;2;NA;NA;1;2;2;1;NA;NA;NA;NA;NA;NA;NA
35;"SP";3516408;"351640";"Franco da Rocha";"Não";"Região Metropolitana de São Paulo";"Outros";5;2;4;6;1;1;4;4;NA;1;3;3;7;2;3;5;3;4;1;1;2;4;4;2;NA
35;"SP";3516507;"351650";"Gabriel Monteiro";"Não";"-";"Outros";NA;NA;NA;NA;NA;NA;NA;NA;NA;NA;NA;NA;NA;NA;NA;NA;NA;NA;NA;NA;NA;NA;NA;NA;NA
35;"SP";3516606;"351660";"Gália";"Não";"-";"Outros";NA;NA;NA;NA;NA;NA;NA;NA;NA;1;1;NA;NA;2;2;1;1;NA;NA;NA;NA;1;NA;NA;NA
35;"SP";3516705;"351670";"Garça";"Não";"-";"Outros";2;NA;NA;NA;NA;NA;NA;2;NA;NA;1;NA;NA;NA;1;4;NA;NA;NA;1;1;NA;NA;NA;NA
35;"SP";3516804;"351680";"Gastão Vidigal";"Não";"-";"Outros";NA;1;NA;NA;1;NA;NA;NA;NA;NA;NA;NA;NA;NA;NA;NA;NA;NA;NA;NA;NA;NA;NA;NA;NA
35;"SP";3516853;"351685";"Gavião Peixoto";"Não";"-";"Outros";NA;NA;NA;NA;NA;1;NA;NA;NA;NA;NA;NA;NA;NA;NA;NA;NA;NA;NA;NA;NA;NA;NA;NA;NA
35;"SP";3516903;"351690";"General Salgado";"Não";"-";"Outros";NA;NA;NA;NA;2;NA;NA;NA;1;NA;NA;1;NA;NA;NA;NA;NA;NA;NA;NA;NA;NA;NA;NA;NA
35;"SP";3517000;"351700";"Getulina";"Não";"-";"Outros";NA;1;NA;NA;NA;NA;NA;NA;NA;1;NA;1;NA;NA;NA;NA;NA;NA;NA;NA;NA;NA;NA;NA;NA
35;"SP";3517109;"351710";"Glicério";"Não";"-";"Outros";NA;NA;NA;NA;NA;NA;NA;NA;NA;NA;NA;NA;NA;NA;NA;NA;NA;NA;NA;NA;NA;NA;NA;NA;NA
35;"SP";3517208;"351720";"Guaiçara";"Não";"-";"Outros";NA;NA;NA;2;NA;1;NA;NA;NA;NA;NA;NA;NA;NA;NA;NA;NA;NA;NA;NA;NA;NA;NA;NA;NA
35;"SP";3517307;"351730";"Guaimbê";"Não";"-";"Outros";NA;NA;1;1;NA;NA;NA;NA;NA;NA;NA;NA;NA;NA;1;NA;1;NA;NA;NA;NA;NA;NA;NA;NA
35;"SP";3517406;"351740";"Guaíra";"Não";"-";"Outros";1;NA;1;NA;3;1;NA;NA;NA;1;NA;1;NA;NA;2;NA;NA;NA;NA;NA;1;NA;NA;NA;NA
35;"SP";3517505;"351750";"Guapiaçu";"Não";"Região Metropolitana de São José do Rio Preto";"Outros";NA;NA;NA;1;NA;NA;1;NA;NA;NA;NA;NA;3;1;NA;NA;NA;NA;1;1;NA;NA;NA;NA;NA
35;"SP";3517604;"351760";"Guapiara";"Não";"-";"Outros";NA;NA;NA;NA;NA;NA;1;NA;NA;1;1;NA;NA;NA;NA;NA;NA;NA;NA;NA;NA;NA;NA;NA;NA
35;"SP";3517703;"351770";"Guará";"Não";"-";"Outros";NA;NA;2;2;2;NA;NA;NA;1;NA;NA;NA;NA;NA;NA;1;1;NA;NA;NA;NA;1;NA;NA;NA
35;"SP";3517802;"351780";"Guaraçaí";"Não";"-";"Outros";NA;NA;1;NA;NA;NA;NA;NA;NA;NA;NA;NA;NA;NA;NA;NA;NA;NA;NA;NA;NA;NA;NA;NA;NA
35;"SP";3517901;"351790";"Guaraci";"Não";"-";"Outros";NA;NA;NA;NA;NA;NA;NA;NA;NA;NA;NA;NA;NA;NA;NA;NA;NA;NA;NA;NA;NA;NA;NA;NA;NA
35;"SP";3518008;"351800";"Guarani d'Oeste";"Não";"-";"Outros";NA;NA;NA;NA;NA;NA;NA;NA;NA;NA;NA;NA;NA;NA;NA;NA;NA;NA;NA;NA;NA;NA;NA;NA;NA
35;"SP";3518107;"351810";"Guarantã";"Não";"-";"Outros";NA;1;NA;NA;1;NA;NA;NA;NA;NA;NA;NA;1;NA;NA;NA;NA;NA;NA;NA;NA;NA;NA;NA;NA
35;"SP";3518206;"351820";"Guararapes";"Não";"-";"Outros";1;NA;NA;NA;2;NA;NA;NA;NA;1;NA;2;NA;NA;NA;1;1;NA;NA;NA;NA;NA;NA;NA;NA
35;"SP";3518305;"351830";"Guararema";"Não";"Região Metropolitana de São Paulo";"Outros";NA;NA;2;3;NA;NA;NA;NA;1;NA;NA;1;NA;1;NA;1;NA;NA;NA;NA;NA;NA;NA;NA;NA
35;"SP";3518404;"351840";"Guaratinguetá";"Não";"Região Metropolitana do Vale do Paraíba e Litoral Norte";"Outros";1;3;6;3;3;NA;NA;NA;NA;NA;1;NA;NA;NA;NA;NA;NA;NA;NA;NA;NA;NA;NA;NA;NA
35;"SP";3518503;"351850";"Guareí";"Não";"-";"Outros";NA;NA;NA;NA;NA;NA;NA;NA;NA;NA;NA;NA;NA;NA;NA;NA;NA;NA;NA;NA;NA;NA;NA;NA;NA
35;"SP";3518602;"351860";"Guariba";"Não";"Região Metropolitana de Ribeirão Preto";"Outros";NA;NA;NA;NA;1;1;NA;NA;NA;NA;NA;1;NA;3;NA;NA;NA;NA;NA;NA;NA;NA;1;NA;NA
35;"SP";3518701;"351870";"Guarujá";"Não";"Região Metropolitana da Baixada Santista";"Outros";4;3;9;4;4;11;31;33;37;16;13;19;32;19;16;28;20;1;4;5;3;1;1;1;NA
35;"SP";3518800;"351880";"Guarulhos";"Não";"Região Metropolitana de São Paulo";"Outros";17;27;31;29;17;22;28;27;22;27;19;22;20;29;23;10;12;4;35;14;31;44;25;17;NA
35;"SP";3518859;"351885";"Guatapará";"Não";"Região Metropolitana de Ribeirão Preto";"Outros";NA;NA;NA;NA;NA;1;1;NA;NA;NA;NA;NA;1;NA;NA;1;NA;NA;NA;NA;NA;NA;NA;2;NA
35;"SP";3518909;"351890";"Guzolândia";"Não";"-";"Outros";NA;NA;NA;1;NA;NA;NA;NA;1;NA;NA;NA;NA;NA;NA;NA;NA;NA;NA;NA;NA;NA;NA;NA;NA
35;"SP";3519006;"351900";"Herculândia";"Não";"-";"Outros";NA;NA;NA;NA;NA;NA;NA;NA;NA;NA;NA;NA;NA;NA;NA;NA;NA;NA;NA;NA;NA;NA;NA;1;NA
35;"SP";3519055;"351905";"Holambra";"Não";"Região Metropolitana de Campinas";"Outros";NA;NA;NA;NA;1;NA;NA;NA;NA;NA;NA;1;NA;NA;1;NA;NA;NA;NA;NA;NA;NA;NA;1;NA
35;"SP";3519071;"351907";"Hortolândia";"Não";"Região Metropolitana de Campinas";"Outros";2;4;4;2;4;2;7;NA;NA;3;2;NA;1;NA;NA;NA;1;NA;1;1;NA;NA;NA;2;NA
35;"SP";3519105;"351910";"Iacanga";"Não";"-";"Outros";1;NA;NA;NA;NA;1;NA;NA;NA;NA;NA;NA;NA;NA;3;NA;NA;NA;NA;NA;1;1;NA;1;NA
35;"SP";3519204;"351920";"Iacri";"Não";"-";"Outros";NA;1;NA;NA;NA;NA;1;NA;NA;NA;NA;1;NA;1;NA;NA;NA;1;NA;NA;NA;NA;NA;NA;NA
35;"SP";3519253;"351925";"Iaras";"Não";"-";"Outros";NA;NA;NA;NA;NA;NA;NA;NA;NA;NA;NA;NA;NA;NA;NA;NA;NA;NA;NA;NA;NA;NA;NA;1;NA
35;"SP";3519303;"351930";"Ibaté";"Não";"-";"Outros";1;2;1;1;NA;1;NA;NA;NA;NA;NA;NA;NA;NA;NA;NA;NA;NA;1;NA;NA;NA;NA;NA;NA
35;"SP";3519402;"351940";"Ibirá";"Não";"Região Metropolitana de São José do Rio Preto";"Outros";NA;NA;NA;NA;NA;NA;NA;NA;NA;NA;NA;NA;NA;NA;NA;NA;NA;NA;NA;NA;NA;NA;NA;NA;NA
35;"SP";3519501;"351950";"Ibirarema";"Não";"-";"Outros";1;NA;NA;NA;NA;NA;NA;NA;NA;NA;NA;NA;NA;NA;NA;NA;NA;NA;NA;NA;1;1;NA;NA;NA
35;"SP";3519600;"351960";"Ibitinga";"Não";"-";"Outros";2;NA;1;2;NA;1;NA;NA;NA;2;NA;NA;1;2;1;NA;NA;NA;NA;1;NA;NA;1;1;NA
35;"SP";3519709;"351970";"Ibiúna";"Não";"Região Metropolitana de Sorocaba";"Outros";NA;5;3;1;3;NA;3;NA;NA;1;1;NA;NA;NA;NA;NA;1;NA;1;NA;NA;1;NA;NA;NA
35;"SP";3519808;"351980";"Icém";"Não";"Região Metropolitana de São José do Rio Preto";"Outros";NA;NA;NA;1;1;2;NA;NA;NA;NA;NA;NA;NA;NA;NA;NA;NA;NA;NA;1;NA;1;NA;1;NA
35;"SP";3519907;"351990";"Iepê";"Não";"-";"Outros";NA;NA;NA;NA;NA;NA;NA;NA;NA;NA;NA;NA;NA;NA;NA;NA;NA;NA;NA;NA;NA;NA;NA;NA;NA
35;"SP";3520004;"352000";"Igaraçu do Tietê";"Não";"-";"Outros";NA;1;NA;NA;NA;1;NA;NA;NA;NA;NA;NA;NA;NA;1;NA;NA;NA;NA;NA;NA;1;1;NA;NA
35;"SP";3520103;"352010";"Igarapava";"Não";"-";"Outros";NA;1;NA;NA;NA;1;NA;NA;NA;NA;NA;NA;NA;NA;1;NA;NA;1;1;NA;NA;NA;NA;NA;NA
35;"SP";3520202;"352020";"Igaratá";"Não";"Região Metropolitana do Vale do Paraíba e Litoral Norte";"Outros";NA;NA;NA;NA;NA;NA;NA;NA;2;NA;NA;1;NA;NA;NA;NA;NA;NA;NA;NA;2;1;2;1;NA
35;"SP";3520301;"352030";"Iguape";"Não";"-";"Outros";NA;1;1;NA;1;2;NA;NA;NA;NA;3;NA;1;NA;3;NA;NA;4;NA;1;NA;NA;NA;NA;NA
35;"SP";3520400;"352040";"Ilhabela";"Não";"Região Metropolitana do Vale do Paraíba e Litoral Norte";"Outros";NA;1;2;NA;2;NA;NA;NA;NA;NA;NA;NA;NA;NA;2;NA;1;NA;NA;NA;NA;NA;NA;NA;NA
35;"SP";3520426;"352042";"Ilha Comprida";"Não";"-";"Outros";1;NA;NA;NA;NA;NA;NA;NA;NA;NA;NA;NA;NA;NA;NA;1;1;NA;NA;NA;NA;NA;NA;NA;NA
35;"SP";3520442;"352044";"Ilha Solteira";"Não";"-";"Outros";NA;NA;NA;1;NA;NA;NA;NA;NA;NA;NA;NA;NA;NA;NA;NA;NA;NA;1;NA;NA;NA;NA;1;NA
35;"SP";3520509;"352050";"Indaiatuba";"Não";"Região Metropolitana de Campinas";"Outros";NA;5;3;3;2;NA;NA;NA;NA;NA;NA;1;1;NA;NA;NA;NA;2;4;4;1;4;3;3;NA
35;"SP";3520608;"352060";"Indiana";"Não";"-";"Outros";NA;NA;NA;NA;NA;NA;NA;NA;NA;NA;NA;NA;NA;NA;NA;NA;NA;NA;NA;NA;NA;NA;NA;NA;NA
35;"SP";3520806;"352080";"Inúbia Paulista";"Não";"-";"Outros";NA;NA;NA;NA;NA;NA;NA;NA;3;NA;NA;NA;NA;NA;NA;NA;NA;1;NA;NA;NA;NA;NA;NA;NA
35;"SP";3520905;"352090";"Ipaussu";"Não";"-";"Outros";3;1;NA;1;1;1;1;NA;NA;NA;NA;NA;NA;NA;NA;1;NA;NA;NA;NA;NA;NA;1;NA;NA
35;"SP";3521002;"352100";"Iperó";"Não";"Região Metropolitana de Sorocaba";"Outros";1;NA;NA;NA;NA;NA;NA;NA;NA;NA;NA;NA;NA;NA;NA;NA;NA;1;NA;NA;NA;NA;NA;NA;NA
35;"SP";3521101;"352110";"Ipeúna";"Não";"Região Metropolitana de Piracicaba";"Outros";NA;NA;NA;NA;NA;NA;1;NA;NA;NA;NA;NA;NA;NA;NA;NA;NA;NA;1;NA;NA;NA;NA;NA;NA
35;"SP";3521150;"352115";"Ipiguá";"Não";"Região Metropolitana de São José do Rio Preto";"Outros";NA;NA;NA;NA;NA;NA;NA;NA;NA;NA;NA;NA;NA;NA;NA;NA;NA;NA;NA;NA;NA;NA;NA;NA;NA
35;"SP";3521200;"352120";"Iporanga";"Não";"-";"Outros";NA;NA;1;NA;NA;NA;NA;NA;NA;NA;NA;1;NA;NA;NA;NA;NA;1;NA;NA;NA;NA;NA;NA;NA
35;"SP";3521309;"352130";"Ipuã";"Não";"-";"Outros";NA;NA;NA;NA;NA;NA;NA;NA;NA;NA;NA;NA;NA;NA;NA;NA;NA;1;NA;NA;NA;NA;NA;NA;NA
35;"SP";3521408;"352140";"Iracemápolis";"Não";"Região Metropolitana de Piracicaba";"Outros";NA;NA;NA;NA;NA;NA;NA;NA;NA;NA;NA;NA;1;NA;NA;NA;NA;NA;NA;NA;NA;NA;NA;NA;NA
35;"SP";3521507;"352150";"Irapuã";"Não";"Região Metropolitana de São José do Rio Preto";"Outros";NA;1;1;NA;NA;NA;NA;NA;NA;NA;NA;NA;NA;NA;NA;NA;NA;NA;NA;NA;NA;NA;NA;NA;NA
35;"SP";3521606;"352160";"Irapuru";"Não";"-";"Outros";2;NA;NA;1;NA;NA;NA;NA;1;NA;NA;NA;NA;NA;NA;NA;NA;NA;NA;NA;NA;NA;NA;NA;NA
35;"SP";3521705;"352170";"Itaberá";"Não";"-";"Outros";NA;NA;NA;NA;NA;NA;NA;NA;NA;NA;NA;NA;NA;NA;NA;NA;NA;NA;NA;NA;NA;1;1;NA;NA
35;"SP";3521804;"352180";"Itaí";"Não";"-";"Outros";1;NA;NA;NA;NA;1;NA;NA;NA;NA;1;2;NA;NA;NA;NA;NA;NA;NA;NA;3;NA;NA;NA;NA
35;"SP";3521903;"352190";"Itajobi";"Não";"-";"Outros";NA;NA;NA;NA;NA;NA;NA;NA;NA;NA;NA;NA;2;NA;NA;NA;NA;NA;NA;NA;NA;NA;NA;NA;NA
35;"SP";3522000;"352200";"Itaju";"Não";"-";"Outros";NA;NA;NA;NA;NA;NA;NA;NA;NA;NA;NA;NA;NA;NA;NA;NA;NA;NA;NA;NA;NA;NA;NA;NA;NA
35;"SP";3522109;"352210";"Itanhaém";"Não";"Região Metropolitana da Baixada Santista";"Outros";5;7;2;2;7;4;4;1;2;NA;NA;1;NA;1;4;4;3;2;NA;2;1;NA;1;NA;NA
35;"SP";3522158;"352215";"Itaoca";"Não";"-";"Outros";NA;NA;NA;NA;NA;NA;NA;NA;NA;NA;NA;NA;NA;NA;NA;NA;NA;NA;NA;NA;NA;NA;NA;NA;NA
35;"SP";3522208;"352220";"Itapecerica da Serra";"Não";"Região Metropolitana de São Paulo";"Outros";9;5;3;5;3;3;6;5;10;14;3;10;10;6;3;5;10;2;4;NA;3;7;4;3;NA
35;"SP";3522307;"352230";"Itapetininga";"Não";"Região Metropolitana de Sorocaba";"Outros";1;1;NA;2;1;2;NA;NA;NA;NA;NA;2;NA;1;2;1;1;NA;NA;NA;NA;1;NA;NA;NA
35;"SP";3522406;"352240";"Itapeva";"Não";"-";"Outros";NA;NA;NA;NA;NA;NA;1;NA;NA;NA;1;NA;1;1;2;NA;NA;NA;2;1;NA;NA;1;NA;NA
35;"SP";3522505;"352250";"Itapevi";"Não";"Região Metropolitana de São Paulo";"Outros";2;1;1;1;2;3;2;NA;1;NA;NA;NA;1;NA;2;3;2;3;NA;NA;NA;1;6;NA;NA
35;"SP";3522604;"352260";"Itapira";"Não";"-";"Outros";2;NA;3;2;2;NA;1;2;2;1;NA;NA;NA;NA;NA;2;4;2;3;NA;NA;NA;1;2;NA
35;"SP";3522653;"352265";"Itapirapuã Paulista";"Não";"-";"Outros";NA;NA;NA;NA;NA;NA;NA;NA;NA;NA;NA;NA;1;NA;NA;NA;NA;NA;NA;NA;NA;NA;NA;NA;NA
35;"SP";3522703;"352270";"Itápolis";"Não";"-";"Outros";NA;NA;NA;NA;2;4;NA;NA;NA;2;NA;1;1;NA;NA;NA;NA;NA;NA;1;NA;NA;1;4;NA
35;"SP";3522802;"352280";"Itaporanga";"Não";"-";"Outros";NA;NA;NA;NA;NA;NA;NA;NA;NA;NA;NA;NA;NA;NA;NA;NA;NA;NA;NA;NA;NA;NA;NA;NA;NA
35;"SP";3522901;"352290";"Itapuí";"Não";"-";"Outros";NA;NA;1;NA;NA;1;NA;NA;NA;NA;NA;NA;NA;NA;NA;NA;NA;NA;NA;NA;NA;NA;NA;NA;NA
35;"SP";3523008;"352300";"Itapura";"Não";"-";"Outros";NA;NA;1;NA;1;NA;NA;NA;NA;NA;NA;NA;NA;NA;NA;NA;NA;NA;NA;NA;NA;NA;NA;NA;NA
35;"SP";3523107;"352310";"Itaquaquecetuba";"Não";"Região Metropolitana de São Paulo";"Outros";5;NA;5;6;4;8;2;7;8;4;3;8;7;11;11;13;11;10;8;2;6;1;1;3;NA
35;"SP";3523206;"352320";"Itararé";"Não";"-";"Outros";NA;NA;NA;NA;NA;NA;NA;NA;NA;NA;NA;NA;NA;NA;NA;NA;NA;NA;NA;NA;NA;NA;1;NA;NA
35;"SP";3523305;"352330";"Itariri";"Não";"-";"Outros";3;2;NA;3;2;1;2;NA;1;1;1;NA;3;NA;NA;1;NA;1;NA;NA;NA;NA;NA;NA;NA
35;"SP";3523404;"352340";"Itatiba";"Não";"Região Metropolitana de Campinas";"Outros";1;3;2;4;3;3;NA;NA;NA;NA;NA;NA;NA;NA;NA;NA;NA;1;NA;NA;1;NA;2;NA;NA
35;"SP";3523503;"352350";"Itatinga";"Não";"-";"Outros";2;NA;1;NA;NA;NA;3;NA;NA;NA;NA;NA;NA;NA;NA;NA;NA;2;NA;NA;1;NA;NA;2;NA
35;"SP";3523602;"352360";"Itirapina";"Não";"-";"Outros";NA;NA;1;NA;1;1;NA;NA;NA;1;NA;NA;NA;NA;NA;NA;NA;NA;NA;NA;NA;NA;NA;NA;NA
35;"SP";3523701;"352370";"Itirapuã";"Não";"-";"Outros";1;NA;NA;NA;NA;NA;NA;NA;NA;NA;NA;NA;NA;NA;NA;NA;NA;NA;NA;NA;1;1;NA;NA;NA
35;"SP";3523800;"352380";"Itobi";"Não";"-";"Outros";NA;NA;NA;NA;NA;NA;NA;NA;NA;NA;NA;NA;NA;NA;NA;NA;NA;NA;NA;NA;NA;NA;NA;1;NA
35;"SP";3523909;"352390";"Itu";"Não";"Região Metropolitana de Sorocaba";"Outros";3;3;8;4;5;1;NA;1;NA;1;1;4;1;1;NA;2;2;1;5;3;2;1;3;NA;NA
35;"SP";3524006;"352400";"Itupeva";"Não";"Região Metropolitana de Jundiaí";"Outros";1;NA;NA;NA;NA;NA;NA;NA;NA;NA;2;NA;NA;NA;NA;NA;NA;1;NA;NA;NA;NA;NA;NA;NA
35;"SP";3524105;"352410";"Ituverava";"Não";"-";"Outros";1;NA;1;1;2;1;NA;1;NA;NA;NA;NA;2;NA;1;NA;NA;NA;NA;1;1;2;NA;1;NA
35;"SP";3524204;"352420";"Jaborandi";"Não";"-";"Outros";NA;NA;2;NA;NA;NA;NA;NA;NA;NA;NA;NA;NA;NA;NA;NA;NA;NA;NA;NA;NA;NA;NA;NA;NA
35;"SP";3524303;"352430";"Jaboticabal";"Não";"Região Metropolitana de Ribeirão Preto";"Outros";2;NA;1;1;6;NA;NA;NA;NA;NA;NA;NA;NA;NA;NA;NA;NA;NA;NA;2;NA;NA;2;NA;NA
35;"SP";3524402;"352440";"Jacareí";"Não";"Região Metropolitana do Vale do Paraíba e Litoral Norte";"Outros";3;1;3;3;1;2;4;1;1;1;NA;NA;NA;NA;7;6;8;NA;2;6;4;10;8;7;NA
35;"SP";3524501;"352450";"Jaci";"Não";"Região Metropolitana de São José do Rio Preto";"Outros";NA;NA;NA;NA;NA;NA;NA;2;NA;NA;NA;NA;NA;NA;NA;NA;NA;NA;NA;NA;NA;NA;NA;NA;NA
35;"SP";3524600;"352460";"Jacupiranga";"Não";"-";"Outros";1;NA;NA;NA;NA;NA;NA;NA;1;1;NA;1;2;3;2;1;NA;2;NA;NA;NA;NA;NA;NA;NA
35;"SP";3524709;"352470";"Jaguariúna";"Não";"Região Metropolitana de Campinas";"Outros";NA;1;NA;2;1;NA;NA;1;NA;NA;NA;1;NA;NA;2;NA;2;1;2;2;1;NA;NA;4;NA
35;"SP";3524808;"352480";"Jales";"Não";"-";"Outros";NA;NA;2;NA;2;1;NA;NA;NA;NA;NA;2;1;2;5;1;1;1;NA;4;2;NA;NA;1;NA
35;"SP";3524907;"352490";"Jambeiro";"Não";"Região Metropolitana do Vale do Paraíba e Litoral Norte";"Outros";NA;1;2;1;2;NA;1;NA;1;NA;NA;NA;NA;NA;NA;NA;NA;NA;NA;1;NA;NA;NA;NA;NA
35;"SP";3525003;"352500";"Jandira";"Não";"Região Metropolitana de São Paulo";"Outros";1;1;1;NA;NA;NA;NA;2;1;NA;NA;NA;NA;NA;1;1;3;NA;NA;NA;NA;NA;NA;NA;NA
35;"SP";3525102;"352510";"Jardinópolis";"Não";"Região Metropolitana de Ribeirão Preto";"Outros";NA;NA;NA;NA;NA;NA;NA;NA;NA;NA;NA;1;NA;NA;NA;1;NA;NA;NA;NA;NA;1;1;1;NA
35;"SP";3525201;"352520";"Jarinu";"Não";"Região Metropolitana de Jundiaí";"Outros";NA;NA;2;NA;2;2;NA;1;1;1;NA;NA;NA;NA;NA;NA;NA;NA;NA;NA;NA;NA;NA;NA;NA
35;"SP";3525300;"352530";"Jaú";"Não";"-";"Outros";1;1;NA;2;5;10;NA;NA;NA;NA;NA;3;NA;NA;1;NA;NA;NA;1;NA;NA;NA;NA;NA;NA
35;"SP";3525409;"352540";"Jeriquara";"Não";"-";"Outros";NA;NA;NA;NA;NA;NA;NA;NA;NA;NA;NA;NA;NA;NA;NA;NA;NA;NA;1;NA;NA;NA;NA;NA;NA
35;"SP";3525508;"352550";"Joanópolis";"Não";"-";"Outros";NA;NA;NA;NA;NA;1;NA;NA;NA;NA;NA;NA;NA;1;NA;NA;NA;NA;NA;NA;NA;NA;NA;1;NA
35;"SP";3525607;"352560";"João Ramalho";"Não";"-";"Outros";NA;1;NA;NA;NA;NA;NA;NA;NA;NA;NA;NA;NA;NA;NA;NA;NA;NA;NA;NA;NA;NA;NA;NA;NA
35;"SP";3525706;"352570";"José Bonifácio";"Não";"Região Metropolitana de São José do Rio Preto";"Outros";NA;NA;NA;NA;1;NA;NA;2;1;2;1;5;NA;1;1;NA;2;2;NA;2;1;NA;NA;NA;NA
35;"SP";3525805;"352580";"Júlio Mesquita";"Não";"-";"Outros";NA;NA;NA;NA;NA;NA;NA;NA;NA;NA;NA;NA;NA;NA;NA;NA;NA;1;NA;NA;NA;NA;NA;NA;NA
35;"SP";3525854;"352585";"Jumirim";"Não";"Região Metropolitana de Sorocaba";"Outros";NA;NA;NA;NA;NA;NA;NA;NA;NA;NA;NA;NA;NA;NA;NA;NA;NA;NA;NA;1;NA;NA;NA;NA;NA
35;"SP";3525904;"352590";"Jundiaí";"Não";"Região Metropolitana de Jundiaí";"Outros";4;8;6;9;16;5;6;5;NA;1;7;1;NA;2;1;NA;4;NA;1;5;NA;1;NA;1;NA
35;"SP";3526001;"352600";"Junqueirópolis";"Não";"-";"Outros";NA;NA;NA;NA;NA;1;NA;NA;NA;NA;NA;NA;NA;1;NA;NA;NA;NA;NA;NA;NA;1;NA;1;NA
35;"SP";3526100;"352610";"Juquiá";"Não";"-";"Outros";2;NA;4;2;2;2;NA;NA;NA;NA;1;1;2;NA;1;NA;1;NA;NA;NA;1;NA;NA;NA;NA
35;"SP";3526209;"352620";"Juquitiba";"Não";"Região Metropolitana de São Paulo";"Outros";9;1;4;6;2;1;4;NA;1;NA;NA;NA;NA;5;2;2;1;2;1;4;NA;NA;NA;NA;NA
35;"SP";3526308;"352630";"Lagoinha";"Não";"Região Metropolitana do Vale do Paraíba e Litoral Norte";"Outros";NA;NA;NA;NA;NA;NA;NA;NA;NA;NA;NA;NA;NA;NA;NA;NA;NA;NA;NA;NA;NA;NA;NA;NA;NA
35;"SP";3526407;"352640";"Laranjal Paulista";"Não";"-";"Outros";NA;NA;NA;NA;NA;NA;NA;NA;NA;NA;NA;1;NA;NA;NA;NA;NA;NA;NA;NA;NA;NA;1;NA;NA
35;"SP";3526506;"352650";"Lavínia";"Não";"-";"Outros";NA;NA;NA;NA;NA;1;NA;NA;NA;NA;NA;NA;NA;NA;NA;NA;1;NA;NA;NA;NA;NA;NA;NA;NA
35;"SP";3526605;"352660";"Lavrinhas";"Não";"Região Metropolitana do Vale do Paraíba e Litoral Norte";"Outros";NA;NA;NA;NA;NA;NA;NA;1;2;NA;NA;1;NA;NA;NA;1;NA;NA;NA;NA;NA;1;1;NA;NA
35;"SP";3526704;"352670";"Leme";"Não";"Região Metropolitana de Piracicaba";"Outros";2;NA;NA;1;1;1;NA;1;1;NA;3;1;1;2;1;1;1;NA;NA;NA;2;1;NA;NA;NA
35;"SP";3526803;"352680";"Lençóis Paulista";"Não";"-";"Outros";1;NA;NA;2;1;1;NA;NA;1;NA;NA;NA;NA;2;1;1;NA;1;1;NA;1;NA;NA;1;NA
35;"SP";3526902;"352690";"Limeira";"Não";"Região Metropolitana de Piracicaba";"Outros";6;5;2;3;3;5;2;NA;NA;NA;NA;NA;NA;1;3;11;7;5;NA;2;2;3;3;1;NA
35;"SP";3527009;"352700";"Lindóia";"Não";"-";"Outros";NA;NA;NA;NA;NA;NA;NA;NA;NA;NA;NA;NA;NA;NA;NA;NA;NA;NA;NA;NA;NA;NA;NA;NA;NA
35;"SP";3527108;"352710";"Lins";"Não";"-";"Outros";NA;1;NA;1;NA;1;NA;NA;NA;1;NA;NA;NA;NA;NA;NA;1;2;1;NA;2;1;1;NA;NA
35;"SP";3527207;"352720";"Lorena";"Não";"Região Metropolitana do Vale do Paraíba e Litoral Norte";"Outros";5;1;1;3;3;NA;3;5;3;1;1;NA;6;NA;1;NA;NA;NA;NA;NA;1;NA;NA;NA;NA
35;"SP";3527256;"352725";"Lourdes";"Não";"-";"Outros";NA;NA;NA;NA;NA;NA;NA;NA;NA;NA;NA;NA;NA;NA;NA;NA;NA;NA;NA;NA;NA;NA;NA;NA;NA
35;"SP";3527306;"352730";"Louveira";"Não";"Região Metropolitana de Jundiaí";"Outros";NA;NA;NA;NA;1;NA;NA;3;4;NA;NA;1;1;NA;NA;NA;NA;NA;NA;NA;2;NA;NA;1;NA
35;"SP";3527405;"352740";"Lucélia";"Não";"-";"Outros";NA;1;NA;NA;1;NA;NA;NA;NA;NA;NA;NA;NA;NA;NA;NA;NA;NA;NA;NA;NA;NA;NA;NA;NA
35;"SP";3527504;"352750";"Lucianópolis";"Não";"-";"Outros";NA;1;NA;NA;NA;NA;NA;NA;NA;NA;NA;NA;NA;NA;NA;NA;NA;NA;NA;NA;NA;NA;NA;NA;NA
35;"SP";3527603;"352760";"Luís Antônio";"Não";"Região Metropolitana de Ribeirão Preto";"Outros";NA;NA;NA;NA;NA;NA;NA;NA;NA;NA;NA;NA;NA;NA;NA;NA;NA;NA;NA;NA;NA;1;NA;NA;NA
35;"SP";3527702;"352770";"Luiziânia";"Não";"-";"Outros";NA;NA;NA;NA;NA;NA;NA;NA;NA;NA;NA;NA;NA;NA;NA;NA;NA;NA;NA;NA;NA;NA;NA;NA;NA
35;"SP";3527801;"352780";"Lupércio";"Não";"-";"Outros";NA;NA;NA;NA;NA;NA;NA;NA;NA;NA;NA;NA;NA;1;NA;NA;NA;NA;NA;NA;NA;1;NA;NA;NA
35;"SP";3527900;"352790";"Lutécia";"Não";"-";"Outros";NA;NA;NA;NA;NA;NA;NA;NA;NA;NA;NA;NA;NA;NA;NA;NA;NA;NA;NA;NA;NA;NA;NA;NA;NA
35;"SP";3528007;"352800";"Macatuba";"Não";"-";"Outros";1;NA;NA;1;NA;NA;NA;NA;NA;1;NA;NA;NA;NA;2;NA;NA;NA;NA;NA;1;1;NA;NA;NA
35;"SP";3528106;"352810";"Macaubal";"Não";"Região Metropolitana de São José do Rio Preto";"Outros";NA;NA;NA;NA;NA;NA;NA;NA;NA;NA;NA;NA;NA;NA;NA;NA;NA;NA;NA;NA;NA;NA;NA;NA;NA
35;"SP";3528205;"352820";"Macedônia";"Não";"-";"Outros";NA;NA;NA;NA;NA;1;NA;NA;NA;NA;NA;NA;NA;NA;NA;NA;NA;NA;NA;NA;NA;NA;NA;NA;NA
35;"SP";3528304;"352830";"Magda";"Não";"-";"Outros";NA;NA;NA;NA;NA;NA;NA;NA;NA;NA;NA;NA;NA;NA;NA;NA;NA;NA;NA;NA;NA;NA;NA;NA;NA
35;"SP";3528403;"352840";"Mairinque";"Não";"Região Metropolitana de Sorocaba";"Outros";1;NA;2;NA;2;NA;NA;NA;1;NA;NA;NA;NA;2;1;2;2;NA;NA;1;NA;NA;NA;NA;NA
35;"SP";3528502;"352850";"Mairiporã";"Não";"Região Metropolitana de São Paulo";"Outros";6;1;3;5;3;8;3;4;1;2;4;2;1;2;1;4;1;2;NA;NA;1;1;1;NA;NA
35;"SP";3528601;"352860";"Manduri";"Não";"-";"Outros";NA;NA;NA;NA;NA;NA;NA;NA;NA;NA;NA;NA;NA;NA;NA;NA;NA;NA;NA;NA;1;NA;NA;NA;NA
35;"SP";3528700;"352870";"Marabá Paulista";"Não";"-";"Outros";NA;NA;NA;NA;NA;NA;NA;NA;NA;NA;NA;NA;1;NA;NA;NA;NA;NA;NA;NA;NA;NA;NA;NA;NA
35;"SP";3528809;"352880";"Maracaí";"Não";"-";"Outros";NA;NA;NA;NA;NA;NA;NA;NA;1;NA;NA;NA;NA;NA;NA;NA;1;1;1;NA;NA;NA;1;NA;NA
35;"SP";3528858;"352885";"Marapoama";"Não";"-";"Outros";NA;NA;NA;NA;NA;NA;NA;NA;NA;NA;NA;NA;NA;NA;NA;NA;NA;NA;NA;NA;NA;NA;NA;NA;NA
35;"SP";3528908;"352890";"Mariápolis";"Não";"-";"Outros";NA;NA;NA;NA;NA;NA;NA;NA;NA;NA;NA;NA;NA;NA;NA;NA;NA;NA;NA;NA;NA;NA;NA;NA;NA
35;"SP";3529005;"352900";"Marília";"Não";"-";"Outros";4;5;6;4;7;2;NA;NA;1;3;3;NA;5;3;5;3;4;3;7;2;6;5;4;2;NA
35;"SP";3529104;"352910";"Marinópolis";"Não";"-";"Outros";NA;NA;NA;NA;NA;NA;NA;NA;NA;NA;NA;NA;NA;NA;NA;NA;NA;NA;NA;NA;NA;NA;NA;NA;NA
35;"SP";3529203;"352920";"Martinópolis";"Não";"-";"Outros";NA;NA;NA;NA;NA;NA;NA;NA;NA;NA;NA;NA;NA;NA;NA;NA;NA;NA;NA;1;NA;NA;NA;1;NA
35;"SP";3529302;"352930";"Matão";"Não";"-";"Outros";1;2;NA;2;3;NA;NA;NA;NA;NA;NA;NA;NA;1;NA;NA;NA;1;1;1;1;1;NA;1;NA
35;"SP";3529401;"352940";"Mauá";"Não";"Região Metropolitana de São Paulo";"Outros";2;3;6;6;3;3;3;1;1;2;2;2;3;4;2;3;7;2;1;3;NA;1;NA;NA;NA
35;"SP";3529500;"352950";"Mendonça";"Não";"Região Metropolitana de São José do Rio Preto";"Outros";NA;NA;NA;NA;NA;1;NA;NA;NA;1;NA;NA;NA;1;NA;NA;1;NA;NA;NA;NA;NA;NA;NA;NA
35;"SP";3529609;"352960";"Meridiano";"Não";"-";"Outros";NA;NA;NA;NA;NA;NA;NA;NA;NA;NA;1;NA;NA;NA;NA;1;NA;NA;NA;NA;NA;NA;NA;NA;NA
35;"SP";3529658;"352965";"Mesópolis";"Não";"-";"Outros";NA;NA;NA;NA;NA;NA;NA;NA;NA;NA;NA;NA;NA;NA;NA;NA;NA;NA;NA;NA;NA;NA;NA;NA;NA
35;"SP";3529708;"352970";"Miguelópolis";"Não";"-";"Outros";NA;NA;NA;1;NA;NA;NA;NA;NA;NA;NA;NA;NA;NA;1;NA;3;NA;NA;1;NA;1;NA;NA;NA
35;"SP";3529807;"352980";"Mineiros do Tietê";"Não";"-";"Outros";NA;NA;NA;NA;1;NA;NA;NA;NA;NA;NA;NA;NA;1;NA;NA;NA;NA;NA;NA;NA;NA;NA;NA;NA
35;"SP";3529906;"352990";"Miracatu";"Não";"-";"Outros";5;NA;2;6;7;7;NA;NA;NA;1;7;2;6;1;1;2;4;3;1;NA;NA;NA;NA;NA;NA
35;"SP";3530003;"353000";"Mira Estrela";"Não";"-";"Outros";NA;NA;NA;NA;NA;NA;NA;NA;NA;NA;NA;NA;NA;NA;NA;NA;NA;NA;NA;NA;NA;NA;NA;NA;NA
35;"SP";3530102;"353010";"Mirandópolis";"Não";"-";"Outros";NA;NA;NA;1;NA;NA;NA;NA;NA;1;NA;NA;NA;NA;NA;NA;NA;NA;NA;1;1;NA;NA;NA;NA
35;"SP";3530201;"353020";"Mirante do Paranapanema";"Não";"-";"Outros";NA;NA;2;1;1;NA;1;NA;NA;NA;NA;1;NA;NA;NA;NA;NA;3;NA;NA;NA;NA;NA;NA;NA
35;"SP";3530300;"353030";"Mirassol";"Não";"Região Metropolitana de São José do Rio Preto";"Outros";NA;1;1;NA;NA;1;NA;NA;NA;NA;NA;NA;1;NA;NA;NA;NA;1;1;NA;NA;NA;NA;1;NA
35;"SP";3530409;"353040";"Mirassolândia";"Não";"Região Metropolitana de São José do Rio Preto";"Outros";NA;NA;NA;NA;NA;NA;NA;NA;NA;NA;NA;NA;NA;NA;NA;NA;1;NA;NA;NA;NA;NA;NA;NA;NA
35;"SP";3530508;"353050";"Mococa";"Não";"Região Metropolitana de Ribeirão Preto";"Outros";NA;NA;2;NA;1;NA;NA;NA;NA;NA;NA;NA;1;2;NA;2;NA;NA;2;1;NA;1;1;NA;NA
35;"SP";3530607;"353060";"Mogi das Cruzes";"Não";"Região Metropolitana de São Paulo";"Outros";3;5;6;4;2;1;NA;5;3;3;2;2;5;3;5;1;NA;1;1;2;NA;NA;NA;1;NA
35;"SP";3530706;"353070";"Mogi Guaçu";"Não";"-";"Outros";5;2;NA;1;1;2;1;1;3;NA;NA;5;3;5;5;2;4;3;1;NA;NA;3;2;2;NA
35;"SP";3530805;"353080";"Mogi Mirim";"Não";"-";"Outros";2;3;2;2;1;1;4;2;3;5;1;3;1;4;3;4;NA;1;3;NA;2;1;1;1;NA
35;"SP";3530904;"353090";"Mombuca";"Não";"Região Metropolitana de Piracicaba";"Outros";NA;1;NA;NA;NA;NA;NA;NA;NA;NA;NA;NA;NA;NA;NA;NA;NA;1;NA;NA;NA;NA;NA;NA;NA
35;"SP";3531001;"353100";"Monções";"Não";"-";"Outros";NA;NA;NA;NA;NA;NA;NA;NA;NA;NA;NA;NA;1;NA;NA;NA;NA;NA;NA;NA;NA;NA;NA;NA;NA
35;"SP";3531100;"353110";"Mongaguá";"Não";"Região Metropolitana da Baixada Santista";"Outros";2;2;2;2;3;2;NA;NA;2;1;1;NA;3;NA;NA;2;NA;NA;NA;2;NA;NA;NA;NA;NA
35;"SP";3531209;"353120";"Monte Alegre do Sul";"Não";"-";"Outros";NA;NA;NA;NA;NA;NA;1;NA;NA;NA;NA;NA;NA;NA;NA;NA;NA;NA;NA;NA;NA;NA;NA;NA;NA
35;"SP";3531308;"353130";"Monte Alto";"Não";"Região Metropolitana de Ribeirão Preto";"Outros";NA;NA;NA;NA;1;NA;NA;NA;1;NA;NA;NA;NA;NA;NA;NA;NA;NA;1;NA;NA;2;NA;NA;NA
35;"SP";3531407;"353140";"Monte Aprazível";"Não";"Região Metropolitana de São José do Rio Preto";"Outros";1;NA;NA;NA;NA;1;NA;NA;NA;NA;NA;NA;NA;NA;NA;NA;1;1;1;NA;NA;NA;NA;NA;NA
35;"SP";3531506;"353150";"Monte Azul Paulista";"Não";"-";"Outros";NA;NA;NA;NA;1;NA;NA;1;NA;NA;1;NA;NA;NA;NA;NA;NA;NA;NA;NA;NA;NA;NA;NA;NA
35;"SP";3531605;"353160";"Monte Castelo";"Não";"-";"Outros";NA;NA;NA;NA;NA;NA;NA;NA;NA;NA;NA;NA;NA;NA;NA;NA;NA;NA;NA;NA;NA;NA;NA;NA;NA
35;"SP";3531704;"353170";"Monteiro Lobato";"Não";"Região Metropolitana do Vale do Paraíba e Litoral Norte";"Outros";NA;NA;1;NA;NA;1;NA;NA;NA;NA;NA;NA;NA;NA;NA;NA;NA;NA;NA;NA;NA;NA;NA;NA;NA
35;"SP";3531803;"353180";"Monte Mor";"Não";"Região Metropolitana de Campinas";"Outros";3;NA;2;2;NA;7;NA;3;2;NA;2;NA;NA;1;2;NA;NA;NA;NA;NA;NA;1;NA;NA;NA
35;"SP";3531902;"353190";"Morro Agudo";"Não";"Região Metropolitana de Ribeirão Preto";"Outros";1;NA;NA;NA;2;NA;1;NA;NA;1;NA;NA;NA;NA;NA;1;NA;1;NA;NA;NA;NA;NA;NA;NA
35;"SP";3532009;"353200";"Morungaba";"Não";"Região Metropolitana de Campinas";"Outros";NA;NA;NA;NA;NA;NA;NA;NA;NA;NA;NA;NA;NA;NA;NA;NA;NA;NA;NA;NA;NA;NA;NA;NA;NA
35;"SP";3532058;"353205";"Motuca";"Não";"-";"Outros";NA;NA;1;NA;NA;NA;NA;NA;NA;NA;NA;NA;NA;NA;NA;NA;NA;3;NA;1;NA;NA;NA;NA;NA
35;"SP";3532108;"353210";"Murutinga do Sul";"Não";"-";"Outros";NA;NA;NA;NA;NA;NA;NA;NA;NA;NA;NA;NA;NA;NA;NA;NA;NA;NA;NA;NA;NA;NA;NA;NA;NA
35;"SP";3532157;"353215";"Nantes";"Não";"-";"Outros";NA;NA;NA;NA;NA;NA;NA;NA;NA;NA;NA;NA;NA;NA;NA;NA;NA;NA;NA;NA;NA;NA;NA;NA;NA
35;"SP";3532306;"353230";"Natividade da Serra";"Não";"Região Metropolitana do Vale do Paraíba e Litoral Norte";"Outros";NA;NA;NA;NA;1;NA;NA;NA;NA;NA;NA;NA;NA;NA;NA;NA;NA;NA;NA;NA;NA;NA;NA;NA;NA
35;"SP";3532405;"353240";"Nazaré Paulista";"Não";"-";"Outros";7;NA;NA;NA;2;NA;NA;NA;NA;NA;NA;1;1;NA;NA;NA;NA;NA;1;NA;1;NA;NA;NA;NA
35;"SP";3532504;"353250";"Neves Paulista";"Não";"Região Metropolitana de São José do Rio Preto";"Outros";3;NA;NA;NA;NA;1;NA;NA;NA;NA;NA;NA;NA;NA;NA;NA;NA;NA;NA;NA;NA;NA;NA;NA;NA
35;"SP";3532603;"353260";"Nhandeara";"Não";"-";"Outros";NA;1;NA;NA;1;NA;NA;NA;NA;NA;NA;NA;NA;NA;NA;NA;NA;NA;NA;NA;NA;NA;NA;NA;NA
35;"SP";3532702;"353270";"Nipoã";"Não";"Região Metropolitana de São José do Rio Preto";"Outros";NA;NA;NA;NA;1;NA;NA;NA;NA;NA;NA;NA;NA;NA;NA;1;1;NA;NA;NA;1;1;NA;NA;NA
35;"SP";3532801;"353280";"Nova Aliança";"Não";"Região Metropolitana de São José do Rio Preto";"Outros";NA;NA;NA;NA;NA;NA;NA;NA;NA;NA;NA;NA;NA;NA;NA;NA;NA;NA;NA;NA;NA;NA;NA;NA;NA
35;"SP";3532827;"353282";"Nova Campina";"Não";"-";"Outros";NA;NA;NA;1;NA;NA;NA;NA;NA;NA;NA;NA;NA;NA;NA;NA;NA;NA;NA;NA;NA;NA;NA;NA;NA
35;"SP";3532843;"353284";"Nova Canaã Paulista";"Não";"-";"Outros";NA;NA;NA;NA;NA;NA;NA;NA;NA;NA;NA;NA;NA;NA;NA;NA;NA;NA;NA;NA;NA;NA;NA;NA;NA
35;"SP";3532868;"353286";"Nova Castilho";"Não";"-";"Outros";NA;NA;NA;NA;NA;NA;NA;NA;NA;NA;NA;NA;NA;NA;NA;NA;NA;NA;NA;NA;NA;NA;NA;NA;NA
35;"SP";3532900;"353290";"Nova Europa";"Não";"-";"Outros";2;NA;NA;NA;NA;NA;NA;NA;NA;NA;1;NA;NA;NA;NA;NA;NA;NA;NA;NA;NA;1;NA;NA;NA
35;"SP";3533007;"353300";"Nova Granada";"Não";"Região Metropolitana de São José do Rio Preto";"Outros";NA;NA;NA;NA;NA;NA;NA;NA;NA;NA;NA;NA;NA;NA;NA;NA;1;NA;NA;1;1;NA;NA;2;NA
35;"SP";3533106;"353310";"Nova Guataporanga";"Não";"-";"Outros";NA;NA;NA;NA;NA;NA;NA;1;NA;NA;NA;NA;NA;NA;NA;NA;NA;NA;NA;NA;NA;NA;NA;NA;NA
35;"SP";3533205;"353320";"Nova Independência";"Não";"-";"Outros";NA;NA;NA;NA;NA;NA;NA;NA;NA;1;NA;NA;1;NA;NA;NA;NA;NA;NA;NA;NA;NA;NA;NA;NA
35;"SP";3533254;"353325";"Novais";"Não";"-";"Outros";NA;NA;NA;NA;NA;NA;NA;NA;NA;NA;NA;NA;NA;NA;NA;NA;NA;NA;NA;NA;NA;NA;NA;NA;NA
35;"SP";3533304;"353330";"Nova Luzitânia";"Não";"-";"Outros";NA;NA;NA;NA;NA;NA;NA;NA;NA;NA;NA;NA;NA;NA;NA;NA;NA;NA;NA;NA;NA;NA;NA;1;NA
35;"SP";3533403;"353340";"Nova Odessa";"Não";"Região Metropolitana de Campinas";"Outros";1;NA;NA;1;NA;NA;NA;1;NA;1;NA;NA;NA;NA;NA;NA;NA;NA;NA;NA;NA;NA;NA;NA;NA
35;"SP";3533502;"353350";"Novo Horizonte";"Não";"-";"Outros";NA;NA;NA;1;NA;NA;NA;NA;NA;NA;NA;NA;NA;NA;NA;NA;NA;NA;NA;NA;NA;NA;NA;NA;NA
35;"SP";3533601;"353360";"Nuporanga";"Não";"Região Metropolitana de Ribeirão Preto";"Outros";NA;NA;NA;NA;NA;NA;NA;NA;NA;NA;NA;NA;NA;NA;NA;NA;1;1;NA;NA;NA;NA;NA;NA;NA
35;"SP";3533700;"353370";"Ocauçu";"Não";"-";"Outros";NA;NA;NA;3;NA;1;NA;NA;NA;NA;NA;NA;NA;2;NA;NA;NA;NA;1;NA;2;NA;NA;NA;NA
35;"SP";3533809;"353380";"Óleo";"Não";"-";"Outros";1;NA;NA;NA;NA;NA;NA;NA;NA;NA;NA;NA;NA;NA;NA;NA;NA;NA;NA;NA;NA;NA;NA;NA;NA
35;"SP";3533908;"353390";"Olímpia";"Não";"Região Metropolitana de São José do Rio Preto";"Outros";1;1;2;NA;NA;1;NA;NA;1;NA;NA;NA;NA;NA;NA;1;NA;NA;NA;1;NA;NA;NA;NA;NA
35;"SP";3534005;"353400";"Onda Verde";"Não";"Região Metropolitana de São José do Rio Preto";"Outros";NA;NA;NA;NA;NA;NA;NA;1;NA;NA;NA;NA;NA;NA;NA;1;NA;NA;NA;NA;NA;NA;NA;NA;NA
35;"SP";3534104;"353410";"Oriente";"Não";"-";"Outros";NA;NA;NA;NA;NA;NA;NA;NA;NA;NA;NA;NA;NA;NA;NA;NA;NA;1;1;NA;1;NA;NA;NA;NA
35;"SP";3534203;"353420";"Orindiúva";"Não";"Região Metropolitana de São José do Rio Preto";"Outros";NA;NA;NA;NA;NA;1;NA;NA;NA;NA;NA;NA;NA;NA;NA;NA;NA;NA;NA;NA;1;1;NA;NA;NA
35;"SP";3534302;"353430";"Orlândia";"Não";"Região Metropolitana de Ribeirão Preto";"Outros";1;1;NA;NA;NA;NA;1;1;NA;NA;NA;NA;2;NA;2;NA;NA;NA;NA;1;NA;NA;1;1;NA
35;"SP";3534401;"353440";"Osasco";"Não";"Região Metropolitana de São Paulo";"Outros";3;5;6;7;8;6;3;5;13;1;6;10;3;6;18;12;11;7;2;4;2;7;4;3;NA
35;"SP";3534500;"353450";"Oscar Bressane";"Não";"-";"Outros";NA;NA;NA;NA;NA;NA;NA;NA;NA;NA;NA;NA;NA;NA;NA;NA;NA;NA;NA;NA;NA;NA;NA;NA;NA
35;"SP";3534609;"353460";"Osvaldo Cruz";"Não";"-";"Outros";NA;1;1;NA;NA;1;NA;1;NA;1;NA;NA;NA;NA;2;NA;NA;NA;NA;1;NA;NA;NA;NA;NA
35;"SP";3534708;"353470";"Ourinhos";"Não";"-";"Outros";1;2;3;3;1;4;NA;NA;NA;NA;NA;NA;4;2;3;4;1;1;2;1;1;NA;1;NA;NA
35;"SP";3534757;"353475";"Ouroeste";"Não";"-";"Outros";NA;NA;NA;NA;NA;NA;NA;NA;NA;NA;NA;NA;NA;2;NA;1;NA;NA;NA;NA;NA;NA;NA;NA;NA
35;"SP";3534807;"353480";"Ouro Verde";"Não";"-";"Outros";NA;NA;NA;NA;NA;NA;NA;NA;NA;NA;1;NA;NA;NA;NA;NA;NA;NA;NA;NA;NA;NA;NA;NA;NA
35;"SP";3534906;"353490";"Pacaembu";"Não";"-";"Outros";NA;1;NA;NA;NA;NA;NA;2;NA;NA;NA;1;NA;NA;NA;1;NA;1;NA;NA;NA;NA;NA;NA;NA
35;"SP";3535002;"353500";"Palestina";"Não";"Região Metropolitana de São José do Rio Preto";"Outros";NA;3;NA;NA;1;NA;NA;NA;1;NA;NA;NA;NA;NA;NA;NA;NA;NA;NA;1;NA;1;NA;1;NA
35;"SP";3535101;"353510";"Palmares Paulista";"Não";"-";"Outros";NA;NA;NA;NA;NA;NA;NA;NA;NA;NA;NA;1;NA;1;NA;NA;NA;NA;NA;NA;NA;NA;NA;NA;NA
35;"SP";3535200;"353520";"Palmeira d'Oeste";"Não";"-";"Outros";NA;NA;NA;NA;1;NA;NA;NA;NA;NA;NA;NA;NA;NA;NA;1;NA;1;NA;1;NA;1;NA;1;NA
35;"SP";3535309;"353530";"Palmital";"Não";"-";"Outros";2;NA;NA;NA;NA;NA;NA;NA;NA;NA;NA;NA;NA;NA;NA;NA;NA;NA;NA;NA;NA;NA;NA;NA;NA
35;"SP";3535408;"353540";"Panorama";"Não";"-";"Outros";NA;NA;NA;NA;NA;NA;NA;NA;NA;NA;NA;NA;NA;NA;NA;NA;NA;NA;NA;NA;NA;NA;NA;NA;NA
35;"SP";3535507;"353550";"Paraguaçu Paulista";"Não";"-";"Outros";NA;1;NA;1;1;NA;NA;NA;NA;NA;1;2;1;2;NA;NA;1;NA;2;NA;NA;2;1;NA;NA
35;"SP";3535606;"353560";"Paraibuna";"Não";"Região Metropolitana do Vale do Paraíba e Litoral Norte";"Outros";1;1;1;NA;1;NA;NA;NA;NA;NA;NA;1;NA;NA;NA;1;NA;NA;NA;NA;NA;NA;NA;NA;NA
35;"SP";3535705;"353570";"Paraíso";"Não";"-";"Outros";NA;NA;NA;NA;NA;1;NA;NA;NA;NA;NA;NA;NA;NA;NA;NA;NA;NA;NA;NA;NA;NA;NA;NA;NA
35;"SP";3535804;"353580";"Paranapanema";"Não";"-";"Outros";NA;NA;NA;1;NA;NA;NA;NA;NA;NA;NA;NA;NA;NA;NA;NA;NA;NA;NA;NA;NA;3;1;NA;NA
35;"SP";3535903;"353590";"Paranapuã";"Não";"-";"Outros";NA;NA;NA;NA;NA;NA;NA;NA;NA;NA;NA;NA;NA;NA;NA;NA;1;NA;NA;NA;NA;NA;NA;NA;NA
35;"SP";3536000;"353600";"Parapuã";"Não";"-";"Outros";2;2;NA;NA;1;NA;NA;NA;1;2;NA;2;4;NA;2;NA;NA;1;NA;1;4;NA;NA;NA;NA
35;"SP";3536109;"353610";"Pardinho";"Não";"-";"Outros";NA;NA;NA;NA;NA;NA;NA;NA;NA;NA;NA;NA;NA;NA;NA;NA;NA;NA;NA;NA;NA;NA;NA;NA;NA
35;"SP";3536208;"353620";"Pariquera-Açu";"Não";"-";"Outros";1;1;NA;1;1;5;NA;NA;1;3;5;4;7;5;2;3;NA;3;1;1;NA;1;1;NA;NA
35;"SP";3536257;"353625";"Parisi";"Não";"-";"Outros";NA;NA;NA;NA;NA;NA;NA;NA;NA;NA;1;NA;NA;NA;NA;NA;NA;NA;NA;NA;NA;NA;NA;NA;NA
35;"SP";3536307;"353630";"Patrocínio Paulista";"Não";"-";"Outros";1;1;NA;NA;NA;NA;NA;NA;NA;NA;NA;2;1;NA;NA;NA;NA;NA;NA;NA;NA;NA;NA;NA;NA
35;"SP";3536406;"353640";"Paulicéia";"Não";"-";"Outros";NA;NA;NA;NA;NA;NA;NA;NA;NA;1;NA;NA;NA;NA;NA;NA;NA;NA;NA;NA;NA;NA;NA;NA;NA
35;"SP";3536505;"353650";"Paulínia";"Não";"Região Metropolitana de Campinas";"Outros";NA;NA;1;NA;2;1;NA;1;NA;NA;2;2;NA;NA;1;NA;NA;1;1;NA;1;2;3;1;NA
35;"SP";3536570;"353657";"Paulistânia";"Não";"-";"Outros";NA;NA;NA;NA;NA;NA;NA;NA;NA;NA;NA;NA;NA;NA;NA;NA;NA;NA;NA;NA;NA;NA;NA;NA;NA
35;"SP";3536604;"353660";"Paulo de Faria";"Não";"Região Metropolitana de São José do Rio Preto";"Outros";NA;NA;NA;1;NA;NA;NA;NA;NA;NA;2;NA;NA;NA;1;NA;NA;NA;NA;NA;NA;2;NA;NA;NA
35;"SP";3536703;"353670";"Pederneiras";"Não";"-";"Outros";NA;2;NA;NA;1;NA;1;NA;NA;NA;1;NA;1;1;2;NA;NA;NA;NA;NA;6;NA;NA;NA;NA
35;"SP";3536802;"353680";"Pedra Bela";"Não";"-";"Outros";NA;NA;NA;NA;NA;NA;NA;NA;NA;NA;NA;NA;NA;NA;NA;NA;NA;NA;NA;NA;NA;NA;NA;NA;NA
35;"SP";3536901;"353690";"Pedranópolis";"Não";"-";"Outros";NA;NA;NA;NA;NA;NA;NA;NA;NA;NA;NA;NA;NA;NA;NA;NA;NA;NA;NA;NA;NA;NA;NA;NA;NA
35;"SP";3537008;"353700";"Pedregulho";"Não";"-";"Outros";NA;NA;NA;1;NA;1;NA;NA;1;1;NA;NA;NA;NA;NA;NA;NA;NA;NA;NA;1;NA;NA;NA;NA
35;"SP";3537107;"353710";"Pedreira";"Não";"Região Metropolitana de Campinas";"Outros";NA;4;NA;NA;1;1;NA;NA;NA;NA;NA;NA;NA;NA;1;1;NA;NA;NA;NA;1;NA;NA;NA;NA
35;"SP";3537156;"353715";"Pedrinhas Paulista";"Não";"-";"Outros";NA;NA;NA;NA;NA;NA;NA;NA;NA;NA;NA;NA;NA;NA;NA;NA;NA;NA;NA;NA;NA;NA;NA;NA;NA
35;"SP";3537206;"353720";"Pedro de Toledo";"Não";"-";"Outros";1;1;1;NA;NA;1;NA;NA;NA;NA;NA;NA;NA;NA;NA;1;1;NA;NA;NA;NA;NA;NA;NA;NA
35;"SP";3537305;"353730";"Penápolis";"Não";"-";"Outros";NA;NA;1;3;2;NA;NA;NA;NA;NA;1;4;NA;NA;NA;NA;NA;NA;NA;NA;NA;NA;NA;1;NA
35;"SP";3537404;"353740";"Pereira Barreto";"Não";"-";"Outros";1;2;NA;NA;NA;NA;NA;NA;NA;NA;NA;NA;NA;NA;2;NA;NA;NA;NA;1;NA;NA;NA;NA;NA
35;"SP";3537503;"353750";"Pereiras";"Não";"-";"Outros";NA;NA;NA;NA;NA;NA;NA;NA;NA;NA;NA;NA;NA;NA;NA;NA;NA;NA;NA;NA;NA;NA;NA;NA;NA
35;"SP";3537602;"353760";"Peruíbe";"Não";"Região Metropolitana da Baixada Santista";"Outros";2;2;3;1;5;6;2;NA;1;3;NA;NA;NA;2;NA;1;1;NA;NA;1;NA;NA;NA;NA;NA
35;"SP";3537701;"353770";"Piacatu";"Não";"-";"Outros";NA;NA;NA;NA;NA;NA;NA;NA;NA;NA;NA;NA;NA;NA;NA;NA;NA;NA;NA;NA;1;NA;NA;NA;NA
35;"SP";3537800;"353780";"Piedade";"Não";"Região Metropolitana de Sorocaba";"Outros";NA;NA;NA;NA;NA;NA;1;NA;NA;NA;NA;1;NA;1;NA;NA;1;NA;2;NA;NA;NA;NA;NA;NA
35;"SP";3537909;"353790";"Pilar do Sul";"Não";"Região Metropolitana de Sorocaba";"Outros";NA;NA;NA;NA;NA;NA;NA;NA;NA;NA;NA;1;NA;NA;NA;NA;1;NA;NA;NA;NA;NA;NA;NA;NA
35;"SP";3538006;"353800";"Pindamonhangaba";"Não";"Região Metropolitana do Vale do Paraíba e Litoral Norte";"Outros";3;2;NA;3;2;2;4;2;2;NA;3;2;2;3;3;2;2;1;NA;2;2;2;2;NA;NA
35;"SP";3538105;"353810";"Pindorama";"Não";"-";"Outros";NA;NA;NA;NA;NA;NA;NA;NA;NA;NA;NA;1;NA;NA;NA;NA;NA;NA;NA;NA;NA;NA;NA;NA;NA
35;"SP";3538204;"353820";"Pinhalzinho";"Não";"-";"Outros";NA;NA;NA;1;NA;NA;NA;NA;1;NA;NA;NA;NA;NA;NA;NA;NA;NA;NA;NA;NA;NA;NA;NA;NA
35;"SP";3538303;"353830";"Piquerobi";"Não";"-";"Outros";NA;NA;NA;NA;NA;NA;NA;NA;NA;NA;NA;NA;NA;NA;NA;NA;NA;NA;NA;NA;NA;NA;NA;NA;NA
35;"SP";3538501;"353850";"Piquete";"Não";"Região Metropolitana do Vale do Paraíba e Litoral Norte";"Outros";NA;NA;NA;NA;1;NA;NA;NA;NA;NA;NA;NA;NA;NA;NA;NA;NA;NA;NA;NA;NA;NA;NA;NA;NA
35;"SP";3538600;"353860";"Piracaia";"Não";"-";"Outros";NA;NA;NA;NA;NA;NA;NA;NA;NA;NA;NA;NA;NA;NA;1;NA;NA;NA;NA;NA;NA;NA;1;NA;NA
35;"SP";3538709;"353870";"Piracicaba";"Não";"Região Metropolitana de Piracicaba";"Outros";5;2;11;4;2;9;5;5;6;2;4;5;5;4;4;1;1;3;6;3;1;4;2;2;NA
35;"SP";3538808;"353880";"Piraju";"Não";"-";"Outros";NA;1;NA;NA;NA;NA;NA;NA;NA;1;NA;NA;NA;NA;NA;NA;NA;NA;NA;NA;NA;1;NA;NA;NA
35;"SP";3538907;"353890";"Pirajuí";"Não";"-";"Outros";NA;1;NA;NA;NA;NA;NA;NA;NA;NA;2;NA;1;NA;NA;NA;NA;NA;NA;NA;1;2;NA;NA;NA
35;"SP";3539004;"353900";"Pirangi";"Não";"-";"Outros";NA;NA;NA;NA;NA;NA;1;NA;NA;NA;NA;1;NA;NA;NA;NA;NA;1;NA;NA;NA;NA;NA;NA;NA
35;"SP";3539103;"353910";"Pirapora do Bom Jesus";"Não";"Região Metropolitana de São Paulo";"Outros";NA;NA;1;2;NA;NA;1;NA;NA;NA;1;NA;NA;NA;NA;NA;NA;NA;NA;NA;NA;1;NA;1;NA
35;"SP";3539202;"353920";"Pirapozinho";"Não";"-";"Outros";NA;1;NA;1;2;NA;NA;NA;NA;NA;NA;NA;NA;NA;NA;NA;NA;NA;NA;NA;NA;NA;NA;NA;NA
35;"SP";3539301;"353930";"Pirassununga";"Não";"Região Metropolitana de Piracicaba";"Outros";2;NA;2;NA;3;1;1;5;5;3;2;3;5;NA;NA;NA;NA;NA;1;NA;NA;NA;NA;1;NA
35;"SP";3539400;"353940";"Piratininga";"Não";"-";"Outros";NA;NA;NA;NA;NA;1;NA;NA;NA;NA;NA;NA;NA;NA;NA;NA;NA;NA;NA;NA;1;NA;NA;1;NA
35;"SP";3539509;"353950";"Pitangueiras";"Não";"Região Metropolitana de Ribeirão Preto";"Outros";1;NA;NA;NA;2;NA;NA;NA;NA;NA;NA;1;NA;NA;NA;NA;NA;NA;NA;NA;NA;NA;1;NA;NA
35;"SP";3539608;"353960";"Planalto";"Não";"Região Metropolitana de São José do Rio Preto";"Outros";NA;NA;NA;NA;NA;NA;NA;NA;NA;NA;1;NA;NA;NA;NA;NA;NA;NA;NA;NA;NA;NA;NA;NA;NA
35;"SP";3539707;"353970";"Platina";"Não";"-";"Outros";NA;NA;NA;NA;NA;NA;NA;NA;NA;NA;NA;1;NA;NA;NA;NA;NA;NA;NA;NA;NA;NA;NA;NA;NA
35;"SP";3539806;"353980";"Poá";"Não";"Região Metropolitana de São Paulo";"Outros";NA;NA;1;1;NA;1;NA;NA;NA;1;NA;NA;NA;NA;NA;NA;NA;NA;NA;NA;NA;NA;NA;NA;NA
35;"SP";3539905;"353990";"Poloni";"Não";"Região Metropolitana de São José do Rio Preto";"Outros";NA;NA;NA;NA;NA;NA;NA;NA;NA;NA;NA;NA;NA;NA;NA;NA;NA;NA;NA;NA;NA;NA;NA;NA;NA
35;"SP";3540002;"354000";"Pompéia";"Não";"-";"Outros";NA;1;NA;2;NA;NA;1;NA;1;NA;NA;NA;NA;NA;1;1;1;NA;NA;NA;NA;NA;NA;NA;NA
35;"SP";3540101;"354010";"Pongaí";"Não";"-";"Outros";NA;NA;NA;NA;NA;NA;NA;NA;NA;NA;NA;NA;NA;NA;NA;NA;NA;NA;NA;NA;NA;NA;NA;NA;NA
35;"SP";3540200;"354020";"Pontal";"Não";"Região Metropolitana de Ribeirão Preto";"Outros";NA;1;2;1;NA;4;NA;NA;NA;NA;3;3;3;2;NA;2;1;1;NA;NA;NA;1;NA;NA;NA
35;"SP";3540259;"354025";"Pontalinda";"Não";"-";"Outros";NA;NA;NA;NA;NA;NA;NA;NA;NA;NA;NA;NA;NA;NA;NA;1;NA;NA;NA;1;NA;NA;NA;NA;NA
35;"SP";3540309;"354030";"Pontes Gestal";"Não";"-";"Outros";NA;NA;NA;NA;NA;NA;NA;NA;NA;NA;NA;NA;NA;NA;NA;NA;NA;NA;NA;NA;NA;NA;NA;NA;NA
35;"SP";3540408;"354040";"Populina";"Não";"-";"Outros";1;2;NA;NA;NA;NA;NA;NA;NA;NA;NA;NA;NA;NA;NA;NA;NA;NA;NA;NA;NA;NA;NA;NA;NA
35;"SP";3540507;"354050";"Porangaba";"Não";"-";"Outros";NA;NA;NA;NA;1;1;1;NA;NA;NA;NA;NA;NA;NA;1;NA;1;NA;NA;NA;NA;NA;NA;NA;NA
35;"SP";3540606;"354060";"Porto Feliz";"Não";"Região Metropolitana de Sorocaba";"Outros";2;1;NA;1;1;NA;NA;NA;NA;NA;NA;NA;1;NA;NA;2;1;2;NA;NA;1;1;1;NA;NA
35;"SP";3540705;"354070";"Porto Ferreira";"Não";"-";"Outros";NA;1;4;2;1;1;1;1;1;3;NA;NA;1;2;NA;NA;1;1;1;1;NA;NA;1;NA;NA
35;"SP";3540754;"354075";"Potim";"Não";"Região Metropolitana do Vale do Paraíba e Litoral Norte";"Outros";NA;NA;NA;NA;NA;NA;NA;NA;NA;NA;NA;NA;NA;NA;NA;NA;NA;NA;NA;NA;NA;NA;NA;NA;NA
35;"SP";3540804;"354080";"Potirendaba";"Não";"Região Metropolitana de São José do Rio Preto";"Outros";NA;NA;NA;NA;1;NA;NA;NA;NA;NA;NA;NA;NA;NA;NA;NA;NA;NA;NA;NA;NA;NA;NA;NA;NA
35;"SP";3540853;"354085";"Pracinha";"Não";"-";"Outros";NA;NA;NA;NA;NA;NA;NA;NA;NA;NA;NA;1;NA;NA;NA;NA;NA;NA;NA;NA;NA;NA;NA;NA;NA
35;"SP";3540903;"354090";"Pradópolis";"Não";"Região Metropolitana de Ribeirão Preto";"Outros";NA;1;3;NA;NA;NA;NA;NA;NA;4;NA;NA;NA;NA;NA;NA;NA;NA;NA;1;NA;NA;1;NA;NA
35;"SP";3541000;"354100";"Praia Grande";"Não";"Região Metropolitana da Baixada Santista";"Outros";10;10;9;13;20;10;14;8;8;12;6;2;8;8;8;5;8;5;4;3;2;1;NA;1;NA
35;"SP";3541059;"354105";"Pratânia";"Não";"-";"Outros";NA;NA;NA;NA;NA;NA;NA;NA;NA;NA;NA;NA;NA;NA;NA;NA;NA;NA;NA;NA;NA;NA;NA;NA;NA
35;"SP";3541109;"354110";"Presidente Alves";"Não";"-";"Outros";2;NA;NA;NA;NA;NA;NA;NA;NA;NA;NA;NA;NA;NA;NA;NA;NA;NA;NA;NA;NA;NA;NA;NA;NA
35;"SP";3541208;"354120";"Presidente Bernardes";"Não";"-";"Outros";NA;NA;NA;NA;NA;NA;NA;NA;NA;NA;NA;NA;NA;NA;NA;NA;NA;NA;NA;NA;NA;NA;NA;NA;NA
35;"SP";3541307;"354130";"Presidente Epitácio";"Não";"-";"Outros";NA;NA;NA;NA;NA;1;NA;NA;NA;NA;NA;NA;NA;1;1;NA;1;NA;NA;NA;NA;NA;NA;NA;NA
35;"SP";3541406;"354140";"Presidente Prudente";"Não";"-";"Outros";NA;4;2;4;2;5;NA;NA;1;NA;NA;2;NA;NA;NA;1;NA;1;NA;NA;4;3;NA;2;NA
35;"SP";3541505;"354150";"Presidente Venceslau";"Não";"-";"Outros";NA;NA;2;1;NA;1;NA;NA;NA;NA;NA;NA;NA;NA;NA;1;NA;1;NA;1;NA;NA;NA;NA;NA
35;"SP";3541604;"354160";"Promissão";"Não";"-";"Outros";NA;1;1;NA;NA;NA;NA;NA;NA;NA;1;NA;2;NA;NA;1;NA;NA;NA;NA;NA;NA;NA;NA;NA
35;"SP";3541653;"354165";"Quadra";"Não";"-";"Outros";NA;NA;NA;NA;NA;NA;NA;NA;NA;NA;NA;NA;NA;NA;NA;NA;NA;NA;NA;NA;NA;NA;NA;NA;NA
35;"SP";3541703;"354170";"Quatá";"Não";"-";"Outros";1;NA;NA;NA;NA;NA;NA;NA;NA;NA;NA;NA;NA;NA;NA;NA;NA;NA;NA;NA;NA;NA;NA;NA;NA
35;"SP";3541802;"354180";"Queiroz";"Não";"-";"Outros";NA;NA;NA;NA;NA;NA;NA;NA;NA;1;1;1;NA;NA;1;NA;NA;NA;NA;NA;NA;NA;NA;NA;NA
35;"SP";3541901;"354190";"Queluz";"Não";"Região Metropolitana do Vale do Paraíba e Litoral Norte";"Outros";NA;NA;NA;NA;NA;NA;NA;NA;NA;NA;NA;NA;NA;NA;NA;NA;1;NA;NA;NA;2;NA;NA;NA;NA
35;"SP";3542008;"354200";"Quintana";"Não";"-";"Outros";NA;NA;NA;NA;NA;NA;NA;NA;NA;NA;NA;NA;NA;NA;1;NA;NA;1;NA;NA;NA;NA;NA;NA;NA
35;"SP";3542107;"354210";"Rafard";"Não";"Região Metropolitana de Piracicaba";"Outros";NA;NA;NA;2;1;1;3;1;NA;NA;NA;2;1;NA;NA;1;NA;NA;1;NA;NA;2;NA;NA;NA
35;"SP";3542206;"354220";"Rancharia";"Não";"-";"Outros";NA;NA;NA;1;NA;1;NA;1;NA;NA;NA;NA;NA;NA;NA;NA;NA;1;1;NA;NA;NA;NA;NA;NA
35;"SP";3542305;"354230";"Redenção da Serra";"Não";"Região Metropolitana do Vale do Paraíba e Litoral Norte";"Outros";NA;NA;2;NA;NA;NA;NA;NA;NA;1;NA;NA;NA;NA;NA;NA;NA;NA;NA;NA;NA;NA;NA;NA;NA
35;"SP";3542404;"354240";"Regente Feijó";"Não";"-";"Outros";NA;NA;NA;NA;1;NA;1;NA;NA;NA;NA;NA;NA;1;NA;NA;NA;NA;NA;NA;NA;NA;NA;NA;NA
35;"SP";3542503;"354250";"Reginópolis";"Não";"-";"Outros";NA;NA;NA;1;NA;NA;NA;NA;NA;NA;NA;NA;NA;NA;NA;NA;NA;NA;NA;NA;NA;1;NA;NA;NA
35;"SP";3542602;"354260";"Registro";"Não";"-";"Outros";4;2;NA;3;2;6;NA;NA;NA;1;2;1;5;2;3;NA;3;NA;NA;NA;NA;NA;1;1;NA
35;"SP";3542701;"354270";"Restinga";"Não";"-";"Outros";NA;NA;NA;NA;NA;NA;NA;NA;NA;NA;NA;NA;NA;NA;NA;NA;NA;NA;1;NA;NA;NA;NA;NA;NA
35;"SP";3542800;"354280";"Ribeira";"Não";"-";"Outros";NA;NA;NA;NA;NA;NA;NA;NA;NA;NA;NA;NA;NA;NA;NA;NA;NA;NA;NA;NA;NA;NA;NA;NA;NA
35;"SP";3542909;"354290";"Ribeirão Bonito";"Não";"-";"Outros";NA;NA;NA;NA;NA;1;NA;NA;NA;NA;NA;NA;NA;NA;NA;NA;NA;NA;NA;NA;NA;1;NA;NA;NA
35;"SP";3543006;"354300";"Ribeirão Branco";"Não";"-";"Outros";NA;NA;NA;1;NA;NA;NA;NA;NA;NA;NA;NA;NA;NA;NA;NA;NA;NA;NA;NA;NA;1;NA;NA;NA
35;"SP";3543105;"354310";"Ribeirão Corrente";"Não";"-";"Outros";NA;NA;NA;NA;1;NA;NA;NA;NA;NA;NA;NA;NA;NA;NA;NA;NA;NA;NA;NA;NA;NA;NA;NA;NA
35;"SP";3543204;"354320";"Ribeirão do Sul";"Não";"-";"Outros";NA;NA;NA;2;NA;NA;NA;NA;NA;NA;NA;1;NA;NA;NA;NA;NA;NA;NA;NA;NA;NA;NA;NA;NA
35;"SP";3543238;"354323";"Ribeirão dos Índios";"Não";"-";"Outros";NA;NA;NA;NA;NA;NA;NA;NA;NA;NA;NA;NA;NA;NA;NA;NA;NA;NA;NA;NA;NA;NA;NA;NA;NA
35;"SP";3543253;"354325";"Ribeirão Grande";"Não";"-";"Outros";NA;NA;NA;NA;NA;NA;NA;NA;NA;NA;NA;NA;NA;NA;NA;NA;NA;NA;NA;NA;NA;NA;NA;NA;NA
35;"SP";3543303;"354330";"Ribeirão Pires";"Não";"Região Metropolitana de São Paulo";"Outros";4;7;2;2;6;NA;1;2;NA;1;NA;NA;NA;NA;NA;NA;2;3;2;1;1;1;NA;NA;NA
35;"SP";3543402;"354340";"Ribeirão Preto";"Não";"Região Metropolitana de Ribeirão Preto";"Outros";14;15;4;11;9;16;8;5;2;NA;3;4;5;2;2;2;2;2;2;4;NA;3;4;3;NA
35;"SP";3543501;"354350";"Riversul";"Não";"-";"Outros";NA;NA;NA;NA;NA;NA;NA;NA;NA;NA;NA;NA;NA;NA;NA;NA;NA;NA;NA;NA;NA;NA;NA;NA;NA
35;"SP";3543600;"354360";"Rifaina";"Não";"-";"Outros";NA;NA;1;NA;NA;1;NA;NA;1;NA;NA;NA;NA;NA;NA;NA;NA;NA;NA;NA;NA;NA;NA;1;NA
35;"SP";3543709;"354370";"Rincão";"Não";"-";"Outros";1;NA;1;NA;NA;NA;NA;NA;NA;NA;NA;NA;NA;1;NA;NA;NA;NA;NA;NA;NA;NA;NA;NA;NA
35;"SP";3543808;"354380";"Rinópolis";"Não";"-";"Outros";1;NA;NA;NA;NA;NA;NA;NA;NA;NA;NA;NA;NA;NA;NA;NA;NA;NA;NA;NA;NA;1;NA;NA;NA
35;"SP";3543907;"354390";"Rio Claro";"Não";"Região Metropolitana de Piracicaba";"Outros";1;2;2;3;NA;NA;NA;3;NA;2;4;NA;3;3;1;4;2;2;1;1;3;2;1;1;NA
35;"SP";3544004;"354400";"Rio das Pedras";"Não";"Região Metropolitana de Piracicaba";"Outros";NA;NA;NA;NA;1;NA;NA;NA;NA;NA;1;NA;NA;NA;NA;1;NA;NA;NA;1;NA;1;NA;NA;NA
35;"SP";3544103;"354410";"Rio Grande da Serra";"Não";"Região Metropolitana de São Paulo";"Outros";1;NA;NA;NA;NA;NA;NA;NA;NA;NA;NA;NA;NA;NA;NA;NA;NA;NA;NA;NA;NA;NA;NA;NA;NA
35;"SP";3544202;"354420";"Riolândia";"Não";"-";"Outros";1;NA;NA;1;NA;NA;NA;NA;NA;NA;NA;NA;NA;NA;NA;NA;NA;NA;NA;NA;NA;NA;NA;NA;NA
35;"SP";3544251;"354425";"Rosana";"Não";"-";"Outros";NA;1;NA;1;NA;NA;NA;NA;NA;NA;NA;NA;NA;NA;NA;NA;1;NA;NA;NA;NA;NA;NA;NA;NA
35;"SP";3544301;"354430";"Roseira";"Não";"Região Metropolitana do Vale do Paraíba e Litoral Norte";"Outros";1;NA;NA;NA;NA;NA;1;1;1;NA;2;2;1;2;NA;NA;NA;NA;NA;NA;NA;NA;NA;NA;NA
35;"SP";3544400;"354440";"Rubiácea";"Não";"-";"Outros";NA;NA;NA;NA;NA;NA;NA;NA;NA;NA;NA;NA;NA;NA;NA;NA;NA;NA;NA;NA;NA;NA;NA;NA;NA
35;"SP";3544509;"354450";"Rubinéia";"Não";"-";"Outros";NA;NA;NA;NA;NA;NA;NA;NA;1;NA;NA;NA;NA;NA;NA;NA;NA;NA;NA;NA;NA;NA;NA;NA;NA
35;"SP";3544608;"354460";"Sabino";"Não";"-";"Outros";NA;NA;NA;NA;NA;NA;NA;NA;NA;NA;NA;NA;NA;NA;NA;NA;NA;NA;NA;NA;NA;NA;NA;NA;NA
35;"SP";3544707;"354470";"Sagres";"Não";"-";"Outros";NA;NA;NA;NA;NA;NA;NA;NA;NA;NA;NA;NA;NA;NA;NA;NA;NA;NA;NA;NA;NA;NA;NA;NA;NA
35;"SP";3544806;"354480";"Sales";"Não";"Região Metropolitana de São José do Rio Preto";"Outros";NA;NA;NA;NA;NA;NA;NA;NA;NA;NA;NA;NA;NA;1;NA;NA;NA;NA;NA;NA;NA;NA;1;NA;NA
35;"SP";3544905;"354490";"Sales Oliveira";"Não";"Região Metropolitana de Ribeirão Preto";"Outros";NA;NA;1;1;2;2;NA;NA;NA;NA;NA;NA;NA;NA;1;2;2;NA;NA;NA;NA;NA;NA;NA;NA
35;"SP";3545001;"354500";"Salesópolis";"Não";"Região Metropolitana de São Paulo";"Outros";NA;2;NA;NA;NA;NA;NA;NA;NA;NA;NA;NA;NA;NA;NA;NA;NA;NA;NA;NA;NA;NA;NA;NA;NA
35;"SP";3545100;"354510";"Salmourão";"Não";"-";"Outros";NA;NA;NA;NA;NA;NA;NA;NA;NA;NA;NA;NA;NA;NA;NA;NA;NA;NA;NA;NA;NA;NA;NA;NA;NA
35;"SP";3545159;"354515";"Saltinho";"Não";"Região Metropolitana de Piracicaba";"Outros";NA;NA;NA;NA;NA;NA;NA;NA;NA;NA;NA;1;NA;NA;NA;1;NA;NA;NA;NA;NA;NA;NA;NA;NA
35;"SP";3545209;"354520";"Salto";"Não";"Região Metropolitana de Sorocaba";"Outros";NA;1;2;1;3;4;NA;NA;NA;NA;NA;1;NA;NA;NA;1;1;2;1;NA;2;NA;NA;NA;NA
35;"SP";3545308;"354530";"Salto de Pirapora";"Não";"Região Metropolitana de Sorocaba";"Outros";NA;NA;NA;1;NA;NA;NA;NA;NA;NA;NA;NA;NA;NA;NA;NA;1;NA;NA;NA;NA;NA;NA;NA;NA
35;"SP";3545407;"354540";"Salto Grande";"Não";"-";"Outros";NA;NA;1;NA;NA;NA;NA;NA;NA;1;NA;NA;1;NA;NA;NA;NA;NA;NA;NA;NA;1;NA;NA;NA
35;"SP";3545506;"354550";"Sandovalina";"Não";"-";"Outros";NA;NA;NA;1;NA;NA;NA;NA;NA;NA;NA;NA;NA;NA;NA;NA;NA;NA;NA;NA;NA;NA;NA;NA;NA
35;"SP";3545605;"354560";"Santa Adélia";"Não";"-";"Outros";NA;NA;NA;NA;NA;1;NA;NA;NA;NA;NA;NA;NA;NA;NA;NA;NA;NA;NA;NA;NA;NA;NA;NA;NA
35;"SP";3545704;"354570";"Santa Albertina";"Não";"-";"Outros";NA;NA;NA;NA;1;NA;NA;NA;NA;NA;NA;1;NA;NA;NA;NA;NA;NA;NA;NA;NA;1;NA;NA;NA
35;"SP";3545803;"354580";"Santa Bárbara d'Oeste";"Não";"Região Metropolitana de Campinas";"Outros";2;NA;NA;NA;1;3;1;2;3;4;2;1;NA;1;NA;NA;NA;NA;NA;NA;NA;NA;NA;NA;NA
35;"SP";3546009;"354600";"Santa Branca";"Não";"Região Metropolitana do Vale do Paraíba e Litoral Norte";"Outros";NA;NA;NA;NA;NA;NA;NA;NA;NA;NA;NA;NA;NA;NA;NA;NA;NA;NA;NA;NA;NA;NA;NA;NA;NA
35;"SP";3546108;"354610";"Santa Clara d'Oeste";"Não";"-";"Outros";NA;NA;NA;NA;NA;NA;NA;NA;NA;NA;NA;NA;NA;NA;NA;NA;NA;NA;NA;NA;1;NA;NA;NA;NA
35;"SP";3546207;"354620";"Santa Cruz da Conceição";"Não";"Região Metropolitana de Piracicaba";"Outros";NA;NA;1;NA;NA;NA;NA;NA;NA;NA;NA;NA;NA;NA;NA;NA;NA;NA;NA;NA;NA;1;NA;NA;NA
35;"SP";3546256;"354625";"Santa Cruz da Esperança";"Não";"Região Metropolitana de Ribeirão Preto";"Outros";NA;NA;NA;NA;1;NA;1;NA;NA;NA;NA;1;1;NA;1;NA;NA;NA;NA;NA;NA;NA;NA;NA;NA
35;"SP";3546306;"354630";"Santa Cruz das Palmeiras";"Não";"-";"Outros";NA;NA;2;1;NA;NA;NA;NA;1;NA;NA;NA;NA;NA;NA;NA;NA;NA;NA;NA;NA;NA;NA;NA;NA
35;"SP";3546405;"354640";"Santa Cruz do Rio Pardo";"Não";"-";"Outros";NA;1;1;NA;NA;1;1;2;NA;1;NA;NA;1;NA;NA;1;NA;NA;NA;NA;NA;NA;1;1;NA
35;"SP";3546504;"354650";"Santa Ernestina";"Não";"-";"Outros";NA;NA;NA;NA;NA;NA;NA;NA;NA;NA;NA;NA;NA;NA;NA;NA;NA;NA;NA;NA;NA;NA;1;NA;NA
35;"SP";3546603;"354660";"Santa Fé do Sul";"Não";"-";"Outros";NA;1;1;NA;1;NA;NA;NA;NA;NA;NA;NA;NA;NA;NA;1;2;NA;NA;NA;2;2;2;NA;NA
35;"SP";3546702;"354670";"Santa Gertrudes";"Não";"Região Metropolitana de Piracicaba";"Outros";NA;NA;NA;1;NA;NA;NA;NA;NA;NA;NA;NA;3;NA;NA;NA;NA;NA;NA;NA;1;NA;NA;NA;NA
35;"SP";3546801;"354680";"Santa Isabel";"Não";"Região Metropolitana de São Paulo";"Outros";1;NA;4;2;NA;2;NA;NA;NA;NA;NA;1;NA;NA;NA;1;NA;2;2;1;NA;NA;1;2;NA
35;"SP";3546900;"354690";"Santa Lúcia";"Não";"-";"Outros";NA;NA;1;NA;NA;NA;NA;NA;NA;NA;NA;NA;NA;NA;NA;NA;1;NA;NA;NA;NA;NA;NA;NA;NA
35;"SP";3547007;"354700";"Santa Maria da Serra";"Não";"Região Metropolitana de Piracicaba";"Outros";NA;1;NA;NA;NA;NA;1;NA;NA;NA;NA;NA;NA;NA;1;NA;NA;NA;NA;NA;NA;NA;NA;NA;NA
35;"SP";3547106;"354710";"Santa Mercedes";"Não";"-";"Outros";NA;NA;NA;NA;NA;NA;NA;NA;NA;NA;2;NA;NA;NA;NA;NA;NA;NA;NA;NA;NA;NA;NA;NA;NA
35;"SP";3547205;"354720";"Santana da Ponte Pensa";"Não";"-";"Outros";NA;NA;NA;NA;NA;NA;NA;NA;NA;NA;NA;NA;NA;NA;NA;NA;NA;NA;NA;NA;NA;NA;NA;NA;NA
35;"SP";3547304;"354730";"Santana de Parnaíba";"Não";"Região Metropolitana de São Paulo";"Outros";1;3;NA;NA;NA;NA;1;2;3;1;2;NA;2;2;1;NA;1;NA;NA;NA;NA;2;2;NA;NA
35;"SP";3547403;"354740";"Santa Rita d'Oeste";"Não";"-";"Outros";NA;NA;NA;NA;NA;NA;NA;NA;NA;NA;NA;NA;NA;NA;NA;NA;NA;NA;NA;NA;NA;NA;NA;NA;NA
35;"SP";3547502;"354750";"Santa Rita do Passa Quatro";"Não";"Região Metropolitana de Ribeirão Preto";"Outros";NA;3;NA;NA;NA;2;NA;NA;NA;NA;NA;NA;NA;NA;2;NA;1;NA;NA;NA;NA;1;1;2;NA
35;"SP";3547601;"354760";"Santa Rosa de Viterbo";"Não";"Região Metropolitana de Ribeirão Preto";"Outros";NA;1;1;1;NA;NA;NA;NA;NA;NA;NA;NA;NA;NA;NA;NA;NA;NA;NA;NA;NA;NA;NA;NA;NA
35;"SP";3547650;"354765";"Santa Salete";"Não";"-";"Outros";NA;NA;NA;NA;NA;NA;NA;NA;NA;NA;NA;NA;NA;NA;NA;NA;NA;1;NA;NA;NA;NA;NA;NA;NA
35;"SP";3547700;"354770";"Santo Anastácio";"Não";"-";"Outros";NA;NA;NA;NA;NA;NA;NA;NA;NA;NA;NA;NA;NA;NA;NA;NA;NA;NA;NA;NA;NA;NA;NA;NA;NA
35;"SP";3547809;"354780";"Santo André";"Não";"Região Metropolitana de São Paulo";"Outros";8;9;8;7;8;5;5;8;6;3;6;7;2;6;12;8;11;8;3;4;5;2;3;1;NA
35;"SP";3547908;"354790";"Santo Antônio da Alegria";"Não";"Região Metropolitana de Ribeirão Preto";"Outros";NA;NA;NA;1;NA;1;NA;NA;NA;NA;NA;NA;NA;NA;NA;NA;NA;NA;NA;NA;NA;NA;NA;NA;NA
35;"SP";3548005;"354800";"Santo Antônio de Posse";"Não";"Região Metropolitana de Campinas";"Outros";NA;3;NA;NA;NA;NA;NA;1;NA;1;2;1;NA;1;NA;NA;1;NA;NA;NA;NA;NA;NA;NA;NA
35;"SP";3548054;"354805";"Santo Antônio do Aracanguá";"Não";"-";"Outros";NA;NA;NA;NA;NA;1;NA;NA;NA;1;NA;NA;NA;NA;NA;NA;NA;NA;NA;NA;NA;NA;NA;NA;NA
35;"SP";3548104;"354810";"Santo Antônio do Jardim";"Não";"-";"Outros";NA;NA;NA;NA;NA;NA;3;NA;NA;NA;NA;NA;NA;NA;NA;1;NA;NA;NA;NA;NA;NA;NA;NA;NA
35;"SP";3548203;"354820";"Santo Antônio do Pinhal";"Não";"Região Metropolitana do Vale do Paraíba e Litoral Norte";"Outros";NA;NA;NA;NA;NA;NA;NA;NA;NA;NA;NA;NA;NA;NA;1;NA;NA;NA;NA;NA;NA;NA;NA;NA;NA
35;"SP";3548302;"354830";"Santo Expedito";"Não";"-";"Outros";1;NA;NA;NA;NA;NA;NA;NA;NA;NA;NA;NA;NA;NA;NA;NA;NA;NA;NA;NA;NA;NA;NA;NA;NA
35;"SP";3548401;"354840";"Santópolis do Aguapeí";"Não";"-";"Outros";NA;NA;NA;NA;NA;NA;NA;NA;NA;NA;NA;NA;NA;NA;1;NA;1;NA;NA;1;NA;NA;NA;NA;NA
35;"SP";3548500;"354850";"Santos";"Não";"Região Metropolitana da Baixada Santista";"Outros";11;10;12;12;18;18;9;6;11;7;5;7;6;5;NA;5;2;2;NA;8;2;4;NA;1;NA
35;"SP";3548609;"354860";"São Bento do Sapucaí";"Não";"Região Metropolitana do Vale do Paraíba e Litoral Norte";"Outros";NA;NA;NA;NA;NA;NA;NA;NA;NA;NA;NA;NA;NA;NA;NA;NA;NA;NA;NA;NA;NA;NA;NA;NA;NA
35;"SP";3548708;"354870";"São Bernardo do Campo";"Não";"Região Metropolitana de São Paulo";"Outros";12;9;7;7;7;5;1;4;2;4;9;6;6;1;5;1;1;4;4;1;6;2;11;6;NA
35;"SP";3548807;"354880";"São Caetano do Sul";"Não";"Região Metropolitana de São Paulo";"Outros";NA;1;NA;NA;NA;1;1;1;NA;NA;NA;1;1;NA;NA;NA;NA;NA;NA;NA;NA;NA;NA;NA;NA
35;"SP";3548906;"354890";"São Carlos";"Não";"-";"Outros";6;1;8;4;2;6;4;NA;NA;4;4;2;10;8;2;NA;NA;NA;3;1;3;4;3;4;NA
35;"SP";3549003;"354900";"São Francisco";"Não";"-";"Outros";NA;NA;NA;NA;NA;NA;NA;NA;NA;NA;NA;NA;NA;NA;NA;NA;NA;NA;NA;NA;NA;NA;NA;NA;NA
35;"SP";3549102;"354910";"São João da Boa Vista";"Não";"-";"Outros";2;1;3;NA;2;1;NA;1;NA;1;NA;NA;2;2;4;1;NA;NA;3;1;1;NA;1;2;NA
35;"SP";3549201;"354920";"São João das Duas Pontes";"Não";"-";"Outros";NA;NA;NA;NA;NA;NA;NA;NA;NA;NA;NA;NA;NA;NA;NA;NA;NA;NA;NA;NA;NA;NA;NA;NA;NA
35;"SP";3549409;"354940";"São Joaquim da Barra";"Não";"-";"Outros";NA;NA;1;NA;1;NA;NA;1;1;1;1;NA;NA;NA;1;2;NA;NA;2;1;NA;2;1;NA;NA
35;"SP";3549508;"354950";"São José da Bela Vista";"Não";"-";"Outros";1;NA;NA;NA;NA;NA;NA;NA;1;1;NA;NA;NA;NA;1;NA;2;NA;NA;NA;NA;NA;NA;NA;NA
35;"SP";3549607;"354960";"São José do Barreiro";"Não";"Região Metropolitana do Vale do Paraíba e Litoral Norte";"Outros";NA;NA;NA;NA;NA;NA;NA;1;NA;NA;NA;NA;NA;NA;NA;NA;NA;NA;NA;NA;NA;NA;NA;NA;NA
35;"SP";3549706;"354970";"São José do Rio Pardo";"Não";"-";"Outros";1;NA;NA;NA;NA;1;3;NA;NA;NA;1;1;NA;1;NA;1;NA;NA;NA;NA;NA;NA;NA;1;NA
35;"SP";3549805;"354980";"São José do Rio Preto";"Não";"Região Metropolitana de São José do Rio Preto";"Outros";4;7;7;9;8;10;7;4;13;15;10;10;12;10;10;5;7;4;8;5;2;3;4;4;NA
35;"SP";3549904;"354990";"São José dos Campos";"Não";"Região Metropolitana do Vale do Paraíba e Litoral Norte";"Outros";10;11;11;7;11;13;9;15;13;8;4;8;13;2;7;6;3;4;16;15;8;4;1;3;NA
35;"SP";3549953;"354995";"São Lourenço da Serra";"Não";"Região Metropolitana de São Paulo";"Outros";2;NA;1;1;1;1;6;5;4;4;1;2;4;14;2;NA;2;1;NA;NA;NA;NA;1;1;NA
35;"SP";3550001;"355000";"São Luiz do Paraitinga";"Não";"Região Metropolitana do Vale do Paraíba e Litoral Norte";"Outros";NA;NA;NA;NA;NA;NA;NA;NA;NA;NA;NA;NA;1;NA;NA;NA;NA;NA;NA;NA;NA;NA;NA;NA;NA
35;"SP";3550100;"355010";"São Manuel";"Não";"-";"Outros";2;NA;NA;NA;1;NA;NA;NA;NA;NA;NA;1;NA;NA;NA;NA;NA;NA;NA;NA;NA;NA;NA;2;NA
35;"SP";3550209;"355020";"São Miguel Arcanjo";"Não";"Região Metropolitana de Sorocaba";"Outros";NA;NA;NA;1;NA;NA;NA;NA;NA;NA;NA;NA;1;NA;1;NA;NA;NA;NA;NA;NA;NA;NA;NA;NA
35;"SP";3550308;"355030";"São Paulo";"Sim";"Região Metropolitana de São Paulo";"Outros";115;175;112;181;156;157;24;139;63;33;29;33;17;36;23;17;10;51;62;15;82;31;82;78;NA
35;"SP";3550407;"355040";"São Pedro";"Não";"Região Metropolitana de Piracicaba";"Outros";NA;1;3;NA;NA;1;NA;NA;1;NA;NA;3;1;1;NA;3;NA;1;NA;NA;1;NA;NA;NA;NA
35;"SP";3550506;"355050";"São Pedro do Turvo";"Não";"-";"Outros";NA;NA;NA;NA;NA;NA;NA;NA;NA;1;NA;NA;NA;NA;NA;NA;NA;NA;NA;NA;NA;NA;1;NA;NA
35;"SP";3550605;"355060";"São Roque";"Não";"Região Metropolitana de Sorocaba";"Outros";1;NA;NA;1;NA;1;NA;NA;NA;NA;1;NA;NA;1;NA;3;2;6;1;NA;NA;NA;NA;1;NA
35;"SP";3550704;"355070";"São Sebastião";"Não";"Região Metropolitana do Vale do Paraíba e Litoral Norte";"Outros";1;2;3;NA;3;NA;4;3;6;NA;3;3;2;3;2;2;2;6;NA;2;1;1;2;NA;NA
35;"SP";3550803;"355080";"São Sebastião da Grama";"Não";"-";"Outros";NA;1;NA;NA;NA;NA;NA;NA;NA;NA;NA;NA;1;NA;NA;NA;NA;NA;NA;NA;NA;NA;NA;NA;NA
35;"SP";3550902;"355090";"São Simão";"Não";"Região Metropolitana de Ribeirão Preto";"Outros";NA;3;NA;NA;2;1;NA;NA;NA;NA;NA;NA;NA;NA;NA;1;NA;1;NA;1;NA;NA;NA;1;NA
35;"SP";3551009;"355100";"São Vicente";"Não";"Região Metropolitana da Baixada Santista";"Outros";3;10;6;9;7;8;16;10;12;5;6;14;5;4;4;6;1;6;3;2;1;1;1;1;NA
35;"SP";3551108;"355110";"Sarapuí";"Não";"Região Metropolitana de Sorocaba";"Outros";NA;NA;NA;NA;NA;NA;NA;NA;NA;NA;NA;NA;NA;NA;NA;NA;NA;NA;NA;NA;NA;NA;NA;NA;NA
35;"SP";3551207;"355120";"Sarutaiá";"Não";"-";"Outros";NA;NA;NA;NA;NA;NA;NA;NA;NA;NA;NA;NA;NA;NA;NA;1;NA;NA;NA;NA;NA;NA;NA;NA;NA
35;"SP";3551306;"355130";"Sebastianópolis do Sul";"Não";"-";"Outros";NA;NA;NA;NA;NA;NA;NA;NA;NA;NA;NA;NA;NA;NA;NA;NA;NA;NA;NA;NA;NA;NA;NA;NA;NA
35;"SP";3551405;"355140";"Serra Azul";"Não";"Região Metropolitana de Ribeirão Preto";"Outros";1;NA;1;1;1;1;NA;NA;1;3;NA;NA;1;NA;NA;NA;1;NA;NA;NA;NA;NA;NA;NA;NA
35;"SP";3551504;"355150";"Serrana";"Não";"Região Metropolitana de Ribeirão Preto";"Outros";NA;1;1;1;NA;NA;NA;NA;NA;NA;NA;1;NA;3;NA;NA;NA;NA;NA;NA;NA;NA;NA;NA;NA
35;"SP";3551603;"355160";"Serra Negra";"Não";"-";"Outros";NA;NA;1;NA;NA;NA;NA;NA;NA;NA;NA;NA;NA;NA;NA;NA;NA;NA;NA;NA;NA;NA;NA;NA;NA
35;"SP";3551702;"355170";"Sertãozinho";"Não";"Região Metropolitana de Ribeirão Preto";"Outros";2;3;1;2;NA;5;NA;NA;NA;NA;2;NA;NA;NA;1;4;NA;4;NA;NA;NA;2;5;1;NA
35;"SP";3551801;"355180";"Sete Barras";"Não";"-";"Outros";2;NA;NA;NA;NA;NA;NA;NA;NA;NA;1;1;NA;NA;1;NA;1;NA;1;NA;NA;NA;NA;NA;NA
35;"SP";3551900;"355190";"Severínia";"Não";"Região Metropolitana de São José do Rio Preto";"Outros";NA;1;NA;2;NA;1;NA;NA;NA;NA;NA;NA;NA;NA;NA;NA;NA;NA;NA;NA;NA;NA;NA;NA;NA
35;"SP";3552007;"355200";"Silveiras";"Não";"Região Metropolitana do Vale do Paraíba e Litoral Norte";"Outros";NA;NA;NA;NA;NA;NA;NA;NA;NA;NA;NA;NA;NA;NA;NA;NA;1;NA;NA;NA;NA;NA;NA;NA;NA
35;"SP";3552106;"355210";"Socorro";"Não";"-";"Outros";NA;NA;NA;2;1;NA;NA;1;NA;NA;NA;NA;2;NA;NA;NA;NA;NA;NA;NA;NA;NA;NA;NA;NA
35;"SP";3552205;"355220";"Sorocaba";"Não";"Região Metropolitana de Sorocaba";"Outros";3;10;11;9;9;10;6;10;6;2;6;11;8;11;6;5;10;8;3;6;4;5;3;5;NA
35;"SP";3552304;"355230";"Sud Mennucci";"Não";"-";"Outros";NA;NA;NA;NA;2;NA;NA;NA;NA;NA;NA;NA;NA;NA;1;NA;NA;NA;NA;NA;NA;NA;NA;NA;NA
35;"SP";3552403;"355240";"Sumaré";"Não";"Região Metropolitana de Campinas";"Outros";NA;NA;3;2;4;4;3;8;10;3;5;5;1;NA;NA;NA;2;2;NA;NA;NA;NA;NA;NA;NA
35;"SP";3552502;"355250";"Suzano";"Não";"Região Metropolitana de São Paulo";"Outros";5;8;2;1;2;1;2;1;7;8;3;3;3;5;2;2;1;6;1;3;2;4;NA;1;NA
35;"SP";3552551;"355255";"Suzanápolis";"Não";"-";"Outros";NA;NA;NA;NA;NA;NA;NA;NA;NA;NA;NA;NA;NA;NA;NA;NA;NA;NA;NA;NA;NA;NA;NA;NA;NA
35;"SP";3552601;"355260";"Tabapuã";"Não";"-";"Outros";NA;NA;NA;NA;NA;NA;NA;NA;NA;NA;NA;NA;NA;NA;NA;NA;NA;NA;NA;NA;NA;NA;1;NA;NA
35;"SP";3552700;"355270";"Tabatinga";"Não";"-";"Outros";NA;NA;NA;NA;NA;NA;NA;NA;NA;NA;NA;1;NA;NA;NA;NA;NA;NA;NA;NA;NA;NA;1;NA;NA
35;"SP";3552809;"355280";"Taboão da Serra";"Não";"Região Metropolitana de São Paulo";"Outros";5;11;9;6;6;4;5;4;2;2;1;3;1;2;2;3;1;1;NA;NA;1;2;NA;3;NA
35;"SP";3552908;"355290";"Taciba";"Não";"-";"Outros";NA;NA;NA;NA;NA;NA;NA;NA;NA;NA;NA;NA;NA;NA;NA;NA;NA;NA;NA;NA;NA;NA;NA;NA;NA
35;"SP";3553005;"355300";"Taguaí";"Não";"-";"Outros";NA;NA;NA;NA;NA;NA;NA;NA;NA;NA;NA;NA;NA;NA;NA;NA;NA;NA;NA;NA;4;NA;NA;NA;NA
35;"SP";3553104;"355310";"Taiaçu";"Não";"-";"Outros";NA;NA;NA;NA;NA;NA;NA;NA;NA;NA;NA;NA;NA;NA;NA;NA;NA;NA;NA;NA;NA;NA;NA;NA;NA
35;"SP";3553203;"355320";"Taiúva";"Não";"Região Metropolitana de Ribeirão Preto";"Outros";NA;NA;NA;NA;NA;NA;NA;NA;NA;NA;NA;NA;NA;NA;NA;NA;NA;NA;NA;NA;NA;NA;NA;NA;NA
35;"SP";3553302;"355330";"Tambaú";"Não";"Região Metropolitana de Ribeirão Preto";"Outros";NA;NA;1;NA;1;1;NA;1;NA;NA;NA;NA;NA;NA;NA;NA;NA;NA;NA;NA;NA;NA;NA;NA;NA
35;"SP";3553401;"355340";"Tanabi";"Não";"Região Metropolitana de São José do Rio Preto";"Outros";NA;NA;NA;NA;NA;NA;1;NA;NA;NA;NA;NA;NA;NA;NA;NA;NA;NA;NA;NA;NA;NA;NA;NA;NA
35;"SP";3553500;"355350";"Tapiraí";"Não";"Região Metropolitana de Sorocaba";"Outros";NA;NA;NA;NA;2;NA;NA;NA;NA;NA;NA;NA;NA;NA;NA;NA;NA;2;NA;NA;NA;NA;NA;NA;NA
35;"SP";3553609;"355360";"Tapiratiba";"Não";"-";"Outros";1;NA;NA;NA;NA;NA;NA;NA;NA;NA;NA;NA;NA;NA;NA;NA;NA;NA;1;NA;NA;NA;NA;NA;NA
35;"SP";3553658;"355365";"Taquaral";"Não";"Região Metropolitana de Ribeirão Preto";"Outros";NA;NA;NA;NA;NA;NA;NA;NA;NA;NA;NA;NA;NA;NA;NA;NA;NA;NA;NA;NA;NA;NA;NA;NA;NA
35;"SP";3553708;"355370";"Taquaritinga";"Não";"-";"Outros";1;NA;NA;NA;NA;3;2;NA;NA;NA;NA;NA;NA;NA;NA;NA;NA;NA;1;1;NA;NA;1;1;NA
35;"SP";3553807;"355380";"Taquarituba";"Não";"-";"Outros";NA;NA;NA;NA;NA;NA;NA;NA;NA;NA;NA;NA;NA;NA;NA;NA;NA;NA;NA;NA;NA;NA;NA;1;NA
35;"SP";3553856;"355385";"Taquarivaí";"Não";"-";"Outros";7;NA;NA;1;NA;NA;NA;NA;NA;NA;NA;NA;NA;NA;NA;NA;NA;NA;NA;NA;NA;NA;NA;NA;NA
35;"SP";3553906;"355390";"Tarabai";"Não";"-";"Outros";NA;NA;NA;NA;NA;NA;NA;NA;NA;NA;NA;NA;NA;NA;NA;NA;NA;NA;NA;NA;NA;NA;NA;NA;NA
35;"SP";3553955;"355395";"Tarumã";"Não";"-";"Outros";NA;NA;NA;NA;NA;NA;NA;NA;NA;NA;1;NA;NA;NA;NA;NA;NA;1;NA;1;NA;NA;NA;1;NA
35;"SP";3554003;"355400";"Tatuí";"Não";"Região Metropolitana de Sorocaba";"Outros";1;NA;2;1;1;NA;NA;2;NA;NA;NA;NA;NA;NA;NA;NA;NA;1;NA;NA;NA;1;2;2;NA
35;"SP";3554102;"355410";"Taubaté";"Não";"Região Metropolitana do Vale do Paraíba e Litoral Norte";"Outros";2;5;2;1;1;2;2;3;5;4;3;9;3;5;2;3;3;NA;3;NA;1;4;2;7;NA
35;"SP";3554201;"355420";"Tejupá";"Não";"-";"Outros";NA;NA;NA;NA;NA;NA;NA;NA;NA;NA;NA;NA;NA;NA;NA;NA;NA;NA;NA;NA;NA;NA;NA;NA;NA
35;"SP";3554300;"355430";"Teodoro Sampaio";"Não";"-";"Outros";NA;NA;NA;NA;NA;1;NA;NA;NA;NA;NA;NA;NA;NA;NA;NA;NA;NA;NA;NA;NA;NA;NA;NA;NA
35;"SP";3554409;"355440";"Terra Roxa";"Não";"-";"Outros";NA;NA;NA;NA;NA;NA;NA;NA;NA;NA;NA;NA;NA;NA;NA;NA;NA;NA;NA;NA;NA;NA;NA;NA;NA
35;"SP";3554508;"355450";"Tietê";"Não";"Região Metropolitana de Sorocaba";"Outros";NA;NA;NA;NA;2;NA;NA;NA;NA;NA;NA;NA;NA;1;NA;2;NA;2;2;NA;NA;NA;1;NA;NA
35;"SP";3554607;"355460";"Timburi";"Não";"-";"Outros";NA;NA;NA;NA;NA;NA;NA;NA;NA;NA;NA;NA;NA;1;NA;NA;NA;NA;NA;NA;NA;NA;NA;NA;NA
35;"SP";3554706;"355470";"Torrinha";"Não";"-";"Outros";NA;NA;NA;NA;NA;NA;NA;NA;NA;NA;NA;NA;NA;NA;NA;NA;NA;NA;NA;NA;NA;NA;NA;NA;NA
35;"SP";3554755;"355475";"Trabiju";"Não";"-";"Outros";NA;NA;NA;NA;NA;NA;NA;NA;NA;NA;NA;NA;NA;NA;NA;NA;NA;NA;NA;NA;NA;NA;NA;NA;NA
35;"SP";3554805;"355480";"Tremembé";"Não";"Região Metropolitana do Vale do Paraíba e Litoral Norte";"Outros";2;1;NA;1;NA;1;NA;NA;NA;NA;NA;NA;NA;NA;NA;1;NA;NA;1;1;NA;NA;NA;NA;NA
35;"SP";3554904;"355490";"Três Fronteiras";"Não";"-";"Outros";NA;NA;NA;NA;NA;NA;NA;NA;NA;NA;1;1;NA;NA;NA;NA;1;NA;NA;NA;NA;NA;NA;NA;NA
35;"SP";3554953;"355495";"Tuiuti";"Não";"-";"Outros";NA;1;NA;1;NA;NA;NA;NA;NA;NA;NA;NA;NA;NA;NA;1;NA;NA;NA;NA;NA;NA;NA;NA;NA
35;"SP";3555000;"355500";"Tupã";"Não";"-";"Outros";2;2;2;NA;NA;NA;NA;NA;NA;NA;NA;1;2;1;2;NA;NA;2;2;1;NA;NA;NA;1;NA
35;"SP";3555109;"355510";"Tupi Paulista";"Não";"-";"Outros";NA;NA;NA;NA;NA;NA;NA;NA;NA;NA;NA;NA;NA;NA;NA;NA;NA;NA;NA;NA;NA;NA;NA;NA;NA
35;"SP";3555208;"355520";"Turiúba";"Não";"-";"Outros";NA;NA;NA;NA;NA;NA;NA;NA;NA;NA;NA;NA;NA;NA;NA;NA;NA;NA;1;NA;NA;NA;NA;NA;NA
35;"SP";3555307;"355530";"Turmalina";"Não";"-";"Outros";NA;NA;NA;NA;NA;NA;NA;NA;NA;NA;NA;NA;1;NA;NA;NA;NA;NA;NA;NA;NA;NA;NA;NA;NA
35;"SP";3555356;"355535";"Ubarana";"Não";"Região Metropolitana de São José do Rio Preto";"Outros";NA;NA;NA;NA;NA;NA;NA;NA;NA;NA;NA;NA;NA;NA;NA;1;1;1;NA;1;NA;NA;NA;1;NA
35;"SP";3555406;"355540";"Ubatuba";"Não";"Região Metropolitana do Vale do Paraíba e Litoral Norte";"Outros";NA;1;1;3;2;NA;3;3;NA;NA;NA;NA;NA;1;2;NA;NA;NA;3;1;1;2;NA;NA;NA
35;"SP";3555505;"355550";"Ubirajara";"Não";"-";"Outros";NA;NA;NA;NA;NA;NA;NA;NA;NA;NA;NA;NA;NA;NA;1;NA;NA;NA;NA;NA;NA;NA;NA;NA;NA
35;"SP";3555604;"355560";"Uchoa";"Não";"Região Metropolitana de São José do Rio Preto";"Outros";NA;NA;NA;NA;NA;NA;NA;NA;NA;NA;NA;NA;NA;NA;NA;NA;NA;NA;NA;NA;NA;NA;1;NA;NA
35;"SP";3555802;"355580";"Urânia";"Não";"-";"Outros";NA;NA;NA;NA;NA;1;NA;NA;NA;NA;NA;NA;NA;NA;1;NA;NA;1;NA;NA;NA;NA;NA;2;NA
35;"SP";3555901;"355590";"Uru";"Não";"-";"Outros";NA;NA;NA;NA;NA;NA;NA;NA;NA;NA;NA;NA;NA;NA;NA;NA;NA;NA;NA;NA;NA;NA;NA;NA;NA
35;"SP";3556008;"355600";"Urupês";"Não";"Região Metropolitana de São José do Rio Preto";"Outros";NA;NA;NA;NA;NA;NA;NA;NA;NA;NA;NA;NA;NA;NA;1;NA;NA;NA;NA;NA;NA;NA;NA;NA;NA
35;"SP";3556107;"355610";"Valentim Gentil";"Não";"-";"Outros";NA;NA;NA;1;2;NA;NA;NA;NA;NA;NA;NA;NA;1;NA;1;NA;NA;NA;NA;NA;NA;1;NA;NA
35;"SP";3556206;"355620";"Valinhos";"Não";"Região Metropolitana de Campinas";"Outros";NA;4;2;NA;1;1;NA;NA;NA;NA;NA;NA;NA;NA;NA;NA;NA;NA;1;NA;1;NA;3;1;NA
35;"SP";3556305;"355630";"Valparaíso";"Não";"-";"Outros";1;1;NA;1;1;1;NA;NA;NA;NA;1;NA;NA;NA;NA;1;NA;NA;NA;NA;NA;NA;NA;NA;NA
35;"SP";3556354;"355635";"Vargem";"Não";"-";"Outros";NA;NA;NA;NA;NA;1;NA;NA;NA;NA;2;NA;NA;NA;NA;NA;NA;NA;NA;NA;NA;1;NA;NA;NA
35;"SP";3556404;"355640";"Vargem Grande do Sul";"Não";"-";"Outros";2;2;NA;1;1;1;NA;1;NA;NA;NA;NA;NA;NA;NA;NA;NA;NA;NA;2;NA;NA;NA;NA;NA
35;"SP";3556453;"355645";"Vargem Grande Paulista";"Não";"Região Metropolitana de São Paulo";"Outros";2;1;NA;3;1;2;NA;NA;NA;NA;NA;1;1;NA;NA;NA;NA;NA;NA;NA;1;NA;3;NA;NA
35;"SP";3556503;"355650";"Várzea Paulista";"Não";"Região Metropolitana de Jundiaí";"Outros";NA;NA;NA;3;NA;NA;1;NA;NA;1;1;NA;NA;NA;1;1;NA;NA;NA;NA;NA;NA;NA;NA;NA
35;"SP";3556602;"355660";"Vera Cruz";"Não";"-";"Outros";NA;NA;NA;NA;NA;1;NA;NA;NA;NA;NA;NA;NA;NA;NA;NA;NA;NA;NA;NA;NA;1;NA;NA;NA
35;"SP";3556701;"355670";"Vinhedo";"Não";"Região Metropolitana de Campinas";"Outros";NA;NA;2;3;NA;NA;NA;NA;NA;NA;NA;NA;NA;NA;NA;NA;NA;NA;NA;NA;NA;1;2;1;NA
35;"SP";3556800;"355680";"Viradouro";"Não";"-";"Outros";2;NA;1;NA;NA;NA;NA;NA;NA;NA;NA;NA;NA;NA;NA;NA;NA;NA;NA;NA;NA;NA;NA;NA;NA
35;"SP";3556909;"355690";"Vista Alegre do Alto";"Não";"-";"Outros";NA;NA;NA;NA;NA;NA;NA;NA;NA;NA;NA;NA;NA;NA;NA;NA;NA;NA;NA;NA;NA;NA;NA;NA;NA
35;"SP";3556958;"355695";"Vitória Brasil";"Não";"-";"Outros";NA;NA;NA;NA;NA;NA;NA;NA;NA;NA;NA;NA;NA;NA;NA;NA;NA;NA;NA;NA;NA;NA;NA;NA;NA
35;"SP";3557006;"355700";"Votorantim";"Não";"Região Metropolitana de Sorocaba";"Outros";1;NA;NA;1;1;NA;NA;NA;NA;NA;NA;NA;NA;NA;NA;NA;1;NA;NA;NA;NA;NA;NA;NA;NA
35;"SP";3557105;"355710";"Votuporanga";"Não";"-";"Outros";3;3;1;NA;2;1;NA;NA;1;NA;NA;NA;NA;1;NA;NA;NA;NA;NA;2;NA;3;2;1;NA
35;"SP";3557154;"355715";"Zacarias";"Não";"Região Metropolitana de São José do Rio Preto";"Outros";NA;NA;NA;NA;NA;NA;NA;NA;NA;NA;NA;NA;NA;NA;NA;NA;NA;1;NA;1;NA;NA;NA;NA;NA
35;"SP";3557204;"355720";"Chavantes";"Não";"-";"Outros";NA;NA;1;NA;NA;NA;NA;NA;NA;NA;NA;NA;NA;NA;NA;NA;NA;NA;NA;NA;NA;NA;1;NA;NA
35;"SP";3557303;"355730";"Estiva Gerbi";"Não";"-";"Outros";NA;NA;NA;NA;1;NA;NA;NA;NA;NA;NA;NA;NA;NA;NA;NA;NA;NA;NA;NA;1;NA;NA;NA;NA
41;"PR";4100103;"410010";"Abatiá";"Não";"-";"Outros";NA;NA;NA;NA;NA;1;NA;NA;NA;NA;NA;NA;NA;NA;NA;NA;NA;NA;NA;NA;NA;NA;NA;NA;NA
41;"PR";4100202;"410020";"Adrianópolis";"Não";"Região Metropolitana de Curitiba";"Outros";NA;NA;NA;NA;NA;NA;NA;NA;NA;NA;NA;NA;NA;2;NA;NA;NA;NA;1;1;NA;NA;NA;NA;NA
41;"PR";4100301;"410030";"Agudos do Sul";"Não";"Região Metropolitana de Curitiba";"Outros";NA;NA;NA;NA;NA;NA;NA;NA;NA;NA;NA;1;1;NA;NA;NA;NA;NA;NA;1;NA;NA;NA;NA;NA
41;"PR";4100400;"410040";"Almirante Tamandaré";"Não";"Região Metropolitana de Curitiba";"Outros";1;NA;NA;NA;1;NA;NA;NA;1;1;1;1;NA;NA;NA;1;NA;NA;NA;NA;NA;1;NA;NA;NA
41;"PR";4100459;"410045";"Altamira do Paraná";"Não";"Região Metropolitana de Campo Mourão";"Outros";NA;NA;NA;NA;NA;2;NA;NA;NA;NA;NA;NA;NA;NA;NA;NA;1;NA;NA;NA;NA;1;NA;1;NA
41;"PR";4100509;"410050";"Altônia";"Não";"Região Metropolitana de Umuarama";"Outros";NA;NA;NA;NA;1;NA;NA;NA;NA;NA;NA;NA;NA;NA;NA;NA;1;NA;NA;NA;NA;NA;NA;1;NA
41;"PR";4100608;"410060";"Alto Paraná";"Não";"-";"Outros";NA;NA;NA;NA;NA;NA;NA;NA;NA;1;NA;NA;NA;NA;NA;NA;NA;1;NA;NA;NA;NA;NA;NA;NA
41;"PR";4100707;"410070";"Alto Piquiri";"Não";"Região Metropolitana de Umuarama";"Outros";NA;NA;1;NA;NA;NA;NA;NA;NA;NA;NA;NA;NA;NA;NA;5;NA;2;NA;NA;NA;NA;NA;NA;NA
41;"PR";4100806;"410080";"Alvorada do Sul";"Não";"Região Metropolitana de Londrina";"Outros";NA;NA;1;NA;NA;NA;NA;NA;1;NA;NA;NA;NA;NA;1;NA;NA;NA;NA;NA;NA;NA;NA;NA;NA
41;"PR";4100905;"410090";"Amaporã";"Não";"-";"Outros";NA;NA;NA;NA;NA;1;NA;NA;NA;NA;NA;NA;NA;NA;NA;NA;NA;NA;NA;1;NA;NA;1;NA;NA
41;"PR";4101002;"410100";"Ampére";"Não";"-";"Outros";NA;NA;NA;NA;NA;NA;NA;1;NA;NA;NA;NA;NA;NA;NA;NA;NA;1;NA;NA;NA;NA;NA;NA;NA
41;"PR";4101051;"410105";"Anahy";"Não";"Região Metropolitana de Cascavel";"Outros";NA;NA;NA;NA;NA;NA;NA;NA;NA;NA;NA;NA;NA;NA;NA;NA;NA;NA;NA;NA;NA;NA;NA;NA;NA
41;"PR";4101101;"410110";"Andirá";"Não";"-";"Outros";NA;NA;1;NA;NA;NA;NA;NA;NA;NA;NA;NA;NA;NA;NA;NA;NA;NA;NA;NA;NA;1;NA;NA;NA
41;"PR";4101200;"410120";"Antonina";"Não";"-";"Outros";NA;NA;NA;NA;NA;1;NA;NA;NA;NA;NA;NA;NA;2;NA;2;NA;1;NA;NA;NA;NA;NA;NA;NA
41;"PR";4101309;"410130";"Antônio Olinto";"Não";"-";"Outros";NA;NA;NA;NA;NA;NA;NA;NA;NA;NA;NA;NA;NA;NA;NA;NA;NA;NA;NA;NA;NA;NA;1;NA;NA
41;"PR";4101408;"410140";"Apucarana";"Não";"Região Metropolitana de Apucarana";"Outros";1;NA;1;1;1;NA;NA;NA;NA;1;NA;2;2;2;1;1;NA;NA;2;1;3;NA;NA;NA;NA
41;"PR";4101507;"410150";"Arapongas";"Não";"Região Metropolitana de Londrina";"Outros";NA;1;NA;3;NA;3;4;NA;NA;NA;NA;NA;NA;2;NA;1;NA;1;1;NA;1;NA;NA;2;NA
41;"PR";4101606;"410160";"Arapoti";"Não";"-";"Outros";NA;NA;NA;1;NA;NA;1;NA;1;NA;NA;2;NA;1;1;2;1;NA;NA;1;1;NA;NA;NA;NA
41;"PR";4101655;"410165";"Arapuã";"Não";"Região Metropolitana de Apucarana";"Outros";NA;NA;NA;NA;NA;NA;NA;NA;NA;NA;NA;NA;NA;NA;NA;NA;NA;NA;NA;1;NA;NA;NA;NA;NA
41;"PR";4101705;"410170";"Araruna";"Não";"Região Metropolitana de Campo Mourão";"Outros";1;NA;NA;NA;NA;NA;NA;NA;1;NA;NA;NA;NA;NA;1;NA;NA;NA;NA;NA;NA;NA;NA;NA;NA
41;"PR";4101804;"410180";"Araucária";"Não";"Região Metropolitana de Curitiba";"Outros";1;1;NA;NA;NA;NA;NA;3;NA;NA;NA;NA;2;NA;1;1;NA;NA;NA;NA;NA;NA;NA;1;NA
41;"PR";4101853;"410185";"Ariranha do Ivaí";"Não";"Região Metropolitana de Apucarana";"Outros";NA;NA;NA;NA;NA;NA;NA;NA;NA;NA;NA;NA;NA;NA;NA;NA;NA;NA;NA;NA;NA;NA;NA;NA;NA
41;"PR";4101903;"410190";"Assaí";"Não";"Região Metropolitana de Londrina";"Outros";NA;NA;NA;NA;NA;NA;2;NA;1;NA;NA;NA;NA;1;NA;NA;NA;NA;NA;NA;NA;NA;NA;NA;NA
41;"PR";4102000;"410200";"Assis Chateaubriand";"Não";"Região Metropolitana de Toledo";"Outros";1;3;2;2;NA;NA;NA;NA;3;1;1;4;1;NA;1;2;1;NA;NA;NA;NA;NA;NA;NA;NA
41;"PR";4102109;"410210";"Astorga";"Não";"Região Metropolitana de Maringá";"Outros";NA;NA;1;NA;NA;NA;NA;NA;NA;NA;NA;NA;NA;NA;NA;NA;NA;NA;NA;NA;NA;NA;NA;NA;NA
41;"PR";4102208;"410220";"Atalaia";"Não";"Região Metropolitana de Maringá";"Outros";NA;NA;NA;NA;NA;NA;NA;NA;NA;NA;NA;NA;NA;NA;NA;NA;NA;NA;NA;NA;NA;1;NA;NA;NA
41;"PR";4102307;"410230";"Balsa Nova";"Não";"Região Metropolitana de Curitiba";"Outros";NA;NA;NA;NA;NA;NA;NA;NA;NA;NA;NA;NA;NA;NA;NA;NA;NA;NA;NA;NA;NA;1;1;NA;NA
41;"PR";4102406;"410240";"Bandeirantes";"Não";"-";"Outros";NA;NA;NA;NA;NA;NA;NA;NA;NA;NA;NA;NA;NA;NA;3;NA;NA;NA;1;NA;NA;1;2;NA;NA
41;"PR";4102505;"410250";"Barbosa Ferraz";"Não";"Região Metropolitana de Campo Mourão";"Outros";1;NA;NA;NA;NA;NA;NA;NA;1;1;NA;1;1;NA;NA;1;NA;NA;NA;NA;NA;NA;NA;1;NA
41;"PR";4102604;"410260";"Barracão";"Não";"-";"Outros";NA;NA;NA;NA;NA;1;1;NA;NA;NA;NA;NA;NA;NA;NA;NA;NA;NA;NA;NA;NA;NA;NA;NA;NA
41;"PR";4102703;"410270";"Barra do Jacaré";"Não";"-";"Outros";NA;NA;NA;NA;NA;NA;NA;NA;NA;NA;NA;NA;NA;NA;NA;NA;NA;NA;NA;NA;NA;NA;NA;NA;NA
41;"PR";4102752;"410275";"Bela Vista da Caroba";"Não";"-";"Outros";NA;NA;NA;NA;NA;NA;NA;NA;NA;NA;NA;NA;NA;NA;NA;NA;NA;NA;NA;NA;NA;NA;NA;NA;NA
41;"PR";4102802;"410280";"Bela Vista do Paraíso";"Não";"Região Metropolitana de Londrina";"Outros";NA;NA;NA;NA;NA;NA;NA;NA;NA;NA;NA;NA;NA;NA;NA;1;NA;1;NA;NA;NA;NA;NA;NA;NA
41;"PR";4102901;"410290";"Bituruna";"Não";"-";"Outros";NA;NA;NA;NA;NA;NA;1;NA;NA;NA;1;NA;NA;NA;1;NA;NA;NA;NA;NA;NA;NA;NA;1;NA
41;"PR";4103008;"410300";"Boa Esperança";"Não";"Região Metropolitana de Campo Mourão";"Outros";NA;NA;NA;NA;NA;NA;NA;NA;NA;NA;NA;NA;NA;NA;NA;NA;NA;NA;NA;NA;NA;NA;NA;NA;NA
41;"PR";4103024;"410302";"Boa Esperança do Iguaçu";"Não";"-";"Outros";NA;NA;NA;NA;NA;NA;NA;NA;NA;NA;NA;NA;NA;NA;NA;NA;NA;NA;NA;NA;NA;NA;NA;NA;NA
41;"PR";4103040;"410304";"Boa Ventura de São Roque";"Não";"-";"Outros";NA;NA;NA;NA;NA;NA;NA;NA;NA;NA;NA;NA;NA;NA;NA;NA;NA;NA;NA;NA;NA;NA;NA;NA;NA
41;"PR";4103057;"410305";"Boa Vista da Aparecida";"Não";"Região Metropolitana de Cascavel";"Outros";NA;NA;NA;NA;NA;NA;NA;NA;NA;NA;NA;NA;NA;NA;NA;NA;NA;NA;NA;NA;NA;NA;NA;NA;NA
41;"PR";4103107;"410310";"Bocaiúva do Sul";"Não";"Região Metropolitana de Curitiba";"Outros";NA;NA;NA;NA;NA;NA;NA;NA;NA;NA;NA;NA;NA;NA;NA;NA;NA;NA;NA;NA;NA;NA;NA;NA;NA
41;"PR";4103156;"410315";"Bom Jesus do Sul";"Não";"-";"Outros";NA;NA;NA;NA;NA;NA;NA;NA;NA;NA;NA;NA;NA;NA;NA;NA;NA;NA;NA;NA;NA;NA;NA;NA;NA
41;"PR";4103206;"410320";"Bom Sucesso";"Não";"Região Metropolitana de Maringá";"Outros";NA;NA;NA;NA;NA;NA;NA;NA;NA;NA;NA;NA;NA;NA;NA;NA;NA;NA;1;NA;NA;NA;NA;NA;NA
41;"PR";4103222;"410322";"Bom Sucesso do Sul";"Não";"-";"Outros";NA;NA;NA;NA;NA;NA;NA;NA;NA;NA;NA;NA;NA;NA;NA;NA;NA;NA;NA;NA;NA;NA;NA;NA;NA
41;"PR";4103305;"410330";"Borrazópolis";"Não";"Região Metropolitana de Apucarana";"Outros";NA;NA;NA;NA;2;NA;NA;NA;NA;NA;NA;NA;2;NA;NA;NA;NA;1;NA;NA;NA;NA;NA;NA;NA
41;"PR";4103354;"410335";"Braganey";"Não";"Região Metropolitana de Cascavel";"Outros";NA;NA;NA;NA;NA;NA;NA;NA;NA;NA;NA;NA;NA;NA;NA;NA;NA;NA;NA;NA;NA;NA;NA;NA;NA
41;"PR";4103370;"410337";"Brasilândia do Sul";"Não";"Região Metropolitana de Umuarama";"Outros";NA;NA;NA;NA;NA;NA;NA;NA;NA;NA;NA;NA;1;NA;3;NA;NA;1;NA;1;NA;NA;NA;NA;NA
41;"PR";4103404;"410340";"Cafeara";"Não";"-";"Outros";NA;NA;NA;NA;NA;NA;NA;NA;NA;NA;NA;NA;NA;NA;NA;NA;NA;NA;NA;NA;NA;NA;NA;NA;NA
41;"PR";4103453;"410345";"Cafelândia";"Não";"Região Metropolitana de Cascavel";"Outros";NA;NA;NA;NA;NA;NA;NA;NA;NA;NA;NA;NA;NA;NA;NA;NA;NA;NA;NA;NA;NA;NA;NA;NA;NA
41;"PR";4103479;"410347";"Cafezal do Sul";"Não";"Região Metropolitana de Umuarama";"Outros";NA;NA;NA;NA;NA;NA;NA;NA;NA;NA;NA;NA;NA;NA;NA;NA;7;NA;NA;NA;NA;NA;NA;NA;NA
41;"PR";4103503;"410350";"Califórnia";"Não";"Região Metropolitana de Apucarana";"Outros";NA;NA;NA;NA;NA;NA;NA;NA;1;NA;NA;NA;NA;2;NA;NA;NA;NA;NA;NA;NA;NA;NA;NA;NA
41;"PR";4103602;"410360";"Cambará";"Não";"-";"Outros";1;NA;1;NA;NA;NA;NA;NA;NA;NA;NA;NA;NA;NA;NA;NA;NA;NA;NA;NA;NA;NA;NA;NA;NA
41;"PR";4103701;"410370";"Cambé";"Não";"Região Metropolitana de Londrina";"Outros";1;NA;NA;1;1;1;NA;3;NA;NA;NA;1;NA;1;NA;NA;1;NA;NA;NA;NA;NA;NA;NA;NA
41;"PR";4103800;"410380";"Cambira";"Não";"Região Metropolitana de Maringá";"Outros";NA;1;NA;NA;NA;NA;NA;NA;NA;NA;NA;NA;NA;NA;NA;NA;NA;NA;NA;NA;NA;NA;NA;NA;NA
41;"PR";4103909;"410390";"Campina da Lagoa";"Não";"Região Metropolitana de Campo Mourão";"Outros";NA;NA;1;NA;NA;NA;NA;NA;NA;NA;NA;1;NA;NA;NA;NA;NA;1;NA;NA;NA;NA;NA;NA;NA
41;"PR";4103958;"410395";"Campina do Simão";"Não";"-";"Outros";NA;NA;NA;NA;NA;NA;NA;NA;NA;NA;NA;NA;NA;NA;NA;NA;NA;NA;NA;NA;NA;NA;NA;NA;NA
41;"PR";4104006;"410400";"Campina Grande do Sul";"Não";"Região Metropolitana de Curitiba";"Outros";NA;1;2;1;NA;1;NA;2;2;1;2;2;1;3;1;NA;1;2;NA;NA;1;1;1;1;NA
41;"PR";4104105;"410410";"Campo do Tenente";"Não";"Região Metropolitana de Curitiba";"Outros";NA;NA;NA;NA;NA;NA;NA;NA;NA;NA;NA;NA;1;NA;NA;NA;NA;NA;NA;NA;NA;NA;NA;NA;NA
41;"PR";4104204;"410420";"Campo Largo";"Não";"Região Metropolitana de Curitiba";"Outros";NA;2;2;1;1;1;NA;NA;3;2;4;NA;3;NA;2;1;NA;2;NA;NA;NA;NA;2;NA;NA
41;"PR";4104253;"410425";"Campo Magro";"Não";"Região Metropolitana de Curitiba";"Outros";NA;NA;NA;NA;NA;NA;NA;NA;NA;NA;NA;1;NA;NA;NA;NA;NA;NA;NA;NA;NA;NA;NA;NA;NA
41;"PR";4104303;"410430";"Campo Mourão";"Não";"Região Metropolitana de Campo Mourão";"Outros";NA;1;NA;4;2;3;NA;NA;NA;NA;NA;3;2;2;2;1;2;6;2;NA;NA;1;2;2;NA
41;"PR";4104402;"410440";"Cândido de Abreu";"Não";"-";"Outros";NA;NA;NA;NA;NA;NA;NA;NA;NA;NA;NA;NA;NA;NA;NA;NA;NA;NA;NA;NA;NA;NA;NA;1;NA
41;"PR";4104428;"410442";"Candói";"Não";"-";"Outros";NA;NA;NA;1;NA;NA;NA;1;1;1;NA;1;NA;NA;NA;NA;NA;NA;NA;1;NA;3;NA;NA;NA
41;"PR";4104451;"410445";"Cantagalo";"Não";"-";"Outros";NA;NA;NA;NA;NA;NA;NA;NA;NA;NA;NA;NA;NA;NA;NA;NA;NA;NA;NA;NA;NA;NA;NA;NA;NA
41;"PR";4104501;"410450";"Capanema";"Não";"-";"Outros";NA;1;NA;NA;NA;NA;NA;NA;NA;NA;NA;NA;NA;NA;NA;NA;NA;NA;NA;NA;NA;1;NA;NA;NA
41;"PR";4104600;"410460";"Capitão Leônidas Marques";"Não";"Região Metropolitana de Cascavel";"Outros";NA;NA;NA;NA;NA;NA;NA;NA;NA;NA;NA;NA;NA;NA;NA;NA;NA;1;NA;NA;NA;NA;NA;NA;NA
41;"PR";4104659;"410465";"Carambeí";"Não";"-";"Outros";1;NA;NA;NA;NA;NA;NA;NA;NA;NA;NA;1;3;NA;NA;NA;NA;1;NA;NA;NA;NA;NA;NA;NA
41;"PR";4104709;"410470";"Carlópolis";"Não";"-";"Outros";NA;NA;NA;NA;NA;NA;NA;NA;NA;NA;NA;NA;NA;NA;NA;NA;NA;NA;NA;NA;NA;NA;NA;NA;NA
41;"PR";4104808;"410480";"Cascavel";"Não";"Região Metropolitana de Cascavel";"Outros";1;1;NA;NA;NA;NA;NA;2;NA;NA;1;NA;1;2;NA;NA;NA;NA;NA;NA;NA;1;NA;2;NA
41;"PR";4104907;"410490";"Castro";"Não";"-";"Outros";NA;1;NA;2;NA;NA;1;NA;NA;NA;1;NA;NA;1;NA;NA;NA;1;NA;NA;1;1;NA;NA;NA
41;"PR";4105003;"410500";"Catanduvas";"Não";"Região Metropolitana de Cascavel";"Outros";NA;NA;NA;NA;NA;NA;NA;NA;NA;NA;NA;NA;NA;NA;NA;NA;NA;NA;NA;NA;NA;NA;NA;NA;NA
41;"PR";4105102;"410510";"Centenário do Sul";"Não";"Região Metropolitana de Londrina";"Outros";NA;NA;NA;NA;NA;NA;NA;NA;NA;NA;NA;NA;NA;NA;NA;NA;NA;NA;NA;NA;NA;NA;NA;NA;NA
41;"PR";4105201;"410520";"Cerro Azul";"Não";"Região Metropolitana de Curitiba";"Outros";NA;NA;NA;NA;NA;NA;NA;NA;NA;NA;NA;NA;NA;NA;NA;NA;NA;NA;NA;NA;NA;NA;NA;NA;NA
41;"PR";4105300;"410530";"Céu Azul";"Não";"Região Metropolitana de Cascavel";"Outros";NA;NA;NA;NA;NA;NA;NA;NA;NA;NA;NA;NA;NA;NA;NA;NA;NA;NA;NA;NA;NA;NA;NA;1;NA
41;"PR";4105409;"410540";"Chopinzinho";"Não";"-";"Outros";1;NA;NA;1;NA;NA;NA;NA;NA;NA;NA;NA;NA;NA;1;NA;NA;NA;NA;NA;NA;NA;1;NA;NA
41;"PR";4105508;"410550";"Cianorte";"Não";"-";"Outros";2;NA;NA;NA;NA;NA;NA;NA;NA;2;NA;1;NA;2;NA;1;2;1;1;1;1;NA;3;8;NA
41;"PR";4105607;"410560";"Cidade Gaúcha";"Não";"Região Metropolitana de Umuarama";"Outros";NA;NA;NA;NA;NA;NA;2;NA;NA;NA;NA;NA;NA;1;NA;NA;NA;NA;NA;NA;NA;NA;1;NA;NA
41;"PR";4105706;"410570";"Clevelândia";"Não";"-";"Outros";NA;2;1;NA;NA;1;NA;NA;NA;NA;NA;NA;3;NA;NA;NA;NA;NA;NA;NA;NA;NA;NA;NA;NA
41;"PR";4105805;"410580";"Colombo";"Não";"Região Metropolitana de Curitiba";"Outros";NA;NA;NA;1;NA;1;NA;NA;NA;2;1;2;1;NA;1;2;NA;NA;1;NA;NA;NA;NA;NA;NA
41;"PR";4105904;"410590";"Colorado";"Não";"-";"Outros";NA;NA;1;NA;1;NA;NA;2;NA;1;2;NA;1;4;NA;NA;2;1;NA;NA;NA;NA;1;NA;NA
41;"PR";4106001;"410600";"Congonhinhas";"Não";"-";"Outros";NA;NA;NA;NA;NA;2;NA;1;NA;NA;NA;NA;NA;NA;1;1;NA;NA;NA;NA;1;NA;NA;NA;NA
41;"PR";4106100;"410610";"Conselheiro Mairinck";"Não";"-";"Outros";1;NA;NA;NA;NA;NA;NA;NA;NA;NA;NA;NA;NA;NA;NA;NA;NA;NA;NA;NA;NA;NA;NA;NA;NA
41;"PR";4106209;"410620";"Contenda";"Não";"Região Metropolitana de Curitiba";"Outros";NA;NA;NA;NA;NA;NA;NA;1;1;2;NA;NA;NA;NA;NA;NA;NA;1;NA;NA;NA;NA;NA;NA;NA
41;"PR";4106308;"410630";"Corbélia";"Não";"Região Metropolitana de Cascavel";"Outros";NA;NA;NA;NA;NA;NA;NA;NA;NA;NA;NA;NA;NA;NA;NA;NA;NA;NA;NA;NA;NA;NA;NA;1;NA
41;"PR";4106407;"410640";"Cornélio Procópio";"Não";"-";"Outros";NA;NA;NA;NA;NA;NA;1;NA;NA;NA;NA;NA;1;NA;NA;1;NA;NA;NA;NA;NA;NA;1;NA;NA
41;"PR";4106456;"410645";"Coronel Domingos Soares";"Não";"-";"Outros";NA;NA;NA;1;NA;NA;1;NA;NA;NA;NA;NA;NA;NA;NA;NA;NA;NA;NA;NA;NA;NA;NA;NA;NA
41;"PR";4106506;"410650";"Coronel Vivida";"Não";"-";"Outros";NA;NA;NA;1;NA;NA;NA;NA;NA;NA;NA;NA;NA;NA;NA;NA;NA;NA;NA;NA;NA;NA;NA;NA;NA
41;"PR";4106555;"410655";"Corumbataí do Sul";"Não";"Região Metropolitana de Campo Mourão";"Outros";NA;NA;NA;NA;NA;NA;NA;NA;NA;NA;NA;NA;NA;NA;NA;NA;NA;NA;NA;NA;NA;NA;NA;NA;NA
41;"PR";4106571;"410657";"Cruzeiro do Iguaçu";"Não";"-";"Outros";NA;NA;NA;NA;NA;NA;NA;NA;NA;NA;NA;NA;NA;NA;NA;NA;NA;NA;NA;NA;NA;NA;NA;NA;NA
41;"PR";4106605;"410660";"Cruzeiro do Oeste";"Não";"Região Metropolitana de Umuarama";"Outros";NA;NA;NA;NA;NA;NA;NA;NA;NA;NA;1;NA;NA;1;2;NA;NA;NA;NA;NA;NA;NA;NA;1;NA
41;"PR";4106704;"410670";"Cruzeiro do Sul";"Não";"-";"Outros";NA;NA;NA;NA;NA;NA;NA;NA;NA;NA;NA;NA;NA;NA;NA;NA;NA;NA;NA;NA;1;NA;NA;NA;NA
41;"PR";4106803;"410680";"Cruz Machado";"Não";"-";"Outros";NA;NA;NA;NA;NA;NA;NA;NA;NA;NA;NA;NA;NA;NA;NA;NA;NA;NA;NA;NA;NA;NA;NA;NA;NA
41;"PR";4106852;"410685";"Cruzmaltina";"Não";"Região Metropolitana de Apucarana";"Outros";NA;NA;NA;NA;NA;NA;NA;NA;NA;NA;NA;NA;NA;NA;NA;NA;NA;NA;NA;NA;NA;NA;NA;NA;NA
41;"PR";4106902;"410690";"Curitiba";"Sim";"Região Metropolitana de Curitiba";"Outros";25;19;18;12;11;8;2;6;NA;3;1;2;2;1;2;NA;2;2;1;2;3;1;3;5;NA
41;"PR";4107009;"410700";"Curiúva";"Não";"-";"Outros";NA;2;NA;NA;NA;NA;NA;NA;NA;NA;NA;1;NA;1;NA;NA;NA;NA;NA;NA;1;NA;NA;NA;NA
41;"PR";4107108;"410710";"Diamante do Norte";"Não";"-";"Outros";NA;NA;NA;NA;NA;NA;1;NA;1;NA;3;NA;NA;NA;NA;NA;NA;NA;NA;2;1;NA;NA;NA;NA
41;"PR";4107124;"410712";"Diamante do Sul";"Não";"Região Metropolitana de Cascavel";"Outros";NA;NA;NA;NA;NA;NA;NA;NA;NA;NA;NA;NA;NA;NA;NA;NA;NA;NA;NA;NA;NA;NA;NA;NA;NA
41;"PR";4107157;"410715";"Diamante D'Oeste";"Não";"Região Metropolitana de Toledo";"Outros";NA;NA;NA;NA;NA;NA;NA;NA;NA;NA;NA;NA;1;NA;NA;NA;NA;NA;NA;NA;NA;1;NA;NA;NA
41;"PR";4107207;"410720";"Dois Vizinhos";"Não";"-";"Outros";NA;NA;NA;NA;NA;NA;NA;NA;NA;NA;NA;NA;1;NA;NA;NA;NA;NA;NA;NA;NA;NA;NA;NA;NA
41;"PR";4107256;"410725";"Douradina";"Não";"Região Metropolitana de Umuarama";"Outros";NA;NA;NA;NA;NA;NA;NA;NA;NA;NA;NA;NA;NA;NA;NA;NA;NA;NA;NA;NA;NA;NA;1;NA;NA
41;"PR";4107306;"410730";"Doutor Camargo";"Não";"Região Metropolitana de Maringá";"Outros";NA;NA;NA;NA;NA;NA;1;NA;NA;NA;NA;NA;NA;NA;NA;NA;NA;NA;NA;NA;NA;NA;NA;NA;NA
41;"PR";4107405;"410740";"Enéas Marques";"Não";"-";"Outros";NA;NA;NA;NA;NA;NA;NA;NA;NA;NA;NA;1;NA;NA;NA;NA;NA;NA;NA;NA;NA;NA;NA;NA;NA
41;"PR";4107504;"410750";"Engenheiro Beltrão";"Não";"Região Metropolitana de Campo Mourão";"Outros";1;1;NA;NA;1;NA;NA;NA;NA;NA;NA;NA;1;1;1;NA;5;NA;NA;NA;NA;NA;NA;NA;NA
41;"PR";4107538;"410753";"Entre Rios do Oeste";"Não";"Região Metropolitana de Toledo";"Outros";NA;NA;NA;NA;NA;NA;NA;1;NA;NA;NA;NA;NA;NA;NA;NA;NA;1;NA;NA;NA;NA;NA;NA;NA
41;"PR";4107546;"410754";"Espigão Alto do Iguaçu";"Não";"-";"Outros";NA;NA;NA;NA;NA;NA;NA;NA;NA;NA;NA;NA;NA;NA;NA;NA;NA;NA;NA;NA;NA;NA;NA;NA;NA
41;"PR";4107553;"410755";"Farol";"Não";"Região Metropolitana de Campo Mourão";"Outros";NA;NA;NA;NA;NA;NA;NA;NA;NA;NA;NA;NA;NA;NA;NA;NA;NA;1;NA;NA;NA;NA;NA;NA;NA
41;"PR";4107603;"410760";"Faxinal";"Não";"Região Metropolitana de Apucarana";"Outros";NA;NA;NA;NA;NA;NA;NA;NA;NA;1;1;NA;NA;NA;NA;NA;NA;NA;NA;NA;NA;NA;NA;NA;NA
41;"PR";4107652;"410765";"Fazenda Rio Grande";"Não";"Região Metropolitana de Curitiba";"Outros";1;3;1;1;NA;NA;NA;NA;NA;NA;1;1;2;NA;NA;NA;NA;1;NA;NA;NA;NA;1;NA;NA
41;"PR";4107702;"410770";"Fênix";"Não";"Região Metropolitana de Campo Mourão";"Outros";NA;NA;NA;NA;NA;NA;NA;NA;NA;NA;NA;NA;NA;1;1;NA;NA;NA;1;NA;NA;NA;NA;NA;NA
41;"PR";4107736;"410773";"Fernandes Pinheiro";"Não";"-";"Outros";NA;NA;NA;NA;NA;NA;NA;NA;NA;NA;1;NA;NA;NA;NA;NA;NA;NA;NA;NA;NA;NA;NA;1;NA
41;"PR";4107751;"410775";"Figueira";"Não";"-";"Outros";NA;NA;NA;NA;NA;NA;NA;NA;NA;NA;NA;NA;NA;NA;NA;NA;NA;NA;NA;NA;NA;NA;NA;NA;NA
41;"PR";4107801;"410780";"Floraí";"Não";"Região Metropolitana de Maringá";"Outros";NA;NA;NA;1;NA;NA;NA;NA;NA;NA;NA;NA;NA;NA;NA;NA;NA;NA;NA;NA;NA;NA;NA;1;NA
41;"PR";4107850;"410785";"Flor da Serra do Sul";"Não";"-";"Outros";NA;NA;NA;NA;1;NA;NA;NA;NA;NA;NA;NA;NA;NA;NA;NA;NA;NA;NA;NA;NA;NA;NA;NA;NA
41;"PR";4107900;"410790";"Floresta";"Não";"Região Metropolitana de Maringá";"Outros";NA;NA;NA;NA;NA;NA;NA;NA;2;NA;NA;1;1;NA;NA;NA;NA;NA;NA;1;NA;NA;1;NA;NA
41;"PR";4108007;"410800";"Florestópolis";"Não";"Região Metropolitana de Londrina";"Outros";NA;NA;NA;NA;NA;NA;NA;1;NA;NA;NA;NA;NA;NA;1;NA;NA;NA;NA;NA;NA;NA;NA;NA;NA
41;"PR";4108205;"410820";"Formosa do Oeste";"Não";"Região Metropolitana de Cascavel";"Outros";NA;NA;NA;NA;NA;NA;NA;NA;1;NA;NA;NA;NA;NA;NA;NA;NA;NA;NA;NA;NA;NA;NA;NA;NA
41;"PR";4108304;"410830";"Foz do Iguaçu";"Não";"-";"Outros";3;NA;1;NA;11;21;15;12;14;11;7;6;4;6;2;2;NA;2;1;2;2;NA;5;3;NA
41;"PR";4108320;"410832";"Francisco Alves";"Não";"Região Metropolitana de Umuarama";"Outros";NA;NA;NA;1;NA;NA;NA;NA;NA;NA;NA;NA;1;NA;NA;NA;NA;NA;NA;NA;NA;3;NA;NA;NA
41;"PR";4108403;"410840";"Francisco Beltrão";"Não";"-";"Outros";1;NA;NA;NA;NA;NA;1;NA;NA;NA;NA;NA;NA;1;1;2;3;NA;NA;1;NA;1;NA;NA;NA
41;"PR";4108452;"410845";"Foz do Jordão";"Não";"-";"Outros";NA;NA;NA;NA;NA;NA;NA;NA;NA;NA;NA;NA;NA;NA;NA;NA;1;NA;NA;NA;NA;NA;NA;NA;NA
41;"PR";4108502;"410850";"General Carneiro";"Não";"-";"Outros";1;NA;NA;NA;NA;1;NA;NA;NA;NA;NA;NA;NA;NA;NA;NA;NA;1;NA;NA;NA;NA;NA;NA;NA
41;"PR";4108551;"410855";"Godoy Moreira";"Não";"Região Metropolitana de Apucarana";"Outros";NA;NA;NA;NA;NA;NA;NA;NA;NA;NA;NA;NA;NA;NA;NA;NA;NA;NA;NA;NA;NA;NA;NA;1;NA
41;"PR";4108601;"410860";"Goioerê";"Não";"Região Metropolitana de Campo Mourão";"Outros";1;NA;NA;1;NA;NA;1;NA;NA;3;3;NA;4;1;1;NA;2;NA;NA;NA;NA;NA;2;NA;NA
41;"PR";4108650;"410865";"Goioxim";"Não";"-";"Outros";NA;NA;2;NA;NA;NA;NA;NA;NA;NA;NA;NA;NA;NA;NA;1;NA;NA;NA;NA;NA;NA;NA;NA;NA
41;"PR";4108700;"410870";"Grandes Rios";"Não";"Região Metropolitana de Apucarana";"Outros";NA;NA;NA;1;NA;NA;NA;NA;NA;NA;NA;NA;NA;NA;NA;NA;NA;NA;1;NA;NA;NA;NA;NA;NA
41;"PR";4108809;"410880";"Guaíra";"Não";"Região Metropolitana de Toledo";"Outros";NA;1;2;1;1;NA;NA;NA;NA;NA;NA;1;NA;NA;3;NA;NA;NA;NA;NA;NA;NA;NA;NA;NA
41;"PR";4108908;"410890";"Guairaçá";"Não";"-";"Outros";NA;1;NA;NA;NA;NA;NA;NA;1;NA;NA;1;NA;NA;1;NA;NA;NA;NA;NA;NA;NA;NA;NA;NA
41;"PR";4108957;"410895";"Guamiranga";"Não";"-";"Outros";NA;NA;NA;NA;NA;1;NA;NA;NA;NA;NA;NA;NA;NA;NA;NA;NA;NA;NA;NA;NA;NA;NA;NA;NA
41;"PR";4109005;"410900";"Guapirama";"Não";"-";"Outros";NA;NA;NA;NA;NA;NA;NA;NA;NA;NA;NA;NA;NA;NA;NA;NA;NA;NA;NA;NA;NA;NA;NA;NA;NA
41;"PR";4109104;"410910";"Guaporema";"Não";"-";"Outros";NA;NA;NA;NA;NA;NA;NA;NA;NA;NA;NA;NA;NA;NA;NA;NA;NA;NA;NA;NA;NA;NA;NA;NA;NA
41;"PR";4109203;"410920";"Guaraci";"Não";"Região Metropolitana de Londrina";"Outros";NA;NA;NA;NA;NA;NA;NA;NA;NA;NA;NA;NA;NA;NA;NA;NA;NA;NA;NA;NA;NA;NA;NA;NA;NA
41;"PR";4109302;"410930";"Guaraniaçu";"Não";"Região Metropolitana de Cascavel";"Outros";NA;NA;NA;NA;1;NA;NA;NA;NA;NA;NA;NA;NA;1;NA;NA;NA;NA;NA;NA;NA;NA;1;NA;NA
41;"PR";4109401;"410940";"Guarapuava";"Não";"-";"Outros";2;2;NA;3;NA;2;1;3;2;NA;2;1;2;6;1;2;3;2;NA;3;1;6;1;NA;NA
41;"PR";4109500;"410950";"Guaraqueçaba";"Não";"-";"Outros";NA;NA;NA;NA;NA;NA;NA;NA;NA;NA;NA;NA;NA;NA;NA;NA;NA;NA;NA;NA;NA;NA;NA;NA;NA
41;"PR";4109609;"410960";"Guaratuba";"Não";"-";"Outros";NA;1;NA;1;2;2;NA;NA;NA;3;NA;2;1;2;1;1;NA;1;1;2;NA;3;2;NA;NA
41;"PR";4109658;"410965";"Honório Serpa";"Não";"-";"Outros";1;NA;NA;NA;NA;NA;NA;NA;NA;NA;NA;NA;NA;1;NA;NA;NA;NA;NA;NA;NA;NA;NA;NA;NA
41;"PR";4109708;"410970";"Ibaiti";"Não";"-";"Outros";1;NA;NA;NA;NA;NA;NA;NA;1;NA;NA;NA;NA;NA;NA;NA;NA;NA;NA;NA;2;2;1;NA;NA
41;"PR";4109757;"410975";"Ibema";"Não";"Região Metropolitana de Cascavel";"Outros";NA;NA;NA;NA;NA;NA;NA;NA;NA;NA;NA;NA;NA;NA;NA;NA;1;NA;NA;NA;NA;NA;NA;NA;NA
41;"PR";4109807;"410980";"Ibiporã";"Não";"Região Metropolitana de Londrina";"Outros";NA;NA;NA;NA;NA;NA;NA;NA;NA;NA;NA;NA;1;NA;NA;NA;NA;NA;NA;NA;NA;NA;1;1;NA
41;"PR";4109906;"410990";"Icaraíma";"Não";"Região Metropolitana de Umuarama";"Outros";NA;NA;NA;NA;NA;NA;NA;NA;NA;1;NA;NA;NA;NA;NA;NA;NA;NA;NA;NA;NA;NA;NA;NA;NA
41;"PR";4110003;"411000";"Iguaraçu";"Não";"Região Metropolitana de Maringá";"Outros";NA;NA;NA;NA;NA;NA;NA;NA;NA;NA;NA;NA;NA;1;2;3;NA;NA;NA;NA;NA;NA;NA;NA;NA
41;"PR";4110052;"411005";"Iguatu";"Não";"Região Metropolitana de Cascavel";"Outros";NA;NA;NA;NA;NA;NA;NA;NA;NA;NA;NA;NA;NA;NA;NA;NA;NA;NA;NA;NA;NA;NA;NA;NA;NA
41;"PR";4110078;"411007";"Imbaú";"Não";"-";"Outros";NA;NA;NA;NA;NA;NA;NA;NA;1;1;NA;NA;NA;NA;NA;1;NA;NA;NA;NA;NA;1;NA;NA;NA
41;"PR";4110102;"411010";"Imbituva";"Não";"-";"Outros";NA;NA;NA;NA;NA;NA;NA;1;NA;NA;NA;2;NA;NA;NA;NA;NA;NA;NA;NA;NA;1;NA;NA;NA
41;"PR";4110201;"411020";"Inácio Martins";"Não";"-";"Outros";NA;NA;NA;NA;NA;NA;NA;NA;NA;NA;NA;NA;NA;NA;NA;NA;NA;NA;NA;NA;NA;NA;NA;NA;NA
41;"PR";4110300;"411030";"Inajá";"Não";"-";"Outros";NA;NA;NA;NA;NA;NA;NA;NA;NA;NA;NA;1;NA;NA;NA;NA;NA;NA;NA;NA;NA;NA;NA;NA;NA
41;"PR";4110409;"411040";"Indianópolis";"Não";"-";"Outros";NA;NA;NA;NA;NA;NA;1;NA;NA;NA;NA;NA;NA;NA;NA;1;NA;NA;NA;NA;NA;NA;NA;NA;NA
41;"PR";4110508;"411050";"Ipiranga";"Não";"-";"Outros";NA;NA;NA;NA;NA;NA;NA;NA;NA;6;NA;NA;NA;NA;NA;NA;NA;NA;NA;NA;NA;NA;NA;NA;NA
41;"PR";4110607;"411060";"Iporã";"Não";"Região Metropolitana de Umuarama";"Outros";1;NA;NA;NA;NA;NA;NA;NA;NA;NA;NA;NA;NA;NA;NA;NA;NA;1;NA;NA;NA;NA;NA;NA;NA
41;"PR";4110656;"411065";"Iracema do Oeste";"Não";"Região Metropolitana de Cascavel";"Outros";NA;NA;NA;NA;NA;NA;NA;NA;NA;NA;NA;NA;NA;NA;NA;NA;NA;NA;NA;NA;NA;NA;NA;NA;NA
41;"PR";4110706;"411070";"Irati";"Não";"-";"Outros";NA;NA;NA;NA;NA;NA;NA;NA;NA;NA;NA;NA;NA;NA;1;NA;NA;NA;1;1;NA;NA;NA;NA;NA
41;"PR";4110805;"411080";"Iretama";"Não";"Região Metropolitana de Campo Mourão";"Outros";NA;NA;NA;NA;NA;NA;NA;NA;NA;NA;1;1;NA;NA;1;3;NA;NA;NA;NA;NA;NA;NA;NA;NA
41;"PR";4110904;"411090";"Itaguajé";"Não";"-";"Outros";NA;1;NA;NA;NA;NA;NA;2;NA;NA;NA;NA;NA;NA;NA;NA;NA;NA;NA;NA;NA;NA;NA;NA;NA
41;"PR";4110953;"411095";"Itaipulândia";"Não";"-";"Outros";NA;NA;NA;NA;NA;NA;2;NA;NA;NA;NA;NA;NA;NA;NA;NA;NA;NA;NA;NA;NA;NA;NA;NA;NA
41;"PR";4111001;"411100";"Itambaracá";"Não";"-";"Outros";NA;NA;NA;NA;NA;NA;NA;NA;NA;NA;NA;NA;NA;NA;NA;NA;NA;NA;NA;NA;NA;NA;NA;NA;NA
41;"PR";4111100;"411110";"Itambé";"Não";"Região Metropolitana de Maringá";"Outros";NA;NA;NA;NA;NA;NA;NA;NA;NA;NA;NA;NA;NA;NA;NA;NA;NA;NA;NA;NA;NA;NA;NA;NA;NA
41;"PR";4111209;"411120";"Itapejara d'Oeste";"Não";"-";"Outros";NA;NA;NA;NA;NA;NA;NA;1;NA;NA;NA;NA;NA;NA;NA;NA;NA;NA;NA;NA;NA;NA;NA;NA;NA
41;"PR";4111258;"411125";"Itaperuçu";"Não";"Região Metropolitana de Curitiba";"Outros";1;NA;NA;NA;NA;NA;NA;NA;NA;NA;NA;NA;NA;NA;NA;NA;NA;NA;NA;NA;NA;NA;NA;NA;NA
41;"PR";4111308;"411130";"Itaúna do Sul";"Não";"-";"Outros";NA;NA;NA;NA;NA;NA;1;NA;NA;NA;1;NA;NA;NA;NA;NA;NA;1;NA;NA;NA;NA;NA;NA;NA
41;"PR";4111407;"411140";"Ivaí";"Não";"-";"Outros";NA;NA;NA;NA;NA;NA;NA;NA;NA;NA;NA;1;NA;NA;NA;NA;NA;NA;NA;NA;NA;NA;NA;NA;NA
41;"PR";4111506;"411150";"Ivaiporã";"Não";"Região Metropolitana de Apucarana";"Outros";NA;1;1;NA;NA;NA;NA;1;NA;NA;1;NA;NA;NA;1;1;1;NA;NA;1;NA;NA;NA;NA;NA
41;"PR";4111555;"411155";"Ivaté";"Não";"Região Metropolitana de Umuarama";"Outros";NA;1;NA;NA;NA;NA;NA;NA;NA;NA;NA;NA;NA;NA;NA;NA;NA;NA;NA;1;NA;NA;NA;NA;NA
41;"PR";4111605;"411160";"Ivatuba";"Não";"Região Metropolitana de Maringá";"Outros";NA;NA;NA;NA;NA;NA;NA;NA;NA;NA;NA;NA;NA;NA;NA;NA;NA;NA;NA;NA;NA;NA;NA;NA;NA
41;"PR";4111704;"411170";"Jaboti";"Não";"-";"Outros";NA;NA;NA;NA;NA;NA;NA;NA;NA;NA;NA;NA;NA;NA;NA;NA;NA;NA;NA;NA;NA;NA;NA;NA;NA
41;"PR";4111803;"411180";"Jacarezinho";"Não";"-";"Outros";1;NA;NA;1;NA;NA;NA;3;NA;NA;NA;NA;NA;1;NA;NA;NA;1;NA;NA;NA;2;NA;NA;NA
41;"PR";4111902;"411190";"Jaguapitã";"Não";"Região Metropolitana de Londrina";"Outros";NA;NA;NA;NA;NA;NA;1;NA;1;NA;1;NA;NA;NA;NA;NA;NA;NA;NA;NA;NA;NA;NA;NA;NA
41;"PR";4112009;"411200";"Jaguariaíva";"Não";"-";"Outros";1;NA;NA;NA;NA;NA;NA;NA;1;NA;NA;1;NA;1;NA;2;2;NA;1;2;1;1;NA;2;NA
41;"PR";4112108;"411210";"Jandaia do Sul";"Não";"Região Metropolitana de Maringá";"Outros";NA;NA;NA;NA;1;NA;1;NA;NA;NA;NA;1;NA;NA;NA;NA;NA;NA;NA;NA;NA;NA;NA;2;NA
41;"PR";4112207;"411220";"Janiópolis";"Não";"Região Metropolitana de Campo Mourão";"Outros";NA;NA;NA;NA;NA;NA;NA;NA;NA;NA;NA;NA;NA;1;1;NA;NA;NA;NA;NA;NA;NA;NA;NA;NA
41;"PR";4112306;"411230";"Japira";"Não";"-";"Outros";NA;NA;NA;NA;NA;NA;NA;NA;NA;NA;NA;NA;NA;NA;NA;NA;NA;1;NA;NA;NA;NA;NA;NA;NA
41;"PR";4112405;"411240";"Japurá";"Não";"-";"Outros";NA;NA;NA;NA;NA;NA;NA;NA;NA;NA;1;NA;NA;NA;NA;NA;NA;NA;NA;NA;NA;NA;NA;1;NA
41;"PR";4112504;"411250";"Jardim Alegre";"Não";"Região Metropolitana de Apucarana";"Outros";NA;NA;NA;NA;NA;NA;NA;NA;NA;NA;NA;NA;NA;NA;NA;NA;NA;NA;NA;NA;NA;NA;NA;NA;NA
41;"PR";4112603;"411260";"Jardim Olinda";"Não";"-";"Outros";NA;NA;NA;NA;NA;NA;NA;NA;NA;NA;NA;NA;NA;NA;NA;1;NA;NA;NA;NA;NA;NA;NA;NA;NA
41;"PR";4112702;"411270";"Jataizinho";"Não";"Região Metropolitana de Londrina";"Outros";NA;NA;NA;NA;NA;1;NA;NA;NA;NA;NA;NA;NA;NA;NA;NA;NA;NA;NA;NA;NA;NA;NA;NA;NA
41;"PR";4112751;"411275";"Jesuítas";"Não";"Região Metropolitana de Cascavel";"Outros";NA;NA;NA;1;NA;NA;NA;NA;NA;NA;NA;NA;NA;2;1;NA;NA;NA;NA;NA;NA;NA;NA;1;NA
41;"PR";4112801;"411280";"Joaquim Távora";"Não";"-";"Outros";NA;NA;NA;NA;NA;NA;NA;NA;NA;NA;NA;NA;NA;NA;NA;NA;NA;NA;NA;NA;NA;NA;NA;NA;NA
41;"PR";4112900;"411290";"Jundiaí do Sul";"Não";"-";"Outros";NA;NA;NA;NA;NA;NA;NA;NA;NA;NA;NA;NA;NA;NA;NA;NA;NA;NA;NA;NA;NA;NA;NA;NA;NA
41;"PR";4112959;"411295";"Juranda";"Não";"Região Metropolitana de Campo Mourão";"Outros";NA;NA;NA;NA;NA;NA;NA;NA;NA;NA;NA;NA;NA;2;NA;NA;NA;NA;NA;NA;NA;NA;1;NA;NA
41;"PR";4113007;"411300";"Jussara";"Não";"-";"Outros";NA;NA;NA;NA;NA;NA;NA;NA;NA;NA;NA;1;NA;NA;NA;NA;1;NA;NA;NA;NA;NA;NA;NA;NA
41;"PR";4113106;"411310";"Kaloré";"Não";"Região Metropolitana de Apucarana";"Outros";NA;NA;NA;NA;NA;NA;NA;NA;NA;NA;NA;NA;NA;1;NA;NA;NA;NA;NA;NA;NA;NA;NA;NA;NA
41;"PR";4113205;"411320";"Lapa";"Não";"Região Metropolitana de Curitiba";"Outros";1;NA;NA;1;NA;NA;1;NA;NA;NA;NA;NA;1;NA;NA;1;1;NA;NA;NA;1;1;1;3;NA
41;"PR";4113254;"411325";"Laranjal";"Não";"-";"Outros";NA;NA;NA;NA;NA;NA;NA;NA;NA;NA;NA;NA;1;NA;NA;NA;NA;NA;NA;NA;NA;NA;NA;1;NA
41;"PR";4113304;"411330";"Laranjeiras do Sul";"Não";"-";"Outros";NA;NA;NA;NA;1;NA;NA;NA;NA;NA;NA;NA;1;NA;NA;NA;NA;NA;NA;1;NA;NA;1;NA;NA
41;"PR";4113403;"411340";"Leópolis";"Não";"-";"Outros";1;NA;NA;NA;NA;NA;NA;NA;NA;NA;2;NA;NA;NA;NA;NA;NA;NA;NA;NA;NA;NA;NA;NA;NA
41;"PR";4113429;"411342";"Lidianópolis";"Não";"Região Metropolitana de Apucarana";"Outros";NA;NA;NA;NA;NA;NA;NA;NA;NA;NA;NA;NA;NA;NA;NA;NA;NA;NA;NA;NA;2;NA;NA;NA;NA
41;"PR";4113452;"411345";"Lindoeste";"Não";"Região Metropolitana de Cascavel";"Outros";1;NA;NA;NA;NA;NA;NA;NA;NA;NA;NA;NA;NA;NA;NA;NA;NA;NA;NA;NA;NA;NA;NA;1;NA
41;"PR";4113502;"411350";"Loanda";"Não";"-";"Outros";NA;NA;NA;NA;NA;NA;NA;NA;NA;NA;NA;NA;NA;NA;NA;1;NA;1;NA;NA;NA;NA;2;1;NA
41;"PR";4113601;"411360";"Lobato";"Não";"Região Metropolitana de Maringá";"Outros";NA;NA;1;NA;1;NA;NA;NA;NA;NA;NA;NA;NA;NA;NA;NA;NA;NA;NA;NA;NA;NA;NA;NA;NA
41;"PR";4113700;"411370";"Londrina";"Não";"Região Metropolitana de Londrina";"Outros";4;2;1;2;3;2;1;1;1;3;7;13;8;2;6;3;2;2;NA;3;1;1;1;2;NA
41;"PR";4113734;"411373";"Luiziana";"Não";"Região Metropolitana de Campo Mourão";"Outros";NA;NA;NA;NA;NA;NA;NA;2;NA;NA;NA;1;NA;NA;NA;NA;NA;NA;NA;2;NA;NA;NA;2;NA
41;"PR";4113759;"411375";"Lunardelli";"Não";"Região Metropolitana de Apucarana";"Outros";NA;NA;NA;NA;NA;NA;NA;NA;NA;NA;NA;NA;NA;NA;NA;NA;NA;NA;NA;NA;NA;NA;NA;NA;NA
41;"PR";4113809;"411380";"Lupionópolis";"Não";"Região Metropolitana de Londrina";"Outros";NA;NA;NA;NA;NA;NA;NA;NA;NA;1;NA;NA;NA;NA;NA;NA;NA;NA;1;NA;NA;NA;NA;NA;NA
41;"PR";4113908;"411390";"Mallet";"Não";"-";"Outros";NA;NA;NA;NA;NA;NA;NA;NA;NA;NA;NA;NA;NA;NA;NA;NA;NA;NA;NA;NA;NA;NA;NA;NA;NA
41;"PR";4114005;"411400";"Mamborê";"Não";"Região Metropolitana de Campo Mourão";"Outros";NA;NA;NA;NA;NA;NA;NA;NA;1;1;1;NA;NA;NA;NA;NA;NA;NA;NA;NA;NA;NA;NA;1;NA
41;"PR";4114104;"411410";"Mandaguaçu";"Não";"Região Metropolitana de Maringá";"Outros";NA;NA;NA;NA;1;NA;NA;NA;NA;NA;NA;NA;1;NA;NA;NA;NA;NA;NA;NA;NA;NA;NA;NA;NA
41;"PR";4114203;"411420";"Mandaguari";"Não";"Região Metropolitana de Maringá";"Outros";NA;NA;NA;NA;NA;NA;NA;NA;1;NA;NA;NA;NA;1;NA;3;NA;NA;NA;NA;NA;NA;NA;1;NA
41;"PR";4114302;"411430";"Mandirituba";"Não";"Região Metropolitana de Curitiba";"Outros";1;NA;NA;NA;NA;NA;NA;NA;NA;1;1;NA;NA;1;NA;NA;NA;NA;NA;NA;NA;NA;NA;NA;NA
41;"PR";4114351;"411435";"Manfrinópolis";"Não";"-";"Outros";NA;NA;NA;NA;NA;NA;NA;NA;NA;NA;NA;NA;NA;NA;NA;NA;NA;NA;NA;NA;NA;NA;NA;NA;NA
41;"PR";4114401;"411440";"Mangueirinha";"Não";"-";"Outros";NA;1;NA;NA;NA;NA;NA;1;NA;NA;NA;NA;NA;NA;NA;NA;NA;NA;NA;NA;NA;NA;NA;NA;NA
41;"PR";4114500;"411450";"Manoel Ribas";"Não";"-";"Outros";NA;NA;NA;NA;NA;NA;NA;NA;NA;NA;NA;NA;NA;NA;1;NA;NA;1;NA;NA;3;1;NA;NA;NA
41;"PR";4114609;"411460";"Marechal Cândido Rondon";"Não";"Região Metropolitana de Toledo";"Outros";NA;NA;NA;NA;NA;1;1;1;NA;1;2;NA;1;NA;NA;NA;1;NA;NA;NA;NA;NA;NA;NA;NA
41;"PR";4114708;"411470";"Maria Helena";"Não";"Região Metropolitana de Umuarama";"Outros";NA;NA;NA;NA;NA;NA;1;NA;NA;NA;NA;NA;NA;NA;NA;NA;NA;NA;NA;NA;NA;NA;NA;NA;NA
41;"PR";4114807;"411480";"Marialva";"Não";"Região Metropolitana de Maringá";"Outros";NA;NA;NA;NA;NA;NA;NA;NA;NA;NA;NA;NA;1;NA;NA;NA;NA;NA;1;NA;NA;NA;NA;NA;NA
41;"PR";4114906;"411490";"Marilândia do Sul";"Não";"Região Metropolitana de Apucarana";"Outros";NA;NA;NA;NA;NA;NA;NA;NA;NA;1;NA;NA;1;1;NA;NA;NA;1;NA;NA;NA;NA;NA;NA;NA
41;"PR";4115002;"411500";"Marilena";"Não";"-";"Outros";NA;NA;NA;NA;NA;NA;NA;NA;NA;NA;NA;NA;NA;NA;NA;NA;NA;NA;NA;NA;NA;NA;NA;NA;NA
41;"PR";4115101;"411510";"Mariluz";"Não";"Região Metropolitana de Umuarama";"Outros";NA;NA;NA;NA;NA;NA;NA;NA;NA;NA;NA;NA;NA;1;NA;NA;NA;NA;NA;NA;NA;1;NA;NA;NA
41;"PR";4115200;"411520";"Maringá";"Não";"Região Metropolitana de Maringá";"Outros";1;NA;NA;1;NA;1;1;NA;1;3;NA;4;8;8;9;5;NA;NA;1;NA;NA;1;1;NA;NA
41;"PR";4115309;"411530";"Mariópolis";"Não";"-";"Outros";NA;NA;NA;NA;NA;NA;NA;NA;NA;NA;NA;NA;NA;NA;NA;NA;NA;NA;NA;NA;NA;NA;NA;NA;NA
41;"PR";4115358;"411535";"Maripá";"Não";"Região Metropolitana de Toledo";"Outros";NA;NA;NA;NA;NA;NA;NA;NA;NA;NA;NA;NA;NA;NA;2;NA;2;NA;NA;NA;NA;NA;NA;NA;NA
41;"PR";4115408;"411540";"Marmeleiro";"Não";"-";"Outros";NA;NA;NA;NA;NA;NA;NA;NA;NA;NA;NA;NA;NA;NA;NA;NA;NA;NA;NA;NA;1;NA;NA;NA;NA
41;"PR";4115457;"411545";"Marquinho";"Não";"-";"Outros";NA;NA;NA;NA;NA;NA;NA;NA;NA;1;NA;NA;NA;NA;NA;NA;NA;NA;NA;NA;NA;NA;1;NA;NA
41;"PR";4115507;"411550";"Marumbi";"Não";"Região Metropolitana de Apucarana";"Outros";NA;NA;NA;NA;NA;NA;NA;NA;NA;NA;NA;NA;NA;NA;1;NA;NA;NA;NA;NA;NA;NA;NA;NA;NA
41;"PR";4115606;"411560";"Matelândia";"Não";"Região Metropolitana de Cascavel";"Outros";NA;NA;NA;NA;NA;1;NA;NA;NA;NA;NA;NA;NA;NA;1;NA;NA;NA;NA;NA;NA;NA;NA;NA;NA
41;"PR";4115705;"411570";"Matinhos";"Não";"-";"Outros";NA;1;1;NA;NA;NA;1;NA;NA;NA;NA;NA;2;NA;NA;1;NA;NA;NA;NA;NA;1;NA;NA;NA
41;"PR";4115739;"411573";"Mato Rico";"Não";"-";"Outros";NA;NA;NA;NA;NA;NA;NA;NA;NA;NA;2;NA;NA;NA;NA;NA;NA;NA;NA;NA;NA;NA;NA;NA;NA
41;"PR";4115754;"411575";"Mauá da Serra";"Não";"Região Metropolitana de Apucarana";"Outros";NA;NA;NA;3;NA;NA;1;NA;NA;1;NA;1;1;1;1;NA;NA;NA;NA;NA;NA;1;NA;NA;NA
41;"PR";4115804;"411580";"Medianeira";"Não";"-";"Outros";NA;NA;NA;NA;NA;4;3;4;3;6;NA;2;1;NA;2;NA;NA;NA;NA;NA;2;1;NA;NA;NA
41;"PR";4115853;"411585";"Mercedes";"Não";"Região Metropolitana de Toledo";"Outros";NA;NA;NA;NA;NA;NA;NA;1;NA;NA;1;NA;NA;NA;NA;NA;NA;NA;NA;NA;NA;NA;NA;NA;NA
41;"PR";4115903;"411590";"Mirador";"Não";"-";"Outros";NA;NA;NA;NA;NA;NA;NA;NA;NA;1;NA;NA;NA;NA;NA;NA;NA;NA;NA;NA;NA;NA;NA;NA;NA
41;"PR";4116059;"411605";"Missal";"Não";"-";"Outros";NA;NA;NA;NA;NA;1;NA;1;1;NA;NA;1;NA;NA;NA;NA;NA;NA;NA;NA;NA;NA;NA;NA;NA
41;"PR";4116109;"411610";"Moreira Sales";"Não";"Região Metropolitana de Campo Mourão";"Outros";1;NA;NA;NA;NA;NA;NA;NA;NA;NA;NA;NA;NA;NA;NA;NA;NA;NA;NA;NA;NA;1;1;NA;NA
41;"PR";4116208;"411620";"Morretes";"Não";"-";"Outros";1;2;NA;NA;NA;1;NA;NA;NA;NA;NA;NA;NA;NA;1;NA;NA;NA;2;1;NA;1;1;NA;NA
41;"PR";4116307;"411630";"Munhoz de Melo";"Não";"Região Metropolitana de Maringá";"Outros";NA;NA;NA;NA;NA;NA;NA;NA;NA;NA;NA;NA;NA;NA;NA;NA;NA;NA;NA;NA;NA;NA;NA;NA;NA
41;"PR";4116406;"411640";"Nossa Senhora das Graças";"Não";"-";"Outros";NA;NA;1;NA;1;NA;NA;NA;NA;NA;NA;NA;NA;1;1;NA;NA;NA;NA;NA;NA;NA;NA;NA;NA
41;"PR";4116505;"411650";"Nova Aliança do Ivaí";"Não";"-";"Outros";NA;NA;NA;NA;NA;NA;NA;NA;NA;NA;NA;NA;NA;NA;NA;NA;NA;NA;NA;NA;NA;NA;NA;NA;NA
41;"PR";4116604;"411660";"Nova América da Colina";"Não";"-";"Outros";NA;NA;NA;NA;NA;NA;NA;NA;NA;NA;NA;NA;NA;NA;NA;NA;NA;NA;NA;NA;NA;NA;NA;NA;NA
41;"PR";4116703;"411670";"Nova Aurora";"Não";"Região Metropolitana de Cascavel";"Outros";NA;NA;NA;NA;NA;NA;NA;NA;NA;NA;NA;NA;NA;1;NA;NA;NA;NA;NA;NA;NA;NA;NA;NA;NA
41;"PR";4116802;"411680";"Nova Cantu";"Não";"Região Metropolitana de Campo Mourão";"Outros";NA;NA;NA;NA;NA;NA;NA;NA;NA;NA;NA;NA;NA;NA;NA;1;NA;NA;NA;NA;NA;NA;NA;NA;NA
41;"PR";4116901;"411690";"Nova Esperança";"Não";"Região Metropolitana de Maringá";"Outros";NA;NA;NA;NA;1;1;NA;NA;NA;NA;NA;NA;NA;1;NA;NA;NA;2;NA;NA;NA;NA;NA;NA;NA
41;"PR";4116950;"411695";"Nova Esperança do Sudoeste";"Não";"-";"Outros";NA;NA;1;NA;NA;NA;NA;NA;NA;NA;NA;NA;NA;NA;NA;NA;NA;NA;NA;NA;NA;NA;NA;NA;NA
41;"PR";4117008;"411700";"Nova Fátima";"Não";"-";"Outros";NA;NA;NA;NA;NA;NA;NA;NA;NA;1;NA;NA;NA;NA;NA;1;NA;NA;NA;NA;NA;NA;NA;NA;NA
41;"PR";4117057;"411705";"Nova Laranjeiras";"Não";"-";"Outros";NA;NA;NA;NA;NA;NA;NA;NA;NA;NA;NA;NA;2;NA;NA;NA;1;NA;NA;NA;NA;NA;1;1;NA
41;"PR";4117107;"411710";"Nova Londrina";"Não";"-";"Outros";NA;NA;NA;NA;1;NA;NA;NA;NA;NA;NA;NA;NA;NA;NA;NA;NA;NA;NA;NA;1;NA;NA;2;NA
41;"PR";4117206;"411720";"Nova Olímpia";"Não";"Região Metropolitana de Umuarama";"Outros";NA;NA;NA;NA;NA;NA;NA;NA;NA;NA;NA;NA;NA;NA;NA;NA;NA;NA;NA;NA;NA;NA;NA;NA;NA
41;"PR";4117214;"411721";"Nova Santa Bárbara";"Não";"-";"Outros";NA;NA;NA;NA;NA;NA;NA;NA;NA;NA;NA;NA;NA;NA;NA;NA;NA;NA;NA;NA;NA;NA;NA;NA;NA
41;"PR";4117222;"411722";"Nova Santa Rosa";"Não";"Região Metropolitana de Toledo";"Outros";NA;NA;NA;NA;NA;NA;NA;NA;NA;NA;NA;NA;1;NA;NA;NA;1;NA;NA;NA;NA;NA;NA;NA;NA
41;"PR";4117255;"411725";"Nova Prata do Iguaçu";"Não";"-";"Outros";NA;NA;NA;NA;NA;NA;NA;NA;NA;1;NA;NA;NA;NA;NA;NA;NA;NA;NA;NA;NA;NA;NA;NA;NA
41;"PR";4117271;"411727";"Nova Tebas";"Não";"-";"Outros";NA;NA;NA;NA;NA;NA;NA;NA;NA;NA;NA;NA;NA;NA;NA;NA;NA;NA;NA;NA;NA;NA;1;NA;NA
41;"PR";4117297;"411729";"Novo Itacolomi";"Não";"Região Metropolitana de Apucarana";"Outros";NA;NA;NA;NA;NA;NA;NA;NA;NA;NA;NA;NA;NA;NA;NA;1;NA;NA;NA;NA;NA;NA;NA;NA;NA
41;"PR";4117305;"411730";"Ortigueira";"Não";"-";"Outros";2;1;NA;NA;NA;1;NA;NA;NA;NA;NA;NA;NA;NA;NA;NA;1;NA;1;2;4;1;NA;NA;NA
41;"PR";4117404;"411740";"Ourizona";"Não";"Região Metropolitana de Maringá";"Outros";NA;NA;NA;1;NA;NA;NA;NA;NA;NA;NA;NA;NA;NA;NA;NA;NA;NA;NA;NA;NA;NA;NA;NA;NA
41;"PR";4117453;"411745";"Ouro Verde do Oeste";"Não";"Região Metropolitana de Toledo";"Outros";1;NA;NA;NA;NA;NA;NA;1;NA;NA;NA;NA;NA;1;NA;NA;NA;NA;NA;NA;NA;1;NA;NA;NA
41;"PR";4117503;"411750";"Paiçandu";"Não";"Região Metropolitana de Maringá";"Outros";1;NA;2;NA;1;1;NA;NA;1;2;NA;NA;1;1;NA;NA;NA;1;NA;NA;NA;NA;1;NA;NA
41;"PR";4117602;"411760";"Palmas";"Não";"-";"Outros";NA;1;1;2;3;1;NA;NA;1;1;1;1;NA;NA;NA;1;NA;NA;1;1;NA;NA;NA;NA;NA
41;"PR";4117701;"411770";"Palmeira";"Não";"-";"Outros";NA;1;1;NA;NA;NA;2;NA;2;NA;NA;3;2;3;1;NA;NA;1;1;NA;1;NA;1;NA;NA
41;"PR";4117800;"411780";"Palmital";"Não";"-";"Outros";NA;1;NA;NA;NA;1;NA;NA;NA;NA;NA;NA;NA;NA;NA;NA;NA;1;NA;NA;NA;NA;NA;NA;NA
41;"PR";4117909;"411790";"Palotina";"Não";"Região Metropolitana de Toledo";"Outros";NA;NA;2;2;NA;NA;NA;NA;NA;NA;NA;NA;NA;NA;1;NA;NA;NA;NA;NA;NA;NA;NA;NA;NA
41;"PR";4118006;"411800";"Paraíso do Norte";"Não";"-";"Outros";NA;1;NA;NA;NA;NA;NA;NA;NA;1;NA;NA;NA;NA;NA;NA;NA;NA;NA;NA;NA;NA;NA;1;NA
41;"PR";4118105;"411810";"Paranacity";"Não";"-";"Outros";NA;NA;1;NA;NA;NA;NA;NA;NA;NA;NA;NA;NA;NA;NA;NA;NA;NA;NA;NA;NA;NA;NA;NA;NA
41;"PR";4118204;"411820";"Paranaguá";"Não";"-";"Outros";NA;1;NA;NA;1;3;NA;2;1;3;2;4;1;NA;NA;1;5;2;1;2;NA;2;1;1;NA
41;"PR";4118303;"411830";"Paranapoema";"Não";"-";"Outros";NA;NA;NA;NA;NA;NA;NA;NA;1;NA;NA;NA;NA;NA;NA;NA;NA;NA;NA;NA;NA;NA;NA;NA;NA
41;"PR";4118402;"411840";"Paranavaí";"Não";"-";"Outros";NA;NA;NA;NA;NA;NA;2;1;NA;1;1;NA;NA;NA;3;NA;1;NA;1;NA;5;3;4;NA;NA
41;"PR";4118451;"411845";"Pato Bragado";"Não";"Região Metropolitana de Toledo";"Outros";NA;NA;NA;NA;NA;NA;NA;NA;NA;NA;NA;NA;NA;NA;NA;NA;NA;NA;NA;NA;NA;NA;NA;NA;NA
41;"PR";4118501;"411850";"Pato Branco";"Não";"-";"Outros";1;NA;NA;NA;NA;NA;NA;NA;NA;NA;NA;NA;1;NA;2;NA;NA;NA;NA;NA;NA;NA;NA;NA;NA
41;"PR";4118600;"411860";"Paula Freitas";"Não";"-";"Outros";NA;NA;NA;NA;NA;NA;NA;NA;NA;NA;NA;NA;NA;NA;NA;NA;NA;NA;NA;NA;NA;NA;NA;NA;NA
41;"PR";4118709;"411870";"Paulo Frontin";"Não";"-";"Outros";NA;NA;NA;NA;NA;NA;NA;NA;NA;NA;NA;1;NA;NA;NA;NA;NA;NA;NA;NA;NA;NA;NA;NA;NA
41;"PR";4118808;"411880";"Peabiru";"Não";"Região Metropolitana de Campo Mourão";"Outros";NA;NA;NA;NA;1;1;NA;NA;2;NA;1;1;NA;1;3;2;NA;NA;NA;NA;NA;NA;NA;1;NA
41;"PR";4118857;"411885";"Perobal";"Não";"Região Metropolitana de Umuarama";"Outros";NA;NA;NA;NA;NA;NA;NA;NA;NA;NA;NA;NA;NA;NA;1;1;NA;NA;NA;NA;NA;NA;NA;NA;NA
41;"PR";4118907;"411890";"Pérola";"Não";"Região Metropolitana de Umuarama";"Outros";NA;NA;NA;NA;NA;NA;NA;NA;NA;NA;NA;NA;NA;NA;NA;NA;NA;NA;NA;NA;2;NA;1;NA;NA
41;"PR";4119004;"411900";"Pérola d'Oeste";"Não";"-";"Outros";NA;NA;NA;NA;NA;NA;NA;NA;NA;NA;NA;NA;NA;NA;1;NA;NA;NA;NA;NA;NA;NA;NA;NA;NA
41;"PR";4119103;"411910";"Piên";"Não";"Região Metropolitana de Curitiba";"Outros";NA;NA;NA;NA;NA;NA;NA;NA;NA;1;NA;NA;NA;NA;NA;NA;NA;NA;NA;NA;NA;NA;NA;NA;NA
41;"PR";4119152;"411915";"Pinhais";"Não";"Região Metropolitana de Curitiba";"Outros";NA;NA;NA;NA;1;NA;NA;NA;NA;NA;NA;NA;NA;1;NA;NA;NA;NA;NA;NA;NA;NA;NA;NA;NA
41;"PR";4119202;"411920";"Pinhalão";"Não";"-";"Outros";NA;NA;NA;NA;NA;NA;NA;NA;2;NA;NA;NA;NA;NA;NA;NA;NA;NA;NA;NA;NA;NA;NA;NA;NA
41;"PR";4119251;"411925";"Pinhal de São Bento";"Não";"-";"Outros";NA;NA;NA;NA;NA;NA;NA;NA;NA;NA;NA;NA;NA;NA;NA;NA;NA;NA;NA;NA;NA;NA;NA;NA;NA
41;"PR";4119301;"411930";"Pinhão";"Não";"-";"Outros";NA;NA;NA;NA;1;NA;NA;NA;NA;1;1;1;NA;NA;NA;NA;NA;1;NA;1;NA;NA;NA;1;NA
41;"PR";4119400;"411940";"Piraí do Sul";"Não";"-";"Outros";NA;NA;NA;NA;NA;NA;1;NA;NA;1;1;NA;4;NA;NA;2;NA;NA;NA;NA;NA;1;NA;NA;NA
41;"PR";4119509;"411950";"Piraquara";"Não";"Região Metropolitana de Curitiba";"Outros";1;NA;1;1;NA;2;NA;NA;NA;NA;NA;NA;NA;NA;NA;NA;1;NA;NA;NA;NA;NA;NA;NA;NA
41;"PR";4119608;"411960";"Pitanga";"Não";"-";"Outros";NA;NA;NA;NA;1;NA;NA;NA;NA;NA;NA;NA;NA;1;NA;NA;NA;1;NA;NA;NA;NA;1;NA;NA
41;"PR";4119657;"411965";"Pitangueiras";"Não";"Região Metropolitana de Londrina";"Outros";NA;NA;NA;NA;NA;NA;NA;NA;NA;NA;NA;NA;NA;NA;NA;NA;NA;NA;NA;NA;NA;1;NA;NA;NA
41;"PR";4119707;"411970";"Planaltina do Paraná";"Não";"-";"Outros";NA;NA;NA;NA;NA;NA;NA;NA;NA;NA;NA;1;NA;NA;NA;NA;NA;NA;NA;NA;NA;NA;NA;NA;NA
41;"PR";4119806;"411980";"Planalto";"Não";"-";"Outros";NA;1;NA;NA;NA;NA;NA;NA;NA;NA;NA;NA;NA;NA;NA;NA;NA;NA;NA;NA;NA;NA;NA;NA;NA
41;"PR";4119905;"411990";"Ponta Grossa";"Não";"-";"Outros";NA;NA;NA;NA;1;2;NA;1;2;4;5;3;1;2;5;3;1;1;3;5;4;4;5;2;NA
41;"PR";4119954;"411995";"Pontal do Paraná";"Não";"-";"Outros";NA;1;NA;NA;NA;NA;NA;NA;NA;NA;NA;NA;NA;NA;NA;NA;NA;NA;NA;NA;1;NA;NA;NA;NA
41;"PR";4120002;"412000";"Porecatu";"Não";"Região Metropolitana de Londrina";"Outros";NA;NA;NA;NA;NA;NA;NA;NA;NA;NA;NA;NA;1;NA;2;1;NA;NA;NA;NA;NA;NA;NA;NA;NA
41;"PR";4120101;"412010";"Porto Amazonas";"Não";"-";"Outros";NA;NA;NA;NA;NA;NA;1;NA;NA;NA;NA;NA;NA;NA;NA;NA;NA;NA;NA;NA;NA;NA;1;NA;NA
41;"PR";4120150;"412015";"Porto Barreiro";"Não";"-";"Outros";NA;NA;NA;NA;NA;NA;NA;NA;NA;NA;NA;NA;NA;NA;NA;NA;NA;NA;NA;NA;NA;NA;NA;NA;NA
41;"PR";4120200;"412020";"Porto Rico";"Não";"-";"Outros";NA;NA;NA;NA;NA;NA;NA;NA;NA;NA;NA;NA;NA;NA;NA;NA;NA;NA;NA;NA;NA;NA;NA;NA;NA
41;"PR";4120309;"412030";"Porto Vitória";"Não";"-";"Outros";NA;NA;NA;NA;NA;NA;NA;NA;NA;NA;NA;NA;NA;NA;NA;NA;NA;NA;NA;1;NA;NA;NA;1;NA
41;"PR";4120358;"412035";"Pranchita";"Não";"-";"Outros";NA;NA;NA;NA;NA;NA;NA;NA;NA;NA;NA;NA;NA;NA;NA;NA;NA;NA;NA;NA;NA;NA;NA;NA;NA
41;"PR";4120408;"412040";"Presidente Castelo Branco";"Não";"Região Metropolitana de Maringá";"Outros";NA;NA;NA;NA;NA;NA;NA;NA;NA;NA;NA;NA;NA;NA;NA;NA;NA;NA;NA;NA;NA;NA;NA;NA;NA
41;"PR";4120507;"412050";"Primeiro de Maio";"Não";"Região Metropolitana de Londrina";"Outros";NA;NA;NA;NA;NA;NA;NA;NA;NA;NA;NA;NA;NA;NA;NA;NA;NA;NA;NA;NA;NA;NA;NA;NA;NA
41;"PR";4120606;"412060";"Prudentópolis";"Não";"-";"Outros";NA;NA;NA;NA;NA;NA;NA;NA;1;NA;NA;NA;NA;1;1;NA;NA;2;1;NA;NA;1;NA;1;NA
41;"PR";4120655;"412065";"Quarto Centenário";"Não";"Região Metropolitana de Campo Mourão";"Outros";NA;NA;NA;NA;NA;NA;NA;NA;NA;NA;1;NA;1;1;NA;NA;NA;NA;NA;NA;NA;NA;NA;NA;NA
41;"PR";4120705;"412070";"Quatiguá";"Não";"-";"Outros";NA;NA;NA;NA;NA;NA;NA;NA;NA;NA;NA;NA;NA;NA;NA;NA;NA;NA;NA;NA;NA;NA;NA;NA;NA
41;"PR";4120804;"412080";"Quatro Barras";"Não";"Região Metropolitana de Curitiba";"Outros";NA;NA;NA;NA;NA;NA;NA;NA;NA;1;NA;NA;NA;NA;NA;NA;NA;NA;NA;NA;NA;NA;NA;2;NA
41;"PR";4120853;"412085";"Quatro Pontes";"Não";"Região Metropolitana de Toledo";"Outros";NA;NA;NA;NA;NA;NA;NA;1;NA;NA;1;NA;NA;NA;NA;NA;NA;NA;NA;NA;NA;NA;NA;NA;NA
41;"PR";4120903;"412090";"Quedas do Iguaçu";"Não";"-";"Outros";NA;NA;NA;NA;NA;NA;NA;NA;NA;NA;NA;NA;NA;NA;NA;NA;NA;NA;1;NA;NA;NA;NA;NA;NA
41;"PR";4121000;"412100";"Querência do Norte";"Não";"-";"Outros";NA;NA;NA;NA;NA;NA;NA;NA;NA;NA;NA;NA;NA;NA;NA;NA;1;NA;NA;NA;NA;NA;NA;NA;NA
41;"PR";4121109;"412110";"Quinta do Sol";"Não";"Região Metropolitana de Campo Mourão";"Outros";NA;NA;NA;NA;NA;NA;NA;NA;NA;NA;NA;NA;1;NA;NA;NA;NA;NA;NA;NA;NA;NA;NA;1;NA
41;"PR";4121208;"412120";"Quitandinha";"Não";"Região Metropolitana de Curitiba";"Outros";NA;NA;NA;NA;2;NA;NA;NA;1;NA;NA;NA;NA;NA;NA;NA;NA;NA;1;NA;NA;NA;NA;NA;NA
41;"PR";4121257;"412125";"Ramilândia";"Não";"-";"Outros";NA;NA;NA;NA;NA;NA;NA;NA;NA;NA;NA;NA;NA;NA;NA;NA;NA;NA;NA;NA;NA;NA;NA;NA;NA
41;"PR";4121307;"412130";"Rancho Alegre";"Não";"Região Metropolitana de Londrina";"Outros";NA;NA;NA;NA;NA;NA;NA;NA;NA;NA;NA;NA;NA;NA;NA;NA;NA;NA;NA;NA;NA;NA;NA;NA;NA
41;"PR";4121406;"412140";"Realeza";"Não";"-";"Outros";NA;NA;NA;NA;NA;NA;NA;1;NA;NA;NA;2;1;NA;NA;1;NA;NA;NA;NA;NA;NA;NA;NA;NA
41;"PR";4121505;"412150";"Rebouças";"Não";"-";"Outros";NA;NA;NA;NA;NA;NA;NA;NA;NA;NA;NA;NA;NA;NA;NA;NA;NA;NA;NA;1;NA;NA;NA;NA;NA
41;"PR";4121604;"412160";"Renascença";"Não";"-";"Outros";NA;NA;NA;NA;NA;1;NA;NA;NA;NA;NA;NA;NA;NA;NA;NA;NA;NA;NA;NA;NA;NA;NA;NA;NA
41;"PR";4121703;"412170";"Reserva";"Não";"-";"Outros";NA;NA;1;NA;NA;NA;NA;1;NA;NA;NA;NA;NA;NA;1;NA;NA;1;NA;NA;NA;NA;NA;NA;NA
41;"PR";4121752;"412175";"Reserva do Iguaçu";"Não";"-";"Outros";NA;NA;NA;NA;NA;NA;NA;NA;NA;NA;NA;NA;NA;NA;NA;NA;NA;NA;NA;NA;NA;NA;NA;NA;NA
41;"PR";4121802;"412180";"Ribeirão Claro";"Não";"-";"Outros";NA;NA;NA;NA;NA;NA;NA;NA;NA;NA;NA;NA;NA;NA;NA;NA;NA;NA;NA;NA;NA;NA;NA;NA;NA
41;"PR";4121901;"412190";"Ribeirão do Pinhal";"Não";"-";"Outros";NA;NA;NA;NA;NA;1;NA;NA;NA;NA;NA;NA;NA;NA;NA;NA;NA;NA;NA;NA;NA;NA;NA;NA;NA
41;"PR";4122008;"412200";"Rio Azul";"Não";"-";"Outros";NA;NA;NA;NA;NA;NA;NA;NA;NA;NA;NA;NA;NA;NA;NA;NA;NA;NA;NA;NA;NA;NA;NA;NA;NA
41;"PR";4122156;"412215";"Rio Bonito do Iguaçu";"Não";"-";"Outros";NA;NA;NA;NA;NA;NA;NA;NA;NA;NA;NA;NA;NA;NA;NA;NA;NA;NA;NA;1;NA;NA;NA;NA;NA
41;"PR";4122172;"412217";"Rio Branco do Ivaí";"Não";"Região Metropolitana de Apucarana";"Outros";NA;NA;NA;NA;NA;NA;NA;NA;NA;NA;NA;NA;NA;NA;NA;NA;NA;NA;NA;1;NA;NA;NA;NA;NA
41;"PR";4122206;"412220";"Rio Branco do Sul";"Não";"Região Metropolitana de Curitiba";"Outros";NA;NA;NA;NA;NA;NA;1;NA;NA;NA;NA;1;NA;NA;NA;NA;NA;NA;NA;NA;NA;1;NA;NA;NA
41;"PR";4122305;"412230";"Rio Negro";"Não";"Região Metropolitana de Curitiba";"Outros";NA;NA;NA;NA;NA;NA;NA;NA;NA;NA;NA;NA;NA;NA;1;NA;NA;NA;NA;NA;NA;NA;NA;NA;NA
41;"PR";4122404;"412240";"Rolândia";"Não";"Região Metropolitana de Londrina";"Outros";NA;NA;NA;NA;2;NA;NA;NA;NA;NA;NA;NA;NA;NA;NA;NA;NA;NA;NA;NA;NA;NA;NA;NA;NA
41;"PR";4122503;"412250";"Roncador";"Não";"Região Metropolitana de Campo Mourão";"Outros";NA;NA;NA;NA;NA;NA;NA;NA;NA;NA;NA;NA;NA;2;NA;NA;NA;NA;NA;NA;NA;NA;NA;NA;NA
41;"PR";4122602;"412260";"Rondon";"Não";"-";"Outros";NA;NA;NA;NA;NA;NA;NA;NA;NA;NA;NA;NA;NA;NA;NA;NA;1;NA;NA;NA;1;NA;NA;NA;NA
41;"PR";4122651;"412265";"Rosário do Ivaí";"Não";"Região Metropolitana de Apucarana";"Outros";NA;NA;NA;NA;NA;NA;NA;NA;NA;NA;NA;NA;NA;NA;NA;NA;1;NA;NA;NA;NA;NA;NA;NA;NA
41;"PR";4122701;"412270";"Sabáudia";"Não";"Região Metropolitana de Londrina";"Outros";NA;NA;NA;NA;NA;NA;NA;NA;NA;NA;NA;NA;NA;NA;NA;NA;NA;2;NA;NA;NA;NA;NA;NA;NA
41;"PR";4122800;"412280";"Salgado Filho";"Não";"-";"Outros";NA;NA;NA;NA;NA;NA;NA;NA;NA;NA;NA;NA;NA;NA;NA;1;NA;NA;NA;NA;NA;NA;NA;NA;NA
41;"PR";4122909;"412290";"Salto do Itararé";"Não";"-";"Outros";NA;NA;NA;NA;NA;NA;NA;NA;NA;NA;NA;NA;NA;NA;NA;NA;NA;NA;NA;NA;NA;NA;NA;NA;NA
41;"PR";4123006;"412300";"Salto do Lontra";"Não";"-";"Outros";NA;NA;NA;NA;NA;NA;NA;NA;NA;NA;NA;NA;NA;NA;NA;NA;NA;NA;NA;NA;NA;NA;NA;NA;NA
41;"PR";4123105;"412310";"Santa Amélia";"Não";"-";"Outros";NA;NA;NA;NA;NA;NA;NA;NA;NA;NA;NA;NA;NA;NA;1;NA;NA;NA;NA;NA;NA;NA;NA;NA;NA
41;"PR";4123204;"412320";"Santa Cecília do Pavão";"Não";"-";"Outros";NA;NA;NA;NA;NA;NA;NA;NA;NA;NA;NA;NA;NA;NA;NA;NA;NA;NA;1;NA;NA;NA;NA;NA;NA
41;"PR";4123303;"412330";"Santa Cruz de Monte Castelo";"Não";"-";"Outros";NA;NA;NA;NA;NA;NA;NA;NA;NA;NA;NA;NA;NA;NA;NA;NA;NA;NA;NA;NA;NA;NA;NA;NA;NA
41;"PR";4123402;"412340";"Santa Fé";"Não";"Região Metropolitana de Maringá";"Outros";NA;NA;NA;NA;NA;NA;NA;NA;NA;NA;NA;NA;NA;NA;1;1;NA;NA;NA;NA;NA;NA;NA;NA;NA
41;"PR";4123501;"412350";"Santa Helena";"Não";"Região Metropolitana de Toledo";"Outros";NA;NA;NA;1;NA;NA;NA;2;1;1;NA;NA;1;NA;NA;2;1;1;NA;NA;NA;NA;NA;NA;NA
41;"PR";4123600;"412360";"Santa Inês";"Não";"-";"Outros";NA;NA;NA;NA;NA;NA;NA;NA;NA;NA;NA;NA;NA;NA;NA;NA;NA;NA;NA;NA;NA;NA;NA;NA;NA
41;"PR";4123709;"412370";"Santa Isabel do Ivaí";"Não";"-";"Outros";NA;NA;NA;NA;NA;1;NA;NA;NA;NA;NA;NA;NA;NA;NA;NA;NA;NA;NA;NA;NA;1;NA;NA;NA
41;"PR";4123808;"412380";"Santa Izabel do Oeste";"Não";"-";"Outros";NA;NA;NA;NA;NA;NA;NA;NA;NA;NA;NA;NA;NA;NA;NA;NA;NA;NA;NA;NA;NA;NA;NA;NA;NA
41;"PR";4123824;"412382";"Santa Lúcia";"Não";"Região Metropolitana de Cascavel";"Outros";NA;NA;NA;NA;NA;NA;NA;NA;NA;NA;NA;NA;NA;NA;NA;NA;NA;NA;NA;NA;NA;NA;NA;NA;NA
41;"PR";4123857;"412385";"Santa Maria do Oeste";"Não";"-";"Outros";NA;NA;NA;NA;NA;NA;NA;NA;NA;NA;NA;NA;NA;NA;NA;NA;NA;NA;NA;NA;NA;NA;NA;NA;NA
41;"PR";4123907;"412390";"Santa Mariana";"Não";"-";"Outros";NA;1;NA;NA;NA;NA;NA;NA;NA;NA;NA;NA;NA;NA;NA;NA;NA;NA;NA;NA;NA;NA;NA;NA;NA
41;"PR";4123956;"412395";"Santa Mônica";"Não";"-";"Outros";NA;NA;NA;NA;NA;NA;NA;NA;1;NA;NA;NA;NA;NA;NA;NA;NA;NA;NA;NA;NA;NA;1;NA;NA
41;"PR";4124004;"412400";"Santana do Itararé";"Não";"-";"Outros";NA;NA;NA;1;NA;NA;NA;NA;NA;NA;NA;NA;NA;NA;NA;NA;NA;NA;NA;NA;1;NA;NA;NA;NA
41;"PR";4124020;"412402";"Santa Tereza do Oeste";"Não";"Região Metropolitana de Cascavel";"Outros";NA;NA;NA;NA;NA;NA;NA;NA;NA;NA;NA;NA;NA;NA;NA;NA;NA;NA;NA;NA;NA;NA;2;NA;NA
41;"PR";4124053;"412405";"Santa Terezinha de Itaipu";"Não";"-";"Outros";NA;NA;NA;NA;NA;3;2;NA;1;1;2;NA;NA;NA;NA;NA;NA;NA;NA;NA;NA;NA;NA;NA;NA
41;"PR";4124103;"412410";"Santo Antônio da Platina";"Não";"-";"Outros";1;1;NA;1;NA;NA;NA;NA;NA;NA;NA;NA;NA;NA;NA;NA;NA;NA;NA;1;NA;NA;NA;NA;NA
41;"PR";4124202;"412420";"Santo Antônio do Caiuá";"Não";"-";"Outros";NA;NA;NA;NA;NA;NA;NA;NA;NA;NA;NA;NA;NA;1;NA;NA;NA;NA;NA;NA;NA;NA;NA;NA;NA
41;"PR";4124301;"412430";"Santo Antônio do Paraíso";"Não";"-";"Outros";NA;NA;NA;NA;NA;NA;NA;NA;NA;NA;NA;NA;NA;NA;NA;NA;NA;NA;NA;NA;NA;NA;NA;NA;NA
41;"PR";4124400;"412440";"Santo Antônio do Sudoeste";"Não";"-";"Outros";1;NA;NA;NA;NA;NA;NA;NA;NA;NA;NA;1;2;NA;NA;NA;NA;NA;NA;NA;NA;NA;NA;NA;NA
41;"PR";4124509;"412450";"Santo Inácio";"Não";"-";"Outros";NA;NA;NA;NA;NA;NA;NA;NA;NA;NA;NA;1;NA;NA;NA;NA;NA;NA;NA;NA;NA;NA;1;NA;NA
41;"PR";4124608;"412460";"São Carlos do Ivaí";"Não";"-";"Outros";NA;NA;NA;NA;NA;NA;NA;NA;NA;NA;NA;NA;NA;NA;NA;NA;NA;NA;NA;NA;NA;NA;1;NA;NA
41;"PR";4124707;"412470";"São Jerônimo da Serra";"Não";"-";"Outros";NA;NA;NA;NA;NA;NA;NA;NA;NA;NA;NA;NA;NA;NA;NA;NA;NA;NA;NA;NA;NA;NA;NA;NA;NA
41;"PR";4124806;"412480";"São João";"Não";"-";"Outros";NA;NA;NA;NA;NA;NA;NA;NA;NA;1;NA;NA;NA;NA;NA;NA;NA;NA;NA;NA;NA;NA;NA;NA;NA
41;"PR";4124905;"412490";"São João do Caiuá";"Não";"-";"Outros";NA;NA;NA;NA;NA;NA;NA;NA;NA;1;NA;NA;NA;NA;NA;NA;1;NA;1;NA;NA;NA;NA;NA;NA
41;"PR";4125001;"412500";"São João do Ivaí";"Não";"Região Metropolitana de Apucarana";"Outros";NA;NA;NA;1;NA;NA;NA;NA;NA;NA;NA;NA;NA;1;NA;NA;1;NA;NA;NA;NA;NA;NA;NA;NA
41;"PR";4125100;"412510";"São João do Triunfo";"Não";"-";"Outros";NA;NA;NA;NA;NA;NA;NA;1;NA;NA;NA;NA;NA;NA;NA;NA;NA;NA;NA;NA;NA;NA;NA;NA;NA
41;"PR";4125209;"412520";"São Jorge d'Oeste";"Não";"-";"Outros";NA;NA;NA;NA;NA;NA;NA;NA;NA;NA;1;NA;NA;NA;NA;NA;NA;NA;NA;NA;NA;NA;NA;NA;NA
41;"PR";4125357;"412535";"São Jorge do Patrocínio";"Não";"Região Metropolitana de Umuarama";"Outros";NA;NA;NA;NA;NA;NA;NA;NA;NA;NA;NA;NA;NA;NA;NA;NA;NA;NA;NA;NA;1;NA;NA;NA;NA
41;"PR";4125407;"412540";"São José da Boa Vista";"Não";"-";"Outros";NA;NA;NA;NA;NA;NA;NA;NA;NA;NA;NA;NA;NA;NA;NA;NA;NA;NA;NA;NA;NA;NA;NA;NA;NA
41;"PR";4125456;"412545";"São José das Palmeiras";"Não";"Região Metropolitana de Toledo";"Outros";NA;NA;NA;NA;NA;1;NA;1;NA;1;NA;NA;2;1;NA;NA;1;NA;NA;NA;NA;NA;NA;NA;NA
41;"PR";4125506;"412550";"São José dos Pinhais";"Não";"Região Metropolitana de Curitiba";"Outros";9;2;1;4;2;2;2;2;1;7;1;2;2;NA;1;1;2;3;NA;NA;3;NA;2;1;NA
41;"PR";4125605;"412560";"São Mateus do Sul";"Não";"-";"Outros";NA;NA;NA;NA;NA;NA;NA;NA;2;NA;NA;NA;NA;NA;2;NA;NA;NA;1;NA;NA;NA;NA;NA;NA
41;"PR";4125704;"412570";"São Miguel do Iguaçu";"Não";"-";"Outros";NA;NA;NA;NA;NA;1;4;3;2;2;NA;NA;4;2;NA;NA;NA;1;NA;1;NA;NA;NA;NA;NA
41;"PR";4125753;"412575";"São Pedro do Iguaçu";"Não";"Região Metropolitana de Toledo";"Outros";1;NA;2;1;1;NA;NA;1;NA;NA;NA;NA;NA;NA;NA;1;NA;NA;NA;NA;NA;1;NA;NA;NA
41;"PR";4125803;"412580";"São Pedro do Ivaí";"Não";"Região Metropolitana de Apucarana";"Outros";NA;NA;NA;NA;NA;NA;1;NA;NA;NA;NA;NA;NA;NA;NA;NA;NA;NA;NA;NA;1;NA;NA;NA;NA
41;"PR";4125902;"412590";"São Pedro do Paraná";"Não";"-";"Outros";NA;NA;1;NA;NA;NA;NA;NA;NA;NA;NA;NA;NA;NA;NA;NA;NA;NA;NA;NA;NA;NA;NA;NA;NA
41;"PR";4126009;"412600";"São Sebastião da Amoreira";"Não";"-";"Outros";NA;NA;NA;NA;NA;NA;NA;NA;NA;NA;NA;NA;NA;NA;NA;NA;NA;NA;NA;NA;NA;NA;NA;NA;NA
41;"PR";4126108;"412610";"São Tomé";"Não";"-";"Outros";NA;NA;NA;NA;NA;NA;NA;NA;NA;NA;NA;NA;NA;NA;NA;NA;NA;NA;NA;NA;NA;NA;NA;1;NA
41;"PR";4126207;"412620";"Sapopema";"Não";"-";"Outros";NA;NA;NA;NA;NA;NA;1;NA;NA;NA;NA;NA;NA;NA;NA;NA;NA;NA;NA;1;NA;1;3;1;NA
41;"PR";4126256;"412625";"Sarandi";"Não";"Região Metropolitana de Maringá";"Outros";2;3;1;2;4;3;4;5;4;4;3;6;7;1;2;4;6;4;NA;NA;NA;NA;NA;NA;NA
41;"PR";4126272;"412627";"Saudade do Iguaçu";"Não";"-";"Outros";NA;NA;NA;NA;NA;NA;NA;NA;NA;1;NA;NA;NA;NA;NA;NA;NA;NA;NA;NA;NA;NA;NA;NA;NA
41;"PR";4126306;"412630";"Sengés";"Não";"-";"Outros";NA;NA;NA;NA;NA;NA;NA;NA;NA;NA;NA;NA;NA;NA;NA;NA;NA;NA;1;NA;NA;NA;NA;NA;NA
41;"PR";4126355;"412635";"Serranópolis do Iguaçu";"Não";"-";"Outros";NA;NA;NA;NA;NA;2;NA;NA;NA;NA;NA;NA;NA;NA;NA;NA;NA;NA;NA;NA;NA;NA;NA;NA;NA
41;"PR";4126405;"412640";"Sertaneja";"Não";"Região Metropolitana de Londrina";"Outros";1;NA;NA;NA;NA;NA;NA;1;NA;NA;NA;NA;NA;NA;NA;NA;NA;NA;NA;NA;NA;NA;NA;NA;NA
41;"PR";4126504;"412650";"Sertanópolis";"Não";"Região Metropolitana de Londrina";"Outros";NA;NA;1;NA;NA;1;NA;1;NA;NA;1;NA;NA;NA;NA;NA;NA;NA;NA;NA;NA;NA;2;NA;NA
41;"PR";4126603;"412660";"Siqueira Campos";"Não";"-";"Outros";NA;NA;NA;NA;NA;NA;NA;NA;NA;NA;NA;NA;NA;NA;NA;NA;NA;NA;NA;NA;NA;NA;NA;NA;NA
41;"PR";4126652;"412665";"Sulina";"Não";"-";"Outros";NA;NA;NA;NA;NA;NA;NA;NA;NA;NA;NA;NA;NA;NA;NA;NA;NA;NA;NA;NA;NA;NA;NA;NA;NA
41;"PR";4126678;"412667";"Tamarana";"Não";"Região Metropolitana de Londrina";"Outros";1;NA;1;1;NA;NA;NA;NA;NA;NA;NA;NA;NA;NA;NA;1;NA;1;1;NA;NA;NA;1;NA;NA
41;"PR";4126702;"412670";"Tamboara";"Não";"-";"Outros";NA;NA;NA;NA;NA;NA;NA;NA;NA;NA;NA;NA;NA;NA;NA;NA;NA;NA;NA;NA;NA;NA;1;NA;NA
41;"PR";4126801;"412680";"Tapejara";"Não";"Região Metropolitana de Umuarama";"Outros";NA;1;NA;NA;NA;NA;NA;NA;NA;NA;NA;NA;NA;NA;1;NA;NA;NA;NA;NA;NA;1;1;NA;NA
41;"PR";4126900;"412690";"Tapira";"Não";"Região Metropolitana de Umuarama";"Outros";NA;1;NA;NA;NA;NA;NA;NA;NA;NA;NA;NA;NA;NA;1;NA;NA;NA;NA;NA;NA;1;NA;NA;NA
41;"PR";4127007;"412700";"Teixeira Soares";"Não";"-";"Outros";NA;NA;NA;NA;NA;NA;NA;NA;NA;NA;NA;NA;NA;NA;NA;NA;NA;NA;NA;NA;2;NA;NA;NA;NA
41;"PR";4127106;"412710";"Telêmaco Borba";"Não";"-";"Outros";NA;NA;NA;NA;NA;NA;NA;1;NA;1;NA;NA;1;1;NA;1;1;2;1;2;NA;1;NA;NA;NA
41;"PR";4127205;"412720";"Terra Boa";"Não";"Região Metropolitana de Campo Mourão";"Outros";NA;NA;NA;NA;NA;NA;NA;NA;NA;NA;NA;NA;NA;NA;1;NA;NA;NA;NA;NA;NA;NA;NA;2;NA
41;"PR";4127304;"412730";"Terra Rica";"Não";"-";"Outros";NA;NA;NA;NA;1;NA;NA;NA;2;NA;NA;NA;NA;NA;NA;NA;1;NA;NA;NA;1;NA;NA;NA;NA
41;"PR";4127403;"412740";"Terra Roxa";"Não";"Região Metropolitana de Toledo";"Outros";NA;NA;NA;NA;1;NA;NA;NA;NA;NA;1;2;2;NA;4;1;5;NA;NA;1;NA;NA;NA;NA;NA
41;"PR";4127502;"412750";"Tibagi";"Não";"-";"Outros";NA;NA;NA;1;NA;NA;1;1;NA;1;2;NA;NA;1;NA;NA;NA;1;NA;2;NA;NA;NA;1;NA
41;"PR";4127601;"412760";"Tijucas do Sul";"Não";"Região Metropolitana de Curitiba";"Outros";NA;NA;NA;NA;1;NA;NA;NA;NA;NA;NA;NA;NA;NA;NA;NA;1;NA;1;NA;NA;NA;NA;NA;NA
41;"PR";4127700;"412770";"Toledo";"Não";"Região Metropolitana de Toledo";"Outros";2;2;3;6;NA;4;15;11;5;4;8;10;3;3;2;2;NA;2;NA;NA;2;5;2;1;NA
41;"PR";4127809;"412780";"Tomazina";"Não";"-";"Outros";NA;NA;NA;NA;NA;NA;1;NA;NA;NA;NA;NA;NA;NA;NA;NA;NA;NA;NA;NA;NA;NA;NA;NA;NA
41;"PR";4127858;"412785";"Três Barras do Paraná";"Não";"Região Metropolitana de Cascavel";"Outros";NA;NA;NA;NA;NA;NA;NA;NA;NA;NA;NA;NA;NA;NA;NA;NA;NA;NA;NA;NA;NA;NA;NA;NA;NA
41;"PR";4127882;"412788";"Tunas do Paraná";"Não";"Região Metropolitana de Curitiba";"Outros";NA;NA;NA;NA;NA;NA;NA;NA;NA;NA;NA;NA;1;NA;NA;NA;NA;NA;NA;NA;NA;NA;NA;NA;NA
41;"PR";4127908;"412790";"Tuneiras do Oeste";"Não";"Região Metropolitana de Umuarama";"Outros";NA;NA;NA;NA;NA;NA;NA;NA;NA;NA;NA;NA;NA;NA;NA;NA;NA;NA;NA;NA;NA;1;NA;NA;NA
41;"PR";4127957;"412795";"Tupãssi";"Não";"Região Metropolitana de Toledo";"Outros";NA;NA;NA;NA;NA;NA;NA;NA;NA;NA;NA;2;2;NA;NA;NA;NA;1;NA;NA;NA;NA;NA;NA;NA
41;"PR";4127965;"412796";"Turvo";"Não";"-";"Outros";NA;NA;NA;NA;NA;NA;NA;NA;NA;NA;NA;NA;NA;NA;NA;NA;1;NA;NA;NA;NA;NA;NA;NA;NA
41;"PR";4128005;"412800";"Ubiratã";"Não";"Região Metropolitana de Campo Mourão";"Outros";1;NA;NA;NA;NA;NA;NA;1;NA;NA;NA;1;1;NA;NA;NA;NA;NA;NA;NA;NA;NA;NA;2;NA
41;"PR";4128104;"412810";"Umuarama";"Não";"Região Metropolitana de Umuarama";"Outros";2;2;2;NA;NA;NA;NA;3;NA;NA;NA;NA;1;2;1;1;NA;3;NA;1;1;8;3;2;NA
41;"PR";4128203;"412820";"União da Vitória";"Não";"-";"Outros";NA;NA;NA;NA;NA;NA;NA;NA;NA;NA;NA;NA;NA;NA;NA;NA;NA;1;2;NA;NA;NA;1;NA;NA
41;"PR";4128302;"412830";"Uniflor";"Não";"-";"Outros";1;NA;NA;NA;NA;NA;NA;NA;NA;NA;NA;NA;NA;NA;NA;NA;NA;NA;NA;NA;NA;NA;NA;NA;NA
41;"PR";4128401;"412840";"Uraí";"Não";"Região Metropolitana de Londrina";"Outros";NA;NA;NA;1;NA;NA;NA;NA;NA;NA;NA;NA;NA;NA;NA;NA;NA;NA;NA;NA;NA;1;NA;1;NA
41;"PR";4128500;"412850";"Wenceslau Braz";"Não";"-";"Outros";NA;NA;1;1;NA;NA;NA;NA;NA;NA;NA;1;NA;NA;NA;NA;NA;NA;NA;NA;NA;NA;1;NA;NA
41;"PR";4128534;"412853";"Ventania";"Não";"-";"Outros";NA;NA;NA;NA;NA;NA;NA;NA;NA;NA;NA;NA;NA;NA;NA;NA;5;NA;NA;NA;2;NA;NA;NA;NA
41;"PR";4128559;"412855";"Vera Cruz do Oeste";"Não";"Região Metropolitana de Cascavel";"Outros";NA;NA;NA;NA;NA;NA;NA;NA;NA;NA;NA;NA;NA;NA;NA;NA;NA;NA;NA;NA;NA;NA;NA;NA;NA
41;"PR";4128609;"412860";"Verê";"Não";"-";"Outros";NA;NA;NA;NA;NA;NA;NA;NA;NA;NA;NA;NA;NA;NA;NA;NA;NA;NA;NA;NA;NA;1;NA;NA;NA
41;"PR";4128625;"412862";"Alto Paraíso";"Não";"Região Metropolitana de Umuarama";"Outros";NA;NA;NA;1;NA;NA;NA;NA;NA;NA;NA;NA;NA;NA;NA;1;NA;NA;NA;NA;NA;NA;NA;NA;NA
41;"PR";4128633;"412863";"Doutor Ulysses";"Não";"Região Metropolitana de Curitiba";"Outros";NA;NA;NA;NA;NA;NA;NA;NA;NA;NA;NA;NA;NA;NA;NA;NA;NA;NA;NA;NA;NA;NA;NA;NA;NA
41;"PR";4128658;"412865";"Virmond";"Não";"-";"Outros";NA;NA;NA;NA;NA;NA;NA;NA;NA;NA;NA;NA;NA;NA;NA;NA;NA;NA;NA;NA;NA;NA;NA;NA;NA
41;"PR";4128708;"412870";"Vitorino";"Não";"-";"Outros";NA;NA;NA;NA;NA;NA;NA;NA;NA;NA;NA;NA;NA;NA;NA;NA;NA;NA;NA;NA;NA;NA;NA;NA;NA
41;"PR";4128807;"412880";"Xambrê";"Não";"Região Metropolitana de Umuarama";"Outros";NA;NA;NA;NA;NA;NA;NA;NA;NA;NA;NA;NA;NA;NA;NA;NA;NA;NA;NA;NA;NA;NA;1;NA;NA
42;"SC";4200051;"420005";"Abdon Batista";"Não";"Região Metropolitana do Contestado";"Outros";NA;NA;NA;NA;NA;NA;NA;NA;NA;NA;NA;NA;NA;NA;NA;NA;NA;NA;NA;NA;NA;NA;NA;NA;NA
42;"SC";4200101;"420010";"Abelardo Luz";"Não";"Região Metropolitana do Extremo Oeste";"Outros";NA;NA;NA;1;NA;NA;NA;1;NA;NA;NA;NA;NA;NA;NA;NA;NA;NA;NA;NA;NA;NA;NA;NA;NA
42;"SC";4200200;"420020";"Agrolândia";"Não";"Região Metropolitana do Alto Vale do Itajaí";"Outros";NA;NA;NA;NA;NA;NA;NA;NA;NA;NA;1;NA;NA;NA;NA;NA;NA;NA;NA;NA;NA;NA;NA;NA;NA
42;"SC";4200309;"420030";"Agronômica";"Não";"Região Metropolitana do Alto Vale do Itajaí";"Outros";NA;NA;NA;NA;NA;NA;NA;NA;NA;NA;NA;NA;NA;NA;NA;NA;NA;NA;NA;NA;NA;NA;NA;NA;NA
42;"SC";4200408;"420040";"Água Doce";"Não";"Região Metropolitana do Contestado";"Outros";NA;NA;NA;1;NA;NA;NA;1;NA;NA;NA;NA;1;NA;NA;NA;NA;1;NA;NA;1;1;NA;NA;NA
42;"SC";4200507;"420050";"Águas de Chapecó";"Não";"Região Metropolitana de Chapecó";"Outros";NA;NA;NA;NA;NA;NA;NA;NA;NA;NA;NA;NA;NA;NA;NA;NA;NA;NA;NA;NA;NA;NA;NA;NA;NA
42;"SC";4200556;"420055";"Águas Frias";"Não";"Região Metropolitana de Chapecó";"Outros";NA;NA;NA;NA;NA;NA;NA;NA;NA;NA;NA;NA;NA;NA;NA;NA;NA;NA;NA;NA;NA;NA;NA;NA;NA
42;"SC";4200606;"420060";"Águas Mornas";"Não";"Região Metropolitana de Florianópolis";"Outros";NA;NA;NA;NA;NA;NA;NA;NA;NA;NA;NA;NA;NA;NA;NA;NA;NA;NA;NA;NA;1;NA;NA;NA;NA
42;"SC";4200705;"420070";"Alfredo Wagner";"Não";"Região Metropolitana de Florianópolis";"Outros";NA;NA;NA;NA;NA;NA;NA;NA;NA;NA;NA;NA;NA;1;NA;1;NA;NA;NA;NA;NA;NA;NA;NA;NA
42;"SC";4200754;"420075";"Alto Bela Vista";"Não";"Região Metropolitana do Contestado";"Outros";NA;NA;NA;NA;NA;NA;NA;NA;NA;NA;NA;NA;NA;NA;NA;NA;NA;NA;NA;NA;NA;NA;NA;NA;NA
42;"SC";4200804;"420080";"Anchieta";"Não";"Região Metropolitana do Extremo Oeste";"Outros";NA;NA;NA;NA;NA;NA;NA;NA;NA;NA;NA;NA;1;NA;NA;NA;NA;1;NA;NA;NA;NA;NA;NA;NA
42;"SC";4200903;"420090";"Angelina";"Não";"Região Metropolitana de Florianópolis";"Outros";NA;NA;NA;NA;NA;NA;NA;NA;NA;NA;NA;NA;NA;NA;NA;NA;NA;NA;NA;NA;NA;NA;NA;NA;NA
42;"SC";4201000;"420100";"Anita Garibaldi";"Não";"Região Metropolitana de Lages";"Outros";NA;NA;NA;NA;NA;NA;NA;NA;NA;NA;NA;NA;NA;NA;NA;NA;NA;NA;NA;NA;NA;NA;NA;NA;NA
42;"SC";4201109;"420110";"Anitápolis";"Não";"Região Metropolitana de Florianópolis";"Outros";NA;NA;NA;NA;NA;NA;NA;NA;NA;NA;NA;NA;NA;NA;NA;NA;NA;NA;NA;NA;NA;NA;NA;NA;NA
42;"SC";4201208;"420120";"Antônio Carlos";"Não";"Região Metropolitana de Florianópolis";"Outros";NA;NA;NA;NA;NA;NA;NA;NA;NA;NA;NA;NA;NA;NA;NA;NA;NA;NA;NA;NA;NA;NA;NA;NA;NA
42;"SC";4201257;"420125";"Apiúna";"Não";"Região Metropolitana do Vale do Itajaí";"Outros";NA;NA;NA;NA;NA;NA;NA;NA;NA;NA;NA;NA;NA;NA;NA;NA;NA;NA;NA;NA;NA;NA;NA;NA;NA
42;"SC";4201273;"420127";"Arabutã";"Não";"Região Metropolitana do Contestado";"Outros";NA;NA;NA;NA;NA;NA;NA;NA;NA;NA;NA;NA;NA;NA;NA;NA;NA;NA;NA;NA;NA;NA;NA;NA;NA
42;"SC";4201307;"420130";"Araquari";"Não";"Região Metropolitana de Joinville";"Outros";NA;NA;NA;NA;NA;NA;NA;NA;NA;NA;NA;NA;NA;NA;3;NA;1;NA;NA;1;NA;1;NA;NA;NA
42;"SC";4201406;"420140";"Araranguá";"Não";"Região Metropolitana Carbonífera";"Outros";NA;NA;NA;NA;NA;1;NA;1;1;2;NA;NA;NA;NA;NA;NA;NA;NA;1;NA;1;NA;NA;NA;NA
42;"SC";4201505;"420150";"Armazém";"Não";"Região Metropolitana de Tubarão";"Outros";NA;NA;NA;NA;NA;NA;NA;NA;NA;NA;NA;NA;NA;NA;NA;NA;NA;NA;NA;NA;NA;NA;NA;NA;NA
42;"SC";4201604;"420160";"Arroio Trinta";"Não";"Região Metropolitana do Contestado";"Outros";NA;NA;NA;NA;NA;NA;NA;NA;NA;NA;NA;NA;NA;NA;NA;NA;NA;NA;NA;NA;NA;NA;NA;NA;NA
42;"SC";4201653;"420165";"Arvoredo";"Não";"Região Metropolitana de Chapecó";"Outros";NA;NA;NA;NA;NA;NA;NA;NA;NA;NA;NA;NA;NA;1;NA;NA;NA;NA;NA;NA;NA;NA;NA;NA;NA
42;"SC";4201703;"420170";"Ascurra";"Não";"Região Metropolitana do Vale do Itajaí";"Outros";NA;NA;NA;NA;NA;NA;NA;NA;NA;NA;NA;NA;NA;NA;NA;NA;NA;NA;NA;NA;NA;NA;NA;NA;NA
42;"SC";4201802;"420180";"Atalanta";"Não";"Região Metropolitana do Alto Vale do Itajaí";"Outros";NA;NA;NA;NA;NA;NA;NA;NA;NA;NA;NA;NA;NA;NA;NA;NA;NA;NA;NA;NA;NA;NA;NA;NA;NA
42;"SC";4201901;"420190";"Aurora";"Não";"Região Metropolitana do Alto Vale do Itajaí";"Outros";NA;NA;NA;NA;NA;NA;NA;NA;NA;NA;NA;NA;NA;NA;NA;NA;NA;NA;NA;NA;NA;NA;NA;NA;NA
42;"SC";4201950;"420195";"Balneário Arroio do Silva";"Não";"Região Metropolitana Carbonífera";"Outros";NA;NA;NA;NA;NA;NA;NA;NA;NA;NA;NA;NA;NA;NA;NA;NA;NA;NA;NA;NA;NA;NA;NA;NA;NA
42;"SC";4202008;"420200";"Balneário Camboriú";"Não";"Região Metropolitana da Foz do Rio Itajaí";"Outros";NA;1;NA;NA;1;NA;1;NA;NA;NA;NA;NA;NA;NA;1;1;1;NA;2;NA;1;2;4;NA;NA
42;"SC";4202057;"420205";"Balneário Barra do Sul";"Não";"Região Metropolitana de Joinville";"Outros";NA;NA;NA;NA;NA;NA;NA;NA;NA;NA;NA;NA;NA;NA;NA;NA;NA;NA;NA;NA;NA;NA;NA;NA;NA
42;"SC";4202073;"420207";"Balneário Gaivota";"Não";"Região Metropolitana Carbonífera";"Outros";NA;NA;NA;NA;NA;NA;NA;NA;NA;NA;NA;NA;NA;NA;NA;NA;NA;NA;NA;NA;NA;NA;NA;NA;NA
42;"SC";4202081;"420208";"Bandeirante";"Não";"Região Metropolitana do Extremo Oeste";"Outros";NA;NA;NA;NA;NA;NA;NA;NA;NA;NA;NA;NA;NA;NA;NA;NA;NA;NA;NA;NA;NA;NA;NA;NA;NA
42;"SC";4202099;"420209";"Barra Bonita";"Não";"Região Metropolitana do Extremo Oeste";"Outros";NA;NA;NA;NA;NA;NA;NA;NA;NA;NA;NA;NA;NA;NA;NA;NA;NA;NA;NA;NA;NA;NA;NA;NA;NA
42;"SC";4202107;"420210";"Barra Velha";"Não";"Região Metropolitana de Jaraguá do Sul";"Outros";NA;NA;NA;NA;NA;NA;NA;1;NA;1;NA;NA;NA;NA;1;NA;NA;1;NA;NA;NA;1;1;NA;NA
42;"SC";4202131;"420213";"Bela Vista do Toldo";"Não";"Região Metropolitana do Planalto Norte";"Outros";NA;NA;NA;NA;NA;NA;NA;NA;NA;NA;NA;NA;NA;NA;NA;NA;NA;NA;1;NA;NA;NA;NA;NA;NA
42;"SC";4202156;"420215";"Belmonte";"Não";"Região Metropolitana do Extremo Oeste";"Outros";NA;NA;NA;NA;NA;NA;NA;NA;NA;NA;NA;NA;NA;NA;NA;NA;NA;NA;NA;NA;NA;NA;NA;NA;NA
42;"SC";4202206;"420220";"Benedito Novo";"Não";"Região Metropolitana do Vale do Itajaí";"Outros";NA;NA;NA;NA;NA;NA;NA;NA;NA;NA;NA;NA;NA;NA;NA;NA;NA;NA;NA;NA;NA;NA;NA;NA;NA
42;"SC";4202305;"420230";"Biguaçu";"Não";"Região Metropolitana de Florianópolis";"Outros";1;NA;NA;NA;NA;NA;1;NA;NA;NA;NA;1;1;NA;NA;NA;NA;NA;NA;NA;NA;NA;NA;NA;NA
42;"SC";4202404;"420240";"Blumenau";"Não";"Região Metropolitana do Vale do Itajaí";"Outros";NA;NA;1;1;NA;2;NA;3;NA;1;2;1;NA;2;NA;NA;NA;NA;NA;NA;NA;1;NA;NA;NA
42;"SC";4202438;"420243";"Bocaina do Sul";"Não";"Região Metropolitana de Lages";"Outros";NA;NA;NA;NA;NA;NA;NA;NA;NA;NA;NA;NA;NA;2;NA;NA;NA;NA;NA;NA;NA;NA;NA;NA;NA
42;"SC";4202453;"420245";"Bombinhas";"Não";"Região Metropolitana da Foz do Rio Itajaí";"Outros";NA;NA;NA;NA;NA;NA;NA;NA;NA;NA;NA;NA;NA;NA;NA;NA;NA;NA;NA;NA;NA;NA;NA;NA;NA
42;"SC";4202503;"420250";"Bom Jardim da Serra";"Não";"Região Metropolitana de Lages";"Outros";NA;NA;NA;NA;NA;NA;NA;NA;NA;NA;1;NA;NA;NA;NA;NA;NA;NA;NA;NA;NA;NA;NA;NA;NA
42;"SC";4202537;"420253";"Bom Jesus";"Não";"Região Metropolitana do Extremo Oeste";"Outros";NA;NA;NA;NA;NA;NA;NA;NA;NA;NA;NA;NA;NA;NA;NA;NA;NA;NA;NA;NA;NA;NA;NA;NA;NA
42;"SC";4202578;"420257";"Bom Jesus do Oeste";"Não";"Região Metropolitana do Extremo Oeste";"Outros";NA;NA;NA;NA;NA;NA;NA;NA;NA;NA;NA;NA;NA;NA;NA;NA;NA;NA;NA;NA;NA;NA;NA;NA;NA
42;"SC";4202602;"420260";"Bom Retiro";"Não";"Região Metropolitana de Lages";"Outros";NA;NA;NA;NA;1;NA;NA;1;NA;NA;NA;NA;NA;NA;NA;NA;NA;NA;NA;NA;NA;NA;NA;NA;NA
42;"SC";4202701;"420270";"Botuverá";"Não";"Região Metropolitana do Vale do Itajaí";"Outros";NA;NA;NA;NA;NA;NA;NA;NA;NA;NA;NA;NA;NA;NA;NA;NA;NA;NA;NA;NA;NA;NA;NA;NA;NA
42;"SC";4202800;"420280";"Braço do Norte";"Não";"Região Metropolitana de Tubarão";"Outros";NA;NA;NA;NA;NA;NA;NA;NA;NA;NA;NA;NA;NA;NA;NA;NA;NA;NA;NA;NA;NA;NA;NA;NA;NA
42;"SC";4202859;"420285";"Braço do Trombudo";"Não";"Região Metropolitana do Alto Vale do Itajaí";"Outros";NA;NA;NA;NA;NA;NA;NA;NA;NA;NA;NA;NA;NA;NA;NA;NA;NA;NA;NA;NA;NA;NA;NA;NA;NA
42;"SC";4202875;"420287";"Brunópolis";"Não";"Região Metropolitana do Contestado";"Outros";NA;NA;NA;1;NA;NA;NA;NA;NA;NA;NA;NA;NA;NA;NA;1;NA;NA;NA;NA;NA;NA;NA;1;NA
42;"SC";4202909;"420290";"Brusque";"Não";"Região Metropolitana do Vale do Itajaí";"Outros";NA;NA;NA;NA;1;1;NA;NA;NA;NA;NA;NA;2;NA;NA;NA;NA;NA;NA;NA;2;NA;NA;1;NA
42;"SC";4203006;"420300";"Caçador";"Não";"Região Metropolitana do Contestado";"Outros";1;NA;NA;NA;NA;NA;NA;NA;NA;NA;NA;NA;2;NA;NA;NA;NA;NA;NA;NA;NA;1;2;NA;NA
42;"SC";4203105;"420310";"Caibi";"Não";"Região Metropolitana do Extremo Oeste";"Outros";NA;NA;NA;NA;NA;NA;NA;NA;NA;NA;NA;NA;NA;NA;NA;NA;NA;NA;NA;NA;NA;NA;NA;NA;NA
42;"SC";4203154;"420315";"Calmon";"Não";"Região Metropolitana do Contestado";"Outros";NA;NA;NA;NA;NA;NA;NA;NA;NA;NA;NA;NA;NA;NA;NA;NA;NA;NA;NA;NA;NA;NA;NA;NA;NA
42;"SC";4203204;"420320";"Camboriú";"Não";"Região Metropolitana da Foz do Rio Itajaí";"Outros";NA;NA;NA;NA;NA;NA;NA;NA;NA;NA;NA;NA;NA;NA;1;NA;NA;NA;NA;NA;NA;NA;NA;NA;NA
42;"SC";4203253;"420325";"Capão Alto";"Não";"Região Metropolitana de Lages";"Outros";NA;NA;NA;NA;NA;1;NA;NA;NA;1;NA;NA;NA;NA;NA;1;NA;NA;NA;NA;NA;NA;NA;NA;NA
42;"SC";4203303;"420330";"Campo Alegre";"Não";"Região Metropolitana de Joinville";"Outros";NA;NA;NA;NA;NA;NA;NA;NA;NA;NA;NA;NA;NA;NA;NA;NA;NA;NA;NA;NA;NA;NA;NA;NA;NA
42;"SC";4203402;"420340";"Campo Belo do Sul";"Não";"Região Metropolitana de Lages";"Outros";NA;NA;NA;NA;NA;NA;NA;NA;NA;NA;NA;NA;NA;NA;NA;NA;NA;NA;1;NA;NA;NA;NA;NA;NA
42;"SC";4203501;"420350";"Campo Erê";"Não";"Região Metropolitana do Extremo Oeste";"Outros";1;NA;NA;NA;NA;NA;NA;NA;NA;NA;NA;NA;NA;NA;1;NA;NA;NA;NA;NA;NA;NA;NA;NA;NA
42;"SC";4203600;"420360";"Campos Novos";"Não";"Região Metropolitana do Contestado";"Outros";NA;1;1;2;NA;NA;NA;NA;NA;NA;NA;1;1;NA;1;NA;NA;NA;NA;NA;2;1;1;3;NA
42;"SC";4203709;"420370";"Canelinha";"Não";"Região Metropolitana de Florianópolis";"Outros";NA;NA;NA;1;1;NA;NA;NA;NA;NA;NA;NA;NA;NA;NA;NA;NA;NA;NA;NA;NA;NA;NA;NA;NA
42;"SC";4203808;"420380";"Canoinhas";"Não";"Região Metropolitana do Planalto Norte";"Outros";NA;NA;NA;NA;NA;NA;NA;NA;NA;NA;NA;NA;NA;NA;NA;NA;NA;NA;NA;NA;NA;NA;NA;NA;NA
42;"SC";4203907;"420390";"Capinzal";"Não";"Região Metropolitana do Contestado";"Outros";NA;NA;NA;NA;NA;NA;NA;NA;NA;NA;NA;NA;NA;NA;NA;NA;NA;NA;NA;NA;NA;NA;NA;NA;NA
42;"SC";4203956;"420395";"Capivari de Baixo";"Não";"Região Metropolitana de Tubarão";"Outros";NA;1;1;NA;NA;NA;NA;NA;NA;NA;NA;NA;NA;NA;NA;NA;NA;NA;NA;NA;NA;NA;NA;NA;NA
42;"SC";4204004;"420400";"Catanduvas";"Não";"Região Metropolitana do Contestado";"Outros";NA;NA;NA;NA;NA;NA;NA;NA;NA;1;NA;NA;NA;NA;NA;NA;NA;NA;NA;NA;NA;NA;NA;NA;NA
42;"SC";4204103;"420410";"Caxambu do Sul";"Não";"Região Metropolitana de Chapecó";"Outros";NA;NA;NA;NA;NA;NA;NA;NA;NA;NA;NA;NA;NA;NA;NA;NA;NA;NA;NA;NA;NA;NA;NA;NA;NA
42;"SC";4204152;"420415";"Celso Ramos";"Não";"Região Metropolitana do Contestado";"Outros";NA;NA;NA;NA;NA;NA;NA;NA;NA;NA;NA;1;NA;NA;NA;NA;NA;NA;NA;NA;NA;NA;NA;NA;NA
42;"SC";4204178;"420417";"Cerro Negro";"Não";"Região Metropolitana de Lages";"Outros";NA;NA;NA;NA;NA;NA;NA;NA;NA;NA;NA;NA;NA;NA;NA;NA;NA;NA;NA;NA;NA;NA;NA;NA;NA
42;"SC";4204194;"420419";"Chapadão do Lageado";"Não";"Região Metropolitana do Alto Vale do Itajaí";"Outros";NA;NA;NA;NA;NA;NA;NA;NA;NA;NA;NA;NA;NA;NA;NA;NA;NA;NA;NA;NA;NA;NA;NA;NA;NA
42;"SC";4204202;"420420";"Chapecó";"Não";"Região Metropolitana de Chapecó";"Outros";1;6;NA;1;NA;2;NA;2;1;NA;NA;NA;NA;NA;NA;NA;NA;NA;NA;NA;1;1;NA;NA;NA
42;"SC";4204251;"420425";"Cocal do Sul";"Não";"Região Metropolitana Carbonífera";"Outros";NA;NA;NA;NA;NA;NA;NA;1;NA;NA;NA;NA;NA;NA;NA;NA;NA;NA;NA;NA;NA;NA;NA;NA;NA
42;"SC";4204301;"420430";"Concórdia";"Não";"Região Metropolitana do Contestado";"Outros";NA;NA;NA;2;NA;NA;NA;NA;NA;NA;NA;NA;3;NA;1;NA;NA;1;NA;NA;1;1;NA;NA;NA
42;"SC";4204350;"420435";"Cordilheira Alta";"Não";"Região Metropolitana de Chapecó";"Outros";NA;NA;1;NA;NA;NA;NA;NA;1;NA;NA;NA;NA;NA;NA;NA;NA;NA;NA;NA;NA;NA;NA;NA;NA
42;"SC";4204400;"420440";"Coronel Freitas";"Não";"Região Metropolitana de Chapecó";"Outros";NA;NA;NA;NA;NA;NA;NA;NA;NA;NA;NA;NA;NA;NA;NA;NA;NA;NA;NA;NA;NA;NA;1;NA;NA
42;"SC";4204509;"420450";"Corupá";"Não";"Região Metropolitana de Jaraguá do Sul";"Outros";NA;NA;NA;NA;NA;NA;NA;NA;NA;NA;NA;NA;NA;NA;NA;NA;NA;NA;NA;NA;NA;NA;NA;NA;NA
42;"SC";4204558;"420455";"Correia Pinto";"Não";"Região Metropolitana de Lages";"Outros";NA;NA;NA;NA;NA;1;NA;NA;NA;NA;NA;NA;NA;2;NA;NA;NA;NA;NA;1;NA;NA;NA;NA;NA
42;"SC";4204608;"420460";"Criciúma";"Não";"Região Metropolitana Carbonífera";"Outros";NA;NA;NA;NA;1;NA;NA;NA;1;NA;NA;1;NA;NA;NA;NA;NA;NA;NA;NA;NA;1;1;1;NA
42;"SC";4204707;"420470";"Cunha Porã";"Não";"Região Metropolitana do Extremo Oeste";"Outros";NA;NA;NA;NA;NA;NA;NA;NA;NA;NA;NA;NA;NA;1;NA;NA;NA;NA;NA;NA;NA;NA;NA;1;NA
42;"SC";4204756;"420475";"Cunhataí";"Não";"Região Metropolitana de Chapecó";"Outros";NA;NA;NA;NA;NA;NA;NA;NA;NA;NA;NA;NA;NA;NA;NA;NA;NA;NA;NA;NA;NA;NA;NA;NA;NA
42;"SC";4204806;"420480";"Curitibanos";"Não";"Região Metropolitana de Lages";"Outros";NA;NA;NA;1;NA;1;NA;1;2;NA;NA;NA;NA;NA;1;NA;1;1;NA;NA;2;NA;NA;1;NA
42;"SC";4204905;"420490";"Descanso";"Não";"Região Metropolitana do Extremo Oeste";"Outros";NA;NA;NA;NA;NA;NA;1;NA;NA;NA;NA;NA;NA;NA;NA;NA;NA;1;NA;NA;NA;NA;NA;NA;NA
42;"SC";4205001;"420500";"Dionísio Cerqueira";"Não";"Região Metropolitana do Extremo Oeste";"Outros";NA;NA;NA;NA;NA;NA;NA;NA;NA;NA;NA;1;NA;NA;NA;NA;NA;NA;1;NA;NA;NA;NA;NA;NA
42;"SC";4205100;"420510";"Dona Emma";"Não";"Região Metropolitana do Alto Vale do Itajaí";"Outros";NA;NA;NA;NA;NA;NA;NA;NA;NA;NA;NA;NA;NA;NA;NA;NA;NA;NA;NA;NA;NA;NA;NA;NA;NA
42;"SC";4205159;"420515";"Doutor Pedrinho";"Não";"Região Metropolitana do Vale do Itajaí";"Outros";NA;NA;NA;NA;NA;NA;NA;NA;NA;NA;NA;NA;NA;NA;NA;NA;NA;NA;NA;NA;NA;NA;NA;NA;NA
42;"SC";4205175;"420517";"Entre Rios";"Não";"Região Metropolitana do Extremo Oeste";"Outros";NA;NA;NA;NA;NA;NA;NA;NA;NA;NA;NA;NA;NA;NA;NA;NA;NA;NA;NA;NA;NA;NA;1;NA;NA
42;"SC";4205209;"420520";"Erval Velho";"Não";"Região Metropolitana do Contestado";"Outros";NA;NA;NA;1;NA;NA;NA;NA;NA;NA;NA;NA;NA;NA;NA;NA;NA;NA;NA;NA;NA;NA;NA;NA;NA
42;"SC";4205308;"420530";"Faxinal dos Guedes";"Não";"Região Metropolitana de Chapecó";"Outros";NA;NA;NA;NA;NA;NA;NA;NA;NA;NA;NA;NA;NA;NA;NA;NA;NA;NA;NA;1;NA;NA;NA;NA;NA
42;"SC";4205357;"420535";"Flor do Sertão";"Não";"Região Metropolitana do Extremo Oeste";"Outros";NA;NA;NA;NA;NA;NA;NA;NA;NA;NA;NA;NA;NA;NA;NA;NA;NA;NA;NA;NA;NA;NA;NA;NA;NA
42;"SC";4205407;"420540";"Florianópolis";"Sim";"Região Metropolitana de Florianópolis";"Outros";2;1;2;1;1;4;2;2;8;NA;NA;1;2;1;2;1;NA;NA;1;1;2;NA;1;NA;NA
42;"SC";4205431;"420543";"Formosa do Sul";"Não";"Região Metropolitana do Extremo Oeste";"Outros";NA;NA;NA;NA;NA;NA;NA;NA;NA;NA;NA;NA;NA;NA;NA;NA;NA;NA;NA;NA;NA;NA;NA;NA;NA
42;"SC";4205456;"420545";"Forquilhinha";"Não";"Região Metropolitana Carbonífera";"Outros";NA;NA;NA;NA;NA;NA;NA;NA;NA;NA;NA;NA;NA;NA;NA;NA;NA;NA;NA;NA;NA;NA;NA;1;NA
42;"SC";4205506;"420550";"Fraiburgo";"Não";"Região Metropolitana do Contestado";"Outros";NA;NA;NA;NA;NA;1;NA;NA;NA;NA;NA;NA;NA;NA;NA;NA;NA;NA;NA;NA;NA;NA;NA;NA;NA
42;"SC";4205555;"420555";"Frei Rogério";"Não";"Região Metropolitana de Lages";"Outros";NA;NA;NA;NA;NA;NA;NA;NA;NA;NA;NA;NA;NA;NA;NA;NA;NA;NA;NA;NA;NA;NA;NA;NA;NA
42;"SC";4205605;"420560";"Galvão";"Não";"Região Metropolitana do Extremo Oeste";"Outros";NA;NA;NA;NA;NA;NA;NA;NA;NA;NA;NA;NA;NA;NA;NA;NA;NA;NA;NA;NA;NA;NA;NA;NA;NA
42;"SC";4205704;"420570";"Garopaba";"Não";"Região Metropolitana de Florianópolis";"Outros";NA;NA;NA;NA;NA;NA;NA;1;NA;NA;NA;NA;NA;NA;NA;NA;NA;NA;NA;NA;NA;NA;NA;NA;NA
42;"SC";4205803;"420580";"Garuva";"Não";"Região Metropolitana de Joinville";"Outros";NA;NA;NA;NA;NA;NA;1;NA;NA;1;NA;NA;NA;NA;NA;NA;NA;NA;NA;NA;NA;1;NA;NA;NA
42;"SC";4205902;"420590";"Gaspar";"Não";"Região Metropolitana do Vale do Itajaí";"Outros";NA;NA;NA;NA;1;NA;NA;1;NA;NA;NA;NA;NA;NA;NA;NA;NA;NA;NA;NA;NA;NA;NA;NA;NA
42;"SC";4206009;"420600";"Governador Celso Ramos";"Não";"Região Metropolitana de Florianópolis";"Outros";NA;NA;NA;NA;NA;NA;NA;NA;NA;NA;NA;NA;NA;NA;NA;NA;NA;NA;NA;NA;1;NA;NA;NA;NA
42;"SC";4206108;"420610";"Grão-Pará";"Não";"Região Metropolitana de Tubarão";"Outros";NA;NA;NA;NA;NA;NA;NA;NA;NA;NA;NA;NA;NA;NA;NA;NA;NA;NA;NA;NA;NA;NA;NA;NA;NA
42;"SC";4206207;"420620";"Gravatal";"Não";"Região Metropolitana de Tubarão";"Outros";NA;NA;NA;NA;NA;NA;NA;NA;NA;NA;NA;NA;NA;NA;NA;NA;NA;NA;NA;NA;NA;NA;NA;NA;NA
42;"SC";4206306;"420630";"Guabiruba";"Não";"Região Metropolitana do Vale do Itajaí";"Outros";NA;NA;NA;NA;NA;NA;NA;NA;NA;NA;NA;NA;NA;NA;NA;NA;NA;NA;NA;NA;NA;NA;NA;NA;NA
42;"SC";4206405;"420640";"Guaraciaba";"Não";"Região Metropolitana do Extremo Oeste";"Outros";1;NA;NA;NA;NA;NA;NA;NA;NA;NA;2;NA;NA;NA;NA;NA;NA;2;NA;NA;NA;NA;NA;NA;NA
42;"SC";4206504;"420650";"Guaramirim";"Não";"Região Metropolitana de Jaraguá do Sul";"Outros";NA;NA;NA;NA;NA;NA;1;NA;NA;NA;NA;NA;NA;NA;NA;NA;NA;NA;NA;NA;NA;NA;NA;NA;NA
42;"SC";4206603;"420660";"Guarujá do Sul";"Não";"Região Metropolitana do Extremo Oeste";"Outros";NA;NA;NA;NA;NA;NA;NA;NA;NA;NA;NA;1;NA;NA;NA;NA;NA;NA;NA;NA;NA;NA;NA;NA;NA
42;"SC";4206652;"420665";"Guatambú";"Não";"Região Metropolitana de Chapecó";"Outros";NA;1;NA;NA;NA;NA;NA;NA;NA;NA;NA;NA;NA;NA;NA;NA;NA;NA;NA;NA;NA;NA;NA;NA;NA
42;"SC";4206702;"420670";"Herval d'Oeste";"Não";"Região Metropolitana do Contestado";"Outros";NA;NA;NA;2;NA;NA;NA;NA;NA;NA;1;NA;NA;1;NA;NA;NA;NA;NA;NA;NA;1;NA;NA;NA
42;"SC";4206751;"420675";"Ibiam";"Não";"Região Metropolitana do Contestado";"Outros";NA;NA;NA;NA;NA;NA;NA;NA;NA;NA;NA;NA;NA;NA;NA;NA;NA;NA;NA;NA;NA;NA;NA;NA;NA
42;"SC";4206801;"420680";"Ibicaré";"Não";"Região Metropolitana do Contestado";"Outros";NA;NA;NA;NA;NA;NA;NA;NA;NA;NA;NA;NA;NA;NA;NA;NA;NA;NA;NA;NA;NA;NA;NA;NA;NA
42;"SC";4206900;"420690";"Ibirama";"Não";"Região Metropolitana do Alto Vale do Itajaí";"Outros";NA;NA;NA;NA;NA;NA;NA;NA;NA;NA;NA;NA;NA;NA;1;1;NA;NA;NA;NA;NA;1;1;1;NA
42;"SC";4207007;"420700";"Içara";"Não";"Região Metropolitana Carbonífera";"Outros";NA;NA;NA;NA;1;NA;1;1;NA;NA;NA;1;NA;NA;NA;NA;NA;NA;NA;NA;NA;NA;1;NA;NA
42;"SC";4207106;"420710";"Ilhota";"Não";"Região Metropolitana do Vale do Itajaí";"Outros";NA;NA;NA;NA;NA;NA;NA;NA;NA;NA;NA;NA;NA;NA;NA;NA;NA;NA;NA;NA;NA;NA;NA;NA;NA
42;"SC";4207205;"420720";"Imaruí";"Não";"Região Metropolitana de Tubarão";"Outros";NA;NA;NA;NA;NA;NA;NA;NA;NA;NA;NA;NA;NA;NA;NA;NA;NA;NA;NA;NA;NA;NA;NA;NA;NA
42;"SC";4207304;"420730";"Imbituba";"Não";"Região Metropolitana de Tubarão";"Outros";1;NA;NA;2;1;NA;NA;NA;NA;NA;NA;NA;NA;NA;NA;1;NA;NA;NA;1;NA;NA;NA;NA;NA
42;"SC";4207403;"420740";"Imbuia";"Não";"Região Metropolitana do Alto Vale do Itajaí";"Outros";NA;NA;NA;NA;NA;NA;NA;NA;NA;NA;NA;NA;NA;NA;NA;NA;NA;NA;NA;NA;NA;NA;NA;NA;NA
42;"SC";4207502;"420750";"Indaial";"Não";"Região Metropolitana do Vale do Itajaí";"Outros";1;NA;NA;NA;NA;NA;NA;NA;NA;NA;NA;NA;NA;NA;1;NA;NA;NA;NA;NA;NA;NA;NA;NA;NA
42;"SC";4207577;"420757";"Iomerê";"Não";"Região Metropolitana do Contestado";"Outros";NA;NA;NA;NA;NA;NA;NA;NA;NA;NA;NA;NA;NA;NA;NA;NA;NA;NA;NA;NA;NA;NA;NA;NA;NA
42;"SC";4207601;"420760";"Ipira";"Não";"Região Metropolitana do Contestado";"Outros";NA;NA;NA;NA;NA;NA;NA;NA;NA;NA;NA;NA;NA;NA;NA;NA;NA;NA;NA;NA;NA;NA;NA;NA;NA
42;"SC";4207650;"420765";"Iporã do Oeste";"Não";"Região Metropolitana do Extremo Oeste";"Outros";NA;NA;NA;NA;NA;NA;NA;NA;NA;NA;NA;NA;NA;1;NA;NA;NA;NA;NA;NA;NA;NA;NA;NA;NA
42;"SC";4207684;"420768";"Ipuaçu";"Não";"Região Metropolitana do Extremo Oeste";"Outros";NA;NA;NA;NA;NA;NA;NA;NA;NA;NA;NA;NA;NA;NA;NA;NA;NA;NA;1;NA;NA;1;NA;NA;NA
42;"SC";4207700;"420770";"Ipumirim";"Não";"Região Metropolitana do Contestado";"Outros";NA;NA;NA;NA;NA;NA;NA;NA;NA;NA;NA;NA;NA;NA;NA;NA;NA;NA;NA;NA;NA;NA;NA;NA;NA
42;"SC";4207759;"420775";"Iraceminha";"Não";"Região Metropolitana do Extremo Oeste";"Outros";NA;3;NA;NA;NA;NA;NA;NA;NA;NA;NA;1;NA;NA;NA;NA;NA;NA;NA;NA;1;NA;NA;NA;NA
42;"SC";4207809;"420780";"Irani";"Não";"Região Metropolitana do Contestado";"Outros";NA;NA;NA;1;1;NA;NA;NA;NA;NA;NA;NA;NA;NA;NA;NA;NA;NA;NA;NA;NA;NA;NA;NA;NA
42;"SC";4207908;"420790";"Irineópolis";"Não";"Região Metropolitana do Planalto Norte";"Outros";NA;NA;NA;NA;NA;NA;NA;NA;NA;NA;NA;NA;NA;NA;NA;NA;NA;NA;NA;NA;NA;NA;NA;NA;NA
42;"SC";4208005;"420800";"Itá";"Não";"Região Metropolitana de Chapecó";"Outros";NA;NA;NA;NA;NA;NA;NA;NA;NA;NA;NA;NA;NA;NA;NA;NA;NA;NA;NA;NA;NA;NA;NA;NA;NA
42;"SC";4208104;"420810";"Itaiópolis";"Não";"Região Metropolitana do Planalto Norte";"Outros";NA;NA;NA;NA;NA;NA;NA;NA;NA;1;NA;NA;NA;NA;NA;NA;NA;NA;NA;NA;NA;NA;NA;NA;NA
42;"SC";4208203;"420820";"Itajaí";"Não";"Região Metropolitana da Foz do Rio Itajaí";"Outros";1;NA;1;2;NA;NA;NA;1;NA;NA;NA;1;NA;NA;NA;NA;NA;1;3;NA;5;3;4;NA;NA
42;"SC";4208302;"420830";"Itapema";"Não";"Região Metropolitana da Foz do Rio Itajaí";"Outros";NA;NA;1;NA;NA;3;NA;NA;NA;2;NA;1;NA;NA;NA;1;NA;1;NA;1;1;NA;1;NA;NA
42;"SC";4208401;"420840";"Itapiranga";"Não";"Região Metropolitana do Extremo Oeste";"Outros";NA;NA;NA;NA;NA;NA;NA;NA;NA;NA;NA;NA;NA;NA;NA;NA;NA;NA;NA;NA;NA;NA;NA;NA;NA
42;"SC";4208450;"420845";"Itapoá";"Não";"Região Metropolitana de Joinville";"Outros";NA;NA;NA;NA;NA;NA;NA;NA;NA;NA;NA;NA;NA;NA;NA;NA;NA;NA;NA;NA;NA;NA;NA;NA;NA
42;"SC";4208500;"420850";"Ituporanga";"Não";"Região Metropolitana do Alto Vale do Itajaí";"Outros";NA;NA;NA;NA;NA;1;NA;NA;NA;NA;1;NA;NA;NA;NA;3;NA;NA;NA;NA;NA;NA;NA;NA;NA
42;"SC";4208609;"420860";"Jaborá";"Não";"Região Metropolitana do Contestado";"Outros";NA;NA;NA;NA;NA;NA;NA;NA;NA;NA;NA;NA;NA;NA;NA;NA;NA;NA;NA;NA;NA;NA;NA;NA;NA
42;"SC";4208708;"420870";"Jacinto Machado";"Não";"Região Metropolitana Carbonífera";"Outros";NA;NA;NA;NA;NA;NA;NA;NA;NA;NA;NA;NA;NA;NA;NA;NA;NA;NA;NA;NA;NA;NA;NA;NA;NA
42;"SC";4208807;"420880";"Jaguaruna";"Não";"Região Metropolitana de Tubarão";"Outros";NA;NA;NA;NA;NA;NA;NA;NA;NA;NA;NA;NA;NA;NA;NA;NA;NA;NA;NA;NA;NA;NA;NA;NA;NA
42;"SC";4208906;"420890";"Jaraguá do Sul";"Não";"Região Metropolitana de Jaraguá do Sul";"Outros";NA;NA;NA;NA;NA;NA;1;NA;1;1;NA;1;NA;NA;NA;1;NA;NA;NA;NA;1;NA;NA;1;NA
42;"SC";4209003;"420900";"Joaçaba";"Não";"Região Metropolitana do Contestado";"Outros";1;NA;NA;NA;2;NA;NA;NA;1;NA;NA;NA;NA;NA;NA;NA;NA;NA;NA;NA;NA;NA;NA;NA;NA
42;"SC";4209102;"420910";"Joinville";"Não";"Região Metropolitana de Joinville";"Outros";2;NA;4;NA;1;3;4;1;1;1;2;4;4;2;1;6;1;2;2;NA;2;5;4;NA;NA
42;"SC";4209151;"420915";"José Boiteux";"Não";"Região Metropolitana do Alto Vale do Itajaí";"Outros";NA;NA;NA;NA;NA;NA;NA;NA;NA;NA;NA;NA;NA;NA;NA;NA;NA;NA;NA;NA;NA;NA;NA;NA;NA
42;"SC";4209177;"420917";"Jupiá";"Não";"Região Metropolitana do Extremo Oeste";"Outros";NA;NA;NA;NA;NA;NA;NA;NA;NA;NA;NA;NA;NA;NA;NA;NA;NA;NA;NA;NA;NA;NA;NA;NA;NA
42;"SC";4209201;"420920";"Lacerdópolis";"Não";"Região Metropolitana do Contestado";"Outros";NA;NA;NA;NA;NA;NA;NA;NA;NA;NA;NA;NA;NA;NA;NA;NA;NA;NA;NA;NA;NA;NA;NA;NA;NA
42;"SC";4209300;"420930";"Lages";"Não";"Região Metropolitana de Lages";"Outros";NA;NA;1;1;NA;NA;NA;NA;1;NA;4;1;2;NA;1;3;NA;1;NA;NA;NA;NA;NA;1;NA
42;"SC";4209409;"420940";"Laguna";"Não";"Região Metropolitana de Tubarão";"Outros";NA;NA;NA;NA;NA;NA;NA;NA;NA;NA;1;NA;NA;NA;NA;NA;NA;NA;NA;NA;NA;NA;NA;NA;NA
42;"SC";4209508;"420950";"Laurentino";"Não";"Região Metropolitana do Alto Vale do Itajaí";"Outros";NA;NA;NA;NA;NA;1;NA;NA;NA;NA;NA;NA;NA;NA;NA;NA;NA;NA;NA;NA;NA;NA;NA;NA;NA
42;"SC";4209607;"420960";"Lauro Müller";"Não";"Região Metropolitana Carbonífera";"Outros";NA;NA;NA;NA;1;NA;NA;NA;NA;NA;NA;NA;NA;NA;NA;NA;NA;NA;NA;NA;NA;NA;NA;NA;NA
42;"SC";4209706;"420970";"Lebon Régis";"Não";"Região Metropolitana do Contestado";"Outros";NA;NA;NA;NA;NA;NA;NA;NA;NA;NA;NA;NA;NA;NA;NA;NA;NA;NA;NA;NA;1;NA;NA;NA;NA
42;"SC";4209805;"420980";"Leoberto Leal";"Não";"Região Metropolitana de Florianópolis";"Outros";NA;NA;NA;NA;NA;NA;NA;NA;NA;1;NA;NA;NA;NA;NA;NA;NA;NA;NA;NA;NA;NA;NA;NA;NA
42;"SC";4209854;"420985";"Lindóia do Sul";"Não";"Região Metropolitana do Contestado";"Outros";NA;NA;NA;NA;NA;NA;NA;NA;NA;NA;NA;NA;NA;NA;NA;NA;NA;NA;NA;NA;NA;NA;NA;1;NA
42;"SC";4209904;"420990";"Lontras";"Não";"Região Metropolitana do Alto Vale do Itajaí";"Outros";NA;NA;NA;NA;NA;NA;NA;NA;NA;NA;NA;NA;NA;NA;NA;NA;NA;NA;NA;NA;NA;NA;NA;NA;NA
42;"SC";4210001;"421000";"Luiz Alves";"Não";"Região Metropolitana do Vale do Itajaí";"Outros";2;NA;NA;NA;NA;NA;1;NA;NA;NA;NA;NA;NA;NA;NA;NA;NA;NA;NA;NA;NA;NA;NA;NA;NA
42;"SC";4210035;"421003";"Luzerna";"Não";"Região Metropolitana do Contestado";"Outros";NA;NA;NA;NA;NA;NA;NA;NA;NA;NA;NA;NA;NA;NA;NA;NA;NA;NA;NA;NA;NA;NA;NA;NA;NA
42;"SC";4210050;"421005";"Macieira";"Não";"Região Metropolitana do Contestado";"Outros";NA;NA;NA;NA;NA;NA;NA;NA;NA;NA;NA;NA;NA;NA;NA;NA;NA;NA;NA;NA;NA;NA;NA;NA;NA
42;"SC";4210100;"421010";"Mafra";"Não";"Região Metropolitana do Planalto Norte";"Outros";NA;NA;1;NA;NA;NA;NA;NA;NA;NA;NA;NA;NA;NA;NA;NA;NA;NA;NA;NA;NA;1;NA;NA;NA
42;"SC";4210209;"421020";"Major Gercino";"Não";"Região Metropolitana de Florianópolis";"Outros";NA;NA;NA;NA;NA;NA;NA;NA;NA;NA;NA;NA;NA;NA;NA;NA;NA;NA;NA;NA;NA;NA;NA;NA;NA
42;"SC";4210308;"421030";"Major Vieira";"Não";"Região Metropolitana do Planalto Norte";"Outros";NA;NA;NA;NA;NA;NA;NA;NA;NA;NA;NA;NA;NA;NA;NA;NA;NA;NA;NA;NA;NA;NA;NA;NA;NA
42;"SC";4210407;"421040";"Maracajá";"Não";"Região Metropolitana Carbonífera";"Outros";1;NA;NA;NA;NA;NA;NA;NA;NA;NA;NA;NA;NA;NA;NA;NA;NA;NA;NA;NA;NA;NA;NA;NA;NA
42;"SC";4210506;"421050";"Maravilha";"Não";"Região Metropolitana do Extremo Oeste";"Outros";NA;NA;NA;NA;NA;NA;NA;NA;NA;1;NA;NA;NA;NA;NA;NA;NA;NA;NA;NA;NA;NA;NA;NA;NA
42;"SC";4210555;"421055";"Marema";"Não";"Região Metropolitana de Chapecó";"Outros";NA;NA;NA;NA;NA;NA;NA;NA;NA;NA;NA;NA;NA;NA;NA;NA;NA;NA;NA;NA;NA;NA;NA;NA;NA
42;"SC";4210605;"421060";"Massaranduba";"Não";"Região Metropolitana de Jaraguá do Sul";"Outros";NA;NA;NA;NA;NA;2;NA;NA;NA;NA;NA;NA;NA;NA;NA;NA;NA;NA;NA;NA;NA;NA;NA;NA;NA
42;"SC";4210704;"421070";"Matos Costa";"Não";"Região Metropolitana do Contestado";"Outros";NA;NA;NA;NA;NA;NA;NA;NA;NA;NA;NA;NA;NA;NA;NA;NA;NA;NA;NA;NA;NA;NA;NA;NA;NA
42;"SC";4210803;"421080";"Meleiro";"Não";"Região Metropolitana Carbonífera";"Outros";NA;NA;NA;NA;NA;NA;NA;NA;NA;NA;NA;NA;NA;NA;NA;NA;NA;NA;NA;NA;NA;NA;NA;NA;NA
42;"SC";4210852;"421085";"Mirim Doce";"Não";"Região Metropolitana do Alto Vale do Itajaí";"Outros";NA;NA;NA;NA;NA;NA;NA;NA;NA;NA;NA;NA;NA;NA;NA;NA;NA;NA;NA;NA;NA;NA;NA;NA;NA
42;"SC";4210902;"421090";"Modelo";"Não";"Região Metropolitana do Extremo Oeste";"Outros";NA;NA;NA;NA;NA;NA;NA;NA;NA;NA;NA;NA;NA;NA;NA;NA;NA;NA;NA;NA;NA;NA;NA;NA;NA
42;"SC";4211009;"421100";"Mondaí";"Não";"Região Metropolitana do Extremo Oeste";"Outros";NA;NA;NA;NA;NA;NA;NA;NA;NA;NA;NA;NA;NA;NA;NA;NA;NA;NA;NA;NA;NA;NA;NA;NA;NA
42;"SC";4211058;"421105";"Monte Carlo";"Não";"Região Metropolitana do Contestado";"Outros";NA;NA;NA;NA;NA;NA;1;NA;NA;NA;NA;NA;1;NA;NA;NA;NA;NA;NA;NA;NA;NA;NA;NA;NA
42;"SC";4211108;"421110";"Monte Castelo";"Não";"Região Metropolitana do Planalto Norte";"Outros";1;NA;NA;NA;NA;1;NA;NA;NA;NA;NA;NA;NA;1;NA;NA;NA;NA;NA;NA;NA;NA;NA;NA;NA
42;"SC";4211207;"421120";"Morro da Fumaça";"Não";"Região Metropolitana Carbonífera";"Outros";NA;NA;NA;NA;NA;NA;NA;NA;NA;NA;NA;NA;NA;NA;NA;NA;NA;NA;NA;NA;NA;NA;NA;NA;NA
42;"SC";4211256;"421125";"Morro Grande";"Não";"Região Metropolitana Carbonífera";"Outros";NA;NA;NA;NA;NA;NA;NA;NA;NA;NA;NA;NA;NA;NA;NA;NA;NA;NA;NA;NA;NA;NA;NA;NA;NA
42;"SC";4211306;"421130";"Navegantes";"Não";"Região Metropolitana da Foz do Rio Itajaí";"Outros";NA;1;NA;NA;NA;NA;NA;NA;1;NA;2;1;1;NA;NA;NA;NA;1;NA;NA;NA;NA;1;NA;NA
42;"SC";4211405;"421140";"Nova Erechim";"Não";"Região Metropolitana de Chapecó";"Outros";NA;NA;NA;NA;NA;NA;NA;NA;NA;NA;NA;NA;NA;NA;NA;NA;NA;NA;NA;NA;NA;NA;NA;1;NA
42;"SC";4211454;"421145";"Nova Itaberaba";"Não";"Região Metropolitana de Chapecó";"Outros";NA;NA;NA;NA;NA;NA;NA;NA;NA;NA;NA;NA;NA;NA;NA;NA;NA;NA;NA;NA;NA;NA;NA;NA;NA
42;"SC";4211504;"421150";"Nova Trento";"Não";"Região Metropolitana de Florianópolis";"Outros";NA;NA;NA;NA;NA;NA;NA;NA;NA;NA;NA;NA;NA;NA;NA;NA;NA;NA;NA;NA;NA;NA;NA;NA;NA
42;"SC";4211702;"421170";"Orleans";"Não";"Região Metropolitana de Tubarão";"Outros";NA;NA;NA;NA;NA;NA;NA;NA;NA;NA;NA;NA;NA;NA;NA;NA;NA;NA;NA;NA;NA;1;NA;NA;NA
42;"SC";4211751;"421175";"Otacílio Costa";"Não";"Região Metropolitana de Lages";"Outros";NA;NA;NA;NA;NA;NA;NA;NA;NA;NA;NA;NA;NA;2;NA;NA;NA;NA;NA;NA;NA;NA;NA;NA;NA
42;"SC";4211801;"421180";"Ouro";"Não";"Região Metropolitana do Contestado";"Outros";NA;NA;NA;NA;NA;NA;NA;NA;NA;NA;NA;NA;NA;NA;NA;NA;NA;NA;NA;NA;NA;NA;NA;NA;NA
42;"SC";4211892;"421189";"Painel";"Não";"Região Metropolitana de Lages";"Outros";NA;NA;NA;NA;NA;NA;NA;NA;NA;NA;NA;NA;NA;NA;NA;NA;NA;NA;NA;NA;NA;NA;NA;NA;NA
42;"SC";4211900;"421190";"Palhoça";"Não";"Região Metropolitana de Florianópolis";"Outros";NA;NA;NA;1;1;NA;1;1;NA;NA;NA;NA;NA;NA;NA;NA;NA;NA;NA;2;NA;NA;NA;NA;NA
42;"SC";4212007;"421200";"Palma Sola";"Não";"Região Metropolitana do Extremo Oeste";"Outros";NA;NA;NA;NA;NA;NA;NA;NA;NA;NA;NA;NA;NA;NA;NA;NA;NA;NA;NA;NA;NA;NA;NA;NA;NA
42;"SC";4212056;"421205";"Palmeira";"Não";"Região Metropolitana de Lages";"Outros";NA;NA;NA;NA;NA;NA;NA;NA;NA;NA;NA;NA;NA;NA;NA;NA;1;NA;NA;NA;NA;NA;NA;NA;NA
42;"SC";4212106;"421210";"Palmitos";"Não";"Região Metropolitana de Chapecó";"Outros";NA;1;1;NA;NA;NA;1;NA;NA;NA;NA;NA;NA;NA;NA;NA;NA;NA;NA;NA;NA;NA;NA;NA;NA
42;"SC";4212205;"421220";"Papanduva";"Não";"Região Metropolitana do Planalto Norte";"Outros";NA;1;1;NA;NA;NA;NA;NA;NA;NA;NA;1;NA;NA;NA;1;NA;NA;NA;NA;NA;NA;NA;NA;NA
42;"SC";4212239;"421223";"Paraíso";"Não";"Região Metropolitana do Extremo Oeste";"Outros";NA;NA;NA;NA;NA;NA;1;NA;NA;NA;NA;NA;NA;NA;NA;NA;NA;NA;NA;NA;NA;NA;NA;NA;NA
42;"SC";4212254;"421225";"Passo de Torres";"Não";"Região Metropolitana Carbonífera";"Outros";NA;NA;NA;NA;NA;NA;NA;NA;NA;NA;NA;NA;NA;NA;NA;NA;NA;NA;NA;NA;NA;NA;NA;NA;NA
42;"SC";4212270;"421227";"Passos Maia";"Não";"Região Metropolitana de Chapecó";"Outros";NA;NA;NA;NA;NA;NA;NA;NA;NA;NA;NA;NA;NA;NA;NA;NA;NA;NA;NA;NA;NA;NA;NA;NA;NA
42;"SC";4212304;"421230";"Paulo Lopes";"Não";"Região Metropolitana de Florianópolis";"Outros";NA;NA;NA;NA;NA;NA;NA;1;NA;NA;NA;NA;NA;NA;NA;NA;NA;NA;NA;NA;NA;NA;NA;NA;NA
42;"SC";4212403;"421240";"Pedras Grandes";"Não";"Região Metropolitana de Tubarão";"Outros";NA;NA;NA;NA;NA;NA;NA;NA;NA;NA;NA;NA;NA;NA;NA;NA;NA;NA;NA;NA;NA;NA;NA;NA;NA
42;"SC";4212502;"421250";"Penha";"Não";"Região Metropolitana da Foz do Rio Itajaí";"Outros";NA;NA;NA;NA;NA;NA;NA;NA;NA;NA;NA;NA;NA;NA;NA;NA;NA;NA;NA;NA;1;1;NA;NA;NA
42;"SC";4212601;"421260";"Peritiba";"Não";"Região Metropolitana do Contestado";"Outros";NA;NA;NA;NA;NA;NA;NA;NA;NA;NA;NA;NA;NA;NA;NA;NA;NA;NA;NA;NA;NA;NA;1;NA;NA
42;"SC";4212700;"421270";"Petrolândia";"Não";"Região Metropolitana do Alto Vale do Itajaí";"Outros";NA;NA;NA;NA;NA;NA;NA;NA;NA;NA;NA;NA;NA;NA;NA;NA;NA;NA;NA;NA;NA;NA;NA;NA;NA
42;"SC";4212809;"421280";"Balneário Piçarras";"Não";"Região Metropolitana da Foz do Rio Itajaí";"Outros";NA;NA;NA;NA;NA;NA;NA;NA;1;NA;NA;NA;NA;NA;NA;NA;NA;1;NA;NA;NA;NA;NA;NA;NA
42;"SC";4212908;"421290";"Pinhalzinho";"Não";"Região Metropolitana de Chapecó";"Outros";NA;NA;NA;NA;NA;NA;NA;NA;NA;NA;NA;NA;NA;NA;NA;NA;NA;NA;NA;NA;NA;NA;NA;NA;NA
42;"SC";4213005;"421300";"Pinheiro Preto";"Não";"Região Metropolitana do Contestado";"Outros";NA;NA;NA;NA;NA;NA;NA;NA;NA;NA;NA;NA;NA;NA;NA;NA;NA;NA;NA;NA;NA;NA;1;NA;NA
42;"SC";4213104;"421310";"Piratuba";"Não";"Região Metropolitana do Contestado";"Outros";NA;NA;NA;NA;NA;NA;NA;NA;NA;NA;NA;NA;NA;NA;NA;NA;NA;NA;NA;NA;NA;NA;NA;NA;NA
42;"SC";4213153;"421315";"Planalto Alegre";"Não";"Região Metropolitana de Chapecó";"Outros";NA;NA;NA;NA;NA;NA;NA;NA;NA;NA;NA;NA;NA;NA;NA;NA;NA;NA;NA;NA;NA;NA;NA;NA;NA
42;"SC";4213203;"421320";"Pomerode";"Não";"Região Metropolitana do Vale do Itajaí";"Outros";NA;NA;NA;NA;NA;NA;NA;NA;NA;NA;1;NA;NA;NA;NA;NA;NA;NA;NA;NA;NA;NA;NA;NA;NA
42;"SC";4213302;"421330";"Ponte Alta";"Não";"Região Metropolitana de Lages";"Outros";NA;NA;NA;NA;1;NA;NA;NA;NA;2;NA;1;NA;NA;NA;NA;NA;NA;NA;NA;NA;NA;NA;NA;NA
42;"SC";4213351;"421335";"Ponte Alta do Norte";"Não";"Região Metropolitana de Lages";"Outros";1;NA;NA;NA;NA;NA;NA;NA;NA;NA;NA;NA;NA;2;NA;NA;NA;NA;NA;NA;NA;NA;NA;NA;NA
42;"SC";4213401;"421340";"Ponte Serrada";"Não";"Região Metropolitana de Chapecó";"Outros";NA;NA;1;NA;NA;NA;NA;NA;NA;NA;NA;NA;NA;NA;1;NA;NA;NA;NA;NA;NA;1;NA;1;NA
42;"SC";4213500;"421350";"Porto Belo";"Não";"Região Metropolitana da Foz do Rio Itajaí";"Outros";NA;NA;NA;NA;1;1;NA;NA;1;NA;1;NA;NA;1;NA;NA;NA;NA;NA;NA;NA;NA;NA;NA;NA
42;"SC";4213609;"421360";"Porto União";"Não";"Região Metropolitana do Planalto Norte";"Outros";2;1;NA;NA;NA;NA;NA;1;NA;NA;NA;NA;NA;NA;NA;NA;NA;NA;NA;NA;NA;NA;NA;NA;NA
42;"SC";4213708;"421370";"Pouso Redondo";"Não";"Região Metropolitana do Alto Vale do Itajaí";"Outros";NA;1;NA;NA;NA;NA;NA;NA;NA;NA;NA;NA;NA;NA;2;NA;NA;NA;NA;NA;NA;NA;NA;NA;NA
42;"SC";4213807;"421380";"Praia Grande";"Não";"Região Metropolitana Carbonífera";"Outros";NA;NA;NA;NA;NA;NA;NA;NA;NA;NA;NA;NA;NA;NA;NA;NA;NA;NA;NA;NA;1;NA;NA;NA;NA
42;"SC";4214003;"421400";"Presidente Getúlio";"Não";"Região Metropolitana do Alto Vale do Itajaí";"Outros";NA;NA;NA;NA;NA;NA;NA;NA;NA;NA;NA;NA;NA;NA;NA;NA;NA;NA;NA;NA;NA;NA;NA;NA;NA
42;"SC";4214102;"421410";"Presidente Nereu";"Não";"Região Metropolitana do Alto Vale do Itajaí";"Outros";NA;NA;NA;NA;NA;NA;NA;NA;NA;NA;NA;NA;NA;NA;NA;NA;NA;NA;NA;NA;NA;NA;NA;NA;NA
42;"SC";4214201;"421420";"Quilombo";"Não";"Região Metropolitana de Chapecó";"Outros";NA;NA;NA;NA;NA;NA;NA;NA;NA;NA;NA;NA;NA;NA;NA;NA;NA;NA;NA;NA;NA;NA;NA;NA;NA
42;"SC";4214300;"421430";"Rancho Queimado";"Não";"Região Metropolitana de Florianópolis";"Outros";NA;NA;NA;NA;1;NA;NA;NA;NA;NA;NA;NA;NA;NA;NA;NA;NA;NA;NA;NA;NA;NA;NA;NA;NA
42;"SC";4214409;"421440";"Rio das Antas";"Não";"Região Metropolitana do Contestado";"Outros";NA;NA;1;1;1;NA;NA;NA;NA;NA;NA;NA;NA;1;NA;NA;NA;NA;NA;NA;NA;NA;NA;NA;NA
42;"SC";4214508;"421450";"Rio do Campo";"Não";"Região Metropolitana do Alto Vale do Itajaí";"Outros";NA;NA;NA;NA;NA;1;NA;NA;NA;NA;NA;NA;NA;NA;NA;NA;NA;NA;NA;NA;NA;NA;NA;NA;NA
42;"SC";4214607;"421460";"Rio do Oeste";"Não";"Região Metropolitana do Alto Vale do Itajaí";"Outros";NA;NA;NA;NA;NA;NA;NA;NA;NA;NA;NA;NA;NA;NA;NA;NA;NA;NA;NA;NA;NA;NA;NA;NA;NA
42;"SC";4214706;"421470";"Rio dos Cedros";"Não";"Região Metropolitana do Vale do Itajaí";"Outros";NA;NA;NA;NA;NA;1;NA;NA;NA;NA;NA;NA;NA;NA;NA;NA;NA;NA;NA;NA;NA;NA;NA;NA;NA
42;"SC";4214805;"421480";"Rio do Sul";"Não";"Região Metropolitana do Alto Vale do Itajaí";"Outros";NA;NA;1;NA;NA;NA;NA;NA;1;NA;NA;NA;NA;NA;NA;1;1;NA;NA;NA;NA;NA;1;1;NA
42;"SC";4214904;"421490";"Rio Fortuna";"Não";"Região Metropolitana de Tubarão";"Outros";NA;NA;NA;NA;NA;NA;NA;NA;NA;NA;NA;NA;NA;NA;NA;NA;NA;NA;NA;NA;NA;NA;NA;NA;NA
42;"SC";4215000;"421500";"Rio Negrinho";"Não";"Região Metropolitana de Joinville";"Outros";NA;NA;NA;NA;NA;1;1;NA;NA;NA;NA;NA;NA;NA;NA;NA;NA;NA;NA;NA;NA;1;NA;NA;NA
42;"SC";4215059;"421505";"Rio Rufino";"Não";"Região Metropolitana de Lages";"Outros";NA;NA;NA;NA;NA;NA;NA;NA;NA;NA;NA;NA;NA;NA;NA;NA;NA;NA;NA;NA;NA;NA;NA;NA;NA
42;"SC";4215075;"421507";"Riqueza";"Não";"Região Metropolitana do Extremo Oeste";"Outros";NA;NA;NA;NA;NA;NA;NA;NA;NA;NA;NA;NA;NA;NA;NA;NA;NA;NA;NA;NA;NA;NA;NA;NA;NA
42;"SC";4215109;"421510";"Rodeio";"Não";"Região Metropolitana do Vale do Itajaí";"Outros";NA;NA;NA;NA;NA;1;NA;NA;NA;NA;NA;NA;NA;NA;NA;NA;NA;NA;NA;NA;NA;NA;NA;NA;NA
42;"SC";4215208;"421520";"Romelândia";"Não";"Região Metropolitana do Extremo Oeste";"Outros";NA;NA;NA;NA;NA;NA;NA;NA;NA;NA;NA;NA;NA;NA;NA;NA;NA;NA;NA;NA;NA;NA;NA;NA;NA
42;"SC";4215307;"421530";"Salete";"Não";"Região Metropolitana do Alto Vale do Itajaí";"Outros";NA;NA;NA;NA;NA;NA;NA;NA;NA;NA;NA;NA;NA;NA;NA;NA;NA;NA;NA;NA;NA;NA;NA;1;NA
42;"SC";4215356;"421535";"Saltinho";"Não";"Região Metropolitana do Extremo Oeste";"Outros";NA;NA;NA;NA;NA;NA;NA;NA;NA;NA;NA;NA;NA;NA;NA;NA;NA;NA;NA;NA;NA;NA;NA;NA;NA
42;"SC";4215406;"421540";"Salto Veloso";"Não";"Região Metropolitana do Contestado";"Outros";NA;NA;NA;NA;NA;NA;NA;NA;NA;NA;NA;NA;NA;NA;NA;NA;NA;NA;NA;NA;NA;NA;NA;NA;NA
42;"SC";4215455;"421545";"Sangão";"Não";"Região Metropolitana de Tubarão";"Outros";1;NA;NA;NA;NA;NA;NA;NA;NA;NA;NA;NA;NA;NA;NA;NA;NA;NA;NA;NA;NA;NA;NA;1;NA
42;"SC";4215505;"421550";"Santa Cecília";"Não";"Região Metropolitana de Lages";"Outros";NA;NA;NA;NA;NA;NA;NA;1;NA;NA;NA;1;NA;NA;NA;1;1;NA;NA;1;NA;NA;NA;NA;NA
42;"SC";4215604;"421560";"Santa Rosa de Lima";"Não";"Região Metropolitana de Tubarão";"Outros";NA;NA;NA;NA;NA;NA;NA;NA;NA;NA;NA;NA;NA;NA;NA;NA;NA;NA;NA;NA;NA;NA;NA;NA;NA
42;"SC";4215653;"421565";"Santa Rosa do Sul";"Não";"Região Metropolitana Carbonífera";"Outros";NA;NA;NA;NA;NA;NA;NA;NA;NA;NA;NA;NA;NA;NA;NA;NA;NA;NA;NA;NA;NA;NA;NA;NA;NA
42;"SC";4215679;"421567";"Santa Terezinha";"Não";"Região Metropolitana do Alto Vale do Itajaí";"Outros";NA;NA;NA;NA;NA;NA;NA;NA;NA;NA;NA;NA;NA;NA;NA;NA;NA;NA;NA;NA;NA;NA;NA;NA;NA
42;"SC";4215687;"421568";"Santa Terezinha do Progresso";"Não";"Região Metropolitana do Extremo Oeste";"Outros";NA;NA;NA;NA;NA;NA;NA;NA;NA;NA;NA;NA;NA;NA;NA;NA;NA;NA;NA;NA;NA;NA;NA;NA;NA
42;"SC";4215703;"421570";"Santo Amaro da Imperatriz";"Não";"Região Metropolitana de Florianópolis";"Outros";NA;NA;NA;NA;NA;1;NA;NA;NA;NA;NA;NA;NA;NA;NA;NA;NA;NA;NA;NA;NA;NA;NA;NA;NA
42;"SC";4215752;"421575";"São Bernardino";"Não";"Região Metropolitana do Extremo Oeste";"Outros";NA;NA;NA;NA;NA;NA;NA;NA;NA;NA;NA;NA;NA;NA;NA;NA;NA;NA;NA;NA;NA;NA;NA;NA;NA
42;"SC";4215802;"421580";"São Bento do Sul";"Não";"Região Metropolitana de Joinville";"Outros";NA;NA;NA;NA;NA;NA;NA;NA;NA;NA;NA;NA;NA;NA;NA;1;NA;NA;NA;NA;NA;NA;NA;NA;NA
42;"SC";4215901;"421590";"São Bonifácio";"Não";"Região Metropolitana de Florianópolis";"Outros";NA;NA;NA;NA;NA;NA;NA;NA;NA;NA;NA;NA;NA;NA;NA;NA;NA;NA;NA;NA;NA;NA;NA;NA;NA
42;"SC";4216008;"421600";"São Carlos";"Não";"Região Metropolitana de Chapecó";"Outros";NA;NA;NA;NA;NA;NA;NA;NA;NA;NA;NA;NA;NA;NA;NA;NA;NA;NA;NA;NA;NA;NA;NA;NA;NA
42;"SC";4216057;"421605";"São Cristóvão do Sul";"Não";"Região Metropolitana de Lages";"Outros";NA;NA;NA;NA;1;1;1;NA;NA;NA;NA;NA;NA;NA;1;NA;NA;NA;NA;NA;1;NA;2;NA;NA
42;"SC";4216107;"421610";"São Domingos";"Não";"Região Metropolitana do Extremo Oeste";"Outros";NA;NA;NA;NA;NA;NA;NA;NA;NA;NA;NA;NA;NA;1;NA;NA;NA;NA;NA;NA;NA;NA;NA;NA;NA
42;"SC";4216206;"421620";"São Francisco do Sul";"Não";"Região Metropolitana de Joinville";"Outros";NA;NA;NA;NA;1;NA;NA;NA;NA;1;1;NA;1;NA;1;NA;NA;NA;NA;NA;NA;NA;NA;1;NA
42;"SC";4216255;"421625";"São João do Oeste";"Não";"Região Metropolitana do Extremo Oeste";"Outros";NA;NA;NA;NA;NA;NA;NA;NA;NA;NA;1;NA;NA;NA;NA;NA;NA;NA;NA;NA;NA;NA;NA;NA;NA
42;"SC";4216305;"421630";"São João Batista";"Não";"Região Metropolitana de Florianópolis";"Outros";NA;NA;NA;NA;NA;NA;NA;NA;NA;NA;NA;NA;NA;NA;NA;NA;NA;NA;NA;NA;NA;NA;NA;NA;NA
42;"SC";4216354;"421635";"São João do Itaperiú";"Não";"Região Metropolitana de Jaraguá do Sul";"Outros";NA;NA;NA;NA;NA;NA;NA;NA;NA;NA;NA;NA;1;NA;NA;NA;NA;NA;NA;NA;NA;NA;NA;NA;NA
42;"SC";4216404;"421640";"São João do Sul";"Não";"Região Metropolitana Carbonífera";"Outros";NA;NA;NA;NA;NA;NA;NA;NA;NA;NA;NA;NA;NA;NA;NA;NA;NA;NA;NA;NA;NA;NA;NA;NA;NA
42;"SC";4216503;"421650";"São Joaquim";"Não";"Região Metropolitana de Lages";"Outros";NA;NA;NA;NA;NA;NA;NA;NA;NA;NA;NA;NA;NA;NA;NA;NA;NA;NA;NA;NA;NA;NA;NA;NA;NA
42;"SC";4216602;"421660";"São José";"Não";"Região Metropolitana de Florianópolis";"Outros";1;1;NA;NA;2;NA;NA;4;2;6;1;3;1;NA;1;2;2;1;NA;NA;1;2;NA;1;NA
42;"SC";4216701;"421670";"São José do Cedro";"Não";"Região Metropolitana do Extremo Oeste";"Outros";NA;NA;NA;NA;NA;NA;NA;NA;NA;NA;NA;NA;NA;NA;NA;NA;NA;NA;NA;NA;NA;NA;NA;NA;NA
42;"SC";4216800;"421680";"São José do Cerrito";"Não";"Região Metropolitana de Lages";"Outros";NA;NA;NA;NA;NA;NA;NA;NA;NA;NA;NA;NA;NA;1;NA;NA;NA;NA;NA;NA;NA;NA;NA;NA;NA
42;"SC";4216909;"421690";"São Lourenço do Oeste";"Não";"Região Metropolitana do Extremo Oeste";"Outros";NA;NA;NA;NA;NA;NA;NA;NA;NA;NA;NA;NA;NA;NA;NA;NA;NA;1;NA;NA;NA;NA;NA;NA;NA
42;"SC";4217006;"421700";"São Ludgero";"Não";"Região Metropolitana de Tubarão";"Outros";NA;NA;NA;NA;NA;NA;NA;NA;NA;NA;NA;NA;NA;NA;NA;NA;NA;NA;NA;NA;NA;NA;NA;NA;NA
42;"SC";4217105;"421710";"São Martinho";"Não";"Região Metropolitana de Tubarão";"Outros";NA;NA;NA;NA;NA;NA;NA;NA;NA;NA;NA;NA;NA;NA;NA;NA;NA;NA;NA;NA;NA;NA;NA;NA;NA
42;"SC";4217154;"421715";"São Miguel da Boa Vista";"Não";"Região Metropolitana do Extremo Oeste";"Outros";NA;NA;NA;NA;NA;NA;NA;NA;NA;NA;NA;NA;NA;NA;NA;NA;NA;NA;NA;NA;NA;NA;NA;NA;NA
42;"SC";4217204;"421720";"São Miguel do Oeste";"Não";"Região Metropolitana do Extremo Oeste";"Outros";NA;NA;NA;NA;NA;NA;NA;NA;3;NA;NA;3;1;NA;NA;NA;NA;NA;1;NA;NA;NA;NA;NA;NA
42;"SC";4217253;"421725";"São Pedro de Alcântara";"Não";"Região Metropolitana de Florianópolis";"Outros";NA;NA;NA;NA;NA;NA;NA;NA;NA;NA;NA;NA;NA;NA;NA;NA;NA;NA;NA;NA;NA;NA;NA;NA;NA
42;"SC";4217303;"421730";"Saudades";"Não";"Região Metropolitana de Chapecó";"Outros";NA;NA;NA;NA;NA;NA;NA;NA;NA;NA;NA;NA;NA;NA;NA;NA;NA;NA;NA;NA;NA;NA;NA;NA;NA
42;"SC";4217402;"421740";"Schroeder";"Não";"Região Metropolitana de Jaraguá do Sul";"Outros";NA;NA;NA;NA;NA;NA;NA;NA;NA;NA;NA;NA;NA;NA;NA;NA;NA;NA;NA;NA;NA;NA;NA;NA;NA
42;"SC";4217501;"421750";"Seara";"Não";"Região Metropolitana de Chapecó";"Outros";NA;NA;NA;NA;NA;NA;NA;NA;NA;NA;NA;NA;NA;NA;1;NA;NA;NA;NA;1;NA;NA;NA;NA;NA
42;"SC";4217550;"421755";"Serra Alta";"Não";"Região Metropolitana de Chapecó";"Outros";NA;NA;NA;NA;NA;NA;NA;NA;NA;NA;NA;NA;NA;NA;NA;NA;NA;NA;NA;NA;NA;NA;NA;NA;NA
42;"SC";4217600;"421760";"Siderópolis";"Não";"Região Metropolitana Carbonífera";"Outros";NA;NA;NA;NA;NA;NA;NA;NA;NA;NA;NA;NA;NA;NA;NA;NA;NA;NA;NA;NA;NA;NA;NA;NA;NA
42;"SC";4217709;"421770";"Sombrio";"Não";"Região Metropolitana Carbonífera";"Outros";NA;NA;NA;NA;NA;NA;NA;NA;1;NA;NA;NA;NA;NA;NA;NA;NA;NA;NA;NA;NA;NA;NA;NA;NA
42;"SC";4217808;"421780";"Taió";"Não";"Região Metropolitana do Alto Vale do Itajaí";"Outros";NA;NA;NA;NA;NA;NA;NA;NA;NA;NA;NA;NA;NA;NA;NA;NA;NA;NA;NA;1;NA;NA;NA;NA;NA
42;"SC";4217907;"421790";"Tangará";"Não";"Região Metropolitana do Contestado";"Outros";NA;NA;NA;NA;NA;NA;NA;NA;NA;NA;NA;NA;NA;NA;NA;NA;NA;NA;NA;NA;NA;NA;NA;NA;NA
42;"SC";4217956;"421795";"Tigrinhos";"Não";"Região Metropolitana do Extremo Oeste";"Outros";NA;NA;NA;NA;NA;NA;NA;NA;NA;NA;NA;NA;NA;NA;NA;NA;NA;NA;NA;NA;NA;NA;NA;NA;NA
42;"SC";4218004;"421800";"Tijucas";"Não";"Região Metropolitana de Florianópolis";"Outros";NA;NA;NA;3;NA;1;1;4;NA;2;NA;NA;NA;NA;NA;NA;NA;NA;NA;NA;NA;NA;NA;NA;NA
42;"SC";4218103;"421810";"Timbé do Sul";"Não";"Região Metropolitana Carbonífera";"Outros";NA;NA;NA;NA;NA;NA;NA;NA;NA;NA;NA;NA;NA;NA;NA;NA;NA;NA;NA;NA;NA;NA;NA;NA;NA
42;"SC";4218202;"421820";"Timbó";"Não";"Região Metropolitana do Vale do Itajaí";"Outros";NA;NA;NA;NA;NA;NA;NA;NA;NA;NA;NA;NA;NA;NA;NA;1;NA;NA;NA;NA;NA;NA;NA;NA;NA
42;"SC";4218251;"421825";"Timbó Grande";"Não";"Região Metropolitana do Contestado";"Outros";NA;NA;NA;NA;NA;NA;NA;NA;NA;NA;NA;NA;NA;NA;NA;NA;NA;NA;NA;NA;NA;NA;NA;NA;NA
42;"SC";4218301;"421830";"Três Barras";"Não";"Região Metropolitana do Planalto Norte";"Outros";NA;NA;NA;1;NA;NA;NA;NA;NA;NA;NA;NA;NA;NA;NA;NA;NA;NA;NA;NA;NA;NA;NA;NA;NA
42;"SC";4218350;"421835";"Treviso";"Não";"Região Metropolitana Carbonífera";"Outros";NA;NA;NA;NA;NA;NA;NA;NA;NA;NA;NA;NA;NA;NA;NA;NA;NA;NA;NA;NA;NA;NA;NA;NA;NA
42;"SC";4218400;"421840";"Treze de Maio";"Não";"Região Metropolitana de Tubarão";"Outros";NA;NA;NA;NA;NA;NA;NA;NA;NA;NA;NA;NA;NA;NA;NA;NA;NA;NA;NA;NA;NA;NA;NA;NA;NA
42;"SC";4218509;"421850";"Treze Tílias";"Não";"Região Metropolitana do Contestado";"Outros";NA;NA;NA;NA;NA;NA;NA;NA;NA;NA;NA;NA;NA;NA;NA;NA;NA;NA;NA;NA;NA;NA;NA;NA;NA
42;"SC";4218608;"421860";"Trombudo Central";"Não";"Região Metropolitana do Alto Vale do Itajaí";"Outros";NA;NA;NA;NA;NA;NA;NA;NA;NA;NA;NA;NA;NA;NA;NA;NA;NA;NA;NA;NA;NA;NA;NA;NA;NA
42;"SC";4218707;"421870";"Tubarão";"Não";"Região Metropolitana de Tubarão";"Outros";1;2;NA;NA;1;NA;1;NA;1;NA;NA;NA;NA;NA;NA;NA;NA;NA;2;NA;NA;NA;1;NA;NA
42;"SC";4218756;"421875";"Tunápolis";"Não";"Região Metropolitana do Extremo Oeste";"Outros";NA;NA;NA;NA;NA;NA;NA;NA;NA;NA;NA;NA;NA;NA;NA;NA;NA;NA;NA;NA;NA;NA;NA;NA;NA
42;"SC";4218806;"421880";"Turvo";"Não";"Região Metropolitana Carbonífera";"Outros";NA;NA;NA;NA;NA;1;NA;NA;NA;NA;NA;NA;NA;NA;NA;NA;NA;NA;NA;NA;NA;NA;NA;NA;NA
42;"SC";4218855;"421885";"União do Oeste";"Não";"Região Metropolitana de Chapecó";"Outros";NA;NA;NA;NA;NA;NA;NA;NA;NA;NA;NA;NA;NA;NA;NA;NA;NA;NA;NA;NA;NA;NA;NA;NA;NA
42;"SC";4218905;"421890";"Urubici";"Não";"Região Metropolitana de Lages";"Outros";NA;NA;1;NA;2;NA;NA;NA;NA;NA;NA;NA;NA;NA;NA;NA;NA;NA;NA;NA;NA;NA;NA;NA;NA
42;"SC";4218954;"421895";"Urupema";"Não";"Região Metropolitana de Lages";"Outros";NA;NA;NA;NA;NA;NA;NA;NA;NA;NA;NA;NA;NA;NA;NA;NA;NA;NA;NA;NA;NA;NA;NA;NA;NA
42;"SC";4219002;"421900";"Urussanga";"Não";"Região Metropolitana Carbonífera";"Outros";NA;2;NA;NA;NA;NA;NA;NA;NA;1;NA;NA;NA;NA;NA;NA;NA;NA;NA;NA;NA;NA;NA;NA;NA
42;"SC";4219101;"421910";"Vargeão";"Não";"Região Metropolitana de Chapecó";"Outros";NA;NA;NA;NA;NA;NA;NA;NA;1;NA;NA;NA;NA;NA;NA;NA;NA;NA;NA;NA;NA;NA;NA;NA;NA
42;"SC";4219150;"421915";"Vargem";"Não";"Região Metropolitana do Contestado";"Outros";NA;NA;NA;NA;NA;NA;NA;NA;NA;NA;NA;NA;NA;NA;NA;NA;NA;NA;NA;NA;NA;NA;NA;NA;NA
42;"SC";4219176;"421917";"Vargem Bonita";"Não";"Região Metropolitana do Contestado";"Outros";NA;1;NA;NA;NA;1;NA;NA;NA;NA;NA;1;NA;NA;NA;NA;NA;1;NA;NA;NA;NA;NA;NA;NA
42;"SC";4219200;"421920";"Vidal Ramos";"Não";"Região Metropolitana do Alto Vale do Itajaí";"Outros";NA;NA;NA;NA;NA;NA;NA;NA;NA;NA;NA;NA;NA;NA;NA;NA;NA;NA;NA;NA;NA;NA;NA;NA;NA
42;"SC";4219309;"421930";"Videira";"Não";"Região Metropolitana do Contestado";"Outros";NA;NA;2;NA;NA;NA;NA;NA;NA;NA;NA;NA;NA;NA;NA;NA;NA;NA;NA;NA;NA;1;NA;NA;NA
42;"SC";4219358;"421935";"Vitor Meireles";"Não";"Região Metropolitana do Alto Vale do Itajaí";"Outros";NA;NA;NA;NA;NA;NA;NA;NA;NA;NA;NA;NA;NA;NA;NA;NA;NA;NA;NA;NA;NA;NA;NA;NA;NA
42;"SC";4219408;"421940";"Witmarsum";"Não";"Região Metropolitana do Alto Vale do Itajaí";"Outros";NA;NA;NA;NA;NA;NA;NA;NA;NA;NA;NA;NA;NA;NA;NA;NA;NA;NA;NA;NA;NA;NA;NA;NA;NA
42;"SC";4219507;"421950";"Xanxerê";"Não";"Região Metropolitana de Chapecó";"Outros";NA;NA;NA;NA;NA;NA;NA;NA;NA;NA;NA;NA;1;NA;NA;NA;NA;NA;NA;NA;NA;NA;NA;3;NA
42;"SC";4219606;"421960";"Xavantina";"Não";"Região Metropolitana de Chapecó";"Outros";NA;NA;NA;1;NA;NA;NA;NA;NA;NA;NA;NA;NA;NA;NA;NA;NA;NA;1;NA;NA;NA;NA;NA;NA
42;"SC";4219705;"421970";"Xaxim";"Não";"Região Metropolitana de Chapecó";"Outros";NA;NA;NA;NA;NA;NA;NA;1;NA;NA;NA;NA;NA;NA;NA;2;NA;1;NA;NA;NA;NA;NA;NA;NA
42;"SC";4220000;"422000";"Balneário Rincão";"Não";"Região Metropolitana Carbonífera";"Outros";NA;NA;NA;NA;NA;NA;NA;NA;NA;NA;NA;NA;NA;NA;NA;NA;NA;NA;NA;NA;NA;NA;NA;NA;NA
43;"RS";4300034;"430003";"Aceguá";"Não";"-";"Outros";NA;NA;NA;NA;1;NA;NA;NA;1;NA;NA;NA;NA;NA;NA;NA;NA;NA;NA;NA;NA;NA;NA;NA;NA
43;"RS";4300059;"430005";"Água Santa";"Não";"-";"Outros";NA;NA;NA;NA;NA;NA;NA;NA;NA;NA;NA;NA;NA;NA;NA;NA;NA;NA;NA;NA;NA;NA;NA;NA;NA
43;"RS";4300109;"430010";"Agudo";"Não";"-";"Outros";NA;NA;NA;NA;1;NA;NA;NA;NA;NA;1;NA;2;NA;NA;NA;NA;NA;NA;NA;NA;NA;NA;NA;NA
43;"RS";4300208;"430020";"Ajuricaba";"Não";"-";"Outros";NA;NA;NA;NA;NA;NA;NA;NA;NA;NA;NA;NA;NA;1;NA;NA;NA;NA;NA;NA;NA;NA;NA;NA;NA
43;"RS";4300307;"430030";"Alecrim";"Não";"-";"Outros";NA;NA;NA;NA;NA;NA;NA;NA;NA;NA;NA;NA;NA;NA;NA;NA;NA;NA;NA;NA;NA;NA;NA;NA;NA
43;"RS";4300406;"430040";"Alegrete";"Não";"-";"Outros";NA;1;NA;1;NA;NA;2;NA;1;NA;NA;NA;NA;NA;NA;1;NA;NA;1;NA;1;NA;NA;NA;NA
43;"RS";4300455;"430045";"Alegria";"Não";"-";"Outros";NA;NA;NA;NA;NA;NA;NA;NA;NA;NA;NA;NA;NA;NA;NA;NA;NA;NA;NA;NA;NA;NA;NA;NA;NA
43;"RS";4300471;"430047";"Almirante Tamandaré do Sul";"Não";"-";"Outros";NA;NA;NA;NA;NA;NA;NA;NA;NA;1;NA;NA;NA;NA;NA;NA;NA;NA;NA;NA;NA;NA;NA;NA;NA
43;"RS";4300505;"430050";"Alpestre";"Não";"-";"Outros";NA;NA;NA;NA;NA;NA;NA;NA;NA;NA;NA;NA;NA;NA;NA;NA;NA;NA;NA;NA;NA;NA;NA;NA;NA
43;"RS";4300554;"430055";"Alto Alegre";"Não";"-";"Outros";NA;NA;NA;NA;NA;NA;NA;NA;NA;NA;NA;NA;NA;NA;NA;NA;1;NA;NA;NA;NA;NA;NA;NA;NA
43;"RS";4300570;"430057";"Alto Feliz";"Não";"-";"Outros";NA;NA;NA;NA;NA;NA;NA;NA;NA;NA;NA;NA;NA;NA;NA;NA;NA;NA;NA;NA;NA;NA;NA;NA;NA
43;"RS";4300604;"430060";"Alvorada";"Não";"Região Metropolitana de Porto Alegre";"Outros";NA;NA;1;1;1;1;NA;2;NA;1;NA;2;1;NA;1;1;1;NA;NA;NA;NA;NA;1;1;NA
43;"RS";4300638;"430063";"Amaral Ferrador";"Não";"-";"Outros";NA;NA;1;NA;NA;NA;NA;NA;NA;NA;NA;NA;NA;NA;NA;NA;1;NA;NA;NA;NA;NA;NA;NA;NA
43;"RS";4300646;"430064";"Ametista do Sul";"Não";"-";"Outros";NA;NA;NA;NA;NA;NA;NA;NA;NA;NA;NA;NA;NA;NA;NA;NA;NA;NA;NA;NA;NA;NA;NA;NA;NA
43;"RS";4300703;"430070";"Anta Gorda";"Não";"-";"Outros";NA;NA;NA;NA;NA;NA;NA;NA;NA;NA;NA;NA;NA;NA;NA;NA;NA;NA;NA;NA;NA;NA;NA;NA;NA
43;"RS";4300802;"430080";"Antônio Prado";"Não";"Região Metropolitana da Serra Gaúcha";"Outros";NA;NA;NA;NA;NA;NA;NA;NA;NA;NA;NA;NA;NA;NA;1;NA;NA;NA;NA;NA;NA;1;NA;1;NA
43;"RS";4300851;"430085";"Arambaré";"Não";"-";"Outros";NA;NA;NA;NA;NA;NA;NA;NA;NA;NA;NA;NA;NA;NA;NA;NA;NA;NA;NA;NA;NA;NA;NA;NA;NA
43;"RS";4300877;"430087";"Araricá";"Não";"Região Metropolitana de Porto Alegre";"Outros";NA;NA;NA;NA;NA;NA;NA;NA;NA;NA;NA;NA;NA;NA;NA;NA;NA;NA;NA;NA;NA;NA;NA;NA;NA
43;"RS";4300901;"430090";"Aratiba";"Não";"-";"Outros";NA;NA;NA;NA;NA;NA;NA;NA;NA;NA;NA;NA;NA;NA;NA;NA;NA;NA;NA;NA;NA;NA;NA;NA;NA
43;"RS";4301008;"430100";"Arroio do Meio";"Não";"-";"Outros";NA;NA;NA;NA;NA;NA;NA;NA;NA;NA;NA;NA;NA;NA;NA;NA;NA;NA;NA;NA;NA;NA;NA;NA;NA
43;"RS";4301057;"430105";"Arroio do Sal";"Não";"-";"Outros";NA;NA;NA;NA;NA;NA;NA;NA;NA;1;NA;NA;NA;NA;NA;NA;NA;NA;NA;NA;NA;NA;NA;1;NA
43;"RS";4301073;"430107";"Arroio do Padre";"Não";"-";"Outros";NA;NA;NA;NA;NA;NA;NA;NA;NA;NA;NA;NA;NA;NA;NA;NA;NA;NA;NA;NA;NA;NA;NA;NA;NA
43;"RS";4301107;"430110";"Arroio dos Ratos";"Não";"Região Metropolitana de Porto Alegre";"Outros";1;NA;NA;NA;NA;NA;NA;NA;NA;NA;NA;NA;NA;NA;NA;NA;NA;NA;NA;NA;NA;NA;NA;NA;NA
43;"RS";4301206;"430120";"Arroio do Tigre";"Não";"-";"Outros";NA;NA;NA;NA;NA;NA;NA;NA;NA;NA;NA;NA;NA;NA;NA;NA;NA;NA;NA;NA;NA;NA;NA;NA;NA
43;"RS";4301305;"430130";"Arroio Grande";"Não";"-";"Outros";NA;NA;NA;NA;NA;NA;NA;NA;NA;NA;NA;NA;NA;NA;NA;NA;NA;NA;1;NA;NA;NA;NA;NA;NA
43;"RS";4301404;"430140";"Arvorezinha";"Não";"-";"Outros";NA;NA;NA;NA;NA;NA;NA;NA;NA;NA;NA;NA;NA;NA;NA;NA;NA;NA;NA;NA;NA;NA;NA;NA;NA
43;"RS";4301503;"430150";"Augusto Pestana";"Não";"-";"Outros";NA;NA;NA;NA;NA;NA;NA;NA;NA;NA;NA;NA;NA;NA;NA;NA;NA;NA;NA;NA;NA;NA;NA;NA;NA
43;"RS";4301552;"430155";"Áurea";"Não";"-";"Outros";NA;NA;NA;NA;NA;NA;NA;NA;NA;NA;NA;NA;NA;NA;NA;NA;NA;NA;NA;NA;NA;NA;NA;NA;NA
43;"RS";4301602;"430160";"Bagé";"Não";"-";"Outros";4;NA;2;NA;1;NA;NA;NA;NA;NA;NA;NA;NA;NA;NA;NA;NA;1;NA;1;2;NA;1;NA;NA
43;"RS";4301636;"430163";"Balneário Pinhal";"Não";"-";"Outros";NA;NA;NA;1;NA;NA;NA;2;NA;NA;NA;NA;NA;NA;NA;NA;2;NA;NA;NA;NA;NA;NA;NA;NA
43;"RS";4301651;"430165";"Barão";"Não";"-";"Outros";NA;NA;NA;NA;NA;NA;NA;NA;NA;NA;NA;NA;NA;NA;NA;NA;NA;NA;NA;NA;NA;NA;NA;NA;NA
43;"RS";4301701;"430170";"Barão de Cotegipe";"Não";"-";"Outros";NA;NA;NA;NA;NA;NA;NA;NA;NA;NA;NA;NA;NA;NA;NA;NA;NA;NA;NA;NA;NA;NA;NA;NA;NA
43;"RS";4301750;"430175";"Barão do Triunfo";"Não";"-";"Outros";NA;NA;NA;NA;NA;NA;NA;NA;NA;NA;NA;NA;NA;NA;NA;NA;NA;NA;NA;NA;NA;NA;NA;NA;NA
43;"RS";4301800;"430180";"Barracão";"Não";"-";"Outros";NA;NA;NA;NA;NA;NA;NA;NA;NA;NA;1;NA;NA;NA;NA;NA;NA;NA;NA;NA;NA;NA;NA;NA;NA
43;"RS";4301909;"430190";"Barra do Ribeiro";"Não";"-";"Outros";NA;NA;NA;NA;NA;NA;1;NA;NA;NA;NA;NA;NA;NA;NA;NA;NA;NA;NA;NA;NA;NA;NA;NA;NA
43;"RS";4301925;"430192";"Barra do Rio Azul";"Não";"-";"Outros";NA;NA;NA;NA;NA;NA;NA;NA;NA;NA;NA;NA;NA;NA;NA;NA;NA;NA;NA;NA;NA;NA;NA;NA;NA
43;"RS";4301958;"430195";"Barra Funda";"Não";"-";"Outros";NA;NA;NA;NA;NA;NA;NA;NA;NA;NA;NA;NA;NA;NA;NA;NA;NA;NA;NA;NA;NA;NA;NA;NA;NA
43;"RS";4302006;"430200";"Barros Cassal";"Não";"-";"Outros";NA;NA;NA;NA;NA;NA;NA;NA;NA;NA;NA;1;NA;NA;NA;NA;NA;NA;NA;NA;NA;NA;NA;NA;NA
43;"RS";4302055;"430205";"Benjamin Constant do Sul";"Não";"-";"Outros";NA;NA;NA;NA;NA;NA;NA;NA;NA;NA;NA;NA;NA;NA;NA;NA;NA;NA;NA;NA;NA;NA;NA;NA;NA
43;"RS";4302105;"430210";"Bento Gonçalves";"Não";"Região Metropolitana da Serra Gaúcha";"Outros";NA;1;NA;NA;1;NA;1;NA;1;1;NA;NA;NA;1;NA;NA;1;2;1;NA;NA;NA;NA;NA;NA
43;"RS";4302154;"430215";"Boa Vista das Missões";"Não";"-";"Outros";NA;NA;NA;NA;NA;NA;NA;NA;NA;NA;NA;NA;NA;NA;NA;NA;NA;NA;NA;NA;NA;NA;NA;NA;NA
43;"RS";4302204;"430220";"Boa Vista do Buricá";"Não";"-";"Outros";NA;NA;NA;NA;NA;NA;NA;NA;NA;NA;NA;NA;NA;NA;NA;NA;NA;NA;NA;NA;NA;NA;NA;NA;NA
43;"RS";4302238;"430223";"Boa Vista do Incra";"Não";"-";"Outros";NA;NA;NA;NA;NA;NA;NA;NA;NA;NA;NA;NA;NA;NA;NA;NA;NA;NA;NA;NA;NA;NA;NA;NA;NA
43;"RS";4302253;"430225";"Boa Vista do Sul";"Não";"-";"Outros";NA;NA;NA;NA;NA;NA;NA;NA;NA;NA;NA;NA;NA;NA;NA;NA;NA;NA;NA;NA;NA;NA;NA;NA;NA
43;"RS";4302303;"430230";"Bom Jesus";"Não";"-";"Outros";1;NA;NA;NA;NA;NA;NA;NA;NA;NA;NA;NA;NA;NA;NA;NA;NA;NA;NA;NA;NA;NA;NA;NA;NA
43;"RS";4302352;"430235";"Bom Princípio";"Não";"-";"Outros";NA;NA;NA;NA;NA;NA;NA;NA;NA;NA;NA;NA;1;NA;NA;NA;NA;NA;NA;1;NA;NA;NA;1;NA
43;"RS";4302378;"430237";"Bom Progresso";"Não";"-";"Outros";NA;NA;NA;NA;NA;NA;NA;NA;NA;NA;NA;NA;NA;NA;NA;NA;NA;NA;NA;NA;NA;NA;NA;NA;NA
43;"RS";4302402;"430240";"Bom Retiro do Sul";"Não";"-";"Outros";NA;NA;NA;NA;NA;NA;NA;NA;NA;NA;NA;NA;NA;NA;NA;NA;NA;NA;NA;NA;NA;NA;NA;NA;NA
43;"RS";4302451;"430245";"Boqueirão do Leão";"Não";"-";"Outros";NA;NA;NA;NA;NA;NA;NA;NA;NA;NA;NA;NA;NA;NA;NA;NA;NA;NA;NA;NA;NA;NA;NA;NA;NA
43;"RS";4302501;"430250";"Bossoroca";"Não";"-";"Outros";NA;NA;NA;NA;NA;NA;NA;NA;NA;NA;NA;NA;NA;NA;NA;NA;NA;NA;NA;NA;NA;NA;NA;NA;NA
43;"RS";4302584;"430258";"Bozano";"Não";"-";"Outros";NA;NA;NA;NA;NA;NA;NA;NA;NA;NA;NA;NA;NA;NA;NA;NA;NA;NA;NA;NA;NA;NA;NA;NA;NA
43;"RS";4302600;"430260";"Braga";"Não";"-";"Outros";NA;NA;NA;NA;NA;NA;NA;NA;NA;NA;NA;NA;NA;NA;NA;NA;NA;NA;NA;NA;NA;NA;NA;NA;NA
43;"RS";4302659;"430265";"Brochier";"Não";"-";"Outros";NA;NA;NA;NA;NA;NA;NA;NA;NA;NA;NA;NA;NA;NA;NA;NA;NA;1;NA;NA;NA;NA;NA;NA;NA
43;"RS";4302709;"430270";"Butiá";"Não";"-";"Outros";NA;NA;NA;NA;NA;NA;NA;1;NA;NA;NA;1;1;NA;NA;NA;NA;NA;NA;NA;NA;NA;NA;NA;NA
43;"RS";4302808;"430280";"Caçapava do Sul";"Não";"-";"Outros";NA;NA;NA;NA;NA;NA;NA;NA;NA;NA;NA;NA;NA;NA;NA;NA;NA;NA;NA;NA;NA;NA;NA;NA;NA
43;"RS";4302907;"430290";"Cacequi";"Não";"-";"Outros";NA;NA;NA;NA;NA;NA;NA;NA;NA;NA;NA;NA;NA;NA;NA;NA;NA;NA;NA;NA;NA;NA;NA;NA;NA
43;"RS";4303004;"430300";"Cachoeira do Sul";"Não";"-";"Outros";1;NA;NA;NA;NA;NA;NA;NA;NA;1;NA;1;NA;NA;NA;1;1;NA;NA;NA;NA;NA;NA;NA;NA
43;"RS";4303103;"430310";"Cachoeirinha";"Não";"Região Metropolitana de Porto Alegre";"Outros";1;NA;NA;NA;NA;NA;NA;1;1;NA;NA;NA;NA;1;1;NA;NA;NA;NA;NA;NA;NA;NA;NA;NA
43;"RS";4303202;"430320";"Cacique Doble";"Não";"-";"Outros";NA;NA;NA;NA;NA;NA;NA;NA;NA;NA;NA;NA;NA;NA;NA;NA;NA;NA;NA;NA;NA;NA;NA;1;NA
43;"RS";4303301;"430330";"Caibaté";"Não";"-";"Outros";NA;NA;NA;NA;NA;NA;NA;NA;NA;NA;NA;NA;NA;NA;NA;NA;NA;NA;NA;NA;NA;NA;1;NA;NA
43;"RS";4303400;"430340";"Caiçara";"Não";"-";"Outros";NA;NA;1;NA;NA;NA;NA;NA;NA;NA;NA;NA;NA;NA;NA;NA;NA;NA;NA;NA;NA;NA;NA;NA;NA
43;"RS";4303509;"430350";"Camaquã";"Não";"-";"Outros";1;NA;NA;1;NA;1;NA;NA;2;NA;NA;NA;NA;NA;1;NA;NA;NA;1;NA;NA;NA;NA;NA;NA
43;"RS";4303558;"430355";"Camargo";"Não";"-";"Outros";NA;NA;NA;NA;NA;NA;NA;NA;NA;NA;NA;NA;NA;NA;NA;NA;NA;NA;NA;NA;NA;NA;NA;NA;NA
43;"RS";4303608;"430360";"Cambará do Sul";"Não";"-";"Outros";NA;NA;NA;NA;NA;NA;NA;NA;NA;NA;NA;NA;NA;1;NA;NA;NA;NA;NA;NA;NA;NA;NA;NA;NA
43;"RS";4303673;"430367";"Campestre da Serra";"Não";"-";"Outros";NA;NA;NA;NA;NA;NA;NA;NA;NA;NA;NA;NA;1;NA;NA;NA;NA;NA;NA;NA;1;NA;NA;NA;NA
43;"RS";4303707;"430370";"Campina das Missões";"Não";"-";"Outros";NA;NA;NA;NA;NA;NA;NA;NA;NA;NA;NA;NA;NA;NA;NA;NA;NA;NA;NA;NA;NA;NA;NA;NA;NA
43;"RS";4303806;"430380";"Campinas do Sul";"Não";"-";"Outros";NA;NA;NA;NA;NA;NA;NA;NA;NA;NA;NA;NA;NA;NA;NA;NA;NA;NA;NA;NA;NA;NA;NA;NA;NA
43;"RS";4303905;"430390";"Campo Bom";"Não";"Região Metropolitana de Porto Alegre";"Outros";NA;NA;NA;NA;NA;NA;1;NA;NA;NA;NA;NA;NA;NA;NA;NA;NA;NA;NA;NA;NA;NA;NA;NA;NA
43;"RS";4304002;"430400";"Campo Novo";"Não";"-";"Outros";NA;NA;NA;NA;NA;NA;NA;NA;NA;NA;NA;NA;NA;NA;NA;NA;NA;NA;NA;NA;NA;NA;NA;NA;NA
43;"RS";4304101;"430410";"Campos Borges";"Não";"-";"Outros";NA;NA;NA;NA;NA;NA;NA;NA;NA;NA;NA;NA;NA;NA;NA;NA;NA;NA;NA;NA;NA;NA;NA;NA;NA
43;"RS";4304200;"430420";"Candelária";"Não";"-";"Outros";NA;NA;NA;NA;NA;NA;NA;NA;1;NA;NA;NA;NA;NA;1;NA;1;NA;NA;NA;NA;2;NA;NA;NA
43;"RS";4304309;"430430";"Cândido Godói";"Não";"-";"Outros";NA;NA;NA;NA;NA;NA;NA;NA;NA;NA;NA;NA;NA;NA;NA;NA;NA;NA;NA;NA;NA;NA;NA;NA;NA
43;"RS";4304358;"430435";"Candiota";"Não";"-";"Outros";NA;NA;NA;NA;NA;NA;NA;NA;NA;NA;NA;NA;NA;NA;NA;NA;NA;NA;NA;NA;NA;NA;NA;NA;NA
43;"RS";4304408;"430440";"Canela";"Não";"-";"Outros";NA;NA;NA;NA;NA;NA;NA;NA;NA;NA;NA;NA;NA;NA;NA;NA;NA;NA;NA;NA;NA;NA;1;NA;NA
43;"RS";4304507;"430450";"Canguçu";"Não";"-";"Outros";NA;1;NA;NA;NA;NA;NA;NA;NA;NA;NA;1;NA;1;NA;NA;NA;NA;NA;NA;NA;NA;NA;NA;NA
43;"RS";4304606;"430460";"Canoas";"Não";"Região Metropolitana de Porto Alegre";"Outros";2;3;2;4;7;4;2;2;2;2;4;NA;1;3;2;1;NA;2;NA;NA;NA;2;1;1;NA
43;"RS";4304614;"430461";"Canudos do Vale";"Não";"-";"Outros";NA;NA;NA;NA;NA;NA;NA;NA;NA;NA;NA;NA;NA;NA;NA;NA;NA;NA;NA;NA;NA;NA;NA;NA;NA
43;"RS";4304622;"430462";"Capão Bonito do Sul";"Não";"-";"Outros";NA;NA;NA;NA;NA;NA;NA;NA;NA;NA;NA;NA;NA;NA;NA;NA;NA;NA;NA;NA;NA;NA;NA;NA;NA
43;"RS";4304630;"430463";"Capão da Canoa";"Não";"-";"Outros";NA;NA;NA;NA;NA;NA;NA;1;NA;NA;NA;1;NA;NA;NA;NA;1;1;NA;NA;1;1;NA;NA;NA
43;"RS";4304655;"430465";"Capão do Cipó";"Não";"-";"Outros";NA;NA;NA;NA;NA;NA;NA;NA;NA;NA;NA;NA;NA;NA;NA;NA;NA;NA;NA;NA;NA;NA;NA;NA;NA
43;"RS";4304663;"430466";"Capão do Leão";"Não";"-";"Outros";NA;NA;NA;1;NA;1;NA;NA;NA;NA;1;NA;1;NA;NA;1;NA;NA;NA;NA;NA;NA;NA;NA;NA
43;"RS";4304671;"430467";"Capivari do Sul";"Não";"-";"Outros";NA;NA;NA;NA;NA;NA;NA;NA;NA;NA;NA;NA;NA;NA;NA;1;NA;1;NA;NA;NA;NA;NA;NA;NA
43;"RS";4304689;"430468";"Capela de Santana";"Não";"Região Metropolitana de Porto Alegre";"Outros";NA;NA;NA;NA;1;NA;1;NA;NA;NA;NA;NA;NA;NA;NA;NA;NA;NA;NA;NA;NA;NA;NA;NA;NA
43;"RS";4304697;"430469";"Capitão";"Não";"-";"Outros";NA;NA;NA;NA;NA;NA;NA;NA;NA;NA;NA;NA;NA;NA;NA;NA;NA;NA;NA;NA;NA;NA;NA;NA;NA
43;"RS";4304705;"430470";"Carazinho";"Não";"-";"Outros";NA;NA;1;1;NA;NA;NA;1;NA;NA;NA;2;NA;NA;NA;1;NA;NA;NA;NA;NA;1;1;1;NA
43;"RS";4304713;"430471";"Caraá";"Não";"-";"Outros";NA;NA;NA;NA;NA;NA;NA;NA;NA;NA;NA;NA;NA;NA;NA;NA;NA;NA;NA;NA;NA;NA;NA;NA;NA
43;"RS";4304804;"430480";"Carlos Barbosa";"Não";"Região Metropolitana da Serra Gaúcha";"Outros";NA;NA;NA;NA;NA;NA;NA;NA;1;NA;NA;NA;NA;NA;NA;NA;NA;NA;NA;NA;NA;NA;NA;NA;NA
43;"RS";4304853;"430485";"Carlos Gomes";"Não";"-";"Outros";NA;NA;NA;NA;NA;NA;NA;NA;NA;NA;NA;NA;NA;NA;NA;NA;NA;NA;NA;NA;NA;NA;NA;NA;NA
43;"RS";4304903;"430490";"Casca";"Não";"-";"Outros";NA;NA;NA;NA;NA;NA;NA;NA;NA;NA;NA;NA;NA;NA;NA;NA;NA;NA;NA;NA;NA;NA;NA;NA;NA
43;"RS";4304952;"430495";"Caseiros";"Não";"-";"Outros";NA;NA;NA;NA;NA;NA;NA;NA;NA;NA;NA;NA;NA;NA;NA;NA;NA;NA;NA;NA;NA;NA;NA;NA;NA
43;"RS";4305009;"430500";"Catuípe";"Não";"-";"Outros";NA;NA;NA;NA;NA;NA;NA;NA;1;NA;NA;NA;NA;NA;NA;NA;NA;NA;NA;NA;NA;NA;NA;NA;NA
43;"RS";4305108;"430510";"Caxias do Sul";"Não";"Região Metropolitana da Serra Gaúcha";"Outros";NA;1;NA;NA;2;NA;NA;NA;NA;NA;1;NA;NA;NA;NA;NA;NA;NA;NA;1;NA;NA;NA;1;NA
43;"RS";4305116;"430511";"Centenário";"Não";"-";"Outros";NA;NA;NA;NA;NA;NA;NA;NA;NA;NA;NA;NA;NA;NA;NA;NA;NA;NA;NA;NA;NA;NA;NA;NA;NA
43;"RS";4305124;"430512";"Cerrito";"Não";"-";"Outros";NA;NA;NA;NA;NA;NA;NA;NA;NA;NA;NA;NA;NA;NA;NA;NA;NA;NA;NA;NA;NA;NA;NA;NA;NA
43;"RS";4305132;"430513";"Cerro Branco";"Não";"-";"Outros";NA;NA;NA;NA;NA;NA;NA;NA;NA;NA;NA;NA;NA;NA;NA;NA;NA;NA;NA;NA;NA;NA;NA;NA;NA
43;"RS";4305157;"430515";"Cerro Grande";"Não";"-";"Outros";NA;NA;NA;NA;NA;NA;NA;NA;NA;NA;NA;NA;NA;NA;NA;NA;NA;NA;NA;NA;NA;NA;NA;NA;NA
43;"RS";4305173;"430517";"Cerro Grande do Sul";"Não";"-";"Outros";NA;NA;NA;NA;1;NA;NA;NA;NA;NA;NA;NA;NA;NA;NA;NA;NA;NA;NA;NA;NA;NA;NA;NA;NA
43;"RS";4305207;"430520";"Cerro Largo";"Não";"-";"Outros";NA;NA;NA;NA;NA;NA;NA;NA;NA;NA;NA;NA;NA;NA;NA;NA;NA;NA;NA;NA;NA;NA;NA;NA;NA
43;"RS";4305306;"430530";"Chapada";"Não";"-";"Outros";NA;NA;NA;NA;NA;NA;NA;NA;NA;NA;NA;NA;NA;NA;NA;NA;NA;NA;NA;NA;NA;NA;NA;NA;NA
43;"RS";4305355;"430535";"Charqueadas";"Não";"Região Metropolitana de Porto Alegre";"Outros";NA;NA;1;NA;NA;NA;NA;NA;NA;1;NA;NA;NA;NA;NA;1;NA;NA;NA;NA;NA;NA;1;NA;NA
43;"RS";4305371;"430537";"Charrua";"Não";"-";"Outros";NA;NA;1;NA;NA;NA;NA;NA;NA;NA;NA;NA;NA;NA;NA;NA;NA;NA;NA;NA;NA;NA;NA;NA;NA
43;"RS";4305405;"430540";"Chiapetta";"Não";"-";"Outros";NA;NA;NA;NA;NA;NA;NA;NA;NA;NA;NA;NA;NA;NA;NA;NA;NA;NA;NA;NA;NA;NA;NA;NA;NA
43;"RS";4305439;"430543";"Chuí";"Não";"-";"Outros";NA;NA;NA;NA;NA;NA;NA;NA;NA;NA;NA;NA;NA;NA;NA;NA;NA;NA;NA;NA;NA;NA;NA;NA;NA
43;"RS";4305447;"430544";"Chuvisca";"Não";"-";"Outros";NA;NA;NA;NA;NA;NA;NA;NA;NA;NA;NA;NA;NA;NA;NA;NA;NA;NA;NA;NA;NA;NA;NA;NA;NA
43;"RS";4305454;"430545";"Cidreira";"Não";"-";"Outros";NA;NA;NA;NA;NA;NA;NA;NA;NA;NA;NA;1;NA;NA;NA;NA;NA;NA;NA;NA;NA;NA;NA;NA;NA
43;"RS";4305504;"430550";"Ciríaco";"Não";"-";"Outros";NA;NA;NA;NA;NA;NA;NA;NA;NA;NA;NA;NA;NA;1;1;NA;NA;NA;NA;NA;NA;1;NA;NA;NA
43;"RS";4305603;"430560";"Colorado";"Não";"-";"Outros";NA;NA;NA;NA;NA;NA;NA;NA;NA;NA;NA;NA;NA;NA;NA;NA;NA;NA;NA;NA;NA;NA;NA;NA;NA
43;"RS";4305702;"430570";"Condor";"Não";"-";"Outros";NA;NA;NA;NA;NA;NA;NA;NA;NA;NA;NA;NA;NA;NA;NA;NA;NA;NA;NA;NA;NA;1;NA;NA;NA
43;"RS";4305801;"430580";"Constantina";"Não";"-";"Outros";NA;NA;NA;NA;NA;NA;NA;NA;NA;NA;NA;NA;NA;1;NA;NA;NA;NA;NA;NA;NA;NA;NA;NA;NA
43;"RS";4305850;"430585";"Coqueiros do Sul";"Não";"-";"Outros";NA;NA;NA;NA;NA;NA;NA;NA;NA;NA;NA;NA;NA;NA;NA;NA;NA;NA;NA;NA;NA;NA;NA;NA;NA
43;"RS";4305871;"430587";"Coronel Barros";"Não";"-";"Outros";NA;NA;NA;NA;NA;NA;NA;NA;NA;NA;NA;NA;NA;NA;NA;NA;NA;NA;NA;NA;NA;NA;NA;NA;NA
43;"RS";4305900;"430590";"Coronel Bicaco";"Não";"-";"Outros";NA;NA;NA;NA;NA;NA;NA;NA;NA;1;NA;NA;NA;NA;NA;NA;NA;NA;NA;NA;NA;NA;NA;NA;NA
43;"RS";4305934;"430593";"Coronel Pilar";"Não";"-";"Outros";NA;NA;NA;NA;NA;NA;NA;NA;NA;NA;NA;NA;NA;NA;NA;NA;NA;NA;NA;NA;NA;NA;NA;NA;NA
43;"RS";4305959;"430595";"Cotiporã";"Não";"-";"Outros";NA;NA;NA;NA;NA;NA;NA;NA;NA;NA;NA;NA;NA;NA;NA;NA;NA;NA;NA;NA;NA;NA;NA;NA;NA
43;"RS";4305975;"430597";"Coxilha";"Não";"-";"Outros";NA;NA;NA;NA;NA;NA;NA;NA;NA;NA;NA;NA;NA;NA;NA;NA;NA;NA;NA;NA;NA;NA;NA;NA;NA
43;"RS";4306007;"430600";"Crissiumal";"Não";"-";"Outros";NA;NA;NA;NA;NA;NA;NA;NA;NA;NA;NA;NA;NA;NA;NA;NA;NA;NA;NA;NA;NA;NA;NA;NA;NA
43;"RS";4306056;"430605";"Cristal";"Não";"-";"Outros";1;NA;NA;NA;1;NA;NA;NA;NA;NA;2;NA;NA;NA;NA;NA;NA;NA;NA;NA;NA;NA;NA;NA;NA
43;"RS";4306072;"430607";"Cristal do Sul";"Não";"-";"Outros";NA;NA;NA;NA;NA;NA;NA;NA;NA;NA;NA;NA;NA;NA;NA;NA;NA;NA;NA;NA;NA;NA;NA;NA;NA
43;"RS";4306106;"430610";"Cruz Alta";"Não";"-";"Outros";1;1;NA;1;NA;NA;NA;NA;NA;NA;NA;NA;NA;NA;NA;NA;NA;NA;NA;NA;NA;1;NA;NA;NA
43;"RS";4306130;"430613";"Cruzaltense";"Não";"-";"Outros";NA;NA;NA;NA;NA;NA;NA;NA;NA;NA;NA;NA;NA;NA;NA;NA;NA;NA;NA;NA;NA;NA;NA;NA;NA
43;"RS";4306205;"430620";"Cruzeiro do Sul";"Não";"-";"Outros";NA;NA;1;NA;NA;NA;NA;NA;NA;NA;NA;NA;NA;NA;NA;NA;NA;NA;NA;NA;NA;NA;NA;NA;NA
43;"RS";4306304;"430630";"David Canabarro";"Não";"-";"Outros";NA;NA;NA;NA;NA;NA;NA;NA;NA;NA;NA;NA;NA;NA;NA;NA;NA;NA;NA;NA;NA;NA;NA;NA;NA
43;"RS";4306320;"430632";"Derrubadas";"Não";"-";"Outros";NA;NA;NA;NA;NA;NA;NA;NA;NA;NA;NA;NA;NA;NA;NA;NA;NA;NA;NA;NA;NA;NA;NA;NA;NA
43;"RS";4306353;"430635";"Dezesseis de Novembro";"Não";"-";"Outros";NA;NA;NA;NA;NA;NA;NA;NA;NA;NA;NA;NA;NA;NA;NA;NA;NA;NA;NA;NA;NA;NA;NA;NA;NA
43;"RS";4306379;"430637";"Dilermando de Aguiar";"Não";"-";"Outros";NA;NA;NA;NA;NA;NA;NA;NA;NA;NA;NA;NA;NA;NA;NA;NA;NA;NA;NA;NA;NA;NA;NA;NA;NA
43;"RS";4306403;"430640";"Dois Irmãos";"Não";"Região Metropolitana de Porto Alegre";"Outros";1;NA;NA;NA;NA;NA;NA;NA;NA;NA;NA;NA;NA;NA;NA;NA;NA;NA;NA;NA;NA;NA;NA;NA;NA
43;"RS";4306429;"430642";"Dois Irmãos das Missões";"Não";"-";"Outros";NA;NA;NA;NA;NA;NA;1;NA;NA;NA;NA;NA;NA;NA;NA;NA;NA;NA;NA;NA;NA;NA;NA;NA;NA
43;"RS";4306452;"430645";"Dois Lajeados";"Não";"-";"Outros";NA;NA;NA;NA;NA;NA;NA;NA;NA;NA;NA;NA;NA;NA;NA;NA;NA;NA;NA;NA;NA;NA;NA;NA;NA
43;"RS";4306502;"430650";"Dom Feliciano";"Não";"-";"Outros";1;NA;NA;NA;NA;NA;NA;NA;NA;NA;NA;NA;NA;NA;NA;NA;NA;NA;NA;NA;NA;NA;NA;NA;NA
43;"RS";4306551;"430655";"Dom Pedro de Alcântara";"Não";"-";"Outros";NA;NA;NA;NA;NA;NA;NA;NA;NA;NA;NA;NA;NA;NA;NA;NA;NA;NA;NA;NA;NA;NA;NA;NA;NA
43;"RS";4306601;"430660";"Dom Pedrito";"Não";"-";"Outros";NA;NA;NA;NA;NA;NA;NA;NA;NA;NA;NA;NA;NA;NA;NA;NA;NA;NA;NA;NA;NA;NA;NA;1;NA
43;"RS";4306700;"430670";"Dona Francisca";"Não";"-";"Outros";NA;NA;NA;NA;NA;NA;NA;NA;NA;NA;NA;NA;NA;NA;NA;NA;NA;NA;NA;NA;NA;NA;NA;NA;NA
43;"RS";4306734;"430673";"Doutor Maurício Cardoso";"Não";"-";"Outros";NA;NA;NA;NA;NA;NA;NA;NA;NA;NA;NA;NA;NA;NA;NA;NA;NA;NA;NA;NA;NA;NA;NA;NA;NA
43;"RS";4306759;"430675";"Doutor Ricardo";"Não";"-";"Outros";NA;NA;NA;NA;NA;NA;NA;NA;NA;NA;NA;NA;NA;NA;NA;NA;NA;NA;NA;NA;NA;NA;NA;NA;NA
43;"RS";4306767;"430676";"Eldorado do Sul";"Não";"Região Metropolitana de Porto Alegre";"Outros";NA;NA;1;1;NA;1;2;2;NA;2;NA;NA;NA;1;NA;NA;NA;NA;NA;NA;NA;NA;NA;NA;NA
43;"RS";4306809;"430680";"Encantado";"Não";"-";"Outros";NA;NA;NA;NA;NA;NA;NA;NA;NA;NA;NA;NA;NA;NA;NA;NA;NA;NA;NA;NA;NA;NA;1;NA;NA
43;"RS";4306908;"430690";"Encruzilhada do Sul";"Não";"-";"Outros";NA;NA;NA;NA;NA;NA;NA;1;NA;NA;NA;NA;NA;NA;NA;NA;NA;NA;NA;NA;NA;NA;NA;NA;NA
43;"RS";4306924;"430692";"Engenho Velho";"Não";"-";"Outros";NA;NA;NA;NA;NA;NA;NA;NA;NA;NA;NA;NA;NA;NA;NA;NA;NA;NA;NA;NA;NA;NA;NA;NA;NA
43;"RS";4306932;"430693";"Entre-Ijuís";"Não";"-";"Outros";NA;NA;NA;NA;NA;NA;NA;NA;NA;NA;NA;1;NA;NA;NA;NA;NA;NA;NA;NA;NA;NA;NA;NA;NA
43;"RS";4306957;"430695";"Entre Rios do Sul";"Não";"-";"Outros";NA;NA;NA;NA;NA;NA;NA;NA;NA;NA;NA;NA;NA;NA;NA;NA;NA;NA;NA;NA;NA;NA;NA;NA;NA
43;"RS";4306973;"430697";"Erebango";"Não";"-";"Outros";NA;NA;NA;NA;NA;NA;NA;NA;NA;NA;NA;NA;NA;NA;NA;NA;NA;NA;NA;NA;NA;NA;1;NA;NA
43;"RS";4307005;"430700";"Erechim";"Não";"-";"Outros";1;1;NA;NA;NA;NA;1;NA;NA;1;NA;NA;NA;NA;NA;NA;NA;NA;NA;NA;1;1;1;NA;NA
43;"RS";4307054;"430705";"Ernestina";"Não";"-";"Outros";NA;NA;NA;NA;NA;NA;NA;NA;NA;NA;NA;NA;NA;NA;NA;NA;NA;NA;NA;NA;NA;NA;NA;NA;NA
43;"RS";4307104;"430710";"Herval";"Não";"-";"Outros";NA;NA;NA;NA;NA;NA;NA;NA;NA;NA;NA;NA;NA;NA;NA;NA;NA;NA;NA;NA;NA;NA;NA;NA;NA
43;"RS";4307203;"430720";"Erval Grande";"Não";"-";"Outros";NA;NA;NA;NA;NA;NA;NA;NA;NA;NA;NA;NA;1;NA;NA;NA;NA;NA;NA;NA;NA;NA;1;NA;NA
43;"RS";4307302;"430730";"Erval Seco";"Não";"-";"Outros";NA;NA;NA;NA;NA;NA;NA;NA;NA;NA;NA;NA;NA;NA;NA;NA;NA;NA;NA;NA;NA;NA;NA;NA;NA
43;"RS";4307401;"430740";"Esmeralda";"Não";"-";"Outros";NA;NA;NA;NA;NA;NA;NA;NA;NA;NA;NA;NA;NA;NA;NA;NA;NA;NA;NA;NA;NA;NA;NA;NA;NA
43;"RS";4307500;"430750";"Espumoso";"Não";"-";"Outros";1;NA;NA;NA;NA;NA;1;NA;NA;NA;NA;NA;NA;NA;NA;NA;NA;NA;NA;NA;NA;NA;2;NA;NA
43;"RS";4307559;"430755";"Estação";"Não";"-";"Outros";NA;NA;NA;NA;NA;NA;NA;NA;NA;NA;NA;NA;NA;NA;NA;NA;NA;NA;NA;NA;NA;NA;NA;NA;NA
43;"RS";4307609;"430760";"Estância Velha";"Não";"Região Metropolitana de Porto Alegre";"Outros";NA;NA;NA;NA;NA;NA;NA;NA;NA;NA;NA;NA;NA;NA;NA;NA;NA;NA;NA;NA;NA;NA;NA;1;NA
43;"RS";4307708;"430770";"Esteio";"Não";"Região Metropolitana de Porto Alegre";"Outros";NA;NA;1;NA;NA;NA;1;2;2;NA;2;NA;2;1;1;NA;NA;NA;NA;1;NA;NA;NA;NA;NA
43;"RS";4307807;"430780";"Estrela";"Não";"-";"Outros";NA;NA;NA;NA;NA;NA;NA;NA;NA;NA;NA;NA;NA;NA;NA;NA;NA;NA;1;NA;NA;NA;NA;NA;NA
43;"RS";4307815;"430781";"Estrela Velha";"Não";"-";"Outros";NA;NA;NA;NA;NA;NA;NA;NA;NA;NA;NA;NA;NA;NA;NA;NA;NA;NA;NA;NA;NA;NA;NA;NA;NA
43;"RS";4307831;"430783";"Eugênio de Castro";"Não";"-";"Outros";NA;NA;NA;NA;NA;NA;NA;NA;NA;NA;NA;NA;NA;NA;NA;NA;NA;NA;NA;NA;NA;NA;NA;NA;NA
43;"RS";4307864;"430786";"Fagundes Varela";"Não";"-";"Outros";NA;NA;NA;NA;NA;NA;NA;NA;NA;NA;NA;NA;NA;NA;NA;NA;NA;NA;NA;NA;NA;NA;NA;NA;NA
43;"RS";4307906;"430790";"Farroupilha";"Não";"Região Metropolitana da Serra Gaúcha";"Outros";NA;NA;NA;NA;NA;NA;NA;NA;NA;NA;NA;NA;NA;NA;NA;NA;NA;NA;NA;NA;NA;NA;NA;NA;NA
43;"RS";4308003;"430800";"Faxinal do Soturno";"Não";"-";"Outros";NA;NA;NA;NA;NA;NA;NA;NA;NA;NA;NA;NA;1;NA;NA;NA;NA;NA;NA;NA;NA;NA;NA;NA;NA
43;"RS";4308052;"430805";"Faxinalzinho";"Não";"-";"Outros";NA;NA;NA;NA;NA;NA;NA;NA;NA;NA;NA;NA;1;NA;NA;NA;NA;NA;NA;NA;NA;NA;NA;NA;NA
43;"RS";4308078;"430807";"Fazenda Vilanova";"Não";"-";"Outros";NA;NA;NA;NA;NA;NA;NA;NA;1;NA;NA;NA;NA;NA;NA;NA;NA;NA;NA;NA;NA;NA;NA;NA;NA
43;"RS";4308102;"430810";"Feliz";"Não";"-";"Outros";NA;NA;NA;NA;NA;NA;NA;NA;NA;NA;NA;NA;NA;NA;NA;NA;NA;NA;NA;NA;NA;NA;NA;NA;NA
43;"RS";4308201;"430820";"Flores da Cunha";"Não";"Região Metropolitana da Serra Gaúcha";"Outros";NA;NA;1;NA;NA;2;NA;NA;NA;NA;NA;NA;2;NA;NA;NA;NA;NA;NA;NA;1;NA;NA;NA;NA
43;"RS";4308250;"430825";"Floriano Peixoto";"Não";"-";"Outros";NA;NA;NA;NA;NA;NA;NA;NA;NA;NA;NA;NA;NA;NA;NA;NA;NA;NA;NA;NA;NA;NA;NA;NA;NA
43;"RS";4308300;"430830";"Fontoura Xavier";"Não";"-";"Outros";NA;NA;NA;1;NA;NA;NA;NA;NA;NA;NA;NA;NA;NA;NA;NA;NA;NA;NA;NA;NA;NA;NA;NA;NA
43;"RS";4308409;"430840";"Formigueiro";"Não";"-";"Outros";NA;NA;NA;NA;NA;NA;NA;NA;NA;NA;NA;NA;NA;NA;NA;NA;NA;NA;NA;NA;NA;NA;NA;NA;NA
43;"RS";4308433;"430843";"Forquetinha";"Não";"-";"Outros";NA;NA;NA;NA;NA;NA;NA;NA;NA;NA;NA;NA;NA;NA;NA;NA;NA;NA;NA;NA;NA;NA;NA;NA;NA
43;"RS";4308458;"430845";"Fortaleza dos Valos";"Não";"-";"Outros";NA;NA;NA;NA;NA;NA;NA;NA;NA;NA;NA;NA;NA;NA;NA;NA;NA;NA;NA;NA;NA;NA;NA;NA;NA
43;"RS";4308508;"430850";"Frederico Westphalen";"Não";"-";"Outros";1;NA;NA;NA;1;NA;NA;NA;NA;1;NA;NA;NA;NA;NA;NA;1;NA;NA;NA;NA;NA;NA;1;NA
43;"RS";4308607;"430860";"Garibaldi";"Não";"Região Metropolitana da Serra Gaúcha";"Outros";NA;NA;NA;NA;NA;NA;NA;NA;NA;NA;NA;NA;NA;NA;NA;NA;NA;NA;NA;NA;NA;NA;NA;NA;NA
43;"RS";4308656;"430865";"Garruchos";"Não";"-";"Outros";NA;NA;NA;NA;NA;NA;NA;NA;NA;NA;NA;NA;NA;NA;NA;NA;NA;NA;NA;NA;NA;NA;NA;NA;NA
43;"RS";4308706;"430870";"Gaurama";"Não";"-";"Outros";NA;NA;NA;NA;NA;NA;NA;NA;NA;NA;NA;NA;NA;NA;NA;NA;NA;NA;NA;NA;NA;NA;NA;NA;NA
43;"RS";4308805;"430880";"General Câmara";"Não";"-";"Outros";NA;NA;NA;NA;NA;NA;NA;NA;NA;NA;NA;NA;NA;NA;NA;NA;NA;NA;NA;NA;NA;NA;NA;NA;NA
43;"RS";4308854;"430885";"Gentil";"Não";"-";"Outros";NA;NA;NA;NA;NA;NA;NA;NA;NA;NA;NA;NA;NA;NA;NA;NA;NA;NA;1;NA;NA;NA;NA;NA;NA
43;"RS";4308904;"430890";"Getúlio Vargas";"Não";"-";"Outros";NA;NA;NA;NA;NA;NA;NA;NA;NA;NA;NA;NA;NA;NA;NA;NA;NA;NA;NA;NA;NA;NA;NA;NA;NA
43;"RS";4309001;"430900";"Giruá";"Não";"-";"Outros";NA;NA;NA;NA;NA;NA;NA;NA;NA;NA;NA;NA;NA;NA;1;NA;NA;NA;NA;NA;NA;NA;NA;NA;NA
43;"RS";4309050;"430905";"Glorinha";"Não";"Região Metropolitana de Porto Alegre";"Outros";NA;NA;NA;1;NA;NA;NA;NA;NA;NA;NA;NA;NA;NA;NA;1;NA;NA;NA;NA;NA;NA;NA;NA;NA
43;"RS";4309100;"430910";"Gramado";"Não";"-";"Outros";NA;NA;NA;NA;NA;NA;NA;NA;NA;NA;NA;NA;NA;NA;NA;NA;NA;NA;NA;NA;NA;NA;NA;NA;NA
43;"RS";4309159;"430915";"Gramado Xavier";"Não";"-";"Outros";NA;NA;NA;NA;NA;NA;NA;NA;NA;NA;NA;NA;NA;NA;NA;NA;NA;NA;NA;NA;NA;NA;NA;NA;NA
43;"RS";4309209;"430920";"Gravataí";"Não";"Região Metropolitana de Porto Alegre";"Outros";1;3;2;5;NA;2;2;1;1;5;1;3;2;4;2;NA;NA;1;3;1;2;NA;1;NA;NA
43;"RS";4309258;"430925";"Guabiju";"Não";"-";"Outros";NA;NA;NA;NA;NA;NA;NA;NA;NA;NA;NA;NA;NA;NA;NA;NA;NA;NA;NA;NA;NA;NA;NA;NA;NA
43;"RS";4309308;"430930";"Guaíba";"Não";"Região Metropolitana de Porto Alegre";"Outros";1;1;1;1;NA;NA;1;NA;NA;NA;NA;2;NA;NA;NA;1;2;NA;1;1;NA;NA;NA;NA;NA
43;"RS";4309407;"430940";"Guaporé";"Não";"-";"Outros";NA;NA;NA;NA;NA;NA;NA;NA;NA;NA;NA;NA;NA;NA;NA;NA;NA;NA;NA;NA;NA;NA;NA;NA;NA
43;"RS";4309506;"430950";"Guarani das Missões";"Não";"-";"Outros";NA;NA;NA;NA;NA;NA;NA;1;NA;NA;NA;NA;NA;NA;NA;NA;NA;NA;NA;NA;NA;NA;NA;NA;NA
43;"RS";4309555;"430955";"Harmonia";"Não";"-";"Outros";NA;NA;NA;NA;NA;NA;NA;NA;NA;NA;NA;NA;NA;NA;NA;NA;NA;NA;NA;NA;NA;NA;NA;NA;NA
43;"RS";4309571;"430957";"Herveiras";"Não";"-";"Outros";NA;NA;NA;NA;NA;NA;NA;NA;NA;NA;NA;1;NA;NA;NA;NA;NA;NA;NA;NA;NA;NA;NA;NA;NA
43;"RS";4309605;"430960";"Horizontina";"Não";"-";"Outros";NA;NA;NA;NA;NA;NA;NA;NA;NA;NA;NA;NA;NA;NA;NA;NA;NA;NA;NA;NA;NA;NA;NA;NA;NA
43;"RS";4309654;"430965";"Hulha Negra";"Não";"-";"Outros";NA;NA;NA;NA;NA;NA;NA;NA;NA;NA;NA;NA;NA;NA;NA;NA;NA;NA;NA;NA;NA;NA;NA;NA;NA
43;"RS";4309704;"430970";"Humaitá";"Não";"-";"Outros";NA;NA;NA;NA;NA;NA;NA;NA;NA;NA;NA;NA;NA;NA;NA;NA;NA;NA;NA;NA;NA;NA;NA;NA;NA
43;"RS";4309753;"430975";"Ibarama";"Não";"-";"Outros";NA;NA;NA;NA;NA;NA;NA;NA;NA;NA;NA;NA;NA;NA;NA;NA;NA;NA;NA;NA;NA;NA;NA;NA;NA
43;"RS";4309803;"430980";"Ibiaçá";"Não";"-";"Outros";NA;NA;NA;NA;NA;NA;NA;NA;NA;NA;NA;NA;NA;NA;NA;1;NA;NA;NA;NA;NA;NA;NA;NA;NA
43;"RS";4309902;"430990";"Ibiraiaras";"Não";"-";"Outros";NA;1;NA;NA;NA;NA;NA;NA;NA;NA;NA;NA;NA;NA;NA;1;NA;NA;NA;NA;NA;NA;NA;NA;NA
43;"RS";4309951;"430995";"Ibirapuitã";"Não";"-";"Outros";NA;NA;NA;NA;NA;NA;NA;NA;NA;NA;NA;NA;NA;NA;NA;NA;NA;NA;NA;NA;NA;NA;NA;NA;NA
43;"RS";4310009;"431000";"Ibirubá";"Não";"-";"Outros";NA;NA;NA;NA;NA;NA;NA;NA;NA;NA;NA;NA;1;NA;NA;NA;NA;NA;NA;NA;NA;NA;NA;NA;NA
43;"RS";4310108;"431010";"Igrejinha";"Não";"Região Metropolitana de Porto Alegre";"Outros";NA;NA;NA;NA;NA;NA;NA;NA;NA;NA;1;NA;1;NA;NA;NA;NA;NA;NA;NA;NA;NA;NA;NA;NA
43;"RS";4310207;"431020";"Ijuí";"Não";"-";"Outros";NA;NA;NA;1;1;NA;NA;1;NA;NA;NA;NA;NA;1;NA;NA;NA;NA;NA;NA;NA;1;1;1;NA
43;"RS";4310306;"431030";"Ilópolis";"Não";"-";"Outros";NA;NA;NA;NA;NA;NA;NA;NA;NA;NA;NA;NA;NA;NA;NA;NA;NA;NA;NA;NA;NA;NA;NA;NA;NA
43;"RS";4310330;"431033";"Imbé";"Não";"-";"Outros";NA;NA;NA;NA;NA;NA;NA;NA;NA;NA;NA;NA;NA;NA;NA;NA;NA;NA;NA;NA;NA;NA;NA;NA;NA
43;"RS";4310363;"431036";"Imigrante";"Não";"-";"Outros";NA;NA;NA;NA;NA;NA;NA;NA;NA;NA;NA;NA;NA;NA;NA;NA;NA;NA;NA;NA;NA;NA;NA;NA;NA
43;"RS";4310405;"431040";"Independência";"Não";"-";"Outros";NA;NA;NA;NA;NA;NA;NA;NA;NA;NA;NA;NA;NA;NA;NA;NA;NA;NA;NA;NA;NA;NA;NA;NA;NA
43;"RS";4310439;"431043";"Ipê";"Não";"Região Metropolitana da Serra Gaúcha";"Outros";NA;NA;NA;NA;NA;NA;NA;NA;NA;NA;NA;1;NA;1;NA;NA;NA;NA;NA;NA;NA;NA;NA;NA;NA
43;"RS";4310462;"431046";"Ipiranga do Sul";"Não";"-";"Outros";NA;NA;NA;NA;NA;NA;NA;NA;NA;NA;NA;NA;NA;NA;NA;NA;NA;NA;NA;NA;NA;NA;NA;NA;NA
43;"RS";4310504;"431050";"Iraí";"Não";"-";"Outros";NA;NA;NA;NA;NA;NA;1;NA;NA;NA;NA;NA;NA;NA;NA;NA;NA;NA;NA;NA;NA;NA;NA;NA;NA
43;"RS";4310538;"431053";"Itaara";"Não";"-";"Outros";NA;NA;NA;NA;NA;NA;NA;NA;NA;NA;NA;NA;NA;NA;NA;NA;NA;NA;NA;NA;NA;NA;NA;NA;NA
43;"RS";4310553;"431055";"Itacurubi";"Não";"-";"Outros";NA;NA;NA;NA;NA;NA;NA;NA;NA;NA;NA;NA;NA;NA;NA;NA;NA;NA;NA;NA;NA;NA;NA;NA;NA
43;"RS";4310603;"431060";"Itaqui";"Não";"-";"Outros";NA;NA;NA;NA;1;NA;NA;NA;NA;NA;NA;1;NA;NA;NA;NA;NA;1;NA;NA;NA;NA;NA;NA;NA
43;"RS";4310652;"431065";"Itati";"Não";"-";"Outros";NA;NA;NA;NA;NA;NA;NA;NA;NA;NA;NA;NA;NA;NA;NA;NA;NA;NA;NA;NA;1;NA;NA;NA;NA
43;"RS";4310702;"431070";"Itatiba do Sul";"Não";"-";"Outros";NA;NA;NA;NA;NA;NA;NA;NA;NA;NA;NA;NA;NA;NA;NA;NA;NA;NA;NA;NA;NA;NA;NA;NA;NA
43;"RS";4310751;"431075";"Ivorá";"Não";"-";"Outros";NA;NA;NA;NA;NA;NA;NA;NA;NA;NA;NA;NA;NA;NA;NA;NA;NA;NA;NA;NA;NA;NA;NA;NA;NA
43;"RS";4310801;"431080";"Ivoti";"Não";"Região Metropolitana de Porto Alegre";"Outros";NA;NA;NA;NA;NA;NA;NA;NA;NA;NA;NA;NA;NA;NA;NA;NA;NA;NA;NA;NA;NA;NA;NA;NA;NA
43;"RS";4310850;"431085";"Jaboticaba";"Não";"-";"Outros";NA;NA;NA;NA;NA;NA;NA;NA;NA;NA;NA;NA;NA;NA;NA;NA;NA;NA;NA;NA;NA;NA;NA;NA;NA
43;"RS";4310876;"431087";"Jacuizinho";"Não";"-";"Outros";NA;NA;NA;NA;NA;NA;NA;NA;NA;NA;NA;NA;NA;NA;NA;NA;NA;NA;NA;NA;NA;NA;NA;NA;NA
43;"RS";4310900;"431090";"Jacutinga";"Não";"-";"Outros";NA;NA;NA;NA;NA;NA;NA;NA;NA;NA;NA;NA;NA;NA;NA;NA;NA;NA;NA;NA;NA;NA;NA;NA;NA
43;"RS";4311007;"431100";"Jaguarão";"Não";"-";"Outros";NA;NA;NA;NA;1;NA;NA;NA;NA;NA;NA;NA;NA;NA;NA;NA;NA;NA;NA;NA;NA;NA;NA;NA;NA
43;"RS";4311106;"431110";"Jaguari";"Não";"-";"Outros";NA;NA;NA;NA;NA;NA;NA;NA;NA;1;1;NA;NA;NA;NA;1;NA;NA;NA;NA;NA;NA;NA;NA;NA
43;"RS";4311122;"431112";"Jaquirana";"Não";"-";"Outros";NA;NA;NA;NA;NA;NA;NA;NA;NA;NA;NA;NA;NA;NA;NA;NA;NA;NA;NA;NA;NA;NA;NA;NA;NA
43;"RS";4311130;"431113";"Jari";"Não";"-";"Outros";NA;NA;NA;NA;1;NA;NA;NA;NA;NA;NA;NA;NA;NA;NA;NA;NA;NA;NA;NA;NA;NA;NA;NA;NA
43;"RS";4311155;"431115";"Jóia";"Não";"-";"Outros";NA;NA;NA;1;NA;NA;NA;NA;NA;NA;NA;NA;NA;NA;NA;NA;NA;NA;NA;1;NA;NA;NA;NA;NA
43;"RS";4311205;"431120";"Júlio de Castilhos";"Não";"-";"Outros";NA;NA;NA;NA;NA;NA;NA;NA;NA;NA;NA;NA;1;NA;NA;NA;NA;NA;NA;NA;NA;NA;NA;NA;NA
43;"RS";4311239;"431123";"Lagoa Bonita do Sul";"Não";"-";"Outros";NA;NA;NA;NA;NA;NA;NA;NA;NA;NA;NA;NA;NA;NA;NA;NA;NA;NA;NA;NA;NA;NA;NA;NA;NA
43;"RS";4311254;"431125";"Lagoão";"Não";"-";"Outros";NA;NA;1;NA;NA;NA;NA;NA;NA;NA;NA;NA;NA;NA;NA;NA;NA;NA;NA;NA;NA;NA;NA;NA;NA
43;"RS";4311270;"431127";"Lagoa dos Três Cantos";"Não";"-";"Outros";NA;NA;NA;NA;NA;NA;NA;NA;NA;NA;NA;NA;NA;NA;NA;NA;NA;NA;NA;NA;NA;NA;NA;NA;NA
43;"RS";4311304;"431130";"Lagoa Vermelha";"Não";"-";"Outros";NA;NA;NA;NA;NA;NA;NA;NA;NA;NA;NA;NA;1;NA;2;NA;NA;NA;NA;NA;NA;NA;NA;1;NA
43;"RS";4311403;"431140";"Lajeado";"Não";"-";"Outros";NA;NA;NA;NA;NA;NA;NA;1;1;NA;NA;NA;NA;NA;NA;NA;NA;NA;NA;NA;NA;NA;1;NA;NA
43;"RS";4311429;"431142";"Lajeado do Bugre";"Não";"-";"Outros";NA;NA;NA;NA;NA;NA;NA;NA;NA;NA;NA;NA;NA;NA;NA;NA;NA;NA;NA;NA;NA;NA;NA;NA;NA
43;"RS";4311502;"431150";"Lavras do Sul";"Não";"-";"Outros";NA;NA;NA;NA;1;NA;NA;NA;NA;NA;NA;NA;NA;NA;NA;NA;NA;NA;NA;NA;NA;NA;NA;NA;NA
43;"RS";4311601;"431160";"Liberato Salzano";"Não";"-";"Outros";NA;NA;NA;NA;NA;NA;NA;NA;NA;NA;NA;NA;NA;NA;NA;NA;NA;NA;NA;NA;NA;NA;NA;NA;NA
43;"RS";4311643;"431164";"Linha Nova";"Não";"-";"Outros";NA;NA;NA;NA;NA;NA;NA;NA;NA;NA;NA;NA;NA;NA;NA;NA;NA;NA;NA;NA;NA;NA;NA;NA;NA
43;"RS";4311700;"431170";"Machadinho";"Não";"-";"Outros";NA;NA;NA;NA;NA;NA;NA;NA;NA;NA;NA;NA;NA;NA;NA;NA;NA;NA;NA;NA;NA;NA;NA;NA;NA
43;"RS";4311734;"431173";"Mampituba";"Não";"-";"Outros";NA;NA;NA;NA;NA;NA;NA;NA;NA;NA;NA;NA;NA;NA;NA;NA;NA;NA;NA;NA;NA;NA;NA;NA;NA
43;"RS";4311759;"431175";"Manoel Viana";"Não";"-";"Outros";NA;NA;NA;NA;NA;1;NA;NA;NA;NA;NA;NA;NA;NA;NA;NA;NA;NA;NA;NA;NA;NA;NA;NA;NA
43;"RS";4311775;"431177";"Maquiné";"Não";"-";"Outros";NA;1;NA;NA;NA;NA;NA;NA;NA;NA;1;1;NA;NA;NA;NA;1;NA;NA;NA;NA;NA;NA;NA;NA
43;"RS";4311791;"431179";"Maratá";"Não";"-";"Outros";NA;NA;NA;NA;NA;NA;NA;NA;NA;NA;NA;NA;NA;NA;NA;NA;NA;NA;NA;NA;NA;NA;NA;NA;NA
43;"RS";4311809;"431180";"Marau";"Não";"-";"Outros";NA;1;NA;NA;NA;NA;NA;NA;NA;NA;1;NA;NA;NA;1;2;NA;NA;1;NA;NA;NA;NA;NA;NA
43;"RS";4311908;"431190";"Marcelino Ramos";"Não";"-";"Outros";NA;NA;NA;NA;1;NA;NA;NA;NA;NA;NA;NA;NA;NA;NA;NA;NA;NA;NA;NA;NA;NA;NA;NA;NA
43;"RS";4311981;"431198";"Mariana Pimentel";"Não";"-";"Outros";NA;NA;NA;NA;NA;NA;NA;NA;NA;NA;NA;NA;NA;NA;NA;NA;NA;NA;NA;NA;NA;NA;NA;NA;NA
43;"RS";4312005;"431200";"Mariano Moro";"Não";"-";"Outros";NA;NA;NA;NA;NA;NA;NA;NA;NA;NA;NA;NA;NA;NA;NA;NA;NA;NA;NA;NA;NA;NA;NA;NA;NA
43;"RS";4312054;"431205";"Marques de Souza";"Não";"-";"Outros";NA;NA;NA;NA;1;NA;NA;NA;NA;NA;NA;NA;NA;NA;NA;NA;NA;NA;NA;NA;NA;NA;NA;NA;NA
43;"RS";4312104;"431210";"Mata";"Não";"-";"Outros";NA;NA;NA;NA;NA;NA;NA;NA;NA;NA;NA;NA;1;NA;NA;NA;NA;NA;NA;NA;NA;NA;NA;NA;NA
43;"RS";4312138;"431213";"Mato Castelhano";"Não";"-";"Outros";NA;NA;NA;NA;NA;NA;NA;NA;NA;NA;NA;NA;NA;NA;NA;NA;NA;NA;NA;NA;NA;NA;NA;NA;NA
43;"RS";4312153;"431215";"Mato Leitão";"Não";"-";"Outros";NA;NA;NA;NA;NA;NA;NA;NA;NA;NA;NA;NA;NA;NA;NA;NA;NA;NA;NA;NA;NA;NA;NA;NA;NA
43;"RS";4312179;"431217";"Mato Queimado";"Não";"-";"Outros";NA;NA;NA;NA;NA;NA;NA;NA;NA;NA;NA;NA;NA;NA;NA;NA;NA;NA;NA;NA;NA;NA;NA;NA;NA
43;"RS";4312203;"431220";"Maximiliano de Almeida";"Não";"-";"Outros";NA;NA;NA;NA;NA;NA;NA;NA;NA;NA;NA;NA;NA;NA;NA;1;NA;NA;NA;NA;NA;NA;NA;NA;NA
43;"RS";4312252;"431225";"Minas do Leão";"Não";"-";"Outros";NA;NA;NA;NA;NA;NA;NA;NA;NA;NA;1;NA;NA;NA;NA;NA;NA;NA;NA;NA;NA;NA;NA;NA;NA
43;"RS";4312302;"431230";"Miraguaí";"Não";"-";"Outros";NA;NA;1;NA;NA;NA;NA;NA;NA;NA;NA;NA;NA;NA;NA;NA;NA;NA;NA;NA;NA;NA;NA;NA;NA
43;"RS";4312351;"431235";"Montauri";"Não";"-";"Outros";NA;NA;NA;NA;NA;NA;NA;NA;NA;NA;NA;NA;NA;NA;NA;NA;NA;NA;NA;NA;NA;NA;NA;NA;NA
43;"RS";4312377;"431237";"Monte Alegre dos Campos";"Não";"-";"Outros";NA;NA;NA;NA;NA;NA;NA;NA;NA;NA;NA;NA;NA;NA;NA;NA;NA;NA;NA;NA;NA;NA;NA;NA;NA
43;"RS";4312385;"431238";"Monte Belo do Sul";"Não";"Região Metropolitana da Serra Gaúcha";"Outros";NA;NA;NA;NA;NA;NA;NA;NA;NA;NA;NA;NA;NA;NA;NA;NA;NA;NA;NA;NA;NA;NA;NA;NA;NA
43;"RS";4312401;"431240";"Montenegro";"Não";"Região Metropolitana de Porto Alegre";"Outros";NA;1;NA;1;2;NA;NA;NA;NA;NA;NA;NA;NA;NA;NA;NA;NA;NA;NA;NA;NA;NA;NA;NA;NA
43;"RS";4312427;"431242";"Mormaço";"Não";"-";"Outros";NA;NA;NA;NA;NA;NA;NA;NA;NA;NA;NA;NA;1;NA;NA;NA;NA;NA;NA;NA;NA;NA;1;NA;NA
43;"RS";4312443;"431244";"Morrinhos do Sul";"Não";"-";"Outros";NA;NA;NA;NA;NA;NA;NA;NA;NA;NA;NA;NA;NA;NA;NA;NA;NA;NA;NA;NA;NA;NA;NA;NA;NA
43;"RS";4312450;"431245";"Morro Redondo";"Não";"-";"Outros";NA;NA;NA;NA;NA;NA;NA;NA;NA;NA;NA;NA;NA;NA;NA;NA;NA;NA;NA;NA;NA;NA;NA;NA;NA
43;"RS";4312476;"431247";"Morro Reuter";"Não";"-";"Outros";NA;NA;NA;NA;NA;NA;NA;NA;NA;NA;NA;NA;NA;NA;NA;NA;NA;NA;NA;NA;NA;NA;NA;NA;NA
43;"RS";4312500;"431250";"Mostardas";"Não";"-";"Outros";NA;NA;NA;NA;NA;NA;NA;NA;NA;NA;NA;NA;NA;NA;1;NA;1;NA;NA;NA;NA;NA;NA;NA;NA
43;"RS";4312609;"431260";"Muçum";"Não";"-";"Outros";NA;NA;NA;NA;NA;NA;NA;NA;NA;NA;NA;NA;NA;NA;1;NA;NA;NA;NA;NA;1;NA;NA;NA;NA
43;"RS";4312617;"431261";"Muitos Capões";"Não";"-";"Outros";NA;NA;NA;NA;NA;NA;NA;NA;NA;NA;NA;NA;NA;NA;NA;NA;NA;NA;NA;NA;NA;1;NA;NA;NA
43;"RS";4312625;"431262";"Muliterno";"Não";"-";"Outros";NA;NA;NA;NA;NA;NA;NA;NA;NA;NA;NA;NA;NA;NA;NA;NA;NA;NA;NA;NA;NA;NA;NA;NA;NA
43;"RS";4312658;"431265";"Não-Me-Toque";"Não";"-";"Outros";1;NA;NA;NA;NA;NA;NA;NA;NA;NA;1;NA;1;NA;NA;NA;NA;NA;NA;NA;NA;NA;NA;NA;NA
43;"RS";4312708;"431270";"Nonoai";"Não";"-";"Outros";NA;NA;NA;NA;1;NA;NA;NA;NA;NA;NA;NA;NA;NA;NA;NA;NA;NA;NA;NA;NA;NA;NA;NA;NA
43;"RS";4312757;"431275";"Nova Alvorada";"Não";"-";"Outros";NA;NA;NA;NA;NA;NA;NA;NA;NA;NA;NA;NA;NA;NA;NA;NA;NA;NA;NA;NA;NA;NA;NA;NA;NA
43;"RS";4312807;"431280";"Nova Araçá";"Não";"-";"Outros";NA;NA;NA;NA;NA;NA;NA;NA;NA;NA;NA;NA;NA;NA;NA;NA;NA;NA;NA;NA;NA;NA;NA;NA;NA
43;"RS";4312906;"431290";"Nova Bassano";"Não";"-";"Outros";NA;NA;NA;NA;NA;NA;NA;NA;NA;NA;NA;NA;NA;NA;NA;NA;NA;NA;NA;NA;NA;NA;NA;NA;NA
43;"RS";4312955;"431295";"Nova Boa Vista";"Não";"-";"Outros";NA;NA;NA;NA;NA;NA;NA;NA;NA;NA;NA;NA;NA;NA;NA;NA;NA;NA;NA;NA;NA;NA;NA;NA;NA
43;"RS";4313003;"431300";"Nova Bréscia";"Não";"-";"Outros";NA;NA;NA;NA;NA;NA;NA;NA;NA;NA;NA;NA;NA;NA;NA;NA;NA;NA;NA;NA;NA;NA;NA;NA;NA
43;"RS";4313011;"431301";"Nova Candelária";"Não";"-";"Outros";NA;NA;NA;NA;NA;NA;NA;NA;NA;NA;NA;NA;NA;NA;NA;NA;NA;NA;NA;NA;NA;NA;NA;NA;NA
43;"RS";4313037;"431303";"Nova Esperança do Sul";"Não";"-";"Outros";NA;NA;NA;NA;NA;NA;NA;NA;NA;NA;NA;NA;NA;NA;NA;NA;NA;NA;NA;NA;NA;NA;NA;NA;NA
43;"RS";4313060;"431306";"Nova Hartz";"Não";"Região Metropolitana de Porto Alegre";"Outros";NA;NA;NA;NA;NA;1;NA;NA;NA;NA;NA;NA;NA;NA;NA;NA;NA;NA;NA;NA;NA;NA;NA;NA;NA
43;"RS";4313086;"431308";"Nova Pádua";"Não";"Região Metropolitana da Serra Gaúcha";"Outros";NA;NA;NA;NA;NA;NA;NA;NA;NA;NA;NA;NA;NA;NA;NA;NA;NA;NA;NA;NA;NA;NA;NA;NA;NA
43;"RS";4313102;"431310";"Nova Palma";"Não";"-";"Outros";NA;NA;NA;NA;NA;NA;NA;NA;NA;NA;NA;NA;1;NA;NA;NA;NA;NA;NA;NA;NA;NA;NA;NA;NA
43;"RS";4313201;"431320";"Nova Petrópolis";"Não";"-";"Outros";NA;NA;NA;NA;NA;NA;NA;NA;NA;NA;NA;NA;NA;NA;NA;NA;NA;NA;NA;NA;NA;NA;NA;NA;NA
43;"RS";4313300;"431330";"Nova Prata";"Não";"-";"Outros";NA;NA;NA;NA;NA;NA;NA;NA;NA;NA;NA;NA;NA;NA;NA;NA;NA;NA;NA;NA;NA;NA;NA;NA;NA
43;"RS";4313334;"431333";"Nova Ramada";"Não";"-";"Outros";NA;NA;NA;NA;NA;NA;NA;NA;NA;NA;NA;NA;NA;NA;NA;NA;NA;NA;NA;NA;NA;NA;NA;NA;NA
43;"RS";4313359;"431335";"Nova Roma do Sul";"Não";"Região Metropolitana da Serra Gaúcha";"Outros";NA;NA;NA;NA;NA;NA;NA;NA;NA;NA;NA;NA;NA;NA;NA;NA;NA;NA;NA;NA;NA;NA;NA;NA;NA
43;"RS";4313375;"431337";"Nova Santa Rita";"Não";"Região Metropolitana de Porto Alegre";"Outros";NA;NA;1;NA;NA;NA;NA;NA;NA;NA;NA;NA;NA;NA;NA;NA;NA;NA;NA;NA;NA;NA;NA;1;NA
43;"RS";4313391;"431339";"Novo Cabrais";"Não";"-";"Outros";NA;NA;NA;NA;NA;NA;NA;NA;NA;NA;NA;NA;NA;NA;NA;NA;NA;NA;NA;NA;NA;NA;NA;NA;NA
43;"RS";4313409;"431340";"Novo Hamburgo";"Não";"Região Metropolitana de Porto Alegre";"Outros";NA;NA;4;3;2;2;2;3;NA;1;2;2;NA;NA;2;NA;1;1;2;NA;1;NA;1;NA;NA
43;"RS";4313425;"431342";"Novo Machado";"Não";"-";"Outros";NA;NA;NA;NA;NA;NA;NA;NA;NA;NA;NA;NA;NA;NA;NA;NA;NA;NA;NA;NA;NA;NA;NA;NA;NA
43;"RS";4313441;"431344";"Novo Tiradentes";"Não";"-";"Outros";NA;NA;NA;NA;NA;NA;NA;NA;NA;NA;NA;NA;NA;NA;NA;1;NA;NA;NA;NA;NA;NA;NA;NA;NA
43;"RS";4313466;"431346";"Novo Xingu";"Não";"-";"Outros";NA;NA;NA;NA;NA;NA;NA;NA;NA;NA;NA;NA;NA;NA;NA;NA;NA;NA;NA;NA;NA;NA;NA;NA;NA
43;"RS";4313490;"431349";"Novo Barreiro";"Não";"-";"Outros";NA;NA;NA;NA;NA;NA;NA;NA;NA;NA;NA;NA;NA;NA;NA;NA;NA;NA;NA;NA;NA;NA;NA;NA;NA
43;"RS";4313508;"431350";"Osório";"Não";"-";"Outros";NA;1;NA;NA;NA;NA;1;NA;NA;NA;NA;1;NA;NA;NA;NA;NA;NA;NA;NA;NA;NA;NA;1;NA
43;"RS";4313607;"431360";"Paim Filho";"Não";"-";"Outros";NA;NA;NA;NA;NA;NA;NA;NA;NA;NA;NA;NA;NA;NA;NA;NA;NA;NA;NA;NA;NA;NA;NA;NA;NA
43;"RS";4313656;"431365";"Palmares do Sul";"Não";"-";"Outros";NA;NA;NA;1;NA;NA;NA;1;NA;NA;NA;NA;NA;NA;NA;NA;NA;NA;NA;NA;NA;NA;NA;NA;NA
43;"RS";4313706;"431370";"Palmeira das Missões";"Não";"-";"Outros";NA;NA;NA;NA;NA;NA;NA;NA;NA;NA;NA;NA;NA;NA;NA;NA;NA;NA;NA;NA;NA;NA;NA;NA;NA
43;"RS";4313805;"431380";"Palmitinho";"Não";"-";"Outros";NA;NA;NA;NA;NA;NA;NA;NA;NA;NA;NA;NA;1;NA;NA;NA;NA;NA;NA;NA;NA;NA;NA;NA;NA
43;"RS";4313904;"431390";"Panambi";"Não";"-";"Outros";NA;NA;NA;NA;NA;NA;NA;NA;NA;NA;NA;1;1;NA;NA;NA;NA;NA;NA;NA;NA;NA;NA;NA;NA
43;"RS";4313953;"431395";"Pantano Grande";"Não";"-";"Outros";NA;NA;NA;NA;NA;NA;NA;NA;NA;NA;NA;NA;1;1;NA;NA;NA;NA;NA;NA;NA;NA;NA;NA;NA
43;"RS";4314001;"431400";"Paraí";"Não";"-";"Outros";NA;NA;NA;NA;NA;NA;NA;NA;NA;NA;NA;NA;NA;NA;NA;NA;NA;NA;NA;NA;NA;NA;NA;NA;NA
43;"RS";4314027;"431402";"Paraíso do Sul";"Não";"-";"Outros";NA;NA;NA;NA;NA;NA;NA;NA;NA;NA;NA;NA;NA;1;NA;NA;NA;NA;NA;NA;NA;NA;NA;NA;NA
43;"RS";4314035;"431403";"Pareci Novo";"Não";"-";"Outros";NA;NA;NA;NA;NA;NA;NA;NA;NA;NA;NA;NA;NA;NA;NA;NA;NA;NA;NA;NA;NA;NA;NA;NA;NA
43;"RS";4314050;"431405";"Parobé";"Não";"Região Metropolitana de Porto Alegre";"Outros";NA;NA;NA;NA;NA;NA;NA;NA;NA;NA;NA;2;NA;NA;NA;NA;NA;NA;NA;NA;NA;1;NA;NA;NA
43;"RS";4314068;"431406";"Passa Sete";"Não";"-";"Outros";NA;NA;NA;NA;NA;NA;NA;NA;NA;NA;NA;NA;NA;NA;NA;NA;1;NA;NA;NA;NA;NA;NA;NA;NA
43;"RS";4314076;"431407";"Passo do Sobrado";"Não";"-";"Outros";NA;NA;NA;NA;NA;NA;NA;NA;NA;NA;NA;NA;NA;NA;NA;NA;NA;NA;NA;NA;NA;NA;NA;NA;NA
43;"RS";4314100;"431410";"Passo Fundo";"Não";"-";"Outros";NA;1;1;1;4;2;1;2;2;1;4;NA;NA;1;1;NA;1;1;NA;NA;NA;NA;3;1;NA
43;"RS";4314134;"431413";"Paulo Bento";"Não";"-";"Outros";NA;NA;NA;NA;NA;NA;NA;NA;NA;NA;NA;NA;NA;NA;NA;NA;NA;NA;NA;NA;NA;NA;NA;NA;NA
43;"RS";4314159;"431415";"Paverama";"Não";"-";"Outros";NA;NA;NA;NA;NA;NA;NA;NA;NA;NA;NA;NA;NA;NA;NA;NA;NA;NA;NA;NA;NA;NA;NA;NA;NA
43;"RS";4314175;"431417";"Pedras Altas";"Não";"-";"Outros";NA;NA;NA;NA;NA;NA;NA;NA;NA;NA;NA;NA;NA;NA;NA;NA;NA;NA;NA;NA;NA;NA;NA;NA;NA
43;"RS";4314209;"431420";"Pedro Osório";"Não";"-";"Outros";NA;NA;NA;NA;NA;NA;NA;NA;NA;NA;1;NA;NA;NA;NA;NA;NA;NA;NA;NA;NA;NA;NA;NA;NA
43;"RS";4314308;"431430";"Pejuçara";"Não";"-";"Outros";NA;NA;NA;NA;NA;NA;NA;NA;NA;NA;NA;NA;NA;NA;NA;NA;NA;NA;NA;NA;NA;NA;NA;NA;NA
43;"RS";4314407;"431440";"Pelotas";"Não";"-";"Outros";7;3;3;6;6;2;7;7;4;4;6;8;3;4;6;1;2;4;3;NA;NA;1;1;1;NA
43;"RS";4314423;"431442";"Picada Café";"Não";"-";"Outros";NA;NA;NA;NA;NA;NA;NA;NA;NA;NA;NA;NA;NA;NA;NA;NA;NA;NA;NA;NA;NA;NA;NA;NA;NA
43;"RS";4314456;"431445";"Pinhal";"Não";"-";"Outros";NA;NA;NA;NA;NA;NA;NA;NA;NA;NA;NA;NA;NA;NA;NA;NA;NA;NA;NA;NA;NA;NA;NA;NA;NA
43;"RS";4314464;"431446";"Pinhal da Serra";"Não";"-";"Outros";NA;NA;NA;NA;NA;NA;NA;NA;NA;NA;NA;NA;NA;NA;NA;NA;NA;NA;NA;NA;NA;NA;NA;NA;NA
43;"RS";4314472;"431447";"Pinhal Grande";"Não";"-";"Outros";NA;NA;NA;NA;NA;NA;NA;NA;NA;NA;NA;NA;NA;NA;NA;NA;NA;NA;NA;NA;NA;1;NA;NA;NA
43;"RS";4314498;"431449";"Pinheirinho do Vale";"Não";"-";"Outros";NA;NA;NA;NA;NA;NA;NA;NA;NA;NA;NA;NA;NA;NA;NA;NA;NA;NA;NA;NA;NA;NA;NA;NA;NA
43;"RS";4314506;"431450";"Pinheiro Machado";"Não";"-";"Outros";NA;NA;NA;NA;NA;NA;NA;NA;NA;NA;NA;NA;NA;NA;NA;NA;NA;NA;NA;NA;NA;NA;NA;1;NA
43;"RS";4314605;"431460";"Piratini";"Não";"-";"Outros";1;NA;1;NA;NA;NA;NA;NA;NA;NA;NA;NA;NA;NA;NA;NA;NA;NA;NA;1;NA;1;NA;NA;NA
43;"RS";4314704;"431470";"Planalto";"Não";"-";"Outros";NA;NA;NA;NA;NA;NA;NA;NA;NA;NA;NA;NA;NA;NA;NA;NA;NA;NA;NA;NA;NA;NA;NA;NA;NA
43;"RS";4314779;"431477";"Pontão";"Não";"-";"Outros";NA;NA;NA;NA;NA;NA;NA;NA;NA;NA;NA;NA;NA;NA;NA;NA;NA;NA;NA;NA;NA;NA;NA;NA;NA
43;"RS";4314803;"431480";"Portão";"Não";"Região Metropolitana de Porto Alegre";"Outros";NA;NA;NA;NA;NA;NA;NA;NA;NA;NA;NA;NA;1;NA;NA;NA;NA;NA;NA;NA;NA;NA;NA;NA;NA
43;"RS";4314902;"431490";"Porto Alegre";"Sim";"Região Metropolitana de Porto Alegre";"Outros";20;15;16;22;13;15;7;12;10;12;5;4;2;NA;3;5;4;3;NA;NA;1;3;4;2;NA
43;"RS";4315008;"431500";"Porto Lucena";"Não";"-";"Outros";NA;NA;NA;NA;NA;NA;NA;NA;NA;NA;NA;NA;NA;NA;NA;NA;NA;NA;NA;NA;NA;NA;NA;NA;NA
43;"RS";4315057;"431505";"Porto Mauá";"Não";"-";"Outros";NA;NA;1;NA;NA;NA;NA;NA;NA;NA;NA;NA;NA;NA;NA;NA;NA;NA;NA;NA;NA;NA;NA;NA;NA
43;"RS";4315107;"431510";"Porto Xavier";"Não";"-";"Outros";NA;NA;NA;NA;NA;NA;NA;NA;NA;NA;NA;NA;NA;NA;NA;NA;NA;NA;NA;NA;NA;1;NA;NA;NA
43;"RS";4315131;"431513";"Pouso Novo";"Não";"-";"Outros";1;NA;NA;NA;NA;NA;NA;NA;NA;NA;NA;NA;NA;NA;NA;NA;NA;NA;1;NA;NA;NA;NA;NA;NA
43;"RS";4315149;"431514";"Presidente Lucena";"Não";"-";"Outros";NA;NA;NA;NA;NA;NA;NA;NA;NA;NA;NA;NA;NA;NA;NA;NA;NA;NA;NA;NA;NA;1;NA;NA;NA
43;"RS";4315156;"431515";"Progresso";"Não";"-";"Outros";NA;NA;NA;NA;NA;NA;NA;NA;NA;NA;NA;NA;NA;NA;NA;NA;NA;NA;NA;NA;NA;NA;NA;NA;NA
43;"RS";4315206;"431520";"Putinga";"Não";"-";"Outros";NA;NA;NA;NA;NA;NA;NA;NA;NA;NA;NA;NA;NA;NA;NA;NA;NA;NA;NA;NA;NA;NA;NA;NA;NA
43;"RS";4315305;"431530";"Quaraí";"Não";"-";"Outros";NA;NA;NA;1;NA;NA;NA;NA;NA;NA;NA;1;NA;NA;NA;NA;NA;NA;NA;NA;NA;NA;NA;NA;NA
43;"RS";4315321;"431532";"Quevedos";"Não";"-";"Outros";NA;NA;NA;NA;NA;NA;NA;NA;NA;NA;NA;NA;NA;NA;NA;NA;NA;NA;NA;NA;NA;NA;NA;NA;NA
43;"RS";4315354;"431535";"Quinze de Novembro";"Não";"-";"Outros";NA;NA;NA;NA;NA;NA;NA;NA;NA;NA;NA;NA;NA;NA;NA;NA;NA;NA;NA;NA;NA;NA;NA;NA;NA
43;"RS";4315404;"431540";"Redentora";"Não";"-";"Outros";NA;NA;1;NA;NA;NA;NA;NA;NA;NA;NA;NA;NA;NA;NA;NA;NA;NA;NA;NA;NA;NA;NA;NA;NA
43;"RS";4315503;"431550";"Restinga Sêca";"Não";"-";"Outros";NA;2;NA;1;NA;2;NA;NA;NA;3;NA;1;NA;NA;NA;NA;NA;NA;NA;NA;NA;NA;1;NA;NA
43;"RS";4315552;"431555";"Rio dos Índios";"Não";"-";"Outros";NA;NA;NA;NA;NA;NA;NA;NA;NA;NA;NA;NA;NA;NA;NA;NA;NA;NA;NA;NA;NA;NA;NA;NA;NA
43;"RS";4315602;"431560";"Rio Grande";"Não";"-";"Outros";5;5;NA;2;NA;NA;NA;1;2;NA;NA;2;1;NA;NA;1;NA;NA;1;1;NA;1;NA;NA;NA
43;"RS";4315701;"431570";"Rio Pardo";"Não";"-";"Outros";1;1;NA;NA;NA;NA;NA;NA;NA;NA;NA;NA;NA;NA;NA;NA;NA;NA;NA;NA;NA;NA;2;NA;NA
43;"RS";4315750;"431575";"Riozinho";"Não";"-";"Outros";NA;NA;NA;NA;NA;NA;NA;NA;NA;NA;NA;NA;NA;NA;NA;NA;NA;NA;NA;NA;NA;NA;NA;NA;NA
43;"RS";4315800;"431580";"Roca Sales";"Não";"-";"Outros";NA;NA;NA;NA;NA;NA;NA;NA;NA;NA;NA;NA;NA;NA;NA;NA;NA;NA;NA;NA;NA;NA;NA;NA;NA
43;"RS";4315909;"431590";"Rodeio Bonito";"Não";"-";"Outros";NA;NA;NA;NA;NA;NA;NA;NA;NA;NA;1;NA;NA;NA;NA;NA;NA;NA;NA;NA;NA;NA;NA;NA;NA
43;"RS";4315958;"431595";"Rolador";"Não";"-";"Outros";NA;NA;NA;NA;NA;NA;NA;NA;NA;NA;NA;NA;NA;NA;NA;NA;NA;NA;NA;NA;NA;NA;NA;NA;NA
43;"RS";4316006;"431600";"Rolante";"Não";"Região Metropolitana de Porto Alegre";"Outros";NA;NA;NA;NA;NA;NA;NA;NA;NA;NA;NA;NA;NA;1;NA;NA;NA;NA;NA;NA;NA;NA;NA;NA;NA
43;"RS";4316105;"431610";"Ronda Alta";"Não";"-";"Outros";NA;NA;NA;NA;NA;NA;NA;NA;NA;NA;NA;NA;NA;NA;NA;NA;NA;NA;NA;NA;NA;NA;NA;NA;NA
43;"RS";4316204;"431620";"Rondinha";"Não";"-";"Outros";1;NA;NA;NA;NA;NA;NA;NA;NA;NA;NA;NA;NA;NA;NA;NA;NA;NA;NA;NA;NA;NA;NA;NA;NA
43;"RS";4316303;"431630";"Roque Gonzales";"Não";"-";"Outros";NA;NA;NA;NA;NA;NA;NA;NA;NA;NA;NA;NA;NA;NA;NA;NA;NA;NA;NA;1;NA;NA;NA;NA;NA
43;"RS";4316402;"431640";"Rosário do Sul";"Não";"-";"Outros";NA;NA;NA;NA;NA;NA;1;NA;NA;NA;NA;NA;NA;NA;NA;NA;NA;NA;NA;NA;NA;NA;NA;NA;NA
43;"RS";4316436;"431643";"Saldanha Marinho";"Não";"-";"Outros";NA;NA;NA;NA;NA;NA;NA;NA;NA;NA;NA;NA;NA;NA;NA;NA;NA;NA;NA;NA;NA;NA;NA;NA;NA
43;"RS";4316451;"431645";"Salto do Jacuí";"Não";"-";"Outros";NA;1;NA;NA;NA;NA;NA;NA;NA;NA;NA;NA;NA;NA;NA;NA;NA;NA;NA;NA;NA;NA;NA;NA;NA
43;"RS";4316501;"431650";"Salvador do Sul";"Não";"-";"Outros";NA;NA;NA;NA;NA;NA;NA;NA;NA;NA;NA;NA;NA;NA;NA;NA;NA;NA;NA;NA;NA;NA;NA;NA;NA
43;"RS";4316600;"431660";"Sananduva";"Não";"-";"Outros";NA;NA;NA;NA;NA;NA;NA;NA;NA;NA;NA;NA;NA;NA;NA;NA;NA;NA;NA;NA;NA;NA;NA;NA;NA
43;"RS";4316709;"431670";"Santa Bárbara do Sul";"Não";"-";"Outros";NA;NA;NA;NA;NA;NA;NA;NA;NA;NA;NA;NA;NA;NA;NA;NA;NA;NA;NA;NA;NA;NA;NA;NA;NA
43;"RS";4316733;"431673";"Santa Cecília do Sul";"Não";"-";"Outros";NA;NA;NA;NA;NA;NA;NA;NA;NA;NA;NA;NA;NA;NA;NA;NA;NA;NA;NA;NA;NA;NA;NA;NA;NA
43;"RS";4316758;"431675";"Santa Clara do Sul";"Não";"-";"Outros";NA;NA;NA;NA;NA;NA;NA;NA;NA;NA;NA;NA;NA;NA;NA;NA;NA;NA;NA;NA;NA;NA;NA;NA;NA
43;"RS";4316808;"431680";"Santa Cruz do Sul";"Não";"-";"Outros";1;NA;NA;NA;1;NA;NA;NA;NA;NA;NA;NA;NA;NA;NA;1;NA;NA;NA;1;NA;NA;NA;NA;NA
43;"RS";4316907;"431690";"Santa Maria";"Não";"-";"Outros";NA;5;8;4;2;3;7;3;2;2;5;4;4;9;5;3;NA;NA;1;NA;NA;1;NA;NA;NA
43;"RS";4316956;"431695";"Santa Maria do Herval";"Não";"-";"Outros";NA;NA;NA;NA;NA;NA;NA;NA;NA;NA;NA;NA;NA;NA;NA;NA;NA;NA;NA;NA;NA;NA;NA;NA;NA
43;"RS";4316972;"431697";"Santa Margarida do Sul";"Não";"-";"Outros";NA;NA;NA;NA;NA;NA;NA;NA;NA;NA;NA;NA;NA;NA;NA;NA;NA;NA;NA;NA;NA;NA;NA;NA;NA
43;"RS";4317004;"431700";"Santana da Boa Vista";"Não";"-";"Outros";NA;NA;NA;NA;NA;NA;NA;NA;NA;NA;NA;2;NA;NA;NA;NA;NA;2;NA;NA;NA;1;NA;NA;NA
43;"RS";4317103;"431710";"Sant'Ana do Livramento";"Não";"-";"Outros";NA;NA;NA;NA;1;NA;NA;1;NA;1;1;1;1;1;NA;2;1;NA;1;1;2;NA;NA;1;NA
43;"RS";4317202;"431720";"Santa Rosa";"Não";"-";"Outros";NA;NA;NA;NA;NA;NA;NA;1;NA;NA;1;NA;NA;NA;NA;NA;NA;NA;NA;1;NA;NA;1;NA;NA
43;"RS";4317251;"431725";"Santa Tereza";"Não";"Região Metropolitana da Serra Gaúcha";"Outros";NA;NA;NA;NA;NA;NA;NA;NA;NA;NA;NA;NA;NA;NA;NA;NA;NA;NA;NA;NA;NA;NA;NA;NA;NA
43;"RS";4317301;"431730";"Santa Vitória do Palmar";"Não";"-";"Outros";NA;NA;NA;NA;NA;NA;NA;NA;NA;NA;NA;NA;1;NA;1;NA;NA;1;NA;NA;NA;NA;NA;NA;NA
43;"RS";4317400;"431740";"Santiago";"Não";"-";"Outros";1;NA;NA;NA;NA;NA;NA;NA;NA;NA;NA;NA;NA;NA;NA;NA;NA;NA;NA;NA;NA;NA;NA;NA;NA
43;"RS";4317509;"431750";"Santo Ângelo";"Não";"-";"Outros";NA;NA;NA;NA;1;NA;NA;NA;1;1;NA;NA;NA;NA;NA;NA;NA;NA;NA;NA;NA;NA;1;NA;NA
43;"RS";4317558;"431755";"Santo Antônio do Palma";"Não";"-";"Outros";NA;NA;NA;NA;NA;NA;NA;NA;NA;NA;NA;NA;NA;NA;NA;NA;NA;NA;NA;NA;NA;NA;NA;NA;NA
43;"RS";4317608;"431760";"Santo Antônio da Patrulha";"Não";"Região Metropolitana de Porto Alegre";"Outros";1;NA;NA;NA;1;2;NA;NA;NA;NA;NA;NA;1;NA;NA;NA;NA;NA;NA;NA;NA;NA;NA;NA;NA
43;"RS";4317707;"431770";"Santo Antônio das Missões";"Não";"-";"Outros";NA;NA;NA;NA;NA;NA;NA;NA;NA;NA;NA;NA;NA;NA;NA;NA;NA;NA;NA;NA;NA;NA;NA;NA;NA
43;"RS";4317756;"431775";"Santo Antônio do Planalto";"Não";"-";"Outros";NA;NA;NA;NA;NA;NA;NA;NA;NA;NA;NA;NA;NA;NA;NA;NA;NA;NA;NA;NA;NA;NA;NA;NA;NA
43;"RS";4317806;"431780";"Santo Augusto";"Não";"-";"Outros";NA;NA;1;NA;NA;NA;NA;NA;NA;NA;NA;NA;NA;NA;NA;NA;NA;NA;NA;NA;NA;NA;NA;NA;NA
43;"RS";4317905;"431790";"Santo Cristo";"Não";"-";"Outros";NA;NA;NA;NA;NA;NA;NA;NA;NA;NA;NA;NA;NA;NA;NA;NA;NA;NA;NA;NA;NA;NA;NA;NA;NA
43;"RS";4317954;"431795";"Santo Expedito do Sul";"Não";"-";"Outros";NA;NA;NA;NA;NA;NA;NA;NA;NA;NA;NA;NA;NA;NA;NA;NA;NA;NA;NA;NA;NA;NA;NA;NA;NA
43;"RS";4318002;"431800";"São Borja";"Não";"-";"Outros";NA;NA;NA;NA;NA;NA;NA;NA;NA;NA;NA;NA;1;2;NA;NA;NA;NA;NA;NA;NA;NA;NA;NA;NA
43;"RS";4318051;"431805";"São Domingos do Sul";"Não";"-";"Outros";NA;NA;NA;NA;NA;NA;NA;NA;NA;NA;NA;NA;NA;NA;NA;NA;NA;NA;NA;NA;NA;NA;NA;NA;NA
43;"RS";4318101;"431810";"São Francisco de Assis";"Não";"-";"Outros";NA;NA;NA;NA;NA;NA;NA;NA;NA;NA;NA;NA;NA;NA;NA;NA;NA;NA;NA;NA;NA;NA;NA;NA;NA
43;"RS";4318200;"431820";"São Francisco de Paula";"Não";"-";"Outros";NA;NA;4;NA;1;NA;NA;1;1;NA;NA;NA;NA;1;NA;NA;NA;NA;NA;NA;NA;NA;NA;1;NA
43;"RS";4318309;"431830";"São Gabriel";"Não";"-";"Outros";1;NA;NA;NA;NA;NA;1;2;NA;NA;NA;NA;NA;1;NA;NA;NA;1;NA;NA;NA;NA;NA;NA;NA
43;"RS";4318408;"431840";"São Jerônimo";"Não";"Região Metropolitana de Porto Alegre";"Outros";NA;NA;NA;NA;NA;NA;NA;NA;1;NA;NA;NA;NA;NA;NA;NA;NA;NA;NA;NA;NA;1;NA;NA;NA
43;"RS";4318424;"431842";"São João da Urtiga";"Não";"-";"Outros";NA;NA;NA;NA;NA;NA;NA;NA;NA;NA;NA;NA;NA;NA;NA;NA;NA;NA;NA;NA;NA;NA;1;NA;NA
43;"RS";4318432;"431843";"São João do Polêsine";"Não";"-";"Outros";NA;NA;NA;NA;1;NA;NA;NA;NA;NA;NA;NA;NA;NA;NA;NA;NA;NA;NA;NA;NA;NA;NA;NA;NA
43;"RS";4318457;"431845";"São José das Missões";"Não";"-";"Outros";NA;NA;1;NA;NA;NA;NA;NA;NA;NA;NA;NA;NA;NA;NA;NA;NA;NA;NA;NA;NA;NA;NA;NA;NA
43;"RS";4318465;"431846";"São José do Herval";"Não";"-";"Outros";NA;NA;1;NA;NA;NA;NA;NA;NA;NA;1;NA;NA;NA;NA;NA;NA;NA;NA;NA;NA;NA;NA;NA;NA
43;"RS";4318481;"431848";"São José do Hortêncio";"Não";"-";"Outros";NA;NA;NA;NA;NA;NA;NA;NA;NA;NA;NA;NA;NA;NA;NA;NA;NA;NA;NA;NA;NA;NA;NA;NA;NA
43;"RS";4318499;"431849";"São José do Inhacorá";"Não";"-";"Outros";NA;NA;NA;NA;NA;NA;NA;NA;NA;NA;NA;NA;NA;NA;NA;NA;NA;NA;NA;NA;NA;NA;NA;NA;NA
43;"RS";4318507;"431850";"São José do Norte";"Não";"-";"Outros";NA;NA;NA;NA;NA;NA;NA;NA;NA;NA;1;4;NA;NA;NA;NA;NA;NA;NA;NA;NA;NA;NA;NA;NA
43;"RS";4318606;"431860";"São José do Ouro";"Não";"-";"Outros";NA;NA;NA;NA;NA;NA;NA;NA;NA;NA;NA;NA;NA;NA;NA;NA;NA;NA;NA;NA;NA;NA;NA;NA;NA
43;"RS";4318614;"431861";"São José do Sul";"Não";"-";"Outros";NA;NA;NA;NA;NA;NA;NA;NA;NA;NA;NA;NA;NA;NA;NA;NA;NA;NA;NA;NA;NA;NA;NA;NA;NA
43;"RS";4318622;"431862";"São José dos Ausentes";"Não";"-";"Outros";NA;NA;NA;NA;NA;NA;NA;NA;NA;NA;NA;NA;NA;NA;NA;NA;NA;NA;NA;NA;NA;NA;NA;NA;NA
43;"RS";4318705;"431870";"São Leopoldo";"Não";"Região Metropolitana de Porto Alegre";"Outros";1;1;1;2;NA;NA;1;NA;NA;2;NA;NA;NA;NA;1;NA;NA;NA;NA;NA;NA;NA;NA;NA;NA
43;"RS";4318804;"431880";"São Lourenço do Sul";"Não";"-";"Outros";NA;NA;NA;NA;NA;NA;NA;NA;NA;NA;NA;NA;NA;NA;NA;NA;NA;NA;NA;NA;NA;NA;NA;NA;NA
43;"RS";4318903;"431890";"São Luiz Gonzaga";"Não";"-";"Outros";1;NA;NA;NA;NA;NA;NA;NA;NA;NA;NA;NA;NA;NA;NA;NA;NA;NA;NA;NA;NA;NA;NA;NA;NA
43;"RS";4319000;"431900";"São Marcos";"Não";"Região Metropolitana da Serra Gaúcha";"Outros";NA;NA;NA;NA;NA;NA;NA;NA;NA;NA;NA;NA;NA;NA;NA;NA;NA;NA;NA;NA;NA;NA;NA;NA;NA
43;"RS";4319109;"431910";"São Martinho";"Não";"-";"Outros";NA;NA;NA;1;NA;NA;NA;NA;NA;NA;NA;NA;NA;NA;NA;NA;NA;NA;NA;NA;NA;NA;NA;NA;NA
43;"RS";4319125;"431912";"São Martinho da Serra";"Não";"-";"Outros";NA;NA;NA;NA;NA;NA;NA;NA;NA;NA;NA;NA;NA;NA;NA;NA;NA;NA;NA;NA;NA;NA;NA;NA;NA
43;"RS";4319158;"431915";"São Miguel das Missões";"Não";"-";"Outros";NA;NA;NA;NA;NA;NA;NA;NA;NA;NA;NA;NA;NA;NA;NA;NA;NA;NA;NA;NA;NA;NA;NA;NA;NA
43;"RS";4319208;"431920";"São Nicolau";"Não";"-";"Outros";NA;NA;NA;NA;NA;NA;NA;NA;NA;NA;NA;NA;NA;NA;NA;NA;NA;NA;NA;NA;NA;NA;NA;NA;NA
43;"RS";4319307;"431930";"São Paulo das Missões";"Não";"-";"Outros";NA;NA;NA;NA;NA;NA;NA;NA;NA;NA;NA;NA;NA;NA;NA;NA;NA;NA;NA;NA;NA;NA;NA;NA;NA
43;"RS";4319356;"431935";"São Pedro da Serra";"Não";"-";"Outros";NA;NA;NA;NA;NA;NA;NA;NA;NA;NA;NA;NA;NA;NA;NA;NA;NA;NA;NA;NA;NA;NA;NA;NA;NA
43;"RS";4319364;"431936";"São Pedro das Missões";"Não";"-";"Outros";NA;NA;NA;NA;NA;NA;NA;NA;NA;NA;NA;NA;NA;NA;NA;NA;NA;NA;NA;NA;NA;NA;NA;NA;NA
43;"RS";4319372;"431937";"São Pedro do Butiá";"Não";"-";"Outros";NA;NA;NA;NA;NA;NA;NA;NA;NA;NA;NA;NA;NA;NA;NA;NA;NA;NA;NA;NA;NA;NA;NA;NA;NA
43;"RS";4319406;"431940";"São Pedro do Sul";"Não";"-";"Outros";1;NA;NA;NA;NA;NA;NA;NA;NA;NA;1;NA;NA;NA;NA;NA;NA;NA;NA;NA;NA;NA;NA;NA;NA
43;"RS";4319505;"431950";"São Sebastião do Caí";"Não";"Região Metropolitana de Porto Alegre";"Outros";1;NA;NA;NA;NA;NA;2;NA;NA;NA;NA;NA;NA;NA;NA;NA;NA;NA;NA;NA;NA;NA;NA;NA;NA
43;"RS";4319604;"431960";"São Sepé";"Não";"-";"Outros";NA;NA;1;NA;NA;NA;NA;1;NA;1;1;NA;NA;NA;NA;NA;NA;NA;NA;NA;NA;NA;NA;NA;NA
43;"RS";4319703;"431970";"São Valentim";"Não";"-";"Outros";NA;NA;NA;NA;NA;NA;NA;NA;NA;NA;NA;NA;NA;NA;NA;NA;NA;NA;NA;NA;NA;NA;NA;NA;NA
43;"RS";4319711;"431971";"São Valentim do Sul";"Não";"-";"Outros";NA;NA;NA;NA;NA;NA;NA;NA;NA;NA;NA;NA;NA;NA;NA;NA;NA;NA;NA;NA;NA;NA;NA;NA;NA
43;"RS";4319752;"431975";"São Vendelino";"Não";"-";"Outros";NA;NA;NA;NA;NA;NA;NA;NA;NA;NA;NA;NA;NA;NA;NA;NA;NA;NA;NA;NA;NA;NA;NA;NA;NA
43;"RS";4319802;"431980";"São Vicente do Sul";"Não";"-";"Outros";NA;NA;NA;NA;NA;NA;NA;1;NA;1;1;NA;NA;NA;NA;NA;NA;NA;NA;NA;NA;NA;NA;NA;NA
43;"RS";4319901;"431990";"Sapiranga";"Não";"Região Metropolitana de Porto Alegre";"Outros";NA;NA;NA;NA;NA;1;1;NA;NA;1;NA;NA;NA;NA;1;1;NA;NA;NA;NA;NA;NA;NA;NA;NA
43;"RS";4320008;"432000";"Sapucaia do Sul";"Não";"Região Metropolitana de Porto Alegre";"Outros";2;NA;NA;3;3;NA;NA;2;NA;1;NA;2;NA;NA;1;1;NA;NA;NA;NA;NA;3;3;NA;NA
43;"RS";4320107;"432010";"Sarandi";"Não";"-";"Outros";NA;NA;NA;NA;NA;NA;NA;NA;NA;1;NA;NA;NA;NA;NA;NA;NA;NA;NA;NA;NA;1;NA;NA;NA
43;"RS";4320206;"432020";"Seberi";"Não";"-";"Outros";NA;NA;NA;1;NA;NA;NA;NA;NA;NA;1;NA;NA;1;NA;NA;NA;NA;NA;NA;NA;NA;1;NA;NA
43;"RS";4320263;"432026";"Segredo";"Não";"-";"Outros";NA;NA;NA;NA;NA;NA;NA;NA;NA;NA;NA;NA;2;NA;NA;NA;NA;NA;NA;NA;NA;NA;NA;NA;NA
43;"RS";4320305;"432030";"Selbach";"Não";"-";"Outros";NA;NA;NA;NA;NA;NA;NA;NA;NA;NA;NA;NA;NA;NA;NA;NA;NA;NA;NA;NA;NA;NA;NA;NA;NA
43;"RS";4320354;"432035";"Sentinela do Sul";"Não";"-";"Outros";NA;NA;NA;NA;NA;NA;1;NA;NA;NA;NA;NA;NA;NA;NA;NA;NA;NA;NA;NA;NA;NA;NA;NA;NA
43;"RS";4320404;"432040";"Serafina Corrêa";"Não";"-";"Outros";NA;NA;NA;NA;NA;NA;NA;NA;NA;NA;NA;NA;NA;NA;NA;NA;NA;NA;NA;NA;NA;NA;NA;NA;NA
43;"RS";4320453;"432045";"Sério";"Não";"-";"Outros";NA;NA;NA;NA;NA;NA;NA;NA;NA;NA;NA;NA;NA;NA;NA;NA;NA;NA;NA;NA;NA;NA;NA;NA;NA
43;"RS";4320503;"432050";"Sertão";"Não";"-";"Outros";NA;NA;NA;NA;NA;NA;NA;NA;NA;NA;NA;NA;NA;NA;NA;NA;NA;NA;NA;NA;NA;NA;NA;NA;NA
43;"RS";4320552;"432055";"Sertão Santana";"Não";"-";"Outros";NA;NA;NA;NA;NA;NA;NA;NA;NA;NA;NA;NA;NA;NA;NA;NA;NA;NA;NA;NA;NA;NA;NA;NA;NA
43;"RS";4320578;"432057";"Sete de Setembro";"Não";"-";"Outros";NA;NA;NA;NA;NA;NA;NA;NA;NA;NA;NA;NA;NA;NA;NA;NA;NA;NA;NA;NA;NA;NA;NA;NA;NA
43;"RS";4320602;"432060";"Severiano de Almeida";"Não";"-";"Outros";NA;NA;NA;NA;NA;NA;NA;NA;NA;NA;NA;NA;NA;NA;NA;NA;NA;NA;NA;NA;NA;NA;NA;NA;NA
43;"RS";4320651;"432065";"Silveira Martins";"Não";"-";"Outros";NA;NA;NA;NA;1;NA;NA;NA;NA;NA;NA;NA;NA;NA;NA;NA;NA;NA;NA;NA;NA;NA;NA;NA;NA
43;"RS";4320677;"432067";"Sinimbu";"Não";"-";"Outros";NA;NA;NA;NA;NA;NA;NA;NA;NA;NA;NA;NA;NA;NA;NA;NA;NA;NA;NA;NA;NA;NA;NA;NA;NA
43;"RS";4320701;"432070";"Sobradinho";"Não";"-";"Outros";NA;2;NA;NA;NA;NA;NA;NA;NA;1;NA;1;1;NA;NA;NA;NA;NA;NA;NA;NA;NA;NA;NA;NA
43;"RS";4320800;"432080";"Soledade";"Não";"-";"Outros";NA;NA;NA;3;NA;1;NA;NA;NA;NA;1;NA;NA;NA;NA;NA;NA;1;NA;NA;NA;NA;1;1;NA
43;"RS";4320859;"432085";"Tabaí";"Não";"-";"Outros";NA;NA;NA;NA;NA;NA;NA;NA;NA;NA;NA;NA;NA;NA;NA;NA;NA;NA;NA;NA;NA;NA;NA;NA;NA
43;"RS";4320909;"432090";"Tapejara";"Não";"-";"Outros";NA;NA;1;NA;NA;NA;NA;NA;NA;NA;NA;NA;NA;NA;NA;1;NA;NA;NA;NA;NA;NA;NA;NA;NA
43;"RS";4321006;"432100";"Tapera";"Não";"-";"Outros";NA;NA;NA;NA;1;NA;NA;NA;NA;NA;NA;NA;NA;NA;NA;NA;NA;NA;NA;NA;NA;NA;NA;NA;NA
43;"RS";4321105;"432110";"Tapes";"Não";"-";"Outros";NA;NA;NA;NA;NA;NA;1;NA;NA;1;NA;NA;NA;NA;NA;NA;NA;NA;NA;NA;NA;NA;NA;NA;NA
43;"RS";4321204;"432120";"Taquara";"Não";"Região Metropolitana de Porto Alegre";"Outros";NA;2;NA;NA;NA;NA;NA;NA;NA;NA;NA;NA;NA;NA;NA;NA;NA;NA;NA;NA;NA;NA;NA;NA;NA
43;"RS";4321303;"432130";"Taquari";"Não";"-";"Outros";NA;NA;NA;NA;NA;NA;NA;NA;NA;NA;1;NA;NA;NA;NA;NA;NA;NA;NA;NA;NA;NA;NA;NA;NA
43;"RS";4321329;"432132";"Taquaruçu do Sul";"Não";"-";"Outros";NA;NA;NA;NA;NA;NA;NA;NA;NA;NA;NA;NA;NA;NA;NA;NA;NA;NA;NA;NA;NA;NA;NA;NA;NA
43;"RS";4321352;"432135";"Tavares";"Não";"-";"Outros";NA;NA;NA;NA;NA;NA;NA;NA;NA;NA;NA;NA;NA;NA;NA;NA;NA;NA;NA;NA;NA;NA;NA;NA;NA
43;"RS";4321402;"432140";"Tenente Portela";"Não";"-";"Outros";NA;NA;NA;NA;NA;NA;NA;NA;NA;NA;NA;NA;NA;NA;NA;NA;NA;NA;NA;NA;NA;NA;NA;NA;NA
43;"RS";4321436;"432143";"Terra de Areia";"Não";"-";"Outros";NA;NA;NA;NA;NA;NA;NA;NA;NA;NA;NA;NA;NA;NA;1;NA;NA;NA;NA;NA;NA;NA;NA;NA;NA
43;"RS";4321451;"432145";"Teutônia";"Não";"-";"Outros";NA;NA;NA;NA;NA;NA;NA;NA;NA;NA;NA;NA;NA;NA;NA;NA;NA;NA;NA;NA;NA;NA;NA;NA;NA
43;"RS";4321469;"432146";"Tio Hugo";"Não";"-";"Outros";NA;NA;NA;NA;NA;1;NA;NA;NA;NA;NA;NA;1;NA;NA;NA;NA;NA;NA;NA;NA;1;NA;NA;NA
43;"RS";4321477;"432147";"Tiradentes do Sul";"Não";"-";"Outros";NA;NA;NA;NA;NA;NA;NA;NA;NA;NA;NA;NA;NA;NA;NA;NA;NA;NA;NA;NA;NA;NA;NA;NA;NA
43;"RS";4321493;"432149";"Toropi";"Não";"-";"Outros";NA;NA;NA;NA;NA;NA;NA;NA;NA;NA;NA;NA;NA;NA;NA;NA;NA;NA;NA;NA;NA;NA;NA;NA;NA
43;"RS";4321501;"432150";"Torres";"Não";"-";"Outros";NA;NA;NA;NA;NA;1;NA;NA;NA;NA;NA;NA;NA;NA;NA;NA;NA;NA;NA;NA;NA;NA;NA;NA;NA
43;"RS";4321600;"432160";"Tramandaí";"Não";"-";"Outros";NA;NA;NA;NA;NA;NA;NA;NA;NA;NA;NA;NA;NA;NA;NA;1;NA;NA;NA;NA;NA;NA;NA;NA;NA
43;"RS";4321626;"432162";"Travesseiro";"Não";"-";"Outros";NA;NA;NA;NA;NA;NA;NA;NA;NA;NA;NA;NA;NA;NA;NA;NA;NA;NA;NA;NA;NA;NA;NA;NA;NA
43;"RS";4321634;"432163";"Três Arroios";"Não";"-";"Outros";NA;NA;NA;NA;NA;NA;NA;NA;NA;NA;NA;NA;NA;NA;NA;NA;NA;NA;NA;NA;NA;NA;NA;NA;NA
43;"RS";4321667;"432166";"Três Cachoeiras";"Não";"-";"Outros";NA;NA;NA;NA;NA;NA;NA;NA;NA;NA;NA;1;NA;NA;NA;NA;NA;NA;NA;NA;NA;NA;NA;NA;NA
43;"RS";4321709;"432170";"Três Coroas";"Não";"-";"Outros";NA;NA;NA;NA;NA;NA;NA;NA;NA;1;NA;NA;NA;NA;NA;NA;NA;NA;NA;NA;NA;NA;NA;NA;NA
43;"RS";4321808;"432180";"Três de Maio";"Não";"-";"Outros";NA;NA;NA;NA;NA;NA;NA;NA;NA;NA;NA;NA;NA;NA;NA;NA;NA;NA;NA;NA;NA;NA;NA;1;NA
43;"RS";4321832;"432183";"Três Forquilhas";"Não";"-";"Outros";NA;NA;NA;NA;NA;NA;NA;NA;NA;NA;NA;NA;NA;NA;NA;NA;NA;NA;NA;NA;NA;NA;NA;NA;NA
43;"RS";4321857;"432185";"Três Palmeiras";"Não";"-";"Outros";NA;NA;NA;NA;NA;NA;NA;NA;NA;NA;NA;NA;NA;NA;NA;NA;NA;NA;NA;NA;NA;1;1;NA;NA
43;"RS";4321907;"432190";"Três Passos";"Não";"-";"Outros";NA;NA;NA;NA;NA;NA;NA;NA;NA;NA;NA;NA;NA;NA;NA;NA;NA;NA;NA;NA;NA;NA;NA;NA;NA
43;"RS";4321956;"432195";"Trindade do Sul";"Não";"-";"Outros";1;NA;NA;NA;NA;NA;NA;NA;NA;NA;NA;NA;NA;NA;NA;NA;NA;NA;NA;NA;NA;NA;NA;NA;NA
43;"RS";4322004;"432200";"Triunfo";"Não";"Região Metropolitana de Porto Alegre";"Outros";NA;NA;NA;NA;1;NA;1;NA;NA;NA;NA;NA;1;NA;NA;1;NA;NA;NA;NA;NA;1;NA;NA;NA
43;"RS";4322103;"432210";"Tucunduva";"Não";"-";"Outros";NA;NA;NA;NA;NA;NA;NA;NA;NA;NA;NA;NA;NA;NA;NA;NA;NA;NA;NA;NA;NA;NA;NA;NA;NA
43;"RS";4322152;"432215";"Tunas";"Não";"-";"Outros";NA;NA;NA;NA;NA;NA;NA;NA;NA;NA;NA;NA;NA;NA;NA;NA;NA;NA;NA;NA;NA;NA;NA;NA;NA
43;"RS";4322186;"432218";"Tupanci do Sul";"Não";"-";"Outros";NA;NA;NA;NA;NA;NA;NA;NA;NA;NA;NA;NA;NA;NA;NA;NA;NA;NA;NA;NA;NA;NA;NA;NA;NA
43;"RS";4322202;"432220";"Tupanciretã";"Não";"-";"Outros";NA;NA;1;NA;NA;NA;NA;NA;NA;NA;NA;NA;NA;NA;NA;NA;NA;NA;NA;1;NA;NA;1;NA;NA
43;"RS";4322251;"432225";"Tupandi";"Não";"-";"Outros";NA;NA;NA;NA;NA;NA;NA;NA;NA;NA;NA;NA;NA;NA;NA;NA;NA;NA;NA;NA;NA;NA;NA;NA;NA
43;"RS";4322301;"432230";"Tuparendi";"Não";"-";"Outros";NA;NA;NA;NA;NA;NA;NA;NA;NA;NA;NA;NA;NA;NA;NA;NA;NA;NA;NA;NA;NA;NA;NA;NA;NA
43;"RS";4322327;"432232";"Turuçu";"Não";"-";"Outros";1;NA;NA;NA;NA;NA;1;NA;NA;NA;NA;NA;NA;NA;1;NA;NA;NA;NA;NA;NA;NA;NA;NA;NA
43;"RS";4322350;"432235";"União da Serra";"Não";"-";"Outros";NA;NA;NA;NA;NA;NA;NA;NA;NA;NA;NA;NA;NA;NA;NA;NA;NA;NA;NA;NA;NA;NA;NA;NA;NA
43;"RS";4322376;"432237";"Unistalda";"Não";"-";"Outros";NA;NA;NA;NA;NA;NA;NA;NA;NA;NA;NA;NA;NA;NA;NA;NA;NA;NA;NA;NA;NA;NA;NA;NA;NA
43;"RS";4322400;"432240";"Uruguaiana";"Não";"-";"Outros";NA;NA;NA;NA;NA;1;1;NA;1;1;NA;NA;NA;1;NA;NA;NA;NA;NA;NA;NA;NA;NA;NA;NA
43;"RS";4322509;"432250";"Vacaria";"Não";"-";"Outros";NA;NA;NA;NA;1;1;NA;NA;1;2;NA;1;2;NA;NA;NA;1;NA;NA;1;NA;1;2;NA;NA
43;"RS";4322525;"432252";"Vale Verde";"Não";"-";"Outros";NA;NA;NA;NA;NA;NA;NA;NA;NA;NA;NA;NA;NA;NA;NA;NA;NA;NA;NA;NA;1;NA;NA;1;NA
43;"RS";4322533;"432253";"Vale do Sol";"Não";"-";"Outros";NA;NA;NA;NA;NA;1;NA;1;NA;NA;1;NA;NA;NA;NA;NA;NA;NA;NA;NA;NA;NA;NA;NA;NA
43;"RS";4322541;"432254";"Vale Real";"Não";"-";"Outros";NA;NA;NA;NA;NA;NA;NA;NA;NA;NA;NA;NA;NA;NA;NA;NA;NA;1;NA;NA;NA;NA;NA;NA;NA
43;"RS";4322558;"432255";"Vanini";"Não";"-";"Outros";NA;NA;NA;NA;NA;NA;NA;NA;NA;NA;NA;NA;NA;NA;NA;NA;NA;NA;NA;NA;NA;NA;NA;NA;NA
43;"RS";4322608;"432260";"Venâncio Aires";"Não";"-";"Outros";2;NA;NA;NA;NA;NA;NA;NA;NA;NA;NA;NA;NA;NA;NA;NA;NA;NA;NA;NA;NA;NA;NA;NA;NA
43;"RS";4322707;"432270";"Vera Cruz";"Não";"-";"Outros";NA;NA;NA;NA;NA;NA;NA;NA;1;NA;1;NA;NA;1;NA;NA;NA;NA;NA;NA;NA;NA;NA;NA;NA
43;"RS";4322806;"432280";"Veranópolis";"Não";"-";"Outros";NA;NA;NA;NA;NA;NA;NA;NA;NA;NA;NA;NA;NA;NA;NA;NA;NA;NA;NA;NA;NA;NA;NA;NA;NA
43;"RS";4322855;"432285";"Vespasiano Corrêa";"Não";"-";"Outros";NA;NA;NA;NA;NA;NA;NA;NA;NA;NA;NA;NA;NA;NA;NA;NA;NA;NA;NA;NA;NA;NA;NA;NA;NA
43;"RS";4322905;"432290";"Viadutos";"Não";"-";"Outros";NA;NA;NA;NA;NA;NA;NA;NA;NA;NA;NA;NA;NA;NA;NA;NA;NA;NA;NA;NA;NA;NA;NA;NA;NA
43;"RS";4323002;"432300";"Viamão";"Não";"Região Metropolitana de Porto Alegre";"Outros";NA;NA;1;2;1;2;1;3;NA;2;2;NA;5;6;3;6;1;NA;NA;NA;1;NA;4;NA;NA
43;"RS";4323101;"432310";"Vicente Dutra";"Não";"-";"Outros";NA;NA;NA;NA;NA;NA;NA;NA;NA;NA;NA;NA;NA;NA;NA;NA;NA;NA;NA;NA;NA;NA;NA;NA;NA
43;"RS";4323200;"432320";"Victor Graeff";"Não";"-";"Outros";NA;NA;NA;NA;NA;NA;NA;NA;NA;NA;NA;NA;NA;NA;NA;NA;NA;NA;NA;NA;NA;NA;NA;NA;NA
43;"RS";4323358;"432335";"Vila Lângaro";"Não";"-";"Outros";NA;NA;NA;NA;NA;NA;NA;NA;NA;NA;NA;NA;NA;NA;NA;NA;NA;NA;NA;NA;NA;NA;NA;NA;NA
43;"RS";4323408;"432340";"Vila Maria";"Não";"-";"Outros";NA;NA;NA;NA;NA;NA;NA;NA;NA;NA;NA;NA;NA;NA;NA;NA;1;NA;NA;NA;NA;NA;NA;NA;NA
43;"RS";4323457;"432345";"Vila Nova do Sul";"Não";"-";"Outros";NA;NA;NA;NA;NA;NA;NA;NA;NA;NA;NA;NA;NA;NA;NA;NA;NA;NA;NA;NA;NA;NA;NA;NA;NA
43;"RS";4323507;"432350";"Vista Alegre";"Não";"-";"Outros";NA;NA;NA;NA;NA;NA;NA;NA;NA;NA;NA;NA;NA;NA;NA;NA;NA;NA;NA;NA;NA;NA;NA;NA;NA
43;"RS";4323705;"432370";"Vista Gaúcha";"Não";"-";"Outros";NA;NA;NA;NA;NA;NA;NA;NA;NA;NA;NA;NA;NA;NA;NA;NA;NA;NA;NA;NA;NA;NA;NA;NA;NA
43;"RS";4323754;"432375";"Vitória das Missões";"Não";"-";"Outros";NA;NA;NA;NA;NA;NA;NA;NA;NA;NA;NA;NA;NA;NA;NA;NA;NA;NA;NA;NA;NA;NA;NA;NA;NA
43;"RS";4323770;"432377";"Westfália";"Não";"-";"Outros";NA;NA;NA;NA;NA;NA;NA;NA;NA;NA;NA;NA;NA;NA;NA;NA;NA;NA;NA;NA;NA;NA;NA;NA;NA
43;"RS";4323804;"432380";"Xangri-lá";"Não";"-";"Outros";NA;NA;1;NA;NA;NA;NA;NA;NA;NA;NA;1;NA;NA;NA;NA;1;NA;NA;NA;NA;NA;NA;NA;NA
50;"MS";5000203;"500020";"Água Clara";"Não";"-";"Outros";1;NA;NA;NA;NA;NA;1;NA;NA;1;NA;3;NA;1;NA;NA;1;NA;NA;NA;NA;1;1;NA;NA
50;"MS";5000252;"500025";"Alcinópolis";"Não";"-";"Outros";NA;NA;NA;NA;NA;1;NA;NA;NA;NA;NA;1;NA;NA;NA;NA;NA;NA;NA;1;1;2;NA;NA;NA
50;"MS";5000609;"500060";"Amambai";"Não";"-";"Outros";NA;1;1;2;1;5;NA;NA;NA;2;NA;1;NA;1;NA;1;NA;NA;NA;NA;NA;1;NA;1;NA
50;"MS";5000708;"500070";"Anastácio";"Não";"-";"Outros";NA;1;NA;NA;NA;NA;NA;NA;NA;NA;NA;NA;NA;NA;NA;NA;NA;NA;1;NA;NA;NA;1;NA;NA
50;"MS";5000807;"500080";"Anaurilândia";"Não";"-";"Outros";1;1;NA;NA;NA;NA;NA;1;NA;NA;1;1;NA;4;NA;NA;NA;NA;NA;NA;NA;NA;NA;NA;NA
50;"MS";5000856;"500085";"Angélica";"Não";"-";"Outros";NA;NA;NA;1;1;1;NA;NA;NA;NA;NA;1;NA;NA;NA;NA;NA;NA;NA;NA;NA;NA;NA;NA;NA
50;"MS";5000906;"500090";"Antônio João";"Não";"-";"Outros";NA;NA;NA;NA;NA;NA;NA;NA;2;NA;NA;1;NA;NA;NA;NA;NA;2;NA;NA;NA;1;NA;2;NA
50;"MS";5001003;"500100";"Aparecida do Taboado";"Não";"-";"Outros";NA;1;NA;NA;2;1;NA;NA;NA;NA;2;NA;1;NA;NA;NA;NA;NA;NA;NA;NA;NA;NA;NA;NA
50;"MS";5001102;"500110";"Aquidauana";"Não";"-";"Outros";NA;2;NA;1;NA;1;NA;NA;NA;NA;2;NA;1;NA;NA;2;1;NA;NA;NA;2;2;NA;1;NA
50;"MS";5001243;"500124";"Aral Moreira";"Não";"-";"Outros";NA;NA;1;NA;1;1;NA;1;NA;NA;2;NA;1;NA;NA;NA;1;NA;1;NA;NA;2;1;1;NA
50;"MS";5001508;"500150";"Bandeirantes";"Não";"-";"Outros";NA;NA;NA;NA;2;NA;2;NA;1;NA;NA;1;1;2;2;NA;1;NA;NA;NA;NA;NA;NA;NA;NA
50;"MS";5001904;"500190";"Bataguassu";"Não";"-";"Outros";NA;4;1;1;4;NA;NA;NA;NA;NA;1;1;1;4;NA;NA;NA;1;NA;1;2;2;1;5;NA
50;"MS";5002001;"500200";"Batayporã";"Não";"-";"Outros";NA;2;1;NA;NA;NA;1;NA;NA;2;NA;NA;NA;NA;NA;NA;NA;NA;NA;NA;NA;1;NA;1;NA
50;"MS";5002100;"500210";"Bela Vista";"Não";"-";"Outros";1;NA;1;NA;1;NA;1;NA;NA;1;1;NA;NA;NA;NA;NA;NA;NA;NA;NA;1;NA;NA;1;NA
50;"MS";5002159;"500215";"Bodoquena";"Não";"-";"Outros";NA;1;NA;NA;NA;NA;NA;NA;NA;NA;1;NA;1;NA;NA;NA;NA;2;NA;NA;NA;NA;NA;1;NA
50;"MS";5002209;"500220";"Bonito";"Não";"-";"Outros";NA;NA;NA;1;NA;1;NA;1;NA;NA;NA;NA;NA;NA;NA;NA;NA;NA;NA;NA;2;1;2;NA;NA
50;"MS";5002308;"500230";"Brasilândia";"Não";"-";"Outros";NA;NA;1;NA;NA;NA;NA;NA;1;NA;1;2;NA;NA;NA;NA;NA;NA;NA;NA;NA;NA;NA;NA;NA
50;"MS";5002407;"500240";"Caarapó";"Não";"-";"Outros";NA;2;NA;NA;NA;NA;NA;NA;NA;NA;1;1;NA;3;NA;NA;NA;NA;NA;1;NA;1;NA;NA;NA
50;"MS";5002605;"500260";"Camapuã";"Não";"-";"Outros";1;NA;NA;NA;NA;1;1;NA;2;NA;NA;NA;NA;1;NA;1;NA;1;1;1;4;4;1;NA;NA
50;"MS";5002704;"500270";"Campo Grande";"Sim";"-";"Outros";32;37;45;51;57;39;27;37;35;22;34;21;28;40;28;21;22;14;13;8;8;12;8;5;NA
50;"MS";5002803;"500280";"Caracol";"Não";"-";"Outros";NA;NA;NA;NA;1;NA;NA;NA;NA;NA;1;NA;NA;NA;1;NA;NA;NA;NA;NA;1;NA;NA;1;NA
50;"MS";5002902;"500290";"Cassilândia";"Não";"-";"Outros";NA;NA;1;NA;NA;1;1;NA;NA;NA;NA;NA;NA;NA;NA;1;NA;NA;NA;NA;1;1;3;NA;NA
50;"MS";5002951;"500295";"Chapadão do Sul";"Não";"-";"Outros";NA;NA;NA;NA;NA;NA;NA;NA;NA;NA;NA;NA;NA;NA;NA;NA;NA;NA;NA;NA;NA;NA;NA;3;NA
50;"MS";5003108;"500310";"Corguinho";"Não";"-";"Outros";1;NA;3;NA;1;NA;NA;NA;NA;1;NA;NA;1;NA;1;1;NA;NA;NA;1;NA;NA;NA;NA;NA
50;"MS";5003157;"500315";"Coronel Sapucaia";"Não";"-";"Outros";NA;NA;NA;NA;NA;NA;NA;2;NA;NA;NA;1;NA;NA;NA;NA;NA;NA;NA;1;1;1;NA;NA;NA
50;"MS";5003207;"500320";"Corumbá";"Não";"-";"Outros";NA;1;4;NA;5;1;1;3;NA;2;2;NA;4;4;1;1;NA;4;NA;2;5;7;4;3;NA
50;"MS";5003256;"500325";"Costa Rica";"Não";"-";"Outros";2;NA;NA;NA;1;NA;NA;1;1;1;NA;NA;2;NA;NA;1;NA;NA;NA;NA;NA;NA;NA;NA;NA
50;"MS";5003306;"500330";"Coxim";"Não";"-";"Outros";NA;4;4;2;2;2;3;NA;1;1;1;1;NA;1;3;1;1;NA;NA;1;2;4;2;2;NA
50;"MS";5003454;"500345";"Deodápolis";"Não";"-";"Outros";NA;NA;NA;NA;NA;NA;NA;1;NA;NA;NA;1;1;NA;2;NA;NA;NA;NA;NA;1;NA;NA;NA;NA
50;"MS";5003488;"500348";"Dois Irmãos do Buriti";"Não";"-";"Outros";2;NA;NA;NA;NA;NA;NA;2;1;NA;NA;NA;NA;1;2;NA;1;NA;NA;1;NA;NA;NA;NA;NA
50;"MS";5003504;"500350";"Douradina";"Não";"-";"Outros";NA;NA;NA;NA;NA;1;NA;NA;NA;NA;NA;NA;NA;2;2;NA;NA;NA;NA;NA;NA;NA;NA;NA;NA
50;"MS";5003702;"500370";"Dourados";"Não";"-";"Outros";10;4;10;5;4;4;2;3;NA;4;1;3;6;5;5;3;3;3;1;4;4;NA;5;NA;NA
50;"MS";5003751;"500375";"Eldorado";"Não";"-";"Outros";NA;NA;NA;2;1;NA;1;NA;1;NA;1;NA;1;NA;NA;NA;NA;NA;NA;1;NA;3;NA;2;NA
50;"MS";5003801;"500380";"Fátima do Sul";"Não";"-";"Outros";NA;NA;NA;NA;NA;NA;NA;NA;NA;1;NA;NA;NA;NA;1;NA;1;NA;NA;NA;NA;NA;NA;NA;NA
50;"MS";5003900;"500390";"Figueirão";"Não";"-";"Outros";NA;NA;NA;NA;NA;NA;1;NA;1;NA;NA;NA;NA;NA;NA;NA;NA;NA;NA;NA;NA;NA;2;NA;NA
50;"MS";5004007;"500400";"Glória de Dourados";"Não";"-";"Outros";NA;1;NA;NA;NA;NA;NA;NA;NA;NA;NA;1;NA;NA;NA;NA;NA;NA;NA;NA;NA;1;1;NA;NA
50;"MS";5004106;"500410";"Guia Lopes da Laguna";"Não";"-";"Outros";1;NA;1;NA;1;NA;1;NA;NA;NA;NA;NA;1;NA;NA;NA;NA;NA;NA;NA;1;NA;NA;NA;NA
50;"MS";5004304;"500430";"Iguatemi";"Não";"-";"Outros";NA;NA;NA;NA;1;NA;1;NA;NA;NA;NA;NA;1;NA;NA;NA;NA;NA;NA;NA;1;1;NA;NA;NA
50;"MS";5004403;"500440";"Inocência";"Não";"-";"Outros";NA;1;NA;NA;1;NA;NA;1;NA;NA;NA;1;NA;1;NA;NA;NA;NA;1;1;NA;NA;1;NA;NA
50;"MS";5004502;"500450";"Itaporã";"Não";"-";"Outros";NA;NA;NA;NA;NA;NA;NA;1;NA;NA;NA;NA;1;NA;1;NA;NA;NA;1;1;NA;NA;NA;NA;NA
50;"MS";5004601;"500460";"Itaquiraí";"Não";"-";"Outros";1;NA;NA;1;NA;NA;NA;NA;NA;NA;2;3;1;NA;NA;NA;NA;NA;NA;NA;2;1;2;1;NA
50;"MS";5004700;"500470";"Ivinhema";"Não";"-";"Outros";3;NA;NA;3;NA;NA;NA;NA;NA;NA;NA;1;2;NA;NA;NA;NA;NA;NA;1;NA;NA;4;NA;NA
50;"MS";5004809;"500480";"Japorã";"Não";"-";"Outros";NA;NA;NA;NA;NA;NA;1;NA;NA;NA;NA;NA;NA;NA;NA;NA;NA;NA;NA;NA;NA;NA;NA;NA;NA
50;"MS";5004908;"500490";"Jaraguari";"Não";"-";"Outros";3;NA;NA;NA;NA;1;NA;1;2;NA;NA;NA;2;NA;NA;NA;NA;NA;1;NA;NA;NA;NA;NA;NA
50;"MS";5005004;"500500";"Jardim";"Não";"-";"Outros";1;NA;3;NA;2;2;NA;2;NA;NA;NA;NA;NA;1;NA;NA;NA;NA;NA;NA;1;NA;1;1;NA
50;"MS";5005103;"500510";"Jateí";"Não";"-";"Outros";NA;NA;NA;1;NA;NA;NA;NA;NA;NA;NA;1;NA;NA;NA;NA;NA;NA;NA;NA;NA;NA;NA;NA;NA
50;"MS";5005152;"500515";"Juti";"Não";"-";"Outros";NA;NA;NA;NA;NA;NA;1;NA;1;NA;NA;NA;NA;NA;1;NA;NA;NA;NA;NA;NA;NA;NA;NA;NA
50;"MS";5005202;"500520";"Ladário";"Não";"-";"Outros";NA;NA;NA;NA;NA;NA;NA;NA;1;NA;NA;NA;NA;NA;NA;NA;NA;NA;NA;NA;NA;NA;NA;NA;NA
50;"MS";5005251;"500525";"Laguna Carapã";"Não";"-";"Outros";NA;1;NA;NA;NA;NA;1;1;NA;NA;NA;NA;NA;NA;NA;NA;NA;NA;NA;NA;NA;NA;NA;NA;NA
50;"MS";5005400;"500540";"Maracaju";"Não";"-";"Outros";NA;2;NA;2;NA;NA;NA;NA;1;NA;1;NA;3;NA;NA;NA;1;NA;NA;NA;2;NA;2;NA;NA
50;"MS";5005608;"500560";"Miranda";"Não";"-";"Outros";NA;NA;1;1;1;2;NA;NA;1;2;2;1;1;NA;3;2;1;3;1;1;1;2;2;1;NA
50;"MS";5005681;"500568";"Mundo Novo";"Não";"-";"Outros";NA;NA;NA;1;1;NA;NA;1;NA;NA;NA;NA;1;1;1;NA;NA;NA;NA;1;NA;1;1;1;NA
50;"MS";5005707;"500570";"Naviraí";"Não";"-";"Outros";NA;1;1;1;NA;NA;NA;NA;NA;NA;NA;NA;NA;1;NA;NA;1;NA;1;NA;1;2;2;2;NA
50;"MS";5005806;"500580";"Nioaque";"Não";"-";"Outros";3;NA;NA;2;NA;1;1;1;NA;2;NA;1;1;NA;1;NA;1;NA;3;4;1;3;1;2;NA
50;"MS";5006002;"500600";"Nova Alvorada do Sul";"Não";"-";"Outros";2;1;NA;NA;3;2;NA;2;1;NA;1;5;NA;5;2;3;1;1;1;1;1;NA;NA;NA;NA
50;"MS";5006200;"500620";"Nova Andradina";"Não";"-";"Outros";1;1;1;NA;NA;4;1;1;2;NA;2;2;1;1;NA;1;NA;NA;1;1;1;1;4;3;NA
50;"MS";5006259;"500625";"Novo Horizonte do Sul";"Não";"-";"Outros";NA;NA;NA;NA;NA;NA;NA;NA;NA;NA;NA;NA;1;NA;NA;NA;NA;NA;NA;NA;NA;NA;NA;NA;NA
50;"MS";5006275;"500627";"Paraíso das Águas";"Não";"-";"Outros";NA;NA;NA;NA;NA;NA;NA;NA;NA;NA;NA;NA;NA;1;1;NA;NA;1;1;1;NA;1;NA;1;NA
50;"MS";5006309;"500630";"Paranaíba";"Não";"-";"Outros";2;1;NA;1;2;NA;1;NA;NA;NA;1;NA;NA;1;NA;NA;NA;NA;NA;1;NA;1;1;1;NA
50;"MS";5006358;"500635";"Paranhos";"Não";"-";"Outros";NA;NA;NA;NA;NA;NA;NA;NA;NA;NA;NA;1;NA;NA;NA;NA;1;NA;NA;NA;NA;1;NA;NA;NA
50;"MS";5006408;"500640";"Pedro Gomes";"Não";"-";"Outros";NA;NA;1;NA;NA;1;NA;NA;NA;NA;NA;NA;1;NA;1;NA;NA;NA;NA;NA;1;2;1;NA;NA
50;"MS";5006606;"500660";"Ponta Porã";"Não";"-";"Outros";1;NA;4;3;6;1;1;1;4;4;NA;2;4;1;1;2;2;2;2;3;3;5;2;4;NA
50;"MS";5006903;"500690";"Porto Murtinho";"Não";"-";"Outros";NA;NA;1;1;1;NA;NA;NA;2;2;NA;NA;1;1;NA;NA;NA;NA;NA;NA;1;NA;NA;NA;NA
50;"MS";5007109;"500710";"Ribas do Rio Pardo";"Não";"-";"Outros";NA;3;4;1;2;3;NA;1;5;2;4;6;2;3;3;NA;2;NA;1;1;NA;NA;1;4;NA
50;"MS";5007208;"500720";"Rio Brilhante";"Não";"-";"Outros";NA;NA;2;1;1;NA;NA;NA;NA;NA;NA;NA;1;5;NA;NA;NA;NA;NA;NA;1;1;2;NA;NA
50;"MS";5007307;"500730";"Rio Negro";"Não";"-";"Outros";NA;NA;NA;1;2;NA;1;NA;NA;2;NA;1;NA;NA;NA;NA;1;NA;NA;NA;3;3;NA;1;NA
50;"MS";5007406;"500740";"Rio Verde de Mato Grosso";"Não";"-";"Outros";1;5;2;1;6;3;NA;2;2;3;1;NA;6;5;2;NA;NA;NA;NA;2;1;8;1;NA;NA
50;"MS";5007505;"500750";"Rochedo";"Não";"-";"Outros";NA;NA;NA;NA;NA;NA;NA;1;NA;NA;1;NA;NA;NA;NA;NA;1;NA;NA;NA;NA;NA;NA;1;NA
50;"MS";5007554;"500755";"Santa Rita do Pardo";"Não";"-";"Outros";NA;NA;NA;2;NA;1;1;2;NA;NA;NA;NA;NA;NA;1;NA;NA;NA;NA;NA;NA;NA;NA;NA;NA
50;"MS";5007695;"500769";"São Gabriel do Oeste";"Não";"-";"Outros";1;4;3;1;NA;NA;1;1;1;1;NA;NA;NA;1;1;1;NA;NA;NA;2;2;2;3;NA;NA
50;"MS";5007703;"500770";"Sete Quedas";"Não";"-";"Outros";NA;NA;NA;NA;NA;NA;1;NA;NA;NA;NA;NA;NA;NA;NA;NA;NA;NA;NA;NA;NA;1;1;NA;NA
50;"MS";5007802;"500780";"Selvíria";"Não";"-";"Outros";NA;NA;NA;NA;NA;NA;NA;NA;NA;NA;NA;NA;NA;NA;NA;NA;NA;NA;NA;NA;NA;NA;NA;1;NA
50;"MS";5007901;"500790";"Sidrolândia";"Não";"-";"Outros";2;3;NA;2;NA;NA;2;NA;NA;NA;3;NA;NA;NA;3;1;2;NA;NA;NA;NA;2;2;NA;NA
50;"MS";5007935;"500793";"Sonora";"Não";"-";"Outros";NA;NA;1;1;NA;2;1;1;NA;2;NA;1;1;1;NA;NA;NA;NA;NA;NA;3;1;NA;NA;NA
50;"MS";5007950;"500795";"Tacuru";"Não";"-";"Outros";NA;NA;NA;NA;NA;NA;1;NA;NA;NA;NA;NA;NA;NA;NA;NA;NA;NA;NA;1;3;2;1;NA;NA
50;"MS";5007976;"500797";"Taquarussu";"Não";"-";"Outros";NA;NA;NA;1;NA;NA;NA;NA;NA;NA;NA;NA;NA;NA;NA;NA;NA;NA;NA;NA;NA;NA;NA;NA;NA
50;"MS";5008008;"500800";"Terenos";"Não";"-";"Outros";1;NA;3;1;NA;NA;1;1;1;NA;NA;NA;NA;2;2;NA;1;1;NA;NA;NA;NA;NA;NA;NA
50;"MS";5008305;"500830";"Três Lagoas";"Não";"-";"Outros";5;7;2;7;13;4;2;1;1;NA;4;6;NA;2;1;4;1;2;1;1;2;1;1;1;NA
50;"MS";5008404;"500840";"Vicentina";"Não";"-";"Outros";NA;NA;NA;NA;NA;NA;NA;NA;NA;NA;NA;NA;NA;NA;NA;NA;NA;NA;NA;NA;NA;NA;NA;1;NA
51;"MT";5100102;"510010";"Acorizal";"Não";"Região Metropolitana do Vale do Rio Cuiabá";"Outros";NA;NA;NA;NA;NA;NA;NA;NA;NA;NA;NA;NA;1;NA;NA;NA;1;NA;1;NA;1;NA;1;NA;NA
51;"MT";5100201;"510020";"Água Boa";"Não";"-";"Outros";1;1;2;NA;1;2;NA;NA;NA;NA;NA;3;3;NA;NA;NA;NA;NA;NA;1;1;6;7;5;NA
51;"MT";5100250;"510025";"Alta Floresta";"Não";"-";"Outros";3;NA;NA;NA;1;4;NA;1;NA;1;NA;NA;1;3;1;1;NA;3;1;1;NA;2;2;NA;NA
51;"MT";5100300;"510030";"Alto Araguaia";"Não";"-";"Outros";1;NA;1;1;NA;2;2;1;1;2;NA;2;1;2;2;3;1;1;3;NA;4;1;1;NA;NA
51;"MT";5100359;"510035";"Alto Boa Vista";"Não";"-";"Outros";NA;NA;NA;NA;1;2;NA;NA;NA;NA;NA;NA;NA;3;NA;NA;NA;NA;1;NA;NA;NA;1;NA;NA
51;"MT";5100409;"510040";"Alto Garças";"Não";"-";"Outros";NA;NA;1;3;2;1;4;1;2;5;1;NA;2;NA;6;3;3;2;NA;1;1;2;2;NA;NA
51;"MT";5100508;"510050";"Alto Paraguai";"Não";"-";"Outros";NA;NA;NA;1;1;NA;1;NA;NA;1;NA;NA;2;2;NA;1;1;1;1;NA;NA;NA;2;NA;NA
51;"MT";5100607;"510060";"Alto Taquari";"Não";"-";"Outros";NA;NA;NA;NA;NA;1;NA;NA;NA;2;1;NA;NA;NA;NA;NA;1;NA;NA;NA;2;1;1;NA;NA
51;"MT";5100805;"510080";"Apiacás";"Não";"-";"Outros";NA;NA;NA;NA;NA;NA;NA;NA;NA;NA;NA;NA;NA;NA;NA;NA;NA;NA;NA;NA;NA;NA;NA;NA;NA
51;"MT";5101001;"510100";"Araguaiana";"Não";"-";"Outros";NA;NA;NA;NA;NA;NA;NA;NA;NA;NA;NA;NA;NA;NA;1;NA;NA;NA;NA;NA;NA;NA;NA;NA;NA
51;"MT";5101209;"510120";"Araguainha";"Não";"-";"Outros";NA;NA;NA;NA;NA;NA;NA;NA;1;NA;NA;NA;NA;NA;NA;NA;NA;NA;NA;NA;NA;1;1;NA;NA
51;"MT";5101258;"510125";"Araputanga";"Não";"-";"Outros";NA;NA;1;NA;NA;NA;NA;1;NA;NA;NA;1;NA;NA;NA;NA;NA;NA;NA;NA;NA;NA;NA;NA;NA
51;"MT";5101308;"510130";"Arenápolis";"Não";"-";"Outros";1;NA;NA;NA;NA;NA;NA;NA;NA;NA;1;NA;NA;NA;1;NA;1;1;1;1;3;3;NA;2;NA
51;"MT";5101407;"510140";"Aripuanã";"Não";"-";"Outros";NA;NA;1;NA;NA;NA;NA;NA;1;1;2;1;NA;NA;NA;2;NA;NA;NA;NA;NA;1;NA;1;NA
51;"MT";5101605;"510160";"Barão de Melgaço";"Não";"Entorno Metropolitano da RM Vale do Rio Cuiabá";"Outros";NA;NA;NA;NA;NA;NA;NA;NA;1;NA;NA;NA;NA;NA;NA;NA;NA;NA;NA;NA;NA;NA;NA;1;NA
51;"MT";5101704;"510170";"Barra do Bugres";"Não";"-";"Outros";1;1;NA;1;NA;NA;NA;1;NA;NA;2;4;NA;6;1;2;4;1;5;6;NA;4;2;NA;NA
51;"MT";5101803;"510180";"Barra do Garças";"Não";"-";"Outros";4;NA;1;2;NA;2;NA;NA;8;1;1;2;NA;1;2;1;NA;1;2;1;2;4;3;2;NA
51;"MT";5101852;"510185";"Bom Jesus do Araguaia";"Não";"-";"Outros";NA;NA;NA;NA;NA;NA;NA;NA;NA;NA;NA;NA;1;NA;NA;NA;2;1;NA;NA;NA;1;3;NA;NA
51;"MT";5101902;"510190";"Brasnorte";"Não";"-";"Outros";1;NA;NA;NA;2;1;1;1;1;NA;4;NA;1;NA;1;NA;1;NA;4;1;1;1;1;5;NA
51;"MT";5102504;"510250";"Cáceres";"Não";"-";"Outros";1;5;3;3;2;9;4;5;8;11;10;19;1;8;7;6;3;3;2;5;5;16;10;11;NA
51;"MT";5102603;"510260";"Campinápolis";"Não";"-";"Outros";1;NA;NA;NA;NA;NA;NA;NA;NA;NA;NA;NA;NA;NA;NA;NA;NA;NA;NA;1;NA;1;NA;1;NA
51;"MT";5102637;"510263";"Campo Novo do Parecis";"Não";"-";"Outros";NA;2;NA;3;NA;1;1;1;NA;3;2;2;1;1;1;3;1;NA;NA;2;NA;NA;NA;2;NA
51;"MT";5102678;"510267";"Campo Verde";"Não";"-";"Outros";NA;2;NA;NA;1;NA;3;NA;4;6;8;1;4;14;11;5;2;5;5;2;9;6;2;1;NA
51;"MT";5102686;"510268";"Campos de Júlio";"Não";"-";"Outros";NA;NA;NA;NA;NA;1;NA;NA;NA;NA;4;1;NA;NA;1;NA;NA;NA;NA;NA;NA;2;2;2;NA
51;"MT";5102694;"510269";"Canabrava do Norte";"Não";"-";"Outros";NA;NA;NA;NA;NA;NA;NA;NA;2;NA;NA;NA;NA;NA;NA;NA;1;NA;NA;1;NA;1;1;3;NA
51;"MT";5102702;"510270";"Canarana";"Não";"-";"Outros";1;NA;2;NA;2;NA;NA;NA;2;NA;NA;NA;NA;NA;1;NA;NA;NA;2;NA;2;4;1;2;NA
51;"MT";5102793;"510279";"Carlinda";"Não";"-";"Outros";3;1;NA;NA;NA;NA;NA;NA;NA;NA;NA;NA;NA;NA;1;NA;NA;1;NA;NA;NA;NA;NA;1;NA
51;"MT";5102850;"510285";"Castanheira";"Não";"-";"Outros";NA;1;NA;NA;NA;NA;NA;NA;NA;NA;NA;NA;NA;NA;NA;NA;NA;NA;2;NA;NA;NA;1;NA;NA
51;"MT";5103007;"510300";"Chapada dos Guimarães";"Não";"Região Metropolitana do Vale do Rio Cuiabá";"Outros";NA;NA;NA;1;3;NA;NA;1;NA;1;NA;1;NA;1;NA;NA;1;1;1;2;2;4;1;NA;NA
51;"MT";5103056;"510305";"Cláudia";"Não";"-";"Outros";1;NA;NA;NA;NA;NA;NA;NA;NA;2;NA;NA;NA;NA;NA;1;NA;1;NA;1;2;NA;NA;2;NA
51;"MT";5103106;"510310";"Cocalinho";"Não";"-";"Outros";NA;NA;NA;NA;NA;1;NA;NA;NA;NA;NA;NA;NA;NA;NA;NA;NA;NA;NA;2;NA;NA;1;1;NA
51;"MT";5103205;"510320";"Colíder";"Não";"-";"Outros";NA;1;NA;1;NA;NA;NA;NA;1;NA;1;1;NA;3;NA;NA;1;2;3;NA;8;7;4;1;NA
51;"MT";5103254;"510325";"Colniza";"Não";"-";"Outros";NA;NA;NA;NA;2;1;NA;NA;NA;NA;NA;1;NA;NA;1;NA;NA;1;NA;NA;2;2;4;NA;NA
51;"MT";5103304;"510330";"Comodoro";"Não";"-";"Outros";1;NA;1;NA;NA;NA;NA;NA;NA;1;1;NA;NA;NA;5;1;3;3;4;6;1;8;1;6;NA
51;"MT";5103353;"510335";"Confresa";"Não";"-";"Outros";3;NA;1;1;3;NA;NA;NA;NA;1;1;NA;1;2;NA;NA;5;4;4;4;6;2;6;13;NA
51;"MT";5103361;"510336";"Conquista D'Oeste";"Não";"-";"Outros";NA;NA;NA;NA;NA;1;4;NA;NA;1;NA;NA;NA;NA;NA;NA;NA;NA;NA;NA;NA;NA;NA;NA;NA
51;"MT";5103379;"510337";"Cotriguaçu";"Não";"-";"Outros";NA;NA;NA;NA;NA;1;NA;NA;NA;1;NA;NA;NA;NA;NA;NA;NA;NA;NA;1;NA;NA;NA;NA;NA
51;"MT";5103403;"510340";"Cuiabá";"Sim";"Região Metropolitana do Vale do Rio Cuiabá";"Outros";13;1;9;9;8;9;11;21;26;27;18;30;33;52;35;20;21;23;18;20;31;16;30;27;NA
51;"MT";5103437;"510343";"Curvelândia";"Não";"-";"Outros";NA;NA;NA;NA;NA;NA;NA;1;NA;NA;NA;NA;NA;NA;NA;NA;NA;NA;NA;NA;NA;NA;NA;NA;NA
51;"MT";5103452;"510345";"Denise";"Não";"-";"Outros";2;NA;NA;NA;NA;NA;NA;NA;NA;NA;1;NA;2;NA;NA;NA;NA;1;NA;NA;NA;NA;1;NA;NA
51;"MT";5103502;"510350";"Diamantino";"Não";"-";"Outros";NA;NA;1;1;5;1;2;4;3;NA;NA;3;2;3;NA;NA;NA;NA;2;4;1;4;3;4;NA
51;"MT";5103601;"510360";"Dom Aquino";"Não";"-";"Outros";1;NA;NA;NA;NA;1;1;NA;NA;1;NA;NA;2;1;1;1;NA;NA;1;1;NA;NA;NA;1;NA
51;"MT";5103700;"510370";"Feliz Natal";"Não";"-";"Outros";NA;NA;NA;NA;2;NA;NA;2;NA;NA;1;NA;NA;NA;NA;NA;1;NA;NA;1;NA;NA;NA;NA;NA
51;"MT";5103858;"510385";"Gaúcha do Norte";"Não";"-";"Outros";NA;NA;NA;NA;NA;1;2;NA;NA;NA;NA;NA;NA;NA;NA;NA;NA;NA;NA;NA;NA;1;1;1;NA
51;"MT";5103908;"510390";"General Carneiro";"Não";"-";"Outros";NA;NA;NA;NA;NA;1;NA;NA;NA;4;1;NA;NA;NA;1;9;NA;1;3;NA;NA;4;2;NA;NA
51;"MT";5103957;"510395";"Glória D'Oeste";"Não";"-";"Outros";NA;NA;NA;NA;NA;NA;NA;NA;NA;NA;NA;NA;NA;NA;1;NA;NA;NA;NA;2;NA;NA;NA;NA;NA
51;"MT";5104104;"510410";"Guarantã do Norte";"Não";"-";"Outros";NA;1;NA;NA;NA;NA;NA;NA;NA;NA;1;NA;NA;NA;NA;NA;1;3;1;3;4;1;1;3;NA
51;"MT";5104203;"510420";"Guiratinga";"Não";"-";"Outros";1;NA;NA;1;1;1;1;NA;2;2;4;4;NA;NA;2;4;NA;1;NA;2;NA;2;NA;3;NA
51;"MT";5104500;"510450";"Indiavaí";"Não";"-";"Outros";NA;NA;NA;NA;NA;NA;NA;NA;NA;1;NA;NA;NA;NA;NA;NA;NA;NA;NA;NA;NA;NA;NA;NA;NA
51;"MT";5104526;"510452";"Ipiranga do Norte";"Não";"-";"Outros";NA;NA;NA;NA;NA;NA;NA;NA;NA;1;NA;NA;NA;NA;NA;1;NA;NA;1;NA;NA;1;1;NA;NA
51;"MT";5104542;"510454";"Itanhangá";"Não";"-";"Outros";NA;NA;NA;NA;NA;NA;NA;NA;NA;NA;NA;NA;NA;NA;NA;NA;NA;NA;NA;NA;NA;1;NA;NA;NA
51;"MT";5104559;"510455";"Itaúba";"Não";"-";"Outros";NA;NA;NA;NA;NA;NA;NA;NA;NA;NA;NA;NA;3;NA;NA;1;1;NA;NA;NA;1;NA;NA;NA;NA
51;"MT";5104609;"510460";"Itiquira";"Não";"-";"Outros";3;3;NA;NA;3;1;NA;7;1;1;2;4;7;7;1;1;NA;3;2;1;2;NA;NA;1;NA
51;"MT";5104807;"510480";"Jaciara";"Não";"-";"Outros";2;NA;NA;1;6;5;5;5;18;10;6;10;9;13;10;6;2;3;1;2;1;3;4;1;NA
51;"MT";5104906;"510490";"Jangada";"Não";"Entorno Metropolitano da RM Vale do Rio Cuiabá";"Outros";1;1;NA;1;1;1;2;1;1;2;NA;NA;1;NA;4;8;3;6;NA;NA;NA;1;2;1;NA
51;"MT";5105002;"510500";"Jauru";"Não";"-";"Outros";1;NA;NA;1;1;NA;NA;NA;NA;NA;NA;NA;NA;NA;NA;NA;1;1;NA;NA;NA;1;NA;NA;NA
51;"MT";5105101;"510510";"Juara";"Não";"-";"Outros";NA;1;2;2;NA;1;1;3;3;1;1;1;1;1;NA;1;4;2;2;NA;1;2;NA;2;NA
51;"MT";5105150;"510515";"Juína";"Não";"-";"Outros";NA;NA;NA;1;2;1;3;1;NA;1;4;NA;3;1;NA;1;NA;2;1;2;NA;1;1;2;NA
51;"MT";5105176;"510517";"Juruena";"Não";"-";"Outros";NA;NA;NA;NA;NA;NA;NA;1;NA;NA;1;NA;NA;NA;NA;NA;NA;1;NA;NA;NA;2;NA;NA;NA
51;"MT";5105200;"510520";"Juscimeira";"Não";"-";"Outros";NA;NA;NA;NA;3;2;1;3;2;2;NA;NA;3;1;1;2;2;NA;NA;1;NA;2;1;1;NA
51;"MT";5105234;"510523";"Lambari D'Oeste";"Não";"-";"Outros";NA;NA;NA;NA;NA;NA;NA;NA;NA;NA;1;1;NA;NA;NA;NA;NA;NA;NA;NA;NA;1;1;NA;NA
51;"MT";5105259;"510525";"Lucas do Rio Verde";"Não";"-";"Outros";NA;NA;NA;NA;1;1;NA;NA;NA;NA;NA;NA;NA;4;2;NA;NA;NA;NA;NA;2;1;3;1;NA
51;"MT";5105309;"510530";"Luciara";"Não";"-";"Outros";NA;NA;NA;NA;NA;NA;2;NA;NA;NA;NA;NA;NA;NA;NA;NA;NA;NA;NA;NA;NA;NA;NA;NA;NA
51;"MT";5105507;"510550";"Vila Bela da Santíssima Trindade";"Não";"-";"Outros";NA;NA;NA;NA;NA;1;NA;NA;NA;NA;3;NA;NA;NA;NA;1;NA;3;1;NA;NA;NA;NA;NA;NA
51;"MT";5105580;"510558";"Marcelândia";"Não";"-";"Outros";NA;NA;NA;NA;NA;2;NA;NA;NA;1;NA;NA;NA;NA;NA;NA;NA;1;NA;NA;1;1;NA;NA;NA
51;"MT";5105606;"510560";"Matupá";"Não";"-";"Outros";NA;NA;NA;1;1;NA;NA;NA;2;NA;1;NA;NA;NA;NA;1;NA;NA;4;3;2;4;3;NA;NA
51;"MT";5105622;"510562";"Mirassol d'Oeste";"Não";"-";"Outros";NA;NA;NA;NA;NA;NA;NA;1;NA;NA;NA;NA;NA;1;NA;NA;NA;NA;NA;1;NA;NA;NA;1;NA
51;"MT";5105903;"510590";"Nobres";"Não";"Entorno Metropolitano da RM Vale do Rio Cuiabá";"Outros";NA;NA;NA;NA;1;1;1;NA;1;NA;4;4;4;2;7;2;1;1;1;NA;1;NA;NA;1;NA
51;"MT";5106000;"510600";"Nortelândia";"Não";"-";"Outros";NA;NA;NA;NA;NA;2;NA;NA;NA;NA;NA;NA;4;1;1;3;NA;NA;NA;NA;2;1;1;NA;NA
51;"MT";5106109;"510610";"Nossa Senhora do Livramento";"Não";"Região Metropolitana do Vale do Rio Cuiabá";"Outros";1;NA;NA;NA;NA;2;NA;NA;NA;NA;NA;NA;NA;NA;NA;1;1;6;2;2;4;4;2;3;NA
51;"MT";5106158;"510615";"Nova Bandeirantes";"Não";"-";"Outros";NA;NA;NA;NA;NA;NA;NA;NA;NA;NA;NA;NA;NA;NA;NA;NA;NA;NA;NA;NA;NA;NA;NA;1;NA
51;"MT";5106174;"510617";"Nova Nazaré";"Não";"-";"Outros";NA;NA;NA;NA;NA;NA;NA;NA;NA;NA;NA;NA;NA;NA;NA;NA;NA;NA;NA;NA;NA;1;1;NA;NA
51;"MT";5106182;"510618";"Nova Lacerda";"Não";"-";"Outros";NA;NA;1;2;NA;NA;1;1;NA;2;NA;NA;NA;NA;1;1;NA;NA;NA;NA;NA;NA;NA;NA;NA
51;"MT";5106190;"510619";"Nova Santa Helena";"Não";"-";"Outros";NA;NA;1;NA;1;1;NA;NA;NA;NA;1;NA;NA;NA;NA;NA;NA;NA;NA;NA;NA;NA;NA;NA;NA
51;"MT";5106208;"510620";"Nova Brasilândia";"Não";"Entorno Metropolitano da RM Vale do Rio Cuiabá";"Outros";NA;NA;NA;NA;NA;NA;NA;NA;NA;NA;NA;NA;NA;NA;NA;NA;1;NA;NA;NA;1;NA;NA;1;NA
51;"MT";5106216;"510621";"Nova Canaã do Norte";"Não";"-";"Outros";NA;NA;NA;NA;NA;NA;NA;NA;NA;NA;NA;NA;NA;1;NA;NA;NA;NA;NA;NA;NA;NA;NA;NA;NA
51;"MT";5106224;"510622";"Nova Mutum";"Não";"-";"Outros";2;NA;1;NA;2;NA;1;4;2;1;1;NA;3;4;4;NA;4;NA;3;2;NA;3;1;8;NA
51;"MT";5106232;"510623";"Nova Olímpia";"Não";"-";"Outros";3;NA;NA;NA;1;2;NA;1;1;NA;1;NA;1;2;2;3;5;1;1;NA;1;1;3;NA;NA
51;"MT";5106240;"510624";"Nova Ubiratã";"Não";"-";"Outros";NA;NA;NA;NA;NA;NA;NA;NA;NA;NA;1;NA;NA;NA;NA;NA;NA;NA;NA;NA;NA;NA;1;1;NA
51;"MT";5106257;"510625";"Nova Xavantina";"Não";"-";"Outros";2;NA;NA;1;NA;NA;NA;1;1;NA;NA;NA;NA;NA;1;NA;NA;2;NA;NA;NA;1;NA;NA;NA
51;"MT";5106265;"510626";"Novo Mundo";"Não";"-";"Outros";NA;NA;NA;NA;1;1;1;NA;NA;NA;NA;NA;NA;NA;NA;NA;NA;NA;NA;NA;NA;NA;NA;NA;NA
51;"MT";5106273;"510627";"Novo Horizonte do Norte";"Não";"-";"Outros";NA;NA;NA;NA;NA;NA;NA;NA;NA;1;1;NA;NA;NA;NA;NA;NA;NA;NA;NA;NA;NA;NA;NA;NA
51;"MT";5106281;"510628";"Novo São Joaquim";"Não";"-";"Outros";NA;1;NA;1;1;NA;NA;NA;NA;NA;NA;NA;NA;NA;NA;NA;NA;NA;NA;NA;NA;NA;1;NA;NA
51;"MT";5106299;"510629";"Paranaíta";"Não";"-";"Outros";1;NA;NA;NA;NA;1;NA;NA;NA;NA;NA;NA;NA;NA;NA;NA;NA;NA;1;2;NA;NA;NA;1;NA
51;"MT";5106307;"510630";"Paranatinga";"Não";"-";"Outros";3;NA;NA;NA;1;3;1;1;NA;NA;4;2;2;4;1;NA;1;1;1;NA;1;2;2;2;NA
51;"MT";5106372;"510637";"Pedra Preta";"Não";"-";"Outros";NA;NA;2;NA;3;1;3;3;3;4;2;1;4;NA;1;5;2;2;3;10;4;5;5;2;NA
51;"MT";5106422;"510642";"Peixoto de Azevedo";"Não";"-";"Outros";NA;1;1;NA;NA;NA;1;NA;1;2;2;1;2;NA;NA;NA;NA;NA;1;NA;1;3;3;1;NA
51;"MT";5106455;"510645";"Planalto da Serra";"Não";"Entorno Metropolitano da RM Vale do Rio Cuiabá";"Outros";NA;NA;NA;NA;NA;NA;NA;NA;NA;NA;NA;NA;NA;NA;NA;NA;NA;NA;NA;NA;NA;1;NA;NA;NA
51;"MT";5106505;"510650";"Poconé";"Não";"Entorno Metropolitano da RM Vale do Rio Cuiabá";"Outros";NA;2;NA;NA;NA;1;1;2;8;3;NA;NA;1;3;10;1;1;4;2;3;5;5;2;NA;NA
51;"MT";5106703;"510670";"Ponte Branca";"Não";"-";"Outros";NA;NA;NA;NA;NA;NA;NA;1;NA;NA;NA;NA;NA;NA;NA;NA;NA;NA;NA;NA;NA;NA;NA;NA;NA
51;"MT";5106752;"510675";"Pontes e Lacerda";"Não";"-";"Outros";2;2;2;4;NA;3;2;1;4;1;2;6;1;NA;1;2;NA;4;NA;3;1;1;1;1;NA
51;"MT";5106778;"510677";"Porto Alegre do Norte";"Não";"-";"Outros";1;NA;NA;NA;1;NA;1;NA;NA;NA;NA;NA;NA;NA;NA;NA;NA;1;1;NA;2;1;NA;3;NA
51;"MT";5106802;"510680";"Porto dos Gaúchos";"Não";"-";"Outros";NA;NA;NA;NA;1;NA;1;NA;NA;NA;1;1;NA;NA;NA;NA;NA;NA;NA;NA;NA;NA;NA;NA;NA
51;"MT";5106828;"510682";"Porto Esperidião";"Não";"-";"Outros";NA;2;1;NA;NA;1;2;NA;1;2;1;1;1;1;2;NA;NA;NA;NA;3;NA;NA;NA;2;NA
51;"MT";5106851;"510685";"Porto Estrela";"Não";"-";"Outros";NA;NA;NA;NA;NA;NA;NA;NA;NA;NA;NA;NA;NA;NA;NA;NA;NA;NA;NA;NA;NA;NA;NA;NA;NA
51;"MT";5107008;"510700";"Poxoréu";"Não";"-";"Outros";NA;NA;1;5;7;1;5;4;5;4;2;1;5;1;1;1;6;NA;1;NA;1;1;1;NA;NA
51;"MT";5107040;"510704";"Primavera do Leste";"Não";"-";"Outros";NA;NA;1;NA;NA;NA;NA;1;1;7;8;7;10;5;NA;5;2;5;6;6;8;7;5;8;NA
51;"MT";5107065;"510706";"Querência";"Não";"-";"Outros";NA;NA;NA;NA;2;NA;NA;NA;NA;NA;NA;NA;NA;NA;1;1;NA;3;NA;NA;1;1;1;3;NA
51;"MT";5107107;"510710";"São José dos Quatro Marcos";"Não";"-";"Outros";1;NA;NA;2;1;1;NA;NA;NA;NA;NA;NA;NA;1;NA;NA;NA;NA;NA;NA;NA;1;NA;NA;NA
51;"MT";5107180;"510718";"Ribeirão Cascalheira";"Não";"-";"Outros";NA;NA;1;NA;NA;NA;NA;NA;NA;NA;NA;NA;1;NA;1;1;NA;2;2;NA;1;1;1;2;NA
51;"MT";5107198;"510719";"Ribeirãozinho";"Não";"-";"Outros";NA;NA;NA;NA;NA;NA;NA;NA;1;NA;NA;NA;1;NA;1;NA;NA;NA;NA;NA;NA;NA;NA;NA;NA
51;"MT";5107206;"510720";"Rio Branco";"Não";"-";"Outros";NA;NA;NA;NA;NA;NA;NA;NA;1;NA;NA;1;NA;NA;NA;NA;NA;NA;NA;NA;NA;NA;NA;NA;NA
51;"MT";5107248;"510724";"Santa Carmem";"Não";"-";"Outros";NA;NA;NA;NA;NA;NA;NA;NA;NA;NA;NA;NA;NA;NA;NA;NA;1;NA;NA;1;NA;1;NA;2;NA
51;"MT";5107263;"510726";"Santo Afonso";"Não";"-";"Outros";NA;NA;NA;NA;NA;1;NA;NA;NA;NA;NA;NA;NA;NA;NA;NA;NA;NA;NA;NA;NA;NA;NA;NA;NA
51;"MT";5107297;"510729";"São José do Povo";"Não";"-";"Outros";NA;NA;NA;NA;NA;NA;NA;1;NA;1;NA;NA;NA;1;5;NA;1;2;NA;NA;NA;1;1;NA;NA
51;"MT";5107305;"510730";"São José do Rio Claro";"Não";"-";"Outros";NA;NA;NA;NA;NA;NA;NA;NA;NA;NA;1;1;NA;1;NA;1;NA;NA;3;NA;1;NA;1;1;NA
51;"MT";5107354;"510735";"São José do Xingu";"Não";"-";"Outros";NA;NA;NA;NA;1;1;NA;NA;NA;NA;NA;NA;NA;NA;NA;NA;NA;NA;NA;1;NA;NA;NA;1;NA
51;"MT";5107404;"510740";"São Pedro da Cipa";"Não";"-";"Outros";NA;NA;NA;NA;NA;1;NA;NA;NA;NA;NA;1;NA;NA;NA;NA;NA;NA;NA;NA;NA;1;NA;NA;NA
51;"MT";5107578;"510757";"Rondolândia";"Não";"-";"Outros";NA;1;NA;NA;NA;NA;NA;NA;NA;NA;NA;NA;NA;NA;NA;NA;NA;NA;NA;NA;NA;NA;2;NA;NA
51;"MT";5107602;"510760";"Rondonópolis";"Não";"-";"Outros";9;6;4;11;12;9;21;19;28;23;18;18;29;30;29;41;30;31;19;18;27;17;8;28;NA
51;"MT";5107701;"510770";"Rosário Oeste";"Não";"Entorno Metropolitano da RM Vale do Rio Cuiabá";"Outros";1;NA;NA;2;1;3;1;NA;NA;1;2;2;2;3;5;9;3;3;4;NA;5;3;4;3;NA
51;"MT";5107743;"510774";"Santa Cruz do Xingu";"Não";"-";"Outros";NA;NA;1;NA;1;NA;1;NA;NA;NA;NA;NA;1;NA;NA;NA;NA;NA;NA;NA;1;1;1;1;NA
51;"MT";5107750;"510775";"Salto do Céu";"Não";"-";"Outros";NA;NA;NA;NA;NA;NA;NA;NA;NA;NA;NA;NA;NA;NA;NA;NA;NA;NA;NA;NA;NA;NA;NA;NA;NA
51;"MT";5107768;"510776";"Santa Rita do Trivelato";"Não";"-";"Outros";NA;1;NA;NA;NA;NA;1;NA;NA;NA;NA;NA;NA;NA;NA;NA;NA;NA;1;NA;NA;NA;NA;NA;NA
51;"MT";5107776;"510777";"Santa Terezinha";"Não";"-";"Outros";NA;NA;NA;1;NA;NA;NA;1;NA;NA;NA;NA;NA;NA;NA;NA;NA;NA;1;NA;NA;NA;1;NA;NA
51;"MT";5107792;"510779";"Santo Antônio do Leste";"Não";"-";"Outros";NA;NA;NA;NA;1;NA;1;NA;NA;1;NA;1;NA;NA;NA;NA;NA;NA;NA;1;NA;NA;NA;2;NA
51;"MT";5107800;"510780";"Santo Antônio de Leverger";"Não";"Região Metropolitana do Vale do Rio Cuiabá";"Outros";1;NA;2;1;2;NA;1;3;1;4;NA;3;2;3;NA;NA;5;4;4;6;2;2;2;4;NA
51;"MT";5107859;"510785";"São Félix do Araguaia";"Não";"-";"Outros";NA;NA;NA;2;NA;NA;NA;NA;2;NA;NA;NA;NA;NA;1;NA;1;NA;1;NA;NA;1;3;1;NA
51;"MT";5107875;"510787";"Sapezal";"Não";"-";"Outros";NA;NA;2;NA;NA;NA;NA;1;1;NA;NA;2;NA;NA;1;3;NA;2;3;2;NA;7;2;2;NA
51;"MT";5107883;"510788";"Serra Nova Dourada";"Não";"-";"Outros";NA;NA;NA;NA;NA;NA;NA;NA;NA;NA;NA;NA;NA;NA;1;1;NA;NA;NA;NA;NA;NA;NA;NA;NA
51;"MT";5107909;"510790";"Sinop";"Não";"-";"Outros";2;NA;NA;1;3;1;1;3;1;1;1;6;7;6;2;6;5;6;5;3;5;4;11;8;NA
51;"MT";5107925;"510792";"Sorriso";"Não";"-";"Outros";NA;NA;1;NA;2;3;3;1;5;4;2;1;2;3;2;2;NA;2;4;4;2;7;5;7;NA
51;"MT";5107941;"510794";"Tabaporã";"Não";"-";"Outros";1;NA;NA;NA;NA;1;2;NA;NA;NA;NA;NA;NA;NA;NA;1;NA;NA;NA;NA;NA;NA;NA;NA;NA
51;"MT";5107958;"510795";"Tangará da Serra";"Não";"-";"Outros";NA;1;NA;NA;5;9;5;4;4;10;5;5;7;7;11;18;7;2;NA;1;6;5;9;5;NA
51;"MT";5108006;"510800";"Tapurah";"Não";"-";"Outros";1;NA;1;NA;3;NA;NA;NA;NA;NA;NA;2;NA;1;NA;NA;NA;NA;NA;NA;NA;NA;1;NA;NA
51;"MT";5108055;"510805";"Terra Nova do Norte";"Não";"-";"Outros";NA;NA;NA;NA;NA;NA;NA;NA;NA;3;NA;1;NA;NA;NA;NA;NA;NA;NA;NA;NA;NA;1;1;NA
51;"MT";5108105;"510810";"Tesouro";"Não";"-";"Outros";NA;NA;NA;NA;NA;NA;NA;NA;1;NA;NA;NA;NA;NA;NA;NA;NA;NA;1;1;NA;2;NA;NA;NA
51;"MT";5108204;"510820";"Torixoréu";"Não";"-";"Outros";NA;1;2;NA;NA;NA;NA;2;NA;NA;NA;1;NA;NA;NA;NA;NA;NA;NA;1;1;NA;NA;NA;NA
51;"MT";5108303;"510830";"União do Sul";"Não";"-";"Outros";NA;NA;NA;NA;NA;NA;1;NA;NA;NA;NA;NA;NA;NA;NA;1;NA;1;NA;NA;1;1;NA;1;NA
51;"MT";5108352;"510835";"Vale de São Domingos";"Não";"-";"Outros";NA;NA;NA;NA;NA;NA;NA;NA;NA;NA;NA;NA;NA;NA;NA;NA;NA;NA;NA;NA;NA;NA;NA;NA;NA
51;"MT";5108402;"510840";"Várzea Grande";"Não";"Região Metropolitana do Vale do Rio Cuiabá";"Outros";11;6;4;2;10;17;11;8;8;7;5;21;4;8;11;14;8;5;10;NA;2;2;NA;2;NA
51;"MT";5108501;"510850";"Vera";"Não";"-";"Outros";1;NA;NA;NA;NA;NA;NA;NA;NA;NA;NA;1;1;NA;NA;NA;2;NA;NA;2;NA;1;4;NA;NA
51;"MT";5108600;"510860";"Vila Rica";"Não";"-";"Outros";NA;NA;NA;NA;NA;1;2;NA;NA;NA;1;NA;NA;2;1;1;1;1;4;NA;NA;6;NA;1;NA
51;"MT";5108808;"510880";"Nova Guarita";"Não";"-";"Outros";NA;NA;NA;NA;NA;NA;NA;NA;NA;NA;NA;NA;NA;NA;NA;NA;NA;NA;NA;NA;NA;NA;NA;NA;NA
51;"MT";5108857;"510885";"Nova Marilândia";"Não";"-";"Outros";NA;NA;NA;1;NA;NA;NA;NA;NA;NA;NA;NA;NA;NA;NA;NA;NA;NA;NA;NA;1;NA;1;NA;NA
51;"MT";5108907;"510890";"Nova Maringá";"Não";"-";"Outros";NA;NA;1;NA;NA;NA;NA;NA;NA;5;NA;NA;NA;NA;NA;NA;NA;1;1;NA;NA;NA;NA;NA;NA
51;"MT";5108956;"510895";"Nova Monte Verde";"Não";"-";"Outros";NA;NA;NA;NA;NA;NA;NA;NA;NA;NA;NA;NA;NA;NA;1;NA;NA;NA;NA;NA;NA;NA;1;NA;NA
52;"GO";5200050;"520005";"Abadia de Goiás";"Não";"Região Metropolitana de Goiânia";"Outros";NA;NA;NA;1;1;NA;NA;NA;NA;1;NA;1;NA;NA;1;NA;NA;NA;NA;NA;NA;NA;NA;NA;NA
52;"GO";5200100;"520010";"Abadiânia";"Não";"Região Integrada de Desenvolvimento do Distrito Federal e Entorno";"Outros";1;3;1;NA;1;1;1;NA;1;1;7;NA;4;2;7;2;1;4;2;NA;3;3;1;NA;NA
52;"GO";5200134;"520013";"Acreúna";"Não";"-";"Outros";2;3;1;NA;3;2;NA;1;NA;1;7;NA;2;6;1;NA;NA;NA;1;1;NA;1;NA;1;NA
52;"GO";5200159;"520015";"Adelândia";"Não";"-";"Outros";NA;NA;NA;NA;NA;NA;NA;NA;NA;NA;NA;NA;NA;NA;NA;NA;NA;NA;NA;NA;NA;1;NA;NA;NA
52;"GO";5200175;"520017";"Água Fria de Goiás";"Não";"Região Integrada de Desenvolvimento do Distrito Federal e Entorno";"Outros";NA;NA;NA;NA;NA;1;NA;1;NA;1;NA;2;NA;NA;NA;1;NA;NA;NA;NA;NA;NA;NA;NA;NA
52;"GO";5200209;"520020";"Água Limpa";"Não";"-";"Outros";NA;NA;NA;NA;NA;NA;NA;NA;NA;NA;NA;NA;NA;NA;2;NA;NA;NA;NA;NA;1;NA;NA;NA;NA
52;"GO";5200258;"520025";"Águas Lindas de Goiás";"Não";"Região Integrada de Desenvolvimento do Distrito Federal e Entorno";"Outros";3;7;4;10;2;4;3;NA;7;7;9;18;16;12;5;2;5;7;NA;5;6;11;9;7;NA
52;"GO";5200308;"520030";"Alexânia";"Não";"Região Integrada de Desenvolvimento do Distrito Federal e Entorno";"Outros";3;4;1;3;2;NA;NA;2;2;NA;NA;1;8;6;3;2;6;4;4;NA;2;6;3;3;NA
52;"GO";5200506;"520050";"Aloândia";"Não";"-";"Outros";NA;NA;NA;NA;NA;NA;NA;NA;NA;NA;NA;NA;NA;NA;NA;NA;NA;NA;NA;NA;NA;NA;NA;NA;NA
52;"GO";5200555;"520055";"Alto Horizonte";"Não";"-";"Outros";NA;NA;NA;NA;NA;NA;NA;NA;NA;NA;NA;NA;NA;NA;NA;NA;NA;NA;NA;NA;NA;NA;NA;NA;NA
52;"GO";5200605;"520060";"Alto Paraíso de Goiás";"Não";"Região Integrada de Desenvolvimento do Distrito Federal e Entorno";"Outros";NA;NA;NA;1;NA;NA;NA;NA;NA;1;NA;1;NA;NA;NA;4;NA;NA;NA;NA;1;NA;2;NA;NA
52;"GO";5200803;"520080";"Alvorada do Norte";"Não";"Região Integrada de Desenvolvimento do Distrito Federal e Entorno";"Outros";NA;2;4;NA;1;2;NA;NA;NA;NA;1;7;2;1;13;NA;1;1;1;NA;1;1;1;2;NA
52;"GO";5200829;"520082";"Amaralina";"Não";"-";"Outros";NA;NA;NA;NA;1;NA;1;NA;NA;NA;NA;NA;NA;NA;NA;NA;NA;NA;NA;NA;NA;NA;NA;NA;NA
52;"GO";5200852;"520085";"Americano do Brasil";"Não";"-";"Outros";NA;NA;NA;1;NA;1;1;NA;NA;NA;NA;NA;NA;NA;1;1;NA;NA;NA;NA;NA;NA;1;NA;NA
52;"GO";5200902;"520090";"Amorinópolis";"Não";"-";"Outros";1;1;NA;NA;NA;NA;NA;NA;NA;1;NA;1;NA;1;NA;NA;NA;1;NA;NA;1;NA;1;1;NA
52;"GO";5201108;"520110";"Anápolis";"Não";"-";"Outros";18;10;16;12;7;13;9;37;16;39;24;21;49;35;60;32;32;23;24;14;28;29;20;17;NA
52;"GO";5201207;"520120";"Anhanguera";"Não";"-";"Outros";NA;NA;NA;NA;NA;NA;NA;NA;NA;NA;NA;NA;NA;NA;NA;NA;NA;NA;NA;NA;NA;NA;NA;NA;NA
52;"GO";5201306;"520130";"Anicuns";"Não";"-";"Outros";NA;2;1;NA;NA;1;2;NA;4;4;NA;4;3;NA;1;1;1;NA;NA;NA;1;NA;NA;1;NA
52;"GO";5201405;"520140";"Aparecida de Goiânia";"Não";"Região Metropolitana de Goiânia";"Outros";10;5;23;19;29;27;15;21;34;20;41;36;15;13;4;NA;1;NA;NA;1;NA;2;4;5;NA
52;"GO";5201454;"520145";"Aparecida do Rio Doce";"Não";"-";"Outros";NA;NA;NA;NA;NA;NA;NA;NA;NA;NA;NA;NA;NA;NA;NA;NA;1;NA;NA;NA;NA;NA;NA;NA;NA
52;"GO";5201504;"520150";"Aporé";"Não";"-";"Outros";NA;NA;NA;NA;NA;NA;NA;NA;NA;NA;NA;NA;NA;NA;NA;NA;NA;NA;1;NA;NA;NA;NA;NA;NA
52;"GO";5201603;"520160";"Araçu";"Não";"-";"Outros";NA;NA;NA;1;NA;NA;NA;NA;NA;1;NA;3;NA;NA;NA;NA;NA;NA;NA;NA;NA;NA;NA;NA;NA
52;"GO";5201702;"520170";"Aragarças";"Não";"-";"Outros";NA;1;NA;NA;NA;NA;NA;NA;NA;NA;NA;1;1;1;2;1;1;NA;2;NA;NA;NA;NA;1;NA
52;"GO";5201801;"520180";"Aragoiânia";"Não";"Região Metropolitana de Goiânia";"Outros";NA;NA;1;NA;NA;1;NA;NA;1;1;NA;NA;2;1;NA;NA;NA;NA;NA;NA;NA;NA;NA;NA;NA
52;"GO";5202155;"520215";"Araguapaz";"Não";"-";"Outros";NA;1;1;1;1;NA;NA;NA;NA;NA;NA;1;1;3;1;NA;NA;2;NA;NA;NA;1;2;3;NA
52;"GO";5202353;"520235";"Arenópolis";"Não";"-";"Outros";NA;1;1;NA;NA;NA;NA;NA;NA;NA;NA;NA;NA;NA;1;NA;NA;NA;1;NA;NA;NA;1;NA;NA
52;"GO";5202502;"520250";"Aruanã";"Não";"-";"Outros";NA;NA;NA;NA;4;2;NA;1;NA;NA;NA;NA;NA;NA;NA;NA;NA;NA;NA;1;NA;NA;NA;NA;NA
52;"GO";5202601;"520260";"Aurilândia";"Não";"-";"Outros";NA;NA;NA;NA;NA;NA;NA;NA;1;NA;NA;NA;NA;NA;NA;NA;NA;NA;NA;NA;NA;NA;NA;1;NA
52;"GO";5202809;"520280";"Avelinópolis";"Não";"-";"Outros";NA;NA;NA;NA;NA;NA;NA;NA;NA;NA;NA;NA;NA;NA;NA;NA;NA;NA;NA;NA;NA;NA;NA;NA;NA
52;"GO";5203104;"520310";"Baliza";"Não";"-";"Outros";NA;NA;NA;NA;NA;NA;NA;NA;NA;NA;1;NA;NA;NA;NA;NA;1;NA;NA;NA;1;NA;NA;NA;NA
52;"GO";5203203;"520320";"Barro Alto";"Não";"Região Integrada de Desenvolvimento do Distrito Federal e Entorno";"Outros";NA;1;NA;NA;1;NA;NA;1;NA;NA;NA;NA;1;1;1;1;NA;NA;NA;NA;NA;NA;NA;1;NA
52;"GO";5203302;"520330";"Bela Vista de Goiás";"Não";"Região Metropolitana de Goiânia";"Outros";NA;NA;1;3;1;1;1;1;2;2;7;NA;3;1;NA;2;NA;NA;NA;NA;4;2;1;1;NA
52;"GO";5203401;"520340";"Bom Jardim de Goiás";"Não";"-";"Outros";1;2;NA;NA;NA;1;NA;NA;1;NA;NA;NA;NA;NA;1;3;NA;2;NA;NA;NA;2;1;1;NA
52;"GO";5203500;"520350";"Bom Jesus de Goiás";"Não";"-";"Outros";NA;NA;NA;NA;NA;1;1;NA;NA;NA;NA;NA;2;1;NA;NA;1;1;2;1;2;NA;1;2;NA
52;"GO";5203559;"520355";"Bonfinópolis";"Não";"Região Metropolitana de Goiânia";"Outros";NA;NA;NA;NA;NA;5;NA;NA;NA;NA;NA;2;2;2;NA;1;NA;1;NA;NA;NA;1;1;NA;NA
52;"GO";5203575;"520357";"Bonópolis";"Não";"-";"Outros";NA;NA;NA;NA;1;NA;NA;NA;NA;NA;NA;NA;NA;1;NA;NA;NA;NA;NA;NA;NA;1;2;NA;NA
52;"GO";5203609;"520360";"Brazabrantes";"Não";"Região Metropolitana de Goiânia";"Outros";NA;NA;NA;NA;NA;1;NA;NA;1;NA;NA;NA;NA;NA;NA;NA;NA;NA;NA;NA;NA;1;1;NA;NA
52;"GO";5203807;"520380";"Britânia";"Não";"-";"Outros";NA;1;NA;1;NA;NA;NA;2;NA;NA;NA;1;1;1;1;1;NA;NA;NA;NA;1;NA;NA;NA;NA
52;"GO";5203906;"520390";"Buriti Alegre";"Não";"-";"Outros";NA;NA;NA;NA;NA;NA;NA;1;2;1;NA;1;1;NA;NA;2;NA;NA;NA;1;NA;1;NA;NA;NA
52;"GO";5203939;"520393";"Buriti de Goiás";"Não";"-";"Outros";NA;NA;NA;NA;NA;NA;NA;1;NA;NA;NA;NA;NA;NA;NA;NA;NA;NA;NA;NA;NA;NA;NA;NA;NA
52;"GO";5203962;"520396";"Buritinópolis";"Não";"-";"Outros";NA;NA;NA;NA;NA;NA;NA;NA;NA;NA;1;NA;NA;NA;NA;NA;NA;NA;NA;NA;NA;NA;NA;NA;NA
52;"GO";5204003;"520400";"Cabeceiras";"Não";"Região Integrada de Desenvolvimento do Distrito Federal e Entorno";"Outros";NA;NA;NA;NA;NA;NA;NA;NA;NA;NA;NA;NA;NA;NA;1;3;NA;NA;NA;1;NA;1;NA;NA;NA
52;"GO";5204102;"520410";"Cachoeira Alta";"Não";"-";"Outros";NA;NA;NA;NA;NA;1;NA;NA;NA;2;NA;NA;1;1;2;NA;NA;NA;1;2;NA;NA;NA;NA;NA
52;"GO";5204201;"520420";"Cachoeira de Goiás";"Não";"-";"Outros";NA;NA;NA;NA;NA;NA;NA;NA;NA;NA;NA;NA;NA;NA;NA;NA;NA;NA;NA;NA;2;NA;NA;NA;NA
52;"GO";5204250;"520425";"Cachoeira Dourada";"Não";"-";"Outros";NA;NA;NA;NA;NA;NA;1;NA;NA;NA;NA;NA;NA;NA;NA;NA;NA;1;NA;NA;NA;NA;NA;NA;NA
52;"GO";5204300;"520430";"Caçu";"Não";"-";"Outros";1;NA;NA;NA;NA;NA;NA;NA;1;NA;NA;NA;NA;2;NA;NA;NA;2;NA;NA;NA;1;NA;NA;NA
52;"GO";5204409;"520440";"Caiapônia";"Não";"-";"Outros";3;5;NA;1;1;1;1;NA;NA;NA;1;NA;1;1;3;1;NA;2;1;1;NA;NA;NA;4;NA
52;"GO";5204508;"520450";"Caldas Novas";"Não";"-";"Outros";1;1;NA;NA;NA;NA;NA;NA;NA;1;7;NA;4;4;5;6;10;1;3;NA;2;4;1;NA;NA
52;"GO";5204557;"520455";"Caldazinha";"Não";"Região Metropolitana de Goiânia";"Outros";NA;NA;NA;NA;1;NA;NA;NA;NA;NA;NA;NA;NA;NA;1;NA;NA;NA;NA;NA;NA;NA;NA;NA;NA
52;"GO";5204607;"520460";"Campestre de Goiás";"Não";"-";"Outros";NA;NA;NA;1;NA;NA;NA;1;NA;NA;NA;1;NA;NA;NA;NA;1;NA;NA;NA;NA;NA;NA;NA;NA
52;"GO";5204656;"520465";"Campinaçu";"Não";"-";"Outros";NA;NA;NA;NA;NA;NA;NA;NA;NA;NA;NA;NA;1;NA;NA;NA;NA;NA;NA;NA;1;NA;NA;NA;NA
52;"GO";5204706;"520470";"Campinorte";"Não";"-";"Outros";6;NA;1;2;NA;NA;NA;NA;NA;NA;1;2;NA;NA;1;1;1;3;NA;3;NA;2;1;NA;NA
52;"GO";5204805;"520480";"Campo Alegre de Goiás";"Não";"-";"Outros";1;1;2;NA;1;NA;1;2;3;2;1;8;1;2;NA;1;10;NA;NA;NA;1;1;NA;1;NA
52;"GO";5204854;"520485";"Campo Limpo de Goiás";"Não";"-";"Outros";NA;NA;NA;NA;NA;NA;NA;NA;1;NA;NA;NA;1;NA;1;NA;1;NA;NA;1;1;NA;NA;NA;NA
52;"GO";5204904;"520490";"Campos Belos";"Não";"-";"Outros";NA;3;1;NA;1;1;NA;1;NA;NA;3;NA;1;NA;5;NA;NA;2;2;NA;4;NA;NA;3;NA
52;"GO";5205000;"520500";"Carmo do Rio Verde";"Não";"-";"Outros";NA;1;NA;NA;NA;NA;NA;NA;NA;NA;NA;NA;NA;NA;1;NA;NA;NA;NA;NA;NA;NA;1;NA;NA
52;"GO";5205059;"520505";"Castelândia";"Não";"-";"Outros";NA;NA;NA;NA;NA;NA;NA;NA;NA;NA;NA;NA;1;NA;NA;NA;NA;NA;NA;NA;NA;NA;NA;NA;NA
52;"GO";5205109;"520510";"Catalão";"Não";"-";"Outros";1;1;5;3;9;12;9;3;5;10;3;3;5;5;5;5;1;NA;NA;NA;2;3;4;2;NA
52;"GO";5205208;"520520";"Caturaí";"Não";"Região Metropolitana de Goiânia";"Outros";NA;NA;NA;NA;NA;NA;NA;NA;NA;NA;NA;1;NA;NA;1;NA;NA;1;NA;NA;NA;NA;NA;NA;NA
52;"GO";5205307;"520530";"Cavalcante";"Não";"Região Integrada de Desenvolvimento do Distrito Federal e Entorno";"Outros";NA;NA;NA;1;1;NA;NA;2;NA;NA;NA;NA;NA;NA;1;NA;NA;1;2;NA;NA;NA;NA;2;NA
52;"GO";5205406;"520540";"Ceres";"Não";"-";"Outros";NA;NA;NA;NA;NA;NA;NA;1;NA;1;1;1;2;2;2;NA;1;1;1;1;NA;NA;NA;NA;NA
52;"GO";5205455;"520545";"Cezarina";"Não";"-";"Outros";NA;1;NA;NA;NA;1;2;1;1;2;1;NA;3;NA;NA;NA;2;NA;NA;NA;NA;NA;NA;NA;NA
52;"GO";5205471;"520547";"Chapadão do Céu";"Não";"-";"Outros";NA;NA;NA;NA;NA;NA;NA;NA;NA;NA;NA;2;NA;NA;NA;NA;NA;NA;1;NA;NA;NA;NA;NA;NA
52;"GO";5205497;"520549";"Cidade Ocidental";"Não";"Região Integrada de Desenvolvimento do Distrito Federal e Entorno";"Outros";1;1;2;NA;NA;NA;1;1;1;NA;NA;1;NA;2;NA;NA;1;NA;4;3;3;4;6;1;NA
52;"GO";5205513;"520551";"Cocalzinho de Goiás";"Não";"Região Integrada de Desenvolvimento do Distrito Federal e Entorno";"Outros";NA;1;2;4;2;3;NA;NA;5;1;3;NA;8;7;4;5;4;2;3;NA;3;8;5;9;NA
52;"GO";5205521;"520552";"Colinas do Sul";"Não";"-";"Outros";NA;NA;1;1;1;NA;NA;NA;NA;1;1;NA;NA;1;NA;NA;NA;NA;NA;1;NA;NA;NA;NA;NA
52;"GO";5205703;"520570";"Córrego do Ouro";"Não";"-";"Outros";NA;1;NA;NA;NA;NA;NA;NA;NA;NA;NA;NA;NA;NA;1;NA;NA;NA;NA;NA;NA;NA;NA;NA;NA
52;"GO";5205802;"520580";"Corumbá de Goiás";"Não";"Região Integrada de Desenvolvimento do Distrito Federal e Entorno";"Outros";1;NA;1;1;NA;NA;1;NA;NA;NA;2;NA;NA;2;NA;1;1;NA;1;2;1;2;1;2;NA
52;"GO";5205901;"520590";"Corumbaíba";"Não";"-";"Outros";NA;NA;NA;NA;2;1;9;NA;NA;1;NA;1;NA;NA;NA;NA;NA;NA;NA;NA;NA;NA;NA;NA;NA
52;"GO";5206206;"520620";"Cristalina";"Não";"Região Integrada de Desenvolvimento do Distrito Federal e Entorno";"Outros";5;1;6;4;12;8;12;10;1;10;1;7;9;3;8;2;3;3;8;9;2;6;13;8;NA
52;"GO";5206305;"520630";"Cristianópolis";"Não";"-";"Outros";NA;NA;NA;NA;NA;NA;NA;NA;NA;NA;NA;1;1;2;NA;1;NA;NA;1;NA;NA;NA;NA;NA;NA
52;"GO";5206404;"520640";"Crixás";"Não";"-";"Outros";NA;NA;1;NA;NA;NA;1;NA;NA;NA;NA;1;NA;NA;NA;NA;1;NA;NA;1;NA;NA;NA;NA;NA
52;"GO";5206503;"520650";"Cromínia";"Não";"-";"Outros";NA;2;NA;1;NA;NA;NA;NA;NA;NA;NA;NA;2;NA;NA;NA;NA;NA;NA;1;NA;1;NA;NA;NA
52;"GO";5206602;"520660";"Cumari";"Não";"-";"Outros";NA;NA;NA;4;1;2;NA;NA;NA;NA;NA;NA;NA;NA;NA;NA;2;NA;NA;NA;NA;NA;NA;NA;NA
52;"GO";5206800;"520680";"Damolândia";"Não";"-";"Outros";NA;1;1;NA;NA;1;NA;NA;NA;NA;NA;NA;NA;NA;NA;NA;NA;NA;NA;NA;NA;NA;1;NA;NA
52;"GO";5206909;"520690";"Davinópolis";"Não";"-";"Outros";NA;NA;NA;NA;2;NA;NA;NA;NA;1;NA;NA;NA;NA;NA;NA;NA;NA;NA;NA;NA;NA;NA;1;NA
52;"GO";5207105;"520710";"Diorama";"Não";"-";"Outros";NA;1;NA;NA;NA;NA;NA;NA;NA;NA;NA;NA;NA;NA;NA;NA;NA;NA;NA;NA;NA;1;NA;1;NA
52;"GO";5207253;"520725";"Doverlândia";"Não";"-";"Outros";NA;1;NA;NA;NA;NA;NA;NA;NA;NA;1;NA;NA;NA;NA;NA;NA;NA;NA;NA;NA;NA;1;NA;NA
52;"GO";5207352;"520735";"Edealina";"Não";"-";"Outros";NA;NA;NA;NA;NA;NA;NA;NA;NA;NA;NA;NA;NA;NA;NA;NA;NA;NA;NA;NA;NA;NA;NA;2;NA
52;"GO";5207402;"520740";"Edéia";"Não";"-";"Outros";NA;NA;NA;NA;1;NA;1;NA;NA;NA;NA;1;NA;NA;NA;NA;NA;NA;NA;NA;NA;NA;1;NA;NA
52;"GO";5207501;"520750";"Estrela do Norte";"Não";"-";"Outros";NA;NA;1;NA;2;NA;NA;NA;2;NA;NA;NA;NA;NA;NA;NA;NA;NA;NA;NA;NA;NA;1;1;NA
52;"GO";5207535;"520753";"Faina";"Não";"-";"Outros";NA;NA;NA;NA;NA;NA;1;2;NA;NA;1;1;NA;NA;1;NA;NA;1;1;NA;2;1;NA;NA;NA
52;"GO";5207600;"520760";"Fazenda Nova";"Não";"-";"Outros";1;NA;1;NA;NA;1;NA;NA;NA;NA;NA;NA;NA;NA;NA;NA;NA;NA;1;3;NA;NA;1;NA;NA
52;"GO";5207808;"520780";"Firminópolis";"Não";"-";"Outros";1;NA;2;NA;NA;1;NA;NA;NA;NA;NA;NA;NA;NA;NA;NA;3;NA;NA;2;NA;NA;NA;1;NA
52;"GO";5207907;"520790";"Flores de Goiás";"Não";"Região Integrada de Desenvolvimento do Distrito Federal e Entorno";"Outros";1;NA;1;NA;NA;1;NA;NA;3;NA;1;3;1;NA;3;3;1;1;1;NA;2;NA;1;NA;NA
52;"GO";5208004;"520800";"Formosa";"Não";"Região Integrada de Desenvolvimento do Distrito Federal e Entorno";"Outros";NA;5;3;6;4;1;3;1;3;2;5;6;6;2;10;4;4;2;6;2;3;5;13;11;NA
52;"GO";5208103;"520810";"Formoso";"Não";"-";"Outros";NA;1;NA;NA;1;NA;NA;NA;1;1;2;NA;NA;1;NA;NA;2;NA;NA;2;NA;1;NA;1;NA
52;"GO";5208152;"520815";"Gameleira de Goiás";"Não";"-";"Outros";NA;NA;NA;NA;NA;NA;NA;NA;NA;NA;NA;NA;NA;NA;NA;NA;NA;1;NA;1;NA;NA;NA;1;NA
52;"GO";5208301;"520830";"Divinópolis de Goiás";"Não";"-";"Outros";NA;NA;NA;NA;NA;NA;NA;NA;NA;NA;NA;NA;NA;1;NA;NA;NA;NA;NA;NA;NA;1;1;NA;NA
52;"GO";5208400;"520840";"Goianápolis";"Não";"Região Metropolitana de Goiânia";"Outros";1;1;NA;1;NA;NA;NA;NA;NA;4;1;NA;1;1;NA;2;NA;NA;1;1;2;NA;NA;1;NA
52;"GO";5208509;"520850";"Goiandira";"Não";"-";"Outros";NA;NA;NA;NA;NA;NA;3;NA;NA;NA;NA;NA;NA;NA;NA;NA;NA;NA;NA;NA;NA;NA;NA;NA;NA
52;"GO";5208608;"520860";"Goianésia";"Não";"Região Integrada de Desenvolvimento do Distrito Federal e Entorno";"Outros";1;NA;1;2;2;3;NA;2;NA;NA;2;2;NA;NA;1;NA;NA;2;1;1;NA;2;3;NA;NA
52;"GO";5208707;"520870";"Goiânia";"Sim";"Região Metropolitana de Goiânia";"Outros";65;68;74;95;84;56;72;82;79;103;125;106;98;80;65;62;67;18;13;27;105;118;109;44;NA
52;"GO";5208806;"520880";"Goianira";"Não";"Região Metropolitana de Goiânia";"Outros";3;NA;2;1;1;1;1;NA;1;2;1;4;4;1;1;NA;2;NA;1;NA;NA;NA;1;1;NA
52;"GO";5208905;"520890";"Goiás";"Não";"-";"Outros";NA;NA;2;4;2;1;NA;5;5;NA;4;NA;2;4;2;1;2;5;NA;3;2;2;4;4;NA
52;"GO";5209101;"520910";"Goiatuba";"Não";"-";"Outros";1;NA;NA;NA;NA;1;1;NA;1;4;NA;1;1;1;NA;1;1;1;2;1;4;NA;NA;1;NA
52;"GO";5209150;"520915";"Gouvelândia";"Não";"-";"Outros";NA;NA;NA;1;NA;NA;NA;NA;NA;NA;NA;NA;NA;NA;NA;NA;NA;NA;NA;NA;NA;1;NA;NA;NA
52;"GO";5209200;"520920";"Guapó";"Não";"Região Metropolitana de Goiânia";"Outros";NA;NA;NA;2;4;1;1;2;2;1;NA;4;3;NA;NA;1;1;NA;2;NA;NA;1;NA;NA;NA
52;"GO";5209291;"520929";"Guaraíta";"Não";"-";"Outros";NA;NA;NA;NA;NA;NA;NA;1;NA;NA;NA;NA;NA;NA;NA;NA;NA;NA;NA;NA;NA;NA;NA;NA;NA
52;"GO";5209408;"520940";"Guarani de Goiás";"Não";"-";"Outros";1;1;NA;NA;NA;NA;NA;NA;NA;NA;6;NA;1;NA;NA;NA;1;NA;NA;2;1;NA;1;NA;NA
52;"GO";5209606;"520960";"Heitoraí";"Não";"-";"Outros";NA;NA;NA;NA;1;NA;NA;NA;NA;NA;NA;NA;NA;NA;NA;NA;NA;NA;NA;NA;NA;NA;1;NA;NA
52;"GO";5209705;"520970";"Hidrolândia";"Não";"Região Metropolitana de Goiânia";"Outros";2;1;2;2;NA;2;NA;1;2;1;NA;2;6;NA;2;1;1;NA;NA;NA;3;NA;3;1;NA
52;"GO";5209804;"520980";"Hidrolina";"Não";"-";"Outros";NA;NA;NA;NA;NA;NA;NA;NA;NA;NA;NA;NA;NA;NA;NA;NA;NA;NA;NA;NA;NA;NA;NA;1;NA
52;"GO";5209903;"520990";"Iaciara";"Não";"-";"Outros";NA;NA;NA;NA;1;NA;NA;NA;1;NA;1;NA;2;1;1;NA;2;2;NA;1;2;NA;1;NA;NA
52;"GO";5209937;"520993";"Inaciolândia";"Não";"-";"Outros";NA;1;1;NA;NA;NA;1;NA;NA;NA;NA;NA;NA;1;NA;NA;NA;NA;1;NA;1;NA;NA;1;NA
52;"GO";5209952;"520995";"Indiara";"Não";"-";"Outros";NA;1;1;NA;4;NA;1;NA;2;1;1;NA;3;1;1;NA;NA;NA;NA;NA;1;NA;NA;NA;NA
52;"GO";5210000;"521000";"Inhumas";"Não";"Região Metropolitana de Goiânia";"Outros";3;1;2;NA;2;2;NA;1;5;10;7;2;3;2;NA;1;NA;NA;NA;NA;NA;NA;1;1;NA
52;"GO";5210109;"521010";"Ipameri";"Não";"-";"Outros";2;1;3;NA;3;1;4;1;3;4;1;NA;4;2;2;NA;NA;5;2;NA;1;NA;NA;NA;NA
52;"GO";5210158;"521015";"Ipiranga de Goiás";"Não";"-";"Outros";NA;NA;NA;NA;NA;NA;NA;NA;NA;NA;NA;NA;NA;NA;NA;NA;NA;NA;NA;NA;NA;NA;NA;NA;NA
52;"GO";5210208;"521020";"Iporá";"Não";"-";"Outros";3;3;2;1;NA;NA;1;NA;1;NA;NA;NA;NA;NA;2;1;1;NA;1;1;NA;NA;NA;NA;NA
52;"GO";5210307;"521030";"Israelândia";"Não";"-";"Outros";3;1;NA;NA;1;NA;NA;NA;NA;NA;NA;NA;NA;2;NA;NA;NA;NA;NA;1;1;NA;NA;NA;NA
52;"GO";5210406;"521040";"Itaberaí";"Não";"-";"Outros";1;2;4;1;4;NA;1;7;2;7;5;5;7;1;3;5;2;1;1;3;2;2;3;1;NA
52;"GO";5210562;"521056";"Itaguari";"Não";"-";"Outros";1;NA;NA;NA;NA;NA;NA;NA;1;NA;NA;NA;NA;NA;NA;NA;NA;NA;1;NA;NA;NA;NA;NA;NA
52;"GO";5210604;"521060";"Itaguaru";"Não";"-";"Outros";1;NA;NA;NA;NA;NA;NA;1;NA;NA;NA;NA;NA;NA;NA;NA;NA;2;NA;NA;NA;1;1;NA;NA
52;"GO";5210802;"521080";"Itajá";"Não";"-";"Outros";NA;NA;NA;NA;NA;NA;NA;NA;NA;NA;NA;NA;NA;NA;NA;NA;NA;NA;NA;NA;NA;NA;NA;2;NA
52;"GO";5210901;"521090";"Itapaci";"Não";"-";"Outros";NA;NA;1;NA;NA;NA;NA;1;NA;NA;NA;NA;NA;1;NA;NA;1;1;NA;NA;1;NA;NA;NA;NA
52;"GO";5211008;"521100";"Itapirapuã";"Não";"-";"Outros";NA;NA;1;NA;NA;NA;NA;1;NA;NA;NA;1;NA;NA;2;2;1;1;NA;NA;NA;NA;2;NA;NA
52;"GO";5211206;"521120";"Itapuranga";"Não";"-";"Outros";1;2;NA;NA;NA;NA;1;NA;2;NA;5;1;1;NA;3;2;2;NA;1;NA;1;NA;NA;1;NA
52;"GO";5211305;"521130";"Itarumã";"Não";"-";"Outros";NA;NA;NA;NA;1;NA;NA;NA;1;NA;NA;NA;NA;NA;NA;NA;NA;NA;NA;NA;NA;NA;1;NA;NA
52;"GO";5211404;"521140";"Itauçu";"Não";"-";"Outros";NA;NA;1;NA;NA;NA;1;NA;6;2;NA;1;5;1;1;1;NA;NA;NA;NA;2;NA;NA;NA;NA
52;"GO";5211503;"521150";"Itumbiara";"Não";"-";"Outros";1;NA;NA;NA;NA;NA;NA;1;2;2;2;NA;4;2;1;1;1;2;3;2;1;2;3;3;NA
52;"GO";5211602;"521160";"Ivolândia";"Não";"-";"Outros";NA;NA;NA;1;NA;NA;1;NA;NA;NA;NA;NA;NA;NA;NA;NA;NA;NA;2;NA;NA;1;NA;NA;NA
52;"GO";5211701;"521170";"Jandaia";"Não";"-";"Outros";1;NA;3;NA;NA;NA;NA;NA;NA;NA;NA;NA;1;NA;NA;NA;NA;4;1;NA;NA;1;NA;1;NA
52;"GO";5211800;"521180";"Jaraguá";"Não";"-";"Outros";NA;NA;1;1;1;1;2;1;NA;NA;1;1;3;1;1;NA;1;4;2;1;2;5;6;7;NA
52;"GO";5211909;"521190";"Jataí";"Não";"-";"Outros";5;7;6;3;4;2;6;2;11;5;2;5;2;4;5;1;6;2;2;NA;1;3;2;NA;NA
52;"GO";5212006;"521200";"Jaupaci";"Não";"-";"Outros";1;NA;NA;NA;NA;NA;NA;NA;NA;NA;NA;NA;NA;NA;NA;NA;NA;NA;NA;NA;NA;NA;NA;NA;NA
52;"GO";5212055;"521205";"Jesúpolis";"Não";"-";"Outros";NA;NA;NA;NA;NA;NA;NA;NA;NA;NA;1;NA;NA;NA;NA;NA;NA;NA;NA;NA;NA;NA;NA;NA;NA
52;"GO";5212105;"521210";"Joviânia";"Não";"-";"Outros";NA;NA;NA;NA;NA;1;NA;NA;NA;NA;NA;NA;NA;NA;NA;1;NA;NA;NA;NA;NA;NA;NA;NA;NA
52;"GO";5212204;"521220";"Jussara";"Não";"-";"Outros";NA;NA;1;NA;NA;1;NA;1;2;NA;1;2;1;NA;2;1;2;3;NA;1;1;NA;1;6;NA
52;"GO";5212253;"521225";"Lagoa Santa";"Não";"-";"Outros";NA;NA;NA;NA;NA;NA;NA;1;NA;NA;NA;NA;NA;NA;NA;NA;NA;1;NA;NA;NA;NA;NA;NA;NA
52;"GO";5212303;"521230";"Leopoldo de Bulhões";"Não";"-";"Outros";1;NA;NA;NA;NA;NA;NA;NA;NA;1;1;NA;2;1;NA;1;NA;NA;NA;NA;1;NA;NA;NA;NA
52;"GO";5212501;"521250";"Luziânia";"Não";"Região Integrada de Desenvolvimento do Distrito Federal e Entorno";"Outros";7;13;17;15;11;18;5;5;19;19;21;11;13;14;16;7;10;28;19;17;12;19;18;11;NA
52;"GO";5212600;"521260";"Mairipotaba";"Não";"-";"Outros";NA;NA;1;NA;NA;NA;NA;NA;NA;NA;NA;NA;NA;NA;NA;NA;NA;NA;NA;NA;NA;NA;NA;NA;NA
52;"GO";5212709;"521270";"Mambaí";"Não";"-";"Outros";NA;NA;NA;NA;NA;NA;NA;NA;NA;NA;NA;NA;NA;1;NA;NA;NA;NA;NA;NA;1;NA;NA;NA;NA
52;"GO";5212808;"521280";"Mara Rosa";"Não";"-";"Outros";NA;NA;NA;NA;NA;NA;NA;NA;NA;NA;5;2;NA;1;1;NA;3;3;NA;NA;1;1;NA;NA;NA
52;"GO";5212907;"521290";"Marzagão";"Não";"-";"Outros";NA;NA;NA;NA;NA;NA;NA;NA;NA;NA;NA;NA;1;NA;NA;NA;NA;NA;1;NA;NA;1;NA;1;NA
52;"GO";5212956;"521295";"Matrinchã";"Não";"-";"Outros";NA;NA;NA;NA;NA;NA;NA;NA;NA;NA;NA;NA;NA;NA;NA;NA;NA;NA;NA;NA;NA;1;NA;NA;NA
52;"GO";5213004;"521300";"Maurilândia";"Não";"-";"Outros";NA;NA;1;1;NA;2;3;NA;NA;NA;NA;NA;NA;NA;2;2;NA;NA;1;1;NA;NA;NA;NA;NA
52;"GO";5213053;"521305";"Mimoso de Goiás";"Não";"Região Integrada de Desenvolvimento do Distrito Federal e Entorno";"Outros";1;NA;NA;NA;NA;NA;NA;NA;NA;NA;NA;NA;NA;NA;NA;NA;NA;NA;NA;NA;1;NA;NA;1;NA
52;"GO";5213087;"521308";"Minaçu";"Não";"-";"Outros";NA;NA;NA;4;NA;NA;NA;1;NA;NA;NA;NA;NA;NA;2;NA;1;3;1;NA;2;1;2;NA;NA
52;"GO";5213103;"521310";"Mineiros";"Não";"-";"Outros";1;NA;1;1;2;1;5;1;NA;2;3;2;1;NA;2;2;1;1;1;2;1;1;3;1;NA
52;"GO";5213400;"521340";"Moiporá";"Não";"-";"Outros";NA;NA;1;NA;NA;1;NA;NA;NA;NA;NA;NA;NA;NA;NA;NA;NA;NA;NA;NA;NA;1;1;NA;NA
52;"GO";5213509;"521350";"Monte Alegre de Goiás";"Não";"-";"Outros";1;NA;NA;NA;NA;1;NA;NA;NA;NA;2;1;NA;1;2;3;1;NA;1;NA;1;4;NA;NA;NA
52;"GO";5213707;"521370";"Montes Claros de Goiás";"Não";"-";"Outros";2;NA;1;NA;1;NA;1;NA;NA;1;NA;1;NA;NA;4;9;NA;NA;NA;1;NA;NA;2;2;NA
52;"GO";5213756;"521375";"Montividiu";"Não";"-";"Outros";NA;NA;NA;NA;NA;NA;2;NA;NA;1;12;NA;NA;NA;2;NA;NA;1;NA;1;1;2;NA;NA;NA
52;"GO";5213772;"521377";"Montividiu do Norte";"Não";"-";"Outros";NA;NA;NA;NA;NA;NA;NA;NA;NA;NA;NA;NA;NA;NA;1;NA;NA;NA;1;NA;NA;NA;NA;NA;NA
52;"GO";5213806;"521380";"Morrinhos";"Não";"-";"Outros";NA;2;3;4;1;NA;1;1;1;1;NA;1;1;NA;2;3;3;NA;NA;1;NA;1;NA;NA;NA
52;"GO";5213855;"521385";"Morro Agudo de Goiás";"Não";"-";"Outros";NA;NA;NA;NA;NA;NA;NA;NA;NA;NA;NA;NA;NA;NA;NA;NA;NA;NA;NA;NA;1;NA;NA;NA;NA
52;"GO";5213905;"521390";"Mossâmedes";"Não";"-";"Outros";NA;NA;1;1;NA;NA;NA;NA;NA;1;NA;NA;NA;NA;NA;NA;NA;NA;NA;NA;NA;NA;NA;2;NA
52;"GO";5214002;"521400";"Mozarlândia";"Não";"-";"Outros";NA;NA;1;2;NA;1;NA;NA;1;NA;1;NA;2;NA;3;1;NA;1;NA;NA;NA;NA;NA;NA;NA
52;"GO";5214051;"521405";"Mundo Novo";"Não";"-";"Outros";NA;NA;NA;NA;NA;1;NA;NA;NA;2;NA;NA;NA;NA;NA;NA;NA;NA;NA;3;2;NA;1;4;NA
52;"GO";5214101;"521410";"Mutunópolis";"Não";"-";"Outros";NA;NA;NA;NA;NA;NA;NA;NA;NA;NA;NA;NA;NA;NA;1;NA;1;1;NA;NA;NA;NA;NA;1;NA
52;"GO";5214408;"521440";"Nazário";"Não";"-";"Outros";NA;1;NA;NA;1;NA;1;NA;NA;1;NA;NA;1;NA;NA;NA;NA;NA;NA;NA;NA;NA;NA;2;NA
52;"GO";5214507;"521450";"Nerópolis";"Não";"Região Metropolitana de Goiânia";"Outros";1;3;3;4;4;NA;NA;1;6;1;5;4;5;2;2;1;NA;NA;1;1;1;1;NA;1;NA
52;"GO";5214606;"521460";"Niquelândia";"Não";"Região Integrada de Desenvolvimento do Distrito Federal e Entorno";"Outros";2;1;5;2;1;1;NA;1;2;1;1;5;4;4;6;6;4;1;NA;3;3;1;NA;1;NA
52;"GO";5214705;"521470";"Nova América";"Não";"-";"Outros";NA;NA;NA;NA;NA;NA;NA;NA;NA;NA;NA;NA;NA;NA;NA;NA;NA;NA;NA;NA;NA;NA;1;NA;NA
52;"GO";5214804;"521480";"Nova Aurora";"Não";"-";"Outros";NA;NA;NA;NA;NA;NA;NA;1;NA;NA;NA;NA;1;NA;NA;NA;1;NA;NA;1;NA;NA;NA;NA;NA
52;"GO";5214838;"521483";"Nova Crixás";"Não";"-";"Outros";1;NA;NA;NA;3;NA;4;NA;3;1;1;2;NA;1;1;3;1;3;NA;NA;1;NA;NA;1;NA
52;"GO";5214861;"521486";"Nova Glória";"Não";"-";"Outros";NA;NA;1;NA;NA;NA;NA;1;NA;1;NA;NA;3;NA;NA;1;3;NA;NA;NA;1;NA;NA;NA;NA
52;"GO";5214879;"521487";"Nova Iguaçu de Goiás";"Não";"-";"Outros";NA;NA;NA;1;NA;NA;NA;NA;NA;1;NA;NA;NA;NA;NA;1;1;NA;NA;NA;NA;NA;NA;NA;NA
52;"GO";5214903;"521490";"Nova Roma";"Não";"-";"Outros";NA;NA;1;NA;NA;NA;NA;NA;NA;NA;NA;1;NA;NA;1;NA;NA;NA;NA;NA;NA;1;NA;NA;NA
52;"GO";5215009;"521500";"Nova Veneza";"Não";"Região Metropolitana de Goiânia";"Outros";1;NA;NA;NA;NA;NA;3;NA;1;NA;1;2;1;NA;NA;NA;NA;NA;NA;1;NA;NA;NA;NA;NA
52;"GO";5215207;"521520";"Novo Brasil";"Não";"-";"Outros";NA;NA;1;NA;NA;NA;NA;1;NA;NA;NA;NA;NA;NA;NA;NA;NA;1;NA;NA;NA;NA;NA;1;NA
52;"GO";5215231;"521523";"Novo Gama";"Não";"Região Integrada de Desenvolvimento do Distrito Federal e Entorno";"Outros";NA;NA;NA;NA;1;NA;NA;NA;NA;2;NA;NA;2;1;NA;1;NA;1;2;3;NA;3;2;1;NA
52;"GO";5215256;"521525";"Novo Planalto";"Não";"-";"Outros";NA;NA;NA;NA;NA;NA;NA;NA;NA;NA;NA;NA;NA;NA;NA;NA;NA;NA;NA;NA;NA;NA;NA;1;NA
52;"GO";5215306;"521530";"Orizona";"Não";"-";"Outros";NA;NA;NA;NA;NA;NA;NA;NA;NA;NA;1;2;NA;3;NA;NA;NA;2;NA;NA;NA;NA;1;NA;NA
52;"GO";5215405;"521540";"Ouro Verde de Goiás";"Não";"-";"Outros";NA;NA;NA;NA;NA;NA;NA;1;NA;NA;NA;NA;NA;NA;1;NA;NA;2;NA;NA;NA;NA;1;NA;NA
52;"GO";5215504;"521550";"Ouvidor";"Não";"-";"Outros";NA;NA;NA;NA;NA;NA;NA;NA;1;NA;1;NA;NA;NA;NA;NA;NA;NA;NA;NA;NA;NA;NA;NA;NA
52;"GO";5215603;"521560";"Padre Bernardo";"Não";"Região Integrada de Desenvolvimento do Distrito Federal e Entorno";"Outros";1;3;1;NA;2;2;2;1;2;NA;1;NA;6;2;5;10;5;5;7;5;3;5;6;3;NA
52;"GO";5215652;"521565";"Palestina de Goiás";"Não";"-";"Outros";NA;NA;NA;NA;NA;NA;NA;NA;NA;NA;NA;1;NA;NA;1;NA;NA;NA;NA;NA;NA;NA;NA;1;NA
52;"GO";5215702;"521570";"Palmeiras de Goiás";"Não";"-";"Outros";NA;NA;3;1;NA;NA;1;1;1;NA;1;1;1;2;3;3;3;1;5;2;2;3;3;1;NA
52;"GO";5215801;"521580";"Palmelo";"Não";"-";"Outros";NA;1;NA;NA;NA;NA;NA;NA;NA;NA;1;NA;NA;1;2;1;NA;NA;NA;NA;NA;NA;NA;NA;NA
52;"GO";5215900;"521590";"Palminópolis";"Não";"-";"Outros";NA;NA;NA;NA;NA;NA;1;NA;NA;NA;NA;1;NA;NA;1;NA;NA;NA;NA;1;1;NA;NA;NA;NA
52;"GO";5216007;"521600";"Panamá";"Não";"-";"Outros";NA;NA;NA;NA;NA;NA;NA;NA;NA;1;NA;NA;NA;NA;NA;NA;NA;NA;NA;NA;NA;1;NA;NA;NA
52;"GO";5216304;"521630";"Paranaiguara";"Não";"-";"Outros";NA;NA;NA;NA;NA;NA;NA;NA;NA;NA;NA;NA;1;NA;1;NA;NA;NA;NA;NA;NA;NA;NA;1;NA
52;"GO";5216403;"521640";"Paraúna";"Não";"-";"Outros";1;1;NA;NA;NA;NA;1;NA;NA;1;NA;NA;NA;NA;1;1;NA;NA;NA;1;6;NA;2;3;NA
52;"GO";5216452;"521645";"Perolândia";"Não";"-";"Outros";NA;NA;NA;NA;NA;NA;NA;NA;NA;NA;NA;NA;NA;1;NA;NA;NA;NA;NA;NA;NA;NA;NA;NA;NA
52;"GO";5216809;"521680";"Petrolina de Goiás";"Não";"-";"Outros";NA;2;NA;NA;1;2;NA;NA;NA;NA;3;1;1;NA;NA;2;2;1;NA;NA;NA;NA;NA;2;NA
52;"GO";5216908;"521690";"Pilar de Goiás";"Não";"-";"Outros";NA;NA;NA;NA;1;1;NA;1;NA;NA;NA;NA;NA;NA;NA;NA;NA;NA;NA;NA;1;1;2;NA;NA
52;"GO";5217104;"521710";"Piracanjuba";"Não";"-";"Outros";1;NA;NA;NA;2;1;NA;NA;NA;1;NA;NA;2;2;2;NA;NA;2;NA;2;2;4;NA;1;NA
52;"GO";5217203;"521720";"Piranhas";"Não";"-";"Outros";3;NA;NA;NA;NA;NA;NA;NA;NA;NA;1;NA;NA;NA;3;1;NA;NA;NA;NA;1;NA;4;2;NA
52;"GO";5217302;"521730";"Pirenópolis";"Não";"Região Integrada de Desenvolvimento do Distrito Federal e Entorno";"Outros";NA;2;2;NA;NA;2;NA;NA;NA;3;2;NA;2;2;3;4;NA;4;2;3;3;NA;2;NA;NA
52;"GO";5217401;"521740";"Pires do Rio";"Não";"-";"Outros";NA;NA;4;NA;1;2;1;3;NA;2;NA;NA;NA;NA;3;NA;2;NA;1;1;2;1;1;3;NA
52;"GO";5217609;"521760";"Planaltina";"Não";"Região Integrada de Desenvolvimento do Distrito Federal e Entorno";"Outros";NA;1;1;NA;NA;NA;NA;NA;1;NA;NA;4;2;1;2;NA;NA;4;2;3;1;7;4;1;NA
52;"GO";5217708;"521770";"Pontalina";"Não";"-";"Outros";NA;NA;NA;NA;NA;NA;1;1;NA;NA;NA;1;NA;NA;NA;1;1;1;NA;NA;NA;1;NA;NA;NA
52;"GO";5218003;"521800";"Porangatu";"Não";"-";"Outros";1;1;NA;3;3;10;NA;4;NA;2;6;7;3;NA;2;2;2;5;3;3;2;6;3;3;NA
52;"GO";5218052;"521805";"Porteirão";"Não";"-";"Outros";NA;NA;NA;NA;NA;NA;NA;NA;NA;NA;1;NA;NA;1;NA;NA;NA;NA;NA;NA;1;NA;NA;NA;NA
52;"GO";5218102;"521810";"Portelândia";"Não";"-";"Outros";NA;NA;5;NA;NA;NA;NA;NA;NA;NA;NA;2;NA;NA;NA;2;1;NA;2;NA;NA;NA;3;NA;NA
52;"GO";5218300;"521830";"Posse";"Não";"-";"Outros";1;1;1;1;1;1;NA;NA;1;1;1;1;2;2;4;7;NA;1;NA;1;4;3;5;2;NA
52;"GO";5218391;"521839";"Professor Jamil";"Não";"-";"Outros";NA;NA;NA;NA;NA;NA;NA;NA;NA;1;NA;NA;NA;NA;2;NA;NA;1;NA;1;NA;NA;NA;NA;NA
52;"GO";5218508;"521850";"Quirinópolis";"Não";"-";"Outros";NA;1;2;NA;1;3;2;2;3;3;1;NA;NA;NA;7;NA;NA;4;NA;NA;1;2;NA;NA;NA
52;"GO";5218607;"521860";"Rialma";"Não";"-";"Outros";NA;NA;NA;NA;NA;1;NA;NA;NA;NA;NA;5;2;NA;NA;NA;NA;NA;2;NA;NA;1;NA;NA;NA
52;"GO";5218706;"521870";"Rianápolis";"Não";"-";"Outros";NA;NA;1;NA;NA;NA;NA;NA;NA;NA;NA;NA;NA;NA;1;NA;1;NA;NA;NA;NA;NA;NA;NA;NA
52;"GO";5218789;"521878";"Rio Quente";"Não";"-";"Outros";NA;1;NA;NA;NA;NA;NA;NA;NA;NA;NA;NA;NA;NA;NA;NA;NA;NA;NA;NA;NA;NA;NA;NA;NA
52;"GO";5218805;"521880";"Rio Verde";"Não";"-";"Outros";4;4;5;NA;NA;20;12;1;4;39;40;20;16;27;16;14;4;5;6;3;9;4;10;5;NA
52;"GO";5218904;"521890";"Rubiataba";"Não";"-";"Outros";NA;NA;NA;NA;NA;NA;NA;NA;NA;NA;1;1;NA;NA;NA;NA;NA;NA;NA;NA;NA;NA;NA;1;NA
52;"GO";5219001;"521900";"Sanclerlândia";"Não";"-";"Outros";NA;NA;NA;NA;NA;NA;NA;1;NA;NA;NA;NA;NA;NA;NA;NA;NA;1;1;1;NA;NA;NA;1;NA
52;"GO";5219100;"521910";"Santa Bárbara de Goiás";"Não";"Região Metropolitana de Goiânia";"Outros";NA;NA;2;NA;1;NA;NA;NA;6;NA;2;1;NA;2;NA;NA;NA;NA;NA;NA;NA;NA;NA;NA;NA
52;"GO";5219209;"521920";"Santa Cruz de Goiás";"Não";"-";"Outros";NA;NA;NA;1;NA;NA;NA;1;NA;NA;NA;NA;1;NA;NA;NA;NA;NA;1;NA;NA;NA;NA;NA;NA
52;"GO";5219258;"521925";"Santa Fé de Goiás";"Não";"-";"Outros";NA;NA;NA;NA;NA;NA;NA;1;NA;NA;NA;1;NA;NA;NA;1;NA;1;NA;NA;1;NA;2;1;NA
52;"GO";5219308;"521930";"Santa Helena de Goiás";"Não";"-";"Outros";2;NA;NA;4;NA;5;4;1;6;4;5;2;8;9;11;8;2;3;2;3;7;3;2;2;NA
52;"GO";5219357;"521935";"Santa Isabel";"Não";"-";"Outros";NA;NA;NA;NA;NA;NA;NA;NA;NA;NA;NA;NA;NA;NA;NA;NA;NA;NA;NA;NA;NA;NA;NA;NA;NA
52;"GO";5219407;"521940";"Santa Rita do Araguaia";"Não";"-";"Outros";NA;NA;NA;NA;NA;NA;NA;NA;NA;NA;NA;NA;NA;NA;NA;NA;NA;NA;NA;NA;NA;NA;NA;NA;NA
52;"GO";5219456;"521945";"Santa Rita do Novo Destino";"Não";"-";"Outros";NA;NA;NA;NA;NA;NA;NA;NA;NA;NA;NA;NA;NA;NA;NA;NA;2;NA;NA;NA;NA;NA;1;NA;NA
52;"GO";5219506;"521950";"Santa Rosa de Goiás";"Não";"-";"Outros";NA;NA;NA;NA;NA;NA;NA;NA;NA;NA;NA;NA;NA;NA;NA;NA;NA;NA;NA;NA;NA;1;NA;NA;NA
52;"GO";5219605;"521960";"Santa Tereza de Goiás";"Não";"-";"Outros";NA;NA;NA;NA;NA;NA;NA;NA;NA;NA;1;NA;NA;NA;NA;NA;1;NA;1;NA;NA;1;1;1;NA
52;"GO";5219704;"521970";"Santa Terezinha de Goiás";"Não";"-";"Outros";2;NA;NA;NA;NA;NA;NA;NA;NA;NA;NA;NA;NA;NA;NA;NA;1;NA;NA;NA;NA;NA;NA;2;NA
52;"GO";5219712;"521971";"Santo Antônio da Barra";"Não";"-";"Outros";NA;NA;NA;NA;NA;1;NA;NA;NA;NA;1;NA;1;NA;NA;NA;NA;NA;NA;1;NA;NA;NA;NA;NA
52;"GO";5219738;"521973";"Santo Antônio de Goiás";"Não";"Região Metropolitana de Goiânia";"Outros";NA;NA;1;NA;NA;NA;NA;NA;NA;NA;NA;NA;NA;NA;NA;NA;NA;NA;NA;NA;NA;1;NA;NA;NA
52;"GO";5219753;"521975";"Santo Antônio do Descoberto";"Não";"Região Integrada de Desenvolvimento do Distrito Federal e Entorno";"Outros";8;3;1;1;4;2;1;1;1;1;1;1;3;1;5;1;1;1;8;6;1;6;NA;2;NA
52;"GO";5219803;"521980";"São Domingos";"Não";"-";"Outros";NA;NA;NA;1;NA;NA;NA;1;NA;NA;1;1;NA;1;NA;1;NA;1;1;NA;3;NA;NA;NA;NA
52;"GO";5219902;"521990";"São Francisco de Goiás";"Não";"-";"Outros";2;1;1;NA;NA;NA;NA;2;NA;NA;1;NA;1;1;2;2;2;3;NA;NA;NA;1;1;2;NA
52;"GO";5220009;"522000";"São João d'Aliança";"Não";"Região Integrada de Desenvolvimento do Distrito Federal e Entorno";"Outros";1;NA;NA;NA;1;NA;NA;NA;1;1;1;1;NA;NA;1;NA;2;NA;1;NA;NA;1;1;3;NA
52;"GO";5220058;"522005";"São João da Paraúna";"Não";"-";"Outros";NA;NA;NA;NA;NA;2;NA;NA;NA;NA;NA;NA;NA;NA;NA;2;NA;NA;NA;NA;NA;1;NA;NA;NA
52;"GO";5220108;"522010";"São Luís de Montes Belos";"Não";"-";"Outros";2;1;1;NA;NA;NA;NA;NA;2;NA;NA;NA;1;2;NA;NA;NA;1;NA;1;1;1;2;NA;NA
52;"GO";5220157;"522015";"São Luiz do Norte";"Não";"-";"Outros";1;NA;NA;NA;1;NA;NA;1;NA;NA;1;1;NA;NA;NA;NA;1;1;NA;NA;1;NA;NA;NA;NA
52;"GO";5220207;"522020";"São Miguel do Araguaia";"Não";"-";"Outros";1;NA;NA;NA;2;1;NA;NA;NA;1;1;NA;NA;4;3;NA;4;NA;2;NA;NA;1;3;1;NA
52;"GO";5220264;"522026";"São Miguel do Passa Quatro";"Não";"-";"Outros";NA;NA;NA;NA;NA;NA;NA;NA;NA;NA;NA;NA;2;NA;NA;NA;2;NA;1;1;NA;NA;1;1;NA
52;"GO";5220405;"522040";"São Simão";"Não";"-";"Outros";NA;NA;NA;NA;NA;NA;NA;NA;NA;2;NA;1;NA;NA;2;NA;NA;1;1;1;NA;NA;NA;1;NA
52;"GO";5220454;"522045";"Senador Canedo";"Não";"Região Metropolitana de Goiânia";"Outros";NA;NA;2;2;4;2;NA;NA;4;2;8;9;6;4;1;1;2;4;NA;1;NA;1;NA;NA;NA
52;"GO";5220504;"522050";"Serranópolis";"Não";"-";"Outros";NA;NA;NA;NA;NA;NA;NA;NA;NA;1;NA;1;NA;1;1;NA;NA;NA;NA;NA;NA;NA;NA;NA;NA
52;"GO";5220603;"522060";"Silvânia";"Não";"-";"Outros";2;2;NA;NA;2;NA;3;NA;1;NA;NA;1;3;NA;4;NA;NA;NA;NA;NA;2;3;3;4;NA
52;"GO";5220686;"522068";"Simolândia";"Não";"Região Integrada de Desenvolvimento do Distrito Federal e Entorno";"Outros";NA;NA;NA;NA;1;NA;1;NA;NA;NA;NA;NA;2;NA;2;NA;NA;NA;1;NA;1;1;NA;NA;NA
52;"GO";5220702;"522070";"Sítio d'Abadia";"Não";"-";"Outros";NA;NA;NA;NA;NA;NA;NA;NA;NA;NA;NA;NA;NA;NA;NA;4;NA;NA;NA;NA;NA;NA;NA;NA;NA
52;"GO";5221007;"522100";"Taquaral de Goiás";"Não";"-";"Outros";NA;NA;NA;NA;NA;NA;NA;NA;NA;NA;NA;NA;NA;NA;NA;NA;NA;NA;NA;NA;NA;1;NA;NA;NA
52;"GO";5221080;"522108";"Teresina de Goiás";"Não";"-";"Outros";1;2;NA;1;1;NA;NA;3;1;NA;NA;NA;1;NA;4;1;1;NA;2;1;NA;2;NA;1;NA
52;"GO";5221197;"522119";"Terezópolis de Goiás";"Não";"Região Metropolitana de Goiânia";"Outros";NA;NA;NA;NA;1;NA;NA;NA;NA;NA;NA;NA;2;NA;1;NA;1;1;NA;NA;NA;1;1;NA;NA
52;"GO";5221304;"522130";"Três Ranchos";"Não";"-";"Outros";NA;NA;NA;NA;NA;NA;NA;NA;NA;NA;NA;NA;1;NA;NA;NA;NA;NA;NA;NA;NA;NA;1;NA;NA
52;"GO";5221403;"522140";"Trindade";"Não";"Região Metropolitana de Goiânia";"Outros";3;NA;6;2;1;NA;3;1;NA;NA;NA;3;4;3;4;2;NA;NA;3;6;NA;NA;NA;2;NA
52;"GO";5221452;"522145";"Trombas";"Não";"-";"Outros";NA;NA;NA;NA;1;NA;NA;NA;NA;NA;NA;NA;NA;NA;1;1;NA;NA;NA;NA;NA;NA;1;NA;NA
52;"GO";5221502;"522150";"Turvânia";"Não";"-";"Outros";NA;NA;NA;NA;NA;3;NA;NA;NA;NA;NA;1;1;3;NA;NA;NA;NA;NA;NA;NA;3;7;1;NA
52;"GO";5221551;"522155";"Turvelândia";"Não";"-";"Outros";NA;NA;NA;NA;NA;NA;NA;NA;NA;NA;2;NA;NA;NA;NA;2;NA;1;NA;NA;NA;NA;NA;NA;NA
52;"GO";5221577;"522157";"Uirapuru";"Não";"-";"Outros";NA;NA;NA;NA;NA;NA;NA;NA;1;NA;NA;NA;NA;NA;NA;NA;NA;NA;NA;NA;NA;NA;NA;NA;NA
52;"GO";5221601;"522160";"Uruaçu";"Não";"-";"Outros";NA;1;NA;NA;NA;2;NA;1;2;1;NA;1;NA;2;NA;3;1;3;2;1;3;1;3;4;NA
52;"GO";5221700;"522170";"Uruana";"Não";"-";"Outros";NA;NA;NA;NA;NA;NA;NA;NA;1;NA;NA;1;NA;NA;NA;1;NA;NA;1;NA;NA;2;NA;NA;NA
52;"GO";5221809;"522180";"Urutaí";"Não";"-";"Outros";NA;NA;NA;4;NA;NA;NA;2;NA;1;NA;NA;NA;NA;NA;NA;NA;NA;NA;NA;NA;NA;NA;NA;NA
52;"GO";5221858;"522185";"Valparaíso de Goiás";"Não";"Região Integrada de Desenvolvimento do Distrito Federal e Entorno";"Outros";2;NA;2;NA;NA;NA;NA;1;2;5;3;3;2;NA;2;2;3;1;4;6;2;7;4;1;NA
52;"GO";5221908;"522190";"Varjão";"Não";"-";"Outros";NA;NA;NA;NA;NA;NA;NA;NA;1;NA;NA;1;2;NA;NA;NA;NA;NA;NA;NA;NA;NA;1;NA;NA
52;"GO";5222005;"522200";"Vianópolis";"Não";"-";"Outros";NA;2;NA;NA;NA;4;NA;NA;2;2;2;2;1;2;NA;2;NA;NA;1;1;5;1;NA;1;NA
52;"GO";5222054;"522205";"Vicentinópolis";"Não";"-";"Outros";NA;NA;NA;2;1;NA;NA;NA;NA;NA;NA;NA;NA;NA;1;NA;1;NA;NA;1;NA;NA;NA;NA;NA
52;"GO";5222203;"522220";"Vila Boa";"Não";"Região Integrada de Desenvolvimento do Distrito Federal e Entorno";"Outros";2;3;NA;NA;NA;1;NA;NA;NA;NA;2;4;3;NA;1;1;1;1;NA;NA;6;NA;NA;1;NA
52;"GO";5222302;"522230";"Vila Propício";"Não";"Região Integrada de Desenvolvimento do Distrito Federal e Entorno";"Outros";NA;NA;1;1;NA;1;NA;NA;2;1;1;NA;1;1;NA;NA;2;NA;2;1;1;1;2;2;NA
53;"DF";5300108;"530010";"Brasília";"Sim";"Região Integrada de Desenvolvimento do Distrito Federal e Entorno";"Outros";30;45;31;34;27;42;35;42;35;22;20;22;23;49;56;42;33;23;26;16;14;8;16;15;NA
